Dataset,Run,Method,Weight,Metric,Test_Metric,Spearman
678_visualizing_environmental,1,SVP,w0.1_0.4_0.3,MSE_Train,MSE_Test_Interpolation,0.36419437340153454
678_visualizing_environmental,1,SVP,w0.1_0.4_0.3,AIC_Train,MSE_Test_Interpolation,0.5406516318423552
678_visualizing_environmental,1,SVP,w0.1_0.4_0.3,BIC_Train,MSE_Test_Interpolation,0.7492030435373147
678_visualizing_environmental,1,SVP,w0.1_0.4_0.3,MDL_Train,MSE_Test_Interpolation,0.6371940080379978
678_visualizing_environmental,1,SVP,w0.1_0.4_0.3,PSM_Train,MSE_Test_Interpolation,0.5459261965655827
678_visualizing_environmental,1,SVP,w0.1_0.4_0.3,MSE_Train,MSE_Test_Extrapolation,0.1307270734380709
678_visualizing_environmental,1,SVP,w0.1_0.4_0.3,AIC_Train,MSE_Test_Extrapolation,0.404424592861161
678_visualizing_environmental,1,SVP,w0.1_0.4_0.3,BIC_Train,MSE_Test_Extrapolation,0.5408525836230704
678_visualizing_environmental,1,SVP,w0.1_0.4_0.3,MDL_Train,MSE_Test_Extrapolation,0.29623675557179396
678_visualizing_environmental,1,SVP,w0.1_0.4_0.3,PSM_Train,MSE_Test_Extrapolation,0.22521008403361345
678_visualizing_environmental,2,SVP,w0.1_0.4_0.3,MSE_Train,MSE_Test_Interpolation,0.15040322580645166
678_visualizing_environmental,2,SVP,w0.1_0.4_0.3,AIC_Train,MSE_Test_Interpolation,0.1217741935483871
678_visualizing_environmental,2,SVP,w0.1_0.4_0.3,BIC_Train,MSE_Test_Interpolation,0.0125
678_visualizing_environmental,2,SVP,w0.1_0.4_0.3,MDL_Train,MSE_Test_Interpolation,-0.15927419354838712
678_visualizing_environmental,2,SVP,w0.1_0.4_0.3,PSM_Train,MSE_Test_Interpolation,-0.1092741935483871
678_visualizing_environmental,2,SVP,w0.1_0.4_0.3,MSE_Train,MSE_Test_Extrapolation,0.09274193548387098
678_visualizing_environmental,2,SVP,w0.1_0.4_0.3,AIC_Train,MSE_Test_Extrapolation,0.08870967741935484
678_visualizing_environmental,2,SVP,w0.1_0.4_0.3,BIC_Train,MSE_Test_Extrapolation,0.1088709677419355
678_visualizing_environmental,2,SVP,w0.1_0.4_0.3,MDL_Train,MSE_Test_Extrapolation,-0.09516129032258065
678_visualizing_environmental,2,SVP,w0.1_0.4_0.3,PSM_Train,MSE_Test_Extrapolation,-0.12338709677419356
678_visualizing_environmental,3,SVP,w0.1_0.4_0.3,MSE_Train,MSE_Test_Interpolation,0.035767454288659004
678_visualizing_environmental,3,SVP,w0.1_0.4_0.3,AIC_Train,MSE_Test_Interpolation,-0.04523418712066266
678_visualizing_environmental,3,SVP,w0.1_0.4_0.3,BIC_Train,MSE_Test_Interpolation,-0.20716112531969308
678_visualizing_environmental,3,SVP,w0.1_0.4_0.3,MDL_Train,MSE_Test_Interpolation,-0.05172347978776196
678_visualizing_environmental,3,SVP,w0.1_0.4_0.3,PSM_Train,MSE_Test_Interpolation,0.12608313929075846
678_visualizing_environmental,3,SVP,w0.1_0.4_0.3,MSE_Train,MSE_Test_Extrapolation,0.6499217467648968
678_visualizing_environmental,3,SVP,w0.1_0.4_0.3,AIC_Train,MSE_Test_Extrapolation,0.44886819101423825
678_visualizing_environmental,3,SVP,w0.1_0.4_0.3,BIC_Train,MSE_Test_Extrapolation,-0.3876016337748597
678_visualizing_environmental,3,SVP,w0.1_0.4_0.3,MDL_Train,MSE_Test_Extrapolation,-0.6582051379928998
678_visualizing_environmental,3,SVP,w0.1_0.4_0.3,PSM_Train,MSE_Test_Extrapolation,0.014772683895102492
678_visualizing_environmental,4,SVP,w0.1_0.4_0.3,MSE_Train,MSE_Test_Interpolation,0.035767454288659004
678_visualizing_environmental,4,SVP,w0.1_0.4_0.3,AIC_Train,MSE_Test_Interpolation,-0.04523418712066266
678_visualizing_environmental,4,SVP,w0.1_0.4_0.3,BIC_Train,MSE_Test_Interpolation,-0.20716112531969308
678_visualizing_environmental,4,SVP,w0.1_0.4_0.3,MDL_Train,MSE_Test_Interpolation,-0.05172347978776196
678_visualizing_environmental,4,SVP,w0.1_0.4_0.3,PSM_Train,MSE_Test_Interpolation,0.12608313929075846
678_visualizing_environmental,4,SVP,w0.1_0.4_0.3,MSE_Train,MSE_Test_Extrapolation,0.6499217467648968
678_visualizing_environmental,4,SVP,w0.1_0.4_0.3,AIC_Train,MSE_Test_Extrapolation,0.44886819101423825
678_visualizing_environmental,4,SVP,w0.1_0.4_0.3,BIC_Train,MSE_Test_Extrapolation,-0.3876016337748597
678_visualizing_environmental,4,SVP,w0.1_0.4_0.3,MDL_Train,MSE_Test_Extrapolation,-0.6582051379928998
678_visualizing_environmental,4,SVP,w0.1_0.4_0.3,PSM_Train,MSE_Test_Extrapolation,0.014772683895102492
678_visualizing_environmental,5,SVP,w0.1_0.4_0.3,MSE_Train,MSE_Test_Interpolation,0.23776999914624775
678_visualizing_environmental,5,SVP,w0.1_0.4_0.3,AIC_Train,MSE_Test_Interpolation,0.5207888670707761
678_visualizing_environmental,5,SVP,w0.1_0.4_0.3,BIC_Train,MSE_Test_Interpolation,0.8112353794928712
678_visualizing_environmental,5,SVP,w0.1_0.4_0.3,MDL_Train,MSE_Test_Interpolation,0.9036113719798514
678_visualizing_environmental,5,SVP,w0.1_0.4_0.3,PSM_Train,MSE_Test_Interpolation,0.5288995133612225
678_visualizing_environmental,5,SVP,w0.1_0.4_0.3,MSE_Train,MSE_Test_Extrapolation,0.3908477759754119
678_visualizing_environmental,5,SVP,w0.1_0.4_0.3,AIC_Train,MSE_Test_Extrapolation,0.2694442072910442
678_visualizing_environmental,5,SVP,w0.1_0.4_0.3,BIC_Train,MSE_Test_Extrapolation,0.20037565098608381
678_visualizing_environmental,5,SVP,w0.1_0.4_0.3,MDL_Train,MSE_Test_Extrapolation,0.1630666780500299
678_visualizing_environmental,5,SVP,w0.1_0.4_0.3,PSM_Train,MSE_Test_Extrapolation,0.29736190557500214
678_visualizing_environmental,6,SVP,w0.1_0.4_0.3,MSE_Train,MSE_Test_Interpolation,-0.09365163304877742
678_visualizing_environmental,6,SVP,w0.1_0.4_0.3,AIC_Train,MSE_Test_Interpolation,0.08700360101735036
678_visualizing_environmental,6,SVP,w0.1_0.4_0.3,BIC_Train,MSE_Test_Interpolation,0.36269547480546954
678_visualizing_environmental,6,SVP,w0.1_0.4_0.3,MDL_Train,MSE_Test_Interpolation,0.6917730603611091
678_visualizing_environmental,6,SVP,w0.1_0.4_0.3,PSM_Train,MSE_Test_Interpolation,0.22374153257283877
678_visualizing_environmental,6,SVP,w0.1_0.4_0.3,MSE_Train,MSE_Test_Extrapolation,-0.4709274508322631
678_visualizing_environmental,6,SVP,w0.1_0.4_0.3,AIC_Train,MSE_Test_Extrapolation,-0.3002442648132759
678_visualizing_environmental,6,SVP,w0.1_0.4_0.3,BIC_Train,MSE_Test_Extrapolation,-0.14673516154214197
678_visualizing_environmental,6,SVP,w0.1_0.4_0.3,MDL_Train,MSE_Test_Extrapolation,0.0943567273551409
678_visualizing_environmental,6,SVP,w0.1_0.4_0.3,PSM_Train,MSE_Test_Extrapolation,-0.21704313666238575
678_visualizing_environmental,7,SVP,w0.1_0.4_0.3,MSE_Train,MSE_Test_Interpolation,0.2312634687524943
678_visualizing_environmental,7,SVP,w0.1_0.4_0.3,AIC_Train,MSE_Test_Interpolation,0.1673716976614255
678_visualizing_environmental,7,SVP,w0.1_0.4_0.3,BIC_Train,MSE_Test_Interpolation,0.5456141751137362
678_visualizing_environmental,7,SVP,w0.1_0.4_0.3,MDL_Train,MSE_Test_Interpolation,0.7839013488706202
678_visualizing_environmental,7,SVP,w0.1_0.4_0.3,PSM_Train,MSE_Test_Interpolation,0.5223082448718973
678_visualizing_environmental,7,SVP,w0.1_0.4_0.3,MSE_Train,MSE_Test_Extrapolation,0.05164019474818422
678_visualizing_environmental,7,SVP,w0.1_0.4_0.3,AIC_Train,MSE_Test_Extrapolation,0.09924974060180383
678_visualizing_environmental,7,SVP,w0.1_0.4_0.3,BIC_Train,MSE_Test_Extrapolation,0.4332348950434992
678_visualizing_environmental,7,SVP,w0.1_0.4_0.3,MDL_Train,MSE_Test_Extrapolation,0.34483997126666144
678_visualizing_environmental,7,SVP,w0.1_0.4_0.3,PSM_Train,MSE_Test_Extrapolation,0.23158272807087557
678_visualizing_environmental,8,SVP,w0.1_0.4_0.3,MSE_Train,MSE_Test_Interpolation,-0.46307409675443967
678_visualizing_environmental,8,SVP,w0.1_0.4_0.3,AIC_Train,MSE_Test_Interpolation,-0.10027119237162102
678_visualizing_environmental,8,SVP,w0.1_0.4_0.3,BIC_Train,MSE_Test_Interpolation,0.4230775960108477
678_visualizing_environmental,8,SVP,w0.1_0.4_0.3,MDL_Train,MSE_Test_Interpolation,0.5727757851456565
678_visualizing_environmental,8,SVP,w0.1_0.4_0.3,PSM_Train,MSE_Test_Interpolation,0.16185810515265503
678_visualizing_environmental,8,SVP,w0.1_0.4_0.3,MSE_Train,MSE_Test_Extrapolation,-0.5733356661709387
678_visualizing_environmental,8,SVP,w0.1_0.4_0.3,AIC_Train,MSE_Test_Extrapolation,-0.26480622867640624
678_visualizing_environmental,8,SVP,w0.1_0.4_0.3,BIC_Train,MSE_Test_Extrapolation,0.325518327355437
678_visualizing_environmental,8,SVP,w0.1_0.4_0.3,MDL_Train,MSE_Test_Extrapolation,0.4611495057300323
678_visualizing_environmental,8,SVP,w0.1_0.4_0.3,PSM_Train,MSE_Test_Extrapolation,0.007575890123348788
678_visualizing_environmental,9,SVP,w0.1_0.4_0.3,MSE_Train,MSE_Test_Interpolation,-0.7299953746530989
678_visualizing_environmental,9,SVP,w0.1_0.4_0.3,AIC_Train,MSE_Test_Interpolation,-0.46114708603145244
678_visualizing_environmental,9,SVP,w0.1_0.4_0.3,BIC_Train,MSE_Test_Interpolation,0.5701896392229417
678_visualizing_environmental,9,SVP,w0.1_0.4_0.3,MDL_Train,MSE_Test_Interpolation,0.7576318223866791
678_visualizing_environmental,9,SVP,w0.1_0.4_0.3,PSM_Train,MSE_Test_Interpolation,0.2346207215541166
678_visualizing_environmental,9,SVP,w0.1_0.4_0.3,MSE_Train,MSE_Test_Extrapolation,-0.25185013876040707
678_visualizing_environmental,9,SVP,w0.1_0.4_0.3,AIC_Train,MSE_Test_Extrapolation,-0.28977798334875116
678_visualizing_environmental,9,SVP,w0.1_0.4_0.3,BIC_Train,MSE_Test_Extrapolation,0.1778445883441258
678_visualizing_environmental,9,SVP,w0.1_0.4_0.3,MDL_Train,MSE_Test_Extrapolation,0.2790240518038853
678_visualizing_environmental,9,SVP,w0.1_0.4_0.3,PSM_Train,MSE_Test_Extrapolation,0.14743293246993525
678_visualizing_environmental,10,SVP,w0.1_0.4_0.3,MSE_Train,MSE_Test_Interpolation,-0.2875809435707678
678_visualizing_environmental,10,SVP,w0.1_0.4_0.3,AIC_Train,MSE_Test_Interpolation,-0.44611470860314517
678_visualizing_environmental,10,SVP,w0.1_0.4_0.3,BIC_Train,MSE_Test_Interpolation,0.29868177613321
678_visualizing_environmental,10,SVP,w0.1_0.4_0.3,MDL_Train,MSE_Test_Interpolation,0.2767113783533765
678_visualizing_environmental,10,SVP,w0.1_0.4_0.3,PSM_Train,MSE_Test_Interpolation,-0.06371415356151712
678_visualizing_environmental,10,SVP,w0.1_0.4_0.3,MSE_Train,MSE_Test_Extrapolation,-0.5958603145235892
678_visualizing_environmental,10,SVP,w0.1_0.4_0.3,AIC_Train,MSE_Test_Extrapolation,-0.03330249768732655
678_visualizing_environmental,10,SVP,w0.1_0.4_0.3,BIC_Train,MSE_Test_Extrapolation,0.5704209065679926
678_visualizing_environmental,10,SVP,w0.1_0.4_0.3,MDL_Train,MSE_Test_Extrapolation,0.5320305272895468
678_visualizing_environmental,10,SVP,w0.1_0.4_0.3,PSM_Train,MSE_Test_Extrapolation,0.024051803885291396
678_visualizing_environmental,11,SVP,w0.1_0.4_0.3,MSE_Train,MSE_Test_Interpolation,-0.8094658910629297
678_visualizing_environmental,11,SVP,w0.1_0.4_0.3,AIC_Train,MSE_Test_Interpolation,-0.5760444209413009
678_visualizing_environmental,11,SVP,w0.1_0.4_0.3,BIC_Train,MSE_Test_Interpolation,0.6317292437863563
678_visualizing_environmental,11,SVP,w0.1_0.4_0.3,MDL_Train,MSE_Test_Interpolation,0.8073506081438391
678_visualizing_environmental,11,SVP,w0.1_0.4_0.3,PSM_Train,MSE_Test_Interpolation,-0.0877313590692755
678_visualizing_environmental,11,SVP,w0.1_0.4_0.3,MSE_Train,MSE_Test_Extrapolation,-0.6593336858804864
678_visualizing_environmental,11,SVP,w0.1_0.4_0.3,AIC_Train,MSE_Test_Extrapolation,-0.5590692755156
678_visualizing_environmental,11,SVP,w0.1_0.4_0.3,BIC_Train,MSE_Test_Extrapolation,0.42580645161290315
678_visualizing_environmental,11,SVP,w0.1_0.4_0.3,MDL_Train,MSE_Test_Extrapolation,0.633685880486515
678_visualizing_environmental,11,SVP,w0.1_0.4_0.3,PSM_Train,MSE_Test_Extrapolation,-0.31544156530936013
678_visualizing_environmental,12,SVP,w0.1_0.4_0.3,MSE_Train,MSE_Test_Interpolation,-0.8072448439978847
678_visualizing_environmental,12,SVP,w0.1_0.4_0.3,AIC_Train,MSE_Test_Interpolation,-0.5993125330512955
678_visualizing_environmental,12,SVP,w0.1_0.4_0.3,BIC_Train,MSE_Test_Interpolation,0.6933368588048651
678_visualizing_environmental,12,SVP,w0.1_0.4_0.3,MDL_Train,MSE_Test_Interpolation,0.8071390798519301
678_visualizing_environmental,12,SVP,w0.1_0.4_0.3,PSM_Train,MSE_Test_Interpolation,0.12786885245901636
678_visualizing_environmental,12,SVP,w0.1_0.4_0.3,MSE_Train,MSE_Test_Extrapolation,0.07075621364357483
678_visualizing_environmental,12,SVP,w0.1_0.4_0.3,AIC_Train,MSE_Test_Extrapolation,0.18196721311475408
678_visualizing_environmental,12,SVP,w0.1_0.4_0.3,BIC_Train,MSE_Test_Extrapolation,0.27281861448968797
678_visualizing_environmental,12,SVP,w0.1_0.4_0.3,MDL_Train,MSE_Test_Extrapolation,-0.08619777895293496
678_visualizing_environmental,12,SVP,w0.1_0.4_0.3,PSM_Train,MSE_Test_Extrapolation,0.008143839238498147
678_visualizing_environmental,13,SVP,w0.1_0.4_0.3,MSE_Train,MSE_Test_Interpolation,-0.2537351660548109
678_visualizing_environmental,13,SVP,w0.1_0.4_0.3,AIC_Train,MSE_Test_Interpolation,-0.7566806112866046
678_visualizing_environmental,13,SVP,w0.1_0.4_0.3,BIC_Train,MSE_Test_Interpolation,-0.00648851703235721
678_visualizing_environmental,13,SVP,w0.1_0.4_0.3,MDL_Train,MSE_Test_Interpolation,0.2531375394860411
678_visualizing_environmental,13,SVP,w0.1_0.4_0.3,PSM_Train,MSE_Test_Interpolation,-0.04234611115854178
678_visualizing_environmental,13,SVP,w0.1_0.4_0.3,MSE_Train,MSE_Test_Extrapolation,0.1739093315119952
678_visualizing_environmental,13,SVP,w0.1_0.4_0.3,AIC_Train,MSE_Test_Extrapolation,-0.4151797148467514
678_visualizing_environmental,13,SVP,w0.1_0.4_0.3,BIC_Train,MSE_Test_Extrapolation,-0.21215743191325875
678_visualizing_environmental,13,SVP,w0.1_0.4_0.3,MDL_Train,MSE_Test_Extrapolation,-0.17057969777170667
678_visualizing_environmental,13,SVP,w0.1_0.4_0.3,PSM_Train,MSE_Test_Extrapolation,-0.006317766584137283
678_visualizing_environmental,14,SVP,w0.1_0.4_0.3,MSE_Train,MSE_Test_Interpolation,-0.9035136404388848
678_visualizing_environmental,14,SVP,w0.1_0.4_0.3,AIC_Train,MSE_Test_Interpolation,-0.7004504025332665
678_visualizing_environmental,14,SVP,w0.1_0.4_0.3,BIC_Train,MSE_Test_Interpolation,0.758469059023954
678_visualizing_environmental,14,SVP,w0.1_0.4_0.3,MDL_Train,MSE_Test_Interpolation,0.8651567871845339
678_visualizing_environmental,14,SVP,w0.1_0.4_0.3,PSM_Train,MSE_Test_Interpolation,-0.002476040048620712
678_visualizing_environmental,14,SVP,w0.1_0.4_0.3,MSE_Train,MSE_Test_Extrapolation,0.6818366172279393
678_visualizing_environmental,14,SVP,w0.1_0.4_0.3,AIC_Train,MSE_Test_Extrapolation,0.805754781420765
678_visualizing_environmental,14,SVP,w0.1_0.4_0.3,BIC_Train,MSE_Test_Extrapolation,-0.33768784153005466
678_visualizing_environmental,14,SVP,w0.1_0.4_0.3,MDL_Train,MSE_Test_Extrapolation,-0.5489241803278689
678_visualizing_environmental,14,SVP,w0.1_0.4_0.3,PSM_Train,MSE_Test_Extrapolation,0.019637139825790788
678_visualizing_environmental,15,SVP,w0.1_0.4_0.3,MSE_Train,MSE_Test_Interpolation,-0.6822918654807801
678_visualizing_environmental,15,SVP,w0.1_0.4_0.3,AIC_Train,MSE_Test_Interpolation,-0.6957675242628217
678_visualizing_environmental,15,SVP,w0.1_0.4_0.3,BIC_Train,MSE_Test_Interpolation,-0.5610917595466538
678_visualizing_environmental,15,SVP,w0.1_0.4_0.3,MDL_Train,MSE_Test_Interpolation,0.6742885501199571
678_visualizing_environmental,15,SVP,w0.1_0.4_0.3,PSM_Train,MSE_Test_Interpolation,-0.09333129747681031
678_visualizing_environmental,15,SVP,w0.1_0.4_0.3,MSE_Train,MSE_Test_Extrapolation,-0.6383173645837309
678_visualizing_environmental,15,SVP,w0.1_0.4_0.3,AIC_Train,MSE_Test_Extrapolation,-0.6312926471070374
678_visualizing_environmental,15,SVP,w0.1_0.4_0.3,BIC_Train,MSE_Test_Extrapolation,-0.41171923479201517
678_visualizing_environmental,15,SVP,w0.1_0.4_0.3,MDL_Train,MSE_Test_Extrapolation,0.6374515680736618
678_visualizing_environmental,15,SVP,w0.1_0.4_0.3,PSM_Train,MSE_Test_Extrapolation,0.035767454288659004
678_visualizing_environmental,16,SVP,w0.1_0.4_0.3,MSE_Train,MSE_Test_Interpolation,-0.11243917015282165
678_visualizing_environmental,16,SVP,w0.1_0.4_0.3,AIC_Train,MSE_Test_Interpolation,-0.15452915563903355
678_visualizing_environmental,16,SVP,w0.1_0.4_0.3,BIC_Train,MSE_Test_Interpolation,-0.057030649705455475
678_visualizing_environmental,16,SVP,w0.1_0.4_0.3,MDL_Train,MSE_Test_Interpolation,-0.08349696917954409
678_visualizing_environmental,16,SVP,w0.1_0.4_0.3,PSM_Train,MSE_Test_Interpolation,-0.17254332792623578
678_visualizing_environmental,16,SVP,w0.1_0.4_0.3,MSE_Train,MSE_Test_Extrapolation,0.039955604883462816
678_visualizing_environmental,16,SVP,w0.1_0.4_0.3,AIC_Train,MSE_Test_Extrapolation,0.4268761205498164
678_visualizing_environmental,16,SVP,w0.1_0.4_0.3,BIC_Train,MSE_Test_Extrapolation,0.5720993767608639
678_visualizing_environmental,16,SVP,w0.1_0.4_0.3,MDL_Train,MSE_Test_Extrapolation,0.18219072825066165
678_visualizing_environmental,16,SVP,w0.1_0.4_0.3,PSM_Train,MSE_Test_Extrapolation,0.21224280713736873
678_visualizing_environmental,17,SVP,w0.1_0.4_0.3,MSE_Train,MSE_Test_Interpolation,-0.9147012162876783
678_visualizing_environmental,17,SVP,w0.1_0.4_0.3,AIC_Train,MSE_Test_Interpolation,-0.7711263881544155
678_visualizing_environmental,17,SVP,w0.1_0.4_0.3,BIC_Train,MSE_Test_Interpolation,0.4795346377578001
678_visualizing_environmental,17,SVP,w0.1_0.4_0.3,MDL_Train,MSE_Test_Interpolation,0.912585933368588
678_visualizing_environmental,17,SVP,w0.1_0.4_0.3,PSM_Train,MSE_Test_Interpolation,-0.07429931253305129
678_visualizing_environmental,17,SVP,w0.1_0.4_0.3,MSE_Train,MSE_Test_Extrapolation,0.8944473823373874
678_visualizing_environmental,17,SVP,w0.1_0.4_0.3,AIC_Train,MSE_Test_Extrapolation,0.7015335801163405
678_visualizing_environmental,17,SVP,w0.1_0.4_0.3,BIC_Train,MSE_Test_Extrapolation,-0.5283447911158116
678_visualizing_environmental,17,SVP,w0.1_0.4_0.3,MDL_Train,MSE_Test_Extrapolation,-0.9041248016922262
678_visualizing_environmental,17,SVP,w0.1_0.4_0.3,PSM_Train,MSE_Test_Extrapolation,0.0889476467477525
678_visualizing_environmental,18,SVP,w0.1_0.4_0.3,MSE_Train,MSE_Test_Interpolation,-0.662816847722508
678_visualizing_environmental,18,SVP,w0.1_0.4_0.3,AIC_Train,MSE_Test_Interpolation,-0.5438155136268343
678_visualizing_environmental,18,SVP,w0.1_0.4_0.3,BIC_Train,MSE_Test_Interpolation,0.4731465599390127
678_visualizing_environmental,18,SVP,w0.1_0.4_0.3,MDL_Train,MSE_Test_Interpolation,0.9063846007242232
678_visualizing_environmental,18,SVP,w0.1_0.4_0.3,PSM_Train,MSE_Test_Interpolation,0.3957690108633504
678_visualizing_environmental,18,SVP,w0.1_0.4_0.3,MSE_Train,MSE_Test_Extrapolation,-0.3708404802744425
678_visualizing_environmental,18,SVP,w0.1_0.4_0.3,AIC_Train,MSE_Test_Extrapolation,-0.27989327234610245
678_visualizing_environmental,18,SVP,w0.1_0.4_0.3,BIC_Train,MSE_Test_Extrapolation,0.5701924909472078
678_visualizing_environmental,18,SVP,w0.1_0.4_0.3,MDL_Train,MSE_Test_Extrapolation,0.5260529826567562
678_visualizing_environmental,18,SVP,w0.1_0.4_0.3,PSM_Train,MSE_Test_Extrapolation,0.046388412426148266
678_visualizing_environmental,19,SVP,w0.1_0.4_0.3,MSE_Train,MSE_Test_Interpolation,-0.6807881773399013
678_visualizing_environmental,19,SVP,w0.1_0.4_0.3,AIC_Train,MSE_Test_Interpolation,-0.5812807881773397
678_visualizing_environmental,19,SVP,w0.1_0.4_0.3,BIC_Train,MSE_Test_Interpolation,0.7226600985221673
678_visualizing_environmental,19,SVP,w0.1_0.4_0.3,MDL_Train,MSE_Test_Interpolation,0.6773399014778324
678_visualizing_environmental,19,SVP,w0.1_0.4_0.3,PSM_Train,MSE_Test_Interpolation,0.44975369458128067
678_visualizing_environmental,19,SVP,w0.1_0.4_0.3,MSE_Train,MSE_Test_Extrapolation,-0.13793103448275862
678_visualizing_environmental,19,SVP,w0.1_0.4_0.3,AIC_Train,MSE_Test_Extrapolation,0.012807881773399012
678_visualizing_environmental,19,SVP,w0.1_0.4_0.3,BIC_Train,MSE_Test_Extrapolation,0.7004926108374382
678_visualizing_environmental,19,SVP,w0.1_0.4_0.3,MDL_Train,MSE_Test_Extrapolation,0.13546798029556648
678_visualizing_environmental,19,SVP,w0.1_0.4_0.3,PSM_Train,MSE_Test_Extrapolation,0.21527093596059108
678_visualizing_environmental,20,SVP,w0.1_0.4_0.3,MSE_Train,MSE_Test_Interpolation,-0.1710603217570519
678_visualizing_environmental,20,SVP,w0.1_0.4_0.3,AIC_Train,MSE_Test_Interpolation,-0.20028299855424653
678_visualizing_environmental,20,SVP,w0.1_0.4_0.3,BIC_Train,MSE_Test_Interpolation,0.017748931065243473
678_visualizing_environmental,20,SVP,w0.1_0.4_0.3,MDL_Train,MSE_Test_Interpolation,0.16847642191393153
678_visualizing_environmental,20,SVP,w0.1_0.4_0.3,PSM_Train,MSE_Test_Interpolation,0.17598203574394783
678_visualizing_environmental,20,SVP,w0.1_0.4_0.3,MSE_Train,MSE_Test_Extrapolation,-0.6851333476883326
678_visualizing_environmental,20,SVP,w0.1_0.4_0.3,AIC_Train,MSE_Test_Extrapolation,0.23055153957365654
678_visualizing_environmental,20,SVP,w0.1_0.4_0.3,BIC_Train,MSE_Test_Extrapolation,0.7807991633086222
678_visualizing_environmental,20,SVP,w0.1_0.4_0.3,MDL_Train,MSE_Test_Extrapolation,0.6720908056230582
678_visualizing_environmental,20,SVP,w0.1_0.4_0.3,PSM_Train,MSE_Test_Extrapolation,-0.3102217847365345
678_visualizing_environmental,21,SVP,w0.1_0.4_0.3,MSE_Train,MSE_Test_Interpolation,-0.6015246807699637
678_visualizing_environmental,21,SVP,w0.1_0.4_0.3,AIC_Train,MSE_Test_Interpolation,-0.36016771488469596
678_visualizing_environmental,21,SVP,w0.1_0.4_0.3,BIC_Train,MSE_Test_Interpolation,0.5689727463312368
678_visualizing_environmental,21,SVP,w0.1_0.4_0.3,MDL_Train,MSE_Test_Interpolation,0.5905469792262245
678_visualizing_environmental,21,SVP,w0.1_0.4_0.3,PSM_Train,MSE_Test_Interpolation,0.06567562416619019
678_visualizing_environmental,21,SVP,w0.1_0.4_0.3,MSE_Train,MSE_Test_Extrapolation,-0.04852296550409758
678_visualizing_environmental,21,SVP,w0.1_0.4_0.3,AIC_Train,MSE_Test_Extrapolation,0.0005717552887364207
678_visualizing_environmental,21,SVP,w0.1_0.4_0.3,BIC_Train,MSE_Test_Extrapolation,0.13032208881265486
678_visualizing_environmental,21,SVP,w0.1_0.4_0.3,MDL_Train,MSE_Test_Extrapolation,0.03685915761387459
678_visualizing_environmental,21,SVP,w0.1_0.4_0.3,PSM_Train,MSE_Test_Extrapolation,0.09075662283209451
678_visualizing_environmental,22,SVP,w0.1_0.4_0.3,MSE_Train,MSE_Test_Interpolation,-0.447694676282311
678_visualizing_environmental,22,SVP,w0.1_0.4_0.3,AIC_Train,MSE_Test_Interpolation,0.12227534235475246
678_visualizing_environmental,22,SVP,w0.1_0.4_0.3,BIC_Train,MSE_Test_Interpolation,0.44591200064824565
678_visualizing_environmental,22,SVP,w0.1_0.4_0.3,MDL_Train,MSE_Test_Interpolation,0.4483429219674257
678_visualizing_environmental,22,SVP,w0.1_0.4_0.3,PSM_Train,MSE_Test_Interpolation,0.15274288955514143
678_visualizing_environmental,22,SVP,w0.1_0.4_0.3,MSE_Train,MSE_Test_Extrapolation,-0.0606920022688599
678_visualizing_environmental,22,SVP,w0.1_0.4_0.3,AIC_Train,MSE_Test_Extrapolation,-0.15128433676363343
678_visualizing_environmental,22,SVP,w0.1_0.4_0.3,BIC_Train,MSE_Test_Extrapolation,0.026821165221618995
678_visualizing_environmental,22,SVP,w0.1_0.4_0.3,MDL_Train,MSE_Test_Extrapolation,0.07543959160521838
678_visualizing_environmental,22,SVP,w0.1_0.4_0.3,PSM_Train,MSE_Test_Extrapolation,0.31464224941252733
678_visualizing_environmental,23,SVP,w0.1_0.4_0.3,MSE_Train,MSE_Test_Interpolation,-0.4977732793522267
678_visualizing_environmental,23,SVP,w0.1_0.4_0.3,AIC_Train,MSE_Test_Interpolation,-0.45789473684210524
678_visualizing_environmental,23,SVP,w0.1_0.4_0.3,BIC_Train,MSE_Test_Interpolation,-0.2676113360323887
678_visualizing_environmental,23,SVP,w0.1_0.4_0.3,MDL_Train,MSE_Test_Interpolation,0.5222672064777328
678_visualizing_environmental,23,SVP,w0.1_0.4_0.3,PSM_Train,MSE_Test_Interpolation,-0.22955465587044535
678_visualizing_environmental,23,SVP,w0.1_0.4_0.3,MSE_Train,MSE_Test_Extrapolation,-0.39757085020242916
678_visualizing_environmental,23,SVP,w0.1_0.4_0.3,AIC_Train,MSE_Test_Extrapolation,-0.3672064777327936
678_visualizing_environmental,23,SVP,w0.1_0.4_0.3,BIC_Train,MSE_Test_Extrapolation,0.3317813765182186
678_visualizing_environmental,23,SVP,w0.1_0.4_0.3,MDL_Train,MSE_Test_Extrapolation,0.4058704453441296
678_visualizing_environmental,23,SVP,w0.1_0.4_0.3,PSM_Train,MSE_Test_Extrapolation,0.1467611336032389
678_visualizing_environmental,24,SVP,w0.1_0.4_0.3,MSE_Train,MSE_Test_Interpolation,-0.5065851625451516
678_visualizing_environmental,24,SVP,w0.1_0.4_0.3,AIC_Train,MSE_Test_Interpolation,-0.3681022506251737
678_visualizing_environmental,24,SVP,w0.1_0.4_0.3,BIC_Train,MSE_Test_Interpolation,0.5399277577104753
678_visualizing_environmental,24,SVP,w0.1_0.4_0.3,MDL_Train,MSE_Test_Interpolation,0.6313976104473465
678_visualizing_environmental,24,SVP,w0.1_0.4_0.3,PSM_Train,MSE_Test_Interpolation,0.24973603778827452
678_visualizing_environmental,24,SVP,w0.1_0.4_0.3,MSE_Train,MSE_Test_Extrapolation,-0.438232842456238
678_visualizing_environmental,24,SVP,w0.1_0.4_0.3,AIC_Train,MSE_Test_Extrapolation,-0.2530147263128647
678_visualizing_environmental,24,SVP,w0.1_0.4_0.3,BIC_Train,MSE_Test_Extrapolation,0.5034176160044458
678_visualizing_environmental,24,SVP,w0.1_0.4_0.3,MDL_Train,MSE_Test_Extrapolation,0.6118366212836901
678_visualizing_environmental,24,SVP,w0.1_0.4_0.3,PSM_Train,MSE_Test_Extrapolation,0.22611836621283696
678_visualizing_environmental,25,SVP,w0.1_0.4_0.3,MSE_Train,MSE_Test_Interpolation,-0.3927260309058311
678_visualizing_environmental,25,SVP,w0.1_0.4_0.3,AIC_Train,MSE_Test_Interpolation,-0.4429266626824895
678_visualizing_environmental,25,SVP,w0.1_0.4_0.3,BIC_Train,MSE_Test_Interpolation,0.21915820029027575
678_visualizing_environmental,25,SVP,w0.1_0.4_0.3,MDL_Train,MSE_Test_Interpolation,0.4492444292666268
678_visualizing_environmental,25,SVP,w0.1_0.4_0.3,PSM_Train,MSE_Test_Interpolation,0.12661145735507554
678_visualizing_environmental,25,SVP,w0.1_0.4_0.3,MSE_Train,MSE_Test_Extrapolation,0.4435242892512593
678_visualizing_environmental,25,SVP,w0.1_0.4_0.3,AIC_Train,MSE_Test_Extrapolation,0.27354221804832235
678_visualizing_environmental,25,SVP,w0.1_0.4_0.3,BIC_Train,MSE_Test_Extrapolation,-0.3099974387432767
678_visualizing_environmental,25,SVP,w0.1_0.4_0.3,MDL_Train,MSE_Test_Extrapolation,-0.3513190472124989
678_visualizing_environmental,25,SVP,w0.1_0.4_0.3,PSM_Train,MSE_Test_Extrapolation,0.09724238026124818
678_visualizing_environmental,26,SVP,w0.1_0.4_0.3,MSE_Train,MSE_Test_Interpolation,-0.06599214738749622
678_visualizing_environmental,26,SVP,w0.1_0.4_0.3,AIC_Train,MSE_Test_Interpolation,0.5321655089096949
678_visualizing_environmental,26,SVP,w0.1_0.4_0.3,BIC_Train,MSE_Test_Interpolation,0.7086982784657203
678_visualizing_environmental,26,SVP,w0.1_0.4_0.3,MDL_Train,MSE_Test_Interpolation,0.8891573542736333
678_visualizing_environmental,26,SVP,w0.1_0.4_0.3,PSM_Train,MSE_Test_Interpolation,0.14829356689821804
678_visualizing_environmental,26,SVP,w0.1_0.4_0.3,MSE_Train,MSE_Test_Extrapolation,0.1055572334642102
678_visualizing_environmental,26,SVP,w0.1_0.4_0.3,AIC_Train,MSE_Test_Extrapolation,0.20749018423437032
678_visualizing_environmental,26,SVP,w0.1_0.4_0.3,BIC_Train,MSE_Test_Extrapolation,0.20280881908788886
678_visualizing_environmental,26,SVP,w0.1_0.4_0.3,MDL_Train,MSE_Test_Extrapolation,0.10570824524312894
678_visualizing_environmental,26,SVP,w0.1_0.4_0.3,PSM_Train,MSE_Test_Extrapolation,0.06448202959830866
678_visualizing_environmental,27,SVP,w0.1_0.4_0.3,MSE_Train,MSE_Test_Interpolation,-0.2725944952280224
678_visualizing_environmental,27,SVP,w0.1_0.4_0.3,AIC_Train,MSE_Test_Interpolation,-0.08468686258215609
678_visualizing_environmental,27,SVP,w0.1_0.4_0.3,BIC_Train,MSE_Test_Interpolation,0.46261741079297924
678_visualizing_environmental,27,SVP,w0.1_0.4_0.3,MDL_Train,MSE_Test_Interpolation,0.27924252725944954
678_visualizing_environmental,27,SVP,w0.1_0.4_0.3,PSM_Train,MSE_Test_Interpolation,-0.054367807408526606
678_visualizing_environmental,27,SVP,w0.1_0.4_0.3,MSE_Train,MSE_Test_Extrapolation,0.3736748004331294
678_visualizing_environmental,27,SVP,w0.1_0.4_0.3,AIC_Train,MSE_Test_Extrapolation,0.16184432524993075
678_visualizing_environmental,27,SVP,w0.1_0.4_0.3,BIC_Train,MSE_Test_Extrapolation,-0.4380902017073355
678_visualizing_environmental,27,SVP,w0.1_0.4_0.3,MDL_Train,MSE_Test_Extrapolation,-0.3318224169625545
678_visualizing_environmental,27,SVP,w0.1_0.4_0.3,PSM_Train,MSE_Test_Extrapolation,0.19694794893102666
678_visualizing_environmental,28,SVP,w0.1_0.4_0.3,MSE_Train,MSE_Test_Interpolation,-0.42692036645525017
678_visualizing_environmental,28,SVP,w0.1_0.4_0.3,AIC_Train,MSE_Test_Interpolation,-0.10303030303030303
678_visualizing_environmental,28,SVP,w0.1_0.4_0.3,BIC_Train,MSE_Test_Interpolation,0.13136011275546158
678_visualizing_environmental,28,SVP,w0.1_0.4_0.3,MDL_Train,MSE_Test_Interpolation,0.4290345313601127
678_visualizing_environmental,28,SVP,w0.1_0.4_0.3,PSM_Train,MSE_Test_Interpolation,0.0009866102889358704
678_visualizing_environmental,28,SVP,w0.1_0.4_0.3,MSE_Train,MSE_Test_Extrapolation,0.5112050739957716
678_visualizing_environmental,28,SVP,w0.1_0.4_0.3,AIC_Train,MSE_Test_Extrapolation,-0.09541930937279773
678_visualizing_environmental,28,SVP,w0.1_0.4_0.3,BIC_Train,MSE_Test_Extrapolation,-0.3764622973925299
678_visualizing_environmental,28,SVP,w0.1_0.4_0.3,MDL_Train,MSE_Test_Extrapolation,-0.5052854122621564
678_visualizing_environmental,28,SVP,w0.1_0.4_0.3,PSM_Train,MSE_Test_Extrapolation,-0.04622973925299507
678_visualizing_environmental,29,SVP,w0.1_0.4_0.3,MSE_Train,MSE_Test_Interpolation,-0.7935125657510229
678_visualizing_environmental,29,SVP,w0.1_0.4_0.3,AIC_Train,MSE_Test_Interpolation,-0.7196960841613093
678_visualizing_environmental,29,SVP,w0.1_0.4_0.3,BIC_Train,MSE_Test_Interpolation,0.5927527761542959
678_visualizing_environmental,29,SVP,w0.1_0.4_0.3,MDL_Train,MSE_Test_Interpolation,0.795032144944477
678_visualizing_environmental,29,SVP,w0.1_0.4_0.3,PSM_Train,MSE_Test_Interpolation,-0.3719462302746932
678_visualizing_environmental,29,SVP,w0.1_0.4_0.3,MSE_Train,MSE_Test_Extrapolation,-0.0060783167738164825
678_visualizing_environmental,29,SVP,w0.1_0.4_0.3,AIC_Train,MSE_Test_Extrapolation,0.06288720046756284
678_visualizing_environmental,29,SVP,w0.1_0.4_0.3,BIC_Train,MSE_Test_Extrapolation,0.30590298071303335
678_visualizing_environmental,29,SVP,w0.1_0.4_0.3,MDL_Train,MSE_Test_Extrapolation,0.010695499707773233
678_visualizing_environmental,29,SVP,w0.1_0.4_0.3,PSM_Train,MSE_Test_Extrapolation,-0.14582115721800118
678_visualizing_environmental,30,SVP,w0.1_0.4_0.3,MSE_Train,MSE_Test_Interpolation,-0.48241758241758237
678_visualizing_environmental,30,SVP,w0.1_0.4_0.3,AIC_Train,MSE_Test_Interpolation,-0.3240384615384615
678_visualizing_environmental,30,SVP,w0.1_0.4_0.3,BIC_Train,MSE_Test_Interpolation,0.54757326007326
678_visualizing_environmental,30,SVP,w0.1_0.4_0.3,MDL_Train,MSE_Test_Interpolation,0.594139194139194
678_visualizing_environmental,30,SVP,w0.1_0.4_0.3,PSM_Train,MSE_Test_Interpolation,0.24079670329670327
678_visualizing_environmental,30,SVP,w0.1_0.4_0.3,MSE_Train,MSE_Test_Extrapolation,-0.3639652014652014
678_visualizing_environmental,30,SVP,w0.1_0.4_0.3,AIC_Train,MSE_Test_Extrapolation,-0.2824633699633699
678_visualizing_environmental,30,SVP,w0.1_0.4_0.3,BIC_Train,MSE_Test_Extrapolation,0.3169413919413919
678_visualizing_environmental,30,SVP,w0.1_0.4_0.3,MDL_Train,MSE_Test_Extrapolation,0.36945970695970687
678_visualizing_environmental,30,SVP,w0.1_0.4_0.3,PSM_Train,MSE_Test_Extrapolation,0.14468864468864467
