Dataset,Run,Method,Weight,Metric,Test_Metric,Spearman
678_visualizing_environmental,1,MVP,w0.1_0.9_0.2,MSE_Train,MSE_Test_Interpolation,0.22564852027767635
678_visualizing_environmental,1,MVP,w0.1_0.9_0.2,AIC_Train,MSE_Test_Interpolation,0.48867373036170997
678_visualizing_environmental,1,MVP,w0.1_0.9_0.2,BIC_Train,MSE_Test_Interpolation,0.7543660942637925
678_visualizing_environmental,1,MVP,w0.1_0.9_0.2,MDL_Train,MSE_Test_Interpolation,0.6415783704786263
678_visualizing_environmental,1,MVP,w0.1_0.9_0.2,PSM_Train,MSE_Test_Interpolation,0.5354402630617464
678_visualizing_environmental,1,MVP,w0.1_0.9_0.2,MSE_Train,MSE_Test_Extrapolation,-0.20822067957617835
678_visualizing_environmental,1,MVP,w0.1_0.9_0.2,AIC_Train,MSE_Test_Extrapolation,0.12170259408111073
678_visualizing_environmental,1,MVP,w0.1_0.9_0.2,BIC_Train,MSE_Test_Extrapolation,0.4972963098282792
678_visualizing_environmental,1,MVP,w0.1_0.9_0.2,MDL_Train,MSE_Test_Extrapolation,0.25940811107051515
678_visualizing_environmental,1,MVP,w0.1_0.9_0.2,PSM_Train,MSE_Test_Extrapolation,0.08878333942272562
678_visualizing_environmental,2,MVP,w0.1_0.9_0.2,MSE_Train,MSE_Test_Interpolation,0.08306451612903226
678_visualizing_environmental,2,MVP,w0.1_0.9_0.2,AIC_Train,MSE_Test_Interpolation,0.08830645161290324
678_visualizing_environmental,2,MVP,w0.1_0.9_0.2,BIC_Train,MSE_Test_Interpolation,-0.2846774193548387
678_visualizing_environmental,2,MVP,w0.1_0.9_0.2,MDL_Train,MSE_Test_Interpolation,-0.1616935483870968
678_visualizing_environmental,2,MVP,w0.1_0.9_0.2,PSM_Train,MSE_Test_Interpolation,-0.1774193548387097
678_visualizing_environmental,2,MVP,w0.1_0.9_0.2,MSE_Train,MSE_Test_Extrapolation,0.20927419354838714
678_visualizing_environmental,2,MVP,w0.1_0.9_0.2,AIC_Train,MSE_Test_Extrapolation,0.1306451612903226
678_visualizing_environmental,2,MVP,w0.1_0.9_0.2,BIC_Train,MSE_Test_Extrapolation,0.42338709677419356
678_visualizing_environmental,2,MVP,w0.1_0.9_0.2,MDL_Train,MSE_Test_Extrapolation,-0.08548387096774195
678_visualizing_environmental,2,MVP,w0.1_0.9_0.2,PSM_Train,MSE_Test_Extrapolation,-0.034677419354838715
678_visualizing_environmental,3,MVP,w0.1_0.9_0.2,MSE_Train,MSE_Test_Interpolation,0.03084322632362484
678_visualizing_environmental,3,MVP,w0.1_0.9_0.2,AIC_Train,MSE_Test_Interpolation,-0.043707294728404004
678_visualizing_environmental,3,MVP,w0.1_0.9_0.2,BIC_Train,MSE_Test_Interpolation,-0.19666374012291482
678_visualizing_environmental,3,MVP,w0.1_0.9_0.2,MDL_Train,MSE_Test_Interpolation,-0.0501965873955033
678_visualizing_environmental,3,MVP,w0.1_0.9_0.2,PSM_Train,MSE_Test_Interpolation,0.12238042523953124
678_visualizing_environmental,3,MVP,w0.1_0.9_0.2,MSE_Train,MSE_Test_Extrapolation,0.6311027980303087
678_visualizing_environmental,3,MVP,w0.1_0.9_0.2,AIC_Train,MSE_Test_Extrapolation,0.37080581746001445
678_visualizing_environmental,3,MVP,w0.1_0.9_0.2,BIC_Train,MSE_Test_Extrapolation,-0.4311180669542314
678_visualizing_environmental,3,MVP,w0.1_0.9_0.2,MDL_Train,MSE_Test_Extrapolation,-0.6583196549223193
678_visualizing_environmental,3,MVP,w0.1_0.9_0.2,PSM_Train,MSE_Test_Extrapolation,-0.08069626293086994
678_visualizing_environmental,4,MVP,w0.1_0.9_0.2,MSE_Train,MSE_Test_Interpolation,0.03084322632362484
678_visualizing_environmental,4,MVP,w0.1_0.9_0.2,AIC_Train,MSE_Test_Interpolation,-0.043707294728404004
678_visualizing_environmental,4,MVP,w0.1_0.9_0.2,BIC_Train,MSE_Test_Interpolation,-0.19666374012291482
678_visualizing_environmental,4,MVP,w0.1_0.9_0.2,MDL_Train,MSE_Test_Interpolation,-0.0501965873955033
678_visualizing_environmental,4,MVP,w0.1_0.9_0.2,PSM_Train,MSE_Test_Interpolation,0.12238042523953124
678_visualizing_environmental,4,MVP,w0.1_0.9_0.2,MSE_Train,MSE_Test_Extrapolation,0.6311027980303087
678_visualizing_environmental,4,MVP,w0.1_0.9_0.2,AIC_Train,MSE_Test_Extrapolation,0.37080581746001445
678_visualizing_environmental,4,MVP,w0.1_0.9_0.2,BIC_Train,MSE_Test_Extrapolation,-0.4311180669542314
678_visualizing_environmental,4,MVP,w0.1_0.9_0.2,MDL_Train,MSE_Test_Extrapolation,-0.6583196549223193
678_visualizing_environmental,4,MVP,w0.1_0.9_0.2,PSM_Train,MSE_Test_Extrapolation,-0.08069626293086994
678_visualizing_environmental,5,MVP,w0.1_0.9_0.2,MSE_Train,MSE_Test_Interpolation,0.2083155468283104
678_visualizing_environmental,5,MVP,w0.1_0.9_0.2,AIC_Train,MSE_Test_Interpolation,0.5466575599760949
678_visualizing_environmental,5,MVP,w0.1_0.9_0.2,BIC_Train,MSE_Test_Interpolation,0.7595833689063434
678_visualizing_environmental,5,MVP,w0.1_0.9_0.2,MDL_Train,MSE_Test_Interpolation,0.8455562195850763
678_visualizing_environmental,5,MVP,w0.1_0.9_0.2,PSM_Train,MSE_Test_Interpolation,0.5296678903782122
678_visualizing_environmental,5,MVP,w0.1_0.9_0.2,MSE_Train,MSE_Test_Extrapolation,0.306923930675318
678_visualizing_environmental,5,MVP,w0.1_0.9_0.2,AIC_Train,MSE_Test_Extrapolation,0.14735763681379663
678_visualizing_environmental,5,MVP,w0.1_0.9_0.2,BIC_Train,MSE_Test_Extrapolation,0.10919491163664305
678_visualizing_environmental,5,MVP,w0.1_0.9_0.2,MDL_Train,MSE_Test_Extrapolation,0.10245026893195593
678_visualizing_environmental,5,MVP,w0.1_0.9_0.2,PSM_Train,MSE_Test_Extrapolation,0.21019380175872962
678_visualizing_environmental,6,MVP,w0.1_0.9_0.2,MSE_Train,MSE_Test_Interpolation,-0.2379441464581602
678_visualizing_environmental,6,MVP,w0.1_0.9_0.2,AIC_Train,MSE_Test_Interpolation,-0.042079020926191736
678_visualizing_environmental,6,MVP,w0.1_0.9_0.2,BIC_Train,MSE_Test_Interpolation,0.2584926091007529
678_visualizing_environmental,6,MVP,w0.1_0.9_0.2,MDL_Train,MSE_Test_Interpolation,0.48900808340258367
678_visualizing_environmental,6,MVP,w0.1_0.9_0.2,PSM_Train,MSE_Test_Interpolation,0.23099393115257735
678_visualizing_environmental,6,MVP,w0.1_0.9_0.2,MSE_Train,MSE_Test_Extrapolation,-0.5641006270302938
678_visualizing_environmental,6,MVP,w0.1_0.9_0.2,AIC_Train,MSE_Test_Extrapolation,-0.34919795522651154
678_visualizing_environmental,6,MVP,w0.1_0.9_0.2,BIC_Train,MSE_Test_Extrapolation,-0.19040064465765155
678_visualizing_environmental,6,MVP,w0.1_0.9_0.2,MDL_Train,MSE_Test_Extrapolation,-0.1617939613709048
678_visualizing_environmental,6,MVP,w0.1_0.9_0.2,PSM_Train,MSE_Test_Extrapolation,-0.2683639293898416
678_visualizing_environmental,7,MVP,w0.1_0.9_0.2,MSE_Train,MSE_Test_Interpolation,-0.7848192194109667
678_visualizing_environmental,7,MVP,w0.1_0.9_0.2,AIC_Train,MSE_Test_Interpolation,-0.6524064171122996
678_visualizing_environmental,7,MVP,w0.1_0.9_0.2,BIC_Train,MSE_Test_Interpolation,0.2254369861920345
678_visualizing_environmental,7,MVP,w0.1_0.9_0.2,MDL_Train,MSE_Test_Interpolation,0.7604357889695907
678_visualizing_environmental,7,MVP,w0.1_0.9_0.2,PSM_Train,MSE_Test_Interpolation,0.4254928565727513
678_visualizing_environmental,7,MVP,w0.1_0.9_0.2,MSE_Train,MSE_Test_Extrapolation,-0.3776438662303456
678_visualizing_environmental,7,MVP,w0.1_0.9_0.2,AIC_Train,MSE_Test_Extrapolation,-0.10587437145821695
678_visualizing_environmental,7,MVP,w0.1_0.9_0.2,BIC_Train,MSE_Test_Extrapolation,0.523425652486232
678_visualizing_environmental,7,MVP,w0.1_0.9_0.2,MDL_Train,MSE_Test_Extrapolation,0.32293080054274087
678_visualizing_environmental,7,MVP,w0.1_0.9_0.2,PSM_Train,MSE_Test_Extrapolation,0.17998244073748904
678_visualizing_environmental,8,MVP,w0.1_0.9_0.2,MSE_Train,MSE_Test_Interpolation,-0.5486309159303648
678_visualizing_environmental,8,MVP,w0.1_0.9_0.2,AIC_Train,MSE_Test_Interpolation,-0.1277403551745254
678_visualizing_environmental,8,MVP,w0.1_0.9_0.2,BIC_Train,MSE_Test_Interpolation,0.06884786982766161
678_visualizing_environmental,8,MVP,w0.1_0.9_0.2,MDL_Train,MSE_Test_Interpolation,0.13718834747616132
678_visualizing_environmental,8,MVP,w0.1_0.9_0.2,PSM_Train,MSE_Test_Interpolation,-0.05404601522176537
678_visualizing_environmental,8,MVP,w0.1_0.9_0.2,MSE_Train,MSE_Test_Extrapolation,-0.6412562330504767
678_visualizing_environmental,8,MVP,w0.1_0.9_0.2,AIC_Train,MSE_Test_Extrapolation,-0.2842970868690403
678_visualizing_environmental,8,MVP,w0.1_0.9_0.2,BIC_Train,MSE_Test_Extrapolation,-0.12928002799405125
678_visualizing_environmental,8,MVP,w0.1_0.9_0.2,MDL_Train,MSE_Test_Extrapolation,-0.05877001137258333
678_visualizing_environmental,8,MVP,w0.1_0.9_0.2,PSM_Train,MSE_Test_Extrapolation,-0.28807628378969463
678_visualizing_environmental,9,MVP,w0.1_0.9_0.2,MSE_Train,MSE_Test_Interpolation,-0.6801572617946346
678_visualizing_environmental,9,MVP,w0.1_0.9_0.2,AIC_Train,MSE_Test_Interpolation,0.12835337650323775
678_visualizing_environmental,9,MVP,w0.1_0.9_0.2,BIC_Train,MSE_Test_Interpolation,0.650786308973173
678_visualizing_environmental,9,MVP,w0.1_0.9_0.2,MDL_Train,MSE_Test_Interpolation,0.7661887141535616
678_visualizing_environmental,9,MVP,w0.1_0.9_0.2,PSM_Train,MSE_Test_Interpolation,0.4198658649398705
678_visualizing_environmental,9,MVP,w0.1_0.9_0.2,MSE_Train,MSE_Test_Extrapolation,-0.14396392229417207
678_visualizing_environmental,9,MVP,w0.1_0.9_0.2,AIC_Train,MSE_Test_Extrapolation,0.01387604070305273
678_visualizing_environmental,9,MVP,w0.1_0.9_0.2,BIC_Train,MSE_Test_Extrapolation,0.17079093432007403
678_visualizing_environmental,9,MVP,w0.1_0.9_0.2,MDL_Train,MSE_Test_Extrapolation,0.2798334875115634
678_visualizing_environmental,9,MVP,w0.1_0.9_0.2,PSM_Train,MSE_Test_Extrapolation,0.18640148011100832
678_visualizing_environmental,10,MVP,w0.1_0.9_0.2,MSE_Train,MSE_Test_Interpolation,-0.3072386679000925
678_visualizing_environmental,10,MVP,w0.1_0.9_0.2,AIC_Train,MSE_Test_Interpolation,-0.16859389454209067
678_visualizing_environmental,10,MVP,w0.1_0.9_0.2,BIC_Train,MSE_Test_Interpolation,0.2975254394079556
678_visualizing_environmental,10,MVP,w0.1_0.9_0.2,MDL_Train,MSE_Test_Interpolation,0.267113783533765
678_visualizing_environmental,10,MVP,w0.1_0.9_0.2,PSM_Train,MSE_Test_Interpolation,0.026711378353376503
678_visualizing_environmental,10,MVP,w0.1_0.9_0.2,MSE_Train,MSE_Test_Extrapolation,-0.5913506012950971
678_visualizing_environmental,10,MVP,w0.1_0.9_0.2,AIC_Train,MSE_Test_Extrapolation,0.299722479185939
678_visualizing_environmental,10,MVP,w0.1_0.9_0.2,BIC_Train,MSE_Test_Extrapolation,0.5667206290471786
678_visualizing_environmental,10,MVP,w0.1_0.9_0.2,MDL_Train,MSE_Test_Extrapolation,0.527867715078631
678_visualizing_environmental,10,MVP,w0.1_0.9_0.2,PSM_Train,MSE_Test_Extrapolation,0.21554116558741904
678_visualizing_environmental,11,MVP,w0.1_0.9_0.2,MSE_Train,MSE_Test_Interpolation,-0.8002644103648862
678_visualizing_environmental,11,MVP,w0.1_0.9_0.2,AIC_Train,MSE_Test_Interpolation,-0.4869381279746166
678_visualizing_environmental,11,MVP,w0.1_0.9_0.2,BIC_Train,MSE_Test_Interpolation,0.714225277630883
678_visualizing_environmental,11,MVP,w0.1_0.9_0.2,MDL_Train,MSE_Test_Interpolation,0.8138022210470649
678_visualizing_environmental,11,MVP,w0.1_0.9_0.2,PSM_Train,MSE_Test_Interpolation,0.034373347435219456
678_visualizing_environmental,11,MVP,w0.1_0.9_0.2,MSE_Train,MSE_Test_Extrapolation,-0.6584875727128503
678_visualizing_environmental,11,MVP,w0.1_0.9_0.2,AIC_Train,MSE_Test_Extrapolation,-0.5290851401374934
678_visualizing_environmental,11,MVP,w0.1_0.9_0.2,BIC_Train,MSE_Test_Extrapolation,0.4706504494976203
678_visualizing_environmental,11,MVP,w0.1_0.9_0.2,MDL_Train,MSE_Test_Extrapolation,0.6232681121099947
678_visualizing_environmental,11,MVP,w0.1_0.9_0.2,PSM_Train,MSE_Test_Extrapolation,-0.18202009518773135
678_visualizing_environmental,12,MVP,w0.1_0.9_0.2,MSE_Train,MSE_Test_Interpolation,-0.8087784241142252
678_visualizing_environmental,12,MVP,w0.1_0.9_0.2,AIC_Train,MSE_Test_Interpolation,-0.5621893178212585
678_visualizing_environmental,12,MVP,w0.1_0.9_0.2,BIC_Train,MSE_Test_Interpolation,0.7872554204124801
678_visualizing_environmental,12,MVP,w0.1_0.9_0.2,MDL_Train,MSE_Test_Interpolation,0.8053939714436805
678_visualizing_environmental,12,MVP,w0.1_0.9_0.2,PSM_Train,MSE_Test_Interpolation,0.24267583289264935
678_visualizing_environmental,12,MVP,w0.1_0.9_0.2,MSE_Train,MSE_Test_Extrapolation,0.07678476996298253
678_visualizing_environmental,12,MVP,w0.1_0.9_0.2,AIC_Train,MSE_Test_Extrapolation,0.19085140137493387
678_visualizing_environmental,12,MVP,w0.1_0.9_0.2,BIC_Train,MSE_Test_Extrapolation,0.23569539925965094
678_visualizing_environmental,12,MVP,w0.1_0.9_0.2,MDL_Train,MSE_Test_Extrapolation,-0.08265468006345847
678_visualizing_environmental,12,MVP,w0.1_0.9_0.2,PSM_Train,MSE_Test_Extrapolation,0.013379164463246957
678_visualizing_environmental,13,MVP,w0.1_0.9_0.2,MSE_Train,MSE_Test_Interpolation,-0.2393067531802271
678_visualizing_environmental,13,MVP,w0.1_0.9_0.2,AIC_Train,MSE_Test_Interpolation,-0.7119439938529838
678_visualizing_environmental,13,MVP,w0.1_0.9_0.2,BIC_Train,MSE_Test_Interpolation,0.07316656706223854
678_visualizing_environmental,13,MVP,w0.1_0.9_0.2,MDL_Train,MSE_Test_Interpolation,0.25014940664219243
678_visualizing_environmental,13,MVP,w0.1_0.9_0.2,PSM_Train,MSE_Test_Interpolation,0.03594296935029454
678_visualizing_environmental,13,MVP,w0.1_0.9_0.2,MSE_Train,MSE_Test_Extrapolation,0.16562793477332877
678_visualizing_environmental,13,MVP,w0.1_0.9_0.2,AIC_Train,MSE_Test_Extrapolation,-0.4122769572270127
678_visualizing_environmental,13,MVP,w0.1_0.9_0.2,BIC_Train,MSE_Test_Extrapolation,-0.1655425595492188
678_visualizing_environmental,13,MVP,w0.1_0.9_0.2,MDL_Train,MSE_Test_Extrapolation,-0.16392043029112952
678_visualizing_environmental,13,MVP,w0.1_0.9_0.2,PSM_Train,MSE_Test_Extrapolation,0.02595406812942884
678_visualizing_environmental,14,MVP,w0.1_0.9_0.2,MSE_Train,MSE_Test_Interpolation,-0.883960210049951
678_visualizing_environmental,14,MVP,w0.1_0.9_0.2,AIC_Train,MSE_Test_Interpolation,-0.581808867295871
678_visualizing_environmental,14,MVP,w0.1_0.9_0.2,BIC_Train,MSE_Test_Interpolation,0.7676905673403546
678_visualizing_environmental,14,MVP,w0.1_0.9_0.2,MDL_Train,MSE_Test_Interpolation,0.8338207357760241
678_visualizing_environmental,14,MVP,w0.1_0.9_0.2,PSM_Train,MSE_Test_Interpolation,0.07142094829900779
678_visualizing_environmental,14,MVP,w0.1_0.9_0.2,MSE_Train,MSE_Test_Extrapolation,0.6841419943070394
678_visualizing_environmental,14,MVP,w0.1_0.9_0.2,AIC_Train,MSE_Test_Extrapolation,0.7943989071038252
678_visualizing_environmental,14,MVP,w0.1_0.9_0.2,BIC_Train,MSE_Test_Extrapolation,-0.3364924863387978
678_visualizing_environmental,14,MVP,w0.1_0.9_0.2,MDL_Train,MSE_Test_Extrapolation,-0.5395321038251367
678_visualizing_environmental,14,MVP,w0.1_0.9_0.2,PSM_Train,MSE_Test_Extrapolation,-0.016435432245498812
678_visualizing_environmental,15,MVP,w0.1_0.9_0.2,MSE_Train,MSE_Test_Interpolation,-0.6743901973508417
678_visualizing_environmental,15,MVP,w0.1_0.9_0.2,AIC_Train,MSE_Test_Interpolation,-0.6951567498196647
678_visualizing_environmental,15,MVP,w0.1_0.9_0.2,BIC_Train,MSE_Test_Interpolation,-0.4061993015073858
678_visualizing_environmental,15,MVP,w0.1_0.9_0.2,MDL_Train,MSE_Test_Interpolation,0.6795946024561591
678_visualizing_environmental,15,MVP,w0.1_0.9_0.2,PSM_Train,MSE_Test_Interpolation,0.07195480398518914
678_visualizing_environmental,15,MVP,w0.1_0.9_0.2,MSE_Train,MSE_Test_Extrapolation,-0.6356834752070847
678_visualizing_environmental,15,MVP,w0.1_0.9_0.2,AIC_Train,MSE_Test_Extrapolation,-0.6299565780126309
678_visualizing_environmental,15,MVP,w0.1_0.9_0.2,BIC_Train,MSE_Test_Extrapolation,-0.19071249979615632
678_visualizing_environmental,15,MVP,w0.1_0.9_0.2,MDL_Train,MSE_Test_Extrapolation,0.6296642682421134
678_visualizing_environmental,15,MVP,w0.1_0.9_0.2,PSM_Train,MSE_Test_Extrapolation,0.15868229186548075
678_visualizing_environmental,16,MVP,w0.1_0.9_0.2,MSE_Train,MSE_Test_Interpolation,-0.14197899769486894
678_visualizing_environmental,16,MVP,w0.1_0.9_0.2,AIC_Train,MSE_Test_Interpolation,-0.14402800307350805
678_visualizing_environmental,16,MVP,w0.1_0.9_0.2,BIC_Train,MSE_Test_Interpolation,0.007939895842226586
678_visualizing_environmental,16,MVP,w0.1_0.9_0.2,MDL_Train,MSE_Test_Interpolation,-0.07171518825236915
678_visualizing_environmental,16,MVP,w0.1_0.9_0.2,PSM_Train,MSE_Test_Interpolation,-0.17262870315034576
678_visualizing_environmental,16,MVP,w0.1_0.9_0.2,MSE_Train,MSE_Test_Extrapolation,0.02945445231793733
678_visualizing_environmental,16,MVP,w0.1_0.9_0.2,AIC_Train,MSE_Test_Extrapolation,0.4810040126355331
678_visualizing_environmental,16,MVP,w0.1_0.9_0.2,BIC_Train,MSE_Test_Extrapolation,0.551438572526253
678_visualizing_environmental,16,MVP,w0.1_0.9_0.2,MDL_Train,MSE_Test_Extrapolation,0.18594723811150005
678_visualizing_environmental,16,MVP,w0.1_0.9_0.2,PSM_Train,MSE_Test_Extrapolation,0.23691624690514815
678_visualizing_environmental,17,MVP,w0.1_0.9_0.2,MSE_Train,MSE_Test_Interpolation,-0.8496033844526704
678_visualizing_environmental,17,MVP,w0.1_0.9_0.2,AIC_Train,MSE_Test_Interpolation,-0.6911686938127974
678_visualizing_environmental,17,MVP,w0.1_0.9_0.2,BIC_Train,MSE_Test_Interpolation,0.707932310946589
678_visualizing_environmental,17,MVP,w0.1_0.9_0.2,MDL_Train,MSE_Test_Interpolation,0.9095716552088841
678_visualizing_environmental,17,MVP,w0.1_0.9_0.2,PSM_Train,MSE_Test_Interpolation,0.23892120571126385
678_visualizing_environmental,17,MVP,w0.1_0.9_0.2,MSE_Train,MSE_Test_Extrapolation,0.8758857747223691
678_visualizing_environmental,17,MVP,w0.1_0.9_0.2,AIC_Train,MSE_Test_Extrapolation,0.6456372289793758
678_visualizing_environmental,17,MVP,w0.1_0.9_0.2,BIC_Train,MSE_Test_Extrapolation,-0.7098889476467476
678_visualizing_environmental,17,MVP,w0.1_0.9_0.2,MDL_Train,MSE_Test_Extrapolation,-0.9038075092543628
678_visualizing_environmental,17,MVP,w0.1_0.9_0.2,PSM_Train,MSE_Test_Extrapolation,-0.23051295610787945
678_visualizing_environmental,18,MVP,w0.1_0.9_0.2,MSE_Train,MSE_Test_Interpolation,-0.4990661330283971
678_visualizing_environmental,18,MVP,w0.1_0.9_0.2,AIC_Train,MSE_Test_Interpolation,-0.3334095673718315
678_visualizing_environmental,18,MVP,w0.1_0.9_0.2,BIC_Train,MSE_Test_Interpolation,0.7045168667810177
678_visualizing_environmental,18,MVP,w0.1_0.9_0.2,MDL_Train,MSE_Test_Interpolation,0.9170573661139698
678_visualizing_environmental,18,MVP,w0.1_0.9_0.2,PSM_Train,MSE_Test_Interpolation,0.48854583571564697
678_visualizing_environmental,18,MVP,w0.1_0.9_0.2,MSE_Train,MSE_Test_Extrapolation,-0.23903182771107295
678_visualizing_environmental,18,MVP,w0.1_0.9_0.2,AIC_Train,MSE_Test_Extrapolation,-0.1104250047646274
678_visualizing_environmental,18,MVP,w0.1_0.9_0.2,BIC_Train,MSE_Test_Extrapolation,0.6499332952163139
678_visualizing_environmental,18,MVP,w0.1_0.9_0.2,MDL_Train,MSE_Test_Extrapolation,0.5310844291976368
678_visualizing_environmental,18,MVP,w0.1_0.9_0.2,PSM_Train,MSE_Test_Extrapolation,0.13748808843148463
678_visualizing_environmental,19,MVP,w0.1_0.9_0.2,MSE_Train,MSE_Test_Interpolation,-0.6581280788177338
678_visualizing_environmental,19,MVP,w0.1_0.9_0.2,AIC_Train,MSE_Test_Interpolation,-0.34039408866995063
678_visualizing_environmental,19,MVP,w0.1_0.9_0.2,BIC_Train,MSE_Test_Interpolation,0.7536945812807879
678_visualizing_environmental,19,MVP,w0.1_0.9_0.2,MDL_Train,MSE_Test_Interpolation,0.6763546798029555
678_visualizing_environmental,19,MVP,w0.1_0.9_0.2,PSM_Train,MSE_Test_Interpolation,0.5778325123152708
678_visualizing_environmental,19,MVP,w0.1_0.9_0.2,MSE_Train,MSE_Test_Extrapolation,-0.09359605911330048
678_visualizing_environmental,19,MVP,w0.1_0.9_0.2,AIC_Train,MSE_Test_Extrapolation,0.31231527093596056
678_visualizing_environmental,19,MVP,w0.1_0.9_0.2,BIC_Train,MSE_Test_Extrapolation,0.6463054187192117
678_visualizing_environmental,19,MVP,w0.1_0.9_0.2,MDL_Train,MSE_Test_Extrapolation,0.1334975369458128
678_visualizing_environmental,19,MVP,w0.1_0.9_0.2,PSM_Train,MSE_Test_Extrapolation,0.293103448275862
678_visualizing_environmental,20,MVP,w0.1_0.9_0.2,MSE_Train,MSE_Test_Interpolation,-0.16435448644990622
678_visualizing_environmental,20,MVP,w0.1_0.9_0.2,AIC_Train,MSE_Test_Interpolation,-0.15426497277676954
678_visualizing_environmental,20,MVP,w0.1_0.9_0.2,BIC_Train,MSE_Test_Interpolation,0.0234089021501738
678_visualizing_environmental,20,MVP,w0.1_0.9_0.2,MDL_Train,MSE_Test_Interpolation,0.17555138577009444
678_visualizing_environmental,20,MVP,w0.1_0.9_0.2,PSM_Train,MSE_Test_Interpolation,0.14503675905133964
678_visualizing_environmental,20,MVP,w0.1_0.9_0.2,MSE_Train,MSE_Test_Extrapolation,-0.6969454612568827
678_visualizing_environmental,20,MVP,w0.1_0.9_0.2,AIC_Train,MSE_Test_Extrapolation,0.306345934971854
678_visualizing_environmental,20,MVP,w0.1_0.9_0.2,BIC_Train,MSE_Test_Extrapolation,0.789350641360854
678_visualizing_environmental,20,MVP,w0.1_0.9_0.2,MDL_Train,MSE_Test_Extrapolation,0.6705527700021534
678_visualizing_environmental,20,MVP,w0.1_0.9_0.2,PSM_Train,MSE_Test_Extrapolation,-0.20864991233196964
678_visualizing_environmental,21,MVP,w0.1_0.9_0.2,MSE_Train,MSE_Test_Interpolation,-0.5816275967219363
678_visualizing_environmental,21,MVP,w0.1_0.9_0.2,AIC_Train,MSE_Test_Interpolation,0.0238231370306842
678_visualizing_environmental,21,MVP,w0.1_0.9_0.2,BIC_Train,MSE_Test_Interpolation,0.5756813417190775
678_visualizing_environmental,21,MVP,w0.1_0.9_0.2,MDL_Train,MSE_Test_Interpolation,0.5927577663426719
678_visualizing_environmental,21,MVP,w0.1_0.9_0.2,PSM_Train,MSE_Test_Interpolation,0.18810748999428242
678_visualizing_environmental,21,MVP,w0.1_0.9_0.2,MSE_Train,MSE_Test_Extrapolation,-0.03015056222603392
678_visualizing_environmental,21,MVP,w0.1_0.9_0.2,AIC_Train,MSE_Test_Extrapolation,0.16653325709929478
678_visualizing_environmental,21,MVP,w0.1_0.9_0.2,BIC_Train,MSE_Test_Extrapolation,0.13016962073565844
678_visualizing_environmental,21,MVP,w0.1_0.9_0.2,MDL_Train,MSE_Test_Extrapolation,0.04280541261673337
678_visualizing_environmental,21,MVP,w0.1_0.9_0.2,PSM_Train,MSE_Test_Extrapolation,0.10912902611015818
678_visualizing_environmental,22,MVP,w0.1_0.9_0.2,MSE_Train,MSE_Test_Interpolation,-0.42387164735434735
678_visualizing_environmental,22,MVP,w0.1_0.9_0.2,AIC_Train,MSE_Test_Interpolation,0.24463171542014425
678_visualizing_environmental,22,MVP,w0.1_0.9_0.2,BIC_Train,MSE_Test_Interpolation,0.4980957782999757
678_visualizing_environmental,22,MVP,w0.1_0.9_0.2,MDL_Train,MSE_Test_Interpolation,0.4642249412527349
678_visualizing_environmental,22,MVP,w0.1_0.9_0.2,PSM_Train,MSE_Test_Interpolation,0.2653755773438133
678_visualizing_environmental,22,MVP,w0.1_0.9_0.2,MSE_Train,MSE_Test_Extrapolation,-0.03006239364719229
678_visualizing_environmental,22,MVP,w0.1_0.9_0.2,AIC_Train,MSE_Test_Extrapolation,-0.09423871647354347
678_visualizing_environmental,22,MVP,w0.1_0.9_0.2,BIC_Train,MSE_Test_Extrapolation,0.0290900251195203
678_visualizing_environmental,22,MVP,w0.1_0.9_0.2,MDL_Train,MSE_Test_Extrapolation,0.07236042460092375
678_visualizing_environmental,22,MVP,w0.1_0.9_0.2,PSM_Train,MSE_Test_Extrapolation,0.34041001539583504
678_visualizing_environmental,23,MVP,w0.1_0.9_0.2,MSE_Train,MSE_Test_Interpolation,-0.4704453441295547
678_visualizing_environmental,23,MVP,w0.1_0.9_0.2,AIC_Train,MSE_Test_Interpolation,-0.4331983805668016
678_visualizing_environmental,23,MVP,w0.1_0.9_0.2,BIC_Train,MSE_Test_Interpolation,-0.18947368421052635
678_visualizing_environmental,23,MVP,w0.1_0.9_0.2,MDL_Train,MSE_Test_Interpolation,0.5172064777327935
678_visualizing_environmental,23,MVP,w0.1_0.9_0.2,PSM_Train,MSE_Test_Interpolation,-0.19716599190283401
678_visualizing_environmental,23,MVP,w0.1_0.9_0.2,MSE_Train,MSE_Test_Extrapolation,-0.39574898785425106
678_visualizing_environmental,23,MVP,w0.1_0.9_0.2,AIC_Train,MSE_Test_Extrapolation,-0.3400809716599191
678_visualizing_environmental,23,MVP,w0.1_0.9_0.2,BIC_Train,MSE_Test_Extrapolation,0.5038461538461539
678_visualizing_environmental,23,MVP,w0.1_0.9_0.2,MDL_Train,MSE_Test_Extrapolation,0.4093117408906883
678_visualizing_environmental,23,MVP,w0.1_0.9_0.2,PSM_Train,MSE_Test_Extrapolation,0.23299595141700405
678_visualizing_environmental,24,MVP,w0.1_0.9_0.2,MSE_Train,MSE_Test_Interpolation,-0.46801889413726044
678_visualizing_environmental,24,MVP,w0.1_0.9_0.2,AIC_Train,MSE_Test_Interpolation,-0.07752153375937762
678_visualizing_environmental,24,MVP,w0.1_0.9_0.2,BIC_Train,MSE_Test_Interpolation,0.6025562656293415
678_visualizing_environmental,24,MVP,w0.1_0.9_0.2,MDL_Train,MSE_Test_Interpolation,0.6308419005279245
678_visualizing_environmental,24,MVP,w0.1_0.9_0.2,PSM_Train,MSE_Test_Interpolation,0.37621561544873583
678_visualizing_environmental,24,MVP,w0.1_0.9_0.2,MSE_Train,MSE_Test_Extrapolation,-0.375715476521256
678_visualizing_environmental,24,MVP,w0.1_0.9_0.2,AIC_Train,MSE_Test_Extrapolation,-0.10752986940816894
678_visualizing_environmental,24,MVP,w0.1_0.9_0.2,BIC_Train,MSE_Test_Extrapolation,0.61989441511531
678_visualizing_environmental,24,MVP,w0.1_0.9_0.2,MDL_Train,MSE_Test_Extrapolation,0.6261183662128371
678_visualizing_environmental,24,MVP,w0.1_0.9_0.2,PSM_Train,MSE_Test_Extrapolation,0.3990552931369825
678_visualizing_environmental,25,MVP,w0.1_0.9_0.2,MSE_Train,MSE_Test_Interpolation,0.307009305899428
678_visualizing_environmental,25,MVP,w0.1_0.9_0.2,AIC_Train,MSE_Test_Interpolation,0.2832749935968582
678_visualizing_environmental,25,MVP,w0.1_0.9_0.2,BIC_Train,MSE_Test_Interpolation,0.3342440023905063
678_visualizing_environmental,25,MVP,w0.1_0.9_0.2,MDL_Train,MSE_Test_Interpolation,0.46000170750448216
678_visualizing_environmental,25,MVP,w0.1_0.9_0.2,PSM_Train,MSE_Test_Interpolation,0.3520874242294886
678_visualizing_environmental,25,MVP,w0.1_0.9_0.2,MSE_Train,MSE_Test_Extrapolation,-0.3360368820968155
678_visualizing_environmental,25,MVP,w0.1_0.9_0.2,AIC_Train,MSE_Test_Extrapolation,-0.3415862716639631
678_visualizing_environmental,25,MVP,w0.1_0.9_0.2,BIC_Train,MSE_Test_Extrapolation,-0.4073251942286348
678_visualizing_environmental,25,MVP,w0.1_0.9_0.2,MDL_Train,MSE_Test_Extrapolation,-0.41287458379578246
678_visualizing_environmental,25,MVP,w0.1_0.9_0.2,PSM_Train,MSE_Test_Extrapolation,-0.2956544010928029
678_visualizing_environmental,26,MVP,w0.1_0.9_0.2,MSE_Train,MSE_Test_Interpolation,0.16747206282090002
678_visualizing_environmental,26,MVP,w0.1_0.9_0.2,AIC_Train,MSE_Test_Interpolation,0.5986106916339474
678_visualizing_environmental,26,MVP,w0.1_0.9_0.2,BIC_Train,MSE_Test_Interpolation,0.7432799758381154
678_visualizing_environmental,26,MVP,w0.1_0.9_0.2,MDL_Train,MSE_Test_Interpolation,0.8935366958622774
678_visualizing_environmental,26,MVP,w0.1_0.9_0.2,PSM_Train,MSE_Test_Interpolation,0.2577771066143159
678_visualizing_environmental,26,MVP,w0.1_0.9_0.2,MSE_Train,MSE_Test_Extrapolation,0.15478707339172457
678_visualizing_environmental,26,MVP,w0.1_0.9_0.2,AIC_Train,MSE_Test_Extrapolation,0.15720326185442465
678_visualizing_environmental,26,MVP,w0.1_0.9_0.2,BIC_Train,MSE_Test_Extrapolation,0.19329507701600726
678_visualizing_environmental,26,MVP,w0.1_0.9_0.2,MDL_Train,MSE_Test_Extrapolation,0.09725158562367865
678_visualizing_environmental,26,MVP,w0.1_0.9_0.2,PSM_Train,MSE_Test_Extrapolation,0.0984596798550287
678_visualizing_environmental,27,MVP,w0.1_0.9_0.2,MSE_Train,MSE_Test_Interpolation,-0.28745183954068143
678_visualizing_environmental,27,MVP,w0.1_0.9_0.2,AIC_Train,MSE_Test_Interpolation,-0.09491073002442649
678_visualizing_environmental,27,MVP,w0.1_0.9_0.2,BIC_Train,MSE_Test_Interpolation,0.49162700511193375
678_visualizing_environmental,27,MVP,w0.1_0.9_0.2,MDL_Train,MSE_Test_Interpolation,0.28578983153282467
678_visualizing_environmental,27,MVP,w0.1_0.9_0.2,PSM_Train,MSE_Test_Interpolation,0.02671803782327315
678_visualizing_environmental,27,MVP,w0.1_0.9_0.2,MSE_Train,MSE_Test_Extrapolation,0.39563345168844904
678_visualizing_environmental,27,MVP,w0.1_0.9_0.2,AIC_Train,MSE_Test_Extrapolation,0.28775402281483725
678_visualizing_environmental,27,MVP,w0.1_0.9_0.2,BIC_Train,MSE_Test_Extrapolation,-0.31731761980307727
678_visualizing_environmental,27,MVP,w0.1_0.9_0.2,MDL_Train,MSE_Test_Extrapolation,-0.3336858804865151
678_visualizing_environmental,27,MVP,w0.1_0.9_0.2,PSM_Train,MSE_Test_Extrapolation,0.31701543652892145
678_visualizing_environmental,28,MVP,w0.1_0.9_0.2,MSE_Train,MSE_Test_Interpolation,-0.4023960535588442
678_visualizing_environmental,28,MVP,w0.1_0.9_0.2,AIC_Train,MSE_Test_Interpolation,-0.0009866102889358704
678_visualizing_environmental,28,MVP,w0.1_0.9_0.2,BIC_Train,MSE_Test_Interpolation,0.16293164200140942
678_visualizing_environmental,28,MVP,w0.1_0.9_0.2,MDL_Train,MSE_Test_Interpolation,0.43382663847780123
678_visualizing_environmental,28,MVP,w0.1_0.9_0.2,PSM_Train,MSE_Test_Interpolation,0.07131782945736434
678_visualizing_environmental,28,MVP,w0.1_0.9_0.2,MSE_Train,MSE_Test_Extrapolation,0.5143058491895701
678_visualizing_environmental,28,MVP,w0.1_0.9_0.2,AIC_Train,MSE_Test_Extrapolation,-0.1412262156448203
678_visualizing_environmental,28,MVP,w0.1_0.9_0.2,BIC_Train,MSE_Test_Extrapolation,-0.40761099365750525
678_visualizing_environmental,28,MVP,w0.1_0.9_0.2,MDL_Train,MSE_Test_Extrapolation,-0.505708245243129
678_visualizing_environmental,28,MVP,w0.1_0.9_0.2,PSM_Train,MSE_Test_Extrapolation,-0.0923185341789993
678_visualizing_environmental,29,MVP,w0.1_0.9_0.2,MSE_Train,MSE_Test_Interpolation,-0.8024547048509645
678_visualizing_environmental,29,MVP,w0.1_0.9_0.2,AIC_Train,MSE_Test_Interpolation,-0.6969023962594975
678_visualizing_environmental,29,MVP,w0.1_0.9_0.2,BIC_Train,MSE_Test_Interpolation,0.6365867913500879
678_visualizing_environmental,29,MVP,w0.1_0.9_0.2,MDL_Train,MSE_Test_Interpolation,0.7920514319111632
678_visualizing_environmental,29,MVP,w0.1_0.9_0.2,PSM_Train,MSE_Test_Interpolation,-0.2988310929281122
678_visualizing_environmental,29,MVP,w0.1_0.9_0.2,MSE_Train,MSE_Test_Extrapolation,-0.019403857393337234
678_visualizing_environmental,29,MVP,w0.1_0.9_0.2,AIC_Train,MSE_Test_Extrapolation,0.06154295733489189
678_visualizing_environmental,29,MVP,w0.1_0.9_0.2,BIC_Train,MSE_Test_Extrapolation,0.28632378725891294
678_visualizing_environmental,29,MVP,w0.1_0.9_0.2,MDL_Train,MSE_Test_Extrapolation,0.006428988895382817
678_visualizing_environmental,29,MVP,w0.1_0.9_0.2,PSM_Train,MSE_Test_Extrapolation,-0.15932203389830513
678_visualizing_environmental,30,MVP,w0.1_0.9_0.2,MSE_Train,MSE_Test_Interpolation,-0.39478021978021977
678_visualizing_environmental,30,MVP,w0.1_0.9_0.2,AIC_Train,MSE_Test_Interpolation,-0.2358058608058608
678_visualizing_environmental,30,MVP,w0.1_0.9_0.2,BIC_Train,MSE_Test_Interpolation,0.6622252747252747
678_visualizing_environmental,30,MVP,w0.1_0.9_0.2,MDL_Train,MSE_Test_Interpolation,0.5986721611721612
678_visualizing_environmental,30,MVP,w0.1_0.9_0.2,PSM_Train,MSE_Test_Interpolation,0.4019230769230768
678_visualizing_environmental,30,MVP,w0.1_0.9_0.2,MSE_Train,MSE_Test_Extrapolation,-0.2858058608058608
678_visualizing_environmental,30,MVP,w0.1_0.9_0.2,AIC_Train,MSE_Test_Extrapolation,-0.2391483516483516
678_visualizing_environmental,30,MVP,w0.1_0.9_0.2,BIC_Train,MSE_Test_Extrapolation,0.42312271062271056
678_visualizing_environmental,30,MVP,w0.1_0.9_0.2,MDL_Train,MSE_Test_Extrapolation,0.3762820512820512
678_visualizing_environmental,30,MVP,w0.1_0.9_0.2,PSM_Train,MSE_Test_Extrapolation,0.24056776556776552
