Run,Equation_Index,Hybrid_MSE_Train,Hybrid_AIC_Train,Hybrid_BIC_Train,Hybrid_MDL_Train,Hybrid_PSM_Train,Extrapolation_Divergence,Sensitivity_Interpolation,Sensitivity_Extrapolation,Lambda1,Lambda2,Lambda3,Complexity,MSE_Test_Interpolation,MSE_Test_Extrapolation
1,0,0.7624640039768348,0.7513024852522552,0.32485103514800334,0.007209569339365534,0.0,0.0,0.0,0.0,0.8,0.7,0.6,1,15.804156279526811,26.345879661711106
1,1,0.6170526241972721,0.6451847058868605,0.2833188747356613,0.06572955867365168,0.8683887911512428,0.0808454990492906,6.124744976187e-05,0.00011777218130344,0.8,0.7,0.6,3,13.64436234323536,11.856486240619812
1,2,0.5441602471958804,0.5744448806961238,0.24266419902606873,0.07372653255067087,0.4479908512428273,0.09150974567773852,0.00024498979904751,0.00047108872521379005,0.8,0.7,0.6,5,12.620640035813576,5.515502279593548
1,3,0.5441602479642353,0.5920047183851864,0.26659918704497415,0.07951661297183561,0.07366241315741384,0.09150974567773852,0.00024498979904751,0.00047108872521379005,0.8,0.7,0.6,7,12.620639464502784,5.51550185505151
1,4,0.5795204287652791,0.6448478903021684,0.32673633313802714,0.1248109500408987,0.11900113801102957,0.13619263393611014,0.0008095336821535299,0.0030939559340124297,0.8,0.7,0.6,10,13.70932199656824,9.998546163864027
1,5,0.5544498364750264,0.6196761143698549,0.30268982729027993,0.10911363758572892,0.11722938152439472,0.10697887216912476,0.00355461268392364,0.00185289176390474,0.8,0.7,0.6,11,11.473151987681272,10.885701990737124
1,6,0.5563511314925061,0.6205130357497469,0.3113089926935724,0.131642340042543,0.2074212142495056,0.13298549456067849,0.00435537969978854,0.00196057220656492,0.8,0.7,0.6,13,12.894886798280243,8.613873941617419
1,7,0.5421849546693143,0.6053721245359944,0.3011442475250855,0.13715353538464514,0.23246775323518026,0.11676369070160242,0.01190723995605692,0.011490847794558,0.8,0.7,0.6,14,13.315000223062134,9.506933549775267
1,8,0.501088093098782,0.5634272365956636,0.26280629199976624,0.10655996011054657,0.16600110419502498,0.0781853961952,0.01145946264333041,0.00945078502160076,0.8,0.7,0.6,15,13.264760134996669,15.857317981430484
1,9,0.5102419586449796,0.5899149968475838,0.29655226821846004,0.12046106492968954,0.10948652259121108,0.10584813929013477,0.0029999226535759203,0.0012119493255939701,0.8,0.7,0.6,16,10.520106793978796,9.190291459790664
1,10,0.5543942797763624,0.6135834541122882,0.32353362895437016,0.18380533004433947,0.39552361319967405,0.1723414695405047,0.00771902408269558,0.018489489660148038,0.8,0.7,0.6,17,13.471514711081475,8.456443209686654
1,11,0.5279980553888641,0.5855253770522458,0.30001576540952063,0.17382155659925272,0.19478256019935772,0.15391781341838937,0.006610265434174969,0.01760850173516779,0.8,0.7,0.6,19,13.5215919805235,4.2362108274334735
1,12,0.52466875127654,0.5793846193089743,0.30068410882982555,0.1913199794361983,0.23492262418535736,0.16794391352337332,0.00433815703403406,0.021353720499481497,0.8,0.7,0.6,21,13.151468561387166,3.2203252500474338
1,13,0.4294775335743911,0.5166897540051323,0.25640376331081666,0.12780590855654872,0.09558829183764322,0.06871926506237183,0.01701126396037258,0.00082655949308739,0.8,0.7,0.6,26,18.583720133935067,9.783476865072824
1,14,0.38198597011206,0.4456416630393889,0.19023177085401788,0.10312801916126374,0.3236147507932622,0.04262849273100181,0.013610201582237922,5.6429897901350004e-05,0.8,0.7,0.6,27,17.70549530441071,9.324965687342226
1,15,0.5329156560066659,0.6140431458673262,0.36517756477883706,0.26729253315548723,0.20851116204172335,0.1920122231670451,0.021544211772571358,0.04377164194369501,0.8,0.7,0.6,31,14.698696785738491,4.368512600557541
1,16,0.4086400219682849,0.4859336833850904,0.24339214123731912,0.15748192782705067,0.11935205263199249,0.09248672337471579,0.010108250939139269,0.0041894321184772,0.8,0.7,0.6,34,12.291321675586593,10.083715492206618
1,17,0.42417991626256324,0.4831034053582052,0.2354809015790318,0.17794836358081012,0.13402300516164709,0.09288915151723508,0.019470636894917508,0.02298659243847579,0.8,0.7,0.6,35,12.882068331877177,10.068046586585558
1,18,0.4087962955527227,0.4831102251764047,0.24519304102174933,0.1791005529394029,0.1343982751913166,0.08950597046161689,0.01920360311161595,0.01324191384694128,0.8,0.7,0.6,37,12.708657013595143,9.956949081620287
1,19,0.3803043749624948,0.4632203518891027,0.2445203418775413,0.18977088874931633,0.41114563380011127,0.10039533270438868,0.00999756102824257,0.0036858226824171003,0.8,0.7,0.6,38,12.978503568788122,9.071300028049736
1,20,0.38031898072427395,0.4434023657663032,0.22108969012223748,0.1809635092604948,0.16122839389678575,0.0805031731598391,0.019790616627607192,0.027202498912961857,0.8,0.7,0.6,39,13.763042388664257,8.862496367540578
1,21,0.3681707917923894,0.4220756330361387,0.2110291138044682,0.19293827129005126,0.38340807051472436,0.08694477987523087,0.023824154381343658,0.028051237922808718,0.8,0.7,0.6,40,12.553941363927157,4.772528465006719
1,22,0.35356534911636794,0.4013761459319951,0.19728248412525007,0.19218833880124367,0.27381701929227964,0.09418112244216104,0.01519093511851626,0.02464035255266862,0.8,0.7,0.6,41,12.437128600935791,4.230617005889652
1,23,0.3656782161347153,0.41288527517860624,0.2094602987742673,0.20793890322345665,0.13067104140798738,0.10826795577050581,0.01508114393979756,0.02811707163318285,0.8,0.7,0.6,42,12.348659818130166,3.8201217472125175
1,24,0.3523424005856088,0.4170785823109093,0.22006180312278162,0.20031626665204788,0.10157928197094544,0.09418112244216101,0.01519093511851625,0.02464035255266864,0.8,0.7,0.6,43,12.389717763075875,4.364979721722699
1,25,0.3680096337308835,0.46522018498883466,0.2838513528135251,0.2428307372354154,0.14550349245216523,0.1315268831569168,0.01805035366245613,0.0059938039315365005,0.8,0.7,0.6,46,12.847555571667268,10.258527692904748
1,26,0.37906319938791005,0.41763622614176804,0.22345373104606972,0.25121375831163084,0.22174737837361305,0.12434011590543784,0.01561934364940889,0.0547404937694533,0.8,0.7,0.6,48,12.73326976945684,5.627972180440451
1,27,0.32413037499300396,0.3521567374513768,0.1685548178932903,0.21475084359027924,0.369089533737509,0.1101021749335929,0.011131527686920729,0.01649229231982505,0.8,0.7,0.6,49,12.723351402187507,5.190498955978557
1,28,0.32209734432432147,0.3670671592491273,0.19043824328362308,0.2187368450379487,0.11213868780299242,0.10907766016692544,0.01086863912647133,0.016385463726823223,0.8,0.7,0.6,51,12.741072772204085,5.215459165236015
1,29,0.32306595226256096,0.36731116244130924,0.1913823237497722,0.22587183824115498,0.11551024064891492,0.11060681976991309,0.01201302728664829,0.0165057671947499,0.8,0.7,0.6,53,12.79732619968146,5.209280169323898
1,30,0.31612961362163844,0.37778138232097125,0.20837544452916879,0.2217230734547148,0.1037825859605932,0.10405075783574853,0.01033673460967225,0.01603927659733305,0.8,0.7,0.6,54,12.78152873175262,5.26501282095983
1,31,0.3178023564604567,0.3783953331664849,0.21000598828682632,0.23398431352689703,0.12870027638466164,0.10775687633890227,0.01058416766846297,0.016315993626912238,0.8,0.7,0.6,55,12.603738825380525,5.225284055850694
1,32,0.32817067635046776,0.3860270444035948,0.22023853595888734,0.2481163930904093,0.18264086866053814,0.12289489044482056,0.01041437929123283,0.020520346012951628,0.8,0.7,0.6,56,13.303068581740394,5.5526334612434844
1,33,0.32917531606667466,0.38639407286469146,0.22120627223412753,0.2499847203998723,0.13482531726480437,0.12445994654670407,0.011950655801142181,0.019902088321287252,0.8,0.7,0.6,57,13.515740265782338,10.481319154047334
1,34,0.6021253978213603,0.7137130008269963,0.5883951374400245,0.5881234426516214,0.4865583059109558,0.12630479748660975,0.4412639775788799,0.00841951546066005,0.8,0.7,0.6,62,13.008014551755355,10.471057686191504
1,35,0.595950920166773,0.7042077315219941,0.5817628931860817,0.5886639678401053,0.4843647034536947,0.13146846867107867,0.434725823581238,0.00599106866515472,0.8,0.7,0.6,63,12.954635108519144,10.389092593651284
1,36,0.5946837325717426,0.7194953875737141,0.6042841830477323,0.6037556669877715,0.4237250312066107,0.13146846867107867,0.4347258235812381,0.00599106866515473,0.8,0.7,0.6,65,12.984014189150884,10.249483651368
1,37,0.5880609030928919,0.7056968496378812,0.5965431602355306,0.6080160821345831,0.5660591628619694,0.1183309454952007,0.4480797702720397,0.01164659583596484,0.8,0.7,0.6,66,13.825131825258932,10.740977381780136
1,38,0.5847597788370706,0.7022649087292272,0.5932208827108487,0.6077771133926836,0.41491160371223795,0.1272416274418068,0.43725305806422166,0.007160591737633009,0.8,0.7,0.6,67,13.55232181389318,10.707079711320889
1,39,0.31787552666624225,0.4476882056224218,0.34934556407186385,0.3493702397115696,0.25910566671666585,0.11833097821807004,0.07118007139053699,0.01164658468154043,0.8,0.7,0.6,68,13.856342388079112,10.739249305179976
1,40,0.3360413345529989,0.48334212980612307,0.39143315491548086,0.38739265882203566,0.17009319925325053,0.1126269571313413,0.1037692815974544,0.01164657955313316,0.8,0.7,0.6,72,13.86084532239012,10.737766672399362
1,41,0.32164413816741955,0.46890332708186633,0.3770284502271568,0.3918757998345035,0.15622884413780355,0.11627929715632872,0.07909693125892378,0.01164658010510896,0.8,0.7,0.6,73,13.858070700859566,10.738826386470835
1,42,0.2960791975841872,0.41903425548460793,0.32622227695586736,0.3695932038159193,0.27278029363632117,0.11987795042939,0.05423710716322484,0.00598662245991366,0.8,0.7,0.6,74,13.790384084819555,10.76007101291884
1,43,0.30404032049857743,0.4381960760840211,0.356779478165066,0.39507761565931476,0.16797427607917623,0.1188746199728826,0.06988504450987662,0.01388015441118726,0.8,0.7,0.6,82,13.080889888185684,8.12697755413249
1,44,0.2920372147256935,0.44199407285242415,0.36832326143809635,0.40174213795140895,0.15927976701688934,0.12028914343822883,0.054831089113964095,0.01266553013388864,0.8,0.7,0.6,84,13.544305682531403,8.150547772466474
1,45,0.32220114591867693,0.48222039303238173,0.42068308238393887,0.45194668621205236,0.2517818713556226,0.11473270826407919,0.11533346337460856,0.0126627345423692,0.8,0.7,0.6,86,13.817723188563388,8.255926019572719
1,46,0.35718028483012143,0.5319802954983867,0.4789146694672085,0.5238735181268922,0.22220290070627233,0.11901865181795084,0.14814080203730356,0.03158695056078551,0.8,0.7,0.6,98,14.3325444703731,10.443537330928685
1,47,0.8002710584174676,0.9760810744644274,0.9415856699379318,1.0279277406643366,0.7103965460117944,0.10320748266267823,0.8370009361076012,0.013684711915960879,0.8,0.7,0.6,107,15.039692418292622,10.989379720383806
1,48,0.8514431422735833,1.0230386182026978,1.010241118559092,1.100330529812532,1.1282857870398244,0.10229627351111654,0.8952741777179813,0.0634899263023702,0.8,0.7,0.6,108,13.802437914029358,10.5495986029849
1,49,0.571828537822453,0.7587736256009305,0.7538537043086727,0.8492510562560682,0.48112935356228664,0.10335276825811383,0.5370326189264508,0.016948897854025598,0.8,0.7,0.6,111,15.07785199968588,10.585634324267318
1,50,0.4284190840038483,0.6225058388387797,0.6310036747987771,0.717632328918246,0.5088592054874506,0.11696804798487015,0.3218183510669167,0.0245603173912349,0.8,0.7,0.6,112,14.790086932998712,9.918750863594571
1,51,0.6061300012824767,0.7817975882228984,0.7845223893702842,0.8946032541318177,0.515997128448697,0.10229642698132904,0.5601384272026217,0.06348993279238595,0.8,0.7,0.6,116,13.815274385816592,10.56125969419281
1,52,0.6014349569997434,0.7883617612046168,0.8016157078592201,0.9083577562811143,0.5461726434048749,0.10229643510072524,0.5601342547926305,0.06348993269000106,0.8,0.7,0.6,119,13.333860617753157,11.160288365240548
1,53,0.6010519416217821,0.8050245158604457,0.8249926341335665,0.929287960403063,0.5148356926197999,0.10229643510072528,0.5601342547926305,0.063489932690001,0.8,0.7,0.6,122,13.440506547672054,10.99102542537038
1,54,0.6010519225811065,0.8050245158604455,0.8249926341335665,0.9325680510868555,0.5120254424466062,0.10229643510072525,0.5601342547926305,0.06348993269000106,0.8,0.7,0.6,125,13.408040731038032,11.039555953000354
1,55,0.5001489501950641,0.673626282978028,0.6956491318620462,0.8525277175653493,0.4904185368859589,0.11041311453220401,0.46739979970698364,0.00830607237932619,0.8,0.7,0.6,128,15.19435484687665,11.036738516227665
1,56,0.6168536459960035,0.786737344225694,0.8110686848889048,0.9895998002905151,0.5540752852481998,0.11041330362685071,0.6377138180973871,0.00830562040700462,0.8,0.7,0.6,132,15.18260121548133,11.058703899427822
1,57,0.5138717382799786,0.6980569804944958,0.7308589206387333,0.9003280063633908,0.46535459027136106,0.10083594891987264,0.5072051951551041,0.00551038673140025,0.8,0.7,0.6,134,16.026146993642847,10.940215460396503
1,58,0.5096511099178022,0.6878177721299243,0.7244202443845787,0.9028595357206151,0.48586382420725416,0.10061984060160686,0.5071971311323532,0.00550439724921046,0.8,0.7,0.6,136,15.711147099438644,10.166772418539876
1,59,1.5879951758356217,1.738107799309892,1.7749011956017977,1.9980873991405739,1.5474054508724422,1.0,0.17723084346216827,1.0,0.8,0.7,0.6,143,21.86956220154073,9.331667549193172
1,60,1.6618282637036454,1.8293660175791224,1.872617920316621,2.075240248289753,1.6000595183391413,1.0,0.28283003772945803,1.0,0.8,0.7,0.6,144,21.86947719896829,9.386798522782138
1,61,1.5872061579002326,1.7533682307369363,1.7974724915187332,2.007863160243093,1.5454340112435399,1.0,0.17748401222430482,1.0,0.8,0.7,0.6,145,21.774072772040977,10.114107486969068
1,62,1.6610401864526718,1.84462873934821,1.8951907883099977,2.091508082513235,1.5988444196156029,1.0,0.28308303338946983,1.0,0.8,0.7,0.6,148,21.77399564747642,10.1692386467539
1,63,1.5873589957763599,1.77083133559269,1.8214653667683969,2.021136500946676,1.5263436172610247,1.0,0.17793032740856346,1.0,0.8,0.7,0.6,149,21.90371089624268,10.114202575884198
1,64,1.6277265788999804,1.8098175032597514,1.8613057113572675,2.077772246050943,1.5870506048202175,1.0,0.2368539840981366,1.0,0.8,0.7,0.6,150,28.11190432542405,10.152995479617232
1,65,1.5852178557135859,1.7801191110478007,1.8409073000662626,2.0352964876933677,1.5991169012710373,1.0,0.1803995908025375,1.0,0.8,0.7,0.6,151,21.83860825582324,10.017153060787823
1,66,2.1574801273164543,2.420268288918614,2.5079965545135705,2.7828753388006793,2.1009420913885513,1.0,1.0,1.0,0.8,0.7,0.6,189,92.48603636669456,8.999655549581881
1,67,1.719160393130588,1.9567016668468886,2.0427295091139586,2.331682271660758,1.7826845184524385,1.0,0.38051886891923636,1.0,0.8,0.7,0.6,190,33.54204766512212,8.993700507707398
1,68,1.8062671848399847,2.057347322496379,2.152175735449385,2.457771017520395,1.7659281029917135,1.0,0.5083823876906258,1.0,0.8,0.7,0.6,196,92.64217687938137,8.95893918845398
2,0,0.7938893569384404,0.7736239903796688,0.33873725216448974,0.008447790255597692,0.0,0.0,0.0,0.0,0.8,0.7,0.6,1,14.936634624199538,28.02617248610205
2,1,0.6574976036785726,0.681076980553346,0.30450681532591134,0.06486922344476806,0.7873650621300577,0.07708477234366676,6.232732199128001e-05,9.98680594339e-05,0.8,0.7,0.6,3,12.115914789160048,12.373445082828963
2,2,0.5976090350973938,0.6276034635764914,0.2766974084195142,0.0817372492250111,0.39553422313217196,0.0951036732093555,7.266962819694e-05,0.00012803273902643,0.8,0.7,0.6,5,10.10842050789229,9.53493629870354
2,3,0.5931044223118609,0.6232578533927113,0.2738298625840004,0.09193778674631839,0.08497648972837403,0.08883351936877969,0.0056509815809446,0.00125620194201248,0.8,0.7,0.6,9,10.469942997838494,20.024262803885907
2,4,0.5845946253811212,0.6327131025572619,0.2960355366805855,0.10179158463723952,0.24317404906504336,0.10522474135390476,0.00016564374429497,0.00041095374928557,0.8,0.7,0.6,10,10.075959419548957,6.453556843462611
2,5,0.5665295866360291,0.6146262875880406,0.2850157077826862,0.10477261198341872,0.2610221752573258,0.09396851944875322,0.011977392342136151,0.00266255044454096,0.8,0.7,0.6,11,10.000542034655137,18.167546722462035
2,6,0.5631176655945676,0.6111091339270095,0.2836260299609835,0.11004668126971248,0.14020425242922824,0.09739021085630188,0.01097496479754154,0.00278999863032956,0.8,0.7,0.6,12,9.980421044211813,18.17890640636692
2,7,0.5425478099327854,0.590255632961381,0.2664200960565122,0.09911453394015067,0.1668190635745974,0.08924344322437314,0.00571059513445489,0.00112620641960338,0.8,0.7,0.6,13,10.3731536468609,9.061195247935643
2,8,0.5081946548039895,0.5693249688129075,0.27317084781519657,0.11980320664285961,0.35909400195262414,0.08717566180843213,0.026851492777526707,0.00903667522145232,0.8,0.7,0.6,15,8.746860866174194,15.561464133675088
2,9,0.5057592241381992,0.5841375566991784,0.29539663860294463,0.1258050067826747,0.10685329499150185,0.08717566180843218,0.02685149277752672,0.00903667522145233,0.8,0.7,0.6,17,8.48663866291664,14.702951785056138
2,10,0.43401368032138377,0.5066638145365826,0.23348296868706883,0.12487036389213592,0.0928605402721776,0.0597305682405974,0.00488548143005871,0.010759665943620971,0.8,0.7,0.6,28,11.334777476798765,4.06280917592245
2,11,0.42315652158459754,0.5122289849744615,0.24798103239094357,0.14445094112191584,0.06834881085742883,0.057471336601868074,0.00313555541563587,0.007103860615646671,0.8,0.7,0.6,32,10.621679962963276,6.736743230800309
2,12,0.39436408013234125,0.45125485999641024,0.20675188711565332,0.1797001167828338,0.15938758199055755,0.0540923075743875,0.03247149608882491,0.02022527096608409,0.8,0.7,0.6,40,14.516742225523236,6.449963251215014
2,13,0.39128236726148125,0.4478343129162975,0.20384473141206533,0.18784721772141513,0.07927511348302232,0.05157080880794681,0.03248986519051593,0.02012907016142042,0.8,0.7,0.6,44,14.57370692575439,6.828119532499087
2,14,0.3699605599438758,0.4582840662385784,0.23195118896019892,0.20697714330226208,0.18652060445964808,0.055003094843110834,0.01648722226192672,0.014746110002289689,0.8,0.7,0.6,45,12.531324140444235,6.707800512646463
2,15,0.364862582880818,0.4464355945928676,0.22930205566198725,0.21853712534414757,0.3058592817375175,0.05276177007257671,0.032985748184816734,0.01931163203587728,0.8,0.7,0.6,46,13.817165003298111,7.313016952119269
2,16,0.34932768386517365,0.40658288190752007,0.19154716708633415,0.19575272125967957,0.2877637584274444,0.05174782456430181,0.03315749821916117,0.02067658113644618,0.8,0.7,0.6,47,14.291943717156494,6.959411562212908
2,17,0.34734812347401123,0.40379328871099823,0.1897333188307634,0.20166805481145403,0.10108144852641629,0.05189529866534952,0.033051562360328454,0.02025743076448314,0.8,0.7,0.6,48,14.128841679158532,6.751569044418274
2,18,0.34967788609129047,0.41196039484378044,0.21763561444973437,0.23453031695706764,0.2690314035348408,0.07298986535134779,0.03938188120790068,0.02801496407126742,0.8,0.7,0.6,50,13.177628069928485,6.851963599138662
2,19,0.32780887988295926,0.3650412849955501,0.17224366484498557,0.22397308220076526,0.29090569550907264,0.06227396932801719,0.03884946378407371,0.028843141685305988,0.8,0.7,0.6,51,12.802617152884732,3.799474731191288
2,20,0.303544998340017,0.37792018482947365,0.21950646953347414,0.2680191392942853,0.22158431521334682,0.059310789614935376,0.0431375829548657,0.02875374455421239,0.8,0.7,0.6,54,12.976497660105016,5.119363087031116
2,21,0.30272264042481783,0.32809495067620414,0.16953343658094638,0.31518092916027723,0.13446631017979763,0.043026077722284436,0.060018883803436104,0.061843052657875416,0.8,0.7,0.6,69,10.27259123903306,13.910575564781498
2,22,0.2982551306764679,0.33770134879672353,0.18852048104946054,0.32498386621561387,0.1506325277761917,0.043026077722284436,0.060018883803436104,0.061843052657875416,0.8,0.7,0.6,71,11.343399517164343,15.544939926415962
2,23,0.3128947385174059,0.3732680159169464,0.22752804579546498,0.36307806996995756,0.1358639766779386,0.04764892976738599,0.06274499459343183,0.06956972017901872,0.8,0.7,0.6,74,10.295198266233804,8.097326471573465
2,24,0.27229179239995155,0.28931503942156556,0.15871263078589343,0.31830258073124734,0.3273915934108096,0.03888240508165876,0.06410912192495113,0.0638900269155363,0.8,0.7,0.6,76,10.510173791720014,13.639723196159377
2,25,0.27103987293512,0.26935762139158953,0.13328616444684252,0.30160807653848937,0.13677763767489842,0.03888240508165926,0.06410912192495145,0.06389002691553458,0.8,0.7,0.6,77,10.68452726180606,13.87378283267786
2,26,0.27067559335109126,0.2998538410960514,0.17996840878073514,0.33042711576469436,0.20623381197596338,0.04479579083168742,0.06492804225732927,0.06249802914943718,0.8,0.7,0.6,78,8.787954400171147,11.807352854576129
2,27,0.27030425549313636,0.28142261777605215,0.15546956562331934,0.3303079409831335,0.12443059452947472,0.043559883770872596,0.06237837209223844,0.0670240175341026,0.8,0.7,0.6,79,10.331560675407305,13.328404982584088
2,28,0.26270644681691424,0.30160218840544534,0.19406688261814314,0.3400645838444827,0.2598330876765193,0.04479579083168743,0.06492804225732929,0.06249802914943718,0.8,0.7,0.6,80,9.396103152817654,12.624237543795324
2,29,0.24527904933704994,0.24525918225982526,0.14718150742173483,0.3661950322788773,0.2532378153901582,0.0447845488668296,0.06664298660802939,0.06570124308230002,0.8,0.7,0.6,83,9.190343077364243,12.488890363551697
2,30,0.23100787816765378,0.20913586828906108,0.12641639912213673,0.3625028447077926,0.19011606777828813,0.048591197835532215,0.06783354700917542,0.0667665965788136,0.8,0.7,0.6,89,9.482330894693895,11.342935748231064
3,0,0.9810299381888721,0.8936040230544982,0.41337709559913915,0.015103411082714582,0.0,0.0,0.0,0.0,0.8,0.7,0.6,1,7.290168022,28.17628465
3,1,0.7868087386169077,0.7848896501560146,0.36812302177068623,0.0682139869927019,0.8488115623648543,0.0738631064,0.00010537590000000001,8.52373e-05,0.8,0.7,0.6,3,6.419471648,23.29063842
3,2,0.7537872744204249,0.7646258957879669,0.36415990320987734,0.09088357469488732,0.48772308026732136,0.1001368269,0.0007970287,0.0023654419,0.8,0.7,0.6,4,7.959424977,134.8901773
3,3,0.6900694925018023,0.72805515294969,0.3505961619861187,0.08339385674727202,0.4858510404054858,0.0892858566,0.00041214370000000004,0.0004181306,0.8,0.7,0.6,5,7.597723025,5.481619785
3,4,0.6859348299745309,0.7244185830320575,0.34801833659910214,0.08589420668903369,0.08430677224682046,0.0883549535,0.00034321769999999996,0.0003482033,0.8,0.7,0.6,7,7.341528131,5.410291378
3,5,0.6805410202850601,0.702054701048012,0.32057219450179153,0.08603600340674994,0.08583314440816696,0.0868117763,0.0002470279,0.00021269700000000003,0.8,0.7,0.6,9,7.576051594,6.186399765
3,6,0.678838225894205,0.7182983722462322,0.3440614038227196,0.09396426230615175,0.08156914816734502,0.0879556812,0.0003041243,0.00026648549999999996,0.8,0.7,0.6,11,7.799049127,5.818223373
3,7,0.6412932136356955,0.6865397981258937,0.3285002010809361,0.10831677412544331,0.48638356595775406,0.10109269489999999,0.000506364,0.0010192942,0.8,0.7,0.6,12,9.164915891,13.54904614
3,8,0.5999677460504499,0.6650624848377081,0.3267308978942825,0.11627537627392076,0.24324127359692013,0.0939608092,0.0014396203999999999,0.0031811749,0.8,0.7,0.6,14,9.29015258,12.95615544
3,9,0.5954543964175204,0.6785441655499568,0.3514901329016818,0.1244509908764704,0.14798245248334857,0.1064719022,0.0012314208999999999,0.0015680333,0.8,0.7,0.6,16,9.644678054,12.27067006
3,10,0.5854684264221213,0.6686172199731488,0.34257053259197096,0.11704211030845799,0.09225231868851798,0.0973351472,0.0012917233,0.0015776555,0.8,0.7,0.6,18,9.71667148,12.76411141
3,11,0.5694594889538884,0.6527209730200154,0.32954517446925913,0.1254046053887927,0.09523744572053781,0.070102527,0.018262610000000002,0.0042564889,0.8,0.7,0.6,21,6.845648118,5.660816759
3,12,0.5785430785724123,0.6617807640430391,0.34427767000862053,0.16149661306088678,0.23663312313523974,0.1006602923,0.012594366700000002,0.010244410399999999,0.8,0.7,0.6,22,8.342362851,12.88429075
3,13,0.577448806705067,0.6782307698461055,0.36752214059826965,0.16859148850077718,0.1007043499529542,0.1006602923,0.012594366700000002,0.010244410399999999,0.8,0.7,0.6,24,8.599442436,13.18709882
3,14,0.5308301163245557,0.6288742856665615,0.3385695173759925,0.17078713366213458,0.35400120920796446,0.10629758,0.0127643542,0.0102572077,0.8,0.7,0.6,26,7.601144085,12.16778527
3,15,0.5261620250041701,0.6414813573750712,0.35876436535956846,0.17886273550684167,0.10844453031764802,0.10406239930000001,0.012788281600000001,0.0103040181,0.8,0.7,0.6,29,9.607926469,6.987821496
3,16,0.5283036383661244,0.6611537597792266,0.3849420600360205,0.18343983749818027,0.10410208166517836,0.10474339399999999,0.013256723100000001,0.0129443021,0.8,0.7,0.6,30,6.889386085,11.71204085
3,17,0.4974592938694769,0.5759408780250402,0.28685568991686156,0.17214663669378943,0.10429484312357126,0.09473768169999999,0.009868195100000001,0.0035883374,0.8,0.7,0.6,38,8.550537433,6.058724625
3,18,0.4938772259108728,0.5684827832336521,0.29058475674191675,0.20014468689359532,0.2416891666498186,0.10457422229999999,0.017805700299999998,0.0181214897,0.8,0.7,0.6,40,8.745184898,6.331328736
3,19,0.47267592089079724,0.5799228521133849,0.3206839884292314,0.19683737553164346,0.24610681551552968,0.0829626023,0.0256910859,0.0243326723,0.8,0.7,0.6,41,8.699950172,3.452619092
3,20,0.43933046313917595,0.5455044027127,0.28863421773804104,0.21787079249259506,0.07758832623163937,0.07635843340000001,0.0113297543,0.0029753549000000002,0.8,0.7,0.6,51,7.394827087,4.357861744
3,21,0.435123910230031,0.5580170586158303,0.3093029739090936,0.22003395867665812,0.08524160098483889,0.07817715680000001,0.0102265261,0.0012812484000000002,0.8,0.7,0.6,54,8.090756007,7.070482713
3,22,0.4459241487862937,0.5855768912509298,0.3449031129161107,0.24593121429783554,0.1263971979223174,0.0961357697,0.009975813,0.0016404327,0.8,0.7,0.6,55,10.94557325,8.433726501
3,23,0.4272774745491156,0.5458642816084514,0.30555788459945865,0.22541227103173253,0.2482694022260884,0.0907048325,0.010354086299999999,0.0012552722,0.8,0.7,0.6,56,8.221874866,8.435474061
3,24,0.4055797261565235,0.5162282050716656,0.28920696081300656,0.23708447672711233,0.2513875947527274,0.09729413890000001,0.0104190777,0.0015928793999999999,0.8,0.7,0.6,58,9.664668744,8.83235826
3,25,0.3755498560616245,0.46423430019661965,0.23738038883521523,0.23922109043977044,0.12322337192926255,0.0736226864,0.0122097361,0.002529808,0.8,0.7,0.6,61,8.589560219,5.378749546
3,26,0.37624020100874334,0.46464483286331637,0.2381912693339801,0.24615199354416076,0.08039201648340547,0.0754973333,0.0121871224,0.0025066463,0.8,0.7,0.6,62,8.66690691,5.271942304
3,27,0.3648821864486631,0.46709870368057627,0.25223516709565375,0.23454648984838428,0.13402148128271937,0.0758130015,0.010338629200000001,0.0020653074,0.8,0.7,0.6,64,8.979066093,6.609484757
3,28,0.3645930079935601,0.48425689098379676,0.27592010063021033,0.25640319393581823,0.07101262961400595,0.0758130015,0.010338629200000001,0.0020653074,0.8,0.7,0.6,66,9.044658941,6.64351472
3,29,0.3637641641462396,0.5006650967114097,0.2991385170501272,0.2716555304781344,0.07453766380322319,0.0758130015,0.010338629200000001,0.0020653074,0.8,0.7,0.6,68,9.419776003,6.842039725
3,30,0.3664996782385887,0.5369657904199806,0.3502638032096777,0.29145966051875033,0.08870520750408402,0.08329166169999999,0.0107114167,0.0027762206,0.8,0.7,0.6,72,8.411439813,9.133591663
3,31,0.35414391282248087,0.48556384648559575,0.29117852465628075,0.2731635864086385,0.13596285462584431,0.08102478269999999,0.0104208405,0.0013473082,0.8,0.7,0.6,74,7.408672346,9.185501139
3,32,0.35567259166033444,0.5045198440233628,0.31667712357290684,0.2946565150011045,0.0789404259532612,0.0833411421,0.0104120588,0.0013350915,0.8,0.7,0.6,75,7.421147251,9.329542097
3,33,0.35418525471756307,0.5019398519758742,0.3154652158222372,0.2984143234820195,0.10984413571712441,0.0841240812,0.0105797272,0.0018297168,0.8,0.7,0.6,76,8.31731847,8.795054886
3,34,0.3401302273113645,0.5227750376015493,0.3493367573688312,0.31362872385841123,0.06465350470141765,0.0677912712,0.0104653362,0.0011947953000000001,0.8,0.7,0.6,79,7.484048628,9.188446912
3,35,0.33522212670133794,0.4732456352960516,0.2983170899248923,0.3059043983600072,0.21775239867050122,0.0851894939,0.0116133042,0.0023014186999999998,0.8,0.7,0.6,81,8.044981371,6.23628814
3,36,0.3304623775143615,0.46720798453718715,0.29372075459682384,0.30633736410185597,0.11130594191682111,0.082435364,0.0115596201,0.0023304908,0.8,0.7,0.6,82,8.043740642,5.869488815
3,37,0.3293982595652295,0.4823510567973891,0.3167480665189107,0.31792577165793723,0.09579176958232152,0.08330425,0.0119282767,0.0033697117,0.8,0.7,0.6,84,8.035259552,5.791147304
3,38,0.3261012754133929,0.5137298593501498,0.3613688176117779,0.3490471959951587,0.07763847465790635,0.08019326140000001,0.0118444649,0.0035506037999999997,0.8,0.7,0.6,88,8.146404246,6.066945492
3,39,0.3294750875327638,0.4995324094329421,0.3408152495447615,0.3372759666132793,0.07809466860649622,0.0799772626,0.013089160499999999,0.008073500899999999,0.8,0.7,0.6,93,7.999863804,7.628685036
3,40,0.32266242972008663,0.4862259096424188,0.3345058352662535,0.3551071488142508,0.2572449290748041,0.08780497649999999,0.012797901,0.0066586334999999995,0.8,0.7,0.6,94,7.503113644,7.210844529
3,41,0.3377976030926948,0.5493380275108122,0.4216136826481351,0.41418794033341055,0.13682586807570937,0.0652636929,0.039684484,0.0442148995,0.8,0.7,0.6,98,7.718979627,5.8999382
3,42,0.2986748165222836,0.41568161817694577,0.2628192363718085,0.3551263284771505,0.24636127929751614,0.08626957830000001,0.0110843102,0.0028586397,0.8,0.7,0.6,99,7.543933088,7.353463836
3,43,0.2899173121198167,0.42352328823360186,0.2779677266741681,0.355900026411078,0.09433615086122285,0.0766917953,0.011191295,0.0034162057,0.8,0.7,0.6,100,8.035947571,7.20540161
3,44,0.28901049661429445,0.4215307500539051,0.27702764363742327,0.35945612485728623,0.09821715127123969,0.0776128118,0.0112371608,0.0034554935,0.8,0.7,0.6,101,8.029899852,6.767267849
3,45,0.2874376654574457,0.43649097581101304,0.29934525215959445,0.37032591980733726,0.08419454114390841,0.0776128118,0.0112371608,0.0034554935,0.8,0.7,0.6,103,7.819098329,6.625283256
3,46,0.28860952123575645,0.41999051042638313,0.27657587536139283,0.38105912680767423,0.07402234324085885,0.0795400617,0.0114711072,0.0028465222,0.8,0.7,0.6,107,7.588239712,6.506389547
3,47,0.31256415385460573,0.5316913281284908,0.42020370915428973,0.44199124834250464,0.09785204010738491,0.0687048624,0.026391303999999997,0.0399517008,0.8,0.7,0.6,110,6.322342874,5.416415323
3,48,0.30680123108109086,0.5417886897420997,0.43830291774635793,0.4529005030374088,0.11451780148091512,0.06466096460000001,0.0264601717,0.040000904,0.8,0.7,0.6,112,6.559231283,5.697422439
3,49,0.2983155800768737,0.5112356152874507,0.4056091067210086,0.4453484638434911,0.19779403242597082,0.0696992786,0.028810467699999998,0.027560238999999997,0.8,0.7,0.6,113,6.634048514,6.096925759
3,50,0.29790552206368326,0.5281028132021879,0.4291130265899623,0.46283302751175043,0.09571309374472435,0.0696992786,0.028810467699999998,0.027560238999999997,0.8,0.7,0.6,115,6.087985983,5.703102889
3,51,0.2961767987448304,0.5216267868823996,0.4269885015470132,0.513668773015924,0.10471976790580353,0.0726988396,0.026737265599999997,0.0343778126,0.8,0.7,0.6,130,7.450098912,4.534428667
3,52,0.2745794471415111,0.4891296316260303,0.4041264830601545,0.5203474026604505,0.15045192969392904,0.0639161192,0.0303307251,0.030228251699999997,0.8,0.7,0.6,134,8.258752078,5.624098615
3,53,0.26928967991570635,0.4806938340175672,0.39838850301566814,0.5369275360003005,0.12277135466963261,0.0638425628,0.0304195006,0.028061679899999997,0.8,0.7,0.6,136,8.223793653,4.265023974
3,54,0.25515117048982244,0.5124570128469259,0.45497565313732746,0.5464723485044157,0.10109276274249943,0.068832279,0.0268099557,0.0158935269,0.8,0.7,0.6,144,8.528916503,4.880432751
3,55,0.2605837393517086,0.5155123807751866,0.459995555048274,0.5575738523126476,0.14051210286429922,0.078576105,0.026994016,0.0164433335,0.8,0.7,0.6,145,8.413025498,4.011731168
3,56,0.2578983327025853,0.5112175157188916,0.45702117016400834,0.5597156132326649,0.1236869835838621,0.0773229345,0.0273303509,0.016387533000000003,0.8,0.7,0.6,146,8.327615703,4.114219953
3,57,0.26808545866927175,0.5027373015708416,0.4430695247061294,0.5804592590835757,0.12475826007089043,0.0820697319,0.0266024214,0.0300252306,0.8,0.7,0.6,147,9.466983845,4.838203343
3,58,0.2347275848690126,0.4756424339994311,0.4313773177583637,0.5520971101621654,0.3061826839855153,0.0661654066,0.0273033796,0.015804132000000002,0.8,0.7,0.6,148,8.710601038,5.109047386
3,59,0.22720484735867205,0.4334951369341346,0.395900491217459,0.5207430066092668,0.11851348035020086,0.0707619654,0.0305634401,0.0224280246,0.8,0.7,0.6,160,8.432473235,4.208959012
3,60,0.2274283890709677,0.48607973416567873,0.46784798981377657,0.6175074178621532,0.09495788486661343,0.0690959102,0.0313420835,0.0246313826,0.8,0.7,0.6,162,8.586285861,4.226192002
3,61,0.22596211530476717,0.4833814724171019,0.46606621762534156,0.6202736927474493,0.11452922490468138,0.0714969677,0.030515638299999998,0.0219394667,0.8,0.7,0.6,163,8.282366897,4.232764978
3,62,0.22448087014840862,0.4286320045525525,0.3926283080999069,0.526277197816455,0.09442726517846561,0.0707547495,0.0305971467,0.0213097122,0.8,0.7,0.6,166,8.439721914,4.212895943
3,63,0.21866899564924955,0.44832657256501257,0.432112759490734,0.6472357233174336,0.15240992524384558,0.0747451673,0.030339475999999997,0.0216299409,0.8,0.7,0.6,169,7.904250435,4.107685629
3,64,0.21895511056202654,0.44772894402860586,0.43215361932279384,0.6612087186473097,0.10304554388779584,0.0765466625,0.0294425115,0.022094470999999997,0.8,0.7,0.6,171,7.89922407,4.531962162
3,65,0.21844308363206646,0.46360054984149174,0.45524810970444635,0.6681310975745923,0.10620758259724625,0.0771188538,0.029374888300000002,0.0223354626,0.8,0.7,0.6,173,7.878320646,4.723153593
3,66,0.21056677740501364,0.4486886960189146,0.44535696145111975,0.6722599206417997,0.15649976377746752,0.0752843431,0.029340314,0.0221117756,0.8,0.7,0.6,175,7.838869878,4.755892085
3,67,0.20700249740240054,0.4420773031355799,0.44089412753392876,0.6742650707530938,0.14658611270548705,0.0740767824,0.0301798555,0.021200206,0.8,0.7,0.6,176,7.86791519,4.429341816
4,0,0.9810299378285589,0.8936040230476392,0.41337709559913915,0.015103411096162502,0.0,0.0,0.0,0.0,0.8,0.7,0.6,1,7.290168022264575,28.17628465213149
4,1,0.7868087386408176,0.7848896498231123,0.36812302178075484,0.0682139870174688,0.8488115624265251,0.07386310640078395,0.00010537593706376,8.523727249469e-05,0.8,0.7,0.6,3,6.419471648215774,23.29063842228762
4,2,0.7537872745315547,0.7646258955475701,0.36415990328501346,0.09088357480834795,0.4877230785808399,0.10013682692571446,0.000797028747055,0.00236544193604338,0.8,0.7,0.6,4,7.959424977390197,134.89017733382568
4,3,0.6900694925434547,0.7280551531071769,0.3505961619995572,0.08339385673120936,0.48585104168637744,0.08928585659543085,0.00041214373084901,0.00041813059249925,0.8,0.7,0.6,5,7.597723024852253,5.481619784719836
4,4,0.6859348299785796,0.7244185831971365,0.3480183365926953,0.0858942066533624,0.08430677203377682,0.08835495346535399,0.00034321770170938997,0.00034820333352238,0.8,0.7,0.6,7,7.341528131391908,5.4102913784707845
4,5,0.6805410203072342,0.7020547012463384,0.32057219454921043,0.08603600342575304,0.08583314525220385,0.0868117763401456,0.00024702788220083,0.00021269704626974002,0.8,0.7,0.6,9,7.576051594172841,6.186399765261805
4,6,0.6788382258529648,0.718298372052659,0.34406140380063127,0.0939642622698539,0.0815691498947395,0.0879556811705174,0.00030412433440319997,0.00026648546235917,0.8,0.7,0.6,11,7.799049126586517,5.818223373400193
4,7,0.6412932136423934,0.6865397983715625,0.3285002010556578,0.10831677407821116,0.4863835675052095,0.10109269491491757,0.00050636398291249,0.00101929415791495,0.8,0.7,0.6,12,9.1649158905232,13.549046138694292
4,8,0.5999677461110514,0.6650624848313733,0.32673089792224436,0.11627537627754624,0.2432412722308473,0.09396080921215104,0.00143962041523279,0.00318117491263022,0.8,0.7,0.6,14,9.290152580320958,12.956155441223704
4,9,0.5954543963857758,0.6785441653770821,0.35149013289686254,0.124450990850242,0.14798245116748773,0.10647190220599381,0.00123142091027287,0.0015680332719911001,0.8,0.7,0.6,16,9.64467805390492,12.27067005885776
4,10,0.58546842644089,0.66861722006428,0.34257053256306247,0.11704211025323927,0.09225232128929203,0.09733514715670252,0.00129172332329308,0.00157765548237392,0.8,0.7,0.6,18,9.71667147982265,12.7641114148726
4,11,0.5694594890179003,0.6527209732651462,0.3295451745291858,0.12540460544262572,0.09523744358258691,0.07010252704799928,0.01826261001040713,0.00425648892373719,0.8,0.7,0.6,21,6.845648118005546,5.66081675930622
4,12,0.5785430785788106,0.6617807642209859,0.34427766997392467,0.1614966130121959,0.23663311985927096,0.1006602922548809,0.01259436673122083,0.01024441036590814,0.8,0.7,0.6,22,8.342362851289526,12.88429075072666
4,13,0.5774488066445143,0.6782307697942611,0.36752214056357385,0.16859148847836078,0.10070435026551723,0.10066029225488096,0.01259436673122083,0.01024441036590814,0.8,0.7,0.6,24,8.599442436247708,13.187098822060277
4,14,0.5308301162046263,0.6288742854349025,0.338569517295241,0.17078713354854136,0.35400121015019587,0.10629757996221181,0.01276435415432069,0.01025720766909087,0.8,0.7,0.6,26,7.601144084810315,12.167785274466024
4,15,0.5261620249201229,0.6414813574610623,0.35876436531866046,0.17886273546664777,0.10844452825908725,0.10406239925568136,0.01278828156000591,0.01030401813757139,0.8,0.7,0.6,29,9.60792646903766,6.987821496398412
4,16,0.5283036383650469,0.6611537598480787,0.38494206002598896,0.18343983750886428,0.1041020795084822,0.10474339397117641,0.01325672310338272,0.01294430211776571,0.8,0.7,0.6,30,6.889386085011052,11.712040845097563
4,17,0.4974592939380415,0.5759408778503665,0.286855689999416,0.17214663676919617,0.10429483993457596,0.09473768174050508,0.00986819513668056,0.00358833744079003,0.8,0.7,0.6,38,8.550537432666973,6.058724625298004
4,18,0.49387722582887594,0.5684827830637738,0.29058475668864786,0.20014468679327665,0.2416891640115297,0.10457422229422164,0.01780570025015654,0.01812148967707369,0.8,0.7,0.6,40,8.745184898006466,6.33132873560823
4,19,0.4726759208208211,0.579922852330189,0.32068398840595624,0.19683737553758066,0.24610681461456282,0.08296260230598947,0.02569108588543917,0.024332672270209778,0.8,0.7,0.6,41,8.699950172398887,3.452619091845715
4,20,0.4393304632388292,0.5455044031439493,0.28863421781945997,0.21787079258146244,0.0775883235931603,0.07635843344040497,0.01132975433849042,0.00297535493691941,0.8,0.7,0.6,51,7.394827086797494,4.357861744321903
4,21,0.43512391026907077,0.5580170586909361,0.30930297393618317,0.2200339586750337,0.0852416035492627,0.0781771568292676,0.01022652611762833,0.00128124838555948,0.8,0.7,0.6,54,8.090756007037545,7.070482713042415
4,22,0.4459241487409145,0.5855768910080872,0.3449031128447529,0.2459312141887927,0.12639719543698233,0.09613576966174489,0.00997581297049273,0.00164043266650227,0.8,0.7,0.6,55,10.945573248486678,8.433726500875864
4,23,0.4272774745619994,0.5458642818650332,0.3055578846502579,0.22541227107760678,0.24826939942310586,0.09070483254924584,0.01035408628585162,0.00125527223551081,0.8,0.7,0.6,56,8.221874866187836,8.435474061468629
4,24,0.40557972619929816,0.5162282051016418,0.28920696081554503,0.2370844767081029,0.2513875977277023,0.09729413888313368,0.01041907770435707,0.0015928794216359399,0.8,0.7,0.6,58,9.664668744367695,8.83235826004687
4,25,0.37554985604022334,0.4642342998831246,0.2373803888475424,0.2392210904320056,0.12322336950179036,0.07362268639227895,0.0122097361164709,0.00252980801162402,0.8,0.7,0.6,61,8.589560219172279,5.378749546257498
4,26,0.3762402009751689,0.46464483251391736,0.23819126934470075,0.24615199357531886,0.08039201865643672,0.07549733332766478,0.012187122391957659,0.00250664629036403,0.8,0.7,0.6,62,8.666906910017985,5.27194230431973
4,27,0.3648821865026675,0.46709870397724523,0.252235167104227,0.2345464898481196,0.13402148126549815,0.0758130014566032,0.010338629249599279,0.0020653074142853102,0.8,0.7,0.6,64,8.979066093380926,6.609484756916687
4,28,0.36459300800454064,0.48425689069055594,0.27592010063878364,0.2564031939242355,0.07101263235365206,0.0758130014566032,0.010338629249599279,0.0020653074142853102,0.8,0.7,0.6,66,9.04465894104037,6.643514719680827
4,29,0.3637641641400434,0.5006650966959748,0.29913851705870037,0.27165553045046664,0.07453766577221216,0.07581300145660318,0.010338629249599279,0.0020653074142853102,0.8,0.7,0.6,68,9.41977600285393,6.84203972454282
4,30,0.3664996782122285,0.5369657907806532,0.35026380322737943,0.2914596605217114,0.08870520887300813,0.08329166170854993,0.01071141671642274,0.0027762205989431002,0.8,0.7,0.6,72,8.411439812765732,9.13359166321264
4,31,0.35414391274342544,0.48556384614394876,0.29117852462330734,0.27316358639878235,0.1359628531748232,0.08102478265587053,0.01042084050054188,0.00134730820325143,0.8,0.7,0.6,74,7.40867234604144,9.185501139240015
4,32,0.3556725916667891,0.5045198436317933,0.3166771235723235,0.29465651502893486,0.07894042828677565,0.08334114210015617,0.01041205881549428,0.0013350914807428401,0.8,0.7,0.6,75,7.421147250965715,9.329542097282154
4,33,0.3541852548248743,0.5019398524066009,0.3154652159031334,0.2984143235591614,0.10984413859571011,0.08412408124513485,0.01057972724012774,0.00182971682783158,0.8,0.7,0.6,76,8.317318469628919,8.795054886251842
4,34,0.3401302272542117,0.5227750378144965,0.3493367573279797,0.31362872383788015,0.06465350630273169,0.06779127117254724,0.01046533619217269,0.0011947952776497199,0.8,0.7,0.6,79,7.484048628081903,9.188446912334332
4,35,0.33522212663440654,0.4732456349170681,0.29831708990602845,0.3059043983353982,0.21775239815295294,0.08518949390584647,0.011613304183057411,0.0023014186805312897,0.8,0.7,0.6,81,8.04498137134858,6.236288139842858
4,36,0.33046237756535335,0.46720798486484266,0.2937207546226652,0.3063373641675094,0.11130594138164307,0.08243536404661271,0.01155962006984994,0.00233049081609383,0.8,0.7,0.6,82,8.043740642168952,5.869488814859983
4,37,0.3293982595812269,0.4823510570625321,0.3167480664993878,0.3179257715898636,0.0957917708119648,0.0833042499782694,0.01192827665833822,0.0033697117450412995,0.8,0.7,0.6,84,8.03525955228135,5.791147304393268
4,38,0.32610127538191347,0.5137298592048976,0.3613688175968546,0.3490471959732329,0.07763847634701526,0.08019326142539505,0.01184446486405691,0.0035506037832012697,0.8,0.7,0.6,88,8.146404245590283,6.066945491657012
4,39,0.3294750875203145,0.49953240967587664,0.3408152494961707,0.33727596656969305,0.07809455286641055,0.07997726256039839,0.01308916046316862,0.00807350091478737,0.8,0.7,0.6,93,7.999863804374338,7.62868503589552
4,40,0.3226624296971051,0.48622590994629994,0.3345058352888979,0.35510714886637773,0.25724492702416374,0.08780497647386412,0.012797901026416009,0.00665863354176984,0.8,0.7,0.6,94,7.503113644022877,7.210844528508576
4,41,0.33779760312347495,0.5493380278241151,0.4216136826424753,0.4141879403306132,0.13682586637360614,0.06526369286638745,0.0396844840446937,0.04421489948324109,0.8,0.7,0.6,98,7.718979626981678,5.899938199976059
4,42,0.2986748164339389,0.41568161850243573,0.2628192362925928,0.35512632835989877,0.24636127709123717,0.08626957826022269,0.01108431016682487,0.00285863965971466,0.8,0.7,0.6,99,7.543933088216868,7.353463836267986
4,43,0.28991731211675226,0.4235232881572254,0.2779677266663858,0.3559000264348344,0.09433615186029001,0.07669179531703574,0.011191294976737,0.00341620569145537,0.8,0.7,0.6,100,8.03594757087367,7.20540160961442
4,44,0.28901049655296224,0.4215307498830332,0.27702764359688026,0.35945612485072304,0.09821715175519469,0.07761281179351874,0.01123716075093077,0.0034554934983174503,0.8,0.7,0.6,101,8.029899852424444,6.767267848668257
4,45,0.28743766543362065,0.43649097598654174,0.29934525211905144,0.37032591975222096,0.08419454031517054,0.07761281179351875,0.01123716075093077,0.00345549349831746,0.8,0.7,0.6,103,7.819098328962165,6.625283256282384
4,46,0.2886095212005871,0.419990510610285,0.27657587536695,0.3810591267912418,0.07402223327145845,0.07954006174177349,0.01147110716428914,0.00284652219522654,0.8,0.7,0.6,107,7.588239712449249,6.506389546668332
4,47,0.31256415382687136,0.5316913282390517,0.4202037091345217,0.44199124835725,0.0978523530234173,0.0687048624056498,0.02639130398984297,0.03995170077137009,0.8,0.7,0.6,110,6.3223428737186085,5.416415323448893
4,48,0.30680123104498874,0.5417886894460444,0.4383029177178195,0.45290050296423534,0.11451780341116953,0.06466096457755728,0.02646017172707677,0.04000090395077003,0.8,0.7,0.6,112,6.55923128263513,5.697422439313641
4,49,0.29831558005524494,0.5112356154726986,0.40560910670733347,0.4453484638698204,0.19779403013925878,0.06969927855867342,0.028810467707731567,0.027560239023290068,0.8,0.7,0.6,113,6.634048513972489,6.09692575929896
4,50,0.29790552203438553,0.5281028128866986,0.4291130265762872,0.46283302753273564,0.09571309047068093,0.06969927855867339,0.02881046770773158,0.027560239023290068,0.8,0.7,0.6,115,6.087985982749263,5.703102889179153
4,51,0.296176798696646,0.5216267872690593,0.42698850153239687,0.5136687729794799,0.10471977038841662,0.072698839593618,0.026737265603728237,0.03437781257979923,0.8,0.7,0.6,130,7.450098911881336,4.534428666792142
4,52,0.2745794471788079,0.48912963146308325,0.404126483058404,0.5203474026933563,0.1504519324008792,0.0639161192464806,0.03033072505182934,0.030228251691307467,0.8,0.7,0.6,134,8.258752078259954,5.624098615304603
4,53,0.2692896799168344,0.48069383433039153,0.39838850306440493,0.5369275360209687,0.122771356936341,0.06384256284300481,0.03041950058997544,0.02806167993558345,0.8,0.7,0.6,136,8.223793652620772,4.265023973783351
4,54,0.2551511705103796,0.512457013241902,0.4549756531344573,0.5464723484672918,0.10109276385778959,0.06883227899777658,0.026809955704864052,0.015893526892506272,0.8,0.7,0.6,144,8.528916502585506,4.88043275138618
4,55,0.26058373936017976,0.5155123808676579,0.45999555503442463,0.557573852323722,0.14051210509057047,0.07857610499070346,0.026994015975675228,0.01644333351769198,0.8,0.7,0.6,145,8.413025497870972,4.011731168076512
4,56,0.2578983326770747,0.511217515518538,0.45702117017629623,0.559715613198892,0.1236869818345438,0.07732293454190077,0.027330350853406,0.01638753301897184,0.8,0.7,0.6,146,8.327615703387211,4.114219952852667
4,57,0.2680854586118724,0.502737301918081,0.44306952466924143,0.580459259030013,0.12475825872687521,0.08206973190471135,0.026602421377526893,0.03002523055845685,0.8,0.7,0.6,147,9.466983844940229,4.838203342606742
4,58,0.23472758481088923,0.47564243408284923,0.4313773177251713,0.5520971101721659,0.3061826849970737,0.0661654066072384,0.027303379555341217,0.01580413198713013,0.8,0.7,0.6,148,8.710601037839957,5.109047386192381
4,59,0.22720484731346263,0.43349513718271154,0.3959004911539326,0.52074300655713,0.11851347949081208,0.07076196536008207,0.030563440064945702,0.02242802458824321,0.8,0.7,0.6,160,8.432473234625265,4.208959011921846
4,60,0.22742838909124713,0.48607973423794343,0.4678479898037281,0.6175074178126382,0.09495788342620495,0.06909591018807325,0.03134208350263766,0.02463138259607767,0.8,0.7,0.6,162,8.58628586144513,4.226192002405034
4,61,0.22596211525641705,0.48338147228804423,0.4660662175648781,0.6202736926715754,0.11452922704932514,0.07149696768614192,0.03051563826998243,0.02193946665272556,0.8,0.7,0.6,163,8.282366896608995,4.232764977792595
4,62,0.22448087007762513,0.42863200491011866,0.39262830803561877,0.5262771977912969,0.09442726339983232,0.070754749453295,0.03059714668248717,0.02130971217555806,0.8,0.7,0.6,166,8.439721914472393,4.212895943251746
4,63,0.2186689956956177,0.4483265723538619,0.4321127594887957,0.6472357233626913,0.1524099223523965,0.07474516726573593,0.030339475996303163,0.02162994094676777,0.8,0.7,0.6,169,7.904250434742698,4.107685628734889
4,64,0.21895511054979866,0.44772894423728793,0.4321536192811073,0.6612087185714092,0.10304554360346549,0.0765466624811755,0.0294425114528084,0.02209447101067851,0.8,0.7,0.6,171,7.899224070167382,4.5319621620660095
4,65,0.21844308366228402,0.46360055028811736,0.45524810973950686,0.6681310976381062,0.10620758290687465,0.07711885382411211,0.02937488834279788,0.02233546257635381,0.8,0.7,0.6,173,7.878320646405849,4.723153593206553
4,66,0.21056677736767607,0.44868869559165375,0.445356961435424,0.6722599206626624,0.1564997632787836,0.07528434309407847,0.029340313952150688,0.02211177563755998,0.8,0.7,0.6,175,7.838869877690622,4.755892084716584
4,67,0.2070024973673445,0.4420773033654708,0.44089412752031043,0.6742650707644274,0.1465861098083161,0.07407678242251943,0.030179855473283262,0.02120020597844649,0.8,0.7,0.6,176,7.867915190167748,4.429341816205096
5,0,0.8955004936635367,0.8412964189559969,0.380836420779757,0.012201754992977296,0.0,0.0,0.0,0.0,0.8,0.7,0.6,1,10.385365434075805,25.28487405062385
5,1,0.7153435426976612,0.7314458122190031,0.33938334932517694,0.07651623066895019,0.9221712930867343,0.08869560533848408,8.151410916156e-05,0.00021776232520176,0.8,0.7,0.6,3,9.326044099338072,21.03760617172733
5,2,0.6028199223900959,0.6327168213844973,0.2809710362425503,0.08318403818874978,0.5807380576781033,0.09868960815350336,7.334513905325999e-05,0.00016480148899956999,0.8,0.7,0.6,5,9.84769308611056,8.861623661522492
5,3,0.5986035975711604,0.6463004019610189,0.3031217858294174,0.09201226055356336,0.10819883504760341,0.10086248940786405,0.00012302860230299,0.00025005705177708,0.8,0.7,0.6,7,10.564209093999418,5.875313569196961
5,4,0.5915552958099539,0.6219251547187489,0.2733535265799933,0.09478275648995768,0.08957263768434119,0.09527904288775871,0.00023923674106460002,0.00053140657420147,0.8,0.7,0.6,9,10.36602139460644,7.657503803409435
5,5,0.5858112152368874,0.6163746626135173,0.2734845757223801,0.09859074561966841,0.22629009139986028,0.10709986879540896,0.00017796622599008,0.00064882591786342,0.8,0.7,0.6,10,11.053135197783998,8.521935190068687
5,6,0.5929771102276075,0.6410528477597418,0.3118798806578252,0.1293529407311292,0.29545242938250693,0.13767276083590985,0.0006470441305970801,0.00358333910528121,0.8,0.7,0.6,11,13.200650642699587,6.450767609346482
5,7,0.5587949343835742,0.5892353687217122,0.25597147832059464,0.1025015616000795,0.11317841170540684,0.10498841911156528,0.00030840472691734996,0.00053489970129045,0.8,0.7,0.6,13,12.097474341866995,8.2831224155351
5,8,0.5502342137454517,0.5980073908687077,0.2734630986352996,0.1171755769863768,0.13982875824515967,0.10203223314667229,0.00016484030167863002,0.00033809428265653,0.8,0.7,0.6,14,11.172842683027977,10.032327670220592
5,9,0.5446087342172186,0.5920649916261819,0.2707439166264061,0.12396498771508652,0.12471457835867958,0.10512489371904603,0.00023001647062360003,0.00044993493545392,0.8,0.7,0.6,16,12.62274340481045,4.811375556798056
5,10,0.5314287231186878,0.5782872596867763,0.26134803114130234,0.12347726729296594,0.19153248635808032,0.10251032992518401,0.00018825741262573,0.00034790039090138,0.8,0.7,0.6,17,12.2115613953274,8.2443305639936
5,11,0.5253334951625631,0.5720658677876272,0.25571342053568336,0.12105106252752722,0.09197084417335584,0.09677735656386,0.0001086476571961,0.00030322112467251,0.8,0.7,0.6,18,10.82250740970083,9.440053912936268
5,12,0.5179120356982935,0.5815577282223267,0.2751550350944708,0.12620563697794582,0.16807640125723977,0.09847944282145646,0.00016244942980405,0.00028986828119304003,0.8,0.7,0.6,19,12.582454612075288,7.941630939358879
5,13,0.5145410238088411,0.5602669753077687,0.24928511438104284,0.1205207635911452,0.10250054924076278,0.09930420551270536,0.0006600485524088,0.00031238913420568004,0.8,0.7,0.6,21,12.39155875749654,8.700382360358608
5,14,0.5110228516440664,0.57430642451947,0.26971166802010166,0.12386196405452918,0.0769049356555943,0.09484191355631438,0.00076228979855254,0.00032821219635861,0.8,0.7,0.6,22,12.444828126334142,8.469249684089425
5,15,0.5022698512666413,0.563755572635196,0.2664219223187803,0.15043881794501882,0.13045547119300926,0.0894333375583034,0.00916624591950535,0.01217473134992906,0.8,0.7,0.6,26,12.19907683965489,8.807900811936483
5,16,0.509631129336731,0.5885736837319496,0.2979118401179702,0.1705376798470044,0.10049363658618006,0.09924399465090616,0.00939850847475655,0.012228920546486161,0.8,0.7,0.6,27,13.68774685958076,5.038344403386622
5,17,0.4998303307610327,0.5785630695484588,0.2886445450942761,0.1626944454873243,0.09453546515065091,0.08943333755830343,0.00916624591950536,0.012174731349929049,0.8,0.7,0.6,29,12.188459005273009,10.209771480669088
5,18,0.5041419887011896,0.582202584531221,0.29451568288834973,0.17940651843512975,0.15033496136127553,0.0905836184465908,0.0211294549412179,0.01259190585075288,0.8,0.7,0.6,30,16.626770116475377,12.52753615261576
5,19,0.594311419610237,0.689858304565372,0.4087720002975206,0.26895572893433695,0.18630173216339202,0.17765339786782727,0.00304038397353855,0.06875800585595397,0.8,0.7,0.6,37,43.716170155600906,5.215488263404805
5,20,0.5572222110548214,0.6699586223234845,0.3964161390600179,0.2840937602127561,0.18022156044707044,0.16837051374005846,0.00177696905576772,0.02533057585139135,0.8,0.7,0.6,38,23.42908666906484,9.113698624218138
5,21,0.5322721977199834,0.6436639003159326,0.37408317077517705,0.27598096740173483,0.23391695470175097,0.14632709115619044,0.00204104972423322,0.02806193042677904,0.8,0.7,0.6,39,26.042628314448443,7.985334724154336
5,22,0.50111040605099,0.62208972849032,0.3772486784761289,0.22548369522648398,0.6017858338470233,0.153902165340899,0.0036691041542472997,0.03183423316520933,0.8,0.7,0.6,40,25.569385489619684,6.96343472733392
5,23,0.501021022043852,0.6219790668138786,0.3771798561409873,0.22547744158939487,0.14505062546296102,0.153902165340899,0.0036691041542472997,0.03183423316520936,0.8,0.7,0.6,44,25.47943432088341,6.876724065324978
5,24,0.48917198877511325,0.6261898005193686,0.390642442127631,0.25149047461670954,0.21065017920604803,0.14922984137943876,0.0033492661038525898,0.02887676998147763,0.8,0.7,0.6,45,24.758159302762643,6.623896027510312
5,25,0.48856532210340103,0.6254293699195126,0.39016937050488254,0.2514475013282342,0.14143746946216879,0.14922984137943876,0.0033492661038525898,0.02887676998147763,0.8,0.7,0.6,48,24.598630681186748,6.505860295632854
5,26,0.5025886995274855,0.6698864011954428,0.4556357809518386,0.29480436995722564,0.23877694981937686,0.15418322264273784,0.0424804086517487,0.02860877342426333,0.8,0.7,0.6,51,23.87690531597575,6.609857277080644
5,27,0.48597455248643445,0.6356545760764891,0.41512413635053386,0.2845760115994,0.15618203358109972,0.15320559726500738,0.02019622554642535,0.02854317724260297,0.8,0.7,0.6,52,23.33027837621252,6.355709057255198
5,28,0.4858446846275076,0.6530461437103334,0.43895441610240193,0.29295099885409653,0.15461840842169178,0.15320559726500738,0.02019622554642535,0.02854317724260297,0.8,0.7,0.6,54,23.561376275184013,6.586840745613858
5,29,0.4760006718521596,0.6414595926343133,0.4302096414343558,0.30241960124687184,0.17332418091559185,0.15263532073700126,0.01507717555707413,0.028498917335649947,0.8,0.7,0.6,57,23.112839726682857,7.014678439509336
5,30,0.4397889430345763,0.6398857830911437,0.4421560011320551,0.2591811855734708,0.12468908416884218,0.11856201014207579,0.00352555779235722,0.02964729220725944,0.8,0.7,0.6,59,23.96462471837152,6.594290309434276
5,31,0.42490674409607954,0.5855007006621283,0.3817237636745507,0.2655676015192712,0.28039151396187023,0.1173152511318507,0.00343615173204983,0.028866516140698573,0.8,0.7,0.6,60,24.630207939412703,6.2978624970830746
5,32,0.4251834470285025,0.6380623582228987,0.45398748734703476,0.30526212225673266,0.12215967815608178,0.11812899426946684,0.00355158359768811,0.02999591544070061,0.8,0.7,0.6,62,25.26777396748971,6.448475826437991
5,33,1.0123457271969094,1.1726958351956518,0.9986208667216335,0.9016111602076733,1.0280017205984444,0.1105676525144779,0.9133729232296129,0.02854310174136715,0.8,0.7,0.6,64,23.9578084294153,6.564932587389067
5,34,0.5379137007070659,0.7079293388206553,0.5492518868550028,0.4504314078255057,0.39875162566718114,0.1306608990414336,0.2354806923354212,0.0285418050163061,0.8,0.7,0.6,66,23.80759031911457,6.567002500269149
5,35,0.5375143942426162,0.7074738935906363,0.5488583927021446,0.45013088019101966,0.28671233088720993,0.1305422502132063,0.23520002840293563,0.028541674191899756,0.8,0.7,0.6,69,23.788622164387093,6.562845413886777
5,36,1.165924129284265,1.3162552059096955,1.1535308505757311,1.0790402682428382,0.9467311778575105,0.14268160813750957,0.29198759768233423,1.0,0.8,0.7,0.6,71,199.4623759443448,7.092125168964839
5,37,1.1242720621558437,1.2729852197077642,1.1120102795136582,1.037048809233643,0.8907849603543437,0.1439577870730317,0.23532813023917626,1.0,0.8,0.7,0.6,75,126.31167081145908,6.940965611076016
5,38,1.1521508604648516,1.276963237988603,1.1162670143818059,1.0883654409191448,0.9466323038398226,0.14341649792034078,0.29186796376478996,1.0,0.8,0.7,0.6,81,197.7354279629687,21.669698059441064
5,39,1.1576696371514803,1.299139323197514,1.1457422129910277,1.1011170753335064,0.9491085443885632,0.140703417129592,0.30505728199902454,1.0,0.8,0.7,0.6,82,232.7541266089729,31.96186240393315
5,40,1.138121615800022,1.2766877985699931,1.126226913490668,1.092112878452575,0.9479526337130717,0.13383625010185823,0.2919313357747651,1.0,0.8,0.7,0.6,84,198.1457939585289,4274.2903535428
5,41,1.1641641131773892,1.3491875306245773,1.223971804888736,1.1890635487684924,0.9664759628552793,0.14034488062731812,0.33594348369468846,1.0,0.8,0.7,0.6,92,200.8287716663655,7.418167406403156
5,42,1.16334963269885,1.347846729101787,1.223137689110997,1.1889877785477325,0.9537338485988063,0.14034488062731812,0.3359434836946884,1.0,0.8,0.7,0.6,94,200.28398379251132,7.197613373743189
5,43,1.159332231164743,1.3768810084346153,1.266901804717461,1.2328136638463874,0.9712273520914408,0.13930265134816705,0.33592567583090843,1.0,0.8,0.7,0.6,96,200.3612324276397,7.520630793548531
5,44,1.1319070008491068,1.349305740860065,1.2394694607382986,1.2188925128687251,0.9201055172511765,0.1441260856276419,0.29167737840995606,0.9998635547913833,0.8,0.7,0.6,101,196.2737166281348,11.250614727354566
5,45,1.1306235844402526,1.3825699374110054,1.2860271150103189,1.2750023577792904,0.9216810234331712,0.14349413999868862,0.29168634477088423,1.0,0.8,0.7,0.6,106,196.33333761953543,11.030704718554173
5,46,1.2034884533146735,1.40819317648119,1.3100447665315427,1.3289952955863567,1.0785382857888146,0.14222502045843716,0.4220415005441828,1.0,0.8,0.7,0.6,110,199.0756001015971,6.836778572178241
5,47,1.1391684719280386,1.347837717029917,1.2678504923469012,1.2585370025139841,1.2557956267353174,0.13768684029181105,0.36308865384873223,0.9969519133394709,0.8,0.7,0.6,111,194.3704958941469,105.18103490747993
5,48,1.0941080476153076,1.3117812593119007,1.2655591826422197,1.2964939758551735,1.0515098839064563,0.13412310937891897,0.34433438743852335,0.9976404866153723,0.8,0.7,0.6,116,195.6080720694488,98.10395413936068
5,49,1.1084511815097358,1.3416454163732383,1.30340397989065,1.3328926289844243,0.9771065785080268,0.14130153855183075,0.35832387155783374,0.999337193266436,0.8,0.7,0.6,119,196.32907516757848,195.73899424262305
5,50,0.35032503603739473,0.6980609990963946,0.7107914391250959,0.7655047622148723,0.2176107711978192,0.15043874272068405,0.06292787696632882,0.0822684196678268,0.8,0.7,0.6,159,30.59058789498108,9.198676043516253
5,51,0.33650850022491996,0.6864675635790414,0.7168739184850255,0.7866235198661389,0.286311865227726,0.1512378711069736,0.05577139839401797,0.09080442380327189,0.8,0.7,0.6,163,31.34478401718934,14.457826752459647
6,0,0.9278696353828026,0.8615536685015606,0.39343850041593803,0.013325468672566227,0.0,0.0,0.0,0.0,0.8,0.7,0.6,1,8.984310757700282,25.805085276702027
6,1,0.7357780607424476,0.7466123322755185,0.3461404670474499,0.07066398091054361,0.9056968988725729,0.07989684113849183,8.634958137045e-05,0.00013270845059919,0.8,0.7,0.6,3,8.210642291380408,20.76405108417869
6,2,0.6419410324612079,0.6683248274429956,0.2998349208522981,0.0785116655915137,0.4683543531686398,0.08785321948432358,7.443960773013001e-05,0.00011103007865842999,0.8,0.7,0.6,5,7.912574060993526,9.192801061860912
6,3,0.6388201213978891,0.6832029800262598,0.3225843130260739,0.08343210944686782,0.0903009488395669,0.08941489696555607,9.195378662016e-05,0.00013794716970997998,0.8,0.7,0.6,7,8.293062177750935,8.945033632516406
6,4,0.6232721276348737,0.6516137398469318,0.2906746923309309,0.08643025253748811,0.22430895952533866,0.09194884931546268,7.525760371481001e-05,9.953201393339999e-05,0.8,0.7,0.6,8,9.70558779756485,7.273935590327653
6,5,0.6141686921556361,0.64292565718969,0.2839927205018087,0.09189884972279382,0.12020424581937607,0.08736218213962207,0.00027568711859366,0.00034869124864337004,0.8,0.7,0.6,9,8.506874353761743,8.940839216069083
6,6,0.608337023403273,0.6376105607329928,0.28152959545254785,0.09025464145731199,0.14348091768972562,0.0904695056716697,0.00010313443012294,0.00012668652418527,0.8,0.7,0.6,10,9.163404183640475,8.368526658538785
6,7,0.5784869307031411,0.6088877908206017,0.2625756931552862,0.09506164552913056,0.3127448844804435,0.08677742555249197,0.00014098200328564002,0.00021794342697644998,0.8,0.7,0.6,11,9.14151508012311,7.056047619241074
6,8,0.5778756783594576,0.6083104267230678,0.2625448271001028,0.09799048444952382,0.08411914067575545,0.08790516131808045,0.00011788364299187,0.00018914413110423,0.8,0.7,0.6,12,9.006388191575862,7.334431377333959
6,9,1.8647884177456437,1.9307078629668202,1.602946047572042,1.4112849008201254,1.50425126486514,0.08962533806305409,1.0,1.0,0.8,0.7,0.6,13,11.231189298944503,9.157486543976644
6,10,0.5526134010901895,0.6006893299046046,0.27150664391566465,0.10592805752069626,0.1938285848066817,0.08201031816894505,0.00514087097363147,0.00524173023415086,0.8,0.7,0.6,14,9.362543307286632,7.293445253926897
6,11,0.5168245287394219,0.546641863177191,0.21945768130046706,0.09270484333100265,0.2663916674343971,0.06627550318658383,0.00522909815614388,0.00223593359920926,0.8,0.7,0.6,15,9.015776655622552,7.573127041060537
6,12,1.2691364255200666,1.351342407476506,1.0454604991160312,0.8698204383614931,0.8428990639480647,0.07090403601772075,1.0,0.09846917934272684,0.8,0.7,0.6,17,8.100304656121686,8.3708158697141
6,13,1.3258764566405117,1.4079474585463154,1.1029736792506093,0.9355838842676347,0.8974075058231293,0.07311653629971973,1.0,0.19386582951619216,0.8,0.7,0.6,18,8.11768279408552,8.185231253327798
6,14,1.6275046799824908,1.7086270915586677,1.4096002818743152,1.2473744234829929,1.3404927941180564,0.06754934860256091,1.0,0.7286498038099581,0.8,0.7,0.6,19,10.608980098160718,9.170448850076806
6,15,1.614987763911564,1.7123311763410527,1.424915436279409,1.2535285840048416,1.255742162700936,0.06754934860256091,1.0,0.7286498038099581,0.8,0.7,0.6,21,10.666038093681667,8.095230491895899
6,16,1.4062895021248423,1.502713633768706,1.2187015075396452,1.0634595209287474,1.0329822686796288,0.06808322916723088,1.0,0.3935866172520606,0.8,0.7,0.6,23,9.022177829723848,8.438165236901247
6,17,1.4069785207330407,1.5208374411072585,1.2436361497921657,1.0789121788483613,0.9977604552165261,0.06840000830770428,1.0,0.3960262600794634,0.8,0.7,0.6,25,9.040510695673923,8.084832958106578
6,18,1.4066975555568215,1.5203388477782729,1.2438694471002443,1.0802409184920514,1.0028620957353582,0.06846087989722463,1.0,0.39834151801970813,0.8,0.7,0.6,27,9.079898345712746,7.934174122373389
6,19,1.1663961401861742,1.2621843764774754,0.9803142173283699,0.8238095140267028,0.7800136719094072,0.060740486513158484,1.0,0.01194172627170253,0.8,0.7,0.6,28,10.29990195944404,9.221542936958723
6,20,0.47478998369978076,0.5859588059536321,0.3169956642237286,0.15634252309614288,0.24180333146642635,0.06737296200218787,0.0319554580293318,0.00498336605154579,0.8,0.7,0.6,29,8.159702899462834,7.920095030245023
6,21,1.758848052644101,1.850327178387952,1.5805192968797455,1.4520956388628743,1.4446416406719065,0.09477477975947088,1.0,1.0,0.8,0.7,0.6,31,12.47608129292968,9.518242542400367
6,22,1.1280162740156368,1.2359787714660184,0.9751058700472658,0.8238246071197596,0.7825286789238249,0.05433282076610339,1.0,0.01203210681670897,0.8,0.7,0.6,33,10.984333961724856,8.356290989813578
6,23,0.43355672544667145,0.5558720243555669,0.30835477556631896,0.16785562244133437,0.12937799535773026,0.05612776950834962,0.03382022378723086,0.004857928811621949,0.8,0.7,0.6,36,9.750908711905762,9.986231326047266
6,24,1.7138319610034345,1.7973461156683124,1.5442002927958343,1.4545569468973132,1.5441802644874625,0.08366258829530555,1.0,1.0,0.8,0.7,0.6,37,12.38364136255156,10.231778038135996
6,25,1.7041157831845197,1.8027227865025015,1.560340101325628,1.455402265024507,1.4027599507326167,0.08294792678659615,1.0,1.0,0.8,0.7,0.6,40,11.851896470220431,7.2973233855672675
6,27,1.699885872443645,1.794154587580301,1.5589157079802867,1.4703200796143987,1.4971925657469556,0.09586783127031376,1.0,1.0,0.8,0.7,0.6,42,12.340761964132932,7.114051589779606
6,28,1.688383793266936,1.7612491717113739,1.5254918857829454,1.4646831597169268,1.5226135356131,0.09605868550384647,1.0,1.0,0.8,0.7,0.6,43,11.491984973395072,7.386361291997158
6,29,1.6728585627768089,1.7603787882769697,1.5351803743953978,1.4729016831365307,1.4735807600713913,0.08686031730337494,1.0,1.0,0.8,0.7,0.6,44,12.737078441460833,8.258756156588719
6,30,1.6594207803675793,1.7242653349735848,1.4996883461853625,1.4859196056408739,1.4130500086774207,0.08681078929694447,1.0,1.0,0.8,0.7,0.6,48,14.91572727778286,13.071910749934686
6,31,1.6440105047149967,1.702894952465257,1.4858700717506728,1.4918652018487193,1.4618771813676816,0.08507841187491395,1.0,1.0,0.8,0.7,0.6,50,15.363352065125502,12.958014093678289
6,32,1.6423712751332333,1.7000081596663144,1.484508535190582,1.4956055755809707,1.4071647525245845,0.08651500814087192,1.0,1.0,0.8,0.7,0.6,51,15.057670140814912,13.094031561791972
6,33,1.6367408445777651,1.690746311943999,1.4795809854784596,1.4971769975110578,1.4073712508162712,0.0892744813574426,1.0,1.0,0.8,0.7,0.6,54,15.328040398008543,10.201757699495854
6,34,1.6341636343558101,1.686047698965924,1.4773476597746784,1.5042725447326246,1.4346089994118993,0.09155615005613757,1.0,1.0,0.8,0.7,0.6,55,15.134797928801154,13.444626593633028
6,35,1.632920611917834,1.7188346777397592,1.5241441868876322,1.5164698049330916,1.405726623701316,0.09280616892419265,1.0,1.0,0.8,0.7,0.6,56,13.774560393208713,11.557819083155024
6,36,1.6306685894271506,1.7154424821480747,1.522033908488582,1.5162781260822582,1.3901253810169836,0.0928061690585194,1.0,1.0,0.8,0.7,0.6,58,13.828788455986592,11.192188793609516
6,37,1.626920926871502,1.693478347742634,1.4944326449847098,1.522391776708587,1.3779102797322773,0.08974178574750373,1.0,1.0,0.8,0.7,0.6,61,13.779218008642422,8.070014955967657
6,38,1.6303747709876109,1.7133903298922752,1.5219511772609562,1.527901874960641,1.3927276509820872,0.0967550796622192,1.0,1.0,0.8,0.7,0.6,63,15.403354027602113,10.736811937178024
6,39,1.6114644750912723,1.7040312659159946,1.5276044522876742,1.543169370486007,1.4808118272125208,0.09167719406200239,1.0,1.0,0.8,0.7,0.6,65,13.633003529305885,8.25085366027487
6,40,1.5947324613632454,1.6743889740471398,1.510928929369466,1.5489022057462756,1.442546710519347,0.09751544188755878,1.0,1.0,0.8,0.7,0.6,70,13.921203720374924,8.627145644729149
6,43,0.9014825510020781,1.0741924675217354,0.9605081626993222,0.9617595180643324,0.7071068378161067,0.06475160823143113,0.07307859666476377,1.0,0.8,0.7,0.6,95,11.398718615522464,15.48213442583963
6,44,0.8897519340977534,1.0202065721713451,0.9001371813265624,0.9474716237347305,0.7342578628273433,0.06643817673874217,0.06826051031424377,1.0,0.8,0.7,0.6,99,12.156138455241337,16.917584828357644
6,45,0.2807004077209369,0.42915929304045297,0.3150440127276035,0.3240511975135485,0.12933381333246918,0.060093279040790606,0.03452775628406185,0.03161312975754945,0.8,0.7,0.6,100,14.481405109512728,28.91224747111016
6,46,0.26923294794537234,0.4788944363108909,0.39806878526274747,0.3809366644594485,0.18883676022053505,0.060285564104478793,0.03447120549645308,0.03160373614564537,0.8,0.7,0.6,102,14.70464726505224,28.52617921622129
6,47,0.2691102740872977,0.47867310737596036,0.3979308176021241,0.38092362269388913,0.09213846062861214,0.06028450313486067,0.03447160246879484,0.03160378518083165,0.8,0.7,0.6,106,14.585618821852256,29.01224852932268
6,48,0.8607752754079168,1.033143534348372,0.9413990760690922,0.9906042140482186,0.6888890464232114,0.06421888491564293,0.04880000681076997,1.0,0.8,0.7,0.6,109,12.877329555413926,20.18510346379548
6,49,0.25097591339608993,0.4145113550054643,0.3300566443125392,0.39712268060340494,0.14191807243214252,0.05983305469803803,0.03020294676077878,0.028641099143541238,0.8,0.7,0.6,113,13.308942995296356,17.04957694976042
6,50,0.84872147068884,1.040345941253729,0.9742841814443444,1.0288785739285906,0.7520123948580595,0.06821638677881296,0.05323942156439208,1.0,0.8,0.7,0.6,115,13.348229505168728,16.742127330971822
6,51,0.8322029131526973,1.0105905189248845,0.9548122073266367,1.0248277011993159,0.8157751799470702,0.06564213555250267,0.05254842322840288,1.0,0.8,0.7,0.6,117,13.135308358638396,17.449400158450967
6,52,0.8274851929851941,1.0922610007904772,1.069426724893272,1.0851241235208275,0.6891060071508913,0.06428439677802372,0.04938507168395982,1.0,0.8,0.7,0.6,123,12.400108464472396,19.88496636867439
6,53,0.8400313518145065,1.028190343536962,0.9846860675439065,1.0753160610449246,0.8667033090851657,0.07482360036405933,0.06441282043788925,1.0,0.8,0.7,0.6,124,13.461094433471631,11.444975098813297
6,54,0.8231772574397558,1.0058169656020874,0.9663857277438505,1.094527356317375,0.7025079387138643,0.07316258389767481,0.04974571343301305,1.0,0.8,0.7,0.6,132,11.9259311180566,21.460011755710525
6,55,0.8334487651623068,1.0137276243935354,0.9759911704118247,1.1233891589040534,0.7158195979321486,0.07923982884264964,0.060508584941140975,1.0,0.8,0.7,0.6,134,13.066245543879877,20.19785786734077
6,56,0.8195423384866176,0.9985719487419974,0.9617454478611228,1.1226547335585537,0.7454579612564992,0.0737444097945673,0.048577376266725966,1.0,0.8,0.7,0.6,135,11.512109229635811,17.500547126191478
6,57,0.8408969212205579,1.004836491228903,0.9598466534134797,1.0891125370755754,0.713825594035012,0.06026763294824079,0.09125434228798908,1.0,0.8,0.7,0.6,152,14.093290545064992,25.18464807300529
6,58,0.2597950354070017,0.44035419261976144,0.40241442521417864,0.5768193068042293,0.16325871282096713,0.05805083443293907,0.06914324570153416,0.06165866302098231,0.8,0.7,0.6,154,15.00008131438926,22.90355975669678
6,59,0.8249963526785735,1.0415422944456976,1.034666332881994,1.2198084394346769,0.7686825709615737,0.056484817295676205,0.09535653591351109,1.0,0.8,0.7,0.6,158,14.290107161513822,22.302999802905585
6,60,0.8038884298050439,0.9437808364816462,0.9341654140398485,1.1304206233032406,0.8836990975246586,0.054894737285318164,0.09471397043948923,1.0,0.8,0.7,0.6,160,14.863199198521974,23.83737960021076
6,61,0.7815986199698527,1.0401203134794674,1.0957895002318727,1.2848899652612573,0.7189178607320972,0.07332772773427787,0.06459119025973438,1.0,0.8,0.7,0.6,184,14.15031315248384,12.51706858185077
6,62,0.7810028549294898,1.073193798135577,1.142542294076244,1.3383651870827766,0.7060897958665352,0.07387381486044706,0.06455673245974568,1.0,0.8,0.7,0.6,192,14.231787338589196,12.604133821089524
6,63,0.7785300858523904,1.0666390614468433,1.1385904754873621,1.3485346035691639,0.7207881440093282,0.07437861473530775,0.06445564952477516,1.0,0.8,0.7,0.6,195,14.194600566814284,12.68595297986582
6,64,1.433080718523193,1.7220355105354588,1.7934489015802666,2.0049952891557075,1.3626874443043562,0.0732430384719949,1.0,1.0,0.8,0.7,0.6,199,14.092526340778855,12.411595095377375
7,0,0.7437625141530163,0.7376744864012074,0.3163729973929441,0.006453586576903944,0.0,0.0,0.0,0.0,0.8,0.7,0.6,1,16.606243580967792,26.64263285843274
7,1,0.608504152839217,0.6375366737954765,0.28006688356514137,0.06906884600188984,0.8629909266365311,0.08584595390082342,6.031679009419e-05,9.2986869449e-05,0.8,0.7,0.6,3,14.120849001029068,11.722280200636645
7,2,0.5384543808109434,0.585885353788957,0.26463574574543186,0.07908148334823652,0.4498827353866058,0.09764671020291223,0.00026017678848601003,0.00040109934608303997,0.8,0.7,0.6,5,12.978882361657035,5.391890478626579
7,3,0.5282602217821218,0.5572162352125308,0.2357719676850228,0.09129154273366287,0.13506334888425597,0.10440472635380689,0.00015508876908568002,0.00025524038168284,0.8,0.7,0.6,8,13.41837661271514,6.001152121634087
7,4,0.5260491149185522,0.5549029746179532,0.23401767448797783,0.09362189504296833,0.09684742511026734,0.1033784752854876,0.00015064718460673,0.00023887196004189,0.8,0.7,0.6,9,13.366376004359116,5.912167582675495
7,5,0.49930189871659286,0.5260814408381436,0.21441024340079906,0.08972558239106869,0.3077969058786951,0.09700016767910095,0.00042795318623863,0.0010214443967883498,0.8,0.7,0.6,10,13.623022499214011,7.549106641675973
7,6,0.4852682722865561,0.508614860447427,0.2078398225952219,0.1150277085036348,0.361020353609264,0.09675093555840955,0.00429024500984512,0.0157928851835425,0.8,0.7,0.6,11,13.495132884799528,5.674668497987781
7,7,0.48416745904471453,0.5248971318573794,0.23098002188504102,0.12118614682395656,0.09588305288138216,0.09675093555840955,0.004290245009845111,0.0157928851835425,0.8,0.7,0.6,13,13.379554570231845,5.672219022432617
7,8,0.4688927099660002,0.507929790436652,0.21862019244739647,0.1224766029106744,0.20073910089625108,0.09060042542999136,0.00429912637869369,0.016025768647617362,0.8,0.7,0.6,14,12.420750184950482,5.922897751518898
7,9,0.4500216331171308,0.4848940282483412,0.20476377127108206,0.1268574825733069,0.20008505471117613,0.0920875192834718,0.004312209988720559,0.01611828232725921,0.8,0.7,0.6,16,12.477018123841878,5.429461209669992
7,10,0.44963524517484227,0.46686099801546455,0.18053443121719284,0.1200869471028995,0.09080371364633688,0.09208751928347177,0.004312209988720559,0.01611828232725921,0.8,0.7,0.6,17,12.432192140362792,5.370234522050473
7,11,0.44963051515920044,0.5019755824205812,0.2284010753800485,0.14319560295072703,0.08641269208547218,0.0920875192834718,0.004312209988720559,0.0161182823272592,0.8,0.7,0.6,18,12.41059581500243,5.341041190703349
7,12,0.45700186287989525,0.4914990255775751,0.21214232955742046,0.14436844780296623,0.1097701386255883,0.10265854108228896,0.0043515079277266795,0.016398359527283298,0.8,0.7,0.6,19,12.726126298080375,5.715513029769015
7,13,0.4475088157887983,0.49924110201513855,0.22692081267160177,0.1532782498779877,0.0924281717668432,0.09293722060868208,0.00431884181982743,0.015951440264031218,0.8,0.7,0.6,22,12.538340470849048,5.713897815230482
7,14,0.4363628187503856,0.503745830414705,0.2415525095173955,0.1571714105243937,0.13050413582965614,0.0888838968943584,0.004352111392896161,0.01610688363483976,0.8,0.7,0.6,24,12.708490647943211,5.3578520214851855
7,15,0.45044955415325316,0.5177183791209856,0.25574241256852137,0.1808330245199331,0.10376996874945002,0.10992309201954042,0.00444402811127427,0.01219332181358878,0.8,0.7,0.6,25,14.999983407604052,6.70372489700016
7,16,0.4371024264818175,0.5037894015730222,0.2429115260257109,0.17049634587426757,0.1010050332638033,0.09325389381146329,0.0043937959944986196,0.0161052374105598,0.8,0.7,0.6,27,12.644349336954452,5.326360515807971
7,17,0.4523118449107138,0.5325905767596149,0.28526106625035247,0.21296830722391094,0.29924214959308293,0.08534219652896383,0.029560455840015747,0.047665897673225634,0.8,0.7,0.6,28,12.091427708672445,4.240783626889345
7,18,0.452311850036356,0.5501504110568808,0.30919594163565944,0.2319485664652983,0.11757636854887774,0.08534219370797817,0.029560457317118538,0.04766589405825884,0.8,0.7,0.6,30,12.091427762866466,4.240783857681003
7,19,0.4438141810017216,0.5565953145213137,0.326216196286346,0.23928096125394532,0.15202945971692683,0.08534219314378122,0.029560457612510038,0.047665893769237064,0.8,0.7,0.6,33,12.3137914167496,4.457595932962217
7,20,0.44404812532156307,0.5734623038064408,0.3509331138895267,0.2508792404862148,0.1576215080936984,0.08562863400511658,0.03134827171530053,0.05054872319697541,0.8,0.7,0.6,34,12.251400410584102,4.273734863176826
7,21,0.4323756222100094,0.5425842632040805,0.316560491464373,0.24753462886120095,0.17953979119872154,0.08127781218398736,0.03094220548360337,0.047329875425155585,0.8,0.7,0.6,35,11.872389825718065,7.286050725043808
7,22,0.412745532894829,0.48604519767087745,0.2496424059523552,0.21152617415212016,0.10793743317757401,0.1049731759193292,0.010280728703051741,0.01459961352959514,0.8,0.7,0.6,43,15.239657885086672,6.923257670570037
7,23,0.4052408000415824,0.48960237807862,0.26878281287146955,0.23181749018125436,0.22497492353121323,0.11361360436706999,0.01635246189701306,0.01326837240582251,0.8,0.7,0.6,45,17.464624148017528,8.240397241776117
7,24,0.3914458584265103,0.5070537840023991,0.30416549007617727,0.2385409119948647,0.12796743669553037,0.10919797525163577,0.01536962466575616,0.013707175730400409,0.8,0.7,0.6,51,17.456342167353966,10.603117896274394
7,25,0.3847222688609436,0.495307031975732,0.2986101370018766,0.2803150513020422,0.1620112352117352,0.1110006035858699,0.02282995543635431,0.010328403548227021,0.8,0.7,0.6,54,15.57140156410244,10.024588600870164
7,26,0.3832635535982675,0.4934297012199216,0.2972391797413824,0.285917971531851,0.12301321592325448,0.11112434492516945,0.0218360762368319,0.01042738571049802,0.8,0.7,0.6,55,15.609636787851718,9.938000971659925
7,27,0.3761512233709831,0.5031584940096754,0.31421137984899133,0.3071662618847733,0.11210991370154537,0.10492386872962936,0.02160729785883924,0.00973969466058061,0.8,0.7,0.6,58,15.754022480312075,3695914.613893116
7,28,0.3911070084983309,0.48203423924251027,0.28169105155409924,0.3029117293113023,0.15852136732484676,0.11558694841479736,0.03065279772945187,0.01426604836296097,0.8,0.7,0.6,59,16.08281373079007,9.831832932272098
7,29,0.38213935288816203,0.5222183621242058,0.3449374589486729,0.3222788995534485,0.2160473726591251,0.11477920173537955,0.02747502541069393,0.01558992496524288,0.8,0.7,0.6,60,15.980218846551946,9.182483603150349
7,30,0.3819305476395926,0.5394679184057156,0.36867941670377563,0.3376827614782976,0.1218689391410465,0.1147792017353795,0.02747502541069392,0.01558992496524286,0.8,0.7,0.6,62,15.863947193051471,9.243375662206349
7,31,0.3800144096651867,0.5012478348578134,0.3190795202839401,0.32220308129361086,0.15517498530134535,0.11539566410330049,0.02898347658286669,0.01388428934347731,0.8,0.7,0.6,63,16.394069835357197,9.600456051749983
7,32,0.36553510144068313,0.4974897884634889,0.329275237410695,0.33526552392799036,0.21389982080147435,0.11236379342158782,0.03064670409167914,0.013881015368212651,0.8,0.7,0.6,65,16.982379938258752,9.100405103512449
7,33,0.9211605869593521,1.0527277317799297,0.8849400337110999,0.8745564565612146,0.6814018099904763,0.07427862704927442,0.8666459803770256,0.01660808725233496,0.8,0.7,0.6,67,15.057897161898168,6.06265719988756
7,34,0.3663669623082539,0.462201113246789,0.28231299696321704,0.34212512334036477,0.13841477999735158,0.11030445076399598,0.03005248131472562,0.0217864012821697,0.8,0.7,0.6,68,17.18565374855815,8.5387399889745
7,35,0.36590952023703516,0.47817376895116137,0.30586672303337675,0.34453167291453274,0.15396966580445798,0.11232764937030984,0.030142119488632817,0.02165854218002865,0.8,0.7,0.6,69,17.1092864361486,8.621810734454064
7,36,0.3655850513392582,0.4772556901843549,0.30557840465853914,0.35111889717434175,0.1403778592959775,0.1132614735800623,0.030172933592573108,0.02162462191669624,0.8,0.7,0.6,70,17.187244117390218,8.580997519728559
7,37,0.3539665599722269,0.5156544177238372,0.3658949221773337,0.3640318748230979,0.15256694261869008,0.10741043435822499,0.03423190287694508,0.01320626281164829,0.8,0.7,0.6,72,16.55799457980034,9.077938718029555
7,38,0.3954248207215133,0.5387469799085214,0.3834655845218919,0.4205258012721356,0.1678812636866692,0.1007696530110331,0.10353855909396552,0.012719279827981201,0.8,0.7,0.6,75,16.131821503009924,9.249621990412804
7,39,0.3531870869149299,0.5128831319323632,0.3651794319438909,0.3841725462874829,0.1353255614238265,0.11416953586203753,0.02464358396578064,0.01982853418076732,0.8,0.7,0.6,77,15.868610219733103,8.590844142185974
7,40,1.0146035912679034,1.1308243753471279,0.9787146251682379,1.0645871398802504,1.0032394150407187,0.10481402112766672,1.0,0.019620849669072928,0.8,0.7,0.6,78,15.425263204082333,9.133559025768069
7,41,1.0838779988776133,1.2329869369609137,1.0957859130268344,1.1468062847623568,0.9220973048516498,0.09298891481923253,1.0,0.15664681448490733,0.8,0.7,0.6,79,16.445131596039005,8.975433208863798
7,42,0.9908686474538057,1.1300646380263741,1.0021454367443525,1.0732752811047586,0.9055050694588813,0.10168272512594756,1.0,0.014454237846667339,0.8,0.7,0.6,81,16.223915251804833,8.76244368806961
7,43,0.9842691997636158,1.0978651025055168,0.9709053067730695,1.0850580122286322,0.9797758266118299,0.10391267070929382,1.0,0.01942880865410469,0.8,0.7,0.6,82,17.694178684259903,8.061339246589556
7,44,0.9714376563103212,1.0552852441807423,0.9322749611714184,1.0706810031150358,1.0516520797161113,0.10677412569517757,1.0,0.01944912846900449,0.8,0.7,0.6,83,16.46422510486709,8.873883631894246
7,45,0.9577831644798727,1.051298239783731,0.9411688411052037,1.0820601893780089,0.8736896340791913,0.10129890346313383,1.0,0.01953056654517274,0.8,0.7,0.6,85,16.062440395909565,7.931823259391209
7,46,0.9527733507491905,1.0416384561657313,0.935256058946198,1.090797648562347,0.8396125481551326,0.1014391859795448,1.0,0.01976945015718025,0.8,0.7,0.6,87,16.95000282337165,7.630490731080178
7,47,0.9563618004772617,1.1155802909269654,1.0346615661090264,1.1065336897324336,0.7969390564607226,0.10350825841915931,1.0,0.02302117258723342,0.8,0.7,0.6,88,16.592617659027628,8.075735622287484
7,48,0.9509786569021578,1.0732218493640269,0.980976639317644,1.093773254932919,0.827310691776588,0.10241121418559718,1.0,0.01869770805749147,0.8,0.7,0.6,89,15.71176682624512,8.48837314065649
7,49,0.94929282831763,1.084356281683902,1.002226309628393,1.1113860015740498,0.8896919974679576,0.10350825841915927,1.0,0.023021172587233442,0.8,0.7,0.6,90,15.699312657813412,8.297162335941477
7,50,0.9505616195907675,1.0856149608663699,1.0034927744200148,1.1116357520663342,0.798100071052217,0.10298043023544964,1.0,0.02585802168608629,0.8,0.7,0.6,91,15.716521830321316,8.3411492884357
7,51,0.9492205957197959,1.1017770554260564,1.0260746142775603,1.1282272184734892,0.7971750978037526,0.1035082584191593,1.0,0.023021172587233428,0.8,0.7,0.6,93,15.780416847935584,8.267063847722826
7,52,0.9361877541729545,0.9938958460149988,0.891777252263389,1.109183191232551,0.8136208502697875,0.09454025349630872,1.0,0.025584314104435207,0.8,0.7,0.6,99,18.49288436929625,9.039496601138666
7,53,0.9380909471530892,1.0005939238973727,0.914455102905776,1.1425015887497387,0.865290292287064,0.1142121013168792,1.0,0.023612718706696338,0.8,0.7,0.6,103,17.38183870080902,13.467467099512977
7,54,0.9331601810732717,1.024999723511089,0.9558541646504235,1.1691005156979446,0.8588555215399963,0.11539433921362623,1.0,0.02289462662776506,0.8,0.7,0.6,105,17.563744294603186,12.86042116687911
7,55,0.9122056275716792,0.9566002526813732,0.9020909767316535,1.164668058680098,1.0722372139204546,0.11514050868422758,1.0,0.03116766517279827,0.8,0.7,0.6,107,18.60048511718002,12.102047607424122
7,56,0.9076792471268398,0.9510232188837878,0.8972496743340876,1.1701026231258536,0.8166778070799223,0.1110904301120835,1.0,0.03051753903420417,0.8,0.7,0.6,109,18.05724191395459,9.206516042204084
7,57,0.9048228969962354,0.9402725432727184,0.8917934992839714,1.1729246751947773,0.8759801646975099,0.11623003327756198,1.0,0.02909753832604737,0.8,0.7,0.6,111,17.7162643515624,11.920960306879795
7,58,0.8858646131264369,0.9339745850986626,0.8951363570384905,1.1716041737231442,0.8767358501729255,0.10404824174718941,1.0,0.01998081492857376,0.8,0.7,0.6,112,18.32155683208825,7.028559241348692
7,59,0.861348008113612,0.8597488560277329,0.8353379821179566,1.1638564796545643,1.3154729471965538,0.09895876900569812,1.0,0.024069211960608718,0.8,0.7,0.6,113,20.77311450991899,7.544623375457784
7,60,0.8639808080847732,0.8609349454888906,0.8373356311145641,1.161542721383924,0.8135840829283826,0.10302266471683044,1.0,0.02420681140038815,0.8,0.7,0.6,114,20.529100074071685,7.638391866133909
7,61,0.8562644831367424,0.8640126798950717,0.8510013447663277,1.1754886226340842,0.898637552532543,0.09895876900569815,1.0,0.024069211960608718,0.8,0.7,0.6,115,20.58573513031026,7.75478422902951
7,62,0.8540173052719667,0.8581352855300822,0.8473450216596656,1.1813481014765568,0.8481141357749281,0.09895876900569814,1.0,0.02406921196060871,0.8,0.7,0.6,116,20.47908870062941,7.893997922515208
7,63,0.8511255348464177,0.8505235616764732,0.8426318366046078,1.1809823496948904,0.8659171173016327,0.09904236501782844,1.0,0.024055245357950568,0.8,0.7,0.6,117,20.39430995961049,7.8625577278293886
7,64,0.8304144154667655,0.8427598390778707,0.8609600568804415,1.2066481770417994,0.8275363517677462,0.09054865081853083,1.0,0.022750137529051858,0.8,0.7,0.6,125,18.480625822875066,7.278660836989743
7,65,0.8228338741800723,0.804330441914308,0.8239764207920396,1.2095172812380375,0.9805302588718314,0.09032330704928829,1.0,0.02276112520072863,0.8,0.7,0.6,126,18.656745781408294,7.517454255972672
7,66,0.8227436935758496,0.8216349236662958,0.8477525677822878,1.2438380907562805,0.7863963469873902,0.09032330327969844,1.0,0.022761124478812338,0.8,0.7,0.6,131,18.604799907642533,7.606814224364382
8,0,0.9614727321950739,0.8819821355077684,0.40614709080888617,0.014458765621361216,0.0,0.0,0.0,0.0,0.8,0.7,0.6,1,7.929008993338263,24.45948790809596
8,1,0.7825795794016721,0.7812640304176324,0.36517954850297085,0.06629316872518935,0.8008328172893147,0.07157953165868101,8.920717202655e-05,0.00011475456258784,0.8,0.7,0.6,3,6.0659241381799625,20.393550697207136
8,2,0.6990521528547775,0.7181311484697624,0.33156359554701303,0.08313161776125311,0.4396292332304376,0.090324341112374,7.594025691915e-05,9.588245432058e-05,0.8,0.7,0.6,5,5.606133481469816,8.831284416139324
8,3,0.6987603522825616,0.7354851253845913,0.3554609519680741,0.08910441260510835,0.07470623145956005,0.09061728044091825,7.963263718494e-05,0.00010054446754692,0.8,0.7,0.6,7,5.63392828979604,8.462613451154546
8,4,0.6679377626756999,0.7072845810053668,0.33278863755079924,0.0785125761774553,0.19660834900720978,0.05895689208898967,0.00606927332227475,0.012706422539026829,0.8,0.7,0.6,8,7.366194520542112,19.697216360671234
8,5,0.6678510431811382,0.7072144623623762,0.33275572396542374,0.08043137759920632,0.05999508930453227,0.05892405198378227,0.00603013721837683,0.01284379048676339,0.8,0.7,0.6,9,7.387516265760794,19.723799777801613
8,6,0.5940721480852792,0.6412197554857009,0.29352752988119407,0.08479328612639986,0.7299724347178296,0.07209791000346097,0.00324232450440366,0.0065897558743708605,0.8,0.7,0.6,10,6.649221458272118,8.772839491934684
8,7,0.5938460484478361,0.6585655043624714,0.3173292429018883,0.09257893036522287,0.06457378268838272,0.07209791000346095,0.00324232450440366,0.00658975587437087,0.8,0.7,0.6,13,6.639650345089632,8.85143638380986
8,8,0.5937793870694581,0.6760623747538012,0.3412249038721412,0.11130215478027859,0.0644960151346965,0.07209791000346095,0.00324232450440366,0.00658975587437087,0.8,0.7,0.6,14,6.62792856828965,8.974066791137005
8,9,0.5932858241559086,0.693173652430377,0.36498256826979225,0.11468836798905624,0.06553381327232191,0.07470729282045104,0.0024856694453445098,0.00444301480989295,0.8,0.7,0.6,19,6.990851766780521,8.416308999172799
8,10,0.5909454293369336,0.6917309507691013,0.3737074713789916,0.1446373481537872,0.2161534424496021,0.05368829399685945,0.0627551073216954,0.00459204028743615,0.8,0.7,0.6,21,5.993106580219241,16.42548633215982
8,11,0.6061288203633597,0.6894181827525683,0.3694571808245017,0.18042045638125928,0.2270071291655558,0.06884755916524958,0.08252955173796848,0.00629205639211395,0.8,0.7,0.6,22,5.866358409662515,10.25173106025244
8,12,0.5151774485814236,0.6335066504163576,0.3295243004472911,0.11773721993026504,0.054214867206240545,0.04144081855981724,0.00118941896978386,0.00025161348100818,0.8,0.7,0.6,26,5.8007217539085385,659.9544035315222
8,13,0.5039658254032191,0.6044559881431695,0.2986129248245701,0.11753026945748081,0.14693420831570986,0.042155405340808236,0.00109816343441454,0.00016409181858974,0.8,0.7,0.6,27,13.613024519008482,782.6502479110321
8,14,0.5023539885580965,0.6204029837280717,0.321013084622892,0.12095245261691502,0.03518018291846261,0.03962629067179258,0.00193052508324045,0.00022094991305609,0.8,0.7,0.6,28,23.42671125177085,3686.016780947942
8,15,0.5035387793083456,0.621574250910258,0.3222732243328181,0.13268999858899302,0.03674482016218195,0.042155405340808236,0.00109816343441454,0.00016409181858974,0.8,0.7,0.6,29,13.591408028396984,782.2504347743427
8,16,0.5544350382804514,0.6899158742327447,0.3982426987372546,0.17933192544176083,0.09910005078518117,0.062313384812783625,0.05134989678456324,0.00482156502336826,0.8,0.7,0.6,32,5.9508520719613225,12.172623348373383
8,17,0.5558927021707996,0.7089324057780022,0.42364622030951016,0.186094145159708,0.09046903959698516,0.05189823024130315,0.0643573076684836,0.00601409079407337,0.8,0.7,0.6,33,5.724227365912787,16.834201742399088
8,18,0.4916540695043496,0.6612089778010882,0.3900662498481123,0.16641713870508187,0.23872263344601372,0.03499730351803695,0.02483899198381025,0.00010972038250584999,0.8,0.7,0.6,34,5.911149954186616,429.70998953517335
8,19,1.138623287084969,1.3081861272888995,1.0370810258850756,0.8252007966031264,0.6936069676606058,0.047364186867020056,0.9351051370173945,0.00010474901200121999,0.8,0.7,0.6,35,8.89485129851483,9.31851041003133
8,20,0.4847458434948421,0.6360590634139334,0.362180971741674,0.19660793931010384,0.1370098792251843,0.03846118809037604,0.02378181321946449,0.00012665017041137,0.8,0.7,0.6,36,5.913767840633946,19.00343121657389
8,21,1.1541538722782787,1.3209216205260585,1.0620367474910435,0.8797128150256298,0.9520350542352961,0.0452219237431717,1.0,0.00237178951964422,0.8,0.7,0.6,37,4.986577647905519,7.835701063110167
8,22,1.1466527239676898,1.3123661246467337,1.0570140706855646,0.888592015735588,0.7823498051952996,0.0462103883829883,1.0,0.00237573373224047,0.8,0.7,0.6,39,4.989507210787686,7.837055083290772
8,23,1.1462117519982566,1.311853104158418,1.0567295259736467,0.8943862193313161,0.7413277560209114,0.04632331141540874,1.0,0.00237761230554784,0.8,0.7,0.6,41,4.990309598948365,8.002904346271823
8,24,1.074957637539803,1.2536973476976505,1.0170610852214663,0.8576796973659888,0.8455321294913665,0.049359621178474575,0.9341573076308108,0.00237295383873953,0.8,0.7,0.6,43,9.113167303720708,8.632218362362542
8,25,1.0679657564780387,1.2818041763389385,1.0579678394728929,0.8774380907908612,0.6882501574437067,0.04894540388358556,0.9248006978940264,0.00237292604063953,0.8,0.7,0.6,47,9.497553091875451,8.50153442254288
8,26,1.04575215771932,1.258761519605614,1.036867518454461,0.8833405938995819,0.686162399587117,0.0494029604825397,0.898703121643847,0.0023722735061109503,0.8,0.7,0.6,50,4.852284777619284,8.366051574054081
8,27,1.0718016872354503,1.283823553337133,1.0641373214231638,0.9048852090109584,0.7558017553652837,0.04331799578018928,0.9380741400152605,0.0160594703949273,0.8,0.7,0.6,51,8.473924474201363,8.736002592110413
8,28,1.1084016184337906,1.303179218711564,1.076418958730382,0.9340316083006918,0.7667014420392207,0.04285666846551872,1.0,0.00287085714201059,0.8,0.7,0.6,52,5.140907309696692,9.109971083095552
8,29,1.0679598956205032,1.2790944707672653,1.0613250556621394,0.904947127376366,0.7196828360510925,0.043596189293255774,0.9382472211476449,0.01605895466960865,0.8,0.7,0.6,53,9.766994974493862,8.929948168836619
8,30,1.1017291899324402,1.330026931873543,1.11948138222898,0.9744943136025555,0.7440522515825053,0.04386524644337986,1.0,0.0030199936377303003,0.8,0.7,0.6,59,5.71499155040159,6.289430420386058
8,31,0.5139655295891685,0.7382712889064315,0.535570975194881,0.45798640047224093,0.1766719576235019,0.048774992550820365,0.0943470392658973,0.10140968822171734,0.8,0.7,0.6,75,15.489807913748724,16739.767209354046
8,32,0.5237236518856982,0.7823387345885079,0.5938569525975264,0.4973631196220398,0.196969383733747,0.06561476980054629,0.09359486023275591,0.10122339815898744,0.8,0.7,0.6,77,13.964390780110003,16466.883775981893
8,33,1.16834106823349,1.4047983801600292,1.217823334426933,1.1761238454788285,0.9051306426185284,0.2578257850976748,0.047653938159992894,1.0,0.8,0.7,0.6,80,10.440320520346038,292.72318506643285
8,34,1.162749486432742,1.4280651498084986,1.2637950008642278,1.2125163951894486,0.9041416756046688,0.2684886367485842,0.05616810788507627,1.0,0.8,0.7,0.6,85,8.527860999741689,273.62376306684274
8,35,1.1480982945093259,1.4252270663294029,1.2750401880800968,1.2220007425992185,0.9486035343941022,0.2684886367485842,0.05616810788507627,1.0,0.8,0.7,0.6,87,8.672338268332544,277.68775830508224
8,36,1.340829354656637,1.6138592989910205,1.4690404647652633,1.428118180605175,1.123738405540788,0.5111339913521468,0.06862644424997397,1.0,0.8,0.7,0.6,89,10.89098179864935,543.6863070240095
8,37,1.1697625634018545,1.4417961033685507,1.2982428112792754,1.2624976953652047,0.9197227939126965,0.29309177441688944,0.07679735043181093,1.0,0.8,0.7,0.6,90,8.123447941298355,263.3068490880488
8,38,1.223093841337647,1.494878148002829,1.3516393991286317,1.3196463304204848,0.9499708540655292,0.3604945564957459,0.07678600626761083,1.0,0.8,0.7,0.6,91,8.70504775411138,262.72096519589326
8,39,1.343072902879101,1.6145935855420688,1.4716992105058329,1.44350653844953,1.0714782258062254,0.5176677876379224,0.06948334454470444,1.0,0.8,0.7,0.6,92,11.216053787643592,549.9358567818246
8,40,1.5793531071903857,1.8090953871223343,1.6615213212726978,1.7057082479426606,1.3471982017373496,0.862136895311172,0.034342988552399936,1.0,0.8,0.7,0.6,98,12.063927761138295,3257.520619520956
8,41,1.1392031572239325,1.3961894227722944,1.2703005434605434,1.2926445494888856,1.1117104136326472,0.3244378010531014,0.042597642689457524,1.0,0.8,0.7,0.6,99,14.206193391356114,250.62085506301256
8,42,1.511632289680596,1.7243277469372562,1.5954214836808314,1.670772281250342,1.520567506935987,0.7894843552846872,0.06684790664437645,1.0,0.8,0.7,0.6,100,20.345630964612884,3264.3536533698466
8,43,1.1409436163386855,1.374608330581553,1.2725698558295047,1.3436820137961853,1.2854892007913934,0.325861105883668,0.10030277443134208,1.0,0.8,0.7,0.6,101,8.429810194343426,266.3708543525891
8,44,0.3798271741222078,0.6458991187121322,0.5589616271352269,0.5649641648124453,0.20094267163218413,0.09824625044677712,0.09914162963838198,0.04216116587851189,0.8,0.7,0.6,103,19.285185313064503,104.47962607912146
8,45,1.1333294661654243,1.3915576186516234,1.3117797821329473,1.3748985449658186,1.0269521776182389,0.3366392568685749,0.09798017871286714,1.0,0.8,0.7,0.6,105,18.950672066634365,276.21435358936145
8,46,1.1392209757118594,1.4140726308905847,1.341507384855329,1.389763664610471,0.9554907574214498,0.3326517617689507,0.11278210951836772,1.0,0.8,0.7,0.6,107,17.750516395886102,271.0108860877151
8,47,1.1228087072696602,1.3760231793646716,1.3006879016956305,1.393659650995068,1.0238224074425397,0.3339235316359959,0.0956858950169838,1.0,0.8,0.7,0.6,108,10.732385388189105,277.6048112461012
8,48,1.1277002547550254,1.3772866668110375,1.3051058455837496,1.3928680126846489,1.0222306865953525,0.33098678836493073,0.1127718981241638,1.0,0.8,0.7,0.6,109,19.591135041210872,269.79606891394644
8,49,1.1232171668438269,1.371844286495794,1.3004939421617774,1.4060705380586223,0.9446355867864806,0.33629943689899583,0.10206503172610537,1.0,0.8,0.7,0.6,114,10.050213232629904,278.2851202990965
8,50,1.1151013605670377,1.3577206680518974,1.291470704167203,1.3980685927312066,1.0667725985711516,0.34312479342222246,0.09336903411774525,1.0,0.8,0.7,0.6,115,9.79514717565661,270.46505963569297
8,51,1.1377684943114237,1.3968800455846653,1.3379566967465433,1.4585013917010268,0.9722672493808009,0.34574110420140286,0.12483281588600736,1.0,0.8,0.7,0.6,118,11.734771618323496,284.6831493467438
8,52,1.126862963398713,1.3838936509630146,1.326661869737936,1.4530503594707647,0.9967353484371169,0.3361943613478356,0.12358610826478991,1.0,0.8,0.7,0.6,119,12.445008172818264,283.3370262045617
8,53,1.1227936858674876,1.3901699279221926,1.3451996583262225,1.4816240141626729,1.008472664520453,0.34152075757241984,0.12363233678734968,1.0,0.8,0.7,0.6,122,11.429892451670003,289.0733373314074
8,54,1.1180979123343735,1.3853380130445943,1.3404746512058798,1.4837477550175975,0.9560751128605139,0.33250357215548026,0.12743917161139262,1.0,0.8,0.7,0.6,125,14.974481983247143,285.9368597126802
8,55,1.1119150717272013,1.4228749130586973,1.4042636938303894,1.5096240004730106,1.1362482355212742,0.3474561134376376,0.11566059647286235,1.0,0.8,0.7,0.6,126,21.50360676011212,285.14084812168124
8,56,1.0945269749281983,1.358264604219337,1.3555521473205623,1.5392678029962998,1.0212039092488774,0.357931109677046,0.1206758447292871,1.0,0.8,0.7,0.6,137,13.297981061410884,301.78671435480777
8,57,1.0934377796325767,1.374641212658632,1.3783716703529154,1.553706622682986,0.9715079330753802,0.3578928319512803,0.11928610853188557,1.0,0.8,0.7,0.6,138,13.103151542430766,301.16923221726654
8,58,1.088306148408556,1.3495308509282264,1.3486263801202831,1.4841344069689302,1.0102752600859948,0.35140780534536403,0.12248917761235725,1.0,0.8,0.7,0.6,139,13.730092919009367,304.8883651391249
8,59,1.0751858267919305,1.3362141862253463,1.3541573090662218,1.5301931198999674,1.2780527605547516,0.35931548190513307,0.1164929922756129,1.0,0.8,0.7,0.6,140,13.190403860787768,302.9303882799918
8,60,1.0638832590027683,1.3063902791595172,1.3368499301882726,1.5385233026601153,1.1280839753580936,0.35612009202696776,0.1248554770415228,1.0,0.8,0.7,0.6,142,12.749499709267456,301.06555071056346
8,61,1.062070916763064,1.3023781096305043,1.334294409651823,1.5312818934873809,0.9793850161488408,0.3562331859917005,0.12450122804759427,1.0,0.8,0.7,0.6,147,12.67666722151337,300.96429155944656
8,62,1.0617842397950077,1.3015498448028988,1.3338237712209786,1.5313475151693052,0.976706034380753,0.3561362083792609,0.12478080283327327,1.0,0.8,0.7,0.6,149,12.661502446775618,300.9026909734369
8,63,1.0576263039362264,1.347517326969705,1.4005987457941524,1.6100028125207912,0.9759563012436008,0.3585794531078346,0.1187597960324928,1.0,0.8,0.7,0.6,156,13.200392914925184,307.58012581151
8,64,1.0736808587930442,1.361558964319933,1.4159604967647361,1.630861868757695,0.9984799729880379,0.36419860545396576,0.1373880742335463,1.0,0.8,0.7,0.6,159,13.76396347595915,303.17688129719147
8,65,1.0650853622084095,1.3473495754701603,1.4054079383849332,1.6468964174222522,1.005751371991717,0.3603778864846878,0.13527919749710787,1.0,0.8,0.7,0.6,163,13.793425004758904,307.40553112729003
8,66,1.0600771282208552,1.3405026923982064,1.3997508239349323,1.6570928188630951,1.0089273095544145,0.3618528548936429,0.12830992190786522,1.0,0.8,0.7,0.6,164,13.588236713545916,308.64464987861777
8,67,1.0660023280293727,1.34600612760901,1.4055267548530233,1.631620983432848,0.9922462866103643,0.3650207486899224,0.13358158293545014,1.0,0.8,0.7,0.6,165,13.528801269257904,299.55746259636726
8,68,1.0375664979896215,1.298558835345553,1.35264008619923,1.6640338412649962,0.9614375568170354,0.3594610155914978,0.10077685201246649,1.0,0.8,0.7,0.6,172,12.76728674421102,293.67879677008943
8,69,1.0353584459342327,1.2960195056476365,1.3503142700832034,1.6620273153808736,0.958724197818409,0.3589162609627069,0.09857833217979553,1.0,0.8,0.7,0.6,174,12.694675536222949,289.9547619983743
9,0,0.9982727641178265,0.9036935277120417,0.41965380180587625,0.015663182222745042,0.0,0.0,0.0,0.0,0.8,0.7,0.6,1,6.276936950669986,27.370255423415863
9,1,0.8397720658635615,0.8254659795758977,0.39599442265395246,0.07703512031056833,0.7451287690975846,0.08250068006367275,9.006953919413e-05,0.00018024292698398,0.8,0.7,0.6,3,4.2619491730941865,22.65747124084533
9,2,0.7637080861029599,0.771294338504439,0.3662310684034915,0.09006603496725898,0.380283659990101,0.095557369347382,7.345497453567e-05,0.00015370992328053002,0.8,0.7,0.6,5,3.387486270700744,9.727156019251256
9,3,0.7613407876272758,0.7871591140722136,0.389390179859416,0.09642667265242114,0.08876788997485663,0.09644488640206268,8.710194874749e-05,0.00018424418834927,0.8,0.7,0.6,7,3.494190884781524,8.1704006318771
9,4,0.761340794370061,0.804719219707224,0.4133253317410241,0.10151843659354262,0.07732778524515535,0.09644488640206268,8.710194874749e-05,0.00018424418834927,0.8,0.7,0.6,9,3.494192733970034,8.170403164922881
9,5,0.7007989986456267,0.737100802417491,0.3562499434083132,0.09577106800865279,0.49304134232169516,0.08106188717606697,0.00462973580868178,0.006579558979038699,0.8,0.7,0.6,10,4.243997824227288,10.470468807303211
9,6,0.7074698787639472,0.7440338956405176,0.36369398463088254,0.106341503433233,0.08667904244069878,0.0816766930727351,0.0118602072793019,0.01113284852713114,0.8,0.7,0.6,12,4.432849976646548,12.22082493971817
9,7,0.7003621149000401,0.7380343331953945,0.35992183220492385,0.10962623621935048,0.1356515892128353,0.07865459305872802,0.01023854532796171,0.01687877501333463,0.8,0.7,0.6,13,4.285248758352401,9.16115421544006
9,8,0.6888066328636843,0.7281144487176995,0.3535317535455246,0.11381434808531284,0.16747255177071,0.08493626819083668,0.00847637603879458,0.00959359111223085,0.8,0.7,0.6,14,3.4965425517842283,9.959287121857397
9,9,0.6735267287223576,0.6979495396656172,0.32360138244571607,0.11649450814374915,0.24900257436962112,0.09159631810951084,0.00713473881367154,0.01042060194933368,0.8,0.7,0.6,15,2.6978692717228983,8.427147759024512
9,10,0.6753670071960999,0.7179250446617437,0.35133841934459464,0.13994639059112868,0.12575177354940756,0.06243149239130606,0.054454389705536024,0.00424141557366357,0.8,0.7,0.6,16,8.06750953471637,13.574275667619764
9,11,0.6313661823789528,0.6591690447077543,0.2959094523903589,0.11339271421778957,0.31587312693898467,0.08950027826019354,0.0015695574474328799,0.00397847631853174,0.8,0.7,0.6,17,3.518983160874209,11.70939361772738
9,12,0.6096711211928096,0.6566094305572874,0.30754531977905475,0.128119574501654,0.17296799037743532,0.09011855967925674,0.0014909462924066299,0.00420473650529669,0.8,0.7,0.6,19,3.5963501862106875,12.184859106339042
9,13,0.6191855054583539,0.6667250332616008,0.3220625838994666,0.1472869840568644,0.15219182176043686,0.07044484172037449,0.054816339643223924,0.00449497672322749,0.8,0.7,0.6,21,6.552229615804999,12.867722559872476
9,14,0.6147536690627128,0.6801199560918931,0.34450100012893253,0.15658317597993934,0.13352612229906788,0.07383605654557397,0.05493200197109177,0.00466597198969349,0.8,0.7,0.6,23,6.310788441606965,11.955158868249155
9,15,0.6137540767546718,0.6966968780280614,0.36763949034643845,0.16496219140094212,0.10215681217030285,0.07339530120968549,0.05490125633235003,0.004474363397578051,0.8,0.7,0.6,25,6.292335880398654,11.586673413132845
9,16,0.6049227731285629,0.6529856074032013,0.3148883399627427,0.16163623361988547,0.19337247851210906,0.07390576268736183,0.05509980986743461,0.00560623592398931,0.8,0.7,0.6,26,6.667271367209215,13.960143494605854
9,17,0.575440424777376,0.641107339832992,0.3104563376560493,0.1394320818492063,0.1011100460544464,0.08783765754060271,0.00190013239438526,0.0047570447991501395,0.8,0.7,0.6,27,3.466631918109223,11.193222626959054
9,18,0.5795430007604492,0.645209460715663,0.3218925383056985,0.16686556451191367,0.28056677217487336,0.06532004113323307,0.05667697796539446,0.010057069889067061,0.8,0.7,0.6,28,7.235608166656857,14.189076678470144
9,19,0.5700406416146049,0.6531671856175948,0.3383662800055205,0.17506404594324368,0.10735628249611864,0.060732662254482386,0.05692256698124296,0.00932639500740698,0.8,0.7,0.6,32,7.049395197083905,12.265067380792182
9,20,0.5668125890204266,0.6498192093694166,0.33668451116848225,0.17844934249757927,0.13646892506048908,0.06274669346697838,0.05639711147578737,0.00902250868522441,0.8,0.7,0.6,33,6.867134030865861,12.628521336473586
9,21,0.556689305897217,0.621571919299876,0.3075839073493111,0.1715395493441838,0.23638310459608808,0.06591187360949212,0.05657316405254594,0.01113716723055935,0.8,0.7,0.6,34,7.417526395522875,13.416812783508275
9,22,0.5044369085576599,0.6190138448347627,0.34001558477714683,0.2071256355937285,0.1424759867011369,0.08702468955238393,0.01958000519504548,0.00405195734550442,0.8,0.7,0.6,41,9.943042804052688,13.27795361543936
9,23,0.49179076313040904,0.6220909360992961,0.35494074594977026,0.22028670041084766,0.15278276968170604,0.08702468955238392,0.01958000519504548,0.00405195734550442,0.8,0.7,0.6,43,7.765238023598876,10.71870606468557
9,24,0.5133941294387323,0.6431208789186137,0.37767925077919523,0.24634026484994895,0.15372024359178085,0.11160471009528501,0.02611005981408974,0.00624563747023735,0.8,0.7,0.6,44,8.83858302908418,10.980263502488476
9,25,0.5686035445779684,0.7173160663685654,0.45682286911400005,0.3039682373016754,0.4815313843577135,0.08183582691473527,0.10606435478990006,0.040757903076421034,0.8,0.7,0.6,48,9.62499461037714,13.318728127864397
9,26,0.5057810895042538,0.6581342396893275,0.4330140552638575,0.3113520538619634,0.44346124706723156,0.07544787477504722,0.11372892453892329,0.04032234122291409,0.8,0.7,0.6,50,14.599480449011317,11.493555331655196
9,27,0.497334367019232,0.6830618037976465,0.47373332780489974,0.3297269774732749,0.1917849612923894,0.07649118719377829,0.11212656337011376,0.03722809454522511,0.8,0.7,0.6,54,14.920330557111887,12.24676740282044
9,28,0.5100364861798731,0.7139556500178141,0.5099154537059992,0.36452394943022987,0.18117465251238765,0.07995907370496036,0.12047024640210136,0.04030063669185932,0.8,0.7,0.6,57,16.713349230135915,11.859334146267155
9,29,0.4846153359034827,0.6652069212599252,0.46437734462863145,0.34228740157840953,0.4868552387704241,0.08132751915131096,0.11173329247135341,0.038963735635166856,0.8,0.7,0.6,58,14.847634506351016,12.089106017518963
9,30,0.5281057883130791,0.6967468331643238,0.4802885632424511,0.40840422163525164,0.19755460817277387,0.08198459972652304,0.11971046204784123,0.06980165931228437,0.8,0.7,0.6,65,7.619488347950373,11.834505179011916
9,31,0.5171204175517292,0.7023408485629483,0.493901316331201,0.4016745661885844,0.18935504459727687,0.0823425951397682,0.1114322226433089,0.06628896511015143,0.8,0.7,0.6,67,7.181118108764407,11.631100128503144
9,32,0.5071049323347827,0.6688077727037675,0.46338047262786214,0.41663243041955145,0.28356629576244996,0.08369782092018321,0.11968945099238475,0.0696281688364389,0.8,0.7,0.6,68,6.844831518841015,14.265805598232316
9,33,0.5106366021240659,0.6910901577228024,0.4902533550438105,0.43276892618293583,0.24523038267033911,0.0836978209201833,0.11968945099238495,0.0696281688364392,0.8,0.7,0.6,70,7.367259642782777,15.467995844987884
9,34,0.5190808177305792,0.7109422646221359,0.5254373896193278,0.4399702006696255,0.4998751994648017,0.050796029652657795,0.13369507218429236,0.1404810522371635,0.8,0.7,0.6,71,17.9215138399503,13.546376381658252
9,35,0.5192297266947048,0.7286872124257013,0.5495081049554464,0.4559818330407248,0.21921923242029512,0.05086607385302835,0.13369535531397042,0.14047881029183157,0.8,0.7,0.6,74,17.92997094068712,13.523628762343494
9,36,0.4860292309497626,0.6547364185856878,0.4703445283640705,0.4654250688402001,0.22868366145178284,0.09554536423964935,0.11802921729126396,0.06770687422697563,0.8,0.7,0.6,77,7.684880367605051,13.153931994616832
9,37,0.47213375496021154,0.6552282104962953,0.48123116562017915,0.4643329581431576,0.20314512299699233,0.08468313620756399,0.11892467209559121,0.070427494913372,0.8,0.7,0.6,80,7.094250355236218,14.31761314815482
9,38,0.47675493424689797,0.6620009122157158,0.4853125971282335,0.4838800334157706,0.24410343270294968,0.08657999394770152,0.11789787321314767,0.06851456057745367,0.8,0.7,0.6,82,7.577783286563999,13.324245161697023
9,39,0.4870056503714499,0.7092035022641983,0.5428958127079943,0.4945002560923821,0.22295567012968673,0.08514111718200244,0.12483577465086515,0.07202714374078348,0.8,0.7,0.6,84,8.769649658013169,11.995313245906488
9,40,0.4817746743234056,0.7058771380140273,0.5370384682681032,0.4922111067323357,0.23964437164320387,0.09149831568564876,0.11443085102040125,0.05898294145925691,0.8,0.7,0.6,85,10.179825590417302,12.972667898492652
9,41,0.42506235071589804,0.6510347265725004,0.5078213051465092,0.47833061601069515,0.2582785153993013,0.07054631262550742,0.11489693630632405,0.050605670598163566,0.8,0.7,0.6,87,10.661014494485936,12.863994224848469
9,42,0.4749379139525748,0.7054299943558869,0.5569905755319865,0.5263274688975242,0.22314903391219756,0.09619600972464279,0.11931854630103107,0.07885759868139328,0.8,0.7,0.6,91,7.222444646546362,14.605251202287125
9,43,0.4680706078434181,0.7150829315616962,0.5743164245830863,0.5169863242391314,0.30102661544921255,0.09211823088302752,0.12037474652620728,0.07560845466691744,0.8,0.7,0.6,92,7.910389237353385,11.21918007352079
9,44,0.47045551218038817,0.743656997242719,0.6258666440783942,0.5651295801161775,0.24792658219134991,0.05706656297316261,0.13289686877787749,0.1419261816916207,0.8,0.7,0.6,100,18.60965500338263,11.957110950869016
9,45,0.4544881348461274,0.6571908418515329,0.514136174546173,0.4853503003273327,0.3520703846821479,0.09020929424341032,0.12477217792123466,0.08121052836977036,0.8,0.7,0.6,101,8.227350831887552,12.26767512683221
9,46,0.4343815103949816,0.6939636734977609,0.5900982050113842,0.5612693779706281,0.6636581589544049,0.08925966970504547,0.12525024719020011,0.08651544262526616,0.8,0.7,0.6,102,8.135318799422889,11.251577897026138
10,0,0.8014453641146555,0.7788867167404055,0.34201122896480834,0.008739771195261778,0.0,0.0,0.0,0.0,0.8,0.7,0.6,1,14.19253195084043,26.261949683811554
10,1,0.6753564234551127,0.6964768757683713,0.3141276681733508,0.06582471423399419,0.74031519277823,0.07718506455087315,8.354232737195e-05,0.00011997459404365,0.8,0.7,0.6,3,10.5989626524054,21.42141471209215
10,2,0.6158332451452065,0.6441462880544957,0.2830887950167054,0.07290730587395892,0.3308092543922987,0.08222913178679164,7.022701153859e-05,9.677682409792e-05,0.8,0.7,0.6,5,8.76667220656738,8.868644024837366
10,3,0.593669581929608,0.6232925549137242,0.26947122418996433,0.07779329997566274,0.12420845164877185,0.08015462234795413,4.648921062253e-05,4.841029827748e-05,0.8,0.7,0.6,8,10.86927246402758,9.64419124699149
10,4,0.5692086729797932,0.5996027041265116,0.2531066164110122,0.085319718044498,0.15104787698933453,0.07465138099849725,0.00011592378984992999,0.0001291098558202,0.8,0.7,0.6,10,9.521319853990889,3.7802740414900367
10,5,0.5658759332223126,0.6307108220401054,0.3170842824078129,0.13302983803045462,0.35942031346007497,0.0892732591703408,0.03234599462946608,0.02507946709947915,0.8,0.7,0.6,12,7.411465816604806,8.064149170015698
10,6,0.519080082146801,0.6009392542420383,0.29729718095212315,0.10069081761677531,0.11623842015257503,0.08326717911076562,0.00330582569555631,0.00400121045862601,0.8,0.7,0.6,14,9.225471633571136,9.76796445623812
10,7,0.5209187893383392,0.620074127017455,0.3243425851991247,0.11472256793057908,0.09607832019521345,0.08969742227312082,0.0033367569284760597,0.0047888587783105905,0.8,0.7,0.6,16,9.581358931372137,10.749055150141777
10,8,0.5104353260071872,0.5917295521198827,0.2912289455003127,0.11442906581196513,0.09040682953609429,0.08351865678699792,0.0032118591552465795,0.002280622791322,0.8,0.7,0.6,18,9.880296496791113,7.16254132868095
10,9,0.5000074485949959,0.6151803303819279,0.33306601847677003,0.128647195955054,0.12043386616408983,0.08816616437594893,0.00250580749812147,0.0023181963863634298,0.8,0.7,0.6,21,9.155261795607275,8.395268871670682
10,10,0.4920255508083212,0.6069873546545854,0.32571734723862433,0.12688193240805984,0.08872533306715544,0.0803769996104231,0.00227056729534904,0.0030467922859869,0.8,0.7,0.6,22,11.171240643309122,10.217182234465271
10,11,0.48302412854819354,0.595820737580025,0.32210996536071085,0.15245136972377782,0.12360017555255443,0.08564155549438573,0.00490655505043059,0.00767931833734261,0.8,0.7,0.6,26,12.03597525709482,12.990783299091662
10,12,0.47848618151311256,0.6066597666992081,0.34558081518599343,0.17216978464809105,0.16421019049300542,0.08764941435003752,0.00993243639755797,0.015532157352439499,0.8,0.7,0.6,28,13.323444916479568,16.5450561736305
10,13,0.4624553168431545,0.5873707929473606,0.33426259023249955,0.18044854407118827,0.1543100653897346,0.08966778440543584,0.010003574646672,0.01576377484295517,0.8,0.7,0.6,31,13.1157199231393,17.021867354053757
10,14,0.46192951866414816,0.6042990820374585,0.3578045262484839,0.19145219842207087,0.09116484823223729,0.08966778440543584,0.010003574646672,0.01576377484295517,0.8,0.7,0.6,33,13.114786551643911,16.813033224584274
10,15,0.45440029945776245,0.5957320226426415,0.3515274524494619,0.19094842525209982,0.11418536849532138,0.08662253987571363,0.0099607701218793,0.01569538309588314,0.8,0.7,0.6,35,12.446144313085671,15.479571669218124
10,16,0.42142363268618355,0.5679873228120157,0.35250165121905863,0.2266525606076717,0.2849100266857354,0.0852076873696135,0.0213954335080822,0.02727856405921216,0.8,0.7,0.6,38,11.63650829665015,11.847434993821963
10,17,0.42242024807740886,0.603233254632331,0.40182589217037123,0.2557277770127997,0.1086290784638539,0.08451954152736973,0.02295063639289226,0.03244986088239304,0.8,0.7,0.6,44,12.409723282617012,11.929825982769165
10,18,0.43562473476248514,0.6675680930332516,0.4876402338853508,0.30849418254625893,0.13080206171648742,0.08317326415522194,0.03666325425544788,0.04805618405889855,0.8,0.7,0.6,50,12.820104413218198,13.707965567477526
10,19,0.428989839167543,0.6257694098998733,0.4332104839762506,0.31765320566674415,0.11580970283897692,0.07677636558732549,0.034977218858087626,0.04794591791194764,0.8,0.7,0.6,53,11.690674531329725,12.925485042623116
10,20,0.37320114892194145,0.5795493601602986,0.40460631583899676,0.27537904155917725,0.3603562208255555,0.06697863195221214,0.02743856186674623,0.01308154919260065,0.8,0.7,0.6,54,12.354768768990596,13.584215091611831
10,21,0.35745085053862874,0.5556283340560676,0.3910555885881987,0.2867789332189833,0.21304113671058184,0.07016081269581748,0.02903772776063478,0.01284115813431962,0.8,0.7,0.6,56,12.933892495847754,13.39500499338398
10,22,0.38866103453698936,0.5832709693707522,0.4229601728285214,0.3377293174743898,0.22897204407685673,0.07830679332393385,0.03471319807219287,0.06022638227255962,0.8,0.7,0.6,57,13.316083134534376,15.710331009073212
10,23,0.33629081661699134,0.5398292203338045,0.3956758921447219,0.29793567818888755,0.1693155355643705,0.06787417925844441,0.03153188600939988,0.01932296382793771,0.8,0.7,0.6,60,14.18094420550114,15.994248414809014
10,24,0.3179626233952868,0.5277083462463807,0.40180914025678416,0.30711741816425364,0.23742411874247443,0.0697867046236811,0.031193790941287658,0.020090099313086248,0.8,0.7,0.6,62,13.171048855850504,15.675065888394574
10,25,0.3072218339369879,0.5263865254740429,0.4150554493943361,0.33078917171760464,0.16145450920924237,0.07197142743413354,0.032641747893596966,0.020153165629494922,0.8,0.7,0.6,65,13.55780456184934,15.046514652815649
10,26,0.2836730515740901,0.5251283818986796,0.4382690830986023,0.33957672313070075,0.1283765810360504,0.0606574802502442,0.03738899337591264,0.020767768391332993,0.8,0.7,0.6,72,12.670480557098374,17.43131435333018
10,27,0.28237542399039123,0.5412367491503154,0.4608905880591615,0.3479694449307911,0.08779093420370956,0.06059573217674428,0.036385518181555845,0.02021038669845556,0.8,0.7,0.6,74,12.744701550024988,16.77420407589038
10,28,0.28613355713200683,0.4390657825573605,0.3209859877365267,0.26812384681985685,0.0970808425840895,0.07068663262933751,0.032307020969088614,0.019105965788036892,0.8,0.7,0.6,76,12.632584230940664,23.22153961426848
10,29,0.28466407505350827,0.4540712916383596,0.3433319446185807,0.2741709945742513,0.11456602027874904,0.07068663271896748,0.0323070210416601,0.0191059657710506,0.8,0.7,0.6,77,12.677221662766248,22.81296311097728
10,30,0.2685204005895266,0.44169650658290605,0.3493058139308176,0.29851671438250077,0.19192066781931805,0.07282131609874397,0.03235286601107587,0.01912332468163519,0.8,0.7,0.6,80,12.954310850066918,20.23846649660226
10,31,0.2598591761538291,0.6229242531793633,0.6033626871242598,0.5262369232449291,0.09049797542326388,0.07860401155148058,0.02555571324373699,0.0113847898944864,0.8,0.7,0.6,103,15.436257338149025,12.431476681193663
10,32,0.27733055575213056,0.6182760777148537,0.5960962455386276,0.5719905580858907,0.14160265170811917,0.08080933237995619,0.03207137574725026,0.03893063059221174,0.8,0.7,0.6,106,11.93204989300769,16.39183327796425
10,33,0.2676400389090431,0.6230759440748787,0.609766910859012,0.5502718463130057,0.13535194132905498,0.07650728036801657,0.03434166942967818,0.031757731479360764,0.8,0.7,0.6,108,11.628201900135572,17.94861443242866
10,34,0.26502978242622377,0.6031735658274038,0.6034562689663223,0.6138880076081573,0.204921158480676,0.07923086694498627,0.03225367347436024,0.05733696159717429,0.8,0.7,0.6,112,13.09075120275386,20.18358715812921
10,35,0.2737985758462319,0.6938671546335732,0.7304900730919287,0.6769456355527766,0.14315161362569218,0.07928001548990359,0.0497608579209109,0.06136262314137205,0.8,0.7,0.6,125,11.805546981363396,21.666548798847067
10,36,0.27121468912601276,0.6659074534342839,0.7019638472415465,0.7250757285643977,0.17830936578054996,0.07427754507081077,0.04592163999497122,0.08079598434603136,0.8,0.7,0.6,129,13.455231837485067,20.66920720356332
10,37,0.2446412370470249,0.6582354679484022,0.7187725252563566,0.7139905282327768,0.22497938490047764,0.07969239038449735,0.04407563934966306,0.056147213148141736,0.8,0.7,0.6,132,11.883186033263474,16.366660082293695
10,38,0.22857300031147448,0.6220091607075409,0.6780440284263092,0.7464043191845866,0.12797938285332483,0.0755573637565594,0.03617877437572499,0.04802268895283297,0.8,0.7,0.6,136,12.564448986895396,17.2983979059954
10,39,0.25043619096754,0.6385924280776271,0.6982660364159478,0.7531682984396332,0.23556547752522916,0.0740488624121696,0.04615878414507108,0.08207763426481789,0.8,0.7,0.6,137,12.126525437949356,19.324518497206466
10,40,0.2479211321643125,0.6312708506784456,0.6942558201954224,0.7668561800478634,0.20726110923081986,0.0792297964888937,0.04729800527838389,0.07624239572651559,0.8,0.7,0.6,138,12.185894152542492,21.612300954179915
10,41,0.23910128014469365,0.6364811830383487,0.7082554482641192,0.77581527499705,0.16784239478817595,0.07722217577123089,0.060205744076926304,0.05392541125881985,0.8,0.7,0.6,140,12.654638386295517,21.04737579338959
10,42,0.2374449416036945,0.605827339422457,0.6790044958667513,0.7730680166513907,0.33378656226976877,0.07497986097449236,0.04902328372080817,0.08244135824905552,0.8,0.7,0.6,141,12.508654020326116,20.23461022000159
10,43,0.22833091205931533,0.6129047929598811,0.6933167775921463,0.8196421031196153,0.1395382402305525,0.07591001830527117,0.04881052322269933,0.067771057117607,0.8,0.7,0.6,147,12.650271659123511,19.19640477468872
10,44,0.25637010682726313,0.8095733913588455,0.9402337161200816,1.0057497922448102,0.1582675677713372,0.06825600233639524,0.056871155259202874,0.10152392704594818,0.8,0.7,0.6,193,11.36236684143679,18.791274875223383
10,45,0.2293348699895919,0.7627771769650897,0.9066090958871764,0.9964875756259014,0.16450253391874345,0.06744759820976262,0.055764189787677054,0.08399114291147747,0.8,0.7,0.6,196,11.567078724726343,18.46068378699152
10,46,0.2300732041619067,0.7438006203336063,0.8826648293009396,1.009294131810292,0.16807076997678608,0.07078762104982597,0.056455109687731306,0.08257702897483113,0.8,0.7,0.6,198,11.71688255017232,18.04237364858109
11,0,0.7914037424651627,0.7718842173406044,0.3376549390130331,0.008351281748561892,0.0,0.0,0.0,0.0,0.8,0.7,0.6,1,14.866863322784152,24.629910480083563
11,1,0.662367846983215,0.6854112757226687,0.30750093460136146,0.06585372663408234,0.7632967229282255,0.07806719021973905,5.742346107939e-05,0.00010863640280899,0.8,0.7,0.6,3,11.791003310173934,10.770352465843596
11,2,0.5877373909133029,0.6174565932805175,0.264326404147318,0.06603171534903578,0.36850359690386525,0.07508707630158873,7.090259159229e-05,9.793851651212e-05,0.8,0.7,0.6,5,9.85946144774655,8.335092283846832
11,3,0.5837339718690951,0.6139785094125244,0.26523276881475344,0.07807494928198919,0.12300028741354649,0.0852367884843025,7.49619075447e-05,0.00010065910042831,0.8,0.7,0.6,7,14.692554723626106,7.263164857198342
11,4,0.5759333219575342,0.6064816642157252,0.2630042807733889,0.08723245159505096,0.14017298373388576,0.09316054373778504,0.0001323853686241,0.00020929550323731,0.8,0.7,0.6,9,13.812514735222145,3.440619364340269
11,5,0.556166911891705,0.5867617469348029,0.24866409882613794,0.08435512936010722,0.20311453832783866,0.08642028830414988,9.648962853379e-05,9.826598766088e-05,0.8,0.7,0.6,10,13.933022645263014,5.980227806130003
11,6,0.5445150504539881,0.5913316932919618,0.2744995415250031,0.11406568911177688,0.4662563673856175,0.08286657383363,0.01983615484962949,0.025828889136659428,0.8,0.7,0.6,11,11.150912487209071,7.320642919301317
11,7,0.5345847631559866,0.5798436510885003,0.2708790224214484,0.12801371213635537,0.2028851651318993,0.09988246039346285,0.01971747675282012,0.01883220798071676,0.8,0.7,0.6,13,15.079960158130293,6.281796848873202
11,8,0.5324513148949201,0.5777440850108085,0.26907388266441595,0.12880145347399716,0.11207843280487875,0.09829799074657168,0.01968427315758637,0.01878293960186135,0.8,0.7,0.6,14,13.925040891852271,6.548071784247105
11,9,0.4970640075748494,0.5376954416898724,0.2453874644883616,0.13130719394173776,0.5185385583641181,0.10885383056482142,0.016341444191392822,0.014023917431314032,0.8,0.7,0.6,15,15.287573001627408,6.84911278997615
11,10,0.48292931997554917,0.5221099354984973,0.23300505863620077,0.12596471232011414,0.1775056089216483,0.10001061948929395,0.01631924111529736,0.013991928989670629,0.8,0.7,0.6,16,13.442651710000977,7.280156513423797
11,11,0.4737951936239764,0.5205536546939572,0.2575957441877248,0.1601573556675213,0.6215526945644161,0.10753527313568297,0.03877248388484967,0.03310418590256321,0.8,0.7,0.6,17,15.025334375181185,8.689757219201134
11,12,0.47692776058134995,0.5410839399748533,0.28478582745264214,0.1750475657977435,0.1391186617923566,0.1072898596828471,0.04201264938503619,0.03585817666111727,0.8,0.7,0.6,20,15.126140541737168,8.817768925366158
11,13,0.4705481535775866,0.5515391981167248,0.3028768861483202,0.1743984158849829,0.16436979015558645,0.10745208619031484,0.03877880272736115,0.03313450140980202,0.8,0.7,0.6,21,14.972083764005394,7.850020018380798
11,14,0.4315619928475969,0.49414683685024796,0.24055927876786012,0.1397289414447393,0.13310529826819242,0.0927060862917698,0.01944639928789408,0.015356402882634072,0.8,0.7,0.6,22,14.609330033809377,8.978174543688107
11,15,0.4462533632096055,0.5080910705968349,0.255750761792579,0.15920955446709287,0.12973607700120796,0.11741244966278516,0.01863068351595672,0.012107573341182851,0.8,0.7,0.6,24,16.127327518277173,11.322065015095644
11,16,0.4389112336977223,0.5140439073048992,0.30499728317988406,0.23555866202093054,0.35591133597000135,0.09140459609055472,0.04776268218258613,0.09889446740295238,0.8,0.7,0.6,28,14.577246929004223,9.035945834197948
11,17,0.4275457807820175,0.4965614522470148,0.29472796952786284,0.22610840478570007,0.2572482181237147,0.09459199279332238,0.0502467901984693,0.09442138324670621,0.8,0.7,0.6,30,14.525301601476963,6.697160146600339
11,18,0.412010376061388,0.49389217190940493,0.3037081685657308,0.24224827705876012,0.1874785459587231,0.07736858930396513,0.05197551429194923,0.1049160537804921,0.8,0.7,0.6,35,16.108941914205438,9.083989475094148
11,19,0.39490179763951244,0.46671638922413705,0.2872227288852919,0.24443236240667454,0.29536742461605014,0.0801544254461808,0.05406641503376798,0.10061791237798907,0.8,0.7,0.6,37,15.656795026719342,6.955459269299706
11,20,0.43755600130471467,0.5216781437707165,0.3539404542316244,0.297934300993642,0.281637470721787,0.08175974153986007,0.07428321820739472,0.16095972124301222,0.8,0.7,0.6,39,15.324188316494974,6.278472773379974
11,21,0.430272860129352,0.5272176582955304,0.37039740394926174,0.3132933584840606,0.26982498931377774,0.08175974153986011,0.07428321820739472,0.16095972124301222,0.8,0.7,0.6,41,15.63540919645917,6.026555378210952
11,22,0.3825185247268501,0.45339279565868806,0.29821409298968926,0.27685260975291853,0.278665170957605,0.0974129305228794,0.07254400834994898,0.0836987535751432,0.8,0.7,0.6,43,13.719377140783422,6.002511677907115
11,23,0.28960606352821183,0.3686363454523553,0.2283085077037822,0.2730931138180386,0.11822848356914362,0.07292183859480685,0.03435326475864085,0.027763849597575267,0.8,0.7,0.6,54,13.826418051051352,14.006099229573694
11,24,0.2891995814507565,0.3328023261773953,0.1799945183625043,0.21521210452160994,0.10573411902991432,0.07292183859480651,0.03435326475864089,0.027763849597575257,0.8,0.7,0.6,55,13.86256702077603,13.910714996898715
11,25,0.27497421866306976,0.36363963755253464,0.2365547263315996,0.27691031263500415,0.25883833815207785,0.07070461175581816,0.03454704848594404,0.02318933147868784,0.8,0.7,0.6,56,14.1235739879013,13.499947780008648
11,26,0.2747192557528331,0.32808046116168427,0.1884024765848151,0.21833848436887213,0.0985373473705076,0.07108876001773633,0.03433327051344798,0.022886680017896573,0.8,0.7,0.6,57,14.017196782765035,13.861882387367809
11,27,0.2812960357905664,0.3644512338773513,0.24202097190918437,0.28655661765082885,0.21972958615554006,0.09094515735272464,0.02863148019156033,0.024985666178132172,0.8,0.7,0.6,58,15.587124268071369,7.805501251489236
11,28,0.26227060465959806,0.3507846237959141,0.24468096211981674,0.2892947824369087,0.2266409353714335,0.08998080806863377,0.028908900303971342,0.01779282848130842,0.8,0.7,0.6,60,15.272726784178028,8.51044421584781
11,29,0.26094578089474013,0.364601081937656,0.2667971235470546,0.2994973236508602,0.12819890169185844,0.08991090102869895,0.03022743253587315,0.01859775855468031,0.8,0.7,0.6,62,15.430165897718323,8.577598096748464
11,30,0.26034335517829116,0.38090265800616696,0.289992999887086,0.31498224957050885,0.11082587722161727,0.09005348988144113,0.030216359929076692,0.01861394670180949,0.8,0.7,0.6,64,15.632229923788096,8.404868525708057
11,31,0.25998975409545466,0.3353400981540796,0.2395586015330671,0.3149307447606682,0.31147203540888607,0.09210715482585226,0.03708406597429202,0.02520403980427227,0.8,0.7,0.6,65,15.50623811362822,11.322821295151256
11,32,0.25612640050955143,0.3487627611456311,0.2595482945970442,0.3175153769216781,0.1154141046082682,0.08911588156997058,0.03531541210011372,0.02520725169785069,0.8,0.7,0.6,66,15.887031531158266,9.726503976504468
11,33,0.255245993692549,0.34341330956128935,0.25759180120905584,0.32373698004780205,0.19911795139772262,0.09210715482585226,0.03708406597429202,0.02520403980427227,0.8,0.7,0.6,67,15.90796303136364,10.44474041135028
11,34,0.24748456031910024,0.3071470182774818,0.22310032093178325,0.3191130812031587,0.32035081854931685,0.09545819050774525,0.03722104929141634,0.02534236486813829,0.8,0.7,0.6,68,15.195872052508744,10.278298403949703
11,35,0.2388162664882903,0.3135050137223375,0.2376861961523622,0.32192561247957396,0.13441056282265473,0.08675884466053002,0.03796150879906353,0.025579790996474998,0.8,0.7,0.6,70,16.215432688797005,14.09618070150164
11,36,0.23051992309669694,0.31732441352202945,0.2518221697851437,0.3431266371022863,0.1325225114948673,0.08406061120910338,0.03619655399352413,0.025719706239229267,0.8,0.7,0.6,74,14.87036184114569,11.263905707042577
11,37,0.23074926416053199,0.3114914772605561,0.2503170340688808,0.3512462070562158,0.22136734613469247,0.08953160229250487,0.03796510791281057,0.02572730771125849,0.8,0.7,0.6,75,15.13364691340306,11.635676768572305
11,38,0.2271765169218927,0.3232603823326363,0.2700292701871934,0.3622205143433715,0.13149360392014928,0.08746622569161164,0.03799075833235196,0.025716241393887042,0.8,0.7,0.6,77,14.822791038424509,13.89840788617227
11,39,0.22387405909817398,0.3775768681470808,0.3586210572608082,0.4558748519378308,0.13386486419313684,0.07129414624548144,0.05575422353030973,0.03871852914506256,0.8,0.7,0.6,92,18.148240396816544,15.304268090093426
11,40,0.22940088033029624,0.3807877990376807,0.36341611727385636,0.46953767945487823,0.14640885504578877,0.08087989835755666,0.055575222206482075,0.03848549643313544,0.8,0.7,0.6,94,19.11966659963237,15.567779346145947
11,41,0.21009630742658086,0.3304645584609052,0.3157821060668763,0.45415976827126575,0.34357641035396314,0.06848582251529489,0.05498690045065446,0.041067830473758546,0.8,0.7,0.6,95,18.20855047417622,15.687469324090683
11,42,0.20575250148093474,0.3387018415219027,0.3336872852111733,0.4574055623342931,0.1582741320666552,0.06982307679081907,0.0550107215709729,0.03824255936657728,0.8,0.7,0.6,97,17.989332199957353,15.144605426250486
11,43,0.21320095742847672,0.35824823150182894,0.36318561506333374,0.5147065431610478,0.13864706317539519,0.08067465520211775,0.05664371022691288,0.04095442630449101,0.8,0.7,0.6,106,19.428992795101664,15.579644920886066
11,44,0.21112797363247693,0.37184629385109114,0.384387932549253,0.5248552748293012,0.14334079546941786,0.08423400507592671,0.05729726431860099,0.03426462747659311,0.8,0.7,0.6,108,18.97758050613932,15.015183229055294
11,45,0.20748428210864325,0.36756288879561505,0.3805198921755507,0.5248903090504445,0.13522077465045337,0.07823484017754408,0.05683697873630903,0.03749380913435431,0.8,0.7,0.6,109,19.47685444915775,16.06847885791115
11,46,0.2047563970023007,0.37759189843305563,0.4000280901134041,0.5328559824011813,0.2028100876095472,0.07398348601539087,0.05794254784702624,0.04301132226160501,0.8,0.7,0.6,110,18.9335142819322,15.54679250009688
11,47,0.21656770058747307,0.38216175786425854,0.40923077742580516,0.5566639737241729,0.17137799955795882,0.05485139735949242,0.07215482956566721,0.07998887567578339,0.8,0.7,0.6,114,16.641751752643135,12.978386961253165
11,48,0.2337900371356834,0.39740315398324366,0.4257305988753768,0.5860096832787716,0.19167691539471818,0.0667826924700986,0.07577174713752488,0.09081312562487698,0.8,0.7,0.6,115,17.067362084728153,14.418013167083602
11,49,0.2147125984638156,0.35578112154434915,0.3809189078664311,0.564559124521631,0.18567130315268096,0.06022665130651663,0.07189883472865596,0.07801765978009265,0.8,0.7,0.6,117,18.91796774727498,9.158356660885476
11,50,0.19438205050743737,0.31921022538163835,0.37141390598925783,0.5732588031948439,0.6593424983826327,0.06054599987756872,0.07189572176782266,0.07863195516223179,0.8,0.7,0.6,118,19.67833693466671,11.318240823153804
11,51,0.1895319658577051,0.33930069396920354,0.41031114436913196,0.595578031402527,0.18461715083057034,0.060960242638827856,0.07225085538841594,0.07932860905167323,0.8,0.7,0.6,122,19.715209794787675,12.415565876382235
11,52,0.18624466000668324,0.33147217278857655,0.4051597040918663,0.6319074906569079,0.15730727048701432,0.05704055300075517,0.07364098153685446,0.08169255095134705,0.8,0.7,0.6,128,19.74573983939687,13.385671972279937
11,53,0.18515129564012806,0.32978680628722934,0.403822869599727,0.6345003761728729,0.15411314905225765,0.056835934211980924,0.07282128852961349,0.08164985692979346,0.8,0.7,0.6,129,19.108912746261232,12.925456228070509
11,54,0.1816445171301237,0.3364851214974647,0.42119679274290023,0.6458229027232537,0.19946012473735616,0.056800901035651795,0.07319320946039516,0.08212712310586637,0.8,0.7,0.6,131,18.861397225035773,13.694369087622231
11,55,0.19180857260578882,0.29859792778834,0.3780314356167212,0.680872225594749,0.17004871628039842,0.06094481551812447,0.08850553197390501,0.08707832936863927,0.8,0.7,0.6,157,16.802387057139534,14.835139488025684
11,56,0.18787595724238867,0.2718621864357257,0.36421516724092223,0.7131883197133267,0.2512709056998734,0.06830947582657826,0.09295212439850839,0.0844911211604355,0.8,0.7,0.6,161,16.60744923577275,12.838378494921432
11,57,0.18077842233144012,0.2799158002605816,0.37999049035411764,0.7395300471429259,0.17476337425019361,0.06655160197870716,0.08719348611625813,0.08364957293268718,0.8,0.7,0.6,164,16.997998670589407,15.005994249280333
11,58,0.1803424950479579,0.27895065359176385,0.37932075621750927,0.735927627182465,0.17348190349832318,0.06500667343765207,0.08821384454184888,0.08421359216900845,0.8,0.7,0.6,165,17.195167255362797,14.480249683095662
11,59,0.1678658733872963,0.2347977186271278,0.3525817235573816,0.742051025303523,0.38045482266800434,0.06648335207430153,0.09001869004246763,0.08335215631289597,0.8,0.7,0.6,167,16.918154646139357,14.204787594201171
11,60,0.15089113620647723,0.4071508894389775,0.5971328085673728,0.9883998944403283,0.15266575548177028,0.05612233678169044,0.07564411144845654,0.0884039812786755,0.8,0.7,0.6,200,16.29439687874467,12.418170209719484
12,0,0.8950648144449053,0.8410201666838153,0.38066452880460505,0.012186422562901564,0.0,0.0,0.0,0.0,0.8,0.7,0.6,1,10.331793233532316,26.20437439256596
12,1,0.7279553898425356,0.7393851488174339,0.3397968253387342,0.06564524439472123,0.8152583709760165,0.07379190525151932,9.799018681306e-05,0.00011056373090759,0.8,0.7,0.6,3,8.311136074233396,21.208732542598884
12,2,0.6513078522750869,0.6759060699018928,0.3020377264388087,0.07108057104855743,0.38376625464061886,0.07954908163137349,7.855859168597e-05,9.300431733202e-05,0.8,0.7,0.6,5,7.227574678357818,9.066342246118412
12,3,0.6502632278495218,0.6925457812062109,0.3254001235535144,0.0754072720388687,0.06807394715199458,0.0795490816313735,7.855859168597e-05,9.300431733202e-05,0.8,0.7,0.6,7,7.279936527484748,8.697840067231423
12,4,0.6413565200272243,0.6668356165307195,0.2955068870081401,0.07568229075618797,0.11594586820743155,0.0766054060861344,7.656364181481e-05,0.00010339739515697001,0.8,0.7,0.6,8,8.23738009080876,7.661752662304091
12,5,0.6384836394478918,0.6642275581531526,0.293706334078022,0.08347174147322708,0.08101957774448793,0.0760467687112812,6.359954270856e-05,7.805627081418e-05,0.8,0.7,0.6,9,7.741692087288113,8.009207469452114
12,6,0.6459366488927213,0.6720061282582397,0.30241922611574107,0.0892470121793092,0.09466570802884393,0.08874904791782326,0.00013015728935409,0.00014887890006553,0.8,0.7,0.6,10,7.538157922176819,10.636203048760793
12,7,0.6285971326094348,0.6557706890601137,0.29005287165342,0.09183716038500776,0.1612516401600128,0.08126772243068606,0.000146791322454,0.00010964553305459,0.8,0.7,0.6,11,7.401283820698711,9.118807764485338
12,8,0.6205319991444705,0.6656869485712121,0.3079640152805167,0.09412749488602326,0.08197155901577848,0.07690355338269364,0.00022096555686633998,0.00024703614845874997,0.8,0.7,0.6,13,7.30812620667133,9.329576391771472
12,9,0.61392224567867,0.6607510825321177,0.3110148567629473,0.10326716911187127,0.2767718686664686,0.0942165969642906,0.00048881601101648,0.0038482167424306497,0.8,0.7,0.6,14,6.7536170254321535,7.971998627612654
12,10,0.6090995120919871,0.6385495663777628,0.2835652349370399,0.1224284329527621,0.08571125974577375,0.09144122332030792,0.0024691317195793,0.00247216658737232,0.8,0.7,0.6,17,7.106506625823144,7.409052456753347
12,11,0.5548216084036602,0.6029009187594917,0.26517292988068625,0.09845918076693196,0.3227252749272857,0.0585786482911876,0.0065973105698008795,0.00078192819282876,0.8,0.7,0.6,18,7.80660215477088,9.347430406998894
12,12,0.5438904849359651,0.5744866719496422,0.23618855980995354,0.10639983617980209,0.200917418111336,0.06933156464499203,0.00105360534643492,0.00042436250255971,0.8,0.7,0.6,19,6.999968991712885,8.326555001098273
12,13,0.5437862400704442,0.5919417427731151,0.26005843971497866,0.11568277573508719,0.05695129312075835,0.06933156464499203,0.00105360534643492,0.00042436250255971,0.8,0.7,0.6,21,7.079699340656451,8.030452794285598
12,14,0.5662288889373056,0.6319265015298696,0.3074036487668479,0.15806216632217243,0.10603980510849342,0.08141915448758377,0.01129280497541708,0.014082794864758311,0.8,0.7,0.6,22,7.085191404183421,7.151135465565047
12,15,0.5522445701315447,0.6177970500451462,0.29826252043283763,0.14899755231912223,0.20572230043881648,0.09437322168777687,0.005557272688028031,0.0019536689891809602,0.8,0.7,0.6,23,7.7272444720445534,7.093497620102091
12,16,0.5482204781248609,0.6134079092786443,0.2967622541987648,0.15923012306978349,0.11923288790573813,0.08130798134270296,0.01248225620991705,0.016720437214121718,0.8,0.7,0.6,25,6.9337255577840535,7.650724626931478
12,17,0.5351721560148607,0.5822355559439577,0.2637589686750852,0.15947417599033162,0.19530873664910617,0.08002400902946619,0.01179374746689489,0.01658959816485888,0.8,0.7,0.6,26,7.934090179576512,6.793038623096959
12,18,0.524857449469378,0.5893264771613445,0.2782510892340906,0.15156969856278707,0.10001671991258064,0.06974827497000971,0.0111133853186824,0.01816174568926146,0.8,0.7,0.6,27,7.289598133393905,11.782494313183442
12,19,0.5189806920520522,0.6003105656240821,0.29969629099488276,0.16023665360964728,0.12962356329931493,0.07040291878502909,0.01334439114933419,0.021747616385458142,0.8,0.7,0.6,29,7.266119519611236,12.039557608895484
12,20,0.5149556634965446,0.5959398313235715,0.29697720792687043,0.16256038729127162,0.11967379118519578,0.0704029187850291,0.01334439114933419,0.021747616385458142,0.8,0.7,0.6,30,7.306006700770638,11.46611892258468
12,21,0.514767411914149,0.6132954942004103,0.3207850384884662,0.1676061722572814,0.08063423425381806,0.0704029187850291,0.01334439114933419,0.021747616385458128,0.8,0.7,0.6,31,7.322382974227587,11.344416692576347
12,22,0.5612642686742604,0.6394669089239299,0.35130517920289206,0.23822473828395954,0.41768412073712025,0.0829550355790671,0.047500753453905045,0.08534337781510856,0.8,0.7,0.6,32,8.651739244957849,13.194502635075793
12,23,0.5072269146710907,0.5795418773113072,0.3071434343361734,0.2382680432754976,0.2633885159769644,0.08326717195526087,0.040166798276134494,0.06313012652593822,0.8,0.7,0.6,35,8.260323959401997,22.21054716933049
12,24,0.445571452357421,0.5455393968047723,0.3007692743744794,0.2343483325735384,0.14855403631966715,0.0633309745239468,0.033383425868272934,0.04804024074562341,0.8,0.7,0.6,43,10.581104517760268,8.024446307793227
12,25,0.43328274837225184,0.5461284194642215,0.31565180010928534,0.23730701858759745,0.3169179529476274,0.073594636924436,0.02901167576604128,0.0460946692078709,0.8,0.7,0.6,44,10.386500822417668,6.701535251679871
12,26,0.4292222358131573,0.5235429401789499,0.2882223491608798,0.2580502304279276,0.11528781411501068,0.08236986492090857,0.028307093004359428,0.033593440145237456,0.8,0.7,0.6,48,9.153809365975471,5.876793553865556
12,27,0.42974321426638223,0.541242988414886,0.3128957575429208,0.2863709102512937,0.11666404003891676,0.08446696201874315,0.02830924453836134,0.03366685923591401,0.8,0.7,0.6,50,9.087235651997188,5.978188252673609
12,28,0.43120949016517013,0.5245364599638275,0.2909076055800595,0.3004663012124808,0.11593153988617799,0.08711144214946873,0.03031040090425684,0.03405007269540024,0.8,0.7,0.6,55,9.8529702572863,5.052194807267122
12,29,0.411884548139661,0.5192491643605119,0.2971524784290137,0.30294740643766377,0.21714401978389936,0.07779508987607724,0.028033832898804352,0.03379480117780198,0.8,0.7,0.6,56,8.303263281888215,4.493551037794905
12,30,0.4132069481535936,0.5178565179961154,0.2996655076756803,0.3129491405166282,0.22524536291870864,0.0877502268609491,0.0290644522814399,0.03422317047512975,0.8,0.7,0.6,57,10.428720441187362,5.933456303561709
12,31,0.40351192640928607,0.5072242039253493,0.29034265674759774,0.3125665088721045,0.13086156844369345,0.07898207289733572,0.029110190802592018,0.03391528569557231,0.8,0.7,0.6,58,10.442446428826663,9.151225867474606
12,32,0.40888699305213605,0.5294497353195713,0.3198884592689994,0.32245637359782253,0.1460387918067634,0.0877502268609491,0.0290644522814399,0.03422317047512975,0.8,0.7,0.6,59,10.317604351500178,5.731258485539663
12,33,0.39960492095482486,0.519356796441726,0.31090114453518386,0.32787966145280983,0.12981406981546983,0.07898207289733573,0.029110190802592018,0.03391528569557231,0.8,0.7,0.6,60,10.232956574674509,7.989662077113045
12,34,0.3761493750755694,0.5457678211794517,0.3601801306662227,0.30393970490215816,0.09557443415519155,0.07365894215561061,0.01915568310984979,0.025353275044335523,0.8,0.7,0.6,66,10.55073915427334,10.61692758466533
12,35,0.37238775684011394,0.5586875564576687,0.38061831642980876,0.3115417124505853,0.10113183129841982,0.06967243591868044,0.01953554223163064,0.02753468643768255,0.8,0.7,0.6,68,10.61621093140999,9.893310275463504
12,36,0.3714075781699099,0.5364685214480428,0.3566893473717624,0.3183234502329489,0.20854406033221737,0.07280132398835085,0.02025871199589362,0.03532848493060038,0.8,0.7,0.6,69,11.843004728279285,10.670290507227197
12,37,0.4266216099811918,0.5927436946574595,0.4116352579523689,0.38080962200455526,0.15013686006954188,0.08114888839853024,0.04779937047509149,0.0799969288357967,0.8,0.7,0.6,73,11.048960949907404,9.836549623238646
12,38,0.3971531795802647,0.5614198620304465,0.3826211609449332,0.3682924517805493,0.2244922135747394,0.0678648776891668,0.03689999575905311,0.06840535093074224,0.8,0.7,0.6,74,9.699070329086393,5.365650186144769
12,39,0.36217211881088196,0.5412039555842774,0.3721691996951572,0.33762615135659696,0.16006940551781917,0.057568773466568746,0.02718293507080839,0.04545695868329372,0.8,0.7,0.6,75,9.335380333381918,8.120663868101794
12,40,0.35913960025538993,0.5512702244935748,0.4190471739321805,0.3871846309302506,0.28029217110172944,0.07215454061979497,0.03908814514331786,0.07648461914905855,0.8,0.7,0.6,79,11.194349372022984,9.439356316949253
12,41,0.35377915033160234,0.5414391079876771,0.41365960248746814,0.39147118884119814,0.20193316159297894,0.07201657944948701,0.041892789535496786,0.07660885469751129,0.8,0.7,0.6,80,11.074554664642893,10.861544420369585
12,42,0.3541168948499618,0.5425883293718139,0.4140091143504241,0.4099609577031017,0.1358974069368945,0.07332162980971146,0.038838924413586016,0.07681993734013066,0.8,0.7,0.6,84,11.257776593500704,9.398135053776503
12,43,0.34190806559706605,0.4925215185005988,0.3538680532075474,0.41086543464035935,0.19030033963704124,0.06300664185040367,0.04517210092486071,0.0700743354717483,0.8,0.7,0.6,85,10.90364142058841,10.688336661005906
12,44,0.3524071289717551,0.5326145632611865,0.41198733322591863,0.4394463616265031,0.2089662001951922,0.07862685439709015,0.04012134642760049,0.08669864713041787,0.8,0.7,0.6,87,11.137319422454004,8.266212794135596
12,45,0.33279284780699286,0.4947526876728148,0.36839565955220877,0.4269483261053155,0.1381228732337734,0.06336872769995061,0.04531657513797646,0.06999101860786426,0.8,0.7,0.6,89,11.636782260453508,10.85095407506774
12,46,0.346661469857107,0.5031729815865509,0.38185843692610794,0.4466358395196143,0.3230552169529544,0.07884517246074091,0.04760970203395083,0.08295333449520773,0.8,0.7,0.6,90,10.135652178161296,8.04897993932106
12,47,0.3041535336743183,0.44856509052319865,0.3379743624040472,0.42945518988884285,0.22019936465687254,0.06588721655772699,0.0422368417005819,0.0627818267152125,0.8,0.7,0.6,92,10.521583265423056,8.942895462233222
12,48,0.32728082902084316,0.475555535285129,0.36160178367575296,0.4587928860275606,0.1795945393089979,0.07596941253310482,0.04499396659144013,0.07627417970479684,0.8,0.7,0.6,94,9.716405033022063,8.177311954442832
12,49,0.3161912116544356,0.4852308731518659,0.39626151731214104,0.46691562085361976,0.1727930429172565,0.08091672209863827,0.04427891420128382,0.08206238079181484,0.8,0.7,0.6,95,10.178219190351577,9.520556471786517
12,50,0.3169024794673975,0.48982312393958416,0.39761454783926803,0.479088146633022,0.15598898513764642,0.07731032138999548,0.04434993565238233,0.08015537666314522,0.8,0.7,0.6,98,9.95915500665242,8.204803565303463
12,51,0.32763151615053204,0.49797885064112185,0.40792362068114946,0.498898330612357,0.15815117487010136,0.08356508765186035,0.04582978609037674,0.0931794180919942,0.8,0.7,0.6,100,10.356877799187917,8.406318316941142
12,52,0.3132577015243424,0.47963446120037534,0.3928624765904396,0.48712542530039626,0.31569953868829925,0.08060873321992648,0.04029739387361618,0.08748194478189822,0.8,0.7,0.6,101,10.588914051312326,8.383457163099054
12,53,0.29860729120889257,0.4450114035958965,0.3740835741668464,0.5416363986002929,0.1972889552666616,0.08277513908790314,0.04322651967316547,0.09334951106420396,0.8,0.7,0.6,108,10.97030385683334,8.15210336482057
12,54,0.2918549517166562,0.45429509139305546,0.3909071772674217,0.5573537596176227,0.18798685614516408,0.08358044829363719,0.042675029575192966,0.08426300439017002,0.8,0.7,0.6,110,10.536841110934152,8.021372202770577
12,55,0.2749118096444848,0.5552770386969669,0.5403072967588012,0.6735269745963476,0.13874804673858104,0.047560697351137896,0.06458953796528999,0.08688964366681415,0.8,0.7,0.6,150,12.467425675670247,10.00476492690364
12,56,0.28694235552638364,0.576823148492702,0.5742254636959214,0.7238756347686558,0.24038431832352247,0.0816644870555391,0.06272876892546068,0.07668199920243526,0.8,0.7,0.6,151,11.514284580295934,11.427842686378684
12,57,0.26255223213893153,0.49193688019369014,0.4759245670335422,0.6975320439085998,0.17808998642972487,0.0642356557175518,0.06031240689239613,0.07424673742548801,0.8,0.7,0.6,152,12.134866555035376,7.837253207281585
12,58,0.26911551479898005,0.5350700583691876,0.5307554268013361,0.7287693600617444,0.153266814772406,0.059659519017363924,0.06382294613048389,0.08496674494120385,0.8,0.7,0.6,157,12.393239108735395,7.552752140013157
12,59,0.26333853299483845,0.5243216752208399,0.5235911087054219,0.7530219598354383,0.17577531706135688,0.06008555111171071,0.06313976355320353,0.083088801188861,0.8,0.7,0.6,160,12.293292734891846,7.272535983690912
12,60,0.27490954514088906,0.6926231080442462,0.750203154527364,0.8860383337440607,0.15496322756588463,0.07487853213527303,0.06326017498261541,0.08445509021240574,0.8,0.7,0.6,197,12.208289322507405,7.267850629283651
13,0,0.892182192941935,0.8391868805089687,0.3795240443936833,0.01208476657044949,0.0,0.0,0.0,0.0,0.8,0.7,0.6,1,10.568754690478396,27.066519061878072
13,1,0.6978579370998682,0.7157940071166703,0.3270366707239088,0.06912525638152468,0.9464679971364226,0.08010185776891422,9.215113453137999e-05,0.00015404685469989001,0.8,0.7,0.6,3,9.895183970953216,22.20655741666351
13,2,0.6170979405850953,0.6462622090718432,0.2895368829170006,0.08585113724260698,0.47802382194634546,0.09917905081994141,7.813674805458e-05,0.00012052416732277,0.8,0.7,0.6,5,9.549188306379596,9.728756625120669
13,3,0.6158031713064769,0.6626373915718105,0.3129344363311696,0.09204176595509952,0.08805221761588694,0.09982230467449452,8.641256341043e-05,0.00013328942540574,0.8,0.7,0.6,7,9.628944307899229,9.253091020430029
13,4,0.6137942610881294,0.6432724855382467,0.28845774151465564,0.09394024906936783,0.09726396098298833,0.1017114600483298,8.730997592692e-05,0.00017685735601841,0.8,0.7,0.6,9,9.25448136726034,9.072612513669498
13,5,0.5791427958916662,0.6271571208961906,0.29922818165036535,0.12012752541455826,0.6125248791972749,0.09864224142233116,0.01655182417085213,0.01939555002828474,0.8,0.7,0.6,10,10.500339008255306,12.24223242909624
13,6,0.5791017732678136,0.6446754269633448,0.32313738860404295,0.12578259940669026,0.10233543883170675,0.09864224142233116,0.01655182417085213,0.01939555002828474,0.8,0.7,0.6,12,10.425715598070235,12.08726022155123
13,7,0.5787583515448403,0.6617876905613743,0.34827457510744564,0.13686722762867956,0.1265855879346522,0.1034569350476233,0.016595976475100298,0.019455456053547728,0.8,0.7,0.6,14,10.386274994059256,8.695953096304786
13,8,0.5596650394962551,0.6061791361736977,0.2911005030969424,0.14139570948411254,0.3934820222935174,0.11420001959474937,0.0176784615882469,0.01904782160300262,0.8,0.7,0.6,15,9.090001082370772,13.862882637383176
13,9,0.5587383188552663,0.6049315545589818,0.29158190231937436,0.1464954685329484,0.161521615084051,0.11842832636305245,0.01755396739239086,0.01910220803353422,0.8,0.7,0.6,16,9.100972011407416,13.896910231241536
13,10,0.5117404387614167,0.5736982563706107,0.27546734595070244,0.127495696601635,0.31300109334104864,0.09370372976512864,0.01176990297951489,0.01605685308083846,0.8,0.7,0.6,17,12.628504875915835,14.977201327357736
13,11,0.5089860815628613,0.588188324199871,0.29766509246444356,0.1342107001886231,0.11017771619142565,0.09401336376195431,0.011915487167298521,0.016235717374555238,0.8,0.7,0.6,19,12.603843730619186,15.521174794670186
13,12,0.5084587948578193,0.5694954231537754,0.27369004233176253,0.13634740547949592,0.11920159783517814,0.09691883099919998,0.012149908159304581,0.015019731996838481,0.8,0.7,0.6,20,11.224483604718785,14.63965626494259
13,13,0.46255909865955774,0.5185406856791406,0.23730539339254716,0.12415803381171017,0.4470269692788978,0.08008065598729934,0.012810247848620879,0.01603491702871596,0.8,0.7,0.6,21,12.134752395864265,14.239137832837928
13,14,0.4725379097280096,0.5439237533133711,0.27357809264071764,0.15245874772861992,0.1392239307910964,0.10493513996598347,0.01265335402056669,0.01602842781282027,0.8,0.7,0.6,24,10.041855674756448,15.041357187088977
13,15,0.44405966309590067,0.5247296479532835,0.27682349652905125,0.16039770245208806,0.5093926521978597,0.09838468120725245,0.0181479439819067,0.027945713638215693,0.8,0.7,0.6,25,11.491296808013123,14.07048720944252
13,16,0.42107308818547895,0.493773596748938,0.25836369791402164,0.17316489058186033,0.1723796566334678,0.10263805917451607,0.02027593008987847,0.02331182930835786,0.8,0.7,0.6,30,12.725257815969334,15.72616261427932
13,17,0.41578676544972676,0.48423382747642674,0.2548287952420235,0.18362810058053522,0.1911615932389329,0.11049966330206136,0.01943177230492862,0.02439870324708986,0.8,0.7,0.6,32,12.777644422258476,14.595799050333376
13,18,0.4125503427239466,0.47998530238610715,0.2519747104382713,0.18789054379474454,0.1508595941501076,0.1097772127147066,0.01948483481256687,0.024368995366037573,0.8,0.7,0.6,33,12.762764971124136,14.806769606856356
13,19,0.39984737912065654,0.5021676742232386,0.28716178363340245,0.199037582187388,0.10496326197219555,0.0945334553205146,0.02069961935289224,0.022837277547539718,0.8,0.7,0.6,38,11.868580938611148,14.561778935152034
13,20,0.39976401764184655,0.5170697212134129,0.3118755375891253,0.21541966819212727,0.19597659879086296,0.09044039889814146,0.027507468933015138,0.03107979945953731,0.8,0.7,0.6,39,12.783067275029476,14.055784805699991
13,21,0.39348593453762903,0.5258063735208478,0.33027956556363436,0.23148410844519599,0.13062997563989848,0.09031235969095608,0.02750651513709763,0.03106720625940801,0.8,0.7,0.6,43,13.040436189774388,13.710469362497893
13,22,0.3929059335413238,0.5425566669450033,0.35369729935248934,0.24844438488981144,0.1137314890231454,0.09027018589709372,0.02750667854535676,0.03106372006215354,0.8,0.7,0.6,45,12.947080415464546,13.182036552701671
13,23,0.37746303031099077,0.5230743105043271,0.33923782989378365,0.24408310860391882,0.2289152760036519,0.0799504029381819,0.03016029921304596,0.03140982363820314,0.8,0.7,0.6,46,11.890992387955482,16.169907213534284
13,24,0.37594523632836313,0.5383120492711294,0.3618261516816441,0.25606163039655655,0.11631668262881827,0.08035242742501583,0.030004070536442877,0.03148776509995327,0.8,0.7,0.6,48,11.886280142036972,16.176953620980388
13,25,0.34665180799317125,0.4611977180811487,0.28644586349556805,0.2331429238277009,0.46086896741174127,0.07596544927514232,0.02855453685522948,0.032917199169909775,0.8,0.7,0.6,49,12.479023028953517,14.240161169110216
13,26,0.33989182120953665,0.46838546215138227,0.30386447567229097,0.2496980830246448,0.1243441104380811,0.07576811897492916,0.02850352177170724,0.032959083866530334,0.8,0.7,0.6,53,12.749199221066366,13.8456339296073
13,27,0.33778174035109276,0.48175115560975895,0.32578127533459733,0.2538584850583037,0.15610016101223878,0.07371296366598709,0.03259721131122844,0.03353001012823361,0.8,0.7,0.6,54,13.44203466037421,17.143331826420937
13,28,0.33750252965822714,0.49823216637085876,0.3494650979126366,0.2695630660102974,0.1133168118118942,0.0752413812077338,0.03243805046070366,0.03353097296693132,0.8,0.7,0.6,56,13.460878528304216,17.288450698209704
13,29,0.3282427958446604,0.46555256833581427,0.31634568762843773,0.27207289482422004,0.15283056832198244,0.07603171682666289,0.031915093001222514,0.034063794818263646,0.8,0.7,0.6,59,13.454666520591744,15.360571188197424
13,30,0.32713767802476346,0.4639698222044517,0.315237457325506,0.2716762733349405,0.11509358753108048,0.07563641620698716,0.03188935555537525,0.03407563696469806,0.8,0.7,0.6,60,13.722672869779553,15.263852228732798
13,31,0.3271507111517173,0.48146631272337764,0.3391844501972677,0.28086971087952617,0.10526094363410252,0.0757817616134134,0.03192124174113028,0.03407221005095305,0.8,0.7,0.6,61,13.473879873801929,15.37146066360986
13,32,0.3256947689432977,0.4773981267877064,0.3376853471129066,0.28582784614022144,0.13808338820996996,0.08010726195039608,0.030677488104195398,0.034306153264577324,0.8,0.7,0.6,63,13.91507358299653,15.091179312108729
13,33,0.3287080466108797,0.4964703439204578,0.36458982420483116,0.3125351043888296,0.1187751155184913,0.07714644206461185,0.03683833977652638,0.04001401536860954,0.8,0.7,0.6,68,11.84177580051799,17.554718353497183
13,34,0.31514757661841786,0.4574049704313774,0.3266697094968072,0.3086992940462318,0.2970974586641728,0.08297300528947063,0.03519376563776761,0.03148861713581147,0.8,0.7,0.6,69,13.446662334152142,14.669251295803903
13,35,0.31748104525194454,0.45721394977941526,0.3288038627713675,0.32891058669419837,0.1274372329281789,0.08428089324372832,0.03446551757089742,0.04053075952042489,0.8,0.7,0.6,74,14.147611335619564,13.29659583686569
13,36,0.2984564054980388,0.4281535374722736,0.308715928904904,0.33103096523692177,0.18496033593146283,0.07719357209692893,0.034799600769803415,0.04072878068293036,0.8,0.7,0.6,77,15.290368494776056,14.805446403425396
13,37,0.3014042102706287,0.45883647430907737,0.35850379853438563,0.35639136324257126,0.20204023477009864,0.08441173076967431,0.039559434278332514,0.04618445850689384,0.8,0.7,0.6,79,13.480443599519822,12.562046602914087
13,38,0.29297298018331314,0.44799680263147185,0.34970330004693884,0.35366348332841707,0.14291783197988628,0.07784404831245441,0.040085899027249086,0.04525375269818438,0.8,0.7,0.6,81,13.855277198787556,16.10300438508066
13,39,0.345672575409697,0.5857574842583175,0.5216305700957572,0.49226335473377625,0.1768819556832751,0.10358941050485371,0.06110891805532631,0.07977537745254568,0.8,0.7,0.6,98,15.6463811273896,13.705232863435276
13,40,0.34156196671311023,0.5807081592152515,0.5173494586190664,0.4922220561443241,0.17979237592048664,0.09281416725664147,0.06385490566486915,0.08591135101051489,0.8,0.7,0.6,100,14.960454400143153,15.042331234929748
13,41,0.2794328919633021,0.48031780721019585,0.40679499760305915,0.4287086769802152,0.1335728108577274,0.0770441133244805,0.034802195162691715,0.04345357672915206,0.8,0.7,0.6,103,15.694926819049954,14.041790231635458
13,42,0.2781927169646539,0.4956468013792614,0.4293086642763033,0.43151288855799375,0.13212997467128434,0.07615600325878966,0.03519222824662864,0.044035885259744625,0.8,0.7,0.6,104,15.73214177979984,14.08627161865386
13,43,0.27771984107107783,0.4917811543932921,0.4281941620725156,0.4405456038195668,0.14963214311429757,0.08141552250720706,0.03573321417246221,0.04208278337463559,0.8,0.7,0.6,106,14.89539479949623,13.727865843727193
13,44,0.2754247846239942,0.676125317714257,0.6878625853633131,0.5553147071820467,0.12595669856699987,0.09971221350842116,0.03435499988526456,0.02753450109317822,0.8,0.7,0.6,129,10.068944038931658,13.26950241236674
13,45,0.2425663196942264,0.5715843061152907,0.5787880038536918,0.5500613832567671,0.1980548454016517,0.08292570874550607,0.034375189088002224,0.027811040500401764,0.8,0.7,0.6,133,9.569077626781525,10.145489809560472
13,46,0.24196865515356322,0.5974703382598521,0.6237601606749115,0.6062027010896699,0.12889028080935647,0.09092122336693352,0.03569678964967868,0.028163164523315097,0.8,0.7,0.6,144,9.154367091366828,8.919777302322759
13,47,0.23857966460187116,0.6086029914445539,0.6434721348168497,0.6155890134447151,0.1414427389914449,0.0903412105519346,0.03562080345555439,0.02803516346852817,0.8,0.7,0.6,146,9.47942193891834,9.894827489338835
13,48,0.23674452087750966,0.6039398544010607,0.6408479030175672,0.6194580857478842,0.16552605434819076,0.0912469768641076,0.03562652845765807,0.02804116681885056,0.8,0.7,0.6,147,9.65292619157336,9.785744563366912
13,49,0.22684453561503082,0.6246972760008783,0.6775465581937234,0.6153203724886174,0.13534857011578288,0.08945122846978121,0.033656361189255815,0.02287079776876218,0.8,0.7,0.6,150,8.825209364750965,10.00400364400108
13,50,0.21147122518164363,0.6097415441738564,0.6809242505939356,0.6146844676133052,0.40594558752573767,0.08830494612749237,0.03254431762189289,0.02424508316211104,0.8,0.7,0.6,151,9.540218187099295,10.316922915868206
13,51,0.20875999666789538,0.581480136830217,0.6517158248398657,0.6192625188755735,0.17929415747805558,0.09210199495532881,0.032682382575190586,0.02512451031811853,0.8,0.7,0.6,153,9.712331562236908,10.851487982215508
14,0,0.919743843421163,0.8565232512775663,0.39030910514031836,0.013046472579511033,0.0,0.0,0.0,0.0,0.8,0.7,0.6,1,9.325001936973292,25.723573314798685
14,1,0.7390110867033508,0.7476577662566437,0.34405233952629904,0.0638772772522174,0.835808901638514,0.0708520593883385,9.518653633368e-05,0.00010429222761893,0.8,0.7,0.6,3,7.764597511576329,20.936021144334457
14,2,0.6748182534418923,0.6963890106238675,0.3150337862072476,0.07441740191068287,0.3412659075697582,0.08039710140961012,7.615480709613e-05,8.347793112828e-05,0.8,0.7,0.6,5,6.279173390084424,8.80797048838351
14,3,0.6747969591169898,0.7139577764921557,0.3390447927067786,0.08035194566738568,0.06544496249903403,0.08062334815521559,8.046223697116001e-05,8.819741640720999e-05,0.8,0.7,0.6,7,6.303282982329803,8.743289768775915
14,4,0.6794284383586524,0.719328672967855,0.34610829762797163,0.09374439644122563,0.09551793329194744,0.09291140449441966,8.904401576422999e-05,0.00011057845407960001,0.8,0.7,0.6,9,6.561288855386249,7.753741690301387
14,5,0.7075661950154088,0.7512282808708317,0.3881597154409542,0.15989085874710343,0.3859728844734579,0.1658061914332483,0.00013397954863313,0.0008035457332036099,0.8,0.7,0.6,10,6.5369007837201565,20.75978280272128
14,6,0.7152016245926067,0.7780698975114759,0.42733451367489117,0.1825692000554789,0.3064156815067782,0.1049913121257934,0.00202891180762059,0.12142683443760427,0.8,0.7,0.6,11,5.846745951069818,9.880295986015746
14,7,1.3164439925153544,1.379683764888539,1.0305112638399578,0.8038014192389202,0.8029119772960898,0.1739921555368476,0.03546468182915251,1.0,0.8,0.7,0.6,12,7.131279668044227,10.89445137656884
14,8,0.5994908350389992,0.6629646590986701,0.31422493862046613,0.07753383357512308,0.06039493874407329,0.04106339273603321,0.02222902222364473,5.677859255836e-05,0.8,0.7,0.6,13,6.233263745947911,9.839037736527796
14,9,1.699379841427704,1.7811428787157224,1.4428381775923977,1.2053038552123025,1.2600390389929783,0.361157237668444,0.3869735962329675,1.0,0.8,0.7,0.6,14,6.763234935788207,17.64757074655843
14,10,0.5462864478583846,0.6471180637610071,0.33081125455700855,0.08172276734124129,0.4379629252382937,0.04028351837436882,0.02471999211843767,5.582317273153e-05,0.8,0.7,0.6,15,6.345035089862842,8.409617538744367
14,11,0.5849066908728131,0.6681900754395421,0.34608050488329234,0.12879301901095527,0.10397872657380697,0.06411768336813187,0.02801436773071354,0.03134351816441646,0.8,0.7,0.6,16,7.590962644098228,8.756189408999605
14,12,0.5827571106306885,0.6836047378705192,0.36868083118855444,0.13512328863529474,0.09978082156849982,0.06411768336813184,0.02801436773071354,0.03134351816441646,0.8,0.7,0.6,18,7.600003327851757,8.33597604850744
14,13,0.5416932325500986,0.659393843197013,0.36339611392601373,0.1330185204052549,0.2373182555411003,0.07297431847005793,0.032073871803162,0.0005360959389263599,0.8,0.7,0.6,20,6.54486942596692,19.87914784730697
14,14,0.5414014323228442,0.6765996857573244,0.3875014114577551,0.1504705792582799,0.08871257700467361,0.0742579880310799,0.032074786440346295,0.00054585109577486,0.8,0.7,0.6,22,6.588559855501603,19.49006121139806
14,15,0.49434165212437,0.6077480741014266,0.33207104765507955,0.1398767345801849,0.5759333462072938,0.03932326078053805,0.04725221386174635,0.03124149276422562,0.8,0.7,0.6,23,7.547049118602645,8.477987116421971
14,16,0.49434165212437,0.625308179736437,0.3560061995366876,0.14689993007311977,0.08328056947973489,0.03932326078053805,0.04725221386174635,0.03124149276422562,0.8,0.7,0.6,25,7.547049118602645,8.477987116421973
14,17,0.4925524498670671,0.6232829615255964,0.35474129488270917,0.154686720797816,0.09271190847024545,0.03930636136848301,0.04725196653841242,0.031242293709502413,0.8,0.7,0.6,27,7.598162287919839,8.040226443220355
14,18,0.5218649506203036,0.6972426687283281,0.4680658948012189,0.23206304526085922,0.6618068990532168,0.05197781346399176,0.09766180748045576,0.08026827930861674,0.8,0.7,0.6,28,7.8943653581992335,7.192007089202161
14,19,0.5134257032372862,0.6847626226257648,0.46347771696079804,0.24954773077379486,0.23201569457542268,0.06246413030492113,0.09766039395137141,0.08029293468983163,0.8,0.7,0.6,31,8.789925579835685,15.206222456840072
14,20,0.5047490722783852,0.6904081952447271,0.48117924741594936,0.26228063710341515,0.31082658358383386,0.0663357853692361,0.09767534760422852,0.08031135256109491,0.8,0.7,0.6,32,8.37482285188402,5.959536794439867
14,21,0.5027926635319986,0.6884143642043258,0.47924881945958286,0.2740669009062144,0.16832933358643992,0.06407074185352354,0.09766844979930628,0.08029640980256939,0.8,0.7,0.6,35,8.335846890613489,10.70392046771971
14,22,0.5049160419757724,0.67086097444769,0.4588271137455776,0.26260404011601696,0.22072281611062283,0.0675865129897191,0.10583911692402623,0.08155330321310002,0.8,0.7,0.6,37,8.586003979557134,6.005159935023413
14,23,0.40781396578923146,0.5832525143031833,0.38976299448762536,0.19911374275864674,0.40694701437619163,0.04358030374854603,0.07576857094759906,0.027033855948681268,0.8,0.7,0.6,38,7.037360847002587,6.6988297321306485
14,24,0.4077977150137251,0.5832249766670669,0.3897511476287325,0.21270510376566173,0.10426766772758689,0.04359833112097179,0.07576905269997643,0.02703302729390709,0.8,0.7,0.6,41,7.039368628869175,6.693208639523007
14,25,0.44465583348779864,0.6460746487768636,0.47749337402867714,0.2830901227556224,0.2647202426624786,0.0579262012943871,0.09885497472206291,0.08076530278005392,0.8,0.7,0.6,44,8.281650386042006,6.443651130184377
14,26,0.42622259177767663,0.6267545260702068,0.48582489122719386,0.3074894230578793,0.7128799603518785,0.08159764081135183,0.09928376632973343,0.0810734296913548,0.8,0.7,0.6,45,9.435622994549732,6.699905577077266
14,27,0.413839176973472,0.6090266713623609,0.47369344707749345,0.31902279329461525,0.20836128824879252,0.07792191505044443,0.09970679481413268,0.08061672718585203,0.8,0.7,0.6,50,9.76814222571841,7.2935202878732355
14,28,0.39964722320884133,0.5656588850837141,0.4354790273686832,0.3250881627497138,0.280903449625942,0.0839208511303106,0.0985932219555201,0.08174904290969014,0.8,0.7,0.6,53,9.99597138964279,7.160327128447642
14,29,0.3827667436143274,0.535641666837816,0.417607715983939,0.34680267585377594,0.48932912674982176,0.07839382366793338,0.10714453062104859,0.08268094289072407,0.8,0.7,0.6,54,9.65720544276008,5.885170469291075
14,30,0.3827667436143274,0.535641666837816,0.417607715983939,0.34680267585377594,0.18732495392517362,0.07839382366793338,0.10714453062104859,0.08268094289072407,0.8,0.7,0.6,58,9.65720544276008,5.885170469291075
14,31,0.3831104405390867,0.5358498766341723,0.4179372310120462,0.3534226865469938,0.1893612302866925,0.0790102676952667,0.10715217544822671,0.08273211362560595,0.8,0.7,0.6,60,9.610212340975025,5.785626510244587
14,32,0.3824622982771594,0.5524448289936623,0.4411908910607626,0.3681618665301253,0.19470626833792232,0.07878570680003681,0.10714524528351632,0.0826827787050122,0.8,0.7,0.6,61,9.619139265102415,5.481077245608125
14,33,0.3672914425758919,0.5793070474566298,0.4964800136301825,0.4407008253322154,0.197459974237374,0.07043697528703322,0.10818104233841505,0.09060147739907552,0.8,0.7,0.6,82,11.392404238986922,4.044511315675906
14,34,0.3863075024534684,0.6293162007421161,0.5627353783656507,0.49997455440496547,0.23435590764689268,0.07089206422833015,0.1391019865523051,0.09415500330621818,0.8,0.7,0.6,90,12.944310169189745,5.186380216132609
14,35,0.37474884792201485,0.6292336078398013,0.5740814262845364,0.5047929847923165,0.2697575092585167,0.0713631463656489,0.1329340788563645,0.09360737220724427,0.8,0.7,0.6,92,12.659559875537834,5.437798420785413
14,36,0.35861223962723243,0.5959695168186923,0.5544806478162653,0.5120116954607057,0.3186408705195748,0.06893166579757226,0.1444469765436309,0.08823763113471315,0.8,0.7,0.6,96,11.70065155728087,5.166646163392393
14,37,0.3474396711444747,0.5906390537571482,0.5644567470704456,0.505124257188854,0.3651188401675457,0.06991824691441474,0.14425614471120105,0.08838595247162753,0.8,0.7,0.6,97,12.358670906616506,4.634384114651358
14,38,0.3474396711444747,0.5906390537571482,0.5644567470704456,0.505124257188854,0.2099459400164098,0.06991824691441474,0.14425614471120105,0.08838595247162753,0.8,0.7,0.6,99,12.358670906616506,4.634384114651358
14,39,0.3223801704439228,0.5732491932660905,0.5607816176125281,0.5580938707994435,0.19829889076377816,0.07731824679437407,0.12215076911950866,0.07843039038540076,0.8,0.7,0.6,114,12.969837547061882,4.7450146188142535
14,40,0.3199911557786419,0.5857853123798539,0.5815913615442828,0.568333022136482,0.2173489100088255,0.07731824679437407,0.12215076911950866,0.07843039038540076,0.8,0.7,0.6,116,12.983921379018469,4.629104226609944
14,41,0.33750468593479105,0.6186696123391981,0.6224318782380227,0.5909537666855169,0.24451446350251815,0.07618095980153769,0.1359378402418656,0.0963763670516396,0.8,0.7,0.6,117,12.582623564873618,3.88405280032404
14,42,0.35787445617524843,0.711648537029718,0.7580424554634267,0.7830132508541378,0.25823162060534216,0.062073568539875404,0.172019525042155,0.12916454008665051,0.8,0.7,0.6,139,13.750971255739344,8.653524718997122
14,43,0.33307532495371084,0.6059274935974621,0.6341722229183626,0.7360113143096867,0.2779917110933098,0.05849310157912339,0.150838329388586,0.13193385645751604,0.8,0.7,0.6,144,13.250262869512506,6.13362386430699
14,44,0.3275116830689464,0.6818973728708188,0.7462548331048654,0.7317815101038868,0.240555868984444,0.08797484511939858,0.14332154889044316,0.1003677103141816,0.8,0.7,0.6,152,11.045972110167783,6.365718007914697
14,45,0.31697855436765776,0.5817165080166962,0.6154377998294221,0.7511064090152786,0.30154473574931795,0.06031770470914692,0.15848935635418787,0.10437675241084396,0.8,0.7,0.6,155,13.468878054860088,6.147310966731665
14,46,0.3149096608659191,0.6884689719310668,0.7761301138073268,0.7784781971943285,0.23820250222833234,0.08426822189577188,0.14255391180516358,0.10517110776085029,0.8,0.7,0.6,163,15.348337353873552,7.851740115051737
14,47,0.29919746554101534,0.6341447494018091,0.7113261044534589,0.8582154322267435,0.2208923262717099,0.061452634754209055,0.1444139606919388,0.1114265019125972,0.8,0.7,0.6,168,15.184203489181936,6.496797158735206
14,48,0.2903249009337143,0.6153619235746545,0.698912477255051,0.8569272994723924,0.2802006577408525,0.06067778011931126,0.1442212352696106,0.10947033805409576,0.8,0.7,0.6,169,14.536590836657904,6.08790338919631
14,49,0.2939921759927701,0.6235157437960119,0.7041960826729661,0.8633133856313229,0.2410094670068202,0.05982159631622626,0.1443896064134827,0.11134652409872985,0.8,0.7,0.6,170,15.32084582317456,6.504026649134511
14,50,0.2888771408122977,0.574073145745776,0.6652018721697455,0.871536792395453,0.5917923435682413,0.06080229536049984,0.1619828931100588,0.11057329585015116,0.8,0.7,0.6,171,12.92309890289468,6.687848057204181
14,51,0.2766371517962441,0.6381740654709189,0.768175707356868,0.8837830724532822,0.23803785238953631,0.0762387368986642,0.14029956874253044,0.10665393187193035,0.8,0.7,0.6,187,15.176505010717912,9.036631958432718
15,0,0.9032865581541236,0.8462228731522449,0.3839011995296048,0.012475036292622074,0.0,0.0,0.0,0.0,0.8,0.7,0.6,1,10.05054762303414,25.35879272068937
15,1,0.7556331914925974,0.7624763141615456,0.3564128158874924,0.07255226377334262,0.7651091433353832,0.08119971276634437,9.233232397674e-05,0.0001676843414621,0.8,0.7,0.6,3,7.493050727020117,20.4027471286912
15,2,0.6865259853466106,0.707776945855531,0.32571307019361645,0.08403401388143995,0.37254540986505336,0.09224274656830041,7.769741882083e-05,0.00014178724421557999,0.8,0.7,0.6,5,6.222905089104261,8.625555021241682
15,3,0.6863437483557208,0.7252233385440272,0.349685377037398,0.09005550737784755,0.07609833958518926,0.09258742292355739,8.342314824568e-05,0.00015230943221582001,0.8,0.7,0.6,7,6.154177478053288,8.032167949788338
15,4,0.627268820399745,0.6729628275149513,0.31746008335427894,0.09499125851767999,0.24118070523479596,0.08765634612287868,0.00252346514343157,0.00514183263588436,0.8,0.7,0.6,10,6.374459758552513,8.58053926675518
15,5,0.6141222815375036,0.6603663203017655,0.30744357741602346,0.09120172689350753,0.10128997433903787,0.08161858556436272,0.00227102616826539,0.00387083816961006,0.8,0.7,0.6,12,6.590995349604657,10.638095076319196
15,6,0.6210668406211921,0.6675918534527103,0.3161296601019435,0.1078191613269733,0.09846590617277885,0.09416558512019216,0.00246557090946002,0.00539851240046006,0.8,0.7,0.6,14,6.176102762246484,5.046307291185776
15,7,0.6046480058956228,0.6521778445529806,0.30742729554960974,0.11120603416441145,0.2496676644897364,0.09692784290824949,0.0026096850517528,0.005458682600679899,0.8,0.7,0.6,15,5.827287192631647,4.784992909922988
15,8,0.5961979098949264,0.6438465604211241,0.3001869258375519,0.10762698927085167,0.10434819628850178,0.09030135800108584,0.00255045075017503,0.00528904501163637,0.8,0.7,0.6,16,5.941121325967723,7.82033993024568
15,9,0.597879226928838,0.6632818138489328,0.3281001583396751,0.11884920285234127,0.13696822786586038,0.09918167383684931,0.00278476860637879,0.0055754483694701,0.8,0.7,0.6,17,5.898945572621705,4.694019051095099
15,10,0.5701514123722901,0.600810576851161,0.2618424313854369,0.1286369901670789,0.19279244384624764,0.09032248546068962,0.0105970304025732,0.00222020321443437,0.8,0.7,0.6,19,9.288797365055231,11.782561740192277
15,11,0.5397779783296779,0.5868718887074045,0.26818206096114644,0.14032435953327121,0.43175868162030956,0.0926535057315234,0.013914701115912531,0.00406210772398277,0.8,0.7,0.6,20,8.963937452093194,10.466025013132738
15,12,0.5396720989645619,0.586760155247172,0.26811236469159005,0.14031804493210387,0.08682689347913805,0.0926535057315234,0.013914701115912531,0.0040621077239827805,0.8,0.7,0.6,22,8.913046948438053,10.568016480150998
15,13,0.5403023089905573,0.6047966854629486,0.2935565968725248,0.15554011904469228,0.10235740601120309,0.09668140111757184,0.01391480027546795,0.004039693783818609,0.8,0.7,0.6,24,8.849045044521059,10.340429873712887
15,14,0.540302310513223,0.6047966854629486,0.2935565968725248,0.15554011904469228,0.08950963653185852,0.09668140111757184,0.01391480027546795,0.004039693783818609,0.8,0.7,0.6,26,8.849045485283018,10.340428979427257
15,15,0.49848701889087715,0.5605578654338307,0.26098225407816683,0.14628621004203088,0.36640459751823995,0.08582036958425296,0.00643796260932301,0.00495740854796,0.8,0.7,0.6,27,8.989017489165597,11.150758950903263
15,16,0.4979916129823928,0.5600475474832267,0.26052926323815256,0.145919127119249,0.07625463007113457,0.08580429928782227,0.00601773843150759,0.00487132957707012,0.8,0.7,0.6,30,8.872663770455203,10.887548430075723
15,17,0.4772312103311492,0.5544533451752649,0.2693634340458328,0.15025378069564155,0.1741420255232521,0.0857077636093324,0.00428343890844354,0.00395179486069128,0.8,0.7,0.6,32,9.617964209448784,9.197682398628476
15,18,0.4771693961258326,0.5543777132701956,0.2693287047328571,0.15028032042741976,0.07498255753437734,0.08570694200467117,0.0043151870736813395,0.00397021457053181,0.8,0.7,0.6,33,9.63192162880814,9.213509873543847
15,19,0.4632025917798021,0.5564811966415402,0.28204667246738196,0.15289649866272167,0.17523476245793293,0.08002449573029449,0.00501357608365612,0.00366914670925192,0.8,0.7,0.6,34,8.683887388031698,14.746918606734342
15,20,0.4589755465504432,0.5517141848427819,0.27871760046985605,0.15172410665152905,0.08666342795349961,0.07986012418526403,0.00354115132342507,0.00400295199947492,0.8,0.7,0.6,36,8.672537635292949,14.162333476533346
15,21,0.45697250895037744,0.5488508466854277,0.27817293877404226,0.1492626579203032,0.10115897987905337,0.08065380077332449,0.0050596878428409405,0.00662701744493255,0.8,0.7,0.6,38,7.473766908512532,15.349011363987804
15,22,0.4569267135878398,0.5487893798864067,0.2781299729998623,0.14924669041139987,0.07239818046638292,0.08075903142657961,0.00498106378859906,0.0065577168195858695,0.8,0.7,0.6,39,7.453044664732367,15.19736965486311
15,23,0.4494228505672087,0.5398341975960147,0.27256364535547845,0.14875319412377683,0.15591611081292556,0.08065380077332449,0.0050596878428409405,0.00662701744493255,0.8,0.7,0.6,40,7.690892708425207,13.635472600454854
15,24,0.46296393083938814,0.5125928932108934,0.24446391850270466,0.19492300838565108,0.40773290484437835,0.10503135990237591,0.02361437461347041,0.01805304254482514,0.8,0.7,0.6,41,7.974801723705129,11.700268995544612
15,25,0.45808323446946286,0.5066065862595616,0.24047660041503968,0.19392647724242104,0.12713294013649604,0.10497214630708125,0.02301396986657563,0.01767160279348311,0.8,0.7,0.6,44,8.123900400434623,11.298769543166452
15,26,0.4235641045377322,0.4812438584009193,0.23556187661768388,0.2151150829373982,0.22180107792505876,0.10521733926280816,0.017763341033413118,0.013999802593384111,0.8,0.7,0.6,47,8.396327194443469,11.032859368740672
15,27,0.41955073235444673,0.4891755127843587,0.25857796145984274,0.23299534916847942,0.3396105987786205,0.11155435213507228,0.024691991394099038,0.01983189242361886,0.8,0.7,0.6,48,7.849039732227337,11.67716594008406
15,28,0.39784710471258283,0.46179625183476075,0.2383621520276406,0.2261953681097298,0.2836261774153395,0.11156096144360583,0.017849361727181788,0.01376755307939379,0.8,0.7,0.6,49,8.217948515451145,10.550961171368174
15,29,0.3784077066605776,0.4745830686301792,0.2676051498660415,0.2610941088549509,0.10360922827115514,0.0904006511189566,0.01729540720651415,0.02175129887423021,0.8,0.7,0.6,64,10.792696031341814,9.408488306536936
15,30,0.37203676369367467,0.46695197964256085,0.2615506125582069,0.25740347576964306,0.13283687723044296,0.08193128143623381,0.01970270719327156,0.024469990832685688,0.8,0.7,0.6,65,10.453777840567792,8.94995469067927
15,31,0.3390842893627304,0.42055128604405634,0.23083420561047927,0.2839953892284729,0.21948983121890914,0.08501327258691634,0.02446188523318808,0.00664717804828574,0.8,0.7,0.6,68,8.019028337308942,9.474087701976696
15,32,0.33942288470457244,0.4365057111639897,0.2552754414048877,0.2888530772837608,0.11058905112772993,0.07826875133613556,0.030184560926377578,0.015601531604245161,0.8,0.7,0.6,71,7.708622310773895,10.967235781051516
15,33,0.32185263220593097,0.41250257357616193,0.2381105070208057,0.284817078041286,0.2579136301103585,0.07806156462069712,0.02767112087346907,0.008964000704701821,0.8,0.7,0.6,72,8.921032010097807,9.921371479984607
15,34,0.3127833472137734,0.39877839731264725,0.22908376125912117,0.2799572554418134,0.20222911317964165,0.07451757390177667,0.02803041414647407,0.01111409975611587,0.8,0.7,0.6,73,9.994047143537085,17.10533077645544
15,35,0.31278335226016546,0.39877839731264725,0.22908376125912114,0.27995725555793544,0.08590490751722818,0.07451757390177664,0.02803041414647407,0.01111409975611587,0.8,0.7,0.6,75,9.994046563801462,17.105331962072
15,36,0.29824760810948414,0.3757238983777865,0.2143563442166469,0.28058310228112454,0.2920879474364586,0.0725827418449962,0.028309581467053792,0.01166913391507172,0.8,0.7,0.6,76,10.49845362388336,15.428457102725268
15,37,0.2945279117639014,0.4063687102977807,0.25847033702775607,0.31210290198207485,0.08827850297224465,0.069999074728187,0.02829954144822323,0.01083921786469191,0.8,0.7,0.6,79,8.741070551639172,18.924558726603205
15,38,0.28028477215533865,0.34293865122373646,0.19518742589133828,0.2904349037373918,0.2486033176259779,0.07892591722258699,0.02789409501393627,0.009107161324230801,0.8,0.7,0.6,81,11.569996271594604,15.187320568752655
15,39,0.2801482310072344,0.3601557822764683,0.2189624380080423,0.3033009831313348,0.09054894725474108,0.07922691059672242,0.02784010416294246,0.00900416572720252,0.8,0.7,0.6,83,11.60160328032362,15.01781564293506
15,40,0.2778883735597908,0.3753664048077475,0.24062704194303222,0.3139909254958394,0.08711627305626099,0.07633455119560045,0.027834903560039682,0.009300130011165541,0.8,0.7,0.6,85,11.335122207434091,13.956367732435544
15,41,0.2787155732854406,0.37601039422511157,0.24143350713018877,0.3150407754007232,0.08922737138459197,0.07778381093919004,0.027857390722373438,0.00913072661646867,0.8,0.7,0.6,87,11.54716738747376,14.771218791637567
15,42,0.28232995894171764,0.35740463861453997,0.2205631020110417,0.3318636033289504,0.14847128005967802,0.09147871384839727,0.02535491801755682,0.01017598727552127,0.8,0.7,0.6,89,8.7961964462262,18.535198923553907
15,43,0.2582087691589456,0.33942546979458293,0.21871187801252684,0.3338854255309007,0.13619645636634828,0.07974298764168898,0.02653185330567382,0.00823310968676416,0.8,0.7,0.6,94,8.914211916309313,17.69562826580365
15,44,0.25697598752981243,0.31658366635402413,0.19271274462268367,0.34971635334388657,0.1099731651665192,0.08923863733970656,0.02228381273181438,0.0059158784784758296,0.8,0.7,0.6,98,9.32634467275292,18.35945465091073
15,45,0.25127781010549116,0.32503587973400727,0.2103064286342463,0.35815929079967695,0.12317035523000151,0.08703573321886807,0.021892692676926558,0.00633048901164993,0.8,0.7,0.6,100,9.549923054508442,18.405559440483533
15,46,0.25330989238701745,0.32616463327880696,0.2121639946225458,0.36704293398550336,0.10997723315571932,0.08905461096490183,0.0229595604656964,0.007490133635058049,0.8,0.7,0.6,101,9.133987429738314,13.208042441418035
15,47,0.24941626008712217,0.33634230703943196,0.23150792933808337,0.3803387986468945,0.16132727195027066,0.08850758020765906,0.02357718520256004,0.00750522265614909,0.8,0.7,0.6,102,8.76767330585789,14.76671923865502
15,48,0.27958876397351723,0.3401352430720679,0.21552495218568696,0.4057906763395987,0.12015579694621868,0.09877460524952726,0.027751361180790118,0.02281417375359218,0.8,0.7,0.6,108,10.92916350925596,16.857396594757436
15,49,0.24503773976369975,0.3705187589229112,0.29578378203764755,0.4427199481118136,0.13983057184354575,0.07575655230483518,0.03853957629445054,0.02461245122735192,0.8,0.7,0.6,114,8.796692257981187,17.671669625565276
15,50,0.24261398678991675,0.32600665588214234,0.24377051104362774,0.43563672659181113,0.17658803368852316,0.0691678346842218,0.04362811532387796,0.03495681639609194,0.8,0.7,0.6,116,11.081058068607232,17.25022248875172
15,51,0.2423423803026163,0.325455491067518,0.24342760102773864,0.43560557952166795,0.10990101291101867,0.06916783468422177,0.04362811532387795,0.03495681639609194,0.8,0.7,0.6,118,10.848973704151074,17.669198729762623
15,52,0.23131427639999347,0.36040289669136405,0.3024526505533359,0.47150107242314376,0.14004266825542735,0.0798754359492482,0.0367769177363665,0.0209616266674006,0.8,0.7,0.6,121,9.396742023875584,17.776008752359665
15,53,0.23544336259730192,0.2994708251676826,0.23133326629170758,0.4765366685084977,0.22902212175283138,0.07616127088845018,0.04603531964808575,0.04077742844445647,0.8,0.7,0.6,123,10.768766645521128,17.15543365816522
15,54,0.21299892264944245,0.29962940228846946,0.2530069324341358,0.4852371202621537,0.32397510454002887,0.07504464164809238,0.03932088750193641,0.030487836395626983,0.8,0.7,0.6,124,9.402578614211272,19.931756796480897
15,55,0.21621200934419668,0.29891023761691304,0.25497836401213103,0.4878071364977019,0.13051768772836875,0.07564976808720857,0.04475249409674789,0.03401195187182702,0.8,0.7,0.6,128,10.06081171274904,19.494245568970168
15,56,0.2190151764635419,0.2989829774209133,0.2569170415170233,0.5108722847294525,0.12672306247103743,0.08609051830315663,0.04177706821557891,0.031913027995353685,0.8,0.7,0.6,133,10.311326737434973,15.598010387253778
15,57,0.1960881791536521,0.2539485814559038,0.22661123921824264,0.5087585155411394,0.48043097627077574,0.07768452756530266,0.04343853216240913,0.03108479028769524,0.8,0.7,0.6,134,10.71939400182988,19.28254402522188
15,58,0.1960881790216708,0.2539485814559038,0.22661123921824264,0.5087585155411394,0.11120807472717904,0.07768452756530263,0.04343853216240914,0.03108479028769525,0.8,0.7,0.6,135,10.719394014902552,19.28254399039444
15,59,0.1899612027709826,0.23839795538320563,0.2171599233066881,0.5145603823304358,0.2539984802490688,0.08084328059274107,0.039516933476862096,0.03243014820595858,0.8,0.7,0.6,136,9.625068781963034,17.209769210120065
15,60,0.18626032880586535,0.2535314840722572,0.25538295641136155,0.5697796662678554,0.1339117657372427,0.08498302705889305,0.04181135763598645,0.036524241286549554,0.8,0.7,0.6,155,10.12780423358596,17.958387949396478
15,61,0.17386634373081394,0.2519284591076423,0.26434358616432035,0.5921588134267116,0.15155203687766283,0.07376483248005086,0.044325373605839866,0.03508424437510762,0.8,0.7,0.6,157,10.600308368857489,15.969976372930518
15,62,0.1715208045572542,0.24201904194648918,0.2590900229510889,0.5906759306905399,0.22935900385223623,0.07427694077176221,0.04577569783307962,0.03672773082876521,0.8,0.7,0.6,158,11.154615493241138,17.013820604157505
15,63,0.1657882532976673,0.19449528768766103,0.2028944184961374,0.5853660915896398,0.12039093063268824,0.07315808733288955,0.04717413928537606,0.03390042733114261,0.8,0.7,0.6,170,10.269459217325524,16.15061169580628
15,64,0.14738528346579283,0.18064755748037634,0.21995580048963687,0.6668107057075592,0.14107517312126422,0.07478811724665707,0.045024744609341624,0.03271093581326916,0.8,0.7,0.6,185,10.581376084997142,17.151182474270566
15,65,0.10881189196128334,0.1219541952516824,0.20525963496123828,0.6560581413907015,0.22931046954253914,0.06371226947523734,0.04374570396191651,0.0304267372780335,0.8,0.7,0.6,191,10.065259421876553,15.097313918809562
15,66,0.10524847469560557,0.10309289723766253,0.19475223104838257,0.6937820873672148,0.1377237939600433,0.06853355973905137,0.04164240658209738,0.03186060806492213,0.8,0.7,0.6,197,10.547617418030704,16.023680958622755
15,67,0.10524848334446012,0.10309289478036286,0.19475222859108288,0.6937820851662415,0.10309349686230264,0.06853356069490925,0.041642402963682504,0.03186060691642953,0.8,0.7,0.6,199,10.547616927774754,16.02368017521113
16,0,0.8835740211035932,0.8336830027952122,0.3761001332203773,0.01177941068226946,0.0,0.0,0.0,0.0,0.8,0.7,0.6,1,10.811351193860578,26.32079071006747
16,1,0.707456640666826,0.722879839483947,0.32965006415632175,0.0650324563031437,0.8601939431915882,0.07418066765092637,9.608415042257e-05,0.00012881158174017,0.8,0.7,0.6,3,9.1688272965684,21.17001158981928
16,2,0.6346876563160506,0.6609966645330209,0.29227599749309024,0.07060416146025086,0.36741376657524005,0.077923829239237,7.948649689061e-05,0.00011297615973571,0.8,0.7,0.6,5,7.852050345290134,8.81053289937263
16,3,0.6346876405484245,0.6785567701680313,0.31621114937469835,0.07516047500843173,0.062462899027192625,0.07792382923923702,7.94864968906e-05,0.00011297615973571,0.8,0.7,0.6,7,7.852055101295886,8.810487998054102
16,4,0.6343111863380797,0.6957793143541307,0.3399365868079165,0.08143589665062272,0.06405612187436635,0.07791527432949982,8.438336797969e-05,0.00012054007162794001,0.8,0.7,0.6,9,7.794550425072804,8.30183290388127
16,5,0.6342211322293265,0.6805073493673631,0.32779981938210595,0.11292252934909061,0.326577913478839,0.07167851919896524,0.02398137447013938,0.026313770465565923,0.8,0.7,0.6,10,7.430311302574593,10.583222818132567
16,6,0.6077227437433541,0.6716592796101011,0.325785719847338,0.09408259399558291,0.06853167722408227,0.08002139920872395,0.0004056607270823,0.0007051892247158999,0.8,0.7,0.6,13,8.227444550450736,8.90850356098559
16,7,0.5647006230508586,0.6124606127773419,0.26994761417169544,0.08319794796225892,0.2911115843015637,0.058370091160789825,0.00146801896771123,0.0018735784168320499,0.8,0.7,0.6,14,8.171221435988773,8.56745014147537
16,8,0.5510939538641458,0.5816561646754008,0.23872574507073896,0.08277854719611785,0.10078622155799419,0.06234656601488155,0.00102915670495395,0.00128494002420682,0.8,0.7,0.6,17,7.618870495253138,7.650926310315175
16,9,0.5468111201048176,0.5949633726839618,0.26327605291875456,0.1058206967271792,0.1003783801432877,0.07265829032538301,0.0011197926759389401,0.00181257839717551,0.8,0.7,0.6,20,8.203483304365871,6.541988261196738
16,10,0.7152550075701223,0.7732014229149833,0.4075066200249217,0.16965200097214753,0.18904277320087043,0.07820764681362362,0.03858536327717862,0.04039873975177013,0.8,0.7,0.6,22,7.66531846622898,9.717888890833642
16,11,0.6467345294558203,0.7102028428323321,0.3620550974927992,0.15323153078491458,0.23033168114289823,0.05304928959488323,0.04445000487824914,0.0394920959245531,0.8,0.7,0.6,24,7.210635667349085,9.866961419346218
16,12,0.5253470686916344,0.5872516411267825,0.2883063105793131,0.16263860800522054,0.18372824433451648,0.06551271446293266,0.038176220333762265,0.042275433484637984,0.8,0.7,0.6,27,7.995737996794334,7.432522660416419
16,13,0.613513453135111,0.6789171984837148,0.34372187408267746,0.1733841375204547,0.1173961294649542,0.0593301897196716,0.03882996391377625,0.04265671922012508,0.8,0.7,0.6,31,7.598449358364666,8.236166166492785
16,14,0.5901403730261521,0.690991454814581,0.3767594131473354,0.1757083481757442,0.10816498833168245,0.06403470147115513,0.029190247013134503,0.04544495420652467,0.8,0.7,0.6,33,9.75251936232128,8.98655998007145
16,15,0.5886320551708129,0.707038737628314,0.39975344690632936,0.1804639649717456,0.11323853186183613,0.06403470147115513,0.029190247013134503,0.04544495420652468,0.8,0.7,0.6,35,9.825770106199377,8.342820505840718
16,16,0.5886209756360667,0.707027483898506,0.3997464008101125,0.185304435984537,0.09897231142540458,0.06403470147115511,0.029190247013134503,0.04544495420652467,0.8,0.7,0.6,36,9.825135605607782,8.346387868236
16,17,0.5908401470994046,0.6916728147108416,0.3754877270715742,0.18665037137140522,0.1513653258502583,0.06948925861083743,0.02375608116098167,0.03703410227295527,0.8,0.7,0.6,38,9.402982787234006,7.941219202352221
16,18,0.5627535708016572,0.6633550233470051,0.3560493339870857,0.18552273317239554,0.16868137033419778,0.0639893579615757,0.0236833476965227,0.03641703333155187,0.8,0.7,0.6,40,10.172101221630689,7.171837445532868
16,19,0.5595962989148923,0.6777119103173045,0.37741241982336854,0.1975263030472225,0.092288107877924,0.06186992027712655,0.02357255580562073,0.03681791464990469,0.8,0.7,0.6,41,10.231002087442498,6.895961772066476
16,20,0.4455906262565268,0.5361337931017618,0.268556082397992,0.1659517750683874,0.14077005727924413,0.0350196246852981,0.052829359033526424,0.00421904834003849,0.8,0.7,0.6,42,9.018854290188369,8.19493447360842
16,21,0.4470626494752521,0.5536608253912884,0.29587735630212075,0.19061287370199104,0.11912366986713596,0.04607533809153996,0.052872269521234624,0.00445380374891757,0.8,0.7,0.6,44,8.608256343655272,12.882010612653543
16,22,0.4891714702863466,0.5784167442773616,0.31379385865028203,0.23336514787767224,0.14035940062323893,0.05724158815680597,0.06437935542535225,0.04461835096138891,0.8,0.7,0.6,45,9.395373106056365,8.166291716046064
16,23,0.4609471157024911,0.5625725620412763,0.314999632517234,0.235290795929725,0.23265898731093843,0.057514344258555325,0.06265117046550485,0.03767741473838213,0.8,0.7,0.6,47,10.690651846218918,9.139023137537144
16,24,0.4169053226280291,0.4983268631184105,0.24891884323412905,0.19240366233602413,0.1816676073233135,0.04753777067115135,0.05293505493000951,0.00452836635916352,0.8,0.7,0.6,48,8.97879629840781,4.303933576393806
16,25,0.4499442056933505,0.5660298686057371,0.3301612475698802,0.24316469765960333,0.14170815938339013,0.057514344258555325,0.06265117046550486,0.03767741473838213,0.8,0.7,0.6,49,10.822574814563511,7.97285093775968
16,26,0.40798612414480917,0.5044913640567412,0.26564985344143804,0.19983976934497663,0.15257528637249626,0.04696592486273471,0.0529762198741117,0.00473705784291701,0.8,0.7,0.6,50,9.232222368953645,4.1369714094883845
16,27,0.582822851333263,0.696601616841538,0.46460571829650665,0.3888179217685144,0.27473295770346257,0.23265006385273984,0.06266353963340353,0.03884848608575585,0.8,0.7,0.6,51,11.433343115814418,7.133674111377965
16,28,0.40536458324728525,0.5008405993783812,0.2636768442558652,0.20038122750871878,0.09859201020430554,0.0477962698483956,0.05293637744848795,0.00499024042333006,0.8,0.7,0.6,52,9.26709167331338,4.175803996318463
16,29,0.4021612067387081,0.4967262996607116,0.26101851441038654,0.2137054459484528,0.09010267350187684,0.047576558297190104,0.052939923832594646,0.00484365672963232,0.8,0.7,0.6,55,9.207275749447897,4.168352519816593
16,30,0.39883610206253856,0.5102817903222003,0.282019432510874,0.21825421267014755,0.10349174107818265,0.04625084095084829,0.05292450106141564,0.00467612240216063,0.8,0.7,0.6,56,9.152626912855114,4.203992449917314
16,31,0.40462028937855293,0.47986277738878935,0.24053223558974518,0.2261376613114896,0.10690137483291103,0.07008525001251223,0.03363974715710917,0.01064831084766293,0.8,0.7,0.6,58,6.7100919152182215,5.550069605918222
16,32,0.40406414435376,0.4791224427350184,0.24007167215330372,0.2260958262513863,0.08947516938729663,0.07008525001251223,0.03363974715710917,0.01064831084766293,0.8,0.7,0.6,60,6.782455558256183,5.5000075899647065
16,33,0.40431551836946183,0.5291135935366835,0.31357525446448187,0.2579208420447926,0.1496039141836186,0.0595737102518971,0.057904437319471216,0.011224004850220789,0.8,0.7,0.6,62,7.610831723616951,9.304456750051909
16,34,0.45774355345806883,0.6244969037679723,0.4111528018781165,0.3452979881111966,0.13210643050441845,0.060840816199642454,0.07283116162775458,0.04600469470510647,0.8,0.7,0.6,75,8.900769506987787,8.211257878540275
16,35,0.42287524914393604,0.5631559906200333,0.35696950294683566,0.3483132132657012,0.12112032278860302,0.06431864569628165,0.05816542974062873,0.045192770289116155,0.8,0.7,0.6,81,9.34305946368162,38.16460696927223
16,36,0.4502723466814028,0.6944857786673388,0.5285640141553437,0.4453310123161225,0.15349782053877714,0.1114812751163192,0.04668504487677836,0.04787229097757088,0.8,0.7,0.6,93,6.149612626870282,7.168909386625104
16,37,0.4448958163976132,0.702965530019566,0.5484030210374228,0.4809420988423205,0.17883866816221372,0.11370942314862069,0.04893805119053615,0.04912217447447096,0.8,0.7,0.6,98,6.155819607351989,8.20399275840016
16,38,0.4339965842407032,0.6887336351425425,0.5384734624204623,0.47432664586597767,0.18968944310200708,0.10926819287819992,0.04961001210394924,0.04951462793445663,0.8,0.7,0.6,101,6.730824354313626,6.8323910070328
16,39,0.4049725336450758,0.6490412483591422,0.5116676995768857,0.4594247414395003,0.66672662846777,0.08030988259612035,0.07249986316860108,0.05210181223711918,0.8,0.7,0.6,102,9.306729241080305,10.138618602825863
16,40,0.39395402069441093,0.6692516341115922,0.548910327091605,0.47687617026569984,0.14931367388976485,0.08105369833260452,0.07050318326626126,0.04747731847232931,0.8,0.7,0.6,108,9.530074465410523,10.55242408671624
16,41,0.38697225477189146,0.6593127818326388,0.5422001486788149,0.5247350481821718,0.16600677076990797,0.08236405139524752,0.06996092457109396,0.044037603220820024,0.8,0.7,0.6,115,8.377402561214604,13.513300727017697
16,42,0.383413996009578,0.6185856091900501,0.4909172569929399,0.5027456911327491,0.17408781368608917,0.08126125445109399,0.07023596195911015,0.04551860790093813,0.8,0.7,0.6,117,8.466381117203873,10.932719236531018
16,43,0.3834139959447308,0.6361457148250608,0.5148522450118453,0.5089371907965263,0.14148658698718192,0.08126125445109397,0.07023596195911015,0.04551860790093816,0.8,0.7,0.6,119,8.466381116150028,10.932719133396011
16,44,0.3787945913227972,0.6458776299369695,0.5343317405811092,0.5176842868393455,0.17624926952979886,0.0792661046216129,0.07173647643479206,0.048255349385730936,0.8,0.7,0.6,121,8.685260305498243,10.930680348893793
16,45,0.3686376747458674,0.6111333309034929,0.5003494457840767,0.5256719883840958,0.18417277576535346,0.08070494984711195,0.07224988393667099,0.04857454155321552,0.8,0.7,0.6,123,9.516574787309615,10.279096404512504
16,46,0.32353398496178476,0.6841507017445935,0.6226907785836783,0.6525121942142124,0.10982722594922292,0.07790249743467595,0.03566620493922708,0.03254633480900433,0.8,0.7,0.6,152,9.062692322332706,11.057296652592724
16,47,0.32042199799365145,0.6964860553637267,0.6434396622020835,0.664265249473913,0.16794188362642348,0.07634418001484226,0.03483625662072823,0.03587537065899381,0.8,0.7,0.6,153,9.14553750545027,9.848673657687677
16,48,0.9917413152592197,1.4660790909032504,1.4579091456780398,1.450308085463151,0.7921372388215011,0.08065163636488148,1.0,0.04038882854165302,0.8,0.7,0.6,185,7.732936102726688,9.336790032392484
16,49,0.9939140948191298,1.4850912204692335,1.483959906814018,1.472748903279844,0.7958908432225088,0.08434002642610734,1.0,0.04081832449135276,0.8,0.7,0.6,187,7.388334160459594,9.134008970302052
16,50,0.993735741220162,1.451391031547998,1.4360374000301592,1.4504950897227065,0.8109561534896979,0.07935444427661757,1.0,0.04333790807389351,0.8,0.7,0.6,189,7.183822604217785,9.37317426359538
16,51,0.992506912655016,1.4665623523370235,1.4586518584267916,1.473740403154262,0.791638594346361,0.08050757862552085,1.0,0.04253047044752774,0.8,0.7,0.6,191,7.066848509330477,9.5326193338871
17,0,0.7846186714399526,0.7671126359021848,0.3346865661532848,0.008086588297982152,0.0,0.0,0.0,0.0,0.8,0.7,0.6,1,15.215029891686653,24.46480112079465
17,1,0.635185211353475,0.6626807703628139,0.2981936736325108,0.07667382911719728,0.9206701090479603,0.09398971358614719,8.620262535665001e-05,0.00016261796939809,0.8,0.7,0.6,3,13.212656116728573,19.46055755364153
17,2,0.5320569186501916,0.5617011081007117,0.23584806235120903,0.07688542846146855,0.5573014599768082,0.0956023462506196,7.254320572176001e-05,0.00011889421148334001,0.8,0.7,0.6,5,13.096838972240985,8.026419783803886
17,3,0.5312725223388604,0.5784226085868109,0.2593374134942814,0.08435450324849346,0.08169518715815409,0.09584782709962306,7.545902741601e-05,0.00012367307833538,0.8,0.7,0.6,7,13.088348864980317,7.891139201027273
17,4,0.5296293519879204,0.57663429170237,0.2585521793343509,0.08611360992702732,0.1026316257674786,0.09689976118065365,8.995879078892999e-05,0.00014743737046675001,0.8,0.7,0.6,8,13.367788637391492,7.117225779365056
17,5,0.49649700258288515,0.5398501665683788,0.23804821137366292,0.09609908614186344,0.28654195979803665,0.08111322461516206,0.013938341010838781,0.01553430727633554,0.8,0.7,0.6,10,13.270338969902076,8.162142683495649
17,6,0.45671593767941476,0.5092110081307061,0.23532996196785413,0.10729506008983844,0.3608694119949305,0.09419402826743284,0.01438633104743552,0.01226371799036834,0.8,0.7,0.6,12,13.70161333224198,8.212488987566763
17,7,0.46500328620594705,0.5318226478176403,0.2706968587198844,0.14403788080628577,0.19409331468884028,0.09007564432227576,0.035265029069473305,0.029955322416012807,0.8,0.7,0.6,14,13.54122608256003,9.41768507829656
17,8,0.43462518967881864,0.47872509767382737,0.22032278436883246,0.14334832322352417,0.17877278968955207,0.10597287678634945,0.01478570939847195,0.01354961646466997,0.8,0.7,0.6,17,13.023098743969168,33.200556349949274
17,9,0.43490101339537773,0.4789905226074933,0.22060541186605426,0.14123621910988957,0.10399630832844302,0.10643006757918569,0.01474400545988506,0.01350697624389292,0.8,0.7,0.6,18,13.043756497925337,33.24501485834155
17,10,0.4311710506056942,0.49178129987227026,0.2414558840339518,0.14988417046875804,0.14504875903984854,0.10597287678634945,0.01478570939847195,0.01354961646466997,0.8,0.7,0.6,19,13.71659753836266,31.849129732918072
17,11,0.40384711444164534,0.4767037519585848,0.24095618491717916,0.1454822474224591,0.14335874855405814,0.09302867078228097,0.01490399633814427,0.01245252899791833,0.8,0.7,0.6,23,14.24075921355707,8.775328867926293
17,12,0.3710539365923037,0.4404768036983534,0.20965810672838242,0.14135338417109938,0.13046887694817116,0.06137911581020818,0.01497067407679813,0.01593390600028852,0.8,0.7,0.6,25,14.317448378369946,8.399756553083172
17,13,0.39911356793637454,0.43230493099000916,0.1902805882280209,0.15693311313077032,0.11939701649670491,0.10259486850760455,0.01503873101991286,0.012624359746166611,0.8,0.7,0.6,27,14.679133753873794,10.154636849155658
17,14,0.44930159445652396,0.5652614465653937,0.36182041991922964,0.25954674846233544,0.24655308629568395,0.08033308160172709,0.06262731261277724,0.09163464071534531,0.8,0.7,0.6,29,13.30648230408577,8.511243934482671
17,15,0.33930091598529516,0.4476088620094042,0.27944994862059547,0.2246615124686865,0.8237217041920475,0.04951647832763289,0.04791540117167409,0.05202421953306833,0.8,0.7,0.6,30,14.314435379084696,12.5979393150275
17,16,0.3009808872360239,0.3941992209455673,0.24106521135917217,0.19778400985899922,0.2787638222772806,0.05594147576206824,0.05146679748305447,0.01656345792461529,0.8,0.7,0.6,32,13.520283903865671,8.495555672408766
17,17,0.2915775104396932,0.39566327760434566,0.2549869319612474,0.20799384360583353,0.14044820661664928,0.05594147576206824,0.05146679748305447,0.016563457924615298,0.8,0.7,0.6,35,15.231030490204532,7.971536050073368
17,18,0.28765339551654723,0.3916866027633961,0.25105667096582396,0.21820917099791642,0.08742774583434836,0.05103889062883876,0.051500603127946284,0.01663753885511864,0.8,0.7,0.6,37,14.198760837546596,9.370334991135971
17,19,0.2823948984026807,0.39125713634643666,0.2682869030741417,0.23711025314714212,0.37955099861858305,0.06729351162014216,0.05024427620186487,0.01621787217785409,0.8,0.7,0.6,38,14.768650378061164,7.55739051493535
17,20,0.2899282808680465,0.34312850197259054,0.20358762264649755,0.22244281839771224,0.13123405309579528,0.05856513433489635,0.04983827154027379,0.04718041243743168,0.8,0.7,0.6,41,15.50392110192012,8.371662881280132
17,21,0.281128305469613,0.38638130332824033,0.26654374427135963,0.26015356305966514,0.11744270467227569,0.06261250533738776,0.0530047298497078,0.02492892906701469,0.8,0.7,0.6,42,14.405935355009207,7.949136034886095
17,22,0.27528945472847377,0.397563532387841,0.28451331638288097,0.25220606073442525,0.10623098402321171,0.06257713112041688,0.05206225672491238,0.01726475878520221,0.8,0.7,0.6,43,14.936644973886516,7.639098290687824
17,23,0.2559965538229655,0.35104954471828914,0.23966349012434174,0.22811870873769752,0.289249591982566,0.06631681373600654,0.03495894077023929,0.01943096824342039,0.8,0.7,0.6,44,16.759743678671505,6.840133004522841
17,24,0.24478518819541792,0.3892956018854168,0.299652397304363,0.2531943272463626,0.10338905525836586,0.05798515532947485,0.03611090939607698,0.016685467202666927,0.8,0.7,0.6,47,15.565402792145496,6.971682298879801
17,25,0.22415455426129938,0.33253857023998074,0.2510843268157472,0.25959087226179567,0.26233105656322925,0.05837379418570195,0.033287642824794,0.01836533222664289,0.8,0.7,0.6,49,14.596613273986424,7.107229975984589
17,26,0.21914346006413626,0.34186393214359767,0.2692220651157819,0.2665844608359308,0.10947716134628487,0.05827822686215125,0.03163050053552407,0.01745105995901951,0.8,0.7,0.6,51,15.56347525985699,6.925486439004024
17,27,0.21837798887204213,0.35771442843203766,0.29215791391092166,0.2758259029008378,0.08823178936029939,0.05828094295785498,0.031803411414336305,0.01752998808803518,0.8,0.7,0.6,53,15.529094715048,6.844270849929052
17,28,0.21798823441152382,0.33954246180219116,0.26777790184615313,0.26645328728065615,0.08337667362001924,0.05827823782170236,0.03163049790655756,0.017451070663964598,0.8,0.7,0.6,54,14.994191382774556,7.052896420407516
17,29,0.2671179590230918,0.2899084753041523,0.19439418285357601,0.34227269341060723,0.23999490573114068,0.11288269784829157,0.03639080822782616,0.03853652928764609,0.8,0.7,0.6,56,15.63011222724341,5.107628654569098
17,30,0.25496354068572535,0.31472458160974015,0.24964163876181475,0.4078045147379801,0.16925147164927137,0.11020474377209652,0.04239052999649935,0.03853318894200447,0.8,0.7,0.6,66,16.58316567223212,5.068623588855245
17,31,0.25554074378636693,0.29414502098708156,0.22515482748184734,0.37734011733339134,0.20428732597043492,0.11223265432910993,0.03870699500960073,0.04597741195109165,0.8,0.7,0.6,67,16.088744292169814,5.882116679975343
17,32,0.24564272539896792,0.2933201558636861,0.23657032141924855,0.3896470129551532,0.28756702888709684,0.11037626403995526,0.03817598950328599,0.04429932902699099,0.8,0.7,0.6,68,15.615249460974953,6.163252925153299
17,33,0.24192412513191802,0.2847512235010193,0.23130646093674528,0.3924345009113649,0.2240248372296913,0.1103145276843485,0.038256291468843254,0.04458311074042958,0.8,0.7,0.6,69,15.350810374374356,13.962206426526445
17,34,0.21981135030020765,0.2782835749174102,0.23251068336597552,0.4423762360339902,0.12412232129572817,0.08624483020340169,0.03965632864323177,0.04071660638948652,0.8,0.7,0.6,80,15.981006337871596,5.338097510321726
17,35,0.20350998369001988,0.24342114885138527,0.20996468832744242,0.44965928804326755,0.4254470550980901,0.08707557716810703,0.038919208763217486,0.03668466236415713,0.8,0.7,0.6,81,16.35502976343416,5.320204591533996
17,36,0.20141691822872104,0.2383308556430001,0.20682577575915762,0.45258320220188025,0.16761746286369955,0.08791583900438753,0.0383561059550315,0.03634386835468908,0.8,0.7,0.6,82,16.50161541222449,5.1742862408648005
17,37,0.20309172714037407,0.2565017907264034,0.23205800160864323,0.4753222003532467,0.12990062047348094,0.0884242375934926,0.03831657786612737,0.03975751138715047,0.8,0.7,0.6,84,15.6797281911157,5.364431013086018
17,38,0.19975610527939303,0.23432613550718367,0.20433440722702334,0.4680344812436497,0.12926196069310036,0.08791583900438757,0.0383561059550315,0.03634386835468907,0.8,0.7,0.6,86,16.138363504809206,5.235948906354927
17,39,0.2048809363918031,0.21727865633257815,0.1838802820081583,0.4720034171613582,0.1642938500200549,0.09123611926796373,0.041420815622601956,0.04228665668143785,0.8,0.7,0.6,88,16.44951386453432,5.197174943183235
17,40,0.20831785249251117,0.3383534791010002,0.3529530255283122,0.5377081817801018,0.15543858008175135,0.08165156708565514,0.054001144802332014,0.052190626415245,0.8,0.7,0.6,92,17.329379341981635,4.486849353374887
17,41,0.1876017477174297,0.3287776621418263,0.3538087488731426,0.5472145028203643,0.1348492048844607,0.054753694984531455,0.04408998593708126,0.0722821344137369,0.8,0.7,0.6,98,16.501057050789758,4.691737340604065
17,42,0.18252966918129945,0.31269876547299497,0.34459430289682075,0.5549198622935249,0.29095870055052875,0.05638719719581935,0.044078143344191176,0.07359455277433041,0.8,0.7,0.6,99,16.42631259649945,4.905113681157854
17,43,0.17317062560511168,0.25971701986191736,0.2840876996210676,0.5388002531798015,0.24607595935670243,0.05209568404257042,0.04386447967336287,0.07284041878023363,0.8,0.7,0.6,100,16.697350141612535,4.810180947209525
17,44,0.17204587387657141,0.25687775235106547,0.28229444447082075,0.5549754093754684,0.1290266924994113,0.05069380268872566,0.04407700125209975,0.07434267562670104,0.8,0.7,0.6,102,16.753493053109636,4.0533781271319285
17,45,0.153581447760124,0.2741731055517961,0.32890714700822216,0.5746866841184731,0.13931039399930745,0.052590937952570284,0.041833700953091815,0.06040914435554205,0.8,0.7,0.6,110,15.982998954027687,3.484252561997086
17,46,0.15043805612574984,0.2851667499266202,0.3483103270737742,0.5813125227963514,0.1317348033215014,0.05215463822359758,0.04243325620821266,0.0583199107348791,0.8,0.7,0.6,112,16.123566200313274,3.3293794952505853
17,47,0.15117687698122365,0.2858081594300938,0.34900942539991664,0.5873706743942873,0.10792256646488471,0.0528345697203802,0.04280936483176585,0.058298106501221914,0.8,0.7,0.6,114,16.317967707712405,3.4055077171923887
17,48,0.15134085698434457,0.24711054368955299,0.2997794186154345,0.6212046090633568,0.1372089016859314,0.054215178197318206,0.04549498860533505,0.05714175377330148,0.8,0.7,0.6,116,16.461016327695354,3.490401224158731
17,49,0.13652955404984932,0.24443552340513083,0.3232283472593661,0.6016954724802938,0.2373341621918302,0.04906763762384025,0.04734806850772503,0.05783633643315629,0.8,0.7,0.6,118,16.86483740930655,4.500556827920369
17,50,0.1376377053518234,0.2677946620119434,0.3502610225981614,0.6452635747066772,0.11075806775683131,0.04615106260592825,0.04643956080756949,0.060535420581390886,0.8,0.7,0.6,123,16.98527069952967,4.693024655971101
17,51,0.15011081424729084,0.3143065844824065,0.41014664672521556,0.6712416761278153,0.1501278512368056,0.054069257483046765,0.0450761247337847,0.07330649304928982,0.8,0.7,0.6,125,17.027030862384102,3.5478231894800145
17,52,0.14716239616952012,0.2749839973916908,0.358797036495321,0.6824696685009534,0.11915027205005035,0.050874115711473544,0.04502382608161211,0.07381095452017665,0.8,0.7,0.6,128,16.698078589883767,3.848185734074109
17,53,0.14560792562896405,0.30401411938632955,0.40318253720486025,0.7087384518162163,0.13225326215735816,0.051035312790699824,0.0454059549347753,0.07449226099468287,0.8,0.7,0.6,132,16.581952391382966,3.5273479642152137
17,54,0.14583526346779643,0.27603827763407235,0.3748952011578511,0.7193752774175707,0.13935430273360072,0.051338541107461534,0.05680759446516344,0.07016838233505343,0.8,0.7,0.6,138,17.938920205906136,3.177169198199955
17,55,0.1473880873185916,0.254761626349061,0.350219442126014,0.7568560466461316,0.1456751130077268,0.05010354334833163,0.05702796815966282,0.07848769314354634,0.8,0.7,0.6,142,17.347443378307016,3.625888596032047
17,56,0.14747003737843994,0.2722333392936917,0.37416192786348645,0.7246129016483672,0.1296451537573272,0.050143056257480764,0.05708392796836671,0.07864530969150316,0.8,0.7,0.6,143,17.352969799339782,3.631387192315034
17,57,0.14542635344355703,0.26363710937186546,0.3692443054794124,0.7373506349724818,0.17412573225054598,0.05995013816145409,0.05696045787300689,0.06760987962378227,0.8,0.7,0.6,145,17.72401652883175,3.200701174160604
17,58,0.14544425793952537,0.2624918777690949,0.3687470178851596,0.7682068150604612,0.13413909229986082,0.05234847779328304,0.05772573293410682,0.07780197664864114,0.8,0.7,0.6,148,17.655829328397584,4.246226701975542
17,59,0.14257165685112716,0.291166569891883,0.41216422896181326,0.7898869966555045,0.1403612813524872,0.050280593622878136,0.056898853828624585,0.07956994300802374,0.8,0.7,0.6,152,17.322747906975216,3.613622518332194
17,60,0.12915935808822265,0.2765526113076193,0.41427378378889634,0.7131675109311545,0.13456853877021882,0.045096836547653056,0.05537375206334479,0.08027803715417951,0.8,0.7,0.6,169,17.00262163921043,4.7094920512858325
18,0,1.0,0.9046961814487088,0.42027757249422515,0.01571871112004485,0.0,0.0,0.0,0.0,0.8,0.7,0.6,1,6.005169229180574,25.9671514580859
18,1,0.7615493778137407,0.7657529089849777,0.3562669836037658,0.06727471406272631,0.9916833677254405,0.07400186300659092,9.382744657846e-05,0.0001297760244269,0.8,0.7,0.6,3,6.9452596646765645,20.862670982173963
18,2,0.6557495895280171,0.681359545326106,0.31042633153683097,0.08543717629680785,0.5566573681983435,0.0960643235679456,7.755875171542e-05,0.00010788923701325,0.8,0.7,0.6,5,7.598660340132378,8.697870219792124
18,3,0.6432212977027391,0.6878581922694218,0.3281688563646608,0.09040728317605878,0.13937529311117394,0.0982751547505004,0.00011295809697950999,0.00015713201447986998,0.8,0.7,0.6,7,8.590223749349786,7.198751102528305
18,4,0.6172114279433956,0.6459792422191906,0.2871050351864299,0.09164226620144898,0.13314314997574747,0.09131326951453066,0.00027502348027643,0.00042967179217724997,0.8,0.7,0.6,10,8.565730598440593,8.349549457698068
18,5,0.6116070984702449,0.6595650259221036,0.3185961411336726,0.12561040330885753,0.3875902911131554,0.08203979618451147,0.030567969836005272,0.02168212369662199,0.8,0.7,0.6,11,7.511923227437405,9.273230870294192
18,6,0.5792903793110925,0.6274570254896714,0.2946051932211685,0.12643246182836043,0.19009390817048746,0.09849521932196292,0.0077472193978062095,0.00865179923624276,0.8,0.7,0.6,13,7.845474587991984,11.117028135847557
18,7,0.5787421708339928,0.6444667283564779,0.318235258962447,0.13293029733986533,0.0925586369353773,0.09853061795523269,0.00779848982264242,0.00870905609185285,0.8,0.7,0.6,15,7.848639964313055,11.2135885706709
18,8,0.57620778037598,0.64184039011041,0.31913020202569126,0.15001901861036515,0.18383610793273109,0.10146266225402505,0.010180619610613301,0.013173428998528849,0.8,0.7,0.6,16,8.053410708624098,11.85276784200582
18,9,0.5695739265819981,0.6526076442613271,0.33903658235589557,0.1570083395032873,0.13111156514434616,0.1032162774717718,0.01330635818585113,0.00805825527858057,0.8,0.7,0.6,18,7.916778143463718,11.413403261372215
18,10,0.5308059130728275,0.629765043810397,0.3350945363266372,0.14534199891813798,0.40116257940480776,0.10199100059376372,0.00877985394074653,0.0028778985597857397,0.8,0.7,0.6,19,10.060805887411352,14.749167195713952
18,11,0.5226834027514196,0.601111882579175,0.31220387506369074,0.18473053989481578,0.21117047674433767,0.10428859321068965,0.02075756713966895,0.02088225846290795,0.8,0.7,0.6,22,10.68637576297959,10.490215401232796
18,12,0.49995070850110407,0.5936569304631729,0.3180492703520483,0.18493976993458858,0.13826980694093063,0.09297915220185,0.02254568845602109,0.02272766043012586,0.8,0.7,0.6,27,11.52709783263166,12.314874858395235
18,13,0.515740397226198,0.6083680366355285,0.33566499645495695,0.22773846804665368,0.15030123196538317,0.09094111105553204,0.030446380899920723,0.0535565801589026,0.8,0.7,0.6,30,17.96207962200051,10.96294477589574
18,14,0.6660118825464596,0.7344742596511543,0.47020643916304006,0.3928730977848794,0.6776885499729717,0.11466203701493656,0.03796590538004862,0.31791741167568893,0.8,0.7,0.6,31,19.705733282979303,6.95842234174278
18,15,0.47666652291188744,0.5973119030866715,0.3531335119637855,0.23116947002629096,0.1297516556068599,0.08429032936947875,0.055224413254695646,0.02612817530783617,0.8,0.7,0.6,34,9.463967258879762,13.107900525260693
18,16,0.46386268205973225,0.5401383744949279,0.2992059702765411,0.25823567656319474,0.34104465707536025,0.07072955834538472,0.0757433041823671,0.054062903560940276,0.8,0.7,0.6,36,11.667386199371316,7.631752313042193
18,17,0.41855119015407244,0.4985552413760345,0.28343920265077516,0.25044273449144694,0.29560808235666874,0.1009855885074977,0.05328102756384564,0.027098604682420917,0.8,0.7,0.6,39,18.890581986039106,17.258528082442947
18,18,0.40917510259465295,0.5193507424566802,0.3231482668806265,0.26551524216251454,0.17467816541134235,0.10327912531805954,0.05330405963431697,0.02732407058110837,0.8,0.7,0.6,43,19.439337077984863,13.195514161856575
18,19,0.43779852933818797,0.5393557101626533,0.35418941375337837,0.33025951866982683,0.2813061285973656,0.11134303623467715,0.06201700703948202,0.08842197146721466,0.8,0.7,0.6,46,18.580669755409662,15.031257172806816
18,20,0.48370634890746045,0.5627145807723708,0.399892245958523,0.4152634697998463,0.539804017898198,0.14307092316536701,0.05313660906748126,0.1939551982249852,0.8,0.7,0.6,48,23.69186558200423,9.89169108087409
18,21,0.3839623537351151,0.4417874253008688,0.276028593933456,0.3146684909763226,0.25911703187641544,0.09510248575579368,0.04946350146629448,0.10508439149404691,0.8,0.7,0.6,49,15.68514026386958,16.123162575877668
18,22,0.42378280457372536,0.497973233099651,0.33971268070228783,0.37067285795453475,0.22932716667988357,0.1009351676497768,0.08046566305606472,0.13046923120502252,0.8,0.7,0.6,51,19.557586783419005,10.620466109069746
18,23,0.4293451770684152,0.5177417651122693,0.36897266220401176,0.3925143982452929,0.30335938192389006,0.11837448438841977,0.0774137442466272,0.12820327200607448,0.8,0.7,0.6,52,24.276774740300944,9.502342322328197
18,24,0.37392536734096193,0.44307009185628504,0.28948202609182955,0.3362057155121065,0.1922083668539255,0.10291235600070785,0.03400800894148036,0.11113561740055906,0.8,0.7,0.6,54,14.6884052899314,13.413800023533138
18,25,0.5865901461897198,0.6706933353213489,0.5258410789180519,0.5582242110417377,0.44786759981247126,0.10040857711269346,0.05313738880454899,0.4526744352358354,0.8,0.7,0.6,55,25.40829235525017,18.603219214622865
18,26,0.5590718585937107,0.6181153542306403,0.494704759019726,0.5622025810713085,0.9268261856511235,0.10311652266812232,0.05315294506884864,0.45598099390623875,0.8,0.7,0.6,56,26.25510060209924,12.91536732075907
18,27,0.5656771085725634,0.6159024780990572,0.49956869708829027,0.5806443456091017,0.5859169365650309,0.10327931440659024,0.05131007570051924,0.48543706278491305,0.8,0.7,0.6,57,26.074045115889096,13.38220664823906
18,28,0.5260044421601218,0.6109132150842856,0.5085884619964121,0.5711417877111875,0.3835035009647759,0.10015292446585031,0.06655939404318548,0.4105187672662858,0.8,0.7,0.6,62,26.15143430457292,27.94810064065496
18,29,0.5765672501881904,0.6573247761156528,0.5573398520576316,0.6263997897343472,0.4628003161527493,0.1036347672209681,0.09319172562346706,0.46247735007101004,0.8,0.7,0.6,63,24.123240965983555,11.959968147885752
18,30,0.45927538325401307,0.5013271696481006,0.41094254250584444,0.5211560214835891,0.7269884281915013,0.09881588977169749,0.06396292629241865,0.34273000480932625,0.8,0.7,0.6,64,26.7178082076691,10.777369606436023
18,31,0.2792843659379614,0.3484049608872978,0.2766174358769717,0.3453020574251259,0.3023919009815012,0.0827296728146613,0.08582501676023331,0.051057392810793314,0.8,0.7,0.6,65,14.5078657152838,10.394140703011905
18,32,0.2867965721365647,0.3456580760484309,0.28115655678619256,0.37567113178355593,0.35473814157374495,0.10140809872020876,0.07783011601662126,0.06303593210597494,0.8,0.7,0.6,66,16.018600538597617,10.05275166709254
18,33,0.2906583059710728,0.3650941991029472,0.3083572146818982,0.39971160404064904,0.19626554680070268,0.09143805662924258,0.09134669959009928,0.06981593331330331,0.8,0.7,0.6,68,16.69697378183213,10.87064137831262
18,34,0.47575209052325984,0.5168483869229303,0.4645752536678481,0.5995986443315391,0.646730024537765,0.10259608619795786,0.06653739330967942,0.41387569054781326,0.8,0.7,0.6,69,26.544106244435994,18.999078477489
18,35,0.4756033240884441,0.533992209759501,0.488274563653755,0.6155159326196341,0.379287023699598,0.10268882573132714,0.06653657255157239,0.41385588334183865,0.8,0.7,0.6,71,26.58117595422056,19.38815352711043
18,36,0.4943215738975322,0.5461219643101416,0.5048248918197575,0.6355588363813147,0.5108419852584931,0.11611165687877398,0.06842533129556967,0.43346767460014235,0.8,0.7,0.6,72,25.81801342598561,15.45554238212665
18,37,0.4706523051348917,0.5005515849694302,0.45576231941233314,0.6046346177805211,0.4522747770574119,0.1059278398307669,0.06654821411428302,0.41526586651267416,0.8,0.7,0.6,73,26.06579777036153,19.83146433594555
18,38,0.2769253633485666,0.3064479216211079,0.2619084925752108,0.4178174408919652,0.19326479922535078,0.09572351850227187,0.09536749085414872,0.07284473759565732,0.8,0.7,0.6,74,24.120026080097453,10.099273319992754
18,39,0.46640364464122924,0.5028320818755405,0.4892273880197214,0.6471830856561116,0.6226759327739972,0.10268154864869146,0.090760024357733,0.41791846420221035,0.8,0.7,0.6,76,27.11536626689291,17.206648864620252
18,40,0.40010641827607873,0.4706611498785087,0.47043162000326866,0.6201524303960555,0.3322073436277898,0.1031520170493955,0.0701194387146955,0.3319775611858343,0.8,0.7,0.6,87,24.66139916167656,25.01222339926012
18,41,0.5504211404346653,0.6534696434555933,0.6501142082563253,0.798344247278026,0.49666078040833017,0.16282628887161676,0.14534954253540136,0.3981555569753204,0.8,0.7,0.6,92,33.79633878000378,23.46983504634817
18,42,0.5350719754367405,0.6373002061343952,0.6519811276153449,0.8003213152572675,0.46803780115491456,0.16282628756773684,0.14096421048900615,0.39848631288146813,0.8,0.7,0.6,94,33.80032186278509,23.4695113126306
18,43,0.525535623584091,0.543469446710706,0.5413450473486427,0.7192708527984357,0.5038768690779328,0.17400899850877286,0.16481235601758087,0.3547812650503929,0.8,0.7,0.6,98,38.10614153236036,20.809914982275515
18,44,0.36907434097136116,0.4852824168403502,0.5257244618491952,0.6731812484398774,0.33591488972854533,0.09542841433011312,0.11800474857148331,0.26062460564909934,0.8,0.7,0.6,103,24.082071364989822,25.16755879428908
18,45,0.35494621960596806,0.4521500792125483,0.5039674782224361,0.6785153687381271,0.4066464069985393,0.09070696184216416,0.11808422142031778,0.2617759007092711,0.8,0.7,0.6,106,24.62926412895237,29.117961784180103
18,46,0.3016150220042089,0.3573377665952778,0.4001512027597734,0.5841142041105023,0.2936421178807606,0.09615484761099388,0.10234905010327904,0.18990357129680624,0.8,0.7,0.6,109,24.97254203767624,25.04779623280143
18,47,0.4447598494216126,0.686820462664015,0.8037442191939707,0.9229409984391045,0.4129192238733844,0.10688064825795904,0.12421586458119435,0.3948746038042955,0.8,0.7,0.6,137,25.81741728506432,15.306442512551916
18,48,0.391411229890251,0.6426635551928248,0.7708071330252335,0.8698972444604467,0.4890580243033359,0.10098504641409418,0.10148676332468749,0.347758352159004,0.8,0.7,0.6,138,26.65128008500725,23.531924221484235
18,49,0.391289419406216,0.6598694362848444,0.7945217803298832,0.8883046851108104,0.3622567553899331,0.10098504641409418,0.10148676332468749,0.347758352159004,0.8,0.7,0.6,140,26.61405984253954,23.415521250316303
18,50,0.3941036530076095,0.6350809067462625,0.7691107521118052,0.8873318139050828,0.43594249523452644,0.09732456207912613,0.11311522970192237,0.3523950961504176,0.8,0.7,0.6,142,27.20757740263444,17.202431295375387
18,51,0.43688642903240604,0.6864855478010766,0.8319572865466196,0.9488903049888586,0.4738879779010017,0.10129758328602308,0.1142106159132091,0.42457492819405945,0.8,0.7,0.6,144,26.776771076997903,17.891380685527018
18,52,0.3802924510892386,0.6439181517849546,0.7977546673905073,0.9088180282527896,0.3806363517991562,0.10677760324253045,0.1094802873562118,0.331350571760264,0.8,0.7,0.6,147,26.1522836846164,18.076663505544488
18,53,0.4132665838291312,0.6858361765632366,0.8508705230784122,0.9591957428404887,0.432089362988749,0.10270981643001416,0.11171549448746496,0.3960339668286992,0.8,0.7,0.6,150,27.43307474312067,11.002236084648764
19,0,0.8647988618088236,0.8215281707651679,0.36853857956162356,0.011105157604491463,0.0,0.0,0.0,0.0,0.8,0.7,0.6,1,11.593590540990052,25.675421081293084
19,1,0.7469839052915226,0.7574970602378135,0.35655353889127517,0.08036985169177156,0.7212686805617436,0.09188667706711172,9.306642838590999e-05,0.00019948378666025,0.8,0.7,0.6,3,8.137925900429778,20.84952640690917
19,2,0.6801769085031504,0.70186452036154,0.3207710865536341,0.08054713935423793,0.31757089071442896,0.0880551324245775,7.698238670016e-05,0.00015205442285816,0.8,0.7,0.6,5,6.332119882014734,8.683308572320676
19,3,0.6771338637618352,0.7166564293047702,0.3425616066030705,0.08509551357801673,0.07723115321223174,0.08667423162124868,7.047255192284e-05,0.00013810087898165,0.8,0.7,0.6,7,6.428863610670115,8.797010216376531
19,4,0.6752795043084372,0.6973791314961698,0.31722412317124143,0.08645436721986657,0.0725037940045658,0.0855265532107353,9.000693751226e-05,0.00017152169676498,0.8,0.7,0.6,9,6.160138485989174,8.6789347841464
19,5,0.6436767593488747,0.6692405640622453,0.29816250371682707,0.08440147610376245,0.2903577426387187,0.07960437260638394,0.00036804683347795,0.00087823456510217,0.8,0.7,0.6,10,7.081764320039762,7.568660540487992
19,6,0.6988993502053481,0.7380952547776476,0.3632535246234742,0.12539261152953343,0.20508044362258634,0.07213395738192487,0.02261809327308812,0.02565700262656322,0.8,0.7,0.6,12,6.592292520275312,6.807202701435903
19,7,0.6382428860548315,0.7011899984086667,0.3507791343030165,0.1268832044775044,0.14332929766824093,0.0739842226574812,0.01977939584079398,0.015358835123133649,0.8,0.7,0.6,16,5.943582585069999,6.488445186871908
19,8,0.5718768074019942,0.6199717427274581,0.2826316715050661,0.10363870582856467,0.27434202199000396,0.06313921733735092,0.0085793600395727,0.02255187972634952,0.8,0.7,0.6,17,6.35660472978252,5.393421673598042
19,9,0.5685072029928322,0.6342355213054314,0.30736634204757457,0.11876977014804586,0.12855231603309883,0.06389982627192217,0.01162058695389919,0.030559780632650767,0.8,0.7,0.6,19,6.160781059124353,5.271797163218841
19,10,0.5676666100037644,0.6333861501144271,0.3076206174189434,0.12479442407473526,0.10712871997452603,0.06661438734477428,0.011572014668454809,0.03044909960188985,0.8,0.7,0.6,20,6.47074818670985,9.440309603139614
19,11,0.5675282283517413,0.6508071918025294,0.3314690859308133,0.13142097741524641,0.08031468027115488,0.06661438734477428,0.011572014668454809,0.03044909960188984,0.8,0.7,0.6,22,6.429148479706873,9.577417249492362
19,12,0.5556652414638074,0.6381837069424738,0.3299533461184754,0.1568698905805442,0.18548775611287355,0.05574297582522304,0.03167439508369957,0.04944140058957154,0.8,0.7,0.6,25,6.823489830022256,4.808702949756452
19,13,0.527491299734917,0.592224830377109,0.2793569441283141,0.12784205194107326,0.09887337111174548,0.06814064742424149,0.0091876245031327,0.019476813538200518,0.8,0.7,0.6,27,6.510345851781034,5.837836605936749
19,14,0.5175834474584231,0.5996886936639151,0.29451076311981955,0.1381091465088574,0.07692905355506996,0.0583112153736461,0.00894235417123099,0.021841937695913,0.8,0.7,0.6,30,6.721568156229201,4.735784726137455
19,15,0.49520098046251476,0.5757412254841857,0.2788154802876948,0.14745299920132549,0.2692235105276711,0.054848799213486565,0.00874017008051828,0.02317702513872709,0.8,0.7,0.6,31,7.044147610456503,5.989407398141522
19,16,0.48206732011028025,0.5788624139496054,0.2935164505875078,0.15899414231527337,0.12799915430988318,0.053529787674014825,0.00879104137958504,0.02376687131771921,0.8,0.7,0.6,33,6.6401156654190405,6.312866959573136
19,17,0.48320378118557816,0.6028937244009114,0.3605347035878015,0.26920793854675557,0.1900318330846094,0.052524248081335344,0.05629335302534395,0.0845629774667834,0.8,0.7,0.6,48,7.469609710337599,6.170950021000414
19,18,0.48085368397098716,0.6176307569672094,0.3825333817094039,0.31882523163575793,0.1343684138532594,0.05176793056125003,0.056407256229028355,0.08464450965946202,0.8,0.7,0.6,65,7.856377854137155,7.559438703061019
19,19,0.48031709402788353,0.6164825147556692,0.3825148800034121,0.3205006277085774,0.15696343515883326,0.053633544035194755,0.05667666161938747,0.08491143661888866,0.8,0.7,0.6,66,7.733330426103696,7.38633273639839
19,20,0.4790475458469139,0.6626775916366564,0.4569755352953122,0.3736424806030452,0.21418511538260118,0.06802930518792484,0.053721489619000785,0.0986703098617646,0.8,0.7,0.6,69,12.128496414873007,11.342311196102594
19,21,0.4276564667017097,0.6007534422972468,0.41062709951750215,0.34670146431722804,0.46008676020710615,0.06593721828420365,0.04529962512467085,0.07677299444494619,0.8,0.7,0.6,70,11.663923366219196,10.43716958546318
19,22,0.42902516797506524,0.5834685640552209,0.38841758934384946,0.3773162221236738,0.1427820063607613,0.04301018768139659,0.06751159939018339,0.08828387385437243,0.8,0.7,0.6,82,7.453200332879213,7.006511537556623
19,23,0.46037604600224086,0.6125926647911353,0.4205842479270546,0.4273513720440455,0.2710077954115651,0.0738279180770831,0.06466960523968171,0.11246812746138264,0.8,0.7,0.6,83,7.027921794816035,6.4547625473704615
19,24,0.4148885597323339,0.6083791024288273,0.4493801083230157,0.42099958767875695,0.23839894997657413,0.0658535787574996,0.05601068771498804,0.09961588513091371,0.8,0.7,0.6,85,11.8784901234126,10.485170069921542
19,25,0.40449270160565615,0.6067486789330505,0.46414223566357,0.43389755429267546,0.29425621658065704,0.06383906126722512,0.06469892724579399,0.10436212796025127,0.8,0.7,0.6,87,13.3552765019731,10.13013974638596
19,26,0.4004943683216354,0.5945220531928176,0.46059303754388553,0.44955433852793286,0.3310677914927966,0.07636788386488363,0.06808002204260219,0.10160543072429365,0.8,0.7,0.6,89,12.982676672456552,12.191362864563615
19,27,0.37345782115231824,0.5570538957824799,0.43340702988339924,0.4470729037898424,0.34556850437145803,0.07118546416646783,0.064434102153217,0.09567003320137168,0.8,0.7,0.6,90,12.262173198432894,9.669331672593714
19,28,0.3578870781111093,0.5240494323615646,0.4164209381856303,0.446867606207796,0.6321003756459702,0.07792070510385676,0.07017135416400973,0.09563544083431004,0.8,0.7,0.6,91,14.095608380846391,8.877929304340562
20,0,0.823905287243564,0.7943016471173304,0.3516009112951107,0.009594867273571235,0.0,0.0,0.0,0.0,0.8,0.7,0.6,1,13.261423559587271,26.054341339723248
20,1,0.7067499591578261,0.7248554288336616,0.33641585707801824,0.07898085012544145,0.7492780948694712,0.09253101225939424,6.021386067371e-05,0.00012282785553929001,0.8,0.7,0.6,3,10.258785560586457,11.27236439757718
20,2,0.6506545233211682,0.67754374058789,0.3108043888941895,0.0907994590966981,0.35425662332013197,0.1047366829166128,0.00024085544269487002,0.00049131142215718,0.8,0.7,0.6,5,8.632080571545897,5.454614250102383
20,3,0.628475642736323,0.6561763206370308,0.2925003176468534,0.08152833467973647,0.10910503832277897,0.08838009115636664,0.00016316012630823,0.00028865965148551,0.8,0.7,0.6,7,12.413791570577697,4.385939140335171
20,4,0.6192446615548471,0.6482781681626876,0.29081347285280434,0.09556769346900756,0.23409995772877717,0.09930935464484339,4.673439350826e-05,8.245144777406e-05,0.8,0.7,0.6,8,10.40246244133876,9.911077761395012
20,5,0.5908705554788075,0.6213744729050376,0.2762320269672573,0.10136521409627666,0.23870706295306476,0.10215019429002918,0.00043397755097354,0.00534907976032352,0.8,0.7,0.6,10,8.412428847900445,8.683254989578192
20,6,0.5550652376375543,0.5857458602040493,0.24849656551402605,0.09500385843784605,0.13619732988951994,0.0848625492517495,0.00027805869843522,0.00401214141907939,0.8,0.7,0.6,13,11.598233694697086,9.109269658573242
20,7,0.551703560351831,0.5822852802649511,0.24622710727906688,0.0945159591789033,0.09924802888226265,0.08449109492928274,0.0002650089617159,0.004008085616659661,0.8,0.7,0.6,14,10.242436629471811,8.954104041382084
20,8,0.5571379315036987,0.5874397580254913,0.2555598604412029,0.11416029472784997,0.19002151451366456,0.10460042970647054,0.00033089516553375,0.004137104260210149,0.8,0.7,0.6,15,10.228066800921878,4.451841873367657
20,9,0.580720669707781,0.6275670998736517,0.3105136880608799,0.17713640782236376,0.17328453665497864,0.11656269270290147,0.02673182430649631,0.03227325057402443,0.8,0.7,0.6,20,8.949734762056348,4.321428089592171
20,10,0.5448118359835319,0.5875387087979825,0.28777124820595296,0.1849840479206606,0.5676244740263834,0.13666974772361962,0.01984324262274379,0.02302296502925344,0.8,0.7,0.6,21,10.479522531941331,5.337124458424698
20,11,0.4978309777123165,0.5758910591233058,0.2882114329904767,0.17539817453873555,0.08977365364526414,0.08793596050155542,0.01325836592767748,0.01481799812714126,0.8,0.7,0.6,25,11.302405695892867,7.906083224217229
20,12,0.4915074856947242,0.549062049924733,0.2635007265080953,0.18509467531483303,0.2916847395994474,0.10167734189310954,0.01130768335877982,0.02078173034543682,0.8,0.7,0.6,26,9.342404693071652,5.897757144152701
20,13,0.48869226276337707,0.5633124693431021,0.285376707177022,0.20877713293957587,0.10689870377444945,0.10167731783682676,0.01130766430618035,0.02078175486615034,0.8,0.7,0.6,32,9.253485940217445,6.098946238451453
20,14,0.4811325173362303,0.5917330377613349,0.3243316885246405,0.21003844126652332,0.09074214472817224,0.09012542185507932,0.010382061481156609,0.01632743239817415,0.8,0.7,0.6,33,9.70763380930868,3.930455375531979
20,15,0.4592122648357848,0.5851823111764933,0.3296329323903011,0.18871729641295976,0.10607564352181047,0.08871599150818195,0.0057898805976132495,0.00753482405257353,0.8,0.7,0.6,36,11.109326081145491,6.794730256072606
20,16,0.45736925917860316,0.5652637801881634,0.30454653966592854,0.19217907432326492,0.11041719851806645,0.09179067092092827,0.006308949740912009,0.0042226013190665,0.8,0.7,0.6,37,10.839504376202363,5.09828495002642
20,17,0.44901497272035507,0.5556674582605869,0.29775224678704265,0.19498816807722374,0.14793383932886697,0.08743427069803321,0.006488334481699711,0.00618564998524304,0.8,0.7,0.6,38,11.559427161933082,5.280515540860789
20,18,0.45957804614356657,0.5090394188143489,0.2411599632090684,0.240830097682828,0.13383131137260168,0.11293836402348971,0.01311163929582351,0.014941915528564961,0.8,0.7,0.6,47,10.800777824577867,6.104170746327099
20,19,0.4386594141309548,0.5027512379329306,0.2466042118030102,0.23420809045837523,0.1656013322234787,0.10561707088654562,0.00871923820061569,0.013709330291666998,0.8,0.7,0.6,49,11.639687671128788,5.019744946685431
20,20,0.41205887966632726,0.5401173309049567,0.3196997075665434,0.26621446006133065,0.1565787094443347,0.06335982000526398,0.01564220804437982,0.052301722726162236,0.8,0.7,0.6,53,9.882918053662072,58.56925103425479
20,21,0.3998759732825045,0.5263543965186596,0.30833460328250356,0.2992996989133689,0.09156870853415819,0.0694607660061359,0.013373243209954089,0.03445140970441538,0.8,0.7,0.6,63,9.369315202731936,52.95535176608087
20,22,0.3970228137355088,0.540491511877716,0.3296946968152616,0.3076818204555091,0.09497132081208609,0.06796347928586494,0.013371773871252721,0.03448504786462389,0.8,0.7,0.6,65,9.51045209665975,58.13602376659529
20,23,0.38790754661480864,0.5132400804416558,0.29692006707779,0.29043438355485474,0.09819062499062901,0.06156391397806499,0.01269986600972392,0.031405640056631975,0.8,0.7,0.6,66,9.317841560646269,52.34683793145224
20,24,0.3867108371405839,0.5284568354405373,0.3201790021665014,0.30194280535549733,0.12052660377335525,0.0630582117214319,0.013187773339035199,0.032291763415185123,0.8,0.7,0.6,67,9.762066284871349,58.39016425256423
20,25,0.3884663208168039,0.5104174564552502,0.29893769826391386,0.3201365927694284,0.1132938285692137,0.07269072516714077,0.013140683275579778,0.0326984853449033,0.8,0.7,0.6,70,9.88231076257698,51.99715450393105
20,26,0.38476478024492067,0.5233389826951045,0.31953338534799897,0.328763456457657,0.10193283889993061,0.07139196251860476,0.0129530468131629,0.03264813651754367,0.8,0.7,0.6,72,9.97905188165969,56.95433996254303
20,27,0.38420165118454613,0.5571817277358166,0.3671101151440908,0.3919259314065561,0.08914070821988407,0.073737497506592,0.01186273938835843,0.03300394925809503,0.8,0.7,0.6,84,9.484544789572404,53.176368426169375
20,28,0.3808076120760016,0.5535879764607087,0.3637883886223897,0.38901217032471175,0.09099220732132056,0.07128188840615812,0.01194572083347239,0.031391648850424905,0.8,0.7,0.6,85,9.477488835551084,53.17960412091181
20,29,0.3744790973098349,0.5623178918943558,0.3822420752430515,0.3988343277462775,0.1675771370290462,0.07099186766186158,0.011661946905937,0.03216205630864644,0.8,0.7,0.6,86,9.596864368347584,52.7998678023906
20,30,0.374112741147847,0.5440601296411651,0.35804782135446356,0.39414225668013225,0.09565321987219746,0.07063615920796774,0.01182830055016639,0.03321317055522554,0.8,0.7,0.6,87,9.322165657516717,52.73434836370254
20,31,0.37072978048274907,0.5404700176129447,0.35472927344288174,0.39544568034158334,0.08860081517947455,0.06818308570069864,0.01191380715432174,0.031597929289788065,0.8,0.7,0.6,88,9.314591929819,52.737203486622114
20,32,0.36864272134005804,0.5543432252180343,0.3770484880550416,0.4032055377710209,0.13514140421051826,0.0692525191299064,0.011824814033192039,0.03326573724603737,0.8,0.7,0.6,89,9.473640565338703,57.6743482552226
20,33,0.36911698213575544,0.5722392406393192,0.40149599115856144,0.414456068012141,0.08553870693818488,0.06989503097685398,0.011875213727537259,0.03368893433876677,0.8,0.7,0.6,93,9.51025370955436,57.55423204924245
20,34,0.36848750950515147,0.5714616815011723,0.40090787354457375,0.42367293998682176,0.0865209093111006,0.06947415727892896,0.01253552791853089,0.03301934559681869,0.8,0.7,0.6,95,9.601973187721589,57.84506015890677
20,35,0.3669338613657953,0.5697196612737877,0.3994079433644656,0.4384051477233233,0.08507599889565934,0.06838131180460952,0.01191926024250342,0.0333598494076177,0.8,0.7,0.6,98,9.547034418842328,57.72055235763069
20,36,0.3655857390615528,0.6027505052260387,0.4461320281841488,0.4699131757960789,0.08737580911827435,0.06873175952217077,0.011853367982494329,0.033647488640769156,0.8,0.7,0.6,104,9.437345459295283,57.69833465488583
20,37,0.36564260664775033,0.602774765957217,0.4461972409697652,0.47003988960118454,0.08461774397206144,0.06881310825959601,0.011853712830967481,0.03375991940104557,0.8,0.7,0.6,105,9.443467265066046,57.67850066785338
20,38,0.356724151358785,0.5920089397672716,0.4377466616528293,0.4715520206907376,0.13662943473750858,0.06448272228635755,0.011588066297191401,0.03211161816559917,0.8,0.7,0.6,106,9.814203463668816,58.043340117308986
20,39,0.3569362617630252,0.5921550965567122,0.4379749358761928,0.471903573182198,0.08137733315330088,0.06493828771023076,0.011610322777146211,0.0320839999623313,0.8,0.7,0.6,107,9.747678151796585,58.16843414389432
20,40,0.3897109271750162,0.573113530311227,0.3987301187102602,0.5271154864742915,0.12608160849215602,0.051747925762300105,0.03818517496178533,0.0699752522933766,0.8,0.7,0.6,110,13.043472407149476,13.576422544137994
20,41,0.3674676946360382,0.5294305858795882,0.35343131176163783,0.4581739929170537,0.1053145801484479,0.06871329954243086,0.01244825928996488,0.0548321901202665,0.8,0.7,0.6,115,12.711547956825708,20.27547928394662
20,42,0.3673361521640258,0.5257649171781194,0.3539438638408639,0.46800536731491305,0.1559617326206306,0.07017336456632497,0.014889181620900829,0.06235578218322217,0.8,0.7,0.6,117,14.220504680925483,22.307284262300023
20,43,0.3471609566416221,0.5223413680033332,0.3578320664428309,0.46768902529643597,0.09324092330732689,0.06606142478138838,0.01328488157204826,0.0388690204522114,0.8,0.7,0.6,120,14.575973872139366,25.37184456344888
20,44,0.34514568278058855,0.537028847141056,0.37988623055325954,0.4905617653991826,0.10997169746398139,0.06510017318114875,0.013765163088804211,0.0391768675853354,0.8,0.7,0.6,121,15.195007387609436,26.21541956961784
20,45,0.3430609411849613,0.533903793551867,0.3779421088273046,0.4903851719729069,0.09988177247995848,0.06510017318114875,0.013765163088804211,0.03917686758533539,0.8,0.7,0.6,123,14.907420405140536,25.1131184189958
20,46,0.3304990595525382,0.5157961080601162,0.36598907786707363,0.4970670468987026,0.23655565635070863,0.06354901840872605,0.01333429527441688,0.03871254148763016,0.8,0.7,0.6,124,15.560126300072236,25.171741776991755
20,47,0.3624791539857988,0.5108179063207638,0.35024726399777917,0.5699896445857924,0.12292025953446505,0.07322769134479193,0.01613648151547602,0.08153470911957741,0.8,0.7,0.6,136,13.14136031580551,19.229780006854604
20,48,0.3634575809530943,0.5449006051415012,0.39923141355328456,0.595783015220703,0.17715096073896555,0.07870542486111091,0.01969890512195998,0.07783546845935849,0.8,0.7,0.6,137,13.60202407012486,15.9649763953949
20,49,0.36107645822245993,0.5411622262067065,0.3969057677634085,0.5955717812123026,0.13511522539345244,0.07870542644934289,0.01969890991340471,0.07783546563321145,0.8,0.7,0.6,140,14.048028891731994,16.89924810431909
20,50,0.326264581606865,0.6450179155930781,0.5536427352118517,0.6606233790603332,0.09492534509867134,0.07081847278559121,0.018430553360508008,0.03708929931675381,0.8,0.7,0.6,152,10.129439392391635,65.21958581797959
20,51,0.3226699082350216,0.6359688295116499,0.5501248871893671,0.6985015053494107,0.16438320659256633,0.07817941550236834,0.018160764792471952,0.03690234446223615,0.8,0.7,0.6,154,9.845531314299144,64.92551806586022
20,52,0.3407465141427491,0.7073447541594722,0.640007142595307,0.7397471810022705,0.1258072335595632,0.07519472852182453,0.033283620133037636,0.05167025236168319,0.8,0.7,0.6,159,10.259900839177435,56.214678401331405
20,53,0.34099824144982616,0.7261557171658987,0.6641904751396875,0.7629274961919362,0.11690618318453976,0.06775815469411006,0.0341930004801348,0.05818839454068507,0.8,0.7,0.6,165,10.149386166830832,56.74812824655675
20,54,0.30868144710005013,0.7064600721042084,0.65576720097888,0.8007448002580981,0.08899499899089247,0.06575294059936541,0.01969208748931294,0.03728550360403511,0.8,0.7,0.6,185,9.984462192440814,63.28468164884591
20,55,0.3055288836613648,0.7550460857285985,0.7243959127146802,0.8475161668592058,0.0906478098713383,0.0608185317350768,0.01939804220369091,0.041433039303079025,0.8,0.7,0.6,191,10.165019197760705,63.436705835610745
20,56,0.28958908373594017,0.715067945086715,0.6842247779207348,0.8420681751458522,0.11980041310603158,0.057417916487965105,0.01937797588705344,0.03589160533230889,0.8,0.7,0.6,195,9.911943585624046,61.27946806769224
20,57,0.28162406164309,0.7383415788211489,0.7238517833326845,0.8626894061844677,0.1233256960600695,0.052839077975259253,0.01997630512069616,0.03744759057777043,0.8,0.7,0.6,197,10.137226454312534,63.3058561197239
21,0,0.8907443274134657,0.8382705053674933,0.3789540206718261,0.012033891230171102,0.0,0.0,0.0,0.0,0.8,0.7,0.6,1,10.53040715670314,25.616016413902702
21,1,0.7272139662340603,0.7400721231967414,0.34266952910005166,0.07179520966657597,0.8359913753971621,0.08186678209014724,9.180857499576e-05,0.00013603250738114,0.8,0.7,0.6,3,8.643776318596347,20.64191577694535
21,2,0.6774090472874564,0.6996254627536294,0.3197401945092726,0.07732288791169299,0.5074663723171695,0.08816230550997814,0.00057500778818395,0.00102491640932208,0.8,0.7,0.6,4,9.984855701227586,19.468264348915568
21,3,0.6433245003239172,0.670050184488375,0.30273731437705603,0.08317628248908598,0.3880989175000105,0.09390330315278066,7.552694433243001e-05,0.00010958453235321,0.8,0.7,0.6,5,8.0565976416344,8.627604025992595
21,4,0.6399154132958376,0.6845721779440577,0.3249549283364605,0.08919706703494379,0.0921320621833197,0.09444478462725577,9.095513265826e-05,0.00013123428629559,0.8,0.7,0.6,7,8.096938307540565,7.165393150067246
21,5,0.6399795811440769,0.6675143129293853,0.303152213806756,0.097567433964102,0.10082465988594322,0.10014114777420262,0.00023513642149683,0.00039392940008901,0.8,0.7,0.6,9,9.421386738912018,8.522867334682168
21,6,0.5753949923972667,0.605990222786342,0.26320501660845985,0.09187218552215166,0.6132296619226286,0.09416552176561392,0.00052032778646225,0.00065045376161507,0.8,0.7,0.6,10,8.890068462736417,8.502392678423327
21,7,0.5611353849437967,0.6092741196926469,0.2785517305280153,0.10306385369193567,0.12398141604495255,0.09293847409221809,0.00104006050768115,0.00297247405639134,0.8,0.7,0.6,13,8.89549838779758,9.5560184822928
21,8,0.5575600209718541,0.6232100791953928,0.3000530747778815,0.10843673245344887,0.09115677794804412,0.09243722648335424,0.00105571524816874,0.0028322510544249698,0.8,0.7,0.6,15,8.508189308451254,10.283968714423468
21,9,0.5531549108592099,0.6187588572754273,0.2974214313341827,0.11751312861121527,0.08588980932054223,0.0791403542831294,0.01126284014428759,0.00925937954591627,0.8,0.7,0.6,20,7.276392978567688,8.554487470856628
21,10,0.5431013654129802,0.6255128760368789,0.3182414687646993,0.1430929844884618,0.18184869986669452,0.07830556230529472,0.01648817388257629,0.02018668529414843,0.8,0.7,0.6,22,8.8235509609339,5.978554907534866
21,11,0.5609257321591034,0.6422864521636152,0.3414416747140166,0.19392006373638232,0.2798822534587634,0.09448650223432395,0.03313725557982117,0.03548789922139739,0.8,0.7,0.6,23,7.704543773285522,8.343397635175855
21,12,0.5510911622939954,0.6320015653491039,0.3333902295883277,0.19400552126342185,0.17127998411276577,0.08904158576930171,0.03314956520282743,0.03544208820810343,0.8,0.7,0.6,24,7.596767989673241,14.389149489974304
21,13,0.527736747259638,0.5908981433451957,0.2882854853956737,0.1613468110789464,0.1140836139428844,0.09344324077264746,0.014913562562838581,0.02207789227276005,0.8,0.7,0.6,28,10.77181247082652,11.626507535389694
21,14,0.4965556532374883,0.6081822427957033,0.337934800275642,0.20317456393045982,0.15241383908486297,0.08454927055047431,0.02152632197594146,0.02562318420650308,0.8,0.7,0.6,34,7.413618205801169,7.950368748244458
21,15,0.4946230223081998,0.6234061712463226,0.3606687041649908,0.2172541810865114,0.10581145985371844,0.08486359393233603,0.02151637609360406,0.02632818471082286,0.8,0.7,0.6,38,7.299477854076661,8.086861804000124
21,16,0.48185224501646434,0.6094849445221004,0.3498240787030912,0.2164552873599545,0.16952584556900224,0.07763971957260933,0.021482684287255648,0.026366062554078567,0.8,0.7,0.6,39,7.092085634083988,15.09169690490588
21,17,0.4738337761330458,0.6008482141934302,0.34276753780922586,0.22246801709575073,0.09835292162925054,0.06757599952744128,0.023608760151339482,0.02987865766069474,0.8,0.7,0.6,43,8.469080721873343,5.470351407474194
21,18,0.4644900455513897,0.5720944568349459,0.31204497012446897,0.21625171885549263,0.1985774347450626,0.06807100174872226,0.02368441101930628,0.029906642434839807,0.8,0.7,0.6,44,8.455793280315099,7.978258106863553
21,19,0.45590598684520517,0.5969210964776845,0.35339451424095425,0.23222475278781965,0.18256870916294193,0.06824040674196102,0.02313403885078606,0.029808146926346778,0.8,0.7,0.6,45,8.052577808549508,7.026716669512428
21,20,0.44279651216602345,0.5822058911537428,0.34200985024088093,0.22649976310844525,0.16565190121507126,0.06085281639268515,0.02310804302442307,0.02985205050795604,0.8,0.7,0.6,46,7.817329190490216,13.758192962641289
21,21,0.44438227546982995,0.5656585630215081,0.3202328679995889,0.22970969123814133,0.11530513952391477,0.06462811196615588,0.02398682205799722,0.0305318244914776,0.8,0.7,0.6,47,8.139112313896424,8.869840704860911
21,22,0.4372322746397182,0.5754071637770763,0.3376911796421954,0.22794055002056968,0.1159403905542374,0.06272116338322906,0.0230635435105461,0.02701917858149911,0.8,0.7,0.6,48,8.118136873845422,9.047690425486111
21,23,0.4331584919675881,0.587791880119697,0.3585199800311309,0.24245690645360432,0.09993141014089632,0.06310448836372179,0.023056169427912908,0.02701727186532738,0.8,0.7,0.6,51,8.031757887769315,9.01279654124011
21,24,0.4341841067732245,0.5852475626932112,0.36237365618238193,0.26418114242992063,0.15028163852690932,0.07282545623280459,0.0289046590015641,0.03120960225594836,0.8,0.7,0.6,54,8.074352660910524,9.274199941187554
21,25,0.4251475515492903,0.5930152996046916,0.37780240030398254,0.26972472405506576,0.10675962682948893,0.07067274749309724,0.02593253696080034,0.026899157465488932,0.8,0.7,0.6,56,8.269105335862509,9.290395938151924
21,26,0.4302284901965178,0.6464219045183395,0.4573964411241594,0.31985695545901266,0.16898499616109142,0.06586062289370365,0.04408895450567771,0.04449203290841503,0.8,0.7,0.6,59,9.75356687702092,7.221005034626421
21,27,0.4389066400097926,0.6160812320710953,0.42017558929493015,0.3361058576820184,0.15983597221510046,0.08392985025857706,0.04855927476672252,0.04903695874884968,0.8,0.7,0.6,64,12.423891529519954,7.593986277324453
21,28,0.44215405155266596,0.6159442241990396,0.42475815070456624,0.35923245853518515,0.1595906446787309,0.0734838409828225,0.0460830277723859,0.08644096044465296,0.8,0.7,0.6,71,10.38870824515979,9.3968157772885
21,29,0.4322889614746928,0.604196440080298,0.4156961801646591,0.3571752612450619,0.20644414011547174,0.06258043062077355,0.04603100045603567,0.09330534304087555,0.8,0.7,0.6,72,12.397662330868156,12.47194563765314
21,30,0.4227906048867743,0.6082866349734627,0.4312515026710375,0.37208342796045424,0.2009739700991879,0.06258043062077355,0.04603100045603567,0.0933053430408756,0.8,0.7,0.6,74,12.802153335645372,11.739101190117031
21,31,0.41840339112619435,0.618770931176289,0.4515050966195436,0.3893461072166355,0.18240268402773502,0.06451644858780281,0.04650285465796853,0.09335106014243157,0.8,0.7,0.6,76,12.768213576563058,11.687687887064133
21,32,0.41823514213511426,0.617904410179262,0.451504032680025,0.3906426820416434,0.163124209903074,0.06620674036999312,0.04670647585882282,0.09323246806321143,0.8,0.7,0.6,77,12.75807688553055,11.67926744832953
21,33,0.45339086382861604,0.6696063715460849,0.5108331763255395,0.4501404790347173,0.1945417208084689,0.0824662193186477,0.05009152167933796,0.13002940154491333,0.8,0.7,0.6,79,10.14958087571696,9.526936639683504
21,34,0.4419324135378983,0.6398538894995403,0.47559828416931893,0.38755136538467055,0.18035442946308683,0.08897566505497431,0.04707796569328499,0.10848234765398815,0.8,0.7,0.6,81,8.948839968039053,9.21814332774142
21,35,0.4196589675820434,0.6510563510140902,0.5015219636823898,0.43746501428553036,0.17497332950447309,0.08218356040416032,0.04363713258306734,0.0903838290774882,0.8,0.7,0.6,83,10.21009991135166,7.981445348763255
21,36,0.3841730660114029,0.6052137524525718,0.46757065280010746,0.4527128717331977,0.43359502228076297,0.07478360264585689,0.049650778778964275,0.0692752482870113,0.8,0.7,0.6,84,9.792648803415217,7.651193891126639
21,37,0.34454584612239564,0.5678450087619085,0.4523033832807404,0.44437775152807907,0.5129682873624655,0.06681441150303763,0.04838070619197473,0.05919454709035663,0.8,0.7,0.6,85,11.39308320855975,10.46892060653816
21,38,0.34026030109330707,0.5794512365139455,0.4719171232081048,0.4754058816699946,0.1293238801405581,0.06560895295249182,0.04861679663899363,0.0578038572684811,0.8,0.7,0.6,90,11.563471741801926,10.51208814264059
21,39,0.3364006958798237,0.5347936056738658,0.4199519890481941,0.4737603186651643,0.26150052065733903,0.07557073340586531,0.04848431291112492,0.052782499823728866,0.8,0.7,0.6,91,11.34354786294261,7.793566655238714
21,40,0.33627582596867034,0.5521452493614861,0.44375730704834604,0.47512121231834126,0.1270449162795074,0.07557073340586386,0.0484843129111257,0.05278249982372611,0.8,0.7,0.6,93,11.212464572716751,7.897480227187054
21,41,0.3360887575507992,0.569473204682029,0.4675026580558976,0.4953858025561328,0.12647472649869693,0.07554760534186795,0.04832202366566969,0.05280331966809957,0.8,0.7,0.6,95,11.25031017385108,7.857083420168086
21,42,0.32577665803887673,0.6076520748462103,0.5287140913518751,0.5198409627543782,0.17041619994906076,0.06518753237963278,0.042077043703679776,0.06696821227771785,0.8,0.7,0.6,97,10.303405654705587,9.157491965347928
21,43,0.3244611279900462,0.6034702906543109,0.5271588212051203,0.5222237942257311,0.15709544199618058,0.06512888603756993,0.04424355567239343,0.06913291968376925,0.8,0.7,0.6,99,10.381308899886848,9.143433044263505
21,44,0.3271648187951645,0.6411325473283471,0.577717984193038,0.551638248718095,0.12846969582456694,0.06459811763425391,0.0425842759700026,0.07666160874134804,0.8,0.7,0.6,103,10.380701606924806,9.20193709286214
21,45,0.32670214257072916,0.6515580288908913,0.6004909902024694,0.5771559994970151,0.2104474897611348,0.06466290648358096,0.04813563992085365,0.08454935834034487,0.8,0.7,0.6,105,10.558453366398275,9.284497534185489
21,46,0.32163859532062783,0.6609449272308034,0.6189757998798395,0.5979388418039826,0.1690628556641789,0.0681380984541726,0.04555468762198773,0.08131420528345815,0.8,0.7,0.6,107,10.672935019365926,9.273882207658362
21,47,0.30886515497997247,0.6242047423438004,0.5813596966680196,0.5870780397161208,0.26740088327604866,0.06697356532441025,0.0500394695962693,0.06992010604510168,0.8,0.7,0.6,108,10.50299236564624,9.88119067858756
21,48,0.2903033676663139,0.6042669304903566,0.5625844145776581,0.5671864842984664,0.12093617885344524,0.060485679960653925,0.0451614090827926,0.05615959632782316,0.8,0.7,0.6,112,10.808525025083746,8.834684217064005
21,49,0.2883941585556532,0.5977681137107335,0.5599194004369804,0.6016289900691969,0.13323922079080952,0.05827277334922006,0.04746991727619705,0.062493353500807515,0.8,0.7,0.6,118,10.88380953636606,10.888752847400452
21,50,0.2799357078943929,0.6059831191148273,0.5752418971276355,0.5955567141293011,0.1129786496056473,0.059847907020302314,0.04321001971378561,0.05301931684111545,0.8,0.7,0.6,124,9.482786460486222,10.202744936265717
21,51,0.29336390233296356,0.565609618498783,0.5166673558768523,0.5183300168212303,0.14767895065368336,0.06440646411161406,0.04706111435189807,0.06703377559284436,0.8,0.7,0.6,125,10.662212775029662,10.9505420543208
21,52,0.2629639349105042,0.594715426496626,0.579931992035175,0.6256835847889737,0.21421167914401415,0.04860763092142792,0.04561378312231805,0.05941963807393562,0.8,0.7,0.6,127,10.48596070878434,9.544819823325732
21,53,0.2552760791039392,0.5448026365376578,0.5228332616169612,0.5307527998236121,0.1237041830097595,0.049026828513112033,0.04510290555360308,0.05934092386645499,0.8,0.7,0.6,135,10.605453384373194,9.927104940563838
22,0,0.7832208142627255,0.7661252550845424,0.3340723541225943,0.008031868317060155,0.0,0.0,0.0,0.0,0.8,0.7,0.6,1,15.78501297366877,28.84524172408849
22,1,0.6710816793321306,0.692346937799047,0.31031502388726306,0.0624879218191371,0.6809688193291361,0.07304611435176686,8.528012446389e-05,0.00015288848137871,0.8,0.7,0.6,3,11.357703423114652,23.671406641160345
22,2,0.6391463538779427,0.665854642998946,0.298481898316812,0.07726341389038516,0.2532826512695266,0.08843802505077748,7.165583818872e-05,0.00014464238456182,0.8,0.7,0.6,5,8.549779130092798,10.0868426700078
22,3,0.6391438469821002,0.6834126050663742,0.32241573929679823,0.08338736352430069,0.07089765148459315,0.0884380250507775,7.165583818872e-05,0.00014464238456182,0.8,0.7,0.6,7,8.572517949270729,10.113694023479091
22,4,0.6116359432757654,0.6573865934810259,0.3021519240690033,0.07675694187736966,0.2035075550702379,0.07480720847170767,0.00017935532457973,0.00023095568585365,0.8,0.7,0.6,8,10.339329816634905,11.485817268062918
22,5,0.6115248481742851,0.6748812323271159,0.3262258644933258,0.09189056765619887,0.06312512728787202,0.0752657140802818,0.00025951161107451,0.00031773285316409,0.8,0.7,0.6,10,10.090217789752709,11.022226518565658
22,6,0.5934397803121763,0.6231171771396695,0.2696674539541851,0.09187238966802433,0.26298197465548206,0.08074284254741268,0.0002050214926683,0.00042580212722973995,0.8,0.7,0.6,11,11.010933568778515,12.428116487660857
22,7,0.6062402537320177,0.6536797635783862,0.3081490963734705,0.11423783881603336,0.10129604858898907,0.10132038049920644,0.00085595997190866,0.0007107508118149,0.8,0.7,0.6,13,7.707837588281867,9.049929365587396
22,8,0.5824017357517113,0.6655273748432043,0.3345406463766547,0.10073220154919961,0.11148329186609389,0.07782209057185452,0.00071877897728754,0.00132617912862073,0.8,0.7,0.6,14,8.976345366301953,8.838469246437464
22,9,0.5487142379781864,0.6129538352890712,0.30329393613345196,0.12803022821134283,0.7877867758118251,0.08414057550546863,0.01555773662339747,0.03940855933984913,0.8,0.7,0.6,15,9.634861675786071,10.949872661120535
22,10,0.5487142391398661,0.6305139409240816,0.32722892415235705,0.13415824626196324,0.10184835283913911,0.08414057550546863,0.01555773662339747,0.03940855933984913,0.8,0.7,0.6,17,9.634860028239668,10.949870298110126
22,11,0.5487074780304272,0.6656266497075641,0.3750943666553927,0.1554817463403306,0.10186158150681844,0.08414057550546863,0.01555773662339747,0.03940855933984913,0.8,0.7,0.6,22,9.6460422614889,10.965903541187052
22,12,0.5465054179120298,0.6633493241092934,0.3732598970680452,0.15688237481577924,0.11177157953560492,0.08303294081229823,0.01623301594937679,0.038255809589357134,0.8,0.7,0.6,23,9.646584039854734,10.915788829008829
22,13,0.5190358344969698,0.6149276481235973,0.33272522277963346,0.1557967507386171,0.46189568933732345,0.07653577299739658,0.02632572999746858,0.04660822761465589,0.8,0.7,0.6,24,10.27024374995533,10.251469978848377
22,14,0.5153961688682748,0.5933621620108871,0.3059707275211254,0.17881089834764688,0.112783044651631,0.061603914776389976,0.02975931795720004,0.06106574348461731,0.8,0.7,0.6,29,9.468625755790644,10.729002886413522
22,15,0.5206148325832346,0.5784950952940632,0.2922427889910111,0.20256235748284232,0.31709100238690485,0.0856325998094281,0.035015649072562896,0.060523063493505315,0.8,0.7,0.6,30,10.907394901127438,14.88836732968279
22,16,0.5251938458176936,0.582383642357305,0.29798677682306235,0.21351078583880645,0.1845872964073025,0.07380085640672811,0.04137876642336513,0.08353906547238041,0.8,0.7,0.6,31,11.251615129102984,12.423146859648853
22,17,0.5132570866796787,0.5872617795186375,0.310862290939718,0.21017695262125047,0.16903167331834865,0.08614032845813399,0.0350248024273919,0.06051872305558499,0.8,0.7,0.6,32,9.57806174245427,13.564084410094278
22,18,0.5151259865150887,0.587902257098191,0.3144306721453829,0.2285190199690283,0.2109930307050546,0.07380085640672814,0.041378766423365146,0.08353906547238044,0.8,0.7,0.6,33,10.114889876334372,11.273323085122351
22,19,0.519028298353526,0.6092712881686955,0.3423902746127061,0.2324773813784368,0.14786541769747916,0.0876940116872847,0.041672202012093026,0.07197193408530275,0.8,0.7,0.6,34,9.791467115634823,13.796920907403894
22,20,0.5261160850555656,0.6153666301932831,0.3507260215864221,0.24667097985498115,0.21028859311164258,0.07551148272818517,0.04922974210922221,0.09943803269346208,0.8,0.7,0.6,35,10.134573899120111,11.304408356521291
22,21,0.5360562800332619,0.6425826078694624,0.3849432176084912,0.2686367782078061,0.1710370434142497,0.07356819018684876,0.05409103944062009,0.11521232549921831,0.8,0.7,0.6,38,9.835918549174696,10.862851008320018
22,22,0.4872232009006499,0.5920257481968351,0.3380388715304414,0.22978086246978885,0.2158765414571801,0.058857869559397355,0.04040211098427319,0.08264398046223968,0.8,0.7,0.6,39,9.734943076406289,10.88825558484304
22,23,0.44882287724130443,0.5344772662153546,0.2772959926119802,0.19567721633432142,0.13301084825586382,0.07007816468120723,0.02020757802939675,0.03862444502354702,0.8,0.7,0.6,41,10.168361196324964,11.757138684551762
22,24,0.44346569537124464,0.563144918005858,0.3208135966883866,0.21282073943054278,0.10293564414114476,0.0686753353202961,0.02071106082232835,0.03841522004275945,0.8,0.7,0.6,46,10.62317841330303,10.021898055594113
22,25,0.44130718686063747,0.5605230304066809,0.3190585686912486,0.21500303054054978,0.1137158634605514,0.06852900626041229,0.02047714798551024,0.03833655319878866,0.8,0.7,0.6,47,10.852725045885794,10.690984947083557
22,26,0.44159587202319456,0.5778357034920398,0.3437343930775371,0.22319471688375078,0.11910935942865825,0.06883407433687326,0.02176613110823816,0.040372181955116285,0.8,0.7,0.6,48,11.70599210925718,10.795790576294053
22,27,0.42858392506049436,0.5624122271049362,0.33260337535932755,0.21780426995194216,0.197262030908221,0.061041225182003875,0.0245643299894556,0.040723562520234256,0.8,0.7,0.6,49,11.060704667310834,10.870705504736756
22,28,0.4830732382763707,0.6172643034061345,0.38714662786537113,0.29504591671613145,0.15676906452037992,0.07122422694392186,0.05539857959933823,0.08123100422682823,0.8,0.7,0.6,53,15.113435940792106,16.220121638432087
22,29,0.47026205351454314,0.6180164276816087,0.40062531834019627,0.3030681411037363,0.23726740277989763,0.07122422694392186,0.05539857959933823,0.08123100422682825,0.8,0.7,0.6,55,17.333247623889598,19.24920337365945
22,30,0.42489238235357024,0.6204079194241332,0.4296699745213072,0.3100574324484606,0.12204497191599842,0.06582090458620977,0.03060047716546525,0.06675481363731525,0.8,0.7,0.6,67,10.202444796140052,12.17624533355692
22,31,0.41999202625407833,0.6148547877131529,0.4250701861840249,0.31855965375859857,0.11355243364839576,0.06317819413300527,0.02989112837984037,0.06605530013740908,0.8,0.7,0.6,71,10.594558745130488,12.678708741334638
22,32,0.4138481633991362,0.6082172121930012,0.41914698132909056,0.2991166265195359,0.15350217646146136,0.06243218995495733,0.030954412157796218,0.057897446536484806,0.8,0.7,0.6,72,10.30615507704408,11.847592144895328
22,33,0.42391129610603934,0.5790034804637917,0.383004837494858,0.3691848685060508,0.14721981971711495,0.07149043330305657,0.02873272516683767,0.08393002360475751,0.8,0.7,0.6,79,8.697007701912302,10.332358315925198
22,34,0.42569590729884693,0.5969610129287534,0.40923411612084254,0.38448877543387056,0.15681631548392402,0.07173492222153588,0.030861563981950512,0.09014849021262956,0.8,0.7,0.6,81,9.843910635118132,11.79307855809964
22,35,0.3877908540221118,0.6288439772468749,0.4675577962427946,0.36267277612184967,0.14583763900217545,0.0631288404705452,0.03043218169426486,0.042345597577803026,0.8,0.7,0.6,82,13.052850319991938,11.948207558201936
22,36,0.3715821065407233,0.6229245153680808,0.4768861175622605,0.3806807862098507,0.21328278748826962,0.0631288404705452,0.03043218169426486,0.04234559757780302,0.8,0.7,0.6,84,14.810193730025002,13.666316018762872
22,37,0.3709414174682622,0.7052162655435854,0.5968623573428641,0.49404341774503285,0.11077471833924366,0.07315030795785782,0.02930686795718359,0.046739327853413185,0.8,0.7,0.6,112,12.61060230356931,10.914704617720652
22,38,0.36711724714553795,0.716141005629284,0.6173969481356699,0.5064839621427746,0.1462572373653946,0.07279143648447192,0.030361630348264,0.04919510643674928,0.8,0.7,0.6,114,13.478768896436184,11.158791930154798
22,39,0.3658286843403916,0.7317649338454922,0.6401274360477914,0.5239044598226674,0.11562941495813034,0.07279143648447192,0.030361630348264,0.04919510643674927,0.8,0.7,0.6,116,12.920955556120642,10.525363671124635
22,40,0.3547444400055858,0.8602351193459818,0.8206421334185886,0.6531591267139615,0.10092347496125587,0.06376314339238133,0.03044775360874417,0.045724150911635716,0.8,0.7,0.6,146,12.0412746807455,9.55305197147318
22,41,0.3637868982956804,0.590651261700787,0.4717178724013054,0.6517573113328959,0.17410186495479468,0.06570350736634874,0.07970096531177387,0.0471868961752217,0.8,0.7,0.6,157,10.897385977168954,24.59745749556083
23,0,0.8403590681591525,0.8053838915183319,0.3584951614074932,0.010209652925802462,0.0,0.0,0.0,0.0,0.8,0.7,0.6,1,12.633800938126711,25.417817891757466
23,1,0.6313708193158709,0.6570387391548688,0.28628301279223883,0.055363834772775955,1.000391966610224,0.06621365729965034,9.050106060783e-05,0.00014185002645909,0.8,0.7,0.6,3,12.073301854739766,20.67382789356356
23,2,0.5851357478870979,0.6131673905393442,0.2508667517737678,0.03481635129426362,0.24202510006628275,0.03904362819328674,0.00051342083599902,4.62722930841e-05,0.8,0.7,0.6,4,12.252553859840322,139.00873113593556
23,3,0.5235837636361514,0.5536937945082824,0.22387239348784024,0.05895940884195136,0.8663300622883562,0.07248152328748769,7.640110806875e-05,9.485188849935e-05,0.8,0.7,0.6,5,12.246945979045584,8.93670375810159
23,4,0.5190023666935716,0.5664325277264878,0.2451887328690166,0.06507350625272239,0.08651031821556408,0.07369935826424374,9.941707179192e-05,0.00012342618120216001,0.8,0.7,0.6,7,12.622529563377835,7.732891665908952
23,5,0.5184994772158282,0.5659166206845017,0.24478238512775782,0.07181879728930952,0.061604450086044926,0.07344139014764847,8.81516125849e-05,0.00010387749495962,0.8,0.7,0.6,8,12.385775059832731,7.608968010718988
23,6,0.4829709645897136,0.5281179937776398,0.21961649672007402,0.0688822103211003,0.2116877478815015,0.06577149446909511,0.00034966560990867,0.00274248797056288,0.8,0.7,0.6,10,12.545630129364003,9.738449954452395
23,7,0.46531819461594753,0.4905783156254335,0.18413919671800053,0.07278007942830118,0.2668145004173415,0.0705146524261823,0.00022735317840874998,0.00047312774648713003,0.8,0.7,0.6,11,13.74595858878346,9.13050327430819
23,8,0.469951029927162,0.5296273092808843,0.23811870400315785,0.08151019538495391,0.12081580146769237,0.07606036037004525,0.00379254173216304,0.00508446112745565,0.8,0.7,0.6,12,12.415476254265094,8.337679806156865
23,9,0.44071722009973247,0.513733665604076,0.23970321217842355,0.08983381087993805,0.20063555354487675,0.07026898837704601,0.00355956970063367,0.00629164372177346,0.8,0.7,0.6,14,12.711520397879584,9.26708311160907
23,10,0.4292441185936366,0.5177470360169643,0.2547379669067411,0.09566460161658927,0.11904726399356728,0.06873752751493588,0.0037082066618028204,0.00607479580075124,0.8,0.7,0.6,16,12.542700922286093,10.18250734933517
23,11,0.4247443374335457,0.5126891445592494,0.25086459044638126,0.10176762517231192,0.07404232642554028,0.0666440918068226,0.00368222425495264,0.00569103652888673,0.8,0.7,0.6,18,12.47868642257482,10.677001663038084
23,12,0.399073002913719,0.4823468692635833,0.22964068613854358,0.10538115591445411,0.16654520844715565,0.0647487088711352,0.0011153428942545398,0.0008575640232922199,0.8,0.7,0.6,20,12.160404307920873,9.641788807842785
23,13,0.3773895759741405,0.45341732003306695,0.21286925549553018,0.11245868731861086,0.1319755680462253,0.06857259030697098,0.00115805642512808,0.00111509725558302,0.8,0.7,0.6,24,13.202481312029173,10.990176313023156
23,14,0.3773895847083537,0.4709774259341491,0.23680429840140807,0.12177697539561293,0.05633795118359929,0.06857259080682979,0.00115805634173529,0.00111509712984902,0.8,0.7,0.6,26,13.20248104998969,10.990176696813265
23,15,0.37704002990935587,0.470365513349446,0.23660006897257005,0.12218382405112284,0.06694738305684243,0.06921294677623174,0.00116205105714555,0.00103424509465325,0.8,0.7,0.6,27,13.294886232009986,10.8575313066699
23,16,0.37366330209230836,0.43015776925199856,0.18625201997595445,0.12153503568868201,0.09108972205467594,0.0707526498184774,0.0015687707942531998,0.00153675157715165,0.8,0.7,0.6,29,14.415220467186378,10.980931241469822
23,17,0.355288280171051,0.424044989668662,0.19415447887842016,0.13719618684337606,0.15023489809329704,0.06622354853598453,0.00162718806682332,0.00174947350054026,0.8,0.7,0.6,31,15.093051083459708,10.44043136591205
23,18,0.3443872561135374,0.39074474791977803,0.16097646015436645,0.13536854918179075,0.21829796141077246,0.06796915969423792,0.0016076596344357398,0.00186580117182677,0.8,0.7,0.6,32,14.553591971778658,7.271965179289987
23,19,0.31454375346426405,0.3524409756959844,0.13318663896210883,0.12862000990358813,0.17695723314025158,0.054849866287789074,0.00159282387288061,0.0019061595455778801,0.8,0.7,0.6,34,15.031975314670593,6.5053268953354975
23,20,0.3139481012599606,0.3515711582002991,0.13264196569682885,0.1233705881716319,0.054214660812241036,0.05483253444780484,0.00159401483596163,0.0019121407797956,0.8,0.7,0.6,35,15.053868842518062,6.509120815061411
23,21,0.32864523604521995,0.415592314577108,0.21975145106734684,0.19053161089310824,0.08035522090071989,0.08018138738166099,0.0020296108837716,0.0039876675663001095,0.8,0.7,0.6,43,16.710285509030363,7.916038547362887
23,22,0.325555893066404,0.42582437695590863,0.241102552427134,0.21196063594799833,0.13195325183846904,0.08632596061507818,0.0021613716902257997,0.00435122937430751,0.8,0.7,0.6,45,16.7362772935467,8.323196822968505
23,23,0.3222043415979402,0.42151741439000134,0.2378500721099134,0.21320586866514238,0.09788830621441927,0.0845767868077716,0.00204993238986619,0.00428585119193557,0.8,0.7,0.6,46,16.98323450901482,8.932606386350658
23,24,0.3221964258431534,0.43906546245736033,0.2617775770653946,0.2306950608787204,0.07172459451163729,0.08457678680777161,0.00204993238986619,0.00428585119193556,0.8,0.7,0.6,48,16.982481442161525,8.93072151887526
23,25,0.30782930645345497,0.382300534428705,0.20005921351710992,0.23406327268016006,0.26463942614207253,0.05703581308497394,0.02385943036034237,0.01387281758704716,0.8,0.7,0.6,49,14.39262835956372,6.884097756545049
23,26,0.290410321570969,0.3378163089382409,0.18163455920950594,0.23463835643488454,0.20322821827240406,0.07914006634293376,0.01999121875697903,0.029705305902269108,0.8,0.7,0.6,55,12.44805097883943,20.299259528074945
23,27,0.2917059497377735,0.37319318390516093,0.23071828415618018,0.25481052460257886,0.1060327679472853,0.0764824643681233,0.02238104791068142,0.03510945584853558,0.8,0.7,0.6,58,12.835287984178573,11.902964012323713
23,28,0.2814484154349706,0.35632944495231755,0.21968363917147052,0.25548542185448453,0.24205279128108376,0.07778670166304691,0.02145773310490165,0.03204996234554378,0.8,0.7,0.6,59,12.759858287651856,15.964331702009934
23,29,0.251963855244953,0.298408236172911,0.18513806149450154,0.25896070984121944,0.6831796984568544,0.07734808722968411,0.02221771335104191,0.03830767287932104,0.8,0.7,0.6,60,12.524437192387913,13.055851671109451
23,30,0.24330973007889725,0.2811951205403019,0.17442974311363982,0.2579883129357623,0.18025394547394258,0.07734808722968416,0.02221771335104191,0.03830767287932107,0.8,0.7,0.6,62,12.608011298859044,14.700839270941042
23,31,0.2713049552258228,0.3584304343207002,0.2734365977726772,0.39143325688162234,0.1334284670236993,0.09484936679468764,0.046212976461736846,0.039576219838350704,0.8,0.7,0.6,108,14.021475817119368,37.49122232607988
23,32,0.25807742880096585,0.3234957093521401,0.23525114528521007,0.3715428094021301,0.13850523798353018,0.08507259104289397,0.0463515287522913,0.03727125140154,0.8,0.7,0.6,113,14.706707107555342,34.65716423431088
23,33,0.2516527393062938,0.310174776557271,0.22696417144152087,0.3707902502402978,0.15381842082295064,0.085072591042894,0.04635152875229129,0.03727125140153998,0.8,0.7,0.6,117,14.518783258300806,36.896611937512574
23,34,0.2551974323927723,0.35407183038259193,0.3174617891536654,0.513658202790977,0.18734100558347874,0.08337449405024758,0.05641199984163089,0.07695508994289908,0.8,0.7,0.6,132,13.051765388013171,30.556769602416253
23,35,0.2548618077906268,0.35331836562766433,0.3169930318323737,0.5167511387829195,0.15590435900082633,0.083374493255985,0.056412000062051514,0.0769550894952343,0.8,0.7,0.6,134,13.064874769909284,30.442025594051685
23,36,0.2504099630133988,0.31981410378974273,0.28487101874377607,0.5151114215629918,0.22036973822300882,0.08312245806602984,0.05675262723928058,0.08453282271504493,0.8,0.7,0.6,137,13.316336754187873,30.507153104717887
23,37,0.24513275377108384,0.3398279081339034,0.3241242199050331,0.5262034189489724,0.3237672038297097,0.08110769325980295,0.050229535100230316,0.09827275149004581,0.8,0.7,0.6,138,13.460225350059266,30.903557600746407
23,38,0.3021749643254913,0.4105147521271451,0.4213566276616643,0.636103099253291,0.3168666956682433,0.12571829098802484,0.07144103350028855,0.13416675368769918,0.8,0.7,0.6,142,18.501242999472204,21.34522409095257
24,0,0.9410556814928559,0.8696410810440032,0.3984697408402112,0.013774777660686209,0.0,0.0,0.0,0.0,0.8,0.7,0.6,1,8.991725545049544,28.29323794106628
24,1,0.7928113156344936,0.7903864816543354,0.37305345200025625,0.0722949057833207,0.7330879319742274,0.0787798821317939,8.526480950766e-05,0.00021623627868086,0.8,0.7,0.6,3,6.089582319055673,22.69783264981249
24,2,0.7210812899020537,0.7369398254707794,0.34445502947631546,0.08715067950675437,0.38469189064600084,0.09419868630302676,7.141818739588e-05,0.0001861174537102,0.8,0.7,0.6,5,5.018986048921378,9.587792359716104
24,3,0.7192832690832556,0.7531327820494742,0.36777201626042666,0.09341332496083045,0.08545450763418995,0.09493075310335455,8.397035274100001e-05,0.00022012939297027,0.8,0.7,0.6,7,5.075846311546083,8.167794383855595
24,4,0.7112321750509123,0.7287613090246222,0.3392434509085089,0.10129021535733806,0.10280204787011357,0.09382438483210592,7.170168934827e-05,0.00013913494653711,0.8,0.7,0.6,9,5.481820900254348,11.10134834017872
24,5,0.7093643747096349,0.7272204304022369,0.3383135142449596,0.10127446384098741,0.09044749011139049,0.09389733633175952,6.731297899298001e-05,0.00017349848681164,0.8,0.7,0.6,10,5.0503257287397645,10.6195032074498
24,6,0.7020756253435532,0.7433917527258795,0.3736369422957396,0.13587502056179868,0.42568870185226804,0.10244518494905756,0.02009920274702099,0.01944334894046616,0.8,0.7,0.6,11,4.816963002153167,7.797188963363147
24,7,0.6493293741043465,0.6928526900845403,0.3292941107398278,0.10243327556622163,0.22795858830349452,0.09035626905891288,0.00117585905984736,0.00073517390956806,0.8,0.7,0.6,12,5.382221456933008,11.081626843740183
24,8,0.6378922455512293,0.6997676255535716,0.3452865933401785,0.11061886379846897,0.10357700837029983,0.08608263304132414,0.00093373451458042,0.00089256596058339,0.8,0.7,0.6,14,5.432893954244095,7.085961091225436
24,9,0.6283415138839957,0.709888868219907,0.3706189242462713,0.13319195046066776,0.30589745873056756,0.08673676415806651,0.0074208295393387,0.01902496046275224,0.8,0.7,0.6,15,5.472255771596812,14.18780059460205
24,10,0.6218050387628796,0.6861521940259662,0.34251061878659367,0.14451456638144508,0.09758265959192977,0.08933483470375803,0.00485957384447638,0.01708978816640561,0.8,0.7,0.6,19,5.531901057342858,13.727818259107927
24,11,0.6118787893796928,0.6938896585260781,0.35727839851420745,0.12711648346792898,0.09329500771255415,0.09572675937840082,0.00019670541418094,0.00052685674424282,0.8,0.7,0.6,20,6.321932366914042,11.004900831869412
24,12,0.6095577754070166,0.6740922956223351,0.33162988798958715,0.11731612025959333,0.08921621515865195,0.09466550677551486,0.00021259223341989,0.00050425754779172,0.8,0.7,0.6,21,6.201976668187356,11.395775076613164
24,13,0.5996545071931095,0.647236797550476,0.3029562393336535,0.13576100071965913,0.13564558979146313,0.09691227515111037,0.00103626875639994,0.00115302210008082,0.8,0.7,0.6,23,5.429946560570401,6.722401365187508
24,14,0.5949793477950627,0.6427640107314094,0.3005132685298017,0.14098683313432356,0.1303659199750723,0.09864578610697974,0.0006406391107546,0.0008002249198101399,0.8,0.7,0.6,24,5.211366437166749,7.310032144574691
24,15,0.5869531056166644,0.6349644897205775,0.29585754832449424,0.15072626460524458,0.10643864707980742,0.09850025749758562,0.00094553192683187,0.0015046627410079101,0.8,0.7,0.6,27,6.420845023733032,6.227795811235026
24,16,0.7161124336346898,0.8520076223118334,0.5542387795687778,0.3555373254586227,0.26829805317237665,0.0959504385296014,0.04346024658402848,0.21244575533746515,0.8,0.7,0.6,34,5.7503845405800975,7848.92721520939
24,17,0.6463239655286153,0.7984581933294145,0.5201068300563311,0.3611845894417698,0.2520601142389721,0.07761847332313808,0.1124072324692548,0.09545697045794035,0.8,0.7,0.6,40,7.875354655785564,12.908573558436808
24,18,0.6144504650829019,0.7655807862988293,0.49259247621208757,0.3564285566255504,0.2127309115285607,0.0632035088785292,0.10664370068449185,0.09025829362403144,0.8,0.7,0.6,44,10.585906360865932,134.8222083451062
24,19,0.625346358001775,0.7931814770500282,0.5302644787894024,0.38415181334744997,0.2909206540736542,0.07857674065067029,0.11334721915668122,0.09497691285457126,0.8,0.7,0.6,45,8.760681830588712,9.694672076722185
24,20,0.6230614492287154,0.7907575990357665,0.5285373525438222,0.391923392878648,0.2075738412145164,0.07827766594067809,0.11248622857366705,0.09541326490232588,0.8,0.7,0.6,47,8.061587585025114,13.635422287947092
24,21,0.5685876233796833,0.7282248665522651,0.48875974386248755,0.3900497595452991,0.7627657189935574,0.08599561329700417,0.10335430338465997,0.09191362193716875,0.8,0.7,0.6,48,9.76751583931549,9.149467869181272
24,22,0.5251824655537198,0.7322418072411525,0.5225659033315618,0.4024115440353795,0.4410773436459926,0.06462639488761161,0.09506558395502168,0.09600479731432074,0.8,0.7,0.6,49,11.154157358319798,39.637397344971376
24,23,0.5310081473799261,0.6835602405882257,0.4584859444334998,0.40618827503326643,0.20909370242297098,0.06500609615309615,0.09968368162925072,0.11321024337879897,0.8,0.7,0.6,54,12.994054922402103,13.520371470545662
24,24,0.5263702668409692,0.6950494948839352,0.4786444979846505,0.42142397708267265,0.21695238815366866,0.06500609615309613,0.09968368162925074,0.113210243378799,0.8,0.7,0.6,56,10.550513479493048,10.618359718437851
24,25,0.5040281862369268,0.7355072826211364,0.556292649222757,0.44947246759694687,0.48050602251397695,0.07556763318246387,0.09457882623487612,0.10700652612022139,0.8,0.7,0.6,57,11.433805295561095,23.095758427130992
24,26,0.5049044033643,0.7520589144501156,0.581995410790882,0.465214849249105,0.2317396031590736,0.08313661061890532,0.09439688450546559,0.10769026854052055,0.8,0.7,0.6,59,10.68600621621022,77.04719028191232
24,27,0.48216256755316267,0.708424019726799,0.5366495463452506,0.4617262439399281,0.22207958382401058,0.06438366315306435,0.09807611906272878,0.10551309362375902,0.8,0.7,0.6,62,11.26950495596574,16.816439029593308
24,28,0.4776801064195,0.6850231438749966,0.508725788972718,0.4421891574710358,0.22862266563713277,0.06434506995499692,0.0966703419074562,0.10563878633627181,0.8,0.7,0.6,63,11.267090368251818,16.773951896464418
24,29,0.47610312976364066,0.7002123694869637,0.5313567053439737,0.46386409887999314,0.20951367587402978,0.06431716151962749,0.09738651085532996,0.10559323812937768,0.8,0.7,0.6,64,11.269769802580717,16.794607337880006
24,30,0.47187003433346286,0.6750655840365557,0.5042364206627081,0.46728153316091126,0.296394232944002,0.07032358894904268,0.09643137858655257,0.10546720676283443,0.8,0.7,0.6,65,9.922447366145086,8.491258953716502
24,31,0.45177976280971216,0.6142838445125498,0.43763210134419905,0.4426430036333676,0.35208279655494185,0.06267934895479542,0.09462884530583168,0.10554446546083499,0.8,0.7,0.6,66,10.609078684221258,10.114834002716025
24,32,0.4600214188720064,0.6196049497162096,0.44643805568605943,0.4626981952847926,0.2811005629036626,0.07372970700481754,0.09748452770855708,0.11171691349619092,0.8,0.7,0.6,67,11.030279597155983,10.447522274672584
24,33,0.44118564272410443,0.5745468419142801,0.40480567638189113,0.4536733697282348,0.3146080667537174,0.07667681111113409,0.0953034372947543,0.10772708352474418,0.8,0.7,0.6,69,11.243220192346763,8.59898924576947
24,34,0.4371877591531944,0.620327350801201,0.4733169919490051,0.5427743910348953,0.20495694286874327,0.0653215340239346,0.100762039718755,0.12090333518115164,0.8,0.7,0.6,79,13.225605814130017,11.690100075158114
24,35,0.4390806529479349,0.6824990868154807,0.5457816994595466,0.5101125794314547,0.20798691573157604,0.05854115864149674,0.10986155445006292,0.09619501801171376,0.8,0.7,0.6,80,8.916501113493378,20.41358277884724
24,36,0.42239542651202233,0.6545521571629772,0.5300573869319324,0.519137383528428,0.34415915980216055,0.06653090978446738,0.10998261621791824,0.09272882060261446,0.8,0.7,0.6,82,8.710372938776937,15.227455306780184
24,37,0.4976832703820627,0.744557821731089,0.6299503784345332,0.620557964874211,0.29171247514760335,0.0709140372555228,0.17307420756333242,0.14951168726544067,0.8,0.7,0.6,85,12.155123253820545,14.169398217074532
24,38,0.46420980971781156,0.6561477144851136,0.5472968297728511,0.6459459580685825,0.3219916672400136,0.08986485683342775,0.15802242383153664,0.134607310624628,0.8,0.7,0.6,88,12.641551379992295,23.57208626420214
24,39,0.49674286321926653,0.7058584608435036,0.6254941719896806,0.7096070556730348,0.7454575090141512,0.09432962346776833,0.19272453837100684,0.1818911923355077,0.8,0.7,0.6,89,9.613019855556372,12.95334112397385
24,40,0.4957359079580365,0.7220305186685176,0.6483624599698271,0.71729428791774,0.3229661344015299,0.09438188689546097,0.19262001505354404,0.18104747268282367,0.8,0.7,0.6,91,9.60681052529675,12.933557271074308
24,41,0.4942939803311581,0.7363140836270633,0.6705623355993386,0.7282072836532484,0.3389484569824792,0.085111565348514,0.1880204271779475,0.2001105282586108,0.8,0.7,0.6,93,8.749666672350596,7.6259809761934685
24,42,0.48981855723775475,0.7047903702231089,0.6405636461530628,0.7251356708746826,0.6483636692301431,0.08942737748778498,0.19242368500952345,0.20078820306674378,0.8,0.7,0.6,95,10.32052386973302,117.23507434138124
24,43,0.48300964236412697,0.7092347885239456,0.6563394174801795,0.7518675241359637,0.3986625509745422,0.08942737748945637,0.19242368377546196,0.2007882026120548,0.8,0.7,0.6,96,11.63823537916324,114.5054984255616
24,44,0.37681978434767094,0.4958130195699309,0.4638254271709343,0.6766910027211357,0.578107497449824,0.08572842624603046,0.16267386816881518,0.14908435226631425,0.8,0.7,0.6,98,10.02683921651275,133.42643574083075
24,45,0.38140286488222547,0.5475333883616424,0.5384535748118152,0.7187402937592258,0.30044275153288114,0.08417050704830836,0.17074712528962538,0.1568269653831358,0.8,0.7,0.6,102,10.379089830260328,133.520822405464
24,46,0.382662917985079,0.5501587036861699,0.5401511697519381,0.7257369356345452,0.2838981035256974,0.0841720750816304,0.17102771666644118,0.15678150898373006,0.8,0.7,0.6,103,10.3787544134612,133.36552129739445
24,47,0.38326623033808466,0.5506656523802091,0.540723657815815,0.7230625739592916,0.2834391368399151,0.08417052741868498,0.17198597128853216,0.15679945834566075,0.8,0.7,0.6,104,10.37994357647904,133.36073691550368
24,48,0.38326587201094875,0.5331050504836826,0.5167881137559365,0.741989075812834,0.28186115040633924,0.08417052476101317,0.1719856217193259,0.15679948919401737,0.8,0.7,0.6,106,10.379945613767834,133.36072869219717
24,49,0.3784873712288637,0.5601694556267989,0.5588247131659122,0.7452395759604563,0.3092577975257576,0.08408381083924671,0.1689864166629758,0.15678885297121112,0.8,0.7,0.6,107,10.319090991919325,140.94286316201382
24,50,0.380388763868908,0.5629590706936359,0.5610134668730159,0.7566552534785554,0.29167764036709115,0.08417189750444273,0.1706010219785699,0.15678707090374464,0.8,0.7,0.6,108,10.12762421034468,134.23881222703378
24,51,0.37601721287274914,0.5365422602523762,0.5312448941211051,0.7473085056770037,0.3248550952984117,0.08416805099561253,0.1693707919541945,0.1567992836293941,0.8,0.7,0.6,109,10.380423082778863,133.19309782952948
24,52,0.3743676222180686,0.56993436706652,0.5774394142261567,0.7590922439281795,0.3103000977025058,0.0800178884988732,0.1714483581153508,0.15726105216532904,0.8,0.7,0.6,110,10.379130345135644,133.36072554063688
24,53,0.3724646485867972,0.5129387105870205,0.5208453713206114,0.7782576161792736,0.3475593465740664,0.08999903438908557,0.17409267021210212,0.16241101083660336,0.8,0.7,0.6,116,10.569217798571168,89.84045320168173
24,54,0.3541332070763551,0.4806861195305002,0.49749041678088934,0.7749963794253095,0.39386126063906857,0.08770780267489489,0.16947961252256505,0.15633559245081047,0.8,0.7,0.6,118,10.573271523240226,89.81323293268439
24,55,0.35208041932675194,0.5475701631430894,0.5906997985519701,0.8686305896326793,0.28314472971982496,0.08713366954778354,0.1694992565913779,0.15512560575818865,0.8,0.7,0.6,137,10.856075116546418,29802.22113031582
24,56,1.5879531124407134,1.7462320373294635,1.7779259353003511,2.078498493359486,1.5489762104696143,1.0,0.16955933517141925,1.0,0.8,0.7,0.6,138,10.895149110503612,1121.296611784972
24,57,1.4255076234437887,1.5859479919478918,1.6335806560034545,2.0121817431464843,1.385366655562939,0.08269426783125303,1.0,1.0,0.8,0.7,0.6,151,184062.6913090881,22087.10597349148
24,58,0.3899225685014311,0.7285666486923857,0.8383471769300872,1.1049608945111875,0.340730770856424,0.09007659486149325,0.1993669253781188,0.19552887640176572,0.8,0.7,0.6,178,10.123605318073825,20.33207255861759
24,59,0.4041553842883841,0.7625205328608677,0.8773418981829373,1.162386552020378,0.35516353287808905,0.08271890174799726,0.20144890942392024,0.2243494702850064,0.8,0.7,0.6,181,11.202530613835012,20.299287850182807
25,0,0.8958172161141185,0.8414976463627946,0.3809616665055348,0.012212909034615308,0.0,0.0,0.0,0.0,0.8,0.7,0.6,1,10.405655725249916,27.007749449536902
25,1,0.7152963162593267,0.730546457142029,0.33702458962892395,0.07196917966005867,0.9001963366690193,0.08277467474094666,9.363409525608e-05,0.00016276310045297999,0.8,0.7,0.6,3,9.249425490868106,22.14322632301278
25,2,0.6375253166558096,0.6642426203243733,0.29690095526406435,0.07729684262405341,0.3951017187911836,0.08653653859002662,7.584665495661e-05,0.00012546293166933,0.8,0.7,0.6,5,8.093982656557852,9.332702926639383
25,3,0.6274030415261886,0.6725178672670429,0.314637826231512,0.08657605292375645,0.08744237240300136,0.08519115009901908,5.2179422452800006e-05,8.515541500407e-05,0.8,0.7,0.6,9,8.348053328001551,9.695983682965805
25,4,0.6075300659199908,0.6545706656043099,0.30354712578943166,0.08781618089069311,0.24289215213460094,0.08223618543431975,0.00145438901354772,0.0027166808559682997,0.8,0.7,0.6,10,9.135474350854784,8.701292073652153
25,5,0.5950811475616434,0.6432304746973838,0.3077381524007772,0.1229540832769424,0.4808661635129077,0.07834158173778333,0.025428935543386377,0.0295379051469514,0.8,0.7,0.6,11,6.766988512055927,9.99964709814488
25,6,0.5952719590018407,0.6609328834503928,0.33749252468143187,0.13872222780589893,0.2546185341099384,0.09529461110971668,0.02740238814624148,0.02990599241670458,0.8,0.7,0.6,12,8.837343173684236,10.283776269774371
25,7,0.5637066240727382,0.6114677923265252,0.28705223438049965,0.12315779025992779,0.23013119456582287,0.07593063187204249,0.025306573937765597,0.02881025457909304,0.8,0.7,0.6,13,7.283114994922302,8.668784271058259
25,8,0.5508381791640032,0.6156789798219039,0.3020045743372105,0.12236406636098017,0.20258885135816648,0.07253898621519876,0.0281660764959705,0.027004101109561966,0.8,0.7,0.6,14,10.831877942064626,6.367745288608602
25,9,0.5581391455879957,0.6228856275511463,0.30991608201113685,0.13133232958826377,0.10521462714443747,0.08336280377177512,0.02833240291121576,0.027497996002802328,0.8,0.7,0.6,22,10.466675802998108,9.03494158695619
25,10,0.5734838122632174,0.7082711270724074,0.4221912942586106,0.17942014813730708,0.13914287632591896,0.05060231743652941,0.11566515869091618,0.0006628276278387,0.8,0.7,0.6,24,9.07068215896802,9.461751916723466
25,11,0.5821651093348859,0.6993567427756356,0.40713133602030266,0.18137603757151038,0.13394591311917736,0.04980102790279902,0.12982420575994008,0.0006329103657138899,0.8,0.7,0.6,26,8.97701890483859,9.103352802954232
25,12,0.5772502894159388,0.7119834047239157,0.4262530901308772,0.1861100971932911,0.12797864243507803,0.05019013904337375,0.12277400615744705,0.0006474552132827,0.8,0.7,0.6,28,8.960892717572728,9.1186239496471
25,13,0.6087977935238401,0.7252118569841012,0.43746574834069396,0.24278599752398633,0.2773048672914332,0.05305522976529151,0.1804116772726141,0.00012276952966259,0.8,0.7,0.6,29,7.97515357136106,8.613968744319378
25,14,0.5831127553588341,0.6989214477942526,0.41409477288887425,0.22879025958939686,0.18657594520768458,0.05381740257085323,0.1529980099458464,0.00014749829866994,0.8,0.7,0.6,31,7.81919831245632,8.5710874691317
25,15,0.714631959392548,0.8298358547156893,0.5475944790136272,0.3686630975157706,0.3522976081386782,0.04682634675109777,0.3565538917681733,0.0015797153667330799,0.8,0.7,0.6,32,8.014438120131059,8.925671271524676
25,16,0.6319651933132084,0.7447186388452489,0.4711216881811537,0.31014933693400576,0.3333141157311635,0.04580510179323124,0.2694052111894085,0.0008779452943261,0.8,0.7,0.6,34,7.947534302162384,10.450079753692004
25,17,0.5971152612940602,0.7273585652095357,0.4603545746983389,0.31606280877082255,0.1941252491961023,0.04666073695656741,0.2193623029058005,0.00088211857548324,0.8,0.7,0.6,36,7.90860776247774,9.835035533678298
25,18,0.5950841437770917,0.7603850674415089,0.506322726599242,0.3310072272724626,0.19459770029029697,0.04522916035998447,0.2187407340158048,0.00087279863097725,0.8,0.7,0.6,37,8.081252168826419,10.669760467041046
25,19,0.5714913050500046,0.7068783031921896,0.47432288116862514,0.3592353298204688,0.9214860379033706,0.05491370108350219,0.2593669061666612,0.00362065953346677,0.8,0.7,0.6,38,7.672358440696338,10.940333112994947
25,20,0.5620128230227046,0.695986270198341,0.46592617939700137,0.36318507106011066,0.24407155862133403,0.05557666015135454,0.2531813040375668,0.00280529483315829,0.8,0.7,0.6,41,7.649635286285194,10.496211839770954
25,21,0.6158249415392941,0.7673585275750874,0.5436733191576427,0.39985528060144915,0.27718473647260616,0.05557659244305023,0.33005583654547027,0.00280535008790317,0.8,0.7,0.6,42,7.649636328278111,10.4962061188317
25,22,0.53571022148946,0.6656777213730165,0.44227179942145106,0.3241400595746636,0.3762577345070499,0.04762080975250244,0.24407566028723937,0.00286932487416029,0.8,0.7,0.6,43,7.20721083905981,10.232358186761216
25,23,0.5274251294365299,0.6551831409542425,0.4352258441362558,0.32508050862215426,0.29511797538880463,0.04813885075542991,0.2413289604836001,0.00310162442682458,0.8,0.7,0.6,44,6.901651451319703,7.649863091063511
25,24,0.6010485970618694,0.7424971630897225,0.534648938426367,0.4173792316060772,0.3655756004270359,0.04116510558801954,0.3701744374043743,0.00362683402633922,0.8,0.7,0.6,46,6.872776315924876,7.75297065491643
25,25,0.6825528151940381,0.8406665941192488,0.6404706543076533,0.521258525794522,0.39413573704714655,0.04818154930766312,0.4645066596054036,0.02419930913238538,0.8,0.7,0.6,48,10.393787059362484,10.657713070124124
25,26,0.6820562872464117,0.8224280493444082,0.6161134467247419,0.5126397985644388,0.3813988062251079,0.04818154930766314,0.46450665960540205,0.02419930913238537,0.8,0.7,0.6,50,10.141919081378584,9.949840357987595
25,27,0.6180320265172701,0.7331408354590988,0.5307940487380202,0.44706325266562347,0.4196385895767992,0.053207272555231847,0.3925891207352132,0.027472077887127872,0.8,0.7,0.6,53,12.002448711595516,12.808778497933822
25,28,0.4986549192310269,0.6068139874030251,0.41303423633580705,0.3533234195886101,0.44339677482277107,0.04935561495679761,0.2516313868010416,0.02429751543386592,0.8,0.7,0.6,54,12.45018234405723,17.26071475789275
25,29,0.47097356715054145,0.575820689108614,0.3859196427395352,0.36068354958231547,0.3059932866839314,0.05152334066653661,0.2194602810258332,0.02439078995205928,0.8,0.7,0.6,55,12.113760466469852,13.199979669513768
25,30,0.486563220552702,0.5911294602257804,0.4015513228766168,0.35089917879114135,0.2296526476538593,0.05152334066653662,0.2425506392325484,0.02439078995205928,0.8,0.7,0.6,57,12.165048381498432,13.43064208286582
25,31,0.5804699551646816,0.6813355685708832,0.49594818113705413,0.4515797620468212,0.37908570013327425,0.04508713987642876,0.3937864758602928,0.025356560417658557,0.8,0.7,0.6,59,12.241070778497129,13.91299337389733
25,32,0.5586936688242374,0.6737844805356326,0.4984409084402152,0.48806812239011366,0.32979401461916547,0.04222954354885228,0.3776004419051623,0.022380108049190682,0.8,0.7,0.6,64,11.10837336669453,7.097549821210172
25,33,0.47486819013625614,0.6136091307309632,0.46297293881458296,0.4075224205263082,0.39664291054746476,0.04908697516586818,0.26049503076400227,0.04377058530275751,0.8,0.7,0.6,66,11.957565409404651,11.655325230042957
25,34,0.4568444062695038,0.588637562806346,0.4448266337846475,0.41739861745436285,0.27493500101630325,0.05515844731679328,0.25037650781498283,0.035962893596678494,0.8,0.7,0.6,71,10.007916259068468,13.597097666992449
25,35,1.01416580790765,1.1438558948663697,1.0020621981043443,1.02246100035524,0.8087112760869829,0.053691757859131606,1.0,0.09761832404452755,0.8,0.7,0.6,78,10.31291523876929,10.911023250892129
25,36,0.9522922840735414,1.13879389566965,1.034843814662547,1.0365338285771943,0.8356532662203078,0.0438854001293241,1.0,0.03963068913030647,0.8,0.7,0.6,82,11.01469367862315,8.99198022452381
25,37,0.4853483170550132,0.6300888672007944,0.5192137438977413,0.561298004752715,0.3168252898895272,0.0442892193235636,0.35985792739240974,0.02230641723734027,0.8,0.7,0.6,91,9.760165116373482,8.21117626677004
25,38,0.4520015138969619,0.6190541551639864,0.5317248087089811,0.5742057667728878,0.41744788746639466,0.04784678908560431,0.3144752023972096,0.041198626128336566,0.8,0.7,0.6,93,10.96109606799262,5.655609377745689
25,39,0.4418397108823368,0.623776856149579,0.5450124383358714,0.5737657175226827,0.30333597386289207,0.04994662724747317,0.3107573340081585,0.03099923888239975,0.8,0.7,0.6,95,10.768221676661769,5.951210265131359
25,40,0.44444390443641324,0.6214466695732344,0.5466672891777968,0.5878170886738695,0.3834674836305558,0.04876615115031545,0.31448827297217585,0.04191226846270048,0.8,0.7,0.6,96,10.211576837796466,8.274720660888569
25,41,0.4704111058862717,0.7146693706990481,0.6677683336589374,0.6797458732963053,0.3189608270452076,0.062474846616372925,0.32385052582003027,0.06150615417126939,0.8,0.7,0.6,107,11.326413521039251,7.5609733586092736
25,42,0.44651600134413977,0.7059811815381466,0.6673133273607007,0.6488850549111009,0.3384798086989629,0.052187090438837756,0.31829605960825963,0.04615178838523319,0.8,0.7,0.6,108,10.427142221636949,8.237139198848011
25,43,0.43911499096820744,0.6980641074933215,0.6598031975719116,0.6784310809297392,0.28879594537534126,0.0484558213984527,0.3158052657801359,0.04263285434744135,0.8,0.7,0.6,111,10.133962797104642,8.442182127557116
25,46,1.0188310931226705,1.2522130123673416,1.2332933782708246,1.2875473877062722,1.0923308964395757,0.07698144917657843,0.3273609895531757,1.0,0.8,0.7,0.6,115,10.107445841120857,9.638748829806977
25,47,1.0182536959135806,1.2690750733128788,1.2566180543708572,1.297910468518304,0.8913589045522976,0.07667717694959002,0.3270430099573363,1.0,0.8,0.7,0.6,117,10.113674884703816,9.68634104856499
25,49,0.47496643505789454,0.7059224875610247,0.7076205541847284,0.8156404232274684,0.36782624994170404,0.04031430143962881,0.4564219027491836,0.0213828758809219,0.8,0.7,0.6,140,10.671727456296612,5.190745964042629
25,50,0.4706199208298102,0.7014783029088489,0.7032444017417154,0.8113662850594103,0.3620090020078669,0.0399585076333409,0.4511464736803229,0.02090505991088584,0.8,0.7,0.6,141,10.65604724136541,5.165184002521106
25,51,0.4666100685414767,0.6946847947678707,0.6983825736794,0.8162129695838365,0.40681011984795645,0.04032861233168168,0.44788817585363006,0.0214102088628184,0.8,0.7,0.6,142,10.688917534345489,5.232577530387913
25,52,0.4670654749533704,0.707835038975966,0.721256643695411,0.8346951427213231,0.4047013219762274,0.04020374159886334,0.45399993967560326,0.02186617022205595,0.8,0.7,0.6,144,10.354452909760536,7.771807871544411
25,53,0.46706546226887385,0.7078347680034139,0.7212564768061036,0.8346951248145593,0.3630828538470597,0.04020374220750976,0.4539999255800833,0.02186618081095945,0.8,0.7,0.6,146,10.354453493749018,7.771808612630753
25,54,0.40325762050544617,0.638216702863873,0.6555932515913122,0.7715268384623833,0.3367330321884523,0.04493188616134924,0.36316824709056916,0.02294455992631618,0.8,0.7,0.6,149,10.329182587803928,7.637225719209335
26,0,0.8069159091664139,0.7826733288747129,0.3443668645581906,0.008949783547183733,0.0,0.0,0.0,0.0,0.8,0.7,0.6,1,14.367566625005528,24.311349594413628
26,1,0.5934527250068921,0.6223995083768628,0.2644638855312256,0.0527672480260663,1.0524047922709532,0.06535208560451111,8.995478963238999e-05,0.00010025905766928001,0.8,0.7,0.6,3,13.837224075233369,19.79075723021932
26,2,0.4902680798118263,0.5174574843627248,0.20420225156906402,0.06569686512892123,0.6216256230347866,0.08199250895365819,7.693251969423e-05,8.167533701452999e-05,0.8,0.7,0.6,5,14.055812865876367,8.417196842837312
26,3,0.4823955260358578,0.5261734389529216,0.22290667196873876,0.07164207815264162,0.11137574005120135,0.0828575175815076,9.728131040379e-05,0.00010176347783285001,0.8,0.7,0.6,7,14.40983676229975,6.59456617461918
26,4,0.482395525842022,0.5437335445879321,0.2468418238503471,0.07673384232600719,0.06641568051713533,0.0828575175815076,9.728131040379e-05,0.00010176347783285001,0.8,0.7,0.6,9,14.40983637552968,6.59456658573244
26,5,0.4609110807003719,0.5014183771704663,0.20810388765591423,0.08090536018838265,0.3156590095773135,0.08020295919698198,0.00152616799227378,0.00460882275317806,0.8,0.7,0.6,10,14.361092594933078,6.972917657310766
26,6,0.41985023968536234,0.4525550700716004,0.17676810140884203,0.08658214457003267,0.28361024017045555,0.07757061357588542,0.00068745569157252,0.0049602287976897004,0.8,0.7,0.6,12,14.561455553374774,9.407351187382664
26,7,0.39081870030476057,0.4529149704477203,0.20014302598878314,0.07832737972079229,0.18562634224970015,0.06339563676599277,0.00429409494675816,0.0069920876599945695,0.8,0.7,0.6,14,16.74474159760116,8.061015537525304
26,8,0.39081062391437815,0.4704654117341522,0.2240708971193366,0.09490577388321744,0.05794567591070136,0.06338842411134817,0.00429542602712109,0.00699520877262551,0.8,0.7,0.6,16,16.74449909949051,8.06492155552017
26,9,0.3826558900730881,0.4409005217574335,0.1943293828881514,0.09030657578037894,0.21659555358884205,0.06897609568416456,0.004670751871838489,0.00643586470155217,0.8,0.7,0.6,17,16.275404402500513,8.075855448115822
26,10,0.37338445060565617,0.373781071886807,0.11574933683772862,0.11837938853860479,0.0919890883309639,0.07873146784299122,0.00211787961915031,0.00614365906679062,0.8,0.7,0.6,25,16.640845380106473,6.112937374163369
26,11,0.34867757498309365,0.3700668919372031,0.14317966382182662,0.13773520094975164,0.3068671308790242,0.07188855305583162,0.008131475086787859,0.02465458647323579,0.8,0.7,0.6,27,19.35739552642625,7.163662499575434
26,12,0.3485795356783475,0.36992380880107795,0.14309063175334946,0.14522268503737276,0.0784437070180109,0.07188855305583164,0.008131475086787859,0.0246545864732358,0.8,0.7,0.6,30,19.23986591016242,7.229920360264918
26,13,0.31613631160908795,0.38151378221913995,0.1837863742040616,0.15202567124050886,0.1875083411978374,0.06791736193370851,0.00511082662060634,0.00901008522245259,0.8,0.7,0.6,32,18.698813199564675,11.219096065222349
26,14,0.3253949657360405,0.4074594534560899,0.2171110565404236,0.21020377468328325,0.07754236665034381,0.07871649473450244,0.0078626588580282,0.009804520001692501,0.8,0.7,0.6,40,18.463221152905977,10.029752702972308
26,15,0.3043327319281346,0.37861441587223127,0.1965708528272881,0.18239999440541843,0.2736833369417264,0.06709032567285897,0.00533465069576852,0.016807676877835638,0.8,0.7,0.6,41,18.7516038257112,11.80167266419756
26,16,0.33834888397874685,0.3853500042439225,0.2068123198661204,0.23695499681795382,0.24140848143584911,0.07110242846713541,0.04242060432766227,0.05226191972310072,0.8,0.7,0.6,43,20.68851091135248,6.095960054790549
26,17,0.3326413991653347,0.40410490150537465,0.24838406713176164,0.2800566062166248,0.1684534364173485,0.0677887096584272,0.04330961867830082,0.07276704141494522,0.8,0.7,0.6,49,19.38137100870178,8.35272934227195
26,18,0.2570683485621913,0.3180159906595103,0.17177130721607647,0.20904617276295642,0.3109683339304379,0.0680846985201275,0.00534861174257798,0.014972028732574411,0.8,0.7,0.6,50,17.16295738569226,11.937784327315487
26,19,0.2568990911571874,0.35283887275279824,0.219456581254333,0.22948679155685428,0.06789604573402147,0.06808469764907224,0.00534861102016573,0.014973075265496391,0.8,0.7,0.6,54,17.10285017852248,12.064252413594591
26,20,0.25688009922299443,0.3703654851443337,0.24337086795179474,0.23850548205925098,0.06735291630215705,0.06808469764907223,0.00534861102016573,0.014973075265496391,0.8,0.7,0.6,56,17.084355501916,12.104262317981714
26,21,0.37560609635531633,0.5081795920903295,0.33931329025273715,0.3322887256446784,0.2372114047380949,0.07683297132593077,0.04681998640297306,0.05732923455382692,0.8,0.7,0.6,59,19.94718005803548,6.564476103426608
26,22,0.371748468437796,0.5373291638055266,0.38346899040802435,0.35688269835005104,0.13947366653017504,0.07683297132593077,0.04681998640297305,0.05732923455382692,0.8,0.7,0.6,63,19.44529248469936,6.696176282256473
26,23,0.3564420917422303,0.46128394102217135,0.2966828451970322,0.3514282118844685,0.20797752169344422,0.07553698375398735,0.04682697552761048,0.05708320185035355,0.8,0.7,0.6,65,20.808801527630784,5.55037378695667
26,24,0.3810824275531083,0.5988909896813398,0.5110559816050859,0.5119775941599057,0.195044326174648,0.07345968969083119,0.09069672176519791,0.11752268476014058,0.8,0.7,0.6,79,18.39348372646499,5.973294938441924
26,25,0.3808240610029414,0.6686755818208174,0.6065129224364296,0.5766624469844053,0.1936954791358328,0.07345758040546488,0.09069730313487148,0.11752651461006762,0.8,0.7,0.6,90,18.51869212460511,5.867594663623179
26,26,0.35631671410499943,0.49830874518815005,0.41069144576278527,0.49636790355587435,0.3089766927675167,0.07550437909962947,0.10200676951067789,0.10707212166252703,0.8,0.7,0.6,92,21.90416568750712,3.672675263611427
26,27,0.4990343442642042,0.9035926161867779,0.7918407663585306,0.6546140787844501,0.19440923726505455,0.07377662126601604,0.10016691722121265,0.10672754051983331,0.8,0.7,0.6,108,24.91595109763928,9.043316586715989
26,28,0.5569985132449022,0.9400214896980615,0.7941874661191904,0.6970855181276421,0.24954628399913364,0.08320820915623803,0.09466537328137989,0.125735171913891,0.8,0.7,0.6,112,20.693762951509687,11.877872291311862
26,29,0.5113067669422249,0.921353886805536,0.8013949670139251,0.6977829671894414,0.5325319338916014,0.06637176040668893,0.09474903176816504,0.11632730088038742,0.8,0.7,0.6,113,20.770665410858072,9.657316627517918
26,30,0.4911416663232074,0.8938520869020492,0.7846666683816413,0.6826103832354333,0.20048698443572105,0.07503584731089614,0.09534022092467104,0.10576443265296857,0.8,0.7,0.6,116,21.87702372416433,9.3241498571881
26,31,0.46113471946820705,0.8512596557878808,0.7583550735611475,0.6953126086584955,0.4026879184924521,0.06840020618201706,0.09515597350834806,0.11564367937830515,0.8,0.7,0.6,117,18.91145493013221,4.252532819249183
26,32,0.46118478344108976,0.8152057660557019,0.7107751764772623,0.6762198235447913,0.21273657465372453,0.07105529894320953,0.09487104892236946,0.11627716148527426,0.8,0.7,0.6,119,18.71780280387767,10.15888775882168
26,33,0.452549460880189,0.8211322922003519,0.7264724029121225,0.6859932659812619,0.19384188299476912,0.06808306432694763,0.0952764714105188,0.11535468767245471,0.8,0.7,0.6,120,19.40359924641632,4.01491979145348
26,34,0.5066378737427066,1.0136595634999848,0.9723383696219468,0.8603128859786489,0.2497699162411961,0.09182321236776864,0.12341029962815589,0.14793965978339735,0.8,0.7,0.6,137,27.98715802259583,10.419860570032146
26,35,0.4927339334818395,1.0066917866997982,0.9833180120362246,0.8678751330155663,0.32641244407612047,0.10267065793046568,0.12448845583252326,0.14237798335945231,0.8,0.7,0.6,141,29.198756844610664,9.78274088373766
26,36,0.4893661625047533,1.0161579159182854,0.9786737052779032,0.8515493345631506,0.39226145122184364,0.06945396431127518,0.12157123095686284,0.14361498655462324,0.8,0.7,0.6,143,26.56641641730685,10.261158661493916
26,37,0.42747796642369384,0.9042652487453682,0.9158940599530846,0.8824854149356052,0.2512212701760791,0.08723583064695108,0.12314136168400514,0.14819239810884746,0.8,0.7,0.6,149,23.861148234673458,11.175943333693628
26,38,0.4724723234844143,0.9938628982984786,0.9624927518472572,0.894711873643912,0.2905998232738497,0.08000790487034799,0.11373801042791701,0.12848864742670188,0.8,0.7,0.6,154,24.100949396096084,12.157323037825746
26,39,0.4648629673420817,0.9700962492140323,0.9555945426988633,0.9465579790067438,0.2830016510564536,0.06724593775497958,0.130373836389163,0.16088114371144752,0.8,0.7,0.6,160,24.89515785669624,11.218277817390211
26,40,0.5108125743956875,1.0383014009289082,1.000059785903969,0.9688163699310055,0.3094394352766591,0.06813189446458733,0.147461190642026,0.14873820891931594,0.8,0.7,0.6,163,25.74097927477217,9.906629891463028
26,41,0.5577608604288112,1.2584540138316798,1.2584540138316798,1.1403260630820302,0.26359420699917546,0.08635128393661108,0.12905413047842018,0.1650584922458281,0.8,0.7,0.6,196,25.681246510964986,9.652200308122854
26,42,0.5523545371528483,1.2333372965768121,1.2298180779762742,1.1379333274249173,0.27635964457212,0.08635128393661112,0.1290541304784113,0.16505849224582814,0.8,0.7,0.6,198,25.96364207466346,9.103056455011629
27,0,0.8421158815578431,0.806556422985904,0.35922462353909546,0.010274635859366393,0.0,0.0,0.0,0.0,0.8,0.7,0.6,1,12.562788243625167,26.70927008254393
27,1,0.7121010260813033,0.7282524082438998,0.3362757005390178,0.07353715765381724,0.7569258879865605,0.08499433723257098,8.91436600022e-05,0.00019979572824400997,0.8,0.7,0.6,3,9.344536713090832,20.89712161596492
27,2,0.6582192999070974,0.6830228522527372,0.30972855278205214,0.07963111416696846,0.3048410429712836,0.09027403519766523,7.388416072886999e-05,0.00019146627992788,0.8,0.7,0.6,5,7.416917441260312,8.404359653980089
27,3,0.658218544687983,0.7005821540499036,0.3336632676964531,0.0840097825633154,0.0723890460293311,0.09027403519766523,7.388416072886999e-05,0.00019146627992788,0.8,0.7,0.6,7,7.408930751978066,8.419278026467177
27,4,0.6415567458370791,0.6677961438503346,0.2988456036480325,0.09096668616470432,0.12269599082087519,0.08544591701301754,0.00024949878768140997,0.00020346823853955,0.8,0.7,0.6,9,7.889774185459837,7.868028934648238
27,5,0.6616448958729333,0.6888863083439398,0.32334624115128163,0.12168405521841483,0.1838276618473401,0.12255567334267006,0.00028573547747097,0.00087338350658,0.8,0.7,0.6,10,7.117035131300746,35.1433873275855
27,6,0.6365675549480052,0.6819999953262761,0.3253761444108406,0.11319018436895671,0.1441490672029651,0.0863683704533707,0.00826773789718423,0.010274485868078661,0.8,0.7,0.6,11,7.1178686595892815,9.9806033972931
27,7,0.6317722585665435,0.6772618932941212,0.3208705722430853,0.11117379724421207,0.0827222247301513,0.08462929786329705,0.00642971847948097,0.00786610841548664,0.8,0.7,0.6,12,7.177056325165006,9.655880859025634
27,8,0.6038228624144029,0.6516142737960262,0.30940043471941164,0.12895570345917876,0.4415774331399448,0.08868878497762048,0.015588962699646339,0.01154950788794183,0.8,0.7,0.6,13,7.702218682232809,9.317134805601944
27,9,0.656260343457444,0.7044414493137053,0.36884231818453156,0.19246670243868624,0.2415648585916929,0.0691983633849213,0.08219768770172756,0.0770462514116043,0.8,0.7,0.6,15,8.268588261637158,54.84619865022126
27,10,0.6501094329607758,0.6983123871449117,0.36482856443250516,0.19376486292725492,0.211232510996184,0.06912944009997421,0.08211190452074524,0.07635211063725424,0.8,0.7,0.6,16,8.724493623104449,80.61518056533484
27,11,0.638659442888595,0.7043085145866852,0.3812654904285388,0.20252354186527707,0.258670835981368,0.06653076065560241,0.07109461647410688,0.09132861169877894,0.8,0.7,0.6,17,9.622725690216438,33.26147245958643
27,12,0.5189993878033659,0.5824461857738272,0.27699964110872993,0.13674281580639394,0.30141506016899905,0.06918617385639243,0.02555243949833959,0.0154236903822777,0.8,0.7,0.6,19,8.378303684236924,9.128253929105115
27,13,0.504181553462205,0.5836639676416173,0.29102948673598006,0.14601346041274743,0.13658010633248807,0.06982579747006808,0.025271035035066856,0.016052170724959368,0.8,0.7,0.6,22,8.824264156804565,9.763168424878002
27,14,0.5036035216959638,0.6005804671100121,0.314563994309441,0.15529537716299274,0.08922778642016423,0.06982579747006808,0.025271035035066856,0.016052170724959368,0.8,0.7,0.6,23,9.10704117186448,9.389573252459032
27,15,0.6494042992507372,0.7457995615342254,0.46187994558792506,0.3139550996842412,0.2513435567274761,0.2571343855902476,0.025553291878724998,0.01725761876587295,0.8,0.7,0.6,26,9.00510386529658,18.37595502777157
27,16,0.5704381744619808,0.6304923264650131,0.337839221495164,0.24627846468684467,0.21437477623587842,0.10594159214192908,0.045147224072211424,0.0800563962617993,0.8,0.7,0.6,28,9.221938936960589,49.59394095912997
27,17,0.5731499701307636,0.6503849159813745,0.365262418602341,0.2593116195964276,0.18415860819310267,0.11239061846902136,0.04390193187929241,0.08189523359997831,0.8,0.7,0.6,30,8.987576662346312,48.96197601148804
27,18,0.5366443938830131,0.5757117680103212,0.28611648153443625,0.22732852306588636,0.3580971082744606,0.07085305747274206,0.07147096915321931,0.07569771962538693,0.8,0.7,0.6,31,8.664493094880566,72.64146014014747
27,19,0.5451662249033401,0.6190083153963403,0.3430126588932181,0.25074718607752566,0.18371209320890614,0.1033947324781564,0.043560018723188945,0.0822469392130061,0.8,0.7,0.6,32,7.906698816612393,28.25137614184782
27,20,0.5420381610959102,0.6152709269218314,0.340738416876255,0.25580832227105466,0.1991079220268026,0.10281086725788575,0.04335221591643384,0.08349191356658017,0.8,0.7,0.6,33,7.994437689881943,45.92641707355168
27,21,0.5507860505966766,0.6248300923607679,0.3483339847901859,0.26559886646393255,0.18302390787176012,0.08889533435726879,0.05761558191667099,0.09267729313246276,0.8,0.7,0.6,34,6.9154173081414765,43.99111242583211
27,22,0.5386822806248383,0.62928964329465,0.361560950281834,0.2771958654098797,0.18643479069458677,0.08235985440721386,0.05838094890650412,0.08921579183354128,0.8,0.7,0.6,36,7.50151689497537,53.06178610102022
27,23,0.5268942193326754,0.6161227965288352,0.35153208081837617,0.2745104732508356,0.15673851225524216,0.10128008349632331,0.04473289203884964,0.07180666289774226,0.8,0.7,0.6,38,8.799446361903795,47.49757117237292
27,24,0.4989351554134591,0.5283331466303556,0.25864838182537575,0.25235581213748975,0.5244075007006558,0.07051522833538734,0.07870574257077143,0.07655669941730218,0.8,0.7,0.6,39,8.861937649682687,82.56719472196602
27,25,0.48123466656807035,0.5232048901981531,0.2682371168019768,0.2593423191387728,0.26061711554234374,0.10292780059695864,0.04974184256850151,0.06610798123173751,0.8,0.7,0.6,41,7.709041657040728,46.2595880842131
27,26,0.4812346277546269,0.5407649620400143,0.29217196178593124,0.276982902286326,0.1568290404203297,0.10292776341936968,0.04974185099416971,0.06610796464999459,0.8,0.7,0.6,43,7.709042538152671,46.25959048801143
27,27,0.4792327960917332,0.5370875407146061,0.291115444327547,0.2824281990263157,0.22532567001015008,0.10245832196357033,0.04819869655702985,0.07396393950354863,0.8,0.7,0.6,44,8.402703745588182,45.440909435744224
27,28,0.47065512629645356,0.545498477136716,0.3067827283765755,0.2817507749188006,0.17524492964710547,0.09796566219148536,0.049614382916980136,0.06694135221754753,0.8,0.7,0.6,45,7.082717515582617,51.41635033243472
27,29,0.48029522383716017,0.5745897625943394,0.3393285855103171,0.31644964348245946,0.16248803852867025,0.08031640687349283,0.06385298878212094,0.08020045712582394,0.8,0.7,0.6,49,7.722861200555288,53.01017114610579
27,30,0.46461959128380054,0.5318144530101934,0.3040657011334167,0.31657859367458874,0.25232845222295225,0.11047923610984485,0.050791098282267265,0.07444575486636461,0.8,0.7,0.6,52,8.527694393293611,29.40988139393829
27,31,0.4467039600051206,0.513638345895074,0.2862423336610961,0.2992840994295548,0.16013827137965372,0.08927150975632905,0.051794464138928596,0.07281449078330623,0.8,0.7,0.6,53,8.851152180428446,29.38911668995773
27,32,0.44445418872532594,0.5272828575605288,0.3084907587577437,0.31030176577671675,0.20880824540593362,0.09206262088793629,0.05140714646067368,0.07284893362148478,0.8,0.7,0.6,54,8.567602084408865,29.230085232432103
27,33,0.44445418846728696,0.527282857399563,0.30849075859677794,0.3103017656156564,0.1533480359314106,0.09206262077449542,0.05140714646762919,0.0728489334963482,0.8,0.7,0.6,55,8.567602086370721,29.230085227796422
27,34,0.39356191355462466,0.5811706080799137,0.4014182208647493,0.3462382115736553,0.10501248193095752,0.05739081375437997,0.06180955675362478,0.02463880926770395,0.8,0.7,0.6,74,9.98218945992575,31.81903502884268
27,35,0.37942130885332903,0.5474509543124716,0.3639721293719293,0.3467109429798154,0.12790851749580473,0.06380282100577914,0.04317038386149867,0.02258324477035396,0.8,0.7,0.6,76,9.36585486903137,23.08421526849497
27,36,0.3813262508350487,0.5621908865221635,0.39097575380031957,0.3686136874116133,0.2539615663776883,0.08034082949369967,0.04339843012722612,0.02153822448781894,0.8,0.7,0.6,77,9.43627163636211,21.929204970319056
27,37,0.43921761413249905,0.636874075327484,0.4429382239305838,0.40269783263313963,0.14018919516606698,0.06694512384280776,0.06042095672918889,0.04380510677073316,0.8,0.7,0.6,80,10.68745103435054,21.442282590613228
27,38,0.4383229503628055,0.6533450314377858,0.46607937603230193,0.41870615650439963,0.12743194598591162,0.06711260388601265,0.06041506320409622,0.043075643924195,0.8,0.7,0.6,81,10.610032551201076,21.45626104482667
27,39,0.36521493340695665,0.5296530316855518,0.3770087754740784,0.4025893678038514,0.2581723923718235,0.07187526592468815,0.03387275430330773,0.07161310399718976,0.8,0.7,0.6,84,9.041318710015188,10.276731203640956
27,40,0.35685155212166064,0.5196468823192675,0.3687322912238701,0.44508177510760016,0.122660805363432,0.07194189511049512,0.03326701352155419,0.06318246818488069,0.8,0.7,0.6,95,8.599966920677625,9.594616927404942
27,41,0.32871950297486413,0.5590269734622946,0.4364424731127658,0.43699960173962676,0.16584825282908366,0.052163135551538606,0.05038937282625068,0.03062777778764601,0.8,0.7,0.6,96,8.362024998626794,20.223222356627577
27,42,0.35187613778275684,0.5579474816300856,0.4357101464100097,0.5242375165437263,0.15756186788401128,0.08089406827652904,0.03738880255929996,0.06460132195483845,0.8,0.7,0.6,102,8.364766305306716,9.949075454054489
27,43,0.3507525809108379,0.5562671447400291,0.43457485039687277,0.5270922498317276,0.14293283280331087,0.08082990593455314,0.03739096300480097,0.06428771146930531,0.8,0.7,0.6,103,8.296264701806368,9.844774178365196
27,44,0.3296418103069937,0.5267040920647404,0.41311835330942925,0.5229002803545534,0.1884980915790216,0.07576384652652048,0.037283744440088,0.05764871218145845,0.8,0.7,0.6,106,8.540989021576138,9.984235152291228
27,45,0.3037525324510891,0.5033944377574753,0.3873816576179366,0.5286224892410062,0.09257116765154344,0.05690154093414521,0.03689193426776461,0.03370214695553689,0.8,0.7,0.6,120,8.44843282347182,9.205480539562537
27,46,0.2995741304991387,0.5165285267326544,0.40711411391620134,0.5343812169497048,0.13210272869525205,0.05304651147166204,0.034216119959493044,0.035572869676769356,0.8,0.7,0.6,121,8.394390243252829,11.720326756626385
27,47,0.2829677822141217,0.5050088084426387,0.4134359479158442,0.5500154379607333,0.25892192070581027,0.055469764549789614,0.03366372687464235,0.0350920691509571,0.8,0.7,0.6,122,10.280159684902936,9.456871404174176
27,48,0.2747436164542796,0.5102390333309543,0.42866862491370894,0.5586283659946313,0.13117321179664512,0.053285628186783354,0.033721812917208646,0.03338528864069467,0.8,0.7,0.6,124,10.27442790463348,9.39012982740434
27,49,0.28024586966323783,0.48857799888270137,0.4088745995050167,0.5738312995728819,0.17119069860456457,0.053621721813989366,0.04420582956683914,0.050220923546220674,0.8,0.7,0.6,127,11.731581451579894,8.828900982528628
27,50,0.27817222687189364,0.499463548558088,0.40855703413996347,0.5557655986355442,0.08800673570754626,0.04891189117162706,0.03468701676871322,0.03633888277529027,0.8,0.7,0.6,132,9.44894847525997,12.31520127414675
27,51,0.2755637613024041,0.4854155546076795,0.40442873140958535,0.5761423204291801,0.1285588351819112,0.05986663224806329,0.03660320521553387,0.039833006105003586,0.8,0.7,0.6,134,8.839763232764973,8.534584286915704
27,52,0.275928752013432,0.4852795140443689,0.4047165851955883,0.5826630585967355,0.10816276792670408,0.06025587034527095,0.03693217374644852,0.0405728606462914,0.8,0.7,0.6,135,8.891216920741638,8.482330031926658
27,53,0.2701881388875276,0.5290449266167688,0.4702728177165282,0.6153334250496982,0.15854171929309416,0.05866258658566137,0.03656851639260229,0.04002169336015624,0.8,0.7,0.6,136,8.879013734966684,8.512370681665892
27,54,0.26821215726801567,0.47047538434989916,0.3958212235261948,0.5956112551602526,0.13487272379183995,0.059240133728500025,0.03842791552129169,0.04156857088031975,0.8,0.7,0.6,138,9.00964697484925,8.971001116349733
27,55,0.253793320719433,0.4018798013139866,0.329652797507846,0.6041345176464915,0.18448717436944218,0.058655709772322685,0.04464999480056274,0.04623244784937871,0.8,0.7,0.6,144,7.897412463358651,9.733692215381902
27,56,0.25375279939336937,0.4193605949484483,0.35353851747413423,0.62010783782309,0.10617039945166679,0.05865570977232269,0.04464999480056274,0.04623244784937874,0.8,0.7,0.6,149,7.906938668775247,9.712152735271378
27,57,0.2536160679885117,0.4189804306128745,0.35334628803494406,0.6425728895156367,0.11133091267856057,0.05880823575478916,0.04464920703935746,0.046225237833400865,0.8,0.7,0.6,150,7.927642787025704,9.746411359102582
27,58,0.2582261137783888,0.4232494707409027,0.3578782090664815,0.6507095681628896,0.12029712256273498,0.0643703316975426,0.04516636024879433,0.04648014417958085,0.8,0.7,0.6,151,8.122451102432006,9.10395540168128
27,59,0.24462113107040723,0.4006029822581424,0.3421085911690695,0.6420407078240836,0.2528068758163544,0.0589351872657092,0.04487162216682409,0.04665641203101356,0.8,0.7,0.6,152,7.9695938682047425,9.725461790766872
27,60,0.24095999509771618,0.38826253900643987,0.3362079808364037,0.6773740557645977,0.1176437230670935,0.05370832820189928,0.049997586092903404,0.05547968467303368,0.8,0.7,0.6,160,11.087296865106984,10.076724180158568
27,61,0.20920683742479562,0.3512715607005194,0.32185348644193956,0.6864680977479541,0.16627623252292495,0.04347041954736007,0.04725839176464593,0.053127235145012844,0.8,0.7,0.6,165,10.575051400860849,7.145799941909649
28,0,0.8253545780995062,0.7952852766917037,0.352212829247963,0.009650050084514658,0.0,0.0,0.0,0.0,0.8,0.7,0.6,1,13.512071535854547,27.701266651134222
28,1,0.6410407764986145,0.6673790620404195,0.2987510145250517,0.07102312751617731,0.9953553926787675,0.08613419337950062,0.00010091646955223999,0.00018632251075869,0.8,0.7,0.6,3,12.433799579225832,22.195293497146054
28,2,0.5509203061939402,0.5814038005803409,0.24654080338659742,0.07406819600631384,0.49257619872992975,0.09039704986350384,8.190764406196e-05,0.00014890780374688,0.8,0.7,0.6,5,11.717397265304385,8.80011460004547
28,3,0.5490128569211657,0.5969906069490429,0.2696935592224323,0.08050200462525192,0.08846253224208939,0.09183893047709843,9.610881075819999e-05,0.00017408048724348,0.8,0.7,0.6,7,11.736746606482797,7.463390879585578
28,4,0.5428173608606871,0.5906880753315372,0.2649623905981269,0.08106375353319585,0.11060744616100562,0.08571089924734995,0.00162434533053604,0.0029871556113415,0.8,0.7,0.6,8,12.257316076081066,15.523790217341825
28,5,0.5321266847658084,0.5787973225807932,0.26300728263202733,0.10008910371159425,0.20968136928225647,0.07983227652816098,0.01036214702013754,0.02463317631767099,0.8,0.7,0.6,10,12.883873371769848,10.92684246875949
28,6,0.5079682282243165,0.5516743896621575,0.24871540564067823,0.11271797324804907,0.2523040993702001,0.09767060814201124,0.0073188672569019396,0.015784969777159142,0.8,0.7,0.6,12,10.35005801956113,8.82833850834823
28,7,0.5065171183945048,0.5675943981506851,0.2716302937142593,0.12470511794588912,0.10039421735831044,0.09767060814201124,0.0073188672569019396,0.01578496977715915,0.8,0.7,0.6,14,10.353368706900763,8.692542898149403
28,8,0.5056817823700639,0.5666504245765863,0.2710430644086166,0.12231598211245853,0.10157199063233319,0.09767060814201124,0.0073188672569019396,0.015784969777159142,0.8,0.7,0.6,15,10.357373086729927,8.600484219642247
28,9,0.49713770480270875,0.5746058768557875,0.28877155627176343,0.12990627309280836,0.17665136423906813,0.0949627732089089,0.0070342088722896694,0.018706872223932268,0.8,0.7,0.6,16,10.19879661646805,9.57655202418684
28,10,0.48374422640215187,0.543488800022798,0.251775057285132,0.11589166896693705,0.09219438085168905,0.08571104409023834,0.00458545916773183,0.01348953291181981,0.8,0.7,0.6,17,10.738458945311478,10.624683019659662
28,11,0.472909269911626,0.5301557470852742,0.24537032907803416,0.12812656652744964,0.25727925462176054,0.09464411797629352,0.009543837226879839,0.00412879431929466,0.8,0.7,0.6,18,13.79685178616568,8.415174054611645
28,12,0.46389544508139624,0.5016852819134979,0.21515360176997048,0.1252053892031142,0.14380380073655036,0.09629686291252766,0.009549890671567519,0.00414804810061441,0.8,0.7,0.6,20,13.984736492127464,8.0542099834073
28,13,0.45668130489474074,0.51126082461075,0.23294231967727164,0.13789521258428192,0.10614640384865459,0.09208971477533844,0.00970862155835474,0.00437193924661479,0.8,0.7,0.6,22,14.426655634742236,9.119447370560534
28,14,0.4444666099633026,0.4983181215790872,0.22154659017278538,0.12912916871627028,0.08696093438409451,0.08948389892856598,0.0006007658259435001,0.00372426390474206,0.8,0.7,0.6,25,12.359840617969544,8.417907783228003
28,15,0.4395339042529753,0.47476406915857067,0.1938864832373001,0.13122479084705221,0.13068715027305447,0.08995196263811792,0.00055438800093063,0.00317126310917581,0.8,0.7,0.6,26,12.626039928447687,8.893009117682668
28,16,0.4334552150480581,0.48503336114550516,0.21302438327789122,0.13258707903380834,0.1356139825115181,0.08947195290003099,0.00056208533403672,0.00264878121865338,0.8,0.7,0.6,27,12.794875461866903,9.361712956333172
28,17,0.4320782582825531,0.48018557666300377,0.21486715035393167,0.1395906213428929,0.2532459514309262,0.09302222080960636,0.013523933628592461,0.0042208410261933196,0.8,0.7,0.6,28,14.397753384522025,8.631021840959928
28,18,0.4243125374423866,0.4694182810133735,0.20934971083489462,0.156504703701952,0.13306412431679462,0.09754641667518224,0.010900300334202761,0.006457648558793561,0.8,0.7,0.6,31,16.815919544609265,8.312106155691025
28,19,0.40855625208797175,0.45046818842171876,0.19559682069215878,0.1581886514106801,0.14889423001927948,0.09154003183206791,0.01210407850506941,0.00440014884529406,0.8,0.7,0.6,33,14.85965455003075,9.30228147168461
28,20,0.4075063133435164,0.44895677466647477,0.19481589502944927,0.15850313054083762,0.10295652860998052,0.09143784135601524,0.01278535165995783,0.00444371807638831,0.8,0.7,0.6,34,16.36618243382928,8.12789263115483
28,21,0.44231995507449173,0.5684271708277566,0.3509621373555431,0.23106028379838484,0.2579755434674246,0.09936243697058074,0.0335794019172714,0.043576746855106166,0.8,0.7,0.6,35,12.00791701349542,6.453915085083701
28,22,0.44268264759492626,0.5861383278876997,0.37536105468253683,0.23985635653347098,0.13637530229314931,0.10046843842572262,0.03363607753160161,0.04366763070425515,0.8,0.7,0.6,37,12.18756577607233,6.264077523372347
28,23,0.39628843937909863,0.5769184426387551,0.40595574335068146,0.26358871665119604,0.21670334688128173,0.1015476165510442,0.029922788468536233,0.03464333262059209,0.8,0.7,0.6,42,13.855042312986996,5.579395210726672
28,24,0.3890126596472646,0.5827997343929127,0.423451846565814,0.27364072685662866,0.21301115830971623,0.10280596756028992,0.03132516945688428,0.03497462174159367,0.8,0.7,0.6,44,13.460912131521772,5.782539384461215
28,25,0.3722117140861196,0.5410646612060173,0.3836677238884689,0.2903900744881685,0.21693066929910138,0.10146680235462299,0.030097622093162902,0.03462046061675279,0.8,0.7,0.6,46,13.332060964351651,5.5172493595049525
28,26,0.4297544854936667,0.6070454013339175,0.4658028098721652,0.3658392737052336,0.31794751759344564,0.10110962340844236,0.08381759066460827,0.09625571925046428,0.8,0.7,0.6,48,14.986678028206356,6.757012945003251
28,27,0.3431936117992223,0.6378487374291975,0.5467554404364198,0.37149077619292453,0.12557082892713062,0.09518323521744472,0.03270572574678366,0.03462563157593847,0.8,0.7,0.6,66,15.929306348927993,5.418970017248047
28,28,0.32094238715543216,0.543817371948947,0.4286924147693948,0.40234943164844006,0.10932388942343477,0.06500711858037114,0.03426308347399956,0.03986643209527439,0.8,0.7,0.6,84,12.850927251303135,9.267809981222884
28,29,0.31765496948014965,0.5400410795479618,0.42541485864160444,0.3927554586157382,0.14820416549239834,0.06439740367381039,0.03274525155547975,0.038355758195510195,0.8,0.7,0.6,85,12.264232928867148,9.39116164082492
28,30,0.3135147021605551,0.5332280167456238,0.4211763847854525,0.3923704847227858,0.13638928613237405,0.0643974020818928,0.0327452513687127,0.03835575855657622,0.8,0.7,0.6,87,12.019807103083108,9.710919345446811
28,31,0.3113733863702907,0.6058123766735415,0.5378045110522589,0.46875641131040197,0.18136221360642457,0.08463880283878526,0.03448997293605454,0.03764190180439686,0.8,0.7,0.6,91,13.657471011223183,7.854378711427342
28,32,0.3112342144903111,0.5002120105168326,0.39404522458913904,0.36702184631644486,0.11471337340302667,0.08463880376833638,0.03448973999595245,0.03764185787959335,0.8,0.7,0.6,99,13.645476059150983,7.848041519632812
28,33,0.3057873538582976,0.579445407534401,0.5079429054694247,0.486312186985302,0.16546108044118024,0.08374490063539636,0.033136720931409305,0.038437330382729826,0.8,0.7,0.6,100,13.545243208066085,8.82270121495467
28,34,0.30430677318379123,0.5943169384824828,0.5302582479869277,0.5035766183075471,0.12015683418390667,0.08375389227063275,0.033495710769261076,0.03824007119824461,0.8,0.7,0.6,104,13.457296228406886,8.856042310879197
28,35,0.30691661819891697,0.5949558039353627,0.5326290137663746,0.5052302031855884,0.15729185512054566,0.08915344254502192,0.03556954797090195,0.0373242156705589,0.8,0.7,0.6,105,13.412186019014875,7.698412606021876
28,36,0.30828329656004627,0.492317131346796,0.3905514812604186,0.4113857991090387,0.1306737499592528,0.0882875520906323,0.035139036763536455,0.03827166630615665,0.8,0.7,0.6,106,13.5226683319748,8.023796823562122
28,37,0.30090952031749635,0.6224351877787454,0.574282958861781,0.5360166802234718,0.15132481968985997,0.08782371472024732,0.03413072104186355,0.03432443761897818,0.8,0.7,0.6,107,13.36899433929853,8.453565172685137
28,38,0.283318103137542,0.4517873455827389,0.3632927137379354,0.42307100787976615,0.17625520549948628,0.08355109778309297,0.034852946019521644,0.03590118114819537,0.8,0.7,0.6,111,13.002739606156808,7.7924425171428915
28,39,0.30574461667669206,0.8191420505964008,0.8422372079100539,0.831900852934471,0.12156512156238714,0.08577125219349416,0.03857052809426357,0.042744654812656505,0.8,0.7,0.6,187,13.789809965923956,6.882302599453803
28,40,0.3017921264683507,0.8138018641273819,0.8380982680480643,0.8403427872266249,0.17889159425501716,0.08457252686005842,0.03889987935051429,0.04035703246098858,0.8,0.7,0.6,189,13.768998272372352,6.481498711418554
28,41,0.30187752970399484,0.8146669788659847,0.8382945489972282,0.8531601256132773,0.1443630145701096,0.08451328778849063,0.03830383657638744,0.0396227275620425,0.8,0.7,0.6,191,13.744485609540224,6.798191943035917
28,42,0.29349227698551905,0.7995721054369296,0.8288924371720334,0.8453364157623485,0.11862473870423355,0.08451326217008678,0.03825923430318605,0.039624550362141596,0.8,0.7,0.6,197,14.016999386381164,6.83108708672594
28,43,0.29333696864789816,0.8344096337320214,0.8765867523925294,0.8725657157464185,0.12111887921536314,0.08451326217008626,0.03825923430318602,0.03962455036214167,0.8,0.7,0.6,200,13.97748266605378,6.808052444187135
29,0,0.9419801009717799,0.8702043034262785,0.39882007929862373,0.013805337998118736,0.0,0.0,0.0,0.0,0.8,0.7,0.6,1,8.395489397775258,26.073593069347808
29,1,0.7608670495460965,0.7646398554575529,0.3546132555371583,0.06481016379109891,0.8202344852006987,0.0708224331728978,9.047313333471e-05,0.00013312102034215,0.8,0.7,0.6,3,6.858183163051429,21.25782768490037
29,2,0.7012637947807281,0.7152357608144813,0.3195995762547152,0.05356638188354112,0.40359286171903397,0.055206033645066675,0.00099693672686226,0.00102430538549191,0.8,0.7,0.6,4,8.015720815214594,21.532319163775504
29,3,0.664587518171079,0.6882424131029231,0.3118646531928544,0.07714385817735475,0.5486723524954501,0.08666029130580029,7.666653352408e-05,0.00010666344712965,0.8,0.7,0.6,5,6.906331338536236,8.986519733873282
29,4,0.6491798012480556,0.6739478612275692,0.3005546580923868,0.07573893687562407,0.10018224884380811,0.07868033905049217,6.074325460764e-05,0.00010376850635372001,0.8,0.7,0.6,7,7.106784602378182,17.772370573507633
29,5,0.6377207257199983,0.6814361691965691,0.31858115133525583,0.08206884191600017,0.11580643610701837,0.0798191910025407,7.566724211783001e-05,0.00014344770098656,0.8,0.7,0.6,9,7.378069977585445,16.86670580029277
29,6,0.6438227055558984,0.6888901749436197,0.33072557486148524,0.1076713301424371,0.14231832362292385,0.0990783467728979,0.00262457481346162,0.00460051107566724,0.8,0.7,0.6,11,7.864529239773596,179.3987146977939
29,7,0.5940632535964838,0.641841271797292,0.2995246181966533,0.10236860022782286,0.4729109678001768,0.09123776482208504,0.0034166422443115,0.00561118988678675,0.8,0.7,0.6,12,7.099884477569715,5.014963947570761
29,8,0.586428104209711,0.652066965286954,0.3207021128610197,0.1113494341654958,0.19740716013440732,0.09711186106172173,0.0034999028582991,0.00564271876638066,0.8,0.7,0.6,13,7.400460231171502,5.203971528751785
29,9,0.5626976902496561,0.6459855387348105,0.32479386559269713,0.10565006897412066,0.16445646785773158,0.08692142146531265,0.00012192438634948,0.0005203734567237499,0.8,0.7,0.6,14,10.195684667804752,8.782405393670565
29,10,0.5535749690051439,0.6367680157531893,0.32041613198828056,0.10852946813397574,0.1337447677544531,0.08233000547121154,0.00387761036251444,0.00824311028561228,0.8,0.7,0.6,16,8.786551902368803,5.847452250034835
29,11,0.5372655216625993,0.6025535741545768,0.2848887787023267,0.10375156314506585,0.19623497720761815,0.08425189872382503,0.0020814538260674202,0.00234413167266103,0.8,0.7,0.6,17,7.574092132030145,18.724993844400373
29,12,0.5216912053794525,0.6028535976512596,0.30302203814617534,0.12316799832132712,0.22589188020078957,0.09613670639359624,0.00472554458953266,0.0051816442332541,0.8,0.7,0.6,19,8.871019739246773,6.41682350377009
29,13,0.4949282924556368,0.5908093945690659,0.30863300854737624,0.12831428956847987,0.22392398942281663,0.09528450843245852,0.00484312072401238,0.00659063877702738,0.8,0.7,0.6,21,9.1067575467245,7.253970736870801
29,14,0.49075378323200475,0.6036943001595719,0.32951077120988004,0.1446953880433575,0.09324448392306357,0.09481372030656102,0.0047640616796569505,0.00665443892228768,0.8,0.7,0.6,25,9.246484144707631,8.06417674016785
29,15,0.4871790542765509,0.5806634408000957,0.3056681303508944,0.15055826542217376,0.2308641985089863,0.10169258302090742,0.005604808084072739,0.01191874557743651,0.8,0.7,0.6,26,8.594529380780493,7.039222526894733
29,16,0.4765485727116602,0.5683755523626165,0.2977028434549287,0.15164513316051295,0.1991469070034238,0.10227277964485404,0.00517859777568861,0.01022693556211581,0.8,0.7,0.6,27,8.794912004819231,7.158816949408307
29,17,0.4756125616233159,0.5673940708645668,0.2968342467628917,0.1560873297092485,0.09230080656446772,0.10213065476336532,0.00492476520840179,0.00957470378884711,0.8,0.7,0.6,29,8.822638591194737,7.012941878434453
29,18,0.44473177037547407,0.4976306092678031,0.22290011423295827,0.14080316458438238,0.2924493390759881,0.08993022529902693,0.0043709394993245,0.00658641638937932,0.8,0.7,0.6,30,8.910549265046406,4.841878869975868
29,19,0.42251474918957954,0.48864313526991887,0.22880227662034738,0.1404525698908865,0.2868219584705347,0.08427400427274763,0.00455305450755292,0.0072226820207207595,0.8,0.7,0.6,31,8.819257462454853,4.074035059008067
29,20,0.4217487088665921,0.48755932743914926,0.22830223166900146,0.1433268747551494,0.08993136949379184,0.0848756941954703,0.00453851922871803,0.0072055542128930394,0.8,0.7,0.6,32,8.713142642707504,4.13725729309322
29,21,0.4129021820218727,0.5480846721054257,0.31649745672537954,0.15515251139472133,0.1294726770149642,0.07668452348128348,0.00560879804863212,0.01025813591762335,0.8,0.7,0.6,33,10.814586606547186,11.333785016494383
29,22,0.4172027184323799,0.48144176110447745,0.22499848461783087,0.15173753717013763,0.08870339565920914,0.08603183993402559,0.00464020053975185,0.0077598176230894295,0.8,0.7,0.6,34,9.086582935606213,6.57244652809619
29,23,0.39492071040244037,0.5244052169145629,0.30176641823457695,0.15381498564469287,0.27810166322724383,0.07668452348128348,0.00560879804863212,0.01025813591762335,0.8,0.7,0.6,35,10.24710920409082,9.78668468239928
29,24,0.3852627711762338,0.5136279167892125,0.2927373883333887,0.15211830741930982,0.10877763836660052,0.06900597325383269,0.00557083616454446,0.01028891610126363,0.8,0.7,0.6,36,10.11275771167384,17.35057166288675
29,25,0.3773858845632409,0.5701708729261977,0.38335741690901076,0.1850028406081766,0.11696651405496314,0.07362194725673948,0.007909929824890919,0.016405732885430298,0.8,0.7,0.6,41,11.588286178696723,10.995189542717068
29,26,0.3622673719698919,0.5160767371034106,0.32179959129509245,0.18598768093585463,0.20083697521619823,0.07114693379190878,0.007508014721623291,0.011865421122470781,0.8,0.7,0.6,42,10.278413610811754,10.122385102147584
29,27,0.35806229588873845,0.5105718101376115,0.3180202753573677,0.18732576686956381,0.11132337872244338,0.0702547212471322,0.008390573765679631,0.010461065425116869,0.8,0.7,0.6,43,10.924945722567896,10.078804051189108
29,28,0.35127303916511304,0.49945823548886953,0.3124464086556516,0.1847126890071819,0.20972479139958902,0.07233233533143232,0.00763246321626186,0.01448495587934969,0.8,0.7,0.6,44,12.31563977752018,10.713842749829594
29,29,0.3129077451206771,0.4732132877404215,0.3248837825232932,0.21541800468510194,0.17134622689496737,0.091547206458123,0.00266708965886094,0.00675418658523851,0.8,0.7,0.6,51,14.15514036020781,6.18809562523461
29,30,0.31401171859969196,0.49034846322524583,0.3499608813512631,0.22731422981083038,0.1023863473688113,0.09598372753276704,0.00258973418108552,0.007132075439724871,0.8,0.7,0.6,53,14.350050327560492,6.206090813359552
29,31,0.30551619362534727,0.4793406452651042,0.3414909625373613,0.23486488358875254,0.08760559619828892,0.08979618480608154,0.0028463744629055503,0.00792935087237165,0.8,0.7,0.6,60,15.170679011804168,6.364712145909471
29,32,0.30264007755183475,0.47487793360738945,0.3386114535700019,0.23680532901293735,0.0980125320395248,0.08945747032885151,0.00284158098765008,0.007931381199948979,0.8,0.7,0.6,62,15.065407561944138,6.473173514530102
29,33,0.28415824501395487,0.4690050057862448,0.34395896639222406,0.23786624899624886,0.18828698180807235,0.07163368943610741,0.00448948487215121,0.01208928774145402,0.8,0.7,0.6,63,15.182143701164811,6.893643456252253
29,34,0.2604336654781248,0.472636635550073,0.3676860876971565,0.24641351386416133,0.1014020342709516,0.06082569627598714,0.00360030367984981,0.007453252140877451,0.8,0.7,0.6,67,20.652022974694937,9.84061343515514
29,35,0.24759973721938908,0.45015409370092613,0.3752642908325831,0.27102733947819957,0.37293150083104515,0.07870928310176134,0.00803153360447237,0.016163702593175393,0.8,0.7,0.6,69,20.225739935136698,8.320785188751904
29,36,0.22924732386155897,0.41710055621963843,0.3540098378389498,0.2896784593954085,0.1351662700884434,0.07350597730792384,0.00733473128205322,0.020863826234334838,0.8,0.7,0.6,74,19.96519392707336,12.935830384383207
29,37,0.23035831645900323,0.38294641299375626,0.3072287963257052,0.31281453888796523,0.0784032326362448,0.07302314356186804,0.0099431175011521,0.02061629810482717,0.8,0.7,0.6,79,15.427859767175551,11.318572700553217
29,38,0.227678387324322,0.3952837162142522,0.3279146600542041,0.3316167677197666,0.10219441820043978,0.07302314356186806,0.0099431175011521,0.02061629810482717,0.8,0.7,0.6,81,15.55609538452099,11.7476445149523
29,39,0.21521532625891104,0.4487322808558695,0.41020681090146,0.36853384672097267,0.0767468286967493,0.0639388678578908,0.00969910464355137,0.01977510909010653,0.8,0.7,0.6,93,15.20332914618394,10.266067709930034
29,40,0.20003090548056066,0.43594918910959396,0.4151717749505323,0.3864938189229456,0.11671887705054587,0.06351012738020605,0.00985398186774019,0.019753558758119592,0.8,0.7,0.6,99,15.90514081685508,10.227397345295302
29,41,0.19833890105756907,0.4478821769584393,0.43635853804128727,0.39831535379496447,0.10738759755204899,0.06573514664150551,0.00977062222517462,0.020202654995513568,0.8,0.7,0.6,101,15.641364931273293,10.146747802497543
29,42,0.1907315571930114,0.431649781933238,0.42633319360044486,0.4074352948499182,0.11034319042834868,0.06545207470378968,0.00995894124172461,0.02068108477479411,0.8,0.7,0.6,105,15.625397382529574,9.185853568481336
29,43,0.18480826694812966,0.44207347549972187,0.4439999276141481,0.42653851778055046,0.06962155896915832,0.05759637343736975,0.01075503663570362,0.02216150265022828,0.8,0.7,0.6,113,13.717144253293185,12.535406120985824
29,44,0.1826627389039532,0.4535939330973751,0.46464298278934724,0.4242589608895903,0.09087053696727804,0.06158499487719617,0.009776830780511569,0.020036802898415883,0.8,0.7,0.6,116,15.488692687584102,10.939854274818234
29,45,0.17722171640690831,0.45911335556122074,0.4811484971546496,0.4578742339433886,0.08468804389142753,0.06158188303188818,0.00958185611229806,0.020537714624475588,0.8,0.7,0.6,123,14.778801963657102,14.090608461973016
29,46,0.17474654096342296,0.4708273735790213,0.5015670965247505,0.4683557457884313,0.09759999281551378,0.06270465619487972,0.00950810168522007,0.01965763857844638,0.8,0.7,0.6,125,15.002706009101663,12.026621197219283
29,47,0.1754300390477318,0.47066964079149953,0.5019879224543974,0.4696444088612985,0.08438772971844649,0.06425461266982192,0.00954740776659064,0.01983447002384739,0.8,0.7,0.6,126,14.864489403412032,12.031150045159842
29,48,0.17191957300928104,0.48403520175967063,0.522198525614272,0.47713713363804444,0.07873169571601439,0.0601879983285273,0.009570912982469119,0.02031085385521578,0.8,0.7,0.6,127,14.652681981637068,12.308404451028505
29,49,0.16853663891648588,0.47755011095178623,0.5178355972416596,0.48980937978775746,0.07371143010614438,0.058468461599106035,0.01015122826518034,0.02047784885136773,0.8,0.7,0.6,134,15.02382236399509,12.413265966348376
29,50,0.1769625769394701,0.4965159792360555,0.5479404626971879,0.5302899197897742,0.09489032347384455,0.06693157869600924,0.01712750540895939,0.0244090685431576,0.8,0.7,0.6,142,14.369203036576849,7.591843815265148
29,51,0.17426967516424088,0.5234868667052105,0.5912993402960162,0.5860466782139676,0.09991775898347041,0.05916975343268405,0.02141234605846547,0.03222247830913817,0.8,0.7,0.6,147,11.18008621327454,11.354911576216558
29,52,0.17235418438585137,0.5367902668447715,0.612531723469659,0.596454471485784,0.12018936208290763,0.059055847781740486,0.02148875335939987,0.03204475884494356,0.8,0.7,0.6,148,10.899592994918155,11.793537576915329
29,53,0.16261504038446295,0.51111830851485,0.5972764232177956,0.5968272153757609,0.12054914757359445,0.06008846519027815,0.02167866383106589,0.033600895256681966,0.8,0.7,0.6,155,14.052925818342036,9.245248193243988
29,54,0.1342737719495868,0.5860828791667191,0.7464609207507182,0.7015692159231366,0.10151324934210387,0.06407473204648653,0.0165960755794934,0.027432942493546043,0.8,0.7,0.6,181,14.696012270526456,7.691269057644149
29,55,0.13449984363200537,0.6367503852883899,0.8176118601845895,0.7789667612967865,0.08373703947569647,0.0616537243969328,0.017243098264540298,0.0325440193773387,0.8,0.7,0.6,193,13.97256597773688,8.40402879290949
29,56,0.13043472138687984,0.6264039490988859,0.8110564505435258,0.7818043498420664,0.1749858810869515,0.06172867663991809,0.01669757496553716,0.032555847152485815,0.8,0.7,0.6,194,13.873519864483708,7.93528613705953
29,57,0.13940841720177957,0.6435300513040675,0.8401726095029795,0.8102332601555102,0.12967610225705314,0.06546097369671319,0.02566240785814125,0.0411620445444066,0.8,0.7,0.6,198,15.603437260210605,6.585213913509636
29,58,0.13902979001887647,0.6599405708788108,0.8634153195679363,0.8220748102037992,0.10079512250532821,0.06546960378372307,0.02549883063602027,0.04144258749744245,0.8,0.7,0.6,200,15.587083053600372,6.590975602859061
30,0,0.8122099608845028,0.7863173937647907,0.34663385042940204,0.009151923464718725,0.0,0.0,0.0,0.0,0.8,0.7,0.6,1,13.745013582213796,26.163974236682723
30,1,0.6779569378288236,0.6989702526848766,0.31638898102078106,0.0677382626387857,0.7742434240564766,0.07955821394788695,6.204240035067999e-05,0.00011337989637677001,0.8,0.7,0.6,3,11.010475830121203,11.39359301865822
30,2,0.6168697327532638,0.6455903085788632,0.2864803007973179,0.07791479574450354,0.3645245506384493,0.0900526561226061,0.00024816960140271996,0.00045351958550708004,0.8,0.7,0.6,5,9.53793768301852,5.463948622145232
30,3,0.616780426812495,0.6630673509700558,0.31036372668576795,0.08078204694372984,0.07287863335641792,0.0900526561226061,0.00024816960140271996,0.00045351958550708004,0.8,0.7,0.6,7,9.54277485968528,5.455928579464899
30,4,0.6091974114239239,0.6383508522237568,0.2815546341497898,0.09110377440568226,0.09977734525273324,0.08882342790002166,0.00020535263545279998,0.0002814045060076,0.8,0.7,0.6,9,9.98507923911845,6.123164011601236
30,5,0.604263563599582,0.6336991936411416,0.2785281216820743,0.0880268344679598,0.11157933516016805,0.08815936051234743,0.00018880387643355,0.00060092437438186,0.8,0.7,0.6,10,9.989319530336829,14.118930638896853
30,6,0.5950028258652542,0.6249561556391031,0.2735795892793518,0.09079311941757258,0.1667264886791303,0.08980651332145279,0.00017487097717613,0.0005842564210639201,0.8,0.7,0.6,11,9.519416700097825,14.629660975735309
30,7,0.5941395820825628,0.6417221269358223,0.29740752530396825,0.10307739073922949,0.09035996722331248,0.09096285206815036,0.00023283369567336998,0.00068175969301793,0.8,0.7,0.6,12,9.604303420604868,10.521206036955496
30,8,0.5887725546065978,0.6365676003678671,0.29440712807997244,0.10554966358465599,0.1274926081280245,0.09169724201883532,0.0002165005834766,0.00063122093223194,0.8,0.7,0.6,13,9.192429636615708,10.779223759839102
30,9,0.5860641989228283,0.6514560162404496,0.3160505140799214,0.10382865387679363,0.0817118342100336,0.08997184319663523,0.00015329286354077,0.00022823409128545002,0.8,0.7,0.6,14,9.600668760174504,5.67851187736924
30,10,0.5609900786107512,0.6267407966832919,0.29744810971298313,0.10692070575772417,0.13991625592659596,0.07272318541118719,0.00328701292982989,0.00533823324707605,0.8,0.7,0.6,16,8.651749911285753,7.7092099657801585
30,11,0.5522429309100219,0.6354445935010858,0.3188887120333772,0.1280100849999294,0.2295573379856024,0.0852443203835993,0.00283243932514814,0.0024716142944022,0.8,0.7,0.6,17,8.974393790180402,6.911985162948884
30,12,0.5433656065429185,0.6261084393370163,0.31588495745630624,0.1320021667924962,0.2366615668562863,0.09053282228183618,0.0029947411811731403,0.007599122040365031,0.8,0.7,0.6,18,9.042902003192706,11.044742296353308
30,13,0.5427996565089894,0.6430650423546395,0.3395734499136714,0.14687686663284666,0.08164296436745005,0.09102773512601507,0.00297533456063521,0.0075302240530993395,0.8,0.7,0.6,22,9.001554090172437,10.99712672835339
30,14,0.5417552717853742,0.6419864627996978,0.3388157523346433,0.1491717444260787,0.0871825924668564,0.09164657842757856,0.0030070014957342,0.0062857234827926505,0.8,0.7,0.6,23,8.96558216335241,9.802966864479767
30,15,0.5399118677904254,0.6400267285194057,0.33787193700468,0.15440483324874632,0.10519915131921981,0.0921688884198589,0.00304497776696573,0.00675928353328732,0.8,0.7,0.6,24,8.893767713197795,10.151663265379536
30,16,0.5198327241694553,0.6017276986620548,0.29786936648064655,0.16079414850941023,0.18779189587306006,0.07087648532615592,0.01068889496554716,0.0122687411489762,0.8,0.7,0.6,25,9.665140364758672,9.338108625603178
30,17,0.5095782532877254,0.5908331974230561,0.2905340358875027,0.15411284777550727,0.15863712462141136,0.08314912851172801,0.00329552070833272,0.00207048491190551,0.8,0.7,0.6,26,9.236497780064166,6.741269137876255
30,18,0.4893711159532809,0.5679936519020753,0.2784305186341627,0.17089247628803134,0.3428024289360665,0.0764755069420954,0.01093276085471263,0.01134269246445456,0.8,0.7,0.6,27,11.051890281658125,9.541828801214937
30,19,0.4924544043030796,0.5695604337493068,0.284828565349616,0.19263692689138232,0.15012103955044764,0.0870355810680121,0.01224508038654802,0.01965036560043347,0.8,0.7,0.6,29,7.837978571150698,11.13891758524606
30,20,0.4870326929827107,0.5608873532793326,0.28485682069521784,0.20025029837437222,0.3208412863379275,0.09396733841251895,0.01480247180283012,0.03134537683585662,0.8,0.7,0.6,30,9.717577622252644,14.933179683781532
30,21,0.4776075115636029,0.5666104361467457,0.30251507658329446,0.21857578628945318,0.24556644088393748,0.09245066521251866,0.01821537720989929,0.03418037323416921,0.8,0.7,0.6,31,8.508679743976936,11.336605619031523
30,22,0.4760276584217146,0.5817335243819394,0.3258599088413078,0.23451188873218715,0.13264925900327498,0.09244696410098358,0.018334767360667352,0.03812988068707416,0.8,0.7,0.6,33,8.822759347768741,10.645516744554328
30,23,0.4448871298521683,0.5478709788440546,0.29750921820922077,0.21442691263116584,0.15895326043036512,0.09197874568868628,0.00949014905021346,0.01694426690675306,0.8,0.7,0.6,35,8.382744248051758,9.02269122831835
30,24,0.4185432319878629,0.5099398984376475,0.2791131174063565,0.23084051261382613,0.5903370360258762,0.08159921482589862,0.0324655298188403,0.02691634978186696,0.8,0.7,0.6,36,11.23052274564941,16.440004483733865
30,25,0.41684131337887786,0.5176767721188478,0.30466664897063733,0.2553248819102769,0.26696671263937566,0.0820379005946439,0.03137479443724215,0.06169416712819907,0.8,0.7,0.6,38,13.330099625181363,12.01995039346474
30,26,0.4110139853468043,0.5273017908804667,0.32343640408966406,0.26570889451458857,0.15846831526562186,0.08150904669733926,0.028269305943007063,0.06501333311566798,0.8,0.7,0.6,40,11.5971005893505,14.38309075391
30,27,0.38313761384177525,0.4941753125214179,0.2969219429893545,0.23763534923179128,0.2729078784482669,0.0808088271968005,0.032160620068518206,0.035357746023758255,0.8,0.7,0.6,41,13.805631534036593,13.792907420362749
30,28,0.4184160481189468,0.5225701221633567,0.3334667582714586,0.3208203386974168,0.22602653339947731,0.07732853323055133,0.047009573846535105,0.10594354362840477,0.8,0.7,0.6,44,13.50501807041566,14.239569350459492
30,29,0.4183060789139597,0.5357283547016797,0.3578469380809235,0.3317353285716895,0.22669896027979963,0.07672539984338558,0.03810105053973894,0.13118171780012639,0.8,0.7,0.6,46,11.275301066610384,20.98668881488044
30,30,0.4161031054931148,0.5500654254744726,0.37966934751470205,0.36046630207340624,0.18021328832717431,0.07672539295959166,0.03810006502083401,0.1307087573294131,0.8,0.7,0.6,48,10.878809930943143,19.18314279201568
30,31,0.3985172604394978,0.5450347069856385,0.38639673611142317,0.3607761118691062,0.22511920531559354,0.08024112919829998,0.046476665199423374,0.10233838596784499,0.8,0.7,0.6,50,11.435357639598823,23.34289000717365
30,32,0.39290280250511295,0.5390413903883439,0.3808087035967998,0.3528332233060659,0.16405114177475585,0.0796336044912858,0.04754778292008517,0.09369756662267135,0.8,0.7,0.6,51,12.27033008308505,26.65667911022198
30,33,0.39256606440523817,0.5562326555747699,0.40440322978313065,0.36496379346633273,0.15303389413367852,0.07384412220917529,0.04648908009236369,0.10216233699249296,0.8,0.7,0.6,52,12.081003255578098,23.178234746823087
30,34,0.3864976030095285,0.5631438036559169,0.42243881885689555,0.3756716775917824,0.21383776224252826,0.07624179883144445,0.04659352624042832,0.10204288602269881,0.8,0.7,0.6,54,11.788919386577629,20.16662029016612
30,35,0.3372828774154843,0.47607685613014344,0.3253875447367643,0.3271728781679267,0.12747987142213768,0.0815499635746704,0.02919584395015225,0.04088118824473472,0.8,0.7,0.6,58,12.901541716328564,15.735979662821713
30,36,0.3446000866498322,0.4794252889295313,0.33267023992971545,0.34336579634412967,0.14361586994241868,0.07226557876782191,0.03987060533634953,0.06373848746197419,0.8,0.7,0.6,63,12.007090061901986,14.983884817679984
30,37,0.3624090017567192,0.5257226710338866,0.39809235431287443,0.4206824451881054,0.18752571778051866,0.07802585147245271,0.054387286502340905,0.08586662876525085,0.8,0.7,0.6,65,12.31191504156128,11.785551498597677
30,38,0.3582883379038314,0.5196129411891385,0.39388047445680396,0.4286124677457099,0.17564570159866527,0.07540789609552337,0.055281923349318605,0.0865007947044565,0.8,0.7,0.6,66,11.977846669203556,15.833869070629108
30,39,0.3582883339474984,0.5371730342652317,0.4178156137794948,0.4387804351050738,0.15094139131782383,0.07540789621447688,0.05528191357249669,0.08650078502061531,0.8,0.7,0.6,68,11.97784625243088,15.833868851729498
30,40,0.35742098886741214,0.5362825785657273,0.41695129632695305,0.44109171749617804,0.15294671838425458,0.07526206882633879,0.05442892932261094,0.08632194033129241,0.8,0.7,0.6,69,11.933727157828248,15.704561670823256
30,41,0.35195322553560004,0.545381929554783,0.4351950765822382,0.4561060541299473,0.3201890653839588,0.07525818508530357,0.052830476763991344,0.0863050382582603,0.8,0.7,0.6,70,11.97036034471518,15.96433330566012
30,42,0.33557489934912316,0.4574002202636469,0.3229739181009164,0.39843339057455146,0.15339705040730034,0.07304231744538076,0.04262053497718854,0.0771604080547981,0.8,0.7,0.6,72,10.74169137199809,15.47016691993536
30,43,0.3183266978916829,0.44795078619272644,0.32857700220092945,0.4125197224250172,0.23813174849197172,0.07439549575156429,0.04225358703939834,0.06903998960816789,0.8,0.7,0.6,74,10.560764789190982,12.665037353247236
30,44,0.3470849106440992,0.5113647835423395,0.4051488143448335,0.5068463017151257,0.16156983973373867,0.0767068876881867,0.04730907895694952,0.10901518038441145,0.8,0.7,0.6,82,10.86213510836529,10.597686517840986
30,45,0.33954893427149035,0.5010194741886869,0.39723891218024576,0.5168063451832667,0.18446475446953786,0.07116451358395717,0.04911186200982657,0.10780064326640956,0.8,0.7,0.6,84,9.73404444710384,12.93871419784491
30,46,0.3070161791319295,0.463162706660812,0.36391960254084693,0.47105598780335245,0.22356485472481907,0.07080819847087734,0.04498991968556765,0.07000203993703749,0.8,0.7,0.6,85,11.373383067538713,12.167070805226656
30,47,0.33359750604121685,0.5072144033949985,0.41442196033201467,0.5429980874718329,0.16500760785251267,0.07157700676936024,0.04560151820500838,0.1127501217132634,0.8,0.7,0.6,88,10.46664170918674,10.357304018592831
30,48,0.3327552737579012,0.5219748878488265,0.4372011824759688,0.5611026152575223,0.17942989251798175,0.07892475355109606,0.04497991076835388,0.1062624701492925,0.8,0.7,0.6,90,10.396359600418611,9.910341862283016
30,49,0.3260737451252542,0.5120391014774085,0.42996919029200054,0.5693429736245131,0.1896746027873198,0.06978265899043945,0.048618720072791236,0.10957194249612627,0.8,0.7,0.6,92,11.11803947159638,9.825017734766725
30,50,0.3200406067004783,0.517315606004225,0.4467290163656931,0.5714705638176977,0.2202235536752969,0.07112696085307182,0.04867733350736374,0.10976827760279535,0.8,0.7,0.6,94,11.13740363984884,9.825925076563054
30,51,0.3129449465048865,0.4968380614340027,0.4368359478754949,0.5952557595713578,0.20739087004504084,0.08497106506296528,0.0497752174955744,0.10258090941200963,0.8,0.7,0.6,100,11.716717378039135,11.16369498518728
30,52,0.30965060521902577,0.48971504836910695,0.43266006804426604,0.6017373060381881,0.20211686545639987,0.08134856994062803,0.04868761933301334,0.10980613691772385,0.8,0.7,0.6,102,12.08886277131833,11.374886293334102
30,53,0.2925777085556145,0.4305957718637357,0.36602950384131133,0.5616919184500638,0.19813908983217787,0.07947174199625584,0.053814122981597615,0.08943240396708381,0.8,0.7,0.6,105,10.714359772381131,11.4307751810341
30,54,0.29257770648817727,0.41303566571839495,0.3420945153120755,0.5555004182737804,0.15490690552336686,0.07947174210471705,0.053814122366233064,0.08943240368984362,0.8,0.7,0.6,107,10.714359714237975,11.43077515105949
30,55,0.2925622301761218,0.4305644216775128,0.3660099490484566,0.5673367483244629,0.15505215251035426,0.07947174210471704,0.053814122366233064,0.08943240368984362,0.8,0.7,0.6,109,10.708111441320328,11.401874611362102
30,56,0.28540181143458665,0.5166204029091622,0.4992760714934883,0.6889763493343494,0.17790746320635126,0.07019042129768065,0.05186716027637461,0.11142432732428328,0.8,0.7,0.6,121,12.311415968948134,13.088153394703994
30,57,0.2674451058725928,0.5484693900126848,0.5523389800017455,0.7537511807593822,0.14773514187872386,0.06470648943606937,0.05032001492654935,0.0950361243703904,0.8,0.7,0.6,135,12.148815032379035,12.646981274119076
30,58,0.3618670907579938,0.6185564942126114,0.6394822508676177,0.871240604646816,0.3023720832300295,0.12027521983392468,0.11220622077568129,0.14077978922095974,0.8,0.7,0.6,145,17.852412326937277,21.55858594397595
30,59,0.3390650389472753,0.6091196023996968,0.6392655123731182,0.8607281590458881,0.3115190447798425,0.10734752835240216,0.10269003672421335,0.136672285488541,0.8,0.7,0.6,146,16.24489629415489,21.11759873603195
30,60,0.35270421752589526,0.6195582489125804,0.6518659749144274,0.8833241467540648,0.31074948650016443,0.10698408764218828,0.11539423310658045,0.14926791139666137,0.8,0.7,0.6,147,17.57530817689321,21.927747440943605
30,61,0.4283015573059239,0.6745893391327387,0.7025311532887719,0.9548387315760816,0.3824030107203362,0.12685771788815653,0.09362892531730163,0.27800800258872516,0.8,0.7,0.6,148,11.317096162671431,18.94449925030655
30,62,0.786005426559196,1.2202143838378992,1.321767376070331,1.6562788292349817,0.6973194023750708,0.08070920262709089,0.2628315695526898,0.744954833536241,0.8,0.7,0.6,195,24.20316285373353,12.883281331127
30,63,0.7860054425990399,1.2553346112821309,1.3696372590405508,1.695522377084511,0.6955438009404501,0.08070920368122454,0.2628315709769442,0.7449548574261171,0.8,0.7,0.6,200,24.20316303361718,12.883281056576374
