Dataset,Run,Method,Weight,Metric,Test_Metric,Spearman
519_vinnie,1,SVP,w0.3_0.9_0.6,MSE_Train,MSE_Test_Interpolation,-0.408013276434329
519_vinnie,1,SVP,w0.3_0.9_0.6,AIC_Train,MSE_Test_Interpolation,-0.2939781887150308
519_vinnie,1,SVP,w0.3_0.9_0.6,BIC_Train,MSE_Test_Interpolation,0.549786628733997
519_vinnie,1,SVP,w0.3_0.9_0.6,MDL_Train,MSE_Test_Interpolation,0.621384542437174
519_vinnie,1,SVP,w0.3_0.9_0.6,PSM_Train,MSE_Test_Interpolation,-0.12185870080606921
519_vinnie,1,SVP,w0.3_0.9_0.6,MSE_Train,MSE_Test_Extrapolation,-0.006401137980085348
519_vinnie,1,SVP,w0.3_0.9_0.6,AIC_Train,MSE_Test_Extrapolation,0.32740635372214316
519_vinnie,1,SVP,w0.3_0.9_0.6,BIC_Train,MSE_Test_Extrapolation,0.2707444286391654
519_vinnie,1,SVP,w0.3_0.9_0.6,MDL_Train,MSE_Test_Extrapolation,0.15078236130867706
519_vinnie,1,SVP,w0.3_0.9_0.6,PSM_Train,MSE_Test_Extrapolation,-0.006401137980085348
519_vinnie,2,SVP,w0.3_0.9_0.6,MSE_Train,MSE_Test_Interpolation,0.05801393728222998
519_vinnie,2,SVP,w0.3_0.9_0.6,AIC_Train,MSE_Test_Interpolation,0.5926829268292685
519_vinnie,2,SVP,w0.3_0.9_0.6,BIC_Train,MSE_Test_Interpolation,0.5862369337979095
519_vinnie,2,SVP,w0.3_0.9_0.6,MDL_Train,MSE_Test_Interpolation,0.36933797909407673
519_vinnie,2,SVP,w0.3_0.9_0.6,PSM_Train,MSE_Test_Interpolation,0.3743902439024391
519_vinnie,2,SVP,w0.3_0.9_0.6,MSE_Train,MSE_Test_Extrapolation,0.37404181184669
519_vinnie,2,SVP,w0.3_0.9_0.6,AIC_Train,MSE_Test_Extrapolation,0.8635888501742162
519_vinnie,2,SVP,w0.3_0.9_0.6,BIC_Train,MSE_Test_Extrapolation,0.7777003484320559
519_vinnie,2,SVP,w0.3_0.9_0.6,MDL_Train,MSE_Test_Extrapolation,0.5412891986062719
519_vinnie,2,SVP,w0.3_0.9_0.6,PSM_Train,MSE_Test_Extrapolation,0.668466898954704
519_vinnie,3,SVP,w0.3_0.9_0.6,MSE_Train,MSE_Test_Interpolation,0.3397107897664071
519_vinnie,3,SVP,w0.3_0.9_0.6,AIC_Train,MSE_Test_Interpolation,0.3459399332591768
519_vinnie,3,SVP,w0.3_0.9_0.6,BIC_Train,MSE_Test_Interpolation,0.38954393770856505
519_vinnie,3,SVP,w0.3_0.9_0.6,MDL_Train,MSE_Test_Interpolation,-0.056729699666295874
519_vinnie,3,SVP,w0.3_0.9_0.6,PSM_Train,MSE_Test_Interpolation,0.2636262513904338
519_vinnie,3,SVP,w0.3_0.9_0.6,MSE_Train,MSE_Test_Extrapolation,-0.019799777530589546
519_vinnie,3,SVP,w0.3_0.9_0.6,AIC_Train,MSE_Test_Extrapolation,0.10389321468298107
519_vinnie,3,SVP,w0.3_0.9_0.6,BIC_Train,MSE_Test_Extrapolation,0.4131256952169076
519_vinnie,3,SVP,w0.3_0.9_0.6,MDL_Train,MSE_Test_Extrapolation,0.34060066740823136
519_vinnie,3,SVP,w0.3_0.9_0.6,PSM_Train,MSE_Test_Extrapolation,0.06607341490545049
519_vinnie,4,SVP,w0.3_0.9_0.6,MSE_Train,MSE_Test_Interpolation,0.3008511163192303
519_vinnie,4,SVP,w0.3_0.9_0.6,AIC_Train,MSE_Test_Interpolation,0.32564450474898243
519_vinnie,4,SVP,w0.3_0.9_0.6,BIC_Train,MSE_Test_Interpolation,0.22844455408905887
519_vinnie,4,SVP,w0.3_0.9_0.6,MDL_Train,MSE_Test_Interpolation,-0.07098584603578528
519_vinnie,4,SVP,w0.3_0.9_0.6,PSM_Train,MSE_Test_Interpolation,0.37941348810786363
519_vinnie,4,SVP,w0.3_0.9_0.6,MSE_Train,MSE_Test_Extrapolation,-0.5989885284322191
519_vinnie,4,SVP,w0.3_0.9_0.6,AIC_Train,MSE_Test_Extrapolation,0.5918342173430369
519_vinnie,4,SVP,w0.3_0.9_0.6,BIC_Train,MSE_Test_Extrapolation,0.8016528925619835
519_vinnie,4,SVP,w0.3_0.9_0.6,MDL_Train,MSE_Test_Extrapolation,0.8941996365533021
519_vinnie,4,SVP,w0.3_0.9_0.6,PSM_Train,MSE_Test_Extrapolation,0.3425329182300187
519_vinnie,5,SVP,w0.3_0.9_0.6,MSE_Train,MSE_Test_Interpolation,-0.49352226720647774
519_vinnie,5,SVP,w0.3_0.9_0.6,AIC_Train,MSE_Test_Interpolation,0.6870445344129554
519_vinnie,5,SVP,w0.3_0.9_0.6,BIC_Train,MSE_Test_Interpolation,0.8018218623481782
519_vinnie,5,SVP,w0.3_0.9_0.6,MDL_Train,MSE_Test_Interpolation,0.6376518218623483
519_vinnie,5,SVP,w0.3_0.9_0.6,PSM_Train,MSE_Test_Interpolation,-0.07692307692307694
519_vinnie,5,SVP,w0.3_0.9_0.6,MSE_Train,MSE_Test_Extrapolation,0.04068825910931174
519_vinnie,5,SVP,w0.3_0.9_0.6,AIC_Train,MSE_Test_Extrapolation,0.3831983805668016
519_vinnie,5,SVP,w0.3_0.9_0.6,BIC_Train,MSE_Test_Extrapolation,0.3066801619433199
519_vinnie,5,SVP,w0.3_0.9_0.6,MDL_Train,MSE_Test_Extrapolation,0.1819838056680162
519_vinnie,5,SVP,w0.3_0.9_0.6,PSM_Train,MSE_Test_Extrapolation,0.28906882591093114
519_vinnie,6,SVP,w0.3_0.9_0.6,MSE_Train,MSE_Test_Interpolation,-0.3543015726179463
519_vinnie,6,SVP,w0.3_0.9_0.6,AIC_Train,MSE_Test_Interpolation,-0.3314061054579094
519_vinnie,6,SVP,w0.3_0.9_0.6,BIC_Train,MSE_Test_Interpolation,-0.17472247918593897
519_vinnie,6,SVP,w0.3_0.9_0.6,MDL_Train,MSE_Test_Interpolation,-0.20397779833487512
519_vinnie,6,SVP,w0.3_0.9_0.6,PSM_Train,MSE_Test_Interpolation,-0.46022201665124884
519_vinnie,6,SVP,w0.3_0.9_0.6,MSE_Train,MSE_Test_Extrapolation,0.47837650323774283
519_vinnie,6,SVP,w0.3_0.9_0.6,AIC_Train,MSE_Test_Extrapolation,0.2774051803885292
519_vinnie,6,SVP,w0.3_0.9_0.6,BIC_Train,MSE_Test_Extrapolation,0.23832099907493062
519_vinnie,6,SVP,w0.3_0.9_0.6,MDL_Train,MSE_Test_Extrapolation,0.1118177613320999
519_vinnie,6,SVP,w0.3_0.9_0.6,PSM_Train,MSE_Test_Extrapolation,0.24283071230342276
519_vinnie,7,SVP,w0.3_0.9_0.6,MSE_Train,MSE_Test_Interpolation,0.2420168067226891
519_vinnie,7,SVP,w0.3_0.9_0.6,AIC_Train,MSE_Test_Interpolation,0.5509803921568628
519_vinnie,7,SVP,w0.3_0.9_0.6,BIC_Train,MSE_Test_Interpolation,0.5705882352941177
519_vinnie,7,SVP,w0.3_0.9_0.6,MDL_Train,MSE_Test_Interpolation,0.4557422969187675
519_vinnie,7,SVP,w0.3_0.9_0.6,PSM_Train,MSE_Test_Interpolation,0.27703081232493
519_vinnie,7,SVP,w0.3_0.9_0.6,MSE_Train,MSE_Test_Extrapolation,0.48627450980392156
519_vinnie,7,SVP,w0.3_0.9_0.6,AIC_Train,MSE_Test_Extrapolation,0.5198879551820729
519_vinnie,7,SVP,w0.3_0.9_0.6,BIC_Train,MSE_Test_Extrapolation,0.4722689075630252
519_vinnie,7,SVP,w0.3_0.9_0.6,MDL_Train,MSE_Test_Extrapolation,0.41092436974789925
519_vinnie,7,SVP,w0.3_0.9_0.6,PSM_Train,MSE_Test_Extrapolation,0.273109243697479
519_vinnie,8,SVP,w0.3_0.9_0.6,MSE_Train,MSE_Test_Interpolation,0.19849624060150375
519_vinnie,8,SVP,w0.3_0.9_0.6,AIC_Train,MSE_Test_Interpolation,0.3142857142857143
519_vinnie,8,SVP,w0.3_0.9_0.6,BIC_Train,MSE_Test_Interpolation,0.25864661654135335
519_vinnie,8,SVP,w0.3_0.9_0.6,MDL_Train,MSE_Test_Interpolation,-0.08270676691729321
519_vinnie,8,SVP,w0.3_0.9_0.6,PSM_Train,MSE_Test_Interpolation,-0.06466165413533834
519_vinnie,8,SVP,w0.3_0.9_0.6,MSE_Train,MSE_Test_Extrapolation,0.7488721804511278
519_vinnie,8,SVP,w0.3_0.9_0.6,AIC_Train,MSE_Test_Extrapolation,0.8511278195488721
519_vinnie,8,SVP,w0.3_0.9_0.6,BIC_Train,MSE_Test_Extrapolation,0.8556390977443609
519_vinnie,8,SVP,w0.3_0.9_0.6,MDL_Train,MSE_Test_Extrapolation,0.7458646616541353
519_vinnie,8,SVP,w0.3_0.9_0.6,PSM_Train,MSE_Test_Extrapolation,0.5593984962406015
519_vinnie,9,SVP,w0.3_0.9_0.6,MSE_Train,MSE_Test_Interpolation,-0.45872420262664176
519_vinnie,9,SVP,w0.3_0.9_0.6,AIC_Train,MSE_Test_Interpolation,0.3296435272045029
519_vinnie,9,SVP,w0.3_0.9_0.6,BIC_Train,MSE_Test_Interpolation,0.6037523452157599
519_vinnie,9,SVP,w0.3_0.9_0.6,MDL_Train,MSE_Test_Interpolation,0.5412757973733585
519_vinnie,9,SVP,w0.3_0.9_0.6,PSM_Train,MSE_Test_Interpolation,-0.23508442776735464
519_vinnie,9,SVP,w0.3_0.9_0.6,MSE_Train,MSE_Test_Extrapolation,0.75422138836773
519_vinnie,9,SVP,w0.3_0.9_0.6,AIC_Train,MSE_Test_Extrapolation,-0.049718574108818026
519_vinnie,9,SVP,w0.3_0.9_0.6,BIC_Train,MSE_Test_Extrapolation,-0.21801125703564733
519_vinnie,9,SVP,w0.3_0.9_0.6,MDL_Train,MSE_Test_Extrapolation,-0.3673545966228894
519_vinnie,9,SVP,w0.3_0.9_0.6,PSM_Train,MSE_Test_Extrapolation,0.2041275797373359
519_vinnie,10,SVP,w0.3_0.9_0.6,MSE_Train,MSE_Test_Interpolation,-0.30409810089706474
519_vinnie,10,SVP,w0.3_0.9_0.6,AIC_Train,MSE_Test_Interpolation,0.16455830025368395
519_vinnie,10,SVP,w0.3_0.9_0.6,BIC_Train,MSE_Test_Interpolation,0.3410268158148079
519_vinnie,10,SVP,w0.3_0.9_0.6,MDL_Train,MSE_Test_Interpolation,0.2783650458069063
519_vinnie,10,SVP,w0.3_0.9_0.6,PSM_Train,MSE_Test_Interpolation,-0.027766032417195205
519_vinnie,10,SVP,w0.3_0.9_0.6,MSE_Train,MSE_Test_Extrapolation,-0.3872718302910705
519_vinnie,10,SVP,w0.3_0.9_0.6,AIC_Train,MSE_Test_Extrapolation,0.7300725914440763
519_vinnie,10,SVP,w0.3_0.9_0.6,BIC_Train,MSE_Test_Extrapolation,0.8556628374092605
519_vinnie,10,SVP,w0.3_0.9_0.6,MDL_Train,MSE_Test_Extrapolation,0.7203213648363612
519_vinnie,10,SVP,w0.3_0.9_0.6,PSM_Train,MSE_Test_Extrapolation,0.4871207586096203
519_vinnie,11,SVP,w0.3_0.9_0.6,MSE_Train,MSE_Test_Interpolation,-0.045849802371541494
519_vinnie,11,SVP,w0.3_0.9_0.6,AIC_Train,MSE_Test_Interpolation,0.5928853754940712
519_vinnie,11,SVP,w0.3_0.9_0.6,BIC_Train,MSE_Test_Interpolation,0.7984189723320156
519_vinnie,11,SVP,w0.3_0.9_0.6,MDL_Train,MSE_Test_Interpolation,0.6664031620553358
519_vinnie,11,SVP,w0.3_0.9_0.6,PSM_Train,MSE_Test_Interpolation,0.22213438735177862
519_vinnie,11,SVP,w0.3_0.9_0.6,MSE_Train,MSE_Test_Extrapolation,-0.04571805006587615
519_vinnie,11,SVP,w0.3_0.9_0.6,AIC_Train,MSE_Test_Extrapolation,0.5202898550724637
519_vinnie,11,SVP,w0.3_0.9_0.6,BIC_Train,MSE_Test_Extrapolation,0.7515151515151514
519_vinnie,11,SVP,w0.3_0.9_0.6,MDL_Train,MSE_Test_Extrapolation,0.5541501976284584
519_vinnie,11,SVP,w0.3_0.9_0.6,PSM_Train,MSE_Test_Extrapolation,0.15401844532279316
519_vinnie,12,SVP,w0.3_0.9_0.6,MSE_Train,MSE_Test_Interpolation,-0.13001876172607885
519_vinnie,12,SVP,w0.3_0.9_0.6,AIC_Train,MSE_Test_Interpolation,0.6634146341463415
519_vinnie,12,SVP,w0.3_0.9_0.6,BIC_Train,MSE_Test_Interpolation,0.7476547842401502
519_vinnie,12,SVP,w0.3_0.9_0.6,MDL_Train,MSE_Test_Interpolation,0.48536585365853663
519_vinnie,12,SVP,w0.3_0.9_0.6,PSM_Train,MSE_Test_Interpolation,0.1705440900562852
519_vinnie,12,SVP,w0.3_0.9_0.6,MSE_Train,MSE_Test_Extrapolation,-0.2938086303939963
519_vinnie,12,SVP,w0.3_0.9_0.6,AIC_Train,MSE_Test_Extrapolation,0.676360225140713
519_vinnie,12,SVP,w0.3_0.9_0.6,BIC_Train,MSE_Test_Extrapolation,0.8652908067542214
519_vinnie,12,SVP,w0.3_0.9_0.6,MDL_Train,MSE_Test_Extrapolation,0.6392120075046905
519_vinnie,12,SVP,w0.3_0.9_0.6,PSM_Train,MSE_Test_Extrapolation,0.22195121951219515
519_vinnie,13,SVP,w0.3_0.9_0.6,MSE_Train,MSE_Test_Interpolation,-0.4565455212207336
519_vinnie,13,SVP,w0.3_0.9_0.6,AIC_Train,MSE_Test_Interpolation,0.8311319990276316
519_vinnie,13,SVP,w0.3_0.9_0.6,BIC_Train,MSE_Test_Interpolation,0.8225427436998622
519_vinnie,13,SVP,w0.3_0.9_0.6,MDL_Train,MSE_Test_Interpolation,0.6091078518758609
519_vinnie,13,SVP,w0.3_0.9_0.6,PSM_Train,MSE_Test_Interpolation,0.05420954541771331
519_vinnie,13,SVP,w0.3_0.9_0.6,MSE_Train,MSE_Test_Extrapolation,0.002593087802460681
519_vinnie,13,SVP,w0.3_0.9_0.6,AIC_Train,MSE_Test_Extrapolation,0.6253139940037274
519_vinnie,13,SVP,w0.3_0.9_0.6,BIC_Train,MSE_Test_Extrapolation,0.5010128838829917
519_vinnie,13,SVP,w0.3_0.9_0.6,MDL_Train,MSE_Test_Extrapolation,0.16716635604894256
519_vinnie,13,SVP,w0.3_0.9_0.6,PSM_Train,MSE_Test_Extrapolation,0.3762255894984199
519_vinnie,14,SVP,w0.3_0.9_0.6,MSE_Train,MSE_Test_Interpolation,0.1619803905680253
519_vinnie,14,SVP,w0.3_0.9_0.6,AIC_Train,MSE_Test_Interpolation,0.3603435702131108
519_vinnie,14,SVP,w0.3_0.9_0.6,BIC_Train,MSE_Test_Interpolation,0.659346892472247
519_vinnie,14,SVP,w0.3_0.9_0.6,MDL_Train,MSE_Test_Interpolation,0.690300623936472
519_vinnie,14,SVP,w0.3_0.9_0.6,PSM_Train,MSE_Test_Interpolation,0.34510979661291624
519_vinnie,14,SVP,w0.3_0.9_0.6,MSE_Train,MSE_Test_Extrapolation,0.5099262620533183
519_vinnie,14,SVP,w0.3_0.9_0.6,AIC_Train,MSE_Test_Extrapolation,0.5014990681468277
519_vinnie,14,SVP,w0.3_0.9_0.6,BIC_Train,MSE_Test_Extrapolation,0.6285552224293007
519_vinnie,14,SVP,w0.3_0.9_0.6,MDL_Train,MSE_Test_Extrapolation,0.664208735110607
519_vinnie,14,SVP,w0.3_0.9_0.6,PSM_Train,MSE_Test_Extrapolation,0.4374848067417551
519_vinnie,15,SVP,w0.3_0.9_0.6,MSE_Train,MSE_Test_Interpolation,0.3300395256916996
519_vinnie,15,SVP,w0.3_0.9_0.6,AIC_Train,MSE_Test_Interpolation,0.5931488801054018
519_vinnie,15,SVP,w0.3_0.9_0.6,BIC_Train,MSE_Test_Interpolation,0.6467720685111988
519_vinnie,15,SVP,w0.3_0.9_0.6,MDL_Train,MSE_Test_Interpolation,0.5866930171277996
519_vinnie,15,SVP,w0.3_0.9_0.6,PSM_Train,MSE_Test_Interpolation,0.4805006587615283
519_vinnie,15,SVP,w0.3_0.9_0.6,MSE_Train,MSE_Test_Extrapolation,0.6043478260869565
519_vinnie,15,SVP,w0.3_0.9_0.6,AIC_Train,MSE_Test_Extrapolation,0.5586297760210802
519_vinnie,15,SVP,w0.3_0.9_0.6,BIC_Train,MSE_Test_Extrapolation,0.5553359683794465
519_vinnie,15,SVP,w0.3_0.9_0.6,MDL_Train,MSE_Test_Extrapolation,0.5557312252964426
519_vinnie,15,SVP,w0.3_0.9_0.6,PSM_Train,MSE_Test_Extrapolation,0.569433465085639
519_vinnie,16,SVP,w0.3_0.9_0.6,MSE_Train,MSE_Test_Interpolation,-0.7058749464883786
519_vinnie,16,SVP,w0.3_0.9_0.6,AIC_Train,MSE_Test_Interpolation,0.8066027045403036
519_vinnie,16,SVP,w0.3_0.9_0.6,BIC_Train,MSE_Test_Interpolation,0.8865301805545064
519_vinnie,16,SVP,w0.3_0.9_0.6,MDL_Train,MSE_Test_Interpolation,0.7867089723250486
519_vinnie,16,SVP,w0.3_0.9_0.6,PSM_Train,MSE_Test_Interpolation,0.016141623227821006
519_vinnie,16,SVP,w0.3_0.9_0.6,MSE_Train,MSE_Test_Extrapolation,-0.08508977361436378
519_vinnie,16,SVP,w0.3_0.9_0.6,AIC_Train,MSE_Test_Extrapolation,0.3322253279947621
519_vinnie,16,SVP,w0.3_0.9_0.6,BIC_Train,MSE_Test_Extrapolation,0.30382010022411926
519_vinnie,16,SVP,w0.3_0.9_0.6,MDL_Train,MSE_Test_Extrapolation,0.17221928432927905
519_vinnie,16,SVP,w0.3_0.9_0.6,PSM_Train,MSE_Test_Extrapolation,0.21024401299388082
519_vinnie,17,SVP,w0.3_0.9_0.6,MSE_Train,MSE_Test_Interpolation,-0.058280542986425335
519_vinnie,17,SVP,w0.3_0.9_0.6,AIC_Train,MSE_Test_Interpolation,0.48298642533936653
519_vinnie,17,SVP,w0.3_0.9_0.6,BIC_Train,MSE_Test_Interpolation,0.36217194570135747
519_vinnie,17,SVP,w0.3_0.9_0.6,MDL_Train,MSE_Test_Interpolation,0.16615384615384615
519_vinnie,17,SVP,w0.3_0.9_0.6,PSM_Train,MSE_Test_Interpolation,0.29040723981900457
519_vinnie,17,SVP,w0.3_0.9_0.6,MSE_Train,MSE_Test_Extrapolation,0.07900452488687783
519_vinnie,17,SVP,w0.3_0.9_0.6,AIC_Train,MSE_Test_Extrapolation,0.4105882352941176
519_vinnie,17,SVP,w0.3_0.9_0.6,BIC_Train,MSE_Test_Extrapolation,0.29420814479638
519_vinnie,17,SVP,w0.3_0.9_0.6,MDL_Train,MSE_Test_Extrapolation,0.11638009049773754
519_vinnie,17,SVP,w0.3_0.9_0.6,PSM_Train,MSE_Test_Extrapolation,0.3118552036199095
519_vinnie,18,SVP,w0.3_0.9_0.6,MSE_Train,MSE_Test_Interpolation,-0.30079877448298503
519_vinnie,18,SVP,w0.3_0.9_0.6,AIC_Train,MSE_Test_Interpolation,0.7139730823941349
519_vinnie,18,SVP,w0.3_0.9_0.6,BIC_Train,MSE_Test_Interpolation,0.7106904475325527
519_vinnie,18,SVP,w0.3_0.9_0.6,MDL_Train,MSE_Test_Interpolation,0.562753036437247
519_vinnie,18,SVP,w0.3_0.9_0.6,PSM_Train,MSE_Test_Interpolation,0.24455629718787614
519_vinnie,18,SVP,w0.3_0.9_0.6,MSE_Train,MSE_Test_Extrapolation,-0.14345114345114346
519_vinnie,18,SVP,w0.3_0.9_0.6,AIC_Train,MSE_Test_Extrapolation,0.30145530145530147
519_vinnie,18,SVP,w0.3_0.9_0.6,BIC_Train,MSE_Test_Extrapolation,0.4290403764087975
519_vinnie,18,SVP,w0.3_0.9_0.6,MDL_Train,MSE_Test_Extrapolation,0.2646897910055805
519_vinnie,18,SVP,w0.3_0.9_0.6,PSM_Train,MSE_Test_Extrapolation,0.34763103184155814
519_vinnie,19,SVP,w0.3_0.9_0.6,MSE_Train,MSE_Test_Interpolation,-0.4776760392188639
519_vinnie,19,SVP,w0.3_0.9_0.6,AIC_Train,MSE_Test_Interpolation,0.3420306296086217
519_vinnie,19,SVP,w0.3_0.9_0.6,BIC_Train,MSE_Test_Interpolation,0.8014747589336358
519_vinnie,19,SVP,w0.3_0.9_0.6,MDL_Train,MSE_Test_Interpolation,0.7215784782432543
519_vinnie,19,SVP,w0.3_0.9_0.6,PSM_Train,MSE_Test_Interpolation,0.25435540069686413
519_vinnie,19,SVP,w0.3_0.9_0.6,MSE_Train,MSE_Test_Extrapolation,-0.32517624179564053
519_vinnie,19,SVP,w0.3_0.9_0.6,AIC_Train,MSE_Test_Extrapolation,0.5562758285390162
519_vinnie,19,SVP,w0.3_0.9_0.6,BIC_Train,MSE_Test_Extrapolation,0.7360019447370554
519_vinnie,19,SVP,w0.3_0.9_0.6,MDL_Train,MSE_Test_Extrapolation,0.638116846284742
519_vinnie,19,SVP,w0.3_0.9_0.6,PSM_Train,MSE_Test_Extrapolation,0.42387164735434735
519_vinnie,20,SVP,w0.3_0.9_0.6,MSE_Train,MSE_Test_Interpolation,-0.5082244799225931
519_vinnie,20,SVP,w0.3_0.9_0.6,AIC_Train,MSE_Test_Interpolation,0.32446379616190935
519_vinnie,20,SVP,w0.3_0.9_0.6,BIC_Train,MSE_Test_Interpolation,0.7559264634736332
519_vinnie,20,SVP,w0.3_0.9_0.6,MDL_Train,MSE_Test_Interpolation,0.6985970004837929
519_vinnie,20,SVP,w0.3_0.9_0.6,PSM_Train,MSE_Test_Interpolation,0.29769392033542974
519_vinnie,20,SVP,w0.3_0.9_0.6,MSE_Train,MSE_Test_Extrapolation,0.252217384292856
519_vinnie,20,SVP,w0.3_0.9_0.6,AIC_Train,MSE_Test_Extrapolation,0.08216416706982745
519_vinnie,20,SVP,w0.3_0.9_0.6,BIC_Train,MSE_Test_Extrapolation,0.08651830349943557
519_vinnie,20,SVP,w0.3_0.9_0.6,MDL_Train,MSE_Test_Extrapolation,0.015400741815836155
519_vinnie,20,SVP,w0.3_0.9_0.6,PSM_Train,MSE_Test_Extrapolation,0.29479116271569095
519_vinnie,21,SVP,w0.3_0.9_0.6,MSE_Train,MSE_Test_Interpolation,-0.0679659553472308
519_vinnie,21,SVP,w0.3_0.9_0.6,AIC_Train,MSE_Test_Interpolation,0.3601825582829653
519_vinnie,21,SVP,w0.3_0.9_0.6,BIC_Train,MSE_Test_Interpolation,0.3693104724312323
519_vinnie,21,SVP,w0.3_0.9_0.6,MDL_Train,MSE_Test_Interpolation,0.1692364623165166
519_vinnie,21,SVP,w0.3_0.9_0.6,PSM_Train,MSE_Test_Interpolation,-0.19895772312028095
519_vinnie,21,SVP,w0.3_0.9_0.6,MSE_Train,MSE_Test_Extrapolation,-0.030590847415813492
519_vinnie,21,SVP,w0.3_0.9_0.6,AIC_Train,MSE_Test_Extrapolation,-0.10706796595534723
519_vinnie,21,SVP,w0.3_0.9_0.6,BIC_Train,MSE_Test_Extrapolation,0.05735783890465031
519_vinnie,21,SVP,w0.3_0.9_0.6,MDL_Train,MSE_Test_Extrapolation,-0.09880350314542988
519_vinnie,21,SVP,w0.3_0.9_0.6,PSM_Train,MSE_Test_Extrapolation,-0.3240309600973205
519_vinnie,22,SVP,w0.3_0.9_0.6,MSE_Train,MSE_Test_Interpolation,-0.2322793148880105
519_vinnie,22,SVP,w0.3_0.9_0.6,AIC_Train,MSE_Test_Interpolation,-0.02845849802371541
519_vinnie,22,SVP,w0.3_0.9_0.6,BIC_Train,MSE_Test_Interpolation,0.14071146245059288
519_vinnie,22,SVP,w0.3_0.9_0.6,MDL_Train,MSE_Test_Interpolation,0.11462450592885375
519_vinnie,22,SVP,w0.3_0.9_0.6,PSM_Train,MSE_Test_Interpolation,-0.14901185770750988
519_vinnie,22,SVP,w0.3_0.9_0.6,MSE_Train,MSE_Test_Extrapolation,0.286034255599473
519_vinnie,22,SVP,w0.3_0.9_0.6,AIC_Train,MSE_Test_Extrapolation,0.30724637681159417
519_vinnie,22,SVP,w0.3_0.9_0.6,BIC_Train,MSE_Test_Extrapolation,0.2699604743083004
519_vinnie,22,SVP,w0.3_0.9_0.6,MDL_Train,MSE_Test_Extrapolation,0.06916996047430829
519_vinnie,22,SVP,w0.3_0.9_0.6,PSM_Train,MSE_Test_Extrapolation,0.1888010540184453
519_vinnie,23,SVP,w0.3_0.9_0.6,MSE_Train,MSE_Test_Interpolation,-0.6034577087208666
519_vinnie,23,SVP,w0.3_0.9_0.6,AIC_Train,MSE_Test_Interpolation,0.3393150235255498
519_vinnie,23,SVP,w0.3_0.9_0.6,BIC_Train,MSE_Test_Interpolation,0.6513841776999671
519_vinnie,23,SVP,w0.3_0.9_0.6,MDL_Train,MSE_Test_Interpolation,0.7914432651274756
519_vinnie,23,SVP,w0.3_0.9_0.6,PSM_Train,MSE_Test_Interpolation,0.21610679505416344
519_vinnie,23,SVP,w0.3_0.9_0.6,MSE_Train,MSE_Test_Extrapolation,-0.48965970018601596
519_vinnie,23,SVP,w0.3_0.9_0.6,AIC_Train,MSE_Test_Extrapolation,0.4301345880293248
519_vinnie,23,SVP,w0.3_0.9_0.6,BIC_Train,MSE_Test_Extrapolation,0.7548965970018602
519_vinnie,23,SVP,w0.3_0.9_0.6,MDL_Train,MSE_Test_Extrapolation,0.7680271364481891
519_vinnie,23,SVP,w0.3_0.9_0.6,PSM_Train,MSE_Test_Extrapolation,0.3082394135025714
519_vinnie,24,SVP,w0.3_0.9_0.6,MSE_Train,MSE_Test_Interpolation,0.5843137254901961
519_vinnie,24,SVP,w0.3_0.9_0.6,AIC_Train,MSE_Test_Interpolation,0.5703081232492998
519_vinnie,24,SVP,w0.3_0.9_0.6,BIC_Train,MSE_Test_Interpolation,0.5484593837535015
519_vinnie,24,SVP,w0.3_0.9_0.6,MDL_Train,MSE_Test_Interpolation,0.5361344537815127
519_vinnie,24,SVP,w0.3_0.9_0.6,PSM_Train,MSE_Test_Interpolation,0.46386554621848736
519_vinnie,24,SVP,w0.3_0.9_0.6,MSE_Train,MSE_Test_Extrapolation,0.6165266106442577
519_vinnie,24,SVP,w0.3_0.9_0.6,AIC_Train,MSE_Test_Extrapolation,0.511764705882353
519_vinnie,24,SVP,w0.3_0.9_0.6,BIC_Train,MSE_Test_Extrapolation,0.5070028011204483
519_vinnie,24,SVP,w0.3_0.9_0.6,MDL_Train,MSE_Test_Extrapolation,0.5787114845938376
519_vinnie,24,SVP,w0.3_0.9_0.6,PSM_Train,MSE_Test_Extrapolation,0.48963585434173673
519_vinnie,25,SVP,w0.3_0.9_0.6,MSE_Train,MSE_Test_Interpolation,0.12944664031620554
519_vinnie,25,SVP,w0.3_0.9_0.6,AIC_Train,MSE_Test_Interpolation,0.05928853754940712
519_vinnie,25,SVP,w0.3_0.9_0.6,BIC_Train,MSE_Test_Interpolation,-0.01482213438735178
519_vinnie,25,SVP,w0.3_0.9_0.6,MDL_Train,MSE_Test_Interpolation,-0.7223320158102766
519_vinnie,25,SVP,w0.3_0.9_0.6,PSM_Train,MSE_Test_Interpolation,0.05335968379446641
519_vinnie,25,SVP,w0.3_0.9_0.6,MSE_Train,MSE_Test_Extrapolation,0.41106719367588934
519_vinnie,25,SVP,w0.3_0.9_0.6,AIC_Train,MSE_Test_Extrapolation,0.38241106719367585
519_vinnie,25,SVP,w0.3_0.9_0.6,BIC_Train,MSE_Test_Extrapolation,0.4298418972332016
519_vinnie,25,SVP,w0.3_0.9_0.6,MDL_Train,MSE_Test_Extrapolation,0.7341897233201582
519_vinnie,25,SVP,w0.3_0.9_0.6,PSM_Train,MSE_Test_Extrapolation,0.1847826086956522
519_vinnie,26,SVP,w0.3_0.9_0.6,MSE_Train,MSE_Test_Interpolation,0.6496960486322189
519_vinnie,26,SVP,w0.3_0.9_0.6,AIC_Train,MSE_Test_Interpolation,0.8836300477637863
519_vinnie,26,SVP,w0.3_0.9_0.6,BIC_Train,MSE_Test_Interpolation,0.8036257056013895
519_vinnie,26,SVP,w0.3_0.9_0.6,MDL_Train,MSE_Test_Interpolation,0.5718627876682588
519_vinnie,26,SVP,w0.3_0.9_0.6,PSM_Train,MSE_Test_Interpolation,0.5527572731220147
519_vinnie,26,SVP,w0.3_0.9_0.6,MSE_Train,MSE_Test_Extrapolation,0.5123751628310899
519_vinnie,26,SVP,w0.3_0.9_0.6,AIC_Train,MSE_Test_Extrapolation,0.7265523230568823
519_vinnie,26,SVP,w0.3_0.9_0.6,BIC_Train,MSE_Test_Extrapolation,0.6513243595310464
519_vinnie,26,SVP,w0.3_0.9_0.6,MDL_Train,MSE_Test_Extrapolation,0.5237733391228832
519_vinnie,26,SVP,w0.3_0.9_0.6,PSM_Train,MSE_Test_Extrapolation,0.5693660442900564
519_vinnie,27,SVP,w0.3_0.9_0.6,MSE_Train,MSE_Test_Interpolation,0.1045045045045045
519_vinnie,27,SVP,w0.3_0.9_0.6,AIC_Train,MSE_Test_Interpolation,0.40952380952380957
519_vinnie,27,SVP,w0.3_0.9_0.6,BIC_Train,MSE_Test_Interpolation,0.6602316602316602
519_vinnie,27,SVP,w0.3_0.9_0.6,MDL_Train,MSE_Test_Interpolation,0.47876447876447875
519_vinnie,27,SVP,w0.3_0.9_0.6,PSM_Train,MSE_Test_Interpolation,0.02831402831402832
519_vinnie,27,SVP,w0.3_0.9_0.6,MSE_Train,MSE_Test_Extrapolation,0.034749034749034756
519_vinnie,27,SVP,w0.3_0.9_0.6,AIC_Train,MSE_Test_Extrapolation,0.7366795366795368
519_vinnie,27,SVP,w0.3_0.9_0.6,BIC_Train,MSE_Test_Extrapolation,0.8872586872586873
519_vinnie,27,SVP,w0.3_0.9_0.6,MDL_Train,MSE_Test_Extrapolation,0.8012870012870013
519_vinnie,27,SVP,w0.3_0.9_0.6,PSM_Train,MSE_Test_Extrapolation,0.24916344916344915
519_vinnie,28,SVP,w0.3_0.9_0.6,MSE_Train,MSE_Test_Interpolation,0.22655232305688236
519_vinnie,28,SVP,w0.3_0.9_0.6,AIC_Train,MSE_Test_Interpolation,0.45864090316977857
519_vinnie,28,SVP,w0.3_0.9_0.6,BIC_Train,MSE_Test_Interpolation,0.48534520191055147
519_vinnie,28,SVP,w0.3_0.9_0.6,MDL_Train,MSE_Test_Interpolation,0.4049066435084672
519_vinnie,28,SVP,w0.3_0.9_0.6,PSM_Train,MSE_Test_Interpolation,0.28137212331741207
519_vinnie,28,SVP,w0.3_0.9_0.6,MSE_Train,MSE_Test_Extrapolation,0.8641988710377768
519_vinnie,28,SVP,w0.3_0.9_0.6,AIC_Train,MSE_Test_Extrapolation,0.7095093356491532
519_vinnie,28,SVP,w0.3_0.9_0.6,BIC_Train,MSE_Test_Extrapolation,0.6887755102040816
519_vinnie,28,SVP,w0.3_0.9_0.6,MDL_Train,MSE_Test_Extrapolation,0.5995440729483282
519_vinnie,28,SVP,w0.3_0.9_0.6,PSM_Train,MSE_Test_Extrapolation,0.6173469387755102
519_vinnie,29,SVP,w0.3_0.9_0.6,MSE_Train,MSE_Test_Interpolation,0.5207317073170733
519_vinnie,29,SVP,w0.3_0.9_0.6,AIC_Train,MSE_Test_Interpolation,0.46149825783972137
519_vinnie,29,SVP,w0.3_0.9_0.6,BIC_Train,MSE_Test_Interpolation,0.49668989547038334
519_vinnie,29,SVP,w0.3_0.9_0.6,MDL_Train,MSE_Test_Interpolation,0.2374564459930314
519_vinnie,29,SVP,w0.3_0.9_0.6,PSM_Train,MSE_Test_Interpolation,0.279616724738676
519_vinnie,29,SVP,w0.3_0.9_0.6,MSE_Train,MSE_Test_Extrapolation,-0.051742160278745654
519_vinnie,29,SVP,w0.3_0.9_0.6,AIC_Train,MSE_Test_Extrapolation,0.22421602787456452
519_vinnie,29,SVP,w0.3_0.9_0.6,BIC_Train,MSE_Test_Extrapolation,0.41986062717770045
519_vinnie,29,SVP,w0.3_0.9_0.6,MDL_Train,MSE_Test_Extrapolation,0.3982578397212544
519_vinnie,29,SVP,w0.3_0.9_0.6,PSM_Train,MSE_Test_Extrapolation,-0.048257839721254366
519_vinnie,30,SVP,w0.3_0.9_0.6,MSE_Train,MSE_Test_Interpolation,-0.0478899952584163
519_vinnie,30,SVP,w0.3_0.9_0.6,AIC_Train,MSE_Test_Interpolation,0.1688003793266951
519_vinnie,30,SVP,w0.3_0.9_0.6,BIC_Train,MSE_Test_Interpolation,0.6367946894262683
519_vinnie,30,SVP,w0.3_0.9_0.6,MDL_Train,MSE_Test_Interpolation,0.6709340919867234
519_vinnie,30,SVP,w0.3_0.9_0.6,PSM_Train,MSE_Test_Interpolation,0.3980559506875296
519_vinnie,30,SVP,w0.3_0.9_0.6,MSE_Train,MSE_Test_Extrapolation,0.5573731626363205
519_vinnie,30,SVP,w0.3_0.9_0.6,AIC_Train,MSE_Test_Extrapolation,0.07230915125651967
519_vinnie,30,SVP,w0.3_0.9_0.6,BIC_Train,MSE_Test_Extrapolation,0.0045045045045045045
519_vinnie,30,SVP,w0.3_0.9_0.6,MDL_Train,MSE_Test_Extrapolation,-0.06377430061640588
519_vinnie,30,SVP,w0.3_0.9_0.6,PSM_Train,MSE_Test_Extrapolation,0.4383594120436225
