Run,Equation_Index,Hybrid_MSE_Train,Hybrid_AIC_Train,Hybrid_BIC_Train,Hybrid_MDL_Train,Hybrid_PSM_Train,Extrapolation_Divergence,Sensitivity_Interpolation,Sensitivity_Extrapolation,Lambda1,Lambda2,Lambda3,Complexity,MSE_Test_Interpolation,MSE_Test_Extrapolation
1,0,0.8603879753964926,0.9161055335666265,0.9137221148853955,0.16194199856518554,0.0,0.0,0.0,0.0,0.0,0.7,0.2,1,8.711788044575725,26.088333794673648
1,1,0.3987768787148977,0.5429965750457034,0.5300100111492085,0.09245811348314553,0.3849580961069824,0.10358015700511476,5.592981484257e-05,0.00022889895565524,0.0,0.7,0.2,3,4.88773993593735,10.226968490406206
1,2,0.07461021759772674,0.09409728918181733,0.07845854334901836,0.00893765002281415,0.46962658758232106,0.11880119076339055,0.00037318317317321,0.00152729342744823,0.0,0.7,0.2,5,2.349400054856198,1.7400369906398965
1,3,0.07164036612894066,0.08271174210092785,0.056628117364563815,0.007551991890389951,0.00709493123642695,0.12035373575673972,0.0005033683335831501,0.0020600906008971702,0.0,0.7,0.2,7,2.41616400671402,2.9061873646539764
1,4,0.06791087662476034,0.0757884391802244,0.04951901022807711,0.009513233274947863,0.013869476269920215,0.10647118308292144,0.00031772778121681,0.0007925725225803,0.0,0.7,0.2,8,2.3583054640566017,1.7538727549960442
1,5,0.06774375531291284,0.08089171244402628,0.06488264520684414,0.016737528855547804,0.000761494710116476,0.10651510420824498,0.00033045058991582,0.00081817775850535,0.0,0.7,0.2,10,2.350939964250093,1.7571452114930026
1,6,0.06764397735438105,0.0861404753590604,0.08039671145783102,0.022492310931151838,0.0005973483611279212,0.10651510420824503,0.00033045058991582,0.00081817775850535,0.0,0.7,0.2,12,2.366168973333462,1.75342104054969
1,7,0.06685655765925477,0.07371301784816571,0.047384556700260164,0.03054299179691106,0.00353461894110643,0.12239903156799473,0.00025369348604584,0.00103309356713831,0.0,0.7,0.2,13,2.492715894674064,2.870399819035978
1,8,0.06361722047016752,0.06749788479460757,0.04099824394344767,0.0333984316055695,0.01261627159875636,0.10894553384837549,0.00016087807807375,0.00039936081247158,0.0,0.7,0.2,14,2.45221122874499,1.6713060945848983
1,9,0.06293898330281128,0.07159499352504818,0.05532780240647024,0.042298045939557764,0.0015833117744526739,0.10907044498649401,0.00016164267587563,0.00039929167057614,0.0,0.7,0.2,16,2.415216005100678,1.7090526295290298
1,10,0.062349873032338576,0.07020046501053033,0.05388729453640505,0.03324995285569192,0.0037556110681425596,0.12034917616905619,0.0002765672749183,0.00111822209312116,0.0,0.7,0.2,17,2.548963908403092,2.944273920974194
1,11,0.060815954118036884,0.06727977873637349,0.050887519822980835,0.04888443853372392,0.006007089256888026,0.11302437285760317,0.00022420192321775,0.00059263558457767,0.0,0.7,0.2,18,2.5266034230293246,1.6890340128898742
1,12,0.059195833743075486,0.06899173336760543,0.06275048071752815,0.04310589906891815,0.009449292210801548,0.10726112069687485,0.00036225603913503,0.00251619632806983,0.0,0.7,0.2,19,2.665026188177567,1.7353326483093674
1,13,0.05666487254015582,0.0698569038727551,0.07377054693241308,0.04946465817811704,0.0030350181001185857,0.10582781231489653,0.00019077569603222,0.00053731860304471,0.0,0.7,0.2,22,2.634543605376214,1.633271979057144
1,14,0.05585161902112323,0.07363026709110783,0.08776649726910608,0.0564973398840506,0.0020146069841412133,0.1067708619419299,0.00020487177477324998,0.00061075952373315,0.0,0.7,0.2,24,2.6514237331607635,1.6863414842099993
1,15,0.055696802565005074,0.06789442249466646,0.07175235380318835,0.06967085042021424,0.0005210264361290153,0.10861367251941616,0.00019670041747969002,0.0005285739260243001,0.0,0.7,0.2,26,2.620058775414753,2.0908986002823213
1,16,0.05030518453984609,0.05586130964800523,0.05935000344870938,0.07073878621324738,0.014609850095377637,0.12023450374162614,0.00033393082931213,0.0048641428227349905,0.0,0.7,0.2,28,2.889919643145594,2.775801906526267
1,17,0.04845572132876849,0.052253284253882475,0.05564537854986196,0.07516417445738809,0.008027068337675934,0.11121721501419768,0.00026692648987851,0.00408527334429218,0.0,0.7,0.2,29,2.9047230116749594,1.742024184663019
1,18,0.04792379494287748,0.056790608611876514,0.07043268142244438,0.077574764449817,0.0023176703431546947,0.12058018442378486,0.00045968016379467,0.00249959153607981,0.0,0.7,0.2,30,2.923901070686623,2.7186230526999218
1,19,0.04628914424894757,0.053607044466956806,0.06716424268433234,0.0821339707876293,0.0067788851867097155,0.10674853283664516,0.0003562905622235,0.0018675815239130402,0.0,0.7,0.2,31,2.89311312188668,1.8294529500705063
1,20,0.04615910357290364,0.05336291043401381,0.06691406286007585,0.08206636721663461,0.0010503035890864418,0.1066876074009517,0.00033013144475634,0.0018351453388155698,0.0,0.7,0.2,32,2.862559320509137,1.8644147440132588
1,21,0.045440107714174637,0.06278938750202114,0.09684089097034136,0.10714573745232853,0.0015482958702282478,0.10657657253001844,0.00045596353943263,0.00122876568937422,0.0,0.7,0.2,35,2.869923710805192,1.960484165346409
1,22,0.04528845964069075,0.07882359485893302,0.143678700756477,0.15172889383974314,0.0006085095916701625,0.10630114805898142,0.00048433215984314997,0.00105366026416979,0.0,0.7,0.2,45,2.871986220076705,2.089225346869737
1,23,0.04486524019852269,0.06714035872325633,0.11143417140424314,0.1305034370536616,0.0019327024490085538,0.10629043415417261,0.00038244900134359,0.00099499450788643,0.0,0.7,0.2,46,3.141040274942114,1.7713441131889676
1,24,0.044679213031790295,0.07768147317303836,0.14250789649011225,0.13955011549146173,0.0006438791123985296,0.10618125618794724,0.00035458934145639,0.00090750067498792,0.0,0.7,0.2,49,3.0671619001798187,1.7601144667942186
1,25,0.04384107737439655,0.053919429980798815,0.07760099463542422,0.14709358856038807,0.0028966221764865434,0.11781355950280208,0.00041277509664681,0.0017429910205803902,0.0,0.7,0.2,51,2.892690510921439,1.9103107974339
1,26,0.043672122551338226,0.05879530823652334,0.09272597690809982,0.15388022350552819,0.0024088538883580805,0.12287182097900555,0.0005494775406502501,0.00224066894058226,0.0,0.7,0.2,52,2.9358389838355405,1.7983372806601052
1,27,0.04268848639234672,0.062167717256577895,0.1063097994202106,0.16313990609111484,0.005120160282066739,0.1234487725144853,0.0005731813720432899,0.0021782802861243103,0.0,0.7,0.2,53,3.01383882229146,1.7136617977219928
1,28,0.042558964529128496,0.06189585530801882,0.10603020670600237,0.16912742610684026,0.0011149810262974815,0.1228693470302092,0.00056864627862587,0.00218907338667511,0.0,0.7,0.2,55,2.952638467303997,1.7378680155845945
1,29,0.0427086106686831,0.06175272122550661,0.10587115794962286,0.21776802249456037,0.0013268728317649202,0.11902778608230949,0.00045595923764064005,0.00465519516662056,0.0,0.7,0.2,70,3.035305217955066,1.671274662960419
1,30,0.03987469202808499,0.07957988061633678,0.17469916033160285,0.26560545108345446,0.012780263804588587,0.10821741751073596,0.0016456953971050602,0.01550317715668266,0.0,0.7,0.2,73,2.651443758717169,2.2818614635388186
1,31,0.03728134445104871,0.07678942760183621,0.17189847620896692,0.3224327453461721,0.0018674791443929152,0.10083661986079788,0.00155389736756069,0.00370249274960395,0.0,0.7,0.2,92,2.759408222162472,2.0884540530001097
1,32,0.03718120456724575,0.08202262483221422,0.1873963324617922,0.3339101823348484,0.0020411772745665573,0.10091594878752479,0.00155471324326162,0.00368578159036653,0.0,0.7,0.2,94,2.7611624412309737,2.088781733839771
1,33,0.041905797497054594,0.06945927461088025,0.143970332233168,0.2478719004237254,0.009222909579847564,0.110375558050088,0.007805660499373571,0.00958704155145184,0.0,0.7,0.2,96,2.805107089068045,1.709518212380568
1,50,0.030252135656166003,0.09726653709378259,0.2637113455719692,0.5501709479608518,0.004919101432342018,0.10552386802207328,0.0043097066498170005,0.00415234751287386,0.0,0.7,0.2,169,2.775353515088813,1.9757682476001768
1,51,0.03024038770216942,0.09724744677389731,0.2636918294515025,0.5501625731663893,0.003845293088533452,0.10548855521939515,0.00430026382054045,0.00415641109279309,0.0,0.7,0.2,176,2.77652526549764,1.975479597817639
1,52,0.029320528871232193,0.13846962021099635,0.3870053227913544,0.7254355235230427,0.009443284839858467,0.10570300130225048,0.00444826392602464,0.0049165876273123904,0.0,0.7,0.2,177,2.838781832613282,1.987139962450463
2,0,0.9148503338925427,0.9499636102609095,0.9485419711879386,0.16857250583180045,0.0,0.0,0.0,0.0,0.0,0.7,0.2,1,7.351710201459783,26.10890323318716
2,1,0.43233605782117474,0.5773917149184036,0.5653824604049501,0.0991932520293281,0.3844031979520668,0.0934211334710536,5.874426253179e-05,0.00021584383112435002,0.0,0.7,0.2,3,4.050919312240521,10.239994120491897
2,2,0.13798513743537688,0.20705370464373915,0.1946113001534431,0.03142612409296729,0.3895380582814533,0.10979142233270148,0.00071433604799519,0.00262468235474147,0.0,0.7,0.2,5,2.220406327010063,6.0278895348508845
2,3,0.09078977489009617,0.12457712869675631,0.10980077120011753,0.018441990599353156,0.0854128020669672,0.10815863730619155,0.00048447798828257,0.00178011571818992,0.0,0.7,0.2,7,1.8183390678741995,2.395046477156624
2,4,0.0893898642236437,0.11679711079834247,0.09169263353448046,0.017550088580056022,0.004572540204063174,0.10027065411579413,0.00033285479285754,0.00077748607076651,0.0,0.7,0.2,8,1.813066028628576,1.762282376672872
2,5,0.08875367126827288,0.12106212998792408,0.10619473829331955,0.022651430612409127,0.0015968487914462266,0.09973335782521404,0.00033392277794685,0.0007535204015798899,0.0,0.7,0.2,10,1.82763745343686,1.862305302173184
2,6,0.0873491822201814,0.11860295315697467,0.10367072773037998,0.03390961568922028,0.0013744757190728009,0.10096981533454563,0.00017047495928467,0.00040855901361733997,0.0,0.7,0.2,14,1.832236283623695,1.769231828983185
2,7,0.08491529342295233,0.12453534404000642,0.12999085055464402,0.04408528339514499,0.004377840251747997,0.10429385577265926,0.00057997863990759,0.00125189484105042,0.0,0.7,0.2,17,1.9218456321959785,1.8497889013949989
2,8,0.0824994743302545,0.11465325726743528,0.10971570558339494,0.052480090115947384,0.0034814515265186303,0.1115398348173311,0.00036547456511593004,0.00133453603824671,0.0,0.7,0.2,20,1.9576148861000469,3.2142128706736286
2,9,0.07971995737846176,0.1150258360655785,0.12022130376332384,0.07114076370163977,0.003632343026425788,0.10378948559941562,0.00024646681981626,0.00063132783762358,0.0,0.7,0.2,23,1.9371800070700247,2.0216653240811087
2,10,0.08137586974983707,0.11731280603594899,0.1324922746737815,0.07066089790782124,0.028095866680883878,0.12237473045242178,0.00789881757021923,0.00851838004355805,0.0,0.7,0.2,24,2.077192544624677,3.2470851434685444
2,11,0.07836866287783957,0.11690952796849338,0.14219318569540942,0.08752393536062808,0.01324007945320772,0.12237473045242178,0.00789881757021923,0.00851838004355805,0.0,0.7,0.2,26,2.012645149299563,3.153630106769724
2,12,0.07751765826236034,0.12642399584336536,0.17221841310913474,0.09781186099823881,0.0074919921389781305,0.12208212890998478,0.00757970201020704,0.008151264646432139,0.0,0.7,0.2,30,1.9970382690937385,2.8291064696719728
2,13,0.07964806125793346,0.1339243785979465,0.18998514897449353,0.11106633804171065,0.009257546444221505,0.11471289970702833,0.01121109776373808,0.00650174450809751,0.0,0.7,0.2,33,2.091737022051914,2.889140686978625
2,14,0.07729433383393611,0.13649051641687804,0.2027910753243431,0.11496654772853983,0.008457316523174566,0.11489019563065266,0.00896167401883333,0.0053682499917446,0.0,0.7,0.2,35,2.044897561780979,2.7941916594294853
2,15,0.07564929864326797,0.13476807265404703,0.20106415248556053,0.11632729932005066,0.006107537247498134,0.11471270202427952,0.00706820542787945,0.00417410804077302,0.0,0.7,0.2,36,2.003337618271929,2.686943169524155
2,16,0.07639404998703961,0.14017396403681928,0.21669514722290906,0.12305463663224218,0.0106549729742412,0.11470754100941165,0.0089647161342446,0.0053639589923808505,0.0,0.7,0.2,37,2.0096560178408422,2.809528937289493
2,17,0.07205570125481371,0.14089045679776205,0.2276594780472955,0.15812860205019347,0.0036919416270536675,0.11202315652334922,0.00380225647816596,0.00378043242883844,0.0,0.7,0.2,43,2.048996676922528,3.00726885083749
2,18,0.07131146737554862,0.12893982421003072,0.19514913718635968,0.1762794756208847,0.003195371902418204,0.11220991730939398,0.00128979397582115,0.01050776368248999,0.0,0.7,0.2,50,2.063987819515197,2.4053624921572307
2,19,0.07638513757844918,0.13918367198881187,0.21564761105311425,0.20679458692221334,0.008946222301215143,0.12241127454516756,0.0024043754704574797,0.03341160951605749,0.0,0.7,0.2,52,1.970334470809158,3.41736817973818
2,20,0.07711850387335374,0.13972071632282654,0.21617331537468262,0.21079352578102983,0.010129851732177376,0.12363388004164286,0.00259377334176974,0.0374378667344013,0.0,0.7,0.2,53,1.9778837510049108,3.648626606321904
2,21,0.0752955507327352,0.1313373925286657,0.1974548879493473,0.2132371624059931,0.013323254772142981,0.12085912666508354,0.0024689819824480997,0.03454277238066545,0.0,0.7,0.2,54,1.9762558142073507,3.366837421627139
2,22,0.06510176313464631,0.11535534009020591,0.1811408720643487,0.21564712937176836,0.00914700638378215,0.11172416155707224,0.00214188210651255,0.014157135699692642,0.0,0.7,0.2,59,2.049277000023361,2.7215838463532416
2,23,0.07448354511194608,0.12935442571530234,0.20536377897379415,0.24527782837310977,0.01567803797526559,0.12269261258665227,0.00415023091992552,0.058174092540389424,0.0,0.7,0.2,62,2.1410393480487584,3.967859137098041
2,24,0.06482361176898319,0.13000851536747193,0.2265266379831144,0.25832341855670216,0.005789763093289555,0.11112789585226748,0.0025783948960323403,0.018235227093099098,0.0,0.7,0.2,69,2.173489773630608,2.206727674869536
2,25,0.06149654329237254,0.12372241935927368,0.22007359811541538,0.27071658761792755,0.01712829088067875,0.11585374925109018,0.00381125481239022,0.01187569788442043,0.0,0.7,0.2,70,2.194238162877272,2.2102304179790138
2,26,0.05940269027975821,0.10241292929815926,0.16779069730920676,0.25820580004562615,0.017667362027583223,0.11250518274309444,0.00390021669678045,0.01508753357280351,0.0,0.7,0.2,71,2.017984220491862,2.903198431343035
2,27,0.05870360751556757,0.10646052282090208,0.1820699978198727,0.26883821862501023,0.007068868453094438,0.11214075104935546,0.00387097402280581,0.01505375073452262,0.0,0.7,0.2,73,1.9891412479144517,2.6058650653076167
2,28,0.05870360972942854,0.1119053583037841,0.19778564726149317,0.2829990523818965,0.005889018195388484,0.11214075104935546,0.00387097402431811,0.01505375073452262,0.0,0.7,0.2,75,1.9891412864714173,2.605865132840403
2,29,0.06148132822923143,0.12333383558712245,0.2196639807254525,0.29156760262272746,0.007546783990177613,0.11175257700175042,0.0038219646269204003,0.01358660998740539,0.0,0.7,0.2,76,2.003121579832592,2.579585058443373
2,30,0.0674630931624612,0.16311611319554106,0.33109937872405415,0.422425403037223,0.01563709903040918,0.12349260070594523,0.00451067991793134,0.061913129503599104,0.0,0.7,0.2,96,2.132254680628619,3.968553777380301
2,31,0.0602940008412862,0.17120698032734652,0.3699425426979352,0.5046955440694916,0.009649603978211803,0.11939782157237747,0.00452672078338228,0.031131164677307237,0.0,0.7,0.2,113,2.056567591753605,4.379221902389634
2,32,0.06003065838443313,0.17091021613919422,0.36964405241098225,0.49379251078308156,0.009302886804482765,0.12090553923677691,0.00448040721631914,0.03013678270988951,0.0,0.7,0.2,114,2.0595253958136586,4.052658764141431
2,33,0.05996769472104569,0.1707574751229308,0.36948637006220314,0.5222044824714203,0.00930599231314236,0.12076726822353678,0.00449761678882346,0.03018686251574949,0.0,0.7,0.2,117,2.055738224847755,4.10950000843821
2,34,0.0601021224668858,0.17589519996343772,0.3848701295098753,0.5154831002024582,0.011511262169142628,0.12525197905579166,0.005459006464383969,0.029587579674655078,0.0,0.7,0.2,118,2.051661549142023,4.395846529242549
2,35,0.05991208234829024,0.18099804341722792,0.4002352842473102,0.538755159057297,0.010295552758282391,0.12055714989028507,0.00486409066486966,0.03143618479543562,0.0,0.7,0.2,119,1.9936604246636649,4.134567226717777
2,36,0.060078858128514406,0.19194403471954338,0.43171662326911453,0.5724560309419459,0.009989787545891379,0.12314371313972756,0.00495956209762846,0.03245954314358136,0.0,0.7,0.2,132,2.061629124627661,4.896275831212885
2,37,0.06167849060050838,0.19009734027311162,0.4197096753168158,0.5871332710340563,0.010315737889866828,0.12784233065335787,0.0047927831075403595,0.03154884805318116,0.0,0.7,0.2,137,2.047214763932796,4.720500228271341
2,38,0.059303418973963525,0.1956209944462041,0.44560929561811224,0.5935587490714489,0.01060870184880585,0.12271859869677729,0.00520493284300016,0.03240963251373002,0.0,0.7,0.2,139,2.0916033675031667,4.351744245521308
2,39,0.06479164243059568,0.1533746004647143,0.3109972655620398,0.33153332461651197,0.015253567732084205,0.13264896772401263,0.00669474952030204,0.048646607161193525,0.0,0.7,0.2,142,2.0696384480897536,5.9744266826523305
2,40,0.2524023501905672,0.40348269539424564,0.6841962368955776,0.9886892571037627,0.2048307400286983,0.2911059055296389,0.006709073357189931,1.0,0.0,0.7,0.2,169,2.0243615885502515,2.6490142010601173e+67
3,0,0.8400068925194291,0.9030294873200868,0.9002745563042005,0.15938126572893177,0.0,0.0,0.0,0.0,0.0,0.7,0.2,1,9.332221210005182,25.97189682896327
3,1,0.38332079699945515,0.5266061127434308,0.5131538758863141,0.0892453524735414,0.3883683045488926,0.0933232897140998,5.724096316365e-05,0.00020540686426413,0.0,0.7,0.2,3,5.3190469897163535,10.17762816672791
3,2,0.342095185517077,0.4809264142504609,0.46615308173252146,0.08335600066701333,0.0968015346331413,0.10999108788649961,0.00040872764873397,0.00305729483091112,0.0,0.7,0.2,4,5.179771095303721,12.367664014670256
3,3,0.12998975861807216,0.18870115256789263,0.16564140608919156,0.025611552213952535,0.6018820655202336,0.1048137357219486,0.00022896385265463,0.0008216274570565301,0.0,0.7,0.2,5,2.9603623972634563,2.479348117492884
3,4,0.07685511319506477,0.09844698429124348,0.08293302838787803,0.013194570218901585,0.09944331068035242,0.10773488655353092,0.00037654714691842,0.00135122409584514,0.0,0.7,0.2,7,2.329737078397632,1.7218229924932449
3,5,0.07352944924555961,0.09741077683170257,0.09198088946450006,0.01864937540926508,0.007376995965301294,0.10844234053393831,0.00043174184272342004,0.00154928801305953,0.0,0.7,0.2,9,2.242317495839558,2.0290079018322578
3,6,0.07394231285356856,0.10845955651879799,0.12355624544460539,0.06619499029783824,0.001373227514233541,0.09518150202116463,0.00129996546962543,0.00192976574089384,0.0,0.7,0.2,23,2.319012133510716,2.720417650675047
3,7,0.07102033852942813,0.10728565756888536,0.13243662143480248,0.07321302263268885,0.010116965789180761,0.09591362452323228,0.00199846450240351,0.004396192286174759,0.0,0.7,0.2,25,2.2751006621262264,2.5264956589394885
3,8,0.06354207627634775,0.09340018823427944,0.11818235628671088,0.0759212627570171,0.008075886252280715,0.09636264555447452,0.00102490108738559,0.0033095698114049103,0.0,0.7,0.2,29,2.37890722857544,2.4820755050481758
3,9,0.06354207628546958,0.09884502371610315,0.13389772575062003,0.09712347545294481,0.001379410378579435,0.09636264555447448,0.00102490108738559,0.0033095698114049103,0.0,0.7,0.2,31,2.378907249962547,2.4820755095358025
3,10,0.06830987552177177,0.08991647438707544,0.1042683284075405,0.10360886385750757,0.014767513347992827,0.10585765718492506,0.00986604187528136,0.01028267408229832,0.0,0.7,0.2,33,2.560801303286018,4.273064929244539
3,11,0.06830983513600847,0.0953613184491243,0.1199837064516757,0.12091154551161298,0.008963169623917945,0.10585771313669017,0.009866055551929629,0.01028266911515671,0.0,0.7,0.2,34,2.560802433131519,4.273065392461531
3,12,0.06707628042402593,0.09287717872581899,0.11742891950046881,0.11135951466472332,0.010240758830910184,0.10585771313668738,0.00986605555192962,0.01028266911515699,0.0,0.7,0.2,38,2.628191647556635,4.034073348377406
3,13,0.05799289661509621,0.0768708427810972,0.09106904434598725,0.10695830640217982,0.003348253975288731,0.09500535830733864,0.0008162889437649101,0.0038082667446242397,0.0,0.7,0.2,41,2.331690067060456,2.6872149839683237
3,14,0.05761756664330646,0.08132794165900756,0.10576227693804066,0.13876313588693368,0.0018066948833839515,0.0943331673172422,0.0008772212714209399,0.0047137997497067605,0.0,0.7,0.2,51,2.212625894603852,2.50584455480442
3,15,0.05823122853408704,0.1027633188501885,0.1682260184726425,0.16506856643781775,0.007001030229653282,0.09662030721134626,0.00266296183571265,0.0061944156501741,0.0,0.7,0.2,52,2.3202388627779964,2.585436941195733
3,16,0.05803394208107867,0.10769175957239939,0.18340734095603542,0.19359645202323658,0.0038646028915992944,0.09639682864881384,0.0028356651330201,0.00615344953977391,0.0,0.7,0.2,54,2.3261728624596065,2.57887982256017
3,17,0.05711265630446163,0.0949279818548909,0.15004922918173058,0.18318282495604937,0.005149315841818762,0.09561095499628117,0.00274064202593452,0.00648876231694501,0.0,0.7,0.2,56,2.3195208513452004,2.6459204702818147
3,18,0.056016176096066246,0.09819953994244943,0.16353112597877528,0.17962715401731216,0.007515285441032108,0.09671295541303618,0.00289103977108917,0.00566230062921762,0.0,0.7,0.2,57,2.318935020392599,2.649291300429119
3,19,0.05590858061684174,0.10342470768419196,0.1790208342610223,0.20229574465842431,0.003382709222613763,0.09671295541303618,0.00289103977108917,0.00566230062921762,0.0,0.7,0.2,59,2.3354566089549533,2.6426977926641
3,20,0.057180535923070486,0.10352299531266614,0.17905332718839587,0.21384168986860944,0.010371205976105404,0.09821077655837548,0.00508822550516339,0.01002522361520938,0.0,0.7,0.2,60,2.288261792212071,2.71232675952441
3,21,0.05574529599894654,0.09511763023551674,0.1602934916086049,0.18756273654223762,0.011643891062131222,0.09821077655837532,0.0050882255051634,0.0100252236152102,0.0,0.7,0.2,61,2.412195008405033,2.597775493835808
3,22,0.053339983885670614,0.086535246445681,0.141400061868184,0.19343738764050913,0.0048265990348647396,0.09966977798254874,0.0032281425876807997,0.007955402832448059,0.0,0.7,0.2,64,2.285776327656234,3.656209380218889
3,23,0.05169595372570554,0.08328280665126497,0.13805893561460508,0.21383824218243613,0.005005155019581693,0.1003769018377777,0.00312493657167035,0.007643855608078511,0.0,0.7,0.2,69,2.2544634499577096,3.676556274435589
3,24,0.05033953286763856,0.08570601505826966,0.1506613500465994,0.21785216390029732,0.010519028448924645,0.09685634218083412,0.00342826919538256,0.0075528373436737906,0.0,0.7,0.2,70,2.4325113930431423,3.0279105842528398
3,25,0.04862654210123051,0.10000913889203528,0.19575898144775172,0.45219299179937517,0.0025125864857277035,0.09376025951515564,0.00196522800316989,0.00558643343368508,0.0,0.7,0.2,135,2.4072131890257844,2.8814063887122625
3,26,0.04921106109918779,0.10650317119130509,0.21254893749541573,0.47624286247395237,0.0028082009676524853,0.0937392077084327,0.00239131461480026,0.0048638471665349405,0.0,0.7,0.2,141,2.347770682498374,2.8671897943564324
3,27,0.04803398349364732,0.09317879523274802,0.17861454510159863,0.46248795733520615,0.0037220957612963445,0.0937291126985306,0.00194961924718157,0.006342075345966159,0.0,0.7,0.2,143,2.4044422653223565,2.874292586927093
3,28,0.05048587439759523,0.10886394045527015,0.21496943977541777,0.4968704897833121,0.0036767823007793476,0.0937392248930798,0.00276612264355172,0.00487262959019061,0.0,0.7,0.2,147,2.353421162200331,2.867205869402348
3,29,0.0486148258303212,0.09390301236932945,0.1793466523872669,0.4898289355305566,0.005624053863993336,0.09374162936610204,0.00305023382777438,0.00473517876542945,0.0,0.7,0.2,148,2.347432648322115,3.000975955395361
4,0,0.8994242173725336,0.9405288642081161,0.9388393803063974,0.16672481594422586,0.0,0.0,0.0,0.0,0.0,0.7,0.2,1,7.740069580307116,26.21297528935529
4,1,0.41099393450947347,0.5557022489687016,0.5430765360526322,0.0949456655693649,0.39704045247450553,0.10003249572861513,5.833461431026e-05,0.00021635523701147002,0.0,0.7,0.2,3,4.605146067171654,10.308782281141468
4,2,0.3399361231451143,0.48483322874497686,0.48025468459951,0.09883250048348653,0.1656674370412786,0.12993348400687776,0.00128531022666975,0.00558888298330008,0.0,0.7,0.2,4,7.08704705650888,30.64309837601581
4,3,0.12996996544634037,0.18865980126779883,0.1655986315634238,0.02561332999396242,0.5942653526383275,0.11170908232013439,0.00023333845724107,0.0008654209480459,0.0,0.7,0.2,5,2.9773782950868406,2.5346776230923007
4,4,0.1197888729367968,0.17691098489740587,0.16363013126959614,0.03927802562206828,0.036444466279340906,0.1170489745054651,0.00027180986160112,0.0010178248397742199,0.0,0.7,0.2,6,3.195887371111694,2.158170848552618
4,5,0.0830286813129599,0.11035161970770127,0.09517590089207897,0.0301264055028164,0.13789759955324812,0.11930959918700572,0.00035847153906864,0.00135736079645271,0.0,0.7,0.2,7,3.109777192043182,2.310029394584888
4,6,0.056352310552434434,0.052361585443795565,0.025415863140482057,0.0016035329777523218,0.10932650971548254,0.11623157278487657,0.00052501152879241,0.0019471971331032698,0.0,0.7,0.2,8,2.8567662797147144,2.8906613164475248
4,7,0.05433598486177016,0.048645334267960576,0.021604507430440036,0.004204714177651286,0.007294515336013247,0.10430085171724679,0.00033081260395227,0.00078657910444481,0.0,0.7,0.2,9,2.7411790058366754,1.7928625255187016
4,8,0.05433598486177016,0.048645334267960576,0.021604507430440036,0.014688632619873136,0.00038891820726352295,0.10430085171724679,0.00033081260395227,0.00078657910444481,0.0,0.7,0.2,13,2.7411790058366754,1.7928625255187016
4,9,0.05408546950279313,0.05357971642336304,0.03679506065982518,0.03218929909675094,0.0014410607260362776,0.10430085171724679,0.00033081260395227,0.00078657910444481,0.0,0.7,0.2,14,2.7079870959138934,1.775986708635245
4,10,0.0544605616317113,0.06464279116897442,0.06838811037919452,0.046463689505578845,0.0017755981833180753,0.14298003040292864,0.00046378222055423,0.0031688696071170896,0.0,0.7,0.2,15,2.8440266488775485,6.069570964663263
4,11,0.05328090951529984,0.06825136010633909,0.08223068847330606,0.05213854109149664,0.001295151387771917,0.09518645980489124,0.00036383615739378,0.00077617180341317,0.0,0.7,0.2,18,2.774668328930327,3.596719527803203
4,12,0.0532786864506575,0.07369182624438655,0.09794169537319429,0.05950410189436477,0.00041515344535259245,0.0951748125030592,0.00036417305555777,0.0007755779719073799,0.0,0.7,0.2,20,2.7781321653853324,3.587692708228745
4,13,0.052444910038018495,0.06657598934519181,0.08050873261036028,0.0599895042613647,0.0037573062102103315,0.09437647329747516,0.00034365944203605,0.00068670635543946,0.0,0.7,0.2,21,2.748334349956796,2.6613987682482723
4,14,0.05244531673297364,0.07746553601319724,0.11193939047827464,0.08112996237672152,0.00037948151506948623,0.0944163912284228,0.00034427190531365,0.0006897569674876801,0.0,0.7,0.2,26,2.740611159964228,2.632527471050938
4,15,0.05194503541281512,0.06564398065807545,0.07955273004062323,0.08703786350931653,0.0008705483024284684,0.09408936751598156,0.00020273810452366001,0.00074375594673057,0.0,0.7,0.2,29,2.792619894820396,3.892461081128373
4,16,0.051234555233920814,0.06960708119228597,0.09374319753098075,0.09793740856235277,0.0013614479871428833,0.09379296273111563,0.00021316123259923,0.00085071734563179,0.0,0.7,0.2,32,2.8749920310612453,5.251482527055569
4,17,0.051071208821873895,0.08021819468527916,0.1248892717331045,0.10277123550684435,0.0007039128684204447,0.09434825969553624,0.0002407814329056,0.00046042880765834,0.0,0.7,0.2,33,2.794960013926294,4.886644169463182
4,18,0.05040195315092643,0.0733455643322113,0.10770411751980458,0.10309942513655161,0.003369809315883791,0.09364896230011452,0.00021054791184271,0.00082568790760979,0.0,0.7,0.2,34,2.790799284255886,5.574252138163715
4,19,0.048542129762417154,0.06400541633976305,0.08798125158179144,0.10842496819385751,0.004434059191240989,0.09357919576725185,0.00023029494784445998,0.0010201979611643998,0.0,0.7,0.2,36,2.8026096586949243,5.300235648295214
4,20,0.04844689551687601,0.06911202084358228,0.10334482991238603,0.12016215990759968,0.0008333657627032775,0.09557055486683123,0.00036098256108015004,0.0012494317051177498,0.0,0.7,0.2,39,2.8791255166360914,5.336940027310415
4,21,0.04705098579912611,0.08114472106595004,0.14603040391722916,0.15318835055139304,0.013333584430349005,0.09257826020611408,0.00061744833725806,0.006832129282154579,0.0,0.7,0.2,40,2.8146666050836777,6.245751214400971
4,22,0.046221822045456426,0.08511455187736117,0.16023575124829398,0.16185956369617174,0.002849499096056379,0.09203452978442009,0.00052798515562628,0.00598140719002807,0.0,0.7,0.2,42,2.8768654203163875,5.706838616725204
4,23,0.04468177134326737,0.07726050335421153,0.14206346351168125,0.16078715699325588,0.004247834441328332,0.09340410059592183,0.00033187575144911,0.00294068511522699,0.0,0.7,0.2,43,2.781323233972382,4.211653005315535
4,24,0.04854630946900325,0.07439125773831816,0.128853990652186,0.17538465495828476,0.006873763659288775,0.07957567771378501,0.00198340636207218,0.022355954745059768,0.0,0.7,0.2,48,2.8861323182340657,12.882945286495948
4,25,0.043539517892584624,0.06477874171445502,0.118993005785038,0.17594547456316717,0.023043485629788654,0.0912885484470064,0.00206394846921467,0.01773898290860202,0.0,0.7,0.2,49,2.925072173112436,11.898442607951592
4,26,0.04197497171616405,0.06827091748580158,0.13273457044144069,0.18419790443072065,0.0045295008251760565,0.08982649402355106,0.0016560034708803701,0.01306905187019449,0.0,0.7,0.2,51,2.856908267455595,11.788654516157694
4,27,0.041029020402451766,0.07166431762549766,0.14633970495134005,0.20322530594354388,0.005950301492468308,0.08843134641755249,0.00158101645684064,0.013489438595436689,0.0,0.7,0.2,53,2.7534372393573427,11.778073048780216
4,28,0.04041972508288555,0.07026240650974817,0.1448954578485822,0.22514277099906882,0.004406306316802957,0.08807862657812573,0.0017054020325378099,0.013498614303586228,0.0,0.7,0.2,59,2.7877380242294967,11.780392338762743
4,29,0.041671492286662996,0.06988882786018148,0.14443505999409845,0.26770230191645733,0.007268805993808934,0.08669689123856575,0.0036336810344196396,0.020130540696837458,0.0,0.7,0.2,68,2.8607295841873333,14.324263073764424
4,30,0.03961488154414418,0.07161689824751931,0.15634559721011973,0.2771474077850686,0.00915376633264588,0.08666104514985239,0.00332287875162184,0.01814585720554297,0.0,0.7,0.2,70,2.875987988382529,14.229844859739648
4,31,0.03756222121885976,0.08582672152482082,0.20136364759355677,0.28423743714725935,0.004018949893863744,0.09267228893859172,0.0023529194788545,0.01158776729988916,0.0,0.7,0.2,75,2.7995227802658453,9.12805664385087
4,32,0.03778741505942607,0.08454871569343726,0.20000604549636417,0.2852111202791503,0.011265360160449812,0.09237408471160012,0.00248714819022892,0.01872635577957118,0.0,0.7,0.2,76,2.8010847642525265,10.73165900303268
4,33,0.032061290361430406,0.09929240099434289,0.2557631412129638,0.3748592604252083,0.0011770252233632788,0.09187613938891061,0.00029715190015391,0.0033703896197908798,0.0,0.7,0.2,93,2.7474167107077205,8.38996922122705
4,34,0.032868053842906406,0.13090333524550174,0.34889961862885355,0.5136613853402051,0.003472775187042053,0.10744132092949107,0.00186605746476629,0.009844043638158561,0.0,0.7,0.2,129,2.847667691745326,21.490024739282727
4,35,0.03172493090821807,0.12924550582316316,0.3472147918233496,0.5386356860419519,0.003220667725062039,0.09639841503792304,0.00148065814607168,0.00765439980673239,0.0,0.7,0.2,132,2.7732773038327325,21.840060483071237
4,36,0.03635475463334334,0.14433980913721253,0.3828280682606978,0.5334791821497837,0.008368931736679918,0.10093900600716248,0.00215087400335746,0.030251595762108792,0.0,0.7,0.2,134,2.784896940010805,29.89712782051017
4,37,0.03439223116092653,0.14760933193591566,0.39635698998245605,0.5673163357603699,0.005932803056767149,0.096380238106857,0.0022879351517647003,0.020856874810936,0.0,0.7,0.2,139,2.7729705699366813,28.66045095986751
4,38,0.03592122219367063,0.14902568325467316,0.3977675369192978,0.5613173957605492,0.007824861513976936,0.09644851966938237,0.002291141563714,0.02896509809815459,0.0,0.7,0.2,140,2.7862801318575205,34.10718496436163
4,39,0.03576215411122128,0.1597555246685155,0.42903854188278195,0.5976719304310559,0.007239296116979227,0.09636178925999947,0.0022420980751389897,0.02834507990279342,0.0,0.7,0.2,144,2.7996320536623784,33.80466571268542
4,40,0.030470759469765896,0.1447488536311265,0.4035387382708852,0.5844317016640785,0.021662487260264488,0.10093581451737861,0.00168966869710262,0.021628253636566692,0.0,0.7,0.2,145,2.802029122675358,68.6525104117105
4,41,0.02974821932497667,0.13782735102783597,0.38630751268873265,0.5954373466669173,0.006357758366324554,0.1009681945327365,0.00163182131123417,0.02133484819622509,0.0,0.7,0.2,148,2.895991190894197,65.59425505485673
4,42,0.029354505713779164,0.14826964708192877,0.41728813962359673,0.6190068438177838,0.00509725845838629,0.09865886521110447,0.0017172753903148899,0.01928075762903596,0.0,0.7,0.2,153,2.800641998635037,80.98533481856383
4,43,0.028801540355216163,0.1523561616306485,0.43160356261311045,0.6361554084446923,0.008191710193593969,0.10240723854571117,0.00167020497149956,0.01998834273282834,0.0,0.7,0.2,154,2.765820160855774,75.63360827531218
4,44,0.029863881825980418,0.15234070123830462,0.43153255896706394,0.7117930716582065,0.0073238355102277376,0.09387291847400964,0.00199329703300196,0.028578861999549586,0.0,0.7,0.2,173,2.761505952359361,106.135420665596
4,45,0.030489127501208444,0.15827722674235803,0.4477325913535168,0.7260267831216105,0.008011934726898888,0.10588803447460271,0.00225977992275907,0.03131678248360718,0.0,0.7,0.2,176,2.786986867744893,12.638051151546785
5,0,0.8450844136828878,0.9063085517548495,0.9036465951031412,0.16002340841148288,0.0,0.0,0.0,0.0,0.0,0.7,0.2,1,9.219611320451072,26.394548327893297
5,1,0.37244132654897366,0.5148488365566934,0.501062570825129,0.08694270356841427,0.4038748280503881,0.09322165496750454,5.972556868119e-05,0.00019554394577157,0.0,0.7,0.2,3,5.616018894430424,10.363073171576572
5,2,0.054083418040455224,0.053342796624282374,0.03654498944514508,0.002709475079354676,0.48272644534121234,0.10753632552927472,0.00045263520592658,0.00148194610978855,0.0,0.7,0.2,5,2.7558925903463507,2.0437448655372195
5,3,0.0540582809749026,0.05874024275094031,0.05221170804589382,0.008999440794566205,0.0006540783371717522,0.10750658742929649,0.00044979008072565006,0.00147263105393744,0.0,0.7,0.2,7,2.759105120027144,2.023076028469458
5,4,0.05293430296796729,0.05652835896312476,0.04993930555011969,0.01629354626133566,0.001996171057438487,0.10489911646692329,0.00041010754747652,0.00121479302434255,0.0,0.7,0.2,10,2.807671051730723,1.899985455234206
5,5,0.05273533875638787,0.04967832778388064,0.03275171830143462,0.025653462742431438,0.0031041979862598554,0.12009412281330278,0.00123474408247211,0.00309186515093978,0.0,0.7,0.2,13,2.770507713459736,2.255225099046438
5,6,0.048778507013275144,0.04117125618382962,0.023993788706359265,0.022030260514204526,0.020019155982177322,0.11518937868105827,0.00127226897505518,0.00457805345651803,0.0,0.7,0.2,14,2.7547555136061384,2.1572447601042186
5,7,0.048402338870824936,0.046158319155527996,0.0392469156981881,0.05457757103562262,0.0015598710412108325,0.11124968720893784,0.00069173826486148,0.00510783110661249,0.0,0.7,0.2,20,2.810344925667378,1.7593482729498005
5,8,0.04826808197795533,0.04600712095998941,0.039094770460253433,0.057009480275560104,0.0014548064294516167,0.1107086964798936,0.00064140394394782,0.00469168099642724,0.0,0.7,0.2,21,2.82418622959142,1.78890227353354
5,9,0.046958872635315334,0.04363179300047872,0.03666109639863494,0.06664716796901729,0.005303874496934128,0.11529958675948222,0.00054108462566441,0.00343836735432155,0.0,0.7,0.2,22,2.841796644041269,1.8606829524237396
5,10,0.04651358045651613,0.04756584435193207,0.05080765687541946,0.08293312245428437,0.0037159942137257058,0.1184079955155023,0.0007353819809354,0.00544504349395706,0.0,0.7,0.2,24,2.8582628496523608,1.7429759766270043
5,11,0.045578546423305805,0.04559948283176826,0.048785054926872684,0.08802672282647846,0.002974146623008012,0.11806886187679828,0.00074346376541756,0.00547165958301234,0.0,0.7,0.2,27,2.860675214926554,1.7356764269389822
5,12,0.044655573492935065,0.03859746202855417,0.031477876547985215,0.0790744797243706,0.0037762873017510128,0.11943964155508864,0.0006902148268408,0.0039420456719345,0.0,0.7,0.2,28,2.6673838871944557,2.8474702438709367
5,13,0.048759880852541924,0.05900265299163497,0.08269292994325228,0.11692430940274436,0.005450345098181689,0.10967301704656955,0.00309053819395321,0.016215031436030487,0.0,0.7,0.2,31,2.758809203952735,2.546433483011433
5,14,0.045370787041547435,0.04402630588424282,0.04713774195362643,0.09128798672952715,0.005400877697432565,0.12030258406629135,0.0011250483428935,0.00932400920300494,0.0,0.7,0.2,32,2.7852336866088026,2.057695784173059
5,15,0.04414024329941039,0.04683560305169846,0.06014152476466499,0.10800155829882985,0.004536069829867704,0.1165115357111437,0.0012286989642817,0.00917297048332555,0.0,0.7,0.2,35,2.851782271534708,1.949996207918272
5,16,0.04295038420288817,0.04514277463806126,0.05842148606757108,0.09843433728472338,0.002353306864566363,0.10437170287399275,0.00154047345381412,0.004401456005048951,0.0,0.7,0.2,40,2.8075194019787006,2.0625399199877346
5,17,0.04346813890904853,0.056373600752955735,0.09018390622131803,0.1403493978616227,0.0029813365200086948,0.12099655077470566,0.00110390909776496,0.00931179361670154,0.0,0.7,0.2,42,2.849957089573953,2.102460574070124
5,18,0.042876077678160436,0.06049849939627537,0.1045401042799708,0.17337119634074763,0.003171290795327978,0.1205863462915635,0.00128343533746821,0.00899200230070009,0.0,0.7,0.2,48,2.789195987396398,2.105396264716609
5,19,0.04052550086470629,0.05077790353689382,0.08444550721752879,0.1378968823257046,0.004569983553347849,0.10340291008084727,0.00123680822808158,0.00599369687198813,0.0,0.7,0.2,51,2.8902122895451745,2.0603851308534824
5,20,0.04056046978993775,0.05480768545733664,0.09866829439342874,0.13634615253461763,0.009021880933652375,0.10242348810991844,0.0026835789088847603,0.00752331587217558,0.0,0.7,0.2,52,2.815923722181334,2.071146293981537
5,21,0.04010320775658793,0.05932255449070587,0.11342848525400556,0.14238470388484747,0.004260190798509523,0.10219693713553261,0.00266977452257024,0.00736915682108794,0.0,0.7,0.2,54,2.841102040561214,1.9982712643089544
5,22,0.03814586349394648,0.05587715561722775,0.10990389535306742,0.15353928060848138,0.008451663374880892,0.10689794874926048,0.00151963589789567,0.00813449475995329,0.0,0.7,0.2,55,2.921315867588713,1.8791119524372744
5,23,0.037601830685346754,0.060678611299799005,0.12497048376288641,0.156127492137985,0.0023292767129732264,0.11113003831621564,0.00143090291446001,0.006158675082005511,0.0,0.7,0.2,59,2.9246169411711667,1.9468907209407136
5,24,0.0388137578372587,0.06162246554820623,0.12589992625481994,0.19518114155194888,0.00376568844240644,0.10867191777856036,0.0022942421338212103,0.010366984890332009,0.0,0.7,0.2,71,3.0313215240830886,1.9163861957526835
5,25,0.03811481424600438,0.06604628484625578,0.1405774174514866,0.20144896729743697,0.004505399152543023,0.11084806326185773,0.00235770212782009,0.0080548251148326,0.0,0.7,0.2,72,3.0602038212413536,1.926017506561224
5,26,0.036982765748284734,0.058405246734484446,0.12260914318412439,0.20032727795987262,0.0071555040755501165,0.10999010221267722,0.00203926655291362,0.008132372714132979,0.0,0.7,0.2,73,3.048480364823701,1.9252472138376868
5,27,0.03697216742588658,0.06344767099770106,0.13790153451369241,0.20103808130128828,0.0048963243091692315,0.10861325779670279,0.0023369175937862597,0.00873578983824322,0.0,0.7,0.2,74,2.8813106833348434,1.9702543983137424
5,28,0.03659143448131715,0.07939318893508511,0.18465826271849434,0.26748157394454664,0.0030115791755636456,0.10994951301183628,0.0017964283920755002,0.00875899457220943,0.0,0.7,0.2,86,3.0143485126699905,1.906727673536637
5,29,0.03619030866556469,0.07322885827388197,0.1682068638726078,0.28395581031869416,0.004106999753543924,0.10956175486074168,0.00172344952008209,0.00838461933987819,0.0,0.7,0.2,87,2.986065859370865,1.917185797705212
5,30,0.036172048548382824,0.07308153804766508,0.16805264858815475,0.2840019822263222,0.0032247786180872365,0.10959240389749851,0.00172424393700393,0.00884825926105423,0.0,0.7,0.2,89,2.970209452963726,1.916703857052957
5,31,0.03709542667803964,0.10683863493799933,0.2634420257818829,0.3937509723692049,0.0038218389620802403,0.09951638080512588,0.00327972984103634,0.00731079232995617,0.0,0.7,0.2,114,2.9534566004402,1.9449618466976848
5,32,0.037433523749375495,0.07930618564982769,0.18452202838799237,0.36748135017620515,0.005461258207768331,0.09779692359636873,0.0048355083816146996,0.0063443004958591105,0.0,0.7,0.2,116,2.871422169973947,2.5213776220827
5,33,0.037588545632417675,0.08483206190269914,0.20031507967657738,0.41373473666762073,0.00497700346296329,0.1042568001770144,0.0046711414289442995,0.008013535117091169,0.0,0.7,0.2,119,2.919258140899118,2.180592417212303
5,34,0.03726962001908416,0.08345681235318077,0.19888368135007403,0.4036419858206255,0.007502680620739835,0.10423425543264112,0.0053836013374451,0.00846309153246971,0.0,0.7,0.2,121,2.93836706145629,2.3375357076127683
5,35,0.03578927589585656,0.08583427619543368,0.21144833695187323,0.4253707430805107,0.007307114845169497,0.10390427952988376,0.005409401749443351,0.007746359297587881,0.0,0.7,0.2,123,2.952564450845113,2.21810779027181
5,36,0.03594762143267392,0.11379610073308027,0.2907937497940651,0.47248728007620794,0.005016579387501447,0.10273157404187869,0.00466470239355171,0.00867729484182217,0.0,0.7,0.2,136,2.9143334420715568,1.9723101478406224
5,37,0.035039154728686,0.11134878549068385,0.28826553120788695,0.4828726737575104,0.011501398071774846,0.10567196643164545,0.0047178076498530005,0.0104917125399947,0.0,0.7,0.2,137,2.885892745290667,2.6171191334195028
5,38,0.035658958856461614,0.11168690189598872,0.2885887553721629,0.47795571500500916,0.007246688983946981,0.10237563984637583,0.00482872041460708,0.014396215479642848,0.0,0.7,0.2,138,2.903548795270147,2.537374640157592
6,0,0.9181916942494556,0.9519921305112177,0.9506280772233837,0.16896975644613596,0.0,0.0,0.0,0.0,0.0,0.7,0.2,1,7.263044984775711,26.152089603655455
6,1,0.41150174728072836,0.5562257331626929,0.5436150877648399,0.0950501135727362,0.40832737157253635,0.09306550717018272,6.225230357269e-05,0.00021462544094227,0.0,0.7,0.2,3,4.57080989634,10.229560345844146
6,2,0.12617999363336654,0.18223089558973282,0.15898676943228018,0.024361754515287673,0.38631281264597317,0.10392885157882807,0.00024900921429078,0.0008585017637690901,0.0,0.7,0.2,5,3.0278304268936806,2.4967545979788044
6,3,0.07571651096286125,0.09609297145827118,0.0805067448163968,0.021616551829913955,0.19037567375175096,0.11168709582422398,0.00045891927678300994,0.00196861659300107,0.0,0.7,0.2,6,2.667819614278339,3.360770473974662
6,4,0.06305866455365014,0.06581080081444743,0.03924657937740498,0.0042555455330030145,0.05214048406080226,0.10813636300506899,0.0005602707321542501,0.0019316289684804503,0.0,0.7,0.2,7,2.629259264088238,2.905909485352272
6,5,0.058155938405899825,0.061543293832590704,0.04497694547806819,0.00951081294993649,0.010573212621443086,0.1074540715876203,0.00048175021841620003,0.00166091609655655,0.0,0.7,0.2,9,2.616312196391559,2.1199823683274026
6,6,0.05652163785398351,0.0639229823118836,0.05754668128225099,0.018179402287207158,0.0023894004908122327,0.10067455115135111,0.00037369163232651,0.0008879372453526799,0.0,0.7,0.2,12,2.6498437798305723,1.762641534304539
6,7,0.25566921684596267,0.2731792300619416,0.2873004586309639,0.3111367108773304,0.2005312664091656,1.0,0.00049274003915134,1.0,0.0,0.7,0.2,29,2.774027949192547,80.86270977062922
6,8,0.25511112965017474,0.2720348557679881,0.2861234146133805,0.31366851337259866,0.20154852429080233,1.0,0.00050910699765244,1.0,0.0,0.7,0.2,31,2.767240322181112,81.63454277304774
6,9,0.07763339622665584,0.10513510854007954,0.13974701955374078,0.14545260984886882,0.024450410464335926,0.6539238545534302,0.0005170720001764801,0.11409738895706042,0.0,0.7,0.2,32,2.8441767789409247,90.82633834642434
6,10,0.2532431937036833,0.2736747154247496,0.2979255978724,0.3308704862926578,0.20364608560389832,1.0,0.00050957476819509,1.0,0.0,0.7,0.2,34,2.8230013461305234,81.63185139456986
6,11,0.25224164019070233,0.2715474028936379,0.2957356444101758,0.34234046388944284,0.20194784248273095,1.0,0.00061839985473388,1.0,0.0,0.7,0.2,37,2.7808519935122007,82.33422339298515
6,12,0.25216196974579685,0.27686298126160236,0.31131912437628906,0.3532173008288353,0.20044083985193265,1.0,0.0005723744124231901,1.0,0.0,0.7,0.2,42,2.849696697547363,82.56441386448152
6,13,0.2521128102152335,0.27675979948286766,0.31121293909700865,0.3688778233625917,0.20061961454179314,1.0,0.0005754682483034401,1.0,0.0,0.7,0.2,43,2.8496192130370512,82.61507809937028
6,14,0.0680623133416572,0.10021661025871804,0.15502410631322774,0.18823746309000283,0.0331274974545344,0.2647693663460781,0.0015927683447657201,0.09218376893748628,0.0,0.7,0.2,44,2.90543950411934,92.38704991549956
6,15,0.049607284032462146,0.08614666766905443,0.15116581862501904,0.18930139325179746,0.0035316204400212777,0.09904534225567156,0.00111123437753177,0.00661896659640449,0.0,0.7,0.2,47,3.0048584905079507,2.3635985635078858
6,16,0.047249723456752504,0.07190798071266664,0.11633201658839457,0.20317348926439674,0.004539878140301756,0.09472129667849913,0.00043627281870273,0.0017358017863489301,0.0,0.7,0.2,48,2.992902829638799,3.712680711192909
6,17,0.04840749648625271,0.08923080531478028,0.16445730270495204,0.19856882609584314,0.00267499367909268,0.09821971859637299,0.00104237659618519,0.006220984534164481,0.0,0.7,0.2,49,2.9789683079094864,2.368999967749029
6,18,0.0455047988151463,0.06740999170063987,0.11168353589350498,0.20921006775300383,0.011658441670519581,0.09829624919656879,0.0008590737003386099,0.00422172628570776,0.0,0.7,0.2,50,3.1372007207006125,3.7116337361522014
6,19,0.04377831769649515,0.0807488067946092,0.15576538680451973,0.21563574563029766,0.0025455762616071916,0.09653131155093048,0.00054074813324018,0.0024931377549582802,0.0,0.7,0.2,53,2.912327895280765,2.416822485923535
6,20,0.04166973252507349,0.059530011389475446,0.10358471861743022,0.22009223052231144,0.012187561307313327,0.09284874982131783,0.00056380988526906,0.00442255580689123,0.0,0.7,0.2,54,3.1296915323062198,3.711355173214636
6,21,0.041017378434983334,0.06354176952638582,0.11782508232200885,0.23240634877015529,0.002341492231206554,0.0936768757287824,0.0005793206537804501,0.00459880507710684,0.0,0.7,0.2,57,3.140386490849737,3.711109214191936
6,22,0.04051757063674096,0.05695070678514979,0.10092845924522784,0.23852112162645553,0.002661384175642354,0.09665454274440131,0.0005955582155393,0.00492398115471516,0.0,0.7,0.2,59,3.1220191849759917,3.710213095709753
6,23,0.0396399555742291,0.06079290157865107,0.11500252718984473,0.2487841652658222,0.002582365434575717,0.09367675973291072,0.0005325529785918101,0.00398220445659089,0.0,0.7,0.2,61,3.0755232929370235,3.7114145592499903
6,24,0.03974828109311856,0.06083975373032808,0.11504597738238147,0.252118704098716,0.0015713853939076398,0.09664767362491353,0.0006353462315109701,0.0044374291864796005,0.0,0.7,0.2,62,3.117945005937015,3.710498817331645
6,25,0.0408036491261629,0.06184016849457243,0.11604357303726438,0.25000851606090513,0.0026510811624723906,0.09796263062576478,0.00099838022767744,0.008688143996727531,0.0,0.7,0.2,63,3.252038787527258,3.709600960534474
6,26,0.0398538324309498,0.07681293540454127,0.16180575380139092,0.29385963132346815,0.0020300682862972037,0.10019819812453427,0.00136211281095979,0.00449210852719498,0.0,0.7,0.2,72,2.92307335498646,2.245713762325422
6,27,0.0409079389184304,0.09415839534960582,0.20996108259119,0.32134115396229734,0.003110893552615923,0.1034801194731823,0.00106189996391087,0.01100472081071382,0.0,0.7,0.2,73,3.08540403649283,2.225546372504077
6,28,0.04103749515486351,0.09399669337295143,0.20978355708062463,0.35937523321784004,0.0035583104289860206,0.10474461968673468,0.0012343962482712,0.01233832068319339,0.0,0.7,0.2,78,3.0443618801164307,2.244340022755159
6,29,0.039404177198937455,0.09590650510222798,0.22186228459726873,0.35871686974546674,0.007063047082220332,0.10527491398192493,0.00129479540812806,0.01233678005279394,0.0,0.7,0.2,80,3.072443785107064,2.2271932051199728
6,30,0.0368439338295252,0.08136309029876827,0.18671952382677418,0.367171285628356,0.0031817894019675304,0.09418547884652498,0.00129819357609546,0.00431009785615492,0.0,0.7,0.2,83,3.0961265512444847,3.711503790233923
6,31,0.036020366049299764,0.07981107016821583,0.18512870637828654,0.3767439211819171,0.0029844400564596205,0.09366829145850211,0.00086871805017237,0.00486419079216861,0.0,0.7,0.2,85,3.096479983165509,3.711129535733521
6,32,0.0361667501909093,0.08530742659161042,0.2008907419227249,0.3890246045807141,0.0023518991082631543,0.0936603590864723,0.001275188847691,0.00458479752310504,0.0,0.7,0.2,87,3.082783442394015,3.711132137492945
6,33,0.034107908944760075,0.09756815837878148,0.24385667995787175,0.4146371708902657,0.0032357716108944268,0.09641466272785852,0.0012269593328775,0.00317113804294607,0.0,0.7,0.2,91,2.848898829248845,2.414440131078253
6,34,0.03361916226530282,0.10749482290364111,0.2742994484811775,0.4440440755581391,0.0018684463316255154,0.0905522979418806,0.00107694098965828,0.00329197198707561,0.0,0.7,0.2,95,2.8724213904186766,2.5244486786172025
6,35,0.03330429083345922,0.10549906878567897,0.2722150420257928,0.46830690717820556,0.0046998940947892455,0.08809777980868143,0.00171785799867341,0.00666939234891447,0.0,0.7,0.2,98,3.066868509842504,2.524554152484031
6,36,0.03246384143763942,0.11509060983226939,0.3023236912756767,0.5017207144898601,0.0023779166600749664,0.09444486544587212,0.0015977571673955302,0.00483293381021627,0.0,0.7,0.2,104,2.918410733159456,2.337150966873742
6,37,0.03176692872330273,0.10848075720312501,0.28541868914182367,0.5074967281725238,0.0035769373163668148,0.0872710561070924,0.0013320801411829,0.00426626882201765,0.0,0.7,0.2,105,3.0003524393164,2.350969375169444
6,38,0.031260632524857765,0.11826894693081433,0.31571678914144424,0.5195117655268081,0.0028757057683914114,0.09376183165424265,0.0012587365919356599,0.0045139050943054804,0.0,0.7,0.2,107,3.075270790045761,2.5029078945065977
6,39,0.03147227953784808,0.11294565805888061,0.3001182299083241,0.5234624282716122,0.0025044795504904445,0.09501426983483464,0.0016472639631224001,0.00459343912153285,0.0,0.7,0.2,108,3.070097339227943,2.5009922304053327
6,40,0.030792849898511148,0.11184557377740319,0.29899580048554886,0.5266819399339684,0.0032509907898748366,0.09296278298100252,0.0012385132779237,0.00440438646603944,0.0,0.7,0.2,109,3.137644270753626,2.5034802962527403
6,48,0.028915655904000005,0.14314534652799837,0.40193291755069577,0.5463319558501508,0.007453735903339047,0.11642064700174273,0.00265325347917223,0.01068016547491938,0.0,0.7,0.2,137,2.9251474575921814,2.2968654162426243
6,49,0.02607165299687516,0.13704294789220392,0.395662047130262,0.5449977003854006,0.009935627858713995,0.11631278949576651,0.00255260535426182,0.01016893911636567,0.0,0.7,0.2,139,2.926103266085758,2.293162018450911
6,50,0.025739842324583883,0.13117012982729953,0.3795134214243718,0.5363507319721627,0.0037468993783415475,0.11603613297385489,0.00221984804460775,0.01006603354377014,0.0,0.7,0.2,141,2.891419246985772,2.292632535750757
6,51,0.0247116910799392,0.1266496533809549,0.3748136136654965,0.5488430350546581,0.011868861487669065,0.11023678981506495,0.00372679652423836,0.01375036835872856,0.0,0.7,0.2,143,3.047100380812444,2.2889765564761326
6,52,0.02479393212635983,0.1101165390316693,0.327454387693768,0.5175959171917697,0.0057531690517178685,0.11047249086556463,0.00401537008216442,0.01427715598806896,0.0,0.7,0.2,155,3.0027017308068604,2.290560603695884
6,53,0.024366215349070235,0.11979381765747116,0.35763261165984317,0.5332167973810024,0.008776914468982065,0.1108070490489318,0.0048026708429023904,0.012517423224714849,0.0,0.7,0.2,156,2.9731810137213746,2.292815064432949
7,0,0.9677690119517043,0.9814528644872702,0.9809260306164543,0.1747390156043428,0.0,0.0,0.0,0.0,0.0,0.7,0.2,1,6.033121463326681,26.174010522472784
7,1,0.4501283082044422,0.5950036075909616,0.5834944765445339,0.10264133541929278,0.39871203602117317,0.08580639415339344,6.177791997167e-05,0.00019985916180826,0.0,0.7,0.2,3,3.611281883065452,10.267544179854768
7,2,0.1519601998879993,0.22487184572862415,0.202839810046248,0.03270157301366095,0.3823053514317826,0.09582239729457588,0.0002471116798867,0.0007994366472330501,0.0,0.7,0.2,5,2.387515753068078,2.499609236066489
7,3,0.07323317664756815,0.08581918456841697,0.05982427297752483,0.008148122628123063,0.14458261346216414,0.09970172267325508,0.00055600127974508,0.0017987324562743702,0.0,0.7,0.2,7,2.37130597408321,2.8939674852642936
7,4,0.06932474945748908,0.0785474647592452,0.052356158320299745,0.01006318967280241,0.014657104023995515,0.09538655405688994,0.00033886489637474003,0.00077867104784927,0.0,0.7,0.2,8,2.312289517701276,1.7636755560258277
7,5,0.06815641390877104,0.08165546704001422,0.06566690736611061,0.01692539021257418,0.002903903768692375,0.0960004820869802,0.00037885817279339,0.00088836903850802,0.0,0.7,0.2,10,2.3714034165723024,1.7917332648908937
7,6,0.2672274617679106,0.28002702109641636,0.2639978515343047,0.230596923680283,0.20097489726110107,1.0,0.00034253778243183,1.0,0.0,0.7,0.2,14,2.526849644514803,6.423439311603505
7,7,0.2614030084308196,0.2685617158176394,0.2522090193518718,0.23251946811005933,0.22366298726824319,1.0,0.00023755328483288,1.0,0.0,0.7,0.2,15,2.457946880972706,5.245970405631483
7,8,0.26113487695505133,0.26802670718790694,0.2516588515525243,0.23241430653029216,0.2012680763026513,1.0,0.00023689379848531,1.0,0.0,0.7,0.2,16,2.4576950579067263,5.39885840880864
7,9,0.2609446993530788,0.2730648628158778,0.26695517011474396,0.23660891155332497,0.20108710843312302,1.0,0.00027523653360346,1.0,0.0,0.7,0.2,17,2.4807187361675944,6.893052673500708
7,12,0.26112000885094894,0.27149977224716576,0.26529131458241584,0.2476425337260791,0.2025358698509726,1.0,0.00300387429480293,1.0,0.0,0.7,0.2,20,2.338613029466168,44643659.52710917
7,13,0.26074234732062485,0.27617922310659154,0.2802193936427203,0.2573187369826381,0.2029048606731176,1.0,0.0030130791595814497,1.0,0.0,0.7,0.2,22,2.3642654422251184,44643870.03303898
7,14,0.2607120109796047,0.27612191819711934,0.28016088402049866,0.26497500056384465,0.20214250654063318,1.0,0.00300788744759088,1.0,0.0,0.7,0.2,25,2.3637238455954144,44643796.74855504
7,15,0.25959387696833375,0.27386674326411947,0.27784132849807675,0.26969298724035173,0.20677340188212592,1.0,0.0030147597962123197,1.0,0.0,0.7,0.2,26,2.296526344917603,44643543.94937423
7,16,0.25908288091352827,0.2728483857753882,0.2767944183590539,0.2694817097947455,0.20313287256878962,1.0,0.00299585074028646,1.0,0.0,0.7,0.2,28,2.3263961070690757,44643301.02614968
7,17,0.25623984462839333,0.27821686713357896,0.3025538971306536,0.28125838830533123,0.2127729468285168,1.0,0.00266340261530475,1.0,0.0,0.7,0.2,29,2.612210126298191,7.162510775509264
7,18,0.2532552461146137,0.2736267659700238,0.29787434204400287,0.2959201882537734,0.2069270827930156,1.0,0.00060913774726336,1.0,0.0,0.7,0.2,30,2.4790543675822496,3.5152203739403105
7,19,0.25286306641513673,0.26761890385594383,0.28158639349791886,0.2986062554866379,0.20042833854207134,1.0,0.00028312660442807,1.0,0.0,0.7,0.2,33,2.569575407852604,5.383097890933725
7,20,0.2516268760660348,0.2640351354451619,0.2778723130866811,0.30152317341518003,0.21065523097914887,1.0,0.0017131357304904899,1.0,0.0,0.7,0.2,34,2.461579579596187,4.722830971452256
7,21,0.25246940718173855,0.27555756123856123,0.3099243233421176,0.3169039499736452,0.2026627803055604,1.0,0.0032010161341332498,1.0,0.0,0.7,0.2,36,2.4843385200112817,44643621.7681622
7,22,0.24997263148919846,0.2817171648143276,0.3365020105201722,0.3240202128575282,0.20632060546875414,1.0,0.00263715393365016,1.0,0.0,0.7,0.2,38,2.5113392829446965,10.436926493899737
7,23,0.2484888806108141,0.28950773052654377,0.364744912167419,0.3634001625176533,0.20315609888557853,1.0,0.0026699181718045,1.0,0.0,0.7,0.2,43,2.55247413582967,10.42533543860305
7,24,0.24777796740541297,0.2880275406038991,0.3632226709029013,0.3631087046428155,0.20263120394465903,1.0,0.00266990644812303,1.0,0.0,0.7,0.2,47,2.5483624260307214,10.551688995376844
7,25,0.24770893503391486,0.2874163690620187,0.3625818878219087,0.36972876800358306,0.20446767779988415,1.0,0.0032903739672738297,1.0,0.0,0.7,0.2,48,2.5568291814161124,10.600140389168503
7,26,0.06557960158737522,0.10648806271610814,0.1817195082185497,0.19959033165141404,0.020433290771609547,0.11057425175009225,0.00625930545124898,0.07339643418808456,0.0,0.7,0.2,53,2.414615273700372,2.832355065100371
7,27,0.2461497751229687,0.2780739164819751,0.3428414174826804,0.39498641342464275,0.203478043787871,1.0,0.00412248095259286,1.0,0.0,0.7,0.2,57,2.59671276578322,6.826928765917884
7,28,0.244600827884828,0.2803156513538965,0.35526430065707526,0.4262635008607447,0.20356199809611802,1.0,0.00405534247064603,1.0,0.0,0.7,0.2,66,2.5433237934361985,4.785741077811776
7,29,0.24464220819421034,0.29090285614931627,0.38637396256089385,0.4628077083444865,0.20339310907212707,1.0,0.00456658012429296,1.0,0.0,0.7,0.2,73,2.5052055452456767,24.999816046166703
7,30,0.24268218197254593,0.28679205417407855,0.3821473856033709,0.4684641925759252,0.20735887317471208,1.0,0.00451731363239765,1.0,0.0,0.7,0.2,75,2.4755480571763417,10.445057750087711
7,31,0.24240885830192238,0.2862052765355885,0.3815437937856311,0.4845861980317825,0.20341429006141484,1.0,0.0045269668952949,1.0,0.0,0.7,0.2,80,2.4729167308900557,10.437886200813267
7,32,0.24245880842689282,0.2913163764710184,0.39690453079526955,0.5075601677615436,0.2039142567989771,1.0,0.00508706014831094,1.0,0.0,0.7,0.2,85,2.431101234613999,10.330931770208478
7,33,0.04223574260803018,0.17093100691890128,0.43048017934494137,0.5829369709672707,0.005096658293253281,0.18572579479612011,0.0062560186077838505,0.0029266945934638697,0.0,0.7,0.2,137,2.4547619085728702,32.46936503985134
7,34,0.04326676874614275,0.18788732570981406,0.47822649250554844,0.6080396166744586,0.00675408860776321,0.18075502804733568,0.00806961594622934,0.0035389976152207904,0.0,0.7,0.2,141,2.4702066972569328,57.657318764433526
7,35,0.936013516106798,1.1340799045558623,1.5270713792635402,1.7317147661516625,0.900127425030272,0.08212897609671907,1.0,1.0,0.0,0.7,0.2,172,1336.0594407712583,3.875809538417344e+21
7,36,0.9332347726397088,1.1389802232568649,1.5523426318432452,1.8575692822951164,0.9006479987304263,0.0824789778422522,1.0,1.0,0.0,0.7,0.2,191,1392.3891126304725,1.0083091034670148e+24
8,0,0.9459320503357589,0.9686190841749499,0.9677276512557063,0.17222578146971884,0.0,0.0,0.0,0.0,0.0,0.7,0.2,1,6.605796565916754,26.259793118991567
8,1,0.43612836842872743,0.5811806827554641,0.569278764347171,0.09993693039762382,0.39973916706579427,0.09059434252436548,6.196664586637e-05,0.00021510892421384002,0.0,0.7,0.2,3,3.966317687018516,10.285690187511396
8,2,0.3885022044265537,0.5320694134797697,0.5187408417540257,0.09360882609680131,0.10477348343596007,0.12095947086323389,0.00040125715290158004,0.00456044549595196,0.0,0.7,0.2,4,4.027329600252473,12.272842447609042
8,3,0.11675423000480378,0.16505123621815956,0.1412822663715943,0.024765589242535427,0.7595830319482083,0.11311319922202986,0.00077445098770242,0.00551121682284663,0.0,0.7,0.2,5,3.0631905592723125,14.76904791075701
8,4,0.0736985077326869,0.09226534883203606,0.07657270148413356,0.024447837413913855,0.0802864630494903,0.10492686569027805,0.00043558425670164,0.00168446267026331,0.0,0.7,0.2,7,2.3654450226517847,2.07013969021572
8,5,0.06996670346709612,0.08498234566488631,0.06908171198893949,0.014099531103805605,0.008209967333710644,0.10461125432661104,0.00048064105410278006,0.00166848114232305,0.0,0.7,0.2,9,2.3196118692599748,2.127544303648814
8,6,0.06986890687889111,0.09561231538888935,0.10024367982302243,0.035489485886475054,0.0010842956247440613,0.1055945431322947,0.00050598694350469,0.00193957298929368,0.0,0.7,0.2,11,2.400027717895827,2.6805496645551505
8,7,0.06983003943057821,0.09553621264686404,0.10016528636041,0.035474501238839565,0.0008989371550576855,0.1055945431322947,0.00050598694350469,0.00193957298929368,0.0,0.7,0.2,12,2.397568622252252,2.6750224786021635
8,8,0.06977512687754854,0.09544004272481543,0.10006662076435835,0.03544627227565474,0.000905218598793607,0.10552809208416539,0.00049787185165898,0.00191001152464518,0.0,0.7,0.2,13,2.3844776962546863,2.572688520301493
8,9,0.06873323513565413,0.09918251808550746,0.11404168650163644,0.04834481099204515,0.0017720788074169164,0.10849453809318832,0.00025964974619287,0.00098569123485772,0.0,0.7,0.2,15,2.425211008107701,2.823521243045433
8,10,0.06739066044189337,0.09650080897549658,0.11128209133086704,0.05379554015326496,0.006059232392295623,0.11793278519238456,0.00026068446202123,0.00122632286605013,0.0,0.7,0.2,16,2.445930382842706,2.7822359279654694
8,11,0.06946176207029565,0.09311038611407824,0.09762003469704651,0.06431927398427645,0.0025509948170824048,0.545411810029786,0.00027776368246468003,0.01160809515256165,0.0,0.7,0.2,18,2.423614438814116,4.28887554420344
8,12,0.0667887125589823,0.10079971495307055,0.12582018687286103,0.0694482492843718,0.0011259133258146206,0.18057485891338632,0.00025328656018538,0.00105497148533827,0.0,0.7,0.2,21,2.40412142218347,2.6535851255669267
8,13,0.06545498022717942,0.08691806510379511,0.09130190343576335,0.0673215480249165,0.004225957673021945,0.10414079764494075,0.00035688846474887,0.00254320054552213,0.0,0.7,0.2,23,2.407810535094438,2.577946147613776
8,15,0.06195331239876839,0.09049227731595784,0.1151992302588214,0.08451805551264752,0.007654137467212316,0.12968611158459226,0.00066622416889743,0.00325197453317314,0.0,0.7,0.2,25,2.351005294451632,5.35858588866223
8,17,0.1251917736314521,0.16022030254701292,0.20521995464174567,0.19114853841515547,0.06977935486818493,0.2637349844229146,0.03265496715432717,0.22926714656441,0.0,0.7,0.2,31,2.308158458231643,26.719993275986337
8,21,0.08334106954624537,0.13238072632908493,0.20806173894734356,0.221816760319558,0.029248951532267253,0.1993638448801598,0.01405911742261958,0.09639943477583736,0.0,0.7,0.2,46,2.33499811035584,12.225709086605354
8,22,0.16786655339694304,0.20904373786352043,0.2743193389518122,0.29830124706444155,0.12574769132315272,0.30430211905194116,0.05313985469203517,0.3938592687806969,0.0,0.7,0.2,47,2.362286139095678,59.50370625394737
8,23,0.08028315136059755,0.12041095401000432,0.18562824297369268,0.22449962158447548,0.03149855973618719,0.20322459394492567,0.014443808200092159,0.096375473033698,0.0,0.7,0.2,49,2.3884609805974453,11.487640381458114
8,29,0.7664316145826067,0.8557025678711853,1.033309213320522,1.244330321888268,0.7265546526959216,0.12689585937748765,1.0,0.12737246136789696,0.0,0.7,0.2,107,2.384578925130586,12.777764256672592
9,0,0.9627242757053422,0.9785074557424338,0.9778969632164433,0.17416222062819897,0.0,0.0,0.0,0.0,0.0,0.7,0.2,1,6.174923571623331,26.07748315525044
9,1,0.4490015837030517,0.5939005452377375,0.5823601494653625,0.10242632772162875,0.3968148529396677,0.10212849781063411,6.192554403813e-05,0.00020563358807214002,0.0,0.7,0.2,3,3.6431162582087233,10.22018751865216
9,2,0.09907113387158928,0.13993310228507028,0.12559895670072038,0.017853395990882325,0.4747010294630039,0.11716510773385555,0.00036013947609254,0.00119590023512323,0.0,0.7,0.2,5,2.0915842087948526,1.6809836635396265
9,3,0.08014119306565737,0.11002141528651485,0.10494732819927506,0.01704262247994844,0.03738187933570858,0.11918953635789824,0.00051387230682138,0.00170639447588104,0.0,0.7,0.2,7,2.106710224740259,2.4179920963751447
9,4,0.07895888516162196,0.10778771496242356,0.10265092314610168,0.020733386799496076,0.0029528691585950784,0.11900066445000272,0.00049598948769865,0.00164701173943246,0.0,0.7,0.2,9,2.0928015747681763,2.255084837276936
9,5,0.0789556952339658,0.11322656856932799,0.1183601331236636,0.026448121261911803,0.0006828267349732785,0.11900066445000271,0.00049598948769866,0.00164701173943246,0.0,0.7,0.2,11,2.0931531933580443,2.255548982003244
9,6,0.07756115929013184,0.11085232050676533,0.11592762295198827,0.03570893331658037,0.001769315443459138,0.11887962169589165,0.00026188651925875,0.0008673403576115899,0.0,0.7,0.2,14,2.1142405055572104,2.47390532841151
9,7,0.07741748122748401,0.10512991882179593,0.09992642601923718,0.04302703221275361,0.0009536840507569985,0.12440953084728923,0.00026898434732441,0.0008720389730692199,0.0,0.7,0.2,15,2.243952178705827,2.5120002665905488
9,8,0.07565212628814225,0.11262962417554558,0.12787121913819485,0.03745175444001464,0.007350401957056107,0.15513117869593168,0.00026290959606704997,0.00089211815680456,0.0,0.7,0.2,16,2.186749169991037,2.5174445827351946
9,9,0.07470399620808175,0.10536070266091592,0.11027964991187332,0.03954553095272846,0.004111632428553433,0.14472524304928697,0.00026178561922222,0.0008788723960959499,0.0,0.7,0.2,17,2.161737397557308,2.4999961498692684
9,10,0.0746797447849339,0.10531466892422993,0.11023273022931337,0.04371851735670915,0.000450797699395368,0.12498479202636056,0.00026173868025857,0.00087401912446207,0.0,0.7,0.2,18,2.1606010616848272,2.4991402756821643
9,11,0.07782415808539268,0.11780528018606415,0.1431734640630683,0.06272108316351871,0.007363185933649056,0.12275784343063852,0.0027187342541333498,0.01628573641091607,0.0,0.7,0.2,21,2.1402554415955817,2.466556024898039
9,12,0.07212771311524266,0.11126221776442968,0.13658056951841974,0.06963740053909619,0.00395655692608231,0.12437648331962481,0.00026674884902013,0.0008792640746855899,0.0,0.7,0.2,22,2.146309777385332,2.531279496777236
9,13,0.07198752850733921,0.11099080616775833,0.1363016547830194,0.06958351578542121,0.0009199211905535196,0.12451600964813347,0.00026472104656487,0.00088187178438397,0.0,0.7,0.2,23,2.138186817475587,2.5337579939403527
9,14,0.07198673581437126,0.1109891692482766,0.13629999963554632,0.07239718278477789,0.000364905682678885,0.12455187820654028,0.00026473364511946,0.0008819512516440199,0.0,0.7,0.2,24,2.138658569746936,2.534226898064597
9,15,0.07193813887669724,0.11633789816217757,0.15191662103360068,0.07717998031500135,0.0005655195073905592,0.12444041796178833,0.00026628337469363,0.0008853449595344501,0.0,0.7,0.2,25,2.141389435011238,2.534951083475316
9,16,0.07169937228244366,0.11587873360380065,0.15144457942364295,0.10018611718954189,0.0008265539996979308,0.1213309044993887,0.00026276768840784,0.00087244709098545,0.0,0.7,0.2,27,2.1472581358357634,2.345207104792526
9,17,0.07205423420130615,0.11596464798589039,0.15151467705157548,0.12049336102918393,0.0013785471112647634,0.12570172499517474,0.00100550683036162,0.00147071078655327,0.0,0.7,0.2,30,2.2091538602591885,2.47682814357172
9,18,0.07020528904093568,0.1115065034480045,0.14690458792892414,0.10523568627992623,0.012935709958650905,0.1192749755043248,0.0024483917532780097,0.00089047296981133,0.0,0.7,0.2,31,2.24754345584086,2.500646077281901
9,19,0.08752965720448974,0.11806030622949577,0.14288088225526227,0.1356821579160129,0.032108915279237045,0.11812785842813797,0.0058476084407668005,0.10296950376026404,0.0,0.7,0.2,34,2.131498399738299,7.156657437829549
9,20,0.09051092269266672,0.1248283862572647,0.15982495985406012,0.1453918267505454,0.03277403324717909,0.11799273971712472,0.0070337383239095705,0.12208216212494054,0.0,0.7,0.2,36,2.0908210857478324,7.184559299713468
9,21,0.08528253094802432,0.12487447212962025,0.1701319019968862,0.17010640025072749,0.024399701648927546,0.12401540426786568,0.00901446085697996,0.08986155037972957,0.0,0.7,0.2,42,2.1184890877423013,7.039760362968481
9,22,0.08528146945794501,0.12479416267375523,0.1700473319779941,0.18861062691429115,0.024442598813266696,0.12402078791151967,0.00899665012970942,0.09031576988857933,0.0,0.7,0.2,46,2.1163213933921403,7.032383273752224
9,23,0.06600216163259351,0.11718728907444512,0.19298846694522614,0.19378485196397796,0.01926331815248797,0.11732865257370313,0.00353197801188355,0.03611967717811196,0.0,0.7,0.2,48,2.193421410847876,5.107370612622668
9,24,0.06949120789750948,0.11981076216975983,0.19556355826221838,0.21426338789686863,0.014735495777933916,0.11499506068173238,0.00511872612228514,0.05223418213859954,0.0,0.7,0.2,53,2.2417604278488064,5.971557636305587
9,25,0.06948312986446711,0.10889409490138328,0.16410473913310375,0.19499982243083097,0.014118919457768903,0.11511099627467984,0.0051313923872478,0.05224263309476275,0.0,0.7,0.2,54,2.242541432991819,5.97629809906986
9,26,0.06883519269837404,0.12454247176239293,0.21056255014723996,0.24146770506042523,0.01343852685531571,0.10578379744664715,0.00437288721005084,0.05184228210700683,0.0,0.7,0.2,71,2.021986650699997,2.9844444225508964
9,27,0.05498821586436249,0.11942827186733063,0.22586868600779925,0.2709064094265818,0.006057181475675036,0.10705525893344503,0.0017875003123560302,0.00210909954974879,0.0,0.7,0.2,73,2.308528986145516,2.0993731150973955
9,28,0.054282591942296246,0.12357732242148695,0.24025581933333656,0.3088091625716316,0.0019308476026402603,0.10705422043007722,0.0016134655704717698,0.00202094478040956,0.0,0.7,0.2,79,2.3012240131587536,2.095658266824051
9,29,0.054235236239688525,0.12863378240204054,0.2555639815930373,0.32353172005822556,0.00249369782731147,0.10682130826073441,0.0020131108475066597,0.00200606509620774,0.0,0.7,0.2,81,2.303935861535403,2.118877935728615
9,30,0.054426249922327516,0.14621849911228263,0.31398866825983224,0.4132811389271802,0.007090502904348907,0.12135608520376129,0.0052630243148610294,0.01235055084569573,0.0,0.7,0.2,98,2.2204801796217857,1.6713810693550166
9,31,0.053802988034999145,0.15050785940273348,0.3285191765089061,0.4422464356290481,0.006563580353854742,0.12093465368010756,0.00527592996027745,0.01167823327193827,0.0,0.7,0.2,102,2.224074514336838,1.7236278025118403
9,32,0.05236919961598207,0.14776646554954773,0.32570612888873046,0.44936087418634896,0.007539580419631318,0.12144591395443334,0.00473169918050503,0.01250032026217637,0.0,0.7,0.2,105,2.2192194299167114,1.6758197305577318
9,33,0.05196415324542518,0.14685957214203552,0.32477171437776114,0.45662267065496276,0.00786254750231349,0.12064851698523545,0.00490239987623364,0.012204580498380909,0.0,0.7,0.2,106,2.203963913331907,1.657075087871184
9,34,0.05237047381635669,0.15813112757382106,0.356583319786394,0.4903008718319025,0.006522658544305829,0.12300985181577269,0.00531308242404493,0.012910904022728851,0.0,0.7,0.2,110,2.206794006609862,1.714580241680806
9,35,0.05192549393365003,0.16284706555953193,0.3715543893523788,0.4981363403789548,0.006158169681884047,0.11880103152432656,0.005148490583227109,0.01257504168066414,0.0,0.7,0.2,112,2.242968134719104,1.713715831385752
9,36,0.0524081669943353,0.17948199939687032,0.41899108570668103,0.5556569549968235,0.006783897323713042,0.11962170846542912,0.00590615528868455,0.01317920466451506,0.0,0.7,0.2,120,2.244942895680083,1.7217119249164317
9,37,0.05165624982853293,0.1833125988625688,0.4330449806251651,0.5751445021812716,0.00767095065034158,0.11960415381685965,0.00584156240843625,0.01361899642756792,0.0,0.7,0.2,124,2.257266656006995,1.737233669923082
9,38,0.05165624984753055,0.18875743434439218,0.448760630065727,0.5950242583191462,0.0068129960553431415,0.11960415381685965,0.00584156240843625,0.01361899642756792,0.0,0.7,0.2,126,2.257266656143844,1.737233669043328
9,39,0.05101585771982686,0.2372866758900419,0.5897344505242677,0.8178476836522449,0.006029551494799631,0.12032416923920557,0.00514100043534175,0.01210357691856745,0.0,0.7,0.2,187,2.222480497218686,1.7807964421299791
10,0,0.865574073937037,0.9193968940776115,0.9171070326103361,0.16258653149131036,0.0,0.0,0.0,0.0,0.0,0.7,0.2,1,8.59259456742152,26.069322268479095
10,1,0.3837934980790281,0.5271126661077653,0.5136746839579258,0.08934730923431151,0.4047326049955551,0.09403024566853256,5.963308956764e-05,0.00021409051370122,0.0,0.7,0.2,3,5.259055510567106,10.229465316122042
10,2,0.055774371634724505,0.056842560351942455,0.04014591705783422,0.0016323879324205398,0.49164171224651115,0.10776013184044919,0.00039099897270414004,0.00140373694419988,0.0,0.7,0.2,5,2.879262080066503,1.720543196819063
10,3,0.04985424663924779,0.03945736782222163,0.012155188310081983,0.002410990404026068,0.008496324763852163,0.10076016373253882,0.00033303157467452,0.0008146741264695599,0.0,0.7,0.2,8,2.808726127398064,1.7536084539173094
10,4,0.04976499627541596,0.03927342516846283,0.011966092079194846,0.005994314004855372,0.0007753192675129719,0.10076016373253882,0.00033303157467452,0.0008146741264695599,0.0,0.7,0.2,9,2.8060646708404504,1.7545966963981996
10,5,0.04895628355894025,0.04305016166851461,0.02596618082727679,0.007382943102507825,0.0038335632498684414,0.10050552149932815,0.00033439757469831,0.00080497475395457,0.0,0.7,0.2,10,2.8105949093077105,1.807178841739204
10,6,0.04752662055810065,0.034867186831023605,0.007440089282069091,0.0206614108914867,0.001969482296628001,0.09860563852858596,0.00017004508634179,0.00043090526232469,0.0,0.7,0.2,13,3.075637633455796,2.102190266557728
10,7,0.045542486928916937,0.030729789153207277,0.003185207439801835,0.021920984342996466,0.008700771664813655,0.09927151228809253,0.0001693351730198,0.00042208757461057,0.0,0.7,0.2,14,2.9868863325120447,2.0152689521583773
10,8,0.044302434112940776,0.028075882754600632,0.000454311128693349,0.028156985926962547,0.005843649640895244,0.1067073473741322,0.00020359148962523,0.00058326679690651,0.0,0.7,0.2,15,2.890641066732122,1.6999146902745854
10,9,0.04422713383511309,0.027901440083764644,0.000274483096768574,0.030352432623869087,0.0006655103830195668,0.10853605985226034,0.0002206765450255,0.0006000475762536199,0.0,0.7,0.2,16,2.943956826588879,1.6836167117828418
10,10,0.044020168883181186,0.032975012123440096,0.015609761185278577,0.028016785405703105,0.0008673804145454521,0.10082278006435604,0.00018725571604218,0.00043426869703414,0.0,0.7,0.2,17,2.978017788365728,1.9964062816455628
10,11,0.0403606654182375,0.030485787144992234,0.023159743405753882,0.04564517815925228,0.0032255739829666476,0.09999192826284233,0.00049463345590678,0.00040061884164399,0.0,0.7,0.2,23,3.074619638991993,2.012245284363761
10,12,0.0403606654182375,0.030485787144992234,0.023159743405753882,0.05055552896051448,0.0004265067803226437,0.09999192826284233,0.00049463345590678,0.00040061884164399,0.0,0.7,0.2,25,3.0746196389919924,2.012245284363761
10,13,0.03979131745152164,0.029271955437301735,0.021911183549248536,0.05277898251981398,0.002951933556946341,0.10249373929737052,0.00050134542585123,0.00041280408960517003,0.0,0.7,0.2,26,3.053895108088976,1.9043575275294788
10,14,0.03906318455385361,0.03713141223940917,0.05018844113130851,0.066266618354743,0.010712924955334066,0.10312749471009093,0.00231594078909047,0.00063981015382185,0.0,0.7,0.2,27,3.027236972556512,1.918618501573432
10,15,0.03647766519438097,0.03856715020746591,0.06181882660486333,0.10348362949656854,0.001029088010548116,0.10945913234948398,0.00035501090924639,0.0008370373999292699,0.0,0.7,0.2,36,3.1198066865958047,2.099459330361843
10,16,0.036457025149725576,0.04396381763220212,0.07748450920054246,0.11221106763053795,0.0004725663207186411,0.1095233352227768,0.00035996048520794,0.0008372573624884701,0.0,0.7,0.2,38,3.1188223790180607,2.0982208404510443
10,17,0.036314242127120436,0.04368118613062975,0.07719446570019713,0.117842751247926,0.0009390758439238066,0.10915337664508536,0.00032721258368072003,0.0008497450963865999,0.0,0.7,0.2,39,3.102461420911709,2.166813921876117
10,18,0.035762155709176235,0.046277784494395804,0.08993974081646737,0.12459224845827768,0.010720437788278345,0.108596955971519,0.00143064080986128,0.00424143125672486,0.0,0.7,0.2,40,3.052098261011853,2.511771596285173
10,19,0.03557764674525157,0.051324492967721624,0.10524578441487994,0.1334812128674983,0.002259499632484013,0.108596955971519,0.00143064080986127,0.00424143125672487,0.0,0.7,0.2,42,3.019674782569052,2.662476031364838
10,20,0.034985557090048684,0.05004700928386986,0.10393206055082463,0.13631147008874567,0.004481958946181689,0.10831156749554831,0.00143051007435738,0.00424012188775885,0.0,0.7,0.2,43,3.0021776109462484,2.607601537953234
10,21,0.03331719001195514,0.039827778168364684,0.08327811157360769,0.13923214428578223,0.014746384009477026,0.10604018041474468,0.00245791132142192,0.00561484625571071,0.0,0.7,0.2,44,2.9488985926133204,2.58294796643744
10,22,0.033261338565928195,0.039706146711677826,0.08315296201007967,0.1422291625508093,0.0030928332428584292,0.10604018041474468,0.00245791132142192,0.00561484625571071,0.0,0.7,0.2,45,2.969223272749234,2.52771658357802
10,23,0.032451651942000184,0.03854392969033432,0.08197211145945882,0.15092395981550558,0.003005057509073335,0.10842813590002551,0.0020898378821096,0.0043529708333983,0.0,0.7,0.2,47,3.169850800778192,2.331742014429055
10,24,0.030950171463301094,0.03477830892390281,0.07808803775682696,0.16305021294888922,0.011362614540578908,0.1066748982325417,0.0024269483197492,0.0052325245442888,0.0,0.7,0.2,48,3.1301758664619888,2.3524546448815578
10,25,0.03050405364988216,0.03380125948333217,0.07708297316873539,0.1659974026677908,0.004758957829677487,0.10642784035007302,0.00242555286704848,0.00523486682851822,0.0,0.7,0.2,49,3.079234733418785,2.414041929403357
10,26,0.030337813664614098,0.033487062317012865,0.07676136844915535,0.16276235965664565,0.0032652236736566307,0.10638958808140017,0.00231857687740089,0.00539834268879719,0.0,0.7,0.2,50,3.048380818319794,2.4477797449450005
10,27,0.030541677260150012,0.03905385711732633,0.09259441399502348,0.16614504054797127,0.0032966017898437457,0.10699888220506729,0.0026773638232840302,0.00550510423129828,0.0,0.7,0.2,51,3.0217801712046257,2.542348002544851
10,28,0.030104597297215003,0.032744468462739866,0.07599209831283406,0.18789015225750771,0.003701252948085535,0.10588520073110581,0.00253064139333819,0.00562396473576712,0.0,0.7,0.2,53,3.0328071799687675,2.452133225251317
10,29,0.029841524387692837,0.03755667286224406,0.09105586828155121,0.18780139170957263,0.0034065581524606245,0.10593385734373024,0.0025415984916652397,0.00581052696886697,0.0,0.7,0.2,56,3.086927184147052,2.4273274396619327
10,30,0.02943988982099794,0.04751181135875661,0.1215242484314122,0.19121776925751086,0.004013713057190156,0.12094011004864628,0.00295813311881368,0.00460423963885624,0.0,0.7,0.2,58,2.986880645958269,2.755044960942951
10,31,0.028857196569987417,0.04625998946738128,0.12023746165030617,0.20372476402536968,0.0035902505793342573,0.12120810688828457,0.0029020570022429302,0.0046520479829232995,0.0,0.7,0.2,62,2.954039602782744,3.0203991814255287
10,32,0.027905972404380894,0.04960020195687115,0.13378861159280986,0.21339254252062373,0.005126940913631225,0.12120810688828457,0.00290205700224292,0.0046520479829232995,0.0,0.7,0.2,64,2.982461465828599,2.981738282988801
10,33,0.02775335908302061,0.05103416850757494,0.14529369671613088,0.21502866954616565,0.013215772461677223,0.11342771521157642,0.00690320057767372,0.0056940135324451,0.0,0.7,0.2,66,3.14804401862892,2.824078596754335
10,34,0.025742084781016715,0.05924794956624088,0.17401454392962049,0.2979755973677227,0.004720280869290538,0.12272914534178525,0.00468255220626021,0.0060903094414672,0.0,0.7,0.2,77,3.030528233345284,2.851977746385338
10,35,0.025178733518921984,0.06865308321654996,0.20391374820123026,0.3567937475911949,0.004906006150276232,0.12142780198738416,0.00450284575861111,0.0076246946343295095,0.0,0.7,0.2,92,3.070191651460493,2.7910731466402154
10,36,0.027364379335154135,0.0696461453219501,0.20484552202346817,0.36407559101079745,0.012259482182935398,0.11581128263797665,0.007864013428788801,0.01158415419432946,0.0,0.7,0.2,93,2.994731865222516,3.721028555231948
10,37,0.027101903690531087,0.07419373280696794,0.21963105812714348,0.39188942711841135,0.008538825230775536,0.11845395885488556,0.00712960030314406,0.01538354314558173,0.0,0.7,0.2,98,3.0273526946826976,3.6283029261480113
10,38,0.02590651471583857,0.07182255077228922,0.21719983786906108,0.3994412266989522,0.012172329075349042,0.11984521656412357,0.00687608281320289,0.01498624647438473,0.0,0.7,0.2,99,3.021221904108467,3.6045806591665737
10,39,0.025811286996375464,0.07705184676292351,0.23269377231990968,0.4099417800224105,0.008033286770430996,0.11984524790726363,0.00687608550899505,0.0149877695164687,0.0,0.7,0.2,101,3.001270476625021,3.6182139964472095
10,44,0.020774106872566294,0.07240336426099778,0.23805925752004195,0.4761991495583058,0.007098135648728278,0.11526710097631232,0.00580831212537044,0.01343068105439699,0.0,0.7,0.2,128,3.111866954168741,2.6539867302520777
10,45,0.019649509187663464,0.06995567724788884,0.23554457809580645,0.47564131582201563,0.009077876415819381,0.10528166456009987,0.00559253270863528,0.013697704083445039,0.0,0.7,0.2,130,3.126113558467863,2.6442844855307657
10,46,0.01864544550761057,0.07848487807308527,0.2645467112250268,0.48048477888330365,0.011653895674465096,0.12085681646637896,0.00511080390472816,0.01559749544840007,0.0,0.7,0.2,131,3.019797682942811,2.2967078910377787
10,47,0.01830994237409654,0.10850709785827137,0.35607691753950804,0.6525452496018673,0.008403472568880764,0.12298121333910184,0.00693294123127236,0.01639421254202974,0.0,0.7,0.2,162,3.0653378194389544,2.3158875614263925
11,0,0.9245945818180217,0.9558630682365765,0.9546090652408311,0.16972773379343387,0.0,0.0,0.0,0.0,0.0,0.7,0.2,1,7.1060813347577,26.177629591710303
11,1,0.42176471852898634,0.5667270713718693,0.5544146792590656,0.09710631872951349,0.4014885943363485,0.101732715057084,6.006979649277e-05,0.00021972489627826,0.0,0.7,0.2,3,4.315705517488787,10.23008168118552
11,2,0.375763107406283,0.5183552077325096,0.5046341150620441,0.09100492640539731,0.10356284503139146,0.16535953694370606,0.00039070160882524003,0.00511203158255041,0.0,0.7,0.2,4,4.3449282124061614,12.245789691477242
11,3,0.053226497360076744,0.05149569918312931,0.03464277506231334,0.000707420999359464,0.9736640823935542,0.11776884480066936,0.0004941590821767201,0.0018075482091788001,0.0,0.7,0.2,5,2.746584505220234,2.3801962128420007
11,4,0.05321607027407189,0.05691909961315965,0.0503361103636959,0.015551058272184672,0.0007293567095489468,0.11776884480066936,0.0004941590821767201,0.0018075482091788001,0.0,0.7,0.2,7,2.7458135658924405,2.378709065619471
11,5,0.0531997098975919,0.062334892922355264,0.06602196825145376,0.04324981215796425,0.0007090691435892908,0.11792474150835217,0.00048940315570641,0.0018036054828331999,0.0,0.7,0.2,16,2.745903579587756,2.359802675201513
11,6,0.05319238934229186,0.06776692449594127,0.08172424916199145,0.05040023992758594,0.0007117821749884498,0.11789829247696226,0.00048800654415049,0.0017976463035940498,0.0,0.7,0.2,18,2.7441364231822205,2.345498488954566
11,7,0.052718458025000824,0.07222675507637781,0.09642622957165618,0.056649368530625854,0.002778621578538593,0.11799700071732773,0.0004995384996497999,0.0018321104055376701,0.0,0.7,0.2,19,2.7904726487330302,2.4510817556408404
11,8,0.05303531695414568,0.07177743325574962,0.09593416652567,0.05362432847655482,0.004852572625110366,0.12088123916822813,0.00136170487932263,0.00405357078189423,0.0,0.7,0.2,20,2.6822934943707017,1.952950226135233
11,9,0.050951973472214626,0.07442699897177073,0.10881507255851955,0.0660796743482439,0.0017882803410510578,0.11861551560635739,0.00025009041186818996,0.0009085091269315599,0.0,0.7,0.2,22,2.717320774472096,2.341117345430344
11,10,0.05332004645411003,0.08220543483299586,0.12686235042477156,0.07912640509333274,0.002827779653724202,0.11929619309456192,0.00026192759600102004,0.012872392159628099,0.0,0.7,0.2,24,2.695555198913334,2.362514121260837
11,11,0.04988093493532532,0.0706486374082361,0.10488754672935718,0.07519144778220144,0.012537665392628298,0.12141160946474008,0.0014070448660815,0.00425188527676991,0.0,0.7,0.2,25,2.72571141463699,2.345742513344275
11,12,0.045978639794693806,0.06956800705416914,0.1139335167378821,0.09838184038924898,0.002980335748620266,0.11744899450644583,0.00027317887028157,0.00089724880592806,0.0,0.7,0.2,29,2.7333386160898243,2.3192507264866618
11,13,0.04493851842226783,0.07276197690922458,0.127332141513722,0.09800080015619371,0.0028429063672425676,0.1178508102067746,0.00036854597834704,0.00093474353573603,0.0,0.7,0.2,31,2.7645409234591622,2.526625835456645
11,14,0.051236716842005856,0.08956800815520151,0.1646586123444087,0.12608640909925375,0.007470576348986898,0.11752402426781602,0.00101918992081634,0.03189903545682391,0.0,0.7,0.2,35,2.713415113235468,2.4620301564247
11,15,0.04038762573486539,0.06816452894922247,0.13270783963439822,0.13183898139378752,0.005884701925579301,0.33687023836967755,0.00073886367259053,0.0017461879070200799,0.0,0.7,0.2,39,2.862978968818272,3.123229890988921
11,16,0.03889392087972036,0.0650841005217129,0.1295421016991196,0.15585668330844887,0.001668565465519323,0.11942688155397727,0.0007071413499413601,0.00144964036235962,0.0,0.7,0.2,46,2.8455118772547365,5.160749332184618
11,17,0.03876505655469759,0.06457622574875078,0.12901412226698672,0.17162150695721262,0.0024660890929821123,0.38845793840633774,0.0008388512976453299,0.00202345194468647,0.0,0.7,0.2,47,2.87539644539696,3.0759573668400075
11,18,0.03877505480051685,0.07002993790505511,0.14473856869031082,0.18763598331344353,0.0010053459315894483,0.3914832315325421,0.00084932280878991,0.00204198563557614,0.0,0.7,0.2,49,2.8770326246544315,3.078072626214769
11,19,0.037566021144617,0.08371358228755847,0.1891566188417983,0.20658573691258156,0.003864011617845257,0.39027712310524976,0.0009376674139712699,0.0020465246612355803,0.0,0.7,0.2,51,2.834521638375985,3.1042471153528437
11,20,0.03626326145312984,0.06996430226602272,0.15478344557408721,0.2126577339587389,0.00263247585070058,0.4319550322756899,0.0009619855663748801,0.00226578716841495,0.0,0.7,0.2,55,2.8592894051179942,3.0735426686734195
11,21,0.036199586962236394,0.09124545214904274,0.21712392376461997,0.26975263866903815,0.0015705088426201902,0.4285464799800793,0.00134418363079671,0.0025031470345639,0.0,0.7,0.2,68,2.975345052510288,3.579022430160482
11,22,0.043292529874987995,0.07750829954778012,0.17233703173590056,0.2816448841709641,0.02104230229321537,0.16467240257334118,0.01738371945787717,0.00120306407880163,0.0,0.7,0.2,70,2.869668734928269,3.351135463601792
11,23,0.043059750267414966,0.0879023654656999,0.20325842551701256,0.3031670480209448,0.01265161878334809,0.1654785704293195,0.01737789166295422,0.00117972689804509,0.0,0.7,0.2,74,2.8549088138644096,3.1828120588146818
11,24,0.04220045763084862,0.08090151454429761,0.18595055902392163,0.3018605013797942,0.012576263829409642,0.10316001212673145,0.00629675246898456,0.03862827628830109,0.0,0.7,0.2,80,3.015697918846906,2.419327657718239
11,25,0.03693439067516389,0.07814240350635454,0.19330788337264562,0.31305563368195927,0.020516161888927582,0.36835104204234065,0.00454143645528833,0.03083093435335099,0.0,0.7,0.2,81,2.967231810899699,3.072688416882379
11,26,0.034787030932161775,0.08120268280589507,0.20662674622709087,0.321900944742974,0.008295976143303175,0.383831456366734,0.00352255429509893,0.02465430208418888,0.0,0.7,0.2,82,2.9092363181462484,3.088886109742665
11,27,0.032863747213751925,0.07867061960750134,0.20406254636232454,0.3272153045024313,0.008286362004667407,0.36320482886441774,0.00539786546609011,0.011017634331286639,0.0,0.7,0.2,83,2.953454189185552,3.089451713731608
11,28,0.03227599383475301,0.07735622874302092,0.2027106400271671,0.34434232778380963,0.006686780458228006,0.35678264661049947,0.0054381911362271305,0.01096519172251418,0.0,0.7,0.2,87,2.9936432998012528,3.0776976540747043
11,29,0.033643309539305756,0.1270778161970956,0.3448338943370999,0.503320065459621,0.007990750284977081,0.13553612279288627,0.00270766396324051,0.030054373169156202,0.0,0.7,0.2,116,2.8265637283886265,3.319360829880724
11,30,0.031136595484326048,0.10741610234343527,0.2943174685294562,0.46939764457896666,0.006698021798147992,0.4561275916074631,0.00558731249705632,0.010840172755501771,0.0,0.7,0.2,121,2.9071030601331027,3.1870403225481825
11,31,0.030008371807155244,0.10458137201152157,0.29139457079018766,0.4690648534610196,0.012773690042111216,0.5423360053109808,0.0057856672448493495,0.0115293083478507,0.0,0.7,0.2,122,2.919459326881062,3.185410343976059
11,32,0.030008370199698688,0.10458137075574357,0.2913945695344097,0.4763879612929757,0.006356193372024834,0.5423360053109849,0.00578566545042166,0.011529308349457649,0.0,0.7,0.2,123,2.9194593180872994,3.1854103439759798
11,33,0.031224438273684256,0.10553913369781487,0.29233888846887146,0.48138529689535026,0.008753132639651207,0.5423354534708452,0.007832748804837749,0.01150370967294645,0.0,0.7,0.2,124,2.8859645009015686,3.185400912727232
11,34,0.025234329642342745,0.11578923663117699,0.33339624842526394,0.5366335294489962,0.0019754461588291617,0.12986874691949865,0.0015559454698966901,0.00390790585642233,0.0,0.7,0.2,131,2.978762291999092,3.8046050057897065
11,35,0.02540111833976964,0.11590225159829887,0.3335064557312607,0.5405534127903736,0.00283129771708114,0.1298411743215398,0.00185942562840559,0.0038993199223019298,0.0,0.7,0.2,132,2.9884647752176927,3.7991627043231815
11,36,0.026555786941320287,0.10509581533238659,0.302103440257943,0.5608434557195258,0.005656202538712542,0.13142643637985948,0.005172629384904421,0.0024522892460107698,0.0,0.7,0.2,134,2.990817275782192,3.231729623215814
11,37,0.025625729644959707,0.10873208357385035,0.3159647118230011,0.5715008212011252,0.004717010390692004,0.13226339642340693,0.00484998399290475,0.00250457535000708,0.0,0.7,0.2,138,3.0016188760079503,3.332769348204612
11,38,0.023071764694903355,0.11123241917341849,0.32871583874809757,0.5803100827152594,0.0020234110893922433,0.13162524824320726,0.00162340198910962,0.0026118964978696798,0.0,0.7,0.2,142,3.0528478576936298,3.5347069713322727
11,39,0.024408430371528768,0.11667603912594894,0.344361185367073,0.5986582397534455,0.006570110684147882,0.1316115880928146,0.00507277708625824,0.0026255323233262103,0.0,0.7,0.2,144,3.0366951911465505,3.5331191192033726
11,40,0.024291273853284535,0.11640922578017418,0.3440868165328364,0.6150502653349582,0.004218740657844165,0.13347054453514448,0.00507038224198946,0.00265075430193291,0.0,0.7,0.2,148,3.012315010712042,3.4628948551178658
11,41,0.021401537977212916,0.11838052193309896,0.35629872547585584,0.6237974306543759,0.002747566016928009,0.13193108762395409,0.0015993330194089901,0.00269827231307027,0.0,0.7,0.2,150,2.994886599609801,3.528572220778338
11,42,0.020702848765741515,0.1221372779454825,0.37027550235485324,0.6362898653780746,0.0035780420625194133,0.13170474623932385,0.00183251961173078,0.00235139225820408,0.0,0.7,0.2,152,3.131096816572112,3.493231395928241
11,43,0.022138530038404325,0.11666500886093112,0.35445816494813626,0.6466943437154863,0.0054435328252280795,0.13511466301278324,0.005100130972175021,0.00392358543346287,0.0,0.7,0.2,157,3.091316726170988,3.7327818977495766
11,44,0.034609823079653074,0.1452196458829112,0.4138115633207767,0.8088046711411586,0.017050888964186276,0.1341779328388334,0.018518617390122772,0.02031353955531087,0.0,0.7,0.2,194,3.0525366973954675,3.0286388568873845
12,0,0.9098869476911815,0.9469414341212792,0.9454339503720102,0.16798088830982366,0.0,0.0,0.0,0.0,0.0,0.7,0.2,1,7.475273642769775,26.196453617231192
12,1,0.4176291496530725,0.5625133264694441,0.5500812860446557,0.0962778795058887,0.39662507178612,0.0882349587285593,6.105076012693001e-05,0.00019712019860818002,0.0,0.7,0.2,3,4.428968652524716,10.291699613324544
12,2,0.4176183572014891,0.5625023596987593,0.5500700869785679,0.09867412233936305,0.000105407996612802,0.0882349587285593,6.105076012693001e-05,0.00019712019860818002,0.0,0.7,0.2,4,4.432791161667044,10.297580591641092
12,3,0.14204254919446122,0.2087610879647192,0.18627132415478231,0.02954319373770551,0.7304599484685526,0.0985344431959695,0.00024420304050774,0.0007884807944327201,0.0,0.7,0.2,5,2.643358225287629,2.5126603701182164
12,4,0.11437424039825156,0.16688336304763018,0.15330272820963273,0.029422181155470302,0.09976192256871265,0.1033922143173045,0.00068404825072655,0.00220864943795032,0.0,0.7,0.2,6,2.2681658457957163,4.919505713187558
12,5,0.07758162721836341,0.0997554937070456,0.08427581747840941,0.013526138539594387,0.13846511997394742,0.10181146949141376,0.00046555248820045,0.00150317209393954,0.0,0.7,0.2,7,2.146518040536902,2.0617800470617897
12,6,0.07726205369104992,0.09912512438170935,0.0836270695927027,0.016849358752674955,0.0013146540569850941,0.10194347710315066,0.00047966826863768,0.00154874901120493,0.0,0.7,0.2,9,2.133205334407253,2.1726288194848804
12,7,0.0772075656867148,0.1044689800641687,0.09923887922304375,0.024205313259852996,0.0007425245251843175,0.10191882921440645,0.00047698712705819996,0.00154009216304212,0.0,0.7,0.2,11,2.132238553120643,2.1512328900894446
12,8,0.07441927079891779,0.09939906121554153,0.0940339552305969,0.035276757082939134,0.003591714249978781,0.10173882323538438,0.00024145449051302,0.00077619863160191,0.0,0.7,0.2,14,2.164828709879972,2.141953693899024
12,9,0.07272444961190906,0.09611350466497169,0.09065504175100457,0.04123450325963585,0.00712432985583015,0.1018058181132091,0.00025053105727761003,0.00078425105749451,0.0,0.7,0.2,15,2.1848263755988238,2.128597503651975
12,10,0.0726932268380686,0.10150613670609608,0.10631666628956796,0.06238260733929255,0.00036857920652260334,0.1016057249138604,0.00024590780078688,0.0007570890334915299,0.0,0.7,0.2,17,2.211703633721252,1.9671346860925425
12,11,0.07246069679606437,0.10650864324804488,0.12157756521548382,0.0523767807166544,0.0012068686652696773,0.10142243020992144,0.00023483644494215,0.0007493004738670301,0.0,0.7,0.2,18,2.182841758317959,1.9668755138977807
12,12,0.07121624438195708,0.0986315770446718,0.10336049728415807,0.06729480766171733,0.005379813825361967,0.12184223702456758,0.00024623036039255,0.00078867971503671,0.0,0.7,0.2,19,2.192732261189573,1.969579796183172
12,13,0.07066752511975213,0.10299875359389672,0.11796735299635393,0.06709159494283766,0.0014610723318334168,0.11872860097501296,0.00025381578562980997,0.0008106957123119001,0.0,0.7,0.2,21,2.1823491447121723,2.084973647331489
12,14,0.07049074385463833,0.10771246576863668,0.13291929610064476,0.07001039799738068,0.001215836244643883,0.10194287716602604,0.00062731009940377,0.0015364459634583,0.0,0.7,0.2,26,2.1304758803939845,2.2367851404519565
12,15,0.06822878185789234,0.10767293470793247,0.14296328251382495,0.08031393143928459,0.008626533601436932,0.10202315594177105,0.0023907210766776097,0.0008371711731099201,0.0,0.7,0.2,28,2.1490861277551496,2.3305539753606226
12,16,0.06572702511538657,0.10380956203190066,0.13902168655919733,0.08657929720482008,0.002636911890941748,0.10206331430615104,0.00066605600179925,0.00136313519445097,0.0,0.7,0.2,31,2.1465876082192046,2.3240350138791923
12,17,0.06539883568415883,0.10315483896454755,0.13834807265941926,0.09745693147483539,0.0021060860532845704,0.10374767589100815,0.00066882699550526,0.00138148400861545,0.0,0.7,0.2,32,2.170575367738506,2.357320910431418
12,18,0.06506170054422256,0.10798329044473001,0.1534312890487806,0.10251372450785687,0.001857355934084296,0.10194626080732816,0.00061706959653973,0.00130382753217163,0.0,0.7,0.2,33,2.1498583633810857,2.323089955140464
12,19,0.06471670960373724,0.10172625896210548,0.13687679911286862,0.13486687775862957,0.0014726500440955406,0.10186652747363245,0.00057436683722976,0.00210968021214752,0.0,0.7,0.2,36,2.326259490431733,2.6319775427917245
12,20,0.06204292931988695,0.09645846523475264,0.1314607247315207,0.13693417750311196,0.011534570279316767,0.11159565631479935,0.0004403407556268,0.0023257624035797,0.0,0.7,0.2,37,2.0754831201103,2.587280813471405
12,21,0.06132491730108101,0.09501881803248007,0.1299799165787609,0.13351692615364397,0.002268941419024814,0.10893834733584502,0.00049213766286209,0.00217101281350066,0.0,0.7,0.2,39,2.113379596230714,2.3634520680528874
12,22,0.06047253582485632,0.09302417191385504,0.127920486743637,0.1427763377005561,0.0019441990748392144,0.10275555986018717,0.0009224672361209,0.00209873185811114,0.0,0.7,0.2,44,2.2269297001721178,2.662262583421467
12,23,0.059857477873261955,0.09597733949983055,0.14103817073274816,0.14328672562996733,0.004186170404419629,0.11007073816274855,0.00186521608973181,0.00500588277042276,0.0,0.7,0.2,47,2.356420484354866,2.4936436228988343
12,24,0.06000199206609805,0.09601480579220925,0.14106955033231744,0.15884321841584897,0.005355371121018346,0.11174503937895011,0.00193427620748719,0.00601577906617548,0.0,0.7,0.2,48,2.2806002745643656,2.721750417559877
12,25,0.06074965954474883,0.11261769450115619,0.18845738504473775,0.2075942681713155,0.004268174220435312,0.1138299914575412,0.00399467464051286,0.00489440908492185,0.0,0.7,0.2,52,2.341370401930582,2.4539859966675186
12,26,0.058244707032425846,0.1099991592749476,0.18583268787951318,0.21518586397089884,0.0016131275182014967,0.10521083806396485,0.00114119093204192,0.00291301992872172,0.0,0.7,0.2,54,2.189403077685105,2.428116922461053
12,27,0.05600441201733747,0.0947537741727649,0.14992737897285038,0.19480326363731992,0.009823890112870826,0.10660395770265255,0.00087622459288059,0.00295436039366102,0.0,0.7,0.2,55,2.21538753854479,2.5196581267333835
12,28,0.05595973455158531,0.11096741783076731,0.19694851661776774,0.26462640797044157,0.0012612790462936613,0.10861389589036137,0.0008875994348051501,0.0030596305063809,0.0,0.7,0.2,66,2.244250964262021,2.902826328672978
12,29,0.05538222373446623,0.11483217506883955,0.21102773408417785,0.2676885577103142,0.0023035127659864975,0.10768517521641155,0.00125072095627704,0.00375009941920623,0.0,0.7,0.2,72,2.3147401752774384,3.0298289210823244
12,30,0.05579157186084125,0.12056434838002628,0.22702378306013055,0.2752783830674016,0.002316988963468266,0.1104174981474163,0.00156382078729994,0.0052881449572027,0.0,0.7,0.2,75,2.403695444984235,3.099131566503156
12,31,0.05376678829297104,0.106649078614206,0.19251141948060854,0.2670541118672465,0.005138022985731672,0.10466189682052482,0.00086893971796151,0.0024066636359772998,0.0,0.7,0.2,76,2.266134390595804,3.123024966438196
12,32,0.049737542202125264,0.11410225423046864,0.23050787406406803,0.29675326875583813,0.008152423825016974,0.10679896030084393,0.00138296227069906,0.0034394644642805603,0.0,0.7,0.2,79,2.3155741145017514,3.100131660312913
12,33,0.04908730666668212,0.12364631152213992,0.26055511951238125,0.3245292290784066,0.0020569105603571187,0.10682661618838352,0.00138172487863,0.00344035136474864,0.0,0.7,0.2,86,2.3243330805630285,3.1000073800875616
12,34,0.04905165970324658,0.12357066549689225,0.26047722600228307,0.32798972550452865,0.0018389770260906057,0.10680094773721267,0.00138380181012439,0.0034411814001317,0.0,0.7,0.2,87,2.3249338269479503,3.100289890642965
12,35,0.048975847821281455,0.12342007494678174,0.26032264364053,0.3388871710248001,0.0016648052352534568,0.1070097271470555,0.00137662329575619,0.00343533251995213,0.0,0.7,0.2,100,2.3263736841593547,3.0973349755935438
12,36,0.0488915222365801,0.1395600268228877,0.30726827693327746,0.42180650377588486,0.0016958619619981308,0.107077648230271,0.00140914364324829,0.0034138445188741802,0.0,0.7,0.2,120,2.322303966357401,3.096376586936353
12,37,0.9469004986834404,1.069892392716735,1.2992053814648286,1.4752215944353875,0.9000494758155333,0.114449018095759,1.0,1.0,0.0,0.7,0.2,147,2.311911457308676,3.0933954817422245
12,38,0.05057013183687224,0.16697418670534636,0.3859541234676966,0.6067478589816615,0.009272256398688221,0.11451308593305373,0.00282376817827057,0.01376242429090547,0.0,0.7,0.2,148,2.3193889571403243,3.0710922187934524
12,39,0.04948786227326478,0.16462669183545925,0.38353768457223436,0.602006518910812,0.005369425818404619,0.11756223806243571,0.00292135885167423,0.013838220093571491,0.0,0.7,0.2,157,2.2984229221525725,3.484933690483966
13,0,0.9129245590691735,0.9487924920823239,0.9473377916068821,0.1683430930099705,0.0,0.0,0.0,0.0,0.0,0.7,0.2,1,7.395373234323186,26.173513824687458
13,1,0.4194517977529946,0.564373551573355,0.5519943673343581,0.09664418426286588,0.3966212697350622,0.08805139844695874,6.008007194983e-05,0.00021312068312083002,0.0,0.7,0.2,3,4.37146851112441,10.259461252761623
13,2,0.09476711462037271,0.13175005372463153,0.11717136964491173,0.01659212229325007,0.45355762875613703,0.10301734483631453,0.00064552086691137,0.00228984160071886,0.0,0.7,0.2,5,2.5508190873097565,4.513756107589337
13,3,0.06895875453563376,0.08301242300824063,0.067055988775443,0.010280156300378793,0.05066254936895957,0.10174960118701286,0.00047400787157956994,0.0016814374237109201,0.0,0.7,0.2,7,2.343121246398579,2.189134624246372
13,4,0.06895875453563376,0.08845725849006404,0.08277163821600486,0.016941273848086313,0.0006681898925650462,0.10174960118701286,0.00047400787157956994,0.0016814374237109201,0.0,0.7,0.2,9,2.343121246398578,2.1891346242463725
13,5,0.06884574619996006,0.08823576297213793,0.08254373723839377,0.026337878478547704,0.0011245489914471958,0.10174960130011357,0.00047400788383197996,0.00168143746717363,0.0,0.7,0.2,10,2.340815315946833,2.190500599002538
13,6,0.06884538339813831,0.09912493542893926,0.1139739161956398,0.0416894162048542,0.000668502240126279,0.10174960118701289,0.00047400787157956994,0.0016814374237109201,0.0,0.7,0.2,13,2.3408575127479123,2.1904405788839845
13,7,0.06843303253153528,0.08225803324082555,0.06628819145640091,0.03962622183117334,0.0005485538209948515,0.097439972178575,0.00030624738653178997,0.00083041231867033,0.0,0.7,0.2,16,2.330250772640904,1.854122297703256
13,8,0.06568538572490892,0.07702872625400385,0.06091552458586783,0.036631125535731356,0.005409128517228212,0.09787322168207324,0.00017461249952811,0.00039143491108248996,0.0,0.7,0.2,18,2.3338276351495746,1.7948567833869638
13,9,0.06518392835438454,0.07603694558237437,0.05989538032361318,0.038654930626880725,0.0022497273965521687,0.09770463162958534,0.0001761091594889,0.00039224942583855995,0.0,0.7,0.2,19,2.336126829619869,1.7301284804013282
13,10,0.06380613799850084,0.07326103343253608,0.05703951996349911,0.042878174604801124,0.006073165251921389,0.096874565118986,0.0001968986479571,0.00056047353967847,0.0,0.7,0.2,20,2.324794726692585,1.8475146543483347
13,11,0.06372803685814997,0.07856261939065659,0.07260793390431962,0.04999755480678782,0.00037276610525625045,0.09524765882687698,0.00018976523161166,0.00052470667158113,0.0,0.7,0.2,22,2.323208077234374,1.828763559769501
13,12,0.06312690241951159,0.07184798622096078,0.055584527276634974,0.05436783939106044,0.0017044367872921366,0.09655483093694309,0.00028769837189311,0.0005683772368291499,0.0,0.7,0.2,24,2.291939923316132,1.8309008335400063
13,13,0.0629556843122613,0.07149268983166626,0.05521872658230772,0.058996927593957055,0.0010948473359938319,0.09662809384383726,0.00030980701326926996,0.0005672346385082199,0.0,0.7,0.2,25,2.3066370505811595,1.8184609834683985
13,14,0.06668014903522125,0.08415383894252494,0.07835096133101956,0.07142883382955917,0.0024143161488650363,0.09659301417364677,0.00058945957519792,0.00038360332254889,0.0,0.7,0.2,28,2.446827474701899,1.8071631069879115
13,15,0.06157183996867564,0.07959256896676258,0.08377955136123429,0.10461655179361953,0.000370161277231061,0.09784804522870932,0.00040297598003929003,0.00040276239320208003,0.0,0.7,0.2,34,2.304766707954788,1.8428233895574335
13,16,0.060368486697197195,0.08258271852003173,0.09696926423332886,0.11296368657831263,0.0055755145619900805,0.0977993967204857,0.00046720699889419,0.00042159745243512003,0.0,0.7,0.2,35,2.309789708698889,1.8308384699100837
13,17,0.05510319692182557,0.09887827948249563,0.16429789388200058,0.13159669562771464,0.008504806412949619,0.1005965010934615,0.00088890702439396,0.0005953313815126699,0.0,0.7,0.2,38,2.5204376646207574,1.8518783583856244
13,18,0.05510319751659335,0.10432311496405448,0.18001326334564577,0.14988877695176372,0.0007413682444295837,0.10059650097184669,0.00088890702065848,0.00059533139326412,0.0,0.7,0.2,40,2.5204376709127407,1.8518783619170245
13,19,0.054983941009015144,0.10412563499716812,0.1798112678468257,0.15575086922343143,0.0010543735526345912,0.09924241979537349,0.0008639252925154601,0.00050292072139733,0.0,0.7,0.2,41,2.5022764448774755,1.7443389066240944
13,20,0.051690586726911104,0.10276267642615763,0.18852427359547896,0.1672153756798838,0.014773241240846391,0.10059650097184669,0.00088890702065848,0.00059533139326412,0.0,0.7,0.2,42,2.5017219253049943,1.8394087042456968
13,21,0.05229768077435236,0.10875337140577174,0.2047825011679056,0.23936648699523574,0.0014172508994780705,0.09898854736775636,0.00144467799573405,0.00198177204115745,0.0,0.7,0.2,68,2.448383522266121,2.2954851233460296
13,22,0.052215278937274553,0.1085708043240915,0.20459437111370807,0.24289637618939938,0.001623600243971202,0.0989161720349705,0.00146070071451192,0.00199155831905825,0.0,0.7,0.2,70,2.464948406406845,2.210139918952234
13,23,0.05150177800240592,0.11800603351308785,0.23452977139929218,0.25616893455121653,0.002892038057247656,0.09888573039132884,0.00144464589725002,0.00198203895169015,0.0,0.7,0.2,72,2.450381906531495,2.260471599515654
13,24,0.05008195608462471,0.11507753493296073,0.23151800584283092,0.2898815140325974,0.0029205824373224145,0.10783624865351855,0.0012525991864596,0.00266231819459407,0.0,0.7,0.2,76,2.403991926567698,2.265505364967445
13,25,0.04931533838015229,0.11348194551908615,0.22987686287399095,0.28579012201041043,0.0025233769941136394,0.10819294517475797,0.0012650275421565598,0.00266821569518924,0.0,0.7,0.2,79,2.422498382109924,2.354217703276528
13,26,0.04931321286300329,0.11892246117793007,0.24558775313148318,0.31058450527471565,0.0014282407119666752,0.10819294490222779,0.0012650274977596,0.0026682179506664497,0.0,0.7,0.2,80,2.42263094547684,2.353069972095577
13,27,0.04700128648409355,0.11962437881356427,0.2564273445020422,0.313087490771856,0.0062018857429717005,0.10312124737170117,0.00130684425552774,0.00225455811807217,0.0,0.7,0.2,82,2.47451743804771,2.279811300472837
13,28,0.04492843669906438,0.11502704735758833,0.2516924143085337,0.3410490500522813,0.003035027249966495,0.1025405572310378,0.00170043844453707,0.0020936517516840997,0.0,0.7,0.2,89,2.4329814400156247,2.112919945116691
13,29,0.04488424224492449,0.1257678589754057,0.28296857153456834,0.37010354929472195,0.001763484202011045,0.10240336561294786,0.00177702084548397,0.00208161903623255,0.0,0.7,0.2,93,2.441860009636348,2.1150396533005025
13,30,0.044807185727711744,0.12557916102476296,0.2827737254273882,0.44614674420194467,0.0017048971892353161,0.09612989493354004,0.00165811696873511,0.00262106054552736,0.0,0.7,0.2,115,2.4903733061030984,2.1277570974577915
13,31,0.04337492665053288,0.1279400608859435,0.2953157759252838,0.46668289250734557,0.003918361520810713,0.09513130127105934,0.00180103447219027,0.0024551034321634,0.0,0.7,0.2,118,2.5301603758164566,2.2096046588260605
13,32,0.04253104087153006,0.1261961924065428,0.2935234027401047,0.4893537909412872,0.0024247498629805823,0.092858562409383,0.0017879266552038298,0.00233738116069772,0.0,0.7,0.2,123,2.5374249649123883,2.2030588960935624
13,33,0.04225997071584641,0.12032747412381928,0.27737564102044693,0.48721078757639996,0.0018868626032645013,0.09295975140845064,0.0016337894554895298,0.00221137528689751,0.0,0.7,0.2,125,2.586237866100612,2.064130552836879
13,34,0.04166785384166082,0.12988899602537998,0.307439121358154,0.5209346503059419,0.0022286876698248753,0.09328189740150288,0.00163102718401303,0.00255915199879605,0.0,0.7,0.2,130,2.6092562731982087,1.9831781453615664
13,35,0.04140332283467694,0.12366317454536246,0.29091467105681007,0.5422587739456762,0.00252439124160612,0.09233586526224027,0.00199617429297705,0.0022697131365740702,0.0,0.7,0.2,133,2.470147354243539,2.152755472850654
13,36,0.04131436986397416,0.12345339119641312,0.2906982249450276,0.5564469344161248,0.0019900248346758002,0.09245969505326353,0.00195717576336153,0.00250547890354436,0.0,0.7,0.2,137,2.551036612494028,1.9816033190978344
13,37,0.0406384145853761,0.1220057042345067,0.28920933590816894,0.5597248031593239,0.00488861890634945,0.0927883590591129,0.00194430639332533,0.00260665102646954,0.0,0.7,0.2,138,2.5507430183510897,2.0186671020679063
13,38,0.04058510962248,0.12188906709642738,0.28908914654150764,0.5703634702488185,0.0019677542874657937,0.092881700587038,0.00193946716663515,0.00263859012138813,0.0,0.7,0.2,141,2.537251786764493,1.9933483010305169
13,39,0.04037203264855041,0.13236264001101627,0.3200928049649218,0.5859469655361241,0.0026440073159545267,0.09280276184353023,0.0019999354596190798,0.0022639840885771,0.0,0.7,0.2,142,2.543908089737387,2.020535541519989
13,40,0.04026125814872637,0.1321624243857011,0.31988787796825213,0.5967627047366145,0.0019964490972410923,0.0925443952878568,0.00193073933821403,0.00235086303518815,0.0,0.7,0.2,144,2.516153373458063,2.0182934488367037
13,41,0.03986193020710435,0.13110689954336402,0.3187972150702683,0.5967021793624668,0.004556137587160646,0.09292159791128346,0.00221355733613416,0.00227295474002063,0.0,0.7,0.2,145,2.566258238004508,2.016316249124533
14,0,0.8564526385339155,0.9135984633227986,0.911143809895405,0.16145101206991722,0.0,0.0,0.0,0.0,0.0,0.7,0.2,1,8.841827667271374,26.282151349214185
14,1,0.3985792510723001,0.5427896191679521,0.5297971758663049,0.09241127307087776,0.38257003173869597,0.09184004399885544,5.783830973418e-05,0.00018275735602195999,0.0,0.7,0.2,3,4.90741469887514,10.300388840665592
14,2,0.09474732573900005,0.13204241748467518,0.11748397455109062,0.016311862795905276,0.4301447279874168,0.10515345627948199,0.00037188702448452996,0.00117508775145794,0.0,0.7,0.2,5,1.928435397498138,1.6972689328233532
14,3,0.0940673073153408,0.13065188012294107,0.11604895397144808,0.019605968361526144,0.0022702785364194233,0.10652222735175484,0.00049832157693977,0.00157459535502963,0.0,0.7,0.2,7,1.788148501352711,2.6201551383615564
14,4,0.08685733643030355,0.1120865165619929,0.08684866677891487,0.01662077694128042,0.026854193522742504,0.0994227946189444,0.00032855810112798,0.00074167521403639,0.0,0.7,0.2,8,1.881273690054757,1.7554907637725752
14,5,0.08574168679978,0.12095023741470692,0.11619793290433164,0.025087164748225997,0.0023178723770526863,0.09585856968747256,0.00028580998515027,0.00052529223863255,0.0,0.7,0.2,10,1.9479863388046776,2.0559172852194747
14,6,0.08445437616259469,0.11853588216118857,0.11371500941032846,0.0326891597769109,0.0027910322640539026,0.09627471365702356,0.00028963441528932,0.00050025495501776,0.0,0.7,0.2,12,2.000614427973874,2.118395389291786
14,7,0.08392486359926823,0.12292948618175462,0.1283477391973456,0.04717288728392187,0.0015101958762441439,0.09883226323112948,0.00032545150970046,0.00068021986103569,0.0,0.7,0.2,14,1.9535304705909575,1.914295187330509
14,8,0.08277868115898353,0.12067401289952895,0.12602510267231895,0.045521251927870154,0.002903425168297483,0.10045397396991192,0.00039330804168036,0.00096792712954012,0.0,0.7,0.2,16,2.0587623233860373,3.8954900371137096
14,9,0.08164145376571226,0.1184923868993871,0.12378057610367477,0.04980955184909866,0.0027924863196566955,0.09996702751845736,0.00038325551566543,0.00117972752116616,0.0,0.7,0.2,18,2.077965530684923,13.466561990470982
14,10,0.07725515524024928,0.11036146119861151,0.11542574473250498,0.054849567372100054,0.016500816754001335,0.1002675491765713,0.00020833322726474,0.00053461989596333,0.0,0.7,0.2,19,2.173035745088051,3.4312875549598143
14,11,0.0759357024125457,0.10779571583930232,0.1127859228441672,0.06427377172117542,0.005657722542935797,0.09506434718862372,0.00024146427230811,0.00060383565442458,0.0,0.7,0.2,20,2.261596126850308,5.061815727001922
14,12,0.07532422045365736,0.10657623450952546,0.11153048597932178,0.0592897596440122,0.002949409077615508,0.09621909246713936,0.00021316058481978,0.00093797116627483,0.0,0.7,0.2,21,2.408875227599224,12.415768918307732
14,13,0.07453327400556696,0.10499819277485775,0.10990605498227486,0.06910936270606455,0.0037681747613227687,0.09405728829634888,0.00025534281557626,0.00107867700509299,0.0,0.7,0.2,22,2.529028046016579,17.799023218356165
14,14,0.07395831528099438,0.10934482133048261,0.12449260855578191,0.08213180954220216,0.0015009866346640344,0.10135873433745066,0.00025274151466459004,0.0010236367843575501,0.0,0.7,0.2,24,2.4791768101218894,7.54229616486155
14,15,0.07392751809643827,0.12017143726379172,0.1558582681498202,0.10691574567883665,0.00045536381590066894,0.10184682996525238,0.00025354664609871,0.0010411933208821099,0.0,0.7,0.2,26,2.474702485176807,7.66700811205977
14,16,0.07281527990606586,0.11807308875092537,0.153701978628958,0.09192868959129352,0.002431857248788788,0.09689856574537928,0.00023908065842902001,0.0008025017141253599,0.0,0.7,0.2,28,2.456344392549316,14.898344663579568
14,17,0.07278627668548542,0.1231203978850766,0.1689982006091226,0.09503105500454781,0.0014763856899938192,0.10120381434538576,0.0001954281295032,0.00277362174421569,0.0,0.7,0.2,30,2.5044210935741766,16.24778270101361
14,18,0.07014929488369008,0.11297499015879528,0.14846153580619986,0.09413175799889084,0.008997159145084687,0.0980018722580698,0.00020407077371712999,0.00047367478172833006,0.0,0.7,0.2,31,2.4064926686594625,4.613867211126288
14,19,0.07003990357184438,0.11819722808066113,0.16394806374517643,0.1255439034428137,0.0004068973249123267,0.098411577180628,0.00021264148963769,0.00049217018965678,0.0,0.7,0.2,34,2.3533846143106283,4.483008098891148
14,20,0.07001306372362649,0.12359880001493119,0.1796192974981368,0.11924398382603404,0.00030682090268856156,0.0980018722580698,0.00020407077371712999,0.00047367478172833006,0.0,0.7,0.2,35,2.395674606054991,4.6019576909599005
14,21,0.06880413334491396,0.1206588467081363,0.17657873020147077,0.16165482010587423,0.002300142141741489,0.1016055971722127,0.00040352231828571003,0.00278383923391227,0.0,0.7,0.2,40,2.1970113215637044,3.171715934816916
14,22,0.06684452975948672,0.12221133104800838,0.1882899471247951,0.1702603036650994,0.004937336555453965,0.10141000562411315,0.00041251514630875,0.00295851487015541,0.0,0.7,0.2,42,2.3260637635849557,4.42422318734169
14,23,0.06624943605891043,0.12105516789409056,0.18710130564115426,0.12422472753075021,0.0032117288616671513,0.10097063843383629,0.00041589531196212996,0.00285778866939585,0.0,0.7,0.2,43,2.216652982897666,2.861972723252265
14,24,0.06541185773379056,0.11932384367563989,0.18531883521899287,0.16346481989305903,0.004671780425858557,0.10247298008420877,0.0011425464476533399,0.0007029819693208899,0.0,0.7,0.2,44,2.496552254613313,3.3416977926802667
14,25,0.06448989448211871,0.11243818291789044,0.168132660157679,0.17213958681336236,0.002711003362239011,0.10584382923230648,0.00058685389611053,0.00068622823382137,0.0,0.7,0.2,45,2.546320738700651,4.629291657739928
14,26,0.062135343177531915,0.1076761413012598,0.163233106274989,0.16779703566030812,0.010616292423444966,0.10377384809926633,0.0006360305254041,0.0009188639466185999,0.0,0.7,0.2,46,2.5122203063426105,4.686246228790407
14,27,0.062488461853052256,0.11864990479806914,0.19473255589639113,0.19738962625301995,0.0016236975524506945,0.10202427815243864,0.00095979785547438,0.0029038003824599897,0.0,0.7,0.2,49,2.338835718962943,2.528555854234903
14,28,0.06084816371876379,0.1205262481570071,0.20676995901535095,0.20658795461286253,0.005513341689483939,0.10281534767907344,0.00132328472419681,0.00305991194224022,0.0,0.7,0.2,51,2.5236191817743903,3.441224607776235
14,29,0.05732467692053905,0.11369546422145309,0.19975298727628443,0.2343237410778515,0.004656960203275811,0.10386822459613994,0.00085980783396617,0.003351207550382,0.0,0.7,0.2,55,2.5688655804053653,4.957865090955043
14,30,0.25838981816402395,0.33616624842366505,0.46328526757914157,0.532362776942138,0.20274909096451352,0.2795381112846338,0.0038594945264260098,1.0,0.0,0.7,0.2,87,2.3501519009403453,4.207581716373781
14,31,0.05617192755853513,0.13807032246738749,0.2753857443919481,0.3734707661847053,0.0021531236138952314,0.15814413344845513,0.0005708295438947,0.006845345939842739,0.0,0.7,0.2,101,2.6685729496140462,17.27108744449855
14,32,0.25482322620184394,0.35647106570276116,0.5347557062499975,0.6624448971248927,0.20292204434070069,1.0,0.0033918745703003504,1.0,0.0,0.7,0.2,116,2.46514195270002,3025.8908551212908
14,33,0.25479127649338784,0.35642525777207695,0.5347093790445343,0.6770669598930529,0.20236917310206753,1.0,0.00336488957951647,1.0,0.0,0.7,0.2,120,2.463334687608325,3015.453689991627
14,34,0.25262299472987354,0.34738681792661064,0.5153209638890978,0.6747247608540018,0.20729413711275843,1.0,0.00221054013709158,1.0,0.0,0.7,0.2,121,2.5702499356914017,3058.9984646732723
14,35,0.2528351664234153,0.36843748261629294,0.5774020740208896,0.7113562878537762,0.20328190147856734,1.0,0.0037883045637721303,1.0,0.0,0.7,0.2,127,2.469042249795575,50371.59515691407
14,36,0.25296602976924676,0.37391133428629986,0.5931406417315583,0.7488274613020203,0.20293799227813572,1.0,0.004113420567851861,1.0,0.0,0.7,0.2,134,2.698702058618605,49978.980734959725
14,37,0.2531528317969576,0.3952151802362078,0.655490720201505,0.8137661076355851,0.20402302801868735,1.0,0.00527309238577129,1.0,0.0,0.7,0.2,142,2.4716229316687683,49156.61666616617
14,38,0.2541309032919802,0.40134547567163076,0.6718753503000121,0.841859518426938,0.20506204462146033,0.5621879042143324,0.007063909396788399,1.0,0.0,0.7,0.2,152,2.7764909419218355,25.424818329949904
14,39,0.25380507347140285,0.4007206115661813,0.6712339316527025,0.8542357190280128,0.2054979281617336,0.5571943686271272,0.00699992596607537,1.0,0.0,0.7,0.2,154,2.7466524196536395,22.889893431672807
14,40,0.25356164712795015,0.40562881327932876,0.6863966865418585,0.858034894417032,0.20610483828144585,0.5622638388579342,0.0070456069303796495,1.0,0.0,0.7,0.2,155,2.7602585357942675,23.907449842881988
14,41,0.9466411567415205,1.1346915512663296,1.487236581167023,1.7205783430494834,0.9002724422442574,0.5924154607207159,1.0,1.0,0.0,0.7,0.2,186,2.752372348900922,25.13094934001617
15,0,0.934300204829946,0.9616924053451376,0.9606042052941118,0.17086930277302484,0.0,0.0,0.0,0.0,0.0,0.7,0.2,1,6.9130820485883095,26.03249779163571
15,1,0.4232858077186647,0.5682711400933207,0.5560026824703875,0.09740804607026143,0.40590722925273326,0.09039197049594871,6.227182694110999e-05,0.00020909622377366,0.0,0.7,0.2,3,4.320063358135842,10.181529779736486
15,2,0.1335825196769264,0.19472665150382368,0.17183780868579604,0.02680527608029168,0.3858402040839777,0.10094323849127548,0.00024908730776445,0.00083638489509466,0.0,0.7,0.2,5,2.902350787575436,2.475098009494066
15,3,0.061123099021005364,0.06750230333300526,0.05110533304825802,0.0072418036460591955,0.13782375625498497,0.10440931915846552,0.00048641501050721,0.0016332834104910098,0.0,0.7,0.2,7,2.579365452722836,2.1677566666898813
15,4,0.060361175518220164,0.06080277302926236,0.03410716247495244,0.006591728303684411,0.0024287554843473304,0.09850278492464679,0.00034713919373977,0.0007715208602597,0.0,0.7,0.2,8,2.578748543104607,1.7518069664918468
15,5,0.06016176726672649,0.06604747174489423,0.04962249075813887,0.03385029573392781,0.00019913361695804904,0.09850278492464676,0.00017357457260977,0.00038579054690422997,0.0,0.7,0.2,14,2.574926431086395,1.751825423935835
15,6,0.05924435155676318,0.06965156018480173,0.06344482395037018,0.040230329825951185,0.0020995537613036222,0.0982694423014012,0.00017508187308762,0.00038554389706446,0.0,0.7,0.2,16,2.5992531884542496,1.858656034758496
15,7,0.05941482354824906,0.06979420896459568,0.06358585599931026,0.02719477143597911,0.0005120894684653937,0.09835085625954956,0.00034907007936846,0.00076732160501417,0.0,0.7,0.2,17,2.590240648488063,1.7850110571538758
15,8,0.059081513477338574,0.07476906456686398,0.07882372421694424,0.04713558292326817,0.0007611176487410195,0.0983032760885756,0.00017547535483638,0.00038588028717081,0.0,0.7,0.2,18,2.610883960032683,1.8239278729839947
15,9,0.057324767404943154,0.0657784101374593,0.05946139131553586,0.05439672872177742,0.007539154527501503,0.09913929337544468,0.00018510101747891,0.00039424913519947,0.0,0.7,0.2,19,2.6351299603255254,1.901774074383463
15,10,0.05706950997307634,0.07070501992748889,0.0746437475460874,0.06173036515714963,0.000748807804098223,0.09925952891536813,0.00018707856022599,0.00040163813022251003,0.0,0.7,0.2,21,2.6183960178243826,1.902466965572274
15,11,0.05530967333078776,0.0667333025250555,0.07054795510544967,0.08041674487889568,0.005113035912016564,0.0992218504816892,0.00074603933825832,0.00042884000888389004,0.0,0.7,0.2,23,2.7650965862219974,1.8716128991941652
15,12,0.0548991935586963,0.0663044871309854,0.070117960229345,0.06360670021898432,0.00024004650819141053,0.09917446266775284,0.00019303490280587,0.00040056562614942004,0.0,0.7,0.2,26,2.696815907386968,1.8948959500587377
15,13,0.05486960623292194,0.07168865485051776,0.08577126137879333,0.08253364233667525,0.0002793955122535798,0.09918867456515049,0.00019361467383223,0.00040176870570044,0.0,0.7,0.2,28,2.6819306102244385,1.9020641442975288
15,14,0.05368629794822124,0.07471660573665116,0.09900075220594688,0.09597111025525779,0.005226405036551636,0.09896504044428564,0.00020561412227345,0.00040193742404744,0.0,0.7,0.2,29,2.728813694914692,1.9373181326358029
15,15,0.05332210726993157,0.057025885093130516,0.06041279898143745,0.09378830584118038,0.018866955235037765,0.10820268845904872,0.00635762799564427,0.00753724248377224,0.0,0.7,0.2,31,2.648086794749022,2.6860718367637437
15,16,0.05286774305106117,0.056218100363936756,0.05958560465648172,0.09076272123820657,0.007246511591794492,0.10696748568333528,0.00635849532915454,0.006905782690305911,0.0,0.7,0.2,32,2.6757103147496384,2.7243946755826958
15,17,0.24997562030116338,0.2615017286173794,0.2852619673589275,0.3323197697734378,0.2069907423718458,0.3086820417999789,0.00778295885622291,1.0,0.0,0.7,0.2,39,2.655897671448103,18.17248249420984
15,18,0.2508329158044986,0.2622051390198952,0.2859568227366175,0.3484128728955249,0.20705415617285303,0.2988591146563238,0.0092091732400243,1.0,0.0,0.7,0.2,40,2.659473847910274,16.512833518055636
15,19,0.2492781436538467,0.2596312832903474,0.2833275148933235,0.33841961119551345,0.2098494715786992,0.38873046739376643,0.00831998009657043,1.0,0.0,0.7,0.2,41,2.6586042702062205,30.61596732086358
15,20,0.2498022743434253,0.26496192182599804,0.2988943621663527,0.36397297925599215,0.2072442766711216,0.49405036444310657,0.00989965611216701,1.0,0.0,0.7,0.2,49,2.6469132192456497,71.25680419560858
15,21,0.25939112876203596,0.27938849385652914,0.3135851377683649,0.40232311223351214,0.21410419977128298,1.0,0.017235216806762748,1.0,0.0,0.7,0.2,51,2.66986268366601,4.037379791852655
15,22,0.26001435717316806,0.28555106686763915,0.3300234957469568,0.4127828294178,0.21266689161926228,1.0,0.017999679922569508,1.0,0.0,0.7,0.2,53,2.671130670673385,4.069506863248271
15,23,0.25944063775618736,0.29309758219117427,0.3479878147219725,0.4273088585230977,0.21275725471136253,1.0,0.013593100332488488,1.0,0.0,0.7,0.2,55,2.7526459985516563,4.004819876541066
15,24,0.2529392995566533,0.26964181128213893,0.30365814935282537,0.4196517387077,0.2144659835113195,1.0,0.012368228036179641,1.0,0.0,0.7,0.2,56,2.624350911807121,4.040794774913645
15,25,0.25318179099356924,0.27385763159066395,0.3180646727479831,0.441249782795227,0.21281258030213063,1.0,0.01463530295734879,1.0,0.0,0.7,0.2,59,2.613329391326938,5.461274656492853
15,26,0.9417095871740582,0.9664765759747964,1.0208808715023634,1.1202086308053716,0.9041141215266499,1.0,1.0,1.0,0.0,0.7,0.2,60,2.655845505036928,4.2557082566966615
15,27,0.25078468633084905,0.28203641579639116,0.3567447551567574,0.54405332033024,0.21326498082786105,1.0,0.01859364146102195,1.0,0.0,0.7,0.2,76,2.758274963910861,4.425465469127309
15,28,0.2480248425200796,0.27714698743735316,0.3517415602251279,0.5674182140438702,0.2265328329463143,1.0,0.01733092939244759,1.0,0.0,0.7,0.2,77,2.971667745045264,4.405507624432366
15,29,0.27295978697846507,0.31502543071507505,0.4002936333124143,0.558216894814294,0.24774655334231488,1.0,0.04339464437536371,1.0,0.0,0.7,0.2,78,2.747454747866022,5.356000893658206
15,30,0.2442467576536028,0.2853838907071668,0.3905610384926205,0.585962305907889,0.21248507841279166,1.0,0.0172851553545279,1.0,0.0,0.7,0.2,89,2.7066117156462397,3.9593473387625786
15,31,0.2442488800638029,0.29082290123258797,0.4062703665984751,0.6188076366379062,0.21213843688341602,1.0,0.01729772307525771,1.0,0.0,0.7,0.2,90,2.707289131529436,3.962100461556029
15,32,0.24497640790076192,0.29754690792323324,0.4232942477246915,0.6126475795230226,0.2130691149599501,1.0,0.017659551161277428,1.0,0.0,0.7,0.2,92,2.708266413638456,3.930856978947975
15,33,0.24459889399690282,0.29101992978744606,0.40645929093683403,0.6479570300381234,0.2128575833124316,1.0,0.0179855801322502,1.0,0.0,0.7,0.2,94,2.719822344876348,3.973580145846874
15,34,0.24502528079535504,0.2915121322985363,0.40695490685530145,0.7201598583986524,0.2132966250657157,1.0,0.01851401784887191,1.0,0.0,0.7,0.2,107,2.7993465833413405,3.912402427940373
15,35,0.24149853719708864,0.3026401747297023,0.4488062244419332,0.7168563037043485,0.21114890752115964,1.0,0.01552724928105922,1.0,0.0,0.7,0.2,111,2.830167664090495,3.82144913528464
15,36,0.24534421165418802,0.31240440220785176,0.46886612281084183,0.7561004441474415,0.21434254772279662,1.0,0.02044422667869909,1.0,0.0,0.7,0.2,116,2.768746053303019,4.164171999434966
15,37,0.24637014949495306,0.3198530802523559,0.48663687716549636,0.7726999921203666,0.2153087497972608,1.0,0.02071471311286878,1.0,0.0,0.7,0.2,117,2.7676647303941837,4.134620792404584
15,38,0.24157890099473933,0.3109289829656614,0.47749544372001357,0.7304686156706266,0.21988629618001676,1.0,0.0188845860623938,1.0,0.0,0.7,0.2,118,2.781095371135132,4.040642401358684
15,39,0.24304045106780406,0.3009503482909326,0.4469467649644804,0.719962636128032,0.2168329280768483,1.0,0.02163334787914591,1.0,0.0,0.7,0.2,119,2.800819970942352,4.132059980506292
15,40,0.24253724389092537,0.29499243891607185,0.4307180687498989,0.7231255335429398,0.21488023116817934,1.0,0.02092602178160343,1.0,0.0,0.7,0.2,121,2.793176992112606,4.133134513293354
15,41,0.24277549013764124,0.3060609551682606,0.4623244377325449,0.7393533144443001,0.2151542443369472,1.0,0.02133770845161127,1.0,0.0,0.7,0.2,123,2.797552811572362,4.131204928449702
15,42,0.24143474326083042,0.31610904985809635,0.49293985764777404,0.7923961787451239,0.21338514252544313,1.0,0.0188234795415126,1.0,0.0,0.7,0.2,124,2.8275596122622915,4.014954236315634
15,43,0.25218177270008085,0.37966708398866034,0.6391518255868176,1.0345834148293391,0.21599454133274676,1.0,0.022822004450058157,1.0,0.0,0.7,0.2,175,2.977667120742389,4.414849808862724
15,44,0.25319275458201573,0.39364941352407146,0.6737867375056596,1.0559460464619024,0.21559759142965837,1.0,0.02164347443491374,1.0,0.0,0.7,0.2,179,3.015391049306521,4.360330399822092
16,0,0.9150102204299231,0.9500609818915353,0.9486422028294212,0.16859176176929522,0.0,0.0,0.0,0.0,0.0,0.7,0.2,1,7.346771701120233,26.11256677295729
16,1,0.4125130816769678,0.5572669015364912,0.5446854783331506,0.09525848013172923,0.40527390286286136,0.09570208574832748,6.096444628761e-05,0.00024732974165729,0.0,0.7,0.2,3,4.573569883695867,10.191798041060888
16,2,0.06625206567152477,0.07778359479207188,0.06168125265182692,0.005747872865532993,0.5011730153002718,0.10940045107277234,0.00037903953487401,0.00153774463555381,0.0,0.7,0.2,5,2.788448218530101,1.6826460472423697
16,3,0.05809330446924801,0.05580768494792876,0.0289577958525294,0.002335518580109945,0.01814203949514833,0.11119990423411208,0.0005486800165885499,0.00222596767491563,0.0,0.7,0.2,7,2.7786760250162144,2.9183322926723982
16,4,0.053280241142820726,0.04647739411601229,0.01937451816691666,0.0037915011616844246,0.01877024509472844,0.10181157638449478,0.00033976335971265,0.00082914916286486,0.0,0.7,0.2,8,2.736323846860467,1.7523054502663806
16,5,0.05279023982187214,0.05091617811524374,0.03405527204970586,0.008935155816690075,0.00145226819796261,0.10145419693639046,0.00034225750141607,0.00084650819241462,0.0,0.7,0.2,10,2.7276724526683225,1.8481718108571727
16,6,0.05112936312097039,0.04772041810000272,0.03077429381088852,0.026131870616173926,0.0017572378027275778,0.10342663368375819,0.00017523892749083,0.00044351632472233,0.0,0.7,0.2,14,2.791104499457244,1.7765709825573006
16,7,0.05042400427193848,0.05170373838069552,0.04498634492094617,0.03417728383033059,0.0017415923991424265,0.10260230813951232,0.00018209191273064,0.00047630754878214996,0.0,0.7,0.2,16,2.766086199998723,1.828992331711671
16,8,0.05329622526904588,0.05336944911873822,0.04658542955175145,0.07110079084107701,0.0054423034005093174,0.12505989819626676,0.00280090241050056,0.01136266852206948,0.0,0.7,0.2,20,2.8382930656227825,3.7111324653223696
16,9,0.04848192418882736,0.044655694361991766,0.03765768955698116,0.07091938212803438,0.01858547269691343,0.12519039204973853,0.0019387213750757099,0.00846909260932245,0.0,0.7,0.2,21,2.8846076845647595,3.5132724141856517
16,10,0.04818548216261239,0.04435809227888228,0.03736009542074704,0.0678877114452801,0.002758173076150591,0.12143124164028962,0.0014349838679053,0.008753302444443691,0.0,0.7,0.2,22,2.8225398960516856,4.184247409079656
16,11,0.04821384109669168,0.0495412245388891,0.052798042972629224,0.07591475106180445,0.004201047198238717,0.12519039204973853,0.0019387213750757099,0.00846909260932245,0.0,0.7,0.2,23,2.8637817771477234,3.5380432645440507
16,12,0.045263720460687884,0.05691109533079652,0.08067791947770028,0.07910846086036641,0.0028796029970173057,0.10697973176420461,0.00045278431094642,0.0015384713142335298,0.0,0.7,0.2,24,2.8788964227853766,1.9564061693524015
16,13,0.045860354684512446,0.04651810053236993,0.04973839348509284,0.08522920994197927,0.0017090269789787707,0.10489543606998411,0.0012585054813884998,0.00216058966274706,0.0,0.7,0.2,25,2.8690165230748117,1.8779077204021235
16,14,0.044888504956828265,0.04997303389317242,0.0634086436323513,0.08757342340323016,0.005296781801286454,0.10382087852507207,0.00115674399945916,0.00231936199427813,0.0,0.7,0.2,26,2.9623611202242186,2.088714210613339
16,15,0.04131255149581786,0.0424052812958706,0.055624701403675245,0.09158164467314832,0.016987658007881337,0.10516185052526236,0.00130355124471451,0.00197826549574747,0.0,0.7,0.2,27,2.9655769993706005,1.8101007275168397
16,16,0.04037849045491017,0.05761421937827186,0.10163512530478072,0.1378459548425749,0.0007333896188348544,0.10362084654979853,0.00044501365010854996,0.00117146895220892,0.0,0.7,0.2,31,3.0813051543918943,1.9297651354386596
16,17,0.03966961096559714,0.05603220919482079,0.10000613156093624,0.14363779595091827,0.00403241260816829,0.10342799051374181,0.00053593968217902,0.00121394981417908,0.0,0.7,0.2,32,2.9623571530309785,1.9665438165427855
16,18,0.03780629979352466,0.05749942210786909,0.11163081088095873,0.15797019559740164,0.004738854878192542,0.1029509831917216,0.00055740142633782,0.00118947311310649,0.0,0.7,0.2,34,3.071294004386514,1.947413510356173
16,19,0.03778846359123584,0.05746078987344419,0.11159107652197607,0.15796317724041292,0.0007094882453396391,0.10292050071035623,0.0005587439010670199,0.00118768584621601,0.0,0.7,0.2,35,3.0793357600613644,1.9452558348110576
16,20,0.03628277116375001,0.04308414907451056,0.0765674254261259,0.14840578262073956,0.00853864569092811,0.10702858538011135,0.0008321070296611501,0.00140135834970181,0.0,0.7,0.2,36,3.024554495737,1.8341528667037188
16,21,0.03392337447057303,0.04901599240790467,0.10290257393423859,0.16547824083739163,0.004098716776688162,0.11321105757655461,0.00068183101312506,0.0014162902678247998,0.0,0.7,0.2,39,2.9738081839829333,2.061005760595123
16,22,0.03388386290074457,0.04893100182258728,0.10281525383811066,0.1624404192795438,0.0009352942129432841,0.1129816566255258,0.00068291195095718,0.0014112701989225,0.0,0.7,0.2,40,2.9773010438521,2.042232691354779
16,23,0.03343518510322026,0.048009818712154616,0.10186874031382623,0.16826887510338398,0.0016263153752641727,0.11838210575853805,0.00066354112020943,0.0012723230677209,0.0,0.7,0.2,42,2.9789151767365736,1.9693177888626616
16,24,0.03332296599248172,0.06795132946058201,0.16280178070448648,0.2444326298809187,0.003740442335968341,0.11253400310206303,0.00159912277023859,0.00483922536523604,0.0,0.7,0.2,46,3.144045729186905,1.9444439669588296
16,25,0.031920573840187656,0.06486190536946684,0.1596238954468854,0.2438544072947821,0.008562060302364567,0.11285328528281158,0.00172347339712253,0.00457123288606483,0.0,0.7,0.2,47,3.1473743244419223,1.9645072704514044
16,26,0.03146777759320961,0.06403270783436217,0.15877486433823607,0.24683060629515896,0.0027034080067918644,0.11176267370638734,0.00165401571973563,0.0041444810621008,0.0,0.7,0.2,49,3.1400501131023923,1.8924819544005165
16,27,0.03150387201126472,0.06920098726129366,0.17419721201110833,0.2543318514533533,0.003477131309695897,0.11279380098883326,0.0015936908559642201,0.00585826164329551,0.0,0.7,0.2,50,3.1528291286215397,2.005029317536473
16,28,0.030090578255634083,0.07229258815064074,0.18751015907303406,0.2606017414670852,0.0028578190505555955,0.10807766146601057,0.00143385700900641,0.0033144251703168897,0.0,0.7,0.2,53,3.0855234749215223,1.6408005625074418
16,29,0.029653089091178687,0.0660961401671708,0.17102664079360855,0.2522642453543696,0.0018910802139519701,0.10810300560880974,0.00130657612297821,0.00289391612332501,0.0,0.7,0.2,56,3.100410081090991,1.6654344174383502
16,30,0.027700109653787486,0.06698954904226845,0.18205522094987386,0.27873672799203536,0.006630704288703013,0.11128773285617397,0.0014050070106186902,0.0036400163266830897,0.0,0.7,0.2,58,3.168937163133576,1.8062010420397467
16,31,0.027639412521395818,0.06651373216221741,0.1815578011617413,0.2788716924352982,0.003561381336593623,0.11273477786377609,0.0016758129564281102,0.00411077087369602,0.0,0.7,0.2,59,3.1872775714177037,1.907176877756804
16,32,0.026374494572220256,0.06372630076613056,0.178691263098396,0.27832027782010027,0.007723960419446811,0.11308486792795344,0.00168855695154972,0.0040318842012363205,0.0,0.7,0.2,60,3.2391957419220048,1.8797129652326283
16,33,0.023275914051471135,0.05624983441105479,0.17098907616841094,0.2967404184739389,0.003370550660345168,0.10949173336118397,0.00208894435344753,0.00498778556440816,0.0,0.7,0.2,78,3.198395911426973,1.959456203873009
16,34,0.022934579091662452,0.06525193933496852,0.2004533653476753,0.32184459163367624,0.004514289016354554,0.11150659090680348,0.00310031080589434,0.00596455766265463,0.0,0.7,0.2,83,3.180335452547821,2.014118376420577
16,35,0.02299294088870441,0.07064205985920582,0.21610819957833344,0.3505864561714715,0.003652616948776095,0.11503860127770738,0.00314191507565103,0.00656477911468938,0.0,0.7,0.2,86,3.152168978515742,2.073107618902306
16,36,0.022102084737741542,0.05849588015157134,0.18340191313890047,0.35988393792993667,0.0035933948923749007,0.11005597545644681,0.0025139854592492903,0.0057725127054875005,0.0,0.7,0.2,88,3.3146407180010504,2.1319285971212394
16,37,0.022635985566114833,0.07531690897554899,0.2310323190977899,0.40098187962450693,0.003544962659764987,0.10737160264222771,0.00323830207062139,0.00609705586216018,0.0,0.7,0.2,91,3.360101157453929,2.1110603517335544
16,38,0.020286367895516383,0.07124104558866229,0.22686844090723168,0.37461759027695524,0.005712663346595007,0.1058681521137714,0.00211719531954581,0.00515460817975276,0.0,0.7,0.2,93,3.239303180648469,2.0404137529136106
16,39,0.020039442415271006,0.07561676664865713,0.2414727084054084,0.40374684632668467,0.004434255739966529,0.10648467411977611,0.00242398832761272,0.00610709056407819,0.0,0.7,0.2,95,3.289089114171888,2.177779250383999
16,40,0.019617556284324114,0.07462546807327229,0.24045247461488778,0.43621480630782106,0.003650630130612239,0.10699211468272188,0.00247650983745508,0.00606465913922739,0.0,0.7,0.2,98,3.363172095176313,2.240792778126748
16,41,0.018998626203283908,0.07819703656059158,0.25423089549235134,0.4588579564194,0.0048570718953509315,0.10241611707738588,0.0031323208247927697,0.00561401628837545,0.0,0.7,0.2,101,3.357650143165021,2.043289570874076
16,42,0.018770590029983634,0.07710629104415886,0.2530964454472086,0.45168146146371707,0.005350422098664324,0.11424551322222491,0.0034323220205682904,0.006805301951516419,0.0,0.7,0.2,103,3.2889297477375563,1.9601506276934573
16,43,0.018334378184374306,0.07593788475273619,0.25189116588734384,0.4515618747571285,0.004796131357801948,0.11558062457802212,0.0036008934716086397,0.00689434489342782,0.0,0.7,0.2,106,3.307742474245613,1.9346631089896416
16,44,0.0171596133372242,0.09103193882642699,0.2977936908108098,0.49543201905671574,0.0027932416508455625,0.10811355003475469,0.00233841830524063,0.0056956405533427,0.0,0.7,0.2,120,3.2877835837000875,2.072303271409317
16,45,0.01729563452184716,0.09637608987711943,0.3133964756548678,0.5189046418726627,0.003967026472060285,0.10871098534686578,0.0028163267893603202,0.0056256571643319795,0.0,0.7,0.2,121,3.2581744710726506,2.058898552782962
16,46,0.017082508971183345,0.09580245188786396,0.3128047164083894,0.5225750249105793,0.004484786327321673,0.10761154206858262,0.00261590650183668,0.00666505701777515,0.0,0.7,0.2,122,3.3634443582797418,2.3036088719867878
16,47,0.017049729562401153,0.09562494036974091,0.3126198999251992,0.5226050589141313,0.0037765454631445436,0.10814079773107892,0.00266948959285079,0.0068777233481180505,0.0,0.7,0.2,123,3.3491287978631448,2.357503092104152
16,48,0.016905429753805472,0.08993027698808621,0.29664906456570433,0.5288013114349331,0.003567046088247268,0.10505223941110473,0.0026569842141648597,0.0066086822623772894,0.0,0.7,0.2,124,3.4089319161072384,2.4547610593859077
16,49,0.01662126545222711,0.1002742580005089,0.32752095184558366,0.5269806871310673,0.004059914764136988,0.10641009645495117,0.00259214273509085,0.00643096992585329,0.0,0.7,0.2,125,3.324331338526352,2.242160463813839
16,50,0.01621290584222831,0.11056040943013346,0.35833865735671594,0.604029335294596,0.0029331747221476205,0.11065272413984002,0.0026105423527558102,0.00508205568850129,0.0,0.7,0.2,133,3.375286553253694,1.966691994059369
16,51,0.01607434814136396,0.11036701698983568,0.35814268488221357,0.6039142683581362,0.002948804531192706,0.10855725335910724,0.00260400492910854,0.004624832622907251,0.0,0.7,0.2,134,3.3843124126891357,1.9835578695743528
16,52,0.016381899099929462,0.10963315553459696,0.357356251886318,0.6024932588668469,0.004471457368431494,0.108610184741782,0.0038228304001651898,0.005924986420175559,0.0,0.7,0.2,145,3.289416801190252,2.0480457879306115
16,53,0.015849555507814084,0.11372464906048738,0.37167707965358376,0.608605081562837,0.003979598042934405,0.10860841148097786,0.00396356554776243,0.00593368165049972,0.0,0.7,0.2,150,3.31797519459336,2.115259845214913
16,54,0.014408692222536726,0.1174723312337519,0.3856824802210815,0.6516928298990091,0.0036548873723767465,0.11892511745517158,0.0025989483380807797,0.0044922029150434905,0.0,0.7,0.2,151,3.343714525178123,1.9298588300092343
16,55,0.012778415440217735,0.11938502268288177,0.39777041322554546,0.6791180582419496,0.0048512165140187635,0.11758397576682349,0.00251355415606916,0.00391866051196942,0.0,0.7,0.2,154,3.1552870400948523,1.9528099684864093
16,56,0.011559444254193493,0.11592667322098527,0.3941999800541215,0.7165072049841995,0.003762401968436655,0.10971686404093006,0.00284990769792077,0.00514416816083782,0.0,0.7,0.2,165,3.3293715156038663,1.8476619211980096
16,57,0.010872086707322138,0.12004630002855594,0.40855865971617833,0.722594374983693,0.003971474885408143,0.12063893063456713,0.00272066512978407,0.00456518845923519,0.0,0.7,0.2,167,3.3371282891327505,2.083499565117437
16,58,0.010244290672940309,0.12966307299110913,0.4386843319660614,0.7589104827226711,0.0034523617379504552,0.11984406946861861,0.0025396711191270098,0.00448704928951762,0.0,0.7,0.2,170,3.2665528162057416,2.138571601638445
16,59,0.010580927589813152,0.1188324206648245,0.4072986007119671,0.7488021917427473,0.0035545764003637598,0.11750927414508247,0.00322991287477412,0.00479643301740544,0.0,0.7,0.2,173,3.2747971046483704,2.163119245239233
16,60,0.009736455799069654,0.12828387080401776,0.4372617463513781,0.7785561806133802,0.003535275568033433,0.10975104814179229,0.0025627822384979198,0.0051353783260598,0.0,0.7,0.2,176,3.256584474952281,1.84670632224556
16,61,0.009253737051906517,0.12740543507732977,0.43636390729724017,0.7714937159392294,0.0029909795013618214,0.1206244478950435,0.0024693899633737,0.0045287595010791905,0.0,0.7,0.2,180,3.272510087213776,2.079964487222968
17,0,0.9318545877061045,0.9602278429691369,0.9590979309053456,0.1705825592942677,0.0,0.0,0.0,0.0,0.0,0.7,0.2,1,6.958926868748076,26.050277213048897
17,1,0.43065191343007625,0.5757027381742769,0.5636453935303594,0.09885812769000717,0.39671885892176945,0.09297681501173503,5.904910109129e-05,0.00018772049209666,0.0,0.7,0.2,3,4.108992774941029,10.205042233637466
17,2,0.06620704189805887,0.07773951540623192,0.06163708679451351,0.005701246793395853,0.5201501055278868,0.10664125893204941,0.00039412067130173,0.00125293230540188,0.0,0.7,0.2,5,2.571320666041901,1.7417858967504345
17,3,0.06442109530368652,0.07394951561409194,0.05773217951500176,0.005170957046810749,0.009151349604269476,0.10848974393200057,0.00059129303829164,0.0018797546121798298,0.0,0.7,0.2,6,2.907228207771288,3.756367126870461
17,4,0.05643630029428008,0.06352089511153784,0.057126848609773344,0.0067504515877409915,0.03313002897679777,0.1077052520769625,0.00049360672427062,0.00156920419565811,0.0,0.7,0.2,7,2.688561288183271,2.4672418186508733
17,5,0.05610661748874159,0.05774637683384826,0.041081796349997424,0.013795923326133518,0.0003297495439141759,0.10770525176493798,0.00024680334506281,0.00078460204355458,0.0,0.7,0.2,9,2.6885612278655886,2.467241457817076
17,6,0.05642223184644335,0.058047645723849205,0.04138224958337554,0.001951841896579491,0.0006709878628452724,0.1077052520769625,0.00049360672427062,0.00156920419565811,0.0,0.7,0.2,14,2.6991539570607306,2.471538632687656
17,7,0.056087125405799854,0.06859666714375066,0.07247193868605543,0.04673236549928758,0.0003374534548003352,0.1077052520769625,0.00024680336213531,0.0007846020978290499,0.0,0.7,0.2,17,2.697026816872619,2.470645363582926
17,8,0.05523025666829168,0.07716896075386082,0.10150365679461115,0.11424680724925561,0.0014853248704048657,0.12087868793859853,0.0007246872614872499,0.00192066983816866,0.0,0.7,0.2,27,2.95732714398906,6.760150730993547
17,9,0.054396119134273585,0.07513233872804785,0.09939981684202363,0.1348091863489412,0.0061003460468603355,0.11929199014588965,0.00104467740240714,0.0024450902362757,0.0,0.7,0.2,28,3.094459628006728,7.488605464244171
17,10,0.05258278554653003,0.07686883882012711,0.11130206050052223,0.15229013978555636,0.00504346898097752,0.11992335644104646,0.00103949179039344,0.00246122109868391,0.0,0.7,0.2,30,3.025565268035045,7.213294273000795
17,11,0.053279454782216386,0.08268176269114771,0.12736702831404006,0.13175213117097806,0.002902876351642837,0.1226412596063513,0.0018485745663266498,0.0046909468095905895,0.0,0.7,0.2,32,2.965394516622985,7.395166514863503
17,12,0.050496316329351705,0.08064845392303391,0.13534595203518762,0.14942333087261336,0.02261561806068126,0.12532461525329536,0.0032682172211253697,0.0078352664505245,0.0,0.7,0.2,33,2.9241290491270537,7.655386006604094
17,13,0.049863955859715495,0.07738894898680523,0.131942982515783,0.14063940994479612,0.01605374525853919,0.12649099498612573,0.00496641838933749,0.01083754983879939,0.0,0.7,0.2,34,2.7574179884021484,6.838041959006286
17,14,0.048613079317716475,0.07601093023097392,0.1305579798960008,0.1426517324485289,0.005012087875392829,0.12572477808888477,0.003928821150893691,0.00879702259297898,0.0,0.7,0.2,35,2.7655198858096384,6.775757277296878
17,15,0.04361496660852379,0.06848358309076544,0.12289336189913132,0.16469508508484884,0.004304699982327676,0.10419640196242844,0.0016347945446107098,0.00334535407917596,0.0,0.7,0.2,39,2.6922543320441705,2.07497357783516
17,16,0.043614967136816514,0.06848358299247252,0.1228933618008384,0.16783464937205558,0.0018135657558675112,0.1041963946656969,0.0016347946883964602,0.00334535308446124,0.0,0.7,0.2,40,2.692254276335934,2.074973863190749
17,17,0.043464350920506795,0.07365070919985907,0.13832394254089211,0.17725736961702535,0.0020275577159166148,0.09970577422900678,0.0016193379119085398,0.00322140428512029,0.0,0.7,0.2,42,2.629571759404268,1.9635987048393773
17,18,0.04276109954809074,0.06646223292208916,0.12080896089251095,0.18280413716519678,0.0040526356561666095,0.10810836196849882,0.0018859429754832,0.00346177741420584,0.0,0.7,0.2,44,2.6558261885675885,2.150721154364645
17,19,0.04273068865878005,0.06639809403646753,0.12074288650915992,0.1927025998872604,0.0020456113773941013,0.10810836213683102,0.00188594307358921,0.0034617776036600803,0.0,0.7,0.2,48,2.6485229848201883,2.149718484116825
17,20,0.24157168662169673,0.2701184677790894,0.33470320816613697,0.4049788714305644,0.20246762950276084,1.0,0.0019444797546192502,1.0,0.0,0.7,0.2,50,2.7288201504806207,4.643044614497747
17,21,0.04215514029374382,0.06969336341087314,0.1342240952491116,0.24442337938970707,0.0036367477860350834,0.1085650648073176,0.00279449653978439,0.00445795704182051,0.0,0.7,0.2,55,2.6475171497957923,2.395769396961388
17,22,0.04122709837548552,0.06815491078409827,0.13265272704379572,0.24381762107942576,0.00326562242609531,0.10545708575564809,0.0021857518698712502,0.00468542586869226,0.0,0.7,0.2,58,2.724247729808147,2.405182293927022
17,23,0.040183687811891196,0.07090941916231645,0.14558958843723618,0.26725891318541223,0.009255244296509632,0.10845317263362668,0.00283995084294846,0.00445625875219491,0.0,0.7,0.2,59,2.659068999152366,2.1850526492375515
17,24,0.03985393308031007,0.0699569455479906,0.14460387814325246,0.26400251449746837,0.0043071257731333214,0.1086465276964788,0.00305573670355843,0.004797554325205429,0.0,0.7,0.2,61,2.6488552954646623,2.181858015131035
17,25,0.0398362552333963,0.0644660558122987,0.12884057594595932,0.26916125862118506,0.003215903928083309,0.10947279041725395,0.00305658465219847,0.00483349960697463,0.0,0.7,0.2,62,2.70913998446338,2.333948196626374
17,26,0.23830226589824013,0.27311883820528754,0.35799726605530247,0.4769284652061135,0.20491477915461798,1.0,0.0031279816703714903,1.0,0.0,0.7,0.2,63,2.7403847162297,5.027981264952432
17,27,0.044124745806114356,0.0863585650902394,0.18161313226021852,0.2939269087696781,0.007008681886630848,0.12504805744587694,0.006516390794382839,0.00856124304118494,0.0,0.7,0.2,67,2.985731021832056,5.099545970777197
17,28,0.036252865965249785,0.07866920949758517,0.18391396688865388,0.33214346740851414,0.004631851586225644,0.10936133177842744,0.00296836497787272,0.00463142918158408,0.0,0.7,0.2,73,2.5820934942420704,2.2001736916144115
17,29,0.04133945292290536,0.10078215671560538,0.23687557582383006,0.3538754679530729,0.00905491511311924,0.11668773451559951,0.00772173410129431,0.01043389354349054,0.0,0.7,0.2,76,2.9117574884391053,3.3972958742685604
17,30,0.03421503171857243,0.07418117416550248,0.1792964552635283,0.358427446792667,0.0038547515871163807,0.24395137230731812,0.00297294049429009,0.00494790370393962,0.0,0.7,0.2,82,2.590524353322876,2.3342444610639648
17,31,0.03375182048463898,0.07827005400665267,0.1936089287621074,0.4108758077569827,0.003713203466592526,0.12107417277251231,0.00323132253010854,0.00554037697840635,0.0,0.7,0.2,92,2.885308773327305,6.022473848902817
17,32,0.03305426973860299,0.0876385009476669,0.22347543813606457,0.42948048518811827,0.004153410728740632,0.12107417281449687,0.00323132253171217,0.0055403769823270995,0.0,0.7,0.2,96,2.826820907439267,5.807635593404405
17,33,0.03299632155681302,0.09295721856661482,0.23906117841001118,0.4459044565232513,0.003456897123017013,0.12107417281449687,0.00323132253171217,0.0055403769823270995,0.0,0.7,0.2,99,2.8325440683848697,5.830938445941669
17,34,0.0315053422285826,0.0891888749756722,0.23517343703047763,0.4361700058083049,0.005528763746356099,0.11142945811323739,0.0033798767893736897,0.007165130299941059,0.0,0.7,0.2,104,2.850289841191893,16.039077420630846
17,35,0.03063390391935166,0.08825822687962001,0.23423992425508516,0.5135729266537092,0.0030890302907283776,0.10927400051263295,0.00299276661123585,0.00440680581779246,0.0,0.7,0.2,106,2.7043166621066432,2.199891339263836
17,36,0.030409011708399793,0.0985550839072021,0.2650588990619586,0.5383524383360578,0.0034087000912542383,0.10963844013118444,0.0031020876413544703,0.00443987186128774,0.0,0.7,0.2,110,2.710637209511958,2.182672489770964
17,37,0.030166576418824826,0.10345618889608957,0.28021494890569565,0.5618162339229754,0.003450091312196755,0.10970947851565711,0.00310937419548914,0.00446233360717202,0.0,0.7,0.2,113,2.7243632855738986,2.2744290445139783
17,38,0.030303994526716897,0.08408183433205522,0.22986347643005892,0.5232576882651121,0.007338942354682568,0.11428178011108221,0.00461097688792366,0.013074410801381109,0.0,0.7,0.2,121,2.907940963527709,2.565964567881763
17,39,0.030412368550527393,0.09503298047473185,0.2613534657255617,0.563769107043048,0.006024988155535725,0.1132118084009451,0.00466877790732596,0.01360652253256309,0.0,0.7,0.2,126,2.8940613659072696,2.495109253484442
17,40,0.03003406747277786,0.09416478442609963,0.26045990725260804,0.581571227144752,0.006934651272730311,0.11386297498262712,0.00470696151449794,0.01359670463855985,0.0,0.7,0.2,128,2.9305437762786624,2.670631637275683
17,41,0.029231481415171477,0.09246331039689525,0.25871181633410484,0.5883662848080741,0.009325262789288462,0.1136708303981951,0.00465803210629501,0.013440801372975968,0.0,0.7,0.2,129,2.9169361273199343,2.488958531693514
17,42,0.027827756582145168,0.0905064548741922,0.2567265743243024,0.5872178712580508,0.007072908392398821,0.11033961259975025,0.0046924689515331,0.008562431365003991,0.0,0.7,0.2,130,2.8622197531041023,2.1505889870478043
17,43,0.026281476702387296,0.08285392335840003,0.23876922704042397,0.6045609587661077,0.004345589162075539,0.11443843147500662,0.0035034305100278195,0.00768906187441087,0.0,0.7,0.2,137,2.9161645781651604,16.867834596176728
17,44,0.02604910770326654,0.08747630039315142,0.25363186842216545,0.6255084276267739,0.004803764498150757,0.11447668110648652,0.0037403337148446203,0.00809640157892553,0.0,0.7,0.2,141,2.9423285283767493,16.85644971159292
17,45,0.026126935629446155,0.08760462731856171,0.25376248395689194,0.6327445546305146,0.004370867656721208,0.1156265949574442,0.00373103101021184,0.008314477709619881,0.0,0.7,0.2,142,2.9511151583490287,16.82110555620958
17,46,0.02605308055477479,0.08708567737787769,0.25322096547053335,0.6332087002540874,0.0058577934635782765,0.11424525007181194,0.00416962724755834,0.00821825266600407,0.0,0.7,0.2,143,2.9847967086427163,17.157805862060115
17,47,0.024983683130070315,0.12938029525763795,0.3776703389900775,0.8618826824685158,0.0036687953853071836,0.11836368666822883,0.0028413868107643103,0.00830643252598605,0.0,0.7,0.2,175,2.781907802691182,2.835633263575572
17,48,0.024900736146641532,0.13463153386293245,0.3931863801075069,0.9448950870385885,0.003694135953619202,0.11820208578213671,0.0028438301990329597,0.0083343527812157,0.0,0.7,0.2,188,2.799383518243165,2.84247738299822
17,49,0.024254296354085082,0.14730020852076137,0.43651227324807085,1.0054385493480547,0.011094202785207032,0.1046855012314977,0.00399361179662055,0.01321510545210132,0.0,0.7,0.2,190,2.891885799181756,2.915602117802544
17,50,0.022938582289608492,0.14009604171267356,0.41901471037606186,0.9892804744545113,0.005299041550852743,0.10366882557221072,0.0037838329322135897,0.00914142227482838,0.0,0.7,0.2,192,2.853894010545861,2.95199170959061
18,0,0.9089945192520448,0.9463964188508819,0.9448734371143318,0.16787388691936084,0.0,0.0,0.0,0.0,0.0,0.7,0.2,1,7.49447802456516,26.18294192742454
18,1,0.4242624670409193,0.5692607758888842,0.55702050891363,0.10437803547109789,0.3890951338486299,0.08837539115062824,5.9593700315570004e-05,0.00017842961510756002,0.0,0.7,0.2,3,4.257562346850443,10.278638077410518
18,2,0.15094576321558256,0.22325441661031423,0.20117700731864346,0.04179407266611242,0.357384512464048,0.09869126800457843,0.00023837480126229,0.00071371846043026,0.0,0.7,0.2,5,2.44756978131756,2.477820529920258
18,3,0.08394946144484239,0.11185451570361407,0.09671867810249207,0.0260539295067334,0.12145160274786602,0.10222914548852169,0.00048162125036983,0.0014420231312378602,0.0,0.7,0.2,7,1.9916789906400492,2.305493776010381
18,4,0.08207140382022456,0.10307855844963877,0.07758449316387699,0.025857903270688154,0.006754583667727843,0.097147484304199,0.00033761298951406,0.00073365026601354,0.0,0.7,0.2,8,2.0196435047946717,1.7523702584741336
18,5,0.07877275381455223,0.102253128099085,0.08685155199861959,0.030631172989935854,0.006851988935156632,0.09672960768833976,0.00034449129198793,0.0007157338604197999,0.0,0.7,0.2,10,2.1312587030897308,2.0378919554447226
18,6,0.07861797191122429,0.1074255139758543,0.10228739007381417,0.03856169663966421,0.0006144484041124164,0.09593562077453108,0.00033094259681053,0.00063799123415684,0.0,0.7,0.2,12,2.138428168261092,2.15380410725396
18,7,0.07636624740035612,0.10265661163150415,0.09736900469696073,0.04784746914692033,0.0035710886579479605,0.10994401224475911,0.00041490737658214996,0.0028273297704341,0.0,0.7,0.2,16,2.1368412792138884,2.2502761996290315
18,8,0.07501088145332703,0.10042566800205914,0.09508615673683864,0.05668293024445429,0.0016993816746640562,0.10819063234457844,0.00021847005689922,0.00147003925415277,0.0,0.7,0.2,19,2.125139110942126,2.158642834306505
18,9,0.07375789246840003,0.09800656994582636,0.09259829460070143,0.06619958722809513,0.00543904311014768,0.11023751627719691,0.00022050967415029,0.00146575233627848,0.0,0.7,0.2,20,2.1490482299308318,2.1286629193021542
18,10,0.07306319560785926,0.10210941934427589,0.10693358199502273,0.06328477779477494,0.003205912156948449,0.10550812273022463,0.00024841520917989,0.00135369837627545,0.0,0.7,0.2,21,2.08569963342818,2.36012727012815
18,11,0.06881220902243129,0.09325208362947515,0.09780775246948574,0.07003402957976197,0.010799693960312077,0.10889390913537485,0.0007043299239959399,0.00276219361487945,0.0,0.7,0.2,23,2.1839912565737087,2.3491069156662774
18,12,0.06835471576600063,0.10324331944815883,0.12831451621659154,0.0912554175836756,0.0015095484121513988,0.10840256003857648,0.00064413667853547,0.00297540859803175,0.0,0.7,0.2,27,2.205146565200157,2.244633181558004
18,13,0.06981031212269023,0.09916115636674645,0.11395666141892483,0.08927120023389633,0.0027283789738757136,0.11331775057282192,0.00089484231206259,0.0098584310782496,0.0,0.7,0.2,30,2.1897598815434502,2.39799014960388
18,14,0.06761127041641866,0.1002038794192382,0.12514261228783305,0.11736809961477361,0.0042084889732686955,0.11111183533263369,0.0022203811374417797,0.00557903360788507,0.0,0.7,0.2,36,2.3748203333865177,3.808924167841384
18,15,0.06744669287733751,0.10537039619192283,0.14057333260615523,0.1260086053766837,0.002858790926868215,0.11104729555646468,0.00217934620696785,0.00548091160883465,0.0,0.7,0.2,38,2.368536794205121,3.75379119493504
18,16,0.06642875621600611,0.09774345273966012,0.12260886042643865,0.09677542340721651,0.007660305483952558,0.11009266988011279,0.00232524762756136,0.00583653303133315,0.0,0.7,0.2,39,2.396084874228058,3.818545469499224
18,17,0.06470050448396045,0.11707263215356795,0.18297910806943216,0.20174873940550328,0.001995829370730593,0.13406142184029962,0.00143124750093474,0.00397355995860601,0.0,0.7,0.2,54,2.2068574273792314,2.221313301237646
18,18,0.07253720543767918,0.14811857561464417,0.2452342293444942,0.22885385739274725,0.0027060767856081597,0.09646351628574716,0.0028273095556444,0.00278619858281713,0.0,0.7,0.2,61,2.4242309262428625,2.212793430983645
18,19,0.06926794289905903,0.15766649514682599,0.2853894260914195,0.27571462846282735,0.00483126634811795,0.0991376087887771,0.0031344222788681,0.00368706613424515,0.0,0.7,0.2,68,2.4288831696431146,2.210242260946623
18,20,0.0748979443486342,0.17992245806641233,0.32852054497911254,0.301620551983415,0.0025539221591883965,0.10078323279571906,0.00291326314227105,0.00253146242039478,0.0,0.7,0.2,74,2.428602443081364,2.2108211035204106
18,21,0.05545780626837195,0.1149429427133317,0.21114047368238123,0.28251681491680886,0.02495323173237807,0.11748560644749739,0.0011619843743159001,0.00427720439837646,0.0,0.7,0.2,75,2.314922529297484,2.939443162759138
18,22,0.05494141742343867,0.11933363891056062,0.22577177355570938,0.2776791673340399,0.0027544702651414567,0.11748560804086254,0.00116198439728612,0.004277204351412,0.0,0.7,0.2,77,2.301646066745342,2.9342807121549725
18,23,0.05487498729445935,0.12464288522755347,0.24134771464682997,0.2932889767720101,0.0018082875933717628,0.11748560804086254,0.00116198439728612,0.004277204351412,0.0,0.7,0.2,79,2.270956669979233,2.928042295444866
18,24,0.05397304592305181,0.12828122386435203,0.2552065158445739,0.31597853263858994,0.0023657069954419975,0.11614840733075697,0.00118142903876612,0.0040381469208307,0.0,0.7,0.2,84,2.3047255114102367,2.7906473160437937
18,25,0.05388844813439388,0.13900087421132093,0.28646248866262003,0.3419784407029699,0.0017007644346497411,0.11585061580176406,0.00118046712957474,0.0040272113763484396,0.0,0.7,0.2,89,2.3059241192095934,2.7957081809620146
18,26,0.053634606631106266,0.14394103083180457,0.3016593412444988,0.402769101937406,0.0016900542536553696,0.12730174037228992,0.00113352902770151,0.0041214999589549205,0.0,0.7,0.2,103,2.3252334225784157,2.877842059191924
18,27,0.053654799460729895,0.1434165181224312,0.30110444742081083,0.4219062310350564,0.002706857428656089,0.1269281324267308,0.0015757630179456298,0.00527415530817862,0.0,0.7,0.2,107,2.349760777846347,2.992816629588167
18,28,0.05162603015649653,0.13454534322902514,0.2818851439094487,0.4296574019168704,0.0028607828614668944,0.12937351016831816,0.0009088957918059901,0.00409855203784441,0.0,0.7,0.2,111,2.350670896451291,3.022855278910746
18,29,0.0505042188404888,0.1313177522493872,0.2785417118153153,0.47487879006357325,0.003158882946603125,0.12360995435460095,0.0018177926888442199,0.0052166998239608,0.0,0.7,0.2,121,2.3027408468967607,2.9857145387920223
18,30,0.050213070029500345,0.16715840808246227,0.38616786757820964,0.5652316782482109,0.004748175854114953,0.10958157848921088,0.00314795537224632,0.00833633665843407,0.0,0.7,0.2,130,2.245350289535496,3.145168452991918
18,31,0.04985044979036064,0.171813719377748,0.401070358840954,0.5849229964073289,0.004327411017977026,0.10927809487790996,0.00311143586709899,0.00862741136864879,0.0,0.7,0.2,134,2.2402956166095853,3.21501316496363
18,32,0.04864928744016232,0.1860709383981831,0.4460918066796852,0.6079797086419819,0.004205583839438646,0.11201650256860658,0.0028184680073403802,0.007689173964958269,0.0,0.7,0.2,139,2.23852079135734,2.927637558722016
18,33,0.04722304732303015,0.15584250553735524,0.36442414900938114,0.6269851446045337,0.004572443787621845,0.11444207157365756,0.0028993329709567197,0.00751319716707867,0.0,0.7,0.2,145,2.4529050585473087,2.243387756932816
18,34,0.04698783707827047,0.15545368644580349,0.36402712544737914,0.6319944115815215,0.003739230896846645,0.11404321754975548,0.00277895200235288,0.007458486902470141,0.0,0.7,0.2,147,2.424812862628765,2.2714620944734447
18,35,0.046094382040619004,0.15399531695730034,0.3625379217019933,0.6447202940935246,0.0038020999917617784,0.11925875995881026,0.0023429168532476197,0.0070947278600601,0.0,0.7,0.2,150,2.4526430654209626,2.23973271575953
18,36,0.045305463339025465,0.15785982869696275,0.3766299665609945,0.6443547313803787,0.004546996516291406,0.11728724525489971,0.00225568426143582,0.007051371121789091,0.0,0.7,0.2,152,2.4128032829152204,2.2588660828554743
18,37,0.046105280031008146,0.16409071706169498,0.3931308787470302,0.6807945739337881,0.003819303713282233,0.1194656040352915,0.00294095329511544,0.008713632024327091,0.0,0.7,0.2,155,2.4585319573034186,2.220040243892372
19,0,0.9301645036775756,0.9592139151703671,0.9580552978526012,0.1703839340079813,0.0,0.0,0.0,0.0,0.0,0.7,0.2,1,6.965665478690427,26.14814604727641
19,1,0.4373326337880407,0.5823794218545686,0.5705116099550888,0.10017064646596699,0.38880000662974973,0.10013735552193373,6.07126975896e-05,0.00021304036856788,0.0,0.7,0.2,3,3.926537859444197,10.253291627333862
19,2,0.16033084891197824,0.2382017081687337,0.21654802986375812,0.03531803014367134,0.35555288082413666,0.11182618218052051,0.00024285079035840998,0.00085216147427155,0.0,0.7,0.2,5,2.183966696084934,2.5071009014900443
19,3,0.0991857008518944,0.1344718338684697,0.10985897717357,0.017689528029678606,0.1081808260042514,0.11635341337888101,0.0005464142783064201,0.001917363317111,0.0,0.7,0.2,7,1.738697870060479,2.890998525810892
19,4,0.09515651460895151,0.1274346169031056,0.10263238918144756,0.01963419393384453,0.014129183503038741,0.10446967774826285,0.00033707155127911,0.00076806664639309,0.0,0.7,0.2,8,1.6867961701592629,1.7754569094078436
19,5,0.09511078025707444,0.13279537380967868,0.1182612458598316,0.024953275286062972,0.00047581751831560714,0.1044696777482629,0.00033707155127911,0.00076806664639309,0.0,0.7,0.2,10,1.6803414553380622,1.771111441098365
19,6,0.0941535926843861,0.13625167640201508,0.1319238474457919,0.028642445517322684,0.005344599773461213,0.11569124361960066,0.00047664565921556,0.00167254579267712,0.0,0.7,0.2,11,1.723861396581723,2.169289512812925
19,7,0.0933764081539613,0.1297747728293324,0.11516031082597285,0.04687259802570522,0.0003872363685225051,0.10410929471057453,0.00016912834766596,0.00038338082151251004,0.0,0.7,0.2,17,1.7318556352614989,1.7856234155804942
19,8,0.09337627258443504,0.12977444026647397,0.11516003061284676,0.04921536526893212,0.0001958540227823258,0.10410936978478505,0.00016912806993993,0.00038338061118363,0.0,0.7,0.2,18,1.7318498739756063,1.7856221967108832
19,9,0.09338294974526087,0.14055164036785495,0.1464711666562786,0.051657683954343614,0.0008872739141509308,0.1144175506276273,0.00024642810618764,0.00086150375940046,0.0,0.7,0.2,19,1.7741025446633931,2.2758976139716376
19,10,0.09226086725493979,0.1439292355630348,0.16006067850157382,0.060751408602584996,0.001764070370151573,0.11511397815830515,0.00024545217103931,0.00086074538984457,0.0,0.7,0.2,22,1.7789596728044113,2.2704668073929537
19,11,0.09182660670814728,0.14311087961052762,0.1592185586276077,0.07051458926959159,0.000942038118330268,0.1189284055071093,0.00026687986839922,0.0008895892894555601,0.0,0.7,0.2,25,1.731133729874664,2.4348036532077786
19,12,0.08762365613543037,0.13527182412089442,0.15115552688985662,0.07156948472021958,0.01666009900403387,0.1206360929301438,0.00029470898750114,0.00100084932139338,0.0,0.7,0.2,26,1.7511031759869315,2.9706005977302383
19,13,0.08523145328224747,0.13627656630524781,0.16230563056201777,0.07837649576096394,0.0048982471279935,0.11994684038268637,0.00026338149625453,0.00089508101263668,0.0,0.7,0.2,28,1.743553349337319,2.368679332599408
19,14,0.08516734859732025,0.13615526660913047,0.1621809174585232,0.08100296955861945,0.0006160373979847171,0.12002973802070364,0.00026416479412938,0.00089732153676306,0.0,0.7,0.2,29,1.7215517742131174,2.380595794121832
19,15,0.08509505464355335,0.14146418059973892,0.17775657857299168,0.10231375942644659,0.000504471678448136,0.12002973802070363,0.00026416479412938,0.00089732153676306,0.0,0.7,0.2,31,1.725990297602574,2.3780661057515857
19,16,0.08367393325455376,0.1384705823916646,0.17466766293042027,0.12770231506010268,0.0024554516854514113,0.10341157323149683,0.00085566947112388,0.00063323837892697,0.0,0.7,0.2,35,1.7146037089578574,1.8358263547770344
19,17,0.08337457322358344,0.13744312852001878,0.17359629046265343,0.11378647368021357,0.004441342486385885,0.1038721495205028,0.0016677149616038899,0.00039535292835126,0.0,0.7,0.2,36,1.8241275622028577,1.897471897712358
19,18,0.08320125623321453,0.13711462490833748,0.17325857817567453,0.1166094329429191,0.0019249309193032174,0.10378924195198491,0.00166847588067086,0.00039518725593414,0.0,0.7,0.2,37,1.8105073502706135,1.8949970973571104
19,19,0.08238344575325986,0.13558891229532785,0.1716900355315928,0.13055768479551222,0.004314956515272121,0.10413509829410875,0.00163654883556103,0.00037897534442178,0.0,0.7,0.2,38,1.7782686629719278,1.826940778158835
19,20,0.08136230452035205,0.1336719784267657,0.16971928450812868,0.13016403639340982,0.005106425044978989,0.10414509661678215,0.00160400290564989,0.00037951871137618996,0.0,0.7,0.2,39,1.7856115552978664,1.829294308914579
19,21,0.07992461708528698,0.13086814322957085,0.16683376260947047,0.1269595661244548,0.007208219605593078,0.10375458796248808,0.00170941144999654,0.00038114526421666,0.0,0.7,0.2,40,1.811068709590891,1.9038146547117736
19,22,0.07918359281633501,0.12945665271838833,0.1653824659070235,0.11224040441319873,0.0027222413013851497,0.10442777007894699,0.00170435487387159,0.00038255599397546,0.0,0.7,0.2,42,1.8154268377972675,1.892879965720884
19,23,0.07913739658451034,0.13477746031398305,0.18096915991131887,0.1442904396778304,0.001645359361726092,0.10724272117992972,0.0017338232691462298,0.00047596926900591,0.0,0.7,0.2,43,1.8217700309560143,1.844743906420884
19,24,0.08266217281041491,0.14777189583574987,0.2144202669543803,0.1639951955451129,0.0076114707699242185,0.10092263123631388,0.005916562508033929,0.01121934818547579,0.0,0.7,0.2,48,1.8924547730166652,2.525042380346811
19,25,0.08265403982124568,0.15320127825644148,0.23011995784151,0.1731152894174339,0.0064015029857588945,0.10092263119915004,0.00591656241798967,0.01121934907934223,0.0,0.7,0.2,50,1.8929881962560584,2.526487754553027
19,26,0.08089770636963357,0.14984470108945025,0.226668632530291,0.17563353953450742,0.013238014560074462,0.10139250118070434,0.00589236070198737,0.01118899905940604,0.0,0.7,0.2,51,1.898011762298229,2.536194942376016
19,27,0.07883084877003661,0.13305719852479617,0.18911502008477202,0.19172194271455242,0.008535820336830941,0.1083621672636356,0.0070623116181982495,0.01718840849216205,0.0,0.7,0.2,53,1.9664773109927796,2.7822076564058253
19,28,0.07368091795776646,0.12298823993769906,0.16880603856008225,0.20471916361895645,0.006122820994614172,0.12371514420256431,0.0016172895942053501,0.0077175889598045805,0.0,0.7,0.2,57,1.9806668321084864,2.8778057770843004
19,29,0.07382489766208808,0.12284652968537484,0.1686476917399377,0.2010272961781577,0.0035253482723684518,0.12476389314613026,0.00195647551366108,0.00875965221808397,0.0,0.7,0.2,60,2.0046113275152484,2.4982232312828283
19,30,0.06610633668369184,0.11318718097402937,0.1688321310752014,0.22222238787412024,0.03404198676561972,0.09222788466388292,0.00163499517297764,0.00950373877086315,0.0,0.7,0.2,61,2.165128935348701,2.9795939497890105
19,31,0.06400085154735201,0.11504637407853865,0.18087725909974395,0.22142499092194404,0.00857120579019027,0.094561903854103,0.00159867890113362,0.0065775628009819495,0.0,0.7,0.2,62,2.3031648105155607,2.733722953682373
19,32,0.06362016391831983,0.11977313904376571,0.19585538023525587,0.23126439954325326,0.0030899412176106887,0.09448839342263772,0.0015712397940427902,0.0064646680539725,0.0,0.7,0.2,64,2.3178738428019496,2.7679532059452776
19,33,0.06163802085011256,0.14239790913723538,0.2696846919658758,0.3357303570227046,0.0034075821220035975,0.09513367463226367,0.00139646036800576,0.010223476126719259,0.0,0.7,0.2,92,2.013499926657044,3.653521047739744
19,34,0.06118673707256207,0.1466491319660185,0.2841646979737557,0.3435042783230808,0.006335438763019785,0.09437232314217352,0.00156274024240905,0.011039447611080309,0.0,0.7,0.2,93,2.222512447099818,3.5122674691725466
19,35,0.06200200887312119,0.14214119160908945,0.26939296164377974,0.3682721719774871,0.004077353161583734,0.09441175150624574,0.0027162936128754,0.01047848003166724,0.0,0.7,0.2,100,2.0257071890391294,3.924257189056144
19,36,0.06368126428377392,0.14523091624112086,0.27256247838104103,0.3725366470184968,0.005572920931722591,0.09436191354079856,0.0034437614341143096,0.00934433015687316,0.0,0.7,0.2,101,2.06081666146541,3.4077531479176
19,37,0.06073013742869491,0.1507317537376447,0.2984668442336914,0.37790880490764506,0.0055870491102512874,0.09597754189080744,0.00276838605222759,0.00899140089575419,0.0,0.7,0.2,102,2.067614272582219,2.8488237369319647
19,38,0.06035247154993806,0.14475317881901373,0.28220902537022347,0.3844878231999806,0.003829762413646052,0.09567543080775257,0.0025093540711591,0.00877463333286333,0.0,0.7,0.2,104,2.121142682366872,2.991051284075873
19,39,0.05823060875488801,0.15654468952850112,0.3246764906799159,0.3837888795554485,0.013608325787304974,0.09355108024265996,0.00276897162909719,0.0090519067653965,0.0,0.7,0.2,105,2.107668046729259,3.095032880162141
19,40,0.05735646241783979,0.14926457158526948,0.3070721286334018,0.39862082112068853,0.005102297708379458,0.0937752685062614,0.0027607812333883,0.00935219995150543,0.0,0.7,0.2,108,2.1179142396239485,3.352507444784902
19,41,0.05742393597675634,0.15437992528683417,0.3224359761601526,0.4267098532095265,0.004453248707986371,0.09334402898905596,0.00317775337141646,0.010140253792148191,0.0,0.7,0.2,116,2.07777785616642,3.1269502503947324
20,0,0.8837264118862467,0.9308033325689826,0.9288374943836681,0.16482043483675476,0.0,0.0,0.0,0.0,0.0,0.7,0.2,1,8.119528568268056,26.139860012059675
20,1,0.40445718647614115,0.5489309736693955,0.5361130068192363,0.09361897027331688,0.39399235830544127,0.0945517266809674,5.906828194448e-05,0.00020983804950952,0.0,0.7,0.2,3,4.753497930834576,10.28677521362048
20,2,0.12913706801013933,0.1926907629044086,0.17985958787163459,0.028067950806476637,0.37362183769100527,0.105827983794523,0.00024570542632242,0.00087286011571937,0.0,0.7,0.2,5,2.7746133725509226,2.3834105420712617
20,3,0.0759897499413252,0.09114062126076995,0.06529716793448485,0.009190937148694232,0.10027872280890415,0.1098632581503299,0.00053161453750032,0.00188854244558572,0.0,0.7,0.2,7,2.308189918779159,2.892100044036806
20,4,0.0697565306467874,0.07939380917154232,0.053226544007994106,0.010226713570774357,0.023877136524698216,0.10043959444329816,0.00033303143820169,0.0007853406523741901,0.0,0.7,0.2,8,2.30645559779665,1.7685736085320385
20,5,0.06897501814489004,0.08331429542524064,0.06737439984055353,0.015260653373408003,0.0019545693882859474,0.0998148667994868,0.00033390622906543,0.00076249878661728,0.0,0.7,0.2,10,2.319605765678972,1.8250477607954625
20,6,0.06886108938000034,0.08853746592035829,0.08286204941244737,0.030854874463726683,0.0006117516894286214,0.09954688432711276,0.00033417444632795,0.00075406624095698,0.0,0.7,0.2,12,2.3341224999541423,1.878287457866507
20,7,0.06742888086178167,0.08006715780180942,0.06402867486493628,0.03311872839515857,0.0073097055296682265,0.09123288174065117,0.00040918747433335003,0.00160910194418986,0.0,0.7,0.2,13,2.413306138486366,7.047548434709987
20,8,0.0665321712119433,0.08386725844036289,0.07805626071860855,0.03704821852680399,0.002050883433373243,0.09105050938449796,0.00038204865557833,0.0010807180044476602,0.0,0.7,0.2,15,2.364777169572532,4.3163167361099095
20,9,0.09908365742425052,0.10844331764741916,0.09221631295070916,0.06248083898213001,0.046183606954046955,0.09178361438831416,0.00139950647534707,0.17322152883719172,0.0,0.7,0.2,16,2.548564381389413,68.13751872651855
20,10,0.09608850242369141,0.11014931922070123,0.10415021198018379,0.06865166029095882,0.03492780155358342,0.09159360046242172,0.00131690680049587,0.16230543322866048,0.0,0.7,0.2,18,2.5520256423527883,66.93427214376422
20,11,0.06202425791697945,0.06951577347325222,0.05318200429589209,0.05192565256797261,0.002793651446936405,0.10088621405952251,0.00031409469719888,0.00118411438666115,0.0,0.7,0.2,20,2.5069366057091536,2.0756465108117603
20,12,0.05978949948287814,0.07048719220109594,0.06429677376760791,0.05594115856344299,0.005065875785263191,0.10088094016503787,0.00031642848043085,0.00117442804480603,0.0,0.7,0.2,22,2.478215859084394,2.065123388527991
20,13,0.05977612960655115,0.07045758525080241,0.06426636523164235,0.06105107534450716,0.0005246412188621017,0.10100189733287528,0.0003167591941584,0.00118641409172201,0.0,0.7,0.2,23,2.475457531944115,2.0710426163254616
20,14,0.05963903375879211,0.0756196087815978,0.07969069326632804,0.06606390243565217,0.0010676840596285455,0.1009001400856216,0.00031594644481246003,0.00122912689099147,0.0,0.7,0.2,24,2.4765596577948954,2.034890759845076
20,15,0.05990424727792886,0.0755307820543664,0.07958174598617605,0.0743244543540112,0.001828964310612951,0.10205793782953314,0.00030784447689555,0.00436924245550209,0.0,0.7,0.2,26,2.47876636986297,2.8317342497323765
20,16,0.060276778047921475,0.07586203358294756,0.07991086384336658,0.09112538817801014,0.0016460915846325062,0.10372160777142898,0.00017201498016749002,0.0068864019428468495,0.0,0.7,0.2,27,2.512764075676767,2.25252964551088
20,17,0.0573402398520851,0.06917113606729389,0.07300864394976947,0.07682878078932537,0.017581486041221964,0.10112678731139016,0.00065122937220093,0.00893866314170903,0.0,0.7,0.2,28,2.5520346354484134,3.584036101035724
20,18,0.05606585540083673,0.07282867686964878,0.08690797024449883,0.08944279603532297,0.003562723017461489,0.0976078859565999,0.00037767036274217,0.00602346955959231,0.0,0.7,0.2,29,2.475779983416193,2.5520810952320456
20,19,0.05519322049160431,0.07170731394482911,0.08577275340523846,0.11680242870182102,0.0009346397314600769,0.10347003737589164,0.00068625179530845,0.00177174150311982,0.0,0.7,0.2,39,2.569831887267274,3.754630318330747
20,20,0.054990279881553215,0.0657612860023074,0.06953939786361295,0.11483978754404459,0.002129576989675285,0.11760451247581705,0.0005690979658843399,0.00260859794484088,0.0,0.7,0.2,40,2.437494869259116,3.3070238101290976
20,21,0.05370964272537698,0.06358674213748404,0.06731496485756094,0.12073833022042839,0.004122693576319384,0.10982418580974995,0.0002712675421664,0.00155668654736414,0.0,0.7,0.2,41,2.6220820663212376,2.5163717258345177
20,22,0.052341128014713995,0.07090093012985568,0.09504760312331638,0.13069381088927534,0.010147807516504915,0.10886134368682768,0.00091815134505146,0.0030014386788559397,0.0,0.7,0.2,42,2.577929865553062,3.958585391979348
20,23,0.04992328397074923,0.06607491115352568,0.09008844625741373,0.14695971146479436,0.0043217129513286965,0.10556996919005276,0.00083460382096709,0.00258446207128882,0.0,0.7,0.2,45,2.6141899015306054,3.6729588576612016
20,24,0.049750337562404184,0.07661247069635858,0.12115766458121927,0.16617744272566468,0.0012394890639207822,0.10584908593710216,0.00083416249139543,0.0025618549791522,0.0,0.7,0.2,50,2.613713656386073,3.66566092454369
20,25,0.05204267210299721,0.07884026438664386,0.12338173754548874,0.20285902272801343,0.0035773011944390714,0.09823376957399382,0.00134158928485398,0.01254877244016179,0.0,0.7,0.2,52,2.7494675447819947,2.9305016202971546
20,26,0.050123521851613576,0.07487501741237229,0.11930427693150997,0.20515694604408888,0.011598359713430668,0.09768642241260785,0.0015819301587649398,0.01166058009296623,0.0,0.7,0.2,53,2.845077006305884,2.25856455986542
20,27,0.050201118480761885,0.06314570365466889,0.08698343233262212,0.1759926654071262,0.005582276849507082,0.10330069737731976,0.00208328600997527,0.01454334838837997,0.0,0.7,0.2,56,3.0771370054962066,4.022969479867021
20,28,0.048820246404777716,0.06538390286777293,0.09939273101997563,0.18616181352610714,0.008280874796701754,0.11830512091937735,0.00223363093050459,0.01551168415154813,0.0,0.7,0.2,58,3.008334425628852,3.4085670194928683
20,29,0.046775553800831586,0.06658405445671572,0.11074405058991346,0.2106510925723432,0.008961953481257588,0.11963942642784124,0.00217056169158856,0.01553197409977627,0.0,0.7,0.2,60,2.964739713106192,3.082258030192243
20,30,0.04569701664540954,0.06970102449716378,0.12406391999908734,0.22060801864077298,0.007128139758821921,0.1169412929881322,0.0020578097574699703,0.01617708587977901,0.0,0.7,0.2,62,3.000592553645173,3.30045498105284
20,31,0.04538170005418091,0.08564260470284372,0.1708131876968615,0.25884958149894755,0.0045320869933541475,0.09824780124328372,0.00368297512722011,0.009262140460044841,0.0,0.7,0.2,65,2.601244167916061,3.2902203482617502
20,32,0.04412963096286702,0.08336901040043763,0.16848455796729447,0.2683011034801169,0.008095019646004105,0.09972704373782101,0.0034510094204175798,0.0084008403704008,0.0,0.7,0.2,66,2.676173090330124,3.36762192406942
20,33,0.042032974497618475,0.07936841191047797,0.1643816740726369,0.2868790042405639,0.005183350685874263,0.09760514228097508,0.00298477195713374,0.00804010744403643,0.0,0.7,0.2,71,2.624623976980164,3.404983438905316
20,34,0.04096821629384022,0.0826819347292298,0.17790861645889738,0.308006557288453,0.004268459226048092,0.09760023967331775,0.00294632580329367,0.00757347124275949,0.0,0.7,0.2,77,2.590573619711594,3.3229517401261504
20,35,0.036598584278021304,0.07067381233689456,0.15551273920301242,0.2854895180726591,0.002551983086750134,0.09905015397315467,0.0006249034465047999,0.00348874321893976,0.0,0.7,0.2,83,2.7980765824687723,2.888562724981418
20,36,0.03580326740017083,0.07344915624412235,0.16845913701451243,0.360167208111858,0.002634424856434699,0.10810163895352487,0.0011978333366036299,0.00568452545825918,0.0,0.7,0.2,94,2.5218926574178604,2.9069935713541883
20,37,0.03420044539409781,0.08507507216001052,0.2107326439399805,0.4003322731160491,0.006014376816528723,0.09562577761624737,0.00093777137419445,0.01191765942677791,0.0,0.7,0.2,98,3.0240925277146937,2.665476190029592
20,38,0.03371424579746211,0.07260033630338512,0.1776590152588881,0.38217554533025083,0.007685186243563177,0.09537414297775092,0.00109784993971303,0.013607063056587529,0.0,0.7,0.2,99,2.927187019212377,2.4604650371530825
20,39,0.03279945980222904,0.08224424572042562,0.20782663651256794,0.41368726430145286,0.003172266961502507,0.09676241432701807,0.00089211651908627,0.01115987911192835,0.0,0.7,0.2,103,3.0202979502682585,2.5552325833399463
20,40,0.028713701462661233,0.07327181719726002,0.198599053486811,0.43654245345478077,0.005519962298117739,0.09571039845206561,0.0009104532535865,0.01117073162238083,0.0,0.7,0.2,110,2.9642844526525964,2.685506477522861
20,41,0.02871325031041389,0.07871524013404355,0.21431299217768982,0.45220378102520037,0.0028732758211865196,0.09570737225164891,0.00091069948801359,0.01117111523629791,0.0,0.7,0.2,112,2.964269446031188,2.68593271880757
20,42,0.028648459958983758,0.0894633953798492,0.24559832149573568,0.4800188316445415,0.002928954194801812,0.09601513615985512,0.0008973439460001301,0.01121315134711955,0.0,0.7,0.2,117,2.9679707905550314,2.6822982977098557
20,43,0.028687001001555704,0.11124969638622616,0.30846562196118993,0.6468952495551157,0.0029389300021228273,0.09517265266624106,0.0009352019619352101,0.01140373682522214,0.0,0.7,0.2,150,2.996977949097171,2.6985555475962197
20,44,0.028747499266825162,0.12207670654880119,0.33982731052200255,0.7150021158362743,0.0031366524370558036,0.10024703744905661,0.00205619912408958,0.00829269837943947,0.0,0.7,0.2,162,2.845605599910745,2.1141406685209527
20,45,0.028076694466421845,0.11517780093624286,0.32261713577745227,0.7137751244768037,0.004549098265231848,0.10089935941442063,0.00186700410804259,0.00884284060166044,0.0,0.7,0.2,164,2.92014907968062,2.0462752036153
20,46,0.02769671639434043,0.11427467384430566,0.321686790455184,0.8026005308384295,0.0032908501119885327,0.098876638415338,0.00217085402790123,0.00803842975017305,0.0,0.7,0.2,176,2.788114903699736,2.0857410900483027
20,47,0.029649514671216272,0.08325822968492448,0.22903105712071237,0.7641281870088023,0.005898257556540236,0.09296295730805744,0.00408926483106412,0.01232437418829907,0.0,0.7,0.2,178,2.974565056310276,2.2376899758333315
20,48,0.02863348892445851,0.09200911047470398,0.2582651331101511,0.7900492667163638,0.006638614507382795,0.09403862189551979,0.00412569200835574,0.01172528778223622,0.0,0.7,0.2,181,2.965545987605671,2.78347640837999
20,49,0.030263802452497393,0.10968615649533642,0.3067390800069516,0.8407962696538985,0.007182019436422627,0.1097423560801198,0.00361513311330179,0.02284201206779812,0.0,0.7,0.2,194,2.865285889736825,9.53405166761492
20,50,0.030030888376039636,0.1092526805925768,0.3062953912240477,0.8601388665035106,0.00740536624159214,0.10992087435956852,0.00357325460601948,0.022643186731898877,0.0,0.7,0.2,196,2.851935255567753,9.564385602250416
20,51,0.026685053504831937,0.11083822526937688,0.3181250485697922,0.788564667790944,0.006717821863085023,0.09384173445518494,0.0034950165059840902,0.00828725930968352,0.0,0.7,0.2,197,2.903767384516703,1.92745455500516
20,52,0.026191312891206176,0.11573976434278155,0.3332947192025074,0.7992387859421877,0.003755693415972393,0.09486923714542504,0.0033372295355425297,0.00657998044266965,0.0,0.7,0.2,199,2.8729872209404554,2.05101278196911
21,0,0.8531233809670596,0.9114712421363269,0.9089560723352154,0.1610344252061783,0.0,0.0,0.0,0.0,0.0,0.7,0.2,1,8.895104325703244,26.226302799655457
21,1,0.38915056982063184,0.5328310177864434,0.5195558350807781,0.09724485903710957,0.39064978321707633,0.10326312609458528,5.876070326309e-05,0.00018895403560769,0.0,0.7,0.2,3,5.134531739021486,10.288539964260272
21,2,0.08607956511467178,0.11598384684464051,0.10096952247550929,0.021173793660751065,0.4364056819477141,0.11876794102500718,0.00035897500489564003,0.00115433907510637,0.0,0.7,0.2,5,2.29698708223529,1.683646364765621
21,3,0.08566777493543733,0.11522565831380399,0.10018778875910803,0.016498499273474136,0.0014573770035526817,0.11947276153340629,0.00040438831472724,0.00130037252410309,0.0,0.7,0.2,7,2.106215326235932,1.805970323670438
21,4,0.07870672854950436,0.09668730641057044,0.07101174201914648,0.024603082792455846,0.026909003749377016,0.1067241535218137,0.00032886516148146,0.00074457300853382,0.0,0.7,0.2,8,2.11427874804906,1.7843683705622462
21,5,0.07831165025017477,0.10138087005984292,0.08595442580208924,0.030453110582206455,0.0011457938397099986,0.10651896083310393,0.0003296964711713,0.00072231445431502,0.0,0.7,0.2,10,2.087990225781953,1.7946586922492214
21,6,0.07816439962515612,0.10655630754798853,0.10139360902482109,0.03670821671458317,0.0006268034951415677,0.10615887470222676,0.00031907056849593,0.00069446417306901,0.0,0.7,0.2,12,2.10547207640588,1.8168655309510515
21,7,0.07650602710276512,0.10888029183148748,0.11390113725381484,0.057155480254769915,0.0015639428732612227,0.12161896588376568,0.00021839606136922,0.00074370650960395,0.0,0.7,0.2,17,2.163709451896914,1.982841136839708
21,8,0.07324107979603939,0.10257466013075352,0.10741581223793839,0.07122090157178575,0.01335081265791065,0.12072779179497779,0.00023016904447990997,0.00077276600867909,0.0,0.7,0.2,18,2.1725116747639506,1.924974126525257
21,9,0.07309165378188724,0.10153412593683987,0.10632305027798893,0.06915614588961413,0.0020658560490345195,0.10230916862415369,0.0008539531918712901,0.0025931221867672603,0.0,0.7,0.2,22,2.3941682806703617,12.430722816479072
21,10,0.07297733677471598,0.1068021666969363,0.12185813870083016,0.0930370832436479,0.0011128171203282726,0.10237009155604844,0.00083533073232818,0.00241904037224722,0.0,0.7,0.2,28,2.356202909129633,9.817582146967048
21,11,0.0715097085843184,0.09341789670218786,0.0878724119641296,0.09497842310533347,0.005053780320112567,0.12210646885453218,0.00052350214002449,0.0016153941048922898,0.0,0.7,0.2,29,1.98544628011116,2.1280950365842037
21,12,0.0727452885117696,0.11576358735410228,0.1512616277289087,0.1250927244093088,0.0031048065357220304,0.10038639046254023,0.00077347947268916,0.01045137322051465,0.0,0.7,0.2,35,2.505936221173832,9.805384186606194
21,13,0.07106923479829705,0.11292606567434071,0.1483564532077952,0.12705530480265734,0.007080576829308666,0.09950422923326271,0.0006265320340001201,0.00867619623419255,0.0,0.7,0.2,36,2.423218261319964,9.640330794943203
21,14,0.06943125573662706,0.10573528967523557,0.13088872865292306,0.13415208633968842,0.0008040221113509965,0.0963851741250935,0.00039387820506273,0.00187241380484477,0.0,0.7,0.2,39,2.4703757750488182,9.68231830480966
21,15,0.06793324342229877,0.11317357480230283,0.15875512120275698,0.1431958072728215,0.009395441097371475,0.09734695130858596,0.00029323946750768,0.00488320960383963,0.0,0.7,0.2,40,2.471963264812438,9.575449182691026
21,16,0.06712187478212833,0.11719529313556992,0.17301206696503021,0.15788367892134716,0.0022832438409091564,0.09792475463530788,0.0003152567740204,0.0039058974922919895,0.0,0.7,0.2,42,2.43704871399852,9.23687648003857
21,17,0.06491275069872705,0.12396150591205117,0.20020928596535828,0.17571539968364122,0.003421383290758451,0.09590998550115488,0.00046613184191069,0.00214597263619821,0.0,0.7,0.2,45,2.421698143690097,8.290765945586447
21,18,0.06412599124859099,0.12244210994975058,0.19864775218971087,0.19447321517308996,0.0013233975571846873,0.09675309271624713,0.00039281629658759,0.00219487439020741,0.0,0.7,0.2,50,2.4498360380669952,8.29131327323851
21,19,0.06637197641094801,0.12443829628279807,0.20062984086467797,0.21308625450592567,0.003559895049948774,0.09863000199026196,0.0033533608268781303,0.00433459582501582,0.0,0.7,0.2,53,2.4388132376294296,8.959916478647983
21,20,0.06327220641944314,0.11508803257414525,0.18096276561374794,0.19716082130568605,0.002601963383889771,0.0888138098484435,0.00048828586996203,0.00293733429147006,0.0,0.7,0.2,55,2.484310361522084,8.137466994090138
21,21,0.057258285607409004,0.10872317639762961,0.1845403371857601,0.20796885094488543,0.012599745801823475,0.09358009033044792,0.0004379455092935,0.00186077958710323,0.0,0.7,0.2,57,2.277168086941046,8.744909519370045
21,22,0.0561475396707257,0.10100014587114045,0.16648086649686536,0.2009184011579834,0.0030868558029188884,0.09525127260246992,0.00043685889040086,0.00200948714798929,0.0,0.7,0.2,59,2.3173684618666988,9.061443011840002
21,23,0.056066554452527055,0.10628081211907588,0.18202769001615882,0.22397120113669888,0.0008774952366700495,0.09525127260246992,0.00043685889040086,0.00200948714798929,0.0,0.7,0.2,61,2.2980528451122977,8.973098942300425
21,24,0.05416523402366975,0.10764851775629053,0.19354450054070088,0.24002720804825445,0.009738789111714604,0.09796266172338054,0.00046103798846298006,0.00294103023635615,0.0,0.7,0.2,62,2.3815412426536264,8.820603714923552
21,25,0.05390030919232062,0.10725399510430712,0.19314270937963218,0.23983710615638673,0.0010329764383903372,0.09687946433368828,0.00045043309313437996,0.0022766825303757498,0.0,0.7,0.2,64,2.32449737054952,8.931646461838026
21,26,0.05386714421036653,0.11249837985615375,0.2086485423657235,0.2500358856057865,0.0012362705550068662,0.09797869226449743,0.00046900754700189,0.00284944899891354,0.0,0.7,0.2,66,2.373255623194153,8.900483226275426
21,27,0.05336537832675901,0.13872939380735147,0.2862049783207931,0.30494514408126383,0.0010663770766444671,0.09787981676346218,0.00048613598368981,0.00263742985877863,0.0,0.7,0.2,76,2.338659740653969,8.965116545090913
21,28,0.0555710193594558,0.12414328585925533,0.24078166014720562,0.3108814731866246,0.0038803776345085277,0.0977861688255385,0.00301347149737289,0.0070085228135512,0.0,0.7,0.2,81,2.3592256085944143,8.02873747459855
21,29,0.054541717839244476,0.12074361945011597,0.2372505454913124,0.3181469602837397,0.009500006863447236,0.09767221998228728,0.004454794108056119,0.00807553840084884,0.0,0.7,0.2,83,2.3438911837387204,8.076154903163216
21,30,0.05441350845141016,0.11503458447482919,0.22126331868025476,0.3416631974506055,0.004824254031365041,0.09767221998984069,0.00445479408458826,0.00807553839361431,0.0,0.7,0.2,89,2.3602923519490586,8.14708676561007
21,31,0.054413508463756435,0.13136909093817384,0.26840998704316205,0.38157961880562796,0.00473359939212308,0.09767221998228726,0.004454794108056119,0.00807553840084888,0.0,0.7,0.2,91,2.360292350222067,8.147086763822287
21,32,0.054396198065052186,0.10954875214438771,0.20550582968093714,0.25578426076620536,0.004748196062338188,0.09760393134630296,0.0044671684848741604,0.00805821058667339,0.0,0.7,0.2,101,2.365309532101591,8.126376419226608
21,33,0.054396198065052186,0.10954875214438771,0.20550582968093714,0.25578426076620536,0.004738710998529427,0.09760393134630296,0.0044671684848741604,0.00805821058667339,0.0,0.7,0.2,105,2.365309532101591,8.126376419226608
21,34,0.05428875320973458,0.11477379502657964,0.2209949760777846,0.2901330182552023,0.005189084542934024,0.09714184476366444,0.00446144575703531,0.00807263094059058,0.0,0.7,0.2,106,2.3417468557346326,8.016973789404437
21,35,0.05353449763453556,0.14031487734894607,0.29783831967160507,0.4471283748200473,0.006097475642320203,0.09766498487568548,0.004481507589333441,0.008602123086296699,0.0,0.7,0.2,109,2.374411763539117,8.199250986034055
21,36,0.053010076930551875,0.14467499951212498,0.3124379821765495,0.46960242175841954,0.005975208827161016,0.09766498487568548,0.004481507589333441,0.008602123086296699,0.0,0.7,0.2,111,2.326785330589269,8.00479007050033
21,37,0.053009860458341176,0.16100900447312283,0.3595838075967303,0.5155712140767159,0.004857592884828824,0.09766498487542637,0.00448150627597245,0.00860211270858143,0.0,0.7,0.2,121,2.3268187529489066,8.004945752466973
21,38,0.05389244468982274,0.14434221482369494,0.31203844181790846,0.48104149188283457,0.00929538653021606,0.08901575947698723,0.0064468625098572496,0.0118038718466076,0.0,0.7,0.2,123,2.4057064294638595,8.874862189177275
21,39,0.05172696632490185,0.158208038081544,0.3566995377728351,0.5271857756115866,0.005100218881361206,0.09776625561081476,0.00507075529559085,0.00720213415701508,0.0,0.7,0.2,134,2.354419316737125,8.032327914837305
21,40,0.05153287311010394,0.1632611308771276,0.37201237560033673,0.5624758733716602,0.0050575751587679015,0.0978487762171934,0.00480581783114719,0.008076593665837729,0.0,0.7,0.2,144,2.430190853162624,8.031754034437574
21,41,0.05125532887983102,0.16776690448687764,0.3867528117943358,0.5721385375267579,0.006189741374751723,0.09784804915524477,0.00514399520715721,0.0085683602781661,0.0,0.7,0.2,147,2.411711074970285,8.033866211757871
21,42,0.24833572033930976,0.39709645979367847,0.6776827657070643,0.9170769196090562,0.2028424330610652,0.09759433321837452,0.00397556650993202,1.0,0.0,0.7,0.2,175,2.3260744700786145,7.876088771588656
21,43,0.04749499426253464,0.1961326014186733,0.4767123901701854,0.859430558569548,0.002100933406408321,0.09484938099620879,0.00121203930478774,0.00603696608736366,0.0,0.7,0.2,186,2.360683849383391,1.981873814175828
21,44,0.047481794254497084,0.1961056553080488,0.4766844262952054,0.8594248583596199,0.0021016834753260724,0.09484794858301723,0.00120760356188738,0.0060498603721869,0.0,0.7,0.2,187,2.361525380041158,1.9794875620671164
21,45,0.04744742483077071,0.1959572562740639,0.4765299814699064,0.8569334935182262,0.0023526111719885377,0.09415522802189076,0.00114480815294646,0.006624326202038169,0.0,0.7,0.2,189,2.3907774633741696,1.984092511783644
22,0,0.9029679066956304,0.9427065990050149,0.9410789135472413,0.16715130739168352,0.0,0.0,0.0,0.0,0.0,0.7,0.2,1,7.644495532384624,26.11867599364589
22,1,0.42465737800533443,0.5696605344620597,0.5574315186935372,0.09767526716870867,0.3848818233671684,0.09600300603973735,5.756566760681e-05,0.00019534718489940998,0.0,0.7,0.2,3,4.249769173106403,10.216379575480032
22,2,0.08121542295028428,0.10672861533749228,0.09144839097430738,0.01141881134101698,0.48412373965603595,0.11053514811942948,0.00041797327497672995,0.00141837845410888,0.0,0.7,0.2,5,2.106435040453843,1.921109960050988
22,3,0.07989408009224229,0.09894572129169668,0.0733342984145376,0.025049162818257687,0.0018591550839682015,0.10207076434927287,0.00032926429141466,0.0007677243967022099,0.0,0.7,0.2,8,2.0500133117744133,1.757858985695772
22,4,0.07907611774651933,0.11350472786562393,0.11864769460043545,0.025498767328903132,0.0027015433642427417,0.11091733016034544,0.00045218530357989,0.00153447583915051,0.0,0.7,0.2,10,2.115484453115417,2.1854447501798693
22,5,0.07885313913688662,0.1076261779841066,0.1024861412578416,0.03303374953248958,0.0015444877959171809,0.11098396313187653,0.00045855233290391,0.00155608214211419,0.0,0.7,0.2,11,2.111543213527093,2.2403366266481024
22,6,0.07782558748676126,0.10061531823657113,0.08517230798872079,0.038820363232707704,0.001361122844135372,0.10275636327865241,0.00016756324707232,0.00039314033261022,0.0,0.7,0.2,13,2.067815356997723,1.758375331260025
22,7,0.07586855078635685,0.09670576818776706,0.0811469897373856,0.040535192883859164,0.008784266530053014,0.11140310930310049,0.00027008658203785,0.0008905676017118899,0.0,0.7,0.2,14,2.152784528647139,2.879553809264533
22,8,0.07526248983474096,0.10098658419810065,0.09566532623155403,0.047125404414053156,0.0015626536855830606,0.11190073622788695,0.00026692986015113,0.0008897531540186099,0.0,0.7,0.2,16,2.121079949023718,2.857715926167651
22,9,0.0752106454827625,0.10088592403735652,0.09556192665316716,0.0495616767650345,0.0005760850573124534,0.1119101454045139,0.00026798315007028,0.0008912252036955001,0.0,0.7,0.2,17,2.121226120478484,2.8574903803449883
22,10,0.07505247298862747,0.10604154382574998,0.11098033143000614,0.04896764073613991,0.0009114406999121,0.11118333233922983,0.00025650628790187003,0.00084785393012867,0.0,0.7,0.2,18,2.1543920547706965,2.599089931277528
22,11,0.07497375936232539,0.11133467231309999,0.12653975389864738,0.06599676854871345,0.0005054530755798024,0.11118333233922983,0.00025650628790187003,0.00084785393012867,0.0,0.7,0.2,20,2.14998034539765,2.596559233012995
22,12,0.07323142364104616,0.09699214431196637,0.09155532309630424,0.0709574947481535,0.0028808640791668696,0.11695711648901783,0.00027580768642434,0.00124811890288269,0.0,0.7,0.2,23,2.1972307133235125,2.9253522783810086
22,13,0.07321741537131876,0.09695220189785148,0.09151378217932717,0.07341602880434034,0.0005681874452293865,0.11738505759942282,0.00028065394262217,0.00130062930697055,0.0,0.7,0.2,24,2.2024452739156333,2.9315596855693933
22,14,0.07095204452675626,0.09799232688561363,0.10269923664442773,0.07816392692842725,0.009557620919298295,0.11561736111917709,0.00029178514322801997,0.0012888040546907699,0.0,0.7,0.2,25,2.2157714233718115,2.901074721718179
22,15,0.07094313370456184,0.09797466809596356,0.10268121118368269,0.07816080123197693,0.0005000369390597771,0.11566106355140908,0.00029155427299189,0.00129187709201282,0.0,0.7,0.2,26,2.2154851748429665,2.901316070385944
22,16,0.0699207242608448,0.10145696496051329,0.11637933448402939,0.08874174768134852,0.004409304729838984,0.11535562413493268,0.00026927864268664,0.0012045836505148301,0.0,0.7,0.2,27,2.1776890858156293,2.372917985968447
22,17,0.21114995257990601,0.24725096260033688,0.27239241725207225,0.25241788235632934,0.14332219416458375,0.11170219102658543,0.20087689040500614,0.009828136657407501,0.0,0.7,0.2,32,2.1182570250902293,2.863450843336413
22,18,0.07649900873647497,0.12331491418280834,0.1689876382709168,0.11787945678942213,0.008848266825514813,0.10736091774894434,0.00834212306635531,0.01135747975289763,0.0,0.7,0.2,33,2.1471355112202404,2.863280622155293
22,19,0.08300400890513987,0.12377918264417505,0.15914691779827972,0.13363449259079588,0.017745424569259777,0.11170304359065852,0.01309988223453645,0.030333246030487322,0.0,0.7,0.2,34,2.1282763451436564,2.8633043702279606
22,20,0.11493945895575994,0.16458380981006654,0.2203757381557428,0.17868158750896987,0.057740859054328894,0.11138612633048246,0.03010882573408043,0.14092778840389997,0.0,0.7,0.2,35,2.155930273735334,2.9569883257599945
22,21,0.12068720444708436,0.16981160608530518,0.22557384086590954,0.19383332883270607,0.05662757038005097,0.1084547172496864,0.00854061120975453,0.24782040135991074,0.0,0.7,0.2,37,2.190434876818041,3.040303093086227
22,22,0.08971469805773517,0.1436102973309631,0.2096041458482633,0.16919620611777875,0.026665620301872132,0.11108059736636455,0.0040230626952854,0.11221711412353612,0.0,0.7,0.2,39,2.1045563372155733,2.6401920021590137
22,23,0.06959264572505418,0.12602814956095917,0.1921684479339899,0.19116786866384392,0.002791404049195123,0.10783663250653697,0.0019320514870562098,0.005862973184511721,0.0,0.7,0.2,51,2.4122935932293577,3.022411786626595
22,24,0.10919300170363219,0.1723364818928759,0.2587774471473108,0.2422051514957441,0.04822624527749331,0.11186893590863053,0.00455510505701998,0.21609735758288084,0.0,0.7,0.2,53,2.063741471838993,1.8737125875551133
22,25,0.15615963936184302,0.2290169002159267,0.33593208429012633,0.3156199388989769,0.09537345815823584,0.08928141830205147,0.028320446281517857,0.37368494142725206,0.0,0.7,0.2,59,2.080400587552369,3.675760691832112
22,26,0.09326006246895147,0.16335683160634124,0.27011523913120683,0.2606757826404533,0.04010793821645829,0.10319888628440084,0.00745880099204964,0.14598510842864248,0.0,0.7,0.2,61,2.059302380919622,51.68150795496116
22,27,0.0926284997387287,0.17291546012126913,0.30017570548906636,0.2716070977326703,0.03505265156606236,0.0971678908767172,0.00831691137985712,0.14328376268489756,0.0,0.7,0.2,66,2.059552819642527,5.378996932494217
22,28,0.12465187500356961,0.20468934817023635,0.3319354299707127,0.30685965124263787,0.06776596965753498,0.10266096684349482,0.04934802839238748,0.16101846331765074,0.0,0.7,0.2,67,2.100175570438094,1.8359062810623796
22,29,0.08060298837602524,0.15984215419288028,0.2870430855654684,0.2663686467159602,0.026751535858857936,0.10485576233933772,0.00972658731598227,0.08337770575423101,0.0,0.7,0.2,68,2.051643352374887,84.19711597098248
22,30,0.05832797752675172,0.1309005605726978,0.24776227357501424,0.31371468042876643,0.002698170751908451,0.11568449342623091,0.00194589090242042,0.005213893926077779,0.0,0.7,0.2,85,2.0584781721358896,2.774260971015984
22,31,0.05460446158714105,0.13476777229455955,0.2719865241366722,0.3356320560806453,0.015259773050311011,0.12321929073500645,0.0017868761778644202,0.00310982068864857,0.0,0.7,0.2,86,2.0468274020520054,2.739532074526516
22,32,0.054567900413822826,0.13458900558388187,0.27179971700746497,0.3606667407768908,0.0020684905701222373,0.1232615042904948,0.0017393019574080601,0.00377577527340688,0.0,0.7,0.2,92,2.0465007032804308,3.1353494220883324
22,33,0.05349148327937704,0.12680781873713376,0.2536780138264677,0.3786840419817571,0.0031175780712165836,0.11583013475922996,0.0015483209127055701,0.00508428362241178,0.0,0.7,0.2,97,2.0844866522917425,2.564433807432734
22,34,0.05210151485876675,0.12880929549641765,0.26583655853413085,0.37038187818721874,0.01090329430236689,0.11389305867999247,0.00165825924476805,0.0074754611323157305,0.0,0.7,0.2,98,2.088347511258376,2.932756421872448
22,35,0.051751950660897994,0.1281101856365096,0.2651180250075101,0.37709240009414885,0.0040331144851574185,0.11097546286215014,0.0022404831775404603,0.0053335188207582,0.0,0.7,0.2,99,2.1271506916076706,3.018563521248048
22,36,0.05141259125388299,0.1371814438656943,0.2946489150227979,0.42191090520257823,0.0059640816507865665,0.12331816885492142,0.00312781362822198,0.007462389002056399,0.0,0.7,0.2,106,2.140162392740032,2.547759643786036
22,37,0.050210435570092866,0.12361127610569601,0.2604566506931478,0.43336271062676013,0.006330390633816076,0.11567097514771485,0.0026345069527370603,0.01005491169822222,0.0,0.7,0.2,110,2.2038645115399067,2.5363924875633828
22,38,0.049450928964374995,0.1277059349250996,0.27478937427891015,0.4435862701072366,0.00443186120695286,0.11699685297307143,0.00235216089572314,0.00998000565448342,0.0,0.7,0.2,113,2.210970935054472,2.4936306422348293
22,39,0.047650812324359526,0.128779453933445,0.2859934784587658,0.4515239440301473,0.011916548576960055,0.11412183670226368,0.00251534176049227,0.01221423124588195,0.0,0.7,0.2,114,2.1738406241149093,2.609487387059782
22,40,0.04744085024961705,0.13390867376040214,0.30138754403359475,0.45368745546751293,0.004309815471226213,0.11415799729488688,0.0025478241913316603,0.011532736672154289,0.0,0.7,0.2,116,2.1850978833787083,2.712583323879379
22,41,0.04737419737423771,0.13876044290847023,0.31648156537611466,0.4681153578240369,0.005191885292703601,0.11411693133421012,0.0032586018685944497,0.01110944296067998,0.0,0.7,0.2,119,2.202094829019537,2.8176521941513606
22,42,0.05018217222096972,0.1808407204332179,0.4305189707195496,0.6239815076418059,0.0062666618815468405,0.11068522202550994,0.00461919913828923,0.015101398253072041,0.0,0.7,0.2,152,2.3718695626948025,2.5541131425051438
22,43,0.04801955295903753,0.20902801418695988,0.5202041157028899,0.7240046372857283,0.006310337558780089,0.11535952845023549,0.00450540228281812,0.015234829369004398,0.0,0.7,0.2,170,2.273471385113986,2.09479024384084
22,44,0.049804871132484635,0.1716291988614049,0.40087814401494426,0.7793533984853076,0.00409516751274707,0.1206165599991282,0.0028060627845707302,0.01011122827294656,0.0,0.7,0.2,184,2.2812433786476447,2.7675733294724294
23,0,1.0,1.0,1.0,0.17837114993897257,0.0,0.0,0.0,0.0,0.0,0.7,0.2,1,5.243367503861255,26.089520221370076
23,1,0.4628836108063723,0.6073782007635004,0.596220816721665,0.10506303384223542,0.4050726266166655,0.09223468551414564,6.220572150067999e-05,0.00018717005022116,0.0,0.7,0.2,3,3.3049695927756404,10.20934895666676
23,2,0.1460733355284064,0.21535503442627682,0.19305267202362764,0.030830661107827777,0.4048664437919146,0.10300104982709146,0.00024882288600271997,0.00074868020088465,0.0,0.7,0.2,5,2.5901134067328107,2.4752310014544943
23,3,0.04969714193368298,0.04427301997291585,0.027215529199744026,0.0027059537920078405,0.18310535856625637,0.10688832811896051,0.0005249973286085799,0.00157965817277063,0.0,0.7,0.2,7,2.906868940342064,2.5336043087948767
23,4,0.049569609363809525,0.043989889173778836,0.026923822813548944,0.006097724824424811,0.0010136468305717182,0.10700851451383571,0.00053942968711713,0.0016230835233925398,0.0,0.7,0.2,9,2.955892869049432,2.692967450285125
23,5,0.04736959271115465,0.0397947754261687,0.022619171045905405,0.018386005927586217,0.0030206829869725755,0.10713316097880213,0.00028266852614968,0.00084603362209801,0.0,0.7,0.2,12,3.017159667683654,2.910297498504228
23,6,0.04672669420106776,0.03846079648399706,0.021247166695243187,0.022106354281324462,0.0031415991852900135,0.10830332770305304,0.00028454530633645,0.00085846948236832,0.0,0.7,0.2,13,3.2230527617507634,2.950504020148911
23,7,0.044408547978734635,0.03907028019355763,0.03198985935769783,0.023495958667482574,0.010319808962849003,0.1077612554131013,0.00028214361954902,0.00084525977409968,0.0,0.7,0.2,14,3.076855881189646,2.9017470560981957
23,8,0.0407289655421154,0.03676895941332819,0.039738967306895065,0.04700987017091805,0.004370457145044387,0.108130027069638,0.00028122518497474,0.00088024245993591,0.0,0.7,0.2,18,3.0536669276338584,2.8895362764191588
23,9,0.03986619861778935,0.02392740968787537,0.006297533823164526,0.050383986986041435,0.0013366007863870528,0.10873241740694768,0.0004525138224526,0.0008417342869209201,0.0,0.7,0.2,23,3.142997460487768,2.8452227620994366
23,10,0.038026130561550915,0.0309263570695505,0.033727700984655856,0.06508697520424025,0.004461899744547515,0.1057222520611634,0.00041979107482473997,0.0008673044120858101,0.0,0.7,0.2,25,3.3103822674733228,3.0525968691327368
23,11,0.037878305179580865,0.03061360961313541,0.03340611699243616,0.06775805628116813,0.0011046211702646315,0.10798893594251917,0.00041631968106085,0.00086768122327889,0.0,0.7,0.2,26,3.2463825662902472,2.9836891350725083
23,12,0.037562233799951654,0.03539003086733243,0.04843426057657071,0.07280736281680412,0.001827587925592821,0.10565313576326332,0.00041310285470666,0.00085348629358522,0.0,0.7,0.2,27,3.2245173974540573,2.907521533139967
23,13,0.03640936597891828,0.043818590940267646,0.07733425003613686,0.08615421188505788,0.0014715559211811492,0.10717307133465064,0.00037649040624808,0.00096882836816784,0.0,0.7,0.2,32,3.160157954208902,2.948642502400354
23,14,0.03673185960615284,0.03754082409367601,0.060724295420322004,0.10439059663192966,0.006265739473299378,0.10790805592484369,0.0016566624882671,0.0031590710202500697,0.0,0.7,0.2,33,3.3888948098845906,3.632403438017697
23,15,0.0332024962944646,0.0358823293334143,0.06914696244826801,0.10546720150026703,0.008223533118953467,0.11130540241164025,0.00168854056267706,0.00084822821627387,0.0,0.7,0.2,35,3.539525731798262,2.9612546419692376
23,16,0.03223241025322034,0.039389409389605,0.08287370814821425,0.1106417689045451,0.003055829379284714,0.11130968749972861,0.0014829971946082,0.00084834199100063,0.0,0.7,0.2,37,3.499916581523257,2.9321010841667103
23,17,0.032152866403891894,0.044661268988354125,0.09841129243798531,0.11933128068428732,0.0013859448455400482,0.11130968749972858,0.0014829971946082,0.00084834199100063,0.0,0.7,0.2,39,3.4565521266164,2.9110061878001816
23,18,0.03411658513174309,0.040735781764299824,0.08419175783377952,0.1248780939679221,0.005266147800064657,0.10926809447918824,0.0039055678223150502,0.0040985646727448605,0.0,0.7,0.2,40,3.5272082636769344,2.972331798664153
23,19,0.0563063322939148,0.07902577409694077,0.11337195805949557,0.1508553770237586,0.006589354709638305,0.10056090938601323,0.00796698428461271,0.00424597745277599,0.0,0.7,0.2,43,3.5763366202138807,3.1136123258788238
23,20,0.030349565485187503,0.040068603104207866,0.09367227228357802,0.1464115332105931,0.010196445962227525,0.11278070510745467,0.00228571744594206,0.0008449103520581499,0.0,0.7,0.2,44,3.3530198572360623,2.863055537584124
23,21,0.028919600048598403,0.031235651341757972,0.08445486733692271,0.15800750718127018,0.034393096078636345,0.11431505267635197,0.0054498990977392,0.013285445571184731,0.0,0.7,0.2,45,3.449063309738566,3.284013393025964
23,22,0.028918873993216753,0.031233989709835715,0.08445318747700938,0.16101526509925365,0.006474809231696492,0.11431505267635196,0.0054498990977392,0.013285445571184721,0.0,0.7,0.2,46,3.384345543654983,3.252683790291921
23,23,0.026281555385153164,0.041430792665278916,0.1152912306921649,0.1668384268531371,0.006416920457775558,0.107795610370085,0.0023910051473299302,0.0028674102901869803,0.0,0.7,0.2,52,3.3933775401279505,3.0365649302598494
23,24,0.029976117039113622,0.05021087170116879,0.1243362943229759,0.1713699004634409,0.0036793739653166934,0.1081723637994437,0.00140596567179874,0.00363076188635597,0.0,0.7,0.2,53,3.3028265431379427,2.988916479422015
23,25,0.027598560426128356,0.044355319463087226,0.11829932500519157,0.174015724225146,0.006774633912637715,0.10790989297899937,0.00242445341916094,0.00268747240168313,0.0,0.7,0.2,55,3.3490797001722714,3.13388185347366
23,26,0.02647850925500513,0.047304712430937444,0.13144798075298395,0.19938451713077668,0.0026066164992565935,0.10763129277549617,0.0019241453966641,0.00451330544891796,0.0,0.7,0.2,62,3.2849376716126217,3.384302587796779
23,27,0.01632521486834618,0.029624130287814427,0.12337495266253115,0.23398973607609683,0.0031823472164832435,0.10767754458937555,0.0022209856028893,0.00458356564659062,0.0,0.7,0.2,64,3.643773965257396,3.364262243122577
23,28,0.022855471010351007,0.05063304097258242,0.1551144049522673,0.23081843534750293,0.0018981020489488405,0.10776595931031727,0.0017016493082452299,0.00323700208090424,0.0,0.7,0.2,65,3.3584722987108395,3.2291146282646928
23,29,0.024998855892146316,0.037527021821230716,0.121244054368583,0.21790219909384959,0.011881695059014215,0.1079874918594487,0.009233660614527819,0.00505093735821716,0.0,0.7,0.2,67,3.43059928700742,3.321935313338132
23,30,0.0234484332275336,0.03929518839786981,0.1331749906873244,0.23027093952336466,0.0078822669532153,0.10682546348957858,0.009170906151974299,0.00591458058940582,0.0,0.7,0.2,69,3.4771257343156488,3.2729299511247003
23,31,0.021780358941280054,0.03604392798002868,0.12984314358130547,0.2533787472371707,0.007266202287263906,0.10695593970544981,0.00871000873648409,0.00538947507920609,0.0,0.7,0.2,73,3.519826362405808,3.711558389943664
23,32,0.014651000573872088,0.07422425275453687,0.2602726327848739,0.44936222152772726,0.002911515335230993,0.10683565368610262,0.00213062065361432,0.0070795426679514896,0.0,0.7,0.2,117,3.6124487511604895,3.28998227849607
23,33,0.01583550499304099,0.08044104122288279,0.2767395112470262,0.4690307504088511,0.005918312092746254,0.12145323124237897,0.00382642520212866,0.008656258645191919,0.0,0.7,0.2,118,3.60647527222896,4.223737907253402
23,34,0.01758925065042268,0.09178069009227698,0.3085551209287349,0.4603447852767225,0.009537703035130287,0.11598708836026186,0.007509187897523061,0.00951995653566251,0.0,0.7,0.2,120,3.667294598344946,3.726530676105996
23,35,0.014232801455597488,0.08064724052829368,0.28703433552202906,0.48086807045630475,0.014027976438706112,0.12074352069499543,0.00513829192575234,0.009892852998215,0.0,0.7,0.2,121,3.582877316891949,3.974143017980245
23,36,0.014159238091329001,0.08046978275425798,0.2868517405760571,0.4993143490036731,0.0056744338146358765,0.12072380191428009,0.00514406335107288,0.00989760006455989,0.0,0.7,0.2,125,3.583822230877875,3.9914508853355866
23,37,0.014142513594091265,0.08588237806156755,0.30253440294040695,0.5113865848246727,0.0056033009511711465,0.12074352069499543,0.00513829192575234,0.00989285299821499,0.0,0.7,0.2,127,3.5601492918527216,3.977264598011325
24,0,0.9492825228034314,0.9706027403633657,0.9697675611435407,0.17261422493788,0.0,0.0,0.0,0.0,0.0,0.7,0.2,1,6.530938375312986,26.043997784635355
24,1,0.44301811681225334,0.5880149843646055,0.5763075923829981,0.10126675422258345,0.3947149679513055,0.09276797973921372,6.054246751761e-05,0.0001669688978776,0.0,0.7,0.2,3,3.802849213277518,10.203772691160484
24,2,0.1519920103367132,0.22494110751315607,0.20291167009297592,0.03269116676743646,0.37497416654815763,0.10359659438543782,0.00024216987007045,0.0006678755915104199,0.0,0.7,0.2,5,2.3922311877475617,2.486880390196
24,3,0.07391585147157016,0.09269911182659162,0.0770188839421883,0.0121441684257797,0.142957449788084,0.10742050201027031,0.00050130580703845,0.0013825415701219101,0.0,0.7,0.2,7,2.235460799065248,2.4126309867028377
24,4,0.07385162384794534,0.09803271970123331,0.09262083955482374,0.01729293297785905,0.0007137674518744052,0.1073178950701291,0.0004901022218323601,0.0013516434196031,0.0,0.7,0.2,9,2.223304139533173,2.3042657289273665
24,5,0.07362982088388113,0.09233509742308277,0.07665035400674572,0.019002441164237004,0.0005578845026301473,0.10074980700936916,0.00038125038304284004,0.0007902166506266901,0.0,0.7,0.2,10,2.234021465388536,1.790422014659297
24,6,0.07094989014887365,0.08721216601472964,0.07138427678209222,0.03162736698335355,0.010737204700084326,0.10905541122349367,0.00027330847630016,0.00075366601065073,0.0,0.7,0.2,11,2.3230560653731254,2.902952789923776
24,7,0.07058090571870966,0.08649341507947073,0.0706453232679524,0.03551449982737686,0.001824453773862325,0.10900837680682643,0.00027319841775521,0.0007535755704656301,0.0,0.7,0.2,12,2.335062661656368,2.90041905378765
24,8,0.06989137345746581,0.09061533530913551,0.08500084508177441,0.03769170296957839,0.002998239596042441,0.10877142532334798,0.00025444089184944,0.0007016314651404701,0.0,0.7,0.2,13,2.280768951107122,2.480489275428376
24,9,0.26865040919724614,0.2883086514826781,0.2826322125419291,0.2413220719358114,0.20469196995674624,0.17255450205455294,0.00027567902114301,1.0,0.0,0.7,0.2,14,2.313177805423657,2.871169588428705
24,10,0.06823466319435302,0.08185384483242103,0.06587205962353865,0.03108058494801242,0.002898907241334603,0.10740656190541828,0.00033761146850304,0.00079999873908454,0.0,0.7,0.2,15,2.308491571258213,2.871775661679297
24,11,0.0683443350933802,0.07645414970254531,0.050198139750261994,0.031172191142834246,0.000847917076092387,0.10727940061898511,0.00056647313551568,0.0008860141692152599,0.0,0.7,0.2,16,2.338395059356681,2.8607236929314297
24,12,0.0677159763997554,0.07539475974104944,0.04911380339535202,0.03974766337716935,0.0009956294524093535,0.10978486713338187,0.00031439233997003003,0.00086137868391644,0.0,0.7,0.2,19,2.2963676327513665,2.856655065380064
24,13,0.0672121549616958,0.07440625622235188,0.048097309881115734,0.041770550696242185,0.002426731224372861,0.10981363985908857,0.00031435589837147,0.00085403544419793,0.0,0.7,0.2,20,2.3145333070285563,2.83729311047262
24,14,0.06431715060307364,0.0737918859762107,0.057571457570860726,0.04571936707303783,0.013959534097358433,0.10922077063661018,0.0006158210623266401,0.00154745034520453,0.0,0.7,0.2,21,2.3151347722021365,2.896441194270796
24,15,0.0635962241449765,0.07249172504432601,0.05623816699302303,0.04770072160072412,0.0030146749359286793,0.10950515084447603,0.00053964711421515,0.0011489058140357901,0.0,0.7,0.2,22,2.324066651128849,2.9212961251452003
24,16,0.06295131035135414,0.07668094373253251,0.07066299567508047,0.0572540357136244,0.0014252193489649742,0.10920182113615755,0.00051791968919909,0.00108992104892983,0.0,0.7,0.2,25,2.2754044103041644,2.450974717488005
24,17,0.2760822496567022,0.29938527355611,0.3138336700630846,0.2918780467038491,0.2168521588182445,1.0,0.021480738507538368,1.0,0.0,0.7,0.2,28,2.420246040970755,172603463.69546422
24,18,0.07077266414843837,0.09314078337304783,0.10753602082110517,0.09232105308958843,0.014519891217527113,0.12139537811043777,0.00599367630096049,0.03233226963248772,0.0,0.7,0.2,29,2.4016472996865,2.8856189409366078
24,19,0.26526698850511954,0.2891189926832254,0.31356127279531953,0.2972406613541654,0.2171869628169162,0.21273201065183348,0.01295387817444887,1.0,0.0,0.7,0.2,31,2.386472094809473,16.632258591033413
24,20,0.2645348379189287,0.2872700247445358,0.3116493657208733,0.30871533005715446,0.21169814261387376,0.20855718050977773,0.01346271215290771,1.0,0.0,0.7,0.2,33,2.522568732860421,17.50698780906067
24,21,0.26259503912274607,0.2836926514762822,0.3079807145110143,0.30772822562206226,0.21571149319824856,0.21124867066350972,0.012954187208361551,1.0,0.0,0.7,0.2,34,2.4820906079767338,16.837047810606457
24,22,0.2626109580393304,0.2891410941356115,0.3236989192429859,0.3247732638376306,0.20912143504971542,0.21795165391276566,0.012994234589445462,1.0,0.0,0.7,0.2,36,2.485747321683203,16.83704789323889
24,23,0.2620351169062811,0.29344016962114483,0.3382368905338093,0.3393530681055026,0.2102210336263091,0.21130134867975534,0.012954500247721629,1.0,0.0,0.7,0.2,38,2.467426849429298,16.792990626931807
24,24,0.06374653851292611,0.09424718832649334,0.13899362841908738,0.16007571094900025,0.012051859437406302,0.1131271130144325,0.00938190751787934,0.025394004593224117,0.0,0.7,0.2,47,2.381923444151042,3.1950994195117643
24,25,0.2605682363035201,0.29981356180178065,0.36498215022027036,0.3798179555442823,0.21482328255186667,1.0,0.01501022885519778,1.0,0.0,0.7,0.2,49,2.322943267217678,43.19573133354126
24,26,0.26055976515656487,0.29949306489791444,0.3646444133365724,0.38317980145644914,0.2120448236727534,1.0,0.01541927324666471,1.0,0.0,0.7,0.2,50,2.328139709020159,43.24649420305846
24,27,0.257926291040745,0.29542185562605183,0.3604938833300403,0.38135208393330566,0.21526578680552874,1.0,0.01358880285392226,1.0,0.0,0.7,0.2,51,2.324027168195002,27.960028712169848
24,28,0.2512223733904588,0.28206450147453255,0.3367998041480111,0.46445634290000165,0.20413869367665613,0.22522881188087668,0.0056255596694402,1.0,0.0,0.7,0.2,75,2.4083975842866856,4.453227865565202
24,29,0.2512234249878291,0.2845779749555947,0.34942350550674717,0.4805565613728599,0.2124754219546183,0.2396954364104266,0.009501799385543,1.0,0.0,0.7,0.2,77,2.417067501007104,2.651004004683094
24,30,0.25118468741707883,0.2953944805157857,0.38077912530539026,0.5211283170182206,0.20667723890524117,0.2322785375513793,0.00949127827219028,1.0,0.0,0.7,0.2,81,2.3705897106638383,225.8994798765769
24,31,0.25075287831609905,0.2888896203070567,0.3639697451989764,0.5077817091963674,0.2080317954100314,0.23969740092883302,0.00969745840093149,1.0,0.0,0.7,0.2,83,2.4126736079695377,2.622391008704272
24,32,0.25029332769872276,0.29360645895536064,0.37894235085003425,0.5223044340542342,0.20710483653597944,0.23971314656595663,0.00939190423397394,1.0,0.0,0.7,0.2,85,2.409412000920424,2.6074016894920917
24,33,0.25028026323270613,0.29888573671931723,0.39448409928107364,0.5306773829370255,0.20699934528025712,0.23969543980297595,0.00957103856492457,1.0,0.0,0.7,0.2,87,2.4080693581461343,2.6450327181860507
24,34,0.04708123718409277,0.1332776475754374,0.3007419238122445,0.47987987975934465,0.004034746235164144,0.10735794960974825,0.0029981932665471,0.009395121414229721,0.0,0.7,0.2,124,2.3518185618002825,2.798372970409017
25,0,0.9067918932022914,0.9450498323413391,0.9434886725926148,0.16761016344776677,0.0,0.0,0.0,0.0,0.0,0.7,0.2,1,7.551348378543841,26.193184367576357
25,1,0.40818694521183135,0.5528021588620551,0.5400941717262616,0.0943783384779764,0.40469538412356165,0.0901186957147878,6.119256143438e-05,0.00021028693548688,0.0,0.7,0.2,3,4.6538966304639615,10.27009436076476
25,2,0.37568600510383926,0.5183421921198982,0.5046244764008272,0.0909061202061251,0.07458900982651191,0.12040062256110622,0.00037970519241999,0.00449057674885561,0.0,0.7,0.2,4,4.640230898015227,10.944736995320415
25,3,0.11727335110644642,0.1723522429350403,0.15894292399878945,0.024094477763489882,0.7234420148196621,0.10095690012902787,0.00025857258937764,0.00088857920221945,0.0,0.7,0.2,5,2.9644054948289784,2.3055184385070917
25,4,0.057889036330926145,0.06099079710352102,0.04440839969943859,0.005978671434817057,0.11586078160242684,0.10421623335675378,0.0004912681183391399,0.0016882324368578,0.0,0.7,0.2,7,2.6189506107466856,2.263448638549549
25,5,0.057672787962832504,0.07144395732134044,0.07539033601386935,0.02433688901717191,0.0009065387134989302,0.10421623309624839,0.0004912680895544201,0.0016882323379397198,0.0,0.7,0.2,11,2.6235384264683224,2.2667290274003924
25,6,0.061345216096789425,0.09527332027342535,0.14021101687501672,0.15183788212444627,0.006187091111552844,0.10042152725281353,0.00357320585779452,0.017202088823067348,0.0,0.7,0.2,38,2.5030558315197613,1.892615241862316
25,7,0.07657656396616476,0.10937037789968795,0.15424450227728412,0.18707975884136815,0.024570377894961706,0.12548390861309444,0.008408053451973551,0.08192659199444462,0.0,0.7,0.2,40,2.405084879397229,6.877442286335574
25,8,0.06657957779925697,0.09897681931619859,0.14382878060943893,0.18351617315025429,0.014266211319869021,0.11616041413455883,0.00695536482204071,0.03894305940256495,0.0,0.7,0.2,41,2.4221039131503246,4.833471402822799
25,9,0.06884944332679827,0.1047747300110477,0.1597906543109035,0.18369668083537727,0.01870618724049076,0.20075532968165755,0.00245244621140832,0.0752583843782402,0.0,0.7,0.2,45,2.446992187866071,53.06047547814416
25,10,0.06801892572288752,0.10368452216701858,0.15868591856269887,0.19898589861840835,0.016447382031248552,0.19038054280466662,0.0016454967479965,0.07516981104080266,0.0,0.7,0.2,49,2.4121519425466347,48.27002910419148
25,11,0.073514534288137,0.10823439579329593,0.16318356208870008,0.20502088059110618,0.02448709768687265,0.20292238511674712,0.00108989525741771,0.10909664216349395,0.0,0.7,0.2,51,2.398329534021656,43.24149883148933
25,12,0.07505403292729594,0.10924407129994795,0.16416382422990175,0.21324946072122145,0.026754065601835,0.2143064924729185,0.00107630509530729,0.11935527564561652,0.0,0.7,0.2,52,2.401246289125313,45.80917946800293
25,13,0.07082087959517465,0.09328625143891647,0.12761839476160444,0.22101354735562173,0.02285504558651969,0.19189738448011937,0.0020945391545455,0.09857110715389422,0.0,0.7,0.2,54,2.3998115644062783,39.97577404743219
25,14,0.07628756937742733,0.12046655083999043,0.19587774667578994,0.2740260230939872,0.026731328726547144,0.21605860956082773,0.00273677848590463,0.12396778515298854,0.0,0.7,0.2,66,2.434789532565208,48.10304751992824
25,15,0.07823334185993613,0.12236042532619168,0.19776872469515136,0.28588850419388057,0.028807550556083084,0.1954511205806891,0.00291675444135133,0.13331071621227858,0.0,0.7,0.2,68,2.4366069990043515,51.24155281092416
25,16,0.0763085190750756,0.12585554989107434,0.2115330670501525,0.2978468715028656,0.026902972227357536,0.21518126596113346,0.0028238674748445,0.12412986427095388,0.0,0.7,0.2,69,2.4350816277924245,48.13109014461789
25,17,0.06735477646773066,0.12753589447952657,0.23374024545773225,0.3617162599033573,0.018146338995924004,0.18740103446123996,0.00100819112560466,0.08691891607678162,0.0,0.7,0.2,87,2.3968046005844683,63.68522859142201
25,18,0.07229554062354793,0.1430493007512258,0.269777720900201,0.4030155984465607,0.023469885866084197,0.21680796988712844,0.00146004179636507,0.11153345758882101,0.0,0.7,0.2,96,2.4060716155072277,44.40619317580341
25,19,0.07135783866896298,0.14747602644627014,0.2844706950065591,0.4208572187323466,0.02262695583546505,0.2112329872272211,0.00134737342340417,0.10761655333168012,0.0,0.7,0.2,98,2.4001000983077883,44.11064157033742
25,20,0.08892450295920562,0.1811766470671484,0.3489718189706479,0.47423410183429204,0.04032187069840889,0.20542572672613205,0.00206190549533799,0.19389120212158648,0.0,0.7,0.2,106,2.4256512776014287,53.29553373967363
25,21,0.06823379174053457,0.15464721807526619,0.312150268982348,0.4594587896770599,0.021474262915412483,0.1841003251458319,0.0013040713355832,0.09493659183917692,0.0,0.7,0.2,107,2.401865795733389,39.30490592984664
25,22,0.0681744325097757,0.17630859059834436,0.3748910765833818,0.5405336289698804,0.01990946006800786,0.1995207106450971,0.00121520960188672,0.09522520818738076,0.0,0.7,0.2,124,2.393065516547568,48.25157963495723
26,0,0.9128509486089632,0.948747295694047,0.9472913154826192,0.168334243872558,0.0,0.0,0.0,0.0,0.0,0.7,0.2,1,7.402716434755074,26.10432857733243
26,1,0.41934530183762675,0.5642647887424475,0.5518823551479947,0.09662174194325107,0.3966844643517666,0.09146766854945623,6.0178716337620005e-05,0.00020566838401320998,0.0,0.7,0.2,3,4.374189972735584,10.236238924964727
26,2,0.4193451300204067,0.564264456416063,0.5518820751713419,0.09662167660912982,8.356130567432294e-05,0.09146766854945623,6.0178716337620005e-05,0.00020566838401320998,0.0,0.7,0.2,4,4.374036507091679,10.237078359078904
26,3,0.0701990877953726,0.08545217440636059,0.06956533318112683,0.007313748762694525,1.0006534478810658,0.10567351501599129,0.00047230641030082,0.0016141669692765,0.0,0.7,0.2,5,2.310215184852221,2.168131849396276
26,4,0.06932885920999468,0.07855252857091237,0.05236118801022603,0.021064892016585703,0.0012192257071018617,0.09921723014639808,0.00033901613526263,0.00079349097854583,0.0,0.7,0.2,8,2.315731266577365,1.7673892623167924
26,5,0.06930651356011734,0.08395349696999647,0.06803148123313353,0.033708660714518814,0.0004413793239897079,0.09921723014639808,0.00033901613526263,0.0007934909785458201,0.0,0.7,0.2,10,2.3131537433705343,1.7641658887989344
26,6,0.06930610938959617,0.0893976677990511,0.0837462907437384,0.04040360989957056,0.0003964394471853758,0.09921723014639808,0.00033901613526263,0.0007934909785458201,0.0,0.7,0.2,13,2.313570218267565,1.764693373333902
26,7,0.06927589680741962,0.10022879607931318,0.11511712289198557,0.06147720019607249,0.00043529482176223554,0.09920900599818185,0.00033905954834745003,0.0007905803862042701,0.0,0.7,0.2,16,2.312026182757186,1.7671481186813511
26,8,0.06715822047169578,0.0851452255234256,0.07937194122304067,0.04601196891360022,0.009173404674503362,0.09742138508076367,0.00040894918081393,0.00075313674057421,0.0,0.7,0.2,17,2.343660314127643,2.754358789004347
26,9,0.06641794045768631,0.08368874280626017,0.07787435435063376,0.048282549457316803,0.0034360692361068675,0.09745330640203545,0.00040895780189229,0.00074614835119943,0.0,0.7,0.2,18,2.355052480009622,2.640857614488148
26,10,0.06590278961774138,0.08289894476193896,0.07706836165579309,0.055095706130760015,0.0007783504262696813,0.10439796276344715,0.00019680516549422,0.00032707990604785,0.0,0.7,0.2,20,2.3605556968756574,1.8907823673605493
26,11,0.06541512765767746,0.08193414868276458,0.07607627210008105,0.057558018215150185,0.0021993724081198025,0.10227727920999297,0.00019783947117529003,0.00033399751718444,0.0,0.7,0.2,21,2.353564035138732,2.0621156053620973
26,12,0.0645636357341926,0.07974042965080053,0.07380518161365426,0.05797078880052458,0.006325280515978962,0.09957885976456624,0.00047818846643504006,0.00195555959642586,0.0,0.7,0.2,22,2.360592653468463,2.838622736952016
26,13,0.06418562029171454,0.07900188379458038,0.07304622822513761,0.06037356359269415,0.002213929376866348,0.10151906004909458,0.00042345811385842,0.00209003719455501,0.0,0.7,0.2,23,2.3469307780194533,2.5145789032150745
26,14,0.06386001825901744,0.08372421975001959,0.08801633166629586,0.07052056309187847,0.0013402658041173471,0.09619687183093012,0.00052406327508856,0.00212164627060031,0.0,0.7,0.2,26,2.384561323785775,2.260469389259377
26,15,0.06187369661595296,0.07779639522166944,0.0818643144881762,0.09785737026716528,0.008187175045303915,0.11745717206934367,0.00124719824262794,0.00942860244399089,0.0,0.7,0.2,29,2.335920582350932,3.3212369667389203
26,16,0.05902790551361999,0.08790099132394025,0.1225898935614604,0.13492780815788452,0.005549987938825458,0.14237067274885484,0.00144346485975921,0.011158744023206919,0.0,0.7,0.2,35,2.269081490718605,7.982034790330303
26,17,0.05902003468071961,0.09332987510287567,0.1382890243431056,0.15930159408016992,0.0032503729826341577,0.1423706731913605,0.0014434648338222098,0.01115874393179985,0.0,0.7,0.2,39,2.271264770889284,7.971032907017877
26,18,0.06881956895007196,0.10050979583059685,0.14532256345857866,0.1915657331381925,0.017351104514582258,0.18441284145646036,0.00155181323290187,0.07246100907449732,0.0,0.7,0.2,45,2.677608214843414,60.39324552433103
26,19,0.0688081963136487,0.10593170079189776,0.16101441488370488,0.20760659579311674,0.015602179468752829,0.1844128414564604,0.00155181323290187,0.07246100907449732,0.0,0.7,0.2,47,2.6792798064178847,60.23185248170478
26,20,0.0687970972999521,0.10590893644120883,0.16099089685156334,0.20452019924592163,0.015625283979101956,0.18441284156535176,0.00155181323839237,0.07246100908849055,0.0,0.7,0.2,48,2.678723126311041,60.27688745731043
26,21,0.06775044314418442,0.10914686719928166,0.17443478282863867,0.21724954545804853,0.017207389994765204,0.18672413286737305,0.00150329152682875,0.07296104299033916,0.0,0.7,0.2,51,2.657874428283284,57.8421615505654
26,22,0.0535517395301134,0.08873238747849665,0.14370690941846748,0.21993563368508226,0.0028054809595388797,0.11664110236127223,0.00077001388636072,0.00821894838298795,0.0,0.7,0.2,56,2.561333567047663,6.701299118964197
26,23,0.05889618080710654,0.09074844329288292,0.14553916395836686,0.24838633339273825,0.024009380438185783,0.17248980081380302,0.00167056322259422,0.047495124218530874,0.0,0.7,0.2,57,2.5849543370315216,15.731018349594954
26,24,0.05815679198385008,0.09245329625032923,0.15734992065545975,0.26813871534731964,0.015105075741585296,0.15982568000285535,0.00396388216857144,0.049712561734051766,0.0,0.7,0.2,62,2.599093349961937,15.23553399035073
26,25,0.058155820983039036,0.09789291478696541,0.17306037582433892,0.2791774174107052,0.01272857350833637,0.159838227270954,0.00396468786752365,0.0497243670438721,0.0,0.7,0.2,64,2.5991753242621347,15.236672446199936
26,26,0.04736457997568283,0.088873123648799,0.17411135714992776,0.3300801850764616,0.005754662476730014,0.11777909819913379,0.0017293455222508701,0.020380909540892108,0.0,0.7,0.2,95,2.516731219622049,6.352911868741735
26,27,0.054025002213326394,0.08395017933843801,0.14860933558362271,0.3356758824119077,0.013118659023819005,0.12186994214391866,0.0036349889073568503,0.050149777849172884,0.0,0.7,0.2,100,2.539382202014426,8.45687512176738
26,28,0.05120057059309022,0.09728949479634132,0.19275148367257797,0.3428291805180134,0.010575222401610506,0.1120825798027488,0.00428958027838631,0.03450616750047522,0.0,0.7,0.2,101,2.5251343856697472,5.095171572044573
26,29,0.05269990948487536,0.0974736460514077,0.19286461424889334,0.3549096400501516,0.01773590144480311,0.12243441012975001,0.0036147890124063804,0.05027751873206178,0.0,0.7,0.2,102,2.547536390664245,9.000784427068911
26,30,0.056787377790151916,0.10117737034482224,0.19654758956963067,0.36431757419844546,0.017267016267303197,0.12232532279992381,0.00476049550427973,0.06842431057067079,0.0,0.7,0.2,108,2.568837416569388,8.976413280302694
26,31,0.04568478969305463,0.10051166291765716,0.2163988195140837,0.39394330481980777,0.007203957345889395,0.11805752713553937,0.00212811359320152,0.02414693484803753,0.0,0.7,0.2,110,2.629806633469661,14.750888070848625
26,32,0.046507132318644076,0.09566665592207739,0.2012713783476974,0.4067328849895884,0.007513990005610798,0.1168966046105621,0.00179743860074086,0.030409558213931022,0.0,0.7,0.2,115,2.5644095296088727,7.262286453339262
26,33,0.045132182168328525,0.1044261171666606,0.23053149795317804,0.4439543820080274,0.007618522730152036,0.12553095148806975,0.00194432911785637,0.02638193272941563,0.0,0.7,0.2,118,2.4748081781410725,15.361360475650793
26,34,0.04575604448463711,0.104853282386169,0.23094786977700527,0.43773256898489926,0.008202431481960497,0.13098748144267075,0.00229694454275933,0.0291404785125688,0.0,0.7,0.2,119,2.442811663995345,13.56286784016836
26,35,0.04502794884546329,0.10316673285361519,0.2292101922687315,0.4652910529308947,0.011284590114136551,0.12542819636401098,0.0020074383957878203,0.030757787571687976,0.0,0.7,0.2,120,2.484148695281934,14.627872113941113
26,36,0.04502327409593207,0.10315710220620303,0.2292003475539077,0.4652891653801943,0.007575838401448894,0.12544177141759566,0.00200880138235658,0.03075138957545089,0.0,0.7,0.2,121,2.48434064237575,14.729378895078996
26,37,0.045011583350571004,0.10313248800787932,0.22917479528294743,0.4652839364641188,0.007605709030152334,0.1254567670431968,0.00200577125071564,0.03076022317487746,0.0,0.7,0.2,122,2.4938800299073507,14.71056576695948
26,38,0.047602681038169246,0.10552610087202799,0.23155788561407167,0.46797694252705363,0.011091147071357603,0.12585019455281934,0.0027435556231065203,0.04200706994482912,0.0,0.7,0.2,123,2.5104607430505697,16.055013098509576
26,39,0.053960973898955725,0.1201812710055485,0.2666158304222659,0.5326757286200423,0.019279634244724786,0.12580324972625412,0.009348471496125579,0.06205860626317659,0.0,0.7,0.2,154,2.7680704083062646,9.58691438108511
26,40,0.05363848721564054,0.11970713911721992,0.266133717244894,0.5505622580882462,0.01905668969017821,0.12690778133688127,0.00782152806894861,0.0664496208460705,0.0,0.7,0.2,156,2.7557167568113714,9.77434667757792
26,41,0.053187302198561354,0.134377241106117,0.31155146616823975,0.590612727510164,0.02170520624167472,0.13160496356109022,0.00812123479249406,0.06841427800229224,0.0,0.7,0.2,158,2.784544947248412,9.352171986758291
26,42,0.05375006129732305,0.13483058085018504,0.3119987580097221,0.5912303854421744,0.020235690603273012,0.1318789403363217,0.0083897451374311,0.07076226333138672,0.0,0.7,0.2,160,2.7881936481292966,9.378902360268349
26,43,0.05297300640292886,0.13389101171285947,0.3110508226842675,0.5869078866171956,0.02001331014509125,0.131607908317556,0.00817343251410761,0.06833775095516424,0.0,0.7,0.2,161,2.794781065841333,9.330527809437005
26,44,0.051988966842997905,0.1382579662528568,0.3256830898971827,0.5968505150610999,0.018851255651775967,0.13069496939134467,0.007488407793870699,0.06621995115780516,0.0,0.7,0.2,162,2.8152293174460343,10.029137629875173
26,45,0.051899042640226524,0.13213772552239195,0.3092615286089985,0.6711601329885846,0.018981899854865664,0.11821501455807071,0.00636536429393058,0.07223037639604975,0.0,0.7,0.2,190,2.5795455627005173,7.984065490397427
26,46,0.0511283366420119,0.12999600133832784,0.3070474834479648,0.7006322408247938,0.02194020221106036,0.11970192727396475,0.00728676398278625,0.07104655830180445,0.0,0.7,0.2,192,2.6439936212199706,9.067395407219976
26,47,0.051110286652240114,0.13534386896358647,0.3226615335752967,0.7006531325304396,0.019662004863009612,0.11952877138846821,0.00716071645926575,0.07173566502887921,0.0,0.7,0.2,193,2.646557674811084,9.263846015709026
27,0,0.963025928759114,0.9786839210525441,0.97807838808706,0.17419677061478764,0.0,0.0,0.0,0.0,0.0,0.7,0.2,1,6.155778357095502,26.10633934573632
27,1,0.4590423307119284,0.603673347808597,0.5924108160169655,0.10433753068078445,0.3869112842504554,0.09282691840773585,5.886106022706e-05,0.00019848425598483003,0.0,0.7,0.2,3,3.3883056717930016,10.26133093397864
27,2,0.10160309019139707,0.14452599045039463,0.13032233914641264,0.018748152991226435,0.48003491109147595,0.1059034819402503,0.00035125803635057,0.0011844705096167398,0.0,0.7,0.2,5,1.9855718898641337,1.6860207524866009
27,3,0.07897907058262754,0.10237934301067488,0.08697257060878649,0.010660284175484609,0.08804781662582951,0.10760970924003024,0.00050067370580235,0.00168831223229736,0.0,0.7,0.2,6,2.1895557649036896,2.548929842357841
27,4,0.07717200199742359,0.09891105555300651,0.08340562522120874,0.016682644361004473,0.007830832055667453,0.10762395101448166,0.0005022721841521701,0.00169370243058377,0.0,0.7,0.2,7,2.1857367279946214,2.5728010447440486
27,5,0.07713841116264787,0.10973862531060921,0.11477276680534523,0.03652710508362305,0.000712775640965377,0.10760915380317301,0.0005006115104109899,0.00168810250440709,0.0,0.7,0.2,12,2.181652924719316,2.5531651310447745
27,6,0.07636531462270327,0.10857302993947489,0.11358395857502991,0.04434371367627656,0.002032439463011448,0.13932290548626286,0.00024642618271509,0.00084735861518295,0.0,0.7,0.2,13,2.11216470257421,2.4577891910960945
27,7,0.07657290002505257,0.1031968412678989,0.09792890174370793,0.03632274709108462,0.0012993490603094994,0.1070146465040209,0.00049576381753157,0.00176851561241879,0.0,0.7,0.2,14,2.2651245236543263,2.8392595799632367
27,8,0.07656785179125833,0.10863183085889619,0.11363414978565228,0.05028179153150104,0.0007109879163982127,0.10701450509652302,0.0004957365830797901,0.0017683996205667698,0.0,0.7,0.2,16,2.2650386021707645,2.8392998922935946
27,9,0.07644413940093449,0.11383901581444301,0.12910534244741578,0.06737094059641519,0.0009455310441656014,0.10701424937640278,0.00049570987837886,0.0017683072798264899,0.0,0.7,0.2,18,2.2658233816673445,2.8678985470574343
27,10,0.07643184401395889,0.12470486069239209,0.16051171100701309,0.08554536778959201,0.0007257944970936161,0.10701532107678129,0.00049600634587893,0.00176860752942844,0.0,0.7,0.2,20,2.266236516731545,2.8672549374914915
27,11,0.0756166912400676,0.11258232837654472,0.12782338817066558,0.06948333058909827,0.001235816852717455,0.12541351330417488,0.00024176214849802,0.00084596946282804,0.0,0.7,0.2,22,2.222386345526874,2.758412421269702
27,12,0.0736813588146744,0.11092294016608781,0.13613077703718449,0.08959765151069883,0.014932594470042321,0.10947838813765695,0.0034120724828366903,0.00763859969826064,0.0,0.7,0.2,24,2.51815141628814,3.1985437784891144
27,13,0.07385589886773204,0.11091402131862048,0.1361111239235224,0.0953610994742312,0.004671247403336942,0.1094531083653558,0.00372633163362021,0.008375065768821351,0.0,0.7,0.2,26,2.538940260517714,3.2613520083631755
27,14,0.07167089588160344,0.10835309951349059,0.1335285945418284,0.11017623695587761,0.004081742875785113,0.11998535074752861,0.00155362774724443,0.00702575232459045,0.0,0.7,0.2,27,2.0371391677745274,3.403706107270384
27,15,0.07061875425202405,0.1357096943113646,0.22226259067164367,0.18097083687453167,0.006844719648400846,0.11218242327504553,0.00105987558343952,0.025546263723955957,0.0,0.7,0.2,45,2.367710885297824,3.210444590463825
27,16,0.07061876056176278,0.14115453500990202,0.23797796535226742,0.19654956445491434,0.005851257805586364,0.11218242778768024,0.00105987498289769,0.02554629190942232,0.0,0.7,0.2,48,2.367710890680185,3.210444395671827
27,17,0.0746738864332635,0.14452754975817173,0.24131194815295828,0.21051431956580285,0.013445684829474964,0.10386486634383034,0.00746288870682762,0.026893266829236366,0.0,0.7,0.2,49,2.4661691968606103,3.2941370348822443
27,18,0.06986972789551246,0.13932814680079605,0.2360898492769393,0.2063609800227808,0.007847342578277261,0.10576001902524532,0.0077802844369934095,0.00377494523136332,0.0,0.7,0.2,50,2.4258010544158624,3.112063892802745
27,19,0.067410535088961,0.1289117819623547,0.21525910797687314,0.23159559716143543,0.01891363077226224,0.10836064001221943,0.0036970554882309998,0.01847122069420514,0.0,0.7,0.2,52,2.180547388087214,3.3299051590494515
27,20,0.06611469485786942,0.12833971235574657,0.214728238110976,0.2330991047260338,0.005415448915784949,0.11629667992293949,0.00278940418921376,0.01151967418114541,0.0,0.7,0.2,54,2.2406193733765547,4.275687085745441
27,21,0.06608861738028196,0.13373162433962119,0.2303893655507269,0.24654852722159662,0.0042784694471153465,0.11625354773203189,0.0027860388331941498,0.01153601980882492,0.0,0.7,0.2,58,2.24416103006853,4.296456394236179
27,22,0.06601571111356469,0.13902979858965173,0.2459538178882992,0.2567624516475482,0.004427184048847479,0.11571802986258747,0.00280046417563726,0.01149248197253519,0.0,0.7,0.2,60,2.2298398344995167,4.111869667995504
27,23,0.06618345904950558,0.15537727386096517,0.29310444689178106,0.29835743483284466,0.004698741830396453,0.12181542937600112,0.00290615428323857,0.012741036572163689,0.0,0.7,0.2,67,2.0827936224925065,4.19238383566038
27,24,0.06531553525313687,0.17037992810297573,0.3388922658731592,0.30419602352134323,0.005240637961949542,0.1145528809852198,0.0027078347358598298,0.01142430927232692,0.0,0.7,0.2,68,2.1903006015125066,3.7546560937484736
27,25,0.05445756002168252,0.13427401508440684,0.2714731065188909,0.2599073890564713,0.002949232406235449,0.10465688674480664,0.00170082148894283,0.004339432513523591,0.0,0.7,0.2,87,2.4988460709870663,3.939909405206445
27,26,0.05282798915783727,0.12570538337150444,0.2525510723061626,0.2532044022209711,0.003351944567019907,0.10443068741544519,0.00149200023154342,0.0040479313773363595,0.0,0.7,0.2,91,2.48088737175704,3.628482967870871
27,27,0.05141980674668433,0.12278352222955399,0.24954570955823427,0.25612590387808437,0.004930696239641576,0.10442645078032527,0.00152710330193977,0.00404779354114512,0.0,0.7,0.2,93,2.530941233086977,3.5863236724627803
27,28,0.053571615935945026,0.13028683424796925,0.2673145413142552,0.29949341239771166,0.00417428571209957,0.10756116666276036,0.00224086283247782,0.012749268896602209,0.0,0.7,0.2,100,2.531042378388779,3.6523537224387335
27,29,0.050641690758911784,0.12589139974458194,0.262838381078515,0.3009734166947501,0.008429149728100278,0.11281071021162523,0.00129795151637854,0.008279238918627339,0.0,0.7,0.2,101,2.534912014943812,3.6783016328645983
27,30,0.05064169105667099,0.13133623475756354,0.2785534700969307,0.30408215953235984,0.0025646180388309413,0.11281071060234785,0.0012979511775068199,0.008279237760469089,0.0,0.7,0.2,102,2.5349119657320767,3.678301248918548
27,31,0.05019168541288446,0.12526422861192318,0.2622014001927897,0.3006220109782699,0.0024500426828162752,0.11356989529353645,0.00126646617315734,0.00696838610005301,0.0,0.7,0.2,106,2.536675274003955,3.6817366558105378
27,32,0.0735766798789613,0.1974571064978878,0.4268188299129212,0.5448199179811153,0.02607185960225999,0.10849501769863179,0.01915941643100562,0.06218162088848609,0.0,0.7,0.2,124,2.589701540172596,4.677757772604963
27,33,0.07293926291538491,0.19585169998848265,0.42516026434459847,0.5519721402164242,0.027614474058980792,0.11004418676289458,0.018946708392858398,0.06424906929974993,0.0,0.7,0.2,126,2.6010682393675326,4.952271348140191
27,34,0.07235108350530048,0.20023029437279155,0.4397833789704423,0.5589001622221459,0.026655463093913968,0.1109903351500358,0.01905293088902523,0.06315462121110277,0.0,0.7,0.2,128,2.543300424809441,4.716381426865118
27,35,0.07224684765273788,0.20553242448223594,0.45535399819629685,0.5765301316675069,0.025913996549337827,0.11141610457137738,0.019090017182462022,0.06268183624077225,0.0,0.7,0.2,130,2.518957624094425,4.620782968258466
28,0,0.9110265127072438,0.9476363285910359,0.9461487307650438,0.1681166807404145,0.0,0.0,0.0,0.0,0.0,0.7,0.2,1,7.486122115269566,26.28198223277838
28,1,0.41623743408680636,0.5610897359839162,0.5486171721423927,0.09600252963799603,0.39881848975733036,0.10214460361641693,6.152719881936e-05,0.0002158709722139,0.0,0.7,0.2,3,4.455099043534396,10.273470202446722
28,2,0.10102228234962103,0.14350225533181318,0.12927082095274292,0.01851426478542695,0.43708636130350703,0.1156825425031504,0.00031750667505743,0.00111398659364087,0.0,0.7,0.2,5,2.463378955314478,1.8059378371958623
28,3,0.07480303798020349,0.09442730006120764,0.07879655374544331,0.012469850120156604,0.05139409533058609,0.11748159604708311,0.00043629719921105996,0.00153076854424014,0.0,0.7,0.2,7,2.252134717244779,1.851686757148151
28,4,0.0721694975975536,0.08408891043773069,0.05805485425292042,0.011149764781966075,0.010041299220498496,0.10562635167377617,0.00033916091934283,0.0007862900370565701,0.0,0.7,0.2,8,2.240702313221291,1.7605738136992644
28,5,0.07166013738846276,0.08854757098233478,0.07275613599731316,0.016289341076921097,0.0014039826989818388,0.10589053454754697,0.00034510496299045,0.00074722597541984,0.0,0.7,0.2,10,2.251841377912796,1.852440612363028
28,6,0.07160942181738941,0.09388659912817131,0.08836283111165451,0.024012127451537392,0.0005152642701782785,0.10606480474827477,0.00035112572657541,0.0007637331083192201,0.0,0.7,0.2,12,2.2483889623856537,1.849584767440262
28,7,0.06965792366087652,0.0848236213002048,0.06893173170874949,0.03150831976227509,0.007267801417010456,0.1073815817258097,0.00017703504695541,0.00040213244805578,0.0,0.7,0.2,13,2.2602254587875272,1.7025430242812505
28,8,0.0695080230240382,0.08452821944134799,0.0686277998328128,0.031451861765732114,0.0008196187228480602,0.1080871508105838,0.00017954710115100002,0.00040515316614829,0.0,0.7,0.2,14,2.26586119976084,1.6906070371959805
28,9,0.06935878176368018,0.0896837285086967,0.08404599130041372,0.03796267697183223,0.0007964888170538384,0.1073815817258097,0.00017703504695541,0.00040213244805578,0.0,0.7,0.2,15,2.2599813647242657,1.694310133206669
28,10,0.06896579683518235,0.0943627802513339,0.09897393766107355,0.06157210139566905,0.000988271160885034,0.10755635843701172,0.0001787712750327,0.0003814130306748,0.0,0.7,0.2,17,2.268443133352902,1.7794552994688395
28,11,0.0688442187656019,0.09956497570568991,0.11443975147704702,0.05357988285887504,0.00046154520924612894,0.10792144053897901,0.00018334864305972,0.00039010788709086,0.0,0.7,0.2,19,2.2668809346184653,1.775793275332128
28,12,0.06804608319054135,0.09255007926648676,0.09710953263048269,0.06387602412532398,0.0018388466924127655,0.11074991516569252,0.0001923848915046,0.00039095806833504,0.0,0.7,0.2,21,2.285657900338729,1.810662688678275
28,13,0.06773683224835098,0.0973851940056376,0.11219759759726672,0.07136238027098889,0.0008474443742316826,0.1104965119624138,0.00019467405015698998,0.00039756074778959,0.0,0.7,0.2,23,2.279940846525897,1.7897836208790945
28,14,0.06661315106705637,0.08971917714509794,0.09419760423785585,0.07367583221998407,0.004846490314821664,0.10972955414630663,0.00021416327045913,0.00040207033802360003,0.0,0.7,0.2,24,2.2987913960022595,1.7430868434108655
28,15,0.06548013594711746,0.09292923532186854,0.10761483357164663,0.0861703707871901,0.0025305010022732928,0.10985437042307537,0.00020974104061519,0.00041148976459503005,0.0,0.7,0.2,26,2.294374103441152,1.709035580678818
28,16,0.06514049682448225,0.09222172491130243,0.10688633044476359,0.0809677245033876,0.0018025410627406757,0.11211349899206473,0.00025647143864084,0.00043409845574775996,0.0,0.7,0.2,27,2.321622862413899,1.6670525538779593
28,17,0.06303431016838028,0.09318750415428748,0.11798670489889225,0.08831915414261564,0.003041643089883256,0.10478087054321894,0.00040244647904331,0.0014595583759339499,0.0,0.7,0.2,31,2.2808365657357714,1.812738256601592
28,18,0.26073999729815794,0.28816059275642114,0.3128038846695741,0.3105903117677797,0.21230923414436242,0.19506795618508688,0.001457563609605,1.0,0.0,0.7,0.2,32,2.208578055013464,9.053272119976272
28,19,0.26020324577904275,0.28709524799222913,0.3117087757625875,0.31332913663530326,0.20318436271897983,0.19357040904162476,0.00144179316714958,1.0,0.0,0.7,0.2,33,2.2075751173321025,8.900517360378227
28,20,0.25935493758009864,0.29629713525575785,0.341404223709603,0.32725461004509626,0.20214186767336767,0.16466338010783693,0.00141820129139576,1.0,0.0,0.7,0.2,36,2.220261545740734,7.577699918908181
28,21,0.25935032226982185,0.3017327464051681,0.3571105485638001,0.33341656643551554,0.2010020410178262,0.16382327737183644,0.00141807935304942,1.0,0.0,0.7,0.2,38,2.220580363011107,7.537366119108048
28,22,0.2585448721991176,0.3055398268602155,0.37114090857788307,0.341981765077217,0.20271337039304513,0.12484884639101775,0.0014403204038458402,1.0,0.0,0.7,0.2,40,2.235250509000198,6.251431333102298
28,23,0.0578539253904425,0.10180985728431549,0.1672405611728736,0.15459034090967919,0.015385612775838236,0.10569032392933198,0.00312445789422679,0.00548800626136756,0.0,0.7,0.2,41,2.276919513330302,1.6826324078120352
28,24,0.05503998766021918,0.09655109593684144,0.16184533966840597,0.16292882177656495,0.004963747061340956,0.10682840237384146,0.0023210188625201198,0.00599687782398469,0.0,0.7,0.2,46,2.306622133714449,1.6586981273392178
28,25,0.05436027429652724,0.10062056667795582,0.17614690674204295,0.19109410156345535,0.00550568517213246,0.10790881236665222,0.0023932944869117503,0.00566731807562279,0.0,0.7,0.2,47,2.28691417663911,1.6629089834198365
28,26,0.05435577567670872,0.10060482851152514,0.1761305378216153,0.19109586618808747,0.002820735407822377,0.1078626334918891,0.00240201176293042,0.00566695366829133,0.0,0.7,0.2,53,2.285375680442442,1.663389138573189
28,27,0.054154108911197596,0.10013138022706826,0.17564186030126194,0.1885724623140032,0.0032855226710289823,0.10692567094215247,0.00234863517118521,0.006140156496458471,0.0,0.7,0.2,56,2.299821966440068,1.673494120763595
28,28,0.053633313957330904,0.09919701745560186,0.174684928984121,0.20774244083851545,0.0044738847015390205,0.10693263980056018,0.00219184506120414,0.00605071951457724,0.0,0.7,0.2,57,2.3298227630212427,1.662775372562522
28,29,0.05345174186701405,0.09882814194212067,0.17430538533665582,0.20766714211626153,0.0031105224175619643,0.10692264657175103,0.00218170153195333,0.0060671469658037,0.0,0.7,0.2,59,2.3282665081096363,1.6585623612671836
28,30,0.052872222221616694,0.10305663597182958,0.1887693617642775,0.23727528781964372,0.004000453690270234,0.10684240161865663,0.00220233721104353,0.0061144251611074596,0.0,0.7,0.2,61,2.3208198442794816,1.6463052897806152
28,31,0.052688505426796324,0.10784900081356495,0.20380647002895488,0.24744587908704524,0.0034706914531114482,0.1068098763837327,0.0024046393442202,0.0067018708564391405,0.0,0.7,0.2,65,2.337182173566353,1.641019714443004
28,32,0.06653564033954687,0.13744351316525827,0.2641801286706884,0.3232430681629521,0.017593549940514114,0.1370394099879925,0.00821561451533524,0.05839611741935594,0.0,0.7,0.2,77,2.389113935231227,4.482150756325992
28,33,0.06419770824501485,0.1346841070725595,0.2613976508742559,0.3314368696012923,0.017170672603464162,0.13205519570688512,0.00775465126955688,0.05029674958022264,0.0,0.7,0.2,78,2.389313617353868,6.281974410811864
28,34,0.07801382405525703,0.15237648145459018,0.2892745187226546,0.35391415947099736,0.03700169571991042,0.1508770706499805,0.011793573477216001,0.11254731458680808,0.0,0.7,0.2,79,2.4496798394899115,12.1994365283895
28,35,0.06903945468675599,0.13228854062653006,0.2586067513768671,0.33335642580621316,0.049430161370612846,0.14739030824163388,0.0095952153120547,0.10140211526331862,0.0,0.7,0.2,80,2.423701070531457,12.964953190260818
28,36,0.0727680867797525,0.11870666660872703,0.21416036687728124,0.27878331509132637,0.03288303731519408,0.1523973997073264,0.01150326581704399,0.11777396144593247,0.0,0.7,0.2,83,2.387294233673248,13.178168398582208
28,37,0.08021436981718366,0.16411288377540045,0.3314525727019485,0.40293392336239864,0.03925964177091954,0.16189491441073428,0.01084732049456466,0.1579963425833508,0.0,0.7,0.2,92,2.37406614500525,34.769381183861086
28,38,0.0642196317701722,0.15309048365572347,0.3306755170829831,0.3982372501521707,0.02454918013077944,0.1447795557301503,0.00931288206296858,0.08551876690760371,0.0,0.7,0.2,94,2.371671471561962,8.537257810974504
28,39,0.2512496714715,0.3553719791692956,0.5637104753611561,0.6228064595074383,0.2122274858711503,1.0,0.01660457803262572,1.0,0.0,0.7,0.2,101,2.3984172251835263,546.7045058558443
28,40,0.939573624667916,1.0436377775340717,1.251973040264226,1.3406807427121026,0.900078362431574,0.902137770189684,1.0,1.0,0.0,0.7,0.2,104,2.3662191667283063,26.932063673216305
28,41,0.9395572387675959,1.0490477187455343,1.2676528526933077,1.3486248209077096,0.9000238021938791,1.0,1.0,1.0,0.0,0.7,0.2,107,2.364756958982529,17.800601363649008
28,42,0.9392026490638774,1.0482956641376628,1.266879277203315,1.3484772275777608,0.9007751907899706,1.0,1.0,1.0,0.0,0.7,0.2,109,2.381124680097221,12.308785464935935
28,43,0.9384769301181519,1.014085321475928,1.1710012726618702,1.2447329802324687,0.9001767071493225,0.19101815956454435,1.0,1.0,0.0,0.7,0.2,127,2.3290640230303428,9.595929609039654
28,44,0.8831811229281552,0.9968278047356889,1.225633966352428,1.3952853538135133,0.8447809909954215,0.1059592124698131,1.0,0.7238576761614212,0.0,0.7,0.2,158,2.4909894287591245,8.11516901958606
28,45,0.24203498650993022,0.35361789038403496,0.5823135394521222,0.7969019194248226,0.20705341517294526,0.15502768756748808,0.0077845356074407596,1.0,0.0,0.7,0.2,163,2.4794505796662007,9072.79807302913
28,46,0.1899339606365596,0.32218944815439576,0.5919084358731865,0.896030649980371,0.1545320562838295,0.09874634915963407,0.01314555146345027,0.7255860464952912,0.0,0.7,0.2,183,2.523990195665939,209.5138144936072
28,47,0.05318856181916168,0.1908874530999713,0.47087711362205315,0.7921261895012074,0.01757600687486279,0.09873804017918864,0.01314661544585092,0.0418614629310251,0.0,0.7,0.2,189,2.5241512939994237,209.503741895266
29,0,0.9558725037952873,0.9744886327760219,0.9737639478768583,0.17337520158221184,0.0,0.0,0.0,0.0,0.0,0.7,0.2,1,6.328310445260312,26.171521885605003
29,1,0.4404948304626359,0.5855195116977239,0.5737408849699538,0.10078757417546202,0.4013197431603781,0.10100060683898411,6.247322589951999e-05,0.00021819912827219,0.0,0.7,0.2,3,3.851285664249058,10.227675772037031
29,2,0.4404225039087839,0.5854477291986959,0.5736672511104287,0.10317184256102693,0.00023494882236284087,0.10100060683898411,6.247322589951999e-05,0.00021819912827218,0.0,0.7,0.2,4,3.854699668797196,10.274351830281509
29,3,0.10224195109363766,0.1456893106495164,0.13151949710296246,0.018954785207571507,0.9195012385991682,0.11526280234592215,0.00032916867190802,0.00114968158328115,0.0,0.7,0.2,5,2.347070631107478,1.767545750272966
29,4,0.07406913697239365,0.0928557567233854,0.07717582937786656,0.01229540527145293,0.055591017740851054,0.1182311358295171,0.00055564402326769,0.00194068802692621,0.0,0.7,0.2,7,2.331214828760124,2.826382694778526
29,5,0.07118168654246197,0.08216478338834923,0.056075976421513,0.010776472248624935,0.010439349466162024,0.10621262004467398,0.00034617824251191,0.00078271338613119,0.0,0.7,0.2,8,2.265930135711073,1.7630158583297746
29,6,0.07082792595382457,0.08692326061546088,0.07108556162975695,0.01597548117330191,0.0011009137271918512,0.10626743442931992,0.00034708690975385,0.00076571864066435,0.0,0.7,0.2,10,2.2733210232570946,1.768103699864979
29,7,0.07046164246177074,0.09163262716631522,0.08604409599553131,0.02358728731510655,0.0012013298440607103,0.10638980086760164,0.00036867455143315997,0.00080466128581578,0.0,0.7,0.2,12,2.291912676127884,1.7727518454178586
29,8,0.06934275256131439,0.0840667939075173,0.06814908196941835,0.027267763201871284,0.004588207094450699,0.11615317748519989,0.0002519131811247,0.0008772224746316001,0.0,0.7,0.2,13,2.381380395487799,2.2504448571020483
29,9,0.0683999233394789,0.08222169414849502,0.06625177945210545,0.02889898516883159,0.004153711767201453,0.11673009600898214,0.00025085840819762,0.0008758109196262199,0.0,0.7,0.2,14,2.3499729402383003,2.248450882415724
29,10,0.06428165957639592,0.08496865354983457,0.08930802222340321,0.03463576594715857,0.01722635078836701,0.11788228779676416,0.00027090650146052,0.0009366590549565601,0.0,0.7,0.2,15,2.3388524066779697,2.521164550461786
29,11,0.06424291764642479,0.09033639154204494,0.10494421287604189,0.04823247075159853,0.0004571316076497974,0.11803207733414474,0.0002712799132099,0.0009370249035828299,0.0,0.7,0.2,17,2.3383039729083435,2.521714627112409
29,12,0.06370492725117995,0.07775875654619528,0.07175932820456102,0.06268362923722738,0.0025991879515774915,0.12546424894464064,0.00035330876278654,0.0037950015288381505,0.0,0.7,0.2,20,2.4460521908353643,2.8252995684987674
29,13,0.06117492722528867,0.07265555152452637,0.06650976657838918,0.07206835112407778,0.011704431198460739,0.12154847363327734,0.00030622534718523,0.004239773147303521,0.0,0.7,0.2,21,2.3559182862454957,2.9082111801522
29,14,0.060972277227244034,0.07205103513225242,0.06588228107057455,0.07210918648685201,0.002087597107343021,0.12244739152704125,0.00031778800989499997,0.005188732141981419,0.0,0.7,0.2,23,2.3646290579333686,2.9790116961387803
29,15,0.05760839988804685,0.07040231819305855,0.07429380261387386,0.10123555007266184,0.003760209752954182,0.12020373592720413,0.0009154398308631699,0.0046769339951515405,0.0,0.7,0.2,30,2.4053152774192257,2.9666409034277152
29,16,0.05654994942244179,0.07397165234084951,0.08808811485454424,0.09511800535095201,0.002140791171883655,0.12489753138317614,0.00045465374719251,0.00496610854349372,0.0,0.7,0.2,34,2.389652219756935,3.060608024106547
29,17,0.05673165353845781,0.07373688078774862,0.08782983223761914,0.12727662533286568,0.0035924437213865792,0.12087591144452078,0.0013593241216238098,0.00473179694660279,0.0,0.7,0.2,35,2.449267505333062,3.0815690192627
29,18,0.0562757044686144,0.07825452565712773,0.10259160122417992,0.14208682844132356,0.0028535367673479355,0.12087591144452084,0.0013593241216238098,0.0047317969466028,0.0,0.7,0.2,37,2.445289875494205,3.066243441765816
29,19,0.06261973874962531,0.11706830103310793,0.20301811920041163,0.13059827516755007,0.008596570568583952,0.14112996511652173,0.00141687848978303,0.0372148947511372,0.0,0.7,0.2,42,2.817497431005638,2.8089005401221927
29,20,0.06259768384817699,0.12246789979845711,0.21868702456159278,0.15152506353905681,0.008482112975519127,0.14112996541340023,0.00141687850141432,0.03721635470136271,0.0,0.7,0.2,44,2.817224992134052,2.8083766328797264
29,21,0.05435579450488759,0.10832485364372883,0.1942477041040952,0.2067883483473736,0.0009418541996353487,0.11467212327108718,0.0005495514834918199,0.00124485964093087,0.0,0.7,0.2,50,2.2231384084779418,2.240298071813443
29,22,0.25382531112287876,0.2855942326881389,0.3304111788531878,0.3309380187863384,0.20222907993801098,0.116961116935376,0.0007309991865366401,1.0,0.0,0.7,0.2,51,2.3915610599358383,2.011889614293245
29,23,0.256257317452878,0.2972359845935697,0.36250088998292096,0.3745994064574275,0.20793553826900618,0.14346452110414015,0.006499985463409951,1.0,0.0,0.7,0.2,53,2.4297909359078806,1.9179455023872776
29,24,0.05919147132196286,0.1433209779076997,0.29072808976612563,0.19685507750892936,0.00842056748762569,0.14067977252155467,0.00102868732041536,0.03576402251509258,0.0,0.7,0.2,56,2.6745707361208058,2.877248451125032
29,25,0.05853764056857485,0.1400215470623228,0.2872820975858002,0.2041667951483342,0.020338215351530547,0.1423639334425198,0.0035368562269222697,0.03622446313845084,0.0,0.7,0.2,57,2.826037588179091,2.651309940925868
29,26,0.14697807269014823,0.2532046891816525,0.4516821846890602,0.3343540102349832,0.10118385480938333,0.14062575442130465,0.00896384857859606,0.4710121318838277,0.0,0.7,0.2,71,2.6720088105076023,2.864896498397407
29,27,0.1686945945223278,0.2743686279419,0.472815856148453,0.3595134650758592,0.12490133931702896,0.1406215684676092,0.01087892635722916,0.5754512605058333,0.0,0.7,0.2,72,2.673712199669424,2.8632022883164594
29,28,0.18595588893784948,0.2916284951088689,0.4900756345097075,0.3799153018382262,0.13997494594865525,0.140621574562879,0.010883657029110259,0.6617489936763912,0.0,0.7,0.2,73,2.673713013551872,2.863192951487058
29,29,0.052511567063879126,0.1091777783974264,0.21518926969529098,0.32739592725408445,0.006527761134424117,0.16620528684007957,0.007077299354884541,0.00786184477177343,0.0,0.7,0.2,86,2.406364939289179,3.260215892584533
29,30,0.05464790953796399,0.12460823152724451,0.25129301772523405,0.4072822015518558,0.006590612400358868,0.17156700759725477,0.00700735746572482,0.007600877528986601,0.0,0.7,0.2,92,2.361650640539322,3.099442577990454
29,31,0.05250501902018414,0.11958232990346315,0.24610888453894444,0.43608868926428324,0.0071174825861192535,0.15511189615640045,0.00732601715674686,0.0091701172329096,0.0,0.7,0.2,95,2.4670701639142867,3.4400667561828904
29,32,0.0563010131157383,0.13209029157791174,0.26906676152350034,0.4574681451799368,0.008111434851858725,0.1359347049285779,0.00817089645672534,0.009995881663395061,0.0,0.7,0.2,98,2.352208881625821,3.3593364101111303
29,33,0.051550892658161915,0.12375637554076566,0.26053631064997523,0.458127854696136,0.007588911065213425,0.15031140684207403,0.0065593785093709,0.00854517458904276,0.0,0.7,0.2,99,2.426890357641543,3.2032385544466955
29,34,0.05041933669400928,0.12155184351560827,0.2582733571322671,0.4541463672080914,0.009570995416945277,0.15054861786713158,0.006546229974745769,0.00786234409088174,0.0,0.7,0.2,100,2.300214337089093,3.007431706169154
29,35,0.05082590852018716,0.12121162322322332,0.2578923061045081,0.4686852361149836,0.008787002926608473,0.1528269281022186,0.00809077084685516,0.00790618255265664,0.0,0.7,0.2,102,2.4588977641180043,3.329064801916049
29,36,0.0499334143399474,0.12531946260027876,0.2722465170835957,0.5085429186152493,0.00696924611539264,0.1509891117500976,0.006815328799325169,0.00993487283554145,0.0,0.7,0.2,109,2.282539835362938,3.8391660027102494
29,37,0.05005704486639384,0.12540333897100503,0.2723283827103867,0.5191101457956235,0.007063600502446948,0.16167338566053058,0.006814802504818531,0.010736610430070929,0.0,0.7,0.2,110,2.2729025971376973,3.6990051324778346
29,38,0.04976846204016261,0.1248420199659299,0.27175227616374714,0.515493791670312,0.007975314031269451,0.16194019431102477,0.0068937777917034895,0.0102590407542049,0.0,0.7,0.2,111,2.3139060213671394,3.7111264278908793
29,39,0.052504298749722046,0.1352472899475182,0.29254916755883054,0.5617223922028407,0.007991254588930593,0.14370455503794172,0.00733847751250329,0.01220762788668418,0.0,0.7,0.2,116,2.3207570894137364,3.9599158587163257
29,40,0.052497192618477684,0.17022791278196397,0.3992541249673893,0.7408240265410758,0.010456087009999806,0.14716481356040512,0.011318816653001499,0.01250473311102998,0.0,0.7,0.2,168,2.580267258806522,3.052221186266991
30,0,0.952908885147994,0.9727439192579816,0.971969577512992,0.1730335324055818,0.0,0.0,0.0,0.0,0.0,0.7,0.2,1,6.409095161988184,26.20535523962234
30,1,0.4268741515758275,0.5719008531822155,0.5597353208319736,0.09812290930437051,0.41357128823044026,0.09907441519974876,6.340212721791001e-05,0.00023028624464503,0.0,0.7,0.2,3,4.194748330516441,10.282528286748065
30,2,0.12589045271213065,0.18172655294733342,0.1584677621757717,0.024275640397159813,0.4030258713792571,0.11063916703021888,0.00025360850887164003,0.00092114497858012,0.0,0.7,0.2,5,3.0356680301580456,2.499080565629781
30,3,0.047052877958916536,0.03876654688377008,0.02155186783163361,0.0016497188457696456,0.15412061752751233,0.11447015491820445,0.0004984622196570301,0.00181049118853254,0.0,0.7,0.2,7,2.884332522300161,2.1754053140028726
30,4,0.04692431351282054,0.03847905858480905,0.021255672559841583,0.005040680984900314,0.0010458870166145226,0.11459780228023268,0.0005116072429791399,0.00185823592817222,0.0,0.7,0.2,9,2.8929411690674023,2.2867654296226494
30,5,0.04640464732022812,0.03777294925733548,0.02053932651159918,0.015785299786246813,0.000629150401900249,0.11977287099644496,0.00026302836738311,0.00099227783108904,0.0,0.7,0.2,12,2.9451706821992247,2.384893477652191
30,6,0.04635129030767359,0.04312180761103594,0.03615644649902576,0.02018982271649388,0.0005381618204124681,0.11448466851237331,0.00025703806099234997,0.00094378134756042,0.0,0.7,0.2,13,2.913820577812512,2.3291929572593717
30,7,0.044196026210463805,0.03309278876254841,0.015724416353341947,0.01935492841236601,0.010062314908692319,0.11678693697060445,0.00032669238524976,0.00109010861228129,0.0,0.7,0.2,14,3.181275399233984,2.7388644592681826
30,8,0.0432976855603009,0.0356868175545133,0.028483008941219332,0.03510973217340154,0.0038882942595838627,0.1774749165861864,0.00035279914758654,0.00538821165901238,0.0,0.7,0.2,17,3.008933022880073,3.7914537291110655
30,9,0.04165690340131744,0.03311566551484537,0.025861628431213313,0.03845131106814854,0.004179259877468812,0.12518965940621757,0.00029198204058043,0.0016018094791481901,0.0,0.7,0.2,18,2.977008106865704,1.8934261489158184
30,10,0.04168474280194931,0.038452200444594214,0.0414614654341824,0.04570523523912405,0.0009415986782119461,0.12877208840738372,0.00035733011233506003,0.00212433810290907,0.0,0.7,0.2,20,3.0524842506396808,1.9799721254301024
30,11,0.03779608692217326,0.02506698458030975,0.017587741383828417,0.04700155414489379,0.016210355294027385,0.11854094878485859,0.00028475029697818,0.00100366745589111,0.0,0.7,0.2,21,3.136334096262136,2.695468433766981
30,12,0.037136994032510875,0.029122672472735547,0.03187509433979843,0.056462000017659136,0.0018014936671628995,0.11841429399523587,0.00027399670476056,0.00096475344698093,0.0,0.7,0.2,23,3.1159346836850537,2.4847129603308766
30,13,0.03447470473328899,0.022866756292555787,0.025427949648287106,0.05869917173598376,0.0078010673578156236,0.14065700966792366,0.00030911481785124,0.0032152904653784003,0.0,0.7,0.2,25,3.10879159842334,5.3249580090987125
30,14,0.029497931583645595,0.01782162771248945,0.030362877445206778,0.06384690591753363,0.021681687198675713,0.15367178171314919,0.0003433173448727,0.00176752902185841,0.0,0.7,0.2,26,3.153563280580812,4.4384098855632175
30,15,0.029431210343445938,0.023120571911566558,0.04592831941187014,0.07172658425197552,0.000744178356753728,0.15367178171314919,0.0003433173448727,0.00176752902185841,0.0,0.7,0.2,28,3.158249730871343,4.401021003985246
30,16,0.029380974014746448,0.02240337797736711,0.04517625383916849,0.0754732581465269,0.0019507630426158543,0.1324364192390109,0.00033343637352032,0.00436085759794349,0.0,0.7,0.2,31,3.226048526357661,6.610342406352776
30,17,0.02923321470741604,0.01772487117840562,0.04026187242616731,0.07986732515207615,0.013290150717018941,0.12988507169609986,0.0009739993265427601,0.02023558030961849,0.0,0.7,0.2,33,3.2368421504438425,6.288338479857289
30,18,0.035367240214284355,0.02330001222276388,0.04580787264629516,0.135745944688216,0.01186268350118777,0.1498209865128542,0.00445962527423901,0.041039390825589564,0.0,0.7,0.2,37,3.39998789158361,8.03416945750695
30,19,0.030938600993825092,0.018777471771868268,0.04128064021915698,0.14022235336885738,0.007296552281922386,0.1438817345403253,0.00326187155728356,0.0234429960137394,0.0,0.7,0.2,38,3.273692392633737,8.32739975427195
30,20,0.032604605815066856,0.023688452345071005,0.0563481807699612,0.1432592614257425,0.018757201788022634,0.14462874898736428,0.0051376234325781105,0.0342669796528422,0.0,0.7,0.2,39,3.237592027797456,8.751444203654012
30,21,0.043368367569830174,0.030795905097211515,0.06326831661925109,0.1803452941586608,0.025846336508784408,0.11962872939249077,0.011849108840847191,0.0792816526319166,0.0,0.7,0.2,47,3.436431043794302,4.495797718455702
30,22,0.028318256635810307,0.012042362363780347,0.04432602216482224,0.19467330588360907,0.015468912691076885,0.13467247701187438,0.00635515949835856,0.03796875357464677,0.0,0.7,0.2,51,3.316283937676282,4.5966112519343705
30,23,0.021238138396918096,0.05128729839130424,0.17587049669270272,0.27315020113460364,0.008314126422723734,0.11850016140246886,0.0066970629218338,0.0119365840986263,0.0,0.7,0.2,59,3.1818759940367247,2.2238278625899914
30,24,0.02057519277796662,0.05044114212225788,0.17501522522255608,0.27589827147602886,0.007173314403664681,0.11938830067359338,0.0058355809029326895,0.01229787851347089,0.0,0.7,0.2,60,3.130755498003951,2.2654102446400675
30,25,0.01771898611237206,0.04476572225463826,0.16919762050774653,0.2842773089289497,0.011039614955536764,0.11083697040794356,0.00646414857153807,0.00673832255203044,0.0,0.7,0.2,62,3.1974142477195584,1.909466948386747
30,26,0.017650385091802792,0.04453198362115282,0.16895566151006103,0.2876193327566986,0.006518943429264447,0.1102733402794676,0.00634412132630497,0.00743949859481609,0.0,0.7,0.2,63,3.1771617642472507,1.9557956452542613
30,27,0.01822682307448767,0.023125649155728633,0.10645611540971786,0.2707548381008029,0.006864032024659551,0.10627015881113841,0.00747948382949829,0.0072142269265108305,0.0,0.7,0.2,67,3.2210041821075324,1.957873470961774
30,28,0.014801737454311254,0.03904973071703331,0.1633415572321099,0.30258600893453014,0.013879780858532326,0.10671967767617754,0.00538869454404601,0.00658937984147598,0.0,0.7,0.2,68,3.1169216985996826,1.9726677065926213
30,29,0.01447141251258832,0.03848404350473293,0.16276415655651322,0.3056969334968671,0.0058067859452552205,0.10491713832651509,0.0052560581339797,0.006297226221867749,0.0,0.7,0.2,69,3.126308522189916,1.9490720188711728
30,30,0.014600199399704694,0.04105504914246765,0.1754559581749247,0.314894985157776,0.012791001857197106,0.11451183046677131,0.00496829455216858,0.01927710039633,0.0,0.7,0.2,71,3.353714865559541,2.607008302606649
30,31,0.015085851862367024,0.036023419213681,0.1601500985457811,0.3120228209429695,0.007918501070089975,0.11429094784785712,0.00533980859247313,0.02068089567847404,0.0,0.7,0.2,77,3.384531711645116,2.6831270495608783
30,32,0.014410075218701251,0.03988804273773675,0.17424048352039723,0.33657047100253545,0.009504484413428941,0.11429094784785712,0.00533980859247313,0.02068089567847404,0.0,0.7,0.2,79,3.384351395846537,2.647588772875297
30,33,0.011659429949074996,0.023562945579474665,0.1372412260783692,0.33489899199756273,0.01675272970051069,0.11016003891134876,0.00549779413284489,0.01635074685486285,0.0,0.7,0.2,80,3.302269069523759,1.99174384896004
30,34,0.00998688537536179,0.01249172506137599,0.1157044419934397,0.3234829840406182,0.02246295921245431,0.11055821486667443,0.00552277539740289,0.022406699717417992,0.0,0.7,0.2,81,3.2865970502143727,2.5717636132408104
30,35,0.009792059358022506,0.01553341322982477,0.12890861992733874,0.3457393691488124,0.017587339681732542,0.11034896254556474,0.00644341711856814,0.026196064264636287,0.0,0.7,0.2,82,3.342986831823498,2.7042805814704467
30,36,0.010114696929378917,0.03213231687427951,0.1763165090278641,0.3783518830380973,0.010148857097759208,0.11023339400366887,0.00668813039957525,0.027165028248381202,0.0,0.7,0.2,88,3.358053550864086,2.7501335847390456
