Dataset,Run,Method,Weight,Metric,Test_Metric,Spearman
1028_SWD,1,MVP,w0.9_0.8_0.4,MSE_Train,MSE_Test_Interpolation,0.21945031712473573
1028_SWD,1,MVP,w0.9_0.8_0.4,AIC_Train,MSE_Test_Interpolation,0.23269908386187454
1028_SWD,1,MVP,w0.9_0.8_0.4,BIC_Train,MSE_Test_Interpolation,-0.027906976744186046
1028_SWD,1,MVP,w0.9_0.8_0.4,MDL_Train,MSE_Test_Interpolation,-0.5179704016913319
1028_SWD,1,MVP,w0.9_0.8_0.4,PSM_Train,MSE_Test_Interpolation,-0.3439041578576462
1028_SWD,1,MVP,w0.9_0.8_0.4,MSE_Train,MSE_Test_Extrapolation,0.1935165609584214
1028_SWD,1,MVP,w0.9_0.8_0.4,AIC_Train,MSE_Test_Extrapolation,0.308245243128964
1028_SWD,1,MVP,w0.9_0.8_0.4,BIC_Train,MSE_Test_Extrapolation,0.3994362226920366
1028_SWD,1,MVP,w0.9_0.8_0.4,MDL_Train,MSE_Test_Extrapolation,0.12656800563777307
1028_SWD,1,MVP,w0.9_0.8_0.4,PSM_Train,MSE_Test_Extrapolation,-0.08414376321353065
1028_SWD,2,MVP,w0.9_0.8_0.4,MSE_Train,MSE_Test_Interpolation,0.5226671220011951
1028_SWD,2,MVP,w0.9_0.8_0.4,AIC_Train,MSE_Test_Interpolation,0.6435584393409033
1028_SWD,2,MVP,w0.9_0.8_0.4,BIC_Train,MSE_Test_Interpolation,0.5779902672244515
1028_SWD,2,MVP,w0.9_0.8_0.4,MDL_Train,MSE_Test_Interpolation,-0.3199863399641424
1028_SWD,2,MVP,w0.9_0.8_0.4,PSM_Train,MSE_Test_Interpolation,0.2551865448646803
1028_SWD,2,MVP,w0.9_0.8_0.4,MSE_Train,MSE_Test_Extrapolation,0.8015026039443353
1028_SWD,2,MVP,w0.9_0.8_0.4,AIC_Train,MSE_Test_Extrapolation,0.7577904892000341
1028_SWD,2,MVP,w0.9_0.8_0.4,BIC_Train,MSE_Test_Extrapolation,0.5307777682916418
1028_SWD,2,MVP,w0.9_0.8_0.4,MDL_Train,MSE_Test_Extrapolation,-0.33381712626995647
1028_SWD,2,MVP,w0.9_0.8_0.4,PSM_Train,MSE_Test_Extrapolation,0.576709638862802
1028_SWD,3,MVP,w0.9_0.8_0.4,MSE_Train,MSE_Test_Interpolation,0.7538082022818376
1028_SWD,3,MVP,w0.9_0.8_0.4,AIC_Train,MSE_Test_Interpolation,0.7647856922602528
1028_SWD,3,MVP,w0.9_0.8_0.4,BIC_Train,MSE_Test_Interpolation,0.05729263028060438
1028_SWD,3,MVP,w0.9_0.8_0.4,MDL_Train,MSE_Test_Interpolation,-0.6257786000616713
1028_SWD,3,MVP,w0.9_0.8_0.4,PSM_Train,MSE_Test_Interpolation,0.1215541165587419
1028_SWD,3,MVP,w0.9_0.8_0.4,MSE_Train,MSE_Test_Extrapolation,-0.13783533765032377
1028_SWD,3,MVP,w0.9_0.8_0.4,AIC_Train,MSE_Test_Extrapolation,-0.18951588035769348
1028_SWD,3,MVP,w0.9_0.8_0.4,BIC_Train,MSE_Test_Extrapolation,0.2684551341350601
1028_SWD,3,MVP,w0.9_0.8_0.4,MDL_Train,MSE_Test_Extrapolation,0.35997533148319455
1028_SWD,3,MVP,w0.9_0.8_0.4,PSM_Train,MSE_Test_Extrapolation,-0.10958988590810977
1028_SWD,4,MVP,w0.9_0.8_0.4,MSE_Train,MSE_Test_Interpolation,0.6484983314794216
1028_SWD,4,MVP,w0.9_0.8_0.4,AIC_Train,MSE_Test_Interpolation,0.6404894327030033
1028_SWD,4,MVP,w0.9_0.8_0.4,BIC_Train,MSE_Test_Interpolation,0.6182424916573971
1028_SWD,4,MVP,w0.9_0.8_0.4,MDL_Train,MSE_Test_Interpolation,-0.33348164627363736
1028_SWD,4,MVP,w0.9_0.8_0.4,PSM_Train,MSE_Test_Interpolation,0.31701890989988873
1028_SWD,4,MVP,w0.9_0.8_0.4,MSE_Train,MSE_Test_Extrapolation,0.1546162402669633
1028_SWD,4,MVP,w0.9_0.8_0.4,AIC_Train,MSE_Test_Extrapolation,0.17152391546162402
1028_SWD,4,MVP,w0.9_0.8_0.4,BIC_Train,MSE_Test_Extrapolation,0.3472747497219132
1028_SWD,4,MVP,w0.9_0.8_0.4,MDL_Train,MSE_Test_Extrapolation,-0.17463848720800887
1028_SWD,4,MVP,w0.9_0.8_0.4,PSM_Train,MSE_Test_Extrapolation,0.029588431590656286
1028_SWD,5,MVP,w0.9_0.8_0.4,MSE_Train,MSE_Test_Interpolation,0.38433664523670374
1028_SWD,5,MVP,w0.9_0.8_0.4,AIC_Train,MSE_Test_Interpolation,0.4670368205727645
1028_SWD,5,MVP,w0.9_0.8_0.4,BIC_Train,MSE_Test_Interpolation,0.6634132086499124
1028_SWD,5,MVP,w0.9_0.8_0.4,MDL_Train,MSE_Test_Interpolation,0.39853886616014034
1028_SWD,5,MVP,w0.9_0.8_0.4,PSM_Train,MSE_Test_Interpolation,0.4836937463471655
1028_SWD,5,MVP,w0.9_0.8_0.4,MSE_Train,MSE_Test_Extrapolation,0.23232028053769727
1028_SWD,5,MVP,w0.9_0.8_0.4,AIC_Train,MSE_Test_Extrapolation,0.11665692577440095
1028_SWD,5,MVP,w0.9_0.8_0.4,BIC_Train,MSE_Test_Extrapolation,-0.31665692577440097
1028_SWD,5,MVP,w0.9_0.8_0.4,MDL_Train,MSE_Test_Extrapolation,-0.8646990064289891
1028_SWD,5,MVP,w0.9_0.8_0.4,PSM_Train,MSE_Test_Extrapolation,-0.46808883693746356
1028_SWD,6,MVP,w0.9_0.8_0.4,MSE_Train,MSE_Test_Interpolation,-0.4749209950571267
1028_SWD,6,MVP,w0.9_0.8_0.4,AIC_Train,MSE_Test_Interpolation,-0.45061178186532697
1028_SWD,6,MVP,w0.9_0.8_0.4,BIC_Train,MSE_Test_Interpolation,-0.3891905032007131
1028_SWD,6,MVP,w0.9_0.8_0.4,MDL_Train,MSE_Test_Interpolation,-0.3417065067660644
1028_SWD,6,MVP,w0.9_0.8_0.4,PSM_Train,MSE_Test_Interpolation,-0.4750830564784053
1028_SWD,6,MVP,w0.9_0.8_0.4,MSE_Train,MSE_Test_Extrapolation,-0.014990681468276479
1028_SWD,6,MVP,w0.9_0.8_0.4,AIC_Train,MSE_Test_Extrapolation,-0.1418847743294709
1028_SWD,6,MVP,w0.9_0.8_0.4,BIC_Train,MSE_Test_Extrapolation,-0.1966615347216595
1028_SWD,6,MVP,w0.9_0.8_0.4,MDL_Train,MSE_Test_Extrapolation,-0.10509683169921402
1028_SWD,6,MVP,w0.9_0.8_0.4,PSM_Train,MSE_Test_Extrapolation,-0.09472490073737948
1028_SWD,7,MVP,w0.9_0.8_0.4,MSE_Train,MSE_Test_Interpolation,0.8554488989271599
1028_SWD,7,MVP,w0.9_0.8_0.4,AIC_Train,MSE_Test_Interpolation,0.8610954263128179
1028_SWD,7,MVP,w0.9_0.8_0.4,BIC_Train,MSE_Test_Interpolation,0.7752682100508189
1028_SWD,7,MVP,w0.9_0.8_0.4,MDL_Train,MSE_Test_Interpolation,-0.3359683794466404
1028_SWD,7,MVP,w0.9_0.8_0.4,PSM_Train,MSE_Test_Interpolation,0.4522868435911915
1028_SWD,7,MVP,w0.9_0.8_0.4,MSE_Train,MSE_Test_Extrapolation,0.311123658949746
1028_SWD,7,MVP,w0.9_0.8_0.4,AIC_Train,MSE_Test_Extrapolation,0.3201581027667985
1028_SWD,7,MVP,w0.9_0.8_0.4,BIC_Train,MSE_Test_Extrapolation,0.32128740824393004
1028_SWD,7,MVP,w0.9_0.8_0.4,MDL_Train,MSE_Test_Extrapolation,-0.1518915866741954
1028_SWD,7,MVP,w0.9_0.8_0.4,PSM_Train,MSE_Test_Extrapolation,-0.025409373235460195
1028_SWD,8,MVP,w0.9_0.8_0.4,MSE_Train,MSE_Test_Interpolation,0.3321154548776033
1028_SWD,8,MVP,w0.9_0.8_0.4,AIC_Train,MSE_Test_Interpolation,0.32170259408111074
1028_SWD,8,MVP,w0.9_0.8_0.4,BIC_Train,MSE_Test_Interpolation,0.11198392400438437
1028_SWD,8,MVP,w0.9_0.8_0.4,MDL_Train,MSE_Test_Interpolation,-0.5540007307270735
1028_SWD,8,MVP,w0.9_0.8_0.4,PSM_Train,MSE_Test_Interpolation,-0.29035440263061746
1028_SWD,8,MVP,w0.9_0.8_0.4,MSE_Train,MSE_Test_Extrapolation,0.604530507855316
1028_SWD,8,MVP,w0.9_0.8_0.4,AIC_Train,MSE_Test_Extrapolation,0.5487394957983194
1028_SWD,8,MVP,w0.9_0.8_0.4,BIC_Train,MSE_Test_Extrapolation,0.29203507489952507
1028_SWD,8,MVP,w0.9_0.8_0.4,MDL_Train,MSE_Test_Extrapolation,-0.35199123127511883
1028_SWD,8,MVP,w0.9_0.8_0.4,PSM_Train,MSE_Test_Extrapolation,0.019218122031421266
1028_SWD,9,MVP,w0.9_0.8_0.4,MSE_Train,MSE_Test_Interpolation,0.9880825057295646
1028_SWD,9,MVP,w0.9_0.8_0.4,AIC_Train,MSE_Test_Interpolation,0.9685255920550038
1028_SWD,9,MVP,w0.9_0.8_0.4,BIC_Train,MSE_Test_Interpolation,0.5336898395721925
1028_SWD,9,MVP,w0.9_0.8_0.4,MDL_Train,MSE_Test_Interpolation,-0.6507257448433919
1028_SWD,9,MVP,w0.9_0.8_0.4,PSM_Train,MSE_Test_Interpolation,0.6589763177998471
1028_SWD,9,MVP,w0.9_0.8_0.4,MSE_Train,MSE_Test_Extrapolation,0.5257448433919022
1028_SWD,9,MVP,w0.9_0.8_0.4,AIC_Train,MSE_Test_Extrapolation,0.4875477463712758
1028_SWD,9,MVP,w0.9_0.8_0.4,BIC_Train,MSE_Test_Extrapolation,0.602139037433155
1028_SWD,9,MVP,w0.9_0.8_0.4,MDL_Train,MSE_Test_Extrapolation,0.03559969442322383
1028_SWD,9,MVP,w0.9_0.8_0.4,PSM_Train,MSE_Test_Extrapolation,0.34698242933537043
1028_SWD,10,MVP,w0.9_0.8_0.4,MSE_Train,MSE_Test_Interpolation,0.5971774193548388
1028_SWD,10,MVP,w0.9_0.8_0.4,AIC_Train,MSE_Test_Interpolation,0.6185483870967743
1028_SWD,10,MVP,w0.9_0.8_0.4,BIC_Train,MSE_Test_Interpolation,0.6754032258064516
1028_SWD,10,MVP,w0.9_0.8_0.4,MDL_Train,MSE_Test_Interpolation,-0.1306451612903226
1028_SWD,10,MVP,w0.9_0.8_0.4,PSM_Train,MSE_Test_Interpolation,0.037500000000000006
1028_SWD,10,MVP,w0.9_0.8_0.4,MSE_Train,MSE_Test_Extrapolation,0.360483870967742
1028_SWD,10,MVP,w0.9_0.8_0.4,AIC_Train,MSE_Test_Extrapolation,0.36814516129032265
1028_SWD,10,MVP,w0.9_0.8_0.4,BIC_Train,MSE_Test_Extrapolation,0.5326612903225807
1028_SWD,10,MVP,w0.9_0.8_0.4,MDL_Train,MSE_Test_Extrapolation,0.2766129032258065
1028_SWD,10,MVP,w0.9_0.8_0.4,PSM_Train,MSE_Test_Extrapolation,0.17620967741935484
1028_SWD,11,MVP,w0.9_0.8_0.4,MSE_Train,MSE_Test_Interpolation,-0.1110099573257468
1028_SWD,11,MVP,w0.9_0.8_0.4,AIC_Train,MSE_Test_Interpolation,-0.11200568990042674
1028_SWD,11,MVP,w0.9_0.8_0.4,BIC_Train,MSE_Test_Interpolation,-0.17086770981507823
1028_SWD,11,MVP,w0.9_0.8_0.4,MDL_Train,MSE_Test_Interpolation,-0.5570412517780937
1028_SWD,11,MVP,w0.9_0.8_0.4,PSM_Train,MSE_Test_Interpolation,-0.28913229018492176
1028_SWD,11,MVP,w0.9_0.8_0.4,MSE_Train,MSE_Test_Extrapolation,0.6885917496443812
1028_SWD,11,MVP,w0.9_0.8_0.4,AIC_Train,MSE_Test_Extrapolation,0.7173826458036984
1028_SWD,11,MVP,w0.9_0.8_0.4,BIC_Train,MSE_Test_Extrapolation,0.7691607396870555
1028_SWD,11,MVP,w0.9_0.8_0.4,MDL_Train,MSE_Test_Extrapolation,0.2521194879089616
1028_SWD,11,MVP,w0.9_0.8_0.4,PSM_Train,MSE_Test_Extrapolation,0.4881365576102418
1028_SWD,12,MVP,w0.9_0.8_0.4,MSE_Train,MSE_Test_Interpolation,0.6737812911725954
1028_SWD,12,MVP,w0.9_0.8_0.4,AIC_Train,MSE_Test_Interpolation,0.6669301712779973
1028_SWD,12,MVP,w0.9_0.8_0.4,BIC_Train,MSE_Test_Interpolation,0.5511198945981555
1028_SWD,12,MVP,w0.9_0.8_0.4,MDL_Train,MSE_Test_Interpolation,-0.6201581027667984
1028_SWD,12,MVP,w0.9_0.8_0.4,PSM_Train,MSE_Test_Interpolation,0.3741765480895915
1028_SWD,12,MVP,w0.9_0.8_0.4,MSE_Train,MSE_Test_Extrapolation,0.1799736495388669
1028_SWD,12,MVP,w0.9_0.8_0.4,AIC_Train,MSE_Test_Extrapolation,0.2625823451910408
1028_SWD,12,MVP,w0.9_0.8_0.4,BIC_Train,MSE_Test_Extrapolation,0.5285902503293807
1028_SWD,12,MVP,w0.9_0.8_0.4,MDL_Train,MSE_Test_Extrapolation,-0.11844532279314887
1028_SWD,12,MVP,w0.9_0.8_0.4,PSM_Train,MSE_Test_Extrapolation,-0.33715415019762845
1028_SWD,13,MVP,w0.9_0.8_0.4,MSE_Train,MSE_Test_Interpolation,0.8307692307692308
1028_SWD,13,MVP,w0.9_0.8_0.4,AIC_Train,MSE_Test_Interpolation,0.8410881801125705
1028_SWD,13,MVP,w0.9_0.8_0.4,BIC_Train,MSE_Test_Interpolation,0.4883677298311445
1028_SWD,13,MVP,w0.9_0.8_0.4,MDL_Train,MSE_Test_Interpolation,-0.7367729831144466
1028_SWD,13,MVP,w0.9_0.8_0.4,PSM_Train,MSE_Test_Interpolation,0.40881801125703565
1028_SWD,13,MVP,w0.9_0.8_0.4,MSE_Train,MSE_Test_Extrapolation,-0.28367729831144467
1028_SWD,13,MVP,w0.9_0.8_0.4,AIC_Train,MSE_Test_Extrapolation,-0.10600375234521578
1028_SWD,13,MVP,w0.9_0.8_0.4,BIC_Train,MSE_Test_Extrapolation,0.6257035647279551
1028_SWD,13,MVP,w0.9_0.8_0.4,MDL_Train,MSE_Test_Extrapolation,0.4926829268292684
1028_SWD,13,MVP,w0.9_0.8_0.4,PSM_Train,MSE_Test_Extrapolation,-0.2527204502814259
1028_SWD,14,MVP,w0.9_0.8_0.4,MSE_Train,MSE_Test_Interpolation,0.7607287449392713
1028_SWD,14,MVP,w0.9_0.8_0.4,AIC_Train,MSE_Test_Interpolation,0.7414979757085021
1028_SWD,14,MVP,w0.9_0.8_0.4,BIC_Train,MSE_Test_Interpolation,0.5665991902834008
1028_SWD,14,MVP,w0.9_0.8_0.4,MDL_Train,MSE_Test_Interpolation,-0.4459514170040486
1028_SWD,14,MVP,w0.9_0.8_0.4,PSM_Train,MSE_Test_Interpolation,0.451417004048583
1028_SWD,14,MVP,w0.9_0.8_0.4,MSE_Train,MSE_Test_Extrapolation,0.36012145748987856
1028_SWD,14,MVP,w0.9_0.8_0.4,AIC_Train,MSE_Test_Extrapolation,0.34574898785425107
1028_SWD,14,MVP,w0.9_0.8_0.4,BIC_Train,MSE_Test_Extrapolation,0.32348178137651823
1028_SWD,14,MVP,w0.9_0.8_0.4,MDL_Train,MSE_Test_Extrapolation,0.0
1028_SWD,14,MVP,w0.9_0.8_0.4,PSM_Train,MSE_Test_Extrapolation,-0.23178137651821862
1028_SWD,15,MVP,w0.9_0.8_0.4,MSE_Train,MSE_Test_Interpolation,0.6126050420168068
1028_SWD,15,MVP,w0.9_0.8_0.4,AIC_Train,MSE_Test_Interpolation,0.6473389355742297
1028_SWD,15,MVP,w0.9_0.8_0.4,BIC_Train,MSE_Test_Interpolation,0.7084033613445379
1028_SWD,15,MVP,w0.9_0.8_0.4,MDL_Train,MSE_Test_Interpolation,-0.45770308123249304
1028_SWD,15,MVP,w0.9_0.8_0.4,PSM_Train,MSE_Test_Interpolation,0.33389355742296917
1028_SWD,15,MVP,w0.9_0.8_0.4,MSE_Train,MSE_Test_Extrapolation,0.4126050420168067
1028_SWD,15,MVP,w0.9_0.8_0.4,AIC_Train,MSE_Test_Extrapolation,0.4070028011204482
1028_SWD,15,MVP,w0.9_0.8_0.4,BIC_Train,MSE_Test_Extrapolation,0.6750700280112045
1028_SWD,15,MVP,w0.9_0.8_0.4,MDL_Train,MSE_Test_Extrapolation,-0.24005602240896362
1028_SWD,15,MVP,w0.9_0.8_0.4,PSM_Train,MSE_Test_Extrapolation,0.3904761904761905
1028_SWD,16,MVP,w0.9_0.8_0.4,MSE_Train,MSE_Test_Interpolation,0.17247386759581884
1028_SWD,16,MVP,w0.9_0.8_0.4,AIC_Train,MSE_Test_Interpolation,0.00853658536585366
1028_SWD,16,MVP,w0.9_0.8_0.4,BIC_Train,MSE_Test_Interpolation,0.11602787456445995
1028_SWD,16,MVP,w0.9_0.8_0.4,MDL_Train,MSE_Test_Interpolation,-0.011498257839721256
1028_SWD,16,MVP,w0.9_0.8_0.4,PSM_Train,MSE_Test_Interpolation,-0.06951219512195124
1028_SWD,16,MVP,w0.9_0.8_0.4,MSE_Train,MSE_Test_Extrapolation,-0.3301393728222997
1028_SWD,16,MVP,w0.9_0.8_0.4,AIC_Train,MSE_Test_Extrapolation,-0.2374564459930314
1028_SWD,16,MVP,w0.9_0.8_0.4,BIC_Train,MSE_Test_Extrapolation,0.5935540069686414
1028_SWD,16,MVP,w0.9_0.8_0.4,MDL_Train,MSE_Test_Extrapolation,0.6057491289198609
1028_SWD,16,MVP,w0.9_0.8_0.4,PSM_Train,MSE_Test_Extrapolation,-0.2595818815331011
1028_SWD,17,MVP,w0.9_0.8_0.4,MSE_Train,MSE_Test_Interpolation,-0.21853982659427923
1028_SWD,17,MVP,w0.9_0.8_0.4,AIC_Train,MSE_Test_Interpolation,-0.21027469410906738
1028_SWD,17,MVP,w0.9_0.8_0.4,BIC_Train,MSE_Test_Interpolation,-0.17753828701077706
1028_SWD,17,MVP,w0.9_0.8_0.4,MDL_Train,MSE_Test_Interpolation,-0.6747427274937201
1028_SWD,17,MVP,w0.9_0.8_0.4,PSM_Train,MSE_Test_Interpolation,-0.4724900737379467
1028_SWD,17,MVP,w0.9_0.8_0.4,MSE_Train,MSE_Test_Extrapolation,0.06636415201361316
1028_SWD,17,MVP,w0.9_0.8_0.4,AIC_Train,MSE_Test_Extrapolation,0.06052994084758123
1028_SWD,17,MVP,w0.9_0.8_0.4,BIC_Train,MSE_Test_Extrapolation,0.02195932258325906
1028_SWD,17,MVP,w0.9_0.8_0.4,MDL_Train,MSE_Test_Extrapolation,-0.3768738351835345
1028_SWD,17,MVP,w0.9_0.8_0.4,PSM_Train,MSE_Test_Extrapolation,-0.1768900413256624
1028_SWD,18,MVP,w0.9_0.8_0.4,MSE_Train,MSE_Test_Interpolation,0.46409266409266414
1028_SWD,18,MVP,w0.9_0.8_0.4,AIC_Train,MSE_Test_Interpolation,0.4658944658944659
1028_SWD,18,MVP,w0.9_0.8_0.4,BIC_Train,MSE_Test_Interpolation,0.27696267696267696
1028_SWD,18,MVP,w0.9_0.8_0.4,MDL_Train,MSE_Test_Interpolation,-0.6110682110682111
1028_SWD,18,MVP,w0.9_0.8_0.4,PSM_Train,MSE_Test_Interpolation,-0.2025740025740026
1028_SWD,18,MVP,w0.9_0.8_0.4,MSE_Train,MSE_Test_Extrapolation,0.3001287001287002
1028_SWD,18,MVP,w0.9_0.8_0.4,AIC_Train,MSE_Test_Extrapolation,0.31402831402831405
1028_SWD,18,MVP,w0.9_0.8_0.4,BIC_Train,MSE_Test_Extrapolation,0.14131274131274132
1028_SWD,18,MVP,w0.9_0.8_0.4,MDL_Train,MSE_Test_Extrapolation,-0.7032175032175032
1028_SWD,18,MVP,w0.9_0.8_0.4,PSM_Train,MSE_Test_Extrapolation,-0.46383526383526386
1028_SWD,19,MVP,w0.9_0.8_0.4,MSE_Train,MSE_Test_Interpolation,0.5300452488687782
1028_SWD,19,MVP,w0.9_0.8_0.4,AIC_Train,MSE_Test_Interpolation,0.5297737556561086
1028_SWD,19,MVP,w0.9_0.8_0.4,BIC_Train,MSE_Test_Interpolation,0.29981900452488686
1028_SWD,19,MVP,w0.9_0.8_0.4,MDL_Train,MSE_Test_Interpolation,-0.5624434389140271
1028_SWD,19,MVP,w0.9_0.8_0.4,PSM_Train,MSE_Test_Interpolation,0.14009049773755655
1028_SWD,19,MVP,w0.9_0.8_0.4,MSE_Train,MSE_Test_Extrapolation,0.31628959276018104
1028_SWD,19,MVP,w0.9_0.8_0.4,AIC_Train,MSE_Test_Extrapolation,0.3310407239819004
1028_SWD,19,MVP,w0.9_0.8_0.4,BIC_Train,MSE_Test_Extrapolation,0.24696832579185518
1028_SWD,19,MVP,w0.9_0.8_0.4,MDL_Train,MSE_Test_Extrapolation,-0.22923076923076924
1028_SWD,19,MVP,w0.9_0.8_0.4,PSM_Train,MSE_Test_Extrapolation,0.044434389140271494
1028_SWD,20,MVP,w0.9_0.8_0.4,MSE_Train,MSE_Test_Interpolation,0.11515151515151513
1028_SWD,20,MVP,w0.9_0.8_0.4,AIC_Train,MSE_Test_Interpolation,0.12536687631027252
1028_SWD,20,MVP,w0.9_0.8_0.4,BIC_Train,MSE_Test_Interpolation,0.2667810177244139
1028_SWD,20,MVP,w0.9_0.8_0.4,MDL_Train,MSE_Test_Interpolation,0.2489422527158376
1028_SWD,20,MVP,w0.9_0.8_0.4,PSM_Train,MSE_Test_Interpolation,-0.20320182961692393
1028_SWD,20,MVP,w0.9_0.8_0.4,MSE_Train,MSE_Test_Extrapolation,0.3351629502572898
1028_SWD,20,MVP,w0.9_0.8_0.4,AIC_Train,MSE_Test_Extrapolation,0.41597103106537064
1028_SWD,20,MVP,w0.9_0.8_0.4,BIC_Train,MSE_Test_Extrapolation,0.5180484086144463
1028_SWD,20,MVP,w0.9_0.8_0.4,MDL_Train,MSE_Test_Extrapolation,-0.15829998094149034
1028_SWD,20,MVP,w0.9_0.8_0.4,PSM_Train,MSE_Test_Extrapolation,-0.04448256146369353
1028_SWD,21,MVP,w0.9_0.8_0.4,MSE_Train,MSE_Test_Interpolation,0.7829924021040328
1028_SWD,21,MVP,w0.9_0.8_0.4,AIC_Train,MSE_Test_Interpolation,0.749678550555231
1028_SWD,21,MVP,w0.9_0.8_0.4,BIC_Train,MSE_Test_Interpolation,0.3808299240210404
1028_SWD,21,MVP,w0.9_0.8_0.4,MDL_Train,MSE_Test_Interpolation,-0.7175920514319112
1028_SWD,21,MVP,w0.9_0.8_0.4,PSM_Train,MSE_Test_Interpolation,0.38959672706019877
1028_SWD,21,MVP,w0.9_0.8_0.4,MSE_Train,MSE_Test_Extrapolation,0.610052600818235
1028_SWD,21,MVP,w0.9_0.8_0.4,AIC_Train,MSE_Test_Extrapolation,0.5905902980713034
1028_SWD,21,MVP,w0.9_0.8_0.4,BIC_Train,MSE_Test_Extrapolation,0.4350672121566336
1028_SWD,21,MVP,w0.9_0.8_0.4,MDL_Train,MSE_Test_Extrapolation,-0.5147282291057861
1028_SWD,21,MVP,w0.9_0.8_0.4,PSM_Train,MSE_Test_Extrapolation,0.4610753945061368
1028_SWD,22,MVP,w0.9_0.8_0.4,MSE_Train,MSE_Test_Interpolation,0.5786172161172161
1028_SWD,22,MVP,w0.9_0.8_0.4,AIC_Train,MSE_Test_Interpolation,0.6349358974358973
1028_SWD,22,MVP,w0.9_0.8_0.4,BIC_Train,MSE_Test_Interpolation,0.48113553113553104
1028_SWD,22,MVP,w0.9_0.8_0.4,MDL_Train,MSE_Test_Interpolation,-0.6048992673992672
1028_SWD,22,MVP,w0.9_0.8_0.4,PSM_Train,MSE_Test_Interpolation,-0.1975274725274725
1028_SWD,22,MVP,w0.9_0.8_0.4,MSE_Train,MSE_Test_Extrapolation,0.3744963369963369
1028_SWD,22,MVP,w0.9_0.8_0.4,AIC_Train,MSE_Test_Extrapolation,0.4324175824175823
1028_SWD,22,MVP,w0.9_0.8_0.4,BIC_Train,MSE_Test_Extrapolation,0.26433150183150184
1028_SWD,22,MVP,w0.9_0.8_0.4,MDL_Train,MSE_Test_Extrapolation,-0.3195970695970695
1028_SWD,22,MVP,w0.9_0.8_0.4,PSM_Train,MSE_Test_Extrapolation,0.051648351648351645
1028_SWD,23,MVP,w0.9_0.8_0.4,MSE_Train,MSE_Test_Interpolation,0.5668098209221295
1028_SWD,23,MVP,w0.9_0.8_0.4,AIC_Train,MSE_Test_Interpolation,0.5502795559517057
1028_SWD,23,MVP,w0.9_0.8_0.4,BIC_Train,MSE_Test_Interpolation,0.2720200956162385
1028_SWD,23,MVP,w0.9_0.8_0.4,MDL_Train,MSE_Test_Interpolation,-0.420630418928774
1028_SWD,23,MVP,w0.9_0.8_0.4,PSM_Train,MSE_Test_Interpolation,0.15177052102746943
1028_SWD,23,MVP,w0.9_0.8_0.4,MSE_Train,MSE_Test_Extrapolation,-0.06360910785187587
1028_SWD,23,MVP,w0.9_0.8_0.4,AIC_Train,MSE_Test_Extrapolation,-0.14512600275504417
1028_SWD,23,MVP,w0.9_0.8_0.4,BIC_Train,MSE_Test_Extrapolation,-0.23814925856899766
1028_SWD,23,MVP,w0.9_0.8_0.4,MDL_Train,MSE_Test_Extrapolation,0.2922777732760717
1028_SWD,23,MVP,w0.9_0.8_0.4,PSM_Train,MSE_Test_Extrapolation,-0.13669880884855362
1028_SWD,24,MVP,w0.9_0.8_0.4,MSE_Train,MSE_Test_Interpolation,0.5665505226480838
1028_SWD,24,MVP,w0.9_0.8_0.4,AIC_Train,MSE_Test_Interpolation,0.6043554006968643
1028_SWD,24,MVP,w0.9_0.8_0.4,BIC_Train,MSE_Test_Interpolation,0.6402439024390244
1028_SWD,24,MVP,w0.9_0.8_0.4,MDL_Train,MSE_Test_Interpolation,-0.5193379790940768
1028_SWD,24,MVP,w0.9_0.8_0.4,PSM_Train,MSE_Test_Interpolation,-0.03623693379790941
1028_SWD,24,MVP,w0.9_0.8_0.4,MSE_Train,MSE_Test_Extrapolation,0.18623693379790945
1028_SWD,24,MVP,w0.9_0.8_0.4,AIC_Train,MSE_Test_Extrapolation,0.2165505226480837
1028_SWD,24,MVP,w0.9_0.8_0.4,BIC_Train,MSE_Test_Extrapolation,0.2588850174216028
1028_SWD,24,MVP,w0.9_0.8_0.4,MDL_Train,MSE_Test_Extrapolation,-0.014111498257839724
1028_SWD,24,MVP,w0.9_0.8_0.4,PSM_Train,MSE_Test_Extrapolation,-0.28972125435540075
1028_SWD,25,MVP,w0.9_0.8_0.4,MSE_Train,MSE_Test_Interpolation,-0.22874969613483512
1028_SWD,25,MVP,w0.9_0.8_0.4,AIC_Train,MSE_Test_Interpolation,-0.263106717445912
1028_SWD,25,MVP,w0.9_0.8_0.4,BIC_Train,MSE_Test_Interpolation,-0.3235556275828539
1028_SWD,25,MVP,w0.9_0.8_0.4,MDL_Train,MSE_Test_Interpolation,-0.3872457661453691
1028_SWD,25,MVP,w0.9_0.8_0.4,PSM_Train,MSE_Test_Interpolation,-0.3293898387488859
1028_SWD,25,MVP,w0.9_0.8_0.4,MSE_Train,MSE_Test_Extrapolation,0.1467466169678308
1028_SWD,25,MVP,w0.9_0.8_0.4,AIC_Train,MSE_Test_Extrapolation,0.21675715096021395
1028_SWD,25,MVP,w0.9_0.8_0.4,BIC_Train,MSE_Test_Extrapolation,0.2687788671906653
1028_SWD,25,MVP,w0.9_0.8_0.4,MDL_Train,MSE_Test_Extrapolation,0.23993193420306297
1028_SWD,25,MVP,w0.9_0.8_0.4,PSM_Train,MSE_Test_Extrapolation,0.09213191799692083
1028_SWD,26,MVP,w0.9_0.8_0.4,MSE_Train,MSE_Test_Interpolation,-0.18150933312974765
1028_SWD,26,MVP,w0.9_0.8_0.4,AIC_Train,MSE_Test_Interpolation,-0.03435507882581975
1028_SWD,26,MVP,w0.9_0.8_0.4,BIC_Train,MSE_Test_Interpolation,0.361606290796656
1028_SWD,26,MVP,w0.9_0.8_0.4,MDL_Train,MSE_Test_Interpolation,0.35332289956865287
1028_SWD,26,MVP,w0.9_0.8_0.4,PSM_Train,MSE_Test_Interpolation,-0.08016185059357941
1028_SWD,26,MVP,w0.9_0.8_0.4,MSE_Train,MSE_Test_Extrapolation,0.013207619193037371
1028_SWD,26,MVP,w0.9_0.8_0.4,AIC_Train,MSE_Test_Extrapolation,-0.025880826048784212
1028_SWD,26,MVP,w0.9_0.8_0.4,BIC_Train,MSE_Test_Extrapolation,0.5517425659426651
1028_SWD,26,MVP,w0.9_0.8_0.4,MDL_Train,MSE_Test_Extrapolation,0.16967591708974308
1028_SWD,26,MVP,w0.9_0.8_0.4,PSM_Train,MSE_Test_Extrapolation,-0.02229262892697637
1028_SWD,27,MVP,w0.9_0.8_0.4,MSE_Train,MSE_Test_Interpolation,-0.40847624084006945
1028_SWD,27,MVP,w0.9_0.8_0.4,AIC_Train,MSE_Test_Interpolation,-0.3758908111102717
1028_SWD,27,MVP,w0.9_0.8_0.4,BIC_Train,MSE_Test_Interpolation,-0.32411674347158215
1028_SWD,27,MVP,w0.9_0.8_0.4,MDL_Train,MSE_Test_Interpolation,-0.5284933645589384
1028_SWD,27,MVP,w0.9_0.8_0.4,PSM_Train,MSE_Test_Interpolation,-0.538515776485105
1028_SWD,27,MVP,w0.9_0.8_0.4,MSE_Train,MSE_Test_Extrapolation,-0.3396791820906046
1028_SWD,27,MVP,w0.9_0.8_0.4,AIC_Train,MSE_Test_Extrapolation,-0.33620407443781325
1028_SWD,27,MVP,w0.9_0.8_0.4,BIC_Train,MSE_Test_Extrapolation,-0.39900783158318853
1028_SWD,27,MVP,w0.9_0.8_0.4,MDL_Train,MSE_Test_Extrapolation,-0.7183148246077913
1028_SWD,27,MVP,w0.9_0.8_0.4,PSM_Train,MSE_Test_Extrapolation,-0.5583591448213342
1028_SWD,28,MVP,w0.9_0.8_0.4,MSE_Train,MSE_Test_Interpolation,0.8872549019607844
1028_SWD,28,MVP,w0.9_0.8_0.4,AIC_Train,MSE_Test_Interpolation,0.877450980392157
1028_SWD,28,MVP,w0.9_0.8_0.4,BIC_Train,MSE_Test_Interpolation,0.8259803921568629
1028_SWD,28,MVP,w0.9_0.8_0.4,MDL_Train,MSE_Test_Interpolation,0.13725490196078433
1028_SWD,28,MVP,w0.9_0.8_0.4,PSM_Train,MSE_Test_Interpolation,0.33333333333333337
1028_SWD,28,MVP,w0.9_0.8_0.4,MSE_Train,MSE_Test_Extrapolation,0.9387254901960785
1028_SWD,28,MVP,w0.9_0.8_0.4,AIC_Train,MSE_Test_Extrapolation,0.9436274509803922
1028_SWD,28,MVP,w0.9_0.8_0.4,BIC_Train,MSE_Test_Extrapolation,0.9877450980392157
1028_SWD,28,MVP,w0.9_0.8_0.4,MDL_Train,MSE_Test_Extrapolation,0.411764705882353
1028_SWD,28,MVP,w0.9_0.8_0.4,PSM_Train,MSE_Test_Extrapolation,0.34803921568627455
1028_SWD,29,MVP,w0.9_0.8_0.4,MSE_Train,MSE_Test_Interpolation,0.7292307692307693
1028_SWD,29,MVP,w0.9_0.8_0.4,AIC_Train,MSE_Test_Interpolation,0.7138461538461538
1028_SWD,29,MVP,w0.9_0.8_0.4,BIC_Train,MSE_Test_Interpolation,0.6738461538461539
1028_SWD,29,MVP,w0.9_0.8_0.4,MDL_Train,MSE_Test_Interpolation,-0.45076923076923076
1028_SWD,29,MVP,w0.9_0.8_0.4,PSM_Train,MSE_Test_Interpolation,0.15999999999999998
1028_SWD,29,MVP,w0.9_0.8_0.4,MSE_Train,MSE_Test_Extrapolation,0.6884615384615385
1028_SWD,29,MVP,w0.9_0.8_0.4,AIC_Train,MSE_Test_Extrapolation,0.6884615384615385
1028_SWD,29,MVP,w0.9_0.8_0.4,BIC_Train,MSE_Test_Extrapolation,0.6923076923076923
1028_SWD,29,MVP,w0.9_0.8_0.4,MDL_Train,MSE_Test_Extrapolation,-0.24307692307692308
1028_SWD,29,MVP,w0.9_0.8_0.4,PSM_Train,MSE_Test_Extrapolation,0.11384615384615385
1028_SWD,30,MVP,w0.9_0.8_0.4,MSE_Train,MSE_Test_Interpolation,0.8842975206611572
1028_SWD,30,MVP,w0.9_0.8_0.4,AIC_Train,MSE_Test_Interpolation,0.8223140495867769
1028_SWD,30,MVP,w0.9_0.8_0.4,BIC_Train,MSE_Test_Interpolation,0.4090909090909091
1028_SWD,30,MVP,w0.9_0.8_0.4,MDL_Train,MSE_Test_Interpolation,-0.5475206611570248
1028_SWD,30,MVP,w0.9_0.8_0.4,PSM_Train,MSE_Test_Interpolation,-0.0640165289234177
1028_SWD,30,MVP,w0.9_0.8_0.4,MSE_Train,MSE_Test_Extrapolation,0.7727272727272728
1028_SWD,30,MVP,w0.9_0.8_0.4,AIC_Train,MSE_Test_Extrapolation,0.8615702479338844
1028_SWD,30,MVP,w0.9_0.8_0.4,BIC_Train,MSE_Test_Extrapolation,0.8657024793388431
1028_SWD,30,MVP,w0.9_0.8_0.4,MDL_Train,MSE_Test_Extrapolation,-0.38223140495867775
1028_SWD,30,MVP,w0.9_0.8_0.4,PSM_Train,MSE_Test_Extrapolation,-0.2891069048154348
