Run,Equation_Index,Hybrid_MSE_Train,Hybrid_AIC_Train,Hybrid_BIC_Train,Hybrid_MDL_Train,Hybrid_PSM_Train,Extrapolation_Divergence,Sensitivity_Interpolation,Sensitivity_Extrapolation,Lambda1,Lambda2,Lambda3,Complexity,MSE_Test_Interpolation,MSE_Test_Extrapolation
1,0,0.8843180749772772,0.6402374819295722,0.6059911272897155,0.029206114861080896,0.0,0.0,0.0,0.0,0.7,0.4,0.0,1,420.82701177596925,1497.6573900288367
1,1,0.8630348940151191,0.6647534480576895,0.6290437549056996,0.07115673979599621,0.06570188238281545,0.05693670694983057,8.380540564878e-05,6.273464933589e-05,0.7,0.4,0.0,3,397.94026567985054,1467.2560046108936
1,2,0.3479301384236118,0.4719842267428546,0.42621870886343505,0.08599164028044984,0.8074215821894399,0.07685886324263867,0.01287575508739298,0.01182908591868374,0.7,0.4,0.0,4,139.73079537038365,369.1739290526366
1,3,0.3240562820762507,0.4650832738645655,0.4286913754406347,0.09538465832940254,0.09137252321222586,0.07676454665202379,0.015102777225908682,0.01368258719983137,0.7,0.4,0.0,6,130.7932906352467,326.13912511582845
1,4,0.2629391653654874,0.4096392881789936,0.3672885978460316,0.10478608720159566,0.2770961563085654,0.08025340227364441,0.026884097391844018,0.03462904076377965,0.7,0.4,0.0,7,108.66111011479636,239.65454332199545
1,5,0.2493815071450434,0.3873318887393514,0.3398053618260476,0.13906853158011817,0.28340575496517273,0.08437516252387225,0.09983446560083264,0.10184257033989874,0.7,0.4,0.0,8,155.95249771648997,201.68265320546595
1,6,0.2220193427228072,0.3358371173218514,0.2654535988976523,0.09835428138611285,0.09193792664727951,0.07414691520596944,0.05830528786907224,0.06099237389909462,0.7,0.4,0.0,9,103.00178920176724,129.31565950598747
1,7,0.2070735797543788,0.32310874564434233,0.2699007987697845,0.1336530528745451,0.2763638828743256,0.0829908622450165,0.09090805606808372,0.10873972559014491,0.7,0.4,0.0,10,141.38063585487785,392.1278091476148
1,8,0.19229369401201246,0.2761325091627963,0.20771216324167235,0.13119142127501665,0.1724150984478227,0.07332990220878646,0.124402003547559,0.22523748136159022,0.7,0.4,0.0,12,116.1839594149267,261.0999345845877
1,9,0.2004648958770326,0.3123329099532782,0.2764963620560018,0.1625632206130095,0.1298411117430613,0.07909233571002697,0.1455468978182641,0.2198670083129572,0.7,0.4,0.0,14,109.25534398950909,293.5593580661824
1,10,0.18280559512155448,0.28473997692437025,0.24728031581229334,0.1663182095977465,0.13151998117148614,0.07206934163949248,0.13148217624925893,0.2276496786949334,0.7,0.4,0.0,16,118.8428406667337,265.5002136418491
1,11,0.1932149688060114,0.28364753456733005,0.23495897454415227,0.1609518195165038,0.1144434971946062,0.07909036748389771,0.14587562896644127,0.21979535755626195,0.7,0.4,0.0,19,111.43090659377908,319.10264864585366
1,12,0.17361538831779266,0.24064393249847238,0.18841856594769701,0.16471874853147195,0.23283569485599476,0.07835983250634862,0.13253139675099754,0.22570629469867734,0.7,0.4,0.0,20,113.60601444663428,280.48120912309133
1,13,0.17180240387151824,0.24624986065701376,0.20466717392778883,0.17216441496670093,0.1169671662179058,0.07835983250634862,0.13253139675099754,0.22570629469867734,0.7,0.4,0.0,22,114.93398858760683,307.6250371007462
1,14,0.1777588830391301,0.2626451485177377,0.2321340789102032,0.19825278109348288,0.11525683729485581,0.07931840741622272,0.14656150276317487,0.22372241493343034,0.7,0.4,0.0,25,116.24241875897674,364.0071896786964
1,15,0.180064393347826,0.27138323679012166,0.25138142511155537,0.21368404611410838,0.1417979886988995,0.08575709999095013,0.14662609703556886,0.22121978582144064,0.7,0.4,0.0,26,108.77144404315332,356.7110743992884
1,16,0.17989348120620996,0.27094644538484447,0.2509070160029735,0.21069420272533834,0.11999723778161692,0.085694674168302,0.14662990851926241,0.2243496739753174,0.7,0.4,0.0,27,107.19785351440426,336.1217445622049
1,17,0.17973518392840437,0.2475744472517344,0.20506271183387273,0.19651158801789498,0.12390788519572929,0.08652373497141648,0.14595296316828482,0.22329273966224195,0.7,0.4,0.0,28,119.88494584988334,367.0037884888671
1,18,0.17971336153788,0.26898026181635254,0.24869269746211806,0.21982772385271868,0.12304811710863241,0.08541015160117647,0.14873062924479144,0.2288712849445697,0.7,0.4,0.0,29,109.6902086776347,305.1948792635925
1,19,0.177516685698121,0.24290897473872627,0.20005567836187016,0.21819507930068724,0.12635561598438494,0.08548118170689831,0.14508663017029688,0.3283682493652985,0.7,0.4,0.0,30,132.29551529967338,323.6323852444588
1,20,0.17623278777322807,0.24977046689568447,0.2176791395744804,0.23270083355266225,0.12488367320870264,0.08548118170689831,0.14508663017029688,0.3283682493652985,0.7,0.4,0.0,32,132.8544266660095,338.1135006599906
1,21,0.17541040312735953,0.23527771544944537,0.1916702289034694,0.21478778632015316,0.13055257372616696,0.08587341490216263,0.1451287440920385,0.3314579345311601,0.7,0.4,0.0,33,131.9837666635676,328.75697121781536
1,22,0.16903199591159443,0.27061058134951466,0.2713022750545286,0.25156364510140145,0.11928850933258839,0.08131318747575612,0.1399804331504473,0.4879691955835634,0.7,0.4,0.0,35,117.3567589131874,348.97764165006805
1,23,0.1645027822056699,0.26306206448529224,0.2633481379541153,0.25103927409259796,0.12394754747761363,0.08031308688209805,0.1335129849816428,0.38386669722119315,0.7,0.4,0.0,36,104.20664771869728,418.2364977912181
1,24,0.17829831128769258,0.2234559623307334,0.18762136433109242,0.2480124939321986,0.22344350763042292,0.08557683606345003,0.17744752924430549,0.3052569058253828,0.7,0.4,0.0,37,132.1468929276397,925.3572382224947
1,25,0.1779457984397883,0.24425266470338514,0.23061548620848615,0.2695092070376376,0.1318235666524632,0.08556838719602174,0.17746584742705498,0.30532584136972146,0.7,0.4,0.0,42,132.38972140691092,926.0544395339856
1,26,0.17892219605235443,0.2330749882991603,0.20813808365999542,0.2987207391652383,0.13300663289979014,0.08502287963162679,0.18174961688245037,0.3173505798919501,0.7,0.4,0.0,48,143.8054491550892,976.8407662593422
1,27,0.17639348747997968,0.22183662277709593,0.19580300153134195,0.29165872120137576,0.17117572786713767,0.08483663277974336,0.18278077464269268,0.4158300528868521,0.7,0.4,0.0,49,131.33720761970412,844.2387641885921
1,28,0.22756728969315665,0.3145905414661342,0.33286831037293346,0.4026528313586546,0.18762424180043813,0.08391872139941997,0.31448699193853286,0.3030111617950535,0.7,0.4,0.0,53,99.87746084651346,766.0723964442774
1,29,0.22753766939532705,0.31446066015646557,0.3327260088639076,0.40591843531965144,0.18497142737426597,0.08394402810706311,0.3144439575155949,0.30291875589804823,0.7,0.4,0.0,54,99.73620610666536,766.1226258903615
1,30,0.18332617222305198,0.2879555881774569,0.32799671142827325,0.37299503814937607,0.16123553734576795,0.08682452329885874,0.2022295979348943,0.35609880233311886,0.7,0.4,0.0,55,141.30942428270694,974.303748580258
1,31,0.22275447515213537,0.30514139130878265,0.3228460195422302,0.42486793947875207,0.1813215801944508,0.086450118878711,0.3014912026016025,0.3350502609065892,0.7,0.4,0.0,56,107.57748912762784,732.4165783135358
1,32,0.23859216935654473,0.32978744772378443,0.358375875627186,0.4453009148610651,0.20756621272166448,0.08785890999748933,0.3402911707348889,0.35171772774937093,0.7,0.4,0.0,57,120.10865369208462,728.2702932586525
1,33,0.23462734755636422,0.32312165524145475,0.35137650826497013,0.44514750162014716,0.206582265466144,0.08722017568702194,0.3335033669160244,0.887440272339369,0.7,0.4,0.0,58,100.56512515823243,608.8583472218947
1,34,0.228245975941671,0.2830482081842435,0.2777611570974823,0.41714817474902155,0.18877557511187093,0.08279746505375961,0.3254929968826277,0.3345231516687761,0.7,0.4,0.0,60,109.53613095811195,817.2151862842379
1,35,0.23260358202369522,0.31434121993833086,0.341778659259984,0.4507563351774395,0.22147732274031673,0.0866052597244061,0.3340984836338248,0.8949652311635861,0.7,0.4,0.0,61,99.46458435594602,602.1166656284682
1,36,0.228672434930015,0.28939695932182496,0.3044803921448708,0.44152499187941807,0.2138626077103835,0.09012477777154976,0.3245381152050997,0.28111455005506314,0.7,0.4,0.0,63,122.62536514926175,841.6176674747163
1,37,0.2346238265422278,0.27955000806150654,0.28291059356439363,0.4569190615424825,0.20492549842106123,0.08602437680662588,0.3494814600252804,0.31978617501014084,0.7,0.4,0.0,67,118.7659139229346,870.3600298415416
1,38,0.23389704197736116,0.31816285189844196,0.36558983416488033,0.5243474849679957,0.21097249172346932,0.08571241347191445,0.3512081824758232,0.35086434973339314,0.7,0.4,0.0,69,118.932113360875,779.6058835745563
1,39,0.2328260691965977,0.3145667881105392,0.36169793678439194,0.5132877395779153,0.20260237409962104,0.08725480301996397,0.3472901305360004,0.33289242659951945,0.7,0.4,0.0,73,120.97971904803292,781.1535093702399
1,40,0.23314720172502867,0.2766229120342055,0.28967797671152673,0.49792176741279215,0.21166602137653678,0.08881252429420701,0.34816756867618076,0.31425272544079647,0.7,0.4,0.0,75,115.50140763943963,680.9666788823765
1,41,0.2291320571204917,0.25552611534902636,0.2567226998885316,0.47965166795306535,0.20483132133715623,0.08686586132413933,0.34478139232206184,0.32361081774332157,0.7,0.4,0.0,79,112.22831884056318,703.2225204113842
1,42,0.2296134995052776,0.26232525230135717,0.2741369689526313,0.5087358568727838,0.2099025772910808,0.08845505636214619,0.34570275354137503,0.29266015922536803,0.7,0.4,0.0,81,114.8854860838576,707.877326902218
1,43,0.229592755843714,0.27330030399918376,0.29626575584533643,0.5272091517415229,0.20040366900651604,0.08845505636214619,0.3457027535413749,0.29266015922536803,0.7,0.4,0.0,83,114.19435921325,705.0902904786731
1,44,0.2542661322017249,0.3634610389449112,0.45329266830805537,0.6025725497024754,0.22620445341344653,0.07977875309225341,0.42313041627069337,0.24857472635747596,0.7,0.4,0.0,87,103.46308269985118,2387.745008920229
1,45,0.2427515173267096,0.3067632648912411,0.3518425835979888,0.5641011267925269,0.21697352170495468,0.08284706652606277,0.38938082346080327,0.24897267534574966,0.7,0.4,0.0,88,106.35471755119538,1418.1112393106548
1,46,0.24289012011345598,0.3040484237399965,0.34880168727684313,0.5748760534857165,0.2202020534799387,0.08223589888936964,0.39222933450994,0.2533628029088869,0.7,0.4,0.0,90,114.01071968328652,1501.836463490329
1,47,0.48375401274468977,0.5605575275607981,0.6268965324908382,0.8151399400299733,0.4828702316224888,0.0808533378208931,1.0,0.23361455716206256,0.7,0.4,0.0,91,116.28124682815437,732.7126180063738
1,48,0.2515587601914675,0.36091229654646684,0.4606631785955797,0.6423912334097885,0.22513743226884314,0.08358587058076494,0.415083436850182,0.28784804886535165,0.7,0.4,0.0,96,109.02184157753308,1295.506997898784
1,49,0.2511486110674621,0.3478377877897755,0.43624588609573123,0.6301588743696864,0.2306920110920776,0.08358258934387139,0.4148045860059633,0.28815904089936406,0.7,0.4,0.0,97,109.33496486720492,1284.0126287845787
1,50,0.2513743832344504,0.35876266639737353,0.45829112104076886,0.6496011691241943,0.22630306824031932,0.08364035335726262,0.41545306652153186,0.2888176119827765,0.7,0.4,0.0,98,109.4959439994088,1279.711169909243
1,51,0.25068739048094013,0.3561339419512783,0.45544313944248177,0.649052208568273,0.2321373468536701,0.0848906978791795,0.4124515601363862,0.2876862240299176,0.7,0.4,0.0,99,107.80579681142432,1279.638394920181
1,52,0.48075258170778096,0.5389469322765101,0.6031960894106838,0.8417493116447015,0.4753314669339357,0.08134367113246914,1.0,0.7574131401635736,0.7,0.4,0.0,102,122.32990046176758,764.2483571686429
1,53,0.4807030023734461,0.5497076462347986,0.6250900599216469,0.864359357252791,0.45750365771121937,0.08134226400393298,1.0,0.8100939018490937,0.7,0.4,0.0,104,122.30851144940864,763.3134551167587
1,54,0.48004147685559906,0.5798190861898921,0.6884175994117725,0.903422476940884,0.45834476133221036,0.08099998217227891,1.0,1.0,0.7,0.4,0.0,110,113.24652076792692,755.7365126961766
1,55,0.47901735920948096,0.5598783197844103,0.6564463634908753,0.9054476968597146,0.4874556351995157,0.08134953878004704,1.0,1.0,0.7,0.4,0.0,111,120.93612869466014,762.5420630249679
1,56,0.47888238029118213,0.5591498352107829,0.6556524588094881,0.9090024138960306,0.45921094792051453,0.08129070459376915,1.0,1.0,0.7,0.4,0.0,112,122.17664734484966,769.0188470080708
1,57,0.47783151867809226,0.5801615985821716,0.6989803040964034,0.958396881944503,0.4559301375792279,0.0798191109193522,1.0,0.3074695978101249,0.7,0.4,0.0,121,121.63156086094826,750.6201231729175
1,58,0.4787092499111951,0.6022601284734811,0.7433022689940854,0.9726480255867425,0.460685752223011,0.08129155069953553,1.0,1.0,0.7,0.4,0.0,122,120.55350915847768,751.0090983376732
1,59,0.47924288866377357,0.601635571560112,0.7425503254835613,0.9807980740246103,0.45811824640266063,0.08231224438739804,1.0,1.0,0.7,0.4,0.0,131,128.91161284143203,786.520201270403
1,60,0.4778567964444833,0.6112064620114595,0.7632709540051928,0.9995800906704754,0.45652570519105984,0.08036326638508294,1.0,1.0,0.7,0.4,0.0,133,125.9912400507162,749.7388432697379
1,61,0.4773109984319075,0.6214861104368387,0.7846861511454467,1.063971911285011,0.45590105201534026,0.07964378097192665,1.0,1.0,0.7,0.4,0.0,140,117.09886129482128,830.4978938528184
1,62,0.4772396394312343,0.616392805934061,0.7790418131101601,1.0382720374494667,0.4629260037819602,0.080638195382826,1.0,1.0,0.7,0.4,0.0,143,125.3085942977378,738.028797256729
1,63,0.4776170650993016,0.6158064049653371,0.7783498882404922,1.0612791735150924,0.45758894282068246,0.08138393447357808,1.0,1.0,0.7,0.4,0.0,149,132.611516831193,786.2874118532012
1,64,0.47764490777479585,0.6377322514822665,0.8225739395045856,1.0934316663791845,0.4581837662045869,0.08148692092177465,1.0,1.0,0.7,0.4,0.0,150,132.67219594083463,784.4620984989698
1,65,0.47889801850308283,0.6493355356820139,0.8452609756105344,1.1706661486772232,0.4585493592973199,0.08343604113848974,1.0,0.9327766654460629,0.7,0.4,0.0,170,137.30335150608383,835.8974408903829
1,66,0.478888864905903,0.6713267698631041,0.8895613885704416,1.2082297932857573,0.4586116255728085,0.08346407854263563,1.0,0.901627602382578,0.7,0.4,0.0,174,138.9065674203402,836.1983560038042
1,67,0.47711591433131695,0.6578412187576561,0.8648433818216643,1.2019287653826125,0.4603746423313937,0.08106161343960833,1.0,0.3870447578504333,0.7,0.4,0.0,176,123.20746266359974,774.434574316463
1,68,0.47850798989822424,0.6910122141383603,0.931345194590551,1.2263512361414635,0.4585935199394801,0.08336866833585564,1.0,0.5082897918166176,0.7,0.4,0.0,180,134.10808593432893,849.2432542412863
1,69,0.47849993907677857,0.6909522494965714,0.9312794848415504,1.2340027473716826,0.45845753007785905,0.08336803119619254,1.0,0.5095080291370371,0.7,0.4,0.0,182,134.14636705612264,849.1425191979107
1,70,0.47850857413433606,0.7020046120289827,0.9534913706962754,1.25208332014968,0.45858447219957515,0.08339151343894677,1.0,0.5123857999451426,0.7,0.4,0.0,183,133.60348227244512,847.9648513285238
1,71,0.4784001488680289,0.7012570436275094,0.9526740675507729,1.2519966863445795,0.46081182729089337,0.08337000301802905,1.0,0.5100448273600554,0.7,0.4,0.0,184,135.67251984565883,837.8846710322372
1,72,0.4783336933338124,0.6896457698357854,0.9298486802765492,1.2712414104278271,0.4587875553782149,0.08336822634291344,1.0,0.4993633269378395,0.7,0.4,0.0,188,135.2325247936015,844.273446420174
1,73,0.47661607743007045,0.7301507463118464,1.0147789904542055,1.2973190865972801,0.4578772603063175,0.08136151211419707,1.0,0.47113631554326635,0.7,0.4,0.0,197,135.62151719318788,851.7567800405518
2,0,0.6906293936108877,0.5872530198515419,0.5479630235273999,0.024063945968796897,0.0,0.0,0.0,0.0,0.7,0.4,0.0,1,847.1272873764214,1563.0385115318495
2,1,0.6841484560179526,0.6187175911512471,0.5777033501880432,0.07543322625040179,0.07998439153964441,0.07077768610872807,8.332869676523e-05,7.256872889916e-05,0.7,0.4,0.0,3,793.2731901597915,1445.919220383886
2,2,0.28623590471330235,0.422190274257104,0.370368983126451,0.09363811429679889,0.8477443918382402,0.0973314043682601,0.011606548771412489,0.013344061830316662,0.7,0.4,0.0,4,326.43797662814006,445.1979791930889
2,3,0.23424177416378272,0.3623264777183015,0.3042375734836477,0.09322978162638018,0.1892890196248466,0.1002675564110251,0.021413400869587252,0.027162282684525217,0.7,0.4,0.0,6,209.42836190296765,210.64117616360977
2,4,0.2191146974537382,0.33365169837662173,0.26351074119516177,0.08997747254538938,0.086124647774436,0.09523906873156487,0.00956036831355742,0.00830636616403442,0.7,0.4,0.0,8,199.8919532444283,425.5543827619842
2,5,0.22114206837155648,0.3249803979819649,0.251749777849831,0.11687772195066903,0.14879560702821076,0.11325881131640007,0.037491036944560706,0.06018321246392992,0.7,0.4,0.0,10,125.54714672744552,112.20024457508175
2,6,0.19822352474066857,0.29612486292259244,0.2303102475929917,0.13390620757715999,0.12675371040091232,0.10512466836945658,0.050307882786896074,0.14363041769892718,0.7,0.4,0.0,14,183.20096236621097,840.0515529501512
2,7,0.19863530519442657,0.30326702481336276,0.2477740343119834,0.15054486664977398,0.11350313990736263,0.10913066345880787,0.05556964250829376,0.16868188695138003,0.7,0.4,0.0,16,179.65769347492713,1152.6705229352356
2,8,0.19998042784857872,0.3043273005175915,0.24877907256257828,0.15724708689229758,0.10225484712458685,0.1102986432112156,0.05762581127854417,0.17691253340678212,0.7,0.4,0.0,17,176.82291701511036,1259.081491530442
2,9,0.19889479821882475,0.31102873172561907,0.2660317111125678,0.16134250030550593,0.12391443107879858,0.11211469064479809,0.05958628100711962,0.18427282423464383,0.7,0.4,0.0,18,176.6539684456396,1331.0623120538874
2,10,0.20003159583268065,0.31149835830874933,0.2663792824335441,0.17367398013195784,0.10621910653113753,0.11223598666485321,0.06375345050065609,0.1968853989547398,0.7,0.4,0.0,20,166.12550588480616,1453.4511475083236
2,11,0.2016291959311872,0.30055762970319577,0.24401187603221483,0.18434107813969072,0.11619456074139062,0.11273239177811793,0.07014263055189576,0.20658554970737003,0.7,0.4,0.0,21,146.63461892243413,1563.9087968713393
2,12,0.19994243786831747,0.29761599651349246,0.24084504393206793,0.18379059829725905,0.11433721612624852,0.11282977962790539,0.06853273117560031,0.2032732550071664,0.7,0.4,0.0,22,153.3817880158716,1519.8957346689197
2,13,0.19867915500323166,0.29497759158853304,0.23796233798178557,0.1832124136205215,0.11493372749676845,0.11314445709732812,0.06780100862280028,0.2022461714685399,0.7,0.4,0.0,23,158.16333064015504,1497.7901761938192
2,14,0.18623416722798286,0.2782140031172157,0.22044695256740507,0.1765968923089288,0.12397174319648102,0.10782263051999219,0.054949676306212294,0.15402249189811837,0.7,0.4,0.0,24,163.51427581387858,915.7062176628028
2,15,0.18439078388796332,0.27448454884992857,0.21639604523134115,0.18144149699205,0.10277239616942503,0.10876206332463303,0.05242470631969903,0.15001636513641867,0.7,0.4,0.0,26,176.91826279611823,871.0715466530579
2,16,0.1828143003166136,0.26997975418647085,0.21138794365240884,0.18450412224078894,0.11619495558472738,0.1072469994765289,0.057032638851259435,0.152119089496981,0.7,0.4,0.0,27,164.1162234877335,915.081862274082
2,17,0.180322598604603,0.26470437523908874,0.2056508541973292,0.19189776866876676,0.1138780190078466,0.10567843877142118,0.05871218073652018,0.15022535327329198,0.7,0.4,0.0,28,164.55940247559005,906.6782469524892
2,18,0.17554705023740913,0.2503683818711943,0.18980411798531066,0.19185869131274058,0.1515885993179683,0.1082561078545893,0.0580398080124746,0.15202133805914245,0.7,0.4,0.0,29,155.14746949569863,953.6540657409136
2,19,0.17384927000387795,0.269793530035797,0.23139354509182253,0.22372338885436116,0.09944035157784413,0.10566817135625088,0.06001453442324071,0.15084252397879624,0.7,0.4,0.0,33,159.09482097299104,934.1103960424226
2,20,0.3356712326330824,0.42398597860585496,0.3844182593211118,0.36228047030202426,0.3060051743826335,0.1385830828582402,0.4185619018747607,0.3773929506626029,0.7,0.4,0.0,34,152.9369014849653,690.119093049896
2,21,0.3733409029610084,0.45204052315158927,0.41105816360024705,0.42709108929757084,0.31736660335887773,0.11316621649710976,0.5703312134402069,1.0,0.7,0.4,0.0,39,144.0126818264722,414.10145492879593
2,22,0.3262250284243867,0.40090373617645836,0.3689659304380205,0.3791301469913664,0.34186155464474366,0.12848235265670768,0.44363987442418074,0.5402569407386734,0.7,0.4,0.0,40,159.96478354816912,454.85268768480427
2,23,0.326947287183577,0.3915101577155636,0.358183278619758,0.394614524259697,0.2979618856526872,0.12118719433474237,0.46940027236423354,0.6039905674397879,0.7,0.4,0.0,42,179.7702200435903,930.4361546384566
2,24,0.5256850537347485,0.5724492697065449,0.5368197511303847,0.6002562738008088,0.5569363170894112,0.11102816799879649,1.0,0.6051594858094125,0.7,0.4,0.0,43,233.943310836022,1163.2060022394423
2,25,0.521528106791957,0.5467634237387231,0.5084363647829969,0.6187008366187083,0.5755121572101973,0.1148169399220486,1.0,0.6122479305082176,0.7,0.4,0.0,44,228.9842504485551,1368.4080851540878
2,26,0.5211506631893593,0.5419164484617985,0.5030426446630292,0.6250130516240544,0.4909133066299607,0.11609915064353835,1.0,0.6074427202319683,0.7,0.4,0.0,46,213.3319088094944,1283.2532723657548
2,27,0.5211664979125563,0.5381599089314212,0.49882779224969204,0.6315745450172932,0.49041070142275245,0.11761147754946825,1.0,0.6091735200582687,0.7,0.4,0.0,48,229.0887261399833,1223.348700980321
2,28,0.521703407812217,0.5384557115938602,0.4990931910338344,0.641130696122878,0.48414621573848715,0.11848821353810397,1.0,0.6095031697827883,0.7,0.4,0.0,49,194.41041846489517,1384.0170586982586
2,29,0.5215645207168086,0.5471920689319707,0.5187274520302143,0.6525245506549077,0.48804120508499205,0.1191305491789036,1.0,0.5964089766887112,0.7,0.4,0.0,51,197.60965108509797,1458.8370233103926
2,30,0.358699236158766,0.3820560033832048,0.35331782663392514,0.47987922897756224,0.3307754567976998,0.11145606727308385,0.6077734786841521,0.40332764822603373,0.7,0.4,0.0,52,195.47564105795868,1211.3326930988053
2,31,0.39433239962333766,0.3994357205269019,0.3586694285680568,0.524410411698348,0.3900821626274889,0.10666052707378029,0.7100176490410265,0.49812173306714624,0.7,0.4,0.0,53,217.62473744957987,1339.7659832765376
2,32,0.3943324069098867,0.41053285653960764,0.3809319019773153,0.5287847775310413,0.3586694893405066,0.10666052796458436,0.7100176453081385,0.49812173261038284,0.7,0.4,0.0,55,217.6247834835584,1339.765852839433
2,33,0.3811945051212632,0.3958760903317381,0.36609621593167585,0.518871229874315,0.3519811266830902,0.10837851812833901,0.6750672406817425,0.47957613691021683,0.7,0.4,0.0,56,207.20880038198771,1311.116890208231
2,34,0.39216484536618523,0.41019081482999176,0.39066634899949554,0.537983312744738,0.3900040307990479,0.10666052796458436,0.7100176453081384,0.49812173261038295,0.7,0.4,0.0,57,204.6769411698808,1375.940551166219
2,35,0.3562670514386297,0.371952609681236,0.3521536492449141,0.525392248299006,0.3265409376502605,0.11201052016213928,0.6122674978103679,0.47842142808313365,0.7,0.4,0.0,60,159.4260986348328,1390.8741858191668
2,36,0.43196636595493365,0.46683858649607046,0.46901884470458777,0.6291775192486,0.4017657080084157,0.11142393385558727,0.8042545977615289,0.6547125716761146,0.7,0.4,0.0,66,212.34715937462929,1360.4739594992525
2,37,0.5095621420122702,0.5637978071235011,0.5879790381124842,0.7543981931683321,0.4795846588156156,0.1113218181311375,1.0,0.9940547590295952,0.7,0.4,0.0,73,226.871668942525,1311.4885457508874
2,38,0.5083197425210182,0.5612234326704527,0.5852255232738306,0.7614807680668607,0.4798034483842341,0.11033282039932939,1.0,0.9700170186716676,0.7,0.4,0.0,77,218.572937585756,1229.1417039247576
2,39,0.5048438812640613,0.5255580763478931,0.5359943886844694,0.7484442933264115,0.5599813085346645,0.11125895985423442,1.0,1.0,0.7,0.4,0.0,78,214.86594315719225,1317.3676993733272
2,40,0.503080853249238,0.5343413934143756,0.5658033903636657,0.7800526766552585,0.4893769937731437,0.1116847571264253,1.0,1.0,0.7,0.4,0.0,82,222.77847125503564,1266.879677656311
2,41,0.22320059491874988,0.24998021756308814,0.2809424110588671,0.5517602684020044,0.20257754233720004,0.10624542864497791,0.3117449107129311,0.6410234906830385,0.7,0.4,0.0,87,265.947811489518,1248.9971216042989
2,42,0.22391036627912053,0.24844629929236162,0.2791586699268015,0.5628609636962443,0.20309153996904866,0.1081528258339377,0.3111336136423738,0.6414012353967656,0.7,0.4,0.0,90,270.6259218931179,1226.8365940555254
2,43,0.22106724508949716,0.2271905965982592,0.2558707371431217,0.5574586755679379,0.27193153878258725,0.10872021889963793,0.3103747419053874,0.6289659680305212,0.7,0.4,0.0,91,268.83298662452546,1111.8392033389805
2,44,0.48844025025948223,0.5659075341958317,0.6720524919284503,1.1487006782119422,0.4689758186990894,0.10760833747196992,0.9830928384787608,1.0,0.7,0.4,0.0,150,199.85926072402623,1822.3342092063504
2,45,0.4964871674508661,0.5660514342891216,0.6713377212705641,1.155718957545278,0.4928781641474949,0.11104043781440306,1.0,1.0,0.7,0.4,0.0,152,228.52119351514665,1986.826847800731
2,46,0.49541864654248385,0.56094902615671,0.6657988998216023,1.1773248463713535,0.48489861288948743,0.11030051125112475,1.0,1.0,0.7,0.4,0.0,154,212.168910349918,1715.7370727596233
2,47,0.49274701852232566,0.5762060890817164,0.7029264353433704,1.2163001363598862,0.48322682488524105,0.11026695169432217,0.9948003997804534,1.0,0.7,0.4,0.0,156,194.4483951484052,1818.0229632658704
2,48,0.49586423166395766,0.5663330616966831,0.6916602343625101,1.1982584577216548,0.496243655427231,0.11409818196615876,1.0,0.963109300054503,0.7,0.4,0.0,159,218.3744247734812,2021.650910710428
2,49,0.49474363729884135,0.5593833531947818,0.6840892318246101,1.1935396318986855,0.5013622796564925,0.1134951386364929,1.0,0.9733425069663084,0.7,0.4,0.0,160,198.1717946987365,1932.4486868711888
2,50,0.49386365552026257,0.5469609600711705,0.6704429608184582,1.1963905792422425,0.5230547327902475,0.11411763946573802,1.0,0.9587666720119896,0.7,0.4,0.0,161,205.5287265375404,1921.2929177547855
2,51,0.4943850144323083,0.5458816654537022,0.6691944442280994,1.2335457630821942,0.4865493182463422,0.11511352662860559,1.0,1.0,0.7,0.4,0.0,162,213.0964172730584,1954.112055436764
2,52,0.49204137057903624,0.5403336116486357,0.6633083302026419,1.1982386835113188,0.4905244737171435,0.11226115259069522,1.0,1.0,0.7,0.4,0.0,163,196.4453979638264,2366.0386440679117
2,53,0.4935422376087533,0.5377705919121063,0.6603175223220852,1.2326982230641623,0.4955861399751857,0.11502096046539081,1.0,1.0,0.7,0.4,0.0,164,215.12578562798768,1972.518263284888
2,54,0.4899517198930525,0.5666446067251416,0.722600495268676,1.2592566353839778,0.47854023198766593,0.11001518493305158,1.0,1.0,0.7,0.4,0.0,166,194.9358470261686,1948.6516658797484
2,55,0.4906705318227819,0.5461132310166892,0.689839069937204,1.248599988326981,0.49754137302078844,0.11251375797601534,1.0,1.0,0.7,0.4,0.0,168,247.5717638044871,2653.0398821778285
2,56,0.4888218445013748,0.5252294948654166,0.6569616557761037,1.2461601244407081,0.49229161937267985,0.11096674695302625,1.0,1.0,0.7,0.4,0.0,170,237.25062316563267,2664.300795062372
2,57,0.4892622422998313,0.5451032772966513,0.6988786485390038,1.2729627128970145,0.48334887967884815,0.11196477466806187,1.0,1.0,0.7,0.4,0.0,172,221.76845886015892,2589.087727657277
2,58,0.48789285842155217,0.5254887995004358,0.6673564099329998,1.2755855072737945,0.4908357886959239,0.11093889949040665,1.0,1.0,0.7,0.4,0.0,174,228.73400808480335,2806.762816368866
2,59,0.48431508127876066,0.538284813906426,0.7119004330566132,1.346320071095918,0.48322979696323337,0.10789029726904342,1.0,1.0,0.7,0.4,0.0,182,211.71465129300492,2234.1907130725867
2,60,0.48559798115209096,0.5387189323990831,0.7122472079783053,1.3354067453113354,0.47841643914170495,0.10982178769548952,1.0,1.0,0.7,0.4,0.0,184,214.3513849365325,2261.6409927025466
2,61,0.48322929928065034,0.5171676374982757,0.678699873938443,1.340227576702548,0.48979138601565775,0.10735438209047281,1.0,1.0,0.7,0.4,0.0,186,212.47952296516215,2240.888480308347
2,62,0.4829735283643901,0.5268031294574291,0.6993770468568172,1.385774449874441,0.4764419301285218,0.107122148180586,1.0,1.0,0.7,0.4,0.0,189,221.4523141381898,2210.491370367377
2,63,0.4832379465993791,0.5455286172083462,0.7400507764945766,1.2105115280046033,0.48902175873486775,0.10790718641485908,1.0,1.0,0.7,0.4,0.0,190,213.61523410115225,2142.957057687416
2,64,0.4558318470206443,0.47572236567731513,0.6358174347878054,1.395577928391035,0.4535018018338517,0.10962809220520142,0.9301545433209389,1.0,0.7,0.4,0.0,197,194.15924893603483,1974.4928091697773
3,0,0.899112214115199,0.6437977636059999,0.6098903022076284,0.029551443565286693,0.0,0.0,0.0,0.0,0.7,0.4,0.0,1,389.22982916961456,1380.0390881076507
3,1,0.8600376334882088,0.6550013968315669,0.6195160757189514,0.05927144921527667,0.055604546570786485,0.03963466954870354,8.667980986318e-05,2.764939673566e-05,0.7,0.4,0.0,3,358.35676193921074,1307.9555647686632
3,2,0.3314117630131536,0.4556328644548078,0.40982305377993805,0.07005666179693078,0.8010145691938985,0.053520880227477065,0.014002523430608371,0.00553924952072792,0.7,0.4,0.0,4,141.14204193759406,370.00608141406536
3,3,0.24199813448744179,0.3768021190302254,0.32232752842184853,0.07342707620130642,0.20809671535090343,0.05565265764797287,0.04075692273895533,0.01784077866271741,0.7,0.4,0.0,6,88.85974310412172,101.3090377551202
3,4,0.23852533932662562,0.3703669558781011,0.32102817843791204,0.12684190023647351,0.31367547281816127,0.04783170603040749,0.16896650826474308,0.041073535306370465,0.7,0.4,0.0,7,127.05640673626944,937.2303946924832
3,5,0.23495050245252683,0.36440025533518644,0.31439363167152934,0.1338098507872133,0.11389211351215275,0.04928444622504714,0.16904598888255046,0.04118064934210377,0.7,0.4,0.0,9,114.83215523543451,947.619702007159
3,6,0.2737021924614831,0.4018896794048294,0.3515459930960853,0.18224581613367624,0.14909507297940716,0.05667962965023012,0.25868084721258444,0.08546882397506475,0.7,0.4,0.0,11,40.89360196733397,2509.53779863901
3,7,0.26267242967637083,0.401672965117584,0.36242033058049555,0.17341289916319236,0.1352213784430366,0.05013363247411767,0.24379876984615262,0.058813936236071986,0.7,0.4,0.0,12,75.92547176131721,2026.6068384497285
3,8,0.26635531534266865,0.39118216475953715,0.33998507416760804,0.1848000052092041,0.16890657965104194,0.05763517247570852,0.2526533289704016,0.08321771114893946,0.7,0.4,0.0,13,44.74932798338909,2391.4778895484205
3,9,0.2666716552581476,0.40158199602300937,0.361304294883549,0.19910182101642904,0.1461760979552804,0.06426306498260341,0.2457670786457967,0.0690882349607866,0.7,0.4,0.0,16,66.00163670947725,2490.389794429921
3,10,0.2666593036256866,0.3885672792956073,0.3366728282899842,0.2226694599753577,0.1540785458629645,0.0681255491292494,0.2460711571566001,0.08523575100499296,0.7,0.4,0.0,18,54.49620830158925,2949.060806781684
3,11,0.25190498395126304,0.3610204957161568,0.2975617969901253,0.20202536585627678,0.14815675435863696,0.06981175064054061,0.21247354338015842,0.07727556272215697,0.7,0.4,0.0,19,60.68222483670796,2315.8092316283223
3,12,0.24998627326809864,0.3771549143167881,0.3351229825321957,0.20899026582423927,0.16894284793628087,0.05950796752803271,0.2390897493491077,0.071103618679546,0.7,0.4,0.0,20,54.53402387784551,2441.0614762965283
3,13,0.3458223518496171,0.49412595452440633,0.4741997109702778,0.343812427605363,0.23601942292840855,0.07775056430432699,0.45001877020060566,0.07680512899818202,0.7,0.4,0.0,25,110.11398102221864,201.17861403351665
3,14,0.3429778558351494,0.48923702050084983,0.4688842328726379,0.34880261913004723,0.2415482283274351,0.07780404700780985,0.4489063996763297,0.0759294101978452,0.7,0.4,0.0,27,99.81139307691976,224.48777512149
3,15,0.3984341176446276,0.5661819045854499,0.5680105158368196,0.4231197804581107,0.2914230859775473,0.08787918626219701,0.5720705185975274,0.17044326355018885,0.7,0.4,0.0,32,69.36872028849781,409.21642135779456
3,16,0.28196483744195794,0.4241725033004117,0.41208883934307217,0.33350388895469396,0.20763750248662238,0.0787825672233314,0.3328494743328979,0.0798590935474864,0.7,0.4,0.0,37,73.22722323509932,445.5557735985198
3,17,0.2894381625197731,0.45313175653198984,0.4725178963234025,0.3641079872311513,0.24097515959947913,0.07451879480044114,0.3826942024952108,0.08669613131854051,0.7,0.4,0.0,39,54.17946864814668,468.519036452688
3,18,0.29235749678695006,0.4640998831379959,0.4941521577489624,0.3749357620730937,0.21915372732568017,0.07131853838593243,0.4010795617621626,0.09951684335817872,0.7,0.4,0.0,41,55.71182516286781,496.1259134394774
3,19,0.28721985262689603,0.42240829746617825,0.41843981702141386,0.3526280170002543,0.21672888264091938,0.07051593597780065,0.3952718115140297,0.09918858561035616,0.7,0.4,0.0,43,54.220476704757495,491.8527850891116
3,20,0.28728282938805605,0.4665767671416656,0.5072243561623986,0.394548766343226,0.20851753586373778,0.06999364076709799,0.3968196565947768,0.10024695364743481,0.7,0.4,0.0,45,51.4545981009505,495.7715463148465
3,21,0.2728997620143129,0.42976839910814496,0.44804852455354527,0.3673787055350751,0.19414544162759206,0.06999882679862704,0.36124178252453465,0.10042858769005718,0.7,0.4,0.0,47,51.75314972313313,495.7475608461006
3,22,0.33443412775887155,0.4496441084207564,0.43312235750479944,0.4513734712153118,0.2834674666740909,0.07440176225902939,0.5207515348381724,0.17495084905359856,0.7,0.4,0.0,49,53.69338063788765,468.9851817176516
3,23,0.3712826298388704,0.4926405005744784,0.4865379184586037,0.5102318386935406,0.3263359004058388,0.07216596044651888,0.6240117818004586,0.22280956819594538,0.7,0.4,0.0,50,49.31556846551828,488.5226704609752
3,24,0.37043096553626326,0.49146957824060494,0.4853185443738354,0.5142050766643476,0.30120988460353393,0.07311888044541873,0.6206885160861236,0.22024901966922417,0.7,0.4,0.0,51,50.609066496036704,478.0910136872985
3,25,0.37473159633394054,0.4890350999839763,0.48189225273826947,0.5195428417006417,0.3423797282651905,0.06960611137767644,0.6467990210691952,0.24347404912898502,0.7,0.4,0.0,52,48.07250343497542,518.5600929587127
3,26,0.37243106428847017,0.4975668621052959,0.501544407393875,0.5234807677347648,0.3060121710377127,0.06848572744020694,0.6435203311583345,0.2507391696179801,0.7,0.4,0.0,55,58.51569488730543,495.9498839772743
3,27,0.3716832179251037,0.4825212570529588,0.4748769696850216,0.5208411512914077,0.3219050738536447,0.06879936976350669,0.6450907958566582,0.2515569579929095,0.7,0.4,0.0,56,50.3406106398816,497.1434794863739
3,28,0.3712188226615245,0.5041036332031148,0.518768235099132,0.5392940012648519,0.30660533968361303,0.06803342080813182,0.6454695565200682,0.25226297904443484,0.7,0.4,0.0,57,53.97868725865988,498.9963930679498
3,29,0.36625330147027485,0.48447996535885085,0.48747192444159015,0.5292299388771808,0.320458557820522,0.06568909591147634,0.6415810315151047,0.24553640508528654,0.7,0.4,0.0,58,62.64884313750535,435.6796096074465
3,30,0.37074416263107524,0.5085559057364839,0.5335102168444066,0.5463986159054874,0.3126974895356823,0.07146976353450377,0.6458446192319475,0.2519330581474969,0.7,0.4,0.0,61,46.27833438113693,503.2708845101876
3,31,0.36925527977275174,0.503757092400978,0.5282484339078481,0.5525505363181071,0.31659618761525443,0.07037293864300657,0.6479251729457265,0.24974206410058702,0.7,0.4,0.0,63,50.25881767344514,462.0159476694166
3,32,0.36863650862327396,0.5138871331726418,0.5494953732985719,0.562806785036593,0.3088249833409139,0.06976930164469909,0.6478350242156548,0.2497690860042158,0.7,0.4,0.0,65,50.491697498143616,460.32863855036834
3,33,0.37010040711584835,0.5247102205528058,0.5712426345333097,0.5857301998374697,0.31449254224799267,0.06782967438950416,0.6568766762932269,0.24443753735530546,0.7,0.4,0.0,67,50.90682917434263,433.5960496917571
3,34,0.36997344102764707,0.5353966533921966,0.5930553115247749,0.5966131914908607,0.3109166016673255,0.06782967438950413,0.6568766762932269,0.24443753735530568,0.7,0.4,0.0,69,50.64742995650605,433.2658618076878
3,35,0.5110303284618493,0.6970165784065723,0.7767812163344849,0.7997723324038843,0.4525442207816866,0.07430965473875,1.0,0.12776756187702615,0.7,0.4,0.0,84,47.37025509325696,578.9629815408285
3,36,0.5095566269927113,0.6935020642735271,0.7729871056818337,0.8091774414957831,0.45637173302118295,0.0734858252571975,1.0,0.12802948878258086,0.7,0.4,0.0,86,47.65189111557125,576.5694231256685
3,37,0.5057818670158136,0.6973224689806975,0.7874967765448613,0.8148070586548304,0.46595605291401787,0.07023527077509828,1.0,0.12361756326294868,0.7,0.4,0.0,87,44.50775645076207,555.7604739056579
3,38,0.5049593523717885,0.7171327699255912,0.829426983745793,0.8273389787081348,0.45147348516849906,0.06999299733924404,1.0,0.12548798217772733,0.7,0.4,0.0,90,50.11041399252292,547.5872205253994
3,39,0.5048932740722208,0.7280041931450587,0.8514421971272683,0.8389582799576656,0.44937363170648886,0.06999299733924402,1.0,0.12548798217772741,0.7,0.4,0.0,92,49.887661128210816,551.2205198106702
3,40,0.5043145473539832,0.7360441475830461,0.8703147382296308,0.8688243362582688,0.4523644134900193,0.07061700803200312,1.0,0.14983362860455948,0.7,0.4,0.0,96,39.952958077481945,726.7036801746203
3,41,0.5016698315169085,0.7440950005139948,0.8894772991020521,0.878819176600863,0.4478963444928808,0.06707081024710172,1.0,0.13893845060052662,0.7,0.4,0.0,98,49.94384548447945,588.7214064280708
3,42,0.5017695744073591,0.7631173105419342,0.930394837461678,0.9138758078102511,0.4514212754630804,0.06907233337549591,1.0,0.1482612854938484,0.7,0.4,0.0,103,43.136884129466594,711.8166249270425
3,43,0.5018819647219777,0.7631726477784826,0.9304426078680016,0.9251993504975811,0.44857399090903216,0.06926471510023616,1.0,0.14909680131303776,0.7,0.4,0.0,106,51.37012751648763,616.4813998344374
3,44,0.5023910495533208,0.7746979354360951,0.953122600298985,0.9406587018300758,0.4492149060600279,0.0700372202650377,1.0,0.1471954503443301,0.7,0.4,0.0,108,51.69667709904167,615.0821234126639
3,45,0.5025669154443411,0.7745629334546169,0.9529464191086053,0.9409142475872128,0.4507751459402956,0.07046204311010007,1.0,0.14687843049512006,0.7,0.4,0.0,109,51.90977430088704,612.8905919226753
3,46,0.5026332945584028,0.7746255441157407,0.953008506060277,0.9447140937571906,0.4494085929365671,0.07055898570449053,1.0,0.14600323131415777,0.7,0.4,0.0,110,52.29689682358365,607.6288719227583
3,47,0.49857027470299087,0.7201667478384051,0.8530992685087593,0.9433879944878172,0.47544934232368635,0.0680171383200388,1.0,0.1491255252370054,0.7,0.4,0.0,111,53.99592140746161,740.8957178830345
3,48,0.49956896200644363,0.7099795857177598,0.8317352036600856,0.9481399112147918,0.4487818579247368,0.06949138872337482,1.0,0.13886770926082276,0.7,0.4,0.0,114,54.25763499841712,714.7200202547996
3,49,0.49956854666231293,0.728034093211597,0.8715831614412516,0.9819932768899033,0.45646177131274207,0.07163924389331125,1.0,0.15170668251070513,0.7,0.4,0.0,117,41.52301108528955,799.6503407071101
3,50,0.49916527474450395,0.7383367569964608,0.8930006965977368,0.9944767628537695,0.4507740663880536,0.0712622651381938,1.0,0.1517541275054369,0.7,0.4,0.0,119,41.15708846683503,799.7613220040816
3,51,0.49882632400518323,0.7268881658611823,0.8703850911003241,0.9923334336195319,0.449614045461334,0.07078522392597669,1.0,0.15233181814983393,0.7,0.4,0.0,120,39.91881967494929,806.2704563306276
3,52,0.4973396320512627,0.7455493851012674,0.9111135021028911,1.0021396708595283,0.4580702437600951,0.06969168119846904,1.0,0.15786174459029706,0.7,0.4,0.0,121,42.28483991856971,846.7317118301371
3,53,0.4971689302543349,0.8007941323890148,1.0221757396978342,1.114392869000016,0.44865769195033955,0.06948270547407873,1.0,0.1512055033651189,0.7,0.4,0.0,137,44.63792422522469,759.0803445796923
3,54,0.4885173722107095,0.7464965387946356,0.9230555899669792,1.0807265095884158,0.4461152206852729,0.057748067864368605,1.0,1.0,0.7,0.4,0.0,138,43.774959523813735,769.6581528477328
3,55,0.48812365762969584,0.7553378159307786,0.942824002963437,1.1117425393528104,0.4427679653616175,0.058098343949693085,1.0,1.0,0.7,0.4,0.0,142,46.730964487457534,763.5580086479903
3,56,0.4876631476880743,0.7877747465128404,1.0087066026208689,1.151949276079245,0.44069637900296726,0.05763164966250017,1.0,1.0,0.7,0.4,0.0,147,46.27596555085201,763.0515413293834
3,57,0.561804197554014,0.8941509958530283,1.1484444105359906,1.2570777045288883,0.5195834580189542,0.16405718871992342,1.0,1.0,0.7,0.4,0.0,148,61.01197203328904,929.6127648877168
3,58,0.4888609851433476,0.8100121652500549,1.0531277554200886,1.1896806970940128,0.4421512434305249,0.05989998653708232,1.0,1.0,0.7,0.4,0.0,150,56.73226372558016,777.3565944780029
3,59,0.48911210107408254,0.8200878917174041,1.0742071470679058,1.2156481487482584,0.4437470174196495,0.06086668826741189,1.0,1.0,0.7,0.4,0.0,155,53.54681400589824,780.4745685258308
3,60,0.49385158436706156,0.8101773834980114,1.0526821804711988,1.2233480074035654,0.4643686687789482,0.06930328678534317,1.0,0.14509455767908724,0.7,0.4,0.0,156,41.82532340361856,754.374037109379
3,61,0.49365408536255073,0.8204608166993398,1.0740533244864219,1.2370459824784197,0.4498725750833211,0.06930328678534318,1.0,0.14509455767908724,0.7,0.4,0.0,158,41.63642912233406,751.6912448681177
3,62,0.49354948474637805,0.8309868439038326,1.0956859809420507,1.246824164776279,0.4495927575165047,0.06936791922794201,1.0,0.14526128910387248,0.7,0.4,0.0,160,41.42973326797975,753.1430540947645
3,63,0.49322327882993017,0.8526415613418127,1.1396447069513924,1.2818437115358075,0.44853503154143226,0.06899915652752973,1.0,0.14452378042167408,0.7,0.4,0.0,164,41.47830285011468,743.2668932914203
3,64,0.49358367357361094,0.8523417362810339,1.1392620086367433,1.2964489727505908,0.4503314110365618,0.06981466702828734,1.0,0.14552760745932952,0.7,0.4,0.0,166,39.72059456671834,753.5480122268958
3,65,0.4931585175204864,0.8515579054622245,1.1384329495908294,1.3159573116476002,0.4493549618966795,0.06937052575598344,1.0,0.15052302945777055,0.7,0.4,0.0,168,39.35216826775182,751.5971643370361
3,66,0.49222736430373903,0.8613553543806669,1.1593496842043634,1.3270113734507398,0.44828582617439944,0.06820649941121414,1.0,0.1545056002730963,0.7,0.4,0.0,171,40.23602211055196,737.642036184246
3,67,0.49214827343985723,0.8497874415479245,1.1365674025210963,1.320762625459971,0.4486548854900839,0.06827029541133703,1.0,0.15467399856598255,0.7,0.4,0.0,173,40.03895985473245,738.9072626583807
3,68,0.49093789923732406,0.8365577129834505,1.1120570021336444,1.3133178377441532,0.448224730276571,0.06695498941255758,1.0,0.15272969898147476,0.7,0.4,0.0,176,42.6549086576528,711.3875842883266
3,69,0.4934117167785388,0.8709155771703714,1.1797347643240161,1.350793707488691,0.45133632890435305,0.07111698099564673,1.0,0.14497386130837092,0.7,0.4,0.0,180,41.34677651468021,754.0245683851186
3,70,0.4926529238187048,0.8582532495284119,1.155806962009882,1.343985292081808,0.451043275735028,0.07038837249420098,1.0,0.14548594025524858,0.7,0.4,0.0,182,41.84236757452179,752.9491109837496
3,71,0.4923022946139147,0.8789458417549794,1.1986871912125228,1.3882786323098508,0.4505275865147969,0.07038837263204419,1.0,0.145485940304599,0.7,0.4,0.0,186,41.62815002307381,747.4763738741653
4,0,0.9760561513422557,0.6614249339093291,0.629195429203961,0.03126220884286288,0.0,0.0,0.0,0.0,0.7,0.4,0.0,1,221.45150948707135,1452.1488214481794
4,1,0.9354591545465375,0.6720391391005919,0.6383720102731132,0.059066231180778146,0.051073335380572085,0.03668906349925027,8.6315423852e-05,2.3811373196549997e-05,0.7,0.4,0.0,3,203.33894164691625,1247.4970679721628
4,2,0.7262450023067445,1.0827969713487802,1.0827969713487802,0.1538723316203895,0.33194943685327555,0.05275396377747742,0.11467299176136454,0.030561891147952457,0.7,0.4,0.0,4,468.49403268769584,376.70210521569993
4,3,0.2776715273030394,0.4127941780605701,0.3623942220854402,0.058479356003166824,0.7833314207352559,0.04795470733924867,0.03719726328637976,0.010261409589100939,0.7,0.4,0.0,5,89.19295709878229,155.4946274500778
4,4,0.2784597637592038,0.4246775129087262,0.38544013989884185,0.06529376198918344,0.049304344207458634,0.047974019603191344,0.03920198425757596,0.010814441215081811,0.7,0.4,0.0,7,93.96545927802296,147.82194768748113
4,5,0.2783472778378394,0.42456880467335034,0.3853279609716842,0.07070367651981922,0.04931426856627486,0.04797236983135489,0.03902453766251982,0.01076548997428647,0.7,0.4,0.0,8,93.52986767950976,148.4519703330176
4,6,0.2713122271825065,0.406706852337582,0.35597801712086513,0.0669891836886881,0.057136397672905265,0.04929217311916863,0.02827578366974634,0.00886700412765515,0.7,0.4,0.0,9,70.1055079225105,218.997797995184
4,7,0.2699974339215485,0.419216542459792,0.3791704819844247,0.07756898051240492,0.07702335931379908,0.048174296585560564,0.04643698501439851,0.01343132039176067,0.7,0.4,0.0,10,83.45769367622492,77.64109020058989
4,8,0.2635840795171598,0.39956238054208215,0.3478078682997431,0.07248569468440089,0.0610254199169782,0.04950562058407061,0.03697727906861788,0.01170623804982587,0.7,0.4,0.0,11,86.69506605005486,153.41053782115017
4,9,0.2545415447722989,0.41275183484902306,0.3823487728744361,0.09620643972675266,0.08538396558488616,0.050905409903185414,0.03773349513619464,0.01314994590163425,0.7,0.4,0.0,12,87.29372095466421,113.51487059108156
4,10,0.21550807718869497,0.36569030462583874,0.32989549397649576,0.08928240819657395,0.15526724896814076,0.051605316429725046,0.06045586774829722,0.020589337267971238,0.7,0.4,0.0,14,84.21280907157579,98.82821618516824
4,11,0.2025885595975002,0.34749636413908647,0.30990731873862715,0.0947699357967387,0.0926033598066902,0.05122406723533231,0.06275868131066965,0.02342864615910909,0.7,0.4,0.0,16,83.38912551483031,159.80239761762246
4,12,0.199411897908873,0.34344612345041753,0.30559350215551184,0.0981787504865496,0.0643260975674965,0.04917900310115439,0.06313489989195041,0.023919725442435442,0.7,0.4,0.0,18,84.54910610967647,187.0269186071143
4,13,0.2068792295998865,0.34941192687332895,0.3111150570902212,0.11806676418923376,0.0782050977801374,0.053205888550515966,0.08266860578822323,0.02896100060672081,0.7,0.4,0.0,20,93.06850468569591,320.84958608629864
4,14,0.192656030519455,0.36334573952718835,0.3571775702087258,0.12306203975078814,0.08936643065984692,0.05339817847942242,0.06984761477182122,0.027482330208237322,0.7,0.4,0.0,22,88.48579842558343,208.60156376496963
4,15,0.1908082569741409,0.347385712724718,0.32931169718330316,0.13091067095962722,0.09435700326156503,0.05522963383168089,0.07392986398197089,0.02931568466726227,0.7,0.4,0.0,23,87.64960188064778,237.4671185510625
4,16,0.19074402196857973,0.3218811805613433,0.28072286746073116,0.1409578136415071,0.08169935686436298,0.05535511148544303,0.08523071935391056,0.03486470659196632,0.7,0.4,0.0,26,138.68242466459165,443.93687624767387
4,17,0.19024768395551603,0.3540394962061551,0.3462334091208635,0.14634935418909703,0.07829881893467561,0.05726340746178528,0.08283510388062074,0.03277249335029997,0.7,0.4,0.0,27,93.51412193053712,289.5905989665821
4,18,0.18906408816289139,0.32799756999528595,0.29727490926237415,0.15089818309111272,0.09618330820683464,0.058064658713083105,0.08720185013735574,0.03243002012253808,0.7,0.4,0.0,28,107.65355856466428,391.0808540361427
4,19,0.1867915209545242,0.3232030980285168,0.29194438789274557,0.15687260244509293,0.08581682933360282,0.05892547558100127,0.08778798225900886,0.03324639327731313,0.7,0.4,0.0,30,108.37388857773658,425.5000213612907
4,20,0.22668377059658534,0.3602695040502657,0.3284292745632595,0.21082525495267646,0.1400512881607036,0.06093975695815303,0.19220192921182117,0.18449627933797927,0.7,0.4,0.0,31,117.59778488357728,653.1292460752024
4,21,0.23046781683479928,0.3639813286675023,0.3411637295301945,0.23235773627089473,0.17249428546646856,0.05702397667319196,0.2368645333612466,0.19298703933972064,0.7,0.4,0.0,33,119.28172719586892,1039.7740966099948
4,22,0.23437671911761854,0.3733289439051659,0.360670013716493,0.25760761214296823,0.1611931773095137,0.05696634114112583,0.25902553145071394,0.20175050754591123,0.7,0.4,0.0,35,147.9959844436984,1229.6732261566412
4,23,0.23409010332981023,0.38379338828846415,0.3822396835001418,0.25754386609289315,0.14454631258364942,0.056966341141125844,0.2590255314507136,0.201750507545911,0.7,0.4,0.0,37,142.56026626621485,1253.4762750074913
4,24,0.2333161154668031,0.3718882357137057,0.3591632408471857,0.25697007935788313,0.1429497514817175,0.056891232331899855,0.25729250234893125,0.20037541974586368,0.7,0.4,0.0,38,140.0021624031328,1213.7225283040032
4,25,0.23163159504271053,0.34493773513709086,0.30935203567327046,0.24239537966742997,0.16228215452349196,0.0611371272033871,0.2518916162458864,0.2229213606837072,0.7,0.4,0.0,39,115.4791347593075,1435.1265209736755
4,26,0.22735301691128446,0.348831725014584,0.32391737084468336,0.260421261435706,0.15024485530789303,0.06230557762216983,0.24481008803218646,0.22181302832114086,0.7,0.4,0.0,41,115.330372314817,1355.2637072246512
4,27,0.22453260287774712,0.3393150665378958,0.3133023932095722,0.2700702799981965,0.18228470588178425,0.06081082604016987,0.2524847133409617,0.22841974417190677,0.7,0.4,0.0,42,111.73361178919303,1404.1290420891974
4,28,0.5199388620022333,0.6853037786981913,0.7143381097179793,0.654430588148456,0.4436988262801291,0.060360103436205126,1.0,1.0,0.7,0.4,0.0,61,200.76622139311567,3841.41304329521
4,29,0.5158387070520613,0.6756170276620095,0.7037860626820756,0.6594058381307437,0.4569227089655345,0.059510522463601404,1.0,1.0,0.7,0.4,0.0,63,204.8639434592905,3970.998701854194
4,30,0.5158365445406453,0.6867084920704106,0.7260422171935814,0.6836451605004528,0.44166687038446417,0.05951052246360141,1.0,1.0,0.7,0.4,0.0,65,204.58175000016143,3972.304328565291
4,31,0.5167536398208145,0.6518331918417442,0.6572872837926762,0.6647053801308154,0.4578338595566132,0.06300532359248698,1.0,1.0,0.7,0.4,0.0,66,185.53773547346088,3796.4959409139487
4,32,0.5157834798594589,0.6508178707609329,0.6562662025812427,0.6691108667875332,0.44328315544035435,0.061640738177830036,1.0,1.0,0.7,0.4,0.0,67,193.82316742697992,3633.0803321018193
4,33,0.511462430374407,0.6514018978324894,0.6670932569432143,0.6780989729861728,0.4747397477670713,0.06046466040974391,1.0,1.0,0.7,0.4,0.0,68,169.2781037438142,4120.448779458985
4,34,0.5078446480484566,0.6377372414718643,0.6519754187777771,0.6846669877182128,0.46954739845151483,0.06275238923957291,1.0,0.9107162036476517,0.7,0.4,0.0,70,154.03207909723855,4018.949432764096
4,35,0.5078574985635695,0.6487866362391996,0.6741814609021315,0.7031044362201428,0.4440705481066551,0.06281335897133354,1.0,0.9156295016053113,0.7,0.4,0.0,73,154.2718083055488,4023.648082729031
4,36,0.5066594228458168,0.6432283855327066,0.6680073922520727,0.7024157356874057,0.46665612029434755,0.06411356965101278,1.0,1.0,0.7,0.4,0.0,74,164.34025627148873,4293.95995666171
4,37,0.4977570933820786,0.6783789099234461,0.7477731776573632,0.7265080205757282,0.4369073895364143,0.05160918543366037,1.0,1.0,0.7,0.4,0.0,76,167.55361135352405,3173.315441945378
4,38,0.4971770113736771,0.67583791035978,0.7449587179333733,0.7375390835949674,0.4412778793836042,0.05208320277930243,1.0,1.0,0.7,0.4,0.0,78,144.01045858965963,3132.593073590393
4,39,0.4967863656290311,0.6738287862590813,0.7427250285689253,0.7480592852866652,0.44076747691202406,0.05258155578060707,1.0,1.0,0.7,0.4,0.0,80,145.6683533770875,3030.0227483129297
4,40,0.49600677103073587,0.6723029804253287,0.7410962156442811,0.743246160785954,0.44000845022247925,0.05194912438837074,1.0,1.0,0.7,0.4,0.0,81,166.89343973362753,3524.323034767341
4,41,0.49599059917409083,0.6833478797495,0.763301325881077,0.7613714013505507,0.4364518828512297,0.05194912438837074,1.0,1.0,0.7,0.4,0.0,83,165.12344235282706,3533.0816046682344
4,42,0.49545129795970994,0.6929273721469331,0.7839113278816865,0.7659594441283699,0.4386441721785228,0.051806097735345245,1.0,1.0,0.7,0.4,0.0,85,147.17463053166884,2789.5576820607357
4,43,0.4936382096195649,0.686638062753747,0.7770101061823622,0.7761184050703327,0.4435923264890407,0.05200327895130317,1.0,1.0,0.7,0.4,0.0,88,156.24254748972726,2798.461314779445
4,44,0.48850740583182345,0.669906951188735,0.7587276502173939,0.7847509678127063,0.4633277420807524,0.05138374932314684,1.0,1.0,0.7,0.4,0.0,90,153.3200352268572,3417.0634249072605
4,45,0.4885505392238239,0.6810275454146182,0.7810108854521562,0.7997162096029808,0.436064861748192,0.05145620515715661,1.0,1.0,0.7,0.4,0.0,92,151.77495985833608,3416.339218382849
4,46,0.4879960960263951,0.690017709228137,0.8009622501970828,0.8109201422615442,0.43965906498749796,0.05151034712092606,1.0,1.0,0.7,0.4,0.0,94,150.9788183248138,3472.0780183118
4,47,0.4884474030765995,0.7015117086692925,0.8236144790470077,0.8476475941412609,0.43655106963803414,0.0521843328531725,1.0,1.0,0.7,0.4,0.0,105,155.71401065545064,2969.8202972113136
4,48,0.48724812821941105,0.7102714633098117,0.8433903361407707,0.8576026572098302,0.44103525763339757,0.05108336311471949,1.0,1.0,0.7,0.4,0.0,106,157.52452509890185,3844.965237681177
4,49,0.487772888257418,0.6985896808057455,0.8203983116298759,0.8680617787938743,0.4392454946471044,0.052424256370542245,1.0,1.0,0.7,0.4,0.0,108,154.60351841564815,4152.832104980292
4,50,0.4868097101835735,0.6829329474967943,0.793108725215821,0.8401770160983456,0.4535441013470691,0.05292639352966966,1.0,1.0,0.7,0.4,0.0,109,154.2425566699793,4186.005825075607
4,51,0.48645748143529693,0.703960228856672,0.8363611854646722,0.8699578333367141,0.4407170110061442,0.05284162774884943,1.0,1.0,0.7,0.4,0.0,110,150.65045769063772,3585.552617500298
4,52,0.4855516333461277,0.6887269570650469,0.8095468362031801,0.8615368822197147,0.45188141873516513,0.053173673413909696,1.0,1.0,0.7,0.4,0.0,111,148.48297875451436,3445.1768380986105
4,53,0.48552631661520396,0.699725799785403,0.8317015103328805,0.8770793469523042,0.4375508516409951,0.053173674124877744,1.0,1.0,0.7,0.4,0.0,112,149.1467306650859,3441.8635437724874
4,54,0.485406502500364,0.6995562714113852,0.8315256291517611,0.8814911457283902,0.4372325353923158,0.05302728176383964,1.0,1.0,0.7,0.4,0.0,114,149.22846140753217,3476.575887532401
4,55,0.48550520932412394,0.7107409816217793,0.8538744135653362,0.8852892965279677,0.4372689823475925,0.0531736734139097,1.0,1.0,0.7,0.4,0.0,115,150.33446166442732,3436.0117264445616
4,56,0.483973854501104,0.7424244414284287,0.919043795097989,0.9451805750621451,0.4357680031818865,0.05102452052008703,1.0,1.0,0.7,0.4,0.0,122,162.36048683206013,3337.3981058912545
4,57,0.48184994192142916,0.7204315444626441,0.8847710256776853,0.974980334729668,0.44448490679082536,0.05218629481379102,1.0,1.0,0.7,0.4,0.0,127,157.04121300462876,3061.4341568208893
4,58,0.48158791803224654,0.7187098819961142,0.8828656849180847,0.9749984392888086,0.43997324813202593,0.052481373870269576,1.0,1.0,0.7,0.4,0.0,129,163.84473854449772,3250.527916281284
4,59,0.480774111746598,0.7037082531956719,0.8563119500051223,0.9958892896395081,0.44349041610182394,0.05271122233668907,1.0,1.0,0.7,0.4,0.0,131,163.55204941189055,3333.4828818371666
4,60,0.4803220557808323,0.7141555967056755,0.8779000417809724,0.9894113167400518,0.43785587938077475,0.05215304779897841,1.0,1.0,0.7,0.4,0.0,132,170.7394767828229,3327.210568667151
4,61,0.47925228220941163,0.7126987633754278,0.8763947758232566,1.014771466135104,0.43640787798191993,0.05079645841712127,1.0,1.0,0.7,0.4,0.0,134,169.8832061835785,3312.498118487402
4,62,0.47849431275892085,0.6967636206316791,0.8487874641320824,1.0168402849906852,0.4539893142066491,0.051492304856106993,1.0,1.0,0.7,0.4,0.0,135,171.74628834793455,3324.4492933669285
4,63,0.47849431085589844,0.7078606728501878,0.8710496953429584,1.0373371850484954,0.43604468003460656,0.05149230485610699,1.0,1.0,0.7,0.4,0.0,137,171.74626796001402,3324.449396162898
4,64,0.47747047796575715,0.706715582930219,0.86988977082414,1.0476275512029494,0.43539879253383496,0.05008094210376365,1.0,1.0,0.7,0.4,0.0,138,173.9188314076895,3618.6214618798926
4,65,0.4780292347798992,0.7287204521441628,0.9141327758092687,1.0803971898782818,0.43631890014667135,0.051198729373934694,1.0,1.0,0.7,0.4,0.0,145,172.11973401795058,3407.9889244467745
4,66,0.47812406805702723,0.7278592452405965,0.9131533974341886,1.0844568624033273,0.440468004810591,0.051740688808373944,1.0,1.0,0.7,0.4,0.0,146,170.31987279753116,3195.225091295664
5,0,1.0,0.6666322649468627,0.6348984723299319,0.03177141449054935,0.0,0.0,0.0,0.0,0.7,0.4,0.0,1,170.22651453064995,1441.326154694366
5,1,0.9621044839810491,0.6829583486053868,0.6497480441462923,0.06565729506052323,0.05789196968383129,0.04542736422842323,9.503061743006e-05,3.213335422196e-05,0.7,0.4,0.0,3,151.3834183832385,1383.107820897391
5,2,0.887729772379592,0.9096983139027721,0.8641662761572297,0.4148129520925051,0.8345150324517598,0.10043562545949498,0.7942836929242262,0.8453699239792234,0.7,0.4,0.0,4,508.09286725312415,542.5270815142844
5,3,0.23647090975662372,0.3572511401114437,0.28967634641117657,0.07393858352847849,0.8326406881397838,0.06570657046708853,0.05284592825068701,0.02393404482105217,0.7,0.4,0.0,5,63.51977766679544,85.30873242516303
5,4,0.23303398515503926,0.3521553007705551,0.2837843005711559,0.08273363571666795,0.08444429114548013,0.07032988187691389,0.052927490939966224,0.02401642401687757,0.7,0.4,0.0,7,67.3082252772837,100.99511766525512
5,5,0.233060597233115,0.3516946352296407,0.28309783866995014,0.08666840075481375,0.08040225028809402,0.07286935640026262,0.05325990521323194,0.025216344992712157,0.7,0.4,0.0,8,81.65931067951274,120.85982761472263
5,6,0.23313476796152918,0.35129197292208997,0.28250677920758555,0.09154598540297727,0.08040462064596986,0.0751715405690915,0.05317217900780389,0.02426356160435389,0.7,0.4,0.0,9,72.83263089302133,120.34029555626574
5,7,0.23471231842447204,0.34968559859828663,0.2796686699828023,0.10485838097603452,0.12902032496448618,0.08655995285848468,0.06157570902530798,0.05233021800663999,0.7,0.4,0.0,10,85.94465119406632,355.3575103697145
5,8,0.2574261771453497,0.388781932462021,0.3476731963716204,0.17700523434066523,0.30067763912306306,0.09370501021387968,0.1840698405239841,0.07612433560697193,0.7,0.4,0.0,11,121.38424852238616,1268.1890497580855
5,9,0.24806351313023084,0.37397381607656943,0.33167481175894487,0.17900990631771757,0.15790509251278145,0.0937622285460282,0.17820728856577617,0.07331434469990897,0.7,0.4,0.0,13,117.82000725555142,1163.244855705357
5,10,0.2465429420504468,0.3598912719487526,0.30612061764962467,0.1745365370446958,0.14797430261448008,0.09279978734767794,0.18047681735822807,0.07415586633821994,0.7,0.4,0.0,14,114.0778589788246,1187.645770088269
5,11,0.24112436592467734,0.3474785733100046,0.2923138086067393,0.18803551513760222,0.18855895370136486,0.09058068207684704,0.1899409374394824,0.12122782522984372,0.7,0.4,0.0,15,98.1792871188367,1125.1751347435973
5,12,0.2449539293240239,0.3499938442607109,0.294578564332427,0.2012083039983857,0.15334624801700036,0.09324755484051928,0.19814215720045242,0.13437892320622907,0.7,0.4,0.0,16,93.44655501977437,1186.9204214731387
5,13,0.2475982185035564,0.35218310757987836,0.2966815745197573,0.2097401828785203,0.14914672444235447,0.09715123335062611,0.1990490577939945,0.13773937226653316,0.7,0.4,0.0,18,103.73909208468096,1232.062399132602
5,14,0.24213033287671532,0.3575746495018527,0.3131933881153821,0.20385480142123102,0.14397739202525522,0.09439386094839786,0.19079047366336419,0.12451240117210775,0.7,0.4,0.0,19,107.33743194345952,1183.4850895684733
5,15,0.24370322759479723,0.35829573917357366,0.31375437874938344,0.21461944807446448,0.15043998737938852,0.09524754182741804,0.19530408341034,0.13446963115194704,0.7,0.4,0.0,20,97.02306851255908,1203.8312226337312
5,16,0.25582617534678886,0.3793559391070181,0.3455791232655176,0.2364474551186288,0.16179633395392995,0.10093695766886042,0.22078214724374248,0.08463157456191531,0.7,0.4,0.0,25,107.8885152049986,1217.877407585201
5,17,0.28490059825287617,0.4170754759999922,0.3940093130947002,0.26664364758199466,0.20672891328230875,0.10321237843436899,0.295296506824704,0.0962092034498333,0.7,0.4,0.0,26,86.68964033111887,1161.769426092342
5,18,0.2784214060678865,0.4038291347493507,0.37958135883617833,0.27353970672640204,0.2308805729595076,0.10566658178737434,0.288916769961138,0.09611040185527492,0.7,0.4,0.0,27,88.47054863364069,1131.9882215448963
5,19,0.34413891679004527,0.46681621606048523,0.44210367954342034,0.3439279081522968,0.27382130326815385,0.10855054522320406,0.4535481722681915,0.1164409353870168,0.7,0.4,0.0,28,78.8890385088548,1251.7546353389928
5,20,0.2870426971090997,0.4304409401450072,0.4278119253272257,0.3699578672467356,0.20186670875380056,0.09251615879314912,0.3416726838296146,0.11721421433349151,0.7,0.4,0.0,48,104.09572531166468,1313.492952883311
5,21,0.48620047835245184,0.6621594006094147,0.7022802270433173,0.611684069850359,0.4200696895803239,0.08121797564016624,0.879966870804137,0.5454885831500278,0.7,0.4,0.0,54,173.77868110849914,975.9333632434378
5,22,0.47874618171424177,0.6464762363627968,0.6853328148295557,0.6146525610714493,0.42873456205372223,0.08195332908129711,0.8726759599541559,0.5502255549861359,0.7,0.4,0.0,56,173.1542861488977,901.8431015481874
5,23,0.4752723101698403,0.6409529575058905,0.6795016324625631,0.6187093628532109,0.4095818940178496,0.08274102490409727,0.865575110339036,0.555026793530688,0.7,0.4,0.0,58,173.26724381075283,831.1306074106102
5,24,0.47488082256317315,0.6398701056189822,0.6783157625613696,0.618600247010836,0.4050552993877108,0.08274102455905571,0.8655751058951345,0.5550267944780255,0.7,0.4,0.0,62,170.92077143351284,815.4235561479969
5,25,0.4761598626160852,0.640415841724761,0.6787522268596098,0.6235105558132195,0.40969356903949294,0.08218309436437246,0.8707833865509432,0.5529851423109993,0.7,0.4,0.0,63,170.78361372842218,846.037947176088
5,26,0.4777115189324032,0.6416372433332025,0.6799246099874814,0.6251972161708703,0.40815442672230046,0.08163543399193789,0.8760834557811851,0.5509534915933721,0.7,0.4,0.0,66,171.08358462786052,880.495208707157
5,27,0.32888457332218474,0.48704932352165986,0.5244908738964137,0.484860511047171,0.291703135194074,0.09000570186837051,0.49717617434885925,0.5858932310500544,0.7,0.4,0.0,67,127.1534560680988,790.3496328080436
5,28,0.3608359260705688,0.5158456791830618,0.5528318964273671,0.5283923488166123,0.3034875342919009,0.09192121789216696,0.5777764223020094,0.7940777180720232,0.7,0.4,0.0,69,133.05343525710313,713.6336021603147
5,29,0.32669695700783274,0.4814022255219166,0.5183447774674406,0.4937846494893662,0.26301121428246305,0.09023620995672936,0.49576374638400755,0.5887924658949283,0.7,0.4,0.0,70,126.0173448864018,753.6410271191316
5,30,0.3262782163219763,0.48050141947617797,0.5173748901211459,0.4902603128582818,0.26251372482029695,0.0918391762507989,0.4925204619452672,0.6253198708683494,0.7,0.4,0.0,72,128.09927685631064,753.4951260037824
5,31,0.32623780348109,0.4804511541012195,0.5173232768890261,0.4935021822254084,0.26128479281332384,0.09176312635450769,0.4925649262342901,0.6237140245556573,0.7,0.4,0.0,74,128.0068161676734,753.4429966441606
5,32,0.3010429301086121,0.46539708732050233,0.5132978822917104,0.47921221543758963,0.23895410624051372,0.08797888704887197,0.43739823389889654,0.5655377993605791,0.7,0.4,0.0,76,138.67481768122877,748.9800141485126
5,33,0.5161136341454409,0.6773689228898051,0.7248297840090812,0.727173540566062,0.4686617432283503,0.08892239066096355,0.9772299122173758,0.585379588118548,0.7,0.4,0.0,77,161.18245477794918,955.7494667182864
5,34,0.5196417134531975,0.6781092526366419,0.7251784650506616,0.7385579900122079,0.47179755721726224,0.08284624896460709,1.0,0.5745620889692697,0.7,0.4,0.0,78,151.15630346230304,896.9235804417
5,35,0.5237207471949257,0.681305895574389,0.7282519083435104,0.7498572000919155,0.4646586687008063,0.08926302743012784,1.0,0.6496044391574728,0.7,0.4,0.0,80,163.90479057432572,998.9204814492464
5,36,0.5164171098320981,0.6722775928669751,0.7189834717662519,0.7552857437748494,0.4602095204628329,0.0799670497395302,1.0,0.5562815916731714,0.7,0.4,0.0,82,152.15683377688688,974.5102845850528
5,37,0.5144103599480089,0.679203842496167,0.7367747262121513,0.7515275936317991,0.46029228501570896,0.08833988245429557,0.982805698311779,0.6295357731922515,0.7,0.4,0.0,84,179.35693559460884,991.3560798264458
5,38,0.5235210867728506,0.6971751535143609,0.7656051658291643,0.7792954088761204,0.4757807149855948,0.09293218068805188,1.0,0.3780927017816558,0.7,0.4,0.0,85,199.08283415950703,1034.1495819416066
5,39,0.5145232205879015,0.6642694698301403,0.71013475862102,0.7708038513970601,0.46505717718122064,0.08114322998869633,1.0,0.5757961798747754,0.7,0.4,0.0,86,153.65069965395563,911.5328413775125
5,40,0.5145229063852569,0.6642684538646663,0.7101336040481399,0.7708037486923036,0.45680140329240626,0.08114322998869632,1.0,0.5757961798747759,0.7,0.4,0.0,89,153.6464793850599,911.4882506208614
5,41,0.5145150298867833,0.6642422927537079,0.7101048612601185,0.7708011125500613,0.4568881828473471,0.08114322998869633,1.0,0.5757961798747757,0.7,0.4,0.0,90,153.49409839854786,909.8593321168936
5,42,0.5126236811432425,0.6712830121369653,0.7280147942591282,0.791253851011777,0.4664653033127772,0.07979222921025987,1.0,0.5957514504796638,0.7,0.4,0.0,91,157.1780703592307,970.4690262651048
5,43,0.5142259411712325,0.6838931148492298,0.7517793614001489,0.7792644770698657,0.4577676596304374,0.0821172519776481,1.0,0.5773197206144991,0.7,0.4,0.0,92,154.739287216283,913.7713510845218
5,44,0.5136594113806809,0.6680684220684239,0.7242300603431648,0.8004496073303933,0.4782940015706212,0.08375886206176691,1.0,0.5956836856233165,0.7,0.4,0.0,93,170.3989076409013,965.6823745044536
5,45,0.513237585629801,0.6676152455187327,0.7237725015668334,0.8035448970872515,0.4583702406923723,0.08317448103982834,1.0,0.5936072492857072,0.7,0.4,0.0,94,170.37048370271825,998.2442784450172
5,46,0.490664086863284,0.6772461680800361,0.7667541268086925,0.8246160718749208,0.4371135241039022,0.09188884898360453,0.9294150678559998,0.5567282007869544,0.7,0.4,0.0,99,183.8785073598692,1047.5638761168077
5,47,0.48856569408197376,0.6859285031061213,0.7865595097865224,0.8432016089836478,0.4348600396278516,0.09170353994295913,0.9248106030412677,0.5560224763481865,0.7,0.4,0.0,101,183.9325904440588,1054.0638639339793
5,48,0.49189067156182453,0.6883681592710365,0.788881256671326,0.8415068788214299,0.4419563257969338,0.09084256135202937,0.9355143040458129,0.5560999567208229,0.7,0.4,0.0,102,185.31680315141108,1055.7751950410975
5,49,0.5166826566947695,0.7108703470346278,0.8110795872196739,0.8467876036371211,0.4688475431196156,0.09069932456117452,1.0,0.5543080248143271,0.7,0.4,0.0,104,174.134974835389,940.249028399146
5,50,0.5135010565803687,0.6954833678902408,0.7843810052378952,0.8562774291211823,0.46245938675463827,0.08676848760331493,1.0,0.5458954510248761,0.7,0.4,0.0,107,176.56121692347972,960.8637824385802
5,51,0.516905940792779,0.7158068689427355,0.8263432516920023,0.898607285411535,0.4905550826405107,0.094478638509742,1.0,0.5356753722795332,0.7,0.4,0.0,108,173.15293316087855,875.829246249793
5,52,0.5127580496041416,0.7005327851181887,0.7998999617036731,0.8795334336175219,0.4620734010801605,0.08857011041241884,1.0,0.5553712316297404,0.7,0.4,0.0,110,175.27755276608724,933.4840812797012
5,53,0.5124051559410946,0.6986121577173694,0.7977757276971864,0.8760277803208149,0.469366859013164,0.08888114745642836,1.0,0.5314724661274463,0.7,0.4,0.0,111,179.0399309271969,941.5498545208007
5,54,0.5123142211452565,0.6984288516750583,0.797580399530966,0.8896036281136326,0.46258276327124714,0.0887992527085399,1.0,0.5669972612073046,0.7,0.4,0.0,112,178.10773103988964,962.3439663682324
5,55,0.51228835313546,0.6983316576447021,0.7974738749910055,0.8895938333856718,0.46248514314790945,0.0887992527085399,1.0,0.5669972612073043,0.7,0.4,0.0,113,178.00514129956085,960.8033410707956
5,56,0.5114626152423848,0.7187088225819622,0.8400530642574918,0.9119334731642135,0.4662488235915274,0.08813420114908756,1.0,0.5258685102596099,0.7,0.4,0.0,114,176.84347301552572,988.1681386535838
5,57,0.5100431075223318,0.7105835237955203,0.8310661648109624,0.9011009260311402,0.4930029362930396,0.08945769487067465,1.0,0.526854158244973,0.7,0.4,0.0,115,176.60409571245526,943.3851197785484
5,58,0.5100509736286298,0.7322615639767217,0.8750080442299782,0.9659519221045078,0.46300047465815236,0.08972167000458717,1.0,0.5221746304434933,0.7,0.4,0.0,127,180.0799080314175,910.1800352069758
5,59,0.5070638930564038,0.7387790550293356,0.8924883223657668,0.9906125987648564,0.4639272454546317,0.0862200792936706,1.0,0.5218971432979257,0.7,0.4,0.0,129,179.68325839995163,986.487674486663
5,60,0.507464453922059,0.7380120861769608,0.8915732158325882,0.9949820764951025,0.4663667469929444,0.08734719682398435,1.0,0.5251573128166174,0.7,0.4,0.0,130,177.84434372162582,912.7855267562772
5,61,0.5104415654320706,0.7378663284041342,0.8910329682094004,0.998578480390221,0.47209785479880645,0.0930589054932348,1.0,0.5280542988100628,0.7,0.4,0.0,132,186.72338240977984,896.3478092503437
5,62,0.5065428372971448,0.7425731187936104,0.9065920229811918,1.0453467586418976,0.46387844282474666,0.08862686516859992,1.0,0.5226992446402087,0.7,0.4,0.0,138,176.78545324834778,958.9573510424508
5,63,0.5067737902679673,0.7427919811204526,0.9068093619732691,1.0493455544844288,0.46232695118860234,0.08896226391041388,1.0,0.5209322035963833,0.7,0.4,0.0,139,175.68646201641877,970.7799770975812
5,64,0.5065810640666273,0.7424381986464562,0.9064354477122595,1.0454176423868984,0.46227423540653767,0.08875971484603376,1.0,0.5223208531386121,0.7,0.4,0.0,144,176.92338635821358,958.9469437196376
5,65,0.5054524462156952,0.7953920594885966,1.0150403429167578,1.1946778123503046,0.4616215351938992,0.08777780305873327,1.0,0.5447175773781184,0.7,0.4,0.0,179,181.4924454934161,998.4391131850734
5,66,0.5054302376261341,0.8174268162094973,1.0593885807526946,1.2570971902140338,0.46153165150551206,0.08780705759130471,1.0,0.5585996836377957,0.7,0.4,0.0,188,180.58501873881855,1009.4859318776485
5,67,0.5047632094560035,0.8383606862490239,1.1025790024646316,1.2714926116253134,0.4622896421879013,0.08711775355264426,1.0,0.5879864095360599,0.7,0.4,0.0,190,177.88884265330418,1010.58874522491
6,0,0.863151264366246,0.6350399718916216,0.60029883992163,0.028701521403671975,0.0,0.0,0.0,0.0,0.7,0.4,0.0,1,463.0486976547976,1403.743499896443
6,1,0.8404012051477204,0.658723601672126,0.6224461852222317,0.07050727960106662,0.06691509887085433,0.05684414376034188,7.919839901715e-05,5.103277378300999e-05,0.7,0.4,0.0,3,426.4491537681646,1300.743428493758
6,2,0.3508342894160146,0.4738620377471852,0.428355344130288,0.08541578313888794,0.7774490944753958,0.07590262596477729,0.012446042174808521,0.00970875459799253,0.7,0.4,0.0,4,146.57368909236493,423.45240356994873
6,3,0.2736004187754285,0.4093278506633464,0.3560295239810779,0.09478449015116777,0.21282561918082707,0.0777880529304465,0.05244218656142628,0.046604498964245136,0.7,0.4,0.0,6,122.83477006685916,122.57473474332632
6,4,0.25010252040020864,0.3954414867882224,0.3516699372155978,0.09988392735485935,0.1254556106097654,0.08216719021181111,0.025355183611270808,0.02698936972641085,0.7,0.4,0.0,7,107.96011965382704,173.8762051946637
6,5,0.24769885405776002,0.38110088076574783,0.3255705670320373,0.08773139856571245,0.09157994458765824,0.07747928795271283,0.04103546174652176,0.03564291966669543,0.7,0.4,0.0,8,106.39831612683231,99.6778869307716
6,6,0.2430091738358666,0.38675197743830836,0.3418332582075656,0.09500951533556826,0.09121927441256462,0.07789577689550184,0.041233569717816734,0.03771384191278735,0.7,0.4,0.0,9,100.83772325428583,100.69628598669463
6,7,0.2142474098014095,0.3349732092231892,0.2744639767759047,0.10336771994205775,0.2322296213468404,0.08279555139441555,0.04717054161730249,0.04244240547463659,0.7,0.4,0.0,10,140.7451062274284,102.98229004560044
6,8,0.20788039838863825,0.32481083264972094,0.26326005823247917,0.10974604870976196,0.09597070528159204,0.08385923823685507,0.04725590200494634,0.0425648773097144,0.7,0.4,0.0,12,142.76657889292125,120.63360505699735
6,9,0.2087422756822775,0.3218638719481396,0.25935117047083045,0.12337313655566907,0.10175529746520666,0.0816102628965877,0.06908872852380758,0.11339787134117811,0.7,0.4,0.0,14,133.80976115026607,152.83535499013826
6,10,0.21594732850002368,0.33170657767769,0.27844295635384375,0.14750411584586398,0.1711728282863258,0.08915956220218069,0.10306913155228652,0.0964668148323912,0.7,0.4,0.0,15,157.68809385064378,9158.9963562284
6,11,0.21713270081421854,0.3319121451797063,0.27844080403833116,0.15742828467970826,0.10969065295981259,0.08831838570624137,0.11051042045222612,0.10046072962929171,0.7,0.4,0.0,17,165.64803256959732,10337.192188421044
6,12,0.2109950008150277,0.32355015933481857,0.2696164760890599,0.1560326978893618,0.11067416632910855,0.08821763208933664,0.10192340872305947,0.0922847143988353,0.7,0.4,0.0,19,164.10542662652605,9067.128282075431
6,13,0.21033794905373723,0.3226679694020962,0.2686881627644891,0.16070056830120255,0.10375118914816905,0.08810389476400031,0.10112851303846426,0.09286591036461396,0.7,0.4,0.0,20,157.4988257253266,8900.812594153593
6,14,0.20382010542394252,0.33138012621138835,0.2983575094123936,0.1819105043063462,0.1192188186225181,0.08290073747871927,0.11260102337654965,0.09617859008299931,0.7,0.4,0.0,23,134.0252785425202,1006.9273598409644
6,15,0.19934022778971355,0.3232803821224937,0.2895791779162636,0.1857714879545645,0.1140648216403173,0.08311710907122903,0.10979262396430312,0.09243920351131993,0.7,0.4,0.0,25,141.7509683432872,930.0911271245576
6,16,0.2010274464103265,0.3226434369055208,0.2885174844014161,0.2002128807858172,0.11341436556987947,0.08812208601494695,0.11059642885710756,0.09348740312874732,0.7,0.4,0.0,27,148.0597180983991,993.4649574479822
6,17,0.20104255735797616,0.32227191758384427,0.28807610060168964,0.20653871413605865,0.10875159742166636,0.08770364426569147,0.11223541457066624,0.09522333694814497,0.7,0.4,0.0,28,144.4037529423213,1020.6211672615927
6,18,0.20801718380553774,0.32476607611662306,0.28977501744045925,0.22226276072813306,0.12648526385776854,0.09531569303522468,0.1260341658330345,0.17081003173498155,0.7,0.4,0.0,31,151.4484854631406,750.6247523121269
6,19,0.20745146731943925,0.3211315404570214,0.28560883782808283,0.22936417882644614,0.1284961226102238,0.09380053074090648,0.13356211286489278,0.1775254711270499,0.7,0.4,0.0,33,146.85833944507772,923.7449699437852
6,20,0.20907455280440979,0.3209711014251803,0.28514671425921956,0.23774365041426404,0.12738544066326404,0.09662020241644452,0.13615112055113035,0.19287719988071755,0.7,0.4,0.0,35,147.2742700399742,970.0244616619472
6,21,0.2061322703583372,0.3160743416042781,0.279921949188039,0.2423616095379571,0.1264192196382158,0.0990208879645236,0.12832086859647557,0.19449297406321917,0.7,0.4,0.0,37,146.2458935175825,862.1759818534834
6,22,0.21189882789752834,0.3086131335519498,0.26094175101587586,0.23919526421642656,0.140473331370651,0.09675734289458529,0.15065803063660096,0.2129913171341568,0.7,0.4,0.0,38,136.2273261190141,1135.7728257130236
6,23,0.2126845877896864,0.31950918116332927,0.2828411654194751,0.2641730321939896,0.13063545157525414,0.09645631980589883,0.15493708826574798,0.21613566331403197,0.7,0.4,0.0,43,140.72627439361943,1189.704172541299
6,24,0.24453060726291204,0.3621974078023028,0.3366529486962349,0.3030897996176902,0.16299683483301403,0.08371649161865502,0.2573061197187267,0.1457035824827042,0.7,0.4,0.0,44,127.7927125562602,10692.06626804705
6,25,0.5350960064926888,0.651012646963133,0.6251831555418886,0.6142258611808665,0.4633829701757124,0.0761899182548765,1.0,0.16736246920907305,0.7,0.4,0.0,45,226.9733090242296,12702.183170476392
6,26,0.21150982508568617,0.31585603663479517,0.278784707167009,0.2771070381741968,0.13277951676888566,0.0972011940224466,0.15509298377091102,0.21811750608649733,0.7,0.4,0.0,46,147.15992058753238,1223.6073821980665
6,27,0.20943122474477227,0.3136796706451256,0.2765925759202045,0.27368778229640117,0.12862636780301795,0.09634941468168759,0.1515579585306063,0.21149477581534085,0.7,0.4,0.0,47,159.5667533166049,1157.9693911405498
6,28,0.21257426518010003,0.31560107360090434,0.27831723376345896,0.2847030994672539,0.13899659574775786,0.09777161391482274,0.15903922501684647,0.2224052437947761,0.7,0.4,0.0,48,152.2547501443515,1207.1107293989546
6,29,0.5317578867930302,0.6337372891621115,0.6057278416926872,0.6328868639074058,0.5256561467675085,0.08422951998251005,1.0,0.3213395083852181,0.7,0.4,0.0,49,171.4487991062197,5674.737462900154
6,30,0.530275651278215,0.6397723543716604,0.6223900324677499,0.6390347526497846,0.4690434599421224,0.08507140704073611,1.0,0.3211615494774803,0.7,0.4,0.0,51,164.96422459113987,7346.60640698499
6,31,0.5239453390719835,0.6378843955476009,0.6306884159361107,0.6456205873136136,0.47410917035638844,0.08121406624528153,1.0,1.0,0.7,0.4,0.0,53,159.2371017787375,14269.858677211609
6,32,0.5233388474993361,0.636862884844425,0.6296067194963375,0.6513953696256638,0.4575233085270097,0.0806588535644292,1.0,1.0,0.7,0.4,0.0,55,172.2040478879158,14000.59077178427
6,33,0.5200450069611731,0.6260632645758106,0.6177326761629742,0.6643766475328149,0.4948412217598376,0.08135395478679627,1.0,1.0,0.7,0.4,0.0,56,129.42519244403272,11339.75966786511
6,34,0.5216007584078763,0.6262717184688824,0.6177511467494652,0.6727291907075654,0.4625014389000409,0.0845023758553773,1.0,1.0,0.7,0.4,0.0,58,137.4041862193815,11447.490712481676
6,35,0.5211518976275765,0.6251805446591295,0.6165698448906198,0.6756656263139118,0.46219366982786325,0.08429829770757184,1.0,0.9977845748742521,0.7,0.4,0.0,59,136.08924475739315,11414.33688208957
6,36,0.5179983500400195,0.6204702645086128,0.6116415407344615,0.6761924691820633,0.46043086690870166,0.0808402510975169,1.0,1.0,0.7,0.4,0.0,61,137.8130242543377,11957.831633344162
6,37,0.5188262290245497,0.6317021544866941,0.63394200526472,0.6944028583011037,0.4585913727135453,0.08248401382051705,1.0,1.0,0.7,0.4,0.0,65,139.71897205934252,12016.411472853151
6,38,0.516765478943219,0.6369835382948378,0.6498682258758729,0.7043410919944357,0.46657407609460805,0.08198639257016035,1.0,1.0,0.7,0.4,0.0,67,148.50769985591998,12514.395437412588
6,39,0.5180812731108304,0.6472993996549592,0.6710615818924386,0.7237608878746252,0.46470543511526075,0.08519091975651628,1.0,1.0,0.7,0.4,0.0,69,155.49297796335895,12494.22207513578
6,40,0.5180698852761532,0.6472619782599967,0.6710205641716893,0.7237571168769189,0.45975893570381193,0.08519091975651627,1.0,1.0,0.7,0.4,0.0,70,155.45368524038253,12496.749964821696
6,41,0.5180212874684299,0.6581994392352808,0.6931081510426643,0.7346593395936121,0.4601694750153254,0.08519091975651628,1.0,1.0,0.7,0.4,0.0,71,155.11854520479204,12520.367887681894
6,42,0.5178103717366996,0.6357309109663294,0.6483002299442623,0.7257484566597551,0.4597572189289685,0.08492938889501092,1.0,1.0,0.7,0.4,0.0,72,159.7988483688354,12488.928560413537
6,43,0.5166305838652372,0.6340091157718275,0.6465043205024505,0.7280084396619213,0.4598143434400437,0.0835819217718988,1.0,1.0,0.7,0.4,0.0,74,155.7789305865271,12727.905115226951
6,44,0.5167918472240741,0.6450756962368108,0.6687100760549158,0.749379642258269,0.45921406005661003,0.08393147257529696,1.0,1.0,0.7,0.4,0.0,76,155.9354454998624,12807.114080185527
6,45,0.5167533790224926,0.678239772544289,0.7353579778739319,0.7520457634849544,0.4591785895244694,0.08393147257530362,1.0,1.0,0.7,0.4,0.0,77,155.52076279410196,12827.10841474968
6,46,0.5068573146779446,0.6830318120230485,0.7614665524548371,0.8086793763520407,0.4877805662579093,0.07429005878682675,1.0,1.0,0.7,0.4,0.0,78,181.6728987447977,925.717623859278
6,47,0.504715303941273,0.6647267624925068,0.731323189393682,0.8104848276417853,0.463734522479858,0.07409427744421278,1.0,1.0,0.7,0.4,0.0,80,192.34259764981036,1129.4536368641584
6,48,0.5036220909854126,0.6594998982803213,0.7255533255216877,0.8174263438721057,0.4619185520729115,0.07477585546508024,1.0,1.0,0.7,0.4,0.0,82,193.35933777368064,1157.1533261863665
6,49,0.49240289812957494,0.6592292710205433,0.7364278949980634,0.8463047594742575,0.4413800152945761,0.07069677525630148,0.9792472820567075,1.0,0.7,0.4,0.0,86,211.22362479660364,946.7081984346
6,50,0.40077329469580714,0.5747615663652653,0.6626143030384303,0.7591265004396167,0.35398334137512083,0.07285535731893772,0.7499800451324186,1.0,0.7,0.4,0.0,92,176.12175583828147,1480.6848399868484
6,51,0.43161850535443946,0.6163860610806133,0.7153630057850295,0.7829456157542812,0.3902508841840164,0.07425329916618127,0.8249323514365001,1.0,0.7,0.4,0.0,93,211.45966079437625,1638.9710521591542
6,52,0.4988417110703838,0.6665876738878633,0.7536377297208074,0.8752849871696751,0.4712600535988241,0.07652532771301804,0.9942024560611957,1.0,0.7,0.4,0.0,94,223.35783280393483,853.8945957122595
6,53,0.5009269855210632,0.6900508174134681,0.7993274416361129,0.9114085358061879,0.45413677212055265,0.07658837294857336,1.0,1.0,0.7,0.4,0.0,101,198.30192619913427,1129.7834647423135
6,54,0.5022165968147443,0.6892463237146293,0.7982490767281004,0.9364262365155915,0.4609058272756733,0.07954964416487378,1.0,1.0,0.7,0.4,0.0,103,236.37162762210733,1069.0354467062327
6,55,0.4998916342480175,0.71883858381895,0.861170667756036,0.949065624137538,0.4545863352863728,0.07676683742148435,1.0,1.0,0.7,0.4,0.0,109,206.205153865091,1128.5185063155805
6,56,0.4998860417600291,0.7187868024526471,0.861112998575099,0.9527672983855765,0.45384964881979,0.07678055153732913,1.0,1.0,0.7,0.4,0.0,111,205.9345733342303,1127.1527338600863
6,57,0.4995810014798907,0.7286309422124119,0.8820026211442957,0.9650062245043649,0.4558670878531548,0.07678966117505939,1.0,1.0,0.7,0.4,0.0,113,209.98457186172428,1128.801973893573
6,58,0.49879691225413664,0.7241819445878912,0.8770919498822751,0.99610529161539,0.4704710482795874,0.07736126248877483,1.0,1.0,0.7,0.4,0.0,114,199.77716688915967,995.806988979274
6,59,0.49831287515647915,0.7332512143838728,0.8971335120752881,1.0083830933007367,0.45753949271699285,0.07736126248877484,1.0,1.0,0.7,0.4,0.0,116,201.23330294735248,1009.4774819433436
6,60,0.501379196516626,0.7223367151766658,0.8746940878133715,1.0145579773302011,0.46445305553287985,0.0830193690861118,1.0,1.0,0.7,0.4,0.0,118,212.04584777763597,1127.6226818298435
6,61,0.49522531227561334,0.7004633189976386,0.8508923883705504,1.031180818844577,0.5245048296486865,0.08071022730615059,1.0,1.0,0.7,0.4,0.0,119,232.41600724641916,1128.2920671805905
6,62,0.2810586753360411,0.5626452243588769,0.7910704175638654,1.1550834273407289,0.24278045423173494,0.09843048664664647,0.43447252376508183,1.0,0.7,0.4,0.0,182,194.98824052476195,4373.472595869561
6,63,0.2816963946522566,0.5729142111567851,0.8123278928615689,1.198255567589746,0.24476153607020787,0.09937982069279641,0.4353861044442229,1.0,0.7,0.4,0.0,188,194.0138966178741,9949.184072535312
6,64,0.29090407880855806,0.5814811218588396,0.8208176037265782,1.2315504329565785,0.2540018686137681,0.10467472888605664,0.44956456630094427,1.0,0.7,0.4,0.0,191,195.9041183856872,9254.578388930033
7,0,0.7371474002849258,0.6012115388278719,0.5632501761331313,0.02541881639360249,0.0,0.0,0.0,0.0,0.7,0.4,0.0,1,757.167014850112,1592.3024164342405
7,1,0.7292628313878614,0.6341261398870885,0.5944793772531157,0.07787153930041094,0.0803445117179989,0.0722683944765472,8.200470196247e-05,8.006131610743e-05,0.7,0.4,0.0,3,720.2644808663052,1508.033863853221
7,2,0.3233609972563062,0.45621761245495657,0.4079512774617081,0.09401572212020697,0.7705438803319693,0.09322200397693245,0.01050081115625817,0.012584557629738698,0.7,0.4,0.0,4,398.9738003347083,619.7961106827129
7,3,0.28407828472118674,0.4200886735192829,0.36662061890144265,0.10720329117123248,0.17874230869049856,0.09448811681028783,0.05457668042918819,0.0824073071445959,0.7,0.4,0.0,6,247.78533163029653,145.18052740042108
7,4,0.21302356197920275,0.3348285822113629,0.2746322343273096,0.08940448059864362,0.3094074586168837,0.0974182750406996,0.013002586934902392,0.01152674742293705,0.7,0.4,0.0,7,240.1177650055565,396.9568157291119
7,5,0.2055083441687869,0.3238689415047207,0.26269789130601773,0.09381522275680644,0.08984837161360681,0.09726883803244796,0.01146309669074894,0.0101372408693277,0.7,0.4,0.0,9,241.43457770537236,432.0646585232144
7,6,0.20514069793068102,0.2906407435901827,0.22250670205099207,0.12947953508973886,0.358408771231364,0.08587747454909035,0.13119450023631404,0.14116118754269508,0.7,0.4,0.0,10,243.01545879293445,493.2634439400742
7,7,0.20232092196988405,0.29700813178294266,0.23970972425100862,0.13642111464600765,0.11701493996316091,0.0858619915268257,0.12805854112766415,0.13778699341820794,0.7,0.4,0.0,12,232.57180262340376,486.2477469230389
7,8,0.19657147811947828,0.25283473854960314,0.1799514652711477,0.1457388244154414,0.28127839163989743,0.08578215102473655,0.1615746917827661,0.1562855171708384,0.7,0.4,0.0,13,208.73869477830775,1384.9254003429444
7,9,0.18170547735713954,0.23258609845410463,0.1684781774708739,0.15383114116923355,0.13933230347208014,0.08636260069902671,0.14496398429068086,0.14980317097346352,0.7,0.4,0.0,17,200.84064919543937,1104.8416809325838
7,10,0.18052683762746624,0.22947183507247737,0.16509090594798775,0.15847064611879802,0.12300619001976405,0.08671435783659427,0.1437310222441131,0.147845492768459,0.7,0.4,0.0,19,201.18466511317865,1151.1279325175958
7,11,0.1815781045223564,0.2281427841810238,0.16342872876904796,0.1680497971122815,0.1262420471593339,0.08727497656101138,0.14818048978559928,0.15284675698297284,0.7,0.4,0.0,21,200.8906352522434,1246.1354567389697
7,12,0.17981087717141267,0.2253742484150309,0.16052066274800306,0.16922786562042932,0.12397995049876498,0.08710653871267418,0.14521647213936156,0.1491693327403701,0.7,0.4,0.0,22,200.9173129511562,1195.8783436088352
7,13,0.1820835937486911,0.24397802362462429,0.2006462518576227,0.18954337430693557,0.1525417390135251,0.08850024340707291,0.15504084741075025,0.1718248294982389,0.7,0.4,0.0,23,188.6952393208166,1346.0214744012271
7,14,0.18029461892076054,0.24194363832260143,0.1985790073075965,0.18505047014369866,0.12338768991724139,0.086927019784116,0.1535720194678066,0.15689214861398956,0.7,0.4,0.0,24,191.65832990947396,1239.405894240911
7,15,0.18166218559653047,0.23877678146626685,0.1947966267959269,0.198776005797217,0.14730709266453862,0.09081690463912304,0.1550109545453224,0.16664437323063636,0.7,0.4,0.0,25,189.1799261347378,1298.432765238939
7,16,0.1811899871736361,0.24729815700635543,0.21420097375824426,0.20458857713417167,0.13093744794505946,0.08757725257684879,0.16166003017344183,0.17622884958799206,0.7,0.4,0.0,27,191.2285029198451,1480.9167258826117
7,17,0.1828970787197548,0.2376802728059857,0.1933871516319855,0.20920093069920864,0.12884640997955277,0.08932780277659616,0.16309688843430198,0.17934970865813676,0.7,0.4,0.0,28,195.5005933531824,1447.6076334364805
7,18,0.18427768364743113,0.24982843943866395,0.21665608360094496,0.22204966281732164,0.13009055578206222,0.09034310428935004,0.16511752707447164,0.1857195563569056,0.7,0.4,0.0,30,190.2334421716292,1555.4562091186408
7,19,0.1836620903486687,0.23657847171673368,0.19203584996643824,0.19284798091392685,0.13647843211367483,0.09034310428934994,0.1651175270744717,0.18571955635690504,0.7,0.4,0.0,31,194.68184787595013,1524.6938562328542
7,20,0.18382180559115177,0.2586316547550357,0.2363796040046606,0.2368585038334506,0.13098103607526212,0.09044015075863246,0.165647763160034,0.186384008921195,0.7,0.4,0.0,32,193.14789728696545,1547.8764709083152
7,21,0.17582614595712415,0.23897507478044222,0.205482722291693,0.19387229600104622,0.12312024619681462,0.08818419592699964,0.1501682610638948,0.16470973780754872,0.7,0.4,0.0,34,192.1694104584764,1320.9386698934738
7,22,0.18029545258207658,0.24262405438618592,0.2090223563495018,0.23661745767963618,0.1304611986226848,0.08950756112799116,0.15984280684613167,0.17772040775552606,0.7,0.4,0.0,35,199.8445999241182,1487.5498403724796
7,23,0.17988206503460824,0.24115234373315292,0.20741063337553128,0.21541451844968423,0.1315155736855267,0.08950756112799103,0.15984280684613184,0.17772040775552583,0.7,0.4,0.0,36,196.6911397088749,1505.6294033127824
7,24,0.18320214254621614,0.2737334040920099,0.2729567434115561,0.28454078885273626,0.13289984707517427,0.08683837680148652,0.17668149485111243,0.21475044046784908,0.7,0.4,0.0,49,196.29492815283572,1540.5655646006137
7,25,0.3650179821015962,0.43444277906877043,0.44075263829938155,0.49179734759594695,0.35269083045637606,0.15841331439495307,0.5325749040395562,1.0,0.7,0.4,0.0,54,269.44465282917963,677.4569131142424
7,26,0.3707430867077114,0.4277573363751175,0.42274079846635,0.5034077676707059,0.33286422349021616,0.15735184453828518,0.5496919380031497,1.0,0.7,0.4,0.0,56,275.572158442008,626.658304165445
7,27,0.35464886107878923,0.40808976381743084,0.4124624221702812,0.5098927015353512,0.3492645913586091,0.16015870721695954,0.5145132462264813,1.0,0.7,0.4,0.0,58,384.6264244685348,590.5049168239489
7,28,0.369277521185745,0.40254400005654156,0.40453586521026175,0.5366188540095658,0.3794429385876865,0.15800001955513476,0.5669556169526605,1.0,0.7,0.4,0.0,60,402.6785976873135,597.0871724180669
7,29,0.36956016312336026,0.3991804846681421,0.41063819011424396,0.5453752439721627,0.37064696093564076,0.15604429264834777,0.5788614698513521,1.0,0.7,0.4,0.0,62,407.28448703574657,565.4760680136561
7,30,0.3678858945830628,0.39096804422154685,0.4016805151561288,0.5540670594190615,0.3666711413430277,0.15757737044489756,0.5752164592385121,1.0,0.7,0.4,0.0,63,382.6720095505469,684.8742628399218
7,31,0.36787726505779694,0.3807682675575119,0.3903295443859208,0.5679026433269899,0.362587258665777,0.15601719381654439,0.5826820358685089,1.0,0.7,0.4,0.0,65,378.6916739838731,643.6517036964083
7,32,0.3983977069002252,0.4156744565875649,0.43564921310246935,0.6029018733796181,0.3872499780081385,0.15286942445613505,0.6674577049699794,1.0,0.7,0.4,0.0,67,380.4423469477271,717.1713350779046
7,33,0.3722788127968216,0.39516936076759845,0.42569875229602405,0.6181165878596323,0.3531143353393228,0.15355672739226325,0.6032891096580255,1.0,0.7,0.4,0.0,72,408.9085427332189,709.6250531063074
7,34,0.5231256377201663,0.5903346085362878,0.6854057901157483,0.8328910636697822,0.5204101098023267,0.1473235754644001,1.0,1.0,0.7,0.4,0.0,77,186.365261790324,964.572610301534
7,35,0.5215696002153776,0.5824131674287503,0.6767917900700412,0.8315401757969585,0.5085846585036293,0.14639995308381828,1.0,1.0,0.7,0.4,0.0,81,184.83490680691003,968.1782463794098
7,36,0.5215187331343085,0.593095621070034,0.6986000310709661,0.8498930360995673,0.5031756747685833,0.1463999530838183,1.0,1.0,0.7,0.4,0.0,83,185.59317506412063,965.45667010279
7,37,0.5199753710210918,0.57887926087491,0.6730474891577863,0.8409887605150009,0.5071929212609522,0.1445085069122765,1.0,1.0,0.7,0.4,0.0,84,188.3672601449148,1001.3780621077376
7,38,0.5162214527160429,0.5354370397541091,0.6153714209488718,0.8443032477549319,0.6092689346301238,0.14435157210408872,1.0,1.0,0.7,0.4,0.0,85,242.71346246345905,731.7136914343658
7,39,0.5097320640828492,0.5841974078979049,0.7199324865206035,0.9176009072065097,0.494682162238266,0.1351328261263399,1.0,1.0,0.7,0.4,0.0,98,249.3927910555654,937.5887044951636
7,40,0.5094634754549954,0.5766707521729371,0.7116367042904576,0.9249451629566537,0.5085880111625365,0.1359243685044936,1.0,1.0,0.7,0.4,0.0,100,246.11025242556823,933.0505169791276
7,41,0.5094720912424373,0.587703189578711,0.7338265613073514,0.9365452898524655,0.495300933805223,0.13594841386559775,1.0,1.0,0.7,0.4,0.0,102,246.24772489304877,932.1389960551804
7,42,0.5095179240792853,0.570630812757922,0.70495257097437,0.9288165956645836,0.5183254932946432,0.1369624322672133,1.0,1.0,0.7,0.4,0.0,103,243.62235428715584,934.223552634111
7,43,0.50924745910612,0.5794402823553957,0.7247146770977224,0.9401684574769626,0.49957060858430924,0.1368864029070619,1.0,1.0,0.7,0.4,0.0,105,243.65598647927715,934.465138921856
7,44,0.5088723525404664,0.565901252048036,0.6997925298327999,0.9471569791313619,0.5033418759999904,0.13666491746900936,1.0,1.0,0.7,0.4,0.0,106,241.46613336698564,929.3596043341836
7,45,0.5069022375903122,0.5691769340860363,0.7136186189618492,0.945461616101427,0.5160001714938953,0.1347210940360298,1.0,1.0,0.7,0.4,0.0,107,241.51964095030385,890.5354346501937
7,46,0.5084584071045274,0.5845283130752892,0.770444575560423,1.0089428657541566,0.5100037533271534,0.14106370136968455,1.0,1.0,0.7,0.4,0.0,117,252.4705634540813,1186.4492436194553
7,47,0.5052652997579107,0.5793183060345819,0.7750473550497093,1.0414631378155674,0.5203958357454701,0.138063264152476,1.0,1.0,0.7,0.4,0.0,119,246.51940576756587,1191.0228617544294
7,48,0.5068839378171871,0.5541004214595904,0.7370502704825481,1.0617358762725337,0.5089676961534114,0.14211247288576737,1.0,1.0,0.7,0.4,0.0,125,247.64277613037495,1172.5468452014486
7,49,0.5068733526396371,0.5650433009174033,0.7591438125189061,1.0695552471555514,0.4997364752675455,0.1421124728857673,1.0,1.0,0.7,0.4,0.0,127,247.53029098935045,1172.986649330687
7,50,0.5068239499132959,0.5754206262612971,0.7806178958214609,1.077903982938566,0.5006843346962984,0.14211247288576737,1.0,1.0,0.7,0.4,0.0,129,246.6290093485264,1176.610627886267
7,51,0.5090155580487111,0.5761718632767647,0.781221832277235,1.1037264920706018,0.5043695246029496,0.14539454689043613,1.0,1.0,0.7,0.4,0.0,131,241.9675488857203,927.5823788888674
7,52,0.5077701636541745,0.5637156324940974,0.7676219243750191,1.0818009466953158,0.5216963816072338,0.14476394248203317,1.0,1.0,0.7,0.4,0.0,133,226.1914466031845,1198.8783642546312
7,53,0.501513692875063,0.5354878295233023,0.7371673926207395,1.0855480960764383,0.5746733264470902,0.1378582101442667,1.0,1.0,0.7,0.4,0.0,134,243.60313328314064,1209.8471944858711
7,54,0.4937581636140641,0.5484094422638972,0.7722663838928776,1.0871940110009857,0.49445272268469337,0.1269112619581528,1.0,1.0,0.7,0.4,0.0,135,229.988707959931,1238.4095280977997
7,55,0.49665866116430735,0.5164133759207816,0.7267095203361056,1.088266053613962,0.5776031958295591,0.13300449820952615,1.0,1.0,0.7,0.4,0.0,136,228.42204974222085,1211.5490925172105
7,56,0.4971573015252224,0.5212507486208797,0.7420348659220297,1.1444180395098633,0.497361932556046,0.1342280429486554,1.0,1.0,0.7,0.4,0.0,143,230.351330731782,1209.6220416751382
7,57,0.49287563116822364,0.49831551845646654,0.7272961493925176,1.13553897808018,0.5434909494539883,0.1301645740198485,1.0,1.0,0.7,0.4,0.0,145,229.06566518905683,1196.18026509271
7,58,0.4924430420313034,0.49174870159957307,0.7201195601375266,1.1426996599856705,0.5016858325021918,0.12993278091711338,1.0,1.0,0.7,0.4,0.0,147,230.0625927028571,1228.9886970855391
7,59,0.49275043760720816,0.4912933699459643,0.7195885847518179,1.1509077578453137,0.49397328815117697,0.13041909992280612,1.0,1.0,0.7,0.4,0.0,148,229.9623422619142,1212.913270584686
7,60,0.4927380911648716,0.5130479813157338,0.7636314237390511,1.1685356359713954,0.49203936387882896,0.13042780343271665,1.0,1.0,0.7,0.4,0.0,150,229.6023882380769,1217.103016465038
7,61,0.49561177582615684,0.5309592742951122,0.8031632865634313,1.194182579752975,0.5069905202744611,0.13496625348412916,1.0,1.0,0.7,0.4,0.0,152,212.14677650789744,1255.188122542586
7,62,0.49574147267532087,0.540553550796819,0.8237609141605956,1.2152992499613657,0.49610025890757,0.13524819325602336,1.0,1.0,0.7,0.4,0.0,156,212.57129732183003,1260.01772659787
7,63,0.4952096006841192,0.5329995773161147,0.8155112613317961,1.2344692292129242,0.5067326934665962,0.1348952430743953,1.0,1.0,0.7,0.4,0.0,158,217.2815632071604,1305.017843698148
7,64,0.49228715365934783,0.5381104599657108,0.8314844230369572,1.233277572184086,0.49697139116252853,0.13089340430987,1.0,1.0,0.7,0.4,0.0,160,216.46126208312776,1317.142915378028
7,65,0.494933197661819,0.5397479347899534,0.833022183934478,1.2487222619235836,0.49470171220408393,0.13472987270211725,1.0,1.0,0.7,0.4,0.0,169,220.5917207814789,1191.328063816475
7,66,0.49464647412251694,0.5615073423530469,0.8770973743514983,1.2859747268310238,0.4941027675638425,0.13432851922758043,1.0,1.0,0.7,0.4,0.0,176,217.479824316319,1211.4071322083091
7,67,0.4947217399814661,0.5799963896843092,0.9175433597591616,1.33728992614102,0.5007554483501335,0.13464479845657823,1.0,1.0,0.7,0.4,0.0,178,218.9264574818714,1275.638031732984
7,68,0.4928476327887141,0.5712437153696898,0.9081112370194004,1.3076584351495812,0.5047229828581538,0.1323374010224892,1.0,1.0,0.7,0.4,0.0,180,220.59917854214063,1310.4356475842314
7,69,0.49246448952593863,0.5814262708453086,0.9294067294830259,1.3304890569671317,0.49410926398984634,0.13181810844996628,1.0,1.0,0.7,0.4,0.0,181,223.28298620791324,1306.2403396725283
7,70,0.49363038383984104,0.5813182240271495,0.9291728426259204,1.3422571477165373,0.4957076542652878,0.13355066982420788,1.0,1.0,0.7,0.4,0.0,183,221.9639640417377,1313.0471628796074
7,71,0.49374883890021726,0.5813090869912665,0.9291513249842382,1.3464170564548754,0.4940680407737301,0.13372653811467888,1.0,1.0,0.7,0.4,0.0,184,221.4718852978937,1289.5175660423945
7,72,0.493510129894704,0.5910595338066034,0.9499576359641807,1.3531693950139445,0.4972526246570458,0.13344335845428842,1.0,1.0,0.7,0.4,0.0,185,222.12281909012464,1323.398971860296
7,73,0.49286106121864737,0.5888022424006117,0.9475416322978363,1.375450679963555,0.4937478440061194,0.1325995231549893,1.0,1.0,0.7,0.4,0.0,191,216.40277115438272,1313.376844525521
7,74,0.49662003862676257,0.6136072776770889,0.9945641089288267,1.395757647538296,0.4978894833145508,0.1380286266096608,1.0,1.0,0.7,0.4,0.0,194,236.77153241109343,1176.4448371222509
8,0,0.7679638240674153,0.609986263300152,0.5728602331192026,0.026270155411242068,0.0,0.0,0.0,0.0,0.7,0.4,0.0,1,681.6545642964309,1560.1726493689025
8,1,0.7643196336678871,0.6456794084795696,0.607027505894064,0.07998633010999534,0.07863073898715234,0.07384516241704989,7.689356905324e-05,8.193442213313e-05,0.7,0.4,0.0,3,632.0708234326014,1463.1629841305587
8,2,0.7344817298215253,0.6233219049909211,0.5843608657487787,0.06298406475542037,0.043518317405153155,0.0462164286378095,0.00065352301289956,0.00010798921990128,0.7,0.4,0.0,4,618.7935121225155,1466.2176129469335
8,3,0.5297386975146928,0.579630090502513,0.5433825881855591,0.09279215228185655,0.36470080349267786,0.09331707396574043,0.0032187071961244105,0.0034297135297181895,0.7,0.4,0.0,5,378.6834730091701,925.531205509626
8,4,0.35659589181416884,0.48182912687583557,0.435750495011964,0.09328391418825882,0.24545846068765959,0.09562189213035488,0.01287482878449761,0.01371885411887285,0.7,0.4,0.0,7,189.7966772145124,504.4422663694777
8,5,0.33700113931821896,0.4781598290843209,0.4417184792841822,0.09434292696255164,0.1272753905063954,0.09584549501034903,0.015700824860346678,0.01673011186482151,0.7,0.4,0.0,8,163.90340729551298,438.5347978013287
8,6,0.3131825627337692,0.458848440217597,0.42012213350443495,0.10234708706802528,0.15878330532792773,0.09634467939477673,0.026558474024687268,0.02829954765715178,0.7,0.4,0.0,9,109.49840481315236,269.7460568317827
8,7,0.30879691535708503,0.4659742953449703,0.43801869962060197,0.11690508295773568,0.08512836023551285,0.0963574443453144,0.026969297193505208,0.02873730284722098,0.7,0.4,0.0,11,90.6069210955374,238.82569182326665
8,8,0.3959635531593289,0.5374465583152137,0.4914811993007498,0.25855585099424483,0.4741199971148052,0.23542012684327518,0.16978977872237938,1.0,0.7,0.4,0.0,12,85.48855627190409,2267.449310033036
8,9,0.3871278342664899,0.5250917387954246,0.47771469947009415,0.26609894896192765,0.26008030388449,0.23891343021192868,0.16986414577265213,1.0,0.7,0.4,0.0,14,80.49638073146657,2284.4430339808423
8,10,0.38170577542560546,0.516507931257108,0.46806327641655543,0.2723747889861159,0.2566444264759846,0.24254562096218218,0.1700872469234698,1.0,0.7,0.4,0.0,16,78.9177405990836,2292.4820630226723
8,11,0.3773053836412618,0.5104503012416604,0.4614888937141595,0.2735987525079589,0.25551604139749434,0.24135582099853922,0.17059735059844827,1.0,0.7,0.4,0.0,17,72.15805892277288,2420.402991738129
8,12,0.3796189757023233,0.5122107273147706,0.4630910513459483,0.2792142977684904,0.24609285486120033,0.2463251499535549,0.17045908217483244,1.0,0.7,0.4,0.0,18,81.11172212307102,2291.267158618264
8,13,0.32574983292375437,0.4623750308364194,0.43114398722105685,0.27160137928559813,0.372420105018071,0.21582186378920354,0.16042483619516298,1.0,0.7,0.4,0.0,19,81.16748737783739,2958.1966227887247
8,14,0.32146033645210703,0.4653101550911135,0.44446727212431153,0.286464328250438,0.2286947751476787,0.21582186378920354,0.16042483619516296,1.0,0.7,0.4,0.0,21,95.56192650330374,2851.565776327696
8,15,0.3142084809635157,0.4672240148170908,0.4571629609248619,0.2889814060296355,0.21685602848449093,0.2084107210254785,0.16051007579506799,1.0,0.7,0.4,0.0,23,84.47894865552323,2867.0601656291205
8,16,0.5545761508664192,0.6828296092130968,0.6590753563100733,0.5598053923318007,0.5079350394098154,0.3779190967360189,0.4970212252086729,1.0,0.7,0.4,0.0,25,295.10142047211787,17162.736395831245
8,17,0.4137952886323523,0.550875851806676,0.5378766436491591,0.4292607008695525,0.3321844005581402,0.3207431933165233,0.2502212661559967,1.0,0.7,0.4,0.0,27,121.18718823079398,8616.387364550117
8,18,0.2735139244879121,0.3667364733670993,0.3279174524622808,0.2833250685123433,0.2605108115673623,0.19268628040732888,0.16109437795352746,1.0,0.7,0.4,0.0,29,84.13242290432326,2569.0649542412957
8,19,0.2794627457036119,0.4040990647760228,0.39849026446498703,0.31273648720880215,0.21142728847746373,0.19509361575433315,0.17456557291972577,1.0,0.7,0.4,0.0,31,77.94283354413477,2905.877579187256
8,20,0.28073781147468946,0.37404141631371896,0.3447418781297636,0.31257517928742345,0.23680244738743517,0.19564449017555796,0.18966170043474448,1.0,0.7,0.4,0.0,33,83.04366757033927,3180.0226898959486
8,21,0.26599251447016026,0.3696108211805419,0.3513624801930576,0.3100707711905431,0.20049685475528833,0.19056843757173336,0.16272213728241622,1.0,0.7,0.4,0.0,35,86.34728506704487,2548.1702133009485
8,22,0.26615818653484186,0.3800722545624202,0.372872698421923,0.32247626920212236,0.19989898241237752,0.1904154156228321,0.16446316786795384,1.0,0.7,0.4,0.0,40,81.22215133545738,2644.577674919746
8,23,0.26748871759218945,0.380384100929161,0.3730368789237034,0.33041342133042395,0.20354273728051742,0.19037606926491493,0.16919008810856287,1.0,0.7,0.4,0.0,42,81.66431707344739,2704.6679323756293
8,24,0.28248826429872453,0.40116130035708614,0.40421675198734647,0.369017605087495,0.24552640501317183,0.2042255349302907,0.18918132228549694,1.0,0.7,0.4,0.0,43,80.53468588880652,3190.085147272457
8,25,0.31347050814789845,0.4647154437357067,0.5011648133762482,0.43908290600042155,0.25056678071878236,0.2295619023341433,0.22318144835023707,1.0,0.7,0.4,0.0,49,84.54372196657243,4640.273217380724
8,26,0.2688398861500457,0.38227991701872926,0.3942394444751372,0.3928426596090366,0.2885981506679746,0.19400846609853134,0.19149913244833985,1.0,0.7,0.4,0.0,50,80.0824711577585,3339.4558593003208
8,27,0.30965491985436644,0.4451102772491883,0.4793756370499783,0.45019081151513873,0.25353667118344836,0.23696791590512797,0.21856328092803912,1.0,0.7,0.4,0.0,54,91.79020762742886,4378.361110207537
8,28,0.3088067186574173,0.45328405814353423,0.49843660226561426,0.4699874354303979,0.2581599185319148,0.23696791590512806,0.21856328092803912,1.0,0.7,0.4,0.0,56,89.05496754471174,4411.651443190735
8,29,0.27528525642823504,0.4043596585898547,0.43777176978828436,0.4612489880584014,0.24179040589303752,0.20054637145753595,0.20283282555125562,1.0,0.7,0.4,0.0,57,76.36285900570725,3171.9359121564435
8,30,0.27450207872362464,0.400441777911388,0.43343913091504593,0.4680207747873786,0.22927045482277258,0.20396893282051107,0.19794000301177955,1.0,0.7,0.4,0.0,59,82.31947141587136,3042.236112456585
8,31,0.43129542573978996,0.5550161457459988,0.5877220685571473,0.6321115590375181,0.38986885338411814,0.2317212918299628,0.5434656524765283,1.0,0.7,0.4,0.0,60,86.35443391123563,3243.3663678726134
8,32,0.27851655242083595,0.39957899420199616,0.4319376607905385,0.4901002658895134,0.24005286613793178,0.2052277534000453,0.21035750757214275,1.0,0.7,0.4,0.0,61,79.83369705623156,3310.7374406044128
8,33,0.2789844902019135,0.39743054678468914,0.42944941747027343,0.4979256096679308,0.23521174988194876,0.21001579739352896,0.2055285472003046,1.0,0.7,0.4,0.0,63,85.88083717560167,3178.475537919239
8,34,0.275850476320396,0.3938431424622059,0.42580346340655956,0.4948949299285506,0.22728606823758912,0.2052401810163682,0.206458034363716,1.0,0.7,0.4,0.0,65,81.44557880024927,3246.5846447630406
8,35,0.27738124830999156,0.3942727167374995,0.426090789865692,0.5068033797115761,0.23319127603623863,0.20656575306842823,0.208947585353977,1.0,0.7,0.4,0.0,66,81.92444020418638,3289.763512754889
8,36,0.2777398797636356,0.3943150061979893,0.4260921616353303,0.5207395839636407,0.2291255197879239,0.2083462428009552,0.20700887222951425,1.0,0.7,0.4,0.0,69,90.08000717007312,3115.6275451688903
8,37,0.272923357480067,0.38741714571272995,0.418926722654357,0.516384428775109,0.23400932381386286,0.20555848975462365,0.20167453988510653,1.0,0.7,0.4,0.0,70,82.30967444233389,3111.2536352842653
8,38,0.4379940823405466,0.564599343130035,0.6171591112013003,0.6885792756142568,0.40804791874913127,0.18862719854456853,0.6523976976595072,1.0,0.7,0.4,0.0,73,127.34029520810846,1686.424389501581
8,39,0.40612735072867256,0.542137423408499,0.6056501741874829,0.6639663872461368,0.3654137447927558,0.1922633118661128,0.5677136616521695,1.0,0.7,0.4,0.0,75,119.04704846812749,1671.1650149064556
8,40,0.39470917466452304,0.5406076080953269,0.6151345187439061,0.6638464032195078,0.35329864178854503,0.1956653246342104,0.5341649721636058,1.0,0.7,0.4,0.0,77,118.65883262600012,1646.2316236287277
8,41,0.4266998477608508,0.5592921158616155,0.6223781061186974,0.6990362109975155,0.38525177496055973,0.20305395384223962,0.6029254084198203,1.0,0.7,0.4,0.0,82,106.41218465761185,2443.6092779151195
8,42,0.4246286328573217,0.5549782961576837,0.6177856936204886,0.7042972381067437,0.38683305541910695,0.20245990484771936,0.600496242951864,1.0,0.7,0.4,0.0,84,106.0121176915916,2443.451998915596
8,43,0.3957235607428749,0.528850058308262,0.6017985814331285,0.6916326772105769,0.367518844236168,0.1764039046308495,0.5799320906401138,1.0,0.7,0.4,0.0,87,94.8633953125566,2197.998835454062
8,44,0.5834406291337939,0.7377480120637843,0.8427277845452578,0.961276866343914,0.5507485619576797,0.20921200246982216,1.0,1.0,0.7,0.4,0.0,99,93.86137292716508,3371.9837764800213
8,45,0.580968838298495,0.7451222663822658,0.8611175745873081,0.9818297340372758,0.5456189418170396,0.2061411805221463,1.0,1.0,0.7,0.4,0.0,103,92.38958992379386,3294.9152752772948
8,46,0.41864493404337466,0.5150209717996364,0.5638812014082648,0.7573013024250026,0.38484733174979846,0.22014313307169026,0.5704630702814474,1.0,0.7,0.4,0.0,105,93.30806099477915,3992.676843478535
8,47,0.42887088654227384,0.5768810977890669,0.6811097786645591,0.8340128979275834,0.4015116327073136,0.22183053943917125,0.5954756676155737,1.0,0.7,0.4,0.0,107,98.29438843731457,3881.3483987389295
8,48,0.415125167770669,0.5605392517660236,0.6644584149828501,0.824254857042502,0.38410821281827967,0.2199874248345719,0.5659750735467626,1.0,0.7,0.4,0.0,110,95.26404993843572,3923.871800717729
8,49,0.41623971973912754,0.557889362707718,0.6613661817731364,0.8294070879175679,0.39771779968561627,0.22173780679473637,0.5679051709860676,1.0,0.7,0.4,0.0,111,99.4071262944853,3939.627407811901
8,50,0.41638410311508506,0.5573562475991904,0.6607534544780796,0.8332561490797218,0.3854934009436298,0.22186375323980193,0.5684450774720176,1.0,0.7,0.4,0.0,112,99.36918278218924,3939.926029361488
8,51,0.4164647855708631,0.5682554567332252,0.682785197754288,0.8419240301966306,0.3839836280019525,0.22196333750459205,0.5686361697393861,1.0,0.7,0.4,0.0,113,99.42097808605384,3939.635010259854
8,52,0.41552306290528007,0.5631851705792991,0.6772310140614002,0.8451078420089166,0.39991307556433064,0.22372370870603056,0.5655899561520749,1.0,0.7,0.4,0.0,114,101.23963105628064,3820.155221694169
8,53,0.4154646063891251,0.5739669348456767,0.6991478456800712,0.8572749597855049,0.3833713030304113,0.2237237087060306,0.5655899561520749,1.0,0.7,0.4,0.0,116,101.77168400557808,3810.641989368967
8,54,0.4178666769649941,0.5862405967920726,0.7224438597729478,0.8943864966172193,0.38678433206528784,0.21828139750063288,0.5818137506975383,1.0,0.7,0.4,0.0,120,103.38544330332802,3808.74976823717
8,55,0.45446446991776585,0.5987292630321073,0.7123787253004554,0.9430166354051566,0.4241240580073628,0.20294182905856287,0.7012261963114914,1.0,0.7,0.4,0.0,125,101.71085270264916,3025.9107799449607
8,56,0.46336512432423305,0.6413651972827243,0.7984440687118775,1.0285826489513963,0.43917031998242273,0.20428269117106482,0.7268530565574153,1.0,0.7,0.4,0.0,133,95.353561716298,3764.103565566666
8,57,0.5637680084170408,0.7281231872908411,0.8737444103162468,1.1440055129662623,0.5367284833584159,0.1923792813733585,1.0,1.0,0.7,0.4,0.0,138,99.05705425321275,3469.6219995366923
9,0,0.8156146068402257,0.6228905487695174,0.5869928736115807,0.027523683801186024,0.0,0.0,0.0,0.0,0.7,0.4,0.0,1,562.840400730878,1438.6552926364104
9,1,0.7950822264876344,0.6472002008249913,0.6096974412014251,0.07060699709846355,0.06947709832643238,0.05877337387648285,7.482665131507e-05,5.0079470653110004e-05,0.7,0.4,0.0,3,529.5246240548068,1273.672822774594
9,2,1.0073782215896931,0.9781899060180046,0.9353125654509467,0.4580112481965805,0.6185438047207781,0.10721577432606748,0.8839267820352374,1.0,0.7,0.4,0.0,4,359.4932613822052,549.958604975272
9,3,0.2622021638010393,0.39800588074773896,0.34486586142699804,0.07258210572229669,0.8178524748300573,0.07730296155552106,0.020827909656799058,0.01393956126716705,0.7,0.4,0.0,5,187.79102118104964,295.4432540610815
9,4,0.25361320424842954,0.38874748176669743,0.33462237400276434,0.0765285134030517,0.08090620305944067,0.07739093445596448,0.0233995204265442,0.01566067137715187,0.7,0.4,0.0,7,189.05451047143828,268.6554552589293
9,5,0.24961088968757236,0.38453080585639304,0.33018247248583804,0.08502268364254044,0.06953765248774055,0.07584872054068434,0.021418825788118552,0.014738352560652122,0.7,0.4,0.0,8,182.3133377495533,260.1960767036084
9,6,0.24245955320039472,0.37047789242395995,0.31235934426505957,0.11046859189360686,0.22025144980199382,0.0831463876872473,0.07253288976382632,0.22047138984604628,0.7,0.4,0.0,9,177.95267197687917,194.5554701347033
9,7,0.21819092963504294,0.37909090782292343,0.3543120398459829,0.10033404256952248,0.06970019212198034,0.06452190861794388,0.0475344521901435,0.01998487159214183,0.7,0.4,0.0,10,112.31461415999412,97.75481060334302
9,8,0.218764296626688,0.3659940029418815,0.3291467363845705,0.10622983381368592,0.07961230691542265,0.0629900201340525,0.06893333937363995,0.029002596179012456,0.7,0.4,0.0,14,94.08566334341091,156.59989503481094
9,9,0.21940124887100193,0.3554934595078535,0.30746732101870955,0.09167252565466442,0.0728835150030605,0.06339583779547256,0.0700700183432941,0.029464407333517,0.7,0.4,0.0,15,92.6983866644321,163.66889842377333
9,10,0.2108899643244281,0.34572360755868026,0.3054273928808029,0.12558223696373308,0.20878790787089305,0.07993019685501371,0.079188750222142,0.03457446919361726,0.7,0.4,0.0,16,87.23778591040943,346.1902628297842
9,11,0.2086642825164718,0.3540483640005345,0.32478673116748036,0.13118310506692038,0.08853629104802024,0.07990201825886813,0.07574382653992609,0.03307038676535544,0.7,0.4,0.0,18,89.68174955321233,319.95710841875456
9,12,0.19942322292612313,0.3437311060115749,0.31421514517989757,0.12647775258109684,0.08307037057369054,0.06792412180273874,0.07759070340116193,0.03324069694750757,0.7,0.4,0.0,20,85.1594606224761,224.75330369640565
9,13,0.19148300854812805,0.32269369702980466,0.2903787182124601,0.13888787402067204,0.18566651360284775,0.07977600882451837,0.07776613721866027,0.03430793670779009,0.7,0.4,0.0,21,88.37381108799599,322.5242477883928
9,14,0.19151551946714318,0.3226140618107878,0.2902769690292232,0.14765375658730792,0.08736232722405929,0.0797660605592218,0.07816525223141799,0.0345096078144015,0.7,0.4,0.0,24,90.26325770911106,324.1130564386
9,15,0.8289419253697797,0.963436214211333,0.9408002476995357,0.7936798788350614,0.7838455660924543,1.0,0.08051909198955573,1.0,0.7,0.4,0.0,25,91.917060086798,429.1786190678359
9,16,0.8267264113914496,0.959134216096268,0.9361184481988712,0.8012694806852384,0.7385987972353635,1.0,0.07974384089025326,1.0,0.7,0.4,0.0,27,86.63339638907556,390.2646216188234
9,17,0.8266613213214837,0.9590522150061511,0.9360333744924202,0.8065327344462296,0.7319561412785732,1.0,0.07961926876499431,1.0,0.7,0.4,0.0,28,86.74364937908334,389.2797099281084
9,18,0.8265568046937712,0.9697504560946419,0.9578436820042739,0.8094800154899852,0.733878382538955,1.0,0.08001623023421342,1.0,0.7,0.4,0.0,29,87.03094419850437,391.11952182472646
9,19,0.826486136283391,0.9696632303886215,0.9577535700829172,0.8147894212763996,0.732055631530804,1.0,0.07987647997445782,1.0,0.7,0.4,0.0,30,87.15595200208436,390.017199145695
9,20,0.1819741427287282,0.3001028844715809,0.2746342493485853,0.18503214823003217,0.1830629813720009,0.0801267495668427,0.10636353088597812,0.17734274323383967,0.7,0.4,0.0,31,103.706674581651,983.0687083528276
9,21,0.17987379057824224,0.2962916322228605,0.27054346477391705,0.18955478480967006,0.10268374532381172,0.07990955106355475,0.10455203832482278,0.17635760224350924,0.7,0.4,0.0,33,105.40848738356416,946.6965311192604
9,22,0.2027423358730449,0.31628128984987963,0.29006827030987686,0.22852750536691574,0.12810716933287847,0.07357935008698721,0.17781170591065015,0.2623810012893574,0.7,0.4,0.0,36,84.3431893347155,1072.4003652406134
9,23,0.20227973320534562,0.32628972048441196,0.3111419912058023,0.24333592243686875,0.12436143998857847,0.07355856494166113,0.1777553366192807,0.2622757412823848,0.7,0.4,0.0,38,84.1334475940069,1072.5053010018046
9,24,0.1916032271967743,0.30514205072108286,0.28836673791057776,0.23761172557604301,0.14725747472290152,0.07735726623258543,0.16098391231803447,0.2869037549963496,0.7,0.4,0.0,40,91.95405366135944,1052.2893202683183
9,25,0.19054984876355197,0.3133723870268207,0.30748956392580273,0.25259627776032023,0.12332423987018579,0.07735726623258542,0.1609839123180344,0.2869037549963496,0.7,0.4,0.0,42,92.88964459429472,1029.19040679125
9,26,0.19350891852976998,0.3150180595402766,0.3089381191980908,0.2561383329823965,0.1257362751537259,0.07572213622695542,0.17313633852104762,0.2196600962466384,0.7,0.4,0.0,44,83.72350301332303,773.4596970183793
9,27,0.3258956473645406,0.46553334888700176,0.48117555090975034,0.395928025839994,0.26786449404387913,0.07875021973398705,0.5046195982899184,0.2261183028154202,0.7,0.4,0.0,46,111.07625255286904,837.6708871344098
9,28,0.36414812996774726,0.519303416482169,0.5563105186441606,0.45175994302919,0.33243165524108853,0.11024379903610174,0.5538076271918742,1.0,0.7,0.4,0.0,47,113.59813988367836,570.4045311477229
9,29,0.3599608765314012,0.5081328119445928,0.5441488381615579,0.4566469478325767,0.3154099878069297,0.11115086487160637,0.5503200345092535,1.0,0.7,0.4,0.0,49,116.49416355583942,532.296329264237
9,30,0.38841515785822267,0.5326195777324491,0.568070856304004,0.48985951523826976,0.3491906010043383,0.10566277408714937,0.6359748387520721,1.0,0.7,0.4,0.0,50,96.25206815394743,701.6058189876403
9,31,0.37763300382154297,0.5111184309560304,0.5451190117626448,0.4887476983853292,0.3472487060673144,0.10781790762399782,0.6165504633573821,1.0,0.7,0.4,0.0,52,116.7641719988691,549.018778684609
9,32,0.3810970911874636,0.5228840923194791,0.5676759467475294,0.5092461964298072,0.3332794551121655,0.10570347384048892,0.6317443032212722,1.0,0.7,0.4,0.0,54,105.83381336748918,636.9339459925599
9,33,0.3444151793040342,0.485585277017327,0.5302954872380408,0.4794663089504977,0.2916651228766738,0.07061300837875095,0.6020501133121928,0.35038446157892844,0.7,0.4,0.0,56,104.38316839873252,962.4914680843832
9,34,0.34513120938764164,0.49675965519043147,0.5525502784095944,0.4901280221508058,0.2927178666850197,0.0709098584581212,0.6039554663917653,0.3547421746424982,0.7,0.4,0.0,58,104.24132954557932,1009.8601281565964
9,35,0.3419335877597238,0.4702601226983242,0.5035732041336781,0.4777041808641904,0.2936442590443144,0.07014280877404519,0.5983959603001482,0.35440849933072804,0.7,0.4,0.0,59,108.30893532746192,927.1040921129356
9,36,0.3359593265812255,0.46268539412462945,0.49578660293703514,0.4786259032833852,0.29057460570080657,0.07927732209541023,0.5690338232700448,0.3705499743598819,0.7,0.4,0.0,60,110.57048476237688,514.00067133954
9,37,0.3374476086704338,0.4863476637408056,0.5417767860916322,0.4929791523581645,0.28469785056044716,0.0768759909008362,0.5769764134347908,0.371288785475434,0.7,0.4,0.0,61,104.93726263786598,554.9816228809577
9,38,0.3335023080968557,0.46570506243624954,0.5092346162541728,0.4942547533013621,0.29572136075462585,0.07638160831354454,0.5732622165622933,0.3870044817249384,0.7,0.4,0.0,63,111.43517150188404,559.2094841995867
9,39,0.41993493789367353,0.5502780937263855,0.5935660278832491,0.5777000384624708,0.3741557068911081,0.0838630260747453,0.7779506163023818,0.7430267348160823,0.7,0.4,0.0,65,101.26707560584802,411.0581818932458
9,40,0.4198291179669936,0.5609760408411494,0.6153912228754166,0.5945593618146163,0.37055178101766273,0.0838630260747453,0.7779506163023818,0.7430267348160823,0.7,0.4,0.0,67,102.56360234894645,404.9586607164956
9,41,0.333359632955021,0.4844921734605459,0.5499287571862295,0.5187428684753381,0.2888779222459425,0.06969192963016943,0.5875760693489169,0.40481967615918135,0.7,0.4,0.0,68,114.41545674272729,851.9024987923303
9,42,0.4165504313470736,0.5494549123148628,0.6028114713617063,0.600011495459441,0.38562024883301355,0.08614609543090014,0.7729534721744273,0.771545338281838,0.7,0.4,0.0,70,103.68073038376778,398.7218922573361
9,43,0.42730495780534694,0.5663073964927396,0.6301948426435258,0.6149679259277319,0.40439181037258826,0.08488418532385111,0.8062111702381634,0.7891720395146099,0.7,0.4,0.0,71,100.6837143564928,433.5524779723671
9,44,0.42402010260866185,0.546022868038805,0.5980067382820515,0.6234664080879706,0.4063963822658619,0.08739847274073476,0.7982319660839037,0.789680781349811,0.7,0.4,0.0,72,107.85154490899012,384.4792295302819
9,45,0.423802100308079,0.5563844870643655,0.6194692482749137,0.6336964598287763,0.38155005518447116,0.08724923363649581,0.7983467690267603,0.7894616030483415,0.7,0.4,0.0,74,106.68909571730669,387.8544806359683
9,46,0.4074490553420965,0.5394670227124807,0.602481623106739,0.6278902161403512,0.3654662262157969,0.07214424219369134,0.7843310321669336,0.2786638148435584,0.7,0.4,0.0,76,114.21245288789936,996.1329938226964
9,47,0.4127302832004236,0.5779869531714859,0.674490751382498,0.6650758228547706,0.3696583963837885,0.0707158815951463,0.80007573517263,0.4633410764005029,0.7,0.4,0.0,78,131.13950186378534,820.5765022709252
9,48,0.40501076689713433,0.5591517688834209,0.6444881594302196,0.6644539773907734,0.36184519661329306,0.0706585451105908,0.7808895851804203,0.27453718077229533,0.7,0.4,0.0,80,119.17199000052412,985.864766810999
9,49,0.4155024684836991,0.6024240802749649,0.7211929733904807,0.6895236619816207,0.37472334898305354,0.07214289213795247,0.8049110481001165,0.46386714670202756,0.7,0.4,0.0,81,123.77638367634162,882.878531203707
9,50,0.4124860218090698,0.5991336818684887,0.7178684798660904,0.7046876134785014,0.37072612504704827,0.0707158815951463,0.8000757351726293,0.46334107640050226,0.7,0.4,0.0,82,129.20154916789983,829.4464735484212
9,51,0.43768752646500675,0.5779536185123535,0.6517801241277176,0.6905222130161576,0.3996760103882031,0.0909353324341105,0.8291992112108364,0.7643525841798464,0.7,0.4,0.0,84,100.66037542853174,382.71433874103496
9,52,0.49763889636274056,0.6740430343935795,0.8013418425962868,0.8041280365930545,0.5021883396379856,0.08667331448905083,1.0,0.9162068389120981,0.7,0.4,0.0,86,116.12354731881204,387.1840776213514
9,53,0.5011233165795406,0.6654051613035726,0.7814159582242897,0.8078125197974904,0.46876624374475123,0.09202859064121038,1.0,0.9077642949825411,0.7,0.4,0.0,87,113.31121237955774,334.1302503002987
9,54,0.49984263860202033,0.6729565341146697,0.7998619709029557,0.8252625564934912,0.46849817892964685,0.0910230840001299,1.0,0.8270849423026669,0.7,0.4,0.0,89,114.48143619616523,375.9960915890911
9,55,0.5003127626570969,0.6609421118012653,0.7765169365011031,0.8111504714850468,0.4703766300975307,0.09219380906710009,1.0,0.8277900475385124,0.7,0.4,0.0,90,115.10739972186124,364.2348113286769
9,56,0.49917515512263255,0.6472823783042255,0.7515223800665621,0.8136539962884155,0.4667464983520123,0.09107674079025636,1.0,0.8294652601324699,0.7,0.4,0.0,92,112.82784693139097,387.6426243689948
9,57,0.5013272405710566,0.6382911321381185,0.7313606037763075,0.7541562209991791,0.46607450945020673,0.09416498195778082,1.0,0.8302054858770587,0.7,0.4,0.0,93,121.21568274586868,344.413057816576
9,58,0.4988291346338978,0.6566209636146347,0.7718589660140001,0.8319983703409232,0.469476164754595,0.09107674079025636,1.0,0.8294652601324699,0.7,0.4,0.0,94,115.19808043976523,381.8389113369531
9,59,0.49253792994379125,0.6653805298588766,0.802106619068981,0.8448691652871845,0.46906975547141155,0.08532323967988624,0.9986068345951444,1.0,0.7,0.4,0.0,97,114.3240464423033,412.12228876071146
9,60,0.49786521556195784,0.6579336290133213,0.7832977483749517,0.8729404757421315,0.4658808983287018,0.09269314777473894,1.0,0.8456909205849723,0.7,0.4,0.0,104,123.8859846178319,417.7236184560962
9,61,0.49614847350822844,0.6762727194688166,0.8237174265208024,0.9054156143432012,0.4651229311180789,0.09093780030194348,1.0,0.8327791811942677,0.7,0.4,0.0,110,122.19424417277656,392.9317575382288
9,62,0.2836348358203752,0.4920623195993601,0.6724223654842643,0.6941848221074054,0.2563470794147165,0.06701742400500159,0.513356408973532,0.835720043732945,0.7,0.4,0.0,115,125.6025199177996,741.0705578632236
9,63,0.3450813202063062,0.5213534947881866,0.6782337126680047,0.7670155685228848,0.33610744286857414,0.06414789043317183,0.677276684321921,0.9379877373544592,0.7,0.4,0.0,117,114.75532601040317,893.8818746319715
9,64,0.3446855596629333,0.5300947770636106,0.6979160203942482,0.7711194647677594,0.3197445190786057,0.06414789043317183,0.677276684321921,0.9379877373544592,0.7,0.4,0.0,119,115.489561790813,883.0372974291932
9,65,0.3670857752990886,0.5567802540460969,0.7349900390273244,0.8091409480479952,0.34504194917043135,0.061580924172223085,0.7411362907191108,0.8913758465852153,0.7,0.4,0.0,124,95.24549388660444,852.2897476254248
9,66,0.3410600079967959,0.5263906384100286,0.7041059533227549,0.8022664246821875,0.3230803573440205,0.06180842857062289,0.6777498509666138,0.9156056755280924,0.7,0.4,0.0,126,108.72241825189217,853.5086701061235
9,67,0.33623434153761544,0.5293158421641504,0.7178187913523033,0.8097732485730982,0.31682172510899786,0.060210340605038035,0.6700358816648072,0.9192300645081428,0.7,0.4,0.0,128,102.76169183177764,859.2021869171364
9,68,0.3424473922779052,0.5455653535697504,0.7451142334863832,0.8595306195990735,0.31695149301197034,0.06455632178257675,0.6784481443136728,0.9053574514714573,0.7,0.4,0.0,139,123.42695447006184,889.0913865646559
9,69,0.3483372824416131,0.5470133857291449,0.7460634816143585,0.876452326475905,0.34087788856975376,0.06988206946747234,0.6858528509227251,0.9569163428279,0.7,0.4,0.0,140,129.74384028925152,993.9236151757297
9,70,0.40035316219863837,0.7273384403706707,1.0598294071537406,1.2074009575738296,0.3764688619742047,0.07330553090022554,0.8120181290225169,0.6895824476926672,0.7,0.4,0.0,195,121.97925515698392,889.1823385179893
9,71,0.4006513828032115,0.749641028111451,1.104441429714714,1.2348162077287166,0.3767007752176193,0.07373695294110383,0.8120901664885125,0.6904259156035446,0.7,0.4,0.0,198,123.29305359897268,907.1196107217968
9,72,0.39310541616586653,0.7403954848432849,1.095006281418636,1.2423386722652365,0.3725400257616493,0.07393875256121893,0.7935984265733855,0.7014427294680644,0.7,0.4,0.0,200,128.17216227583964,912.8609331084596
10,0,0.8127335170569123,0.6221316225603598,0.5861617634387118,0.027448851356801435,0.0,0.0,0.0,0.0,0.7,0.4,0.0,1,571.7305654593252,1390.7924841784595
10,1,0.7875570290649068,0.6400387602160421,0.602522619688012,0.06357628486778119,0.06142310205483304,0.04873801941864187,8.445015662487001e-05,2.955854560063e-05,0.7,0.4,0.0,3,544.7790391868091,1219.057004430493
10,2,0.35352359449638604,0.4751211137611682,0.43054542711331845,0.07793911623533356,0.6985989686849137,0.06400680428817586,0.01196348096628499,0.004134903301515331,0.7,0.4,0.0,4,249.0449330239322,581.2331515260024
10,3,0.2695466584089285,0.4062958941798059,0.35361201983717155,0.08599165492396917,0.20718320153471836,0.06532176933880837,0.05054095003860045,0.01651919046262467,0.7,0.4,0.0,6,117.4327965904295,103.17495360960096
10,4,0.24077977899636016,0.373980704555262,0.31832267921599156,0.08773768005611879,0.11595534100671934,0.06531881058867266,0.04786811935298172,0.015573863027390469,0.7,0.4,0.0,8,105.8722347358345,101.52329255252216
10,5,0.22779299759885205,0.35950933231365034,0.3030166367774473,0.08507217985539765,0.08860745319942984,0.07146778057494343,0.02285013965261987,0.01107815546187931,0.7,0.4,0.0,9,116.41046087303928,194.241388306366
10,6,0.21195036467422934,0.3242981024305121,0.25344043622583917,0.09414167819334003,0.18152491721972785,0.06995699839534922,0.04924160858238117,0.011257398050217509,0.7,0.4,0.0,10,147.39181010790102,111.10544484820949
10,7,0.20252133231826533,0.32436593355957166,0.26418454180835527,0.08965075468017433,0.08001590289269744,0.06824911733967458,0.0374991512988968,0.01130389898199748,0.7,0.4,0.0,11,124.57607906969636,101.28434717116882
10,8,0.2028338326614638,0.33555182417502716,0.28646938695748886,0.09703145297168704,0.06473209371741503,0.06822501559896506,0.03950792272033587,0.01187202015290348,0.7,0.4,0.0,13,119.57258845634358,98.615363726285
10,9,0.20401349496143412,0.31161144632709736,0.23936719557829722,0.1083424092669593,0.0998687523362037,0.06478403899161808,0.0629940830618313,0.01511131645053308,0.7,0.4,0.0,14,105.54538042219652,141.8544029275789
10,10,0.20081641097586983,0.31752545653990016,0.25591654548028603,0.11055194022004335,0.08961929363394659,0.06979903755637223,0.05517599432187461,0.01393245843705293,0.7,0.4,0.0,15,108.07065277201092,124.83796693827388
10,11,0.20038963361458428,0.3044417820650924,0.2312678879011678,0.11472189027717233,0.08723834222773746,0.06868907375016556,0.06265145519793344,0.015366936012054211,0.7,0.4,0.0,16,98.40977346169038,161.51710704816784
10,12,0.18937968223278734,0.29879617800355485,0.2353715976188819,0.12137043111195986,0.09678976592791014,0.06443326113119163,0.06542597629542979,0.015837902095427438,0.7,0.4,0.0,18,109.10163139914194,146.66673409777056
10,13,0.1829900026213438,0.2982702465431256,0.24490472359092563,0.1278019803509814,0.09023823582210411,0.06443326113119163,0.06542597629542977,0.015837902095427438,0.7,0.4,0.0,20,114.07481746595896,141.66563019160324
10,14,0.18391299718295875,0.28703886183098853,0.22227378137383053,0.12747467279380797,0.08219359999736707,0.06846667829466063,0.06418037273837118,0.01591091641691807,0.7,0.4,0.0,21,100.97088445531983,165.31286748110546
10,15,0.18219324326073524,0.2945827486123155,0.2406151068060404,0.14052813280622597,0.08655009757809133,0.0683967558080486,0.06508334843153195,0.016093521656948558,0.7,0.4,0.0,22,102.29431440881224,161.19955496301247
10,16,0.19093794773378178,0.29536357142192426,0.23983198338870648,0.15614463077050666,0.11870366985751013,0.06030731367981074,0.12226741329810142,0.02274465563807864,0.7,0.4,0.0,24,114.6097084175179,359.24187365082406
10,17,0.19069446678549934,0.2949430721224783,0.23937802739140893,0.16138940368059135,0.09223133811968195,0.06051102208706728,0.12173721551504726,0.02327767811873227,0.7,0.4,0.0,25,100.37354166032976,393.3763662670485
10,18,0.18988559935481084,0.3013324452856867,0.25620940095605116,0.17170469249071385,0.10670186181078112,0.06359800812819338,0.12355884352430187,0.03317437715804406,0.7,0.4,0.0,27,67.1615887193723,544.0491771616852
10,19,0.19531751409489054,0.29258152869740495,0.23573757825460295,0.17944594797589525,0.12171236503346122,0.07279839285586116,0.1279174300430457,0.056776305009456095,0.7,0.4,0.0,28,282.057392035679,16384180.32368899
10,20,0.19626411365287294,0.2916568630681702,0.23448206007995986,0.18718431290736495,0.11051235553317623,0.07620696982904294,0.12833064762208288,0.05790275629819067,0.7,0.4,0.0,30,302.843162390379,16389332.410252027
10,21,0.1699813569779369,0.3308687797922441,0.3404954395503465,0.22404023529005307,0.08014462286915075,0.06722036568137293,0.08062849358881975,0.057249539630500015,0.7,0.4,0.0,38,143.380913930152,154.47540262795764
10,22,0.16777354284572255,0.32765306616328044,0.3371046707508266,0.2287116680168001,0.08101729943965347,0.06673436977469267,0.07803736944238124,0.05627077338803754,0.7,0.4,0.0,40,155.6161505876814,143.52185012039425
10,23,0.16763711623732042,0.3384460060498733,0.3590340811371941,0.24450918815353234,0.07843838453721028,0.06673436977469269,0.0780373694423812,0.05627077338803745,0.7,0.4,0.0,42,157.38021722184357,145.33892015168013
10,24,0.1679970794772761,0.32612754186753284,0.33527824509555093,0.2300414514206614,0.08916137979993038,0.06689116552292404,0.08185210757531439,0.06002449367776251,0.7,0.4,0.0,43,140.21837630878252,169.4114060768043
10,25,0.5314951859199166,0.6892626122238694,0.6983459998807191,0.6031711001086488,0.44601893821831834,0.06201001507152334,1.0,0.03485719814861414,0.7,0.4,0.0,44,108.78051860623756,254.89091224624488
10,26,0.5307062547986544,0.6957276352830231,0.7153341445125425,0.6111007732663382,0.4679334580672833,0.06503144014893349,1.0,0.03434526929669138,0.7,0.4,0.0,45,98.07563081118494,279.65799176024734
10,27,0.5293053713795012,0.6805518511196399,0.6885505552172032,0.6047304128445548,0.46169677190481695,0.06584425649751262,1.0,0.03392631887797815,0.7,0.4,0.0,46,98.44904907469495,288.4312845192607
10,28,0.5282838084631922,0.6671348506865942,0.6637563153911876,0.6131183662156967,0.44973874773791606,0.06571243566182813,1.0,0.037321065613473696,0.7,0.4,0.0,48,88.92693615398295,335.00441320969327
10,29,0.5282838083979697,0.6782319029051029,0.6860185466020633,0.6293242824628921,0.44599872719114814,0.06571243566182813,1.0,0.037321065613473696,0.7,0.4,0.0,50,88.9269362809686,335.00441257035965
10,30,0.5262929042211509,0.6857920922782461,0.7044934475361471,0.6382922887910238,0.45393611188658545,0.06442005619106476,1.0,0.04014130923369148,0.7,0.4,0.0,51,82.22826956278867,336.888402616134
10,31,0.5269591395560086,0.7079696424868791,0.7488918817942631,0.6432571093232251,0.45009801382191944,0.06604444843029894,1.0,0.0331394900345223,0.7,0.4,0.0,52,96.42810324368637,292.70850446907883
10,32,0.5337620460491453,0.7135509378922295,0.7542774317124019,0.6706452610363764,0.46077312891986194,0.07695483538713296,1.0,1.0,0.7,0.4,0.0,53,96.1340122332826,406.89920218824767
10,33,0.5304324076839968,0.7309726187644036,0.7938002349107616,0.671280992286093,0.4596036616717923,0.07358193608420247,1.0,1.0,0.7,0.4,0.0,54,96.93151484411234,411.8562192907321
10,34,0.5315272686401051,0.7073611044878829,0.7474624006846373,0.6803728594814344,0.46820309592231313,0.0774953830810657,1.0,1.0,0.7,0.4,0.0,55,100.33952532893916,369.7089267737785
10,35,0.5312236728996432,0.7068923975803062,0.7469678059594419,0.6836915440632789,0.4549594758540305,0.07721332004393681,1.0,1.0,0.7,0.4,0.0,56,98.64459824374237,384.0008116456178
10,36,0.5323317418425192,0.707747615686859,0.7477835566428643,0.691675100805631,0.45671384960442507,0.07902819051580007,1.0,1.0,0.7,0.4,0.0,57,99.61688417148513,396.1494456199892
10,37,0.5296195643852846,0.703770625327131,0.7436095658025872,0.689566478009688,0.4603587664912588,0.07630275145275603,1.0,1.0,0.7,0.4,0.0,58,95.60031190989211,408.65867965586375
10,38,0.5219571313026623,0.7160259981807822,0.7778437762990489,0.7175661719846138,0.45027403836733176,0.0673841973902927,1.0,1.0,0.7,0.4,0.0,62,107.92793728423152,306.9748113981594
10,39,0.5208625078172832,0.7126211772218276,0.7740862312250888,0.7174635111597818,0.4536847603577799,0.06781431515519039,1.0,1.0,0.7,0.4,0.0,64,103.80094324214342,315.7738936661085
10,40,0.5215096199926553,0.7240524774829236,0.7966352760997407,0.7217963494825843,0.44914190432995205,0.06900516525963407,1.0,1.0,0.7,0.4,0.0,66,104.13792076876447,327.9846956204362
10,41,0.518537712291798,0.7431689688819059,0.8380663608996739,0.7435812582298116,0.44596079734532534,0.06484926226404476,1.0,1.0,0.7,0.4,0.0,67,103.78773693609509,266.3641263879218
10,42,0.5213036537357489,0.7342413530852616,0.8178829328021932,0.7466082921640426,0.4517013818195444,0.0693052548534379,1.0,1.0,0.7,0.4,0.0,68,103.1497961023706,354.9532502722225
10,43,0.5185193751175857,0.7398095559700446,0.8342031303362881,0.7378407368386886,0.452196091447789,0.06761081926107076,1.0,1.0,0.7,0.4,0.0,71,103.20281321089308,336.46615441414
10,44,0.5190796931734583,0.7706283782972139,0.8980674523216174,0.8192831510059204,0.4535524173035917,0.07083967951480022,1.0,1.0,0.7,0.4,0.0,75,96.24089284081738,396.47534760984695
10,45,0.5190796927382744,0.7595313260359025,0.8758049779999639,0.8081238632104998,0.44959060098046993,0.0708396794536536,1.0,1.0,0.7,0.4,0.0,77,96.24089103712606,396.4753370387408
10,46,0.5190472310699956,0.7474777173744992,0.8524495463064777,0.7973204066301924,0.45247161311698586,0.0715213082660094,1.0,1.0,0.7,0.4,0.0,79,103.4568447392836,393.0803708206647
10,47,0.5180884104488556,0.7681884061086327,0.8954139742380812,0.8335196263451286,0.4520937300156167,0.07055768275470059,1.0,1.0,0.7,0.4,0.0,80,96.89379564182654,411.6211334654275
10,48,0.5186347820300782,0.7574016681255729,0.8734271632704833,0.8228528898179392,0.45128449248438895,0.07152130826600941,1.0,1.0,0.7,0.4,0.0,81,100.30889867709791,387.0897417375591
10,49,0.523716100018103,0.7833388782400906,0.9214988438484532,0.8104019956590923,0.4593396030143891,0.07981175731088005,1.0,1.0,0.7,0.4,0.0,83,112.9591930432102,1493.3497937578948
10,50,0.5137976092316647,0.7474167461133956,0.8626937463527979,0.8166254100491359,0.4576849875757467,0.06849056745147947,1.0,1.0,0.7,0.4,0.0,85,141.2143276041083,413.3231767742629
10,51,0.5087092337710725,0.7481290613831438,0.8738127535562945,0.835721978326414,0.4590090888492757,0.0650398477802395,1.0,1.0,0.7,0.4,0.0,87,150.7582030854545,305.65995130027494
10,52,0.5071502532719818,0.73980007878959,0.864539775014652,0.8326296122959883,0.4636554134222543,0.06730785121999965,1.0,1.0,0.7,0.4,0.0,89,153.566784709472,396.4443451526046
10,53,0.5071336418395711,0.7508652239433277,0.8867682173441023,0.8625396333192592,0.4471304693269167,0.06729395814582914,1.0,1.0,0.7,0.4,0.0,92,153.69313190794637,396.6435543306847
10,54,0.5065103640227575,0.7498416776498534,0.8856892062257816,0.8697172595217512,0.4486164381756285,0.06666254282677528,1.0,1.0,0.7,0.4,0.0,93,153.36234657787313,382.01092670858816
10,55,0.5083859701097125,0.7405116623535832,0.8651789561171075,0.8301095088152554,0.44911888237579106,0.06941208696720982,1.0,1.0,0.7,0.4,0.0,94,155.02636012041705,402.9921466440249
10,56,0.5083441079038067,0.7403769622644747,0.865031353089404,0.8300959339103504,0.4487014692149628,0.06941208696720981,1.0,1.0,0.7,0.4,0.0,98,153.7911657623204,401.6794073137336
10,57,0.5182710861030971,0.7603284277211211,0.8960002347096178,0.9152512461517788,0.4598661498559521,0.08428101234863009,1.0,1.0,0.7,0.4,0.0,104,91.15505589933012,472.3943679206147
10,58,0.5159936371938584,0.7794918753326194,0.9373908502106733,0.9520071190523355,0.4607024604947968,0.08150617166981304,1.0,1.0,0.7,0.4,0.0,105,124.12653638419984,451.4184587995936
10,59,0.5170476814116314,0.7803940973732458,0.9382721893836218,0.9569044807050113,0.4589095036132095,0.08310795347565009,1.0,1.0,0.7,0.4,0.0,106,123.52026198138552,461.39259927425496
10,60,0.5175669627120444,0.7806896009182825,0.9385368042611159,0.9574917520341785,0.4593343886131543,0.08399103525687168,1.0,1.0,0.7,0.4,0.0,108,124.5292174263412,453.4736183715152
10,61,0.5156883360670896,0.8108723529673882,1.0020470586874468,0.9992086353839811,0.4608372191948662,0.08207851800243458,1.0,1.0,0.7,0.4,0.0,109,123.03770565604016,431.4600110429012
10,62,0.5193748379844029,0.8141621957814633,1.0052826984933902,1.010731420786016,0.46224498083202753,0.08759179152002292,1.0,1.0,0.7,0.4,0.0,111,122.79017251606388,470.6683346980266
10,63,0.5191006363050833,0.7801283814693111,0.9376891814163631,0.9869307482367736,0.4636678613168652,0.0874904555905052,1.0,1.0,0.7,0.4,0.0,113,96.88193435870306,486.099203775129
10,64,0.5185005888686902,0.7789081824080524,0.9363843734186676,0.9630287198338264,0.46389828403526817,0.08701557764126465,1.0,1.0,0.7,0.4,0.0,114,83.67759873412277,480.9178040524291
10,65,0.5191814456589534,0.7670916696187253,0.9132121957943758,0.9401085619620596,0.46889888068243213,0.08884324454940304,1.0,1.0,0.7,0.4,0.0,115,84.41155402522342,500.563347555556
10,66,0.5203744769974348,0.7782917406241874,0.9354299902250388,0.9602745163717296,0.4664442094155257,0.0912055818234154,1.0,1.0,0.7,0.4,0.0,117,82.10748884627364,525.8266445337231
10,67,0.5088223468867791,0.7772725574014858,0.9454996348755149,0.9998047161321485,0.45287336447640486,0.07504495693253975,1.0,1.0,0.7,0.4,0.0,125,116.34169629723324,479.6130275510459
10,68,0.5082871701156382,0.7754420416085142,0.9434948102192828,0.9996202803105181,0.4586563771606226,0.07504495693253974,1.0,1.0,0.7,0.4,0.0,126,120.035967527133,488.4103755266452
10,69,0.5075546557161745,0.758876386736904,0.9151307332624418,0.9388200431333339,0.4648791589217561,0.07673412167987932,1.0,1.0,0.7,0.4,0.0,128,112.5247583189006,587.2731175758786
10,70,0.5075428998803719,0.7810290059170251,0.9596100458078357,0.9940113348305014,0.453782514827389,0.07673412167982627,1.0,1.0,0.7,0.4,0.0,130,112.21182248967963,586.4598403958655
10,71,0.5069971711964107,0.7908105186625507,0.9804547259801331,1.0245390112161399,0.4546729589739798,0.07638804080357059,1.0,1.0,0.7,0.4,0.0,133,111.22396582956848,607.5412873457643
10,72,0.504244254125655,0.8100510041489555,1.0219992651081302,1.0209638371314225,0.45183982662165806,0.0725678354015079,1.0,1.0,0.7,0.4,0.0,134,124.07724081985752,343.6523578870619
10,73,0.5065140325987891,0.8451332314223943,1.0905139970002944,1.1546176766672724,0.4543189017448671,0.07607800775862038,1.0,1.0,0.7,0.4,0.0,136,117.374776407369,613.2630679397311
10,74,0.5070898399173256,0.7899148804933207,0.9794283063123697,1.0596191645109583,0.4553895210956719,0.07707287856954739,1.0,1.0,0.7,0.4,0.0,137,110.5274869873738,581.3182744090246
10,75,0.5053302545327361,0.8486515579656262,1.104357817138978,1.1711064615987818,0.48268754137641473,0.07785527608639782,1.0,1.0,0.7,0.4,0.0,138,122.66623745243557,646.2437653680772
10,76,0.5046916891804603,0.8478876887378322,1.103577645971195,1.161697788275179,0.4539708578013622,0.07700907552889937,1.0,1.0,0.7,0.4,0.0,147,116.20386981901422,635.4887846606442
10,77,0.50288244522631,0.942964598776701,1.2890440308532343,1.342504958802025,0.44908192906527605,0.06999767913646533,1.0,1.0,0.7,0.4,0.0,180,124.71722669017262,311.57678476790244
10,78,0.5031646020087115,0.9432629039885281,1.2893444759731016,1.342781928782667,0.44988317471618033,0.07039129435424986,1.0,1.0,0.7,0.4,0.0,181,123.2059125911095,320.1843661651262
10,79,0.504316487070143,0.9316415847057998,1.2663354806519092,1.3380671712135515,0.4511826933674711,0.07297797376374422,1.0,1.0,0.7,0.4,0.0,189,121.44217382852553,332.05004521273685
10,80,0.5032207677979863,0.9310279352312156,1.2657857238503027,1.3327494581983563,0.458582249345978,0.07114342135303772,1.0,1.0,0.7,0.4,0.0,190,124.28735247721949,345.3048887561147
11,0,0.9329752499738785,0.6517329619415099,0.6185809545789813,0.030321529974005397,0.0,0.0,0.0,0.0,0.7,0.4,0.0,1,318.3319854925929,1372.3785594057006
11,1,0.9077555819281234,0.6764668692236108,0.6418254143101432,0.07273309907978869,0.06664342654047227,0.05763525076393826,8.563352672914e-05,4.9333675857849995e-05,0.7,0.4,0.0,3,301.7917709569805,1219.9284397668469
11,2,0.8419206830095425,0.8678518467537462,0.8244717748742744,0.35270450005569653,0.6934015407656577,0.11751367989424406,0.6032640404231406,1.0,0.7,0.4,0.0,4,404.4277120508912,559.8259714939343
11,3,0.7890912758186333,0.84668802405381,0.8116761083316468,0.35339228333993133,0.3569447059288753,0.11750518095280744,0.596085263241928,1.0,0.7,0.4,0.0,6,362.1894620608736,528.8490045611028
11,4,0.4731629755316507,0.5858951475623237,0.5290796164627356,0.2011108260084547,0.5230541886398221,0.09002730978439809,0.29932671567300156,0.4395073881766911,0.7,0.4,0.0,7,133.84664087377683,416.1346766199196
11,5,0.22957275878906036,0.36204297165608845,0.31288747171016185,0.11045472425582624,0.6076859786246239,0.08191298166607676,0.08369990895686744,0.07094986636600184,0.7,0.4,0.0,8,117.10452004156416,207.74190610601008
11,6,0.23785371994394505,0.3632619701418162,0.3122069887586418,0.129700613651645,0.14551298115551695,0.11799017096449524,0.07349876859127563,0.08732682290483204,0.7,0.4,0.0,10,97.71698604362156,417.4057095918293
11,7,0.22840177013337534,0.3411973171864774,0.28729769218843537,0.14839940353750775,0.17018958450180297,0.11166131477078219,0.10412165568035806,0.11549182368709492,0.7,0.4,0.0,12,106.1638209663633,705.8625128693102
11,8,0.2243340078441187,0.3444374004109825,0.30095501325607243,0.15451805019330267,0.13276750732699516,0.1116613147707822,0.10412165568035807,0.11549182368709487,0.7,0.4,0.0,14,110.301219180919,664.1486178119578
11,9,0.22597339199630423,0.3359744928504786,0.2905895905621928,0.16926653685148788,0.19843719258319942,0.12730203235735887,0.10555873633810124,0.16007714769101128,0.7,0.4,0.0,15,143.8781402597079,786.7740969683076
11,10,0.22379220714757886,0.33217427373330116,0.286499302083069,0.17854765006780798,0.13569830862181595,0.12778412341691836,0.1028334236088331,0.1561791118275216,0.7,0.4,0.0,17,142.7053098070856,729.3244686881316
11,11,0.2451468812590049,0.3589907060558565,0.3234965828588414,0.20619783580351148,0.16823598112739283,0.1177024358294843,0.18563157178192063,0.22479819726027594,0.7,0.4,0.0,20,196.98232993892603,1604.553497112521
11,12,0.2775815588774212,0.390919683828233,0.3553402811778891,0.2574192485529783,0.19242628970126657,0.12008156177057142,0.26352990304846957,0.3790386030044704,0.7,0.4,0.0,21,207.08266418748607,3036.58771853375
11,13,0.24408838584992779,0.3522237651822508,0.3157702290118605,0.21369671675165403,0.19084321999883141,0.1223513925434094,0.18577491242532967,0.2275488581535281,0.7,0.4,0.0,22,195.95586801378795,1660.1919419298365
11,14,0.24299364904366436,0.36070335168430284,0.33516602036279697,0.22140896422554843,0.16432152644023712,0.1223513925434094,0.18577491242532967,0.2275488581535281,0.7,0.4,0.0,24,191.53476911341872,1689.6475800922851
11,15,0.23715199712131496,0.34160755426235767,0.30455382952149035,0.24142707704938793,0.15977396944400996,0.12264127548998105,0.17449021761880848,0.2418245318717897,0.7,0.4,0.0,27,131.72308927571837,1373.187655819819
11,16,0.24046910015766254,0.33270730745420446,0.28430707291037255,0.25363328181427114,0.16615852934039999,0.12987109449106468,0.17208688290635774,0.2905384050549132,0.7,0.4,0.0,28,173.75399084046862,1371.897782531271
11,17,0.2392376465720175,0.3356589973532136,0.29733285831512124,0.26194977867351843,0.20261299664980764,0.12780208294266057,0.18400421002291673,0.34864076041976577,0.7,0.4,0.0,29,147.62842398023113,1517.0633510042674
11,18,0.22745856182490387,0.3327404559826303,0.3052335486512537,0.25434132194526654,0.15825772253127707,0.12362635672470128,0.16535801818381377,0.24090995971071932,0.7,0.4,0.0,31,120.14819639232356,1381.7725408810509
11,19,0.22937044902266873,0.33186613854391395,0.30393416335297935,0.2633339659254537,0.16377510464402736,0.12872316715332083,0.1654220767678986,0.24390116592995842,0.7,0.4,0.0,33,119.41427423673544,1436.7346738829608
11,20,0.22855990025004003,0.3296665732924731,0.3015252381886257,0.26311236433358803,0.16361779549027128,0.12872316715332083,0.1654220767678986,0.2439011659299583,0.7,0.4,0.0,34,120.9668354518478,1401.3744532403068
11,21,0.22850804196327273,0.34062291429281805,0.3236333643034724,0.27809997577699097,0.1567473234323556,0.12872316715332083,0.1654220767678986,0.24390116592995842,0.7,0.4,0.0,35,120.52229768734142,1408.6306853805634
11,22,0.22999622361463917,0.3285219554740562,0.2999934051118496,0.28022465738265473,0.17238563165916398,0.129723446669329,0.17097816418885942,0.2906541350495263,0.7,0.4,0.0,36,291.67878364782075,1363.796500266946
11,23,0.23137936265168202,0.3382993596977515,0.32053508080343934,0.3015162426348551,0.1691586111522429,0.12822175939202002,0.18083663243833661,1.0,0.7,0.4,0.0,38,101.3256611127626,1419.2380080654414
11,24,0.23023548542185696,0.334847133713584,0.3167437451299676,0.30128037994104273,0.1681802204283288,0.1306738905367097,0.17682062199315066,1.0,0.7,0.4,0.0,40,98.0745518548488,1420.0039183776514
11,25,0.22947829675995257,0.3336411505178543,0.3154722250658597,0.285292283592713,0.16399476130684765,0.13062662496170047,0.1756104402387035,1.0,0.7,0.4,0.0,41,97.57234706200902,1397.617044544647
11,26,0.23737542846461754,0.3492151621344288,0.341715386074689,0.32208551947876674,0.18887503618913398,0.14257019363593593,0.1789332556946372,1.0,0.7,0.4,0.0,42,300.725747154989,1349.24540536377
11,27,0.22154439666435446,0.3212235656019385,0.30240549591589916,0.2974870526309923,0.16148078853789277,0.12659234268470726,0.16867670084337288,1.0,0.7,0.4,0.0,43,311.3353504701293,1368.795969158689
11,28,0.23867976700524823,0.34544553915525644,0.337220717037987,0.3251933201209945,0.19539561108807513,0.14820986703871047,0.17868086771187325,1.0,0.7,0.4,0.0,44,304.7824217407671,1402.567823894252
11,29,0.23851068697727928,0.356025803602603,0.3589169644695181,0.3442136835410838,0.17608572697175826,0.14820986703871047,0.17868086771187325,1.0,0.7,0.4,0.0,46,302.1788633567116,1415.2888106598448
11,30,0.22404715551922294,0.3303825153513049,0.3220967693901752,0.3173274754866523,0.1612089689369702,0.13365280037567978,0.1680974738461211,1.0,0.7,0.4,0.0,47,111.64578370744866,1440.984460418109
11,31,0.23590049592203555,0.37784214361285406,0.41299284105991635,0.3944854140292465,0.19113439005340285,0.11379658708435267,0.2426915557607349,0.3306147074674574,0.7,0.4,0.0,50,124.39386669392206,1076.6771469555654
11,32,0.23583100548275343,0.39981036505946194,0.4572702248852738,0.4182176762643501,0.17692360575236482,0.1137965870843527,0.2426915557607349,0.3306147074674574,0.7,0.4,0.0,54,124.50845819569264,1088.2025966357396
11,33,0.2631255946248412,0.40399399411112075,0.43899737869843936,0.4486665707809619,0.20665606741887127,0.12470500786148866,0.2928533324001288,0.3606910646716546,0.7,0.4,0.0,56,346.9974542503235,1318.47130503988
11,34,0.5401874876014389,0.6889841413955785,0.7347201262791067,0.7376793956614862,0.48759171160841064,0.5509546571683075,0.24301296926542487,1.0,0.7,0.4,0.0,59,76.83138089551497,533.2752749435656
11,35,0.5409693445143685,0.6879616897895237,0.733452897731868,0.7424040660214654,0.49307797044096535,0.5532677263700513,0.24283749068464594,1.0,0.7,0.4,0.0,60,78.68853000097297,530.9391968774769
11,36,0.22641530093104847,0.40694299930181677,0.485962827413814,0.4695667960691585,0.17071045559390238,0.12049054334399042,0.2135625473612853,0.4393819264731206,0.7,0.4,0.0,62,146.33568475809565,1132.7927459132618
11,37,0.22919485789558008,0.40539802460413715,0.4838362077308953,0.4728281210858948,0.18450851009373806,0.12554239718707122,0.21613440729488817,0.44350498058754945,0.7,0.4,0.0,64,143.94920892300317,1161.4320334791553
11,38,0.22992141432546476,0.40412783327719964,0.4823000213366505,0.4817194303824112,0.1834536777339107,0.1303410207627525,0.21154737031142784,0.4104455192762395,0.7,0.4,0.0,65,112.4695308503792,1430.9653600396489
11,39,0.2314674191863006,0.39677355771572587,0.47377430039801127,0.486025641630785,0.22214133353899188,0.1342190485172939,0.21713877905271883,0.4062233882776223,0.7,0.4,0.0,66,129.54104475294648,1662.9346122459267
11,40,0.2189463839002772,0.4061954400928797,0.505493000744962,0.49874111643930436,0.16904546318216052,0.1296059706717667,0.19417029158204918,0.32298203384375224,0.7,0.4,0.0,68,140.31913307470987,1435.748602643903
11,41,0.223565229592344,0.40908885554123287,0.5081637730131306,0.5143845839616406,0.1813566537284823,0.13097992702583733,0.20484946277889887,0.3864627546411443,0.7,0.4,0.0,69,131.13382508861417,1425.2498622138326
11,42,0.21935532252056406,0.39293425238072843,0.48073357604663286,0.506150057068565,0.17365052837535122,0.12863592109152192,0.19920055749648025,0.3638217344776165,0.7,0.4,0.0,70,128.15518217083002,1134.6157133147854
11,43,0.22412781244189478,0.4074973940465211,0.5062937398975772,0.522529385178078,0.17790055616034112,0.1277732297197373,0.21379367087083412,0.3912026059167842,0.7,0.4,0.0,72,138.44823631224511,1324.0789016026097
11,44,0.22328349769843792,0.41774784862637926,0.5277092485091501,0.5258380617958458,0.17412739234980473,0.12871159767595639,0.21004307591082774,0.38929512377033576,0.7,0.4,0.0,73,136.18447240135862,1353.725083438313
11,45,0.22404549571843116,0.41827966629563573,0.5282114222541603,0.5338263768154771,0.17600242166598568,0.1277732297197373,0.21379367087083412,0.39120260591678446,0.7,0.4,0.0,74,138.88826223801075,1331.2632443859802
11,46,0.27896895221648843,0.46219895821310997,0.5609773012617992,0.6151973128357948,0.2298605345340191,0.12970508280538048,0.3476392623328905,0.4110855816132317,0.7,0.4,0.0,94,74.66856888085461,1518.805761001976
11,47,0.4113682875430006,0.6434065089503227,0.7971534609070774,0.8786832193876797,0.3665836933283492,0.11871300637230091,0.7037162927155058,0.947847749896358,0.7,0.4,0.0,109,113.14171119013092,1205.5564759101485
11,48,0.4057608844542516,0.6327022821605193,0.785808084835723,0.872509873367884,0.37174722803638344,0.12017251926079905,0.691239512643653,0.9359888502062536,0.7,0.4,0.0,111,103.88238017435285,1083.0014726619186
11,49,0.4025179409134704,0.6399607512893428,0.8041569850629102,0.8820017249599703,0.3602016254112876,0.11773573833432785,0.6878735263926348,0.9017534218715255,0.7,0.4,0.0,112,103.46360364778424,912.9384677277196
11,50,0.4082059535131605,0.689400720167783,0.898178399102808,1.0748924125532024,0.3635386884276097,0.11136462014469588,0.7137511985774286,0.9362616868281959,0.7,0.4,0.0,146,107.84560968294348,1308.153493189472
11,51,0.4016180368658582,0.689569170959488,0.9089694423259292,1.1007367007183162,0.36779239004762676,0.1093322010424566,0.7042338625973671,0.927083083017141,0.7,0.4,0.0,148,116.91818936895852,1297.323795527914
11,52,0.4010698764653877,0.6995399311994726,0.9300337001305867,1.123265797531299,0.35848952520478317,0.10952045409868161,0.702977538946606,0.9294270257570156,0.7,0.4,0.0,152,116.6707906882896,1298.9425489997152
11,53,0.40563429954229263,0.7348994182277526,0.9985794304218505,1.2132887909996666,0.3647366579443842,0.10965998814279357,0.7160363489430974,0.9437207379658716,0.7,0.4,0.0,159,112.50969586001423,1298.6675472894556
11,54,0.40328640013397965,0.7317433948892746,0.9953234528120358,1.2189159985177815,0.3628332144282415,0.10965739401886232,0.7107758311075048,0.9433703693913351,0.7,0.4,0.0,161,109.97079458189498,1298.6088675465187
11,55,0.40038975972903595,0.7375848250924582,1.0120393180287313,1.2567681930882195,0.36143658071963486,0.10990865249017297,0.7048379807475751,0.9461551630100449,0.7,0.4,0.0,165,110.13265968648564,1296.0141829555353
11,56,0.40465846018109025,0.7736594834603672,1.081427331765327,1.3234960369626716,0.3640018054502445,0.10954568574638276,0.7172264372300526,0.9235606920335565,0.7,0.4,0.0,180,109.73097456758964,1295.1427679755282
12,0,0.7701473893286189,0.6105946572915628,0.5735264824381566,0.026329188194996765,0.0,0.0,0.0,0.0,0.7,0.4,0.0,1,665.4005912124446,1370.3674146686938
12,1,0.7429635936459155,0.6264476598001503,0.587708694958509,0.06158128055938167,0.06287174555634162,0.047674796233562536,8.327828413746999e-05,4.209125190701e-05,0.7,0.4,0.0,3,631.0199123723792,1242.152432757561
12,2,0.7255335062885279,0.6170641998156531,0.5779904269475754,0.05779817705919413,0.03935145376619725,0.03896581240831986,0.00065853119546221,9.673351941072e-05,0.7,0.4,0.0,4,609.7904264849024,1347.101819409375
12,3,0.4090808723317137,0.5076370056126588,0.46654280132497494,0.06509456566155668,0.5123605095615646,0.06109875838930327,0.0069062448863361605,0.00349061578601257,0.7,0.4,0.0,5,343.40231052328625,793.0278288827582
12,4,0.32953096448449176,0.4568184101647847,0.4106287325639534,0.06554886143781734,0.23032984238697554,0.061660944806587945,0.012697209009938759,0.00641753643808395,0.7,0.4,0.0,6,272.37484701088874,591.9077462290362
12,5,0.27752463780114794,0.41655700054572625,0.3659319105271633,0.0693423563931872,0.21852016068625923,0.06217861345026495,0.027624979545344742,0.01396246314405036,0.7,0.4,0.0,7,190.73467491050965,318.1616218615943
12,6,0.240808063637997,0.3866315681783362,0.3432668549150338,0.07774825885589323,0.11761652849927637,0.062178613450264965,0.027624979545344708,0.01396246314405043,0.7,0.4,0.0,9,182.1160570665864,221.96229004625184
12,7,0.24778769386509752,0.38468363607153544,0.32990945099057645,0.09241793217534289,0.08426037081847118,0.06356677703179546,0.05447923569854907,0.02818988448903989,0.7,0.4,0.0,10,128.6697676752034,112.27751222236888
12,8,0.20568284456511557,0.331791662408938,0.2729792204281094,0.0793629344174441,0.18889751865807372,0.061739165468955234,0.031503834300070296,0.01962889745899024,0.7,0.4,0.0,11,145.16798593694006,203.42643457830945
12,9,0.20670662850364507,0.3304867852737458,0.27090056211965485,0.09249213554462686,0.08992318825766764,0.05541846837698402,0.05962386413096241,0.02675289466821429,0.7,0.4,0.0,12,152.54903317990545,320.11822858586856
12,10,0.20626697380812478,0.32968482599449933,0.26998169318560983,0.09462329695273544,0.06723254873473816,0.06167043682212906,0.0497492001182772,0.02207997203887836,0.7,0.4,0.0,13,168.51417762393666,426.74312723382127
12,11,0.20238221258314615,0.3227779485053981,0.26217396338775767,0.10369163333572684,0.0973552703502112,0.05963016884317933,0.059708808104311825,0.0268738868851509,0.7,0.4,0.0,14,163.95760608575492,336.4290045275904
12,12,0.2022512296641555,0.33229584176327354,0.2824516454963824,0.11307534430968577,0.07546128953442986,0.0596804289173011,0.06632704684481369,0.029852640019536907,0.7,0.4,0.0,16,150.14843463193176,315.31838054328983
12,13,0.3609387531431816,0.49468398456083285,0.46287613840596975,0.29778126245512504,0.4050726442793764,0.13906288282637716,0.3906722124532299,1.0,0.7,0.4,0.0,17,190.11160102124109,562.3025627414271
12,14,0.3549482249576796,0.4850133451815609,0.45247324529418526,0.3033470237423592,0.2645515302389221,0.14070711758108403,0.38284788969546646,1.0,0.7,0.4,0.0,19,186.21894877291007,809.0361242610015
12,15,0.5819972735100045,0.7117539985653432,0.6882637626524373,0.5438167032753082,0.5268134640118028,0.12785900969426497,1.0,1.0,0.7,0.4,0.0,21,199.72694588037135,770.7808413004276
12,16,0.3454253893847601,0.47376388930067914,0.45002450581669473,0.3167110895260163,0.262899469749685,0.14348142901633726,0.3842308505916456,1.0,0.7,0.4,0.0,22,202.8049263030842,711.71665822649
12,17,0.34357919294115974,0.4705309580106517,0.4465497834880198,0.3242975488746823,0.2576993217205579,0.14070493441691936,0.3873563254908296,1.0,0.7,0.4,0.0,24,188.4381201368488,765.0312010187416
12,18,0.3105261152137604,0.43595979829605125,0.4210383023733874,0.29293275821045234,0.3042780740874428,0.14119040990551618,0.32763436767074144,1.0,0.7,0.4,0.0,25,204.6784218412656,600.0518973693286
12,19,0.3072747721344872,0.4290044983902379,0.4134944679923792,0.30008392108695137,0.23947461155565333,0.1384040540884625,0.33057846199879437,1.0,0.7,0.4,0.0,27,189.14657704723308,648.9844984551603
12,20,0.30595805898400025,0.43653609200965215,0.4318398930164806,0.3104223450225395,0.23541622323148798,0.13840651981572183,0.33089224008640306,1.0,0.7,0.4,0.0,29,185.87869680593712,649.1436654139762
12,21,0.3192601149525619,0.4608601689917261,0.46731833474011053,0.3872005089509728,0.24260997630387907,0.1370467660854188,0.3666268045887291,1.0,0.7,0.4,0.0,42,155.22275413704028,684.2210135097171
12,22,0.2837095738221542,0.3797507477445002,0.34136543761853316,0.34763892578501077,0.21422220552756438,0.1278558837491937,0.29569343844613566,1.0,0.7,0.4,0.0,43,140.94324800947624,682.8233296932208
12,23,0.31949100242021045,0.45877252381860456,0.4648712917364949,0.40428976827728214,0.2504942811695204,0.1409634050521144,0.36398850616707834,1.0,0.7,0.4,0.0,44,167.9606692026328,729.6567103995903
12,24,0.3238600727333607,0.4591328372655078,0.4646194033623975,0.41025355950009473,0.27265935632325894,0.1384418230617332,0.3853818284899787,1.0,0.7,0.4,0.0,45,155.12305848761562,865.3223799854213
12,25,0.3236413831637308,0.4696389362332446,0.48623464839132335,0.4262550810868172,0.2520525085943529,0.1384418230617332,0.38538182848997893,1.0,0.7,0.4,0.0,47,154.7603070292233,854.1168091733252
12,26,0.31157402911313853,0.4677956422193799,0.4954249577704048,0.42444126331768917,0.24182760517162605,0.13920044213638416,0.3551618953298441,1.0,0.7,0.4,0.0,49,164.85389896120628,770.0056315672715
12,27,0.5404665406903397,0.6329996184518549,0.6035877904609955,0.6251584865156118,0.515796182580603,0.1202134969006172,0.9720126120540366,1.0,0.7,0.4,0.0,50,157.87914935095642,551.0181199452969
12,28,0.5368255079603721,0.626695730146692,0.5968977015461967,0.638631288194452,0.4775155861831951,0.12065562163483354,0.9656191434162563,1.0,0.7,0.4,0.0,52,170.60807443584014,598.9390331259514
12,29,0.5367077483561373,0.6263014395271596,0.5964636212184902,0.637084200065422,0.47143487388516275,0.11836926451225824,0.9696820445676307,1.0,0.7,0.4,0.0,54,157.2467171165044,647.6381964354608
12,30,0.5474737628494015,0.6326221850272516,0.6021483364242303,0.6494382733620918,0.506162749886383,0.11961644785034183,1.0,1.0,0.7,0.4,0.0,55,146.00607213529275,585.989630914641
12,31,0.5490479151320886,0.6419024244777243,0.6221155682884824,0.6626480373862448,0.5038129881626656,0.12420182082019308,1.0,1.0,0.7,0.4,0.0,56,155.55657546924775,641.6111667556696
12,32,0.5331813422542144,0.610426877641296,0.5788459570233159,0.6494075471653171,0.48425361056802396,0.11944811683111259,0.9738838776661151,1.0,0.7,0.4,0.0,58,150.80408205621822,669.8961133017854
12,33,0.5495186757823568,0.7123223357150966,0.7696207179258556,0.7484517729862137,0.5065722465693316,0.12991680804495723,1.0,1.0,0.7,0.4,0.0,59,155.8436274001454,647.2866419870198
12,34,0.5261638571573723,0.6673923300441589,0.7121102067822977,0.6967404850348882,0.5219083788902009,0.12408115965543295,0.9627988862613126,1.0,0.7,0.4,0.0,60,115.76230646866584,561.0177560451016
12,35,0.5194589427871664,0.6577988772614158,0.7118514488647922,0.7139045769918411,0.5027954221584481,0.12418323944451556,0.9589722219351737,1.0,0.7,0.4,0.0,62,107.26358400214544,594.976712934125
12,36,0.42728902748455366,0.5286126254601697,0.5486900471668845,0.6182049761998238,0.3881661479297937,0.1282948596834956,0.7246203994331534,1.0,0.7,0.4,0.0,64,169.28432187183455,400.0066265823117
12,37,0.5204469396700344,0.6381218920385893,0.6797892618875339,0.7222162677338075,0.5007676561877599,0.12306637219812547,0.9715143200341456,1.0,0.7,0.4,0.0,65,109.53167387247755,730.2745287087282
12,38,0.5195126759038879,0.6469628896367724,0.6996289996066654,0.7293313815591871,0.4771722666650876,0.12290062191130231,0.970536284575511,1.0,0.7,0.4,0.0,67,108.08800049918293,727.8823513236551
12,39,0.3949753443460864,0.479664751871052,0.49764618122258475,0.6214263702106693,0.36342828227022483,0.12535705459157187,0.6624432335425372,0.9792091643734384,0.7,0.4,0.0,71,162.77091424050622,440.2294130224912
12,40,0.37275070450828907,0.42207045078839756,0.4161174188947562,0.580207582471899,0.3898665880573208,0.13275593126964053,0.6031128264277573,1.0,0.7,0.4,0.0,72,111.77277545282784,595.0357336212224
12,41,0.3728517843643458,0.4175737257284303,0.41106662660615234,0.5841389164522437,0.3550426251062853,0.137280492228451,0.5985056792191296,1.0,0.7,0.4,0.0,73,121.1507401668227,638.9645697071702
12,42,0.3728513095615895,0.4175687471082565,0.41106106145952415,0.5873100231827313,0.33551838164030723,0.1372816043443888,0.5985054676505466,1.0,0.7,0.4,0.0,74,121.14932844512455,639.0149869739341
12,43,0.37126569914005214,0.42214598647331486,0.4262132970463378,0.6074916343667484,0.3560023996047087,0.1364551386968137,0.5991563068539922,1.0,0.7,0.4,0.0,75,123.04789348950057,544.0483604458844
12,44,0.3692246741816133,0.41449739083625886,0.41789897597042663,0.5977399293075275,0.35800820696245494,0.13733388018922976,0.5959822092779465,1.0,0.7,0.4,0.0,76,115.3316146552801,647.8566865407093
12,45,0.36881460788823556,0.40621353148745076,0.4086889438982765,0.6045832037763468,0.3523057536766726,0.13669465613690338,0.6007151097234009,1.0,0.7,0.4,0.0,78,117.38227554309783,663.0846573675373
12,46,0.3693646767862572,0.4063711812046536,0.4088006518512599,0.6083474848376162,0.338231314462468,0.1383419692486927,0.5994320484333833,1.0,0.7,0.4,0.0,79,120.49319232502842,643.0822862141773
12,47,0.3746947892227076,0.43112541428878476,0.455562039818723,0.6419173441783737,0.3444704905587074,0.14046488569767523,0.610610102650558,1.0,0.7,0.4,0.0,85,134.95462552333825,592.2457688961657
12,48,0.37293594802592145,0.4275697293265559,0.4517972612350001,0.6435719928065446,0.34489953737580165,0.1369414280242561,0.6133801394962792,1.0,0.7,0.4,0.0,87,120.98392801892224,651.6541283501602
12,49,0.37281646585690303,0.4356404563263821,0.4706959925948564,0.6678378999313392,0.35362828903071053,0.13535525285714264,0.617450621883074,1.0,0.7,0.4,0.0,88,121.74294487795356,590.2241590551808
12,50,0.3709217634682389,0.4357741707909808,0.4809500666144577,0.6867607240639404,0.34635072654627325,0.13526242301695607,0.6176495553852996,1.0,0.7,0.4,0.0,96,124.98964518455004,677.7945116673405
12,51,0.366911637360759,0.42042369104333527,0.45440625179142186,0.6960877437479269,0.33827469216277284,0.14110169028494432,0.5975296106227302,1.0,0.7,0.4,0.0,98,112.98991272645,673.8227261832653
12,52,0.4293283728213879,0.4893990770422068,0.5340280798684969,0.771336181376651,0.4102589469726526,0.14051242003473444,0.7568805533598006,1.0,0.7,0.4,0.0,100,112.5059181838398,684.5662865076316
12,53,0.4328514450073637,0.49016006737034284,0.5344748166028057,0.7784564867290261,0.4162659612904023,0.13638151066708198,0.774270438261703,1.0,0.7,0.4,0.0,101,126.61862832519064,661.8609636250955
12,54,0.5169832468613271,0.6267940169926038,0.7265967695907856,0.9041513972118211,0.5018217910582569,0.12840092442660592,1.0,1.0,0.7,0.4,0.0,102,137.36087482301048,666.9646317530465
12,55,0.5177794573299139,0.6386645275730318,0.7496298972832968,0.9194548509634642,0.49072679488580406,0.129544568390266,1.0,1.0,0.7,0.4,0.0,104,135.9399037708692,662.1519104824612
12,56,0.5189298494566075,0.6490794342308921,0.77100256832762,0.9364389357977195,0.4946172585693799,0.13168340416897978,1.0,1.0,0.7,0.4,0.0,107,137.87972827036782,671.1307168955651
12,57,0.5113888722647381,0.6515384266597994,0.7845030170678962,0.9447329386757162,0.485718107278555,0.12120434979693953,1.0,1.0,0.7,0.4,0.0,112,135.62987271737182,540.3291301237216
12,58,0.5103844585548983,0.6610614106592256,0.8051270306420303,0.9659590794771683,0.4845120058812579,0.11992121095774937,1.0,1.0,0.7,0.4,0.0,116,139.97759046078062,653.8506872140891
12,59,0.5108024869052396,0.6719180650750396,0.827074557251879,0.9909789970961549,0.48579592384405856,0.12908158257638275,0.9853200671683083,1.0,0.7,0.4,0.0,118,130.6355755605812,606.5795751946129
12,60,0.5142502533875275,0.6856664648798118,0.8518985535561656,1.013309572037694,0.48966363787221107,0.1258286574159021,1.0,1.0,0.7,0.4,0.0,120,131.6508223224313,628.5099998547892
12,61,0.5142464237974906,0.6967389646763749,0.8741339258328369,1.0371179115402613,0.4880965913348961,0.12582865752591874,1.0,1.0,0.7,0.4,0.0,125,131.66611497391958,629.0309961808329
12,62,0.5137548383458447,0.647885669578065,0.7801722980255874,1.0103837333379526,0.4962008621602495,0.1261599310832034,1.0,1.0,0.7,0.4,0.0,127,134.42152370665735,688.1457048925323
12,63,0.5101849085309192,0.6608748650534426,0.8148610739826315,1.0512845448078028,0.4885168232116137,0.12247970599457234,1.0,1.0,0.7,0.4,0.0,135,128.8777438463818,586.4787522003609
12,64,0.5111134515973251,0.6671203189200376,0.8316280134265291,1.0805025538904693,0.49521718620801,0.12521116665796106,1.0,1.0,0.7,0.4,0.0,138,133.29172282064647,619.9672650757301
12,65,0.5105953390203493,0.6768766536983826,0.8524582868622338,1.1005572387887792,0.48807210901054887,0.12466680467784597,1.0,1.0,0.7,0.4,0.0,142,132.00962496493207,613.0854896403943
12,66,0.5103893945257844,0.6210709333441191,0.7408132756482133,0.9411757754069963,0.48712494277701923,0.12439986210373939,1.0,1.0,0.7,0.4,0.0,152,132.83144285293562,609.7603338807855
12,67,0.5114708932833167,0.7271913893451042,0.9479962765454624,1.2397157914010966,0.48753392509569216,0.1246991857333651,1.0,1.0,0.7,0.4,0.0,160,132.38570299678557,664.243794492829
12,68,0.5105218914724968,0.6417349509962678,0.7836236739004727,0.9524899096930752,0.4897595464185551,0.12498156217041576,1.0,1.0,0.7,0.4,0.0,162,119.34030011693804,676.0872091218858
12,69,0.510466895165409,0.6413446509266318,0.7831959957987948,0.9524505771734302,0.48814217748906946,0.12498156217041576,1.0,1.0,0.7,0.4,0.0,164,119.5010093940792,672.4043806707599
12,70,0.5099419083935379,0.6505446034709199,0.8034093769287929,0.9704908014913879,0.48897747929143853,0.12455250416458334,1.0,1.0,0.7,0.4,0.0,167,124.33348050271232,678.0398244183483
12,71,0.5124929401630034,0.7738296990238731,1.049365326804496,1.311811449418756,0.49169058617028405,0.12850577818789274,1.0,1.0,0.7,0.4,0.0,170,135.8447880023357,637.5991780526862
12,72,0.5106520172846178,0.7164873526880566,0.9361947011841252,1.328864087960075,0.4881171225121066,0.13993457607561643,0.9754019740562155,1.0,0.7,0.4,0.0,192,119.89095682180157,605.4361903902142
12,73,0.4442255411295728,0.6608823741899339,0.8917246220574208,1.3062986987961724,0.4219079258735875,0.12893067455207236,0.8287033744227503,1.0,0.7,0.4,0.0,198,110.7378266300362,582.5333784201897
12,74,0.44706080147400995,0.6615335965686742,0.8921346679207803,1.309235470610723,0.43340338928917727,0.12879824728739575,0.8368960295380494,1.0,0.7,0.4,0.0,199,112.93580613515796,588.6350675522698
13,0,0.8676466448183736,0.6361543166891377,0.6015192842231504,0.028809665538624074,0.0,0.0,0.0,0.0,0.7,0.4,0.0,1,454.9624891811176,1389.4386951693032
13,1,0.8390148820780783,0.656391258035756,0.620146761600859,0.06786289432321767,0.06552775187082616,0.05301363996532753,8.772697742929e-05,4.373280300522e-05,0.7,0.4,0.0,3,423.93036685060935,1298.4540833704948
13,2,0.3334708133187269,0.46031151326392195,0.4137762086124747,0.08161944914091715,0.81212955479039,0.07109975743236215,0.013988849535924669,0.00784193973433351,0.7,0.4,0.0,4,162.90787651511664,351.8225040174828
13,3,0.32155069019717736,0.4436513797182811,0.38354232164431795,0.09892684318257117,0.11778270630612456,0.0745841675401118,0.05723955554214981,0.03459983918298743,0.7,0.4,0.0,6,72.2749590697135,154.9800679971497
13,4,0.2807138912172668,0.4056458377089909,0.34270631307551935,0.09144292142493211,0.16653656076928489,0.07959316976088693,0.02779560045926499,0.02083768489320397,0.7,0.4,0.0,7,72.56019327857359,161.60185515178978
13,5,0.25613579818398796,0.3914227668521923,0.33744503953837374,0.08925361603251138,0.14218126061747394,0.07313554270080311,0.03366553353125754,0.019784403305282562,0.7,0.4,0.0,8,87.62248635851223,114.04792637177952
13,6,0.23455450299175068,0.38717938159991294,0.35239955868603345,0.11276082704595294,0.1815362355680173,0.08033095679217843,0.03725187210336879,0.02475189921415173,0.7,0.4,0.0,9,65.12516834022843,119.16023428293518
13,7,0.23742755795932446,0.3897089300590145,0.35477559033573813,0.1238616173802875,0.07798193056247829,0.0862070285797942,0.03732430727920844,0.024757590342595483,0.7,0.4,0.0,11,58.14108371837251,136.87148031353524
13,8,0.2333793583641752,0.38551413384394556,0.3505166508530349,0.12802322930387727,0.07401900908177039,0.08115695815885159,0.03736144266520281,0.02417660609645779,0.7,0.4,0.0,12,65.32248622279594,119.9466875995526
13,9,0.23334476554677563,0.3854417637005897,0.3504275888942753,0.1255270332678247,0.07244290203030415,0.08117677215780308,0.03758143800567108,0.02454191589469626,0.7,0.4,0.0,13,62.88893536307379,118.94864597142104
13,10,0.24456701795882044,0.3942495376358603,0.3582648973107535,0.151051702517071,0.12510202877304716,0.10577091186144416,0.04204873887517918,0.04855177547513087,0.7,0.4,0.0,14,41.62978031064465,286.9789996952325
13,11,0.22598577191693447,0.3978074678056827,0.3841343789853655,0.14027209964750034,0.07308737215766545,0.08068252447211238,0.03986757732399422,0.06069953411427337,0.7,0.4,0.0,15,69.21858546687639,118.00487100444582
13,12,0.2435106666662126,0.41099138835131294,0.39584893187346143,0.1729229724158933,0.15288326522867016,0.08864814959557657,0.09747178683383988,0.2236052393898361,0.7,0.4,0.0,16,114.01642813095644,188.5245453809604
13,13,0.24023129059706907,0.4076188939997467,0.3924479359303843,0.17810649478444374,0.09846805006063447,0.08454111825750245,0.0969754370579174,0.22430208912212227,0.7,0.4,0.0,18,122.34114902560482,169.12877765742624
13,14,0.27046213451237483,0.4484791063396443,0.4443312535474356,0.21122990045523876,0.1342326694204795,0.0887105167039114,0.16782648966278124,0.3884281761517305,0.7,0.4,0.0,19,136.14218999663163,181.99871821376897
13,15,0.21794513297242327,0.3838743112588221,0.3682636706055355,0.16129307125633646,0.08409084235992582,0.08779207415450728,0.04347379491275464,0.22874825584522282,0.7,0.4,0.0,21,95.40574262068382,177.5024761908982
13,16,0.2832863435710351,0.4350008576626083,0.407337320118028,0.22536883386437018,0.18182448087087194,0.11475942280096299,0.17515295241636164,0.43701069681803695,0.7,0.4,0.0,22,28.230074734657823,1250.7206412547328
13,17,0.281116014711425,0.4315925424925038,0.4036046178702185,0.22502547124178487,0.16171069589580206,0.11475942280421081,0.17515272826159084,0.4370095076610402,0.7,0.4,0.0,23,23.98290233507644,1220.0356570964277
13,18,0.2939775139788652,0.4411734246681904,0.41234999887788676,0.244549376185141,0.1982278409903972,0.1440055414290406,0.16986654043437338,0.8244090553717254,0.7,0.4,0.0,24,23.734521162861448,8583.897987654771
13,19,0.27107898360665406,0.41780382489153844,0.3888648741737947,0.2222757472604953,0.15066980566094715,0.14394886122768577,0.1145756582421655,1.0,0.7,0.4,0.0,25,24.28346091938899,8589.958512574425
13,20,0.293197646844583,0.43989449346386916,0.41094931967304477,0.2524162729396897,0.16895611587383252,0.1440055414290406,0.16986654043437338,0.8244090553717254,0.7,0.4,0.0,26,21.05347087329524,8525.867561499434
13,21,0.27157343318030114,0.4150883383908125,0.38536161107207634,0.2250457476623327,0.18037888171623942,0.1458850149128479,0.12508711664570826,0.6430713459759094,0.7,0.4,0.0,27,53.6173221708565,2383.2950528728416
13,22,0.22407854663095045,0.3537745400652722,0.3122933543483343,0.18420128405893255,0.11818438050486565,0.090430464953727,0.11206132806354989,0.05423190708612043,0.7,0.4,0.0,29,121.2183908952326,215.16845470483025
13,23,0.2595682972449406,0.39908594550232324,0.36848997490287094,0.2260051807663513,0.1551662740191191,0.1374276824676539,0.12271063372569838,0.6272757283472122,0.7,0.4,0.0,30,41.367796329489735,2097.714097284188
13,24,0.2176686342806079,0.3395148380480147,0.2963795883050833,0.19115670255431005,0.15970094152852748,0.09478800202944676,0.11222737353490622,0.05499990363609124,0.7,0.4,0.0,31,114.06074387317264,251.0581081934293
13,25,0.21483109016009355,0.3308377466838433,0.2865628920630105,0.1960038535948969,0.13463522294891686,0.09930477679636136,0.11256020883061127,0.05590326016961328,0.7,0.4,0.0,33,108.48026220544337,290.6065543329467
13,26,0.20931648238184142,0.32074009995729247,0.2756131131200308,0.19967122366196824,0.12841660792157172,0.10049647043519752,0.10760853767031216,0.05354007589093305,0.7,0.4,0.0,35,107.5197308701361,277.243515781102
13,27,0.21193712731791928,0.3222448714549641,0.276915310407529,0.20309901433607508,0.12059783788557046,0.10540128346077411,0.10810816279036586,0.05457879240800686,0.7,0.4,0.0,37,103.1632870608199,315.6978546187308
13,28,0.21696569308901797,0.3264430310651444,0.28096372706171124,0.20872100906915741,0.12808771009111977,0.09852127203292069,0.13457790811303866,0.053933309030168665,0.7,0.4,0.0,38,103.21900664193522,229.0520309224752
13,29,0.21186763150843752,0.32872803781390814,0.2937565571684846,0.21729094123236153,0.1440721224693916,0.1082432634316518,0.11280191268018085,0.0567886732627229,0.7,0.4,0.0,39,108.20953015996145,348.415751370367
13,30,0.48506892929938056,0.6013083220925249,0.5662262845994042,0.5203718184353541,0.39503256068057147,0.11645036513494358,0.7827937400571695,1.0,0.7,0.4,0.0,49,77.1215820123459,625.1386246139292
13,31,0.486863473820069,0.5981897947393472,0.5622691486416843,0.5368640105352838,0.41506647170066957,0.119698412681991,0.7913352367560486,1.0,0.7,0.4,0.0,51,76.8973840578761,1125.8096198845271
13,32,0.20713659444711138,0.3492658496761356,0.34642578295644944,0.3032331884786844,0.1254019153384812,0.10656800250886064,0.11968843941092985,0.47111188502705775,0.7,0.4,0.0,56,66.54762400210278,1028.377080554435
13,33,0.20953853748453344,0.3372271709449248,0.32267262398621754,0.3043866756985363,0.14666497548191143,0.10357198487515736,0.13699734061730923,0.45591388204349226,0.7,0.4,0.0,57,66.06666242621029,1032.6847953415397
13,34,0.20692282611417068,0.33352880347215363,0.3187986776334377,0.3054666137533075,0.1316374119249384,0.10402354675974537,0.1315719786140062,0.4526024008504958,0.7,0.4,0.0,58,66.47034628625018,1011.5130546132846
13,35,0.2079167166369947,0.3527130477951957,0.35967302717111055,0.3249435918541067,0.1517543520162044,0.10761081279687681,0.13459019114476536,0.45661968541203357,0.7,0.4,0.0,59,62.69384411646492,1099.7228317746622
13,36,0.20665832102961573,0.3387964812967059,0.33434514595851567,0.31811780936997963,0.13761368519469996,0.10812060214741981,0.13311420104826122,0.454007690529002,0.7,0.4,0.0,60,62.43149359041944,1078.6778079975572
13,37,0.20489276768576853,0.34132976237772056,0.3469923313768712,0.332216182850046,0.16852642523076988,0.10364969628937928,0.1471377202149447,0.1511571458321293,0.7,0.4,0.0,61,62.67107672130364,1400.2033500354407
13,38,0.20108608852481086,0.33612402194720786,0.3415749634413932,0.3264282219743074,0.1321449882212006,0.10129803513653923,0.14379780057528674,0.14703121392770163,0.7,0.4,0.0,63,59.08503869904796,1236.3028858811174
13,39,0.20348702886311967,0.33680418688509195,0.3419958971679216,0.33601846719220424,0.13639953606486524,0.1058550327407248,0.1443304357891865,0.15001958387342645,0.7,0.4,0.0,65,58.63274049737058,1315.1342394873457
13,40,0.19906152014143558,0.3311229381572005,0.33612674904786444,0.3159869865760724,0.13143543527042148,0.10185171496301255,0.1420685956898748,0.1459034531547197,0.7,0.4,0.0,67,58.72446501739613,1171.0090512555862
13,41,0.220829924497229,0.33909412888739127,0.33253140739217535,0.34531941196223864,0.15849644734439963,0.10098907768492438,0.2017890367731868,0.5291619431750203,0.7,0.4,0.0,69,43.92475372474666,1410.0874713226824
13,42,0.42194325392464216,0.5711352323806507,0.5977201668666217,0.5869625741979525,0.3599749583408205,0.10707897027424126,0.6971490111463322,0.6840742480542218,0.7,0.4,0.0,71,68.05020898816973,1291.131374212287
13,43,0.4294370243034036,0.5755271901115904,0.6016609128790078,0.5989115233757836,0.3788454155607063,0.11417997827754196,0.7075499921717785,0.6859411282895084,0.7,0.4,0.0,72,66.84653122872564,1377.1460620292326
13,44,0.4147674877878384,0.5783651763255624,0.6261575693805239,0.6105528591202797,0.3585480199380865,0.1046431395774314,0.6935011411330138,0.721248091843418,0.7,0.4,0.0,75,61.94409161152888,1183.086544756388
13,45,0.5403678081738116,0.7011324183634848,0.7485236314525295,0.7405037374437944,0.4917910069874004,0.1113466986014574,0.9992265431348931,0.6969086477721785,0.7,0.4,0.0,76,66.7600372519535,1201.7088233576856
13,46,0.41469061409306696,0.583366981677149,0.6414773014973374,0.6334537390856546,0.3613062762959027,0.10905226821723495,0.6928024075347791,0.7259713380565325,0.7,0.4,0.0,78,54.12299669080761,1219.4513766345196
13,47,0.41428669605176693,0.5768947499515429,0.63416637922676,0.63493540708657,0.37058435806932216,0.11203266228616351,0.6934326933977186,0.721578421928467,0.7,0.4,0.0,80,52.98775893652028,1159.5928301038143
13,48,0.4140961787254074,0.5870465479022495,0.6553798082960711,0.6596921477102939,0.3565555504821101,0.11406881259263613,0.6902297171409131,0.7160825309942112,0.7,0.4,0.0,86,47.5315989994635,1131.6465655429552
13,49,0.5377049845773761,0.7083782451312006,0.7764014184133212,0.7874280238151298,0.4914407115665823,0.11503976797269137,1.0,0.6826166986169812,0.7,0.4,0.0,87,49.35837400209199,1086.0585818990903
13,50,0.4083153050781436,0.5889038410803851,0.6679321209373095,0.6694506908474567,0.35447159047965066,0.11418432598848852,0.6792782897323733,0.7154134334984311,0.7,0.4,0.0,89,47.053561579508525,1200.2102048435008
13,51,0.41678014839609934,0.5962302917924602,0.6751047086581475,0.6852546413274474,0.3660139925642176,0.11557821977782531,0.699196105054481,0.7194515763873549,0.7,0.4,0.0,90,46.66868886462474,1185.21170063788
13,52,0.4086731924739667,0.5878851783061496,0.6667278133895584,0.6772057903654374,0.35366450847850506,0.11482915448766669,0.6804789705610397,0.7158965825797949,0.7,0.4,0.0,91,46.80049407305878,1229.5637139209907
13,53,0.416290945969924,0.5945534407774472,0.6732682085744716,0.685085697683859,0.36509082902485823,0.11557821977782531,0.6991961050544812,0.7194515763873548,0.7,0.4,0.0,92,50.32263035296841,1212.459602896848
13,54,0.4162054775867275,0.5942605040657468,0.6729474196147162,0.6850561766779836,0.3607470354118782,0.11557821977782531,0.6991961050544812,0.7194515763873547,0.7,0.4,0.0,98,49.31871739340652,1205.6956807970014
13,55,0.4184106854344988,0.5964394342978581,0.6751227425976478,0.6977960783407751,0.36286198171042505,0.11070108268502463,0.7132713390561474,0.6963275380373185,0.7,0.4,0.0,100,51.12765705596253,1168.7317518184136
13,56,0.5370275059870437,0.7259637304329895,0.8157867825999443,0.8313019395561491,0.48239910199961505,0.11642095377139058,1.0,0.6697541640787028,0.7,0.4,0.0,101,58.0615475000591,1182.5213938547406
13,57,0.4410380762931682,0.6283388597306394,0.7179423932273522,0.7464141162857256,0.3887714160927687,0.11204322702276592,0.769366777373985,0.7280605420037554,0.7,0.4,0.0,104,53.73165111524902,1203.4460628349432
13,58,0.5192205881266041,0.7167862431398435,0.8174440136791803,0.8254952609031265,0.46663963187380175,0.11296624023888886,0.964041459857404,0.5684390104350441,0.7,0.4,0.0,106,49.788195571844014,1218.2094439632854
13,59,0.5294438958131238,0.734045875591373,0.8453301796930959,0.8589769128593369,0.48284377915158994,0.10930879044252659,1.0,0.6246786690032091,0.7,0.4,0.0,109,48.51706689484013,1094.0186699532694
13,60,0.5326881949255109,0.7371260929930278,0.848388694179381,0.8658896818696389,0.48059005934678356,0.1140344518645747,1.0,0.6246745791988518,0.7,0.4,0.0,110,50.60512722953324,1167.6622699094032
13,61,0.530433171068319,0.7327773305272351,0.8437642777016074,0.875036416072698,0.48161445537309133,0.11196005819095238,1.0,0.6168807745028049,0.7,0.4,0.0,113,51.9520830018349,1225.0144325381495
13,62,0.4852161896722729,0.6969573787829048,0.8188862363227992,0.866508642802147,0.4342964801701133,0.12868861715856644,0.8592980192367532,1.0,0.7,0.4,0.0,129,45.53532729917618,1198.0774487381916
13,63,0.5175699608657871,0.721196687129571,0.8323522800004213,0.9380068462687605,0.46615827961728173,0.11681121045556572,0.9581267256619761,0.8760256517763254,0.7,0.4,0.0,131,47.61793369210677,1265.7442628472545
13,64,0.3977757597761407,0.6002974464347814,0.7113076280593219,0.8221128701669702,0.3508597026816013,0.11466002258173758,0.6634619629299998,0.8976702727739319,0.7,0.4,0.0,132,44.743701400453446,1332.085086289533
13,65,0.491442568915727,0.7124131380670469,0.845263981759884,0.9034425086633837,0.4412345295676551,0.11588661820649201,0.8989870146233082,1.0,0.7,0.4,0.0,134,46.79706540125581,882.0695700045293
13,66,0.48472333846159116,0.6999618896136187,0.8320710759972947,0.9016894477762458,0.4622149154015293,0.12575075671241925,0.8700756724756215,1.0,0.7,0.4,0.0,135,47.67671584176388,1185.7068644276762
13,67,0.4848773410735214,0.7104773608017612,0.853657433023242,0.9215642853904114,0.4371337500315446,0.1260612925849951,0.8705602011121508,1.0,0.7,0.4,0.0,140,46.58491565221077,1191.10937253075
13,68,0.4919722981678647,0.7173834635241518,0.8605393815605726,0.9176060241902257,0.4438412521067603,0.11280284005940897,0.9116642098755362,1.0,0.7,0.4,0.0,144,46.26396068660593,854.664737387779
13,69,0.48858939398242257,0.7119193981940652,0.854808849347335,0.9553492161827093,0.4503598818148446,0.1289438490688247,0.8767547429867519,1.0,0.7,0.4,0.0,145,54.22459814969859,1277.496727068761
13,70,0.4924693486723994,0.7464012224615701,0.9224440446564174,1.0152622303625285,0.4468502504683213,0.1247665009024812,0.8960383572404872,1.0,0.7,0.4,0.0,156,50.6745706186864,1260.5409779276774
13,71,0.4925775881649723,0.7464332666149018,0.9224662625875051,1.0209252366686636,0.4460563821586009,0.1250466444025755,0.8958824195266519,1.0,0.7,0.4,0.0,158,50.57983623324228,1262.480718863126
13,72,0.4763556726076891,0.7186719772338788,0.8834835721585792,0.9786666872149983,0.430471476847013,0.11951835760226448,0.8653709600746826,1.0,0.7,0.4,0.0,161,50.29080030751175,1191.3513919938612
13,73,0.4775866585593909,0.7197444130138444,0.884535867278146,0.9888320035889833,0.43180451573545886,0.12120037395497792,0.8656368229538833,1.0,0.7,0.4,0.0,162,49.47317207704713,1130.2850699657688
13,74,0.46747305475341366,0.7768659054158724,1.0087321077825586,1.1033377611852297,0.42138619000845373,0.11090537008424009,0.85782495640526,0.9330254739697242,0.7,0.4,0.0,175,54.62896159419461,1215.7706002983743
14,0,0.8868286334019116,0.6408460452485621,0.6066576196766443,0.02926499633976966,0.0,0.0,0.0,0.0,0.7,0.4,0.0,1,413.3885387247742,1480.3952724765968
14,1,0.8559582148563807,0.6581583624191139,0.6224320293453283,0.06471478706141648,0.06058823704372477,0.04776329861074257,8.345782384686e-05,2.855068257107e-05,0.7,0.4,0.0,3,386.2147335493081,1416.4182170780357
14,2,0.7988812117057655,0.8386822778289696,0.7986082569104465,0.29230727895174213,0.562973305087407,0.08319333443655917,0.5035746199692046,0.44870072755646806,0.7,0.4,0.0,4,375.29183171747246,572.5159534933814
14,3,0.563679976259337,0.6368692074995073,0.6075824808245963,0.08562668576520363,0.08648878060036708,0.06261887153292275,0.017229759724767042,0.00589425146742844,0.7,0.4,0.0,5,316.90525891233904,837.9282029776099
14,4,0.4001557888394521,0.5353815084449689,0.4848505477001101,0.1966863142958888,0.7493078223365024,0.08286229470338782,0.28601720112787926,0.2548502667739532,0.7,0.4,0.0,6,178.29476624858043,403.26277640133816
14,5,0.39593287598767185,0.5317906869041373,0.48028440932136185,0.20840501977068565,0.19626264532416182,0.07943411335860913,0.3086536475071815,0.2611187332407405,0.7,0.4,0.0,8,190.85724535249037,351.4097463176029
14,6,0.27349718385726723,0.4096943936010724,0.3617036072731889,0.14329652972708978,0.2611419080675823,0.05976069639625294,0.2110063592109058,0.05424153536435618,0.7,0.4,0.0,10,189.69893882918015,1251.1680982422922
14,7,0.27027020377870703,0.4040708363465648,0.3553142794946751,0.14941635307829873,0.14216263570981383,0.06024718909570975,0.216209257005266,0.056080078013240206,0.7,0.4,0.0,12,178.6059126632809,1327.225927705059
14,8,0.2373653168755136,0.3781865023327256,0.33941976935859286,0.1357904843245378,0.14547866509176585,0.05968586080402864,0.155606533589778,0.05039151183966915,0.7,0.4,0.0,13,128.39995014336318,243.65013240086932
14,9,0.27626996998418396,0.4120900912728238,0.37203337819475374,0.17934658561845473,0.19697178525676717,0.06817185736766329,0.2593919573688012,0.06700726233319436,0.7,0.4,0.0,14,170.13777018478572,1849.6923236178168
14,10,0.27641007428625347,0.41207518633844015,0.3719784732544021,0.18230200930083834,0.1533375092692089,0.06913938949607765,0.2587109214790796,0.0669055040680274,0.7,0.4,0.0,15,158.61269294532866,1889.22406817992
14,11,0.27127384638497876,0.3989626012609218,0.35704090198897454,0.18908425584081884,0.2223177800580614,0.07310807108639418,0.26691582379479095,0.08527267507374583,0.7,0.4,0.0,16,148.8610709099277,2310.657893344993
14,12,0.2689809862714285,0.38949635071472666,0.34609081721502255,0.20144689584809342,0.1902810366491666,0.07800308122700861,0.27365297871837785,0.08794588954356242,0.7,0.4,0.0,18,138.87700344551178,2473.3160570860405
14,13,0.26675208491074504,0.3962150997225728,0.3635581680208111,0.20823219692673228,0.17133741329229688,0.07800308122700857,0.2736529787183778,0.08794588954356278,0.7,0.4,0.0,20,125.52432155804908,2545.2953595648887
14,14,0.31561758705775445,0.442550348551764,0.40940847189213625,0.3169509779709361,0.2165622833458125,0.06791411990250339,0.4198831802840092,0.06197362547231122,0.7,0.4,0.0,36,167.97815165252229,380.1682774661024
14,15,0.5388159988306203,0.671758966556329,0.6488381411569512,0.5497942355021475,0.47689287402122893,0.06217631918219496,1.0,0.05777514763533459,0.7,0.4,0.0,37,241.2891422288741,394.6299278915133
14,16,0.5351503127882621,0.6666745023766274,0.6434994309190553,0.5500953022117946,0.4500024909919035,0.05872653979804151,1.0,0.05669381497752213,0.7,0.4,0.0,38,182.74679766605908,433.74863056242674
14,17,0.5389578166257104,0.6688508639782573,0.6453827372562024,0.558051052150553,0.4568002667799015,0.06623475830325164,1.0,0.06065388709876428,0.7,0.4,0.0,39,227.90844930960847,417.4513644288036
14,18,0.3828136613811093,0.5120709924390543,0.48849305379994196,0.4052882055700689,0.2945212492349995,0.06511987242853139,0.6128905232497437,0.0857757116358704,0.7,0.4,0.0,40,137.3022403993219,661.5356685800912
14,19,0.5372044572119681,0.6760755197928513,0.6634025771030292,0.5665891075114783,0.4555628670958048,0.0662588851011722,1.0,0.06698751371487052,0.7,0.4,0.0,41,239.94048023745245,498.66063596339546
14,20,0.535514498672708,0.6629855783610845,0.6390944820439451,0.5559418350860328,0.44680155841199404,0.06420362789098244,1.0,0.06305698929346765,0.7,0.4,0.0,42,199.23573769219928,444.18171889219866
14,21,0.4039472328129572,0.5307859353627795,0.5067850442020014,0.4369735500809967,0.317776312528026,0.067220928707437,0.6671072279787477,0.06065877311371469,0.7,0.4,0.0,43,153.04012193120602,449.27120927378064
14,22,0.536578289917133,0.6620314214150349,0.6377916131308954,0.5644002755617255,0.45608221031857354,0.06807688097233694,1.0,0.06606172838445076,0.7,0.4,0.0,44,189.57231427569985,472.3811329627083
14,23,0.5334823653466894,0.6578802446660261,0.6334598375285269,0.5793630457089012,0.4485857729647956,0.06485683732420326,1.0,0.061300460653647346,0.7,0.4,0.0,46,147.90408600113196,540.1315124041598
14,24,0.4759282581380557,0.6202680511735711,0.6177969715886731,0.5489449760552365,0.4030806132670219,0.06787374162124798,0.8552165890848633,0.060663514471611814,0.7,0.4,0.0,47,174.70022512027077,445.2499023666307
14,25,0.4726627532302009,0.5827094061584838,0.546574466888355,0.5321619450421138,0.3890555934699504,0.06632462646298833,0.8516685331894855,0.0718523942786686,0.7,0.4,0.0,50,125.30414099992367,607.4796777070873
14,26,0.47266275335784075,0.5938064583769926,0.5688368804002121,0.5509836891092229,0.38709466609578214,0.06632462646298833,0.8516685331894859,0.07185239427866863,0.7,0.4,0.0,52,125.30414215884002,607.479664250587
14,27,0.34610590252804774,0.4701668349281659,0.4550279902901211,0.42983983806530335,0.31345063883133784,0.06118753317886368,0.5588650262113591,0.08582264165075999,0.7,0.4,0.0,53,134.8849688102748,1577.7311978904618
14,28,0.34769919227657736,0.4686909806934459,0.4530663990466557,0.4390747180684732,0.27857101708764154,0.06529983653717486,0.5607351529128184,0.08771512515316099,0.7,0.4,0.0,55,131.75078120503184,1585.0191502009432
14,29,0.44650765376015455,0.5773578300131175,0.5727048811698602,0.5485231962217506,0.37302504171042117,0.06521342499252661,0.809900852894134,0.1256978500377778,0.7,0.4,0.0,57,136.55980777535444,1552.8459886732437
14,30,0.3551092878816403,0.49380766877266113,0.4998168214275174,0.4782281288248277,0.28468356755148455,0.06418051397522209,0.5883034678367086,0.15459394070235827,0.7,0.4,0.0,61,130.47921361332152,1446.9167584029474
14,31,0.3259891881674415,0.46406653216592353,0.4699803176271572,0.4715876204556042,0.252067996403265,0.060261702194673264,0.5233116318726554,0.08630273659198158,0.7,0.4,0.0,67,184.89118006877789,1580.036400710085
14,32,0.3895375803481397,0.5248369539923006,0.530327592330837,0.5427138051065146,0.33164735388898403,0.06199168053241981,0.6833227700395301,0.12189227496638406,0.7,0.4,0.0,68,189.0735932638293,1597.1660720987154
14,33,0.3834596288118902,0.5060937899200124,0.5001825690147004,0.5389955407846028,0.31573420469514846,0.06640195670906164,0.6627034059269633,0.139039368339419,0.7,0.4,0.0,70,182.4539842793041,1589.1464905120374
14,34,0.4045396632088291,0.5256385274594474,0.5194971784841553,0.5576104119526388,0.3416409594877153,0.0626908030837835,0.7241034932338796,0.12621019850574755,0.7,0.4,0.0,71,184.6987045296968,1531.6833003408728
14,35,0.5432186318163728,0.678499328462354,0.7030991299291045,0.7122748514678063,0.5791965297115574,0.15896172770784678,0.9269003874213528,1.0,0.7,0.4,0.0,72,144.85602868003988,1506.9276319130197
14,36,0.5697076192978291,0.7378314693612412,0.7958649184528049,0.7946959539249133,0.5090054837885223,0.15532891283531458,1.0,1.0,0.7,0.4,0.0,80,145.42753256007282,1581.7644797305686
14,37,0.4932168282097593,0.6376740155464334,0.6731718825023038,0.7031084731624615,0.43653535001603166,0.13245039324149288,0.8505068797543169,1.0,0.7,0.4,0.0,82,127.86321835918966,1746.949379541453
14,38,0.4374720676113481,0.5794725235365026,0.6146312029626566,0.6579583579994579,0.3842569554088444,0.13568643902351576,0.7082483935430749,1.0,0.7,0.4,0.0,84,125.93196706319492,1515.9544186727126
14,39,0.4373455755081416,0.5901581097379983,0.6364429684492161,0.6692338338682106,0.3789693144384352,0.13568643902351576,0.7082483935430751,1.0,0.7,0.4,0.0,86,126.44667610860516,1510.6274172812302
14,40,0.537735887983317,0.6773527101564104,0.7121846202021965,0.7753308955315649,0.4897388185027288,0.11370488858507524,1.0,1.0,0.7,0.4,0.0,87,132.64022086260698,1711.259093705531
14,41,0.5088220811589397,0.6443738108050965,0.6786534473484462,0.845953127224643,0.45319601805901477,0.0748807602189752,1.0,0.29563129875849137,0.7,0.4,0.0,112,157.91391128987695,3230.873814932017
14,42,0.5068031808069261,0.6518483479591075,0.6970771872067518,0.8670524211918755,0.45868750638192757,0.07294981321570326,1.0,0.3563009917430242,0.7,0.4,0.0,113,214.17601693739863,2913.081334345912
14,43,0.503960621515642,0.6461074820737924,0.6909478729165272,0.8587291066161734,0.4562594922440185,0.07057852478226366,1.0,0.3494906866644461,0.7,0.4,0.0,115,156.39081905176187,3567.6715134315
14,44,0.5041924415850043,0.6446435363090015,0.6892582045318405,0.869049619686239,0.4582621394822332,0.0718744509596851,1.0,0.3537244222463504,0.7,0.4,0.0,116,168.38646514148775,2630.6968807965486
14,45,0.5022885355423642,0.6296257741198965,0.6628076206909486,0.8613455287320817,0.4539137044751739,0.07028541180426087,1.0,0.4148274054690428,0.7,0.4,0.0,118,59.27136874365834,2826.155556670428
14,46,0.5014269279844861,0.6262315977032894,0.6590796597700136,0.8677753486853343,0.45519924773745835,0.07044614477720577,1.0,0.38103173553106184,0.7,0.4,0.0,120,166.22935836693122,2814.561816717291
14,47,0.5015914731749166,0.6370982595994266,0.6810599079976136,0.88795897698538,0.4502367298368517,0.07089543881564513,1.0,0.3469018209424502,0.7,0.4,0.0,123,164.840978313129,2824.8357671700724
14,48,0.2739695627871239,0.46916322492482987,0.55983418343575,0.836213166731787,0.21607107175614074,0.08115978854578854,0.3974389870740937,0.5834965358466848,0.7,0.4,0.0,157,225.4881420235891,2152.301596955897
14,49,0.3005366326297445,0.4971750793990192,0.5880439861221929,0.8836429063581458,0.24268795695558287,0.08573722376828549,0.45426017826329934,0.9011680649053982,0.7,0.4,0.0,161,217.18485837603885,2223.605036046651
14,50,0.29092790707301686,0.49502649242205565,0.5965640767216402,0.8857581706748375,0.23761822357132528,0.08037592173391978,0.4435714505870239,0.6511175509083861,0.7,0.4,0.0,163,220.3378960150849,2226.4798498249697
14,51,0.2993353892698434,0.5044212373263088,0.6060931325331942,0.8974263040532151,0.24681261378043565,0.08003222920388223,0.4641318346663871,0.9160372906521344,0.7,0.4,0.0,164,216.37005826851964,1917.470937656446
14,52,0.29936969742826924,0.5156323316692861,0.6284803614501162,0.9193119093897506,0.2421264303878795,0.08003222920388223,0.4641318346663871,0.9160372906521342,0.7,0.4,0.0,167,213.72181898107317,1938.145485020247
14,53,0.32927014903677143,0.568005086262847,0.7032217178517288,1.0145593873854384,0.27181877930307585,0.07524371450265009,0.5469622913013306,0.7859221707932627,0.7,0.4,0.0,183,224.5685124878856,1914.4617705897988
14,54,0.2935014777718025,0.5278163187795408,0.6624339430508874,0.9873045080237071,0.24865586660318786,0.07330957438074565,0.4656056498971485,0.6236834580087061,0.7,0.4,0.0,184,222.1614180567352,1866.1762842269263
15,0,0.9056455169869495,0.6453520214538041,0.6115925072352222,0.02970375991872615,0.0,0.0,0.0,0.0,0.7,0.4,0.0,1,373.2045070739885,1479.2427035440749
15,1,0.8730047830917226,0.6644220322944607,0.6290534651558191,0.06758487179282276,0.06434835657770711,0.05134088239399197,8.629685077862e-05,4.502704379165e-05,0.7,0.4,0.0,3,350.6316244564863,1285.629032987417
15,2,0.26756554996063764,0.4035190335013265,0.3508298360237245,0.07090729444468086,0.5655712824881657,0.06714950631073296,0.040538260618433616,0.02115161816027636,0.7,0.4,0.0,5,149.30718746142998,144.5716091443563
15,3,0.2631746826971182,0.39904561376944625,0.34607302884542,0.0739634536430544,0.06672286127468638,0.06710116480927128,0.03688379592780714,0.01924483083055073,0.7,0.4,0.0,7,145.40469370799923,158.47587101147437
15,4,0.23998941960207204,0.37417215587859676,0.3191107876510273,0.07637830066842415,0.1328649169513515,0.06231327378578101,0.03793474630933667,0.01775567469788782,0.7,0.4,0.0,8,116.54614879363837,119.39829511716988
15,5,0.24551087080097073,0.37072589305892095,0.31137830161334545,0.11731488452631952,0.25444675509656745,0.05391738750313248,0.1565808647857976,0.024661501756289,0.7,0.4,0.0,9,164.48175571696456,4889.935906129444
15,6,0.20106502444678112,0.31510897413695377,0.2528216880179069,0.0900334475915788,0.17609092487213063,0.05108931844636583,0.09969344462127006,0.035560695227147596,0.7,0.4,0.0,10,127.19638608502108,278.02010309317615
15,7,0.205782938077471,0.3150709813459164,0.251660405262359,0.10684485893408036,0.10718058441291112,0.06443068695583513,0.10575174188752927,0.041855996058278236,0.7,0.4,0.0,12,106.94618229873284,442.9226537020511
15,8,0.21469467214248833,0.32671413544051064,0.272670929792557,0.13095551262566604,0.13854541463024023,0.0634939802246875,0.1559774619558327,0.05789487904039157,0.7,0.4,0.0,14,95.60421866914268,942.6647456255396
15,9,0.21458599963283817,0.33760714792630303,0.2947097815345827,0.14730462286132107,0.10717906038172814,0.06349398022468751,0.15597746195583276,0.05789487904039157,0.7,0.4,0.0,16,96.55655508829322,947.3267449711832
15,10,0.19342234563252123,0.31528937618666575,0.2721583502661897,0.13184773784911802,0.09521363028715925,0.04861118829019122,0.13236307999886948,0.060778181802065366,0.7,0.4,0.0,17,157.33220066216683,388.3490751757429
15,11,0.19546322215366435,0.2995584190575848,0.25313068975918307,0.14016982309092585,0.22219923804572944,0.06301577641641101,0.15440823565865017,0.05731024226131011,0.7,0.4,0.0,18,96.72722774442286,841.9393811139045
15,12,0.18105387719242938,0.2827232084964793,0.23588107810853884,0.14190349679409436,0.1079570544042462,0.05955002706751741,0.12926795411992256,0.06335604175102236,0.7,0.4,0.0,19,115.7652278240359,480.44547207624174
15,13,0.18025297265049708,0.2917508773778371,0.2558594081619457,0.14947232003126373,0.09736676207289366,0.05594843805133507,0.13603673157455115,0.06062460136478274,0.7,0.4,0.0,21,145.71726230506474,431.1354446912816
15,14,0.180721415658134,0.2857097481508269,0.24872424779262603,0.15953047812903628,0.11877804717193258,0.06540009769965241,0.13312585436810115,0.06497000635679416,0.7,0.4,0.0,23,136.70371984806388,555.1848932058871
15,15,0.22092657664961746,0.3319780742430315,0.30537033543144687,0.21065772920500464,0.1693331517623089,0.058069290645766006,0.2545616586652397,0.06862325873907013,0.7,0.4,0.0,24,98.77706448816872,1222.132384779835
15,16,0.17659492900054322,0.28628647788496114,0.259464874696532,0.17221776556928514,0.10658198097418475,0.06540009769965241,0.13312585436810115,0.06497000635679416,0.7,0.4,0.0,25,123.8657923391834,531.5522748145249
15,17,0.21474550476893528,0.3202413434833598,0.29276807037744756,0.21281798368031674,0.16281215624575052,0.05766856049034667,0.24865503029697078,0.06598488423444182,0.7,0.4,0.0,26,93.94412441984667,1143.4172553560572
15,18,0.21447332794875312,0.31981538010305827,0.2923185782587464,0.21798477838659125,0.1404868312859775,0.05766932453085921,0.24820979367136756,0.06583462228845324,0.7,0.4,0.0,27,93.725423178782,1138.1866404317143
15,19,0.21465003431174096,0.3169087646259977,0.2889413068664296,0.21985589592350968,0.1582791376024742,0.061166546226175234,0.24717852713389243,0.06574694703713015,0.7,0.4,0.0,28,83.84538707664757,1180.9481662283476
15,20,0.19295263440259114,0.2949153634508773,0.2669031499534008,0.20380339423442478,0.12174447799432841,0.06445231873027604,0.18762174898808862,0.06663655580125999,0.7,0.4,0.0,29,75.91350798294084,587.0825017589298
15,21,0.19295263426804837,0.3060124141007132,0.28916556189658493,0.21227734396291398,0.12016538742312374,0.06445231862562123,0.18762174524955239,0.06663655393994136,0.7,0.4,0.0,31,75.9134943656734,587.08244142448
15,22,0.3797202798116701,0.474036278569984,0.44488435163402046,0.3826686512361915,0.3514844957563698,0.06853518838806447,0.6582085111140119,0.06301075507773966,0.7,0.4,0.0,32,99.93123881544597,593.8986968015622
15,23,0.3790153111770125,0.483106395141836,0.46492712930488267,0.3990250410420179,0.318031040682679,0.06853518850162188,0.6582085112602253,0.06301075505629575,0.7,0.4,0.0,33,96.06156877992998,579.636470860478
15,24,0.38240672336643333,0.48597823617049185,0.46772258372080777,0.40561368549730875,0.31765332606996316,0.06741990775113792,0.6693425770860445,0.06818280033643423,0.7,0.4,0.0,34,104.8576230220698,677.2862781350307
15,25,0.37835516269999714,0.46963774930103963,0.4400439240827077,0.393696315909852,0.31756457599100574,0.07098941024355333,0.6545247052362139,0.06314812788779077,0.7,0.4,0.0,35,94.63670619156473,609.4727407032271
15,26,0.18424187625678484,0.2852927943376434,0.2666720323937866,0.21436195614173398,0.12488397207364807,0.07037306557256565,0.17205250702988656,0.06319672570242589,0.7,0.4,0.0,36,77.20343961699962,547.7574288219655
15,27,0.2904918735731842,0.3672249979964852,0.3259683992073422,0.3124340559073977,0.23616137411850932,0.07037635096628861,0.44037616716700967,0.09155375920357915,0.7,0.4,0.0,37,89.11877297915507,622.8265099823925
15,28,0.40301488553681586,0.48353068551087713,0.45240381980656413,0.4335099678870389,0.3780897567072604,0.0697895610153619,0.7316230918600428,0.09601070592736956,0.7,0.4,0.0,38,98.88594324260757,746.8211348330796
15,29,0.4018745503972464,0.4817170007405386,0.45049608770295113,0.435429451729504,0.34398626689762385,0.06906474672718775,0.7308252544026854,0.09586711209335608,0.7,0.4,0.0,39,98.66442446658512,727.819570546223
15,30,0.3639706525657336,0.4667763460656448,0.46763377330499656,0.4182275126623445,0.35727796454449534,0.07634300208293472,0.6347396806406107,0.1537312616596008,0.7,0.4,0.0,40,111.47957860270992,654.2629186046908
15,31,0.49609684711223223,0.607147595005171,0.6187859964512142,0.5600518283528338,0.44742677145533416,0.07558936992606549,0.9693387040002935,0.1744910723321479,0.7,0.4,0.0,42,119.16577236673392,644.5637499097736
15,32,0.5047919302347256,0.6354164851506771,0.6690343756329955,0.5948351662043814,0.4535221563214478,0.07201721554957369,1.0,0.18315193211959488,0.7,0.4,0.0,46,130.3055200468005,808.6746118485029
15,33,0.50287138149747,0.5945878008090555,0.6036919373168035,0.584416018657067,0.5316529496836218,0.07815824994759589,1.0,0.21244791767949459,0.7,0.4,0.0,47,108.07370523499009,886.1487082309227
15,34,0.49945362845434493,0.5991438432253504,0.6190140735973576,0.5941523739081227,0.4570692518737755,0.07480596945850379,1.0,0.42454859200893325,0.7,0.4,0.0,50,104.96563491453205,852.2596769259104
15,35,0.49328939931228366,0.583166780721905,0.6017992559209163,0.5930906275467656,0.4639577183489866,0.07055416900987535,1.0,0.6973881702686804,0.7,0.4,0.0,53,115.95842283419476,888.0202609431998
15,36,0.49347846819660074,0.5918409699536236,0.6213139216056304,0.6032363706716746,0.4560839983515734,0.07196884475769105,1.0,0.7417043396371196,0.7,0.4,0.0,55,114.7387326472065,883.6860658479221
15,37,0.49347846819660074,0.6029380221721323,0.6435763958844809,0.6193464166919939,0.45037820447627375,0.07196884475769105,1.0,0.7417043396371195,0.7,0.4,0.0,57,114.7387326472065,883.6860658479221
15,38,0.49399121950598046,0.6142008457673926,0.6659614644572127,0.6362884634606957,0.4514927638643543,0.07284983150008517,1.0,0.7912754551515307,0.7,0.4,0.0,60,113.34143623585172,898.6597251567404
15,39,0.49293252927916786,0.6227718726946042,0.6855161374384815,0.6388089722834805,0.45676393957001427,0.07196884934252415,1.0,0.7417043827879463,0.7,0.4,0.0,61,111.72474359218438,870.6814270349674
15,40,0.4825450757425157,0.6007892383253963,0.6523061315929545,0.6579995349854193,0.44051302389578695,0.057347626107476214,1.0,0.15151236868667026,0.7,0.4,0.0,67,134.0462615635398,734.2626335549076
15,41,0.4817445877458249,0.6077367184362727,0.6700058637711759,0.6682332654301872,0.44761653064067897,0.057619353362909596,1.0,0.1681277055756097,0.7,0.4,0.0,69,134.57120120635736,729.923259911793
15,42,0.4973387583736048,0.6298896325952479,0.7125911825857711,0.7311481686259664,0.46766825550670654,0.08604648872672323,1.0,0.5145157627168064,0.7,0.4,0.0,78,372.0991088183631,938.1393897928888
15,43,0.49575519871295304,0.6244703267112865,0.7067133064008166,0.7617234983645172,0.46194215742014216,0.08518766831700886,1.0,0.46689096328789426,0.7,0.4,0.0,85,370.6034189453379,903.330285284841
15,44,0.49574238064735315,0.6242540297573724,0.7064728054182423,0.7721370510170418,0.4600978756855096,0.0852427269634484,1.0,0.4668378284542934,0.7,0.4,0.0,87,370.6905261990835,899.9782765298269
15,45,0.4964009425124886,0.6238296306137929,0.7059193379385573,0.7764028505575287,0.46515015662717607,0.08657221954560576,1.0,0.45619475863230663,0.7,0.4,0.0,88,372.9037259660105,975.8447040952108
15,46,0.4892952008439341,0.6046992568121515,0.675513299313887,0.7752465988213062,0.45762419874641985,0.07675219052648083,1.0,0.2786862411566788,0.7,0.4,0.0,89,156.90792853857113,941.2754608997934
15,47,0.4926513095544884,0.61711624003847,0.6988540173491167,0.762628808549773,0.46609966602557307,0.08226383540831819,1.0,0.4624255833362268,0.7,0.4,0.0,90,143537.20184783437,1017.4525528833092
15,48,0.4926816333096091,0.6281993356761811,0.7210972487823997,0.769597673418029,0.4577178638435002,0.0823226347599934,1.0,0.46109375962218657,0.7,0.4,0.0,92,143537.0459305597,1017.5752780942296
15,49,0.48352964146153643,0.6491360161517682,0.7751510693736267,0.8106741509902256,0.4519214573722912,0.07035613757447302,1.0,0.1815736539401285,0.7,0.4,0.0,97,150.4175380873036,1039.5128925243516
15,50,0.48992739692724485,0.6392416598644196,0.7534808078140838,0.8141600857103354,0.4784083107725619,0.08123973457467823,1.0,0.18941021072747607,0.7,0.4,0.0,98,247.8418539660657,1060.5952274652473
15,51,0.48731261609312754,0.6327346932448186,0.7465188795193262,0.8224931964857094,0.463160259167581,0.07877002553026667,1.0,0.19861909091195545,0.7,0.4,0.0,100,167.42081134150575,1065.1203595210986
15,52,0.48782747147117117,0.6436141635102837,0.7684784036279984,0.8348579666541602,0.4573228010120414,0.07973991540750372,1.0,0.19620779473613204,0.7,0.4,0.0,102,169.84306512774785,1064.441762451944
15,53,0.483430190228952,0.6800766130267739,0.8491921292508317,0.9539834659550814,0.4527351311465563,0.07457076626108841,1.0,0.19264457455598905,0.7,0.4,0.0,129,137.487545702405,990.0631861159758
15,54,0.4879601821494055,0.8111858724268478,1.1135243673271493,1.224540499470686,0.4585596064581924,0.08304829473270671,1.0,0.46505168018163034,0.7,0.4,0.0,192,205.441725200974,1207.0254124488806
16,0,0.8426823196727855,0.6298917361791653,0.5946606351779398,0.02820214929797375,0.0,0.0,0.0,0.0,0.7,0.4,0.0,1,514.5743753002414,1527.021523437176
16,1,0.8138580486318171,0.6463260108537634,0.6095481047367035,0.06286032865565565,0.05996202736867859,0.04664145401332693,8.440505058951e-05,3.452068488611e-05,0.7,0.4,0.0,3,491.48118715290747,1479.942668151649
16,2,0.8904603939057492,0.853504531248507,0.8120571421361098,0.3199222900393396,0.4766907876283938,0.06398916852701177,0.6103060114663318,0.7060714077847413,0.7,0.4,0.0,4,197.7084011586638,523.2286903429793
16,3,0.2139461768191216,0.3316843558842061,0.26253792554277555,0.06042784908316146,1.0140592603624616,0.06054399798027421,0.0392383368769429,0.01776698024224942,0.7,0.4,0.0,5,177.810155001098,125.7560570220201
16,4,0.20080287954539403,0.3113654120333747,0.23995764910450357,0.06151300218443615,0.10038522350413387,0.06064540328421234,0.04765304971371878,0.02157713247128166,0.7,0.4,0.0,7,127.28902036894767,84.56440438195803
16,5,0.19867544005507182,0.31927334862866275,0.25872723658533603,0.07044087974428527,0.06681585202241773,0.06064540328421233,0.04765304971371878,0.02157713247128166,0.7,0.4,0.0,9,132.7658364260375,85.55451953780532
16,6,0.19137937847701808,0.3184228917981065,0.26778242826508974,0.07732348875712008,0.10722786750170897,0.06640181735482678,0.0407941981749212,0.029096188373540683,0.7,0.4,0.0,10,137.5682509104393,208.3056440192755
16,7,0.1957449720959007,0.3227572163600868,0.2721045101553251,0.09484895347838276,0.06739243296771644,0.06489824209516758,0.05458341200335669,0.027507352760128067,0.7,0.4,0.0,14,122.07592267319583,113.11502011013584
16,8,0.21885649849301522,0.3385850150931598,0.2861908924180546,0.14284719395811923,0.12182916556767678,0.03763843368056856,0.1875916826974454,0.02003234337657905,0.7,0.4,0.0,17,168.23937964611727,1395.275045442099
16,9,0.18894518531489046,0.3075726154169998,0.2549325775679921,0.11951615063454853,0.07728754423330958,0.03790935619690603,0.11604429964824507,0.022998965841946408,0.7,0.4,0.0,19,174.64523151539842,430.8719848100792
16,10,0.21434974267151236,0.3439952722920322,0.3025026270808438,0.15150859703382408,0.09910223362762471,0.041063498417472935,0.17430590652165104,0.02098571676632395,0.7,0.4,0.0,20,165.9962088408876,1367.478540571592
16,11,0.24948615621143383,0.37068587274935333,0.32742106783106195,0.19869430027238352,0.20626916002572115,0.048393353729075,0.27474611591952786,0.4547838449941799,0.7,0.4,0.0,21,193.66506140872653,1147.9744784209734
16,12,0.2507695892189362,0.37084785368408346,0.3273605721898262,0.20649198358243662,0.1501993076762181,0.04902950507357851,0.279883414750113,0.45616158097081516,0.7,0.4,0.0,23,183.83779707648588,1230.5404639476503
16,13,0.2507695892110341,0.3819449059025921,0.3496229857016835,0.21433104343817128,0.14627406697184947,0.04902950507357851,0.27988341475011286,0.4561615809708153,0.7,0.4,0.0,25,183.8377867156184,1230.540495966062
16,14,0.29720954398432586,0.4489492444834243,0.43863890851272747,0.2752950161186414,0.20568562422318196,0.19290038479516897,0.14851201924982288,1.0,0.7,0.4,0.0,26,1257.0351919220882,1033.6247174634375
16,15,0.26959847675345655,0.4102666672186855,0.38879165001826965,0.24258088888247664,0.1669804390629575,0.16389172707552,0.1303010813941548,1.0,0.7,0.4,0.0,27,1042.4370663416155,844.1840653226151
16,16,0.2651194779402485,0.4129006085144465,0.4018345979600713,0.2523951771056142,0.1928892042653245,0.13278113369260777,0.18344431101774342,1.0,0.7,0.4,0.0,28,514.9546685236635,1626.614925387349
16,17,0.20362592261631834,0.34566335648639146,0.33354788479996916,0.2100436171170688,0.14713761845295506,0.10869918511614066,0.08505815758788392,0.5377496235323618,0.7,0.4,0.0,29,320.2296402086039,343.1039599350641
16,18,0.4651709756824516,0.6111676968678634,0.6089766036779867,0.4842744579415344,0.39941572270748116,0.1855096302257152,0.6192515414197202,1.0,0.7,0.4,0.0,31,1331.2295017880674,1170.276720459566
16,19,0.4261068152094618,0.5533740331928734,0.5387510194568768,0.4501786655204915,0.3664991121275851,0.17615978914697966,0.5521336743317126,1.0,0.7,0.4,0.0,33,1364.1841435058705,1141.872039181886
16,20,0.4201569072968565,0.5583157353801089,0.5548247518736129,0.4530895784323544,0.3389482956751107,0.18033000851211017,0.5303228389480731,1.0,0.7,0.4,0.0,35,1383.5365831472022,1042.8391208740768
16,21,0.6056357149813623,0.7390382847875896,0.7347861567550075,0.6503701715517229,0.5539241231967745,0.18154096840223471,1.0,1.0,0.7,0.4,0.0,36,1359.6601377658444,1107.0650308697684
16,22,0.6006572836768862,0.7447253236915445,0.7515702888760696,0.6641390372815921,0.5229850797536401,0.17483487463359798,1.0,1.0,0.7,0.4,0.0,40,1352.592275128863,1183.6807383753712
16,23,0.4190423045770472,0.5825129303285685,0.611251267974929,0.5011318718565789,0.3451450541629071,0.1153514769770625,0.6545664610405715,1.0,0.7,0.4,0.0,46,337.0034909910489,845.6036790080624
16,24,0.41866446331023255,0.5926319464506705,0.6324424201548051,0.5103076525470835,0.34421074332737017,0.11535147697706252,0.6545664610405713,1.0,0.7,0.4,0.0,48,345.9495182296582,832.9067321398456
16,25,0.4964980995635736,0.6498997483874176,0.6771068686474665,0.5965462224645501,0.4514023085197102,0.17335377288537177,0.761739285218556,1.0,0.7,0.4,0.0,50,1338.6231069562632,920.8633640490796
16,26,0.4053125420377989,0.55478000889216,0.5814061505838448,0.520446365636235,0.3575221479719401,0.11821633105014775,0.6356877211994504,1.0,0.7,0.4,0.0,51,415.179251710847,946.6995248096304
16,27,0.37346856074059487,0.5225231859522532,0.5490889732531129,0.48200969142704486,0.3075382437720474,0.11989419474544336,0.5536970600956808,1.0,0.7,0.4,0.0,52,421.3026760545974,936.7074770649727
16,28,0.36595499122304714,0.5128696296971638,0.5391222121997572,0.48209008114480545,0.3046116762935614,0.06388249932447441,0.635808723595442,1.0,0.7,0.4,0.0,54,160.09103024435663,897.4939849518446
16,29,0.3689405156747816,0.5131509599843567,0.5390145464757927,0.4894257250953161,0.31702591225500903,0.06414469541478905,0.646268527338042,1.0,0.7,0.4,0.0,55,149.13657008000047,971.4017651001012
16,30,0.35418767184781197,0.4979478618912345,0.5237469548331799,0.4751967726745165,0.29116538049583596,0.06464591559108743,0.6090815790953152,1.0,0.7,0.4,0.0,56,149.44431567509838,970.1022477704906
16,31,0.3742168255199746,0.5282416441366915,0.565086292955113,0.5151275496632112,0.3114613026839898,0.1193797181492218,0.5644311229146253,1.0,0.7,0.4,0.0,58,409.4419825711039,1154.9461234593475
16,32,0.40253706302267056,0.5558310413370416,0.5925717373828756,0.5436969986251268,0.3416609194846221,0.1610482946357826,0.5632162842325237,1.0,0.7,0.4,0.0,59,985.9367532402324,957.370328869955
16,33,0.36870988903027685,0.5324970213033342,0.5803169682181022,0.530360288715148,0.3075290901667425,0.11519539406297016,0.5596417027842921,1.0,0.7,0.4,0.0,60,369.3127270027943,1059.9479739864016
16,34,0.3055052418242371,0.4684833635879981,0.5161879631029387,0.47797232371632675,0.2425108019243858,0.1278929316033782,0.38041698482676073,1.0,0.7,0.4,0.0,65,550.67867599802,1111.671235996592
16,35,0.46179461781138664,0.607646340336951,0.6433381351570364,0.6395336203843212,0.4307147491015466,0.1210927451353879,0.7902210489773351,1.0,0.7,0.4,0.0,66,504.4828324427162,234.78276864778437
16,36,0.4306469787933927,0.5942567019012881,0.6516650892534795,0.6270493672292956,0.37714778953518757,0.1189797903091303,0.7210871796646064,1.0,0.7,0.4,0.0,70,513.9813197069586,1079.5631625388023
16,37,0.4919920008993656,0.619090754549215,0.642563514044844,0.6949691204800125,0.4499233731385122,0.04923501918710816,1.0,1.0,0.7,0.4,0.0,71,227.83471098819737,1245.7010914452728
16,38,0.5407054847233477,0.6752928531677279,0.7094423678060422,0.7555781263298456,0.49331817600359595,0.12100340961963656,1.0,1.0,0.7,0.4,0.0,73,602.1553999085177,1243.9614157085882
16,39,0.540697425273702,0.675265422099927,0.7094123489111533,0.7555753618066577,0.4847483760749255,0.12100340961963654,1.0,1.0,0.7,0.4,0.0,75,601.8172185517399,1244.2011484854545
16,40,0.5410535008272207,0.6754454426154466,0.7095685416266735,0.766114086789351,0.4859779106993674,0.12161762107985057,1.0,1.0,0.7,0.4,0.0,76,610.9665637245308,1228.7002622672037
16,41,0.5408648535336356,0.6615453707253602,0.6841524313724507,0.772265103281651,0.49837856381667045,0.12287721790189077,1.0,1.0,0.7,0.4,0.0,77,609.3029747505154,1183.8763201007423
16,42,0.536794517942319,0.6806543612656559,0.7354223220318972,0.8225250478327646,0.49013956231869715,0.12265435965748672,1.0,1.0,0.7,0.4,0.0,88,567.7689925886358,384.8098057960024
16,43,0.5307393347018453,0.6875182439852525,0.7634196801838525,0.8229976481705882,0.5253152852699591,0.1187169172418733,1.0,1.0,0.7,0.4,0.0,89,582.8311530983099,418.1395402000708
16,44,0.5309053168196521,0.6975279198038185,0.7844346892750823,0.830525588992925,0.48651428290090576,0.11956325702430559,1.0,1.0,0.7,0.4,0.0,91,585.2833682886973,420.8188159044457
16,45,0.53033969693189,0.69683750931711,0.7837286179918074,0.8299874374049236,0.4834523032276697,0.1188157082154229,1.0,1.0,0.7,0.4,0.0,93,580.8230296201617,422.3201492693394
16,46,0.5280958484326006,0.6708009255478404,0.735158034138595,0.843536782123488,0.48325662061368446,0.11637737215558004,1.0,1.0,0.7,0.4,0.0,97,545.4030626576978,1140.597336328672
16,47,0.5279878708844303,0.6814655151295381,0.756946647400554,0.8659227756383034,0.4821892389258018,0.11637737215558006,1.0,1.0,0.7,0.4,0.0,99,540.1834986546124,1145.3726316384707
16,48,0.5272944756273494,0.6803101480704553,0.7557326848566572,0.8637119067389688,0.48299462125143533,0.11560638361018838,1.0,1.0,0.7,0.4,0.0,100,608.6505102709665,1277.5664158616676
16,49,0.527553887935891,0.6675595420861851,0.7315748295765515,0.8556979658682717,0.4903447095392624,0.11687563577339247,1.0,1.0,0.7,0.4,0.0,101,567.9453665506795,1140.5229694745035
16,50,0.5303881173455745,0.7008614844849584,0.7980170516273016,0.884696753531462,0.48973775407935416,0.12222619314806886,1.0,1.0,0.7,0.4,0.0,104,530.9223575616311,982.5730096006918
16,51,0.5322486181184769,0.8207681624165584,1.0402393395299292,1.0960674848301184,0.48917443798380217,0.12668806355722767,1.0,1.0,0.7,0.4,0.0,140,465.4224312196441,330.78638217273334
16,52,0.5321254820640081,0.8313420770796918,1.0619287202911718,1.120509162120448,0.4895590469964268,0.12668806355722767,1.0,1.0,0.7,0.4,0.0,142,456.977308707642,323.9707201081109
16,53,0.5346720043161617,0.8217905184936949,1.041087358746993,1.0195222291688681,0.4921629635754582,0.13076468333467628,1.0,1.0,0.7,0.4,0.0,149,428.6067609075814,143.6609327170422
16,54,0.5323589038075269,0.852675044580957,1.1054563057456326,1.2101469811811048,0.4893186935581141,0.1275010470721152,1.0,1.0,0.7,0.4,0.0,155,482.0190215336289,332.0268589369956
16,55,0.5615704895131263,0.8526006902718881,1.0723853118547881,1.2070364768699675,0.5175256320456836,0.16745688518829815,1.0,1.0,0.7,0.4,0.0,158,454.8420358318714,129.33879755802442
16,56,0.5627943990772912,0.875200046053202,1.117212940988197,1.2308075471859556,0.5192346932291585,0.16957270535627797,1.0,1.0,0.7,0.4,0.0,168,448.0665944029109,127.11841381034172
16,57,0.5533416446707262,0.854178517507356,1.084967304756732,1.2405257034215167,0.5104649755608092,0.16956426279588196,0.9767516610535198,1.0,0.7,0.4,0.0,170,448.0632954817965,127.11996105053812
16,58,0.5317774585753559,0.8604249701847532,1.1240284790055015,1.132780823257351,0.49043379655389,0.12786385136962725,1.0,1.0,0.7,0.4,0.0,174,406.7196830315249,161.45690211800783
16,59,0.5315162442756145,0.8489861024376719,1.1014144701597628,1.1042448696814315,0.4896184335358734,0.12752503553428501,1.0,1.0,0.7,0.4,0.0,175,406.89340103826936,161.86293380313666
16,60,0.5346439974573429,0.8520273438550366,1.1044450072635585,1.1120029369666118,0.4927793905778279,0.1320301644857751,1.0,1.0,0.7,0.4,0.0,176,411.47911111274686,145.2394254277955
16,61,0.5319974823068072,0.8698552320136627,1.1443913302370659,1.1806674741131666,0.4927806846926354,0.12897764347255508,1.0,1.0,0.7,0.4,0.0,179,416.2623316270084,154.80616807748487
17,0,0.9356368811876008,0.652344573156922,0.6192507283835701,0.030380985036422156,0.0,0.0,0.0,0.0,0.7,0.4,0.0,1,311.07434504509285,1382.6765663257484
17,1,0.8970450912256284,0.6635608805185266,0.628987966122744,0.059176570200537924,0.05283630878892731,0.03817341663191454,8.061260589064001e-05,4.6694646718000005e-05,0.7,0.4,0.0,3,276.2975527813376,1332.0520165352707
17,2,0.38802979198868587,0.49334954761377725,0.4512017881056121,0.07306206446776281,0.7036723017192787,0.05367946565833748,0.01184075853666912,0.00949234475381873,0.7,0.4,0.0,4,65.08363437660304,476.7037981329684
17,3,0.2570124309510065,0.3926651085682743,0.3391833917311412,0.07987468269758809,0.26042324884949886,0.058914325126253664,0.04863045464729736,0.04855380301789495,0.7,0.4,0.0,6,114.22216006271496,109.68766827751368
17,4,0.24803850243522968,0.39469954199515994,0.35219318812138356,0.08715896684468964,0.06045604867626954,0.06260080496547037,0.02451265170326327,0.027464109342564207,0.7,0.4,0.0,7,83.50677707074672,189.54653527687597
17,5,0.24597225479091592,0.38074842815719856,0.3262451673030836,0.08356327120157021,0.08868147652734167,0.059267440454249955,0.04504991005308471,0.04560468885618381,0.7,0.4,0.0,8,99.87453490251808,102.3638922940898
17,6,0.235829013891736,0.36892838632448116,0.31320727333651444,0.08717261621488201,0.10335801459812055,0.061460447145317766,0.043645483524694675,0.047295068126036524,0.7,0.4,0.0,9,100.961927751816,109.0523206901404
17,7,0.244611104301744,0.376540854141017,0.3201025562139768,0.10871381241149426,0.10136442614838014,0.06514838725302273,0.0750579111295926,0.07101707754304803,0.7,0.4,0.0,10,132.49128464883535,544.1258936741393
17,8,0.22843525742918033,0.3702902700313017,0.32442585194008516,0.09631814345412926,0.08555057506972773,0.06917186514786156,0.04018226941110253,0.04720564688235771,0.7,0.4,0.0,11,96.99932298190608,107.89697556764806
17,9,0.22979127491935641,0.36988499449803436,0.3233164002435638,0.11001081046867087,0.09577041937051714,0.06507948383031839,0.0648247060639557,0.0613347894707687,0.7,0.4,0.0,12,94.0921668012874,318.92669746325186
17,10,0.23181042461480425,0.3583253053471413,0.2996166645580916,0.11913435552586903,0.11606653780712055,0.08546667786379042,0.0535860810187456,0.09574598757258078,0.7,0.4,0.0,13,121.71759387403765,428.3688194688503
17,11,0.21768575881795335,0.3528383508406374,0.30448941347556424,0.1194545989639074,0.08721152250224166,0.0740020036145074,0.053350111692310395,0.06371554219440108,0.7,0.4,0.0,15,81.09729587775054,145.73357095231196
17,12,0.23239285416008748,0.35634376712757654,0.29663228636097666,0.13629910956850344,0.09927514703189581,0.08675241955331206,0.07272193906728053,0.13868248377150222,0.7,0.4,0.0,16,116.38114322608324,658.1386499329233
17,13,0.22500906771586565,0.3686003855002966,0.33061711859090337,0.1368487999543515,0.10470724293913601,0.08680562441139757,0.06360412115567507,0.07596457312114013,0.7,0.4,0.0,17,98.51611234735915,312.98903073114514
17,14,0.2258602202817665,0.35717973738518727,0.30765693819344797,0.14785610648039135,0.10364484485455383,0.08675241955331206,0.07272193906728053,0.13868248377150222,0.7,0.4,0.0,18,108.48642592803606,630.3643790535593
17,15,0.22317869504974835,0.36934980190007466,0.34027697727068434,0.1500454447295539,0.16525068194045905,0.0975446014610937,0.07816371921439874,0.10514530086844631,0.7,0.4,0.0,19,95.4713449625557,503.1277401457873
17,16,0.5592944190055386,0.6977076865067598,0.666654225122048,0.5096362196057681,0.524857110409057,0.06958770985333594,1.0,1.0,0.7,0.4,0.0,20,294.9967930001354,350.9839590678825
17,17,0.5501141956369628,0.6747012137987846,0.6318306133160085,0.5096126561864638,0.4694339005763911,0.07706144557206591,0.9742647362314629,1.0,0.7,0.4,0.0,21,256.2522593726274,330.455822659331
17,18,0.5412787710063671,0.6711609097929843,0.6476932419133713,0.5136101099657273,0.5428450222688134,0.06952853444278376,1.0,1.0,0.7,0.4,0.0,22,211.47608730594243,180.9566789788963
17,19,0.3243640237227305,0.44507480401951244,0.41997683914691164,0.3497166683416634,0.24572530850489713,0.0730475534988744,0.4714426238485959,0.0813846309763656,0.7,0.4,0.0,32,114.62756298001328,380.6408809589027
17,20,0.33394117843736826,0.46123929425717114,0.45603631765674285,0.37576052397428183,0.3009071337284436,0.07181809773051143,0.522489978703011,0.0976352718634534,0.7,0.4,0.0,34,127.89161567087032,481.7478741094856
17,21,0.2161626692231418,0.35367558002928884,0.3595029218576706,0.27957080247211014,0.14320980991842813,0.08530947536624875,0.20577006135859718,0.09245707063887357,0.7,0.4,0.0,38,94.63638807685786,826.0970155804413
17,22,0.3301014728987103,0.4528344499935059,0.4469342775335943,0.4078333122816156,0.26822123919390256,0.07487432001064487,0.5144392934917537,0.10982607330591973,0.7,0.4,0.0,40,99.97511036671187,453.6635669836281
17,23,0.20357336437052453,0.32502547475127247,0.32847735061550903,0.29248527472154967,0.2020633389442225,0.0835322504377988,0.19964389993691584,0.11870787678163833,0.7,0.4,0.0,41,93.06690439552412,745.3808628979864
17,24,0.2682944918388339,0.3782612055530339,0.3800973616050989,0.35469925947472547,0.23702278640658378,0.08436638219049601,0.3737042361027943,0.5622894880095425,0.7,0.4,0.0,43,129.0434387147347,611.622958604035
17,25,0.5019491170297751,0.6079710083879099,0.6189386166281553,0.6149497692272625,0.5202660026385727,0.06931170065643685,1.0,0.8845589384025805,0.7,0.4,0.0,44,172.67577016587228,358.5118062041513
17,26,0.5015023042935933,0.6032701172088157,0.6136769783549104,0.6252457755673084,0.45959483488090386,0.07101099681671848,1.0,1.0,0.7,0.4,0.0,46,192.8483763289,340.4455565665605
17,27,0.48892423566903964,0.5790313934473785,0.5781935078114562,0.6125738485592305,0.4407084220328771,0.06765377687515738,0.9751036852623294,0.7278629779038355,0.7,0.4,0.0,47,163.44366225507866,424.3974978474485
17,28,0.3822127438709124,0.46460531011784645,0.46277176828256106,0.4917093337057445,0.36803626566054576,0.07274791624587273,0.7062746843432524,0.5845064090372998,0.7,0.4,0.0,48,148.97182687489544,523.8294697077155
17,29,0.3369368921891173,0.4227963432740023,0.4311544211225219,0.4738813040447093,0.29934237059263025,0.07388094931579745,0.597599526436161,0.4224484660144898,0.7,0.4,0.0,52,158.3881966115434,702.4070337015646
17,30,0.3367511390079059,0.4222471042420791,0.4305592232529606,0.4544113099536076,0.2923127498454328,0.07595223824578204,0.5938098255051717,0.4275736698617642,0.7,0.4,0.0,53,153.48165640781374,710.8233303099705
17,31,0.4273156331691339,0.5070115048441879,0.514594031690041,0.5681494314646209,0.40885182899898115,0.07121144262563768,0.8331779048684007,0.5622331161367768,0.7,0.4,0.0,54,170.10951374388475,640.9724102446758
17,32,0.41421339859330353,0.4915705657632415,0.49886123157095563,0.565686127906287,0.37589160363658924,0.07066989408360175,0.8031887266167315,0.6629006757954814,0.7,0.4,0.0,56,166.78179404963026,729.6357083520479
17,33,0.3087430376230562,0.38585038212871126,0.39310984790723263,0.469077698920228,0.26589914606507475,0.08268758093417992,0.518674109451181,0.13172357544200547,0.7,0.4,0.0,58,103.90171238980074,739.7981137063452
17,34,0.32512606461161697,0.4281218539201998,0.4679621038232202,0.5117398415278801,0.3162290893374686,0.08297608505701433,0.5646575465340157,0.1467347020327406,0.7,0.4,0.0,59,108.48364715774726,835.569362281845
17,35,0.26502510489120085,0.3230907380313526,0.3182010329634678,0.4362814059937363,0.2253585619439007,0.08482498867960842,0.4116159197792473,0.7368021092803367,0.7,0.4,0.0,61,159.27329833784887,815.3443282312605
17,36,0.2859440814922301,0.32761428279099425,0.3305907795954727,0.4620082681994213,0.36821725578283226,0.08376642156603986,0.4836785074668497,0.3434397759227541,0.7,0.4,0.0,62,142.4020898109066,845.7970408831779
17,37,0.26036747137836713,0.2935475253205367,0.2955305816240967,0.44704455779343955,0.2635196127360352,0.0829585948427361,0.42601784384523145,0.7359417689401678,0.7,0.4,0.0,63,158.71119304355335,771.1983846584939
17,38,0.2593435902690674,0.2800696906076248,0.28061428976798036,0.45366527820424307,0.2554806867557042,0.08448432690716903,0.4274321137643232,0.7380148816558365,0.7,0.4,0.0,65,149.6902545629737,815.9781526052408
17,39,0.2643994702522052,0.29485075781170034,0.3064031893080019,0.46966202361381537,0.23824062719720204,0.08449919198904987,0.44074900021982505,0.7610081478728444,0.7,0.4,0.0,67,165.14603788836297,884.3263860161902
17,40,0.474722390251401,0.5176230118035166,0.5503950168565408,0.7193173119729508,0.4555918758358254,0.0681421810046931,1.0,0.425881806984859,0.7,0.4,0.0,72,176.6919679445093,1245.399804847507
17,41,0.4719624315571172,0.5104740305357325,0.5427485905411127,0.7236498831994217,0.4636108489496734,0.06979900823199998,0.9922940501581856,0.35257197127139295,0.7,0.4,0.0,73,155.55588892772894,1120.2734415027337
17,42,0.47345400069244753,0.5086371061174184,0.5405367672765802,0.7253701563963273,0.46114546348121943,0.06839746034307954,1.0,0.421612291851738,0.7,0.4,0.0,74,162.4700843603059,1165.8696514352202
17,43,0.47067046703596904,0.5129340216037028,0.5555515884442869,0.7339339495438659,0.4609144731962407,0.06979900823199998,0.992294050158186,0.352571971271393,0.7,0.4,0.0,75,147.06271704820998,1093.6204003119235
17,44,0.47210964472100103,0.5105677791733793,0.5527601088268262,0.7356009516450976,0.46287795645417784,0.06839746034307954,1.0,0.421612291851738,0.7,0.4,0.0,76,151.79147678230703,1131.1679398780998
17,45,0.4815207615536827,0.519769231160885,0.5619381788833724,0.7708441023767416,0.4574315853076968,0.08189338363545211,1.0,0.6609087163758909,0.7,0.4,0.0,84,154.79160409272106,687.1593999563788
17,46,0.4712154169420838,0.5506324663641206,0.6371040520559779,0.8052400879039269,0.460204571163648,0.08850638667445052,0.9640334454281432,0.21689334698644638,0.7,0.4,0.0,85,119.07874972766469,884.9667173580898
17,47,0.4770580042417635,0.5427681168420141,0.6177845900636036,0.817826135166225,0.46411117308127414,0.07692163724900572,1.0,0.1499887252610142,0.7,0.4,0.0,86,107.45795162129818,779.7215199287399
17,48,0.48444295768137896,0.5541905439164208,0.6395914933703304,0.8291485552807702,0.47611414198698326,0.08910428978455907,1.0,0.20780264445694607,0.7,0.4,0.0,88,121.0019331320522,827.2166372711703
17,49,0.4806291317103607,0.5297176803440462,0.6029027838504523,0.8401019973956338,0.49717883978650995,0.08576171588799787,1.0,1.0,0.7,0.4,0.0,89,161.98715291487855,1293.1142797256737
17,50,0.4804431965661634,0.5282637490868102,0.601310384780479,0.8399555685924801,0.46485480387249606,0.08576171588799787,1.0,1.0,0.7,0.4,0.0,90,160.5709563727412,1288.5025776291502
17,51,0.481479784894647,0.5273791766493892,0.6002161690653076,0.848230455858571,0.46872610765451506,0.08764499403344167,1.0,1.0,0.7,0.4,0.0,91,146.77221409394872,1351.6739862346494
17,52,0.4802861118642035,0.5480793640768193,0.6432142997218515,0.8816031843424362,0.46077403390805616,0.0860024815973936,1.0,1.0,0.7,0.4,0.0,93,152.05384778212772,1252.419799113586
17,53,0.4802690604043338,0.5590845340569554,0.6653765888748506,0.8971680069761419,0.4603396364800595,0.08599374185510746,1.0,1.0,0.7,0.4,0.0,95,152.5576855826678,1255.3018578768822
17,54,0.480729950701858,0.5458448995295049,0.6406878505524028,0.878475414499078,0.4635389396901011,0.08719125670094649,1.0,1.0,0.7,0.4,0.0,99,169.4780189139827,1312.7069195968998
17,55,0.4821385696448099,0.5690388889728004,0.6861680294423302,0.9035845774484494,0.463287984654481,0.08928741925545569,1.0,1.0,0.7,0.4,0.0,101,152.13316300970186,1611.6857247801925
17,56,0.48054297264446794,0.53926854400184,0.6334174496220013,0.9004592169532428,0.48465459420406637,0.08821180247537971,1.0,1.0,0.7,0.4,0.0,102,157.5240878613872,1456.6052449422623
17,57,0.48054297266511203,0.5503655962203489,0.6556799239008518,0.9125168571877318,0.46174828702596543,0.08821180247537973,1.0,1.0,0.7,0.4,0.0,104,157.52408694144503,1456.6052415427575
17,58,0.4805429726948851,0.5836567529055705,0.7224669213981436,0.9676215814601951,0.461748278624596,0.08821180251780164,1.0,1.0,0.7,0.4,0.0,110,157.5240880080295,1456.6052455372974
17,59,0.4800501572429288,0.5829549218475429,0.7217425482536273,0.9709319977598311,0.46207897697330663,0.08754905136136233,1.0,1.0,0.7,0.4,0.0,111,159.89323498599322,1435.7893054345575
17,60,0.47877168981237467,0.5816563111163546,0.7204417238740028,0.9772498523343606,0.4600718727837574,0.08572667015531746,1.0,1.0,0.7,0.4,0.0,112,147.41362941502638,1356.458973536967
17,61,0.47797229972075606,0.5111983526394149,0.592629276399498,0.8668765765402231,0.5149872474400307,0.08726804795526386,1.0,1.0,0.7,0.4,0.0,113,157.88603045764316,2005.861652727956
17,62,0.47959778614354703,0.5075939034119445,0.5884646317841417,0.9168640234558498,0.46732202361810204,0.0905251024335007,1.0,1.0,0.7,0.4,0.0,118,138.97052574535005,1753.2566647535914
17,63,0.47929317541687755,0.5145210577151409,0.6061443344929233,0.9326370719926824,0.46838766832658435,0.09076283394172044,1.0,1.0,0.7,0.4,0.0,121,145.2451541306154,1760.4019124473195
17,64,0.4794141412882811,0.5027961646520253,0.5831741279181151,0.897176204313288,0.4646951157706881,0.09106548339849486,1.0,1.0,0.7,0.4,0.0,124,148.74551803095758,1816.0683508068355
18,0,0.6630370542315351,0.578527061722019,0.5384063807287933,0.023217756239324004,0.0,0.0,0.0,0.0,0.7,0.4,0.0,1,892.4116253422462,1500.3703602034475
18,1,0.6670463473984469,0.6175650059616193,0.5757561248542709,0.08181853080288316,0.08654394611960411,0.0810607768654382,7.523437449748e-05,8.351039875141e-05,0.7,0.4,0.0,3,833.9521085442653,1392.108758828805
18,2,0.260366226398432,0.39371558150520847,0.3381514389450022,0.08837550020472823,0.5230970613065065,0.1056882725702694,0.024094190347450008,0.02674462912661708,0.7,0.4,0.0,5,209.57510519131247,253.401895726324
18,3,0.2546618250399952,0.38706341474543565,0.33093530089393636,0.0905404317255761,0.0928360722667376,0.10166336294174941,0.0293167553588224,0.02971344653638202,0.7,0.4,0.0,7,162.99181330118483,156.4228633312794
18,4,0.24528839503312277,0.3746755091979724,0.3171030503886339,0.10068664218557179,0.1366979195442124,0.10251876538434901,0.03478237814822891,0.043795581147913834,0.7,0.4,0.0,8,173.37170904342028,124.38019387874463
18,5,0.24384284548671115,0.370130131946845,0.31138030989888565,0.10730080500046753,0.13495033108003968,0.09627275534102167,0.06526951516277389,0.09656774110268083,0.7,0.4,0.0,9,130.0846562850195,242.73479740460152
18,6,0.26954379939079276,0.38609074218619427,0.3244398578167914,0.15585051874496123,0.24225166494788125,0.1520009646464686,0.08383773525040024,0.5422148250530572,0.7,0.4,0.0,10,220.78902842776276,389.6922533732395
18,7,0.2697837270544702,0.38578466273894424,0.32399283334030937,0.16161361909207506,0.14359661735800977,0.15425647945682325,0.08282815654832495,0.5419302431197031,0.7,0.4,0.0,12,239.2580149717049,423.9821648990836
18,8,0.2632462850146348,0.37672298325625503,0.31429907084426295,0.1625036302212023,0.16098393929890048,0.14961493319453817,0.08489626969066069,0.5458575856866659,0.7,0.4,0.0,13,208.48705774882288,347.0623743782967
18,9,0.26293686975366803,0.3873118834101315,0.3360049802277925,0.17858175162725157,0.13954103082924849,0.14961493319453817,0.08489626969066069,0.545857585686666,0.7,0.4,0.0,15,205.91280869526517,340.947091409999
18,10,0.32906591373383787,0.44975542947585756,0.40636633242353226,0.26240629422085776,0.3394329447072508,0.09952849315183197,0.3862019593399544,0.9424780398989083,0.7,0.4,0.0,16,143.10899109390377,483.32831428789297
18,11,0.43712358461946027,0.5668596535813453,0.5342551939785167,0.3791952475356922,0.3405112600979041,0.10414320412315017,0.6531420917606993,1.0,0.7,0.4,0.0,18,117.9392731593428,508.5763233638152
18,12,0.4301969411317941,0.5566518619713519,0.523419685885044,0.37777856641558494,0.35266254064583324,0.1043303798377349,0.6437799416904677,1.0,0.7,0.4,0.0,19,157.5306832700074,531.1091445690003
18,13,0.39365696107333004,0.5165650159499913,0.4826726232874422,0.34680580087728247,0.32073600952432374,0.10691108643366513,0.5563857341856082,1.0,0.7,0.4,0.0,20,141.12359651856048,536.6343370754613
18,14,0.4284033057930917,0.5619831227516617,0.539179782610143,0.39521569645925947,0.3331708107902551,0.10483979937184766,0.6478133050288405,1.0,0.7,0.4,0.0,24,146.0865494770257,561.2876326178451
18,15,0.2734778031399504,0.3787182919712711,0.3324711396794417,0.25715217432126297,0.22320605366288082,0.1399993407378102,0.21284254493528693,0.17921266320795737,0.7,0.4,0.0,25,118.38825618317942,476.0785804340389
18,16,0.2728338522221719,0.3754322798088228,0.3287484827292139,0.2662575227127429,0.1990244672984161,0.11268746615735444,0.2638910053339426,0.18736513349904335,0.7,0.4,0.0,26,133.17742959533652,299.2890094482636
18,17,0.2800965088722156,0.3897864254745347,0.3535919819080935,0.2788006603107569,0.21864139156706414,0.11783845493647471,0.2807747752053458,0.19666067896325204,0.7,0.4,0.0,27,134.83139797766347,318.9577040182067
18,18,0.5437172294891842,0.6483604630264983,0.611336191708863,0.5295307541143799,0.4914054394636311,0.08869717026435464,1.0,0.5325042558049891,0.7,0.4,0.0,28,118.87277249286224,452.44282610319993
18,19,0.46210208268040814,0.5273793225301564,0.4845125455616369,0.472921984480473,0.6085257836344513,0.10419529730553594,0.8238654220345609,1.0,0.7,0.4,0.0,29,96.35324282404544,633.0019028545985
18,20,0.4104016581229996,0.46891979894893887,0.42512947805437973,0.4232181413167736,0.38628010574347243,0.08432356759410661,0.7367451408787078,1.0,0.7,0.4,0.0,30,115.62138500295598,530.6158500378522
18,21,0.2163640462975235,0.2846399681564318,0.26152462885699423,0.25518649309155517,0.17924172511637854,0.08764996127616465,0.2582239177693752,0.6169381541118865,0.7,0.4,0.0,34,127.2294887874643,427.0704512857053
18,22,0.21629358826674888,0.2843821669173773,0.2612423661712463,0.25516051324939815,0.16550854646827726,0.08764996127616466,0.2582239177693752,0.6169381541118866,0.7,0.4,0.0,35,129.07878696032338,432.96346883338674
18,23,0.5197569328550615,0.5711554766712273,0.5458696101737104,0.5630009808751313,0.5496414039495126,0.1056581204870286,1.0,0.5242684685727569,0.7,0.4,0.0,36,101.65023539298215,596.2432769392859
18,24,0.5209770019627695,0.5790721078920354,0.5643983254601012,0.577274600234163,0.48635297070131955,0.10941969587662366,1.0,0.5210766196281569,0.7,0.4,0.0,38,122.35400640075471,607.3415468927216
18,25,0.5131826835279129,0.5663186263968027,0.5510258257209559,0.5765551701056612,0.48130586846928947,0.10048877999646896,1.0,0.5115754030754237,0.7,0.4,0.0,40,114.18779173292026,564.7783432169003
18,26,0.5111484266756248,0.5463408565481553,0.519039291322271,0.5756161758220933,0.48514711805457444,0.1004595189529625,1.0,0.5331683994993714,0.7,0.4,0.0,42,118.31048357572092,554.1554995304251
18,27,0.5058856258766395,0.5469220334484679,0.530144818841787,0.5801763501017041,0.4778441401742044,0.09505706538059185,1.0,0.5251768137030034,0.7,0.4,0.0,44,116.71554076698412,573.6013329600768
18,28,0.5015410549316456,0.5453860228678253,0.5387736811594326,0.6017210683891588,0.4761775683432756,0.09202350450052797,1.0,0.6420662014560806,0.7,0.4,0.0,47,127.57068185677618,671.9749653807448
18,29,0.5013763931672862,0.5439819348818146,0.5372209597799782,0.6017287554861002,0.46719525937581974,0.09224686209828178,1.0,0.6679946671567386,0.7,0.4,0.0,49,124.09559447484446,674.9588921153801
18,30,0.4993132560505684,0.5401139055126608,0.5331373153280019,0.6095855412110942,0.46677490204720573,0.0899590120122653,1.0,0.6653874664943747,0.7,0.4,0.0,51,112.29204101627792,620.597721923761
18,31,0.21867159274077058,0.30666926972236674,0.35453213339586964,0.37241171203131,0.19324845454632206,0.0936833684933843,0.2970812629796206,0.8163008223133698,0.7,0.4,0.0,55,127.1596294027302,607.3819368945469
18,32,0.21738279260627053,0.310835236148941,0.36920359482140735,0.3816748950261657,0.19579336132365927,0.09368336849338428,0.29708126297962056,0.8163008223133698,0.7,0.4,0.0,57,131.26851431434756,631.2222652808543
18,33,0.4098846306446181,0.4902191295650734,0.5371858775383391,0.5610763601800295,0.38152493642352914,0.09351626018829412,0.7797808640737638,1.0,0.7,0.4,0.0,59,134.1185265743554,641.5891830301962
18,34,0.4841254337320714,0.5257963637192191,0.5386418260890051,0.642034171782261,0.4583204593158716,0.07544454571282591,1.0,1.0,0.7,0.4,0.0,63,186.8600795228521,577.8536058065114
18,35,0.3498783527527174,0.4288406663554989,0.4954239286172868,0.6475699062310409,0.3256687112201471,0.07412565740716351,0.6760637724660046,1.0,0.7,0.4,0.0,85,191.684598922037,876.8371354065885
18,36,0.36087059980760916,0.43483105857137694,0.5008480839998279,0.6714130207469526,0.3541234917838606,0.07383648385612193,0.7064142497741,1.0,0.7,0.4,0.0,86,201.2062914943827,954.5957077516756
18,37,0.26877310371130037,0.33975123824639464,0.4054317377126131,0.5795290362460412,0.24868806432813154,0.0703204407203665,0.4837070973928915,1.0,0.7,0.4,0.0,88,198.3952482763032,927.2053338200658
18,38,0.28756570209967447,0.35821533206303385,0.423858984703391,0.606644930484949,0.26265967402458457,0.07046303425270593,0.5305890985780363,1.0,0.7,0.4,0.0,89,198.6060067718109,936.6299500673118
18,39,0.34855746717778074,0.4112321007578557,0.47598084489772197,0.6681473290890911,0.339716566687073,0.07299233915791786,0.6822038064875828,1.0,0.7,0.4,0.0,91,192.4833199668597,738.1177635001117
18,40,0.3065299334298388,0.3462735296110542,0.4084852564313265,0.7035256606869248,0.29207471534063995,0.08024965300929778,0.57373536512942,1.0,0.7,0.4,0.0,105,164.52157929959975,951.5101040787804
18,41,0.30480948203302893,0.36103754661304954,0.4449558806356938,0.7216733835820522,0.2921494397806855,0.08054433560299563,0.5710395948412887,1.0,0.7,0.4,0.0,108,165.37437940413696,924.5810833896649
18,42,0.30794686080232353,0.3710623826160663,0.46568785313955385,0.7319541153423288,0.29657612949310247,0.08379959657191562,0.5746924371177407,1.0,0.7,0.4,0.0,110,173.82688522407267,979.7930860522246
18,43,0.3077265019950548,0.31386303733351695,0.3524995450582846,0.7125849188804847,0.2942589444072946,0.08279518832196435,0.5764279745413879,1.0,0.7,0.4,0.0,111,166.6009644767708,970.6233177098334
18,44,0.3034161956311128,0.3625506746492201,0.4567439707020229,0.7438373566702303,0.2940723982257752,0.0801021503036911,0.5712333024726315,1.0,0.7,0.4,0.0,112,162.07741714884895,938.0270610284964
18,45,0.3032827848560697,0.3732785996186181,0.4786115896949863,0.7564490779089315,0.28536541209228383,0.08007149432602403,0.5710350928426303,1.0,0.7,0.4,0.0,113,162.3331810741636,938.8923089100666
18,46,0.3039222984602238,0.3502324422373162,0.43307321093849904,0.7421309187690737,0.2910144415492395,0.0784493336556649,0.5759873024447073,1.0,0.7,0.4,0.0,114,169.0370768403756,957.5750919568786
18,47,0.30469811184612516,0.38411572613000117,0.5004325828082619,0.770608862285538,0.2868114416823367,0.08221462037011715,0.5714009560280559,1.0,0.7,0.4,0.0,115,161.37447399132802,937.7199749412904
18,48,0.3054333907053639,0.371179192552789,0.4760523573348264,0.7766557719006322,0.2970139432714637,0.07957012076369784,0.5787423267829398,1.0,0.7,0.4,0.0,116,167.07274474661705,990.2250617738024
18,49,0.30470992964345034,0.3692326990922759,0.47397378163885884,0.7759628128900146,0.2889664642172781,0.07872155347323824,0.5788301846650881,1.0,0.7,0.4,0.0,118,170.73333279584267,995.9931587266664
18,50,0.22597327082437635,0.37659367227203056,0.570368242923633,0.8515985517392439,0.20859617907991562,0.11468767996404403,0.3199390556795968,0.5339047690758258,0.7,0.4,0.0,148,186.9484874323286,605.062771277129
18,51,0.22689896448253505,0.3763690061664797,0.5700196172191336,0.8448355265034855,0.21151577951021022,0.11658068542464564,0.31931826029049354,0.5359024045255764,0.7,0.4,0.0,150,188.52390492619327,692.3447031524292
18,52,0.22820057587725912,0.2660991198737914,0.34803192622843215,0.7777107020874141,0.2118552716987206,0.1169306070091313,0.3221564778446117,0.5158514552848269,0.7,0.4,0.0,152,192.257774827554,712.3374896895858
18,53,0.23858167386808343,0.29819714265597597,0.4024092878874987,0.7965555377469646,0.22298159752952795,0.11084426168221302,0.3589158605370385,0.5384473591940748,0.7,0.4,0.0,153,194.0526319062043,836.4181561357096
18,54,0.23427587589223095,0.29297277586082027,0.3970861678707277,0.8148614042807696,0.21755168172611128,0.11192287215423231,0.3465621087120892,0.5216909078873568,0.7,0.4,0.0,159,193.89196045797263,834.8777135381089
18,55,0.2287432811822271,0.42052016691201033,0.6586081098933728,0.922296201951255,0.21176711280314897,0.1159039754517723,0.32579105255999546,0.5424568351393797,0.7,0.4,0.0,160,195.34285266877995,725.6211246403027
18,56,0.22668114658399252,0.39610568473552865,0.6118459606701256,0.9023792120476103,0.20999643244738952,0.1185022130356439,0.3161400055886928,0.5220584333738163,0.7,0.4,0.0,161,192.78240796192225,710.5286097195159
18,57,0.22677540286630865,0.3958181671645268,0.6115173915742349,0.9024815579337364,0.2110005016006301,0.11765145246280866,0.3179878127040979,0.5286707494757762,0.7,0.4,0.0,162,192.29825079813617,710.0343696959177
18,58,0.2675330805323578,0.4803361012336632,0.7406292039775881,0.9917742114668517,0.2527905472575199,0.11741682052592699,0.42049516801476294,0.6141189138267549,0.7,0.4,0.0,163,183.52934370393135,755.7928947602871
18,59,0.27367131396841604,0.35025792469345157,0.476239826919693,0.8971914525961686,0.2684603155747983,0.12093933758476785,0.43064830606168025,0.6162059582529318,0.7,0.4,0.0,164,189.0916817750611,830.4638955230686
18,60,0.25019172423742964,0.44518131794631655,0.6935890940797084,0.9175273046588764,0.24081549677716335,0.11319107197053327,0.3866549227229956,0.5791380235420555,0.7,0.4,0.0,166,201.22744654939348,818.6137932425563
18,61,0.25288559579528336,0.35667276239552026,0.5154987167057221,0.8923117824100764,0.24602766236713175,0.11139597050267784,0.3972750910561795,0.5742710793305412,0.7,0.4,0.0,167,189.20372978027976,909.52369556797
18,62,0.25102441720922564,0.45466926730419277,0.7139813709199913,0.9550099150694109,0.2350813217378462,0.11041709399627868,0.394339525808683,0.5747255178466334,0.7,0.4,0.0,168,195.8300679975328,864.5875943563032
18,63,0.2586060673485255,0.3617320755779648,0.5204875119666433,0.8942383258326996,0.24349869901408466,0.11477459098809498,0.4058636551962128,0.5950455972449603,0.7,0.4,0.0,171,181.3639938009656,820.7602696771722
18,64,0.25645835657469007,0.46061650337305426,0.729967176905736,0.9992429735356009,0.2603790700975392,0.1110070967849014,0.4100216283499356,0.5987310229719134,0.7,0.4,0.0,173,188.8486751824846,756.6076424982098
18,65,0.24771586584030503,0.31595440748486325,0.4510294989525412,0.8910538405171071,0.23670981042838912,0.11268339712024422,0.38601264067316493,0.6069531926658411,0.7,0.4,0.0,176,177.83785915399554,674.1144825367096
19,0,0.7402665932441533,0.602116086754985,0.5642408604314627,0.025506363055615728,0.0,0.0,0.0,0.0,0.7,0.4,0.0,1,726.7792874485012,1491.7669722474695
19,1,0.721761762430099,0.6232027433634157,0.5837053344833784,0.06553224647867603,0.06673810383119609,0.0544232621656735,8.08682067577e-05,4.971836190008001e-05,0.7,0.4,0.0,3,673.7428079978322,1337.7178092702704
19,2,0.2883859884569751,0.42314707406828656,0.3730627290908822,0.07812039440418324,0.8226928795125127,0.07217671232533206,0.01240325622499993,0.00954089163948767,0.7,0.4,0.0,4,266.3604196033484,404.0123682194776
19,3,0.22997729031817238,0.36192649491792994,0.3055544699165221,0.07654046468525225,0.1711997378840494,0.07308513107998395,0.02289456377607523,0.01887755534947871,0.7,0.4,0.0,6,175.0881165500608,201.3607942354893
19,4,0.2266606902760812,0.3569112579070655,0.29971949699477424,0.07930180487303826,0.07836943326171128,0.07352783855724909,0.03110877160317723,0.02661482311669333,0.7,0.4,0.0,8,133.50663204433644,124.53268609059884
19,5,0.2244878342067232,0.3536455561363507,0.29589955661783546,0.0982343020588415,0.08693128657671804,0.0784662423279214,0.0288555926753437,0.03174239937199387,0.7,0.4,0.0,9,140.70617504851447,169.65338554135397
19,6,0.2166377899863779,0.36577562251511914,0.32954278235063833,0.10765286388352392,0.09352614656756755,0.07843989155168216,0.025213618364435992,0.027545885848237427,0.7,0.4,0.0,10,150.89781505577756,199.2883516459716
19,7,0.21229446177501266,0.3701873322738969,0.34434736614304606,0.11291664105074378,0.09326426494819086,0.0778748484683319,0.0297758015341432,0.03300723176063946,0.7,0.4,0.0,11,137.31784708644997,156.9904989738877
19,8,0.2137761358024139,0.3373277195049143,0.27766893138508314,0.10919140507963154,0.07303964268174207,0.08515587729549091,0.02659151600334157,0.02400809358807737,0.7,0.4,0.0,15,157.33544891576474,182.45688150006868
19,9,0.2130445392106292,0.34729990019857837,0.29868362195904524,0.11662696027798086,0.07257721532654068,0.08489249054220091,0.027467647665566242,0.02429025672972971,0.7,0.4,0.0,17,158.17784741467543,179.1703857366781
19,10,0.21022504285857796,0.3643433481039483,0.3373560866809756,0.14132183641243307,0.09742809315792529,0.08154500797724709,0.03887236474119762,0.04719030335071605,0.7,0.4,0.0,18,97.91685149899408,127.24492758355284
19,11,0.20086166077415646,0.3283256140973712,0.2777934917136073,0.12339499357558464,0.11433846581524941,0.08514250239654818,0.02990967845362415,0.030130943168463147,0.7,0.4,0.0,19,154.68064528076732,182.6027888481192
19,12,0.20086559660618697,0.32830371536373965,0.2777648461974427,0.1259167359688212,0.07185008339120419,0.08514844174036293,0.03002106176899551,0.030092914045039644,0.7,0.4,0.0,20,155.09787357042012,183.44286168882093
19,13,0.20940930242001363,0.3667986575872476,0.3489202577990232,0.171203067568335,0.11505465236005868,0.10503227508312238,0.03017189847666325,0.04874271225078037,0.7,0.4,0.0,21,112.78992894386116,238.9808905992228
19,14,0.20278810262153585,0.36693351288469167,0.35920682836148776,0.1840509911215318,0.0942192991240436,0.10478262870940531,0.02982623925802342,0.048627850226934596,0.7,0.4,0.0,25,123.5483259792602,254.34527393578705
19,15,0.20125830797691432,0.3651514157047995,0.35736634327121497,0.18282753373981556,0.08620781085508336,0.1028653901432979,0.030258578389091628,0.048680859746982705,0.7,0.4,0.0,26,131.23117846316163,252.9879393366161
19,16,0.20004082551444818,0.36210381573234446,0.3539141486346861,0.1894479828309611,0.09955695518112805,0.10581721703967757,0.028100033610550117,0.04590980472200169,0.7,0.4,0.0,27,130.48938746081268,244.02472218232015
19,17,0.19990254088307455,0.36193168848774426,0.35373479869169233,0.19226023250175384,0.0854667034102271,0.10522648791080691,0.02889356168202059,0.04717135289452288,0.7,0.4,0.0,28,127.24413549097387,244.70541175394
19,18,0.19899249372980266,0.37132912089239084,0.3741266483809837,0.20398316955388773,0.09131891803999836,0.10581721703967759,0.028100033610550117,0.04590980472200169,0.7,0.4,0.0,29,135.9358424986612,241.87723456972392
19,19,0.198232254531957,0.3698313855235169,0.3724700819411304,0.20697955309601265,0.09108618653287356,0.10499723957094857,0.029962040667743876,0.04848943196870891,0.7,0.4,0.0,30,128.0739389864761,246.73519635739964
19,20,0.19475889106859454,0.3511591555685858,0.34177491448081865,0.20733206008204144,0.11718232854889607,0.1062076081355732,0.03142778930480146,0.05225934423975296,0.7,0.4,0.0,31,120.5793987763452,263.0957275175213
19,21,0.1907736863964304,0.3203016581842887,0.28765399622513743,0.21627457385261736,0.10455004814549881,0.062080591335778354,0.11149074710642995,1.0,0.7,0.4,0.0,33,194.21449524880848,912.08063101948
19,22,0.17711686169886678,0.30234573556818073,0.26886934517034816,0.20960150899540064,0.10844454434085163,0.06277379659507716,0.08715277505038418,1.0,0.7,0.4,0.0,34,162.13786279433924,562.1805233397408
19,23,0.17780672037995848,0.29282972551296976,0.2575343596525062,0.2262864310548071,0.15223987116409893,0.06177567815139434,0.11288057710024331,1.0,0.7,0.4,0.0,35,180.1029634873743,883.8929923447903
19,24,0.17537366829904566,0.2880449563964924,0.2523512319184382,0.2282551588427637,0.10166895744845239,0.06040839998778149,0.11377371888393395,1.0,0.7,0.4,0.0,36,192.4472454931154,919.8434283615712
19,25,0.16882556999250334,0.27045725639521895,0.23294735185605514,0.23088851651118544,0.15345819405301514,0.06256528548435789,0.11372568840051948,1.0,0.7,0.4,0.0,37,168.83990191746173,856.6067185690619
19,26,0.16105951916585387,0.2574647293426604,0.22862029486793273,0.2340292095075689,0.13548734875441903,0.06439277172159748,0.11595448160655777,1.0,0.7,0.4,0.0,39,151.93934705166097,811.3680550919909
19,27,0.1601762138811223,0.2660538707883369,0.2481361010314318,0.24332607083906893,0.09564180351131817,0.06439277172159746,0.11595448160655772,1.0,0.7,0.4,0.0,41,155.84114863418085,819.3491913195616
19,28,0.1623972258774908,0.26632279727335056,0.2481192598173666,0.24630646776141504,0.10480957052737061,0.06458956399905165,0.12378870291140495,1.0,0.7,0.4,0.0,42,155.91018895346176,843.0771182140594
19,29,0.15708698647931332,0.24987375231444892,0.2204989165802336,0.24671833572739302,0.0895475261211307,0.06340542258709635,0.11264098309351629,1.0,0.7,0.4,0.0,44,163.141275236189,860.2221695710949
19,30,0.15673674021282585,0.25828813031693243,0.2397398097548201,0.2602184099585471,0.10226123314501341,0.0641249062405956,0.11357040220458066,1.0,0.7,0.4,0.0,45,159.08763596032733,848.3105323274316
19,31,0.15706033005899425,0.24749171995139935,0.21777463637118383,0.24758056977334753,0.09076847692110177,0.0643893659461625,0.11394640605547195,1.0,0.7,0.4,0.0,46,157.82812725094084,843.9464894463987
19,32,0.15669519140543922,0.2458233214199841,0.21591844495817963,0.2568488125819034,0.09758767772410995,0.06532678295748924,0.11307188718284895,1.0,0.7,0.4,0.0,47,153.39009089573352,838.0965366292406
19,33,0.15736784442142315,0.2463244823024271,0.21639428065266272,0.254547135255046,0.09265745910952128,0.0647767204305801,0.1159511629207971,1.0,0.7,0.4,0.0,48,151.6702151937905,857.3947741290261
19,34,0.17399842765833076,0.26724228527504057,0.24750993935556376,0.29286002800776545,0.14580376296369896,0.059599858437129935,0.17497142148305608,1.0,0.7,0.4,0.0,49,152.3088367912598,759.3270227430571
19,35,0.16161417097842573,0.26437010205606953,0.2555810123092669,0.2943477185701558,0.10788614648454475,0.07052188919916046,0.1267643042824368,1.0,0.7,0.4,0.0,50,156.17924583022594,804.1842931766793
19,36,0.1575830409661288,0.25837673367822706,0.24931417079769896,0.29476005834694585,0.10026751618319785,0.0672669823275412,0.12465942294615148,1.0,0.7,0.4,0.0,53,138.4210576244156,790.6000465768783
19,37,0.15646625535886566,0.2567891227289749,0.24766117866089363,0.30024539722786514,0.09715088283033049,0.06669392017151096,0.12341023599731415,1.0,0.7,0.4,0.0,55,132.39095986965734,749.0609779066073
19,38,0.15446159499285406,0.25113586962420287,0.2415045646970304,0.30904531415755687,0.11351668766427357,0.06710615507698228,0.12177700117999075,1.0,0.7,0.4,0.0,56,140.9920498898292,797.4437451364411
19,39,0.15462228347640053,0.25001401145830876,0.24020703683731315,0.3160430684769391,0.10262653185139026,0.06901115400214201,0.1202523608555128,1.0,0.7,0.4,0.0,57,138.848663145055,797.5070286100214
19,40,0.1535248295128666,0.24723891794731673,0.23720318291028075,0.3218901101326492,0.10405775442580051,0.06823757315428665,0.12067740602217272,1.0,0.7,0.4,0.0,58,134.8297523444889,781.048196312969
19,41,0.1535248298289943,0.24723891860153627,0.23720318356450032,0.32189011078430896,0.09603733253467761,0.06823757354826568,0.12067740696825835,1.0,0.7,0.4,0.0,61,134.82974920602302,781.0481887613638
19,42,0.1533646405477995,0.24670575194854183,0.23661919993136665,0.321837869184418,0.09786304681015195,0.06924759936007738,0.1189089182335495,1.0,0.7,0.4,0.0,62,137.90558825103207,789.1277111020075
19,43,0.15334457985383584,0.26330495016628397,0.2747970506779466,0.358752635404141,0.12480358536909619,0.07151561950469695,0.12070002301627783,1.0,0.7,0.4,0.0,63,132.58989187600667,759.1601755838868
19,44,0.1600535720522977,0.2699384783645913,0.28142059764653693,0.40135917622931916,0.105184922300464,0.06798101278213596,0.14373461459716447,1.0,0.7,0.4,0.0,78,136.86275660639808,845.3725315389416
19,45,0.4878117854102876,0.5526386603175549,0.5290730918514576,0.6488518413535306,0.4506956040666599,0.053389601102476945,1.0,1.0,0.7,0.4,0.0,82,169.31086432520442,664.7155662809465
19,46,0.48938954183205646,0.5979496019790789,0.6189599302182671,0.7141721588025582,0.4402010392740089,0.05598790729626402,1.0,1.0,0.7,0.4,0.0,85,178.9610203559111,786.3247527839757
19,47,0.4869133483885525,0.5621263397589324,0.5496337232982843,0.6543445183827566,0.43696219012481674,0.05247644336940692,1.0,1.0,0.7,0.4,0.0,86,173.93908969137337,671.9548256624538
19,48,0.4866356550432471,0.5712634191416448,0.5697181898123034,0.6812481923097853,0.44474939611790315,0.05294704436414051,1.0,1.0,0.7,0.4,0.0,87,160.47454716516606,627.5586289494096
19,49,0.4888714791711522,0.5729528792062131,0.5713370322681484,0.6899491032522362,0.4407388785840819,0.05642006559366336,1.0,1.0,0.7,0.4,0.0,89,170.42051078426636,674.4217970835133
19,50,0.4878549528523087,0.5712468329764361,0.5695420781624274,0.6859170513141384,0.44186159996231567,0.05531824655107866,1.0,1.0,0.7,0.4,0.0,90,159.25846471926224,626.7033107314579
19,51,0.48640678240786533,0.6242066454062141,0.6781870432959214,0.7550785869997847,0.4429226146639918,0.05383104877778355,1.0,1.0,0.7,0.4,0.0,91,204.45285464680973,838.9150512981856
19,52,0.4870024899481317,0.5670687436756965,0.5649367305771374,0.7048168955871527,0.44886175469970285,0.05576149917434227,1.0,1.0,0.7,0.4,0.0,92,155.67347324580874,603.3828047324511
19,53,0.48333696841331275,0.5876437824198876,0.6178597371882074,0.7339390300080564,0.4586206178423414,0.054821432005612146,1.0,1.0,0.7,0.4,0.0,94,154.9714243432531,562.1088121492295
19,54,0.47891347332474465,0.5683091498524836,0.5868825324773845,0.7341606806583298,0.4519860007564787,0.0502189194295682,1.0,1.0,0.7,0.4,0.0,95,143.92936105906622,553.8815325072004
19,55,0.48158988745339343,0.6039143326098786,0.65593830664631,0.7718097100466994,0.439536492243051,0.05420294890590368,1.0,1.0,0.7,0.4,0.0,96,137.96693270276063,510.34042133625945
19,56,0.4803379426937592,0.5885501661294951,0.6290339974603298,0.7692624038654307,0.45085509170433397,0.05373431063278276,1.0,1.0,0.7,0.4,0.0,97,126.51812234718054,491.3119156827584
19,57,0.48158414132449556,0.609361318501966,0.6718507014909466,0.7964356380400461,0.4453694486831039,0.056636508584706646,1.0,1.0,0.7,0.4,0.0,99,122.90127235971238,540.840452335585
19,58,0.48039568449692716,0.6071305481597817,0.6694913257551152,0.7886703103698616,0.4432963790144539,0.05537797209035809,1.0,1.0,0.7,0.4,0.0,100,125.88395055720814,521.2974928624673
19,59,0.48037521299188707,0.6069619671370177,0.6693045712257488,0.7852978960452635,0.43910933945370373,0.05541084799449305,1.0,1.0,0.7,0.4,0.0,102,120.57160565409264,544.9100771769704
19,60,0.4801111352237857,0.606253414215753,0.6685413134336876,0.7884886763166604,0.44059116470882487,0.05522035208686258,1.0,1.0,0.7,0.4,0.0,103,130.57397034619697,549.8038921901043
19,61,0.4790429319132167,0.5995355742167702,0.6611317823378184,0.8288512439407333,0.44530080970159125,0.05600394408601541,1.0,1.0,0.7,0.4,0.0,107,122.07262238292614,503.18244669389856
19,62,0.4813337812973061,0.6125609196558168,0.6852782024247884,0.8677322101953698,0.44190758951722686,0.05942180805517977,1.0,1.0,0.7,0.4,0.0,112,134.1197137015192,731.789929151778
19,63,0.4814810421803284,0.6327662568268171,0.7275545461818838,0.8844940339476571,0.45148667732525083,0.060477181450609874,1.0,1.0,0.7,0.4,0.0,113,119.83568565616912,635.7431284439763
19,64,0.48114529508157666,0.6312454829981294,0.7258901377596679,0.8808714303073021,0.44739245889347573,0.060461034128418786,1.0,1.0,0.7,0.4,0.0,114,121.33386060277591,640.3667013598823
19,65,0.4751648871596835,0.552041807168387,0.5788894372247284,0.8472089419980054,0.467185436552354,0.054512039007494385,1.0,1.0,0.7,0.4,0.0,115,136.90973919981826,565.1969615196053
19,66,0.4733431068638858,0.5428038871037039,0.5687720973752288,0.846279029125403,0.4533339900528803,0.05451203900749437,1.0,1.0,0.7,0.4,0.0,117,125.30938319037118,556.6885743486454
19,67,0.4705480828168517,0.5344588872194005,0.5597715137359811,0.8571621099241318,0.4444200467531231,0.052429873373257316,1.0,1.0,0.7,0.4,0.0,120,134.62187385039616,540.2013470055726
19,68,0.47072074056655944,0.5311291304341228,0.556030469447714,0.8547120288186975,0.4449403187910784,0.05384446347956208,1.0,1.0,0.7,0.4,0.0,122,107.24304266464472,507.7351846148864
19,69,0.47072074056655944,0.5311291304341228,0.556030469447714,0.8547120288186975,0.43769120649286375,0.05384446347956208,1.0,1.0,0.7,0.4,0.0,124,107.24304266464472,507.7351846148864
19,70,0.4710284021088009,0.5292299696579665,0.5538731508259103,0.855263191781383,0.4407816926022343,0.055005591664408424,1.0,1.0,0.7,0.4,0.0,128,114.92583119363364,527.5765137863685
19,71,0.4743050772955195,0.5761116485902984,0.6453247765052423,1.022939498174857,0.4421080522264423,0.05993948703427464,1.0,1.0,0.7,0.4,0.0,148,123.58511289397728,589.2877110493486
19,72,0.4663878627599927,0.5665358583158215,0.6355556599164152,1.0415957524911765,0.4346928622246595,0.04916085186382216,1.0,1.0,0.7,0.4,0.0,173,142.99111244477274,637.3391310517172
19,73,0.4648338861706564,0.5845767711997742,0.675624768955563,1.1087735884811647,0.4355823501192909,0.04776775631200836,1.0,1.0,0.7,0.4,0.0,178,139.78126883206272,666.6368971175649
19,74,0.46450838918664905,0.582854506940097,0.6737407000224204,1.1085763607792867,0.43905639047940265,0.04773287541934247,1.0,1.0,0.7,0.4,0.0,179,133.86108817091116,656.8595572893626
19,75,0.46402324661029026,0.5809292023278099,0.6716486533770978,1.1184980809796365,0.4361774475878523,0.04748413429064956,1.0,1.0,0.7,0.4,0.0,181,137.72970132976357,666.5463800478356
20,0,0.7481438837288703,0.604383721693191,0.5667244074640829,0.0257268174241429,0.0,0.0,0.0,0.0,0.7,0.4,0.0,1,730.4523871914791,1582.3107316995613
20,1,0.7457029480471327,0.6308431546979077,0.5920466718371779,0.06654329788454712,0.058591529689770896,0.054815437314154114,8.587232338695e-05,5.52047541544e-05,0.7,0.4,0.0,3,625.4418668169521,1297.2338961373014
20,2,0.7992667120699283,0.8688863879720654,0.8330850448128744,0.2821029727111342,0.41998873638676537,0.11178683114782831,0.41683204282924996,0.9684914235595651,0.7,0.4,0.0,4,431.9560934837415,637.7867122395244
20,3,0.24339813305978103,0.3774770719624684,0.3224159331561199,0.06736562959250511,0.8542840961318183,0.07152537355775909,0.03007035877173601,0.01933133631249168,0.7,0.4,0.0,5,192.7777906261303,235.28263599525872
20,4,0.2413910288976305,0.3742629354674949,0.3184034393305805,0.07519449466929701,0.08135292231071134,0.0768810306858074,0.03363087498893616,0.02918634336709619,0.7,0.4,0.0,7,168.81315741234476,162.59481406043182
20,5,0.24052190530908196,0.37329559948611524,0.3173745130884654,0.08004884219395658,0.0680475440010241,0.0769348881265024,0.032735362893890604,0.028513448038525367,0.7,0.4,0.0,9,158.857345337148,149.34132668275416
20,6,0.21783561708504617,0.3413548472415249,0.28984124981377396,0.11450150973181408,0.3332205753257097,0.11379743837695284,0.03811209074533306,0.06698481662136849,0.7,0.4,0.0,10,160.4533608389445,121.52328887906344
20,7,0.217835617710895,0.3524518991615629,0.3121035414931732,0.1224757031789713,0.09490309386814064,0.113797438357595,0.038112090033032606,0.0669848153694477,0.7,0.4,0.0,12,160.45336704580345,121.52329250948758
20,8,0.21579761244509063,0.3482895107702819,0.3074410874569788,0.1271391695411686,0.10481265341730935,0.115314286556835,0.03818425841583091,0.06710920390624239,0.7,0.4,0.0,14,155.80497219426715,138.74934331405132
20,9,0.24173030908989815,0.3728580597863686,0.33169754806073043,0.1713626745695989,0.1348436746679076,0.09930680303303092,0.13581333530926992,0.3646610074349355,0.7,0.4,0.0,15,196.6833560098057,239.09239646172588
20,10,0.22409563292102289,0.3418811958424497,0.30707197393956476,0.18449796683178013,0.21724030367215597,0.10109982180802042,0.15392639534269753,0.3442842526899753,0.7,0.4,0.0,17,199.9478456546009,204.66291566879045
20,11,0.21936189874287892,0.3334391550051047,0.29798612225318477,0.19045044507273717,0.14201460820879877,0.09798928448115564,0.15517166901732551,0.3459968640064764,0.7,0.4,0.0,19,190.18668890719215,193.19591207905623
20,12,0.2177538875633655,0.32199694119645583,0.28490722382425715,0.20814716573384168,0.19422301157349442,0.099143601982175,0.1675290381646861,0.3323603982921298,0.7,0.4,0.0,20,198.49565831665308,259.78494298686627
20,13,0.26534265685553554,0.37045056771430296,0.3429098062829783,0.24948430463208074,0.2194449356967996,0.09807558488838299,0.30524162116271386,1.0,0.7,0.4,0.0,22,232.9803489540137,398.9477936865237
20,14,0.2520061511666237,0.3337605262043654,0.3028059673893269,0.2536887436606429,0.249959056419635,0.09466715243133982,0.309134089152867,1.0,0.7,0.4,0.0,24,222.9370798292619,381.5272279860519
20,15,0.22510412016904102,0.30390063901606434,0.2821825803742897,0.23915169719347196,0.20317655054731815,0.09456838819974644,0.2575752730885107,1.0,0.7,0.4,0.0,26,209.7807959764789,344.6375279673469
20,16,0.22496859601927874,0.3145309136008981,0.3039334250210217,0.25334299547436345,0.17001399525524935,0.09458239140672726,0.2575538769631195,1.0,0.7,0.4,0.0,28,210.16268894552377,346.82541565007386
20,17,0.2143250567436017,0.2925847272903755,0.28045783347051034,0.25791996450704446,0.18232412132403947,0.0926268289444966,0.24628213200136692,0.9882721371140055,0.7,0.4,0.0,31,208.7196082861801,337.3854336982741
20,18,0.25335049173166085,0.32804446114357616,0.3252107361248558,0.2966000960331927,0.27234068493884933,0.11212676942063968,0.32222650954686655,1.0,0.7,0.4,0.0,32,223.94430103701265,374.522395293347
20,19,0.25270312153269303,0.3063690032961559,0.3009262565717511,0.30577924423271874,0.25925983091597005,0.12438253613533652,0.3151110062813498,1.0,0.7,0.4,0.0,34,218.5276266889209,367.85978555567954
20,20,0.2522002470579927,0.3058832372074043,0.3004420117677564,0.3083317081268472,0.21263575105151633,0.12300336080425837,0.3162714142051575,1.0,0.7,0.4,0.0,35,217.99888590574173,369.1334169180827
20,21,0.24924118777088256,0.3002975089591048,0.3043858430572203,0.3190273428895932,0.268551198708277,0.12438253613533652,0.3151110062813497,1.0,0.7,0.4,0.0,36,223.02858762518048,382.33363330813086
20,22,0.2440803038754918,0.283222968920605,0.27604862512472395,0.3139737292468703,0.20987341660744924,0.11521391987896452,0.31876815332582187,1.0,0.7,0.4,0.0,38,222.33740803624832,383.6076955390516
20,23,0.24583374092283594,0.2837525680200751,0.2764325466864656,0.31899661422313474,0.21535205027419535,0.11533827961733625,0.3236989965639375,1.0,0.7,0.4,0.0,39,221.0600659245837,382.2130024818627
20,24,0.2457465540200191,0.2835719658209036,0.2762408789684747,0.32203410261739307,0.2105443746564997,0.11514959843122327,0.3238693498965639,1.0,0.7,0.4,0.0,40,220.94039750845,381.2111445854703
20,25,0.2438684908512142,0.2895006147522716,0.2929446750588933,0.3299068904773194,0.22284711816732822,0.11861927570989517,0.3151245348421393,1.0,0.7,0.4,0.0,41,217.393101142918,407.9028095651244
20,26,0.24583555558007716,0.2759185883148331,0.26767219760684147,0.3448525745596898,0.23063546153895495,0.12404944810313512,0.3132008172581689,1.0,0.7,0.4,0.0,42,212.77677691651576,450.0752224394024
20,27,0.2519884444443763,0.2783141419845837,0.2696268976897679,0.35454511328094124,0.23469287214171303,0.11533735926097563,0.3460121485053483,1.0,0.7,0.4,0.0,43,216.05643920486213,367.8777644997585
20,28,0.2549475077038157,0.2762762775327998,0.2670061851530158,0.3611462721970028,0.2437770474731896,0.12218359755451254,0.344242936867511,1.0,0.7,0.4,0.0,44,216.71781905490883,408.6349302094297
20,29,0.2548002075351749,0.27572145153450334,0.2664039329759412,0.36415354217927465,0.2248395759413653,0.12200069090489285,0.34442009289543696,1.0,0.7,0.4,0.0,45,216.572275739078,407.58353486185865
20,30,0.24291748904079968,0.25878951922353965,0.24888712328256266,0.34343127709095067,0.23301238697649254,0.12178275948550421,0.31783431002729323,1.0,0.7,0.4,0.0,46,215.27683273472024,427.68225069074856
20,31,0.2428456123761894,0.25864550473168907,0.24873476083300156,0.34647906491268443,0.21261934378903496,0.12160064922914893,0.3180118226421686,1.0,0.7,0.4,0.0,47,215.1418003989592,426.6397062359415
20,32,0.22799292492906414,0.2622877590717346,0.2742814162835044,0.3511173104346131,0.20125863677415953,0.10349526711568649,0.31451192064453165,0.9387081067423309,0.7,0.4,0.0,52,226.81368466299517,475.1095832202368
20,33,0.2320641735449236,0.266335042011279,0.2783259338683481,0.36164305064750557,0.20237640114539382,0.1050607720071538,0.321962881973355,0.9430522595689924,0.7,0.4,0.0,54,233.6107307943236,507.8052063119971
20,34,0.24313555310600588,0.2969594765146778,0.3309778243696706,0.38599128750090916,0.22463769860194435,0.11881730583207059,0.32692803732743536,1.0,0.7,0.4,0.0,55,215.58302379893084,419.0811839367889
20,35,0.22457646699554304,0.2571485352242977,0.2788438751854677,0.37135254072185153,0.23823971779447248,0.10239733127292217,0.3142818835768032,0.9354569619747938,0.7,0.4,0.0,56,227.5506915286973,474.3570257172709
20,36,0.22535177829881503,0.24318436132740692,0.2533021805509385,0.3750896025315801,0.20611763380360776,0.0988049638461248,0.32422414122855947,0.94109174116041,0.7,0.4,0.0,58,223.83611395205784,458.6961777683054
20,37,0.2275650006706755,0.2434324409011325,0.2533286684634006,0.3806079970886581,0.2092376159176438,0.10259407668307759,0.3240350865243113,0.9420610122610862,0.7,0.4,0.0,59,223.9449551233769,492.287456944232
20,38,0.22751589952986198,0.25421318920203595,0.2752447101111537,0.3972925236005005,0.20196037233614247,0.1025940766830776,0.3240350865243113,0.9420610122610864,0.7,0.4,0.0,61,224.43183715551783,493.579636471812
20,39,0.22892429427233854,0.2555895332874643,0.27661741895058956,0.40192938059247296,0.20297111307472945,0.10511956170110781,0.3231511714005793,0.9410489101933376,0.7,0.4,0.0,62,226.3047812639261,506.7805141970091
20,40,0.2245657187848518,0.23839179529045917,0.24805813717737016,0.3880147653853705,0.20573187862971892,0.10442865178593941,0.314260764216446,0.9631329288760355,0.7,0.4,0.0,63,224.9746813546905,497.1750082508775
20,41,0.22563229706057444,0.2320692738123096,0.24090753455398714,0.39831021846649417,0.21578776579197134,0.10459562364570223,0.3199130222697414,0.9791870760070903,0.7,0.4,0.0,65,224.5144952501352,497.7198178680112
20,42,0.2306594658501452,0.28812542680751574,0.35229350646402846,0.4190196180127532,0.21572509249895094,0.10066658142735532,0.3412591676607691,0.9964536376494596,0.7,0.4,0.0,67,226.26223395208183,508.5170915743775
20,43,0.23056418243088678,0.2505709095572267,0.280780358378238,0.4281942593760508,0.2130091847354079,0.10542019591033444,0.33443521615317606,0.9607271233575265,0.7,0.4,0.0,70,227.13113255700296,513.5940911679048
20,44,0.22861886004961018,0.246035208916579,0.27595790748661786,0.42965791267452114,0.2161604641366273,0.10246194677301138,0.3358033212997401,0.9616406113998315,0.7,0.4,0.0,71,224.7350244717606,497.0416410903
20,45,0.2285767010482811,0.2568278101480138,0.29788671020304835,0.44034298535872474,0.2065539408102946,0.10246194677301138,0.3358033212997401,0.9616406113998315,0.7,0.4,0.0,73,224.53765607344224,496.59573709860143
20,46,0.22706413265711384,0.2759499981040554,0.3391673070331346,0.41588266418304654,0.21086969387646431,0.10033402928536536,0.3363724535904568,0.9614071629674695,0.7,0.4,0.0,74,224.4530022120476,497.7824723077185
20,47,0.5001827738285699,0.6365322439332826,0.7889271064065386,1.0713903914286629,0.478199145208478,0.11158685755525102,1.0,1.0,0.7,0.4,0.0,132,179.7194079923492,506.78643113787217
20,48,0.49774333052277103,0.5966015696170155,0.7349512047548161,1.0570896475290836,0.5237646807962482,0.1136144144230398,1.0,1.0,0.7,0.4,0.0,134,188.114935589786,525.2697239484861
20,49,0.49748891911281323,0.6046254303702095,0.7538361974574712,1.070856408568517,0.4850942505518571,0.11378969622456374,1.0,1.0,0.7,0.4,0.0,136,190.2632165198885,523.2090264280345
20,50,0.4975064911621548,0.6157215069290274,0.77609572277281,1.1107416422293634,0.47968266656098507,0.11381829759614606,1.0,1.0,0.7,0.4,0.0,143,190.28768033835496,523.2730659219986
20,51,0.496427886320974,0.5935971922572679,0.7317645542994874,1.0937989821026997,0.48010161897834197,0.11206047371897498,1.0,1.0,0.7,0.4,0.0,146,189.85493843971196,507.1019283353962
20,52,0.497361700711911,0.5971158876246131,0.745532584020766,1.119488792953922,0.49001876598690486,0.11498014156227625,1.0,1.0,0.7,0.4,0.0,149,192.27820281883672,506.2345905829168
20,53,0.49421533078169483,0.5787150243243879,0.7155210874168821,1.114610298566685,0.48105860872119144,0.1112276710510239,1.0,1.0,0.7,0.4,0.0,150,196.12507502985665,522.1000601422136
20,54,0.4962328430783869,0.5891087600919162,0.7367893968053285,1.1299412954635148,0.48625416565240503,0.11458771445790361,1.0,1.0,0.7,0.4,0.0,152,192.9170682615396,533.613247626918
20,55,0.4946375328313379,0.5976809031362034,0.756427323100288,1.1531875582225997,0.47905241652761454,0.11247368680572678,1.0,1.0,0.7,0.4,0.0,155,200.49099368217728,493.77559856824
20,56,0.5006356946857483,0.6517078941739769,0.8455312108647053,1.262414595177853,0.48362276492435663,0.11837073172117744,1.0,1.0,0.7,0.4,0.0,168,190.22034772224237,516.0153132217488
20,57,0.5002513308609681,0.6400791875770478,0.8227212042896974,1.2807099928335823,0.48810955256597627,0.11784949355962344,1.0,1.0,0.7,0.4,0.0,170,193.7278851655041,521.7316133739619
20,58,0.5022198568569766,0.6609618449660456,0.8655815269419487,1.2935717335556465,0.48586690781282815,0.12127522531036994,1.0,1.0,0.7,0.4,0.0,172,183.0002604979368,487.2994134075597
20,59,0.5001106449943008,0.639563123788277,0.8221648359566853,1.2925754176542348,0.4825658162171041,0.11771929894644376,1.0,1.0,0.7,0.4,0.0,173,193.75616252737612,521.5814153754225
20,60,0.49894251438582804,0.6508556246195297,0.854742652737464,1.3673748434262114,0.4825570099034306,0.11783305401600921,1.0,1.0,0.7,0.4,0.0,184,177.85458062231805,549.5642167302386
20,61,0.4992240884488221,0.6511835736171581,0.855075569814835,1.375756664635592,0.4834523451205194,0.11822704844928189,1.0,1.0,0.7,0.4,0.0,185,175.6695724711902,550.4058589626196
20,62,0.4998383150825829,0.669285703743326,0.8850283251103885,1.394234661691875,0.4866013021488771,0.11794644269504376,1.0,1.0,0.7,0.4,0.0,187,184.6947887135281,531.9257502719814
20,63,0.500061344067958,0.6794720630301053,0.9062583325101848,1.40426258152175,0.48382753000313644,0.11847298116325775,1.0,1.0,0.7,0.4,0.0,189,185.95611155720343,534.6569117512878
20,64,0.4962139053551815,0.6401842206388071,0.8432229634607554,1.4112486972003824,0.482067629368799,0.11531630340462995,1.0,1.0,0.7,0.4,0.0,192,170.87081403326206,556.8189393319643
20,65,0.4962899738064926,0.6214646588239918,0.812520001204069,1.4050791826318147,0.5108905274877886,0.1167044629428309,1.0,1.0,0.7,0.4,0.0,193,187.92411937952448,544.3872256364724
21,0,0.671633373657123,0.5812835453808493,0.5414252849759319,0.023484614103202232,0.0,0.0,0.0,0.0,0.7,0.4,0.0,1,885.5235748525553,1555.5266782839435
21,1,0.6578851846424967,0.6048228510414254,0.5631964901976498,0.06734452498451436,0.0732928955505045,0.06011391093787723,8.319868525153001e-05,7.32051281616e-05,0.7,0.4,0.0,3,833.5798417588012,1446.9499741189322
21,2,0.8387557565540165,0.8728817859352112,0.829212055742643,0.3604929838246982,0.4708078762157987,0.15876300995803494,0.5512600255714901,1.0,0.7,0.4,0.0,4,403.0179671674062,519.854252076093
21,3,0.34313404896288247,0.4690422471415554,0.42314901355655943,0.07495312375881358,0.46585590836657786,0.07725867050927107,0.00817552270788044,0.00719350535178636,0.7,0.4,0.0,5,502.81209572462046,815.9845985685379
21,4,0.2145683067358012,0.3300755905002195,0.2681442656667222,0.09115719136154345,0.6494388287923871,0.106641923175904,0.030544351615171227,0.09277429529057668,0.7,0.4,0.0,6,184.6653050766776,85.39362248140748
21,5,0.21092934788327664,0.3351848808695018,0.2838489482861831,0.09603970497568075,0.09677759980779446,0.106641923175904,0.0305443516151712,0.09277429529057668,0.7,0.4,0.0,8,185.2361495939145,94.43444848828204
21,6,0.2430677070660507,0.36623205978142936,0.3146335768757813,0.1318188846842424,0.12993600218305162,0.13964583802907116,0.057300890238499005,0.3943664920897175,0.7,0.4,0.0,9,146.17748085456526,190.9803434825476
21,7,0.21464460114957482,0.3365920182983963,0.28470681108857965,0.10853065585841723,0.1041528461733494,0.11119179021936203,0.04052494431788016,0.13422192718472173,0.7,0.4,0.0,10,150.74257970591083,107.65671010758808
21,8,0.23833597653817612,0.35726446898011616,0.30469121889280787,0.13809879092022476,0.1462170086966505,0.1414225149220258,0.05737294202529486,0.39447374371622257,0.7,0.4,0.0,11,146.3202177471139,203.7713335682882
21,9,0.23440617099523064,0.35054210358032045,0.2973590489980853,0.139525190211238,0.14313343473155296,0.14079862832333154,0.05767425581596981,0.395185715415588,0.7,0.4,0.0,12,137.87782384651703,234.6047023041614
21,10,0.2284871604782355,0.33744877924746375,0.28279220282561784,0.14750882838348547,0.14999928052228018,0.1402028295899454,0.06467960108123713,0.4472618766749318,0.7,0.4,0.0,14,110.45739130776512,564.042431688811
21,11,0.23643524514017542,0.3556872882197034,0.3120375923020825,0.15615022794016614,0.1384030276154668,0.138550176720633,0.08958534078438017,0.5858057374198032,0.7,0.4,0.0,15,103.5635084430426,530.5824777291822
21,12,0.2288872867449435,0.3480710772203416,0.3044078877376549,0.15543882105600298,0.12582161684963986,0.14036914952444096,0.06771465888156383,0.4681069026030496,0.7,0.4,0.0,16,102.972897560341,716.4293690976191
21,13,0.2353934703253442,0.35381094703788946,0.30999864209587347,0.1629152654602496,0.13790920587876287,0.1392251971893833,0.08798406687130804,0.5806344395753531,0.7,0.4,0.0,17,97.18868320180955,492.1390033203688
21,14,0.23540661172618618,0.3640238395439786,0.3312035545605341,0.17327093762642895,0.1351175044576305,0.1423063184053806,0.08493534738099923,0.5708060263636605,0.7,0.4,0.0,21,106.2470358392098,440.3153669992093
21,15,0.22015966078329507,0.35537676142417446,0.33287380780611714,0.1739213029747828,0.1377081694136761,0.13933156450629258,0.06304868745630074,0.36350934081053354,0.7,0.4,0.0,23,110.706693291305,312.50581798194054
21,16,0.21807412085716782,0.35240310025047944,0.32973675033051664,0.17785105736151086,0.12437982845455109,0.13725739036678256,0.06353890998904474,0.3641655601814281,0.7,0.4,0.0,25,115.53041668758672,338.409482138285
21,17,0.44656795622713763,0.5793042120597991,0.5563473168620288,0.42089178514732406,0.35487134466558334,0.36223042219639867,0.2447213244347409,1.0,0.7,0.4,0.0,28,153.62135045219406,18914.6680124877
21,18,0.8386089567318559,0.9632903508207673,0.9389166938984337,0.8266013478348504,0.8003166419971925,0.7452880111834228,0.5715367364011267,1.0,0.7,0.4,0.0,29,184.1659874138448,1048.2973723072023
21,19,0.2070118258966056,0.32851423417651876,0.30360377472065264,0.20815347727388683,0.13062892656529493,0.13107222692449844,0.07357143483474757,0.5981288142069493,0.7,0.4,0.0,31,109.17628023783796,1268.04408871811
21,20,0.2069479464070883,0.33946177014275486,0.32570254271846893,0.21672035495931383,0.12142777449717687,0.13107222692449844,0.07357143483474757,0.5981288142069493,0.7,0.4,0.0,33,109.09051984149846,1269.055787282394
21,21,0.20299881701208267,0.3174692529476451,0.29140630547206164,0.22828249142121843,0.1623645738546032,0.12933436013192373,0.07926924667478616,0.6111652383692233,0.7,0.4,0.0,34,113.7793928468731,1370.0286887484217
21,22,0.2065308120752661,0.32038527402836153,0.29422282292385005,0.22923527450770934,0.127984619908373,0.1351886407355889,0.07893253601072556,0.6014669404436825,0.7,0.4,0.0,36,110.55901224969844,1282.7477478711974
21,23,0.2062060038367897,0.29629506451713805,0.24755132780731998,0.21771724073734164,0.13576639633697496,0.1359773694617281,0.07939164445615024,0.6007045163264403,0.7,0.4,0.0,37,108.9974298622931,1292.3043892099197
21,24,0.20546477558803175,0.3054875895591278,0.26772543001236204,0.22031019153270073,0.13341426176686513,0.13593696511360714,0.0795260234881757,0.6013108408323372,0.7,0.4,0.0,38,107.018660948248,1323.7287410089514
21,25,0.20540299189748168,0.3053706840973326,0.2675998782046087,0.22639016023380282,0.12724751579545024,0.13597736946172811,0.07939164445615018,0.6007045163264401,0.7,0.4,0.0,39,107.27110859426476,1321.3525059126407
21,26,0.18765846481157328,0.33179853502098805,0.3386547302785427,0.24793800300085614,0.11055161902307495,0.12751982832767764,0.050189306052531156,0.4258184547828502,0.7,0.4,0.0,40,144.885022116538,1607.8823718771166
21,27,0.20774550521832713,0.31815048208361724,0.29144093723086245,0.24676390322573188,0.1321748280250748,0.14118284020962424,0.07722145887317079,0.6006764664386808,0.7,0.4,0.0,41,115.166310999373,1260.058847366146
21,28,0.19907065875655794,0.33763164659027406,0.3436088658820435,0.27482244188880217,0.15356593615632552,0.10644236430370427,0.12474292250308756,0.3964102868908757,0.7,0.4,0.0,42,226.11428209240813,471.5531664712436
21,29,0.1988335284797448,0.34807814225019656,0.36515878639273924,0.28744092351317174,0.12545653977096535,0.10644236430370427,0.12474292250308752,0.3964102868908751,0.7,0.4,0.0,44,226.2152134137511,470.83038975660446
21,30,0.19605636172560498,0.34045840119439674,0.3568137159145723,0.28667388244314373,0.14945856077337832,0.10644236430370427,0.12474292250308752,0.3964102868908751,0.7,0.4,0.0,45,228.90364119748452,458.48656785786073
21,31,0.19595133999334174,0.3512672578734172,0.3787605056611386,0.30275360869696855,0.12537149056757477,0.10644236430370427,0.12474292250308745,0.3964102868908749,0.7,0.4,0.0,46,229.22176329986263,457.46238497299146
21,32,0.19571628568648008,0.32345400842500555,0.327816140174641,0.2949725809707078,0.1555389290979393,0.10879867536477754,0.12759332289330666,0.4097204393988159,0.7,0.4,0.0,47,206.1051414176057,587.6113205927401
21,33,0.19611229302522007,0.323813526545039,0.3281717956774695,0.2921871838013052,0.1276263430748006,0.11114035281163055,0.12449345095459649,0.40744720524614675,0.7,0.4,0.0,48,224.0932392308743,542.8996276248494
21,34,0.19440779915881354,0.3307608321147806,0.34592737804570095,0.30758381860669953,0.1397781042792813,0.10879867536477757,0.12759332289330677,0.40972043939881564,0.7,0.4,0.0,49,208.3105420202108,573.9637268824971
21,35,0.1952403204633621,0.3196019907212364,0.3234735170695837,0.30210366374534336,0.133079180281866,0.11070638766086938,0.1275101875600281,0.4117035639570344,0.7,0.4,0.0,50,203.5218821716201,592.8873642913483
21,36,0.19458749825623292,0.31881832016255784,0.3226707983396424,0.30784116401466255,0.12858149964724808,0.11092657879667404,0.12566328809851207,0.40929534733267214,0.7,0.4,0.0,51,220.29799005176477,554.7596763934913
21,37,0.18989190393381203,0.3046348437480666,0.30713576725724046,0.30330744609739857,0.1756027573506533,0.10926979493673714,0.1286024374608808,0.41273715531411215,0.7,0.4,0.0,52,213.5623266833373,670.6386100499952
21,38,0.30307476119904886,0.4323538817924675,0.4561242146632656,0.46175700187694657,0.2508394815575331,0.10126238897708979,0.43429375992820296,1.0,0.7,0.4,0.0,58,201.32616882383047,714.2893487641895
21,39,0.3029771620737673,0.41960150155365733,0.44166857916364805,0.4750041682162504,0.2798011984962596,0.10208081662151296,0.44571733064888025,1.0,0.7,0.4,0.0,60,170.5366504373572,1126.4497411901737
21,40,0.3002161220510168,0.4131449336590135,0.43472506023713553,0.48300268044055983,0.256989946269167,0.10061683506522164,0.44492486242478135,1.0,0.7,0.4,0.0,62,158.85405624532447,1051.319820497869
21,41,0.2952177469058498,0.4412118158191495,0.496258699864745,0.5027688554376775,0.24381178508532203,0.10189210578206857,0.43039802474845745,1.0,0.7,0.4,0.0,65,163.47171940708773,970.0422744081242
21,42,0.29553152997111204,0.41427538019119337,0.45607787212174544,0.5134026622093831,0.2861489952463977,0.0911708161215246,0.46416382923928345,1.0,0.7,0.4,0.0,67,188.8750122769158,997.46924018121
21,43,0.5420946735803853,0.7262883342395546,0.8545234350027275,0.8920588413685531,0.5079494456974875,0.14725708229174378,1.0,1.0,0.7,0.4,0.0,88,190.6560310142389,1579.1301384748783
21,44,0.5363778798675822,0.7122324243356825,0.8394625643366921,0.8950019492294146,0.5173281759336983,0.14225897656706946,1.0,1.0,0.7,0.4,0.0,90,181.0623365297312,1490.0620693119552
21,45,0.5350842051706028,0.7057078093971801,0.8323169735472181,0.8943450220049267,0.5211077735345385,0.14225897656706946,1.0,1.0,0.7,0.4,0.0,91,182.85669531799243,1466.3179748973205
21,46,0.5350060405493473,0.7275077192302443,0.8764098687796951,0.9245995428398969,0.5000213513896274,0.14225897656706946,1.0,1.0,0.7,0.4,0.0,94,184.2703143136699,1452.8591504257402
21,47,0.5349772300241374,0.7384594037221663,0.8985130727680517,0.9283622425321021,0.4998253806781842,0.14225897656706946,1.0,1.0,0.7,0.4,0.0,96,183.81231090497425,1456.9178629683238
21,48,0.534266662315703,0.7374796267499294,0.8975011678316965,0.9315230095502852,0.5000961920390079,0.14134163688181875,1.0,1.0,0.7,0.4,0.0,97,185.6345026559437,1453.6326840304707
21,49,0.5370018643295573,0.7502073048888055,0.9212633322282128,0.9458082497634669,0.5065347161524861,0.14563433481278393,1.0,1.0,0.7,0.4,0.0,98,185.0865034828741,1450.642268207971
21,50,0.5297368504044806,0.701271837980576,0.8477189373761648,0.947892440011966,0.5125352582577873,0.1416249483529386,1.0,1.0,0.7,0.4,0.0,104,3100.119787303912,1490.0730692305876
21,51,0.5200047266270615,0.7154553391950377,0.8943210718598199,0.9869788361638593,0.5103329372225318,0.13049484832956812,1.0,1.0,0.7,0.4,0.0,106,205.40243853675324,894.5386473226937
21,52,0.5126291593464589,0.6847000717343349,0.8410997692297986,0.94778386249956,0.4889740724316398,0.12029642543853172,1.0,1.0,0.7,0.4,0.0,107,210.247725482083,901.407473298209
21,53,0.5171448603359051,0.6723264825498763,0.8367425318225352,0.9798240894109531,0.530845316258825,0.13402420890326489,1.0,1.0,0.7,0.4,0.0,110,214.9654559415036,897.5269510810954
21,54,0.5188419848683331,0.693372798361926,0.879804125827775,1.010335941226728,0.5015369691048335,0.13711782144249718,1.0,1.0,0.7,0.4,0.0,112,211.78406594215912,892.7929899102852
21,55,0.5124090480850467,0.6721103702713908,0.8469636403167473,0.9952929886529464,0.5047106145570633,0.12878840737225214,1.0,1.0,0.7,0.4,0.0,113,207.08219064094328,915.3157372846284
21,56,0.5153469959305912,0.672559801610257,0.8471387873475811,1.0295317358518021,0.4948660144059448,0.13354813601896115,1.0,1.0,0.7,0.4,0.0,120,191.24727347119028,979.350474286852
21,57,0.5125765906949901,0.6666569357407948,0.840890954021001,1.0511951950991063,0.4973164080887012,0.13029048415075314,1.0,1.0,0.7,0.4,0.0,122,200.4716902432112,1001.7568568104616
21,58,0.5122057681300685,0.6749395096046595,0.8600709617773001,1.0639496080140343,0.4958962082357681,0.13029048415075312,1.0,1.0,0.7,0.4,0.0,124,201.22583652922535,987.9534478089836
21,59,0.5125798127276979,0.6629089720374318,0.8367316447710146,1.0550469317496023,0.49689295159931035,0.1311104176128771,1.0,1.0,0.7,0.4,0.0,125,208.4651056432889,959.5682593843871
21,60,0.5128252560244579,0.6721127998736763,0.8568670057176245,1.07963146094511,0.5005343399363374,0.1319147625828307,1.0,1.0,0.7,0.4,0.0,126,213.71411120844067,932.745875690032
21,61,0.5135611472139846,0.6688632732006417,0.8531816932247085,1.07306802124829,0.49884645048918136,0.13381237556783113,1.0,1.0,0.7,0.4,0.0,129,203.88247480328684,992.2244477120048
21,62,0.5159149796093161,0.6683041992431384,0.852305883010163,1.081039354959284,0.5019638908635319,0.13776599793908822,1.0,1.0,0.7,0.4,0.0,131,200.2073762226389,960.044809393336
21,63,0.5090726020080384,0.6772947381828269,0.8829371085584561,1.1346195841291953,0.4939502166248876,0.12925850581608148,1.0,1.0,0.7,0.4,0.0,138,197.13006819815303,975.7905141191682
21,64,0.5087453989324554,0.6874352552124972,0.9041748294158269,1.1629784536744179,0.49072047316782486,0.1289141608107973,1.0,1.0,0.7,0.4,0.0,143,196.2230985621964,969.5875835693148
21,65,0.5080216839588719,0.6820367686413086,0.8982714934709717,1.1623697924164365,0.5079570821215911,0.12878029293661114,1.0,1.0,0.7,0.4,0.0,144,194.2945448094632,964.3215161566928
21,66,0.5081177030112183,0.6807263924629651,0.8968093266190607,1.166295199733531,0.4957752401787801,0.12918336393992352,1.0,1.0,0.7,0.4,0.0,145,195.9490869631515,958.862437978408
21,67,0.5086230345695153,0.6753288389077052,0.8907771718637344,1.166922936246267,0.5028999299205683,0.13099821705261067,1.0,1.0,0.7,0.4,0.0,147,202.53851999811536,925.1304455931948
21,68,0.510365507784945,0.6732670504005223,0.8883064563094372,1.1649598271985309,0.49687400178325275,0.13418754308730602,1.0,1.0,0.7,0.4,0.0,152,191.3547826444075,1025.12541450987
21,69,0.5099386878487782,0.6761739232940236,0.9015507971287077,1.1781571163832805,0.5233238163667088,0.13491109327779954,1.0,1.0,0.7,0.4,0.0,153,198.69117186551517,998.8850034903415
21,70,0.510268374890979,0.6871202124938346,0.9236113281534631,1.2190191255517604,0.4951254698028856,0.13546361810764831,1.0,1.0,0.7,0.4,0.0,159,197.4153571258756,991.3928785495616
22,0,0.886111421355593,0.6406723151524899,0.6064673582193618,0.029248140570975703,0.0,0.0,0.0,0.0,0.7,0.4,0.0,1,432.0186761983696,1316.1172698020796
22,1,0.8533097472860917,0.6592104591370775,0.623359405133637,0.06694975597017563,0.06485926768134931,0.05113571618470479,8.845751831578e-05,4.1514658105649995e-05,0.7,0.4,0.0,3,405.5760364742245,1227.381380221924
22,2,0.31952342403951656,0.437502918706927,0.37909030491757956,0.0711488704773334,0.8469259548259389,0.06499192154605238,0.014102630869054689,0.0059111408641523,0.7,0.4,0.0,4,186.51777739643725,388.6442833767731
22,3,0.2204910078853072,0.34989126566156453,0.29233204504926685,0.07720489453992757,0.24258565707906857,0.06444389493415928,0.039106094377002285,0.01498923127185551,0.7,0.4,0.0,6,138.9333749879231,106.52355192296592
22,4,0.2168565104993611,0.3456199086668414,0.2877994446191602,0.08141178576753275,0.06383256434550863,0.06423604182763493,0.03565217500946486,0.013503750951960162,0.7,0.4,0.0,8,141.83286088905544,113.96408946366788
22,5,0.20775505347868897,0.3331470914371263,0.27408674800517147,0.07918483056558073,0.08166077863496832,0.06278459924524837,0.03957354317526138,0.013381602423693881,0.7,0.4,0.0,10,145.50282661686697,94.9750912251454
22,6,0.20930433320287342,0.33369709408842124,0.2743064129471252,0.08912105459258673,0.06961735830285726,0.06847941107712803,0.0396577042897375,0.01350481642301358,0.7,0.4,0.0,12,142.7524357965766,111.0789131214439
22,7,0.20821848718775038,0.3543442217635324,0.317136873885433,0.10400695781277379,0.06638576544337449,0.06847941107712797,0.03965770428973753,0.01350481642301361,0.7,0.4,0.0,14,132.43537120857485,112.5887292838524
22,8,0.19440781583022163,0.3217083686129569,0.2711339656577704,0.10014457210752731,0.14305059549174126,0.054531504367969094,0.06804575357306325,0.016312067117763878,0.7,0.4,0.0,15,131.8229756675689,131.90469843024306
22,9,0.20373416205444403,0.3381690917185086,0.29777730227257493,0.13141860069906725,0.0984032860773453,0.08029868586376393,0.06216746289639076,0.01778742418293368,0.7,0.4,0.0,17,115.56888623009186,220.55901493764247
22,10,0.20831437175788534,0.35262009352044954,0.32310287769543433,0.14556559500762434,0.09776670422291803,0.07597254488515512,0.08576145065702838,0.0317895079378391,0.7,0.4,0.0,18,101.5849258357874,298.6024121654562
22,11,0.17692457231899905,0.30280492069603754,0.2604995376245066,0.10708256063322526,0.12303161673841194,0.0541373401729308,0.06979708570848865,0.017270409549770167,0.7,0.4,0.0,19,131.31476681525865,133.91899777006745
22,12,0.18024695920432401,0.3055269971150852,0.2630957029875721,0.118551195838762,0.07429960620655328,0.0537669953290031,0.0805577711701459,0.01863209889534821,0.7,0.4,0.0,20,123.68460199478086,169.45549927773456
22,13,0.1756180217328551,0.29692821239020173,0.25368553030951563,0.1176647626132142,0.09840057806640243,0.059759992516756934,0.06988124682296472,0.01739362354908994,0.7,0.4,0.0,21,128.13665439806817,152.67871910280124
22,14,0.17587884766240558,0.29676119879534946,0.25342475956960336,0.1287210404533372,0.07418257072239559,0.057573681234786823,0.07575220389714768,0.01729954399970671,0.7,0.4,0.0,22,104.10504003288791,146.55969904443467
22,15,0.17978835089010123,0.29985506822696845,0.2563522679702159,0.1386986032826632,0.08147352457175498,0.0616227192541516,0.08077055911886043,0.01937385677320912,0.7,0.4,0.0,23,118.98664383796816,168.01157821124283
22,16,0.17144984920425743,0.292896714614705,0.258735548556746,0.14060888201907945,0.1406172862110292,0.06766659837611075,0.07295167839841622,0.01851565046129902,0.7,0.4,0.0,24,100.43130489695194,185.07897283959824
22,17,0.19274653313846035,0.30801997494695593,0.27275956727232153,0.18257009387043238,0.1423787843471666,0.09597627610763117,0.09008655214562292,0.13306062927241524,0.7,0.4,0.0,25,79.8924626502765,325.685280810602
22,18,0.2061694579356339,0.3097384714821053,0.26321429752435543,0.18794127419790363,0.12026639036265528,0.10881273719969264,0.10224597929341935,0.3014114555623336,0.7,0.4,0.0,26,101.40839556596664,520.202604161812
22,19,0.1920717060367893,0.3175515936974454,0.29330756159085064,0.1994164701052612,0.10508898351104562,0.09597627610763114,0.09008655214562292,0.13306062927241524,0.7,0.4,0.0,27,80.58076498408856,327.1079049112996
22,20,0.1891629241153042,0.28505651346680705,0.23725033523418615,0.1852170092574077,0.14889702513857164,0.0965996725541966,0.0955821965587908,0.1507534619304785,0.7,0.4,0.0,28,81.23153340580758,369.9573825469474
22,21,0.18875715317945732,0.29368664787954946,0.25670965525990064,0.2065858525412921,0.11284473381942203,0.09531030842435775,0.10049918260368444,0.15173590888632904,0.7,0.4,0.0,30,86.18405870460194,374.3912575257256
22,22,0.1887886284113432,0.29080166777320493,0.2533548119625312,0.21645369924927294,0.11312208063420531,0.09156085223878199,0.11218972125929101,0.09212922423296573,0.7,0.4,0.0,34,95.06882087054204,486.8925576996549
22,23,0.18149536729694438,0.281328688646783,0.24353623173229766,0.21854333627571854,0.11529557676912373,0.09017808518489265,0.10000307402289524,0.0888500345928452,0.7,0.4,0.0,35,92.66474881763556,464.2412227978289
22,24,0.18583987521082831,0.285364447247095,0.24752378574970632,0.21841808736793003,0.10935548100967879,0.08681788881291694,0.11724234769831846,0.08271387908261178,0.7,0.4,0.0,36,92.7090936467264,453.5792263177741
22,25,0.1813963248972745,0.278140423393172,0.23986437620135873,0.24374617953005165,0.11269922975436517,0.07995075118420489,0.12263235373009045,0.18229706057536682,0.7,0.4,0.0,38,115.79348180633856,508.0347379407138
22,26,0.26533172567245333,0.3586112787571553,0.3198011295194996,0.33635837276232716,0.20053093342620976,0.09294330744380495,0.3150996153315808,1.0,0.7,0.4,0.0,40,128.80212592004418,451.2466870653628
22,27,0.29875973507502285,0.4364048437536079,0.4422513266170752,0.39701041438779483,0.22468447078924977,0.09605845001901364,0.393280882074216,1.0,0.7,0.4,0.0,43,129.50607710628256,395.1757513125372
22,28,0.29720107712801336,0.42068198877507035,0.4148982889743034,0.3932350390557677,0.23303709209668516,0.08538255678650954,0.4126098233729455,0.9859909480065457,0.7,0.4,0.0,45,114.83639193436458,347.98581320743955
22,29,0.2884322769318576,0.406720856375447,0.400161839093251,0.39596813276996073,0.24642640082419343,0.0939794739645204,0.3830236053703079,1.0,0.7,0.4,0.0,46,114.06839273733954,391.1710056784784
22,30,0.30906994964886414,0.4347202971908464,0.4387790305676802,0.42178683966719094,0.260305821763297,0.1045366568117481,0.42118613314428677,0.7703319141962912,0.7,0.4,0.0,47,135.64710990698217,445.84519459317113
22,31,0.30906994964886414,0.4347202971908464,0.4387790305676802,0.42178683966719094,0.24165013965429644,0.1045366568117481,0.42118613314428677,0.7703319141962912,0.7,0.4,0.0,49,135.64710990698217,445.84519459317113
22,32,0.3095002387050398,0.4457740580188675,0.46092923799271224,0.44851583942051476,0.24477298313616497,0.10150868023406148,0.42818634052029775,0.7315635176741667,0.7,0.4,0.0,50,133.35006250955075,430.4891340196596
22,33,0.305513318877794,0.4305938617522497,0.4345697218752136,0.42161772397598585,0.23841359723260042,0.09751347783257533,0.42533731378962064,0.6865624692425212,0.7,0.4,0.0,51,136.021814301887,414.76586477484
22,34,0.3502380787461607,0.4624168788593819,0.45496597652278087,0.48604709427771003,0.2936016232283354,0.10114758826446509,0.533144662155508,0.7329857961329094,0.7,0.4,0.0,52,121.21828754608887,424.93385829812905
22,35,0.3236180199493024,0.4319925322337979,0.42399525240942876,0.4722418883021675,0.2660492903719991,0.0995173180776996,0.4742841058480374,1.0,0.7,0.4,0.0,55,101.3394676794469,408.7365500061776
22,36,0.31907650426303824,0.422666521382987,0.41399409479634397,0.4724258383812382,0.28089294232082784,0.09998783199193616,0.46787681680794213,1.0,0.7,0.4,0.0,56,94.82058792352852,401.3928921123991
22,37,0.2955354292334166,0.39561334152961797,0.38645127434680987,0.44222569795833855,0.24091457155494714,0.09779940120884265,0.41693151075764795,0.6006575440903281,0.7,0.4,0.0,59,60.921307431548406,351.039571625982
22,38,0.2539986762439167,0.36116525596793003,0.3626161140718318,0.412824542676125,0.20523749322554913,0.103785561345986,0.3071002380589766,0.7836102201598493,0.7,0.4,0.0,61,61.87697284574061,338.06403026334664
22,39,0.2453065228911433,0.35203858735704585,0.3534302293028418,0.4073689590816376,0.18900947490811798,0.10107149220250322,0.290591636238246,0.6596556430166308,0.7,0.4,0.0,62,61.02668441228966,316.5906450488736
22,40,0.2553949588570216,0.3579370281573365,0.3587587918737776,0.4217883457741002,0.21898029793647822,0.10903620349512466,0.3063659348673185,0.7874171353509449,0.7,0.4,0.0,63,64.48764483200749,376.15555065469454
22,41,0.38733159046342924,0.5002609080416857,0.5121517850431665,0.6114019233519121,0.3322389790857708,0.08321183500638488,0.6821505347498429,0.39612390747220727,0.7,0.4,0.0,66,117.04092761930022,893.2462388555059
22,42,0.40548617413444293,0.5386109752480928,0.572563844461083,0.6465088623208388,0.359536348871165,0.0797836587582286,0.7355952070063133,0.42232267265203516,0.7,0.4,0.0,67,115.20704384193404,795.1721640255568
22,43,0.2881823981730902,0.38705507393368666,0.3873830920421349,0.4951257871772545,0.23544659995929973,0.07370909938804074,0.4539465659667702,0.17271823460760127,0.7,0.4,0.0,69,72.32069900827823,923.3437399514638
22,44,0.4044265902298747,0.513172903355321,0.5245018711331364,0.6361002978427522,0.3528588544538189,0.08656545177918562,0.7233166872576648,0.4459521375283065,0.7,0.4,0.0,71,109.6475209867984,936.2302676880488
22,45,0.40362233774765255,0.5103258294417161,0.5213837951522751,0.6422659274193193,0.35466446469572077,0.08656545177918562,0.7233166872576648,0.4459521375283071,0.7,0.4,0.0,73,103.51631324673087,905.8418024843436
22,46,0.40392544855285095,0.4983406517376523,0.498075555116569,0.6285287908907531,0.3562611115344908,0.08592407539495331,0.7263651913073813,0.44653144260170274,0.7,0.4,0.0,74,105.60803036752849,945.6647472666908
22,47,0.37456565988766466,0.49041799035249956,0.5123833629851762,0.6549768509148164,0.3225107981332592,0.08210329284954387,0.660388456870673,0.35494612205613973,0.7,0.4,0.0,78,111.7114703360825,856.9848205619134
22,48,0.36528397720387157,0.5028245393596898,0.5470537710269596,0.6768610465532787,0.3148987345907063,0.08575082901417297,0.631290825386102,0.3952269176132544,0.7,0.4,0.0,79,107.11775752186432,843.3090864658478
22,49,0.3639922572823582,0.47592521990381464,0.49737548676830345,0.6708544005766421,0.3283600009851396,0.08192644811759067,0.637997187528663,0.3736585122993465,0.7,0.4,0.0,80,108.53212258607844,776.1782408838285
22,50,0.36396794690619216,0.48693295182439206,0.5195400046533061,0.6797752554309127,0.3126472079631768,0.08192644811759067,0.6379971875286634,0.37365851229934655,0.7,0.4,0.0,83,108.18137683947172,774.6168994747345
22,51,0.3596653452398451,0.4928738945299629,0.536534680488828,0.7015761546248427,0.3124983241843933,0.08088014893655063,0.6298675160896207,0.37634383665831095,0.7,0.4,0.0,84,108.33944799764258,756.5279100190706
22,52,0.32747387287334134,0.43545605013347954,0.4563916236552872,0.6523945205337941,0.28096259213998354,0.06716473900997835,0.5761700181657126,0.5974319415603577,0.7,0.4,0.0,88,147.99997604477227,1404.0254443159226
22,53,0.3268813838777173,0.45702569979262186,0.5002878717658708,0.6779551422462478,0.2769388614768885,0.06716353791584095,0.5747197761052838,0.5959281824222948,0.7,0.4,0.0,92,147.56499831352224,1395.8101247182406
22,54,0.3161000593499082,0.4553166315600593,0.509482159387215,0.6805622311673223,0.2714651450583832,0.06885422170286251,0.5466234412910722,0.5984027197388762,0.7,0.4,0.0,94,148.07583442447986,1426.820402004092
22,55,0.5230162237445382,0.6832289934529502,0.7595708202959155,0.9955516260559439,0.4743966711091342,0.10598189150335527,1.0,0.7369360897549948,0.7,0.4,0.0,120,89.15225905011728,1744.2344448418037
22,56,0.5230162049499453,0.694325942329411,0.781833032828533,1.0159765821332247,0.47418743527550766,0.1059818648201289,1.0,0.7369358777051995,0.7,0.4,0.0,122,89.15227549560997,1744.234348729159
22,57,0.5124918530147079,0.7151413596143658,0.8358936807867082,1.0517828533151865,0.4652313784657749,0.09192232260388457,1.0,0.5282408623867949,0.7,0.4,0.0,132,93.54458707237406,1674.4494056847295
22,58,0.5008203145058054,0.6923035160426263,0.8018744853432813,1.0909931200677168,0.45405189024029774,0.07538899920733863,1.0,0.36766484909334746,0.7,0.4,0.0,133,110.97894428276312,2336.4633350213967
22,59,0.498007036355467,0.6803608748518613,0.7887804274484989,1.1044460033424013,0.46289791011433173,0.07560977688335614,1.0,0.3775562934919522,0.7,0.4,0.0,137,103.36603443609786,2397.614341692104
22,60,0.5152874840236854,0.7164676126461624,0.8467955341343358,1.183347163603782,0.47251410392196025,0.10181963307308697,1.0,0.7752160836099122,0.7,0.4,0.0,149,93.83800799268174,1862.64862998287
22,61,0.5162562740339005,0.7056763853234547,0.8247562477420138,1.1665393478176447,0.47537023073630946,0.10349878547001079,1.0,0.7762316080668539,0.7,0.4,0.0,150,85.13517752633415,1945.5033957833411
22,62,0.5159772289653424,0.7036620721886439,0.822525763044747,1.1776700790842494,0.48033202341696046,0.10386551169140454,1.0,0.7799275399352626,0.7,0.4,0.0,151,94.7857040435621,1925.734358077246
23,0,0.9312017229779675,0.651324543820919,0.6181335879713437,0.030281893487817166,0.0,0.0,0.0,0.0,0.7,0.4,0.0,1,316.9849648155138,1422.6965334480765
23,1,0.8878483646303669,0.6601667105702785,0.6254120549884001,0.05750629053092999,0.05284539765262626,0.03604932752486996,8.653476300436e-05,1.888147927248e-05,0.7,0.4,0.0,3,293.29966513750685,1315.2513734512688
23,2,0.34273436709294314,0.45108847427902854,0.39523526421493893,0.060452799718235084,0.7819961802895296,0.04614121339710113,0.01383729001728777,0.00288676778000122,0.7,0.4,0.0,4,106.58301936674732,376.4677300420392
23,3,0.27658942160728756,0.41134464501112983,0.36126422069456393,0.05398886591768069,0.23382386734981647,0.046988543422847716,0.02687234270035994,0.0058634190940622406,0.7,0.4,0.0,5,97.07220679317798,267.24715134830745
23,4,0.2536469760014024,0.3894919279601864,0.3364090415564882,0.0729153683444744,0.15928525108302433,0.046098014817231546,0.052652288767721246,0.00982775439043454,0.7,0.4,0.0,6,110.39559726557884,103.42360768170016
23,5,0.24233549835137147,0.3891196877351731,0.3467384009728913,0.08276391485655447,0.0633983345856284,0.0523781879023474,0.02516679424292147,0.008222898036531031,0.7,0.4,0.0,7,104.11651123006348,215.83402920340475
23,6,0.23740980045209908,0.3721084931291742,0.31754925056413735,0.0754480792094537,0.08681712867250885,0.04600605154336709,0.04812726646294323,0.00886054502224693,0.7,0.4,0.0,8,80.80345441991298,100.25481335157365
23,7,0.22983835569269118,0.35235029939161816,0.2857913892649107,0.07087604255744584,0.0809750147837479,0.04660578982008105,0.04734009259545074,0.00866975542767684,0.7,0.4,0.0,9,82.96545730488117,100.89885776922095
23,8,0.23282603056841877,0.3529070578749339,0.2849722436208723,0.09078228650262468,0.11517811659728391,0.04588833579209522,0.08612288535300328,0.008312994641936319,0.7,0.4,0.0,10,101.04551036802204,350.5634087924797
23,9,0.220930503438726,0.3513226951571591,0.29419329470969535,0.09023852068559879,0.07029504728892495,0.04455635459226874,0.06619921734012976,0.00867289603276363,0.7,0.4,0.0,11,86.91968324309386,137.9499443560036
23,10,0.22063153435135474,0.3372650706891531,0.2678680472822918,0.09550450480633389,0.10526452342642109,0.056565790236644674,0.06673459707497802,0.011057068643993,0.7,0.4,0.0,12,67.60257012032056,2227.0652978138683
23,11,0.22246472855520877,0.36000794471417086,0.3124798596459125,0.11623828672579506,0.0797787454178521,0.058000866644927054,0.07771856866920925,0.01177773917619775,0.7,0.4,0.0,14,59.1695215234775,3180.7202386448826
23,12,0.21718147692089382,0.3315083387138385,0.2612959070057659,0.10866604987478752,0.08156935532429035,0.055334314438003164,0.07591143874584926,0.011041922538284659,0.7,0.4,0.0,15,57.47289246348934,2374.471584831142
23,13,0.2141101009504469,0.36792357567443357,0.3408516841415885,0.153725854411424,0.10391870711624829,0.02722305781114781,0.14511046420848278,0.00596875009387293,0.7,0.4,0.0,17,75.84214792127362,492.8459365238061
23,14,0.21218882012551446,0.3324205604860808,0.27176987227351457,0.1360965913038028,0.07867832936268494,0.052192847620701886,0.09805912178112808,0.01425947264710101,0.7,0.4,0.0,18,47.83166429591678,1857.147408551172
23,15,0.20970747443392462,0.3821588671984497,0.376444112323583,0.18018807930997352,0.08984004834437737,0.03041597610452213,0.14519344270636297,0.00605293314678919,0.7,0.4,0.0,21,69.87096217650645,505.999808199168
23,16,0.20011102555392435,0.33537334618148495,0.29516845240238765,0.1619537106262685,0.11166149077506479,0.03675293474351764,0.12647647359327513,0.00330467155680423,0.7,0.4,0.0,22,83.40637122325316,527.7802098186072
23,17,0.19562288810257283,0.3368969453263298,0.3066881421916452,0.17764090692404338,0.09950685105548408,0.040894931361187194,0.12600190328306754,0.00379795171314109,0.7,0.4,0.0,24,64.20940573585536,577.8650531319169
23,18,0.19493188517299176,0.32362250905175766,0.28192009287880654,0.17291203189817794,0.0918755460143516,0.04228343896774807,0.12674944519816916,0.00453335553265145,0.7,0.4,0.0,25,62.995618998356825,604.4555225078029
23,19,0.22997656546596154,0.38080498111597183,0.3703155047596697,0.24469460819223662,0.2088000555199517,0.03985014298529951,0.25069447410041973,0.06216192535920344,0.7,0.4,0.0,26,94.89179751483624,6888.935448373609
23,20,0.21201148331792422,0.36854287498301674,0.36820886589834634,0.2520837658401557,0.13318277267984463,0.04582644411783627,0.20836236985505968,0.14981183706266313,0.7,0.4,0.0,28,42.8990268371233,1108.2056526833524
23,21,0.22420677654244364,0.36950265993476306,0.35797770012737407,0.2582804955063116,0.12819788748237726,0.044235460685269914,0.24195710440586118,0.059861996913452876,0.7,0.4,0.0,30,99.7449722735422,6744.88495464129
23,22,0.22470127677509683,0.35750213160637834,0.33455708510492155,0.24472010433565722,0.13852433076453616,0.048763299429281357,0.23847033212246158,0.014993498186879358,0.7,0.4,0.0,31,79.6900472213401,17055.9018615998
23,23,0.22252669035562062,0.3528717965067792,0.3294856908940733,0.2383032076371808,0.14509335658539557,0.0381194931004053,0.2571031618538125,0.062108211036840055,0.7,0.4,0.0,32,89.5324786374147,6844.966867814168
23,24,0.20729262816359217,0.33710222505030607,0.31362165218209004,0.2413382620414496,0.11804662618136302,0.04486341738972409,0.20835505150629938,0.05644479592343836,0.7,0.4,0.0,33,50.69166140539125,1694.9783506351002
23,25,0.21050827067332042,0.34981346450354905,0.34650891782144766,0.2676324766104772,0.20389758169372965,0.04292485433116987,0.24463049794496775,0.05997528061561567,0.7,0.4,0.0,34,103.17618638537976,6740.0366779997785
23,26,0.20792722609434072,0.33485100720686134,0.32017234086836394,0.26235320875724666,0.12991008895513423,0.043442402596758536,0.23954452611228313,0.05945889682320541,0.7,0.4,0.0,36,92.26300086758448,6564.283717756025
23,27,0.20599290546797905,0.3325756312417153,0.31784154992197133,0.26657718891214977,0.12551289305056096,0.04189111052152479,0.2380241012779971,0.05642954394802089,0.7,0.4,0.0,38,83.09993830737338,6422.199210319607
23,28,0.19414597715147025,0.3284594136351649,0.32435159343636316,0.2726641177114573,0.12132120328567497,0.04369362296421039,0.21099697205495827,0.0565258291462493,0.7,0.4,0.0,41,54.66604783500801,1694.142400297602
23,29,0.202321927478147,0.3681576935676932,0.3972661217613717,0.3167501534372358,0.12597156701804477,0.04319006645208888,0.23523847128883402,0.06045223498023996,0.7,0.4,0.0,47,108.82769097014992,6791.788649383213
23,30,0.1774755786218365,0.33159616334847897,0.34944202425875437,0.2961553064539882,0.10332617498307951,0.047990441602785386,0.16573177294072977,0.04799248819439121,0.7,0.4,0.0,48,48.441123420204455,1527.7163590903956
23,31,0.17683995248882317,0.33006597827765993,0.3477713700745645,0.30251868264421855,0.10481006543603444,0.044835550247962055,0.17111659476247257,0.03677098181166742,0.7,0.4,0.0,49,44.682176285092,2387.7377820210017
23,32,0.17727601707233825,0.3182077540055235,0.32456189734094143,0.3002344784682917,0.10428447663031262,0.0477924337789793,0.16892083255220564,0.048074227386448384,0.7,0.4,0.0,51,48.14948936137907,1538.3697821582343
23,33,0.19048799063281202,0.3421678683552853,0.3596330921355074,0.323452749517857,0.11638083496643392,0.049818917402084786,0.1989583030741809,0.06548304422984327,0.7,0.4,0.0,52,73.57684215814393,4171.190541247637
23,34,0.17306207829268966,0.33546086791661467,0.3640331217467813,0.33300791639191346,0.09795049200945774,0.04356823144118395,0.16692140304765746,0.03054778225805741,0.7,0.4,0.0,55,44.24704975440133,2396.523447016866
23,35,0.17517943486450724,0.33680060061426625,0.36525240378412127,0.3421449115938099,0.10198647522268453,0.04720937465473366,0.1670537302841231,0.03284275691131709,0.7,0.4,0.0,57,47.982929317964015,2487.3907797961688
23,36,0.17435624353704132,0.33558060368634995,0.3639715922462817,0.3415048250051852,0.10144664131465082,0.04643376934541525,0.1669666960236755,0.03109684438036749,0.7,0.4,0.0,58,46.859978257268686,2459.8373600951622
23,37,0.17339093951320195,0.33318048261657385,0.3613512574192237,0.3478506590683366,0.10696795415196922,0.04683249810454978,0.16605030820631164,0.032738534953129624,0.7,0.4,0.0,59,45.176954101126526,2447.2470186190358
23,38,0.17300800761060098,0.33272854624109816,0.3608887703609957,0.3474987166979728,0.0992327609540468,0.04684923167233902,0.16516803411568542,0.032824404385671455,0.7,0.4,0.0,60,45.20116944476896,2447.514936263364
23,39,0.502061474386736,0.7256101995037214,0.8203434461889272,0.8482648224190213,0.4304842549721793,0.04222878038766264,1.0,1.0,0.7,0.4,0.0,76,49.44492325367078,1842.9515878128
23,40,0.501611661157397,0.7354826746707737,0.8412645498487898,0.8637637068157855,0.4316081603059217,0.04222878038766264,1.0,1.0,0.7,0.4,0.0,78,52.63773403204827,1808.351597630759
23,41,0.5089246370777891,0.7861802046111743,0.9364249362802589,0.9014863220287823,0.44790562549628243,0.05422201969092766,1.0,1.0,0.7,0.4,0.0,79,38.969489720235565,814.9008894185409
23,42,0.48849958234447366,0.7370969074844427,0.873677948886238,0.9065030948415226,0.5113985258236077,0.03744725859973156,1.0,1.0,0.7,0.4,0.0,80,44.11891081044064,5367.104642291893
23,43,0.49217949143600825,0.7521941225287545,0.9096159637237984,0.9135460074822076,0.4873837773929745,0.04967000337012627,1.0,1.0,0.7,0.4,0.0,81,34.562457523529915,697.2482377548746
23,44,0.49173313412536734,0.7506838051877055,0.9079617646212296,0.9096283748824665,0.4397814198564992,0.04967000337012628,1.0,1.0,0.7,0.4,0.0,82,35.3170581320953,691.9289567758534
23,45,0.49121349373433704,0.7600226444894832,0.9282985328696489,0.9327154903502912,0.4406482108102916,0.04967000337012627,1.0,1.0,0.7,0.4,0.0,83,37.728329823725815,677.943456769328
23,46,0.49045089670001196,0.7587686218722378,0.926978287843723,0.9402299342483076,0.4353841299253398,0.04887479339432529,1.0,1.0,0.7,0.4,0.0,85,39.74101719713635,652.8341165514233
23,47,0.48599284834919765,0.7641990013512087,0.943411027666224,0.9403279452163494,0.4360109660488691,0.04322451591630267,1.0,1.0,0.7,0.4,0.0,86,29.570527016685315,935.3863205258968
23,48,0.4820540974575872,0.7323292305164364,0.8884446660835577,0.947485276321525,0.43402957522788477,0.040895486670454353,1.0,1.0,0.7,0.4,0.0,91,53.36657347935952,5894.675871841601
23,49,0.47905771588911206,0.759502017375585,0.9486925767283338,0.9994224030301214,0.4300571117325898,0.03846930475975829,1.0,1.0,0.7,0.4,0.0,96,47.73489650264043,5824.554907829831
23,50,0.47431585468341253,0.7484270716088957,0.9367999898885699,1.0096513864723227,0.438455961117222,0.03491912331590586,1.0,1.0,0.7,0.4,0.0,98,33.35248908313318,4943.821194388272
23,51,0.4715673355847732,0.7276757665554447,0.9039956363630168,1.016113244901974,0.4397720594593238,0.034450753158445466,1.0,1.0,0.7,0.4,0.0,100,33.33836562349352,5004.255967001014
23,52,0.47096688207282694,0.7348272322607279,0.9218870397735132,1.02150603626938,0.4396402987936051,0.03519760882912329,1.0,1.0,0.7,0.4,0.0,101,34.44561145507079,5185.582140700638
23,53,0.47052174374076416,0.7338771750486166,0.9208730837383985,1.0363532886495532,0.4251119345530401,0.03480010876861086,1.0,1.0,0.7,0.4,0.0,104,33.6710154215411,5127.600330180726
23,54,0.47125961819748236,0.7678988097817501,0.9883895637583066,1.0797034791898934,0.42510858158304565,0.03585767887888317,1.0,1.0,0.7,0.4,0.0,108,32.34114063738187,5238.547563477191
23,55,0.4717358776731825,0.7683466444178884,0.988833692131417,1.0981558405099703,0.4256107598742945,0.03655465117684936,1.0,1.0,0.7,0.4,0.0,115,31.8467375267204,4686.646887848726
23,56,0.47044267884902136,0.7875843144654445,1.0301919280285088,1.1103349633494415,0.4285308374177281,0.03548260161968048,1.0,1.0,0.7,0.4,0.0,117,36.325259943026346,5001.364048858506
23,57,0.4703830010153306,0.7984454829235175,1.052196181311508,1.123426848701625,0.42522561807044346,0.03547883730491079,1.0,1.0,0.7,0.4,0.0,119,36.04500655826159,4871.376784228434
23,58,0.4713320729870555,0.8102457667225142,1.075130862619258,1.2220979010132902,0.42590958085111447,0.03694862089768091,1.0,1.0,0.7,0.4,0.0,143,28.04924445006468,4458.312416717632
23,59,0.4694935168385126,0.8298412378659578,1.1169612542101295,1.3082844895117787,0.4259487915499743,0.03467303212911244,1.0,1.0,0.7,0.4,0.0,145,35.90183650683594,4584.527972810181
23,60,0.47182237679415207,0.8330638100398629,1.1202962588983618,1.2817452334155928,0.4331752045984388,0.037587664062560325,1.0,1.0,0.7,0.4,0.0,146,32.98128573361663,4800.667796289172
23,61,0.4668143470653876,0.8683494122295612,1.1997289440772012,1.3373928490686884,0.42444536109627967,0.03230104464152861,1.0,1.0,0.7,0.4,0.0,150,64.73758681047585,5072.583332976581
23,62,0.4680492112439875,0.8803191196713471,1.222818518967164,1.364714805839608,0.4246100476490047,0.03422996415566676,1.0,1.0,0.7,0.4,0.0,155,65.62132369521035,5019.582514673763
23,63,0.4673787159752271,0.8570691798485972,1.177189989283269,1.4127272183492021,0.4234259065959388,0.03344078630807746,1.0,1.0,0.7,0.4,0.0,157,66.87111448393104,5075.004635731057
23,64,0.4681442859834668,0.9104976159899886,1.2860932964305634,1.425045352609406,0.426595296154095,0.03577907515629422,1.0,1.0,0.7,0.4,0.0,165,66.43422545952689,5009.253353903056
24,0,0.9112436868765943,0.6466741311907749,0.6130404631611646,0.029830583632392577,0.0,0.0,0.0,0.0,0.7,0.4,0.0,1,367.1148222417406,1358.9421840141774
24,1,0.881312383218157,0.667304767574867,0.6321130124627842,0.06878945037209162,0.06447401544779201,0.05280657188629438,8.309962886014e-05,3.426011803378e-05,0.7,0.4,0.0,3,337.8583633413777,1269.089204103889
24,2,0.8739701008875713,0.6622462179653652,0.6269809849760278,0.06685655847844563,0.03532351409603941,0.04642493697134953,0.00053619106390526,0.00013188079850866998,0.7,0.4,0.0,4,306.62161963777385,1387.0956240020405
24,3,0.8234238914752696,0.6560720100238546,0.6192873352774745,0.07807501433457877,0.09606997665593385,0.060522744587418485,0.00033239851544056997,0.00013704047213510998,0.7,0.4,0.0,5,308.3772548984674,1193.246280366433
24,4,0.49609016763814445,0.588114039637759,0.535107649966775,0.16718189347074375,0.7172436998876044,0.1066802335281137,0.17569174898849182,0.1776287988186755,0.7,0.4,0.0,6,128.0689751201653,444.125938157345
24,5,0.37864538970710393,0.5067673568871589,0.4747534784958751,0.08223657713903065,0.11443922490266599,0.06924622572630632,0.01749069378406505,0.00721102177896939,0.7,0.4,0.0,7,133.89165915091957,528.0411807212429
24,6,0.45734197857869896,0.5626270688880137,0.5074009259639471,0.18195809327374182,0.14662202289896087,0.10235793159263726,0.17783487272439896,0.173908853687496,0.7,0.4,0.0,12,112.92515724594118,368.31352742064126
24,7,0.41808015483497113,0.5349269875543291,0.476886048414058,0.18095483201766926,0.24392401427103094,0.11244348471574706,0.16486040919127193,0.16089513219067383,0.7,0.4,0.0,13,67.39765956084851,300.0918812872646
24,8,0.40346324368321335,0.5227696210766417,0.4638661895382042,0.18348658075383573,0.15676704300054817,0.1071111139054802,0.16644916884128072,0.15727245607899829,0.7,0.4,0.0,15,73.56029040294361,282.5887353895066
24,9,0.4207691832177807,0.5539887382576221,0.5050127571587119,0.22010480991410447,0.19666335203903632,0.10703442387246462,0.2493956241061212,0.17349294962439682,0.7,0.4,0.0,17,73.73651321454528,298.7955260944276
24,10,0.3813006299488014,0.5154004982565757,0.46581987124349594,0.18679257686475897,0.16346829074536123,0.10721525059057031,0.1684893876639498,0.14111543962222076,0.7,0.4,0.0,18,65.15802737399645,232.12862352367245
24,11,0.4027874422395341,0.5369500690223027,0.48732617478588963,0.22082805834152042,0.16521393868510187,0.08969597178794284,0.2541582405380745,0.13054438170370353,0.7,0.4,0.0,20,115.23037665698726,252.58594121463832
24,12,0.3695424792688315,0.516442289352492,0.4762581659632126,0.22367484523991776,0.2118728845471613,0.10095571574761479,0.20076044213616676,0.1181399850090095,0.7,0.4,0.0,21,79.6814534488173,474.00143780940607
24,13,0.3621701879826689,0.5092284249676382,0.46860457120084337,0.22579774857532595,0.15613807641301386,0.09709559211432181,0.2010295617402545,0.11543279605491137,0.7,0.4,0.0,23,86.52212751324178,442.6379791654467
24,14,0.35354628954438927,0.500644072243533,0.4596175581962795,0.22651142478199138,0.15817800068411852,0.09466329023109143,0.1944001388542524,0.10112181624385941,0.7,0.4,0.0,24,101.49402927552282,412.09533827853335
24,15,0.35062458622414955,0.49770802839658235,0.45637573572387213,0.22098816228352747,0.15508498942415588,0.09663726257626223,0.19163593806774476,0.10626360627260063,0.7,0.4,0.0,25,93.6171991160926,395.3974675395223
24,16,0.36220835054977935,0.49801650302626715,0.4448866622596345,0.23049702957687535,0.18464439667083962,0.11075334245542665,0.21204960784133098,0.2801575879514256,0.7,0.4,0.0,26,96.617951511099,229.26008572818327
24,17,0.35995361651101376,0.5062690301050055,0.4634040492781789,0.25760368318961824,0.18484408554158077,0.1172619157478852,0.2171991213294099,0.2686516825681429,0.7,0.4,0.0,28,94.6908116096352,275.8868358536589
24,18,0.35103440586850015,0.508005493855658,0.47585237726480273,0.2609984684388606,0.17235803562949267,0.11112352966921066,0.21644440124029424,0.2496554171244909,0.7,0.4,0.0,30,96.06945255795358,354.4184774340422
24,19,0.37100543592707885,0.5274307621720726,0.49481636386914035,0.28479896022871015,0.2049055778729671,0.12536804070961843,0.25219464267039127,0.6268895896615495,0.7,0.4,0.0,31,78.94049550788404,452.24407415621096
24,20,0.3156485313396221,0.4815737620213338,0.4590729355206566,0.24069588059438812,0.17982909205589756,0.09433640087457455,0.191738559380611,0.10908130902166024,0.7,0.4,0.0,32,121.25466156618911,441.7391317511599
24,21,0.37952200023134597,0.531651693809264,0.4966517438519008,0.3171749270482691,0.2414386334913694,0.1113028438361002,0.3500126938475503,0.4590210853222816,0.7,0.4,0.0,34,94.69437950925747,1565.9430112922098
24,29,0.29977820405644057,0.5124712761472909,0.542250482706099,0.31830487074584346,0.1703531940236307,0.13061681666501568,0.15992260231591635,0.19871931651125302,0.7,0.4,0.0,48,54.818010157265576,685.3909329672734
24,30,0.29017928796768055,0.47586606142486987,0.4818572264835119,0.2869537000553193,0.2083323835653587,0.13923689515783738,0.1470840718821994,0.1758444609026848,0.7,0.4,0.0,49,72.56064978424263,647.7769264302926
24,31,0.2875837755029341,0.47195701810799406,0.477622605962604,0.28611071186716297,0.16671964429955743,0.13806452066636093,0.14791458500943883,0.17777553949640593,0.7,0.4,0.0,50,64.1103199807437,688.8232678778578
24,32,0.2844142777504056,0.46666700203957134,0.4717825450635915,0.2860276757813812,0.17563488030866917,0.13923689515783744,0.1470840718821994,0.17584446090268474,0.7,0.4,0.0,51,73.67993964580879,606.6519441885063
24,33,0.259667098751179,0.42618787946201125,0.41900590366102725,0.2768255048446882,0.15878720935068327,0.117453782445022,0.14147987955593863,0.15197814276174837,0.7,0.4,0.0,53,84.9253434022337,506.45699700016
24,34,0.2573519885495986,0.412059514730311,0.3935465314887907,0.2721664063409709,0.14043957245793925,0.1168846730428192,0.1392556082917847,0.15470703530820912,0.7,0.4,0.0,55,92.24240378976482,413.2925057467334
24,35,0.2629608430231103,0.4172178037821733,0.3986012351233409,0.27830395658077345,0.14740763893370834,0.1168775890052581,0.15488143563040782,0.15940837736780983,0.7,0.4,0.0,56,92.6713195190878,481.7779445705592
24,36,0.25666341731601455,0.4108828573837165,0.3922576635523612,0.2720478416391489,0.13782008236938284,0.1168846730428192,0.13925560829178474,0.15470703530820912,0.7,0.4,0.0,57,90.17638423068524,419.4989518687565
24,37,0.2528796388163864,0.4173138789130809,0.4096529087858677,0.2910689569828835,0.14206196967217827,0.11297606946596994,0.1397127616558697,0.1576072249775855,0.7,0.4,0.0,58,90.3106237554715,458.84858923363055
24,38,0.2592755703874157,0.46302717824939255,0.49890444459813954,0.3414620352352928,0.15809954248661798,0.11640373102751231,0.16651717124059714,0.14802517032589918,0.7,0.4,0.0,62,108.7956788458321,422.9437766321209
24,39,0.25528032147748775,0.45548837577636325,0.4906480331637846,0.3407029952750104,0.16052708491334594,0.11640373102751231,0.1665171712405972,0.14802517032589918,0.7,0.4,0.0,64,97.31175663290765,437.6161874637999
24,40,0.25636996089809294,0.4564941872213564,0.4916368892253151,0.3418710721036512,0.14957377610531036,0.11881926251221694,0.1652506979255589,0.14804079503878903,0.7,0.4,0.0,66,96.65042619911708,400.7854385278465
24,41,0.27075810189025096,0.45572042530597967,0.47889213886739135,0.34693890991272763,0.18228613436050833,0.111189812772261,0.22557429151079642,0.2217162204449507,0.7,0.4,0.0,68,63.34775507693151,435.8535030485448
24,42,0.22884883735501002,0.42485117008882256,0.46829373080037984,0.3329529116007318,0.2092570195101268,0.12218953745323849,0.12775933925771857,0.1293823230259448,0.7,0.4,0.0,69,98.12019965144034,447.9358079475951
24,43,0.22834033987595256,0.42383958091658,0.4671934693234392,0.33278196620367595,0.13733769099494703,0.12234567705729278,0.1272853762315118,0.12933260035834446,0.7,0.4,0.0,73,96.24825315295902,447.2701441184465
24,44,0.2265433550479499,0.4179488196748825,0.4605927717878656,0.35352729527540805,0.14646976729222666,0.12189092940736324,0.13199851792134393,0.12998679185287607,0.7,0.4,0.0,76,95.06983836706095,465.5034365758696
24,45,0.3701181553505019,0.5942422690020787,0.6702844667350146,0.568343876931104,0.2827276971532666,0.1248550042336293,0.48688497139035836,0.13655710657492307,0.7,0.4,0.0,82,82.89604751243246,908.2563306539464
24,46,0.42863765952372,0.6410354317028821,0.7058053246939773,0.6373763904205949,0.3449381752600707,0.11805182228372016,0.646323528361094,0.2019537884755649,0.7,0.4,0.0,83,89.9846120033933,1013.6782812759492
24,47,0.56749455020157,0.7969224788037246,0.8831593510900289,0.7945560322402123,0.49919369745782805,0.1199017161294839,1.0,0.19765522510525205,0.7,0.4,0.0,85,81.9838416966428,520.1062036162675
24,48,0.4973107343679215,0.7215394346829282,0.8069353269854214,0.7202069783094338,0.4469748107419586,0.10826677258885715,0.8539889370253952,0.2420845817001608,0.7,0.4,0.0,86,78.52042088439595,370.4345235464704
24,49,0.4883537733949712,0.7012143053659246,0.7754017514527168,0.7217878291071067,0.40911675130472863,0.11443267194153468,0.8212646084671806,0.2090986087684496,0.7,0.4,0.0,89,74.85797780364393,353.2554088024588
24,50,0.49413267593475546,0.705089633253529,0.7789749489342597,0.7181292924072362,0.4263126839419272,0.11518740114396184,0.8375672657536649,0.2375416981444959,0.7,0.4,0.0,90,83.14696918616022,430.99365199584736
24,51,0.5507079837191826,0.7615363031711003,0.8448598745642331,0.8100016458201275,0.5096118336689801,0.11307065945323698,1.0,0.174769184672978,0.7,0.4,0.0,92,97.0189325773021,1186.8227203582687
24,52,0.55058525327079,0.7700791870644462,0.8642053727626382,0.8267817451288306,0.4867981174958884,0.11486548732902709,1.0,0.17693180402609898,0.7,0.4,0.0,94,95.97012915740773,1209.7313907351047
24,53,0.5207175794509822,0.7508726879037433,0.8560996068384037,0.8111263659136553,0.4513515155549025,0.10953773757333107,0.9352630392419872,0.1831038488742837,0.7,0.4,0.0,98,102.64808036387986,1029.9867765512963
24,54,0.5266771223825779,0.756415628936904,0.8615806844960333,0.8207617209168498,0.45769708280942933,0.11520861001184346,0.9408164066697455,0.20165695284309054,0.7,0.4,0.0,101,89.73423101199377,1144.4294201830596
24,55,0.5407952479281628,0.767102245315461,0.8717629861337695,0.8397439288062767,0.4907553168984461,0.11038906321384163,0.9892166142518336,0.1812856202496437,0.7,0.4,0.0,102,97.66423744396438,1185.0777322115937
24,56,0.5406750127095585,0.7667563937353172,0.8713841646950282,0.8397090757224912,0.4735394805541373,0.11038906321384163,0.9892166142518335,0.18128562024964373,0.7,0.4,0.0,104,100.42443306636578,1175.9458754275329
24,57,0.5286275099070545,0.7543329673327841,0.8589057302600818,0.8278115487317167,0.46160037455135294,0.10849164255692104,0.9629224753251858,0.19382546795422992,0.7,0.4,0.0,108,106.53742961969024,1074.4521312824677
24,58,0.5409987386289395,0.776918952356906,0.8925288392125317,0.8521228942156165,0.47620347902795235,0.11379311987326027,0.9857336659659722,0.25249071916626786,0.7,0.4,0.0,110,94.52952842931673,1207.970327578478
24,59,0.5377252819258653,0.7882047091492835,0.9250513215961342,0.9545225772253892,0.47680047720597507,0.10647315831476452,1.0,0.30604000566597245,0.7,0.4,0.0,127,122.60429754566375,882.7701218505844
24,60,0.5371682344772747,0.7874328982247311,0.9242491873570574,0.966777856922364,0.4742311808573689,0.10582606246724735,1.0,0.34197230551367236,0.7,0.4,0.0,134,119.09791818469571,376.4319224731202
24,61,0.5499324924745064,0.8329776760903457,1.0032177995986438,1.0713390584165599,0.4875131663487427,0.17332500064059256,0.9144044168742329,1.0,0.7,0.4,0.0,140,115.81429707885692,926.785183555676
24,62,0.5499324925166538,0.8329776760903457,1.0032177995986438,1.0713390584165599,0.487089314482129,0.17332500064059256,0.9144044168742329,1.0,0.7,0.4,0.0,142,115.81429644287408,926.7851845799012
24,63,0.5477512548343492,0.7594206354476558,0.8619978894772329,1.009681182029908,0.4905486918436812,0.12451780241132496,1.0,0.666290391807441,0.7,0.4,0.0,149,51.02207474626406,1235.2063167906476
24,64,0.5491097547207326,0.7328987528368877,0.8123623856180557,1.0112198718616057,0.5002439612244041,0.13008780562965055,1.0,0.7019633818264011,0.7,0.4,0.0,152,42.87314514867088,1537.9822282371508
24,65,0.5475485097900736,0.7414333221223398,0.8319257417975191,1.0355928800654073,0.49478843606400585,0.12847622132794037,1.0,0.6840522830301257,0.7,0.4,0.0,153,46.45320357055681,1376.1814629083694
24,66,0.5451280898075872,0.7356651118559405,0.8257038296226699,1.0692212449413154,0.4942652731683282,0.12704518764102823,1.0,0.7056673655055256,0.7,0.4,0.0,156,60.38350007819473,3579.4366383626743
24,67,0.545232538364526,0.7468622595498835,0.8480655916293132,1.0693268546503976,0.48904315001541687,0.12719701040112602,1.0,0.7057697581316356,0.7,0.4,0.0,160,60.57757875252752,3576.811336307493
24,68,0.5446756651953126,0.7568888477672606,0.8691884147692511,1.0857176628546794,0.49113516142094094,0.12670684270761048,1.0,0.688495504181625,0.7,0.4,0.0,161,60.24602769576181,3610.5407569526064
24,69,0.5368737319390575,0.7433241213199159,0.8548530316585868,1.1131575177413053,0.49003132371887925,0.11889373571546051,1.0,1.0,0.7,0.4,0.0,165,48.6025890526026,1492.4499497150234
24,70,0.5364722051406612,0.7418938112599528,0.8532865800949243,1.1130133988323156,0.48561508312624646,0.1188937357154605,1.0,1.0,0.7,0.4,0.0,167,45.91487808134869,1515.009924167448
24,71,0.535886046034738,0.7614021616838785,0.8948482736610414,1.1699169773740299,0.4850825304540868,0.11921647624675864,1.0,1.0,0.7,0.4,0.0,173,47.26130163299332,1503.764027149028
24,72,0.5358907710295481,0.7611659108725471,0.8945803298312374,1.1738403432303173,0.4836866548241265,0.11935490653302401,1.0,1.0,0.7,0.4,0.0,181,45.19661656030162,1533.2258493179197
25,0,0.8905343160280357,0.641740772176092,0.6076374266831028,0.02935182484607598,0.0,0.0,0.0,0.0,0.7,0.4,0.0,1,404.467432917605,1468.6822761763294
25,1,0.8708527559901726,0.6706802079441784,0.6350333511728763,0.07648278714111528,0.07237691876883769,0.06445904730626258,8.481896479638e-05,8.63701561811e-05,0.7,0.4,0.0,3,372.4896303316604,1367.4908052157464
25,2,0.6426690363677685,0.6909657112259057,0.6430288510568255,0.21586012888220457,0.6330795587892393,0.1369441178966167,0.2467198181649363,1.0,0.7,0.4,0.0,4,241.12001529580667,2484.572593151576
25,3,0.3539428358780086,0.4895970767057641,0.43616621781898485,0.16693271646978397,0.4483492157067092,0.13660820722458417,0.15366177999628344,0.7879023280473609,0.7,0.4,0.0,6,131.6955568270041,1207.7260322109162
25,4,0.24334948920061694,0.37569440616295907,0.3195119766427258,0.08223842271703498,0.16930849762565425,0.09494060912979581,0.01408436796993196,0.025963297101212878,0.7,0.4,0.0,7,78.72234889228022,401.8061488946568
25,5,0.23001806117861348,0.36953711876783657,0.32274630740544247,0.08842038099809242,0.10466938055390389,0.09511871389150728,0.01722350909907181,0.031750028458451776,0.7,0.4,0.0,9,103.06540105221094,338.19436814874825
25,6,0.3072357735487796,0.4399339636969376,0.39084224376338683,0.18775088157092867,0.24924902870062196,0.15064877014994432,0.15646510945573627,0.7923340540603917,0.7,0.4,0.0,10,81.93367370841096,1317.10242436281
25,7,0.2987926233369011,0.4271014970903486,0.37678932422245603,0.1912228044234443,0.18953049844461092,0.15329570664542655,0.15180424482339164,0.7774368757179332,0.7,0.4,0.0,12,75.3222019564319,1239.5181092870118
25,8,0.2981051865692591,0.4250011443914449,0.37432296619128347,0.1949565708998899,0.1826718908994906,0.15482579978027028,0.1534905433457324,0.7885276640935253,0.7,0.4,0.0,13,74.80487390582951,1289.1056271097525
25,9,0.2864765164564953,0.4175368735359325,0.37636117215621967,0.2075176215149973,0.22731997374387847,0.15049395483124145,0.15833331376068818,0.7937419710747513,0.7,0.4,0.0,14,81.73474941608599,1310.674003234678
25,10,0.28615135273286363,0.41699259999922866,0.3757674083231021,0.2118428387639037,0.17040032025926052,0.15058159614266775,0.15811884679289412,0.792752179125291,0.7,0.4,0.0,15,81.52762256290478,1307.3708475107533
25,11,0.2785522347082953,0.4034306634607861,0.36091560024130764,0.21146892297112832,0.2141401079947783,0.15314634141933398,0.15360306994670844,0.7787512092559692,0.7,0.4,0.0,16,75.23192347432114,1224.9847521605172
25,12,0.27624751871716363,0.3992768321308754,0.35638093240694296,0.2136045841523912,0.18192085889752854,0.15245515850136387,0.15442770190727315,0.7885224524875127,0.7,0.4,0.0,17,72.00566860217147,1187.686529896401
25,13,0.27369058394654244,0.39464364447441297,0.35132969134153086,0.2156126692622607,0.1829933954477143,0.1551879102529084,0.14904246406232163,0.7639331877495499,0.7,0.4,0.0,18,70.42450987490389,1146.7247997242623
25,14,0.27143049996954693,0.3903509519571354,0.34663648937522823,0.21779431500477667,0.18228840390351086,0.1544514699554591,0.15011813249824793,0.7736081143873693,0.7,0.4,0.0,19,66.25257605649338,1110.7716285478866
25,15,0.2713852270737457,0.4013596151793969,0.3688022226001045,0.22537881050586386,0.1683118983197878,0.15445146995545914,0.15011813249824793,0.7736081143873702,0.7,0.4,0.0,21,66.36658380756283,1116.9041319720477
25,16,0.27238916570196803,0.390850651481164,0.3470468631510854,0.2373357903148813,0.17245420444206508,0.15728314753292635,0.1487575558360955,0.7666276783070571,0.7,0.4,0.0,22,67.54133189437763,1124.2943861991514
25,17,0.268501594920906,0.38547104201258076,0.3413793481253915,0.22961508722811122,0.17741397011159288,0.1556923208573869,0.14565464852576515,0.7548155855853308,0.7,0.4,0.0,23,64.96654754239387,1132.8388016218998
25,18,0.2721983774516338,0.3883087067823638,0.34405331753166907,0.2447654206696285,0.17757256411550926,0.15848152094656467,0.15216609088752786,0.7778028237632595,0.7,0.4,0.0,24,64.68251879857533,1195.470543823659
25,19,0.2691006490299955,0.3849051188738049,0.34059184834876277,0.23667482327063122,0.17105069443366866,0.1567339600649929,0.14823718427530358,0.7793009630807393,0.7,0.4,0.0,25,64.34412830156542,1163.7280207546526
25,20,0.2686564642791015,0.383877254757246,0.3394539033003672,0.2419237055848302,0.17301138866192256,0.156542523246211,0.14889253687166043,0.7685605762819893,0.7,0.4,0.0,26,64.22528837897597,1147.4261503753958
25,21,0.26737350831769346,0.3821084295032536,0.3375937052539864,0.2520739695967084,0.17154876519856524,0.15608975939873818,0.1476613356265435,0.7544907490848691,0.7,0.4,0.0,27,64.0383092979092,1139.1655522091976
25,22,0.26582437988970603,0.37949921610185133,0.3347865265669116,0.24334369528283845,0.17478720916319124,0.15427031434995103,0.14952280422899883,0.7851938617899925,0.7,0.4,0.0,28,62.723765448459446,1225.021673731443
25,23,0.26786229223358854,0.3811516124683437,0.3363674873269973,0.25950523331144915,0.17271390138841142,0.1573239204272628,0.15018486412860857,0.7789161899071355,0.7,0.4,0.0,29,63.62660901635432,1170.1325634645889
25,24,0.32249424507347524,0.44320821078919737,0.4089184202141637,0.3170064925784082,0.2519243447881871,0.15861320813789753,0.2929519369529247,0.8720568285859258,0.7,0.4,0.0,30,64.41374009641063,1339.7944631980265
25,25,0.31714537503268253,0.4295589069780195,0.39382175072242137,0.32276768729205096,0.255277973775684,0.16090805877441905,0.29282376706792473,0.8736772497729465,0.7,0.4,0.0,32,66.4289452397231,1379.1949915703829
25,26,0.3151426307327371,0.4226850827535724,0.3861347816887985,0.3292888879809706,0.24576683050995127,0.1632739686563731,0.292854458479109,0.8755488115229791,0.7,0.4,0.0,34,70.36488529117202,1422.254312593658
25,27,0.3154988804807517,0.42226734636009566,0.3855901346140269,0.3360361317920181,0.2368202668950896,0.1637905292632431,0.2942401964642545,0.8808512051363966,0.7,0.4,0.0,35,69.57946225077562,1454.5919899274174
25,28,0.31374169139956587,0.41943529097692267,0.38258252629764916,0.3345898449108825,0.23755130534274593,0.16540077372830306,0.2889520735312259,0.860010776006819,0.7,0.4,0.0,36,67.07874850268573,1340.3827134558626
25,29,0.3136075565419341,0.43020892751950746,0.40449078977020836,0.34358499731274167,0.23190379043347037,0.16540077372830306,0.28895207353122593,0.8600107760068179,0.7,0.4,0.0,38,66.00462892651561,1350.3510453102626
25,30,0.31164444768349164,0.42688881802627066,0.4009505395867338,0.35110017860434023,0.23810775908338538,0.1641802990083091,0.2885629709594719,0.8658787926895031,0.7,0.4,0.0,39,68.15331314696138,1419.412693835168
25,31,0.31162884358110365,0.43794777153950026,0.4231712669409107,0.3604043379889279,0.23041522063564854,0.16418029900830905,0.2885629709594717,0.865878792689502,0.7,0.4,0.0,41,68.45619980221726,1416.3854739565777
25,32,0.3116285307584567,0.4490441464476931,0.44543295124884347,0.37282229616607065,0.23035270903228416,0.16418029900830905,0.2885629709594719,0.865878792689502,0.7,0.4,0.0,43,68.53732947003532,1415.5971958037208
25,33,0.31669372278574615,0.4315727053379341,0.40557574127312024,0.37461006314616196,0.2376039143052045,0.1695019204839265,0.29250792904747025,0.8717120665935573,0.7,0.4,0.0,44,68.54549438965465,1417.95841565578
25,34,0.4786440657980349,0.5699450476014971,0.5213951131218898,0.5335992282259119,0.4024720200911538,0.4132542745834086,0.27319160785988517,1.0,0.7,0.4,0.0,46,72.49179639844894,2035.7516504871576
25,35,0.47861199842267715,0.5809628545130255,0.5435707513667398,0.5492185697186992,0.3986876025141861,0.4132542745834086,0.2731916078598852,1.0,0.7,0.4,0.0,48,72.48263403616609,2032.585360287382
25,36,0.3324558748500014,0.4658558792542493,0.46160334017281723,0.4140266917240272,0.25599625491258915,0.1630684546514483,0.3493823148421093,0.9928867243430568,0.7,0.4,0.0,54,55.77254832969224,1774.83108596257
25,37,0.2796349697806032,0.377088139083712,0.33892262689280833,0.3691328644318526,0.21015629024464322,0.16372035350720654,0.2205000242731368,0.8133582412114626,0.7,0.4,0.0,56,65.78118849370071,1637.8357269665423
25,38,0.2810130694066339,0.3775221496641598,0.33920968991877914,0.358335028113361,0.20737308589115694,0.1661118512000236,0.22125890528764153,0.815287080575952,0.7,0.4,0.0,58,72.35704433605908,1668.6345056209273
25,39,0.3247210767115575,0.452852039829593,0.4477773675112038,0.42102689252474335,0.25864531604051927,0.16234256169381966,0.33973441187582243,1.0,0.7,0.4,0.0,59,56.36555149883657,1768.487021663096
25,40,0.2945842063545202,0.4109533051577631,0.3946108892284429,0.4079838199955945,0.22341530976436405,0.1612153247335995,0.267389252464022,0.7126009125321568,0.7,0.4,0.0,60,71.45347528688669,1648.4833270198324
25,41,0.28604009984195095,0.3879867060017914,0.3599717018761619,0.3769935324318444,0.23119901729902675,0.16332475086224466,0.24735250977761974,0.6118917528094101,0.7,0.4,0.0,61,70.91299442287507,1600.1733851230035
25,42,0.2940542638587407,0.40670553723973085,0.38979692612063965,0.4071574353024637,0.22354623779667226,0.1636695279763407,0.2673470182592752,0.669876374941776,0.7,0.4,0.0,62,76.77871187378693,1688.8434319596538
25,43,0.2894901508493096,0.3990765486555402,0.3817078978443079,0.39293154337110014,0.2349370938802567,0.16240566393662423,0.26256867826911556,0.6578950328548369,0.7,0.4,0.0,63,70.68163098835569,1625.1092343448609
25,44,0.28911314654201253,0.3935733914375497,0.3754478021759155,0.40453137091521946,0.24785374254240683,0.1848933718569052,0.22933381422664895,1.0,0.7,0.4,0.0,64,82.11146990034946,1635.3773939077366
25,45,0.28257204670764996,0.3838692155522094,0.3652706754598058,0.40233830560314837,0.23402528134380562,0.17855467569624253,0.228589445607518,1.0,0.7,0.4,0.0,65,86.22982423015343,1670.8276555412183
25,46,0.2816641709252971,0.39216271104492084,0.3844625935468708,0.4264993154077018,0.22092927423142017,0.17855467569624248,0.228589445607518,1.0,0.7,0.4,0.0,67,86.19377326429563,1679.824132786183
25,47,0.2869693295605461,0.40130037646355593,0.4037434548952283,0.4356908345827341,0.2429678713963797,0.17506271799904258,0.2566443473822523,1.0,0.7,0.4,0.0,69,77.38285754658253,1711.516860372901
25,48,0.2822820324133445,0.38285283952446775,0.37375943644334064,0.4349136602486533,0.2348484564179857,0.18355517239698688,0.23315833897898236,1.0,0.7,0.4,0.0,70,77.47147953493358,1624.5646639906663
25,49,0.335500911358419,0.4451890163683404,0.4566447719168068,0.5060938054589742,0.30155152736952584,0.17021168455812616,0.4036489871588419,1.0,0.7,0.4,0.0,73,78.74081034293114,1960.1339851334808
25,50,0.32721398341974106,0.39886214424598765,0.39566163481752104,0.4959463582090749,0.34362663435759816,0.17516013649350448,0.39859664085254554,1.0,0.7,0.4,0.0,75,75.14470919337853,2046.638907186766
25,51,0.3079872741005354,0.37910572516811436,0.3758386553491613,0.4775696310178079,0.2641657176042361,0.1769689479884541,0.3477886919545329,1.0,0.7,0.4,0.0,77,74.77471341776415,1858.745093954784
25,52,0.32672703056679997,0.3926240312866679,0.38870346572720205,0.5056979310033298,0.30648970189679947,0.1774725114978141,0.3978666878377258,1.0,0.7,0.4,0.0,78,71.3995268803737,1985.8044217175868
25,53,0.3203857270144428,0.39623058622839546,0.4033329518451356,0.5171090707707868,0.2823255215749949,0.17775066554514501,0.38238904145607566,1.0,0.7,0.4,0.0,79,71.92275876793644,1917.8349744020952
25,54,0.325348484219796,0.40980540549216316,0.4277653913963675,0.5339100152264623,0.28851438149955155,0.17804161465787757,0.3961577850847756,1.0,0.7,0.4,0.0,81,71.17399742822411,1895.7475449823407
25,55,0.32579771937929164,0.38525734242694015,0.380540835986409,0.5363847854931338,0.288440981302978,0.1871293858762469,0.3834507502637864,1.0,0.7,0.4,0.0,84,78.98856366531456,2168.254995186262
25,56,0.32534764169879127,0.3936396699380438,0.39981063323364885,0.5601250296866493,0.289469844525714,0.1871815280181762,0.38387155504045833,1.0,0.7,0.4,0.0,86,79.09125213833997,2132.4195452413624
25,57,0.3362479375332472,0.4026706637795028,0.40861287280909286,0.5713252122178745,0.304074342797924,0.19840873780251916,0.39280726008979233,1.0,0.7,0.4,0.0,87,80.73593673564302,2536.770971592541
25,58,0.3121562485812529,0.39954011450590854,0.427662578032336,0.5696245180221171,0.27292803715127834,0.1841980332803068,0.3583154061240404,1.0,0.7,0.4,0.0,95,76.09407311144645,2026.6675535283168
25,59,0.361686925178339,0.4468692172021796,0.4747237553777017,0.6226658507992312,0.33185673947505656,0.18579818001326864,0.4808730436712766,1.0,0.7,0.4,0.0,96,69.10236903749363,2044.128603600368
25,60,0.34588955831955515,0.4307911070008865,0.4586115828286753,0.6101361596119872,0.30789027832584726,0.18583236432162936,0.44151326520246836,1.0,0.7,0.4,0.0,97,77.24391599067073,2280.695621441697
25,61,0.3751222537494624,0.48113373924049463,0.5311532425715797,0.6162742194035525,0.3373852627356352,0.1731920979135199,0.5374625084272056,1.0,0.7,0.4,0.0,101,65.93623808758937,2053.284478816681
25,62,0.40677034648207655,0.5085829092114398,0.558095260083264,0.6585133700257874,0.37494892186757156,0.20432015836447381,0.5649266134009352,1.0,0.7,0.4,0.0,104,64.00223842387742,2008.85321048097
25,63,0.4067699351120666,0.5085809619442812,0.5580933155394657,0.6585131737313216,0.3690012205493232,0.2043201583644739,0.5649266134009353,1.0,0.7,0.4,0.0,105,64.00264315965163,2008.968672462939
25,64,0.4076123120399492,0.5192673594965289,0.5797942164197885,0.6641754589942183,0.3754824071893411,0.2063107824346348,0.564374205112568,1.0,0.7,0.4,0.0,106,63.49145904570249,1977.168182595224
25,65,0.363254851840989,0.4961145532474162,0.5788531842583896,0.7212575493446928,0.32644908480889917,0.1820391060859102,0.49660222265091286,1.0,0.7,0.4,0.0,117,66.02347470983533,1955.2911548889128
25,66,0.3724828660245383,0.48179842390626626,0.5420446519144252,0.6440821884502711,0.34135415367255123,0.17994806189314833,0.5242059749828397,1.0,0.7,0.4,0.0,118,68.95740673736397,1911.7540043608544
25,67,0.36799219074296496,0.4752929169556509,0.5352983344270481,0.6521614518821891,0.3401653617578415,0.18442377393562398,0.5064355782245993,1.0,0.7,0.4,0.0,119,66.05173932473984,2104.5053611585977
25,68,0.36799219074296496,0.4752929169556509,0.5352983344270481,0.6521614518821891,0.3316709489399762,0.18442377393562398,0.5064355782245993,1.0,0.7,0.4,0.0,121,66.05173932473984,2104.5053611585977
25,69,0.3547142337952581,0.46070717342981005,0.5205566767657367,0.6438676264747947,0.32422443547644647,0.18363247883941042,0.4754520199648108,1.0,0.7,0.4,0.0,122,67.94273801220668,2100.925821071244
25,70,0.3550422077443175,0.5045078636414886,0.6089096591538969,0.7504137101293133,0.32056820663765595,0.180403968111704,0.482495811465175,1.0,0.7,0.4,0.0,125,68.17586018078688,1941.7338480172723
25,71,0.36980954382096426,0.5191315107848585,0.623516099645796,0.7053184944876245,0.33413072927901355,0.17501700368935025,0.5289325284229062,1.0,0.7,0.4,0.0,138,80.46563054867694,1958.2282483870656
25,72,0.36962238165028327,0.5181903892387981,0.6224853710367353,0.7052236624184556,0.3356609432933512,0.17501700374313084,0.5289325311740911,1.0,0.7,0.4,0.0,140,79.70767190515137,1975.037553722342
25,73,0.366637957932973,0.5122288892700112,0.6161707331807328,0.6991441068651323,0.34428302066303895,0.1747317840180049,0.5237992357007386,1.0,0.7,0.4,0.0,141,78.60462641391962,1995.9282450704584
25,74,0.4136841062312428,0.5577541033619338,0.6615162879509664,0.7671760776483071,0.38241821660468,0.17883029292210625,0.6351620032082256,1.0,0.7,0.4,0.0,143,87.86071456242064,2017.680218839532
25,75,0.3720005009427645,0.5544049791330536,0.7021164323330114,0.9676378946452466,0.3403821085261679,0.18480506025360216,0.524059343917541,1.0,0.7,0.4,0.0,161,95.42474167557071,2497.1723116706867
25,76,0.363594818159369,0.5886704801578178,0.7808422901122101,1.0148866027492711,0.3327461126896534,0.1911011582739354,0.4930100151425528,1.0,0.7,0.4,0.0,165,95.71026051029506,2281.7056222836363
25,77,0.37648049275526835,0.5632908696141179,0.7213873207058397,1.0050870395379292,0.3517860890243387,0.18594459646787295,0.5370313914064246,1.0,0.7,0.4,0.0,168,100.71162553336832,2484.903917172853
25,78,0.37492388906932794,0.6267462243263978,0.851652206857322,1.1136445358144333,0.34416229919595215,0.18727461452082922,0.5316710257214401,1.0,0.7,0.4,0.0,184,103.86336913175371,2307.9845853988213
25,79,0.3797804518734226,0.6426374064524646,0.8787015753719353,1.1324529115423771,0.3487606368632991,0.18406126553125957,0.5494702047484771,1.0,0.7,0.4,0.0,186,100.56371249835176,2308.009921993909
25,80,0.37053766640509794,0.621272163448383,0.8460521700563145,1.1209441332583459,0.3437959038597332,0.18845988358124074,0.5192211602025854,1.0,0.7,0.4,0.0,187,100.19094154067209,2325.2834803089627
25,81,0.374869008364506,0.6579147079400192,0.9160774134085955,1.1515352603428464,0.3481493117493968,0.18601304788723,0.5348585827559851,1.0,0.7,0.4,0.0,188,97.2836453603708,2313.411676579665
25,82,0.5511150013356241,0.7419160889694472,0.9103562030632059,1.034995621561929,0.5234864985124562,0.1730485817340842,1.0,1.0,0.7,0.4,0.0,194,84.37077561867503,2222.0862951316158
26,0,0.8916880774477245,0.6420188080608392,0.6079419908555396,0.029379119712885707,0.0,0.0,0.0,0.0,0.7,0.4,0.0,1,400.9600217403364,1447.204988874205
26,1,0.8555865839255843,0.6540560769367069,0.6184545515063742,0.05943010175080052,0.05494354350621226,0.040031114780981494,8.173052802201999e-05,3.183728291284e-05,0.7,0.4,0.0,3,375.2859559958926,1260.7298273307913
26,2,0.3313783383050814,0.45565498215098676,0.40983108933458867,0.0702138571852819,0.7975815120520785,0.054324571549996356,0.01301964534101083,0.00649351513672292,0.7,0.4,0.0,4,142.27789165816148,376.55727132590056
26,3,0.24306485590445276,0.3773527304342868,0.3224518074262767,0.07801164744019812,0.22036153517991128,0.05720293630445378,0.05061513316807966,0.030021042536641063,0.7,0.4,0.0,6,143.00277679936875,109.5437222867322
26,4,0.23283801554267697,0.3775687907701186,0.3333550657003131,0.08620859676873759,0.07131133509619163,0.06297444489315616,0.025873233242696508,0.019952879163342978,0.7,0.4,0.0,7,117.73744313887865,189.83023753382724
26,5,0.2303596978474191,0.3626937486289815,0.30652851278681714,0.0812624221889306,0.0866257943540007,0.05734853520837789,0.04691886545622964,0.028111981041261752,0.7,0.4,0.0,8,131.8232943668051,102.28734146788014
26,6,0.22644699247098665,0.3578347447581551,0.3011656222974387,0.0850844016347138,0.0772157616650801,0.05868935637075615,0.04566040895892579,0.02902222019183632,0.7,0.4,0.0,9,118.22362880404428,108.8888506050106
26,7,0.23097452832517473,0.37208361555682645,0.3259328193432814,0.09674432375364019,0.09220560142756418,0.061509165112545214,0.06559561938984561,0.04356688393760172,0.7,0.4,0.0,10,136.21207909899573,170.20127560157744
26,8,0.2073815001678444,0.33953133990986034,0.2902811610339739,0.10777686885213901,0.1784485170922145,0.06304289692758187,0.06293005338153998,0.04120241632763576,0.7,0.4,0.0,11,112.76035055430889,147.63276543789354
26,9,0.20396268686989139,0.33287153833011013,0.2827194385531329,0.11689640553629885,0.08801425646449852,0.06759022339360601,0.06200996314541768,0.04053548763253684,0.7,0.4,0.0,13,93.39532922267594,167.58688514722732
26,10,0.21076371139670258,0.3487447064114869,0.30922857382036467,0.11925289331193327,0.10111913313723274,0.056555665964590794,0.10715998262703821,0.05544150835856591,0.7,0.4,0.0,14,127.76135047044956,419.04162605489137
26,11,0.19007939103309374,0.3210896600105323,0.27990263774397517,0.1223101166242119,0.13128520404528793,0.06279798054655611,0.07098125148445851,0.0461968650816747,0.7,0.4,0.0,15,112.97964417611244,179.32168079042037
26,12,0.2097006607192667,0.3276111054532308,0.2748128251097064,0.14913633898266068,0.1103878945288027,0.07718726096367887,0.10156033682396134,0.08350660080195324,0.7,0.4,0.0,16,91.11989682504364,875.0440370222377
26,13,0.1896388414847584,0.32870096702482704,0.2980059250187323,0.1405816032509956,0.083963635660668,0.06695393337538602,0.07267939001398227,0.04748628879642259,0.7,0.4,0.0,17,102.88223372777216,218.53042278099196
26,14,0.21040725287011008,0.3375548945341557,0.29551869590688545,0.159742944333537,0.10393026487044682,0.07849581097112962,0.10697442334504999,0.08777193256845482,0.7,0.4,0.0,18,90.49178961185744,987.0176075131992
26,15,0.18930101948134553,0.32552932222810477,0.29423222213492845,0.1486449387817939,0.09413195172691692,0.07131426899977343,0.07293192332712586,0.047729511612514944,0.7,0.4,0.0,19,93.39258677397387,243.76057174531763
26,16,0.1875970379667473,0.3120661420307132,0.269465738590912,0.1450018043015677,0.08060887998017083,0.07177030812604544,0.06983918186729046,0.04537069897652008,0.7,0.4,0.0,21,88.3227752318547,220.0413119147294
26,17,0.202545958969231,0.3619367588033755,0.3621321649996337,0.19838265168370417,0.16910368384446342,0.05901124370806634,0.154869769290957,0.058811352002279806,0.7,0.4,0.0,22,137.05100808410344,443.52028464648487
26,18,0.3823337019391576,0.5258356235433248,0.5139671704433346,0.3793535244215127,0.30384765466593483,0.0604554463157424,0.6134275819408483,0.16782250299504775,0.7,0.4,0.0,24,134.53370420100964,280.42854159838726
26,19,0.1853698570138157,0.32265920576204354,0.31901387037504814,0.2071310201619202,0.15622285467720134,0.06096650362317328,0.15412262065707746,0.061470313213108765,0.7,0.4,0.0,26,119.12540446078974,469.64248828154246
26,20,0.3664767536164367,0.5000788025885949,0.4958553188549468,0.3930671735211094,0.29773957728922185,0.06017399076921539,0.6142412675905107,0.16854009124388683,0.7,0.4,0.0,28,128.92411463128582,281.6527725954029
26,21,0.37298806150720404,0.5035595080739074,0.4988600678101746,0.41631943233886953,0.3130989936097488,0.05992282842402665,0.6358831739288593,0.17754313746827405,0.7,0.4,0.0,29,133.27633371304194,302.8779697796857
26,22,0.3655242934368678,0.4890477198241632,0.48326820492564493,0.40900043435333433,0.3312041875606724,0.057090738623603976,0.6329260398112434,0.1801860231966957,0.7,0.4,0.0,30,144.29011820094306,298.6423963334958
26,23,0.36397275690159536,0.49585942967289015,0.5008371581449041,0.4175643128281665,0.3002572706579432,0.057090738623603976,0.6329260398112434,0.1801860231966957,0.7,0.4,0.0,32,146.43521591268612,311.71134693709683
26,24,0.3631369381858527,0.494850583024277,0.4998024974190682,0.4323641036446287,0.29330595935757076,0.05713557573671842,0.6310031918767787,0.17946308685085294,0.7,0.4,0.0,33,143.69252355280307,307.8769911563709
26,25,0.3597343055585636,0.490678549739757,0.49551588693881243,0.41994227908785187,0.29347023550646867,0.05433089274063359,0.6284902549877731,0.18242588351993247,0.7,0.4,0.0,34,158.73728408610168,311.360215714921
26,26,0.35977371665374297,0.4889040154408623,0.4934727567721201,0.4331650845768199,0.2999483371248693,0.05430201490873959,0.6311594890261264,0.1851958819507436,0.7,0.4,0.0,35,160.95281722367326,338.8469821823527
26,27,0.4970187034160456,0.657504759959113,0.6951583843812237,0.5878469645191794,0.43583175368169313,0.043006321591179245,1.0,1.0,0.7,0.4,0.0,39,135.31304971677358,288.6003963385333
26,28,0.48675687597049266,0.6339930329659687,0.6795173855711627,0.5937856641318023,0.48399965155795005,0.043006321591179245,1.0,1.0,0.7,0.4,0.0,41,136.71498568205914,308.22513505024267
26,29,0.4830383542431737,0.610853297157375,0.6440936873196326,0.5957091578075999,0.46968465964552725,0.042589019333526414,1.0,1.0,0.7,0.4,0.0,42,132.3920147387118,268.9084901135756
26,30,0.48086738225406933,0.6139545146995402,0.6575994227406684,0.6145672035341181,0.44302174708426895,0.04258645503763369,1.0,1.0,0.7,0.4,0.0,44,132.9986550988982,274.9207559349829
26,31,0.4807837550334532,0.6136445605661482,0.657259856779859,0.620846080727341,0.43084865193103394,0.04258645503763368,1.0,1.0,0.7,0.4,0.0,45,134.0619686336357,281.366770199952
26,32,0.48139071642439724,0.6114588707096542,0.6547109959128237,0.6293045772825374,0.44425644951536963,0.044914453828968644,1.0,1.0,0.7,0.4,0.0,46,119.725041563375,311.82127413583174
26,33,0.48063801583082716,0.6093586925459953,0.6524364228454587,0.635615491643415,0.4342571140641399,0.044533092215507566,1.0,1.0,0.7,0.4,0.0,48,125.51247598860388,330.7940595012165
26,34,0.48067187737961625,0.6090080677608755,0.6520361432097145,0.6391114997748438,0.4330892127662032,0.04477675721993135,1.0,1.0,0.7,0.4,0.0,49,123.6009414636316,326.7554864034121
26,35,0.48021550630120347,0.6188389203762531,0.672928025393832,0.6557279571970158,0.43483542523751684,0.04453309221550758,1.0,1.0,0.7,0.4,0.0,50,126.18778539331704,337.1361839801129
26,36,0.48021555200768185,0.6172478444293863,0.6711322762989662,0.6423883438533133,0.4353420677148397,0.045331970757050276,1.0,1.0,0.7,0.4,0.0,52,121.5591713909937,323.7744612612681
26,37,0.4695962831365119,0.6086242258422953,0.6725114104750312,0.6362502883905374,0.4657533075180227,0.034605767202920926,1.0,1.0,0.7,0.4,0.0,53,231.21026596389729,354.9639500449036
26,38,0.47815604124285377,0.6021518996655033,0.6543806984307419,0.6461011870913387,0.44267703898518806,0.048611650101081746,1.0,1.0,0.7,0.4,0.0,55,155.05624986400855,182.94405159511493
26,39,0.477719646109815,0.5954771685831872,0.6469291203822065,0.6537341029926604,0.44930387954729634,0.05073585422983893,1.0,1.0,0.7,0.4,0.0,57,139.3844602456679,215.55947767241676
26,40,0.4687292052110704,0.6141225592040347,0.6983798160243757,0.6723370812048199,0.43603773234895793,0.04017569536595964,1.0,1.0,0.7,0.4,0.0,60,210.6519618773935,414.7643856684842
26,41,0.4736097376048681,0.5955714120898957,0.6573461651967101,0.6747939726945433,0.4360733181343838,0.04765931122304974,1.0,1.0,0.7,0.4,0.0,62,151.54750883739456,182.31885362456495
26,42,0.4771809381605658,0.6387018880885643,0.744547523972787,0.7140870078664967,0.44890593816895435,0.05472285744117304,1.0,1.0,0.7,0.4,0.0,64,161.8318002949712,261.6563862171732
26,43,0.4735066143095551,0.6201807148927663,0.7242505517238765,0.7195693948925509,0.46956049029863084,0.05491426435509846,1.0,1.0,0.7,0.4,0.0,66,151.01290681534906,260.709661707727
26,44,0.4693252711466426,0.610277603433659,0.713672345396104,0.7519483048465787,0.43958885439292933,0.05089807321983423,1.0,1.0,0.7,0.4,0.0,72,151.5557877827843,227.9684593832613
26,45,0.4683576416401456,0.6031625315501462,0.7058374836730104,0.7588367850511145,0.4487700141513037,0.05153726814923276,1.0,1.0,0.7,0.4,0.0,74,166.09907081966702,279.41113033236536
26,46,0.46827960122263496,0.6028903799366458,0.7055427053092319,0.7551908892581183,0.43684037785154184,0.05148822382241871,1.0,1.0,0.7,0.4,0.0,75,165.2225869543622,276.7092531586985
26,47,0.46288320643182823,0.591635275290383,0.7034959037829951,0.7550949783595263,0.5032705157718425,0.04892535120465523,1.0,1.0,0.7,0.4,0.0,76,166.04194337102754,234.7987265767036
26,48,0.4635281161886382,0.5718070495021701,0.6714362634411835,0.7565243721293337,0.4555159463253831,0.05245104146030157,1.0,1.0,0.7,0.4,0.0,78,158.12291981927163,295.3786595356353
26,49,0.46377251860268565,0.5916947262056993,0.7133662935584881,0.7899497262869255,0.44251989741992215,0.05348149675591355,1.0,1.0,0.7,0.4,0.0,80,154.71409309878746,292.3279836759152
26,50,0.4611101703318387,0.5969887474811504,0.7294708073308733,0.8023512856717518,0.44171181148203015,0.050515958273759355,1.0,1.0,0.7,0.4,0.0,82,176.208215042022,273.7634041654925
26,51,0.46263006667673284,0.6164673822073607,0.7807342552536966,0.8497361481760795,0.4696142318174931,0.05646424661939923,1.0,1.0,0.7,0.4,0.0,84,163.43765351357803,319.58777957512706
26,52,0.4624503184352784,0.604252886176218,0.7572505858140327,0.8496003878503636,0.44071615321662594,0.05642680057703645,1.0,1.0,0.7,0.4,0.0,87,165.93348978521692,324.05601039364427
26,53,0.4619484930041872,0.6100609808307513,0.7736947323182108,0.8606291733481753,0.449102681645011,0.05681369890458456,1.0,1.0,0.7,0.4,0.0,89,174.0444317777324,362.8799499480997
26,54,0.4572901056710278,0.5971948183202976,0.7599260992504103,0.8641711008661568,0.4469943897287069,0.051977012206259374,1.0,1.0,0.7,0.4,0.0,92,181.7881970550588,269.2011027207637
26,55,0.4566444829441347,0.5826028366348157,0.7338568324134555,0.8674652358921595,0.439833769981956,0.05166495390200328,1.0,1.0,0.7,0.4,0.0,95,181.80075856455352,263.14619307054915
26,56,0.4593082499281635,0.7070047552313701,0.9810411836525575,1.1906010860134888,0.43890029598588154,0.055540007245851966,1.0,1.0,0.7,0.4,0.0,152,154.37260617567682,542.3709419390357
26,57,0.4537574060412153,0.7670715117191131,1.1079945034356733,1.3456727578747976,0.43360283022402607,0.047814193256217906,1.0,1.0,0.7,0.4,0.0,180,148.68849926586267,290.32731528903133
26,58,0.4535500349599801,0.7772769655038423,1.129290565846379,1.3534887733470973,0.43468175687544947,0.04766179262587108,1.0,1.0,0.7,0.4,0.0,182,149.2744227989421,284.2510560895722
26,59,0.4518241361912879,0.7849575598750658,1.147951949429792,1.3500224542238946,0.4383806720972729,0.04554843499255407,1.0,1.0,0.7,0.4,0.0,183,147.63517025089587,275.8332997031928
26,60,0.45105455787318777,0.7936438626999806,1.1676248063708874,1.371567839870624,0.43345444735706146,0.04478810751831014,1.0,1.0,0.7,0.4,0.0,186,157.3647525764254,265.13243377808084
27,0,0.8963702001414188,0.6431424658752012,0.6091726440120023,0.029488017555735938,0.0,0.0,0.0,0.0,0.7,0.4,0.0,1,395.8872667067308,1374.7489345479923
27,1,0.8724905130631719,0.6676175843286649,0.6321268711140544,0.07193902981670294,0.06727265045285166,0.05774443093541644,7.730129223565e-05,4.580501938296e-05,0.7,0.4,0.0,3,370.52987891821374,1240.9865258399752
27,2,0.8603106687949303,0.6581341180001603,0.6225544989596139,0.0657258606796631,0.0350515467873428,0.04532734751815532,0.00043440540373119,0.00011791060648317,0.7,0.4,0.0,4,368.8805860674801,1190.3774567609007
27,3,0.2707907293461376,0.4067254404782882,0.3539581951191361,0.07485472485548544,1.0672467577621894,0.07627441012719723,0.0346366766828781,0.02052402490225154,0.7,0.4,0.0,5,146.58598523651546,172.06073821654897
27,4,0.27067372191966393,0.4177024394432734,0.3760892303906085,0.08294129414563156,0.0674482807012853,0.07627441012719723,0.0346366766828782,0.02052402490225154,0.7,0.4,0.0,7,144.17821143546308,169.14212630892794
27,5,0.26841900350542836,0.4042923139364204,0.35129575850497197,0.08689472021507551,0.06979752180541085,0.08415422810976789,0.02078716084437198,0.01535984816207964,0.7,0.4,0.0,10,120.23205842344872,237.7143694392008
27,6,0.25499470442657707,0.4006153129226051,0.3570725019192332,0.09202602074616613,0.13075682075663436,0.08594430535700356,0.025669515025904983,0.018242128783179,0.7,0.4,0.0,11,98.69826224347268,170.5411765796214
27,7,0.2436165759202437,0.3649457968236121,0.2976594972569183,0.09247558996214908,0.12168298223770975,0.08689749266017886,0.027421047032154623,0.01559462468563311,0.7,0.4,0.0,12,83.0513616080659,258.8168250572615
27,8,0.24347387230304807,0.3742673989774796,0.3172942288005054,0.10089097221863379,0.10924623268492994,0.09115772414478232,0.0379061962533794,0.02460947335549922,0.7,0.4,0.0,13,86.9080843047094,174.82512158571237
27,9,0.23769462939110836,0.3671977016624889,0.3096783813689591,0.11885983078629742,0.09666917425770516,0.09191197943102995,0.03325489879566964,0.027557501959561893,0.7,0.4,0.0,14,67.17677659991074,242.2890418020311
27,10,0.2461670083028153,0.3621574822399236,0.2925112504949902,0.1439708117382218,0.12792116967152764,0.08663615984923934,0.08288783669679553,0.07055938064291822,0.7,0.4,0.0,15,120.58352872463992,307.92596852176604
27,11,0.23877875201725984,0.35129668156188837,0.2804698712545772,0.15183851993382053,0.11621941769601896,0.08909961880092403,0.0824299315112562,0.0706810284570131,0.7,0.4,0.0,17,110.53053844396992,339.4736223371645
27,12,0.23123234421729613,0.3398423188762623,0.26787826619693333,0.15372837699730996,0.135588766511562,0.08923148629108012,0.0834279851197301,0.07182355365927293,0.7,0.4,0.0,18,97.13202132406678,341.50312295334714
27,13,0.22745412194653267,0.3330815154090624,0.26031167922635723,0.1597763606397544,0.11174840535742148,0.09178483469944484,0.08322060088168069,0.07216487715978073,0.7,0.4,0.0,20,89.68228990595046,379.5527259019195
27,14,0.21586044114526814,0.3425002245751673,0.2917566303672631,0.14387683061964002,0.0986959452842762,0.09115707722075553,0.06037464329753456,0.06647026894414458,0.7,0.4,0.0,21,98.34766228048598,425.9923705761845
27,15,0.2141388220654486,0.3488301572864818,0.30849856040052304,0.14902318185954844,0.11770077321229303,0.09067182740836584,0.06908772611998219,0.08866679962869548,0.7,0.4,0.0,22,96.37166241290808,524.2588902908618
27,16,0.2015366011625904,0.33151807259388943,0.2900769517499301,0.1442562393565979,0.12516954221503854,0.090794870823213,0.0547309248477922,0.0473221929015549,0.7,0.4,0.0,23,56.69503197262422,685.8583820254325
27,17,0.20700096843597798,0.33521414580417513,0.2934070626481699,0.16276523911134622,0.1052984576494087,0.09359708298847716,0.06867869328829046,0.08858007492360305,0.7,0.4,0.0,24,90.03599029100795,560.3579298354748
27,18,0.1961039991973421,0.33065757484854336,0.2990070275565099,0.1559329209341225,0.12371887373802298,0.08966462643955873,0.06291985064561471,0.05280054951395104,0.7,0.4,0.0,25,55.88778691408254,370.03355252278953
27,19,0.2071604044911166,0.3410178970005762,0.30923207809613523,0.1763122570457783,0.10428395336045597,0.09520407088953423,0.08267996748392767,0.0351167044096944,0.7,0.4,0.0,26,47.94202192535851,336.93475289629305
27,20,0.19328655360623934,0.33635223065849007,0.315352741192538,0.16330675974965883,0.10127805330617293,0.08966462643955873,0.06291985064561471,0.05280054951395104,0.7,0.4,0.0,27,58.8773911410726,387.6755191046088
27,21,0.20329195714368667,0.3338924833702743,0.30145735772758653,0.18409091487480092,0.10894705658479795,0.10082793427948292,0.07207722963969496,0.09253719221672192,0.7,0.4,0.0,28,82.17895498673916,645.2241823669275
27,22,0.2006158425343558,0.32780633598554515,0.2947133610458686,0.2075746611323095,0.10487579200806968,0.09944709210459768,0.07655609782794745,0.15626373104512958,0.7,0.4,0.0,33,81.08188691706242,612.1594368597764
27,23,0.19898194356393561,0.32371921601033826,0.29016559982865564,0.21077339794370073,0.10911116880311467,0.098375858868543,0.08031098825489814,0.16047066762793952,0.7,0.4,0.0,35,82.64550001131241,586.7264641198944
27,24,0.19907181477490868,0.32366920537153443,0.2900895846116147,0.21971903943870708,0.10212597228076789,0.09839941981399195,0.08082669682784702,0.1608779187855691,0.7,0.4,0.0,36,82.53575309084366,585.3464585166665
27,25,0.19287191542628068,0.32662785457642896,0.3038560674693201,0.22081283435026627,0.10315149307424715,0.09342782381496571,0.07857273646232885,0.10016660171823943,0.7,0.4,0.0,38,57.91987788597953,925.814315508573
27,26,0.19303088677313957,0.3265399726140535,0.3037233949488459,0.22326620626151672,0.09773445150600898,0.09383445126926389,0.07881741354764607,0.09451037913857936,0.7,0.4,0.0,41,56.99011460980491,609.7187633159766
27,27,0.3907059207154769,0.5882603027982531,0.631975501572434,0.5103625439332812,0.2981421357846624,0.07891078263713559,0.6048608219186038,0.3003944173406102,0.7,0.4,0.0,58,96.58411492266887,184.1100118882143
27,28,0.4322761447012182,0.5991213887797533,0.6190326421892267,0.5637645879910211,0.397583427478226,0.08080326047814598,0.7228791601865859,0.39838919712450843,0.7,0.4,0.0,59,96.8174019806186,191.3482469952756
27,29,0.38341583608543167,0.54993259145645,0.5697892437823439,0.5183659235959936,0.2989964866310872,0.08257045895705996,0.5982491974534565,0.32152753048067995,0.7,0.4,0.0,60,97.92263668418371,192.09712120517807
27,30,0.4613777344932025,0.6201112878466313,0.6386896578574445,0.6258710343607086,0.4032447760228491,0.088049565690513,0.7976800807372205,0.264659773769415,0.7,0.4,0.0,62,97.19960352646945,286.7508157618128
27,31,0.4613777344932025,0.63120834006514,0.6609520713693015,0.6387758991937615,0.3807067735469761,0.088049565690513,0.7976800807372205,0.26465977376941496,0.7,0.4,0.0,64,97.19960352646945,286.7508157618128
27,32,0.4714947643807313,0.6382101151387676,0.6674571729760334,0.6504870294631603,0.4104241662818032,0.08580981154597951,0.832141888439644,0.26076724655885963,0.7,0.4,0.0,65,90.42135386646724,644.1131270838532
27,33,0.34086604566527834,0.5012899110250602,0.5390609619880449,0.5648311137598327,0.28300495450399454,0.08861076473900033,0.5265680487312132,0.5257724662403381,0.7,0.4,0.0,74,109.23460753053068,1222.0977507190428
27,34,0.3587335335369574,0.5298326896044081,0.5787073470457952,0.6043156376937173,0.2914818085799753,0.09028569083107651,0.5688717089033781,0.5686432101846437,0.7,0.4,0.0,77,101.96436229673164,1229.164416464114
27,35,0.3433876064215936,0.5141253440076188,0.5629472917288181,0.5957668457886295,0.2774574141540478,0.0927352293129684,0.5267034454402497,0.5256090101348703,0.7,0.4,0.0,78,107.9115979704018,1253.683171729252
27,36,0.518505773717044,0.677695582849019,0.7152864398574688,0.7865060255552867,0.4511873154756665,0.07279181563038394,1.0,1.0,0.7,0.4,0.0,88,113.36968139057076,1942.1145720262475
27,37,0.5168470471114316,0.6839841508411859,0.7322839667468435,0.8261603300589919,0.45496446009016134,0.07277197396943522,1.0,1.0,0.7,0.4,0.0,92,112.74668574311734,1927.016291341756
27,38,0.5122061843515238,0.645015546122268,0.6596702535023661,0.8105885333816253,0.44788039996622026,0.06689839309424198,1.0,1.0,0.7,0.4,0.0,97,113.22897797044,1498.9577759838196
27,39,0.5125219099263014,0.6562949603094852,0.6820958858978372,0.8303732815411575,0.4478878643482696,0.06744616233537344,1.0,1.0,0.7,0.4,0.0,98,114.4119649590444,1459.3814152694224
27,40,0.5121355055367753,0.6554287662270537,0.6811608440360873,0.8430293410179546,0.44949398964840026,0.06724091475999826,1.0,1.0,0.7,0.4,0.0,99,114.66199978161607,1509.3662795688924
27,41,0.512689624781397,0.6663988500949237,0.7031987343020513,0.8737880071457664,0.4496847135928481,0.06852215883984422,1.0,1.0,0.7,0.4,0.0,101,107.39074824795838,1239.0442893663742
27,42,0.5156065816120111,0.6562039179825461,0.6815517302389107,0.8574388111118266,0.4620156524111319,0.0741166602864834,1.0,1.0,0.7,0.4,0.0,102,109.53900141079896,1519.1369015327823
27,43,0.5153189288424695,0.6779951064230296,0.7256570723613309,0.8932349299684779,0.4517435572001095,0.07378598625394275,1.0,1.0,0.7,0.4,0.0,108,108.73344165784712,1885.662144069676
27,44,0.5176362114939683,0.6800117881444468,0.7276311880964794,0.8927990676404572,0.4556173149250614,0.07730653459728593,1.0,1.0,0.7,0.4,0.0,109,101.92498187189868,1500.466267607287
27,45,0.5173243090550178,0.6796575875959614,0.7272708853355488,0.8958784136326949,0.45403545183748645,0.07689051932715622,1.0,1.0,0.7,0.4,0.0,110,101.96173523150338,1526.897785865502
27,46,0.5174111136035159,0.6797313109206505,0.7273428128840294,0.8959699144403306,0.4539818097425401,0.07702365646469363,1.0,1.0,0.7,0.4,0.0,111,102.1985331457227,1526.558970057322
27,47,0.5163795045713545,0.6723709727714854,0.7094984231832282,0.8833109338386372,0.4518447681278985,0.07213975537213685,1.0,1.0,0.7,0.4,0.0,112,114.18062442963762,1944.0465586467017
27,48,0.5110371999307574,0.6826459410885273,0.7411671196160851,0.9407408844323953,0.4506720227957527,0.06917108220237884,1.0,1.0,0.7,0.4,0.0,118,110.29891895937736,1943.8739562906812
27,49,0.5106573604349214,0.6816464536175333,0.7400806586527617,0.9374363623783906,0.45142748711980635,0.0690493633336819,1.0,1.0,0.7,0.4,0.0,119,106.12484172837858,1641.4395403886235
27,50,0.5104790576278428,0.6921893813337061,0.7617361314315185,0.9509079886912073,0.44946322106885034,0.06904936333368189,1.0,1.0,0.7,0.4,0.0,121,109.12652897626596,1623.3255825374245
27,51,0.5109117234975541,0.6812786815495374,0.7396255102436202,0.9479554081896348,0.4490255734613481,0.06983420728190225,1.0,1.0,0.7,0.4,0.0,124,107.86930880148977,1634.7577373386566
27,52,0.511316940796864,0.6805532911693786,0.7387419231125272,0.9824469532172655,0.4498329276602813,0.07117372219213644,1.0,1.0,0.7,0.4,0.0,134,113.43187429558424,1904.4471519163933
27,53,0.5117357186403823,0.6800304444718529,0.7380873854316183,1.0000601757650873,0.4516114023309613,0.07240127885814666,1.0,1.0,0.7,0.4,0.0,139,106.77858123111544,2893.006166864098
27,54,0.5105129363241278,0.6786191187347613,0.7366499840992535,0.9974149520159877,0.45000242533629464,0.07077781826878024,1.0,1.0,0.7,0.4,0.0,141,106.07802468995628,1408.189549360878
27,55,0.5115161334810536,0.690717263263634,0.7599131259928643,1.010026361690386,0.4505506755192257,0.07221133669230898,1.0,1.0,0.7,0.4,0.0,142,111.69512547363333,3699.2101121137607
27,56,0.5103436831845516,0.6891173629018921,0.7582537711784106,1.0203420742424472,0.451503883344053,0.07081848393319976,1.0,1.0,0.7,0.4,0.0,143,112.16128119309386,2724.363542977859
27,57,0.5119643467703763,0.6573634872933701,0.6929921855913738,0.936351121416699,0.45137679448902873,0.07318888617275163,1.0,1.0,0.7,0.4,0.0,147,106.04090252616284,1887.284304904256
27,58,0.5110056275435133,0.666329736352726,0.7129612087664703,0.9495292872738097,0.45272257239367775,0.07258610155602932,1.0,1.0,0.7,0.4,0.0,150,105.6988870787051,1829.5335489442352
27,59,0.510354975728833,0.7312545143639237,0.844738719196537,1.103476996105223,0.4511067605251015,0.07230818010297035,1.0,1.0,0.7,0.4,0.0,160,109.56594145546536,1971.2500985812596
27,60,0.5114599331680834,0.7317004139002115,0.8450935941722841,1.11188388602598,0.4528190326358402,0.07430983877913683,1.0,1.0,0.7,0.4,0.0,164,107.90737673478328,1967.00694706445
27,61,0.5117176252546037,0.7649106743284335,0.9117530961048673,1.2322622495090831,0.452497556029682,0.07489432133109841,1.0,1.0,0.7,0.4,0.0,187,106.52824870653448,1976.314984234184
27,62,0.5122304827989668,0.7757054109361659,0.9336008666554941,1.2159417971584525,0.45726018280189484,0.0761455580225689,1.0,1.0,0.7,0.4,0.0,188,107.09225062594518,1933.5957674031376
27,63,0.5130641106806433,0.7763253765647156,0.9341915693618263,1.252056098808063,0.45474748445917546,0.07747147491165737,1.0,1.0,0.7,0.4,0.0,190,107.52739301856516,1912.5710111071428
27,64,0.5129343222733623,0.787084241381204,0.9560871900929353,1.2773734710326456,0.4543180916300527,0.07741747451616778,1.0,1.0,0.7,0.4,0.0,198,107.82043381688472,1960.438204196748
28,0,0.8039968469958055,0.6198143746415016,0.5836238907137218,0.027223921309706207,0.0,0.0,0.0,0.0,0.7,0.4,0.0,1,597.138429967614,1351.2827030377855
28,1,0.7862676803421739,0.6441717377671511,0.6064486954192758,0.069668089372495,0.06748464949118778,0.05775309395052221,7.508225218212999e-05,5.704104367933e-05,0.7,0.4,0.0,3,549.092859822352,1261.7168753294206
28,2,0.48937486303131306,0.5876470942254777,0.5352772708583481,0.15467976093697056,0.6761010203051109,0.08423870643204026,0.19707892268054467,0.22817951740330722,0.7,0.4,0.0,4,312.6886397459672,1761.8721913814516
28,3,0.4234592433618431,0.5815831611870198,0.5345098449350274,0.10137808340074256,0.08466642376962359,0.09272956104184035,0.027960028267834593,0.027982983681892747,0.7,0.4,0.0,5,175.5661112551548,552.8654371841318
28,4,0.4029586914203829,0.5321838089524038,0.4849712804476445,0.15056895969664785,0.31666870129003255,0.08421974893622121,0.1884966191632979,0.2182428592962969,0.7,0.4,0.0,6,284.7757004593662,2098.9397714463844
28,5,0.24442128528663803,0.3761873668913881,0.31971962851451785,0.08542406614899993,0.4013290697509346,0.09269467623547362,0.02674243764129005,0.02676439340339079,0.7,0.4,0.0,7,81.6496033075627,330.4544906630974
28,6,0.23642880945513772,0.36598855875040853,0.3084960610327995,0.09043236308228579,0.09422391381590262,0.09345475184237956,0.02682948034268311,0.026895333472904896,0.7,0.4,0.0,9,81.74397046315872,354.9056322733979
28,7,0.27514127673373584,0.41237769354008513,0.3647409730343425,0.13894883226159144,0.17139295602330934,0.08577528769891798,0.1628904502770129,0.1901984743541219,0.7,0.4,0.0,10,193.50128569853544,1446.4794874711763
28,8,0.27064625070780146,0.38931287481068383,0.32821951333828914,0.15082059379755508,0.218227844753395,0.08709179949952825,0.19084150342320708,0.22146624311322638,0.7,0.4,0.0,11,198.65525311862385,1864.9804137829244
28,9,0.2218433014756681,0.31936897097893735,0.2625717284044295,0.14906922908979875,0.37057966673484705,0.08677872466613604,0.16919579336364893,0.19855790035145932,0.7,0.4,0.0,12,152.05742675631737,1656.4808065084424
28,10,0.21702345574834245,0.31122139186976233,0.25383765299089156,0.1514441682195291,0.13677841396035983,0.08657871361930126,0.16457847819118132,0.19326067670818367,0.7,0.4,0.0,14,150.1839707019234,1563.2513243452538
28,11,0.21314319047181718,0.31431740927585344,0.2673912674013243,0.16152115087072036,0.13834724263813925,0.08728179456876572,0.16192877797682736,0.1943021354056797,0.7,0.4,0.0,16,142.7984789669722,1500.714657594288
28,12,0.2138636002204899,0.31169437987473475,0.2642076035666567,0.16689624246316254,0.13902760804774322,0.08823250539711784,0.16843176347685246,0.2059325797888662,0.7,0.4,0.0,18,152.78441669333722,1662.2775934047274
28,13,0.21444716133883207,0.3101166365744572,0.26227369550641283,0.17939854158808838,0.13757539658908713,0.0875974340364878,0.1749520122532554,0.207254668131143,0.7,0.4,0.0,20,154.32319333295857,1736.4582210782055
28,14,0.21209909210047134,0.30587721937064394,0.2577258988766529,0.1830045619053109,0.14118630414268152,0.0872351120753458,0.17308689409908834,0.20750421240717087,0.7,0.4,0.0,21,148.74015228393523,1644.7793643319692
28,15,0.21116691100989138,0.3154492686552981,0.27836755715898664,0.18238332488929188,0.13314449334186568,0.08722768888451445,0.17180104525892556,0.19536907229848127,0.7,0.4,0.0,22,145.3001643103451,1548.015583578043
28,16,0.25231865033484574,0.32089655198307937,0.2593740003831377,0.23004838712815917,0.25404430312100085,0.0864455540301334,0.29769628387334424,0.19930506164525796,0.7,0.4,0.0,23,159.7472630105528,1428.8283474092414
28,17,0.25826523246723077,0.3266244742458897,0.26506827544708167,0.23886050423135155,0.18688651179516252,0.08462139902688277,0.3160901341537937,0.21749380643103647,0.7,0.4,0.0,24,162.03056856338043,1648.0005702050792
28,18,0.24787239085795026,0.31287292253156246,0.25081303171523384,0.23540958920107505,0.19495690562607526,0.0831101017152037,0.29758516559312503,0.19929051950883606,0.7,0.4,0.0,25,159.52121332410815,1380.7163019418203
28,19,0.392412788420597,0.47344025704226045,0.442385533658092,0.3957752488504068,0.37455936893866404,0.07564877006395261,0.6942424911195191,0.3598389673272982,0.7,0.4,0.0,27,235.22173076500607,1500.4845350245844
28,20,0.46190922211879515,0.5324315763824905,0.5096115257927504,0.4795313646764281,0.46100510344391366,0.0726238183707045,0.8962451785758532,0.632423613231308,0.7,0.4,0.0,29,233.8136498605297,1461.0769136546576
28,21,0.45770577500394616,0.5159580791233499,0.4915440164101766,0.48428626038798334,0.43772757018574765,0.07254508679523305,0.8970644012998523,0.63293397959981,0.7,0.4,0.0,31,202.07902055547237,1455.74102634707
28,22,0.4573148980819725,0.5255222934328003,0.5121276201870157,0.5080139693108963,0.4104609524518395,0.07254508679523304,0.8970644012998527,0.63293397959981,0.7,0.4,0.0,37,199.6917878795129,1441.2500264823143
28,23,0.497872831374464,0.5261547016617558,0.4784205283058351,0.5686402467545161,0.4573824222332128,0.10502054769585752,0.9471922675031218,1.0,0.7,0.4,0.0,43,194.37636637899053,1283.0266031129452
28,24,0.3850919908606123,0.4325716248116779,0.40679276856020147,0.49374977036536755,0.3421907635787207,0.10236246698163479,0.6722570905909498,1.0,0.7,0.4,0.0,51,219.8046787793989,1374.7945554467458
28,25,0.3891726458674998,0.44583700414032,0.4604386943558549,0.5099290262145113,0.3921406165424767,0.07190441038918845,0.7601756035557301,0.5059329312889249,0.7,0.4,0.0,55,177.33214434107637,1724.9653730487964
28,26,0.38907895559324457,0.4786473551352253,0.5266991458230192,0.545774800851501,0.3546717425242747,0.07190441038918846,0.7601756035557299,0.5059329312889249,0.7,0.4,0.0,61,176.2023736213782,1718.1684789130245
28,27,0.38972899004218925,0.45427203022503765,0.47965909122396333,0.5568706931748657,0.361629707580899,0.07184997826931089,0.7635927870462388,0.5097932441438914,0.7,0.4,0.0,63,180.49097444957945,1657.510444476584
28,28,0.3895065977581475,0.4649771108315706,0.5015096307580522,0.5599968679257477,0.3559031243665258,0.07167262252102943,0.7634477227517995,0.5094687361619629,0.7,0.4,0.0,65,179.901502394097,1657.4993230009345
28,29,0.3883909570107631,0.47454131437207614,0.5221898821497528,0.569130194629895,0.35539552831842836,0.0711409893664334,0.7618358119105023,0.5077177150342875,0.7,0.4,0.0,67,177.8207627292672,1685.7569868161331
28,30,0.3884736646829172,0.4731498801947421,0.5206251066376417,0.5725027399525652,0.357005268538368,0.07193512201616495,0.7615211362488724,0.5109734908773038,0.7,0.4,0.0,70,179.6198143153776,1777.4814641728217
28,31,0.3966954657363345,0.5010286384007643,0.570537059125423,0.5949714222230411,0.37425625932691664,0.07239504603934295,0.7827396198293338,0.5406750650872452,0.7,0.4,0.0,71,179.12013670880708,1670.3050020795756
28,32,0.44413870048778037,0.5460932487871455,0.6153234508961792,0.6458582233691786,0.41502264833587316,0.07489940883095639,0.8983230910093161,1.0,0.7,0.4,0.0,74,190.4229065929462,1803.261419373268
28,33,0.4185408087483373,0.5133666839155249,0.5817687331889381,0.6596454120283985,0.3935847183101792,0.08019324846423864,0.8289925869968544,0.3189215655657988,0.7,0.4,0.0,79,203.8604927907896,1428.1791860636256
28,34,0.4188151007601134,0.5109341564578053,0.5790216162055928,0.65666873480185,0.4000355444547461,0.0830058123947011,0.8262516206924175,0.32736345792739086,0.7,0.4,0.0,80,209.7285612224867,1432.342181010411
28,35,0.41538684071164045,0.5062245396323097,0.5741664174295521,0.6639687985903924,0.3902328298283435,0.07667495425800161,0.8293819020373883,0.3181475204990708,0.7,0.4,0.0,81,205.70171002243876,1389.0666245935497
28,36,0.4253184219519187,0.5104603775778705,0.5777486858942045,0.6850498347048121,0.4080474678483659,0.07929940855448403,0.8525425919295824,0.3276398882773724,0.7,0.4,0.0,83,205.4837753970792,1440.6599562146196
28,37,0.4361920557497295,0.5179091009187049,0.58480634023286,0.6997578353117138,0.41497974647124336,0.07966303192952903,0.8807971420643461,0.3366243671442041,0.7,0.4,0.0,85,199.54652070557563,1383.7032056308633
28,38,0.4361066662200799,0.5284856401502752,0.6064986985677562,0.7105249438490009,0.40895471320092935,0.07966303150509867,0.8807971427845047,0.3366243673536628,0.7,0.4,0.0,87,202.41727054073425,1401.3870066215356
28,39,0.4360710722575064,0.5393656990762727,0.6285234523672429,0.7322250704152956,0.4084471105053248,0.07966303150509867,0.8807971427845048,0.3366243673536625,0.7,0.4,0.0,89,201.54962654056487,1396.2125516411331
28,40,0.47188979403151876,0.6191323133914828,0.7529010772543927,0.8869193735706503,0.44407641668925985,0.14621163149709918,0.8540996283283047,1.0,0.7,0.4,0.0,110,218.3819943472932,1762.8930447009873
28,41,0.5005037606392737,0.6551547584695854,0.7996700060691849,0.9195515802986929,0.491292999239028,0.15312916466718457,0.9153113918115835,1.0,0.7,0.4,0.0,111,211.86405659872813,1657.613353953553
28,42,0.5038989903016007,0.657600986092973,0.8020085651102198,0.9267506729841739,0.48020934024327155,0.14930499289671276,0.9309434338269208,1.0,0.7,0.4,0.0,112,211.30958324495728,1761.8815240613465
28,43,0.5027990384932436,0.6561209063940798,0.8004855452464059,0.9294112145766251,0.47741582868913374,0.15027154056915798,0.9266822494023261,1.0,0.7,0.4,0.0,113,208.0033647848805,1778.484267620158
28,44,0.5029939342778927,0.6557036059750178,0.7999988972353689,0.9325341366764277,0.4790590408312194,0.15028649578480952,0.9274324632233004,1.0,0.7,0.4,0.0,114,211.83584621954847,1742.352048189132
28,45,0.4978968253728448,0.6395873648400496,0.7727260927338195,0.9274312866289638,0.4712310722113533,0.15228861914811245,0.9111492195820651,1.0,0.7,0.4,0.0,115,210.56522549058383,1663.0377155220378
28,46,0.47172502354837254,0.6282638839459149,0.7829051617939813,0.8978458664805355,0.4516072825902946,0.06606179373371597,1.0,0.40014595686958554,0.7,0.4,0.0,120,249.5666319627415,1284.5283384054712
28,47,0.4720889841297863,0.6321614932834918,0.7971217821858873,0.9183587158051103,0.4580324406092977,0.06847910462067366,1.0,0.6315464935316766,0.7,0.4,0.0,123,234.89538328616248,1019.9557964103368
28,48,0.42086573966966856,0.5579755777069202,0.7005196010012318,0.8869708791449704,0.39728187568747575,0.07576231561139966,0.859524793123543,0.42122541984225037,0.7,0.4,0.0,128,212.56987903068207,1383.4460982404044
28,49,0.4204387827157774,0.5687014602440548,0.722416933397406,0.903014512696988,0.3964226013403086,0.07547435645127136,0.8589378196555275,0.4267419770496642,0.7,0.4,0.0,129,211.90703416324715,1375.3511272598437
28,50,0.47471033398245077,0.6532382965807968,0.8401125369777371,0.988404467929678,0.4657072084848243,0.07313392961135248,1.0,0.7534622459852771,0.7,0.4,0.0,130,229.96380996485,1227.0691934567026
28,51,0.4728507998027128,0.6477363602429428,0.8342068758671011,0.9777231107074884,0.4557835247635515,0.0713332870241556,1.0,0.6431578847429894,0.7,0.4,0.0,132,232.6013206225777,1174.035176147714
28,52,0.46968212139322457,0.6317903957758622,0.8069097155054945,0.99313466394132,0.4500786651743047,0.06719823940765753,1.0,0.6446079680586125,0.7,0.4,0.0,134,246.01909572723903,1046.3603389153234
28,53,0.47009930716225434,0.6421084596750779,0.8282608112946124,1.0027736859035348,0.45279496848876416,0.06806895059144706,1.0,0.6341228142404265,0.7,0.4,0.0,135,233.19684235307375,1056.4861583001684
28,54,0.4634708432579036,0.6582058506893693,0.8667476501144353,1.0035839051669195,0.4412057746172937,0.07278713197265076,0.9749579781433312,0.8045793452924703,0.7,0.4,0.0,141,218.80083313830323,1287.4762281353624
28,55,0.4552382097711616,0.656241050127228,0.8754154266101402,1.0122320096660626,0.43612630017243836,0.07189679916269362,0.9578544480796867,0.5764634391469109,0.7,0.4,0.0,146,219.97164911140345,1265.4973326363015
28,56,0.4702309234345387,0.6714770543717288,0.8906778895019511,1.0309203912583376,0.44932879432868744,0.06918118527885349,1.0,0.598026403232016,0.7,0.4,0.0,147,264.1630105565916,1134.782271852586
28,57,0.4558658503031703,0.6558711912310482,0.8749354601619672,1.0240011165441125,0.4370945064169267,0.07314186685394067,0.9576358510070694,0.5718148981763351,0.7,0.4,0.0,149,217.9717028192089,1297.54877751938
28,58,0.45557001757020077,0.6647475122507389,0.8947657962848703,1.0370888591041991,0.43837856672451997,0.07314186685394067,0.9576358510070694,0.5718148981763351,0.7,0.4,0.0,151,215.7818684712503,1281.2656270940972
28,59,0.46302117257879516,0.6659595985659085,0.8952943400864637,1.085840180578148,0.4468199380734983,0.0707741583926936,0.9827591266159548,0.5004869529354233,0.7,0.4,0.0,157,219.99867135005545,1178.830589271885
28,60,0.4718760677193808,0.7053361105633135,0.9678645174196459,1.1585611159505416,0.4526080227521973,0.07415248610201997,1.0,0.8092133087150722,0.7,0.4,0.0,166,239.69280408835863,1170.3541045568509
28,61,0.4725714727186115,0.716800217732874,0.9904581229852439,1.1883064833513313,0.4530175830534984,0.07521410253637736,1.0,0.8234807031412987,0.7,0.4,0.0,173,239.39350650060337,1183.4908272593923
28,62,0.46936584003077686,0.6692101365430767,0.8982072616622723,1.152012392122854,0.45028226137864197,0.07351948985300183,0.9949500967733392,0.5938825271451338,0.7,0.4,0.0,174,209.90213284827,1287.1108425007524
28,63,0.46432402212021107,0.6833872701967556,0.934390979369591,1.154541696043588,0.45070806790773554,0.07322445395867985,0.9839354450488583,0.5917127164628189,0.7,0.4,0.0,176,213.368101756454,1293.8736958242762
28,64,0.4518711159256339,0.6584172577161643,0.8981010065471604,1.153721152753127,0.43614679016602265,0.07504236432180574,0.9501287900514477,0.5851987296442323,0.7,0.4,0.0,178,205.8472543395316,1269.2674297543265
28,65,0.45025614397041747,0.6647954091187499,0.9153079174904575,1.1629980525528565,0.44014653677171556,0.07507259059316182,0.9471194465967582,0.597712374974158,0.7,0.4,0.0,179,214.50435537945245,1299.1783677417498
28,66,0.4582932471390394,0.6935837828745579,0.9662705841880727,1.1770567323244776,0.44213780494676236,0.07336631082140219,0.9706960333286521,0.596524098041491,0.7,0.4,0.0,182,210.50190335777228,1269.9924591792594
29,0,0.8485559812564137,0.6313816495469426,0.5962922289588513,0.02834649351486899,0.0,0.0,0.0,0.0,0.7,0.4,0.0,1,492.8588121237332,1449.2850531501651
29,1,0.8357798056973479,0.6636816629594039,0.62706700633681,0.07866423039060069,0.07522201627832097,0.06898952717255706,7.660966636006e-05,6.700059790129e-05,0.7,0.4,0.0,3,452.66796035712713,1338.9296616295967
29,2,0.3540445066516935,0.47872686500077566,0.43279688155375884,0.09429353097853858,0.789782995364119,0.08934682344912814,0.01219796691158323,0.0108035871538552,0.7,0.4,0.0,4,145.75958553128538,378.2911832401326
29,3,0.2739801184189859,0.40921565235703383,0.3552049183144199,0.10142982761584535,0.2253016800048949,0.09051979308737992,0.04859014972668521,0.04364957310524945,0.7,0.4,0.0,6,130.54270551377027,116.52272365618698
29,4,0.25238666102437807,0.3970236646354969,0.35274923216965,0.1086011127923336,0.12492916496464013,0.09276031472470239,0.02397936485738858,0.02146857848843804,0.7,0.4,0.0,7,116.06862004989024,179.5294691495505
29,5,0.25236840751403466,0.39595001375565225,0.35103383045838926,0.10414934363112982,0.10282589289207908,0.09043192690446372,0.0422235136017811,0.03800976220628425,0.7,0.4,0.0,8,111.4076270048372,99.91541298151718
29,6,0.24628124092597695,0.37862734712193263,0.3224362323355348,0.10371606070050854,0.07922225158778243,0.09231228827769697,0.02624614404705524,0.02387899564384557,0.7,0.4,0.0,9,111.9293518025372,170.38637906308034
29,7,0.24084850782780653,0.38174606927602145,0.3355177359169762,0.12608070824687906,0.1219961890340352,0.08513228437630424,0.050449575708680396,0.07314415275969437,0.7,0.4,0.0,10,91.57982029976904,397.6904031021122
29,8,0.24388007065587544,0.37154143161727143,0.3132923505044859,0.11862927952083324,0.11977176015745691,0.08890810422505974,0.06853719396209561,0.0632451667059277,0.7,0.4,0.0,11,85.46366651468301,197.62901359178676
29,9,0.2325420967843452,0.35950376027289166,0.30099507582010643,0.11374112136317331,0.08950318989037365,0.09081737883167759,0.04191891337082036,0.03931201252612264,0.7,0.4,0.0,12,86.69152159094543,124.39590121755197
29,10,0.23400296176337737,0.3698184774428528,0.3217007934070764,0.12710882306843663,0.11500170949355423,0.0904206066238736,0.06099536262893305,0.05614552186141173,0.7,0.4,0.0,13,76.13212180731523,218.07320561182064
29,11,0.23212503381639818,0.37645907917472055,0.33869561020039063,0.15037348288186397,0.10606058329599272,0.08168385162183685,0.08643988727896007,0.05811136549623712,0.7,0.4,0.0,15,33.09011218310927,557.2433592557452
29,12,0.2510583120343135,0.3829995436587763,0.33368905136227955,0.16648531515363005,0.1268742935065822,0.08129666398663066,0.14124179985904767,0.09028882225203763,0.7,0.4,0.0,16,41.43824532435615,1342.1231373208718
29,13,0.22709817924386427,0.35363959175194104,0.30287088880389557,0.15343369194572687,0.15078002910371346,0.08139034844576087,0.10597352087808862,0.06287907753496122,0.7,0.4,0.0,17,38.762690489600686,1543.613653429896
29,14,0.22305350966848153,0.35913638282561083,0.3191433978663081,0.16164029367438515,0.11160777409460658,0.08175980223489422,0.10155582625241913,0.06768991448700709,0.7,0.4,0.0,18,45.75522287892101,1121.0505046390315
29,15,0.2204794881240518,0.3669362076901518,0.33793256814853456,0.16784619495600409,0.09950159444875112,0.08173794457053446,0.09797407500626257,0.0653025730166767,0.7,0.4,0.0,20,42.191601459179545,1021.9084474511752
29,16,0.20880767504225484,0.3518835268162357,0.322082304248161,0.17456937242267626,0.10379589109134166,0.08244357807087509,0.08005248908247885,0.05476656867408044,0.7,0.4,0.0,22,31.993660118061616,675.400732028955
29,17,0.21008384189006782,0.3527730657979561,0.322883500033604,0.18198121862928726,0.0931082274862905,0.08286664692001364,0.08385744715912116,0.058040175802801984,0.7,0.4,0.0,24,37.08729242371997,729.8307998173487
29,18,0.23766070078240337,0.366224185865573,0.3244928700256629,0.21295267890371905,0.14709055924057673,0.07941874109965139,0.16902544605587627,0.11384688009435111,0.7,0.4,0.0,25,26.665123510032792,894.7707495601885
29,19,0.2300846851759869,0.36658412865611745,0.33534233088358556,0.2114708402108494,0.1434215712976815,0.07987097541990254,0.15914314249080178,0.1074993214434112,0.7,0.4,0.0,26,26.263845414738352,782.8140570803001
29,20,0.2282064829292133,0.374784938111812,0.3544980943008117,0.21039459804590122,0.12256835029037305,0.07996232031288872,0.15726784092439047,0.10636118621314383,0.7,0.4,0.0,28,25.87776555400349,741.1795428987435
29,21,0.2272400210848318,0.3610164774703297,0.32921494520236205,0.21395263943101742,0.132198696433332,0.07991731196651922,0.15984182938533853,0.10822395018346191,0.7,0.4,0.0,29,24.02687404680939,774.7140359884684
29,22,0.2218126705473287,0.3547773562709837,0.32280640332907773,0.21190941209034742,0.12156797420917043,0.07845541685108562,0.1512518482966218,0.09642497692148536,0.7,0.4,0.0,30,19.697286401127883,754.9441769841269
29,23,0.22673378584670145,0.35924653423223957,0.3271884323204002,0.22045928074525356,0.12376622361886969,0.07971331901464476,0.16251192664395825,0.11076973670587723,0.7,0.4,0.0,31,23.564897041262867,816.8282997538892
29,24,0.22574590470809744,0.35784337287761914,0.3257042672285144,0.22564785875512955,0.12165011738959676,0.0800492434221993,0.1605437565745451,0.10766404625404795,0.7,0.4,0.0,33,21.02079744110977,802.024651249234
29,25,0.2227915530993948,0.3767764372044633,0.36690689200358845,0.22880214801353946,0.11978604383576325,0.0793015537479439,0.1553027220834094,0.10362372633839764,0.7,0.4,0.0,34,21.224268732884227,724.8116046942515
29,26,0.21321262910068206,0.3492617392671235,0.32691322834338027,0.24574395853497366,0.13817703274074536,0.08681522290606132,0.13560679443291718,0.08492159109091764,0.7,0.4,0.0,36,22.343956481746662,1012.7442353251126
29,27,0.20923823406091668,0.34178879609664,0.3187987207424786,0.250329203898622,0.12559640205749145,0.08633556926055178,0.1346153110501988,0.08490835352988384,0.7,0.4,0.0,38,21.296853719592374,959.7375913869208
29,28,0.20921298813180106,0.34168756023989644,0.31868392712701077,0.25035837171063524,0.1148096056530789,0.08629099649720343,0.13480131480645507,0.08516170279496589,0.7,0.4,0.0,39,21.16905917622069,955.783158906465
29,29,0.21103824685368003,0.36563847462615373,0.36495298754643063,0.27115352119551356,0.11664845194325857,0.08576264355666736,0.14044306627720654,0.08073427197280666,0.7,0.4,0.0,40,24.61939534991161,1091.913564855718
29,30,0.5487057967609164,0.697124633771219,0.6953401256226561,0.615804569348743,0.47227818191547644,0.08463117307923976,1.0,0.10606310914146111,0.7,0.4,0.0,43,129.09235644360382,30059.259019896428
29,31,0.5457909570006021,0.7015136046193597,0.7102558095958841,0.6248633001806407,0.47032822052353535,0.08463117307923977,1.0,0.10606310914146092,0.7,0.4,0.0,45,117.64447629617128,29827.90144405353
29,32,0.5457598624415674,0.7014419790534352,0.7101773594070144,0.6218719677125474,0.4594819035164974,0.0846311730792398,1.0,0.1060631091414617,0.7,0.4,0.0,46,116.6556107397236,29805.22839601658
29,33,0.5459607160115323,0.7118850003029171,0.7316422131935415,0.6480248636101925,0.4651569659523197,0.08585068992859324,1.0,0.1060467131728418,0.7,0.4,0.0,47,123.16778237425714,30055.05822028428
29,34,0.5454925960652063,0.7213397873230255,0.7520665040325363,0.6482444543553607,0.4622417547969298,0.08644605873210132,1.0,0.1207888016878614,0.7,0.4,0.0,51,144.30870459483816,35275.49927829455
29,35,0.5449618638346854,0.7090828704661862,0.728539857287543,0.654413236758662,0.46228520048050425,0.08635442176852076,1.0,0.1208686838237398,0.7,0.4,0.0,53,145.87961596083355,35407.417661034866
29,36,0.5434722896957593,0.7169903280775488,0.7473324951962015,0.6742175756322606,0.47008263412824186,0.08600226183103783,1.0,0.11504598706930784,0.7,0.4,0.0,54,130.34998003202344,30498.13391134712
29,37,0.5441891633647805,0.7287764249718807,0.7702792358987949,0.6851649329706178,0.46101970971096223,0.08705530998570056,1.0,0.10938451946958785,0.7,0.4,0.0,56,121.11271326720689,29072.634329321023
29,38,0.5436461100791685,0.7275046575883919,0.768888230501461,0.6879242027887028,0.4630220327389307,0.08702780815499421,1.0,0.11353913615566183,0.7,0.4,0.0,58,125.5005921273268,30211.19892025125
29,39,0.543642952740421,0.7256455176568763,0.7667276265807594,0.705318450887741,0.46577140187435145,0.08889608498192893,1.0,0.12561344891822102,0.7,0.4,0.0,61,128.9621790544807,30480.53564943171
29,40,0.5431970066350869,0.7138473535627134,0.7437228461939419,0.7017296378251552,0.4634134035179511,0.08851302604463449,1.0,0.1256481568879208,0.7,0.4,0.0,62,126.22282411996812,30400.3687170995
29,41,0.5435609716098395,0.7361040666689964,0.7882617481955974,0.7261853216645191,0.4631036529085152,0.08933178507321173,1.0,0.12443441007514182,0.7,0.4,0.0,65,90.40252430127669,24812.06443203185
29,42,0.5413059206688313,0.7222527234288837,0.7631647193151485,0.7232120349772337,0.4634540973639966,0.08660245407984259,1.0,0.11070015885822533,0.7,0.4,0.0,66,126.30559100722368,30223.989009080036
29,43,0.5376919891548106,0.7283894170819591,0.780251217222383,0.7429321923211112,0.4604600568551491,0.08275135190320021,1.0,0.18909914113135268,0.7,0.4,0.0,69,134.73405632337955,31015.343534545114
29,44,0.5380515138093322,0.7151065493839436,0.7553991507976352,0.7472564595915343,0.4671144524245515,0.0856889924140938,1.0,0.14625946184893227,0.7,0.4,0.0,71,153.32952700385044,31576.743751754697
29,45,0.5371030103311363,0.7352478396661164,0.7976979991859885,0.7688763085132232,0.4606158391723421,0.08535291824028242,1.0,0.15480651261862616,0.7,0.4,0.0,78,65.18949003427552,14402.751906428452
29,46,0.5375055477042652,0.7345990624881991,0.7968850118084985,0.7801849358461632,0.46371980656871403,0.08689077756127503,1.0,0.16451359700827334,0.7,0.4,0.0,80,74.85116380209443,15203.068343942095
29,47,0.5364320413191361,0.7218606987219033,0.7728931040067707,0.7819187666646685,0.4632261648437894,0.08587188172243121,1.0,0.16106203416111595,0.7,0.4,0.0,81,69.42753840009172,14734.953116158697
29,48,0.5364507370552982,0.7323355101164057,0.7944336638317557,0.8005019119962278,0.4622866931172223,0.08647546792033597,1.0,0.1664369651353233,0.7,0.4,0.0,83,74.06591232106737,15312.166687841403
29,49,0.5257621176149785,0.729974001269758,0.8028111538320026,0.7841555744911533,0.4665919945369338,0.0736475994275098,1.0,0.11141323376851556,0.7,0.4,0.0,84,54.61863885799649,1200.526199988782
29,50,0.5230133983776134,0.718398128323291,0.7899104552563709,0.79207888207567,0.477258480572924,0.07699284050713945,1.0,0.10516391449981155,0.7,0.4,0.0,86,55.06448644898168,1265.4911573994416
29,51,0.5201199306876994,0.7133319542471024,0.7845254029650914,0.7969708915368814,0.4578021280749571,0.07454088824931132,1.0,0.10992063305218742,0.7,0.4,0.0,88,62.21098924525895,1330.6049333071096
29,52,0.5059467389345376,0.6892384366086287,0.7783090820826224,0.8052615952665836,0.6097498986464576,0.07525015593196216,1.0,0.12352774960853834,0.7,0.4,0.0,89,80.15132572485534,1304.465892320261
29,53,0.5059467389345376,0.6892384366086287,0.7783090820826224,0.8194592355707755,0.45267514746348625,0.07525015593196216,1.0,0.12352774960853836,0.7,0.4,0.0,93,80.15132572485534,1304.465892320261
29,54,0.5072376900039771,0.6878753532910638,0.7765957648399489,0.8249670332967591,0.467340257934033,0.07855797546454305,1.0,0.1114944369987135,0.7,0.4,0.0,94,72.26106619794648,1307.688459459319
29,55,0.5078941276372988,0.7636478970297005,0.9301895206208807,0.9437824996249368,0.4571527713531832,0.08087712437915355,1.0,0.1190495831298174,0.7,0.4,0.0,116,60.971246320470144,1335.675060406802
29,56,0.5088611293918054,0.7828435566120361,0.9711997052358938,0.9766094541324952,0.46267450661263293,0.08433589338365417,1.0,0.13979992722216278,0.7,0.4,0.0,121,61.61516934251957,1357.3068814294338
29,57,0.5077024330185912,0.7704303421982183,0.9476009506214749,0.9943146151723564,0.4580770147318616,0.08276166080100912,1.0,0.14200331252014142,0.7,0.4,0.0,126,58.42492654260128,1357.8904848477605
29,58,0.5080868684035283,0.7818092884077663,0.9701319919305179,1.0071407023597798,0.4588230027318256,0.08336356830438105,1.0,0.14208185906992463,0.7,0.4,0.0,127,58.05228241867376,1357.552170328587
29,59,0.5081349588788533,0.7812971141049456,0.9695472697353759,1.0073156175892173,0.461159556023239,0.08371945757930008,1.0,0.14181609372493748,0.7,0.4,0.0,128,58.602565713679816,1357.428177569189
29,60,0.5076660652584353,0.7676582184943126,0.9444757218005347,1.001118866740172,0.46829812821728045,0.08410046971823429,1.0,0.1347286048352172,0.7,0.4,0.0,129,60.14576545916856,1311.0064689383937
29,61,0.5059310368839617,0.7863218717825827,0.9852392786184985,1.0591342647851114,0.4585752408136068,0.08251717715439477,1.0,0.14508851583324964,0.7,0.4,0.0,139,65.51094434200017,1372.04060010368
29,62,0.5059572093388797,0.7971552635891097,1.007200885830913,1.0835485225685317,0.4585429158740349,0.08269772810623145,1.0,0.14462493857923928,0.7,0.4,0.0,141,66.85746564093571,1384.548518627142
29,63,0.5064211092326294,0.8296575651533087,1.0730387953354246,1.1229341614349115,0.46067238736076943,0.08397717905586205,1.0,0.14057347455303737,0.7,0.4,0.0,144,72.36674562051718,1429.2398592457678
29,64,0.5011872840031439,0.8138869732178996,1.0461745371811157,1.1358255765987435,0.4548788057182751,0.07622449603307584,1.0,0.1509475309080897,0.7,0.4,0.0,145,55.18093900468254,1164.410486090999
29,65,0.5055412051995871,0.8280111318366439,1.0712944745884192,1.130055398791531,0.46012138060795005,0.08309622527747847,1.0,0.1364185881612528,0.7,0.4,0.0,146,70.41066191021821,1354.035009464995
29,66,0.5023435834296263,0.802249046291432,1.023154632203156,1.122565216268891,0.45719512582867927,0.07870556825794614,1.0,0.26963569745986643,0.7,0.4,0.0,147,68.58174207733575,1515.936063038431
29,67,0.5024563758939627,0.7999611913158593,1.0205616909658066,1.1209707898073282,0.4662067469571063,0.08001533795068615,1.0,0.1597164910573486,0.7,0.4,0.0,148,66.50843436750509,1209.9120237014463
29,68,0.5018351641347429,0.806125714314843,1.0373472775847685,1.1459569389064772,0.4615315302791572,0.0811381976350617,1.0,0.1735762024171223,0.7,0.4,0.0,152,70.86440226487083,1365.3766299303504
29,69,0.4990013041003373,0.8251047665237319,1.078608809580549,1.1665274083949466,0.45504283390088,0.07726406145352246,1.0,0.1636422095214284,0.7,0.4,0.0,154,61.94012552098197,1229.9466192179366
29,70,0.5008920962732458,0.8039335249905578,1.0349980352189418,1.164695971256736,0.4597914058396467,0.080360393845257,1.0,0.179719401190371,0.7,0.4,0.0,155,70.85461247460792,1403.753531210774
29,71,0.5008203542372844,0.814732391342416,1.0569338869066418,1.18970999158915,0.45674212364036015,0.080360393845257,1.0,0.179719401190371,0.7,0.4,0.0,157,71.04078144081365,1408.82603222303
29,72,0.5004371378503477,0.8360383160013167,1.100507156315328,1.2246786108808587,0.4564180314996641,0.08004100951601076,1.0,0.28945794037785755,0.7,0.4,0.0,164,74.6020974029862,1515.0963926678498
29,73,0.4995964938526199,0.8997745882682412,1.2309845956547263,1.290812294091182,0.4563091296798384,0.07973866298776848,1.0,0.22371583827994562,0.7,0.4,0.0,179,70.15640831685812,1217.9028316227498
30,0,0.8940303570154507,0.6425814836059153,0.6085582289386766,0.029433404608604347,0.0,0.0,0.0,0.0,0.7,0.4,0.0,1,411.933422149861,1326.4166866933265
30,1,0.8623211876288103,0.6584362459056216,0.6229129158376306,0.06306735359898563,0.05806944824525827,0.04511813800424499,7.80353708504e-05,1.909395491436e-05,0.7,0.4,0.0,3,373.4870934984164,1240.543241001262
30,2,0.8607881530685727,0.6588576303334246,0.6232698149159763,0.06652718671809817,0.03499744514569707,0.04648103682972175,0.00044012260489844,0.00010078934048186,0.7,0.4,0.0,4,332.80820202582106,1345.4070843431043
30,3,0.3492437867494809,0.47413533316183626,0.42814938097729943,0.07967520228762537,0.8239549474969117,0.05978166035485285,0.05392751279614237,0.013195163766792181,0.7,0.4,0.0,5,143.23038084954186,120.08162488941316
30,4,0.30309600091905653,0.4362539867071249,0.38725429046881743,0.07348995054906923,0.16349610548029353,0.07498289146889338,0.01177205242691355,0.00600557391249879,0.7,0.4,0.0,6,52.83546258817682,406.4008787412069
30,5,0.28621920042572324,0.43212307001924877,0.3931650600077336,0.07217843377001448,0.0934056452702991,0.059525468430712415,0.03026387758688116,0.00740506654713754,0.7,0.4,0.0,7,70.93194814301714,191.3919394072772
30,6,0.274852183256819,0.4220362657950812,0.38183412253001625,0.07732009235179871,0.10156114481792189,0.06943877177081297,0.02037499906118769,0.00611915046236896,0.7,0.4,0.0,8,67.84212941007286,284.369566291356
30,7,0.2601535398246176,0.4072990907734664,0.36590651062695007,0.07609466639788226,0.09582461408449555,0.06998139046623339,0.013845853023163959,0.00484470063727857,0.7,0.4,0.0,9,55.13481176182229,364.0714738848321
30,8,0.24270550575116756,0.38868427099816955,0.34546472658655397,0.07703013724955814,0.11929996552101645,0.061057981747816494,0.03090500831368011,0.00515767571802414,0.7,0.4,0.0,10,50.45430800278007,133.923533968982
30,9,0.23699212648703824,0.3820451252040321,0.3380590441643354,0.07990006323574417,0.07003409913347901,0.059795100782524445,0.03664938802491582,0.0053498968082118,0.7,0.4,0.0,12,46.073102261343,113.27625082444268
30,10,0.23321563803208897,0.3649456790937597,0.3084596477263084,0.1018403568829856,0.08806742143856275,0.06248514105276204,0.05198283180874271,0.01085518794340421,0.7,0.4,0.0,14,51.47795255387199,100.27074310329388
30,11,0.22812407229278706,0.35818494917585303,0.3009092286705814,0.11000978558774825,0.093922477186625,0.06140420265444148,0.05771358436492332,0.01640636072994384,0.7,0.4,0.0,15,44.70651897792671,102.8216265748066
30,12,0.22757679042589332,0.35635742215370775,0.2985438865161886,0.11576260296077577,0.0793743745905871,0.06715855717898223,0.05719910639538126,0.016957748832554707,0.7,0.4,0.0,17,36.013680404137816,120.83541760843508
30,13,0.222172413596826,0.3619410166672642,0.3152492377913063,0.11478602367828021,0.06637592331097705,0.06194451172013191,0.05368723603383478,0.01212911518939979,0.7,0.4,0.0,18,66.7821199802469,106.36123203078972
30,14,0.21932084836060012,0.35760272402654436,0.3103417203647042,0.12387523861308673,0.08655380175215191,0.06075614640702862,0.05987022904354922,0.01796686313286856,0.7,0.4,0.0,19,76.36585555735734,110.91914183306392
30,15,0.2110499658742322,0.36036942894677626,0.32424597257708393,0.11098671435653694,0.059482542184360665,0.045374419257413166,0.06668752866682767,0.00813701132239154,0.7,0.4,0.0,20,75.15161722482998,124.27638026108976
30,16,0.21493395712903696,0.3515033851368634,0.3036370431971742,0.13155178843190568,0.08705946629548551,0.062030782798423875,0.05829070448522652,0.01549064933672151,0.7,0.4,0.0,21,130.36303314723992,108.9540486560919
30,17,0.20913696216665026,0.35640480738839536,0.31956721274915945,0.11862526649754176,0.06681486360144429,0.05037724245215706,0.06677660346997726,0.00821698383738581,0.7,0.4,0.0,22,74.29612130200984,143.5539380129711
30,18,0.24342357530196096,0.3899184632700968,0.3528298556431946,0.18972733024995597,0.1003274447427738,0.07640873638663429,0.11159797475900508,0.025590961893510678,0.7,0.4,0.0,26,71.46354171917815,46929.25731908533
30,19,0.577402067890535,0.7107772692552545,0.6618891579773795,0.5085481454029598,0.45915212224205515,0.05249244542142699,1.0,0.00912833705752525,0.7,0.4,0.0,27,444.0763302618833,227.65986171710543
30,20,0.2258912267635801,0.3711004402660302,0.34176008426116544,0.18661187721292433,0.203102754804048,0.08146098980269614,0.11771288342282556,0.05482711003236862,0.7,0.4,0.0,28,34.419460797222925,358.6296224676258
30,21,0.21495411959295202,0.36759703250138304,0.34861291332872935,0.18502436949602702,0.11185738595929517,0.07385830757805352,0.11576661520584342,0.05612614965948435,0.7,0.4,0.0,30,45.97139428989213,377.46799303982885
30,22,0.20351804362451675,0.3471772918359066,0.32629638284030993,0.1998809592203214,0.13094334748630648,0.0783685330713776,0.10663884940007382,0.05178175107681181,0.7,0.4,0.0,32,33.79092918871957,405.7305675579489
30,23,0.20407435371391708,0.34291588513618165,0.3210936089897996,0.2105199632056276,0.1197402724475513,0.08416634355987032,0.11055972087565143,0.057577416404524684,0.7,0.4,0.0,34,35.10354182412958,464.65785005669824
30,24,0.20671278989999456,0.3440660754828779,0.3219617358504368,0.22031762697620894,0.11222692595371628,0.09033614132224047,0.11004528560237674,0.06010499240228064,0.7,0.4,0.0,36,39.849589453493344,514.2765078133428
30,25,0.2281443417961711,0.3625552903650006,0.33990388293112056,0.2589271834076706,0.14113658136910415,0.09763755728515716,0.15785575003855212,0.150474995841476,0.7,0.4,0.0,38,44.40441101153826,645.8887767378096
30,26,0.22788551270731972,0.37311286491675877,0.3615755197302022,0.2681090768527369,0.1323923323014351,0.09763755728515716,0.15785575003855212,0.150474995841476,0.7,0.4,0.0,40,45.94883844226285,647.8445136236551
30,27,0.20753841389283043,0.3406416618831965,0.3177517661215757,0.23010807170448785,0.11869233539617355,0.08944382642500133,0.12367963813349998,0.06449276833812077,0.7,0.4,0.0,41,58.00605612891023,562.910671227345
30,28,0.20774451546057268,0.3513880041628149,0.3395624591309161,0.24286898439637306,0.11457069935630762,0.09018382907858577,0.12415741193518175,0.06496487715127097,0.7,0.4,0.0,43,59.039622097378334,574.3083709874769
30,29,0.2149518687935345,0.34485762346830495,0.3213914058564128,0.260218528147355,0.1392414999146,0.09635881613565747,0.13725534902891662,0.10187799366064614,0.7,0.4,0.0,44,60.86982016828201,724.7786323076631
30,30,0.22200809997172902,0.3483897403601359,0.3243097757456908,0.26081130902893057,0.15386340061864842,0.10386863687143426,0.1490617472175866,0.1314878615923856,0.7,0.4,0.0,45,62.99595927409772,843.0722768783427
30,31,0.21719692549546,0.3430016912488741,0.3188223220193491,0.2837273153010453,0.12869019722879232,0.07958744981117852,0.18069473306333367,0.061635655248502605,0.7,0.4,0.0,50,30.222498382159795,440.3027339616767
30,32,0.19945609818930568,0.35782522572507264,0.3670168029503669,0.2900610307774184,0.11523469958753302,0.08425925347336415,0.12962820313597337,0.055442627641369056,0.7,0.4,0.0,51,22.522196860954043,435.0798367037908
30,33,0.21623658373517732,0.3328281796054192,0.30710844068094245,0.2971227413648927,0.18392522591277016,0.0857670106732727,0.1849016209870629,0.05947863205983894,0.7,0.4,0.0,52,24.00521134542616,503.1962432448222
30,34,0.21473096386326662,0.3489158584073463,0.34478758141312715,0.3182141377837885,0.14217076003523904,0.08705288219131073,0.1867940321687348,0.06007309457093103,0.7,0.4,0.0,56,24.298881285347125,511.7821193253967
30,35,0.2219610600565547,0.34446969401121,0.329084090254775,0.3827645412007208,0.14343458734786435,0.09425249774483464,0.19323780573963606,0.05470746372935886,0.7,0.4,0.0,76,30.796864253617844,506.04668982010406
30,36,0.22148132492636952,0.3409576828894591,0.3250935477492533,0.389906110960848,0.15329441844218,0.09201952989498362,0.20093423454403897,0.0552588807260499,0.7,0.4,0.0,78,27.30956453381365,510.922171438273
30,37,0.21071533981963592,0.3515236778664986,0.3578585115126039,0.3994482154549146,0.13904737236181372,0.07603873092759506,0.20328675829372495,0.06527994387351871,0.7,0.4,0.0,79,77.22315754058766,494.0353184781215
30,38,0.2193471539181448,0.33426629235512095,0.3176993398322156,0.3959842518705246,0.16577405764901765,0.09060260944130803,0.2051429217529582,0.05570023987549361,0.7,0.4,0.0,80,26.60797955783988,536.3817256587673
30,39,0.21163649254412528,0.3467799754028316,0.3522469634689817,0.40927648956503715,0.14922190529457405,0.0814389212656117,0.2047686611788206,0.06398974050596642,0.7,0.4,0.0,81,85.58920394143354,544.2853469342449
30,40,0.21160908865535621,0.3578028621417309,0.374428192277252,0.4323001502588615,0.139038578241284,0.08143892126561171,0.2047686611788206,0.06398974050596645,0.7,0.4,0.0,83,80.62353321692557,541.1611280538465
30,41,0.21109218238081498,0.3454658483995584,0.35081663214799075,0.42174681602999875,0.14074534258546945,0.08137592733952685,0.2046457126530806,0.06284423052209143,0.7,0.4,0.0,85,79.39223987861746,553.7192066065542
30,42,0.21780924365402482,0.35917457710615874,0.3750770229389779,0.4387099771620108,0.16952850363441768,0.08764103388457592,0.21632968298512295,0.08141479306321354,0.7,0.4,0.0,86,76.37391370193313,543.9900567192079
30,43,0.21297782487723405,0.3579911408627869,0.3839703109986484,0.48119938967446774,0.152521093401166,0.08002376203960157,0.2275477443410136,0.11206750889609671,0.7,0.4,0.0,93,3125.433949640501,491.6450936412493
30,44,0.21171137129283418,0.3534415402077771,0.3789501848357552,0.49095133199364044,0.15158038801906049,0.07852698184229094,0.2311502114465523,0.1106183774887615,0.7,0.4,0.0,97,3127.059650540572,512.4706029217949
30,45,0.20874092912698716,0.3387495470208164,0.3530042297411352,0.4919863013282348,0.1478804901519155,0.07341695448012878,0.23343429609912186,0.11850429197485632,0.7,0.4,0.0,98,3120.5437774443803,529.2772661453092
30,46,0.21130594634851818,0.36330902021124833,0.3998658802331781,0.5254372984263225,0.14842819538767782,0.07852698184229094,0.2311502114465523,0.1106183774887615,0.7,0.4,0.0,99,3157.584298473626,513.7670933041207
30,47,0.21229963904813215,0.3628600993936237,0.3992119011655085,0.526942662819718,0.15641525619343052,0.0784818398669642,0.23549321814786794,0.1205414274670713,0.7,0.4,0.0,100,3147.647472781065,509.3883786130896
30,48,0.2117187237331506,0.3610609092027704,0.3972413490937249,0.5210646743476252,0.1551316195431578,0.0784818398669642,0.23549321814786803,0.12054142746707135,0.7,0.4,0.0,101,3097.8942500659223,504.56420898924415
30,49,0.21149487759689384,0.3603676820942716,0.39648206550741233,0.5368217507782602,0.15145820852949077,0.07848183986696422,0.23549321814786794,0.12054142746707142,0.7,0.4,0.0,102,3113.106536030718,505.84000726187656
30,50,0.21096847446734537,0.35771944009947476,0.39353666800967335,0.5437477451025451,0.1548524231587804,0.07698684110802437,0.23929634399805616,0.1191593021202102,0.7,0.4,0.0,104,3149.8231235397643,529.9037884060878
30,51,0.21031097878817384,0.35705603928387264,0.3928724840165772,0.539714524112117,0.1489832538434346,0.07700067293657474,0.2376352255254126,0.1189106316806681,0.7,0.4,0.0,105,3157.927713563746,533.9111006688462
30,52,0.21090082617923528,0.36860373221494763,0.4155661008676749,0.5630999854812129,0.15029432365085127,0.07698684110802437,0.23929634399805613,0.1191593021202102,0.7,0.4,0.0,106,3156.403162272346,530.2504763694359
30,53,0.20976778636355844,0.36592498601460155,0.4126721806801775,0.5624625674057184,0.152986613198767,0.07755313834601088,0.237260401258854,0.12009153558774596,0.7,0.4,0.0,108,3173.06857388633,587.6574701164665
30,54,0.2605317776958704,0.5123796215985565,0.6590372165991586,0.6579083950605016,0.20862381975417058,0.058771979869012184,0.40174151074334574,0.5216721628447789,0.7,0.4,0.0,111,2868.437722671696,735.3247578287397
30,55,0.23227638983587998,0.47888461416493533,0.6248286505990711,0.642384768907803,0.18423375531334663,0.06133999103432506,0.33224860915199683,0.5464870899524004,0.7,0.4,0.0,114,2869.312229206836,833.4174464597877
30,56,0.2320963342831494,0.4893676845819257,0.6464187380926036,0.6542283213237634,0.1768617719789466,0.06133999103432507,0.332248609151997,0.5464870899524004,0.7,0.4,0.0,116,2873.859432857956,831.2704497858053
30,57,0.24373275182741594,0.5199829174068542,0.6989325163101839,0.7773860153566717,0.18940525935874486,0.0611160455495273,0.3650380708548876,0.4320149523980937,0.7,0.4,0.0,141,2978.9907284787896,816.6076224014037
30,58,0.24175798701642623,0.5389682387295693,0.7400836986265584,0.801150109246709,0.18925807441716197,0.062364531695858115,0.35916075684906346,0.42869144991926483,0.7,0.4,0.0,144,2990.867429651737,803.3306139496757
30,59,0.4249382736506723,0.6911169627736022,0.8687358072629183,0.873802603125013,0.4150561403790649,0.05295555306626444,0.8421036817456835,1.0,0.7,0.4,0.0,145,2717.8474091581493,610.2899558296593
30,60,0.3143473175426814,0.5876357034410219,0.7759021241412436,0.9328748078844289,0.26521567029052595,0.06811413909670418,0.5427271702503448,1.0,0.7,0.4,0.0,186,3078.294001641039,1320.3247001231357
30,61,0.3085702587190997,0.5776975787107734,0.7654285713547795,0.9368154754120082,0.26423270682028926,0.06640086864127431,0.5349454887323108,1.0,0.7,0.4,0.0,191,3078.291353077628,1291.8945576053814
30,62,0.3085692223490038,0.5776935995126664,0.7654240745972455,0.936815074221553,0.2604623620368803,0.0664008686412743,0.5349454887323107,1.0,0.7,0.4,0.0,195,3067.7538676555114,1295.1830327216574
30,63,0.3126904487488199,0.6039598000252204,0.8140146250926151,0.9735686670336441,0.2646464934255266,0.06769637168394267,0.5430239046454981,1.0,0.7,0.4,0.0,200,3077.2026681485745,1303.1641633675108
