Run,Equation_Index,Hybrid_MSE_Train,Hybrid_AIC_Train,Hybrid_BIC_Train,Hybrid_MDL_Train,Hybrid_PSM_Train,Extrapolation_Divergence,Sensitivity_Interpolation,Sensitivity_Extrapolation,Lambda1,Lambda2,Lambda3,Complexity,MSE_Test_Interpolation,MSE_Test_Extrapolation
1,0,0.9470431007647897,0.9824974132322908,0.9796100362719378,0.1444961494775779,0.0,0.0,0.0,0.0,0.2,0.2,0.3,1,0.9748054983296368,0.7560687826388228
1,1,0.60101003225482,0.8503285776296319,0.8154570912749141,0.1251493402711099,0.3400320349151371,0.09850745813983726,0.00039273338167731,0.00030485370682359,0.2,0.2,0.3,3,0.6717528675966482,0.4675689842327974
1,2,0.44922450224807037,0.7530467191312382,0.7090421530012436,0.10171385220109122,0.40753261382185296,0.09844825857114856,0.00022419762357363,0.00019043941333161,0.2,0.2,0.3,4,0.5007801540848752,0.2229957408252089
1,3,0.3556096986067281,0.6782799207786048,0.6219335901271776,0.0837061234955947,0.1741296215299944,0.09895368165169033,9.545820798112e-05,9.189778497018e-05,0.2,0.2,0.3,6,0.4268037922650442,0.1637184201805436
1,4,0.3391998136315267,0.6669645999601898,0.6156578658252935,0.0941894794600057,0.035282610957618844,0.09872899133534424,0.00013718910154322,0.00013243452816885,0.2,0.2,0.3,10,0.3652124064793118,0.1738739938781063
1,5,0.3260352188802268,0.6581309326958786,0.6121704602426082,0.09940406210676174,0.038480776500909024,0.10159254889088412,0.00018594827318705999,0.00018369614840303,0.2,0.2,0.3,13,0.3421534229711983,0.1539041264280387
1,6,0.3166433778070518,0.6525679000110302,0.6125768840393031,0.10392059602110372,0.05913681633915739,0.10199144689139282,0.00022429837890675002,0.00019606848366274,0.2,0.2,0.3,14,0.339729064738947,0.1370541226946602
1,7,0.28607489769764577,0.6165279165894219,0.5633602563611729,0.09986898178942864,0.09328184961403287,0.11217349931482631,0.00011459153887599001,0.00012763635243141,0.2,0.2,0.3,16,0.3463056368834834,0.187860570916531
1,8,0.24945171520013093,0.576814081774599,0.5239513009518976,0.0947267623859467,0.20303522461586512,0.11349513399111773,0.00015801545801266,0.00014294827042203,0.2,0.2,0.3,17,0.2439316237980375,0.1614165023767635
1,9,0.24887275203864032,0.5797792840208287,0.5343000961574587,0.09886169638763805,0.02609320875463728,0.11373248926536532,0.00015742219896266,0.00014268661827934,0.2,0.2,0.3,18,0.2454827736795871,0.1606008805255391
1,10,0.24853918917083337,0.5830757019357283,0.5450474468436043,0.10306458013923772,0.023586797545934346,0.11358486820042558,0.00015697735813781,0.00014282423047566001,0.2,0.2,0.3,20,0.2451680727142188,0.1623408287259015
1,11,0.21559930177535336,0.5386231623831698,0.49334455449574305,0.09850514759212477,0.11294514891624045,0.11107840578358867,0.00014352510637459,0.00014695203862889,0.2,0.2,0.3,22,0.2165699402634683,0.1775917839928137
1,12,0.17700276642883847,0.4817204502218779,0.4340756011230361,0.08742006243181265,0.14516363366836071,0.10748496406722934,0.00013979828728595,0.00014565765741975,0.2,0.2,0.3,24,0.2122133796409424,0.0892364685354947
1,13,0.15324524712158247,0.43737873870348387,0.38232184765990995,0.08592315942233048,0.11518051190151106,0.11032912780545132,0.00017665898265318002,0.00018630576331491,0.2,0.2,0.3,26,0.2308057111472587,0.0935936290891576
1,14,0.13760286203154073,0.40798136866301676,0.3549233958327401,0.08461093395255039,0.09111163921512289,0.11196258708020795,0.00017459928730855,0.00018224254493729,0.2,0.2,0.3,28,0.2153106952039613,0.0703440547174799
1,15,0.12343141954198143,0.3773904075877758,0.31952573929556266,0.07612892283125079,0.1410609075963703,0.10468625092152514,0.00017489227867866001,0.00018634194363492,0.2,0.2,0.3,29,0.2134666420162005,0.1065365198624444
1,16,0.1118846543740955,0.3553752484609997,0.3076133906945687,0.0860106899361974,0.05230425133486053,0.10678920186700812,0.00018018636110909,0.00019145201087099,0.2,0.2,0.3,33,0.1521668647486548,0.106305335344421
1,17,0.07503063035219965,0.24173817141406187,0.17517970830456817,0.061824976677076225,0.2585558095327892,0.10812268216551646,0.00032111517786473,0.00021885796742712,0.2,0.2,0.3,35,0.1679195886975635,0.0467078370317735
1,18,0.06409248755092843,0.20186289447551548,0.13564739719514507,0.060902641619959515,0.10930637055477875,0.10769685581023372,0.00022464896599674002,0.00018468886231213,0.2,0.2,0.3,37,0.1567919644817235,0.0300421998032358
1,19,0.05841532682327541,0.17668251571349775,0.10628885280735716,0.05926049406052012,0.07402201005510912,0.10841656191955609,0.00023710891646974,0.00018538602171085,0.2,0.2,0.3,39,0.1880973155787918,0.0313510552276409
1,20,0.058107690771037425,0.17846494124881335,0.11524261608756961,0.07584873069671576,0.0262248221666183,0.10917185123699547,0.00023842074770532998,0.00018450984026173,0.2,0.2,0.3,41,0.1975699655615364,0.0302144743842657
1,21,0.05706711775300313,0.17285482834365076,0.10866846594358498,0.0830965962695667,0.034222821103594786,0.11032363067398475,0.00024422578946415,0.00019140936287084,0.2,0.2,0.3,43,0.1668860054304794,0.0373780993378884
1,22,0.0557831243013345,0.16761492529203356,0.10259773768248988,0.09135012598864449,0.028891722594565274,0.10933207413785222,0.00023312992491789,0.0001810644940074,0.2,0.2,0.3,46,0.1797179955914066,0.0306230416858707
1,23,0.05270016968766422,0.16288050784916017,0.11099912327044285,0.10188526443022367,0.044953022301292694,0.10591877048483006,0.00023004435064945,0.00018786071098515002,0.2,0.2,0.3,48,0.156896367280125,0.0321302821765548
1,24,0.05231016838238529,0.15601495503883628,0.0960451380782416,0.09568710415549232,0.03602000581805267,0.10753375353823941,0.00023080004251684998,0.00019361585331177,0.2,0.2,0.3,49,0.1454749845666412,0.0391241742836471
1,25,0.0518834480960477,0.15710230915214246,0.104192908782449,0.10956660852478833,0.033034118397978485,0.10817194149253073,0.000231231726345,0.00019601485205722,0.2,0.2,0.3,50,0.1494809224809285,0.0410941556830789
1,26,0.05163072754868945,0.15632387075937382,0.1033058381986314,0.1126720591422635,0.024335953714317172,0.10757690166786688,0.00023061858007333,0.00019350717798674,0.2,0.2,0.3,51,0.1476857367735327,0.0361852494640212
1,27,0.05083562149424051,0.1542766910293856,0.1010001305307239,0.12082992814920017,0.024371273754444943,0.10519379621750946,0.00022604562682371999,0.00018510593841775,0.2,0.2,0.3,53,0.1697386454854174,0.0343744084305789
1,28,0.05071786028337305,0.1602512395757007,0.12172927065584309,0.1481538649658354,0.022432137325989716,0.10625731960846392,0.00024901292838749,0.00017715606462742002,0.2,0.2,0.3,60,0.2257230803558912,0.0312679229422932
1,29,0.05002333015741228,0.15493950712816365,0.1154679498093475,0.15294546963887215,0.033042488250184604,0.10846910991787703,0.00025545101651308,0.00017983251132794,0.2,0.2,0.3,62,0.2304974414335992,0.0304601165787142
1,30,0.049936695438806813,0.15129108829486745,0.11108826433599149,0.17340188042307456,0.03208250237053115,0.11205622525939551,0.00055831046056128,0.00020097335896556998,0.2,0.2,0.3,64,0.2018236565273143,0.038796878977699
1,31,0.04855741160333516,0.1481021001257379,0.11428852476719281,0.19079121836058913,0.03649357142376797,0.1117020514014418,0.0005297888534661901,0.00019105176651049,0.2,0.2,0.3,66,0.1991939021422934,0.0349265795941704
1,32,0.04773240684844205,0.14938839168597523,0.12276375952965583,0.19955313923250634,0.02612574023879349,0.10973879210778262,0.00023370770985014998,0.00019102194000708,0.2,0.2,0.3,68,0.2141234554477196,0.0338805061109202
1,33,0.04783257132317734,0.1530680816504617,0.13393113478167076,0.21039350002699853,0.022350790811551384,0.11024470218721945,0.00038400233870762,0.00018987622933217002,0.2,0.2,0.3,72,0.1844854312424169,0.0364501205315556
1,34,0.0467465375808553,0.14694028636299566,0.12001855604414575,0.2099517395613975,0.03026280372218227,0.1064990960605413,0.00024709277228422,0.00018468068621937,0.2,0.2,0.3,73,0.1321430679366163,0.0329732635880615
1,35,0.046509183573823394,0.14941559068049887,0.12980566104734861,0.2267320854158405,0.022552610886284297,0.10646827918099973,0.00024124245638712,0.0001847105741014,0.2,0.2,0.3,77,0.2207568242954982,0.0314709122212627
1,36,0.044367182255880516,0.14720245400706786,0.14110591261089736,0.2402449051021263,0.0394401977560396,0.10423837077672728,0.00022141429893288,0.00018785450501552,0.2,0.2,0.3,79,0.1482391377573907,0.0329119805462533
1,37,0.04441812692814887,0.14208993909786038,0.12818633219222203,0.24741742898785002,0.024179826132962313,0.10606953825027464,0.00024697281490307,0.00019171352434005,0.2,0.2,0.3,82,0.134999944671933,0.0377688710242809
1,38,0.04464279880518419,0.1480367462297186,0.14881647176838134,0.2723523966663815,0.023349866881326623,0.10842791350419081,0.00074251286254044,0.00035305960886019996,0.2,0.2,0.3,87,0.1235939586967617,0.0355000940788579
1,39,0.04280670094866267,0.14434578003026766,0.15152645966137981,0.3016933371399532,0.031172085290626164,0.10588874732885661,0.00026143343714466,0.00019229461141711,0.2,0.2,0.3,90,0.1481261705703797,0.0362361347746442
1,40,0.042845165757465206,0.14799613957968516,0.16267136774220492,0.3121954843642062,0.021761366737235287,0.10617092813176195,0.00026910211933779996,0.00019793522984187998,0.2,0.2,0.3,92,0.1510350803645004,0.037805502033126
1,41,0.042750916175594664,0.14762423047831988,0.16224385873912445,0.3233539024923688,0.021848794758166267,0.10601190828497253,0.00026214763484295,0.00019210445004324,0.2,0.2,0.3,94,0.2177743530360524,0.0362527840426133
1,42,0.04234270310039353,0.1637576161236282,0.2155466076029777,0.39731224794321923,0.022065630797727366,0.10607403524954714,0.00030140447060671003,0.00018994608606075,0.2,0.2,0.3,107,0.163100293721142,0.0384653074874127
1,43,0.04167646861363773,0.16161753759817,0.2131118745892129,0.41130726895391795,0.022788998271852833,0.10417703114316629,0.00043746644752356006,0.00018380436093959,0.2,0.2,0.3,110,0.1296161067396938,0.0435998867064887
1,44,0.04023835896630903,0.15233147867007876,0.20904144174172468,0.4271471794668293,0.0797978150193178,0.10905500872319895,0.00026027556305157,0.0001760054395757,0.2,0.2,0.3,111,0.1213855317038367,0.0332726272066041
2,0,0.910667562493982,0.9699205576908092,0.9649583727181744,0.13955712942358386,0.0,0.0,0.0,0.0,0.2,0.2,0.3,1,1.1361861070695731,0.7479916365581858
2,1,0.5883905540824802,0.8400270467441553,0.8036891225376065,0.12122828422765687,0.3252791379579979,0.09143070426933643,0.00043479929989128995,0.00028662929512683003,0.2,0.2,0.3,3,0.7189144603134359,0.4675689842327974
2,2,0.4322499934438609,0.7406925245519347,0.6946372213540831,0.09832568056717149,0.43368891471221943,0.09886554563955607,0.00024293991551614,0.00015589925462139,0.2,0.2,0.3,4,0.5728235192000226,0.2227387124912495
2,3,0.41276028785775015,0.7290201448143201,0.6744151791815014,0.09503953164425405,0.07383623287334592,0.08974019235520649,0.00043311584232746004,0.00049183127189925,0.2,0.2,0.3,5,0.4752751814668667,0.3432827394233544
2,4,0.3475805440331534,0.6734220320199701,0.6094627334882898,0.08312742857757635,0.24884539500314823,0.09621645049420906,0.00013723583542083,5.695755124713999e-05,0.2,0.2,0.3,6,0.4247940886708974,0.2771739611140004
2,5,0.295646039406411,0.6234621935262913,0.5649680576114713,0.07675757204633432,0.09110712997213165,0.09887832724463645,0.00035337511133607996,0.00010818313104944001,0.2,0.2,0.3,9,0.2774779709687088,0.1282389049526312
2,6,0.29484460388665207,0.6231581070851328,0.5646141649275295,0.08125940733603039,0.02339904244728894,0.09893915051060216,0.0002762527442735,0.00011227382837713,0.2,0.2,0.3,10,0.3027754163295568,0.1826519587150727
2,7,0.2638806830269521,0.5911326573978737,0.533943518222618,0.07360994013300527,0.1732099160578184,0.10655073892069156,0.000574920841014,0.00017600768897197,0.2,0.2,0.3,11,0.2304973839401959,0.0864054779106154
2,8,0.2577960447205295,0.587446820728584,0.536499234866371,0.07783128215845575,0.03775104891877812,0.10829052139801511,0.00043968994805216997,0.00016929505501956998,0.2,0.2,0.3,13,0.2894706911168686,0.1462154366770644
2,9,0.22792743396720114,0.5525222538393391,0.5027329713640365,0.07718572774215947,0.10111471300586877,0.1077347714790565,0.00044215885884042,0.00018392971990569,0.2,0.2,0.3,15,0.2197149291196275,0.0994056005818244
2,10,0.20527992898012112,0.5232235496709579,0.468329529790587,0.08246412732110477,0.09572103457131362,0.11602725995995154,0.0003740210319836,0.00018377933834183,0.2,0.2,0.3,17,0.2383404396795046,0.1575652681922465
2,11,0.1973328990937742,0.5142784758267881,0.4580689774914658,0.07792870826976174,0.0669149690735873,0.11109202160347138,0.00044692213780228005,0.00018914286766277,0.2,0.2,0.3,18,0.198497592417301,0.1415447102488573
2,12,0.1599818438214391,0.4463149854735967,0.38578634034239856,0.06065283684502771,0.28951688030876865,0.11137861915501325,0.00044747233808555,0.00018980376329847,0.2,0.2,0.3,19,0.1488260261804766,0.0907650267187976
2,13,0.16017500838395818,0.4463891354988577,0.38581859499652255,0.06511440988979762,0.02381378855073932,0.11301363549962573,0.00044964548207966003,0.00019209967409979,0.2,0.2,0.3,20,0.1482540161225412,0.1011847898011993
2,14,0.14275484456196533,0.42459096971031385,0.36023199374526593,0.06428072762520802,0.17886842665079217,0.11879085240448146,0.00049506741282146,0.00019774480392645998,0.2,0.2,0.3,21,0.1996446876623032,0.119277113648474
2,15,0.1392740308668196,0.4028411053161539,0.3349484952780426,0.05931082942986302,0.051675215924171916,0.11754058942757065,0.00020922115218193998,0.00012264571884745,0.2,0.2,0.3,22,0.1695163159780514,0.0637573958036493
2,16,0.10503308887013421,0.3214148818078642,0.24694536294757427,0.04152256588257403,0.3761992852964423,0.1185881545134327,0.00045735918683475,0.00019506530635086998,0.2,0.2,0.3,23,0.1260231702956091,0.0762269830880634
2,17,0.10498935922635666,0.3213016460795259,0.24681437679966345,0.04891531324098261,0.024010006038702163,0.11855682977890361,0.00046054726414470996,0.00019520350286165,0.2,0.2,0.3,26,0.1262455568281993,0.0763975392251763
2,18,0.10505076441787996,0.3167576146520668,0.2345224907667153,0.054976496077386874,0.030512562423172213,0.12137584270121642,0.00056185379356631,0.00018801768357181,0.2,0.2,0.3,27,0.1295642703253429,0.0790131063079089
2,19,0.10371958806697255,0.3145680678211999,0.23211941907222658,0.06737882323828437,0.02609998605440369,0.1168985554490747,0.00057458253033924,0.00018010588696099002,0.2,0.2,0.3,29,0.1272644504355294,0.0786829438890819
2,20,0.09482913105015245,0.290137229685276,0.21041397406536194,0.055295478805344356,0.14417923358481732,0.12129087285988437,0.00055870926650219,0.00022285476826309,0.2,0.2,0.3,30,0.1154972264479348,0.0741616224514793
2,21,0.09482912132181862,0.2901371741651339,0.2104139103222042,0.08334033641653163,0.024436838818906563,0.12129087756540426,0.00055871085050304,0.00022285426815753,0.2,0.2,0.3,33,0.1154971319479982,0.07416155988742
2,22,0.09174037535939006,0.28435903445317445,0.21060213261348654,0.10050517704262307,0.03400813745335046,0.1207409420893762,0.0005606387056688101,0.00023714238717304002,0.2,0.2,0.3,37,0.1327231311654876,0.0581580073841297
2,23,0.09182232586845972,0.28432457378172427,0.21053970083387036,0.09522386142215607,0.024641525305223566,0.1213821308010522,0.00058939553615517,0.00024093227713129,0.2,0.2,0.3,41,0.1330655178825118,0.0602828158463278
2,24,0.09025283986845387,0.2880397391863408,0.22877121807129985,0.16635624381159667,0.024620302473578607,0.11851585191894845,0.00052866945803159,0.00019122217812865002,0.2,0.2,0.3,58,0.145074850994782,0.0801077068653866
2,25,0.09034287349271058,0.29503106731439893,0.25066689441220924,0.18156058471020095,0.024967777766570855,0.12014358375874085,0.00050472658802212,0.0002016597158457,0.2,0.2,0.3,62,0.1592237913330594,0.0907600561412081
2,26,0.09034287349271058,0.29503106731439893,0.25066689441220924,0.19879314480599597,0.02419019163094103,0.12014358375874085,0.00050472658802212,0.0002016597158457,0.2,0.2,0.3,66,0.1592237913330594,0.0907600561412081
2,27,0.08788482672076307,0.3011185070388326,0.2853157498247935,0.21304969303630147,0.036974727948543,0.12177270477886432,0.0004629592511155,0.00018834881629745999,0.2,0.2,0.3,69,0.161713172855679,0.082884142154504
2,28,0.08739412116721193,0.2882956958902376,0.24966684953148002,0.25090766442745377,0.02517086123685466,0.12186116850927482,0.00047162389540224005,0.00020549848606100002,0.2,0.2,0.3,80,0.1637973455503932,0.0856236397124248
2,29,0.08732382929406579,0.2954179370025907,0.2717638373728866,0.25734258020273015,0.025910481116262003,0.12201015109072251,0.00047315949328718997,0.00019880567378205002,0.2,0.2,0.3,81,0.1656296750776107,0.0855330220406261
2,30,0.08729308376255723,0.2915717757071961,0.26037867278558136,0.2608329889000121,0.02518377585297921,0.12206022485043136,0.00048389254287161,0.00020437011804997,0.2,0.2,0.3,82,0.1625507488755025,0.0857955996458602
2,31,0.08700160584098188,0.29786518618176266,0.2815039493991544,0.2727584990431258,0.027099365545742632,0.12238711726290027,0.00048583806597595,0.00020372709266837,0.2,0.2,0.3,84,0.1423558220812654,0.0879906930168039
2,32,0.08638084590913801,0.3030061400311068,0.3012839012254935,0.2986338261355549,0.03446613320323115,0.12280065937361447,0.00048236965643612997,0.00020350659401946,0.2,0.2,0.3,85,0.143975492096618,0.0879427945039789
2,33,0.08416843872375243,0.29301928620411766,0.2828335123107478,0.2937980660007048,0.028941280459995493,0.12021794310765935,0.00047906800254986,0.00018608621505953,0.2,0.2,0.3,90,0.1409301598189798,0.0783896613991571
3,0,0.8823259510512128,0.9597824442282009,0.9531478544150143,0.1381654874419559,0.0,0.0,0.0,0.0,0.2,0.2,0.3,1,1.2456617557445884,0.7539455818988462
3,1,0.8799419435535875,0.9595468957735042,0.9527095741742571,0.1431182019484925,0.0035279030998426526,0.004966756629198212,1.9792757536445508e-07,6.026202725262165e-09,0.2,0.2,0.3,3,1.2454964698509703,0.7477545511809269
3,2,0.4257582644443408,0.7357877626145863,0.6889556185002073,0.09681872251086768,1.0196727207642182,0.09759471176328892,0.00024619586123779,0.00034846413104312,0.2,0.2,0.3,4,0.5993296046569404,0.2305981985923723
3,3,0.41285213352684236,0.7296112600511719,0.6886775409000209,0.10049847024688677,0.03978306975514287,0.09717420391123713,0.00024129028677632,0.00032656473092976,0.2,0.2,0.3,6,0.5766243167506897,0.2250903455693662
3,4,0.40422081018447814,0.7191565758235866,0.6695799957819619,0.09868874539698114,0.047891348058280686,0.09816994089595649,6.39733390232e-05,0.00010290880595891,0.2,0.2,0.3,7,0.6826606604902854,0.2361447704507461
3,5,0.3263423246410842,0.654695328082831,0.6014073339956977,0.08413210730675662,0.3002389081758007,0.09732799399585551,0.00014932409772779,0.00019375602856178,0.2,0.2,0.3,8,0.5408224329696906,0.1802495092078508
3,6,0.2882704321893365,0.6163586918535543,0.5568502133122923,0.07734486797645324,0.09828260976492302,0.0937802778467082,0.00022267030531257,0.00041124645985034003,0.2,0.2,0.3,10,0.507258120467456,0.2475739995673119
3,7,0.289714165534854,0.6168091716141416,0.556744476272192,0.08606400807704112,0.03347415028185582,0.11313522930248766,0.00028928605066441996,0.00020428502182090997,0.2,0.2,0.3,11,0.4277817878431785,0.350892472588759
3,8,0.24202061116996296,0.5646897232158634,0.5035593171327496,0.07392694630971934,0.2334490958178481,0.0937827670790687,0.00023407370404036,0.00040827216225613,0.2,0.2,0.3,12,0.4531068287093236,0.1777391253180362
3,9,0.2424531216365852,0.5652827501974275,0.5037506812667384,0.07156727337295235,0.03575418760460017,0.10779706311463468,0.00054773751796732,0.0009491713540155799,0.2,0.2,0.3,13,0.4486659185151022,0.3176745917631739
3,10,0.19172571753179068,0.4956058430002422,0.4296635691739132,0.06300591877660372,0.31540283069948116,0.1027019503205581,0.00042782489226932,0.00074621365330157,0.2,0.2,0.3,14,0.3727250996210982,0.1832557733300876
3,11,0.1890771957084246,0.4950027829126614,0.4358633276166151,0.06850693031906475,0.029670070407532306,0.10270195009795689,0.00042782489618038,0.00074621364717327,0.2,0.2,0.3,16,0.3767779661907325,0.1589200902923902
3,12,0.18487978275993436,0.4881439150731221,0.42788133575945686,0.07186333786142662,0.030157262596656735,0.10244203486260678,0.00042878224233404004,0.00074765433157625,0.2,0.2,0.3,19,0.3583197435188298,0.1867961818623701
3,13,0.18306415309479246,0.4890671067008351,0.4359173281751935,0.07790026837477625,0.022119502272736565,0.10067632304246667,0.00042893503280062005,0.00074829141001818,0.2,0.2,0.3,25,0.3750375397381783,0.1843537820145439
3,14,0.18108791249886652,0.48159872068720755,0.42020905640895095,0.07458773058059309,0.0392338447108858,0.10387948784112008,0.00042827379128353003,0.0007465597249600401,0.2,0.2,0.3,26,0.3592712262160495,0.151944073560829
3,15,0.18118225242773395,0.49588097174740103,0.4642738270127605,0.11775237155463385,0.023608194440121844,0.11038628425195178,0.00029645420559164996,0.00018367368716336,0.2,0.2,0.3,31,0.3559492002156777,0.2508973421479293
3,16,0.1510561617168157,0.4363447432256955,0.38799401935811856,0.10580807439431036,0.252857811647322,0.10967760095445628,0.00055668164966448,0.0008817865847064101,0.2,0.2,0.3,32,0.3276528883982054,0.18604855530647
3,17,0.1486562984789529,0.4315700046526054,0.382445552318852,0.10728391655492175,0.04157269159093015,0.10925102043972496,0.00053378832313061,0.0008995972329000001,0.2,0.2,0.3,33,0.3269793245056525,0.196635531744118
3,18,0.13502917119759225,0.4060826843565287,0.3596324941578679,0.10749142274271115,0.05262282679475131,0.1103734405871466,0.00050299614899165,0.0006426619297968501,0.2,0.2,0.3,37,0.3084942598560873,0.1633748750215923
3,19,0.1287414338431675,0.40648899620799317,0.38769836802172636,0.15006916741216336,0.028463528164507954,0.11045662073475364,0.00062031547303423,0.0008393451886761899,0.2,0.2,0.3,47,0.2871472404725023,0.1727776345110638
3,20,0.12750704886375544,0.4001901298540004,0.37349455745571836,0.17029695083536286,0.02712927287778472,0.10940552812816325,0.0006182162451552401,0.000806755539754,0.2,0.2,0.3,49,0.2914782477792784,0.1772009404020099
3,21,0.12749351560961494,0.40387875391011036,0.3846950111579974,0.17122019738988592,0.022272063927615587,0.10936569023391922,0.00062089215554067,0.00080865168943219,0.2,0.2,0.3,51,0.2907008587824213,0.1776686269367586
3,22,0.1270121837166999,0.40285931208525133,0.38352004387834143,0.17052737638390955,0.02608058707206075,0.10928814388164024,0.00053686411036852,0.00066108335122183,0.2,0.2,0.3,52,0.2912603737974639,0.1497100477979953
3,23,0.12190293558045126,0.39083213130123645,0.36953202959926434,0.17666345680575413,0.04652885889071832,0.10858264742957788,0.00056658634150831,0.00064116485438274,0.2,0.2,0.3,54,0.2858628354839759,0.1440537951797758
3,24,0.12056746242643092,0.38750569414969754,0.36565052652904617,0.18215582333761055,0.03592586004276299,0.10874802549930723,0.00057665540115302,0.00065153770430857,0.2,0.2,0.3,55,0.2821366053473605,0.14596739997762
3,25,0.12030463210722588,0.3904143358875513,0.3759237740495343,0.18814706482142024,0.02591139977931833,0.10922218625474085,0.00059873803269732,0.0006735026223304199,0.2,0.2,0.3,56,0.2759503986580843,0.15280604382644
3,26,0.11991693851414761,0.38931138141231814,0.37462258500999657,0.19115405999522472,0.027221195085215116,0.10976027030147892,0.00051625110674768,0.0006986501471748,0.2,0.2,0.3,57,0.2885749385939076,0.1503217521576549
3,27,0.11838400426248137,0.38243890684737186,0.35978609147536034,0.19320262640384095,0.0255766709095835,0.10767536963796184,0.00054376273020027,0.00061655582076802,0.2,0.2,0.3,60,0.2818306505470719,0.1387071066063077
3,28,0.11440734232627216,0.37224065120234795,0.34789240343524214,0.20014537743014876,0.04310178379036288,0.10807555876145179,0.00054094081352035,0.0006147650881022,0.2,0.2,0.3,62,0.2757220070008427,0.1345458373052747
3,29,0.11373121243385019,0.3743718204056916,0.35729450701594184,0.2191023750289666,0.02484796343972598,0.10768458280580305,0.00051754171896194,0.00054493085883137,0.2,0.2,0.3,64,0.2765336618995908,0.1311596723833058
3,30,0.11245138945987163,0.37045269820390847,0.3526680755223238,0.22156380736738243,0.02806798186488137,0.1093357512691786,0.00056300976467626,0.00064225503737039,0.2,0.2,0.3,67,0.2635389375587862,0.1399832790315195
3,31,0.11184025137397881,0.37309231465981085,0.36269932585143455,0.24071701621485203,0.023379921187703136,0.1077906135187582,0.00053038891829163,0.0006033935233069699,0.2,0.2,0.3,69,0.2708205799215805,0.1322043375423152
3,32,0.11120954782971497,0.38255090808259423,0.3944232287824535,0.2735618514448439,0.022849189534741823,0.10778862892828805,0.00055022641513995,0.00062589970115167,0.2,0.2,0.3,76,0.269257604347971,0.1369260001111487
3,33,0.10943980265051764,0.3776074315505376,0.3886403952052209,0.2862178092465875,0.028994331410869656,0.10854440039657065,0.00053678093634139,0.00061285098867855,0.2,0.2,0.3,79,0.261168442026607,0.1348051465702353
3,34,0.10869908657691714,0.3793094926841026,0.3975235447044562,0.30608137244295464,0.026179138172649444,0.10859869151797563,0.00054106363016054,0.00061266267278964,0.2,0.2,0.3,81,0.2583239776128,0.1335784041021037
3,35,0.10659693977890729,0.3695567442439297,0.37922843102683174,0.29119219026530624,0.03076842217474968,0.10955036999764659,0.0005468234460056099,0.00060562202156298,0.2,0.2,0.3,84,0.2666839370187615,0.1342502844614126
3,36,0.10533340570928745,0.3701069490851011,0.3868019128679664,0.30400235813128584,0.02815771442967584,0.10868439933391862,0.00052299053067155,0.00058679345207918,0.2,0.2,0.3,86,0.2681517005247168,0.1378122478250779
3,37,0.10338130681560015,0.3607569733417221,0.3689901021647788,0.3164266010139198,0.03396588237260495,0.10880273332684665,0.0006113468474298401,0.00079580987316249,0.2,0.2,0.3,88,0.27858629138247,0.1356575420056744
3,38,0.10117933478637817,0.3544480003408885,0.3616361005656847,0.32172366421248844,0.04827925766889743,0.10920821554939321,0.00061052254893964,0.00061148764330317,0.2,0.2,0.3,89,0.2742587630470396,0.1383422244018434
3,39,0.09976198150323509,0.35409674238383954,0.3681319502532621,0.3382111079761551,0.027691618620543024,0.109140717312588,0.00061208155953986,0.0005984603187556,0.2,0.2,0.3,92,0.277534060531354,0.1364482867485161
3,40,0.09956249160143343,0.35723380546812467,0.3786892796350423,0.3630043776827621,0.022519147947374706,0.10912570742959028,0.00061245631405939,0.0005973111308015401,0.2,0.2,0.3,98,0.2779384176931295,0.1361137456887226
3,41,0.0985467076447509,0.3580394689273872,0.38653558038714847,0.36570366364878054,0.03394180224054237,0.10894424476393648,0.00063742563621846,0.00059051600720831,0.2,0.2,0.3,99,0.2759814551448055,0.134917637607725
3,42,0.09744723151158266,0.35465942699704744,0.3825864436649838,0.3824973218955758,0.025009549939961188,0.10920842688904334,0.00065455968095269,0.00063495573411411,0.2,0.2,0.3,104,0.2787315495998191,0.1336515063219789
3,43,0.09696266590109373,0.36806078319713054,0.42580740660949096,0.47424998391194384,0.022824939179755012,0.10928875031058023,0.00061384918635462,0.0006107070744239701,0.2,0.2,0.3,113,0.2723417499319974,0.13449205551923
3,44,0.09641232350476407,0.36287377027968337,0.41287633387711237,0.44434979613433473,0.027820780634369803,0.10887818191076791,0.00065639522969781,0.0005754162040413999,0.2,0.2,0.3,114,0.2673208669363152,0.1380957644835657
3,45,0.09638103172768231,0.3665497934342279,0.42406588739869777,0.45920686899000956,0.022061124511927852,0.10882380251351785,0.00056132925057143,0.00057670722485807,0.2,0.2,0.3,116,0.2672828691312829,0.1374832027409781
3,46,0.09608131232864747,0.36194102833577113,0.41179462470769745,0.4551875718566334,0.025751859744172767,0.10878130367298848,0.00061552269350306,0.00056840830904474,0.2,0.2,0.3,117,0.2704068905194139,0.1328291850824044
3,47,0.09602775784201333,0.3655089044858429,0.4228547722942064,0.4663797479784167,0.02259513503035294,0.10872315569537001,0.0006190936741078,0.00057553440983539,0.2,0.2,0.3,118,0.2681627202760085,0.1335361419727524
3,48,0.09581011324748503,0.37617754139498405,0.45600549946178115,0.5343014332650231,0.022087434136477024,0.10819400088128626,0.00061084703355842,0.00062217217661849,0.2,0.2,0.3,129,0.2674344876559513,0.1379294286307411
3,49,0.09568805129833052,0.37578547046520927,0.4555467626671979,0.5649181308208937,0.022375942156856832,0.10826693093925793,0.0006009699868742,0.00062069734508353,0.2,0.2,0.3,133,0.2671886565771545,0.1382331109515813
3,50,0.09568694822761664,0.3794851583572282,0.4667583102154966,0.6152822752596311,0.021973461948143223,0.10833985564643177,0.0005726599578087,0.0006033979027437501,0.2,0.2,0.3,139,0.268154834954766,0.1377097622368969
3,51,0.09461368411140379,0.36800468287739374,0.43951386366572587,0.599023313136493,0.028487931205953484,0.11011760525661764,0.00064102588499571,0.0006990407843715199,0.2,0.2,0.3,142,0.2755631954845844,0.1563855805039938
3,52,0.09411399299178035,0.3776112836388421,0.4714119007163937,0.6575080070352664,0.02299115852825557,0.11011788415024641,0.00063948765005629,0.00069973158966033,0.2,0.2,0.3,152,0.2772155191341393,0.1565116478448443
3,53,0.09405183667660039,0.37371024015952176,0.45996512608457824,0.657454927864445,0.023143175739762028,0.11011753371951481,0.00063904588913255,0.0006993758466444,0.2,0.2,0.3,153,0.2774959733297886,0.1564922852486348
3,54,0.09403767929392755,0.3848019817662814,0.4935934593596081,0.7050261021315822,0.02238456354438854,0.110115893704135,0.00063673037561304,0.00069950586345945,0.2,0.2,0.3,160,0.2771885640399812,0.1565468976774086
3,55,0.09243790726060105,0.4001711037936496,0.5527592083876921,0.6967570964380633,0.02973192310518155,0.10959138053365598,0.00174820026377158,0.00338110630513243,0.2,0.2,0.3,165,0.2669126640720513,0.1347146864340251
3,56,0.0912768853846417,0.40750548579854223,0.5819999012326289,0.7596649459675026,0.024407332898630438,0.1095986910927954,0.00204966725334712,0.00338418642195754,0.2,0.2,0.3,180,0.2671727650455527,0.134754603462495
3,57,0.0911193254235489,0.4143555795666152,0.6037790538570881,0.8035675341940723,0.02369050494194955,0.10961994285421638,0.00218605797894888,0.00338881165577837,0.2,0.2,0.3,188,0.2673721157150767,0.1347741999807019
3,58,0.09106132768965222,0.4253501219949086,0.6372974533987398,0.8178288750603098,0.023600237721002695,0.10957169450371548,0.0020897572149628798,0.0034157646546045,0.2,0.2,0.3,190,0.2677528436746637,0.1350218128657408
3,59,0.09057186463967468,0.4165114131968257,0.613207013861741,0.8248826395288673,0.028856549968099242,0.1095492001280206,0.0018631801923109,0.0033627226381095997,0.2,0.2,0.3,191,0.2675113094994169,0.1348543174860289
3,60,0.08978448741115598,0.4065442104106764,0.5877895602558544,0.8336811119471429,0.02540755197503989,0.10958707728928727,0.00189405917495543,0.0033477247143012096,0.2,0.2,0.3,196,0.2583060459181506,0.134778288078936
3,61,0.08974001483530762,0.41378398629181995,0.6100251870853776,0.8585357111241759,0.024148578703173704,0.10959616930839827,0.0017594675067796502,0.0034905589699852197,0.2,0.2,0.3,197,0.2732566046395214,0.1348640475642651
3,62,0.08942885865889467,0.4090025830835836,0.5975478636620315,0.8621965874333101,0.027879648475413087,0.10959732173596234,0.00191395214551183,0.0034865046404312303,0.2,0.2,0.3,198,0.2728987909135625,0.1348112963644096
4,0,0.9518277061915327,0.9841169744512519,0.981496768910909,0.1449475196063653,0.0,0.0,0.0,0.0,0.2,0.2,0.3,1,0.9529658401543184,0.7529004685719708
4,1,0.6064554203549587,0.8502149066868313,0.8153617207606344,0.12492228764040655,0.33686083636548425,0.09723798516880626,0.00040644287909951,0.00039315651752062995,0.2,0.2,0.3,3,0.6478921699516307,0.4675689842327974
4,2,0.5388441237718495,0.8117671792118265,0.7774278211549239,0.11817578682959463,0.17858029052597296,0.09908193389593145,0.00021503712344727,0.00021536273207752003,0.2,0.2,0.3,4,0.6834749333554737,0.3350727403319935
4,3,0.41025364148387294,0.7270504630431663,0.6718069209248475,0.09585769836002608,0.38280438997727184,0.0986997070149852,0.00042329030508952997,0.00086321413099359,0.2,0.2,0.3,5,0.4938249179937591,0.3432827394233544
4,4,0.34141418650026634,0.6685784738989815,0.6038167965047888,0.08180063368352503,0.25824532398586875,0.09625301766141461,0.00012513445149072,0.00010843140653789,0.2,0.2,0.3,6,0.450828922346586,0.2771739611140004
4,5,0.33465627535862086,0.6589852882755223,0.5994153155578065,0.08783932465910357,0.049268158270401444,0.0986997070149852,0.00042329030508952997,0.00086321413099359,0.2,0.2,0.3,7,0.4033575775894654,0.208612549720632
4,6,0.27774646134926395,0.6001623186965431,0.5310163270092704,0.07425060343306383,0.25874599685225386,0.0962530176614146,0.00012513445149072,0.00010843140653789,0.2,0.2,0.3,8,0.382099718461283,0.1584348162715215
4,7,0.2775216835227952,0.5999076058866519,0.5307195903120298,0.0697202690469299,0.02035561698240568,0.09625301766141461,0.00012513445149072,0.00010843140653789,0.2,0.2,0.3,9,0.3818878797925856,0.1589280528271595
4,8,0.27339243798385715,0.5987749480163577,0.5360431584483719,0.07288860396851375,0.04771315579438894,0.10393761770655785,0.00019905583397381,0.00017233980504619,0.2,0.2,0.3,10,0.3982768703883663,0.1791582668626593
4,9,0.23976397301368851,0.5610301246980822,0.4988828449131679,0.0712310256524921,0.19432143723288758,0.10593305008045013,0.00042918615139014,0.00052606687902106,0.2,0.2,0.3,11,0.3069106074770922,0.123013883842393
4,10,0.19832742625547453,0.506219461186253,0.4420433037877377,0.08647162951135991,0.0425147028878056,0.10285034962223105,0.00035351732807818996,0.00038970417685051,0.2,0.2,0.3,22,0.3186443938735866,0.1141517129393373
4,11,0.1918839076122722,0.4995882640428419,0.44122040906537613,0.09094137274372681,0.041731172712269865,0.10285034962223105,0.00035351732807818996,0.00038970417685051,0.2,0.2,0.3,24,0.3163377330708282,0.1231255675797138
4,12,0.17990224935312824,0.47674910266661125,0.40785542093764504,0.09046592642050039,0.04503540807673475,0.09780670707877849,0.0009614612422825001,0.00043452839625773,0.2,0.2,0.3,27,0.3352559118312202,0.1869353744111325
4,13,0.1707260284439182,0.4565486671732256,0.3773043513754323,0.09150540907260273,0.05596929976336716,0.10129591162043967,0.0009699349498978,0.00044570978358618,0.2,0.2,0.3,29,0.2976032858382129,0.1748264215126106
4,14,0.1696465438932698,0.4571519966630725,0.38466665983520804,0.09684298498581494,0.028351398107614452,0.10879074024589672,0.00087846782536309,0.00041520843776432997,0.2,0.2,0.3,32,0.3018141435066962,0.1649774091509844
4,15,0.16573839034830207,0.4530874275153946,0.38054447530132407,0.11482749649112374,0.01906191739682897,0.09017118388903703,0.0009162287144461,0.00041878023853873,0.2,0.2,0.3,34,0.3243604595718892,0.1659138017716701
4,16,0.1582467782769706,0.43999298564572975,0.37164754235633973,0.10680964439088392,0.10459823558944273,0.1066247720112081,0.0009577061463033399,0.00042506096122877003,0.2,0.2,0.3,35,0.2911650481832388,0.1678815496537679
4,17,0.15262920223011678,0.43356806592061076,0.3712057687233295,0.12000211975909646,0.033546368351303625,0.1024627114082024,0.00091482051818489,0.0003827392489531,0.2,0.2,0.3,38,0.2909314506189088,0.1633204815196365
4,18,0.14182598534729637,0.4046216872863996,0.3237080521310938,0.11203822440450192,0.03850591110139865,0.10145756160489479,0.0009628817638436199,0.00044751311864909003,0.2,0.2,0.3,43,0.2799444365419332,0.195224967038066
4,19,0.1307528721255016,0.3839185716286065,0.3065046723355909,0.12886046810442708,0.07006214120442217,0.1010218748363456,0.00098055013878713,0.00046599150659026,0.2,0.2,0.3,45,0.2665403848996228,0.1885656714813461
4,20,0.1264482805541362,0.37345689962818396,0.30069801412155117,0.15864724284480713,0.041587486607811794,0.11712848592418515,0.0008971283098794501,0.00031861011880254,0.2,0.2,0.3,49,0.2140818234308469,0.1140608256721178
4,21,0.12341925995031018,0.3699160346664092,0.297014208126669,0.13918368178150786,0.02277311087551131,0.10360219578886931,0.0009483200238889799,0.00038734336757137997,0.2,0.2,0.3,51,0.2314837925177946,0.1477139887314256
4,22,0.1256143128611349,0.3716804040127501,0.29865603822803033,0.17345230394561337,0.025074029183852705,0.11629886042748114,0.0009005306015752101,0.00031195660501182,0.2,0.2,0.3,53,0.1757306100871735,0.0860779059387354
4,23,0.12348465257893189,0.36970645457817847,0.3031969315280111,0.1879991584480685,0.036395649541644426,0.11815395256751576,0.00090330569664959,0.000321048704581,0.2,0.2,0.3,55,0.2042805289507732,0.1074434507190025
4,24,0.11749399505560358,0.3591592036407746,0.29138445759225856,0.17860602073688592,0.03687979462448049,0.10346237569667194,0.00116556727576326,0.00034714566083633003,0.2,0.2,0.3,57,0.2337126061434651,0.1462467377538619
4,25,0.11551071096906568,0.3573395527778589,0.2960993809498779,0.17048002859480066,0.029723497330511172,0.1056317658173948,0.0009798691331096,0.0003878331874409,0.2,0.2,0.3,60,0.2181983194243699,0.1330366498720162
4,26,0.11494306874049237,0.35984988424606296,0.31247405976530945,0.18737774090165973,0.037969819368570766,0.11608782261654803,0.0013321597182372,0.00033933287207182,0.2,0.2,0.3,62,0.2279582947835841,0.1343831017423847
4,27,0.1003600374515441,0.32176343908607186,0.2682867332741056,0.1881413266549651,0.0605992171424591,0.11062646551860178,0.00128519967965353,0.00033025218583655,0.2,0.2,0.3,66,0.2053637548779385,0.1140488192816043
4,28,0.0944703603378642,0.30354968062047927,0.24701375532027972,0.1863480942275577,0.09930144509017098,0.11228213543172691,0.0012904727213925399,0.00032476722457931,0.2,0.2,0.3,67,0.187609630865189,0.0961924282615324
4,29,0.09395567826761349,0.2982004353939053,0.23387528927202722,0.19074233604243257,0.025129121558617844,0.11264419987112619,0.00105950680935765,0.00032832643057119,0.2,0.2,0.3,70,0.1878181325738915,0.1034275565012867
4,30,0.0934622585101623,0.304116583373909,0.2545732169728011,0.20180708477504375,0.024376587544092235,0.11233724106278417,0.0013291589894664098,0.00032627513431988996,0.2,0.2,0.3,74,0.1843967478677403,0.0967499329218737
4,31,0.09044541233162068,0.300853181114233,0.26448422433644997,0.2581024428024493,0.02669925347214412,0.11542484217692044,0.00104981943384991,0.00030616530283668,0.2,0.2,0.3,88,0.1797630477133891,0.0978220783894234
4,32,0.08761401742493398,0.3027960228210614,0.2808224351527494,0.2905295742426906,0.023726617985543416,0.10703740265180432,0.00116759295509052,0.00035568124618272996,0.2,0.2,0.3,96,0.1932790586831824,0.1112973771086274
4,33,0.08783826355192767,0.2981912076082404,0.268436625939363,0.2939986021419259,0.02913514058661262,0.11071660556111429,0.00111288876536096,0.00034633937708667,0.2,0.2,0.3,97,0.1932377181304319,0.0990091551930174
4,34,0.08742300772130908,0.29710601225142624,0.2671918421998024,0.3017293307455387,0.02634673934583688,0.11009637752482836,0.0011338478362175899,0.00035274455872358,0.2,0.2,0.3,98,0.202965866607932,0.1024740738898052
4,35,0.0859058375411333,0.3125665688592174,0.319849887845582,0.3444257658725301,0.022568533011278792,0.1056485907981525,0.00148994517821762,0.00033461240260536,0.2,0.2,0.3,107,0.1779568430763026,0.0973747742010396
4,36,0.08498006220240285,0.2963541106877024,0.27347484852809634,0.356664706729354,0.023415867805854234,0.10228536325079413,0.00115163123840874,0.00036036800719431,0.2,0.2,0.3,108,0.198545355349348,0.1225940418640781
4,37,0.08566652928797182,0.29688934245515897,0.27397427079686243,0.4079861917990064,0.021637629422687352,0.10543916700392743,0.00175117429049691,0.0003663734325594,0.2,0.2,0.3,118,0.1879472955218253,0.115659873821632
4,38,0.08356078379475755,0.2887126396155401,0.2643674110278564,0.43523292650366574,0.02800026516157743,0.10733860230448317,0.00232480160712858,0.00035968947452643004,0.2,0.2,0.3,124,0.1913398662731847,0.1076259328964707
4,39,0.08343832636540614,0.2953621430078829,0.28589348964026695,0.4743706935907327,0.022734681099863558,0.10813743697988686,0.00227728776629597,0.00035964066169189,0.2,0.2,0.3,131,0.1937733587036589,0.1123747599943648
4,40,0.08154646734549972,0.2908460670478184,0.28076430418558407,0.4819524975169065,0.036747538565915755,0.10454947849834817,0.00186988209474301,0.00035795223491491004,0.2,0.2,0.3,132,0.1926288637479237,0.1144183741651267
4,41,0.08144043758884853,0.29001978517966487,0.2797705267079987,0.5047067237619061,0.025761034882670727,0.10550515907912579,0.0018617388909602701,0.00035711609209848,0.2,0.2,0.3,133,0.1944684878037853,0.1075582862031462
4,42,0.08136034656575751,0.2883183727350843,0.2776922226725236,0.5279788423476713,0.023511702195637092,0.10831060867783002,0.00197341197046483,0.00035609228462586,0.2,0.2,0.3,140,0.1963997709759004,0.1138799555254799
4,43,0.08090591464388967,0.29467495206968486,0.298935658358846,0.5722874085467002,0.022553728559209504,0.10706828834483982,0.00218366357129347,0.00036158093026311,0.2,0.2,0.3,146,0.1977245621295183,0.0812883349296666
4,44,0.07967810067138004,0.29241940493928126,0.296442641647581,0.5675144609558683,0.022127260331546297,0.10363327059294088,0.00153640832346806,0.0003628390799795,0.2,0.2,0.3,152,0.1962777929542506,0.1124018116247573
4,45,0.0798389816319455,0.31337250668435884,0.36214192801921297,0.736187744778364,0.022219866780828636,0.10453111351747972,0.00414750483177991,0.00052414540749282,0.2,0.2,0.3,178,0.2018447078899905,0.1163175686681313
4,46,0.07784883507104952,0.30963351843144415,0.3579999198684014,0.7037320483947007,0.023955806495703946,0.10009997204740992,0.00228333478319453,0.00040102284345391,0.2,0.2,0.3,181,0.2122754786542889,0.1107620563196452
5,0,0.8548160501001834,0.9496383848240545,0.9413303538176012,0.13533834091187963,0.0,0.0,0.0,0.0,0.2,0.2,0.3,1,1.3632936819707475,0.7564443467443853
5,1,0.7307752033788292,0.9093347214867714,0.8915211314031181,0.14089773536967956,0.13615116925983164,0.08655116542810176,1.2899790674529999e-05,1.2581135430019999e-05,0.2,0.2,0.3,3,1.081961084972029,0.5490035559848842
5,2,0.4497929808532699,0.7534658729323425,0.7095231742458611,0.10186220561898456,0.6731467267519594,0.09862122452462165,0.00025393567323192003,0.00020251370490602,0.2,0.2,0.3,4,0.5009581871683518,0.2214556949902039
5,3,0.3523250376107566,0.6753276917106592,0.6184912010272771,0.08474972450916976,0.1810494536453265,0.09902638755741552,0.00011304165805013,9.53698434455e-05,0.2,0.2,0.3,6,0.47504288245299,0.1833287293641089
5,4,0.34527684438490625,0.6726116062859688,0.622227565553724,0.08481894929295243,0.033143675701294124,0.09908768405217123,0.00011144874398217,8.999068498569e-05,0.2,0.2,0.3,8,0.4658745359261158,0.1580278959961312
5,5,0.3419931011456622,0.6733455826767106,0.6298412481313302,0.0912986162638408,0.02867082922589635,0.10336190095385213,0.00014539418962719,0.00011787205986464,0.2,0.2,0.3,10,0.432750066216384,0.159732659736202
5,6,0.3312367871511466,0.6707126474930007,0.6405826175040531,0.11474323236842725,0.031177056353882588,0.10268248382397152,0.00035944133366811,0.00034369083324683997,0.2,0.2,0.3,14,0.4225868088236946,0.2932547141954585
5,7,0.2991871016094342,0.6347850565333402,0.5916979258838813,0.10074185368341447,0.15805529500830037,0.10690633681623775,0.00021346832970974,0.00020997197096968,0.2,0.2,0.3,15,0.3893511051192845,0.1799741541829635
5,8,0.2786911024738699,0.6200645980475187,0.58861254229997,0.10587390716335547,0.10528364088988826,0.09900828948266387,0.00024530130658036,0.00022053350218795997,0.2,0.2,0.3,16,0.3995694551477195,0.1775190532838738
5,9,0.26987670078452225,0.6096518953418774,0.576482027396733,0.10840796782746864,0.06155542546475412,0.09900828948266387,0.00024530130658036,0.00022053350218795997,0.2,0.2,0.3,17,0.3910661800505342,0.175760975283591
5,10,0.2516727639733805,0.5838747435159543,0.5394424928361332,0.09572751456151295,0.1141143886212462,0.10241021642493704,0.00018077582388861,0.00017286992675664,0.2,0.2,0.3,18,0.3708048059994435,0.2530600622666865
5,11,0.23596700782300406,0.5634201082142699,0.5154487182009221,0.09501355995030811,0.11009792826380586,0.10742491423672526,0.00017317088973498,0.00016405731518496998,0.2,0.2,0.3,19,0.3517168502314244,0.2414285716181789
5,12,0.22712403615626908,0.5550332829860765,0.512495707125039,0.09474972335318951,0.07427729507272796,0.10935153971704215,0.00043556590979418997,0.00041887449629338997,0.2,0.2,0.3,20,0.2820313232247644,0.2410810224184901
5,13,0.20948018689084408,0.5292951312442395,0.48235580790251864,0.09262411730505012,0.1329720546892036,0.11450175496519609,0.00026081527384118,0.00024849065652547003,0.2,0.2,0.3,21,0.3047540712324171,0.2116210275882658
5,14,0.20521645965117197,0.5269778518890033,0.4866059692773618,0.09802847128282449,0.035090308850837436,0.1129757705721809,0.00029706207237919,0.00028263906547927,0.2,0.2,0.3,23,0.2986108865475483,0.2188453660425017
5,15,0.20121582480575737,0.5252266264063413,0.4917379485734765,0.11802621352165234,0.02855558061301458,0.10439101235896994,0.00046513342175287,0.00044084958529781,0.2,0.2,0.3,25,0.2161499826752905,0.2716313285611588
5,16,0.18098201089419721,0.4960263895758273,0.46456983666147905,0.12001196508639998,0.08983728306227363,0.10600103979846494,0.00046329888730571,0.00043766554924518,0.2,0.2,0.3,27,0.1871650445356541,0.2767785487915202
5,17,0.17744330922794327,0.485288845638662,0.44492737037662233,0.13457120845092352,0.04033737566937791,0.11306570519510845,0.00043621748387093,0.00042041465136382,0.2,0.2,0.3,29,0.2532561359897161,0.2573947130448043
5,18,0.1632442809595249,0.4570712043590809,0.4053849983389879,0.11136488157812541,0.11643400823473388,0.10625894954347304,0.00040274754128917,0.00028312739895158,0.2,0.2,0.3,30,0.25215188918485,0.2029088653536098
5,19,0.14821040003503388,0.4301145752137323,0.38066436245313606,0.11188161998472326,0.08873245709910837,0.1123964974687126,0.00066219990408117,0.00044725874596709004,0.2,0.2,0.3,32,0.2260107260757496,0.201661902485711
5,20,0.14718852152911555,0.43136966025049855,0.38897425039511957,0.11965166648496398,0.028822891626662482,0.11401058277887685,0.00067833433608462,0.00046142201630053,0.2,0.2,0.3,34,0.2250292252691517,0.197199593749141
5,21,0.1355200576070213,0.413736137066477,0.3758395991566869,0.12508660401008684,0.057742346969518,0.0987806799734253,0.00057878220891032,0.00046390760686121,0.2,0.2,0.3,36,0.1437847705768229,0.279958289065923
5,22,0.13333457985244154,0.4091421317587065,0.37051333256414365,0.12999731463874337,0.038283414132016046,0.09794026326755308,0.00061553733518258,0.00048228739489575,0.2,0.2,0.3,37,0.1413877439029062,0.2811128656417246
5,23,0.13172266029668603,0.40775451972969845,0.3756033116085688,0.13159229637485606,0.04685147950431681,0.10388559406679482,0.00058576926851172,0.0004931047360053999,0.2,0.2,0.3,38,0.1608063037597756,0.252477430796425
5,24,0.12716478420270777,0.39921578016574766,0.3658973404119217,0.1345436737171351,0.048696287117919776,0.09702670337756572,0.00037693934717519,0.00032754946439456,0.2,0.2,0.3,39,0.1766820513099451,0.1496143349216953
5,25,0.12266826623492354,0.38733361163073743,0.35189387412156853,0.1351369944486353,0.07360827593251822,0.10165294195931496,0.00048421917265872004,0.00042714140421966,0.2,0.2,0.3,40,0.1399127931508463,0.1917914862045813
5,26,0.10557140721899813,0.3416945899147363,0.2985426357920526,0.12960958486283491,0.11807432373590865,0.10708452428592997,0.00060670292544206,0.0004259716497187,0.2,0.2,0.3,42,0.1258837618492546,0.4067969495515952
5,27,0.10556584538049864,0.3453904172908025,0.30975036376939125,0.1359994267111577,0.021697749100365954,0.10708452428593,0.00060670292544206,0.0004259716497187,0.2,0.2,0.3,44,0.1258778943097346,0.4069285095206422
5,28,0.10521289292117403,0.34076692689867355,0.29746772882146344,0.13951548151997928,0.02524926128959855,0.10695050999946065,0.00057729664645083,0.00041803890949875,0.2,0.2,0.3,45,0.1257001138645869,0.3916124364192497
5,29,0.10257677215085617,0.3321018561043842,0.28725614792745885,0.15242334555651943,0.041675182859054215,0.11041710247371647,0.00061336624388529,0.00044802135106042,0.2,0.2,0.3,47,0.118417523954355,0.4132809992061845
5,30,0.10210052708493102,0.3346025314949191,0.2970845876571927,0.1611118336339203,0.024595036212844833,0.11001983521046538,0.00061389244668658,0.00044989104222324997,0.2,0.2,0.3,49,0.1173682906986889,0.4325741927689834
5,31,0.09338295688638375,0.3107622790427539,0.26945364290842116,0.1571592950555329,0.11703572067641287,0.10600287804480978,0.00050754114951798,0.00032493928075588,0.2,0.2,0.3,50,0.1087850397569356,0.3086252431816179
5,32,0.09009984721390439,0.30331953140043644,0.26757454297895766,0.16041925495751377,0.07284822164626471,0.1089650882891434,0.0006761586891996699,0.00047537587704023004,0.2,0.2,0.3,51,0.1101314644218035,0.3248786583280422
5,33,0.08506165523494931,0.2864483992631065,0.24793356031363048,0.15894379971306435,0.08840843980856046,0.1086800987436439,0.00064749173849923,0.00041453880144128,0.2,0.2,0.3,52,0.0933462459509132,0.3959480361727564
5,34,0.0718776935478949,0.22947691520403085,0.17429285641470765,0.16571000672570907,0.07017576918491392,0.1197095739323093,0.0006859300190907799,0.00048074657036666004,0.2,0.2,0.3,57,0.0935232154705271,0.2885301289215045
5,35,0.06632276310192915,0.21510047570568697,0.16469250752422052,0.1758060204659746,0.045262105238526376,0.11220165597174407,0.00070783906542162,0.00051032559870932,0.2,0.2,0.3,60,0.0702703012755516,0.2950169472028297
5,36,0.05283767463007531,0.15261917118058677,0.09183830008555621,0.17890425897438686,0.10960011232838342,0.1141732404589669,0.0007138597288643899,0.00051402498048928,0.2,0.2,0.3,63,0.0718000148501834,0.4405652886317992
5,37,0.04937587595911682,0.13979595017852386,0.0838483718078355,0.177131812004449,0.05634423418201699,0.11282143857597224,0.00068610626717257,0.0004942521710840501,0.2,0.2,0.3,65,0.0688923297054486,0.4174813359884323
5,38,0.042662710126183424,0.09917917074968582,0.036413013725093424,0.19360070678251062,0.047921318592805254,0.11633390625126086,0.0007104070152984001,0.00052225201344867,0.2,0.2,0.3,72,0.0430216491736678,0.3681945562536842
5,39,0.03908474193525148,0.08760422548740456,0.043609854029066364,0.2354535935395179,0.03550922856972513,0.11711731346292509,0.0007093778074386601,0.0005128364567984201,0.2,0.2,0.3,80,0.0566360084043326,0.3804431125725896
5,40,0.03893688254599978,0.09391408661904571,0.06475977539884986,0.263149290468228,0.024931300137571423,0.11727587300379526,0.0007116025885359,0.00051305023445677,0.2,0.2,0.3,84,0.0564305937264453,0.3974405838081531
5,41,0.03811158528890339,0.09122778574773716,0.06170671317206918,0.27641903710785865,0.028058908738369914,0.11496512317151349,0.00070749533055933,0.00051267157399803,0.2,0.2,0.3,86,0.0561736204632358,0.3643889834634231
5,42,0.03795383245329713,0.08651974623083324,0.05611339226243629,0.26849811233308607,0.045688041988975275,0.11828187356883467,0.00069848567668461,0.00050179766936739,0.2,0.2,0.3,87,0.0529036490569208,0.392201194102895
5,43,0.03778878827693736,0.08816761011547222,0.06490593884637628,0.2966050237289639,0.03337008088151661,0.11914409441739474,0.00071016292747933,0.0005128114845459199,0.2,0.2,0.3,88,0.055808593737536,0.3910889820844473
5,44,0.03782735812114922,0.08368545359389361,0.05275168577072149,0.27862852543652344,0.028264438039147605,0.12010209238744318,0.00069879878644705,0.000497293670781,0.2,0.2,0.3,89,0.0561956466322229,0.3295454370972435
5,45,0.03519956614770771,0.07027921205012228,0.03725443519594792,0.29208120307678964,0.036680728621424484,0.11638142675610297,0.00072583070798124,0.00052287796114581,0.2,0.2,0.3,93,0.0558053247317289,0.3733742634396829
5,46,0.036098657264465844,0.0812217984075965,0.07053061770620986,0.3549649041726615,0.025298568945963457,0.12124895475845154,0.0009793073276516098,0.00071046767401681,0.2,0.2,0.3,101,0.0554624099647282,0.4634577598453461
5,47,0.03603575507200666,0.07957628222741969,0.06857952086589782,0.35833344401382156,0.03251170245246389,0.12236317700660646,0.0009877788996455398,0.00065148115060502,0.2,0.2,0.3,102,0.0627880985672723,0.4219324049724146
5,48,0.034745753781314774,0.08087394897051409,0.07717497069659833,0.3458339885591655,0.025567520850624473,0.11732742633763998,0.00072672101430277,0.00051538715613676,0.2,0.2,0.3,105,0.0545871031401617,0.3657685928719412
5,49,0.031373490574143535,0.042539884093932244,0.025352885251861888,0.3410043067283669,0.07513566803553313,0.12528937352323224,0.00070163509425124,0.0005156117612172999,0.2,0.2,0.3,108,0.0546492328870432,0.4660779406411592
5,50,0.03040647544458892,0.03858350567887989,0.027643010866070853,0.39093985522973745,0.02990013667613437,0.12536620222694606,0.00071367890319408,0.00051759757667097,0.2,0.2,0.3,115,0.0532177566956333,0.4609959001397377
5,51,0.03011843931904338,0.04571564489937012,0.056617174647999896,0.39001292102438345,0.04323565651350825,0.12661936202655447,0.00070875381480136,0.00051790844951448,0.2,0.2,0.3,116,0.0497116796035969,0.4563374320487988
5,52,0.029901106619473043,0.037452707146174456,0.03320829674679421,0.4085323921260647,0.0260594440111845,0.1259663792047792,0.00070845103736248,0.00051662687041817,0.2,0.2,0.3,121,0.0517436188384351,0.4622678995972953
5,53,0.029107604459826266,0.040917124146151056,0.05110525169428144,0.40614145598001705,0.04010853501245,0.12409525747024072,0.00075734380295951,0.00058803220650335,0.2,0.2,0.3,122,0.0444193555098827,0.4670006864394329
5,54,0.02820852803005483,0.02850267437152763,0.029710452093571524,0.41177493688266925,0.061938899562387136,0.12502717293642548,0.0007482011256034801,0.0005821565210569,0.2,0.2,0.3,123,0.0443578970494318,0.4489416405902904
5,55,0.027965682731956387,0.025466939332308963,0.026151279828622327,0.4151664171716744,0.03201468151782929,0.12569297232652868,0.00075847623091467,0.00058883206940096,0.2,0.2,0.3,125,0.0428138998311704,0.4575185028217913
5,56,0.02817036907620831,0.028356798526164344,0.036363182183866284,0.4998292154848996,0.02613600257333884,0.12740491226079803,0.00075243543645861,0.000601175841194,0.2,0.2,0.3,140,0.0432188472812557,0.4565636900885147
5,57,0.027842631600078348,0.03752218100527068,0.06776502794851688,0.5346787833021013,0.028256855790091018,0.1268817347203658,0.00075511960058416,0.0005884782794564199,0.2,0.2,0.3,143,0.0436965792445827,0.4573471917787536
5,58,0.027496102249753032,0.040778572037915975,0.07851590689942427,0.545809403289982,0.025816191134658294,0.12507333384699454,0.0007858487713162099,0.00066112556762067,0.2,0.2,0.3,144,0.0428404072349306,0.4480866779986995
5,59,0.027441238214702703,0.03081341507649858,0.05305655808339533,0.5290529727625906,0.02953924777601454,0.1266405662051011,0.00074636226735221,0.0005684504725218,0.2,0.2,0.3,147,0.0460790292225789,0.4587068538992507
5,60,0.02720991159370054,0.03299198240902728,0.06250656504219007,0.556954315675671,0.027103862054447928,0.12630321940912848,0.00076002628280302,0.00058529479127012,0.2,0.2,0.3,151,0.0436428000078718,0.4569031520824214
5,61,0.026577478594573163,0.04532402742374887,0.10454532543219378,0.579309067511796,0.026182112293156937,0.12444387635337893,0.0007438914771939499,0.00055400161587004,0.2,0.2,0.3,160,0.0460086494768577,0.4450125577831667
5,62,0.02625399393929976,0.03470144648056668,0.07835771393316193,0.6501756823680905,0.027924575485815673,0.12456841625129093,0.00076263284322573,0.00062378519184322,0.2,0.2,0.3,165,0.0451569926174904,0.4624234299113368
5,63,0.02615188168510474,0.04437806780481757,0.11032533695636373,0.7290195949485114,0.025676244422778043,0.12488547493834667,0.0007862981389595199,0.00063899666276292,0.2,0.2,0.3,183,0.0417902335956746,0.4393934971605469
5,64,0.025484291212005804,0.033510094786184885,0.09073618725887399,0.719219212611168,0.04057067222430559,0.1257154095032062,0.00076388982528731,0.00062810448769035,0.2,0.2,0.3,185,0.0436947489325206,0.4563386236832153
6,0,0.8754318446897421,0.9572691796820496,0.9502199817200077,0.13746504115180636,0.0,0.0,0.0,0.0,0.2,0.2,0.3,1,1.2918299844936891,0.7654394277596868
6,1,0.6418929008199791,0.8710788417465912,0.8396147451195617,0.13099446422220537,0.24410154118997188,0.0990945486300554,0.0005772861909398,0.00010868788655040999,0.2,0.2,0.3,3,0.8059788252358675,0.529341905996007
6,2,0.3968432679282454,0.713279062477309,0.6627216945929817,0.09059981475849713,0.6593297598611204,0.09809090385432175,0.00026890202031577,0.00024537617863527,0.2,0.2,0.3,4,0.7536835700088409,0.2544359460734506
6,3,0.33507051106618524,0.6593668211123329,0.5998973574416335,0.08030179661735791,0.13126672111764728,0.09901993998925682,0.00010473952085186999,0.00010356570845783,0.2,0.2,0.3,6,0.5028582363413017,0.1454939149295436
6,4,0.3136264461944773,0.6421159026533871,0.5867234143978455,0.08075270021207856,0.06270404630209388,0.09833193590406498,0.00014171085737278,0.00012103881868156,0.2,0.2,0.3,8,0.4606085530489451,0.1666429394212899
6,5,0.30476242117674746,0.629596346552236,0.5652377732257154,0.08047171988676176,0.05705871455004507,0.0983330645603096,0.00011083423061804001,0.00011083091627643,0.2,0.2,0.3,9,0.4604095284168389,0.1308579091808989
6,6,0.2775056785664951,0.60367011447546,0.541916570399766,0.07805599601727913,0.08098949695704177,0.09886129280385966,0.00015056653760408,0.00013990686148797,0.2,0.2,0.3,11,0.4230709983047879,0.1591257784313524
6,7,0.2545754160738165,0.5800682076656727,0.5210773915434072,0.0760684113782861,0.08086650422490071,0.10608811447337252,0.00024547912020417,0.00022643819096960003,0.2,0.2,0.3,13,0.3702188636651637,0.1453662749446186
6,8,0.251824196733815,0.5803550857156046,0.5284428535184938,0.08640109276727775,0.023907487475101127,0.10234273571135187,0.00017363237194760998,0.00016448068254571,0.2,0.2,0.3,16,0.3918109505965487,0.1088555071706347
6,9,0.246903887118183,0.5743551293207071,0.5215629338545383,0.09709837435879257,0.04188542515795673,0.0991056099212813,0.0001404495169472,0.00012489583575809002,0.2,0.2,0.3,17,0.4077091285883222,0.1212520623032152
6,10,0.2255889074275115,0.5491052529936832,0.4986699272040748,0.09965454042405783,0.08666770330954858,0.1102343161718885,0.00029728274335124,0.00027766026627834003,0.2,0.2,0.3,19,0.3206759778211395,0.0825775427081971
6,11,0.22126616293433865,0.5434812314364914,0.4922900823115563,0.10006693399936671,0.04005158366282034,0.10512758534711619,0.00024319916256723998,0.00024328518997960002,0.2,0.2,0.3,20,0.3289563891700029,0.0782997349418763
6,12,0.19834471294540174,0.5089725379316384,0.45191315320300096,0.09019896117286456,0.16893430841523333,0.11022503906721162,0.00034717915343264997,0.00032017862003561997,0.2,0.2,0.3,21,0.2454994947218698,0.121340347702289
6,13,0.16855016712239615,0.4739603043970708,0.4387683227072025,0.12255616827512103,0.047698645002234016,0.10918242925391634,0.00038253664950311996,0.00029502850022711,0.2,0.2,0.3,29,0.2642851164028409,0.0853475492666221
6,14,0.16653412516183572,0.47392761595992167,0.4456470164953942,0.12143737613364074,0.03643472794128344,0.10894662707386493,0.00031426355452786,0.00020313838505690997,0.2,0.2,0.3,30,0.2444693932682299,0.107495222688897
6,15,0.09023111777901649,0.28749865163854094,0.22146152198900387,0.08527123388035567,0.4010203619535946,0.11181675386546942,0.0003486183989997,0.00027409739878275004,0.2,0.2,0.3,32,0.1808265664765835,0.0841599397458868
6,16,0.08386084328425916,0.2694677248348143,0.20731749054620682,0.0908910511237226,0.11243344939307946,0.11306700660198421,0.00035079786582354,0.00026260611176954997,0.2,0.2,0.3,33,0.1886615961253025,0.0778539651300707
6,17,0.08310696221921028,0.2673456674546703,0.20486747634838684,0.09331577104808161,0.03133533679563484,0.11240065888742543,0.00034901783690018,0.00026139342124208,0.2,0.2,0.3,34,0.1880222758750017,0.0768344861051215
6,18,0.08268478989210677,0.2694624224902811,0.21423505771275866,0.09832208447102457,0.02864285074243618,0.11242158642081984,0.00034398290662557,0.00026254815897396,0.2,0.2,0.3,35,0.1879476971560919,0.0748019709279837
6,19,0.08054913865654545,0.26239573867989974,0.2060250278997934,0.09698381395980978,0.05109160457814873,0.11174588634562108,0.00034216353731876,0.00026128779375753,0.2,0.2,0.3,36,0.1862377665511737,0.0722417704737509
6,20,0.06598848748054961,0.2023562798080818,0.12912735406169912,0.07286959142550538,0.0812113630344491,0.11330780919157009,0.00033840325117935,0.00025997605116229,0.2,0.2,0.3,40,0.179182000081124,0.0801368596567674
6,21,0.063665739215391,0.19660787801384652,0.12934210984116515,0.08504932323922218,0.035871446516317275,0.11292927175809489,0.00041282114920391003,0.00027592072249695997,0.2,0.2,0.3,43,0.1819194830962744,0.0808985709293193
6,22,0.06165431489732282,0.18756121411151952,0.11879301556303182,0.09707054530313332,0.035142595696990526,0.11329241752054928,0.00035856912528336,0.00027220478557253,0.2,0.2,0.3,46,0.1781127807320817,0.0785233114159254
6,23,0.06124440648822173,0.18906041297926987,0.12742189815394475,0.05620542702783411,0.0253395766215589,0.11387478121489371,0.00037948679259637,0.00027136991137803,0.2,0.2,0.3,50,0.1734388547474688,0.0812111584475889
6,24,0.06059129331987164,0.18961808818300396,0.13495895154007567,0.130093926485626,0.0366272522858484,0.11434924891795108,0.00036439245413954,0.00026473877405254,0.2,0.2,0.3,51,0.1717258084791053,0.075928434753284
6,25,0.058976409495461714,0.18256477399727555,0.1267550041997437,0.1356158718604569,0.05151219360189641,0.11399828923763591,0.00033287856995713,0.00025815469898451997,0.2,0.2,0.3,52,0.1767571802244958,0.0814303523965134
6,26,0.05697340599877323,0.17744609693251623,0.12771069014964215,0.15354502815452462,0.034916142201171514,0.11353947574493758,0.00033426923334177,0.00022857313659138,0.2,0.2,0.3,55,0.1865003397076461,0.1042118261248492
6,27,0.05412140928014982,0.16413161587670805,0.11221490161615438,0.156571933794652,0.04989795551886935,0.11301827322457653,0.00033824048664555996,0.00026707310368241004,0.2,0.2,0.3,57,0.1913235687528323,0.0903403806933205
6,28,0.05243935991764402,0.15953910554453227,0.11376615376215596,0.15689364609791284,0.05702811017753625,0.11307187712714199,0.00033260988226139,0.00025167959535799,0.2,0.2,0.3,58,0.1908252799087929,0.0761849681077515
6,29,0.05222415781066811,0.16217524684358617,0.12373938272178443,0.1661003949429299,0.02497362297152941,0.1130716995643357,0.00033285505744781003,0.00025180315086748,0.2,0.2,0.3,60,0.1912767347759839,0.0751302174199774
6,30,0.05222415782460735,0.16588642040741963,0.134965000932455,0.175660782603198,0.022756549937454355,0.11307169954360045,0.00033285505735954,0.0002518031507412,0.2,0.2,0.3,62,0.1912767347303678,0.0751302175732274
6,31,0.05130636626276875,0.15761828909569717,0.11843336637539685,0.17526703275403835,0.04146866660923216,0.11297005922468663,0.00034771282619526,0.00025524041386222,0.2,0.2,0.3,63,0.1911752027646562,0.0754938456036566
6,32,0.05047974597018349,0.15709488571361582,0.12472518902407635,0.19079117423637168,0.03148536509649816,0.11299123525287358,0.00034709548660326,0.00025449587587465,0.2,0.2,0.3,65,0.1914321853072374,0.0719043620301764
6,33,0.05003936071851044,0.15794108117775577,0.1325896733446024,0.2419693207584794,0.02401433312305352,0.11365880805699803,0.00035266217696777,0.00028094977327832,0.2,0.2,0.3,76,0.1804291733528223,0.1086527316910667
6,34,0.04982068034950747,0.1564985183214194,0.13089706699775816,0.2590138286718647,0.025043582534559225,0.11403180167323435,0.00034749709644354,0.0002794449819741,0.2,0.2,0.3,79,0.1788027084962075,0.1157077809630741
6,35,0.04673760715873846,0.13800401416103797,0.10251093153130941,0.25874132388799503,0.05231216386930799,0.11221156370360603,0.00033658863297304,0.00025554959514441,0.2,0.2,0.3,81,0.1749924586308812,0.1143636729153386
6,36,0.046606207687061495,0.1400844895093516,0.11180283267204474,0.2687886797566728,0.030379864926600685,0.11317922338386711,0.00037203000543886,0.00027377577143356,0.2,0.2,0.3,82,0.1760870426603335,0.1148424620331063
6,37,0.045217617847046546,0.133229975112698,0.10384733771176452,0.27073166403455334,0.05011820669387892,0.11228164238298838,0.00034266352862423997,0.00028976936926313,0.2,0.2,0.3,83,0.1754556773293786,0.116389845551142
6,38,0.04521896324959364,0.13638636212001018,0.11440608999722968,0.2727704729160328,0.025575881529116936,0.11288981992091057,0.00037144016549311,0.00028068216287562,0.2,0.2,0.3,84,0.1725854005477021,0.1121760523244177
6,39,0.044490134540635475,0.1292564000702448,0.09922204963423095,0.2803618402195882,0.03604602153906308,0.11214340098633342,0.00036626524101512003,0.00028922421040406996,0.2,0.2,0.3,85,0.1716544790957941,0.1159896411713245
6,40,0.043443617777587706,0.13034473731112242,0.11428115662855733,0.3141295797365698,0.025977677062684293,0.11252405562434625,0.00034439021611402,0.00031695593517092004,0.2,0.2,0.3,93,0.1746463917556863,0.0995865834565085
6,41,0.04333759815510456,0.13984427791289192,0.14601918117134072,0.3501432759101237,0.02383457311142882,0.11358913493458,0.00038471838335536,0.00029350708926645,0.2,0.2,0.3,101,0.1754927089919158,0.1015574138409957
6,42,0.04155564355606594,0.12905700479300763,0.13344185589242788,0.3683029414260785,0.04531917582655448,0.11396386280514505,0.00036843948642029,0.0002665039371915,0.2,0.2,0.3,103,0.1660818975889492,0.0891555798941012
6,43,0.04123397986568269,0.13117707256952185,0.14282396121950186,0.42124083997264816,0.02342171587382156,0.11358895315629601,0.00038100220022439,0.00030439596812748004,0.2,0.2,0.3,115,0.177251176800986,0.0856217952552906
6,44,0.041238210629897375,0.14571421772971707,0.18735820405222792,0.45866880444850905,0.023293944678886618,0.11396356536409788,0.00036652469452856,0.00026589401757259,0.2,0.2,0.3,119,0.1659581015059591,0.0892311383900976
6,45,0.04117590787880584,0.1378811837823623,0.16442731326789078,0.4550548974752438,0.024677020042764203,0.11399830452220204,0.00036688247051631,0.00026649480424318,0.2,0.2,0.3,120,0.1678416121186698,0.1033475176834096
6,46,0.04110445276325628,0.13745995209608908,0.16393687947047159,0.47400189079939664,0.023816271727776794,0.11398934121561363,0.00036781687083633997,0.00026598184921929004,0.2,0.2,0.3,122,0.1701252369136958,0.1030563286898758
6,47,0.04056457770433494,0.13457970677417863,0.1605935484932371,0.4392605650251988,0.0345256076016002,0.11351835427190123,0.00038206853667105,0.00032677305534396003,0.2,0.2,0.3,123,0.1568451658233246,0.0799471988330425
6,48,0.0404422352282692,0.14854200523488784,0.20446379922350938,0.5195785949280711,0.023169655115344207,0.11335422327435171,0.0004055025295325,0.00050696287025164,0.2,0.2,0.3,137,0.169136408801282,0.1049143272314735
6,49,0.04044223522464866,0.1670978731352315,0.2605918903580384,0.5740698720382964,0.02290412619687974,0.1133542232661838,0.0004055025270394,0.00050696307790341,0.2,0.2,0.3,144,0.1691364093329167,0.1049143260627776
6,50,0.04030785984874562,0.14018072490282354,0.1809143503829264,0.5621604014530467,0.024280841645290062,0.11373384173339002,0.00038308248789918,0.000357506484583,0.2,0.2,0.3,147,0.1668047911000997,0.0836390745323601
6,51,0.04022728121486051,0.13969070865936972,0.1803435699724332,0.5659136761170751,0.024949232890685128,0.11373006624063056,0.00038398110450482,0.00035767878592573,0.2,0.2,0.3,148,0.1678511154724203,0.0823629512729641
6,52,0.04006201074457415,0.1500679130635553,0.21314787382941283,0.5855631258989108,0.025742657204702746,0.11351107741807123,0.00038547737285542997,0.00033007763650735,0.2,0.2,0.3,149,0.1594040636088432,0.0820756606441533
6,53,0.04001474462077655,0.16818456473634558,0.2687600505493351,0.6087817837095992,0.024752662102380037,0.1133542232661838,0.0004055025270394,0.00050696307790341,0.2,0.2,0.3,150,0.1690352185258104,0.1016731995339968
6,54,0.039766736102249726,0.13688245251638892,0.1770727781830768,0.5929014714982817,0.02976999733454975,0.11370388689805262,0.00038737809369481,0.00035799512927489,0.2,0.2,0.3,151,0.168767310057195,0.0881224739835309
6,55,0.039350946974379734,0.14158794008609824,0.19635497326751342,0.6080617342501882,0.02482347034513312,0.11384402904588696,0.00038455839804253997,0.00034698967684282,0.2,0.2,0.3,157,0.1677850089031556,0.0860874589343477
6,56,0.038927347044615895,0.1391088676651982,0.19347140877617697,0.6231961329302008,0.033131887203507696,0.1137050587248655,0.00038352544757138003,0.00034987180912629003,0.2,0.2,0.3,158,0.1666257699975269,0.0898864605372455
6,57,0.03886239881079421,0.13870732421926313,0.19300389748866206,0.6270424793523018,0.024558190329133537,0.11368728750795103,0.00038390670433546,0.00035591604758914997,0.2,0.2,0.3,159,0.1680253168309455,0.088421662509361
6,58,0.038848867212723896,0.13862302913947638,0.1929057102749575,0.6309789307584432,0.023269275475649227,0.11368752702405656,0.00038399121944586,0.00035540262009946,0.2,0.2,0.3,160,0.1680520288451341,0.0884279218918614
6,59,0.03881163789898155,0.14209904762581385,0.20385729011600537,0.6390334655985935,0.0232464407431148,0.11369001257732005,0.00038247032248138,0.00035624542672851,0.2,0.2,0.3,163,0.1681907868303122,0.0884365879611581
6,60,0.03864958757508834,0.14102847707546726,0.20260871715819193,0.6508199520816613,0.027351452422582717,0.11373171685464702,0.00038787421125708,0.00035281107188636,0.2,0.2,0.3,164,0.1715813369872777,0.0887105360205347
6,61,0.03796220779659771,0.16649928857474097,0.2875035815829356,0.7888686947234306,0.02359408284187387,0.1136116546282344,0.00045471467014503,0.00029923700146676,0.2,0.2,0.3,189,0.1626596063943424,0.0750190639646528
7,0,0.905318246665705,0.9680305410738846,0.9627565505404128,0.13903038197292747,0.0,0.0,0.0,0.0,0.2,0.2,0.3,1,1.1541445834047928,0.7488844800201104
7,1,0.5680720448142087,0.8288847043714709,0.7904603808496453,0.1192027441665158,0.34809862036686995,0.09897719381661708,0.00047654811735325003,0.0002443317820334,0.2,0.2,0.3,3,0.8107519517804462,0.4675689842327974
7,2,0.4521859629980939,0.7551958042482025,0.7115249340857437,0.10240383925707804,0.32369518276138676,0.09904841808997954,0.00024369351603665,0.00019844391814372,0.2,0.2,0.3,4,0.4875145760901389,0.227002351418749
7,3,0.45205075427073454,0.7590251692325636,0.722765419264847,0.10762306158888817,0.021954300975358682,0.10263661145331897,0.00030414562290385997,0.00024767113248195,0.2,0.2,0.3,6,0.4727070555300225,0.2086597881057623
7,4,0.31717590229221626,0.6456749440106729,0.5910056351952576,0.0811518828527807,0.24905776194969145,0.0941599953438294,0.00013967880710329,0.00015486551661298998,0.2,0.2,0.3,8,0.4721131715272664,0.1636736079826306
7,5,0.30074467950711564,0.632576900066903,0.5825090760628127,0.08138062388561539,0.05617078861265866,0.09828521384944937,0.00018281792782072,0.00020269497875319,0.2,0.2,0.3,10,0.4577319246937703,0.147956644754708
7,6,0.2991861388505831,0.6309240383002696,0.5805431113650715,0.08839881278869435,0.027829259367403863,0.09947067312254113,0.00019803366794387,0.00021956506451415,0.2,0.2,0.3,11,0.4575419170398873,0.1465910774698909
7,7,0.29776162471086465,0.62940250027366,0.5787302569668872,0.0881510849277592,0.027528015344185468,0.1007386771284205,0.00018818252339679,0.00019529643097436,0.2,0.2,0.3,12,0.4586586551221023,0.1614763199960639
7,8,0.28424029668679235,0.6166899241125251,0.5642279910523325,0.0934994849984631,0.03570819382828089,0.09003066605749435,0.00090914961067096,0.00064053327775355,0.2,0.2,0.3,15,0.3620805680656263,0.2426554576944818
7,9,0.2620807324255372,0.5936064627473102,0.5443892272183256,0.0919502042526861,0.06752121775626155,0.0856915592740917,0.00073813273689163,0.0006053679629674801,0.2,0.2,0.3,17,0.3135236219989429,0.2160328662892008
7,10,0.25751945985080005,0.5872293161578426,0.536350260578612,0.10608183545863785,0.02935553593766223,0.10467486449743744,0.00052712029862731,0.00041187589438195003,0.2,0.2,0.3,22,0.2659890436444586,0.1447452192766157
7,11,0.24946784190329177,0.5812531135589267,0.5364744621966837,0.10707260770677304,0.055417295458004556,0.09871456525571137,0.0008915086774147201,0.00042346031779497996,0.2,0.2,0.3,23,0.3753098396177309,0.1515903915560549
7,12,0.236789551032342,0.5695096741638892,0.5301326526145334,0.10536617024362492,0.07021489306396829,0.0854780828527943,0.00068861912066286,0.0005589590443879101,0.2,0.2,0.3,24,0.2739259442015277,0.1762896145514444
7,13,0.23733105086001802,0.5698996467265528,0.5304144705139747,0.1090318058628283,0.021154581863258887,0.0908034439602742,0.0006584395144398,0.0005142104311155399,0.2,0.2,0.3,25,0.3182902760884384,0.1544341280557641
7,14,0.2362820026106078,0.5687971350749284,0.5292746414171065,0.10528979237033373,0.01849957124348895,0.08629872820344113,0.00069703656165295,0.00057049170047396,0.2,0.2,0.3,26,0.2756548067862169,0.1747394920632258
7,15,0.22163028228921955,0.5515831788335699,0.5155981188609401,0.12350224556180212,0.05391326472056131,0.10245492551002756,0.00057750978724743,0.00048806206231055,0.2,0.2,0.3,29,0.3198525958229525,0.1547868916321929
7,16,0.2203789264461291,0.5454271902418117,0.5012547304419127,0.1134578397368684,0.03918116140035773,0.11033898765775263,0.0007051277961542299,0.00059469990289954,0.2,0.2,0.3,30,0.3233996936661433,0.1217704438044309
7,17,0.21738109085833146,0.5453312321461451,0.5082268299752983,0.1284058536873989,0.03243694331029915,0.10478991419899952,0.00081450026416178,0.00055062728439379,0.2,0.2,0.3,31,0.3423596080386028,0.1057386598197276
7,18,0.2032846727628114,0.5280340870664626,0.49491555804389503,0.12802904921957406,0.10989264141973511,0.1068531125885639,0.00067704149443142,0.0005373289294461801,0.2,0.2,0.3,32,0.2944398050714886,0.1014210434965552
7,19,0.20055624337071626,0.5201274787452086,0.47879966406672836,0.1182712629197695,0.030374363862991676,0.10683395648162579,0.0007865485642768001,0.00053105793510342,0.2,0.2,0.3,34,0.3231234661378795,0.1040855589811656
7,20,0.19714748121888837,0.5185997452196867,0.4839429562316305,0.1253219411573219,0.02858473948362914,0.10632572416127652,0.0007038914529832699,0.0005048222464553201,0.2,0.2,0.3,37,0.2892470031151864,0.1005435108517978
7,21,0.19053470246241572,0.5085456967631713,0.4723600113557447,0.1233498185876841,0.059002616885247154,0.10231720429631601,0.00068066375993007,0.00057162868825817,0.2,0.2,0.3,38,0.2899318955693913,0.1068279252901123
7,22,0.17891281122183542,0.48457244428895074,0.4373066814757332,0.12539776398061409,0.06669590787126457,0.10913543322595473,0.00080601065873542,0.00044919435301005997,0.2,0.2,0.3,40,0.2342581902109277,0.103138450266306
7,23,0.16580431093582826,0.4647999896156342,0.42112346882088836,0.12433386728411785,0.1211322818894367,0.11044697325415312,0.0009378474566717201,0.0005192089078891601,0.2,0.2,0.3,41,0.2695520833804729,0.1003132775229754
7,24,0.16407412160437426,0.4623051620262489,0.41830817226671874,0.12624417440653207,0.030893078397204943,0.10797682024164752,0.0007665397904295499,0.00043969296426354,0.2,0.2,0.3,42,0.269027423749603,0.1247553859691394
7,25,0.161285032173122,0.45596535249557196,0.4107818488311823,0.12207701614463891,0.05097121372947054,0.11189739476801946,0.0009258420606610199,0.00056120732609178,0.2,0.2,0.3,43,0.2318845815302561,0.1231750935962331
7,26,0.15048717942134834,0.43944844919676535,0.39859675463632094,0.12707893002489856,0.10131326169545707,0.1075722635041507,0.00075089047603114,0.00044186814453460005,0.2,0.2,0.3,44,0.2348095338021875,0.1083368324763413
7,27,0.1446907022764602,0.4280164265728904,0.3853412639278484,0.13024495194849073,0.06713936384667582,0.10570862383711838,0.00067697578762166,0.00047212984001667,0.2,0.2,0.3,45,0.2205266680195288,0.1110582746631441
7,28,0.1380024285775397,0.4135009345774454,0.36839461009357394,0.13125310907794877,0.0822396644070129,0.10671403361908904,0.00076472049138674,0.0004815851122911,0.2,0.2,0.3,46,0.2262100351329711,0.0904573067762682
7,29,0.13656238383106983,0.41491903896307913,0.3770674363936553,0.15755525074972382,0.02173197331614008,0.10308798858991988,0.00073008053080161,0.00052657346840547,0.2,0.2,0.3,54,0.2480584495884976,0.1031801655392846
7,30,0.1363044619742585,0.4179685554537305,0.387508671106613,0.18775977944025757,0.021515517957897863,0.10349421192371411,0.0007408040575799,0.00052329796500962,0.2,0.2,0.3,60,0.2508137931696476,0.1021533545837984
7,31,0.13367746341517447,0.4159384676720223,0.39205377809641084,0.18348444890598456,0.044440498487229814,0.10324335509539008,0.00073239542635497,0.00053653908159202,0.2,0.2,0.3,61,0.2442225409131774,0.0984374463916031
7,32,0.13273243170407764,0.41374107433610274,0.3894823478245137,0.19265147916141123,0.02219483511338745,0.10356253381487328,0.00076329464269445,0.0005358954129835701,0.2,0.2,0.3,69,0.2485014730413144,0.0965392830382511
7,33,0.12800768854231634,0.4144211981264288,0.4110201414984268,0.22521310866987707,0.027815628115948662,0.10255302576794889,0.00066262272402294,0.00049207164187163,0.2,0.2,0.3,75,0.26730689077135,0.0883786111885815
7,34,0.12820845605515124,0.41793081596409065,0.42192735802553744,0.28746731211118703,0.021480075238279356,0.10490028430487147,0.00079613348331801,0.0005274780806013201,0.2,0.2,0.3,91,0.2074140681388199,0.0824233409076011
7,35,0.1258291558283552,0.42008955934450715,0.43828243560674457,0.320896429171385,0.03148921797250859,0.10367116913534491,0.00079126122684602,0.00062774672431273,0.2,0.2,0.3,93,0.2529929039856699,0.0754626459380882
7,36,0.12303776260373381,0.4246738889671521,0.4643390588283063,0.372651962662115,0.02994947556163126,0.10329696724639574,0.00080940821089911,0.0006745923807360301,0.2,0.2,0.3,96,0.228870511915814,0.0935660893149455
7,37,0.12144158548685541,0.4208342868592834,0.45986712827866805,0.37157855182551697,0.028925371089058474,0.10327751254045789,0.00081268822018242,0.00066434142436584,0.2,0.2,0.3,98,0.2282959473031987,0.091518381951353
7,38,0.12137200688999093,0.4206809991584659,0.459690291328367,0.37152803413047003,0.02129995417126181,0.10322389198547882,0.00081159262500527,0.0006646857579097599,0.2,0.2,0.3,100,0.2282261631026794,0.0913672615988011
7,39,0.12119575184644,0.4202367162880984,0.45917089358057267,0.37502912467972305,0.022576793338084683,0.10328897400718627,0.00081357227180275,0.0006583647107137401,0.2,0.2,0.3,101,0.2341366226149492,0.0912746300603943
7,40,0.12116709034948306,0.43464429444015046,0.5035218337952374,0.4659198952627615,0.021454641205942687,0.10468340977662209,0.0008204806264411399,0.0005779764588242,0.2,0.2,0.3,129,0.2237386802150805,0.0888044372696931
7,41,0.11960271687256381,0.4342195947374392,0.5098947321158538,0.4759037350451495,0.030980114972893186,0.10574109183730722,0.00082193697653497,0.00057136923643149,0.2,0.2,0.3,131,0.2115265455428966,0.0939386740145361
7,42,0.1193414345701592,0.4446962376973463,0.5428048900846332,0.5441418858814593,0.021889550877214815,0.1057816872524757,0.0008230020358211699,0.00057231119997438,0.2,0.2,0.3,138,0.2117322253157438,0.0949435898199938
7,43,0.12065855475161091,0.45150417244613894,0.5576222161491547,0.6178092838323812,0.021930180194514086,0.10624483431676204,0.00082848000905875,0.0005829625707377401,0.2,0.2,0.3,149,0.2053699059553133,0.0945096785597426
7,44,0.11832715850595615,0.4570352967977054,0.5847898893354309,0.6552690717778357,0.02207975085976174,0.10576857703919457,0.00075549656229296,0.00059589640468768,0.2,0.2,0.3,155,0.2302286448822742,0.0861759649087726
7,45,0.12245533557867921,0.4598264382269885,0.5742474527253602,0.6745075349253514,0.021421544899007657,0.10538228776601022,0.0008283320432708,0.00059440886254363,0.2,0.2,0.3,159,0.2089925135613328,0.0904302650677549
7,46,0.11916160556154617,0.4478002822637728,0.553305298109402,0.6167857042943264,0.02734640378544223,0.10632087947181937,0.00080399595053759,0.0005874953623978,0.2,0.2,0.3,160,0.2061472473667967,0.091075172292244
7,47,0.12162976492113083,0.45392277089766736,0.5604453441412368,0.6184586242524914,0.025675147761827347,0.10606008443682657,0.00083017106564683,0.00059227081002729,0.2,0.2,0.3,161,0.2067181204571349,0.0919969477784116
7,48,0.1173860437041653,0.4472382002027545,0.5595692120136775,0.619506630469717,0.021515356996115093,0.1058733989801507,0.00076775845504078,0.00057655476887535,0.2,0.2,0.3,162,0.2193718491457772,0.0929843783050899
7,49,0.1168651390605826,0.44591847473471935,0.5580307859351039,0.619520737217465,0.02696764138190639,0.10591678229812869,0.00076484907420535,0.0005693599937723101,0.2,0.2,0.3,163,0.222364551419958,0.0924509938752271
7,50,0.11667239189101697,0.4453686324845795,0.5573831950246476,0.6309669438910429,0.022773463778373162,0.10612633033965185,0.00075809546694263,0.00057673011480493,0.2,0.2,0.3,165,0.224818745767303,0.0923683916873142
7,51,0.11651320086872821,0.44877694582450534,0.5682666667915212,0.6304035085779234,0.0219793715927639,0.10579865577112753,0.0007704005744718801,0.0005720277539837399,0.2,0.2,0.3,167,0.2218497954974207,0.0954582126740379
7,52,0.11616715014347544,0.44783747247684896,0.5671653572132496,0.6376722693683827,0.025564051971591183,0.10602737742731898,0.00075404988771458,0.00056847646798115,0.2,0.2,0.3,168,0.221872219984429,0.0932273154517127
8,0,0.9178053352024436,0.9724261208269683,0.9678772743540017,0.14025542983176129,0.0,0.0,0.0,0.0,0.2,0.2,0.3,1,1.1201489415408,0.7470091370828302
8,1,0.7955413647487136,0.9386382298472444,0.925193884666357,0.15110078107976108,0.1313500880629411,0.1006357974038261,1.3790800725030001e-05,1.619752170931e-05,0.2,0.2,0.3,3,0.8153967211162997,0.548089414870394
8,2,0.4500281855579066,0.7535597921196092,0.7096754531286191,0.10170152667501786,0.7806604942483009,0.09722668958767991,0.0002608486518695,0.00026128618290826,0.2,0.2,0.3,4,0.4957824132122275,0.2288750962075977
8,3,0.44235329140778584,0.7555251614862049,0.7257281563354447,0.12214931548503834,0.025711512138993867,0.09853670513809265,0.00023270236627058997,0.00024039601595864002,0.2,0.2,0.3,8,0.481654748132805,0.2006060962749546
8,4,0.2904154985887515,0.622843725006231,0.5711785370318753,0.08685279106770448,0.2957366134535633,0.09805294307352984,0.0001704943709145,0.00019792174783114002,0.2,0.2,0.3,10,0.3290914111158545,0.2221924574054802
8,5,0.2893327664618423,0.6256014950082922,0.5813076630571745,0.09439631172752408,0.021851300602170536,0.0976329560989221,0.00017137795249428002,0.00019111607134252002,0.2,0.2,0.3,12,0.3267327565055062,0.2298437258146066
8,6,0.2216397749844962,0.5437977892701977,0.4925717139841129,0.07856196493971761,0.1992074673533127,0.10747723970187346,0.0004895411800174101,0.00027377630348634997,0.2,0.2,0.3,14,0.1901038730176102,0.2173158463202792
8,7,0.211077455765053,0.5322215507303673,0.48595748145019446,0.08919263055519197,0.05379281248851538,0.10841622208209006,0.00049059880611592,0.00026413950824674,0.2,0.2,0.3,16,0.1722068169270003,0.1698982479038483
8,8,0.21104839068207504,0.5321796568634287,0.4859089031267767,0.08652697476506166,0.022026696780149974,0.10840863847707424,0.0004906038066322,0.00026413160293355,0.2,0.2,0.3,17,0.1721734177483063,0.1699278457106664
8,9,0.17729775572365847,0.47846427724961466,0.4233772878926104,0.07576707269950345,0.24194244061288353,0.10718986330283742,0.00036823922027,0.00024604655973044004,0.2,0.2,0.3,18,0.1819264353214574,0.1797943744246785
8,10,0.17561878679200552,0.4755570661888983,0.41999290626833363,0.07318305398420483,0.033501472837876994,0.10711017030662472,0.00037760554723528,0.00024371324431094002,0.2,0.2,0.3,19,0.1764029765210211,0.169959937312213
8,11,0.1734549956867294,0.4751563886875785,0.42636093885964815,0.08774397600495144,0.04062752768824705,0.10905658407202387,0.00043052254524744,0.00027337053561231003,0.2,0.2,0.3,20,0.160877499337654,0.1217473625492764
8,12,0.17272330332042327,0.4739385067846716,0.4249591098240257,0.0851829753034834,0.02417524006654251,0.10856163526880427,0.00042167397714259005,0.00026650322831676,0.2,0.2,0.3,22,0.1630856267412568,0.1308290615696939
8,13,0.17113924179201262,0.4745163789341798,0.432468947486269,0.10897305892825228,0.02592129106936468,0.11042844273603983,0.00043603984106416004,0.00033780493714692997,0.2,0.2,0.3,26,0.1699641179633106,0.0927323262856285
8,14,0.17028493693557104,0.46941359808171956,0.4196530551641848,0.11821602825475382,0.02702871376878016,0.10964812402161937,0.00038999112399809,0.00026315862820668,0.2,0.2,0.3,27,0.2231549581004908,0.2054998703987159
8,15,0.16508263392611316,0.4671490112358819,0.43078289296143624,0.11188728518037856,0.06318742015944348,0.11060789272531704,0.00043854132776886996,0.00032756802706228,0.2,0.2,0.3,28,0.1644899548773631,0.0874162160555131
8,16,0.13458208154073278,0.40538139536007706,0.3588533859323799,0.10420702809350564,0.2762616604133311,0.10985601874335124,0.00044410417243647,0.00026246178216481,0.2,0.2,0.3,29,0.1766262885374827,0.1084776033846701
8,17,0.13305300393389366,0.4053691641358766,0.3657043030654818,0.1139020019185547,0.030477536721609143,0.11092269559581341,0.00047952669187577003,0.00027578636428938,0.2,0.2,0.3,31,0.1866453989878796,0.1189160170631938
8,18,0.12630388303589843,0.3941333445659082,0.359595007873716,0.13016448294804478,0.03681984896392032,0.10861881581114853,0.00040605493319455,0.00028774871496449,0.2,0.2,0.3,35,0.1930874118406207,0.1092762754798767
8,19,0.1264591249862912,0.393858476777725,0.3591972219889132,0.12732584340495623,0.025426408845046506,0.11089414331006009,0.00046037831440110005,0.0003018437500392,0.2,0.2,0.3,36,0.1857245865632242,0.1086237458578716
8,20,0.12477724871050473,0.3867074951273691,0.34402645183586195,0.1297570208623918,0.03476181043810762,0.10909026366236056,0.00041208210105796,0.00028119803769417,0.2,0.2,0.3,37,0.170449866581314,0.1012007034044232
8,21,0.12355036788416317,0.3879223047532793,0.3523997875925803,0.1456774612793228,0.030407977206175437,0.10740237189240426,0.00040666925650162996,0.00028089564077782997,0.2,0.2,0.3,38,0.1959490932082047,0.1047506571142897
8,22,0.11621826816964473,0.36885497973913756,0.3300805176014099,0.13579928589891563,0.1035958028495363,0.11050462788740294,0.00048671382801160996,0.00030964554051255,0.2,0.2,0.3,39,0.1579672116154478,0.1085419787188662
8,23,0.11407458534372572,0.3674375128624043,0.3353702192423836,0.14969329443933294,0.032148286931365795,0.1092776032860361,0.0005094640621495699,0.00032872658907479003,0.2,0.2,0.3,41,0.146915619186103,0.1189419874274142
8,24,0.11356322585705109,0.3697677524396367,0.34498114686978215,0.15553082179900285,0.025014244603904716,0.10945304103693901,0.0005122406399127499,0.00033005205579978,0.2,0.2,0.3,43,0.1444388422056628,0.1257324894046933
8,25,0.1112497488741237,0.3708345602770213,0.3599982270483374,0.23714499742984502,0.024072731889641496,0.11041296513373369,0.00050179894398937,0.00030616803083408,0.2,0.2,0.3,58,0.155983358921136,0.1120754902116484
8,26,0.1105473135653713,0.3763546866360157,0.3802296038066599,0.28046643037659,0.023180856267859845,0.11050915751891754,0.00051132103098545,0.00031393001296655,0.2,0.2,0.3,67,0.1561181898373444,0.1065679435928109
8,27,0.11033946720670786,0.3869943307297914,0.4133370275842519,0.3217827153426924,0.022892083223423128,0.11033952537684975,0.00050420489374373,0.00031229248635932,0.2,0.2,0.3,70,0.1527691531075928,0.1081154206978793
8,28,0.11012730117325921,0.3824766206281017,0.40114802279888023,0.3119496016120601,0.023713733883892276,0.11104482549061138,0.0005060324856184,0.00032151136356238,0.2,0.2,0.3,73,0.1729632953261042,0.1137677346254315
8,29,0.10612499532375498,0.37531747905401885,0.3997097941094557,0.30763004929640453,0.0672516336652798,0.11107727978745664,0.0004898909664073101,0.00031544472605412,0.2,0.2,0.3,74,0.1686143101901253,0.1249616105417402
8,30,0.1047962387379633,0.3753344153860992,0.4066311620218631,0.34675022274019146,0.024106375976138593,0.11107725450977685,0.00047827854524008003,0.00033520464072044,0.2,0.2,0.3,83,0.1538909910646737,0.1380949193301592
8,31,0.10364461672754832,0.3721549484032238,0.40293172338673017,0.34314601873275513,0.035385347480648074,0.11093652095939746,0.00049959899597538,0.00032297441544048,0.2,0.2,0.3,84,0.1541185210096117,0.1246758047436114
8,32,0.10228590521789775,0.37595557859784856,0.4211841439610031,0.36275346592470625,0.02947511368502535,0.11030469504213337,0.00049498078549819,0.00033572147229649996,0.2,0.2,0.3,86,0.1575595487054887,0.1373561392185861
8,33,0.10106728589298253,0.3758634412888153,0.42795130859159386,0.3754501361554082,0.03061938533228993,0.11116191608528261,0.00049939026778225,0.00032162356296173,0.2,0.2,0.3,88,0.1587204444318644,0.1263939348867171
8,34,0.10028574795327459,0.3699377777205335,0.41414978762038196,0.37481593348808506,0.02541749059924252,0.11105118267914788,0.00048800462090281,0.00032452922004965,0.2,0.2,0.3,91,0.1511096191272208,0.1408391912631955
8,35,0.10006313807736296,0.36928686216601314,0.41339103140324907,0.3814539636536985,0.02510313172333598,0.11106182731238107,0.00049127835591237,0.00032353961624423,0.2,0.2,0.3,92,0.1493214393341793,0.1365947630397808
8,36,0.09902121892314635,0.39245877368194176,0.4887212161901222,0.5323967840577191,0.02265515557023016,0.11047988867459212,0.00048967746778923,0.00030705187406139,0.2,0.2,0.3,122,0.1571443701792929,0.1290847399924178
8,37,0.09834280329365144,0.44641676392803975,0.655137963484624,0.7481929130491074,0.022226250137694956,0.10967850136161814,0.00051094200362219,0.00034122031916698997,0.2,0.2,0.3,197,0.1694770565702984,0.1103655657353182
9,0,0.9372318109865078,0.97915160361477,0.9757122731860887,0.14356367256056307,0.0,0.0,0.0,0.0,0.2,0.2,0.3,1,1.0187458040086748,0.7583022998756026
9,1,0.8074695498379375,0.9407030672001165,0.9283738039371234,0.14828668306483284,0.12657869235954117,0.07716987182683971,1.315459910447e-05,1.22087484821e-05,0.2,0.2,0.3,3,0.7468895598785911,0.548297430113302
9,2,0.4689614055058729,0.7668634826163176,0.7251472344422136,0.10552504904053017,0.7545064529482326,0.09810142982408704,0.00025046334948003,0.00022306365675268,0.2,0.2,0.3,4,0.4161587633704648,0.2269957409501434
9,3,0.4656793411893913,0.768506002685259,0.7338601272982187,0.111163345089968,0.025912225194765187,0.10108985752376168,0.00030446093863248,0.00027197738835096,0.2,0.2,0.3,6,0.4130055590061992,0.2127610986113971
9,4,0.448325561947376,0.7602753843309146,0.7310548055875755,0.1364471309186211,0.031600276548108985,0.10502524753370795,0.00015810952155943,0.00015201078491322,0.2,0.2,0.3,11,0.4465239711443338,0.3314949096364284
9,5,0.41237995829077584,0.7371507780480774,0.710932962162382,0.14114253924086353,0.077897292344806,0.10739994966711632,0.000264804102563,0.00020737866830287003,0.2,0.2,0.3,13,0.3935362596187553,0.2468829055770681
9,6,0.37726937896558554,0.7056015165961301,0.6670463199938811,0.14475429661302938,0.06392869839479727,0.1144772061754658,0.000158149070372,0.00021840142741686,0.2,0.2,0.3,16,0.3086282216550186,0.1436967742766305
9,7,0.37884594019883444,0.7085520664340723,0.6699405734328977,0.158213558689266,0.032332190431386625,0.1310791191319408,0.00014776790170844,0.00013001441626543,0.2,0.2,0.3,17,0.3577220937779243,0.196510849259314
9,8,0.34429838696950177,0.6794072071238247,0.6433178614007992,0.1519430949149149,0.1415057512649218,0.11740104991983616,0.00028892130615168997,0.00050788545515768,0.2,0.2,0.3,18,0.2502710558344146,0.1296517684456167
9,9,0.32676527713994397,0.6626835336007731,0.6231107322021102,0.16393696567344274,0.11517563571165156,0.1397908407454652,0.00026000217264440003,0.00024103881824699003,0.2,0.2,0.3,19,0.3015907122327781,0.2054450589140745
9,10,0.3353765129370135,0.6740230409854572,0.637269038865691,0.18387133322829982,0.12295604479539109,0.31290093295459304,0.00026079718013598,0.00514104356684365,0.2,0.2,0.3,21,0.2162228240418898,0.2003575586994848
9,11,0.2867899808597349,0.6275082238807262,0.5955801387025917,0.15084884561107467,0.052601003651550564,0.14657748848444818,0.00016867919197577,0.0029891699762242,0.2,0.2,0.3,24,0.1937084545947927,0.2090083838346951
9,12,0.2799925933816373,0.616301344344663,0.5759548560085027,0.14212288765474895,0.05083130104466626,0.1404317756643377,0.00024875814783325,0.00031241669061801,0.2,0.2,0.3,25,0.2081548509621778,0.1663207567840384
9,13,0.277106687954247,0.6166373253601355,0.5832249748514207,0.1518971764116895,0.03562814626422419,0.14086254921936445,0.00028525921980887,0.00047659894420125,0.2,0.2,0.3,27,0.2035971694951578,0.1834532969867871
9,14,0.27084025173873644,0.6127406004580237,0.5854118731294662,0.16149311572399835,0.047324510926250125,0.14593249200878106,0.00029773982973217,0.00063895542956279,0.2,0.2,0.3,29,0.1720540313308805,0.200134149394413
9,15,0.26985342338472385,0.6152791364199598,0.595281268841997,0.1611225247270714,0.03167242980134944,0.14510324618011647,0.00033706084194009997,0.0009655373929452401,0.2,0.2,0.3,31,0.1873641650032277,0.1933384909698269
9,16,0.2683513758595515,0.6096961567621265,0.5818272883565617,0.1689989148443103,0.03858354524790923,0.1472332189037904,0.00029958199694359,0.00053672518515532,0.2,0.2,0.3,32,0.1905969496250477,0.1972749558357782
9,17,0.2648824960983059,0.612894202511549,0.5993576940460432,0.1876227091409915,0.0354702175259321,0.14438307708640064,0.00034464706069899,0.00239915469269501,0.2,0.2,0.3,35,0.1679629058938557,0.2086912948624919
9,18,0.2599539688838195,0.6032900089729958,0.5814028556020779,0.1853858637059542,0.04975016096036081,0.1432181758517415,0.000284537852761,0.00046928419038311996,0.2,0.2,0.3,36,0.1874401915507483,0.176668092273309
9,19,0.263624650590677,0.6061079222302096,0.5835206435089431,0.1769241114316102,0.053417473879418566,0.16528301667010714,0.00027103292176254,0.00930654956868847,0.2,0.2,0.3,37,0.1781435604075715,0.1793268836037582
9,20,0.25554760708023583,0.5976475585689757,0.5747589871889802,0.20092767755207216,0.036790527114920576,0.14526898500068994,0.00027803537772844004,0.0005308684149758299,0.2,0.2,0.3,38,0.1809583407299526,0.1640826930837272
9,21,0.25556817878557425,0.6011625422207207,0.5856196984648068,0.21081003936751566,0.03220589244153127,0.1491105458173973,0.00035378476467553004,0.0006755009337313,0.2,0.2,0.3,40,0.1808357406871683,0.1553034775655902
9,22,0.2503957810135327,0.5984869108623871,0.5895470677628252,0.21987806868722634,0.04062741519111488,0.14510227022888494,0.00028384068922101,0.00052152721262142,0.2,0.2,0.3,42,0.1816125729605245,0.1638294650030323
9,23,0.2486001643662596,0.6000170997564732,0.598312788871309,0.21974977037392596,0.03223156217270063,0.1421447860397653,0.00030532783416184,0.00084490720020527,0.2,0.2,0.3,44,0.1696275260342601,0.1653862394726099
9,24,0.24272401489745726,0.5879888570620636,0.5771010383675848,0.24724202363272665,0.05141985022823123,0.1422999818057391,0.00040232321406036,0.0066774638591032805,0.2,0.2,0.3,46,0.1800861196728667,0.1584098704821289
9,25,0.2415477783997378,0.5902846428953463,0.5867570628039764,0.2560780674796896,0.03198678039395468,0.14257079463341768,0.00038863675628297,0.0049043268094586204,0.2,0.2,0.3,48,0.179015123839017,0.1604899359613965
9,26,0.2413167164307581,0.5935162035497467,0.5973447190223231,0.2722996471981481,0.03251683865258298,0.1422999795189983,0.00040232315443176,0.00667746286943178,0.2,0.2,0.3,50,0.1735881806214022,0.1644144136269593
9,27,0.2295707543085579,0.5824214519757835,0.5918930836540863,0.29279278682693327,0.0348790974592166,0.13456070962393155,0.00020441493593026,0.00042673403970673,0.2,0.2,0.3,56,0.1786583355390278,0.1704826853470152
9,28,0.23020538167731802,0.5825206790176085,0.5916811455971938,0.38306166181864465,0.029354512047596586,0.14299098416436326,0.0008478187926520501,0.00099521410068492,0.2,0.2,0.3,83,0.1889330837137078,0.1985991168868489
9,29,0.22633503688386133,0.5877253105970772,0.6182726193243319,0.4254693894940897,0.059063353767849644,0.13908958749766498,0.00418145098448404,0.0049794428069953305,0.2,0.2,0.3,84,0.1835153135703513,0.1697890232761705
9,30,0.22633503344370043,0.5914364807277714,0.6294982211316571,0.43691478147471097,0.030148093187885274,0.1390895875048091,0.0041814224863305095,0.00497945034319519,0.2,0.2,0.3,86,0.1835153138484428,0.1697890233844292
9,31,0.22555997975449843,0.5903016847644968,0.6281670550222519,0.4433785958597348,0.03265906340632533,0.13922254602054535,0.0043237094969539504,0.00498160262125894,0.2,0.2,0.3,88,0.1889446559082525,0.1802530910162496
9,32,0.22493589793184648,0.5931401678461258,0.6383852027555486,0.4488456979980064,0.03183133120365268,0.13921862901975965,0.00389488238997074,0.0050830503092091,0.2,0.2,0.3,90,0.1820552427988545,0.178106519337268
9,33,0.22473632874913504,0.5926879137475255,0.6377966920803201,0.4765620759972329,0.03392931624983728,0.13922341646837377,0.00491966092837633,0.00564279091485994,0.2,0.2,0.3,91,0.1838588079132963,0.1756527378191354
9,34,0.2235394595500378,0.6136689201642564,0.7038163412210787,0.7197665768605344,0.02955574546255926,0.1436684766471831,0.0013554994186147202,0.0017408560820176898,0.2,0.2,0.3,133,0.2428788802786944,0.1653849177505296
9,35,0.22214838396898454,0.6210881149711909,0.7325624851015822,0.8103253134789742,0.03470694829160886,0.13947612067287463,0.00453942778296112,0.014610595169586621,0.2,0.2,0.3,153,0.1815887861008211,0.169523370252433
10,0,0.8968925951616324,0.9650315214180742,0.9592628093727854,0.13962840514810407,0.0,0.0,0.0,0.0,0.2,0.2,0.3,1,1.1843360424372802,0.7519656060969548
10,1,0.6259963030650083,0.861868858319058,0.828881359258069,0.128433743632411,0.2769761294674262,0.09863972067977718,0.00045200258051045,0.00057771789157261,0.2,0.2,0.3,3,0.5671113524401803,0.4675689842327974
10,2,0.4221139875047145,0.7328641372864807,0.6856636393508933,0.09550475846049374,0.5409404609232686,0.09441559702087854,0.00024324533654152997,0.00016723194079434,0.2,0.2,0.3,4,0.610123066929998,0.2269943639407137
10,3,0.32230032598947334,0.6470219651583997,0.5856952611759982,0.07309210192840501,0.1953697556751035,0.09355449561722656,0.00010431263708914999,0.00012496782032896,0.2,0.2,0.3,6,0.5554207992435687,0.1415201878218511
10,4,0.3040846193853672,0.6323529862634508,0.5753554832504593,0.08961108208224393,0.05951816840344875,0.09810636846754392,0.00013105321717274,0.00016633155951673002,0.2,0.2,0.3,8,0.6148230659834684,0.1491316451997026
10,5,0.298558666441784,0.6302771261956435,0.579840614278743,0.09423435393966174,0.03160866213853195,0.09807408602757296,0.00013094956145776,0.00016209447393529,0.2,0.2,0.3,10,0.5900609279999967,0.1517284728074242
10,6,0.2534168521932473,0.5786062003442681,0.5194949710056767,0.08698247788459536,0.1290501483236875,0.10262706776201506,0.00013290427084194,0.00016861185618547,0.2,0.2,0.3,12,0.5102481858634245,0.1366465816760003
10,7,0.2352255860577522,0.5542082887159996,0.49052196871221243,0.08930640773402093,0.08114681144676036,0.11919006029997187,0.00017086666033763,0.00021884907111946998,0.2,0.2,0.3,14,0.3570237039147085,0.2008887685004773
10,8,0.20417135984418824,0.5085638835443711,0.43702322785534775,0.0794558347374287,0.22226321370454313,0.12908443325923422,0.00014971281111044,0.00019237763374159,0.2,0.2,0.3,15,0.3747954078780616,0.1697981325243628
10,9,0.19179953620888998,0.4922991698532253,0.4249165184089154,0.08111681292937863,0.0682441840578139,0.13090207943724438,0.00016413355589171,0.00020383486526891,0.2,0.2,0.3,17,0.3277869559455806,0.2413763378958001
10,10,0.18593567282409434,0.48627876828558153,0.4248213643196846,0.08547061266751307,0.046042163384605164,0.13033065464509155,0.0001923474879094,0.00023877925992320001,0.2,0.2,0.3,19,0.3267308201700304,0.2419183293626188
10,11,0.18403601692601623,0.4756335619162764,0.398619344170147,0.08956527658014143,0.039338877289249397,0.1302583167520286,0.00017771479041172,0.00022110342233257,0.2,0.2,0.3,20,0.380435805754251,0.2351317303598644
10,12,0.18385595532261428,0.47907179278198025,0.4095351585720492,0.09691062774722001,0.026410964613369805,0.1300128468367388,0.00017675323368392,0.00021995731513116003,0.2,0.2,0.3,23,0.3813845813643004,0.2318269885060057
10,13,0.17118044469978194,0.4610871028297108,0.39563399997520426,0.10642700471539579,0.11100899850311108,0.12551692329848363,0.00017543548625488,0.00022353243810390003,0.2,0.2,0.3,24,0.297157351097514,0.2492739093172013
10,14,0.16242032687224606,0.4493816261370982,0.38906302279054644,0.12149911532065465,0.03416283023145524,0.12052728122550109,0.00023530618006829,0.00021010004873894998,0.2,0.2,0.3,30,0.3371420249777009,0.2080019061062187
10,15,0.1524876183554763,0.4330259834467356,0.37682094145237055,0.11879809972542207,0.10960010254701893,0.1232250713104578,0.00026312981125008,0.00022088306631176002,0.2,0.2,0.3,31,0.3052601824673658,0.2081086951583648
10,16,0.14922628512985167,0.42639278471549025,0.3690983062413425,0.12572209085727648,0.03836123143892485,0.12305622192642128,0.00028272614548769,0.00022339145669824,0.2,0.2,0.3,33,0.2892274740853223,0.1996553275303502
10,17,0.14760651981585518,0.4210775643180304,0.35626898825885306,0.12119360617450887,0.0231574044463457,0.1150440328445004,0.00024269668381082002,0.00023754150582867001,0.2,0.2,0.3,37,0.2850938181931221,0.2228457087610543
10,18,0.14356210826580534,0.4192187416779252,0.3677846803286246,0.13673033259279785,0.06529777336273629,0.11869632633630615,0.00033467773153197,0.00023173731954186,0.2,0.2,0.3,38,0.2718859959699621,0.2598483969437213
10,19,0.13778965494561382,0.4174809605136627,0.38642079837700727,0.1627261901708138,0.037695839055660624,0.1200769696592839,0.00032707290106286,0.00024787928310621,0.2,0.2,0.3,42,0.2517631413803062,0.1568582963120814
10,20,0.13589927841660346,0.40816156411319227,0.36848069157722324,0.15815031700786694,0.05279929337506517,0.12557700061407578,0.00023284431613454997,0.00030233363071329,0.2,0.2,0.3,43,0.2282927002390006,0.1737888659637504
10,21,0.12705172148950827,0.3969388743198205,0.3694426553160269,0.16518561177018842,0.05941036455884153,0.11849489707311774,0.00035628618734501996,0.00026195781936332003,0.2,0.2,0.3,45,0.2335405412212515,0.1749901361327073
10,22,0.12129208336989056,0.384648690790189,0.35531515420897614,0.16879939507006658,0.0686270877992547,0.11289980094065899,0.00022018449521130998,0.00024023806071662998,0.2,0.2,0.3,46,0.3175624380663154,0.1473439157909058
10,23,0.11271245877905657,0.3577777571891573,0.32350431616870046,0.17438329056140145,0.05047215922474593,0.1279792086067498,0.00038166437609019,0.00032401077335227,0.2,0.2,0.3,51,0.2104472215660771,0.1122403097881777
10,24,0.10175442232326169,0.33213668778174793,0.30065901755255153,0.18440080253029348,0.14315303955804204,0.12392507181116862,0.00058414493944552,0.00039555994118540004,0.2,0.2,0.3,52,0.1659920010175253,0.1343784664918524
10,25,0.09735807650437603,0.313515293880936,0.27192225378691615,0.1742859519350504,0.09084420394445811,0.1281572770644692,0.000519310406778,0.00047105676672349,0.2,0.2,0.3,53,0.197220410115228,0.1267404824712114
10,26,0.09606981664896858,0.31865834484761163,0.291853689159798,0.19519717153694424,0.026536074770382313,0.12412820018992483,0.00052082340237158,0.00041769539173203,0.2,0.2,0.3,57,0.1958678635260453,0.1176841579763947
10,27,0.08554612631479823,0.27650967915354907,0.2355567016952499,0.1857778671991765,0.10985888424294026,0.1333020210119277,0.00042063148181819,0.00028596876915387996,0.2,0.2,0.3,59,0.132283274127949,0.1169139129518628
10,28,0.08131346361162663,0.27163275158065486,0.24383706692114537,0.22212025881278966,0.03784420765371004,0.12786796953884574,0.00073767283937676,0.0005178494560426999,0.2,0.2,0.3,63,0.1413322420664513,0.1121313063566779
10,29,0.07839108731910463,0.268340782162111,0.2538185657874987,0.2459538375067811,0.031944090152709666,0.1277045417048902,0.00058980784831227,0.00048037117617282,0.2,0.2,0.3,70,0.1450417059681086,0.1119194568735384
10,30,0.0769240906774135,0.2629693001988527,0.24755995628184893,0.2548113351572096,0.037190879105142946,0.12754761459900418,0.00067079323892061,0.0005508549157599,0.2,0.2,0.3,72,0.1460778161367098,0.1009335924608363
10,31,0.07407784931735396,0.26281892304996746,0.25470875139994453,0.2725517995566845,0.02415662837946067,0.11485543685225401,0.0006712574338440101,0.00049008969584756,0.2,0.2,0.3,77,0.1460318018800594,0.1011360651761581
10,32,0.0738887276861493,0.2630958517938115,0.2617743443367498,0.34598082005834835,0.025825261978940826,0.11776520263898312,0.0010205883975546999,0.00153587091549803,0.2,0.2,0.3,88,0.216070581495004,0.0933498628846127
10,33,0.07044378785073001,0.2533871327369999,0.2573688548654223,0.36034110731128566,0.04255855907155727,0.11845731363475591,0.0008825491306084299,0.00111278195477862,0.2,0.2,0.3,91,0.1806860362860667,0.0897256890310519
10,34,0.07069588991349762,0.25299652852363225,0.26354067797658653,0.3888019166685117,0.029357186218003657,0.12817329762054303,0.00055238107037018,0.00041876026913264,0.2,0.2,0.3,98,0.1768285347335101,0.0750800014620939
10,35,0.06931409446657946,0.24741159287131914,0.2503335222050747,0.3996670634203216,0.02519925826689644,0.12189842673836343,0.00064113544535935,0.00047464181967509,0.2,0.2,0.3,103,0.1997664867299025,0.1011965175107136
10,36,0.06831560914963351,0.2428692256617998,0.25172474670632666,0.4094188429210629,0.04582923540405939,0.1284117382367739,0.0007034433123122199,0.0005220122474982,0.2,0.2,0.3,105,0.1688583747145915,0.1086425750293314
10,37,0.06773395066431388,0.24841145161046,0.27201710541429686,0.4836264382092828,0.026308466311141553,0.12724074105998293,0.00107416369420838,0.00042120091317748,0.2,0.2,0.3,118,0.1871393560270213,0.0910383418598838
10,38,0.06313585305215373,0.23602734853476579,0.2579546986360198,0.47083016374095116,0.04464996681614849,0.1161004123454902,0.00096845318714513,0.00054910115090638,0.2,0.2,0.3,120,0.185560523557939,0.107643884638993
10,39,0.06306948970033752,0.23578698247010824,0.2576769963910599,0.4744880917830736,0.02450441973638791,0.11603134109090835,0.0009708861533843901,0.00054701632617726,0.2,0.2,0.3,121,0.1976309015343611,0.1075782621581359
10,40,0.06224756699498231,0.23586136927177176,0.2646659608615801,0.4887755300050972,0.038373619086902615,0.11602543813591527,0.00097059812954479,0.00054866225615893,0.2,0.2,0.3,122,0.1858804643825931,0.0970618555427353
10,41,0.06056525592435619,0.24819684971237566,0.3136026445234804,0.5366594930991886,0.02499713513811014,0.11400184055340931,0.00066493219833899,0.00098768477904537,0.2,0.2,0.3,135,0.1545916809663017,0.0722255073320623
10,42,0.061550174369283575,0.26300989610215414,0.35825816778908154,0.675846268997946,0.024740932728565677,0.12035014158974178,0.00066655214389776,0.00099973592873796,0.2,0.2,0.3,158,0.1550532653876545,0.0719839977079555
10,43,0.06259935803982401,0.26740292443268304,0.37008372919322463,0.738380235438716,0.02598810192811858,0.12637251011877132,0.00064399458728234,0.00092766488355472,0.2,0.2,0.3,169,0.1512753378524324,0.0785070948636204
10,44,0.06215945784842231,0.251715208773401,0.32426034976429796,0.7455777576870375,0.025683924420906855,0.12521387274759047,0.0006498843851425399,0.00045978450240481,0.2,0.2,0.3,174,0.1757404781732729,0.0876440604802486
10,45,0.060775396101257796,0.2449521661307852,0.31635996264244687,0.7624625729978372,0.0396663798216174,0.12576020929900766,0.00072216078958012,0.00048505881473217004,0.2,0.2,0.3,176,0.1637838395842617,0.0917685342307568
10,46,0.060383546524950406,0.2467981834580005,0.325410280781348,0.7694208230393211,0.02932304394330829,0.1258702985783553,0.00071950867677542,0.00046232514859357,0.2,0.2,0.3,178,0.1764078230183434,0.087277843678082
11,0,0.9431655719008564,0.9811791130512624,0.9780742557914645,0.14412873979155125,0.0,0.0,0.0,0.0,0.2,0.2,0.3,1,0.9958437412147616,0.7596908700388042
11,1,0.7743803056977375,0.927179873128256,0.9125980138368432,0.14461328609009355,0.15905344631845886,0.0778194371698391,1.754155280119e-05,1.463755218458e-05,0.2,0.2,0.3,3,0.8797031512390117,0.5489347684964168
11,2,0.47832133538170674,0.7732557764992495,0.732580169652889,0.10736724061111728,0.6722486601666392,0.09874301094874366,0.0001672101760943,0.00013118813950056,0.2,0.2,0.3,4,0.5425929145238167,0.2379840071894365
11,3,0.3674899955347477,0.6887557558844446,0.6341304747522158,0.0896251549431599,0.19427349689923268,0.09911325034119436,0.00012956939520618,0.00010734194410419,0.2,0.2,0.3,6,0.3767756012491388,0.2043743240121191
11,4,0.35572113866903876,0.6821987658716185,0.6332289274012866,0.09839518949549536,0.04412192703930304,0.10405863585082846,0.00014536670885403,0.00013535822939146999,0.2,0.2,0.3,8,0.406346339658506,0.1799193159216527
11,5,0.28842833711479027,0.6153563870773755,0.554994054838999,0.08363718396150065,0.16552169360459737,0.11511721496083036,0.00015368404335891,0.0001442651008668,0.2,0.2,0.3,10,0.3427680507877554,0.2814135698350831
11,6,0.28828596564585285,0.6152061556718853,0.5548299230765754,0.08582032928211829,0.023379355187034576,0.11479020364198919,0.00015290549167651,0.00014289528224147,0.2,0.2,0.3,11,0.342545993365047,0.2796971810939332
11,7,0.28828751633795346,0.6189021737561438,0.5660112345713443,0.08973065342764601,0.023920164052030325,0.11558287575158313,0.00015808153376576,0.00014846578729899002,0.2,0.2,0.3,12,0.3439396941549988,0.2890942927520772
11,8,0.2880507356009049,0.6186496261241392,0.5657311843729755,0.09197997138601632,0.023795038338708215,0.11515742717349513,0.00015710639654227,0.00014682116796265,0.2,0.2,0.3,13,0.3434039683236649,0.2856251842041635
11,9,0.2719131006368615,0.6004784575205772,0.544711866365611,0.09022544417068687,0.05781982565289746,0.11051491990377649,0.00020365793254269,0.00018939333251245,0.2,0.2,0.3,15,0.3034348567775006,0.3607842531259567
11,10,0.25287003424329635,0.5705740130408004,0.4957089510907108,0.09115812076447433,0.13026046730679147,0.12132467279274882,0.00030331978341782,0.00020604328549159,0.2,0.2,0.3,16,0.3191570145653268,0.245043581860864
11,11,0.2335270273496196,0.5444526442376522,0.4652768667115779,0.0886105077772509,0.12854976601135948,0.12142239002396768,0.00028091069457235,0.00018623420556055,0.2,0.2,0.3,17,0.2186612163202777,0.2571033197996452
11,12,0.2335102878391066,0.5480191314341231,0.4763354407931833,0.09061350454527543,0.02443034990199799,0.12132467279274882,0.00030331978341782,0.00020604328549159,0.2,0.2,0.3,18,0.3158029459065085,0.2634369179950678
11,13,0.2227713097100074,0.5321180165220983,0.45729151071399726,0.09592726817366441,0.1074619586670573,0.13679157944735573,0.00040111777472894,0.00032926781570091,0.2,0.2,0.3,19,0.2633679521791519,0.2530088779448985
11,14,0.2165538880499308,0.5278757885048622,0.4597302588194447,0.09633012860976524,0.04442359150152107,0.12268822793490633,0.00019502244887343,0.00019731627990576998,0.2,0.2,0.3,20,0.2228606901080026,0.2992497412763654
11,15,0.20127126582220253,0.5070880085824838,0.4362093434152344,0.08234612195335266,0.0885661710561161,0.1015487137116559,0.00022872064327393002,0.00020135432420556,0.2,0.2,0.3,21,0.2797145155989288,0.2048239309383894
11,16,0.16308814802036514,0.4408477600755433,0.3586709443736911,0.07063634482713968,0.30504522012569596,0.11283859453986086,0.00020355007399685998,0.00017910416391758,0.2,0.2,0.3,22,0.1787001273984385,0.2042776786605868
11,17,0.1032952031123728,0.3001488892053261,0.19443139420030728,0.035434990635857234,0.318956399616042,0.12282881447662354,0.0001874803233488,0.00019176911955394,0.2,0.2,0.3,24,0.1066452260541806,0.0686126897735995
11,18,0.10329520280396177,0.30014888925107114,0.19443139424605224,0.038005139243438915,0.024660834924905513,0.12282881470351974,0.00018748032277447,0.00019176912115594,0.2,0.2,0.3,25,0.1066452269163835,0.0686126896588503
11,19,0.07527676582102634,0.2149386003161425,0.10895497993067899,0.02474269626574451,0.15221850985327376,0.12318340700946175,0.00021133648282007,0.00021249189096049,0.2,0.2,0.3,28,0.0597317042846465,0.0449144317960728
11,20,0.06782754561625384,0.18958768107271712,0.07964673708723563,0.05495200152679288,0.033274264630215704,0.11638779161007554,0.00022939623111636003,0.00018863122517712,0.2,0.2,0.3,38,0.0910874296126485,0.1452104711258139
11,21,0.05895069440344898,0.15955790121973973,0.05178166524875469,0.053009322301929604,0.0889608572934352,0.1098109506044166,0.00024286290548629,0.00019059554918804002,0.2,0.2,0.3,40,0.0783690264910278,0.1239262451302779
11,22,0.061076328548939865,0.19590232898900709,0.16265830756446265,0.22179859633549603,0.025461437869614207,0.12432142376803985,0.00027809504902641,0.00030672172098597,0.2,0.2,0.3,74,0.0662535098120972,0.2369629189302487
11,23,0.05951982794437165,0.19292990013926625,0.16611939387929198,0.2369788553238809,0.031634680484820835,0.12362896218610804,0.00040812556296656997,0.00024367125030990002,0.2,0.2,0.3,78,0.0726094738765619,0.1728826287426996
11,24,0.059504682490461064,0.20027897146470855,0.1884851677479852,0.27172277127799876,0.0249296800067919,0.12362880136136586,0.00040843979947596,0.00024621441756875,0.2,0.2,0.3,84,0.0725221059055348,0.1726202190273318
11,25,0.05898982486386973,0.19829391393432133,0.18619124747582155,0.28976209529567726,0.026705332619516818,0.12312432398958259,0.0003283282958346,0.00025977225428606,0.2,0.2,0.3,88,0.0682088248116241,0.1890734778871662
11,26,0.05787505728049555,0.20410626160999848,0.21366585215640743,0.3277323224264165,0.02793524987179466,0.12320531271909724,0.0003798307496682,0.00023719975603911,0.2,0.2,0.3,95,0.086123581192264,0.1912140433810935
11,27,0.056863085910668985,0.19545618485304428,0.19668215762841437,0.3033675803069064,0.04529635666371909,0.12203522523986352,0.0004919479761702099,0.00103139940991027,0.2,0.2,0.3,96,0.0930460617965563,0.2447901682056822
11,28,0.05518973902159852,0.18761387922233969,0.18755939685407674,0.3369793074423232,0.029308100676789628,0.1217820656096001,0.00039189639468904005,0.00099862839503397,0.2,0.2,0.3,103,0.1017221908311879,0.2123815457549598
11,29,0.05518069164753845,0.19127790467554076,0.19872998422734053,0.3513430449364369,0.024833560790568074,0.12178058355477701,0.00039213305005617006,0.00100161175976714,0.2,0.2,0.3,105,0.1015307574071012,0.2124061912645205
11,30,0.055054854565886886,0.19058608654926396,0.19792109100146965,0.3741346176464752,0.025171148628961405,0.1218746365938942,0.00039258513784511,0.00099846637294167,0.2,0.2,0.3,112,0.1022805321632401,0.2119671007825933
11,31,0.055025505146814875,0.1904557412762549,0.19776985149249326,0.38529992691553355,0.025010544982115038,0.12184974027202658,0.00039406781053953,0.0010016586982108,0.2,0.2,0.3,114,0.105974675394471,0.211136650762262
11,32,0.054691810218916954,0.19248246676209685,0.20703182384630106,0.3995710756037235,0.028247056819575657,0.12188699666211526,0.00039400064254616003,0.00100284986204363,0.2,0.2,0.3,116,0.0973390920357151,0.2124355928997046
11,33,0.05465342931543159,0.19601440535338285,0.2180491289221432,0.4105364154132193,0.025118009425263522,0.12187635115830521,0.00039242965654091,0.00100134305814349,0.2,0.2,0.3,118,0.0957727972613609,0.2124361526539072
11,34,0.05422269607046253,0.19403120630035314,0.2157454377613009,0.4743747819227301,0.025516292735193506,0.12276391041301703,0.0004191487582291,0.00025704601901165,0.2,0.2,0.3,128,0.0810901514093484,0.1848479349326815
11,35,0.053983582104245253,0.18911939961725258,0.20312110462852936,0.379791154131725,0.025701763469440857,0.12276391022051034,0.00041926078680339996,0.00025704601340205,0.2,0.2,0.3,133,0.0792781598217767,0.1839488160513024
11,36,0.05383057382004388,0.19951284550375617,0.23593695022271857,0.5198875510492704,0.02498970617065798,0.12268389097305116,0.00045090063353913,0.00026607048068833,0.2,0.2,0.3,144,0.0986675648770482,0.1979217045096745
11,37,0.0524999944793961,0.19279602870115142,0.22811378280923353,0.5256945113085543,0.05226652285657356,0.12257912894635602,0.00050525161773195,0.00026532984332171,0.2,0.2,0.3,145,0.0849550492826218,0.1994659672645935
12,0,1.0,1.0,1.0,0.1493741180123649,0.0,0.0,0.0,0.0,0.2,0.2,0.3,1,0.7512946644302961,0.7553220928036443
12,1,0.831953603535611,0.9534096559274357,0.9423653157827299,0.15537547717884234,0.15843109147683954,0.10173503179213075,1.806659977274e-05,2.5021892736409997e-05,0.2,0.2,0.3,3,0.6583691343030051,0.5493105570187297
12,2,0.4652781170039573,0.7643828123773786,0.7222264951676108,0.10496855930636276,0.7978221523953706,0.0989296526837541,0.00024396007576038,0.00029789190312578,0.2,0.2,0.3,4,0.4351324408996769,0.2219932747795621
12,3,0.4522306768426656,0.7588842433344535,0.7227552005157875,0.11406433245399668,0.03832122486494701,0.09792488881983688,0.00024732532841681,0.00031581615419911996,0.2,0.2,0.3,6,0.4054355711092729,0.2075045795576326
12,4,0.43321606195584383,0.7451488891495087,0.7067138160184208,0.11528598582534769,0.03438847222908771,0.09906605939492218,0.00031658966937153003,0.000319763647365,0.2,0.2,0.3,10,0.4579854676228265,0.3271613490362172
12,5,0.4072262822302086,0.725262040494693,0.6835771417182329,0.11187924091790909,0.10103472612897055,0.09817220507714536,0.00025771065995494,0.00033051442954574003,0.2,0.2,0.3,11,0.4462635483970348,0.2444816863670439
12,6,0.4030979717713154,0.7256991871736818,0.6909986025031508,0.11589493037219638,0.0329820331524393,0.09771363077991754,0.00032244735321866,0.00039065007950468006,0.2,0.2,0.3,12,0.4157910848983403,0.2550448540566852
12,7,0.38385781670612346,0.7103534923727421,0.6728315217264664,0.11398418494930282,0.09202187653484002,0.10615064778752742,0.00042960092030975,0.00055096402738376,0.2,0.2,0.3,13,0.4907502385186657,0.2306813849752216
12,8,0.3559714954429142,0.6899348270809745,0.6559014913228913,0.1178071468588326,0.12241308285074577,0.10811951195943581,0.00020255654177366,0.00030177635538586003,0.2,0.2,0.3,14,0.3689070865368058,0.1789270775921644
12,9,0.34401199985690506,0.6751779199626976,0.6320727388065438,0.1161419138496371,0.05909166915506516,0.09999518936064676,0.00026271717839433,0.0003269602364711,0.2,0.2,0.3,15,0.4043217742670946,0.2076430978415647
12,10,0.3291428819892745,0.6686043348799111,0.6379880689287876,0.11739350295094826,0.08505669999891403,0.10698148028143967,0.00026208240006883,0.00033966222191957,0.2,0.2,0.3,16,0.2949558016230076,0.1477052151721901
12,11,0.299865588424813,0.6315587224020001,0.5810412437947079,0.11172857155237395,0.14328986432256832,0.1065495125690022,0.00026544955502104,0.00032992538828915003,0.2,0.2,0.3,17,0.360246794359317,0.1887613947309254
12,12,0.28867249993225486,0.6232369314057501,0.5782818532421439,0.112495744729758,0.0700897344079594,0.10537392052272336,0.00033193969382398,0.00040236706239671,0.2,0.2,0.3,18,0.335854593767126,0.1761346907399466
12,13,0.2790835296965568,0.6124975262736417,0.5657018253079467,0.1108455004159242,0.06768432478095243,0.10759780388009324,0.00026735975188281,0.00035601800600134,0.2,0.2,0.3,19,0.3196132276713641,0.1393117229789903
12,14,0.27270296812421374,0.6088985522879903,0.5684064581561726,0.11488915531934081,0.05200724768102033,0.10736058010095907,0.00042113938035616,0.00051043389653011,0.2,0.2,0.3,20,0.332865652811826,0.1650454972101571
12,15,0.2598691643895514,0.5936055288232904,0.5505303851880989,0.11368885553827932,0.08663774940587765,0.10934672809874753,0.00034818209393213,0.00045094832158415997,0.2,0.2,0.3,21,0.3113311568564901,0.1209628221022485
12,16,0.2587657638525461,0.5921709209812407,0.5487904290492921,0.11187639106072712,0.030123238940344403,0.11117039433941511,0.000427705864573,0.00057031731670012,0.2,0.2,0.3,22,0.3267222590901561,0.1174720526986504
12,17,0.2562706462122566,0.5928174187271255,0.5564424929646271,0.11835155868047555,0.035236262738262254,0.11132051550376393,0.00041132260786867,0.00054827629777783,0.2,0.2,0.3,23,0.3190070317813796,0.1177087368126831
12,18,0.22186426132558293,0.551299577817126,0.5150224273236106,0.12241121606371398,0.11495839638033967,0.11047249265749116,0.00027277007051851,0.00030242331367647,0.2,0.2,0.3,25,0.3087995637917051,0.1826658619809499
12,19,0.19540031595141347,0.5149845408689426,0.4794888090385253,0.11182379940693836,0.10719978402417692,0.11406729373165513,0.00040167709727356,0.00044465703898013997,0.2,0.2,0.3,27,0.3073450291478672,0.188208412950187
12,20,0.19224408843887095,0.5098673910944753,0.4735138933651406,0.11643637474819783,0.04455824046674847,0.11446786692597405,0.00039432009109077997,0.00045814410245173997,0.2,0.2,0.3,28,0.3086148657445076,0.1866979398273872
12,21,0.18346684217036563,0.49618212357294605,0.4577705900522206,0.11473684566701273,0.0476250764071288,0.10873073056611182,0.00029331531594568004,0.00031642416457485997,0.2,0.2,0.3,30,0.2590867508798142,0.1420870740962342
12,22,0.1773820439962244,0.48556426553402526,0.44531409850063663,0.1312694671922347,0.06901463826734333,0.11123066006367384,0.00032281636860526997,0.00038827477187481,0.2,0.2,0.3,31,0.2792737076275083,0.1418677795306246
12,23,0.1662711234392602,0.46926515542354846,0.4332321121525866,0.11254749103366236,0.10424883406815273,0.11103555103375166,0.00037568553788641,0.00040794076588380996,0.2,0.2,0.3,32,0.2570088592744207,0.1649734109191475
12,24,0.1618701236677153,0.4569384410285595,0.41189570150451194,0.12156246030562462,0.06023270247345675,0.11322811560315,0.00039357614771831,0.00042857921222845004,0.2,0.2,0.3,33,0.2551735828007686,0.1502027733127967
12,25,0.13682804032446882,0.4137928920784888,0.3754955821186706,0.11234879608007267,0.2303070236115893,0.11174423823456166,0.00029464110739032,0.00029804668198586996,0.2,0.2,0.3,34,0.1919478394676736,0.2072757688012559
12,26,0.13279649151943085,0.40959215839536783,0.3705512410122305,0.1409257900244362,0.03613553373951961,0.11340553658684224,0.00024478160520878,0.00024670277173915,0.2,0.2,0.3,37,0.1754860760438103,0.1380220502053862
12,27,0.10761678897627762,0.3418359192481941,0.291638557132455,0.12181998343164482,0.15109435376703215,0.11274380526736835,0.00025224082175099997,0.00025355439780548,0.2,0.2,0.3,39,0.1570995760492455,0.1307490414908342
12,28,0.1064061974896516,0.34613604439869455,0.3104715020850834,0.14964034729851108,0.02566123077616156,0.11219718911400303,0.00025080071829988,0.00023562101022567001,0.2,0.2,0.3,43,0.1509605100491795,0.1373159197967143
12,29,0.10510858566815785,0.349654425630129,0.328346370236092,0.1635784998849542,0.031139391500160474,0.11299429739050211,0.00027662560206161,0.00026006687586924,0.2,0.2,0.3,45,0.1583532299262022,0.14037243175958
12,30,0.10209490281470074,0.33753575456540935,0.30733619965278763,0.15702341036527007,0.0341482455647771,0.11267700847971096,0.00027765419758159,0.00027046794831576,0.2,0.2,0.3,48,0.1547152472253501,0.0786783176018343
12,31,0.09997522349506764,0.3387025344203368,0.32248824226814177,0.1828472177401819,0.048840845241948094,0.11308903510502243,0.0002748010364153,0.00023284041670261,0.2,0.2,0.3,49,0.1558663702830812,0.1290515208496982
12,32,0.0993222237844107,0.33678951504950316,0.3202593647504794,0.18880134482480468,0.030641322715070387,0.11309526624259046,0.00027547759645712,0.00023367005983999998,0.2,0.2,0.3,50,0.15575059010558,0.1292285589676645
12,33,0.09809493515511308,0.3380930460937033,0.3287805012612176,0.206558003170201,0.02363788018087748,0.10948958808051137,0.00046997669242658004,0.00048044804943872,0.2,0.2,0.3,55,0.158695145357032,0.0957638621227739
12,34,0.09714801289945313,0.338222198778653,0.335763298203078,0.21891062423225213,0.03094935858422451,0.11189884396828938,0.00043359409100392004,0.00031035777888893,0.2,0.2,0.3,57,0.168932344283453,0.1043519245345086
12,35,0.09424510285899464,0.3309817097830732,0.3274462642829323,0.20334618610024463,0.04905151589155942,0.10847706206063369,0.00031180887127025,0.00029062214241685,0.2,0.2,0.3,58,0.1324936598187687,0.0884292743784396
12,36,0.08800810586723612,0.31032798821179153,0.3099476049775408,0.22077083605150713,0.04557768660658245,0.11877196935458052,0.00031202129279847004,0.00029539113411074003,0.2,0.2,0.3,63,0.1351832913698981,0.0839912659884418
12,37,0.07791210986911976,0.2814969284972077,0.28341805562419586,0.2226795823585704,0.05554762875561793,0.11391847465463491,0.00032163342248151997,0.00038251206700467,0.2,0.2,0.3,67,0.119026456025937,0.0873991367915582
12,38,0.077150370052014,0.28222471247757186,0.29115483663294084,0.23966464532079595,0.0293616721262545,0.11431652382046631,0.00032338255561789,0.00038435192076794,0.2,0.2,0.3,69,0.1172733969836773,0.0880100054720884
12,39,0.07678361337680893,0.28089409269337173,0.28960544375708047,0.25349805602255726,0.02440634075183253,0.11427051952373118,0.000348982062867,0.00038284427656722997,0.2,0.2,0.3,73,0.1197105349052262,0.0878945057662139
12,40,0.07545801905497469,0.27621879001242666,0.28417232099137657,0.26279293661429176,0.041911002747566074,0.11386346473122284,0.00034480829618044,0.0003847279705965,0.2,0.2,0.3,74,0.1166847135960115,0.0838818612393419
12,41,0.07559819472444218,0.27556243846007106,0.2833364910439688,0.30198891690492663,0.025630353627419826,0.11587526202241867,0.00038758885903423,0.00045424242165778,0.2,0.2,0.3,76,0.1248477768086716,0.078170152988271
12,42,0.0735026498927206,0.27538684185212237,0.29695475128785587,0.3021476431892915,0.030998065874386475,0.11520196160627322,0.00040870627527614,0.0005177157671256,0.2,0.2,0.3,80,0.133376537666824,0.0749628727649092
12,43,0.07370975618753392,0.2754709798885851,0.2970110729274299,0.3318475866222026,0.023709104267877767,0.11635689445127081,0.00043405033466333996,0.00057331047445718,0.2,0.2,0.3,84,0.1190496279341908,0.0722983520149246
12,44,0.07298242107428782,0.2768865455646608,0.30559122305576203,0.3486844082300893,0.027721500034597557,0.11559440076806322,0.00039893091683964,0.00052237320403223,0.2,0.2,0.3,86,0.1243581570978914,0.0739112313283626
12,45,0.07248346753050597,0.28235825137066817,0.3257683699191435,0.36620851984047126,0.02498370456649194,0.11560549822471611,0.00040981468771781,0.00054116202613826,0.2,0.2,0.3,91,0.1252354350284704,0.0744367661374599
12,46,0.07244902259726142,0.27806962295894966,0.3138433542498342,0.36301860135137054,0.026658047119500018,0.11636100357068055,0.00045044098164366,0.00054949022799326,0.2,0.2,0.3,92,0.1237202257555603,0.0651112238524789
12,47,0.07092751281346306,0.27781196827086635,0.3205581630432327,0.47239496207847226,0.023784751887473504,0.1129989633424413,0.00047600903298502,0.0004955276751249,0.2,0.2,0.3,111,0.1234274372316184,0.1091480058697928
12,48,0.0696475624525249,0.2878160042031175,0.35983277650566714,0.5848809695024302,0.023579895280771448,0.11262467793767206,0.00049019532462135,0.0005061202256083799,0.2,0.2,0.3,129,0.1235799376230357,0.1079385762903437
12,49,0.06990294862490685,0.288680485264016,0.3608316436209468,0.6041041506349139,0.02358422219835067,0.11290139048445322,0.00047978485270418,0.00049478136291766,0.2,0.2,0.3,132,0.1221093481129198,0.1085033986559751
12,50,0.3694777985167815,0.5880333780814263,0.6601355500380176,0.9396616792447079,0.32299175185959633,0.11182554942968946,0.0005469070129557201,1.0,0.2,0.2,0.3,134,0.117806628625604,0.12182558971935
13,0,0.961468528721043,0.9873567764253498,0.9852710988692541,0.14585045254344722,0.0,0.0,0.0,0.0,0.2,0.2,0.3,1,0.912646890956233,0.7540259584169704
13,1,0.7718754257325618,0.9275428672463977,0.9126171959090302,0.1464789071362119,0.17853915296278267,0.09004237758893824,1.97544396476e-05,2.145181911544e-05,0.2,0.2,0.3,3,0.9161840178664364,0.5545500628955955
13,2,0.4510890288963578,0.7544029894084187,0.7106084008049642,0.102153082269548,0.741692765561829,0.09881665141559753,0.00021637076483267,0.00022801463586082,0.2,0.2,0.3,4,0.496561582205981,0.2210816952255037
13,3,0.4268990985897318,0.7404177812401928,0.7012113971220876,0.10905424581266406,0.05649898470891445,0.09900000527180362,0.00023550207390759002,0.00023266062039474,0.2,0.2,0.3,6,0.5048276352728016,0.2189805459095669
13,4,0.3344331140473031,0.662465164915741,0.6104344905854018,0.09324339223558949,0.18002532730442525,0.09824790378703421,0.00012338474504678998,9.20168739058e-05,0.2,0.2,0.3,8,0.3973564992033767,0.163423484337697
13,5,0.3138802112931314,0.6460685145450796,0.5979910128398047,0.09475113949816537,0.06570228626726993,0.1055068918803349,0.00019094994963674,0.0001391639475539,0.2,0.2,0.3,10,0.4018649240403027,0.1509388857762413
13,6,0.29450429730171723,0.6223153262006171,0.5638073886050504,0.09891035018615418,0.030967339240864783,0.09360082243519596,0.0002818192620037,0.00012994231672388,0.2,0.2,0.3,16,0.4125208461336996,0.1947975780779539
13,7,0.2840074213058248,0.6255232644760749,0.5947820915525076,0.10273195356141233,0.07835309428141954,0.10456947428975387,0.00033659778190685003,0.00028350521323536,0.2,0.2,0.3,17,0.3812287300010869,0.2397333524739484
13,8,0.2836906544433837,0.6214466631712141,0.5831104506412721,0.09470942046828663,0.023209087880642187,0.10524111412107617,0.00031613298176015,0.00025935149086091003,0.2,0.2,0.3,18,0.3854210955928105,0.2102517443694867
13,9,0.24315417072258277,0.5694801047690691,0.5158211678656147,0.1038947990757004,0.21550466659953887,0.10066661911737011,0.00025549006209936,0.0002702273131498,0.2,0.2,0.3,19,0.357282306127047,0.1152610923779503
13,10,0.2307509560384927,0.5532355720490029,0.4969320379631739,0.09580597989834418,0.053105189040560365,0.09961086413873599,0.00026150203624093,0.00025845084605907,0.2,0.2,0.3,21,0.3221661189364623,0.1337300594585775
13,11,0.21552462530968822,0.5285980906500984,0.46141837979859707,0.09223049599223929,0.10355582916014072,0.0967864010525719,0.00033088203060079003,0.00026687208269024997,0.2,0.2,0.3,22,0.2792104831981996,0.1612484182442855
13,12,0.19009343528078668,0.4892727781488011,0.41539580969622414,0.08484101338707677,0.18822975084171634,0.10336493429791721,0.00029943213583119,0.00014240211150606,0.2,0.2,0.3,23,0.3338141651894968,0.1289666941780299
13,13,0.188730222545256,0.49072566502277454,0.423978141995994,0.09356808648488166,0.030476474784395757,0.10372830533961783,0.00029440859981767,0.00015458869309741,0.2,0.2,0.3,24,0.271032790639198,0.1722444011799476
13,14,0.16939786764613773,0.4611443510574374,0.3963698181712767,0.09204253714061411,0.1597036459949626,0.10506410704382978,0.00038316872944769,0.0001997406845401,0.2,0.2,0.3,25,0.2687920508355637,0.1711134797567578
13,15,0.14969797106121194,0.42845649897061944,0.3653151608210169,0.08712777692176722,0.06987960132764572,0.10134943088800685,0.00034832585342769,0.00020529962436039,0.2,0.2,0.3,28,0.2089757280196575,0.124038680146881
13,16,0.14893852077382863,0.4212221231081389,0.34971670018506246,0.09642379460339401,0.03196700914843173,0.10952038807887109,0.00034771554528054,0.00018155421533916,0.2,0.2,0.3,30,0.2534796324244995,0.1791609361143963
13,17,0.13698526410456807,0.4091004298769067,0.3565538804171584,0.10351100955776107,0.0656895592964717,0.1018687740201874,0.0003275564360261,0.00020620375229203,0.2,0.2,0.3,32,0.1943418490145696,0.1196475456335997
13,18,0.1336472779340345,0.3930227753518601,0.3238630455980879,0.08945468289815117,0.06039429687988208,0.10681639191155463,0.00023205556327815,0.00013225112437025,0.2,0.2,0.3,33,0.1988080810337778,0.1355346494345332
13,19,0.1320233473252416,0.4016694469686006,0.35479920609270915,0.10342590371153405,0.026742199013357768,0.1018687740201874,0.0003275564360261,0.00020620375229203,0.2,0.2,0.3,34,0.1889170133464982,0.1241343614470926
13,20,0.0995221639937282,0.30936868280657304,0.23322760819527638,0.07940096994398481,0.37874151229978104,0.10904232294076978,0.00039600086863226006,0.00022107495319951,0.2,0.2,0.3,35,0.1784539783213166,0.1215238673669165
13,21,0.09668189856942032,0.3010757079292183,0.2235646878712144,0.07710371306455023,0.056598849148262215,0.10909868794473279,0.00039447363706846,0.00022217296780254,0.2,0.2,0.3,36,0.1696509756154677,0.1148845394904232
13,22,0.08683724383221358,0.2771960923799299,0.2095271539418503,0.09049901411633729,0.06497530199653448,0.10989000230844367,0.0003365982006721,0.00019636204634237002,0.2,0.2,0.3,39,0.159597104826763,0.0960182631401663
13,23,0.07806672526084196,0.24703467050639064,0.1743810969309956,0.09142684084341263,0.06370207258526997,0.11008334699880057,0.00036755523587058,0.00022762464560431,0.2,0.2,0.3,42,0.140080205889036,0.0816125760786235
13,24,0.07658893354201628,0.24520356444198763,0.17913737917008696,0.09860781662203681,0.0338254815900687,0.11047400954132124,0.00036526555626133,0.00022609459785303998,0.2,0.2,0.3,44,0.1412581925580102,0.0783352179622484
13,25,0.07612650554122498,0.24729156348411432,0.18847620665991702,0.10688897339552535,0.025506748382393765,0.11034837625311884,0.00036567822355404,0.00022641530690168,0.2,0.2,0.3,46,0.139626745619967,0.0782213498066953
13,26,0.07326414706597964,0.24025843528535767,0.18717560714777515,0.12168905128875261,0.0334729988270838,0.11047768941112251,0.00048791512277812003,0.00024955313021476,0.2,0.2,0.3,50,0.1698453475947065,0.1022919482782237
13,27,0.0654622991948505,0.20640196826489315,0.14086863762804355,0.1204387975246746,0.14566558227338652,0.10950227278696234,0.00038169087969497004,0.00022289823426737,0.2,0.2,0.3,51,0.1857848846405123,0.134158436452503
13,28,0.05968509550154278,0.18423136307283305,0.11517261755489108,0.13198348567917162,0.03877908385714145,0.10539769790800013,0.0003917259039998,0.00028455825121548,0.2,0.2,0.3,56,0.1163393961011166,0.0895672969665582
13,29,0.05829313198293266,0.18322775827082816,0.12770246003958835,0.13261664672193318,0.05933189885737866,0.10837815250645248,0.0005324763702353899,0.00033376827115116,0.2,0.2,0.3,57,0.1371835803181973,0.0729293336705381
13,30,0.05382882141631484,0.16062130755799572,0.09454744401210594,0.13373614802458408,0.09748114271043484,0.10609795828654806,0.00038682939577752,0.00027383170414752,0.2,0.2,0.3,58,0.1122142306989042,0.0818884138821343
13,31,0.05237861771820783,0.15989694738088972,0.11421030355560441,0.17066298403677696,0.028548560009941947,0.11192250688071846,0.00053336163019116,0.00033313271778744,0.2,0.2,0.3,67,0.14063044342247,0.0865281818767973
13,32,0.05035156369274448,0.15330855127399387,0.1134351630023307,0.17048777127416842,0.06514093951980585,0.11196531552745219,0.0005438032311693,0.00033950480828866,0.2,0.2,0.3,68,0.1397335112543196,0.0850430831014504
13,33,0.04940006904326339,0.15595526129240112,0.1303287495505814,0.20047511078691743,0.025825832081070383,0.11181237824224408,0.0005315940588541299,0.0003320101220015,0.2,0.2,0.3,74,0.1388355279689261,0.084504136283546
13,34,0.048258311846209274,0.15258535948966212,0.12650435148932535,0.20605829114303645,0.03331859119002726,0.10877013914337595,0.0005132511415429401,0.00032266287925976,0.2,0.2,0.3,75,0.1660677280488953,0.1146205372694374
13,35,0.048273272966887375,0.15520775712680643,0.13641620137571187,0.2468721566755799,0.02269913591719364,0.10980491136556901,0.0008092456932888001,0.00035261208308848,0.2,0.2,0.3,87,0.1643246816972216,0.1032255773633798
13,36,0.04779258444276093,0.15657690670651928,0.14492125991850996,0.24976908066881034,0.02690988741305375,0.10957860061943359,0.00080408476148656,0.00034892584594167,0.2,0.2,0.3,89,0.1548645088284152,0.0981646990701444
13,37,0.047276156822676274,0.16534259407668214,0.17585427161894746,0.2946241922126925,0.023660287828901637,0.10919565720274373,0.00076856469764357,0.00033337634538926,0.2,0.2,0.3,95,0.1601111945721206,0.102521804026381
13,38,0.04495488497841969,0.14763433606447082,0.14150640245023763,0.3334427674264447,0.026606254342013174,0.10633396813289653,0.00073956959993467,0.00051947649572003,0.2,0.2,0.3,103,0.1385924836510247,0.1142266269195665
13,39,0.04344929138091231,0.1379168611195401,0.13013887508634334,0.34830850813246633,0.06311387296696588,0.10773393286660612,0.0007610347879488,0.0005206776828976,0.2,0.2,0.3,104,0.1431670223825401,0.121923707571372
13,40,0.04252778912683655,0.13248718880973595,0.13058268091780822,0.34791985765698286,0.032919839247735665,0.11173139200149895,0.00078255529614869,0.00052946183883917,0.2,0.2,0.3,108,0.13140216194048,0.1164411987285104
13,41,0.03952801738393773,0.11413992848013065,0.10919776123011248,0.3535750271170118,0.06070420100904474,0.11206057572560123,0.00077741877606261,0.0005342459753199401,0.2,0.2,0.3,110,0.1335990459406973,0.1208414235200011
13,42,0.039386256642419085,0.11213768115919324,0.10682950508600386,0.37855840080053405,0.025994943478969523,0.11314087911514112,0.00077961595795061,0.00053385114435233,0.2,0.2,0.3,113,0.141836712266746,0.1257975509336139
13,43,0.03943423644556847,0.14709962966197865,0.21650307218392126,0.43054166437964436,0.0238545564346618,0.11576057672528912,0.00077444171988383,0.00037079202684358,0.2,0.2,0.3,138,0.1225642053145807,0.1334570201107688
13,44,0.03721877615141639,0.13907114768381384,0.21412640024837948,0.46962659612653906,0.04619300669258576,0.11353621598574054,0.00077606128048058,0.00035682856155881996,0.2,0.2,0.3,140,0.1188212263291639,0.1503671894392157
13,45,0.035964411674272105,0.13944234958568744,0.22839713269105502,0.45960223642522685,0.03692517283478179,0.11246831566183595,0.00077079206868931,0.00038803729451229003,0.2,0.2,0.3,142,0.1211236932147107,0.1186853505791436
13,46,0.03595141652852599,0.13936320648473471,0.22830509362691565,0.4595795962248825,0.022926837272687316,0.1124626607048497,0.0007714913790048,0.00038783082978693,0.2,0.2,0.3,144,0.1211263805648014,0.1189363258760552
13,47,0.03597164349943804,0.14307611652131982,0.2395291435094567,0.48995631349086055,0.022795082792368058,0.1125774503504806,0.00076730738324971,0.00038651425560347,0.2,0.2,0.3,147,0.119354576729166,0.1159741096846768
13,48,0.035631153039492616,0.14242147791204401,0.2388138099556863,0.4862956618282712,0.02396544361702127,0.11115536322434265,0.00075560476319365,0.00038652504603732,0.2,0.2,0.3,148,0.1167575784626806,0.1209520221967053
13,49,0.03490929863720476,0.13424361237941562,0.2223947402760863,0.46509540012267153,0.04061984785966055,0.1109285837724507,0.00073092577512642,0.0003505338296244,0.2,0.2,0.3,149,0.1166995129512117,0.1241628516452504
13,50,0.03398168757171329,0.12796623966925744,0.21508154932852644,0.45616742907676255,0.031091747288599293,0.11101408037558907,0.00067171804579711,0.00033767452736824,0.2,0.2,0.3,152,0.1182362491841926,0.1201149182014951
14,0,0.9520472345350648,0.9841910438944128,0.981583020781091,0.1449681649485544,0.0,0.0,0.0,0.0,0.2,0.2,0.3,1,0.9564134076359152,0.7583122930723579
14,1,0.7908468637690781,0.9366558634440145,0.9228969050964388,0.15049063527374654,0.1594651110235105,0.10024168350686971,1.786361783328e-05,2.539782200407e-05,0.2,0.2,0.3,3,0.8297803503327316,0.5491667238064087
14,2,0.46263970454411046,0.7625147140798819,0.7200704350613024,0.10435946818423224,0.737026710755185,0.09831076174234149,0.00024140806465527002,0.00030391014504769,0.2,0.2,0.3,4,0.4485780258191583,0.220753951669908
14,3,0.33692009057063316,0.6611031382270057,0.6019519651023069,0.08064547257180513,0.22852568428646636,0.09798320172561537,0.00010589082791949,0.00015062586477932,0.2,0.2,0.3,6,0.5010562820345462,0.1393857546553547
14,4,0.31681484428834106,0.645316055035829,0.5904495063008219,0.08165334402601994,0.0601209624578103,0.09830196839201556,0.00013238890607736,0.00018740441330638002,0.2,0.2,0.3,8,0.4780409185033034,0.1441981682928446
14,5,0.27996353926002726,0.6066365047599329,0.5458422384979014,0.07453385930055963,0.09110162308377055,0.08461016591319706,0.00010774031814281,0.00017378465556275001,0.2,0.2,0.3,10,0.4852700904015301,0.1741022640565198
14,6,0.2623648058071453,0.5902590712090283,0.5337425834719348,0.07455918733660435,0.05699038246999199,0.08228985229594882,0.00011160706650327999,0.00015499791627327002,0.2,0.2,0.3,12,0.4297433750244227,0.1866192312500118
14,7,0.253586735953553,0.5752689967519815,0.5088173549873194,0.07926878164395651,0.08046622026043082,0.09933734324972555,0.00015095299296285,8.101724610212e-05,0.2,0.2,0.3,13,0.3461508859698599,0.1421750952546555
14,8,0.21306416026666175,0.5240594903390741,0.45573908409053515,0.07118853890250325,0.13934390385597362,0.10889741253203065,0.00027770297551717003,0.000149044612294,0.2,0.2,0.3,15,0.3402814009326758,0.0901651900687431
14,9,0.17285828329137748,0.4627013658863157,0.38499490500730604,0.055818402148345984,0.134607856898938,0.08679674475882217,0.00015840118025451,8.853752977007e-05,0.2,0.2,0.3,17,0.2880988966970536,0.1661222701568711
14,10,0.12230622005728065,0.36284882299856186,0.2752702260588606,0.03773258713458058,0.23771163915476085,0.0957203589992347,0.00028145009449080996,0.00015457851359962,0.2,0.2,0.3,19,0.2297952501962922,0.1721356791301301
14,11,0.11508235583970203,0.34450543097883835,0.2538829503732688,0.03448331243975043,0.09327137982806367,0.09624823475611236,0.00028791591702693,0.00015881313887767,0.2,0.2,0.3,20,0.2358655693789173,0.169568832181991
14,12,0.11389035602099964,0.34519660421163667,0.26159032237789825,0.04078014938809517,0.02555524872330087,0.09624823475611236,0.00028791591702693,0.00015881313887767,0.2,0.2,0.3,22,0.2297823993719639,0.1723046580635015
14,13,0.11302141217873371,0.3460644238697328,0.26943621386209626,0.06653841156443072,0.02423361972335261,0.09829279862017959,0.00028657780203399,0.00015722951679597,0.2,0.2,0.3,25,0.2231352792892048,0.1554090148465172
14,14,0.11158501423573629,0.3451813523117639,0.2752165464544684,0.06181167151773525,0.025647559774717506,0.10117152428542431,0.00028048856589074,0.00012421735250307,0.2,0.2,0.3,29,0.200194890942201,0.1119519648494738
14,15,0.10304611962835585,0.32772012902865816,0.26194314878541247,0.07190481029120058,0.031202361456011837,0.0960349009110569,0.00034184519909462,0.00014977069095927,0.2,0.2,0.3,36,0.2320912314575366,0.1272927877965017
14,16,0.09852189109454736,0.31389505716156263,0.24573922162450926,0.06549892081142336,0.039763861340371257,0.09903682507131961,0.00031681703839093,0.00014849748193105,0.2,0.2,0.3,39,0.2108811998528207,0.1046824170706358
14,17,0.07775951024503899,0.2565075768113774,0.19275859149207228,0.06515865657878261,0.10811408946575815,0.09690820000709056,0.00032693757394861,0.00015537675836135,0.2,0.2,0.3,42,0.1926158318209434,0.0818238579366565
14,18,0.07827726778519661,0.25533449593289553,0.19120036371749033,0.08986485117564148,0.022207036218337552,0.1027423294736053,0.00031241260465986,0.00014714541498955,0.2,0.2,0.3,48,0.1900301977676767,0.0592880049928655
14,19,0.07753321063766201,0.25300682893159804,0.1885081832085895,0.08913116913410678,0.02509501917150965,0.102171546037285,0.00030085593414016,0.00014180487387837,0.2,0.2,0.3,50,0.186918109813933,0.0574470114547497
14,20,0.07119192185261722,0.23695553352439028,0.1702425866538784,0.07636428121729043,0.07325005809959746,0.08895801241211429,0.00035743000820502,0.00015101230153176,0.2,0.2,0.3,51,0.1636635997841843,0.1141236345497731
14,21,0.06059206673407085,0.19721625695010692,0.124042554542827,0.07766601373956647,0.17890724540597264,0.08608985040622893,0.00034919603045772,0.0001484918365441,0.2,0.2,0.3,52,0.1541675378870065,0.0983005312850155
14,22,0.05626875084141432,0.18238756534390838,0.11366026264732791,0.07471372869900174,0.0430717456097386,0.0863872662728277,0.00034503049844922,0.00014625221949826,0.2,0.2,0.3,55,0.132929095688047,0.0844688656132282
14,23,0.05418796650103931,0.17327620650851908,0.10305589907865544,0.09719824714302516,0.02349925817314536,0.08607045497758598,0.00035053269770025003,0.00014999055280425,0.2,0.2,0.3,61,0.1307908178154051,0.0945816629331246
14,24,0.053967871535149585,0.17601134293747253,0.11314527445260829,0.10349673703245858,0.01932665878070991,0.08604719339972508,0.00035010205249617996,0.00014946869531481,0.2,0.2,0.3,63,0.1313953959295082,0.094367655892069
14,25,0.05282782420879439,0.17441369830383607,0.11818054382384953,0.13104232228187598,0.024713864764518725,0.08622003219649894,0.0003502308996759,0.00014987198812995,0.2,0.2,0.3,66,0.1295452641906928,0.0934674044675381
14,26,0.05350350619671704,0.17124493129172322,0.114198506195476,0.10901600185242481,0.02602209201618228,0.09502352762158542,0.00036667750389981997,0.00014033187922773,0.2,0.2,0.3,69,0.1407285520683352,0.0903245325053108
14,27,0.05329444674296171,0.16971679268962025,0.11238857770220918,0.1362470528930123,0.020549703476162084,0.09592283709785085,0.00036692603025824,0.0001404949366844,0.2,0.2,0.3,75,0.1442288695164718,0.091202463762654
14,28,0.050438789184684335,0.16322928741865417,0.10514991700843376,0.18999513448409538,0.019258539483829076,0.08621732088430731,0.00038074427625476,0.00015442735148152,0.2,0.2,0.3,83,0.1291400334523344,0.0930152631697359
14,29,0.050284490454814854,0.1738807776319422,0.13827570889427152,0.20314143051286923,0.021866835139649637,0.08593898527287984,0.00035169566759088997,0.00014751862299537,0.2,0.2,0.3,84,0.1299654602366262,0.0935234667560276
14,30,0.25023536817915903,0.36588045042755896,0.3151357863119885,0.3889771178850871,0.2183247076425765,0.0862232311932936,1.0,0.0005030689921422,0.2,0.2,0.3,87,0.1297421690450852,0.0936849383569816
14,31,0.24763028167998,0.3762967474794786,0.37546424347265406,0.4858657792060042,0.22054376874575954,0.09037987430208916,1.0,0.00019151191369354,0.2,0.2,0.3,115,0.1439418536384765,0.1084465036167064
14,32,0.047722395635941176,0.1800661972921983,0.1867411676199937,0.33147414919506557,0.018263285727883168,0.09037860508573799,0.00050440033387237,0.00019144345412527,0.2,0.2,0.3,121,0.1439254937570721,0.1084485317953879
14,33,0.04763473031216286,0.17582687713024264,0.17489497748829302,0.2945111772043411,0.01944370560094605,0.0905302588839766,0.00051597192441362,0.00018925790487505002,0.2,0.2,0.3,123,0.144235357731915,0.1123649920629267
14,34,0.24735311204348423,0.3860317581357226,0.40751182600348773,0.6727063389651476,0.21829342757104472,0.09037719402438482,1.0,0.00019444371217123998,0.2,0.2,0.3,143,0.1433391366911529,0.1090768616248701
14,35,0.247353112045379,0.38603175813580637,0.4075118260035714,0.680626296188612,0.2181340672747769,0.09037719402479315,1.0,0.00019444371217815,0.2,0.2,0.3,145,0.1433391366974798,0.1090768616249911
14,36,0.2473437025098422,0.3859862038637082,0.40745883169065655,0.6957630877381021,0.21831817680860024,0.09037513703043656,1.0,0.00019440922700603998,0.2,0.2,0.3,146,0.1433072392208655,0.1090761305636503
14,37,0.24724015330414448,0.3817825919300026,0.39566072710748806,0.682805534260118,0.21834697935560135,0.09034050676000223,1.0,0.00019351971348788,0.2,0.2,0.3,155,0.1430881816561199,0.1090552668523355
14,38,0.24650514501310636,0.38543132699836746,0.41371490107768605,0.7282483143954509,0.22199785820155554,0.09037165485660444,1.0,0.00019160994223397,0.2,0.2,0.3,159,0.146799215725758,0.1074745052699407
15,0,0.9654103614824487,0.9886723584616751,0.9868036367982167,0.14478325528611882,0.0,0.0,0.0,0.0,0.2,0.2,0.3,1,0.904028468796332,0.7482801043275974
15,1,0.6221760163886703,0.858004651031593,0.8243554544253539,0.12743714765664138,0.3301401905143624,0.09903428933413135,0.0003980143841637,0.0008396587932615,0.2,0.2,0.3,3,0.5838052142882767,0.4675689842327974
15,2,0.5987733946168107,0.8436049763007364,0.807784517340133,0.12483358318194139,0.06750952809417353,0.09318660338048619,0.00032014965246363,0.00066309821645994,0.2,0.2,0.3,4,0.5554961058404841,0.4166412250679515
15,3,0.45392436650044465,0.7541485112036501,0.703363121390161,0.10338608062569694,0.3923423968626653,0.09909636375651541,0.00046687931077729996,0.00081590738501431,0.2,0.2,0.3,5,0.5029870190605904,0.2675256330830473
15,4,0.3790384130056091,0.6986290067619874,0.6456337417182396,0.0912568084539908,0.25740585153206,0.09897858793016624,0.00012287198040307,0.00017662096637199,0.2,0.2,0.3,6,0.3533505330840572,0.2068222864333386
15,5,0.36283751330738845,0.6885526065437797,0.6405943853241941,0.09344264357377366,0.05207466510372072,0.10495172009226984,0.00017865102248447998,0.00025679993218181,0.2,0.2,0.3,8,0.3701537855177191,0.2155064056381714
15,6,0.34641847074104903,0.6774761558601687,0.6345871853542728,0.09623162012852746,0.05170775652772467,0.10511085938742876,0.00019189417153067,0.00025585264464186,0.2,0.2,0.3,10,0.3510793918110158,0.1752358757391407
15,7,0.29132720304587023,0.6226872615970408,0.5712901641542498,0.08460390005283716,0.12428536792664827,0.0891957502133191,0.00013979544755779,0.00018497987835171001,0.2,0.2,0.3,12,0.3508230485673628,0.2246008660650817
15,8,0.26158509831289173,0.5925127007131392,0.5428015784347942,0.0837942287086364,0.09223329595848537,0.09616149162497238,0.00022630002366978998,0.00030031644554932,0.2,0.2,0.3,14,0.3659420327308825,0.2527480230527004
15,9,0.26136889640001504,0.5922718175528271,0.5425357350585286,0.09697233014942842,0.019589826339709168,0.09573437754428762,0.00021919399745033,0.00029084197948746,0.2,0.2,0.3,16,0.362049168252985,0.2482126313878812
15,10,0.2279198363623118,0.5526529536525072,0.496281231598313,0.09465552916513131,0.10941859722083114,0.09855644426523448,0.00029372158065366,0.00037504972672983,0.2,0.2,0.3,18,0.3140533050849227,0.2386895267269501
15,11,0.20278223229880796,0.5167194496121069,0.45442790352340884,0.08733742349160654,0.168457699379405,0.09818092619626667,0.00029084684671886,0.00046450889710308006,0.2,0.2,0.3,19,0.3483635816621497,0.169952819166342
15,12,0.197847823002122,0.509474222521095,0.4528747415683457,0.08151712729436349,0.05171985385534463,0.09878824847055226,0.00028775740891465,0.00036309552155766,0.2,0.2,0.3,20,0.3273917726091824,0.2348147538021895
15,13,0.17956118515116437,0.4873117839692924,0.4408781982448955,0.09057076431137373,0.050215181645431615,0.098225010940148,0.0002732250487592,0.00039400921480063996,0.2,0.2,0.3,24,0.2650896647165081,0.1962580072715603
15,14,0.17813464170436882,0.4810509433960118,0.4266537257765804,0.09858844089952773,0.03122213880517113,0.09900097144533669,0.00028612103413608,0.00044555305821508,0.2,0.2,0.3,25,0.3607264467661035,0.1785786746693674
15,15,0.1745667377430351,0.4781618275610899,0.43009056156703257,0.10492933855800118,0.05032188451579122,0.10190895296910542,0.00026432626173179,0.00053451729292586,0.2,0.2,0.3,26,0.260154189090252,0.1349394602194331
15,16,0.15387763044231706,0.44403555294300906,0.39730602340372817,0.08528676740006726,0.17450103567426112,0.09989827195021045,0.00027795118324093997,0.00046558432219794,0.2,0.2,0.3,27,0.2899619679500843,0.1165636257413007
15,17,0.14051036341781625,0.4131027470836586,0.3543629275169995,0.08450746935167071,0.057676318862482014,0.10022804976049135,0.00025087838293117,0.00036747901769332,0.2,0.2,0.3,30,0.2877839195405313,0.0807209467665976
15,18,0.11831823254498501,0.36605714213189644,0.30645112485350445,0.09291275212773699,0.1250216243955704,0.10006830520944665,0.0003377753624226,0.00056436593833553,0.2,0.2,0.3,32,0.2218306093309392,0.1229537004271953
15,19,0.11220125539094508,0.3512601086721017,0.2892807032973241,0.08849297617356802,0.049511804927556705,0.09760541895463133,0.00038731153216282996,0.00080610475478492,0.2,0.2,0.3,34,0.2241563593766308,0.0966405868772692
15,20,0.10574632170774395,0.33588259413229066,0.2780741666175138,0.09764607764773653,0.10461619909927689,0.10341127985213705,0.00039775150115051996,0.00085739824068791,0.2,0.2,0.3,35,0.2408484577172393,0.0950464149496787
15,21,0.10473669143908688,0.3372795195841714,0.28664677690282486,0.1114378051155335,0.024997033787312467,0.10199633772241783,0.00041080937218825996,0.00092188920976762,0.2,0.2,0.3,37,0.2477800334125429,0.1028330447105904
15,22,0.10473037125107276,0.34097510434691214,0.2978544504631017,0.12072810969878119,0.020776808973259953,0.10199287050399991,0.00041037851279634996,0.0009208478164905101,0.2,0.2,0.3,40,0.2476090728380515,0.1027643338214343
15,23,0.10263673485254228,0.33566992739328533,0.2917210847485396,0.11904322825709096,0.030823469907621196,0.10056317938830939,0.00041352984794451,0.0009221901470427001,0.2,0.2,0.3,42,0.2300320216745418,0.1194997026398471
15,24,0.09990081066654534,0.3321515172694469,0.29456969202973476,0.13189880264759685,0.034541814926606074,0.09918010516535021,0.00042829612656979,0.00092080241470332,0.2,0.2,0.3,44,0.2139687810414165,0.1199035233775727
15,25,0.09982862965172787,0.3275061448549636,0.28219122996917795,0.12924577816400928,0.023321880951305277,0.10108212417453473,0.00046836270225844,0.0009297283394222999,0.2,0.2,0.3,46,0.2294251735900687,0.1207866984612776
15,26,0.09991114913611397,0.3303030224941536,0.2922501687685033,0.144251893606202,0.0275187037721656,0.10412270983156532,0.00044981684374097,0.0009663572433038101,0.2,0.2,0.3,47,0.213463342576109,0.1147946456930671
15,27,0.09874179974387136,0.32800957981250556,0.28967315977157604,0.1457715456296327,0.02771575480488171,0.10134285140974313,0.00042183674930447,0.00092391259105372,0.2,0.2,0.3,48,0.253326310993863,0.1197798145881614
15,28,0.09846144082300538,0.3308586408644461,0.2998901147918653,0.16215739926152606,0.021876619160439294,0.10146966820307345,0.00042794868013159,0.0009221920405039399,0.2,0.2,0.3,51,0.221135323470583,0.1218004458440107
15,29,0.09819023847822131,0.32939209197563435,0.2981231265717545,0.17134124716036728,0.02251370960293309,0.10324670803640427,0.00042762181450433,0.00092012112313137,0.2,0.2,0.3,56,0.2218385822430581,0.1245726361586822
15,30,0.097750419638847,0.3350124532989733,0.31843099474460124,0.18699825389050956,0.025546638887768192,0.10447778338381433,0.00045663812662571,0.0009712047253686301,0.2,0.2,0.3,58,0.2530371796394589,0.1161428927591161
15,31,0.09633667157163016,0.33145783665728484,0.31434213317607007,0.18906547122822634,0.03431871201219288,0.10305728055436482,0.0004050809040596,0.00089880719694192,0.2,0.2,0.3,59,0.2420483447920407,0.1012410839409389
15,32,0.09663400159219966,0.3352339574909564,0.32557482513571817,0.19595904313562676,0.022827365998349912,0.10497647147933892,0.00044403153107227004,0.0009795220236439501,0.2,0.2,0.3,60,0.2342213570012432,0.1153085717471401
15,33,0.09652714777100434,0.3346327136335023,0.32485067962767566,0.1960113373073853,0.024591824957013786,0.10585189657199627,0.00040834466094265997,0.0008985944127787601,0.2,0.2,0.3,61,0.2228894044419356,0.0954563706987245
15,34,0.09521951544807453,0.3313100550117032,0.32102836145158486,0.2044123687854096,0.033721189463671204,0.10432543849207283,0.00042515524223268994,0.0009255645009353299,0.2,0.2,0.3,62,0.2203612008806802,0.1109198698537362
15,35,0.09480577808657757,0.3261802967586426,0.30813584977634334,0.1974212845208369,0.027523214975313536,0.10470719749546234,0.00043557214480985,0.00095307070819489,0.2,0.2,0.3,63,0.2207198425998482,0.1147647938237958
15,36,0.09246557363727133,0.32686972491565147,0.3227750496036678,0.24209440184475825,0.024495454612771826,0.10373787927770645,0.00050290793595219,0.0009155685828881801,0.2,0.2,0.3,71,0.2263559707414436,0.1147467804460799
15,37,0.09164778378693994,0.327572476324805,0.33045788315243496,0.2650939034511446,0.024027068937474853,0.10476938627726376,0.00054839460694517,0.0009664793526291701,0.2,0.2,0.3,76,0.2277833389130354,0.1143660853703109
15,38,0.0905852706546306,0.32425817906532683,0.3265968948096707,0.2848139256558279,0.0240808941650628,0.10478056639989265,0.00055009093920022,0.0009569002854179799,0.2,0.2,0.3,81,0.2427485000043308,0.117639273142227
15,39,0.08998282057768092,0.32606614899257,0.33560465705179165,0.30165410309378937,0.023977707771763338,0.10478730510745335,0.00057590712923514,0.00094909522909324,0.2,0.2,0.3,84,0.2306413231681697,0.1234088447150214
15,40,0.08960103459043328,0.3248558007584628,0.3341943188533506,0.3048359379236406,0.026364882591265786,0.1047846747595597,0.00056560262386434,0.0009641994762640399,0.2,0.2,0.3,85,0.2360391681684013,0.1186103888311762
15,41,0.08916910395135073,0.32710676629757995,0.34371199807856045,0.3113682978291125,0.02452935259192071,0.1049912294496341,0.0005580960308915999,0.00096996276341257,0.2,0.2,0.3,87,0.2296545922369461,0.1149818829519258
15,42,0.08909231134549998,0.3342780497007989,0.3658702672658687,0.35037027783384844,0.021546035890700636,0.10499131001661006,0.00056441916786975,0.00097611118711799,0.2,0.2,0.3,94,0.2322410931204079,0.1158496013765431
15,43,0.0892584275860129,0.33421374393128994,0.3657505163059219,0.35410000062567504,0.023017068995720168,0.10639157364428885,0.00055260824671279,0.00095603685411511,0.2,0.2,0.3,95,0.2318671472461314,0.1008381142755514
15,44,0.0887496476453544,0.3331278912932416,0.3645259746920735,0.3680528225026933,0.023150962840747073,0.10509393685889534,0.00057601972788279,0.00098853204174784,0.2,0.2,0.3,97,0.2390123939359266,0.1202247764583619
15,45,0.08800576358544383,0.3503270852521188,0.4191501502196371,0.5655435977763245,0.021056253031446693,0.10287697606715196,0.00052578583131611,0.00095265445584984,0.2,0.2,0.3,139,0.1786173081015614,0.0915125425894583
15,46,0.08804177396955018,0.3538945265225835,0.43018890061741966,0.5876530321179639,0.021625755411759318,0.10326597465386103,0.00054315564765427,0.00107503628426036,0.2,0.2,0.3,141,0.1784006301189953,0.0926609888105163
15,47,0.0873466473844098,0.35936063684011693,0.45038180671716604,0.5854135904290328,0.028496836166113586,0.10285713811223976,0.00057547352409094,0.00090820204134591,0.2,0.2,0.3,142,0.2079726561050776,0.1331427345169414
15,48,0.08617633111747493,0.3480930028253898,0.4234471438443699,0.5822840693009558,0.03694699997796927,0.10294475568607094,0.00053732981412606,0.00095297522246467,0.2,0.2,0.3,143,0.177342205037126,0.0917541987435203
15,49,0.08592085004653656,0.354567231909261,0.4447855490409315,0.6018638404750636,0.025149009149517614,0.1032764964009073,0.00054502771855333,0.00089427053319457,0.2,0.2,0.3,144,0.1715559161975012,0.0910797453853772
15,50,0.08581308705497623,0.35067034618996196,0.43335562654206583,0.6017591272426904,0.021422278786803996,0.10294369076795974,0.00051109701209836,0.00089407928876169,0.2,0.2,0.3,145,0.1715981339594267,0.0911422891009056
15,51,0.08364183148013334,0.3834068666344237,0.540713795461731,0.8395217334702773,0.020080195403392155,0.0969247435041129,0.00053100754207651,0.0008735784078408,0.2,0.2,0.3,185,0.2045405741125063,0.1022102828042738
15,52,0.0832475666286183,0.38572316721143524,0.5503081610343608,0.848371526783788,0.025691425566363117,0.0970291422676005,0.00057449577225951,0.0009021722376694799,0.2,0.2,0.3,186,0.1993540815777371,0.1017175739436625
15,53,0.08299740781648918,0.39613231784544656,0.5831486452064241,0.883573180151545,0.020026436761005767,0.09698656761966581,0.0005217498607717,0.00081457412248176,0.2,0.2,0.3,196,0.1972249986464732,0.09761297343838
16,0,0.9081798514913791,0.9690429367197793,0.9639359746098705,0.1393125365677698,0.0,0.0,0.0,0.0,0.2,0.2,0.3,1,1.139047438471765,0.749986130699958
16,1,0.7818813864893454,0.9319172137241812,0.9176632491112804,0.14791688233770264,0.13267511100266374,0.09157139707386011,1.318918898962e-05,1.597850472548e-05,0.2,0.2,0.3,3,0.8653270386196453,0.5481000077896104
16,2,0.41451112722460964,0.72723078298415,0.6789685387384835,0.09451347676475776,0.8700989489164103,0.09818868144882073,0.0002662757631412,0.00031235313981541003,0.2,0.2,0.3,4,0.6642618251967508,0.2451086822443269
16,3,0.39890172736789875,0.7185535755286488,0.6758427921608453,0.09647336962416132,0.04383594841175481,0.09575868031053388,0.00026603997046618,0.00030167922254126,0.2,0.2,0.3,6,0.6291472055198388,0.2393717868055911
16,4,0.39890270298672315,0.7185549581173973,0.6758438601560601,0.09848876137511632,0.0193065518915461,0.0957747941303955,0.00026606791795636,0.00030175575507968,0.2,0.2,0.3,7,0.6292464439849245,0.2393171310682624
16,5,0.3225189150229805,0.6472575550151123,0.5857831459963888,0.08411165141613322,0.30115747556449735,0.09911600679192155,0.00013805358626369,0.00016477315222377,0.2,0.2,0.3,8,0.5510207450022133,0.2050854463856452
16,6,0.3193731582037434,0.6441521386010426,0.5821637699654533,0.08526593813966651,0.03276014226328981,0.09911756740404325,0.00014216373159423,0.00019386116663916,0.2,0.2,0.3,9,0.5529958805076957,0.1950688450907353
16,7,0.30491286044734944,0.6331595438466787,0.5760670997792218,0.08714333402024496,0.08655189626537198,0.1048415735292332,0.00019901103784444,0.00023778329162783997,0.2,0.2,0.3,10,0.5502294815169696,0.2013416891365724
16,8,0.2840309955911541,0.6218744547494245,0.5836843240169481,0.09057607260433767,0.04349113505524042,0.10307532199122563,0.00020324513894795997,0.00025355755664587,0.2,0.2,0.3,14,0.4884675668752294,0.1158166654884849
16,9,0.279508326773604,0.6205084308708678,0.5889773730533063,0.09572946685781772,0.03153328033164754,0.10359166417342087,0.00021146712758485998,0.00026310421175071,0.2,0.2,0.3,16,0.48618883409344,0.1387138029014704
16,10,0.25947289749260893,0.5936050149373259,0.5509081057863471,0.10135213860899113,0.0654286072052115,0.09840804144028356,0.00016363331742873,0.00022239756136886,0.2,0.2,0.3,18,0.4080409788510625,0.2402066909967166
16,11,0.24823002394261037,0.5866989839332793,0.5563589391819531,0.10658579579285216,0.08846067706047911,0.10728698444688525,0.0003387651973334,0.0004165014569,0.2,0.2,0.3,19,0.385708086667635,0.2002772714962247
16,12,0.2333508983238276,0.5637322185202857,0.5227523575802269,0.10209257983145437,0.09958253818279442,0.10589714304769823,0.00026361545955004,0.00035828544127997,0.2,0.2,0.3,20,0.374821745828069,0.2408361867570413
16,13,0.22045294465481743,0.5460067529872191,0.5020859522865928,0.09996340537547461,0.09521941438993663,0.10630754496862013,0.00031702984442789,0.00038830671283094,0.2,0.2,0.3,21,0.3826759097655861,0.2571492787257028
16,14,0.2020089031463151,0.5185891721901221,0.4700827329111874,0.09066877272377646,0.07900041841502531,0.10771298388434641,0.0005061070751706199,0.00058962760726005,0.2,0.2,0.3,23,0.3620671276790528,0.2317269922415325
16,15,0.18452973316639945,0.4982484502723805,0.46024832716796693,0.0966456981240208,0.13450252481722216,0.10662492333503887,0.00028041527719932003,0.0003043194522685,0.2,0.2,0.3,24,0.3410288907141309,0.1617906766519534
16,16,0.17841061195925045,0.4916173311611199,0.4594245383831474,0.10725345779819763,0.0428648731071908,0.1066307799936454,0.00029232110860717,0.00031133076423691,0.2,0.2,0.3,26,0.3379013913971303,0.1811484141504177
16,17,0.17520322613383407,0.49299273503449076,0.47472094230420664,0.13485139469067192,0.026114955010425024,0.10979441925467101,0.00036246375697022,0.00038603478689797,0.2,0.2,0.3,33,0.3267847680026522,0.1730621643680898
16,18,0.14788324379823112,0.4376488253392736,0.40336896488349894,0.1293121846245801,0.05231513850536604,0.10813777575650423,0.00072288383835918,0.0007608502834588399,0.2,0.2,0.3,40,0.3750175289261369,0.2992785826414593
16,19,0.14430811631204446,0.4265417245445834,0.3835277343522034,0.13824201513210024,0.052494825386432915,0.10848770064702258,0.00061468656859347,0.00059093099596742,0.2,0.2,0.3,41,0.3242371561553143,0.2486967365565639
16,20,0.14247455825418945,0.42282638933015027,0.37922079144917653,0.14573201063318406,0.02926391586209912,0.10780412016015645,0.00069735948988351,0.00056088169721138,0.2,0.2,0.3,43,0.3643332102113492,0.2733169402263473
16,21,0.14190064071101083,0.42140760422215856,0.37753827535905393,0.15097279965807325,0.028643532780381044,0.10842119199215926,0.00072779542433438,0.0007296605183415,0.2,0.2,0.3,44,0.3621855572869677,0.2767517000604344
16,22,0.1412786920294217,0.4202530473558438,0.37621796946739705,0.16013429951470018,0.02604229965841983,0.10781626810472351,0.0007071850526905201,0.00064666935623151,0.2,0.2,0.3,45,0.3619499685757888,0.279536138384612
16,23,0.14074074698010927,0.42281713993369335,0.3861075456445143,0.16544698116173379,0.02662262919632594,0.10780629928159839,0.00070806979368674,0.0006476435181674699,0.2,0.2,0.3,46,0.3695757370752052,0.2730830348373485
16,24,0.14049629329529972,0.41858759915522614,0.3742787646594008,0.1596657510354502,0.024013118471433864,0.107831442629028,0.00070920621554849,0.0006157966938147199,0.2,0.2,0.3,47,0.3838792538239397,0.2692070096783683
16,25,0.13832261691118372,0.42118564291851873,0.39109078919589074,0.17376930560262896,0.04238810382087467,0.10817287229915466,0.00075229483694624,0.00074445088309317,0.2,0.2,0.3,48,0.3212877545623793,0.2414265876282105
16,26,0.13686768328222726,0.41421743794993493,0.3760601329011607,0.19509440322429045,0.035770597300031744,0.1078823773068219,0.00075914255196768,0.0011493478171489498,0.2,0.2,0.3,49,0.3998424338366146,0.2937068635331267
16,27,0.12950583260076545,0.40511716611150955,0.37925652601776944,0.17738813027970904,0.09084345057153326,0.10881783613798587,0.00072486982089165,0.00068047264356781,0.2,0.2,0.3,50,0.3330404083129418,0.2918134822291212
16,28,0.12182915401550598,0.38682057676302656,0.3579430430309508,0.18717493137841762,0.047108986073601526,0.10855612675282397,0.00075166386115337,0.0008071881611844301,0.2,0.2,0.3,53,0.3400736818268959,0.3009367848114668
16,29,0.1210627016534349,0.39621195363417583,0.38960530715192077,0.21444461884112193,0.02298632615783095,0.10712025916480136,0.0006875760662882,0.00150510475068153,0.2,0.2,0.3,60,0.2838904592856497,0.2703170259195518
16,30,0.11947245506734305,0.38905509911079267,0.37441839333614596,0.20668026537722967,0.028139313905452216,0.10640394203017238,0.0007505465818455601,0.00087339373400204,0.2,0.2,0.3,62,0.2665758204671784,0.267773024637969
16,31,0.11788880088895717,0.38510995475896925,0.36982179298166706,0.221405061547986,0.037984347425929564,0.10660127014066109,0.00070010026858092,0.00078836212831409,0.2,0.2,0.3,63,0.2786215412729901,0.2559892475829896
16,32,0.11453113347863823,0.37664145976313773,0.3599595550731597,0.22240542756228524,0.03911940022528391,0.10659434404515113,0.00065014217248746,0.00075964623503297,0.2,0.2,0.3,65,0.2919606981413912,0.2338088314440601
16,33,0.11456542258278679,0.39473510451907623,0.41549225884601443,0.31277939550185485,0.02217138849347999,0.1080411555062977,0.0006651235045603101,0.00093495982810232,0.2,0.2,0.3,87,0.2896132426982226,0.290689707024551
16,34,0.11007115524614355,0.383044706211805,0.4018804129564695,0.312822772431164,0.07003880261010506,0.10798052447851601,0.0006797995043789299,0.00082233527933321,0.2,0.2,0.3,88,0.2994153751061757,0.261660290806752
16,35,0.10638915596662103,0.3767211609347761,0.4014087581395686,0.30903411574523965,0.04279770844545074,0.10798477901175857,0.00064879185660596,0.00098445062233138,0.2,0.2,0.3,90,0.2955485485822627,0.2613887180907209
16,36,0.10594703478693376,0.40127707547154845,0.4783117588114391,0.4403332254501397,0.022393620763591412,0.10835785645755223,0.00070093880368038,0.00109263509657862,0.2,0.2,0.3,115,0.3243806895767229,0.2190597883272609
16,37,0.10164580382559488,0.3968124773800356,0.4869320815661954,0.4959826461029031,0.025508091999928525,0.10811366145844678,0.00080069712203149,0.00084485401949145,0.2,0.2,0.3,129,0.3317898461383556,0.2462444876810081
16,38,0.09917427267399656,0.3969877249191969,0.5009312337559187,0.5311584391046538,0.025859794249028376,0.10824300887996566,0.0008232739908255699,0.00093473120149003,0.2,0.2,0.3,137,0.3451745751186829,0.2115834481344085
16,39,0.09900238956289137,0.4152219666076563,0.5567001592118994,0.6081597460426661,0.022072011808772645,0.10778760400547535,0.00071206103370552,0.0009993934065053501,0.2,0.2,0.3,150,0.2804057940325947,0.1874182172070175
16,40,0.09823003572239794,0.4129895103280557,0.5541021402709106,0.6148802615047032,0.031122815699354763,0.10777555072003703,0.00076113252197145,0.00091937438333487,0.2,0.2,0.3,151,0.3169328996781382,0.1867818062183475
16,41,0.0980597402470768,0.4197669713478205,0.5757899188978222,0.6622750144109877,0.022326357715286235,0.10802852005079294,0.0008400150836715799,0.00094397880034945,0.2,0.2,0.3,162,0.2819884601225885,0.1852440816214149
16,42,0.09737546534003347,0.42145384630983,0.5846572417633822,0.6915894042424918,0.023250432008665094,0.10802534794641334,0.0008436096243335901,0.00094515070198802,0.2,0.2,0.3,169,0.2816880096614536,0.180616934500062
16,43,0.09617235641484456,0.41401550086885036,0.5690780549042707,0.716744545082354,0.024718671334766074,0.10829635996861985,0.00081513242358307,0.00101634056203051,0.2,0.2,0.3,174,0.3297912184388289,0.1916588164705616
16,44,0.09589550561071213,0.41701036875410785,0.5794786371630033,0.7239730229885957,0.025364882010233753,0.10796881828416635,0.00080867927364991,0.00104758853384212,0.2,0.2,0.3,176,0.3350472253096393,0.1837573814586919
16,45,0.09549920034342053,0.4195759507240051,0.5893736654579126,0.7348410368739491,0.02343015991652023,0.10784793545234224,0.0008048755214421501,0.00105178835015294,0.2,0.2,0.3,179,0.3322552182664088,0.1843834788650429
16,46,0.09566986793958861,0.4460230830856092,0.6684955037987377,0.8254894687021301,0.02209517066610977,0.10790337650298265,0.00081066585924009,0.0010861714808091,0.2,0.2,0.3,199,0.3315645420187087,0.1839999448853935
17,0,0.9153158360789092,0.9715543891694618,0.9668617504549001,0.14001247817628176,0.0,0.0,0.0,0.0,0.2,0.2,0.3,1,1.107219054147626,0.7513102585254268
17,1,0.768438630426516,0.924149384523035,0.9092185060727068,0.14310868307368566,0.1426519470537213,0.07325439682904121,1.5889771181429997e-05,9.5457073466903e-06,0.2,0.2,0.3,3,0.8996955265193353,0.547665883078252
17,2,0.42730626722290826,0.7369960128600705,0.6903336883290745,0.0972832847478487,0.8132386316682185,0.09881438240120564,0.00026015242888972,0.00012226664464716,0.2,0.2,0.3,4,0.5946889947201064,0.2320754278962863
17,3,0.4270671018430599,0.7405249415923317,0.701348711409146,0.10299043997462379,0.02019581895624873,0.09876887215678444,0.00025712909005936,0.00012021508914652999,0.2,0.2,0.3,6,0.593964167903891,0.2297048819093443
17,4,0.42318757604244467,0.7415902163297577,0.7093507330416473,0.11245632945855873,0.02561477092276504,0.10293420412672341,0.00031753150933928003,0.00015480740022106999,0.2,0.2,0.3,9,0.5653729250280942,0.2113328125467964
17,5,0.35912073408296646,0.6887935524628708,0.6480398294073446,0.10275577021141342,0.23208320735385607,0.09731150548547544,0.00012851923348571,7.78203726816e-05,0.2,0.2,0.3,10,0.4146754372180805,0.1732574373860662
17,6,0.35323571667716314,0.6873871234328268,0.6530703133386538,0.10852946571468974,0.034396944761123066,0.10424568386533797,0.00020054760322193,0.00012143465845418999,0.2,0.2,0.3,12,0.3902592425609935,0.1643168353185063
17,7,0.3497453394615189,0.6841575215834711,0.6494285223456202,0.11602516685360251,0.03051889648910214,0.10058630742620579,0.00025916998563607,8.506873955553001e-05,0.2,0.2,0.3,13,0.4854700561878636,0.2496342564348846
17,8,0.3076461350538001,0.6434380280486797,0.6019851490989782,0.10222075914721492,0.18833361455104589,0.10091395815569147,0.0001314193061349,8.171214934832e-05,0.2,0.2,0.3,14,0.3531890527683013,0.1758534729285499
17,9,0.30360234377454015,0.6429112515741642,0.608075733193525,0.11545432052273816,0.03264888597133144,0.10677663983802012,0.00020346743739297,0.0001253529542599,0.2,0.2,0.3,16,0.3373278001356256,0.1693208765351968
17,10,0.30216822057033327,0.6414075617798748,0.606321021710046,0.11504817097135302,0.027727810271473963,0.10686455907066085,0.00020400032730578003,0.00012606807032058,0.2,0.2,0.3,17,0.3357319922457369,0.1722976774362744
17,11,0.3008569338460433,0.6437362363666671,0.6159287955262287,0.11903409134238449,0.024438281134646276,0.10708392785694736,0.00020476257063186,0.00012698230341906,0.2,0.2,0.3,19,0.3342412893133609,0.1779421033608941
17,12,0.22733166010860728,0.5553086877742115,0.5128351136083567,0.1111094640952105,0.3886709347210723,0.10877838909811788,0.00069969053521455,0.00024990145126051004,0.2,0.2,0.3,20,0.1995475814716659,0.2342168462507642
17,13,0.20092629005429313,0.5202291624118613,0.47877216209496337,0.10619582234357502,0.10383345276528705,0.11196153151932324,0.00061532692296235,0.00017594184824434,0.2,0.2,0.3,22,0.1852008826608828,0.332603450548477
17,14,0.1817918493433999,0.4910131044261567,0.4451731567948569,0.11228801630064872,0.04731305434710628,0.09877410947060596,0.0006291546000596301,0.00013344595356059,0.2,0.2,0.3,26,0.2184071800162573,0.3093213505917807
17,15,0.1756687482027527,0.480951604687451,0.43353712210220674,0.11190867813210371,0.0587374818398863,0.09629490702951657,0.00053527329347022,0.00012506508637276,0.2,0.2,0.3,27,0.2177310764328533,0.3342577806514228
17,16,0.17184518207125826,0.48017327494628365,0.44610585536866365,0.13623297496633346,0.031907975478951585,0.1060619600746556,0.00065265178473654,0.00018194854206444,0.2,0.2,0.3,31,0.203813516511756,0.3738417950952313
17,17,0.1707201233373818,0.4781138260851084,0.4436958493919091,0.13226926877073525,0.03022825276525757,0.10642173354354013,0.0006667272721693699,0.00015129595966155998,0.2,0.2,0.3,32,0.1949389746339854,0.3315742441894764
17,18,0.14464517294412013,0.43315154867034733,0.3984483719017321,0.1261014102871964,0.1178226764552964,0.09921905072607518,0.0008140438816379301,0.00020834985112808,0.2,0.2,0.3,34,0.1514859436109531,0.3774229925764419
17,19,0.14394286111475216,0.4346172786065016,0.40695473090771445,0.14058441243218958,0.02637523417240184,0.10238026713239025,0.0007816094102161299,0.00021178155829766,0.2,0.2,0.3,36,0.152659004594574,0.3374608200852055
17,20,0.11475248057447315,0.3671627938640926,0.32160751321384934,0.11919938531248983,0.28762538210745076,0.09830418936394517,0.0007226262161153,0.0001924398793867,0.2,0.2,0.3,37,0.1093657148174008,0.2082503283287296
17,21,0.09322316222956904,0.30973441178940825,0.2615978942475217,0.1265198197143897,0.0813327987878548,0.09864414898119354,0.0006916597688300401,0.00017991940395760002,0.2,0.2,0.3,41,0.0922548453953485,0.2038537910886154
17,22,0.061542035788618936,0.20585766869965202,0.14106643965851065,0.0961734331719066,0.4319222675344221,0.08407323914315223,0.00064641320543624,0.0001901003265674,0.2,0.2,0.3,42,0.0668045111605822,0.1929706546408458
17,23,0.06037969797884575,0.20093497258197637,0.1353239976884448,0.1046977073542518,0.03754712151871446,0.08431038971953443,0.00064232436552352,0.00018924430144906,0.2,0.2,0.3,43,0.0646872328954638,0.1944985085288633
18,0,0.9346849255279341,0.9782774935806483,0.9746938958416578,0.14188620667789154,0.0,0.0,0.0,0.0,0.2,0.2,0.3,1,1.0256850249610574,0.7513407295514523
18,1,0.5803890253157724,0.8361462962503455,0.7988814944869044,0.12139739438136822,0.3553900711867045,0.09936313813324019,0.00045248839041331005,0.000779673151101,0.2,0.2,0.3,3,0.7599000720285217,0.4675689842327974
18,2,0.46536228562652576,0.7644313847540837,0.7222882564840262,0.10495915906186905,0.31362056617278805,0.0988741845214612,0.00022558192611925,0.00024250151115021997,0.2,0.2,0.3,4,0.4328499043456951,0.2234714294399744
18,3,0.4652821246773814,0.7643817113824909,0.7222272713919676,0.10495891647478434,0.02019384787545602,0.09898085199363864,0.00021929750532924999,0.00023840123066738,0.2,0.2,0.3,5,0.4368902648913766,0.2211194448912116
18,4,0.36823652230121945,0.6893717325332289,0.6348864429180495,0.09164176793176303,0.3279588277420663,0.09786303585052537,0.0001324677930874,0.00016319465009564,0.2,0.2,0.3,6,0.3669453270250715,0.2099077578209914
18,5,0.346555409840747,0.6737769813835245,0.6236051562766549,0.08958761098419718,0.05976357592025033,0.09832381162824398,0.00014216354798444,0.00017547282090032,0.2,0.2,0.3,8,0.3418094950706432,0.1812578168180504
18,6,0.31481818504444714,0.6433385241492502,0.5881224741494464,0.08336394035571677,0.1461041807985428,0.0989111143301256,0.00018225577556622998,0.00021893890666635003,0.2,0.2,0.3,9,0.311759563591017,0.2681906356715112
18,7,0.31478293932536056,0.647013891286189,0.5993064674361079,0.09042427726031281,0.019954212842415154,0.09890619817218167,0.0001822376142702,0.00021877235248377998,0.2,0.2,0.3,11,0.3116773701857998,0.2679744419797151
18,8,0.2831230719768315,0.613479402684364,0.5601392139430675,0.0870252369847745,0.16127756488862685,0.10209265573200813,0.00012688539432995002,0.00016431040227351,0.2,0.2,0.3,12,0.2735998505707935,0.1283757804703272
18,9,0.2221560856011478,0.5380815257828965,0.4725138945229827,0.07148741344467739,0.17207587668260776,0.09564682611077133,0.00014224497149593998,0.00019060812632789,0.2,0.2,0.3,14,0.1911316340942229,0.1603535434502009
18,10,0.21426780006764737,0.5262518367109535,0.45847568838351965,0.07407991719255724,0.04840483078175896,0.10340621378766794,0.0001518569662873,0.00020393000933236998,0.2,0.2,0.3,16,0.188749637549098,0.2266167534022626
18,11,0.2074737938663358,0.5164715991062598,0.44715002425097666,0.07820111382957982,0.05899305705188199,0.10137127106825704,0.00014190668973484,0.0001931636289848,0.2,0.2,0.3,17,0.1841144762829456,0.1082477290651033
18,12,0.15143897358498215,0.4216044312934303,0.33681346014966795,0.05512306829248968,0.4061151190968131,0.09586171644593106,0.00015678534414533002,0.00020468333019810003,0.2,0.2,0.3,18,0.1645593104198857,0.0649160941119109
18,13,0.14846089047648206,0.4196470157869836,0.3414740194793383,0.060503984728112505,0.026526712224165035,0.09469325394976016,0.00015513696683357002,0.00020372403685353,0.2,0.2,0.3,21,0.1667509027547082,0.054117468345099
18,14,0.14594784844771816,0.4187180466668958,0.3473658751556826,0.06419993769273322,0.035867649870081245,0.09254223929117465,0.00014135813287333,0.00019436161020951,0.2,0.2,0.3,22,0.150612416967298,0.0530298067629817
18,15,0.13237802115191444,0.3863723505697006,0.30279902070702164,0.05813034637316582,0.13604680437612757,0.09199052230327395,0.00015985524314175,0.00020506916026956,0.2,0.2,0.3,23,0.1515254458534352,0.0414438189971529
18,16,0.13091708937180252,0.38669449387310145,0.3100569183797272,0.06472894352063255,0.025845571527192558,0.09255460714388776,0.00016992648159937,0.00021798897680349,0.2,0.2,0.3,25,0.1488122730109269,0.0380452622962555
18,17,0.1105333497910452,0.3464477317472735,0.27709728858775234,0.07713027924713842,0.08251202308276559,0.08887373016917419,0.0001560011511312,0.00021338730695488,0.2,0.2,0.3,28,0.1180898729756027,0.0534434856647894
18,18,0.1115075506142872,0.3492558807110526,0.28691361185551706,0.0763723399205074,0.03272542513809841,0.09965100370529317,0.0001730902932976,0.00023634807343457,0.2,0.2,0.3,29,0.1145894496309408,0.0454694664751594
18,19,0.10759233319363234,0.34235412425029227,0.2792186899451396,0.08609578816926666,0.03756754120152267,0.08922354360280574,0.00015654259636354,0.00021945949632460002,0.2,0.2,0.3,30,0.1183301997053159,0.0538553649553715
18,20,0.09066362714715555,0.2964018640182523,0.2324421392404798,0.07287935138530649,0.12297320158144286,0.09354306500026931,0.00020131261450172998,0.00025661923905676996,0.2,0.2,0.3,32,0.0926761311222886,0.0628513845060325
18,21,0.09089447020498269,0.29603918010969393,0.23193411173966783,0.07619827191011486,0.022979374661739514,0.09614602843887833,0.00019357068229046,0.00025444280600916004,0.2,0.2,0.3,33,0.0950186470236882,0.0563345079184438
18,22,0.0907141132710344,0.29902074079587737,0.2422957606891974,0.0936172470521606,0.02110773011875736,0.09655310528283907,0.00020029860876611002,0.00026071076166875003,0.2,0.2,0.3,35,0.095161442101021,0.0605467683205779
18,23,0.07732751070425194,0.2708083344918086,0.21715088791628695,0.09074192033366571,0.042259228915519004,0.07168788793440715,0.00020449918511143998,0.00027634748008121,0.2,0.2,0.3,39,0.1078911491894554,0.0833906036610877
18,24,0.053896980869281116,0.17315880453798602,0.10970496045511778,0.08348453108416058,0.450856481578886,0.08936644737260427,0.000244654429851,0.00037496892917822,0.2,0.2,0.3,40,0.0666058662426427,0.085880848335957
18,25,0.05372751967250037,0.258166969146472,0.3675074842320114,0.5360536581726075,0.017925976970526555,0.08839469622518165,0.0007035842434910901,0.00031998552868231,0.2,0.2,0.3,132,0.1825710472981788,0.0565020129887215
18,26,0.13745490799290147,0.3315612258402876,0.4454717549338941,0.628669003339869,0.14225614427614275,0.08819407380865925,0.4056812684104731,0.02224007953149361,0.2,0.2,0.3,134,0.2260545167249447,0.0835899240320101
18,27,0.049028720856532926,0.22990452084975307,0.3275789151884987,0.5531729173571669,0.04978626585490888,0.090841065748671,0.0008607787477143,0.00063477398877076,0.2,0.2,0.3,135,0.3082180295730224,0.1074190750591741
18,28,0.04800445438356901,0.22821962468938378,0.3325070550587626,0.5712270129928236,0.029772670576984774,0.0911041491093179,0.000896521474204,0.00066239775433776,0.2,0.2,0.3,137,0.3173431341796878,0.1060376315044678
18,29,0.0766334646259892,0.2553218055420632,0.36604576790221305,0.6053526301381781,0.052882435112739906,0.08758745305892357,0.02275763329313811,0.08818241785824513,0.2,0.2,0.3,143,0.2702005219266424,0.1353503666398132
18,30,0.08021413866427046,0.2616006562006516,0.3796321656631754,0.6161347929143154,0.05743845678110544,0.08825544882702731,0.00393599800020231,0.11302489730491558,0.2,0.2,0.3,144,0.2998766671429922,0.234070117112798
18,31,0.34644178453233054,0.5238340518986918,0.6410483548071997,0.898368239689807,0.3297495919095769,0.08844977836476911,0.00921423709728293,1.0,0.2,0.2,0.3,146,0.3003316368418731,0.2330384491228939
18,32,0.07656524616604059,0.260946363583333,0.39310105427773323,0.6431705647087276,0.05086525931504124,0.08792577251654511,0.02532029384612086,0.09036682726410254,0.2,0.2,0.3,148,0.2827397877673751,0.1330764783591395
18,33,0.07652095535413156,0.25677948239144255,0.38133577281263203,0.6472265354921792,0.05191212290748432,0.08814142418659203,0.02532526341233405,0.0903974851060137,0.2,0.2,0.3,149,0.290065199829091,0.1449413837871182
18,34,0.2477694691833054,0.4509037526896654,0.61391552449681,0.9180315323811177,0.2201388936322577,0.0898269066998714,0.08916700956932247,0.6140934115691042,0.2,0.2,0.3,164,0.2547272424396397,0.0933540064946932
18,35,0.24726285370830908,0.44905366416739045,0.6117903947979566,0.9205799716553669,0.22681932660525567,0.0896012703366383,0.0884916398474224,0.614084971429359,0.2,0.2,0.3,165,0.2545011610407676,0.0970192706038098
18,36,0.24572473099375508,0.444331795380986,0.6131764674195248,0.9385820463510471,0.22724100558472718,0.09010722914471103,0.08849558621311522,0.6140547007972434,0.2,0.2,0.3,168,0.2364335202207727,0.0889251297481554
18,37,0.24624763487623103,0.44830612302805206,0.6246124000292772,0.979887304742417,0.2213754600026454,0.09295832869055022,0.08850249227370292,0.6140937933058102,0.2,0.2,0.3,173,0.2400435640965635,0.0848652621769639
18,38,0.2623426071196252,0.46371246911932534,0.639878732986491,0.9935412060967347,0.23999160984873802,0.0933771295935279,0.09556843519385996,0.6632873979131123,0.2,0.2,0.3,175,0.253096513551737,0.0958253587005346
18,39,0.24577830749491664,0.4501943420354688,0.6337399714737053,0.9954570495780826,0.2251574732999331,0.09218932095462516,0.08850171864194256,0.6140886940800497,0.2,0.2,0.3,177,0.2478254234921145,0.0850508791202005
18,40,0.24660163934681328,0.4545864367300019,0.6456176455181049,1.0081507997546746,0.22173910301033098,0.09203419750231139,0.08950477030616703,0.6163775468049433,0.2,0.2,0.3,179,0.2471660963895918,0.086016868811867
18,41,0.24479535294653404,0.46396449975714715,0.6843112573598985,1.069249220815972,0.22183152204004059,0.09110767965460428,0.0891697748533334,0.6139932486414652,0.2,0.2,0.3,193,0.2545896755562198,0.093928017540481
18,42,0.24464751190825978,0.45917502965362356,0.671819067462568,1.0732946274401474,0.23233852415931527,0.0910097576467854,0.08916558860121787,0.6142713634339398,0.2,0.2,0.3,194,0.2537893392641493,0.0827861999497618
18,43,0.2440430448198827,0.4601290593066426,0.6798523733000675,1.0846837866946468,0.22443278722845705,0.09083278947539625,0.08917555069895217,0.6139836259938839,0.2,0.2,0.3,195,0.2668855741099175,0.095290114701416
18,44,0.24404305783541136,0.4638399265920565,0.6910776363180136,1.0933189357308661,0.2202946100183218,0.09083292973976276,0.0891755585577241,0.6139838276233928,0.2,0.2,0.3,197,0.2668621305650623,0.0952709868360752
18,45,0.24406647702769607,0.4639392628702653,0.6911923688616478,1.0896789651994643,0.22038975588448972,0.09083783612730481,0.08917617486908284,0.6140015115113587,0.2,0.2,0.3,199,0.2648644689229303,0.0936294589261188
19,0,0.9645560139672504,0.98838763280402,0.9864719237786818,0.14613775221613512,0.0,0.0,0.0,0.0,0.2,0.2,0.3,1,0.9014509688873046,0.7564107017320759
19,1,0.8138814705511078,0.9461733465184808,0.9339487024496045,0.15329956979789772,0.1491556178183432,0.10131651131607862,2.519379878628e-05,2.6952323617979998e-05,0.2,0.2,0.3,3,0.8084503641933264,0.5720883046860648
19,2,0.45158483344611006,0.7547585530785338,0.7110209445701446,0.1022583892278648,0.8078102610963528,0.09892021062198444,0.00023057365280929003,0.00018403754900163,0.2,0.2,0.3,4,0.4944076054385232,0.2339954638001631
19,3,0.36684231105873616,0.688177568728113,0.6334765938025775,0.0913905407617479,0.15682028836857168,0.09852746887628999,0.00012174161299122999,0.00010493607664981,0.2,0.2,0.3,6,0.3580223700476932,0.1959215670861777
19,4,0.3598031962458206,0.6859257212285927,0.6374476157578842,0.0976999104295381,0.0377752126133328,0.10763708406239128,0.00021865927763293998,0.00018847496886324001,0.2,0.2,0.3,8,0.3760906532072573,0.2149164056971461
19,5,0.35038822636996925,0.6773804925202922,0.6276104176621324,0.09573594344782517,0.05321671226827362,0.10417230095987673,0.00017357670708828,0.00014961571636931,0.2,0.2,0.3,9,0.3558094415955604,0.1938150130551524
19,6,0.34926184350684125,0.6874913628094759,0.6600870386035013,0.11552372856262566,0.021707711986323746,0.10445163452374737,0.00016804022459772,0.00014601186047825,0.2,0.2,0.3,15,0.363439009520848,0.186690546865763
19,7,0.31752842376303186,0.6608267038682577,0.6349994177911802,0.14435365196858985,0.04007975642321277,0.13148465854643146,0.00049495906009884,0.00062349915903135,0.2,0.2,0.3,26,0.4324328385029891,0.2255667705171246
19,8,0.3173862161599725,0.6532585517213026,0.6123849098369097,0.1161804013514313,0.0269716743881559,0.1312396468311996,0.00050784681308492,0.00064464677541819,0.2,0.2,0.3,27,0.4343901057857586,0.2397665326292368
19,9,0.3068720793582445,0.6535526795283816,0.633559792050303,0.1506064868494168,0.06735118377517843,0.1277196187525539,0.00040968011026811,0.00052003666347414,0.2,0.2,0.3,28,0.4121843276939084,0.2300528319525116
19,10,0.30798110291157355,0.6508391491096666,0.6229399880903345,0.15656875782953944,0.03406984559716604,0.14479234432939178,0.00041057617304237997,0.00038007336949567,0.2,0.2,0.3,30,0.4759300468339177,0.1581207159382339
19,11,0.3061226384971427,0.6451770412855841,0.6095014328255357,0.1293558667555575,0.035324776045853816,0.14303814734867687,0.00038518875001691003,0.00035693559455518,0.2,0.2,0.3,31,0.4663474638760375,0.1632026117853616
19,12,0.30550192748067223,0.6445147200262494,0.6087298568850821,0.12916974920054702,0.030152224710363947,0.14303814734867684,0.00038518875001691003,0.00035693559455518,0.2,0.2,0.3,33,0.4940867893634409,0.183227781156547
19,13,0.2784700795789878,0.6262220397071626,0.6086466608150484,0.16114732568585619,0.13459092797012903,0.12707809755676666,0.00041564339110809,0.00045907956436149,0.2,0.2,0.3,34,0.3851544319866258,0.2301470657684623
19,14,0.279846616545757,0.6317603522544819,0.6216534056248345,0.18017410047345211,0.028609076026161903,0.13756829766056006,0.00040054387047794,0.00049503064015533,0.2,0.2,0.3,38,0.3603001203966681,0.179453985396967
19,15,0.2744907072812607,0.6177708494961544,0.5919171957022917,0.13484702157798278,0.04055715970029112,0.12649515479584097,0.0004261506330721,0.00047423563957887,0.2,0.2,0.3,39,0.4140358504931037,0.2508715348589551
19,16,0.2745432335808992,0.6292377002272702,0.6256699550821444,0.18699155342699014,0.036308891825996566,0.13598812496966384,0.00037379854716883,0.00049230720302128,0.2,0.2,0.3,40,0.3560396694456246,0.2014861243514623
19,17,0.27170731534260295,0.6212055739998156,0.6090704016730614,0.19886542486264644,0.05341393053951596,0.14623115009753213,0.00041815635245141,0.00050753156687378,0.2,0.2,0.3,41,0.3336359134882345,0.1381987103411197
19,18,0.2688008644500343,0.6181595515730717,0.6058869465257101,0.20837742655502395,0.028409739435239324,0.13539953693023762,0.00038095286950002,0.00037666156284732,0.2,0.2,0.3,44,0.3353363813953656,0.153072926895918
19,19,0.2668902095468068,0.6160444630532088,0.6035705161621706,0.2101319151384279,0.03140425926975078,0.1307235576638123,0.00040912754126169,0.00049343698556091,0.2,0.2,0.3,45,0.3244834610720992,0.130970340989317
19,20,0.26542290512076505,0.6143634754215694,0.6016812421459142,0.22430950255571372,0.02670068478748187,0.12889015525099554,0.00034857949906279,0.00036137256548591,0.2,0.2,0.3,52,0.3272522975819584,0.1492322983651289
19,21,0.2649934753561383,0.6211646868463284,0.62333137515806,0.23942165545417712,0.028668000730695593,0.1310171115017465,0.00038723037996065,0.00048402196748289995,0.2,0.2,0.3,54,0.318659347037457,0.1370189004489616
19,22,0.26093609152719827,0.6195975294327826,0.6281763154521577,0.25512253335419455,0.05537833955969811,0.13754770131345034,0.00067659609712785,0.00061720038504474,0.2,0.2,0.3,55,0.3376236243012532,0.1433571551935055
19,23,0.25997283844463065,0.6145860373864955,0.6153597651578778,0.2546380542588591,0.03071693352162409,0.13989430336002087,0.00066413202177361,0.00059866107573289,0.2,0.2,0.3,58,0.3337200693599146,0.1735033849952835
19,24,0.2554978459907561,0.6125906838329968,0.6198745807888881,0.2630730122119113,0.04122278420364589,0.14175610294927687,0.00066747606236939,0.00062593520679782,0.2,0.2,0.3,60,0.3092353580563211,0.2087832717286982
19,25,0.24617366253578796,0.600730472107758,0.6061362180699487,0.2588066648161862,0.07514448415053149,0.13958021790850506,0.00058123101759871,0.00054943562343213,0.2,0.2,0.3,61,0.3044786746921369,0.2027665990334916
19,26,0.24228308893957753,0.600096271942222,0.612700917302801,0.287441607216935,0.02707926871389742,0.12796053910934913,0.0005015487792756,0.00023961242569422997,0.2,0.2,0.3,67,0.2700736434420789,0.1494910189129709
19,27,0.24326337788153168,0.5966982774775907,0.6013357606450087,0.29687064512158445,0.03448326524809491,0.14294376432541928,0.0006049239414020701,0.00037425371150507996,0.2,0.2,0.3,69,0.2701543648449799,0.1564808464062443
19,28,0.24274955998586092,0.5923653049070834,0.5894165239422551,0.30915689734013413,0.03042718203721991,0.14204457492739714,0.00050446259843423,0.00041845641247077,0.2,0.2,0.3,70,0.326651594628905,0.2024907381789729
19,29,0.2211914213131946,0.5658802212510561,0.5653727956762543,0.30198660242224196,0.15603454406850806,0.14491459145005114,0.00045531002652773997,0.00038983421553741,0.2,0.2,0.3,71,0.2912917233785967,0.1905941329959357
19,30,0.21758722306450046,0.560534138723439,0.5591261507390776,0.30377534803168377,0.051821041368113704,0.145444772553683,0.00047612541852452,0.00039907435370026,0.2,0.2,0.3,72,0.2859850039506812,0.1949925235675122
19,31,0.21689063580151555,0.5561241705822207,0.5472001450614975,0.32226798667409967,0.02862592518887026,0.1419093605431075,0.00052318181359023,0.00042722996835144,0.2,0.2,0.3,76,0.2944319804434746,0.1516571134151384
19,32,0.21285114908342062,0.5500854247288328,0.5401645304707475,0.3237834053459221,0.05353861598201708,0.1419908572357926,0.0004978355623728,0.0004032283067249,0.2,0.2,0.3,77,0.2904032583710229,0.1619937484641353
19,33,0.2128885406733994,0.5499858358715954,0.5399974836273413,0.3239805422450552,0.030621302687710752,0.14348939093074353,0.0005397555222716301,0.00040771017873274,0.2,0.2,0.3,78,0.2832518305021696,0.1594522062232757
19,34,0.21220515842168844,0.5635462718860673,0.5833232567468546,0.3527492538477984,0.03124538084971212,0.14598379946116236,0.00052169966749843,0.00038489210463367,0.2,0.2,0.3,82,0.2760192842360244,0.1566722125158233
19,35,0.21220516153370508,0.5598350416612761,0.5720975433883967,0.34315800653033895,0.029416597178967586,0.14598379934273042,0.0005216996903461,0.00038489207255515,0.2,0.2,0.3,84,0.2760192858661727,0.1566721968233528
19,36,0.2116683450562745,0.5627274040024572,0.5823686128664797,0.3700932230296267,0.030550988567157603,0.1459980989488259,0.00051726468918601,0.0003921003227031,0.2,0.2,0.3,87,0.2763121935934413,0.1603741481881966
19,37,0.208528933889353,0.5496681725345387,0.5531018543989401,0.37418871035301865,0.0382974477045621,0.1534977170225039,0.00052907059713091,0.00041063087631823997,0.2,0.2,0.3,91,0.2090758971859184,0.1145019071013303
19,38,0.20494195235720108,0.5441369831591236,0.546684160141289,0.37581996914255733,0.05293136342466103,0.1527461464141681,0.000491958552967,0.00040999614659619003,0.2,0.2,0.3,92,0.2274059704091937,0.1099297645891119
19,39,0.20140651260246714,0.5421350697330697,0.5512326603109414,0.39207048744822104,0.03893403341469255,0.1533223471279104,0.00051211036631895,0.00044959656101337,0.2,0.2,0.3,95,0.2313889600029811,0.1194776434815014
19,40,0.19978441838048128,0.5355393000702666,0.5365755752839878,0.3968362933709373,0.03816843338827416,0.1554866975318208,0.00049175436855183,0.00045392171926537,0.2,0.2,0.3,97,0.225572910038751,0.1099151268280618
19,41,0.19576445972057344,0.5328943505594627,0.5404557003012972,0.4445165551654193,0.03321691681148266,0.15342675129853944,0.00075133829095014,0.00045932376213943,0.2,0.2,0.3,108,0.2355961932515399,0.2029325822538644
19,42,0.192343624940064,0.5345480689366793,0.5561699778156336,0.4800524494713561,0.03512134481389254,0.1542412752693746,0.0005048573139661299,0.00041665620456324,0.2,0.2,0.3,114,0.2045808901075888,0.1176458114254924
19,43,0.1843973794516961,0.5166173994970991,0.5282533513420467,0.4867469224870699,0.04728280067861417,0.1576494318275117,0.00079233271846552,0.00049416744976313,0.2,0.2,0.3,118,0.2241585690429416,0.147409623688282
20,0,0.9906311200948759,0.9969696084240741,0.9964696828513327,0.1485295483337864,0.0,0.0,0.0,0.0,0.2,0.2,0.3,1,0.7896933605758443,0.7531954226678935
20,1,0.8408902711715087,0.9548871167689867,0.944631643730534,0.15340367010702508,0.13901382235368653,0.08521976943181529,1.946219054146e-05,1.9104794109669998e-05,0.2,0.2,0.3,3,0.6152765350020863,0.5524439350686344
20,2,0.4829304870047259,0.7763634513283126,0.7361920745021305,0.10827005425442882,0.7678657887360895,0.09886911345383641,0.00019370546463389,0.00019967121826088,0.2,0.2,0.3,4,0.409280805322007,0.2204503042365578
20,3,0.46887170315280535,0.7668186148534527,0.7250861408224457,0.10721558196208245,0.05882298170582527,0.09837709044821497,0.00022407176748961998,0.00023463501044881002,0.2,0.2,0.3,5,0.4205445678126793,0.2214267141038412
20,4,0.3903460086202974,0.7080087001949177,0.6565724309963877,0.09694732150158306,0.26242844899869355,0.09866231514885074,0.00013081877149586,0.00014678441401527,0.2,0.2,0.3,6,0.2637362930159513,0.2042001203788711
20,5,0.37246896246224925,0.6967569136502882,0.6503571763300133,0.09822555683818676,0.05083847191486895,0.09892455255305437,0.00013520870483442,0.0001612908589649,0.2,0.2,0.3,8,0.2082640948875273,0.1625489275212522
20,6,0.33139003524138666,0.6596253665562329,0.6068842966787727,0.09458391341049505,0.10044513065449656,0.10553013764166397,0.00011640326881055001,0.00012992324317492,0.2,0.2,0.3,10,0.2633680772311712,0.2081400113034563
20,7,0.3198886123727696,0.650720430591049,0.5967325045208098,0.101149044644494,0.06067792674259826,0.09863054322747004,0.00016899625772175,0.00020527469341938,0.2,0.2,0.3,11,0.2379178426095643,0.2091311728264041
20,8,0.2823915948791961,0.6127352321539791,0.5593896584454162,0.09590245046114307,0.10085247650198136,0.09843272796118631,0.00016845112761948,0.00020470911413766,0.2,0.2,0.3,13,0.2077316455192688,0.163411207184235
20,9,0.28235626494020705,0.6126958190557834,0.5593437222990159,0.1010316719187751,0.019943828653897853,0.09843272796118631,0.00016845112761948,0.00020470911413766,0.2,0.2,0.3,14,0.2086146413652742,0.1621919549192432
20,10,0.22119108654514902,0.5394090832697466,0.4805416759865991,0.0825771844035253,0.34755236483248364,0.10798989259217505,0.00029538727565729,0.0003661749078704,0.2,0.2,0.3,15,0.2137906727722285,0.0892136431210467
20,11,0.21703052852173443,0.5334015418740262,0.47351090959110625,0.07947139518412172,0.03475508397581539,0.10887570278132074,0.00030233958035631,0.00042150511478011003,0.2,0.2,0.3,17,0.1935813128426922,0.1274106271259985
20,12,0.2072740439916684,0.5191670408682229,0.45692598777048427,0.07810159400482287,0.08115165570846244,0.1089253629470561,0.00034506731873089,0.00040341601826454,0.2,0.2,0.3,18,0.152346495420551,0.1976519342201723
20,13,0.2017445241008271,0.5140961552277966,0.4578351311937608,0.08297206950025256,0.060451147266034636,0.11148367075756195,0.00033267983430044,0.00043757568662065004,0.2,0.2,0.3,19,0.1592326415510898,0.1261520578321586
20,14,0.20162548260436045,0.5139124539482753,0.45762112279406086,0.08822631944196054,0.02325224224138032,0.11148367075756195,0.00033267983430044,0.00043757568662065004,0.2,0.2,0.3,20,0.1587854740183313,0.1275018574187486
20,15,0.20003529104974752,0.5151930121550816,0.4660217089643974,0.08936601027425534,0.03236014207637674,0.11125562341785114,0.00033568848090074,0.00045537705962719004,0.2,0.2,0.3,21,0.156755856398357,0.1144547342040159
20,16,0.18358868828182237,0.4886473593705299,0.43511157528029437,0.09761484334983331,0.0769068556255345,0.11076843240238911,0.00032988330288565,0.00048647167993481,0.2,0.2,0.3,23,0.1397614491083579,0.1065716896406102
20,17,0.18293529054484992,0.4912574486113106,0.44505445752600475,0.10211106563688152,0.02463582094474607,0.11075126280054659,0.00033752265250742996,0.00049213381984269,0.2,0.2,0.3,25,0.1366469523657038,0.1043259845107751
20,18,0.17601656299835788,0.4798124881803633,0.4317904881691747,0.09759158441632816,0.06796547301088379,0.10898602731501757,0.00027665733315156003,0.00031426792124944,0.2,0.2,0.3,26,0.1568151452459569,0.1077130191662417
20,19,0.17495713106028887,0.47755272944356103,0.42909607884896156,0.10307744384766351,0.03268940756056146,0.11073403782421276,0.00029069339389428,0.00039032929741463,0.2,0.2,0.3,27,0.1302619460430752,0.0778726269200637
20,20,0.1571527819194601,0.44467305187015693,0.39079321708719283,0.09976503591576576,0.09009646083353731,0.11068558183557288,0.00031167190954484,0.00038946095502386,0.2,0.2,0.3,29,0.1110668078068156,0.0686606024015623
20,21,0.15519587057744558,0.44457241126423824,0.39757940718232726,0.1126062588704716,0.03015486089766188,0.11061007978198042,0.00033003538733677,0.00040278369286943,0.2,0.2,0.3,31,0.1117230074983562,0.0739196570673783
20,22,0.15310406100430826,0.4404237177926296,0.3927433317312214,0.10341481276271125,0.039513235291962386,0.11069048475858849,0.00033357302877282,0.00040690248174367,0.2,0.2,0.3,32,0.1119058999117097,0.0704611129579389
20,23,0.14738953952823322,0.432617503506215,0.3905566871129162,0.11846337728445677,0.04599268649255711,0.11062858171797538,0.00032753177379269,0.00034880537525751,0.2,0.2,0.3,34,0.1121073614892418,0.0876389785638483
20,24,0.13661734410705273,0.4096274973187553,0.36376569240709816,0.11828641028237949,0.1173685431648923,0.11080239753760429,0.00035843822741528,0.00038109228934472,0.2,0.2,0.3,35,0.1159983213724072,0.0831145964301305
20,25,0.13344024357258333,0.40602048111187605,0.3664338942482398,0.1396102713124655,0.02873688849933784,0.11166223467281511,0.00036713925307183,0.00044731016972485003,0.2,0.2,0.3,40,0.1323167978293717,0.1093180751458576
20,26,0.12147016183418156,0.39282455130385036,0.3786801053947473,0.18031098102449666,0.03690437525730996,0.11134557040133086,0.00041755451237907997,0.0004193825433781,0.2,0.2,0.3,48,0.1175956004511588,0.1044698354457317
20,27,0.12125973362373471,0.39601655561968824,0.3893005685811978,0.17565230424375342,0.023554744346374286,0.11152952450531499,0.00041051472599844003,0.00030793984033978,0.2,0.2,0.3,50,0.1015510293769205,0.1038361321718544
20,28,0.12097717032869407,0.39903474419879603,0.39971902519035934,0.19138849968361035,0.023906769252061144,0.11147630916472766,0.00041533683017924,0.00033727735164932,0.2,0.2,0.3,52,0.1101600628297879,0.1090276115056325
20,29,0.11962817049368688,0.3919826417410165,0.38460061464679735,0.20424671463066157,0.029382745476127514,0.11149156267486597,0.00041446497702298,0.00034169355233314,0.2,0.2,0.3,54,0.105744549102183,0.0989559413548458
20,30,0.11802018475531761,0.40282060848218937,0.42483674081578254,0.25511664958424735,0.0245371934902347,0.11142712731820023,0.00042195313269313,0.00035262448440676996,0.2,0.2,0.3,62,0.1154406229903225,0.1188000762292765
20,31,0.11095254055302782,0.3845392363699895,0.4035374542254693,0.25815764283734943,0.047641258271264746,0.11153116958500386,0.00047900443626939,0.0002870105448677,0.2,0.2,0.3,65,0.1193128194616083,0.1170640587723014
20,32,0.11001937840967091,0.3782142067260195,0.38925384144318764,0.28879375857999867,0.026301068229535103,0.11190546857596598,0.00043267725048992,0.00032935056972493,0.2,0.2,0.3,68,0.1090779295412322,0.1185472481943258
20,33,0.10808252317061189,0.3768038137385704,0.3945235508198302,0.2973497480798509,0.03288332558302943,0.11159384822212261,0.00047797768450201,0.00029382928583595,0.2,0.2,0.3,70,0.1276218599752918,0.1227260445103599
20,34,0.10786474942555095,0.37979178239626876,0.40489414915819116,0.29720376186006503,0.02369149314869179,0.11150298640635403,0.00048019106871057,0.0006060270148389401,0.2,0.2,0.3,73,0.135965175026473,0.1187231806721061
20,35,0.10477039025991887,0.3674692272510414,0.3836299453440548,0.31653081128335053,0.05825821614133984,0.11163709206867534,0.00048056226686018,0.00064930383714439,0.2,0.2,0.3,74,0.1422564675576127,0.1218207324494088
20,36,0.10463517324237714,0.37080136716163553,0.3944139499385198,0.32668427261178085,0.023420708114153015,0.11162129331307832,0.00047925203825229,0.00066205100899289,0.2,0.2,0.3,76,0.1432434215210191,0.1223659824017233
20,37,0.1046053755004063,0.3632931994661883,0.3718624843770359,0.251330464858885,0.0229468184221995,0.11162443267813708,0.00047990978599912,0.00066385840433062,0.2,0.2,0.3,77,0.1439726499989915,0.1223936303208585
20,38,0.10445046560046013,0.38144579581480265,0.42752356904611166,0.3980090494929554,0.0227009444082871,0.11165202587049597,0.00048168866733593995,0.00058766538974032,0.2,0.2,0.3,93,0.1454712929791564,0.1185309223796627
21,0,0.9259412434993676,0.9752592203998572,0.9711777594515972,0.14247886458778977,0.0,0.0,0.0,0.0,0.2,0.2,0.3,1,1.0754391665716474,0.7636066909511281
21,1,0.7884927464621307,0.9338045778415484,0.9201034507975256,0.14738752028782243,0.13712045489504437,0.08426178029915693,1.019592825971e-05,1.1257136432859999e-05,0.2,0.2,0.3,3,0.8611697505601531,0.5535435109451394
21,2,0.43639615053839603,0.743765973096044,0.6982129188519607,0.09920404762635482,0.8162963089212081,0.09886716029529208,0.0002474610344195,0.00024795319321649996,0.2,0.2,0.3,4,0.553901806021903,0.2251766625272244
21,3,0.35592180021089453,0.6785610599767222,0.6222583374553652,0.08564995103143028,0.15424266364995592,0.09904074421796905,0.00010787286948272001,8.176714561851e-05,0.2,0.2,0.3,6,0.4153159721333068,0.1525308461453527
21,4,0.35590751512456104,0.6785483059049284,0.622243411068861,0.08749981626679623,0.019908328240963693,0.09904211682636,0.00010787686102243,8.175065091634999e-05,0.2,0.2,0.3,7,0.4154260544345697,0.1526379229650945
21,5,0.34125832306197285,0.6688876892912045,0.6178965696647064,0.08828132949124419,0.07484750766066067,0.09885736776875892,0.00012762437172018999,8.645500615165e-05,0.2,0.2,0.3,8,0.4028797618876289,0.158612978201571
21,6,0.3300385292070055,0.6614701160673515,0.6023439503777572,0.09761983480335125,0.06387442661970129,0.09915817868412154,0.0001370339676578,6.373957618957e-05,0.2,0.2,0.3,9,0.4147860626624833,0.2626288029653139
21,7,0.33033553949393024,0.6623090281211533,0.616969879352629,0.09177598794373304,0.02339253477734468,0.10378179897824817,0.00016200217925782,0.00011309157611276002,0.2,0.2,0.3,10,0.3943798093822391,0.1515377478149938
21,8,0.3105889978876939,0.6424209615915639,0.5870545417928881,0.10217801150168715,0.09666967464245134,0.09915817868412154,0.0001370339676578,6.373957618957e-05,0.2,0.2,0.3,11,0.5436066825903223,0.1743546503638127
21,9,0.30960190431984863,0.6392316013083458,0.5833334437521484,0.10046848463368026,0.024206897836833684,0.09908080078865876,0.00022486499649689002,0.00016979185594625,0.2,0.2,0.3,12,0.3514625673190221,0.1935824268387768
21,10,0.28734004366322846,0.6203300052800105,0.5679385403351904,0.09684198670415013,0.12635438075043712,0.10756059831155572,0.00023444251843392,0.00011274830630267001,0.2,0.2,0.3,13,0.420223421817756,0.2407110986465546
21,11,0.28485438424176684,0.6154572354062027,0.5625392203187539,0.09932873391842124,0.023576313327728388,0.09908080078865876,0.00022486499649689002,0.00016979185594625,0.2,0.2,0.3,14,0.3854986504963328,0.1798338165439625
21,12,0.269847316338494,0.5947253189030737,0.5312031108781765,0.08821627143092602,0.10000414560618374,0.10758153918417941,0.00026168487574897,0.00017371890605335,0.2,0.2,0.3,15,0.2936396785398318,0.1158394955320021
21,13,0.26228495653905437,0.5876793489196611,0.5229883152703129,0.09730382967227794,0.05883624179273754,0.10767344892015458,0.00033291805017725,0.00019585890396478,0.2,0.2,0.3,16,0.2880079571127836,0.1490299520055581
21,14,0.25042605484819336,0.5816422183295682,0.5297659794194418,0.08858261801092657,0.08149898968850493,0.10756152193325275,0.00029902120318127,0.00016465813214459,0.2,0.2,0.3,17,0.2646855172564643,0.1314520274802396
21,15,0.23268561133987195,0.5515718544510856,0.48782634609342396,0.09306152779111285,0.11692694387018886,0.10767344892015458,0.00033291805017725,0.00019585890396478,0.2,0.2,0.3,18,0.2928509458092874,0.1118558745832707
21,16,0.21644591292554138,0.5252648806814629,0.4502705116873419,0.08025470186905989,0.11512845782802389,0.10794696973752956,0.00030327556242918,0.00017227894575834,0.2,0.2,0.3,19,0.2623169960709975,0.0762006856465808
21,17,0.2027877377684712,0.5049399696121404,0.42657680561485356,0.0940509101355158,0.10597760200113038,0.10824516436833553,0.00043388834103822,0.0002049930835231,0.2,0.2,0.3,20,0.2510283408537487,0.1229181914076369
21,18,0.20293434166717647,0.5042049199230505,0.4254237094579715,0.09771637822851595,0.03406579939762458,0.11721369659336159,0.00043736844164344,0.00022078122801628,0.2,0.2,0.3,21,0.2484313577024833,0.1032302943518566
21,19,0.18243475636456874,0.47230642546445706,0.38857245935698603,0.0750484998105689,0.14555877843444884,0.10796550075999581,0.00038044776680822,0.00017003741949018,0.2,0.2,0.3,22,0.2189213960862273,0.1029354901223977
21,20,0.1803124975614949,0.4723899503310418,0.39556640834122164,0.08648422934826669,0.03683755362745154,0.10818442422404989,0.00034921028464362,0.0001576927106647,0.2,0.2,0.3,23,0.2204120145534222,0.0974324781502934
21,21,0.17903320830467503,0.47028197001484895,0.39312827117155913,0.08082227997575882,0.029921427136413187,0.10760890472295556,0.00035757591232941997,0.00018063502478261,0.2,0.2,0.3,24,0.2156158721463183,0.104959577902485
21,22,0.1769319945843537,0.47036926047766536,0.40013082893335994,0.09244440407384394,0.03666537037008487,0.10771141250808686,0.00032522819791155,0.00016141520555261,0.2,0.2,0.3,25,0.2261765539523015,0.0831858044727519
21,23,0.17620352650753573,0.46031262581572063,0.37429594933396976,0.0957489277098016,0.04255565763227709,0.11714485256690375,0.00035872704703704,0.000209985217431,0.2,0.2,0.3,26,0.248014307341021,0.10539771544017
21,24,0.1694862989915233,0.45349344298118055,0.37356976661969926,0.09407721306620996,0.056937949585219395,0.10768864412757116,0.00032303122273693,0.00015808489446792,0.2,0.2,0.3,27,0.2291664041521546,0.0972298744195433
21,25,0.16911518020252628,0.45277666212904044,0.37272531858773783,0.08869920357873887,0.0248975581964347,0.10799286322089015,0.00030215230395357,0.00015970552500271998,0.2,0.2,0.3,28,0.2272644542385757,0.100376583818408
21,26,0.1684212578309049,0.4551444171465058,0.3823687107797044,0.09361884307310527,0.027775705347783265,0.10849566596819402,0.00031633908687737,0.00016178523106718,0.2,0.2,0.3,29,0.2269349153362916,0.0977380651319732
21,27,0.16834034400998732,0.45004155523986267,0.3692587985702384,0.11313276579960492,0.027608567669467746,0.1164019156608292,0.00031359515616204,0.00020798705612041,0.2,0.2,0.3,32,0.2564377823705183,0.1135054469542526
21,28,0.16644433230440575,0.45889494990451296,0.40053022728906745,0.13379745448156005,0.022453068025378407,0.108740326023419,0.00036360791156955,0.00021369566752788,0.2,0.2,0.3,37,0.2300953768691586,0.129868847610095
21,29,0.16511798889581272,0.4601497134531053,0.4088942159745947,0.14758184493883422,0.02692736357139467,0.108740326023419,0.00036360791156955,0.00021369566752788,0.2,0.2,0.3,39,0.2335365966511425,0.1235021805840046
21,30,0.16021826476250428,0.4507065697915676,0.39784496576072564,0.16887004887514,0.02887872258146993,0.11033965329800623,0.00035661281409333004,0.00012794425951625,0.2,0.2,0.3,45,0.1832142219007592,0.0725627631949684
21,31,0.1584441625650074,0.45102179608764875,0.40511442165690154,0.1768962185515788,0.029182591811857277,0.1103514329140727,0.00035472231687166,0.00012099550198097,0.2,0.2,0.3,47,0.1704824307867579,0.0865508494882743
21,32,0.15359036448412552,0.4415015711594333,0.3940178271965934,0.18330385626190498,0.04189504282197772,0.1105078838240515,0.00037062660048265,0.00012347396512845,0.2,0.2,0.3,49,0.1742099521586866,0.0640367627484475
21,33,0.15336752005467696,0.4410559540045896,0.3934980907421299,0.183588243662053,0.024068238674307563,0.11053397217938436,0.00035895249425692,0.00012619055701903,0.2,0.2,0.3,50,0.1752491534741078,0.0665036030733448
21,34,0.15135092972418945,0.44074696947217373,0.40004029110937867,0.1948522508378881,0.027748721822352992,0.11055255383367593,0.00036531742303794,0.00011080720700894,0.2,0.2,0.3,53,0.1689905303012408,0.0602426334849553
21,35,0.15108064550704517,0.4365054891423353,0.38819946002873096,0.20108434239504155,0.024310108730317945,0.11045040902716606,0.00035869846485383,0.00013098412120596001,0.2,0.2,0.3,54,0.1702945670131831,0.0621610488467842
21,36,0.14583229216911117,0.43321382891477805,0.39816959684194764,0.21396800484137243,0.03324733405475858,0.11043500587200265,0.00035170672211303,0.00013821825100367,0.2,0.2,0.3,58,0.1757335533073857,0.07151822369185
21,37,0.13450664207420068,0.41229784194717994,0.380671804368253,0.23978255479289087,0.042884384280791485,0.11035657695528284,0.00042251744560081,0.0008210231788678199,0.2,0.2,0.3,63,0.1409013046248127,0.0594129951121645
21,38,0.13251450208386753,0.41153773994381637,0.3866902468344711,0.26823949568793276,0.026991094516525073,0.11042193367334673,0.00040148992443035994,0.00075698008290177,0.2,0.2,0.3,67,0.1436446937977115,0.0577445223530424
21,39,0.13061168255408867,0.4072572966078599,0.38171115761062674,0.25715707851352865,0.031080293235044163,0.11022918673512103,0.00042311492009790996,0.0007195259365498101,0.2,0.2,0.3,69,0.1353089079961317,0.0637638112242008
21,40,0.13043896589937334,0.41060380487808273,0.3925160021558893,0.27030309287378107,0.023724806504735668,0.11010381616224145,0.00042089738159383,0.0007226321580097,0.2,0.2,0.3,70,0.1378051932158097,0.0589348370572342
21,41,0.12750716287181868,0.39994998402258564,0.37318488974864505,0.2956956476822071,0.027275704139379228,0.11049559857953173,0.00057904461936074,0.00070976184121075,0.2,0.2,0.3,76,0.1466586251304545,0.044619476244044
21,42,0.126024600093253,0.4040010272934461,0.3917241089317726,0.29813211050518584,0.026836840209018442,0.11000345966375707,0.00045538691197833,0.00080870565905913,0.2,0.2,0.3,79,0.1382616545839885,0.0491708157528557
21,43,0.12291929989532772,0.3965437846883435,0.3830345247578786,0.3098145444619653,0.053160038280940874,0.1101442611380753,0.00048088710198394,0.00074092751397802,0.2,0.2,0.3,80,0.1304410268366179,0.0473315014437843
21,44,0.12241369000487633,0.399170552866426,0.3930125282796187,0.3198964934859429,0.023621129969094306,0.10968939717558973,0.00045462614995566005,0.000744347736795,0.2,0.2,0.3,83,0.1399343037622276,0.0471361945091887
21,45,0.12112468936504553,0.3995335671178549,0.40031532846225776,0.32254162747031806,0.027170783098443573,0.1101957813381618,0.00052253257807896,0.0008125306914160901,0.2,0.2,0.3,86,0.1331239693107272,0.0346035203481219
21,46,0.11919391445179472,0.3911717416044995,0.38368517144224584,0.3245252274830646,0.04117228726417242,0.10998508063734673,0.00053421629909282,0.00067616022751218,0.2,0.2,0.3,87,0.1365592748801548,0.0401194041016199
21,47,0.11655317654381823,0.3843796563605461,0.3757567954508972,0.34038640303093975,0.05078865688556819,0.11023272847741943,0.0005921628136861901,0.0007915975305579999,0.2,0.2,0.3,88,0.1326082203083532,0.044996548380987
21,48,0.11368341751979433,0.3807703043904272,0.3784596366594261,0.35595218129019096,0.037399859208371106,0.11007220658076118,0.0005540454251733099,0.0008149351710429701,0.2,0.2,0.3,90,0.1366519775184379,0.0456316101933895
21,49,0.11249744563265916,0.37401733726403924,0.36369549204415963,0.36225957797791364,0.028554488604350753,0.11005334013812906,0.00052630942847129,0.0007434409191455201,0.2,0.2,0.3,92,0.1365951693448972,0.0488964448586001
21,50,0.11204960671753501,0.3802111475470614,0.38471046431577977,0.40153296272896627,0.022945567203252967,0.11014225081444583,0.000559640964021,0.00076446923361547,0.2,0.2,0.3,101,0.1276588656556546,0.0444708789860865
21,51,0.10947923246801448,0.3771232239644041,0.3880174523572307,0.40686742292348627,0.05038879961379347,0.11021989148534223,0.00056513943960238,0.0006660126986705701,0.2,0.2,0.3,102,0.1189538225643601,0.054462518457043
21,52,0.10867799077304581,0.3785712808424563,0.3965973757851988,0.4391551038933718,0.023365419106943255,0.11036820422738401,0.00062864343914585,0.00071165265747366,0.2,0.2,0.3,112,0.1139857111854309,0.0478542923660136
21,53,0.10697127066733986,0.3776946473299123,0.40248377899955406,0.4524433962329483,0.02864319510548464,0.11029309746119881,0.00060041894868857,0.0006706700409153099,0.2,0.2,0.3,115,0.1131960378117793,0.0501617222740232
21,54,0.10678443210292096,0.37344271363652765,0.39062556188239567,0.45595079120283294,0.023543225659944714,0.11033191714631031,0.00061013383934867,0.00069166870600168,0.2,0.2,0.3,117,0.1123208580743527,0.0468663912963355
21,55,0.10674581844843287,0.37336181555617953,0.3905336831211466,0.49742821534961923,0.022415883814919116,0.11030517962626478,0.0006019684318799899,0.00066707011389271,0.2,0.2,0.3,125,0.1117106829958738,0.0480056168754964
21,56,0.1063914619098064,0.3799760983993005,0.41205835300049953,0.5813035737414399,0.022720505225616344,0.10989629586078943,0.00061283379190447,0.0006334780538130101,0.2,0.2,0.3,132,0.1244472594440722,0.0552482529750172
21,57,0.10603518870376337,0.3789996618548949,0.4109213647946786,0.5849191152460499,0.026300605030712895,0.10987973292927919,0.00060956156665471,0.000635754449444,0.2,0.2,0.3,133,0.1241081021196893,0.0559629521520019
21,58,0.10532832372595857,0.37680252474271136,0.40834021657830555,0.5494938506026948,0.024814453829787357,0.11038631928701542,0.0006440834244464801,0.00071077335244868,0.2,0.2,0.3,137,0.11476434782226,0.0489901706283915
21,59,0.10522079837830492,0.41751229874662527,0.5317063345998261,0.6388811595538322,0.02232938667274013,0.11000928100592507,0.00062475837049356,0.00064961834758083,0.2,0.2,0.3,150,0.1226634989289368,0.0547282885205734
21,60,0.10497164377641877,0.39085413594058555,0.45233685902353526,0.7419954201039489,0.022557614299972675,0.10995793880429702,0.0006193150653365399,0.00064853992238904,0.2,0.2,0.3,161,0.1283305527800272,0.0548056215713584
21,61,0.10493504316426366,0.39080194387858436,0.45228031563511595,0.7534877577306366,0.022344103515002874,0.1097989278753559,0.00064065431277294,0.00065308274582567,0.2,0.2,0.3,163,0.1251002861096697,0.0555111632027184
21,62,0.104739002867122,0.3974325364494446,0.4737872315645981,0.8189883824208032,0.022653257146371432,0.11030552495043017,0.0006581966330032501,0.0007467374355939499,0.2,0.2,0.3,179,0.1232636147274615,0.0477296400785137
21,63,0.103044690156151,0.3890599352767167,0.45714021377577635,0.8087863088433123,0.03187056848432479,0.11019040687062563,0.00065351861374659,0.0006439506982637,0.2,0.2,0.3,181,0.1220962429799733,0.0557328571350203
22,0,0.903894387336806,0.9675255890672596,0.9621683516963887,0.13888965193522007,0.0,0.0,0.0,0.0,0.2,0.2,0.3,1,1.1581799413109262,0.7495063282056779
22,1,0.7630690456828703,0.9237442761831258,0.9082093670307891,0.14534551917849864,0.14515203645567898,0.08952737300270038,1.498481356592e-05,1.636185429899e-05,0.2,0.2,0.3,3,0.9358406407450944,0.5477409723644128
22,2,0.43198849101507814,0.7404930886536769,0.6944082144219164,0.09825556100026338,0.7836918437100704,0.09864342196724914,0.00023761131600601003,0.00024017332952042,0.2,0.2,0.3,4,0.5779155439603226,0.2351652127899694
22,3,0.4303208296356367,0.7430751606417713,0.7042452818029142,0.10291025060011072,0.023535684336620948,0.10076513606629302,0.0002763708714423,0.00027899598298009997,0.2,0.2,0.3,6,0.5718890486631513,0.2269819400506282
22,4,0.36735042860396333,0.6960211369194782,0.6564435778009963,0.11497947959672937,0.08846895094010179,0.09775656552719507,0.00017995571457008,7.369197176293e-05,0.2,0.2,0.3,9,0.5516915212737201,0.3335288201647058
22,5,0.32525565616771107,0.6611115351742806,0.6223214880513499,0.11235150722021783,0.105862644170478,0.10825048244304131,0.00035747451439545,0.00014638602549372001,0.2,0.2,0.3,11,0.4881767710313518,0.3488632770464404
22,6,0.27553347635274217,0.6088542391310594,0.561615404491425,0.10386155610047948,0.1268979791228921,0.10296435200740317,0.00046642907792750004,0.00012143795797582999,0.2,0.2,0.3,13,0.3319442180262128,0.2627501687109633
22,7,0.2560413302386026,0.5891230032731558,0.5454522240324259,0.10463700569421934,0.06998744052445294,0.10536679889779312,0.00044753199975354995,0.00013159006462276,0.2,0.2,0.3,15,0.2840331719694247,0.2483806111404946
22,8,0.22582913005187874,0.5569918490657295,0.5216950865391908,0.11730602980631698,0.049758232578201195,0.10927795306774182,0.00048016095057346996,0.00012533662435785,0.2,0.2,0.3,21,0.3058088353548486,0.2937839476232557
22,9,0.2217779043239079,0.5512961166748009,0.5150645553777659,0.12520006241289114,0.02968446184241176,0.1091415555170941,0.00042569348178753,0.00015526838043703,0.2,0.2,0.3,24,0.2865538397803387,0.2575706675339947
22,10,0.19453960835322598,0.5184297395157199,0.49071242339135857,0.13133208847958264,0.07545528677554435,0.1050363384700118,0.00052593300673083,0.00016330777677097,0.2,0.2,0.3,27,0.2385143187605339,0.1664383870382142
22,11,0.16967931973872732,0.4707632293288971,0.42787011819201587,0.11989658640760416,0.11941972336056567,0.11743337627522964,0.00054211490770198,0.00017300470902507,0.2,0.2,0.3,29,0.1997185978629425,0.1913751547794869
22,12,0.165122272388184,0.4702336091928416,0.44113984813019813,0.149395451604073,0.02700388326860881,0.11464241216663669,0.0007119546608841301,0.00025893289932813,0.2,0.2,0.3,37,0.2429080682457053,0.1391941918115607
22,13,0.15302913932498663,0.4508657387375625,0.42552432557319303,0.16090663517202447,0.11683429807873082,0.11339708396915125,0.00064240549859283,0.00022111908582411998,0.2,0.2,0.3,38,0.2305753953731562,0.1401681010988511
22,14,0.15168488006416517,0.448419207606077,0.4227120015358832,0.16006666768022512,0.02724795839306104,0.11224587269657443,0.0006471048603971,0.00022182258013759,0.2,0.2,0.3,40,0.2252973316244147,0.1340073634310351
22,15,0.13883628680017607,0.42069959171438887,0.39030003990615714,0.15360175345843602,0.14063896433316986,0.11593276918140671,0.00057325448276328,0.00022687922322746002,0.2,0.2,0.3,41,0.2204415019954131,0.1041473802984764
22,16,0.11192198787239935,0.3576330803153068,0.31699690531316765,0.13135070698050125,0.15032572906874334,0.11102645308654119,0.0005350403803473099,0.00014073119129446,0.2,0.2,0.3,43,0.1701455976938672,0.1237786656371662
22,17,0.1122035029698677,0.3561362994352356,0.3150283223907714,0.13831104929884683,0.027649906696458133,0.11773351352139397,0.00055432132856284,0.00020037150845338,0.2,0.2,0.3,46,0.1743821122313925,0.091253532643553
22,18,0.10612996379526952,0.3437711640704004,0.3075659306708336,0.16783521914655092,0.05615826047302869,0.11653238540600244,0.0005487454199712999,0.0001893575464096,0.2,0.2,0.3,48,0.1523101223327443,0.101392750174829
22,19,0.09262955195747853,0.3087545289229653,0.27376540647790937,0.17248853573845307,0.1016281796477028,0.11370294994857054,0.00056670216324106,0.0002333834122033,0.2,0.2,0.3,50,0.1437855312482754,0.0816034912018913
22,20,0.0887894577949826,0.30009739079125697,0.2705680224391648,0.18519057769485714,0.03588846923347151,0.1142121413984497,0.00055255260228373,0.00019247876034622998,0.2,0.2,0.3,54,0.154374069142448,0.0802366026020913
22,21,0.08601322538018401,0.29561702689741143,0.2723123268042808,0.20164398411902762,0.03888651134633137,0.11227817444934295,0.00057382923813528,0.0002234953345829,0.2,0.2,0.3,56,0.1434692506035253,0.0863743397321332
22,22,0.08341996202036933,0.2875372559025386,0.2629498618039308,0.19915469482281922,0.0381753727814323,0.1107035725668223,0.0005960179715004,0.00024370752574457002,0.2,0.2,0.3,58,0.1422096378367119,0.0832856760869222
22,23,0.08395019331297342,0.29159936725729757,0.2744845064121472,0.2057851140662174,0.023287649302058067,0.1138449934464813,0.00056021662430561,0.00019024222566017,0.2,0.2,0.3,61,0.1474824689850693,0.0972298183218972
22,24,0.0839375620008342,0.2915581431472363,0.2744365880965729,0.20577316457706035,0.02310439267590649,0.11384152274412546,0.00056026957515902,0.00019016484139551,0.2,0.2,0.3,62,0.147394742500363,0.0972797663648663
22,25,0.08098489060441791,0.28524808351361847,0.2739986973659775,0.23427851518215106,0.03313737031953617,0.11356365692580378,0.00054470304906408,0.00016559793644262,0.2,0.2,0.3,66,0.1511996197017246,0.0904407851284288
22,26,0.08083719134751795,0.28470691283146354,0.27336664050437626,0.244583430027428,0.025154076748120698,0.11361014766346184,0.0005451320018107499,0.00016624891389771,0.2,0.2,0.3,67,0.1517865899261055,0.0902025985362633
22,27,0.07947986546644462,0.28086329220829476,0.26894958927590124,0.23976958484854635,0.027309794787440292,0.1117800888695382,0.00054022652489593,0.00016414776122328998,0.2,0.2,0.3,70,0.1540712424008625,0.1020784122920696
22,28,0.07901101842407159,0.28367214094555043,0.2791741502907963,0.23871987848347923,0.02462360473695955,0.11027815050844997,0.00053511930972315,0.00015614752222575,0.2,0.2,0.3,71,0.1434348086672872,0.0991823556108883
22,29,0.07709700783538752,0.26919803851826507,0.2484960331899668,0.22054363482983122,0.051662791557717254,0.11060967351529132,0.00054370683347974,0.00016787150015221,0.2,0.2,0.3,72,0.1393064200821215,0.1031788104654999
22,30,0.07639859724071107,0.2703212838195255,0.2567039170928699,0.24015329817627754,0.02767172146596695,0.11069449585375002,0.00054554506957449,0.00016785941436024,0.2,0.2,0.3,74,0.1417326576202942,0.1050814638564492
22,31,0.07534054399805468,0.26915302268301905,0.26218476063705426,0.23852079047317887,0.02807428172348341,0.11251056043741059,0.0005713054499452001,0.00016083930985779,0.2,0.2,0.3,78,0.1415521581371877,0.105417437309203
22,32,0.07392725650985234,0.2760212664694597,0.2909537765180896,0.30002554991937264,0.023298334893841165,0.11068248734642064,0.00053589298016157,0.00016881978009145,0.2,0.2,0.3,94,0.132063844925538,0.0979512246198746
22,33,0.07390098312910481,0.28331343426433236,0.3132514973070312,0.34603905669007023,0.022378725959588567,0.11073816136922085,0.00053607585581641,0.0001695980225438,0.2,0.2,0.3,102,0.1315536375211168,0.0981312363983236
22,34,0.07330779006694203,0.2772871862510185,0.2993242134684594,0.34909212472124557,0.03200146281818177,0.11085508729782344,0.00054690850710774,0.00017901510909744,0.2,0.2,0.3,103,0.1303839009668274,0.0964516603879113
22,35,0.07349576360217575,0.2923171978772486,0.3444114427372578,0.3995950600150048,0.02252922432597689,0.11179916282871642,0.00055388511562807,0.00017426641609864002,0.2,0.2,0.3,105,0.1394562879412822,0.101892442283983
22,36,0.0733098574186936,0.27716513732333214,0.29917434738087517,0.3564460798060599,0.022721775853950976,0.11109658103194858,0.00054902273318729,0.00017190746875540998,0.2,0.2,0.3,107,0.129823161712365,0.0934226415222403
22,37,0.07314643446354756,0.28786276428906804,0.3323542678914062,0.40302707897833884,0.023840575958012554,0.11075905716460907,0.00055364599593316,0.00017455056638379,0.2,0.2,0.3,108,0.1399463914587466,0.1026203013339186
22,38,0.07305822558561367,0.28729444538482946,0.33167837951398355,0.40292888351199524,0.025087005085509685,0.11119119803113432,0.00055267838148128,0.0001658526363737,0.2,0.2,0.3,109,0.1410481927635399,0.1035462437492985
22,39,0.07316242177539195,0.28713435634038065,0.33145912220665186,0.4143955060100385,0.023090574386494474,0.11217231917277273,0.00055134626395245,0.00017473033478427,0.2,0.2,0.3,112,0.139201771037036,0.1016154172342252
22,40,0.07285021086941491,0.2935044665871976,0.35269257227768447,0.45510154220275334,0.026688231444650157,0.11192930030416189,0.00055104265262729,0.00017493055931687,0.2,0.2,0.3,113,0.1427604696618563,0.1019498733426626
22,41,0.07284640298573855,0.2858050117137752,0.3299023254014171,0.41406735302351594,0.023448082348384358,0.11237203314642899,0.0005766321857139901,0.000189652888103,0.2,0.2,0.3,115,0.1432858535722837,0.1077131474190963
22,42,0.07276939619885923,0.28926855161275666,0.34084296155973637,0.44732876311498904,0.022801041887667024,0.11228910378545028,0.00056749489711759,0.00018015338616856,0.2,0.2,0.3,120,0.1415715317213671,0.1043451174339639
22,43,0.07267775905682146,0.28898447027348073,0.3405150225179719,0.44724328712140765,0.02376248380601974,0.11217244738938113,0.00057620551794723,0.00019098315788878,0.2,0.2,0.3,121,0.1456189800774525,0.1073707268987871
22,44,0.07234532833606698,0.2875298048369952,0.3388106775226056,0.55436446460223,0.022991217012576268,0.11224263581386276,0.00058849758370333,0.00033200682116557004,0.2,0.2,0.3,140,0.1478309549826363,0.1102260584317251
22,45,0.07222719474478853,0.2945398500690148,0.3607840254319546,0.5815117462342093,0.023467656929426064,0.1122185484437676,0.00058489860505549,0.0003016921497277,0.2,0.2,0.3,142,0.1473356285993741,0.110181734875172
22,46,0.07212545098151664,0.28634879563004767,0.3374154379688013,0.5580342318960256,0.023714467949227717,0.11285234150951923,0.00058050816358104,0.00032295229078994,0.2,0.2,0.3,146,0.1438313640011801,0.107661379030193
22,47,0.07198080591536159,0.28988508589409023,0.34845944544288493,0.5891220049524383,0.022817125951098305,0.11218948955622865,0.00058079832825081,0.00031785898844401996,0.2,0.2,0.3,147,0.1507782199296578,0.1098480739559717
22,48,0.07139821737382825,0.29176432598851154,0.3575751152462486,0.6001766346654941,0.025979852504241216,0.11146286340331904,0.00058189505996032,0.000312976930472,0.2,0.2,0.3,149,0.145939099409588,0.1057588342401858
22,49,0.07086962526984182,0.28956206456223255,0.35500113797599175,0.5995995495201921,0.025651282230117076,0.11170368246214767,0.00058417301037086,0.00032047284957457,0.2,0.2,0.3,152,0.1411685886072686,0.1041265396799389
23,0,0.9342289720590634,0.9781207472360999,0.9745113401916108,0.14184252203255304,0.0,0.0,0.0,0.0,0.2,0.2,0.3,1,1.0364720546363622,0.7480756790839171
23,1,0.5804691889287068,0.8348729288447405,0.7974776337306535,0.12067819170460228,0.35393611642031964,0.09716984001976092,0.00038874788603902,0.0006760303862791,0.2,0.2,0.3,3,0.7575322693364935,0.4675689842327974
23,2,0.46159527957181773,0.761831986174628,0.7192508326674049,0.10427578997154992,0.3259255900238208,0.09911592851854852,0.00022267982250022,0.00026919282019201003,0.2,0.2,0.3,4,0.4499733358607512,0.2224978930930312
23,3,0.44286978118861275,0.7521849269555041,0.7149372503038073,0.10621962212391575,0.04707766228868516,0.09840376907961838,0.00022551993060879001,0.00028330579024385004,0.2,0.2,0.3,6,0.4428976292537004,0.2087887731072307
23,4,0.43942441069004556,0.753574751008133,0.723343137915058,0.10919482271184634,0.02674025157654946,0.10173207045034657,0.00028318217093115,0.00035719228292325,0.2,0.2,0.3,8,0.4271621096379742,0.2025759566014097
23,5,0.4340016232416844,0.745683183775166,0.7073655517942417,0.11181414175165975,0.03408539560991041,0.09830847964068529,0.00023756051762057,0.00028614870985293,0.2,0.2,0.3,9,0.4289778306829104,0.2144011361651965
23,6,0.4340306093066863,0.7457144022931576,0.7073956651233574,0.12130245632839297,0.019859291736441544,0.09849170987421918,0.00023614602183240997,0.00029089611032505,0.2,0.2,0.3,10,0.4186069049472691,0.2239203066740095
23,7,0.4186279623214312,0.7415610505167043,0.7163511930674165,0.12807123611491258,0.04390510277146939,0.09876899565373269,0.00023763257186865,0.00031448264470051,0.2,0.2,0.3,12,0.4068538989105811,0.2582808829470876
23,8,0.4176743531516083,0.7408287992899636,0.7154984113831897,0.13013811624192842,0.022904367415533575,0.09876046023185224,0.00023812824505769,0.00031382092455063996,0.2,0.2,0.3,13,0.4053116596728115,0.2553131006035403
23,9,0.4169452487726296,0.7402677833289767,0.7148450892902619,0.1322530569000212,0.022198439733958922,0.09875378882990465,0.00023853338655991998,0.00031327203076197,0.2,0.2,0.3,14,0.4040989512206978,0.2527624940184054
23,10,0.4019012441399076,0.7292618020291352,0.7013893542725645,0.13114885194726855,0.08498721198193197,0.11750347173298488,0.00035786731321117,0.0005464370296292601,0.2,0.2,0.3,15,0.3688176671141401,0.3174627066379011
23,11,0.3885312130807397,0.7220982960751172,0.6998950679921433,0.1283398932865259,0.047111893228215546,0.11864775578680438,0.00049402867682208,0.0007285148962508299,0.2,0.2,0.3,17,0.3307505297821521,0.2643314875943751
23,12,0.38432710600521003,0.7185235946998287,0.6957936910100504,0.12954795925537235,0.03683319805047653,0.11678351341175362,0.00046940859625737,0.00071399931530192,0.2,0.2,0.3,18,0.3302216196073073,0.2544804841490815
23,13,0.378583980341663,0.7173591888436329,0.7013826339920683,0.1322883393684602,0.042509416189966474,0.11560961027672546,0.00047133549369704,0.0006220440911955,0.2,0.2,0.3,19,0.354336069665474,0.2497257109509648
23,14,0.3662197277325714,0.7061955566299473,0.6889736064830908,0.13793979679231477,0.050850709093090335,0.09719087944121627,0.00042333052807157006,0.0008858285828148901,0.2,0.2,0.3,20,0.4174854644087651,0.2131035390071733
23,15,0.3593839285466328,0.7041558861485594,0.693135260416485,0.14339428123357303,0.032951481157557395,0.10897436758774358,0.00037017389752411,0.00042861739105153003,0.2,0.2,0.3,23,0.353176156711751,0.2410815243306555
23,16,0.3551500715793924,0.6966365589467064,0.6774992143680455,0.15427627279588227,0.036668488281463456,0.10716532476051044,0.00088581130011402,0.00076621381610959,0.2,0.2,0.3,24,0.4232349982007707,0.2656405552894493
23,17,0.35218549467999977,0.6939164317113135,0.6743904107014355,0.15612193044576586,0.031223764554144294,0.10543471947401599,0.00083397765909979,0.0007411550014741,0.2,0.2,0.3,25,0.4184775075005583,0.2538874612372691
23,18,0.3502131628625045,0.6996678349352584,0.6946620286219028,0.16435513069561,0.0358395662880995,0.11200003756875257,0.00087608507746021,0.0010436212375811301,0.2,0.2,0.3,26,0.3382820082476274,0.2252739652077203
23,19,0.34787376440299467,0.6974826075389714,0.6921825971369766,0.16638563028537146,0.029828285545834818,0.11011123064709802,0.00082597020977796,0.00099827474104146,0.2,0.2,0.3,27,0.3410595146539889,0.2249959483874635
23,20,0.3486795575638852,0.6983194716798181,0.6929652537776047,0.16746014130719003,0.024991887429416396,0.11706562898483323,0.00040253662928733003,0.00052733233523931,0.2,0.2,0.3,28,0.3058707534217076,0.1952254732271965
23,21,0.3459313754495341,0.6993948789656531,0.7013124764893091,0.17674049823176258,0.028539141076345375,0.110111230647098,0.00082597020977796,0.00099827474104146,0.2,0.2,0.3,29,0.3487064291712561,0.2421814195508877
23,22,0.32656788876410214,0.6808251364788008,0.6805001800453159,0.17488956555344995,0.04553828903492752,0.08588202602953016,0.00045871962928590996,0.0008097521988323401,0.2,0.2,0.3,31,0.3458114461412043,0.1843275354726478
23,23,0.3238433105607137,0.6968263107868508,0.7330491076076381,0.23948294432250303,0.02299627356972196,0.1039597376583098,0.0009297849951784299,0.00062900403698448,0.2,0.2,0.3,45,0.3996541950973957,0.2883576728707949
23,24,0.31049912892151554,0.6871382175569242,0.728495227013216,0.24064305491309496,0.051951388251941545,0.10839596012384563,0.00148283838198286,0.0007325815568856,0.2,0.2,0.3,47,0.2863359798979407,0.2777692546161899
23,25,0.30121505435098966,0.6811741381614662,0.7284111159151695,0.26867830345796917,0.028266747220339394,0.1093473839707318,0.00164194875456069,0.00076835042260965,0.2,0.2,0.3,54,0.2884614531312361,0.2808696462247306
23,26,0.2976415491582323,0.6810906503738651,0.7352232589717963,0.2768268332543886,0.03012046249780863,0.10917790288876682,0.0015943105135718502,0.00076731356685362,0.2,0.2,0.3,56,0.2821668021664555,0.2616101604061442
23,27,0.29751039635065685,0.6883587233266697,0.7574612876923658,0.2931238176474406,0.022956435059594337,0.110048518921346,0.0016688412496017502,0.00081442187177062,0.2,0.2,0.3,60,0.2789481875527873,0.2573341796260335
23,28,0.2874161128007349,0.6811598646397455,0.7560825992599784,0.35427898347734593,0.028927845740263268,0.1058707947771611,0.00130171033061081,0.0017114510399198102,0.2,0.2,0.3,66,0.4155454346526908,0.1809817916923952
23,29,0.28449703826183337,0.6816576862562981,0.763598029681738,0.35611968144739437,0.02795528210098956,0.10479807289584439,0.00130803647514336,0.00175022279646991,0.2,0.2,0.3,68,0.4218555922935137,0.1834122685833516
23,30,0.28448842997035606,0.6853592896898585,0.7748125237832287,0.37324670116146247,0.021762736957277422,0.10479807289584439,0.00130803647514336,0.00175022279646991,0.2,0.2,0.3,70,0.4217455748099677,0.1819163871447613
23,31,0.2822013400044546,0.6790881562852493,0.7605989128040138,0.38689694544783026,0.023899737953264846,0.10373484015716698,0.0018494866569813198,0.00221367505645922,0.2,0.2,0.3,75,0.3914144794360869,0.2442606329666444
23,32,0.2811613058773468,0.6853390937415,0.7816819384206913,0.389546604547713,0.024439929568671,0.10453239519220095,0.00176560426540508,0.0018098023101166202,0.2,0.2,0.3,77,0.3428636955026128,0.1949730976220482
23,33,0.2807130816862228,0.6626193859138303,0.7138691019720939,0.5746866307848784,0.021396983226597412,0.09661058419452544,0.00411930608111565,0.00414323146694124,0.2,0.2,0.3,118,0.5834672833443894,0.3402053219879684
23,34,0.28194407851553854,0.6637230034207774,0.7147875684812629,0.5920627846124201,0.028258311978397704,0.10867262694588666,0.003937404548086771,0.0036428977523045997,0.2,0.2,0.3,119,0.5751492407172409,0.420617066663455
23,35,0.2803185910771958,0.6617149100505941,0.7122496855279059,0.5962370902930414,0.031429206934774925,0.1127013319179934,0.00449581235669532,0.00459613788712811,0.2,0.2,0.3,121,0.5488525109179435,0.2625834184048163
23,36,0.27464475667734534,0.7075766946914767,0.862754979816735,0.5964580678097798,0.02494222499170467,0.10581454668581877,0.0021891441756358597,0.00169898345763131,0.2,0.2,0.3,126,0.6051532021686328,0.2912121151507831
23,37,0.26745049806819754,0.7180655976748637,0.9097970076276662,0.7484544256579183,0.021237359961799453,0.0954515681822979,0.00259276567420883,0.00204050566514539,0.2,0.2,0.3,151,0.610118046061507,0.2752124103696035
23,38,0.26698190532955546,0.7212195816367919,0.920368853801925,0.756326945967062,0.021453509384784856,0.09543364598058908,0.00262119312102844,0.00212798238628064,0.2,0.2,0.3,153,0.6189400028462488,0.2754970514649722
23,39,0.26738725775945055,0.7141253593304475,0.898148101712158,0.6536762778095939,0.021396792546498636,0.09948352481802168,0.00272656533155366,0.00242505076391889,0.2,0.2,0.3,164,0.6211319761498392,0.2718127885401643
23,40,0.26431672661923156,0.7292069402914081,0.9503804549457313,0.7954015775952716,0.030740175119374893,0.09524414241780176,0.00244749294308657,0.00237117473498113,0.2,0.2,0.3,165,0.6213593521588521,0.2625842131051066
24,0,0.8340557318244504,0.9417738295215885,0.9321683732053139,0.13171263789454402,0.0,0.0,0.0,0.0,0.2,0.2,0.3,1,1.471024461102571,0.7470497566820049
24,1,0.5509633950357155,0.8178397961042987,0.777592712270138,0.11611009087020607,0.31438852316912175,0.09850607077547352,0.00048045518966635003,0.00056974265156843,0.2,0.2,0.3,3,0.8827661425332624,0.4675689842327974
24,2,0.42881353521802457,0.7380790522379077,0.6916265356021617,0.09745027927890636,0.3521182133183776,0.09753711612409069,0.00027220851488982004,0.00033632066812694,0.2,0.2,0.3,4,0.6083673518218935,0.2481989225561879
24,3,0.34512308746782633,0.6687369220104338,0.6108863024990143,0.07961481850207079,0.16193513304248133,0.0967558714741338,0.00010585338430481,0.00013526542139919999,0.2,0.2,0.3,6,0.463299004433934,0.1406593619891801
24,4,0.34183437289684115,0.6693956896191298,0.6185526800756588,0.08360940726008183,0.02574071980019496,0.09685679783219374,0.00010571911616914999,0.00013512689306571001,0.2,0.2,0.3,8,0.4982548214532319,0.1541599778371818
24,5,0.2758118808152486,0.6012919877792297,0.5387832361612821,0.07319616491656603,0.16788627089041241,0.10988958787340365,0.00011312944438495,0.00014475281053516,0.2,0.2,0.3,10,0.3895814681595304,0.1999628082308372
24,6,0.2601911427110999,0.5827160956440789,0.5170190517326709,0.07801737635320692,0.06267268623156107,0.11363736878764139,0.00011520033619528,0.00014750574127504,0.2,0.2,0.3,12,0.4497411939160107,0.2201304540786033
24,7,0.2561983111629868,0.5777977892659916,0.5112720215047127,0.07800313307493512,0.04360864938319058,0.11417490725712809,0.00011157425961142,0.00014249100418552,0.2,0.2,0.3,13,0.4305088886239895,0.2028819084005175
24,8,0.25581888401942793,0.5773130596793904,0.5106962965504354,0.08422645015059176,0.02524112213184199,0.11450854501747132,0.00011184084902227001,0.00014283445133102,0.2,0.2,0.3,14,0.4316763434441018,0.2057997981391377
24,9,0.2505862566593305,0.5743868108267981,0.514123868873245,0.08390512542422521,0.05238106661909923,0.1164402660204964,0.00013122322328279,0.00016758461067226002,0.2,0.2,0.3,15,0.40273284897062,0.2150700898867041
24,10,0.23707321194958322,0.5572162468585953,0.494287800092706,0.08486079521131931,0.08904451997491031,0.11142784594922496,0.00011259356628534,0.00014512050811195,0.2,0.2,0.3,16,0.4104645228228921,0.1527498339031393
24,11,0.2062923894618488,0.5133954707349586,0.443142372493823,0.07866079468168279,0.20600959861526685,0.11430903050406616,0.00011829563455786,0.00015217840663859,0.2,0.2,0.3,17,0.3449014882170406,0.1855843229579679
24,12,0.20243066171477497,0.5034642494036314,0.4245724189840962,0.07550751876611878,0.030554392756157834,0.11728715957396335,0.00012677042383893,0.00014507725961713998,0.2,0.2,0.3,21,0.3407451240771996,0.174233541947684
24,13,0.20236831476690628,0.5070776125557648,0.4356836538643562,0.08913955132761231,0.023666540274501442,0.11730024404452107,0.0001266240649759,0.00014489993867156,0.2,0.2,0.3,24,0.3407028224492819,0.1741151736010246
24,14,0.20012055026571732,0.5071970392270766,0.44269555323641235,0.08885071180799903,0.03926081937997237,0.11822425965488143,0.00011520415819046999,0.00013165719830604,0.2,0.2,0.3,25,0.3415942798658487,0.1670954073992198
24,15,0.19726807952686165,0.5062698819330966,0.4484756436382585,0.09718631511641863,0.03405123678815005,0.1193932495391411,0.00015359734418423,0.00017601057738298,0.2,0.2,0.3,27,0.3109323046398697,0.1845977465620393
24,16,0.1959985417354975,0.4968959280597343,0.4237608034074315,0.10206613598156725,0.02786842043922348,0.1191957499693783,0.00012241766196470998,0.00012741011191785002,0.2,0.2,0.3,29,0.3309117147106501,0.1398353429458984
24,17,0.16759622440172992,0.4609438418212647,0.4029074466521194,0.1026075029059656,0.048514364740625836,0.10930233827246286,0.0001617921358983,0.00016904373160726,0.2,0.2,0.3,36,0.2186665901611804,0.1312416049476411
24,18,0.5626841895324549,0.9576115447651016,1.0968470888455144,1.3111900519633803,0.4106684771430818,1.0,1.0,0.03541945665487611,0.2,0.2,0.3,181,0.317847628769433,0.3361862360301452
24,19,0.5561436273034182,0.9495754532095504,1.094386326588898,1.3079206978763638,0.41139426493568676,0.9999952955021335,1.0,0.035446909710708005,0.2,0.2,0.3,183,0.3175087028962371,0.3358490477225869
25,0,0.9209394347919273,0.9735202873260161,0.9691519429698309,0.14056037408475408,0.0,0.0,0.0,0.0,0.2,0.2,0.3,1,1.0843448873405666,0.7505884173266943
25,1,0.5880591192199794,0.8404925122795152,0.8039991695173716,0.12237350783049292,0.3360862093230247,0.09844173381879215,0.00044907782456916,0.00029504329595476,0.2,0.2,0.3,3,0.726232605116373,0.4675689842327974
25,2,0.4425173814546097,0.7482354046833632,0.7034230037684861,0.10043440011332436,0.3986699771492272,0.09884443688073434,0.00023696866667525002,0.00020292814781139,0.2,0.2,0.3,4,0.5281713977597815,0.2247839696782286
25,3,0.4286281184410233,0.7416754242570245,0.7027024347537699,0.10028350082702843,0.040700936932582345,0.09826277960139515,0.00023158424137379997,0.00020291861849434,0.2,0.2,0.3,6,0.5095125565944688,0.2064411789069503
25,4,0.42815916934975184,0.7450131342252322,0.7135075427506721,0.10509756646214714,0.020258637984378745,0.09782053926212067,0.00023040251435655002,0.00020330646892453,0.2,0.2,0.3,8,0.5075586793317899,0.2064507568661814
25,5,0.2952569257119228,0.6229143469404144,0.5640238159041253,0.08248760718502013,0.2701469519355263,0.10832161943053079,0.00012524292166187,0.00014767671916761,0.2,0.2,0.3,10,0.4403310614534874,0.2352994760208147
25,6,0.29504523247674874,0.6263937640200061,0.574970507667178,0.0860419450194746,0.022376746087250727,0.10858339812075954,0.00012814581554405,0.00015118390800877,0.2,0.2,0.3,12,0.441200228206572,0.2384579897960042
25,7,0.238673785612249,0.5630749981700616,0.5080413539356275,0.07379899166268548,0.16127490831215588,0.11055715664900514,0.00015523129279677,0.00017132578081797,0.2,0.2,0.3,14,0.3911816406849104,0.1395645558174955
25,8,0.19234394831632007,0.4960005970264647,0.4299709214555979,0.06120265557100093,0.15924164666139395,0.1084480968716477,0.00015876205788408,0.00017755969997957,0.2,0.2,0.3,16,0.2349305288336123,0.1249461317619234
25,9,0.1923439453493015,0.4997117424061529,0.4411965052089144,0.0692128405283533,0.02177476581947602,0.1084480974695289,0.00015876206911947,0.00017755971276665,0.2,0.2,0.3,18,0.2349305230567378,0.1249461329707179
25,10,0.15749153897587137,0.43713076994350303,0.36182666866842345,0.05908306493354847,0.2510144998591342,0.09512852288252036,0.00022085738791717,0.00017985124012181,0.2,0.2,0.3,19,0.2308968887537242,0.1573548869374746
25,11,0.15107225544835753,0.4281783486940702,0.358260868634032,0.0700936759407367,0.045958793506440054,0.09632592427137741,0.00019803990922722002,0.00017944393730944002,0.2,0.2,0.3,21,0.2104416309747664,0.1172262503466342
25,12,0.12490881159027285,0.3668809247478361,0.27968515666427185,0.049065010272708584,0.268182684113373,0.10416595993832926,0.00022103585347042,0.0002694064114127,0.2,0.2,0.3,22,0.2014517946010734,0.1589091199840684
25,13,0.11383496086840415,0.3544328491243308,0.29938357773617663,0.11256179610081306,0.03231400003378554,0.11338894609315457,0.00022596751059975,0.00040263059154929003,0.2,0.2,0.3,36,0.1367013508805442,0.267431107926089
25,14,0.10557384781216814,0.33219854972727697,0.273481630366321,0.1125563885932277,0.06868247943652343,0.11338940870272123,0.00022710450746447,0.00039546621465931,0.2,0.2,0.3,38,0.1371078423613325,0.2305402806525266
25,15,0.10557360867331461,0.33583537508126793,0.2846137896760828,0.12118481093407826,0.023121850022298295,0.1136259338148972,0.00022055276524357998,0.00037986565427407996,0.2,0.2,0.3,40,0.137716002999808,0.2163699729502916
25,16,0.10438189096765359,0.33625738412845974,0.2920117362977071,0.14493930404753005,0.026224726779799166,0.11343246066864873,0.00023705060488244,0.00041541799076702003,0.2,0.2,0.3,44,0.1357726376034253,0.2501004049962604
25,17,0.09087890531079222,0.2938098430717753,0.22916414058397852,0.13705243601637493,0.04725218532314684,0.10116434319941063,0.00028663213323427,0.00033861857091545,0.2,0.2,0.3,49,0.1424369206107951,0.0504192680173143
25,18,0.09087890703038254,0.2975210169555997,0.24038978937845407,0.1433503590158023,0.020391932824513452,0.10116434477430335,0.00028663213099162,0.00033861857510973,0.2,0.2,0.3,51,0.1424369231770138,0.0504192650618426
25,19,0.09313027622061575,0.3034439826860047,0.2604237502687536,0.17375218230824957,0.03614325670383508,0.12144869221634218,0.00025901730592732,0.00038290512271499,0.2,0.2,0.3,53,0.1345149082707642,0.1909232995473999
25,20,0.07508200067684168,0.24421547837896634,0.19161603231165175,0.16296983652997585,0.1428681813111354,0.11555924554895691,0.00030779454034552,0.00040487310531827004,0.2,0.2,0.3,55,0.136856368434647,0.164259461129362
25,21,0.07375898817251256,0.24126625430186333,0.1882996456474174,0.1649180571902001,0.0318707165297398,0.11195683891184288,0.00030047760659352,0.00039892567124852004,0.2,0.2,0.3,56,0.1332625510726523,0.1457007694294502
25,22,0.06926508295876127,0.2290881805858713,0.18110019256499924,0.16631446714689385,0.05372501323146567,0.109367186010067,0.00030081495707938997,0.00039946897013098004,0.2,0.2,0.3,58,0.1285473209963332,0.1368731120400225
25,23,0.06833582093859693,0.2253657946709347,0.17676373387677535,0.17192708623101854,0.037286854093910235,0.10936718601006702,0.00030081495707938997,0.00039946897013098004,0.2,0.2,0.3,59,0.1311148667078132,0.1347985273224114
25,24,0.06681664920513769,0.2245051337280335,0.18274550702845718,0.14812670266003314,0.023248581781083896,0.10688893911399448,0.0003025065085059,0.00038988912945132003,0.2,0.2,0.3,69,0.1171907132599343,0.1799519139008942
25,25,0.06667175949152801,0.22686180877687306,0.19235347618485057,0.2059841384049744,0.02502057225002752,0.10816939299652178,0.00036384334628034,0.00029759592409852,0.2,0.2,0.3,71,0.1201544881867939,0.0583609541169458
25,26,0.06361373087306971,0.2221911086214629,0.19403638857741673,0.24037134337348715,0.03496094946119687,0.10154134591494128,0.00031163193298862,0.00026703493685216,0.2,0.2,0.3,73,0.1449680202720266,0.0509394600483289
25,27,0.06447591571078515,0.2169664533710757,0.18077924163546608,0.24727515035307004,0.026461723387855265,0.10951252348725561,0.00030244691522561003,0.00038131756705761,0.2,0.2,0.3,76,0.1150451193578292,0.1572273598320112
25,28,0.06429752233771661,0.2178575868325384,0.19532947831779568,0.25248377981559816,0.05798484189604032,0.11836641728517353,0.00030913570317373,0.0003808227508936,0.2,0.2,0.3,77,0.1303519971329712,0.160571457901853
25,29,0.06302638690840373,0.20840321017196364,0.1774012181276676,0.2581699562360499,0.047943754856203155,0.11873506967594501,0.00030577736741779,0.00037955355741654004,0.2,0.2,0.3,78,0.1305252726957055,0.1589334883543473
25,30,0.06319685267466398,0.2084437505432653,0.17741348542825475,0.2720877161480508,0.024509606781852263,0.11979398234074047,0.00030195783208227997,0.00038314127671246,0.2,0.2,0.3,80,0.1309875308636889,0.1601767085528374
25,31,0.06215872285226752,0.20827081375744813,0.184149227109093,0.26354706428247804,0.0389068490173554,0.11873506947685454,0.00030577698447303,0.00037955355788613,0.2,0.2,0.3,81,0.1366553239570861,0.1550349088887741
25,32,0.059636917390618036,0.20600037393048914,0.1886570605622874,0.28325938412483864,0.024703924313332723,0.11131246389503327,0.00029813113591517997,0.00026896537270831,0.2,0.2,0.3,89,0.1266550005063055,0.0582794954750127
25,33,0.05959880354944028,0.2049651310675013,0.18741019989494784,0.2935006844751177,0.025295500931644368,0.11257254947229306,0.00028906587989966997,0.00026002928803993,0.2,0.2,0.3,91,0.1295915581127373,0.0559654974290147
25,34,0.05959880328598458,0.2086763046827768,0.1986358268038644,0.29350068452073297,0.02265037599929987,0.11257254971476756,0.00028906587747317,0.00026002928547266,0.2,0.2,0.3,93,0.1295915558062667,0.0559654959497127
25,35,0.05701094167668172,0.2092882948508604,0.2066538750159733,0.33331982389977455,0.021560957192687136,0.10028357619232997,0.00039171454110868004,0.00024362861135781,0.2,0.2,0.3,95,0.140161404690067,0.0454807488478217
25,36,0.05657411431930977,0.20312027378104988,0.19254364985001288,0.3395298959930232,0.031039854618095913,0.10097320075224073,0.00038794326077795,0.00024041281502890002,0.2,0.2,0.3,96,0.1452468862630874,0.0456565774713432
25,37,0.05653664124736535,0.2028751684210201,0.20571982911837433,0.33209822642006614,0.030463366610933806,0.11130498155349618,0.00041412131291838005,0.00025970492866203,0.2,0.2,0.3,101,0.1307242292846924,0.057867832136836
25,38,0.05541417049084639,0.19764670502219092,0.19289410963134562,0.34588172646146653,0.022439813096955672,0.10630518545025418,0.00033394484208959,0.0002617008548456,0.2,0.2,0.3,103,0.1344206211925181,0.0612262381175518
25,39,0.0550926256028101,0.1995381177472756,0.201985872903272,0.34170156162917104,0.025421916529207805,0.10672474103768659,0.0003401868005975,0.00025855108949923,0.2,0.2,0.3,105,0.1359188405995382,0.0615757818754121
25,40,0.05437740918215908,0.201148123373394,0.21082041209083793,0.4148409314968642,0.021750263927327772,0.10475802522110295,0.00044148496802655005,0.00035672097138797,0.2,0.2,0.3,117,0.1424157821120948,0.0646377120893287
25,41,0.05401800657101263,0.20134157012818865,0.217868786908734,0.42521002445831824,0.02987599282439885,0.10720290208171446,0.00038806252271143,0.00036293267106523,0.2,0.2,0.3,119,0.1350343282629071,0.0657028331066594
25,42,0.05396750167448217,0.21603520343397636,0.26259925327800243,0.48567373528077473,0.021661068826742205,0.10708310134820846,0.00038795919492125004,0.00036262656690849,0.2,0.2,0.3,128,0.1349448453702564,0.0657565660530665
25,43,0.05365961612863756,0.2125644595642346,0.25847000501749884,0.4805801190986173,0.03861561165616446,0.10967723507889125,0.00046364383632952995,0.00031891974163481,0.2,0.2,0.3,129,0.1336805605477165,0.0629423323295362
25,44,0.052228494815791525,0.2247348843423432,0.30044031268414056,0.6635792001002727,0.021162063801529046,0.10437106013945464,0.00033637179268546,0.00023770723152096002,0.2,0.2,0.3,172,0.1379956142036808,0.0587544061846779
25,45,0.05232040517085249,0.2378718881337355,0.3432619640135991,0.7417832190748841,0.02201142306514015,0.10712117558600799,0.00035618888085263,0.00023889846973774,0.2,0.2,0.3,193,0.1312448685899497,0.0588998325748669
26,0,0.9711521322183304,0.9905794767390237,0.9890253250082337,0.1467486188215109,0.0,0.0,0.0,0.0,0.2,0.2,0.3,1,0.8716463409954356,0.7529700748085141
26,1,0.6353365936147719,0.866663529557109,0.8344693305660228,0.12975955809123146,0.31970677721702767,0.09923908767176098,0.00039253685909729,0.00017014030462459,0.2,0.2,0.3,3,0.5277454046789624,0.4675689842327974
26,2,0.5395820239399167,0.8121859161360199,0.7779252620016274,0.118248849357728,0.23817630550113794,0.09903921485962554,9.52859402276e-05,0.00012916254767955,0.2,0.2,0.3,4,0.6099464717415102,0.3062667611695367
26,3,0.433293581017632,0.7414602732131387,0.6955358303495967,0.10317085617497172,0.16565918585326808,0.09903010185793006,6.161608387306999e-05,8.208910347121e-05,0.2,0.2,0.3,6,0.493021795610268,0.2263228572058276
26,4,0.34515391278732027,0.6724921332691115,0.6221027075696002,0.08925532909123056,0.16954327185130622,0.09864096872161036,9.334904537317e-05,0.00011034976970088,0.2,0.2,0.3,8,0.5025900914138106,0.1313909240776276
26,5,0.31557424105598075,0.6477862032069608,0.6002636650992177,0.08799772255991334,0.07763471938179775,0.09733595758000751,0.00012190484135042,0.00014425544534308,0.2,0.2,0.3,10,0.4570346066597034,0.1414567456184868
26,6,0.29198713353041067,0.6269202123818414,0.5827237322673507,0.08649675762722157,0.07270847204857774,0.10127614120096314,0.0001645062133486,0.00019537451233642998,0.2,0.2,0.3,12,0.4650384150081957,0.1307216614766498
26,7,0.2867588951822414,0.6211764827528922,0.5759621574349164,0.09144526617971772,0.033497720415355474,0.10334078608967563,0.00018842052898163,0.00022377615992629998,0.2,0.2,0.3,14,0.4787236619695059,0.1280738273844185
26,8,0.2629357104308877,0.5911547192813126,0.5339916433919437,0.0902503784574077,0.13685592012220826,0.1060290687173318,0.00023861319194658998,0.00029470323910155,0.2,0.2,0.3,15,0.3829472590334612,0.1338370462252364
26,9,0.2415240172581873,0.5670577415139664,0.5128206809570947,0.10125881555891769,0.07638952698974867,0.10605701762689272,0.00023896804831947,0.0002950807009675,0.2,0.2,0.3,17,0.3967252735310727,0.1081166391313801
26,10,0.22907519830280593,0.5543533329153143,0.5049852011351391,0.10370292916509583,0.05404171743574787,0.10414981115999367,0.0002391759160616,0.00030295286631688,0.2,0.2,0.3,19,0.3387645728468516,0.0928510074498759
26,11,0.19425419111800984,0.5067660323357124,0.456319418382268,0.10592400398322567,0.07575857888993233,0.10810001762914316,0.00026718387367574996,0.00028342932504046,0.2,0.2,0.3,23,0.2476717359860412,0.1354320468010675
26,12,0.18010106041129637,0.490852112881143,0.45152888978169503,0.11031618445462694,0.04181770317511903,0.10975080152558273,0.00031544121893702,0.00027667777574272003,0.2,0.2,0.3,28,0.2153453220240866,0.1266902012895351
26,13,0.1736668426204262,0.4797352449917825,0.43868073294948384,0.1204479428692273,0.042284687678519034,0.10661014097279928,0.00033262661894111,0.00028491305585518,0.2,0.2,0.3,30,0.2348809586649269,0.1059160076376711
26,14,0.17346843583105406,0.4829956226676406,0.4493648959459113,0.12299435453586882,0.022653367465410953,0.10710305533075616,0.0003311171066418,0.00028610122526311,0.2,0.2,0.3,32,0.2420364961029164,0.1032229137526813
26,15,0.1466220938343016,0.4278264141431183,0.3781514573705479,0.12851331105850114,0.12828864118479974,0.10827322512792473,0.0003525528354105,0.00031680717838357,0.2,0.2,0.3,34,0.146317394178476,0.0815852811335449
26,16,0.1268172564948364,0.38836848822702935,0.3390531425142788,0.11418131867426771,0.11276264615545893,0.10928360561766287,0.00037664980048737,0.00029902477965463,0.2,0.2,0.3,36,0.1437161252429711,0.1074195677664585
26,17,0.11349049235008143,0.35841536814987823,0.31104618183954713,0.11627896614641983,0.09042950513693516,0.10966592704645993,0.00040057064348179,0.00032591601334893,0.2,0.2,0.3,38,0.129174725086532,0.1064117712868678
26,18,0.11325529308472483,0.3576611197567591,0.31015276846881956,0.13364843877891255,0.02336005279471166,0.11016348804332277,0.00038387249162135,0.00030313792037032,0.2,0.2,0.3,41,0.1303501460105004,0.0948801549605075
26,19,0.1118684780868951,0.3541028071777779,0.30601454852238436,0.14464602613045252,0.0366570786695205,0.10994858166270922,0.00038471059204161,0.00030227696839725,0.2,0.2,0.3,42,0.1280077666494151,0.0909508406292683
26,20,0.10672218813325635,0.34046609839853764,0.29014516280404656,0.14017245725205058,0.07787784831969666,0.10938110276369604,0.00042607516946269,0.00031012616879825996,0.2,0.2,0.3,43,0.1421038657685929,0.0901713450430305
26,21,0.10366041205491462,0.33571994941657274,0.29152145857899014,0.14023866828178985,0.03943813394087791,0.10922398370083858,0.00044818885202610996,0.00033637822519215,0.2,0.2,0.3,45,0.143230334304193,0.1074020905507355
26,22,0.10252176695193568,0.33615171976585195,0.2989207580122373,0.16722655725883684,0.02549011704430791,0.10940044752645377,0.00044988418022762005,0.00033740721225686,0.2,0.2,0.3,49,0.1404802677510158,0.1112954661842836
26,23,0.10232237587875653,0.3357562467285994,0.2984753368219947,0.17037864326617302,0.022394574016866158,0.10893589435134333,0.00045669426197521003,0.00033343703803531,0.2,0.2,0.3,52,0.1435490643205943,0.1073112508233641
26,24,0.10202063385403627,0.3385004870750826,0.308564732573677,0.18764147233018574,0.024153670782192556,0.10923705231793461,0.00044868314141490996,0.00033494401356412996,0.2,0.2,0.3,54,0.1444262417091059,0.109750254295856
26,25,0.10105024980541111,0.3359056531947335,0.30555773269267833,0.19961988470421907,0.027094042274193368,0.10875611836211638,0.00044643540215667,0.00033580661018674,0.2,0.2,0.3,56,0.1475680605057356,0.1104122735162113
26,26,0.10082541983472815,0.3349889944445522,0.30446603080012213,0.2053359685307773,0.026462382428736525,0.10946642796907612,0.00045603809371927006,0.00033713294549472,0.2,0.2,0.3,57,0.1564198436811849,0.108622856057964
26,27,0.1002413168096189,0.3333077106492341,0.3025077509568805,0.21641336470634967,0.025546714541348242,0.10942829637782299,0.00047479736485781,0.00034278709572569,0.2,0.2,0.3,59,0.1367651464912434,0.1072512825251751
26,28,0.09887493203072413,0.340490022791494,0.33158375679551794,0.22134486856233138,0.030191799380284656,0.10934299352109215,0.00046121033755376005,0.00036476979465427004,0.2,0.2,0.3,61,0.1362184402090161,0.1063245033802127
26,29,0.09867274715996929,0.3325424117365909,0.308526363509036,0.24228000351908222,0.022324454054575123,0.10925438148315159,0.00044539261918079997,0.0003184550657008,0.2,0.2,0.3,68,0.153357870776458,0.0877551262053522
26,30,0.09866564505254631,0.3325047852027974,0.30848108101707883,0.24850681264406763,0.022235066310052704,0.109250418155336,0.00045435534713627,0.0003441060729054,0.2,0.2,0.3,69,0.1653835778036523,0.0905190043476107
26,31,0.0983804188502071,0.3353162498375114,0.31865326178272846,0.26315630408626484,0.023358043701990364,0.10941107207759496,0.00045895505511903004,0.00034142571195617,0.2,0.2,0.3,72,0.1379308850342966,0.1044788472919198
26,32,0.09837120139883081,0.3427112213232804,0.3410725381939341,0.2873423552160976,0.02210502410935525,0.10941127152437471,0.00045924231930484,0.00034158645403361,0.2,0.2,0.3,76,0.1380221972870053,0.1044219475860825
26,33,0.09807763655244675,0.3418510250997266,0.3400708191936641,0.29420477117248206,0.0238443166728408,0.10940674481744508,0.0004590647438273,0.00033777729707037,0.2,0.2,0.3,78,0.1376633764075341,0.1046109819900869
26,34,0.09807195228747682,0.34924862835911796,0.3624925598661441,0.32552968135570703,0.02210819394259663,0.10941573687231781,0.00046484770434002,0.0003415265627319,0.2,0.2,0.3,82,0.1372559446801024,0.105145633721242
26,35,0.09784776048752965,0.34491190544322076,0.35054122285819445,0.3240723785351916,0.024562379440067977,0.10931784860516632,0.00044090160683499,0.00036076237300435,0.2,0.2,0.3,83,0.1537040744130318,0.0914701398973682
26,36,0.09578970768780913,0.33871924279490356,0.3433222219967446,0.34533474680061677,0.026365981404453204,0.10932155581040545,0.00049890062915912,0.00041596353505152,0.2,0.2,0.3,89,0.143118714697484,0.1108823740202839
26,37,0.09514405705095316,0.3442398381846831,0.36356177248918525,0.3765663514595401,0.02400322447456675,0.10923362092158201,0.0004690273309498,0.00041753883872313,0.2,0.2,0.3,93,0.1480131063132757,0.1077984856668083
26,38,0.09373552061954166,0.3399053860143065,0.35850871575253895,0.38278720287764334,0.04002681734098385,0.10928110272503669,0.00052761347185036,0.00041883097075976,0.2,0.2,0.3,94,0.153689095319264,0.106223304279102
27,0,0.9248339519197499,0.9748750559484785,0.9707302008750933,0.14237179719662504,0.0,0.0,0.0,0.0,0.2,0.2,0.3,1,1.066614148848588,0.7533963709918704
27,1,0.8329154444013434,0.9505537494918016,0.9399154558202273,0.1484174387101481,0.09622000259756555,0.07518977264127459,5.719356486191021e-06,5.571660892424572e-06,0.2,0.2,0.3,3,1.1145857796216252,0.7573672710689983
27,2,0.5664704947821997,0.827906971020543,0.7962495163162064,0.12258807765263072,0.5453529888816235,0.09862837618789538,0.00018289482394646,0.00014847890785703001,0.2,0.2,0.3,4,0.521564662522279,0.3219153289296928
27,3,0.5611783632812192,0.8243802729513611,0.7923303822063392,0.12244184117572113,0.028471253640864645,0.09296155024348388,0.00014374952075643999,0.00012642040028263,0.2,0.2,0.3,5,0.529990340401311,0.3064527691946013
27,4,0.38006619549310455,0.6994770314953326,0.6466383508092007,0.08956554972864333,0.5395579693170606,0.09860567497589429,0.00010766255507343001,9.793363205402e-05,0.2,0.2,0.3,6,0.3125217177025909,0.1475907857592585
27,5,0.3800343171842398,0.6994518441108397,0.6466073322956587,0.09141911056085907,0.019928038098234676,0.09865606568220607,0.00010776230407405999,9.829041072127e-05,0.2,0.2,0.3,7,0.3126284466551458,0.1488447459528588
27,6,0.3570878556299345,0.6833148859839047,0.6346962060951361,0.09018379500078012,0.10209579778061158,0.099022564047107,0.00013555175734684,0.000124947911841,0.2,0.2,0.3,8,0.2962230266253184,0.1564689369015869
27,7,0.35690895251260174,0.6831551056997678,0.6345104365322524,0.09793004718697494,0.020517038059216747,0.09901200030252277,0.00013544725180478998,0.00012458958731361,0.2,0.2,0.3,9,0.2961478018859507,0.1554963976955748
27,8,0.33475786786868195,0.6625775594443619,0.6111357674269208,0.08471140290463283,0.08618266652302733,0.0805841814781471,0.00024082523081936,0.00026550808000625,0.2,0.2,0.3,10,0.5129515308351812,0.2215137336926635
27,9,0.27646864541247224,0.6022031130942308,0.5399925154895963,0.08940970377655759,0.2905292862961399,0.10330030256056148,0.0009263230520181,0.0010086655590343901,0.2,0.2,0.3,11,0.2986046771812024,0.3748514418564753
27,10,0.271931571760588,0.6004712992427022,0.5446338656987785,0.09711641300240667,0.03692262685079292,0.11057294481910045,0.00104216112669876,0.00099902569017133,0.2,0.2,0.3,13,0.3351229665185526,0.350458523573174
27,11,0.2721143374138561,0.6006367797830716,0.5447606440224991,0.09831372639511018,0.024067770944454194,0.1125829224709083,0.00103375478055279,0.00099846826331265,0.2,0.2,0.3,14,0.3333149661403113,0.3638824034903496
27,12,0.2702741326772984,0.602218330122638,0.5535713320444714,0.10336060497328459,0.029567981780546596,0.11057294481910045,0.00104216112669876,0.00099902569017133,0.2,0.2,0.3,15,0.3193038359610964,0.3053641908111048
27,13,0.26496865489046617,0.5964766093510743,0.5473661056508657,0.10936263687236979,0.0254521777714829,0.09684420474311163,0.00047943418784776,0.00075311971093234,0.2,0.2,0.3,17,0.2741112721339158,0.206787544490968
27,14,0.23843543310576487,0.563683682098676,0.5091889997452335,0.10176726595822286,0.15454515899811236,0.0960372192783793,0.00049317806263636,0.00076423283276326,0.2,0.2,0.3,18,0.2336242518850426,0.215495780694888
27,15,0.22723023176610532,0.5561445032935343,0.5142441654326486,0.11213159739585767,0.03444854698245897,0.09420585448739101,0.00089277272135696,0.00103956068242225,0.2,0.2,0.3,22,0.2583396632071529,0.2144535403070427
27,16,0.22459636198337304,0.5525489386233106,0.5100606159440713,0.11403704746889987,0.034001069031174884,0.09410668926283623,0.0009210510370882901,0.00098216052758326,0.2,0.2,0.3,23,0.264000418162479,0.2077886332491723
27,17,0.21627628501811844,0.541162975286064,0.4969015968090493,0.11040321062965126,0.0629945094580197,0.09107913206268634,0.0008331664173265301,0.0009321903645312501,0.2,0.2,0.3,24,0.2605880477455858,0.2232378486097791
27,18,0.1775223517039598,0.48356176457323635,0.4299663130752811,0.11029599995011985,0.09805404619324197,0.08564515066645678,0.0007513418150281,0.00120779284331076,0.2,0.2,0.3,27,0.2591431802105749,0.189398315339296
27,19,0.1617591663757598,0.4620212990507341,0.41882887021746085,0.13823185384768108,0.03019552869216846,0.08282717585875034,0.00028607725619613,0.00032335616517907,0.2,0.2,0.3,35,0.2248757700839882,0.1276053908859309
27,20,0.1579262593520425,0.4555053639074759,0.4113483560494479,0.13908154220893176,0.04016676893545903,0.0794890107156701,0.00028189230155533003,0.00032175269461474,0.2,0.2,0.3,36,0.2121200521150976,0.1209553039921078
27,21,0.15723489886573083,0.4576587152762306,0.42070742496026126,0.153783872213463,0.02023955637990127,0.0809862614051418,0.0003055393321281,0.00035359983081064,0.2,0.2,0.3,38,0.2091301896020918,0.1250643833383716
27,22,0.13891703860137042,0.421146259328535,0.3781308380786933,0.1565702846640247,0.05450927911936328,0.08234016761075154,0.00030337227531315,0.00027415878297825,0.2,0.2,0.3,42,0.2121819897170961,0.2257518974910267
27,23,0.1298012583820539,0.40516206377179415,0.366404797053034,0.16647675213307148,0.05736644646342315,0.08249692906033876,0.00031205393369008,0.00030919508252671,0.2,0.2,0.3,44,0.2210707531020527,0.1855636319863949
27,24,0.12814876108056727,0.40526345789383594,0.3734359088399422,0.1678861857478983,0.020242410176095755,0.08219218097870702,0.00030086026369369,0.00030237688006941,0.2,0.2,0.3,48,0.2110920626674549,0.1752706322606777
27,25,0.12658429198619472,0.40920085147342045,0.3918321637373855,0.1951234323052513,0.019415196053115796,0.08194153245481824,0.00033964102591582,0.00034449333896358,0.2,0.2,0.3,53,0.1848087826362144,0.1787918522167076
27,26,0.12580117080834938,0.4074106476089206,0.3897451501088239,0.1980015145882165,0.023997388630172832,0.08202077349558203,0.00031535391293244003,0.00033826734365824,0.2,0.2,0.3,54,0.182762352658187,0.1605145850602519
27,27,0.12269092994164614,0.39961285351053194,0.38058341132406737,0.20964455361545908,0.03407914732928409,0.08431502254960958,0.00033461481760047,0.00036281378588628,0.2,0.2,0.3,56,0.1872243224343946,0.2005525979429975
27,28,0.1217883156934583,0.40053039837699844,0.3884721641798323,0.22270501103203758,0.02206465422847876,0.08681242950747445,0.00033525221209368004,0.00036222395199994,0.2,0.2,0.3,59,0.1777939778112467,0.1927312708511632
27,29,0.12181526065211887,0.40054255912649234,0.3884801849422001,0.22554519784451443,0.017675649076124154,0.08699882226170297,0.00033579880810665,0.00036175425178347996,0.2,0.2,0.3,60,0.1777619592342313,0.1936338035062414
27,30,0.1117290747230027,0.3768526088636261,0.360983223783626,0.23592243050675982,0.11240519583102754,0.08377806360990445,0.00039639911275555996,0.00042552070618053997,0.2,0.2,0.3,61,0.1803707092373153,0.1047902260247804
27,31,0.11049092927264284,0.37381304438448504,0.3574544774712118,0.23518592057441512,0.029084837498821334,0.08343747863494978,0.00037818116591484,0.00041754415396149996,0.2,0.2,0.3,62,0.1851595640932646,0.1149774433098613
27,32,0.10818281495764905,0.3715277075972958,0.36169435135843975,0.25355498902044826,0.02914310385396275,0.08343747863494981,0.00037818116591484,0.00041754415396149996,0.2,0.2,0.3,64,0.1809369495665399,0.1123974598813612
27,33,0.0979454872460892,0.35265289717081244,0.3536355314676821,0.24868101387851996,0.051288086849784816,0.07980534777179446,0.00031501140417786,0.0003487221094784,0.2,0.2,0.3,67,0.1540080828473442,0.1491697179978199
27,34,0.09814539583279144,0.3490760217517607,0.3425267437859221,0.24917957319217224,0.016834418595652798,0.08096925636903919,0.00031777428295888,0.00037148853336319997,0.2,0.2,0.3,68,0.1549891619986308,0.1001416970872013
27,35,0.09710868128436906,0.3535103828501019,0.3614944479073507,0.2504675993015752,0.022500532535309533,0.0812403783053854,0.00024249718721489,0.00029355987732829,0.2,0.2,0.3,70,0.1539140602974816,0.1489488803610526
27,36,0.09653575960050373,0.347584918488168,0.3476258228675953,0.26152663450112423,0.02799318533709794,0.08299530095412096,0.00032242005733042,0.00035259703951016,0.2,0.2,0.3,71,0.149423505570987,0.1468913329736368
27,37,0.09553397134805205,0.3425233972071722,0.3415491108037065,0.2746701316959733,0.03029550734449782,0.08823301640056866,0.00037513609331388004,0.00046645962092152,0.2,0.2,0.3,73,0.1608935355966969,0.0931775909546598
27,38,0.0953752435445437,0.345739673164519,0.3521952998321561,0.2987443689656239,0.018407217502272404,0.08833009576045257,0.0003723655650116,0.00046182928604974,0.2,0.2,0.3,77,0.1625964369520458,0.0934618505279772
27,39,0.09244161862708879,0.3335170705788302,0.3310653753916663,0.3172208509010627,0.02651707658568327,0.0879931483149942,0.00037650291282172,0.00045611276611323,0.2,0.2,0.3,81,0.1630832185382764,0.0846166412984822
27,40,0.09181334120159151,0.3354091247335356,0.3401768053329519,0.3237959757367472,0.021470030240004417,0.08782199054129415,0.00037679791757316004,0.00046874794339331,0.2,0.2,0.3,83,0.1601682435928388,0.1013878472620216
27,41,0.08939264025402532,0.3281067922152464,0.33167303923911023,0.325128448242532,0.03277971291884548,0.08774062229816311,0.00038528210944133,0.00045190375643024,0.2,0.2,0.3,85,0.1622136660919922,0.1027351280632482
27,42,0.08222206178051288,0.3202322997139496,0.3434793538981183,0.31829923401453364,0.08768147413332247,0.07904663815532212,0.00057370312965676,0.00060270278613217,0.2,0.2,0.3,86,0.1391404478017456,0.0815330293996033
27,43,0.07786335891997925,0.312921148096369,0.3421001814345809,0.3465262418659893,0.022591091665115224,0.07221070812918083,0.00048542246627665005,0.00045248462523523003,0.2,0.2,0.3,91,0.1653846475786477,0.0718042798691664
27,44,0.07712225697625417,0.3095813203411682,0.3381489271036693,0.36754060121222387,0.018095202714081847,0.07402248009440617,0.00049143335723395,0.0004620266396496,0.2,0.2,0.3,96,0.1666187591662882,0.0746358306566114
27,45,0.06840190073563338,0.26363043044788015,0.2703406129820728,0.36489247405286895,0.1886654681765531,0.08845812000456217,0.0004173722632974,0.00043525738754288996,0.2,0.2,0.3,97,0.1873519295423114,0.0775351541520859
27,46,0.06842636342850421,0.27104806353579086,0.2927806018879779,0.3907148140551422,0.017982221422423363,0.08863280136457165,0.00041838934509903997,0.00043492115340962,0.2,0.2,0.3,101,0.1859409186989896,0.0786010237448438
27,47,0.06769928899105986,0.26831532510361467,0.28959977817530785,0.39614770836173324,0.023522545761673938,0.08856106738334608,0.00041312534623828996,0.00043109515503296996,0.2,0.2,0.3,103,0.187080333784018,0.0841879047500776
27,48,0.0668996228770533,0.2690051985971081,0.29730909963021157,0.44467227473399723,0.019450416841595968,0.0884576273107648,0.00041541575143497005,0.00042879044535389,0.2,0.2,0.3,111,0.1867556532813759,0.0823583121867973
27,49,0.06386606275493677,0.26147516173502033,0.2954784281536246,0.45682671771463185,0.04034544545980442,0.08711354907682359,0.00045268502332373995,0.0005048061938239,0.2,0.2,0.3,113,0.1960735001302475,0.0780021561988454
27,50,0.06346529298475156,0.27096879075636493,0.3272430377599124,0.48755861106821596,0.018357476208845227,0.08721615208079234,0.0005704959330398,0.00039537628926035,0.2,0.2,0.3,123,0.1932289985796574,0.0788559473125072
27,51,0.062354642762341754,0.26433747559118626,0.3127001306333476,0.4940590831254567,0.027095607913485517,0.08461989530265265,0.00058129461122272,0.00040925780448146,0.2,0.2,0.3,124,0.210420187521576,0.0782570652411923
27,52,0.06297588847855917,0.2681421642282063,0.323904016359541,0.490584397433329,0.020829509320172586,0.08866306766609709,0.00050693878784484,0.00040434882026638,0.2,0.2,0.3,125,0.1904615809880296,0.0739905556891086
27,53,0.06202138577477614,0.2682109026372498,0.3308997657928139,0.51249052955632,0.02521740393620312,0.08822043137090523,0.00053246694774603,0.00041043820097352,0.2,0.2,0.3,127,0.191149340788802,0.0769378276893703
27,54,0.06150984522367626,0.270006064940532,0.33990324326064714,0.5158031631533415,0.020364877558037113,0.08786719473416031,0.00057423389375199,0.00041709443579015,0.2,0.2,0.3,130,0.1935672684035195,0.079061462107136
27,55,0.06125842932838622,0.2689738768042555,0.3387010622647368,0.5232945527547953,0.01993609840046293,0.08789080116821198,0.00054670296100706,0.00041310083566986,0.2,0.2,0.3,132,0.1910412773240009,0.0783839618443716
27,56,0.06099918758962417,0.2677260852260931,0.3372383438425073,0.5502181579874135,0.018941400729814463,0.08817803297776451,0.00053716268679417,0.00041170627839387,0.2,0.2,0.3,137,0.1878144521071285,0.0779940722447074
27,57,0.05951131434726979,0.26431910008631804,0.33341482704857583,0.5641797824999587,0.027443960479336105,0.08375925313523262,0.00053814364578937,0.00041653269868286997,0.2,0.2,0.3,138,0.2128839413438803,0.0800451241926593
27,58,0.059242710061223156,0.2666725505241986,0.3430468035638699,0.5911479536137945,0.018236986649363233,0.08410437552512808,0.0005587961526116999,0.00041435717362662004,0.2,0.2,0.3,143,0.204704099459413,0.0794585046808512
27,59,0.05921988858136281,0.2665535441116395,0.34290696123946157,0.6069870224598943,0.017177368984410756,0.0841449543187517,0.00055368519219412,0.00041462848843073,0.2,0.2,0.3,147,0.2043307111567364,0.0791337570032032
27,60,0.05709366914869346,0.27465138774828285,0.3867825982596935,0.750052087627325,0.018934304941995977,0.08582328668519743,0.00078362451332645,0.0005408597545594099,0.2,0.2,0.3,178,0.2185920689642735,0.0961235798239433
27,61,0.05664658306241069,0.27645540740107943,0.3957884010428118,0.7828506450674433,0.01903535457906474,0.08573930899228098,0.00080579296825027,0.00054230750999714,0.2,0.2,0.3,183,0.2206189741647811,0.0973787730751236
27,62,0.056517857184868514,0.2792056659971073,0.4058751501140734,0.8025785646507333,0.01847857883259928,0.0862333142370729,0.0008008416861149399,0.00060910055840935,0.2,0.2,0.3,188,0.2174166467312684,0.095538279484582
27,63,0.05595035915881007,0.2804439723779336,0.4142210667860792,0.8098489147481512,0.02266871734600614,0.08618852704659993,0.00080660567121227,0.00061248958111122,0.2,0.2,0.3,190,0.2179678049767175,0.0953704169792099
27,64,0.055801649242998,0.28369114502168735,0.42491548430972353,0.8305508315766695,0.01794668776157705,0.08590366702611,0.00080056385904389,0.00061830765005017,0.2,0.2,0.3,194,0.2175505358865483,0.0945279998995625
27,65,0.05553939869099846,0.2822529450492411,0.42322671626987673,0.8422201630595041,0.020739497972822814,0.08630758161942606,0.0008098592394582,0.00061152050573207,0.2,0.2,0.3,196,0.2186273913027547,0.0963083736753815
27,66,0.05502496558775883,0.28419588022430836,0.43241730030223874,0.853630605766724,0.024126187018403692,0.0857222388840219,0.00075323882557426,0.0005359774365139,0.2,0.2,0.3,197,0.2312123093909604,0.0917529499474641
28,0,0.896890820166737,0.9650308418818985,0.9592620095434126,0.13962821676367992,0.0,0.0,0.0,0.0,0.2,0.2,0.3,1,1.1847415558598544,0.7546749780968389
28,1,0.7422270628574924,0.9168732359648435,0.899572735724595,0.14619285566257084,0.1659105204996782,0.10867556879080406,1.724038079637e-05,2.1198598566390002e-05,0.2,0.2,0.3,3,1.0454851076513416,0.5507808697678912
28,2,0.4220315799634599,0.7330290653325077,0.6856998937044098,0.09623192871611407,0.7707378547240047,0.09910220945083704,0.00021955814867944003,0.00020778989859036,0.2,0.2,0.3,4,0.6143701436978939,0.226297145186922
28,3,0.3271526654676697,0.6517792438234457,0.5910553718489692,0.07819836792316451,0.18732801950283584,0.09905462672341599,9.388415845494e-05,0.00014207566778177,0.2,0.2,0.3,6,0.5768952280968003,0.1314448870614834
28,4,0.3028796343074127,0.6310911806165779,0.5738533795628729,0.07994703722047516,0.07025283644144514,0.09909390054357436,0.00011934519956596,0.0001648605802799,0.2,0.2,0.3,8,0.5056274533523596,0.1472919093716432
28,5,0.2898280118271643,0.6208172003921969,0.5686210488096306,0.08026445799273374,0.0518098093733069,0.1039800152996523,0.00016380790286684002,0.00022484827778081998,0.2,0.2,0.3,10,0.4703472669621868,0.1325085524756798
28,6,0.2831014130377326,0.617126822971261,0.5712190506553427,0.08419413504561662,0.05166731710072555,0.10405041346568872,0.00023006735049502003,0.00023571918078594,0.2,0.2,0.3,11,0.5219135597126785,0.1542118125327757
28,7,0.26119541685870246,0.5889569949306546,0.5316790418585431,0.07521806269622837,0.11911116446564363,0.09879816761526408,0.00012502683599591998,0.00018570765585408,0.2,0.2,0.3,12,0.4386140878995493,0.1528166253588992
28,8,0.2600651170172364,0.5878130642980399,0.530345403919267,0.07718304580019737,0.02547668953851403,0.09887014704136644,0.00011399637925398,0.00016568949263461,0.2,0.2,0.3,13,0.4381972662367206,0.1503998334941682
28,9,0.24615752134356333,0.5734242827244521,0.5204853917866871,0.07599173929763707,0.09067113943377252,0.09882548667112886,0.00012612479831447,0.00018284906097257,0.2,0.2,0.3,14,0.4246739284236625,0.1316358746694914
28,10,0.22080838912077475,0.5395725099427808,0.4808859409869587,0.07125986833204424,0.09334560691003421,0.10373111398296422,0.00018478585334762,0.00017039976056116,0.2,0.2,0.3,16,0.3976397963935182,0.1827133078490915
28,11,0.21476909707391323,0.5340924408365404,0.48130312587094587,0.07159348820137675,0.06061691830765617,0.10657562975655571,0.00020628727654096999,0.00029906438155056,0.2,0.2,0.3,17,0.3587985868229025,0.084473763609626
28,12,0.21283699892318325,0.5424578888086908,0.5117754659415858,0.09578656015815258,0.023132282684076907,0.10598780995519826,0.00019838426721235998,0.00028760701667143,0.2,0.2,0.3,23,0.3541819637862002,0.0911112200580702
28,13,0.18660198954402157,0.5054501553540585,0.4755538021499907,0.08728857813257233,0.18962306933399395,0.10630172463488813,0.00020315996270194001,0.00029799426028033,0.2,0.2,0.3,24,0.3385088250972767,0.088539238354703
28,14,0.16007334372876403,0.4545561050408696,0.4093095845769764,0.09397164881669684,0.11966425807037173,0.10724184083979893,0.0005234812857477799,0.00050903423524667,0.2,0.2,0.3,26,0.3430035439508887,0.2215898845888091
28,15,0.14575997885827469,0.43345239445298367,0.3985076469424313,0.12503339121518672,0.03365365260582499,0.10808488560493007,0.00042537750068624995,0.00044105832405623,0.2,0.2,0.3,36,0.2545476249988668,0.0709092345522399
28,16,0.14311457569812178,0.43156287047146075,0.4031974628905195,0.1313065881084693,0.033593017620459055,0.10843187301100009,0.00044414128630329,0.00042292449223196003,0.2,0.2,0.3,38,0.2731250301903655,0.0726579954622112
28,17,0.14247803580339263,0.4301739277223443,0.4015712605439004,0.13715718293852497,0.024938175693409854,0.10869532959080534,0.000342422167498,0.00047932369466904,0.2,0.2,0.3,40,0.2332947003495968,0.0909719951435729
28,18,0.13994678956575704,0.428464550522701,0.40648069963982797,0.14337875915210754,0.03313575071460069,0.10873378553664752,0.00042561419764371004,0.00042690340660283,0.2,0.2,0.3,42,0.2725354413758298,0.070508894805865
28,19,0.13656056878646378,0.4174509530525581,0.38675642911044955,0.14671132998583172,0.05181950335259091,0.10847236517157935,0.00040395730315800004,0.00044483844526795003,0.2,0.2,0.3,43,0.2608899466680254,0.0725795785690111
28,20,0.13498276145587212,0.42145146251893306,0.40523008580025394,0.16650482949691095,0.02532918257754129,0.10824148722641813,0.00042613266540368,0.00040699447973331003,0.2,0.2,0.3,47,0.2607759569420655,0.0688947755621395
28,21,0.12852951226085205,0.4028882878157321,0.3766765533985347,0.1714557295780796,0.0529643816966122,0.10872675959536217,0.00064767625958457,0.00045656664860215,0.2,0.2,0.3,49,0.2503118304567935,0.0663468307557506
28,22,0.12852951226085213,0.4065994613837682,0.38790218026021184,0.19244158841105585,0.022011902694266755,0.10872675959536217,0.00064767625958457,0.00045656664860215,0.2,0.2,0.3,53,0.2503118304567934,0.0663468307557506
28,23,0.12523330625250215,0.39510196210768755,0.3676007385142857,0.20965770660822114,0.054283445971199835,0.10859899566695479,0.00062696287268538,0.00065672021892572,0.2,0.2,0.3,54,0.285377617143109,0.0929311146105557
28,24,0.124153392934938,0.39290977403622934,0.36509244043455297,0.22087782328133101,0.023743009371614894,0.10702443105832865,0.000646049861707,0.00077386301949188,0.2,0.2,0.3,58,0.2218962738049836,0.0687028366762576
28,25,0.12284480322224982,0.38965051599834033,0.36128187913948934,0.22347641671677104,0.03563703483652316,0.10749590240910374,0.0006347251373184099,0.00074191876380012,0.2,0.2,0.3,59,0.2257667057177557,0.082658504162592
28,26,0.12080628022117716,0.39221713612458226,0.3780880627449521,0.22809641874160205,0.04152071820157552,0.1073990045372341,0.00061450474278129,0.00058370999457349,0.2,0.2,0.3,60,0.213772674514455,0.0661251124377491
28,27,0.11902682313032123,0.39125417977725624,0.38383693659740037,0.2722064987392501,0.023974511710966907,0.10806285073554298,0.0005174792984634199,0.0008422441358098499,0.2,0.2,0.3,70,0.2417478812286393,0.1176551001542191
28,28,0.11288492900138351,0.39038476120317034,0.41042436164364243,0.3086771109883691,0.0436971249552754,0.10862363394489549,0.00051867831952173,0.00064216347677029,0.2,0.2,0.3,73,0.2276826542206991,0.1087713951167681
28,29,0.11007300925115941,0.3791849632699897,0.390466880146318,0.2958710003306546,0.05315334474584052,0.1088793890547671,0.00050670790441626,0.0006375576680199299,0.2,0.2,0.3,74,0.2338656181768326,0.1013933287226079
28,30,0.1100555523462169,0.38283900057388565,0.4016249056538218,0.3023405011177461,0.02220566681515156,0.1089065852619384,0.00050912706171388,0.00063905427266954,0.2,0.2,0.3,76,0.2336711250673774,0.101846678015662
28,31,0.10936167747523858,0.38169702867862004,0.4003647437210525,0.3191142324131611,0.02460459878963118,0.10686383341489057,0.00049340453961305,0.00059308405237127,0.2,0.2,0.3,77,0.2598699798840952,0.1003232488298611
28,32,0.10426205583123738,0.3635714102259155,0.37229978284865434,0.3268387501257033,0.08258762220892477,0.10679670311245325,0.0018929402536901501,0.00065348755727298,0.2,0.2,0.3,78,0.2026478478749287,0.081630480125963
28,33,0.10352763700768765,0.3689890583964291,0.39242085735506044,0.34698840879112,0.02393133901834844,0.10673395322712055,0.0018519502562374698,0.00061681207519513,0.2,0.2,0.3,82,0.208202467349348,0.0921470107932317
28,34,0.1035492398343061,0.3614766212659629,0.3698509125790694,0.3580551918247858,0.02234303420493519,0.10714504703948273,0.00186091886921972,0.00061435936647825,0.2,0.2,0.3,84,0.2074945009468107,0.0928704591523774
28,35,0.10334248716982464,0.36463686612099244,0.38043751036704954,0.36524405700995344,0.023069767090176562,0.1070538498581218,0.0018666913304754898,0.0006150761570419699,0.2,0.2,0.3,86,0.2078530009044527,0.0934858577675295
28,36,0.10311132948596632,0.3676562557957247,0.39085355189859294,0.37562716657390016,0.024936932902641203,0.10717640961190768,0.00186360765699897,0.00060983772159338,0.2,0.2,0.3,87,0.2096332785767934,0.0936981922021657
28,37,0.10296643906235421,0.3708225621624892,0.40143193351575324,0.39806750111958245,0.022433371361511363,0.10757286037339646,0.00187332432089149,0.00059107928879725,0.2,0.2,0.3,94,0.2058564532826972,0.0900602492514578
28,38,0.1028441212485778,0.4148725249364357,0.5355631231866599,0.5587542691659602,0.022294452843651575,0.10900138826060923,0.00084561146601202,0.00057281995414121,0.2,0.2,0.3,109,0.2699591448848018,0.1359421008862479
28,39,0.10253336321994089,0.3882023003258382,0.456194060616432,0.4604694718246145,0.02286207355018206,0.1087472542407718,0.00050728752743444,0.00063429631571135,0.2,0.2,0.3,112,0.3053556209914351,0.1776485090461538
28,40,0.10213842026583385,0.405841645902613,0.511273338035621,0.5428880344354662,0.025208824155352777,0.10801726938107728,0.00054919974590036,0.00071096824999359,0.2,0.2,0.3,113,0.2630610908780028,0.1189424562213572
28,41,0.1020564045938703,0.40903747839168547,0.5218733343105191,0.5698581249538188,0.024835686105952798,0.10820027358521897,0.00090386613527499,0.00086199178727293,0.2,0.2,0.3,114,0.2538749465575185,0.1317296323681772
28,42,0.10099017955375862,0.40613733676215125,0.518508107054107,0.5847809303186172,0.03363026844312957,0.10816408235273393,0.00076932129578209,0.00070798370163202,0.2,0.2,0.3,115,0.2641802433668188,0.1241929358233611
28,43,0.10000146686853004,0.4070360006444705,0.5264606927931302,0.5916768256293704,0.03349313051852887,0.10785931500922018,0.00086326477807856,0.00077918230398902,0.2,0.2,0.3,116,0.2615723603744759,0.1278820611542737
28,44,0.09857221834455912,0.3952873121358629,0.49895561321675264,0.5673217557401855,0.025699220579939352,0.10833514341720615,0.00049572363400007,0.00098431474858139,0.2,0.2,0.3,121,0.2651893050592385,0.1520391935868499
28,45,0.09666347582162077,0.3930225163879296,0.5031923180784026,0.6163015182749678,0.04755232555422675,0.10929318727445707,0.0009132413707535701,0.0006150055807443,0.2,0.2,0.3,122,0.2613008745561106,0.1859449514521743
28,46,0.09532023627995063,0.39268835474016783,0.509704788073459,0.6348270168066004,0.026403242981377372,0.10914112533171513,0.00080090337507157,0.00080071109774142,0.2,0.2,0.3,126,0.2583538099259541,0.1817596602643821
28,47,0.08781231511054609,0.3863993226882135,0.5169262842625031,0.6713476582825175,0.020885263847766292,0.08700063204784804,0.0004853814689489,0.0007470938942722601,0.2,0.2,0.3,138,0.2660179027043036,0.1136220545768215
28,48,0.08516309240647768,0.3775864067690467,0.506624062649134,0.6729634856545698,0.03655731636864146,0.08801728331489898,0.0005195449986474499,0.00076262161377407,0.2,0.2,0.3,140,0.2525416756321406,0.1220123207266914
28,49,0.08183690219858268,0.3630614979893051,0.4828000490670113,0.7139706780354003,0.040248022995377296,0.08784101866118524,0.00057869253364617,0.0008554938123382001,0.2,0.2,0.3,142,0.2397695705948856,0.1181108223340182
28,50,0.08457666731280847,0.37957128865692735,0.5291134172115193,0.740493175527062,0.024166795566311246,0.10343914876676333,0.00114344368993974,0.00076676907469273,0.2,0.2,0.3,144,0.2772260914133316,0.1379430251227353
28,51,0.08136354758913149,0.3789485692062848,0.535740551995029,0.7825409789065495,0.01983316335487336,0.08923856993499042,0.00145851804883288,0.0009225331070556999,0.2,0.2,0.3,149,0.2513858832940826,0.1303059973701632
28,52,0.08038756014928339,0.3722894269783264,0.5211031435477753,0.777523133289698,0.02407156413615151,0.0887520903322616,0.00138042729067932,0.00084542013260364,0.2,0.2,0.3,151,0.2508821208367379,0.1220547570903258
28,53,0.07958317604127463,0.3659014865726154,0.5067618030405906,0.7848989644349021,0.0237494193681219,0.08869873249595853,0.00137285049091121,0.0008339824524252901,0.2,0.2,0.3,153,0.2455257303067131,0.1203384225617877
28,54,0.08015276150980455,0.38500665422083363,0.5634344352608437,0.8799007220314804,0.01887436556263203,0.09088639176459228,0.00138360468926282,0.00129483822925706,0.2,0.2,0.3,166,0.2582378144950831,0.1190339434978375
28,55,0.07962347753652842,0.39177079130891845,0.5851972921092288,0.9131193377049283,0.018464931530873637,0.08905464251768445,0.00145229899123825,0.00088624717707282,0.2,0.2,0.3,171,0.2457249705480342,0.1300529662179133
28,56,0.07934030966380305,0.3836741021993028,0.5619801458647274,0.8958671104845491,0.020182701235843745,0.08866286600576168,0.00134006970869837,0.00082391542000518,0.2,0.2,0.3,172,0.2460160919174842,0.1189666547291826
28,57,0.07921005224872316,0.38694361506745106,0.5726913088322262,0.9083975677122677,0.02042744100663366,0.08860726381065522,0.0013668973200539,0.0008410065931799,0.2,0.2,0.3,173,0.2490773086300916,0.1256948854696877
28,58,0.09384673673707115,0.45415221916263754,0.692278859238689,0.997350656545626,0.019691097988796345,0.0918915943405567,0.00171660397000277,0.00087761873989594,0.2,0.2,0.3,177,0.2543929311238387,0.1170944175843282
28,59,0.07920158379413025,0.41100280869137584,0.6489058319749406,0.9883692256457665,0.029314818495089347,0.09202260096720552,0.0018267102495865498,0.0008705412520687499,0.2,0.2,0.3,178,0.2493555257202887,0.1285029197010637
28,60,0.0796456841014539,0.4089338914855206,0.6396018996715733,0.9929888768961737,0.0223541914558193,0.09187094125192447,0.00173344630998351,0.0008616322219435601,0.2,0.2,0.3,179,0.2524380404087127,0.1118881302082999
28,61,0.09436615189358567,0.46309392963191426,0.7164988726266389,1.018992547138216,0.019176256867713015,0.09187154142493481,0.0017928911175410698,0.00086553543240207,0.2,0.2,0.3,181,0.2497059053517209,0.1285894137503615
29,0,0.9196828416772652,0.9730819864926329,0.968641349191961,0.14043821944360893,0.0,0.0,0.0,0.0,0.2,0.2,0.3,1,1.0992973072308891,0.7478492194498216
29,1,0.7936798504612,0.9378229258474154,0.9242580934430622,0.15081261042481411,0.13412558116132897,0.10020365273877889,1.6368685354230002e-05,1.9711245749359998e-05,0.2,0.2,0.3,3,0.816638754835042,0.5485630998904142
29,2,0.4526700082292472,0.7555364842454122,0.7119254130589219,0.10248581622372682,0.7711434096370599,0.09898624394305827,0.00020808995315962,0.00019078721609843,0.2,0.2,0.3,4,0.5057679962642556,0.2188832827424205
29,3,0.35279626407441433,0.6757542396578384,0.6189864817807911,0.08800492712375492,0.18434093781163516,0.09898976355633055,0.00013608582857029,0.00013754187517743,0.2,0.2,0.3,6,0.4523400236493513,0.218028269692474
29,4,0.3277005062317083,0.6560127588043021,0.6029438703744122,0.08664383859406856,0.06724856058727591,0.09737360293800557,0.00013830958925095002,0.00013495062575868,0.2,0.2,0.3,8,0.414486443432437,0.177515407863479
29,5,0.3015954491519471,0.6297521002244177,0.5722969114433815,0.07818001758331988,0.12953951566833172,0.09904249425407671,0.00013375334067962998,0.00011912608180379999,0.2,0.2,0.3,9,0.3803737863086938,0.201634035069789
29,6,0.2781591776622225,0.607800727787688,0.5533972630026642,0.07771541445277778,0.07706453570428208,0.10582027782463722,0.0002049314240467,0.00018313951633082,0.2,0.2,0.3,11,0.3342435320871865,0.1712638724599634
29,7,0.2663876238169421,0.5949469135880868,0.5384809486819785,0.08145656378459526,0.0754527311381593,0.10395210699592976,0.00027329029282060997,0.00021103288486323002,0.2,0.2,0.3,12,0.3963814557608765,0.1543770751467185
29,8,0.2456624716804002,0.5724528042961151,0.5191266216985375,0.07110882870029817,0.12773278122903375,0.10555466181587177,0.00026429610343138,0.00019178201095258,0.2,0.2,0.3,13,0.3645942276098374,0.2408642165375674
29,9,0.22852889531948134,0.5502197142015439,0.4932592136816174,0.08094118605646546,0.11314782986712726,0.1044996521610686,0.00029402990210963,0.0001986982495496,0.2,0.2,0.3,14,0.3718758321576568,0.1727118213617469
29,10,0.20544903715367474,0.5207521418319246,0.465782627629563,0.07191540684863874,0.06742443134612243,0.10608576658495855,0.00024489217013809,0.00018506008076731002,0.2,0.2,0.3,17,0.326456846246957,0.1315431956358992
29,11,0.20450629731873834,0.5189734956995673,0.46364360492469187,0.07427527322920024,0.03014569331485023,0.10810513416033124,0.00025590407233731,0.00018492162503052002,0.2,0.2,0.3,18,0.3522771574547854,0.178112809483817
29,12,0.19527935463418694,0.5083701432888502,0.45826021076309836,0.07419026601523342,0.07767831807922541,0.10608576658495855,0.00024489217013809,0.00018506008076731002,0.2,0.2,0.3,19,0.3257739496990042,0.1471191954834409
29,13,0.19025169385211047,0.5000707934054442,0.4485119133629723,0.07754423622041738,0.04001535896386762,0.10836643361323382,0.00031167980800269,0.00023265178561187,0.2,0.2,0.3,21,0.3430774994327853,0.2052466875900085
29,14,0.1743460437097914,0.47709804220268054,0.42870263139054515,0.07701980279423769,0.13010228350982048,0.10683261303003608,0.00027708685645335,0.00024693202868896,0.2,0.2,0.3,22,0.2342447593007655,0.1380601090272995
29,15,0.17212866796891255,0.4842179165849376,0.4576799260067423,0.11086983837874391,0.024509766207067355,0.10747386819239722,0.00030692098558102,0.0002801415401257,0.2,0.2,0.3,28,0.2283125790030509,0.1518595574732647
29,16,0.1704726056647721,0.4849521554228764,0.46543751432576613,0.11808877324421325,0.027741966606481788,0.10747386819239724,0.00030692098558102,0.0002801415401257,0.2,0.2,0.3,30,0.2161872556310185,0.1331429285920366
29,17,0.17011330877631808,0.48431485284692677,0.46469677632977036,0.12083344519069675,0.024213616913107784,0.10742608551219568,0.00030293250754546,0.00027960432625938,0.2,0.2,0.3,31,0.2240213041614567,0.1430500064718673
29,18,0.16549484506648823,0.4758420216335876,0.4548132198294205,0.12899369322861554,0.03935095033923535,0.10780440483989773,0.00033082408479037,0.00027238015941567003,0.2,0.2,0.3,33,0.2314828910223815,0.1522959209936435
29,19,0.16520310601571267,0.4753723729359553,0.45427983409912204,0.13489170501534345,0.023208898550192376,0.10741204086790769,0.00032274344166249,0.00026053045023619,0.2,0.2,0.3,34,0.2318995980328651,0.1462433227212011
29,20,0.1594273029024068,0.4570621610967599,0.41906096916117086,0.11496299015564802,0.03187270683633752,0.11003305818738013,0.00028420498680012,0.00022810379560099,0.2,0.2,0.3,39,0.2360403529552377,0.1476431081012149
29,21,0.13737718741122434,0.4091752982040058,0.3564658124957454,0.10225098230816067,0.11200514562019524,0.1071377377790361,0.00028481142751432,0.00026349988063442003,0.2,0.2,0.3,41,0.2187692703456987,0.0920443378419646
29,22,0.13267949678078386,0.4023314346813417,0.3553439064334698,0.10161035543494949,0.04478398486289023,0.10872706798749998,0.00028305396953536997,0.00024084486744554,0.2,0.2,0.3,43,0.1906466299544889,0.0733348703509888
29,23,0.1312505312030632,0.39978321960187413,0.35248579743049,0.10650273924258455,0.024743580141079673,0.10542738849439222,0.00025208733302751,0.00022811303524706002,0.2,0.2,0.3,45,0.2008678422128585,0.0831119567708432
29,24,0.1170280206028505,0.37364420190091235,0.3359579498278004,0.11006532993318868,0.08669056958756122,0.10163047664905427,0.00034487142496685,0.00029638441265981,0.2,0.2,0.3,47,0.1848182434261717,0.1061454323147493
29,25,0.10663465127260911,0.34544831428951606,0.3029953303972879,0.10900990762270885,0.14037084450757234,0.10517832482333557,0.00032985288652747003,0.00027044257312618,0.2,0.2,0.3,48,0.1617466952774198,0.0937858928316024
29,26,0.10626796741740557,0.3384751675062856,0.2877555118832801,0.10143694464258268,0.04129001587574476,0.11154153075735487,0.00036937595470525996,0.00032795479287505,0.2,0.2,0.3,49,0.1413554420046728,0.0854908713942592
29,27,0.09642292770822193,0.3136220316169903,0.265682898956939,0.11180435716633301,0.14107904807103466,0.11231508362462404,0.00033357438019856,0.00027529701435228,0.2,0.2,0.3,50,0.1332322873798627,0.0759137672788423
29,28,0.09353207778630371,0.3065133718677385,0.26414460961014663,0.11808545626460094,0.04790392038830153,0.11706548795880344,0.00036697695486136,0.00030104189237019,0.2,0.2,0.3,52,0.1156319075069598,0.0718722013370121
29,29,0.09530353703786101,0.3030931932366113,0.26608610995015686,0.1288470158897792,0.08381652883180706,0.1461661248572895,0.00034237238009224996,0.0006438063784152,0.2,0.2,0.3,53,0.1152589111382651,0.0800252322626853
29,30,0.0822210292051621,0.26076450843613774,0.1969733624902553,0.1161746598257274,0.07670532429715696,0.11915278997408954,0.00033625167018973,0.0003608981390566,0.2,0.2,0.3,55,0.1604030020951055,0.0916964438008186
29,31,0.07858601846637148,0.24793471741786358,0.18870769907891757,0.12140597486544497,0.06222173093810673,0.12573745743756645,0.00034515089210116997,0.00044203478570044004,0.2,0.2,0.3,57,0.1479823603344027,0.0909024142544091
29,32,0.0787336003964959,0.2506553943136747,0.19868549146229775,0.13285631323172273,0.03235320260376677,0.1285286914110326,0.00034837341435294,0.00047713408957846,0.2,0.2,0.3,58,0.1454093646185928,0.0912409330324043
29,33,0.07577577612941995,0.2381144949000215,0.17728715179970014,0.12757025916446701,0.06036381034563735,0.12528394087920755,0.0003408475207889,0.00034927945763724,0.2,0.2,0.3,59,0.1482835589695447,0.0844846013887845
29,34,0.07326374265915048,0.2353698609681144,0.18788644223000125,0.14520349246032846,0.04563998873884379,0.12549746066818385,0.00034083570796651,0.00036271012081945,0.2,0.2,0.3,61,0.1447129536667556,0.0726970457882848
29,35,0.07284610680265244,0.22991662090274223,0.17462748853450388,0.1332924741821533,0.032445068959399755,0.12559782454788787,0.00034078379732419,0.00037420233276935,0.2,0.2,0.3,62,0.1441839592235144,0.0674161492124759
29,36,0.07213247130411826,0.23150118279263088,0.19011087471895033,0.15298494906154747,0.05463141704149811,0.13059095605555465,0.00034550006493458,0.00041732276893327,0.2,0.2,0.3,63,0.1338726057404452,0.0721554270252704
29,37,0.06910196180770486,0.23476585485191198,0.20815272848211647,0.1939823019743839,0.024343036318858487,0.11749076576515415,0.00032968082504705,0.00038855171554507,0.2,0.2,0.3,73,0.1437426944127333,0.0778471974524076
29,38,0.06399145508280693,0.23470201920642741,0.22260290942044159,0.21243267984995445,0.03178442747104005,0.09590041903336781,0.00033227509607682,0.00022957665535934998,0.2,0.2,0.3,74,0.1207374572385028,0.0626570467718606
29,39,0.06192545279763169,0.22327274900345126,0.2024276357133843,0.203066670872724,0.034471956403955596,0.09462906302824925,0.00033381772110822,0.00023388645300503002,0.2,0.2,0.3,76,0.1345149731957445,0.0672490471748311
29,40,0.062499052725915855,0.23085117663650168,0.22494438859877053,0.23527937458500828,0.020521913338002455,0.09815947547613274,0.00033196385969568997,0.00023185824870394003,0.2,0.2,0.3,79,0.1395332270313466,0.067828514179044
29,41,0.05878222175940962,0.21767402403239458,0.20972663068824715,0.23683155920598573,0.0699781811374373,0.09412684633005207,0.00032791330649913997,0.00023126763078943,0.2,0.2,0.3,80,0.1405632867564629,0.0656508916530053
29,42,0.058935147875032234,0.22029718308428514,0.21959781821208146,0.2541457822968926,0.02283565670821392,0.09677028150625494,0.00032836709867493,0.00022497181390586997,0.2,0.2,0.3,82,0.1406021102609622,0.0702989701003658
29,43,0.058121056531305414,0.214689770879044,0.2062450614526239,0.24512036597603326,0.020895432770747662,0.09427400612525344,0.00034793654045777,0.00022127329639581002,0.2,0.2,0.3,85,0.1310514906343284,0.0648680944406863
29,44,0.056437219094434686,0.21160174361199813,0.2163071554211132,0.2720026171893704,0.03161236437974949,0.09864496320492623,0.0003650281360995,0.00022285958931933,0.2,0.2,0.3,89,0.1175123354588103,0.0648649617850365
29,45,0.05597237320932106,0.20442320311285309,0.20097871556522737,0.29838997577009185,0.023440749592128256,0.10037629415254357,0.0004364917231753,0.00030313159738752,0.2,0.2,0.3,94,0.136297118873131,0.0665288464095349
29,46,0.05482211966732616,0.21128248253038653,0.22972296771408252,0.3058984217695125,0.028199687637177874,0.09895883982775505,0.00040860486400945,0.00032284091292797,0.2,0.2,0.3,96,0.1346701985222191,0.0667515051031791
29,47,0.05295074325323857,0.2001368160453788,0.2098955962117456,0.3058677337340438,0.02933979470981512,0.09722699636902495,0.00038466886688007,0.00029653055470366,0.2,0.2,0.3,99,0.1286821233198771,0.0650043374757976
29,48,0.05258671517909037,0.20962297334523303,0.2416568434806345,0.33083583360936913,0.022941413933334757,0.09711323336434499,0.00038852088992728003,0.00029912113717105003,0.2,0.2,0.3,101,0.1287963614717434,0.0651954414356652
29,49,0.05249757886107566,0.2054849661167802,0.22993396053630086,0.32609274222473467,0.02046426240731228,0.09711323336434499,0.00038852088992728003,0.00029912113717105003,0.2,0.2,0.3,103,0.125264212805709,0.0582633778083092
29,50,0.051708395324166545,0.24296589166883814,0.34954155411899124,0.5364561028555082,0.019769523265294187,0.09667053945326046,0.00034038322687672003,0.00024071717414543,0.2,0.2,0.3,148,0.1425361890319565,0.0660378504964315
29,51,0.05113926190954541,0.2311372622478895,0.3151430964845275,0.52213561264531,0.019025441570765328,0.093969207370754,0.00039141889965734,0.00022568712959416,0.2,0.2,0.3,156,0.1194513683136728,0.0585876390843933
29,52,0.05085206466828464,0.22766284342946758,0.31100568122456673,0.5482828008888241,0.02777940810964908,0.09668699902610292,0.00039665021234353004,0.00022571498841525,0.2,0.2,0.3,158,0.1236645210388167,0.0597661945154311
29,53,0.050410661502311806,0.23451020225389432,0.3328541900895234,0.5560034353323341,0.01921580945053609,0.09464751670050266,0.0003930959180386,0.00023135152112815,0.2,0.2,0.3,163,0.1231774484656824,0.0592769665398503
29,54,0.05026821252416233,0.22997739405061263,0.32066601338594175,0.5287026997734949,0.020284119583322196,0.09480757020548418,0.00039762169334448,0.00023076712017307998,0.2,0.2,0.3,166,0.1235183904936942,0.0590155476332527
29,55,0.05013871064086973,0.23306041360695534,0.33116001122681993,0.5713708316791803,0.021694372860972228,0.09480265259424499,0.00039780660752643,0.00023002680654548,0.2,0.2,0.3,167,0.1237419017443983,0.0589720711821886
29,56,0.050129584764718516,0.2328171738800784,0.33086822151235235,0.5518021820511133,0.02037437907146523,0.0950556425099656,0.00040018605548221,0.00022996744827378997,0.2,0.2,0.3,168,0.1242352457442041,0.0590702837690769
29,57,0.05012784990316102,0.23281460392323353,0.33086548862121457,0.555714376807901,0.019162853857682394,0.095048199927288,0.00040003264915804994,0.00022995697902892,0.2,0.2,0.3,169,0.1242473221125825,0.0590701920186532
29,58,0.04985307885128149,0.23154202655019643,0.3293862024092839,0.567031232424981,0.021718695485623014,0.09494431082865452,0.00040501375043077,0.00023057028758191998,0.2,0.2,0.3,171,0.1203369908779585,0.0590721002526648
30,0,0.8951479069062388,0.9644071409285545,0.9585353969839061,0.13802054026783445,0.0,0.0,0.0,0.0,0.2,0.2,0.3,1,1.1924613425680095,0.7509258445422617
30,1,0.6194689631289689,0.8584638194336289,0.8248907956745414,0.12758793500058666,0.2830138158775292,0.09863663126403768,0.00033269597799981,0.0011397216793934699,0.2,0.2,0.3,3,0.5951861905558135,0.4675689842327974
30,2,0.3549266442421161,0.6776496513748892,0.6212278017324245,0.08227352201415479,0.26571824094943586,0.09806567162060612,0.00010156449985301,0.00010506059351636,0.2,0.2,0.3,6,0.4190155435363379,0.1531697494714377
30,3,0.3488669584762726,0.6759525212737296,0.6260230903962015,0.0874473617389016,0.03322912463841635,0.10193030486156171,0.000129306776997,0.00013375782637293,0.2,0.2,0.3,8,0.3956298250096139,0.1486056507405536
30,4,0.27309012491731316,0.5985413056328428,0.5359968259833513,0.07636332505806517,0.17721820601322325,0.09727797588567046,0.00010903541705081,0.00010866770616295,0.2,0.2,0.3,10,0.3805101099410399,0.1533729388105572
30,5,0.24290432848666968,0.5693210722869153,0.5157310429920648,0.08784484338871015,0.05766181767878732,0.0980447245262746,0.00013698751227857,0.00017532262655795,0.2,0.2,0.3,14,0.3751507813961834,0.1667484849972039
30,6,0.2327092630388078,0.559453268162606,0.511016320505703,0.08616458547192583,0.04994915775623025,0.10158916690082531,0.00018179757837331,0.00023267251453891,0.2,0.2,0.3,16,0.3413113009559103,0.1605093188294802
30,7,0.23184657850587123,0.5581654984371252,0.5093003023588948,0.0991533866339716,0.02774970566194242,0.10835750781971422,0.00011999863128644,0.00012202818014853,0.2,0.2,0.3,18,0.3171665013453335,0.2038051003697248
30,8,0.22057576620159935,0.5425672657275986,0.49123042247277743,0.10158463345434353,0.08176521325061467,0.10530212694698671,0.00011174594125659,0.00011247524299599001,0.2,0.2,0.3,19,0.3005247495084966,0.1570997562486717
30,9,0.21711977633679716,0.5413112554671513,0.4966658001018226,0.09460391139846028,0.041528785390462716,0.10541247339011224,0.00011197982663189,0.000112745978027,0.2,0.2,0.3,20,0.3077829408207927,0.1563412286289713
30,10,0.19758910509637953,0.5154458911781514,0.47332747196543823,0.0941023807931712,0.08414054860413746,0.1085903030278309,0.0001348476586813,0.00016428731036817,0.2,0.2,0.3,22,0.3128044666104512,0.1377511295798275
30,11,0.19175032143771895,0.5093445687832835,0.47297889473100074,0.10998577510527217,0.03367274130745278,0.11291903869304828,0.00013625993458689,0.00016576090834191,0.2,0.2,0.3,26,0.2744545958959851,0.1499861672015656
30,12,0.18743572694878996,0.49965580995185777,0.4550595134908728,0.11269440974503,0.03901960069893609,0.104561030446615,0.00016810171275041,0.00026197720595868,0.2,0.2,0.3,27,0.2222347186277108,0.1571457340307677
30,13,0.17961804826369576,0.4869385902541942,0.4402520809523165,0.11427952398318922,0.07456330518236985,0.10429267435086743,0.00017292020019468,0.00028246944510801,0.2,0.2,0.3,28,0.2353569717632955,0.1416515661683751
30,14,0.17587052712058118,0.48340094845218345,0.4429302647950814,0.11554594868358666,0.05267814866642588,0.10729137769790026,0.00019518859946844,0.00034483286847790997,0.2,0.2,0.3,29,0.2476173103926298,0.1427150215492991
30,15,0.16243198632684952,0.45939594021863644,0.4150204970055101,0.1086104304048126,0.11887858150725142,0.10562153710511332,0.00018588372970520001,0.00034643807521159,0.2,0.2,0.3,30,0.2481171394847838,0.124160176279305
30,16,0.14718742675862523,0.43254916730923054,0.3905318268848289,0.10285496801974718,0.15088772531627348,0.1091009999226657,0.00018911478594186,0.00035253397999048,0.2,0.2,0.3,31,0.2651122504326026,0.1762444737587857
30,17,0.13308343125638386,0.40461916308430396,0.3647235340985673,0.09772252943875442,0.0904296941125439,0.11416419487273152,0.00024436136644439,0.00043468847101827,0.2,0.2,0.3,33,0.183812466106186,0.1425550345237965
30,18,0.11606314461903476,0.36056892713438665,0.30657327068926327,0.09347998182890692,0.1872545328290004,0.11217790786095624,0.00019697381496891,0.00039427046317177,0.2,0.2,0.3,34,0.2323828173409593,0.1654997461032341
30,19,0.10336291830297888,0.33072552809190114,0.2787603584064252,0.09211592349314891,0.09083883472028574,0.11062204001097742,0.00019944554073711,0.00038882083548504997,0.2,0.2,0.3,36,0.2037554931367571,0.125369855778319
30,20,0.0988937907848814,0.3204820340271027,0.2736228517184918,0.094911873508435,0.053345884832929874,0.1136000443979103,0.00026276956756110997,0.00051069301257918,0.2,0.2,0.3,38,0.1693481567198412,0.1210753477275611
30,21,0.0961981484882376,0.31414268922366384,0.2663900602037425,0.10087617886481717,0.04372961100171066,0.10928162489117624,0.00019155712266272,0.000359070418993,0.2,0.2,0.3,39,0.1869478064327434,0.102712619071507
30,22,0.0833311452541793,0.27253317670572036,0.22452015099611677,0.0916707092153093,0.21824985770158273,0.11793133811443307,0.00029135373742574997,0.00055379343940809,0.2,0.2,0.3,40,0.1273817141104125,0.118115237368389
30,23,0.07176466437002013,0.2344608674959138,0.18711036781062113,0.09694770965849307,0.0663788472959045,0.11682943608696358,0.00025138115021859,0.00048584523149889,0.2,0.2,0.3,44,0.1202425591711481,0.091636567102108
30,24,0.07171929919592816,0.23794231040359531,0.1980653879545662,0.11224056070662392,0.023920647936929315,0.11691510239324253,0.00025270728570803,0.00048800099612689,0.2,0.2,0.3,47,0.1192638266493651,0.0923499539000408
30,25,0.0694152408318817,0.2286930079511845,0.1872837918789257,0.11302033325079106,0.061931334969121815,0.11711963692910299,0.00025227793006442,0.00048219533058941005,0.2,0.2,0.3,48,0.1165035115012877,0.0933124111716809
30,26,0.06585697181120713,0.21430351414490623,0.17053200501637156,0.11895173285687625,0.04324481927420348,0.11665776215703237,0.00027215320100443003,0.0005438718081083301,0.2,0.2,0.3,51,0.1113350926523972,0.0888973966442079
30,27,0.06516294822619051,0.2147093248353334,0.17788784106166106,0.14397046842234956,0.03070983271305167,0.11732379026211927,0.00025420324528844,0.00049825931999115,0.2,0.2,0.3,53,0.1148988700850896,0.0905467284250427
30,28,0.06412645479859336,0.2109424718572876,0.17353245401932227,0.13940717772419983,0.028370667521524826,0.11631679321261343,0.00025843049495204,0.00050214867260205,0.2,0.2,0.3,56,0.1156349531656494,0.0845537052670406
30,29,0.060588414132323624,0.19268763933295222,0.15213740683226934,0.1449923799180056,0.10276301295240044,0.12017502843928868,0.00026209982699755,0.00052951115978775,0.2,0.2,0.3,57,0.1105499158880592,0.097144180955598
30,30,0.059118434409612536,0.18732061566492136,0.14594603776894502,0.14918556334549263,0.04460731864311605,0.11828545730198926,0.00026254906232347,0.00055503357642295,0.2,0.2,0.3,58,0.0971148072334732,0.0900949329706206
30,31,0.05790702427369094,0.18545338543338727,0.1506763899106455,0.15442376747003286,0.035257124161251284,0.1181838891392545,0.00026206559566055996,0.00055424365653715,0.2,0.2,0.3,60,0.0965215799060122,0.0893393018522901
30,32,0.05767037964821469,0.18438402951819305,0.14943242768961365,0.15070897136153374,0.026027812487708458,0.11816013150652009,0.00026682063034798,0.00053060079062641,0.2,0.2,0.3,62,0.1000932758984384,0.0887017141950999
30,33,0.057185326147821396,0.1786084574812863,0.13581164098757528,0.16372644701611222,0.03205498661634554,0.11781527666400653,0.00026788405354499003,0.00056179950949965,0.2,0.2,0.3,63,0.0994136610186947,0.0886918462749792
30,34,0.05420868559195164,0.16832698859951703,0.13075164686371926,0.17546085334783348,0.0810599955699823,0.11734954632369653,0.00026630623321304,0.00056253952927236,0.2,0.2,0.3,64,0.1011146102857624,0.0857295258189007
30,35,0.054185676644169345,0.16056981703393328,0.10790127293691729,0.12805030500144246,0.024064559482451012,0.11763371776513923,0.00026580449053826,0.00055705228127378,0.2,0.2,0.3,69,0.1022539185600446,0.0864563659724411
30,36,0.05406178139513919,0.16012134349422374,0.10738562357905751,0.12789565899274039,0.025386204691616794,0.11742268312044489,0.00026596622712198,0.0005599071720697099,0.2,0.2,0.3,70,0.1017125988457197,0.085732643496931
30,37,0.05387180744531802,0.17449301044605645,0.15175665037837868,0.22275652220605416,0.023827771557133132,0.11683418808040029,0.00026757371260983,0.00055444125266289,0.2,0.2,0.3,76,0.109080557575774,0.0833594357761237
30,38,0.052709853278735966,0.16899530242906027,0.14536408926165703,0.24248217187305243,0.034701106134011866,0.11644522454926699,0.00027093307370873,0.0005672367668113399,0.2,0.2,0.3,78,0.1024462728094354,0.0827382671401933
30,39,0.052451302007371164,0.1603842067326063,0.12153261757423289,0.18495392842755756,0.02428288717694545,0.11629688492333091,0.00027316664847516997,0.00057134908056823,0.2,0.2,0.3,84,0.1033459252085979,0.0821734170913577
30,40,0.052399651381970766,0.17885753734530366,0.17757182987217746,0.34021259181577695,0.023446344317273136,0.11617138668747837,0.00025512221386262996,0.0005203713158304999,0.2,0.2,0.3,116,0.1081065265198675,0.0793510304347448
30,41,0.05247722411961295,0.1823357920046143,0.18850062353108127,0.34192864332282163,0.023809721330317685,0.11690874917771983,0.00025393655101823003,0.00054468665590886,0.2,0.2,0.3,123,0.103595440357432,0.0810031083075959
30,42,0.05219767270466777,0.17723010665936498,0.17565120042444063,0.37021354821286756,0.025531484793161467,0.11688724763108498,0.00025464551147032,0.00054272490770464,0.2,0.2,0.3,126,0.1035373606114787,0.0827657756726338
30,43,0.05218047415267075,0.18825418730155377,0.20919968666291774,0.4260858616364089,0.023636998457719372,0.11691360660422906,0.0002549510315868,0.0005431425115423199,0.2,0.2,0.3,138,0.1032493293790739,0.0825227851795657
30,44,0.052179330421218265,0.19193691579215497,0.22039124959049716,0.4900929098628752,0.02361154395963792,0.11694129348976022,0.00025483709639234,0.0005432940291907301,0.2,0.2,0.3,153,0.1033504030483234,0.0820775921335813
30,45,0.05218144844958337,0.18450618848581327,0.19792950001017745,0.4986964981819628,0.023658702273024294,0.11696419005067374,0.00025472674367965,0.00054377289410466,0.2,0.2,0.3,154,0.1034091045097935,0.082052183091948
30,46,0.05217271048983781,0.1881789718494704,0.209110597048966,0.4757320455381336,0.023761018131861267,0.1169569894036033,0.00025479928115968,0.00054362917107229,0.2,0.2,0.3,155,0.1034568386356784,0.0820241333678312
30,47,0.0521708363568892,0.1918851841282152,0.2203306386052634,0.5022545117648318,0.02361825371221709,0.11695211752389915,0.00025482367410342,0.00054315888126211,0.2,0.2,0.3,156,0.1034645017285316,0.0820334943073547
30,48,0.05217233034437397,0.18817323818290813,0.20910376336450684,0.514114276474362,0.023618324589267534,0.11696240218905424,0.00025479218972675004,0.00054318683894801,0.2,0.2,0.3,157,0.1034275422164697,0.0820324971066543
30,49,0.05216528648973833,0.19185031076408918,0.22028974803476684,0.5101202862874378,0.02364063522817906,0.11695985437072683,0.00025485562621332003,0.00054348536637893,0.2,0.2,0.3,161,0.1034394043612576,0.0820709078624853
30,50,0.05216264063561411,0.19555222939534495,0.23150471814930362,0.5334528768853486,0.02364175952347474,0.11695445164360793,0.00025480801362529,0.0005437337240206699,0.2,0.2,0.3,162,0.1034188471138752,0.0820679579968192
30,51,0.052211086395239484,0.19555586899640998,0.2314991772295354,0.5334966188024339,0.023890903422361942,0.11725782070000788,0.00025380456634788,0.00054021730291992,0.2,0.2,0.3,163,0.1043656831007287,0.0828051985883126
30,52,0.051884042132888386,0.18685537236625246,0.20757447251781805,0.5214010954854431,0.028450351799564365,0.11677482780509292,0.00025638557625406,0.00054649430022012,0.2,0.2,0.3,164,0.1037209346805893,0.0814243888383893
30,53,0.0518585491428564,0.1932715139725225,0.22881821633781096,0.5290804514198602,0.028817866504923486,0.11780720317770772,0.00026548504282174,0.0005650889401574699,0.2,0.2,0.3,165,0.0990048218310683,0.0845001367313221
