Run,Equation_Index,Hybrid_MSE_Train,Hybrid_AIC_Train,Hybrid_BIC_Train,Hybrid_MDL_Train,Hybrid_PSM_Train,Extrapolation_Divergence,Sensitivity_Interpolation,Sensitivity_Extrapolation,Lambda1,Lambda2,Lambda3,Complexity,MSE_Test_Interpolation,MSE_Test_Extrapolation
1,0,0.9247386028625311,0.77506053461956,0.41520898417400737,0.01461642450503556,0.0,0.0,0.0,0.0,0.9,0.6,1.0,1,8.254756039999998,74.86008270666667
1,1,0.7958395135806243,0.8098778358276226,0.4931792420105345,0.1569865345232466,0.4946828751564288,0.16158373998939216,7.787360501567e-05,0.00017039608298117002,0.9,0.6,1.0,3,5.1301537644895205,54.07005489459284
1,2,0.6729352249488488,0.774379532088973,0.4906419187045064,0.18369527103311822,0.42486801145948655,0.18935627093597965,0.00049908300361175,0.00109204895395309,0.9,0.6,1.0,5,2.6808943802982093,29.28141695602769
1,3,0.6729754665723899,0.7744440542817167,0.4907206374946286,0.18379401153770242,0.17214743894861526,0.18945425192035298,0.0005037150370907899,0.00110218435683967,0.9,0.6,1.0,6,2.6704687294168634,29.158326351945323
1,4,0.6270922794510237,0.7208984029878208,0.44270233325806874,0.1681864613748971,0.27205221096378635,0.17159803200544627,0.00038492709114437,0.00087587107144676,0.9,0.6,1.0,7,2.6895359054694783,21.56336611761561
1,5,0.5903958314371424,0.693259101304864,0.42195698620450095,0.16094758900736475,0.2571506942634244,0.16061722673149328,0.00036677314600959003,0.0008350402231055499,0.9,0.6,1.0,8,3.3213859261301293,32.932431692789514
1,6,0.5713422694063889,0.6789440996202206,0.4117592947852162,0.1668805912066617,0.20846284156353406,0.1548258891728605,0.00070804152415897,0.00210156055723577,0.9,0.6,1.0,9,3.356735313687687,33.20332610875848
1,7,0.5895510801199962,0.700236667396054,0.43598534738982464,0.1887531867921742,0.21814277616039227,0.18874896380812428,0.00036371787219802,0.00060362317817008,0.9,0.6,1.0,10,3.508453755030589,35.48490625392245
1,8,0.5465173359086251,0.6624697449243724,0.40384365621331,0.17567821492227637,0.23842177769731449,0.16174189878923995,0.0005767036833890799,0.00146223518763334,0.9,0.6,1.0,11,2.995776680338783,18.10988602326549
1,9,0.5674617026745966,0.6854757750957209,0.4293563969209019,0.1974188808197727,0.2173237484072229,0.19444312073119469,0.00074593209532683,0.00137302542678744,0.9,0.6,1.0,12,2.8092071520486632,24.489584586571095
1,10,0.5302842767003939,0.6682786680702629,0.4158091868697561,0.18073582341154798,0.1769027712481013,0.16003414232219254,0.00042539313145771004,0.0017280452548521699,0.9,0.6,1.0,13,3.0016122041626017,19.985908233458343
1,11,0.5512029159809644,0.6899263427688949,0.43844630876571994,0.20223143229291765,0.18623237042555996,0.18683133581136155,0.0006318359706674801,0.00167530545249557,0.9,0.6,1.0,14,2.852006824412917,15.666460024522983
1,12,0.5309225910819614,0.691347604778986,0.4464584037964732,0.2018346516313774,0.24400591433556026,0.18124195161444628,0.00075720763494497,0.00199610411055452,0.9,0.6,1.0,15,2.612121441419302,11.396338973229303
1,13,0.5347439069224693,0.6604488926235226,0.41628467292836696,0.21086181926719472,0.21651595284557748,0.20061600977185948,0.0009240638575815001,0.0013868764643891701,0.9,0.6,1.0,17,3.8902288283243394,23.564604683716208
1,14,0.520564545869442,0.6464774863629781,0.40255630305838147,0.21154393241452255,0.1735448518679371,0.18420093929128858,0.0009587129278248501,0.00279256648290654,0.9,0.6,1.0,18,4.207387089985426,26.381682278267064
1,15,0.5149310082962198,0.6608415315526628,0.42215191570412747,0.21339027426055104,0.2299678848887664,0.19103360376015432,0.0008750337653039,0.00151083997637722,0.9,0.6,1.0,19,3.5857802281780087,25.79225075670773
1,16,0.5041762567354281,0.6692118907821806,0.4338345287937959,0.21816618262861565,0.1932643638071209,0.1838837253659469,0.0009069912991904299,0.00182142186722502,0.9,0.6,1.0,20,3.4812598755680084,10.583496241426282
1,17,0.5002022021250355,0.6475143137004825,0.41264466874387296,0.2310601307353477,0.18257811448189668,0.18519620085127825,0.00114149947035481,0.00308792188053567,0.9,0.6,1.0,23,3.415784143277559,7.298462834382707
1,18,0.5002376833705957,0.6671765661827717,0.4380353149491595,0.2507940964203384,0.24633493947383173,0.1993352002323572,0.0011981232077064399,0.0017204190484119998,0.9,0.6,1.0,24,2.397207300474492,22.88213397699654
1,19,0.5002376836881196,0.6856862180768469,0.45828641660658065,0.259586745111682,0.1818410606909214,0.1993352002323572,0.0011981232077064399,0.0017204190484119998,0.9,0.6,1.0,26,2.397207245721112,22.882133786415935
1,20,0.494388753643986,0.6616966455837651,0.4342442028596055,0.2581121598086293,0.20801617268843323,0.19853311289220643,0.00129046026908473,0.00124404474189252,0.9,0.6,1.0,27,3.010627294570609,25.15735804593922
1,21,0.490373162821121,0.6956504480570012,0.4826352138290183,0.31229368829271825,0.38297004284952774,0.1995008632136159,0.00624175008628226,0.02246942594659612,0.9,0.6,1.0,28,3.950255850760251,13.368064223451029
1,22,0.4787894826444982,0.7020835703255652,0.49682814875630127,0.3242628118692345,0.25782341980666396,0.2049318089070316,0.00659394930682336,0.020749974137331158,0.9,0.6,1.0,30,3.531798130030265,14.491303375376525
1,23,0.47895375950874,0.7207546367449396,0.5172623409475795,0.3341993586743657,0.2095377611321431,0.2053068429082724,0.006651656068718451,0.020594873674529248,0.9,0.6,1.0,32,3.446406970848866,14.509993234267888
1,24,0.48941988313907636,0.7113199347414675,0.5129980941475683,0.36660642137805566,0.26416406393559827,0.2204756345193797,0.01296090124934493,0.029983537047052127,0.9,0.6,1.0,36,3.35855995903268,21.153025295436887
1,25,0.48797890311088604,0.7271277692528055,0.5346953681831892,0.38396992672821684,0.2608999531456719,0.21738286462798995,0.01769625535371758,0.0378767374592092,0.9,0.6,1.0,40,3.694641243651013,19.48710045730922
1,26,0.3833368399078782,0.658692306843768,0.4723152494511182,0.3334880122864243,0.1537802133771781,0.13300748648459315,0.013201586908963888,0.01766276435779629,0.9,0.6,1.0,45,4.5412112200348425,28.41284894555191
1,39,0.4323151366894945,0.7763534564753783,0.6347135564876172,0.5613927170120014,0.2976603075221024,0.20619408842290043,0.02391912448913042,0.06300822116952401,0.9,0.6,1.0,69,4.902237206631565,13.260695637864918
1,40,0.40995989383501646,0.7480526334331473,0.6126630971847465,0.5521595212052484,0.30124110111291236,0.2026793874917189,0.024318099372573627,0.05368343009180545,0.9,0.6,1.0,71,4.639574970628947,14.192019403994593
1,41,0.4362731976217763,0.790578279478308,0.6775951824629316,0.6710930072600761,0.33030258482384695,0.18537532338039134,0.028105832325961998,0.12108992389388011,0.9,0.6,1.0,83,3.8462810981941535,17.783675690058534
1,42,0.43971823834450546,0.7556851766841662,0.6564719782645246,0.687261904582757,0.3911922218073847,0.22466427728927474,0.048158272028819636,0.09715111865681696,0.9,0.6,1.0,87,6.54706365449518,13.900086981023833
1,43,0.43616311476444003,0.746334219939496,0.6512822199796453,0.7076765510598546,0.3627988110459588,0.22618806556967608,0.04800487319686751,0.09720770373396245,0.9,0.6,1.0,89,6.065539144484567,13.67588279066202
1,44,0.43599627124338713,0.7461140439864079,0.6511003440260452,0.6801720989847088,0.33007714542301614,0.22616188012533944,0.04805382111492228,0.09707987204861504,0.9,0.6,1.0,90,6.031570784914133,13.717156118094536
1,45,0.4345094974512672,0.7442675411932853,0.6495114130429435,0.7110004824385232,0.3324411683365535,0.22279512110748365,0.05002933230884519,0.09773960812981712,0.9,0.6,1.0,91,5.441573991753526,15.633191983488205
1,46,0.4489258601436087,0.7705345501180157,0.6822104387265419,0.718316076481389,0.42395120375952444,0.2219361264810233,0.04168549431476873,0.12332263414368394,0.9,0.6,1.0,92,5.640835051340168,12.918269864366744
1,47,0.5263987203216736,0.8255266931771454,0.7381960048322902,0.8020622368207955,0.47284547384947045,0.23455881807631623,0.04430286708606346,0.1909173146592344,0.9,0.6,1.0,93,20.249426484985683,13.976188444158636
1,48,0.5207570284782151,0.8362920150226925,0.7521343518379912,0.810280066836368,0.4361239389308791,0.23651293179729183,0.04795577153371985,0.182898994346426,0.9,0.6,1.0,95,20.09586131476251,12.39174765051206
1,49,0.498502729920555,0.830762514512046,0.7495509558547445,0.7975756227548599,0.42306400119280685,0.2337006066326772,0.04649288431098954,0.16536245853188944,0.9,0.6,1.0,96,18.70324800551117,12.16109187558284
1,50,0.4979137207291915,0.8047888427531797,0.7264058708442401,0.8007375822231733,0.43251606020010724,0.23511099714963685,0.04407112403611388,0.1698190775941034,0.9,0.6,1.0,99,17.070946441804114,12.693176471946945
1,51,0.4388420862432397,0.7427161564722038,0.6797200126171478,0.7941805418293895,0.38439351367790275,0.24877208758480393,0.04711879770225585,0.1101568256731327,0.9,0.6,1.0,109,7.148407376941489,29.71689192145791
1,52,0.43775010730422187,0.760082171545982,0.6988611628111241,0.8060477212682975,0.3618616364328066,0.2480066258041488,0.04714058751860635,0.10977538502830116,0.9,0.6,1.0,110,7.058291555522894,29.97924883091912
1,53,0.4351933321311435,0.7485027850153808,0.6927561506398889,0.7993315267840312,0.4522493844239204,0.2492898163956139,0.047732952281513155,0.11074503369411152,0.9,0.6,1.0,111,6.983584840410134,31.162041656600493
1,54,0.43437942065968915,0.7646746528496992,0.7115798178077598,0.8120263254476242,0.371076902300715,0.2492898163956139,0.047732952281513155,0.11074503369411152,0.9,0.6,1.0,113,7.247689530305033,31.36823162191652
1,60,0.4435203765549921,1.1000656178535593,1.0824309582800375,1.2411498251877304,0.37950214086721223,0.2190322634133552,0.063706820470959,0.1411730174839494,0.9,0.6,1.0,185,7.149456700648092,17.731501879328256
1,61,0.442101777265813,1.0975610117329755,1.0805593730715075,1.2401598839447956,0.3787847245467296,0.21877133845466273,0.06324241167176238,0.14080765484843202,0.9,0.6,1.0,187,7.259334609288063,17.628295451055646
1,62,0.39966129461520095,0.964242897693367,0.9620011334995687,1.2307141286702918,0.3515140665988966,0.2285392205084674,0.05271487356400865,0.11186784956986048,0.9,0.6,1.0,196,7.141470247923687,16.58385483232655
1,63,0.3903433019062007,0.9691289052759767,0.9709752997415096,1.2126731828579,0.36043204638682835,0.22904859587761553,0.054775906238071645,0.10257574316040455,0.9,0.6,1.0,198,7.338006421504502,15.900578959780267
2,0,1.0,0.7999519437062109,0.43040809006507524,0.016251427132192683,0.0,0.0,0.0,0.0,0.9,0.6,1.0,1,4.680188621840999,75.94703875517432
2,1,0.8190626009835169,0.805029319162737,0.47895136942230027,0.1296323718353646,0.4682768989513998,0.12949947088418118,7.699987460815e-05,0.00011036398054596001,0.9,0.6,1.0,3,2.6448593974932955,54.34305918608999
2,2,0.8219687981799062,0.8114508663460278,0.48645976456164386,0.1414087287528895,0.1436921505990266,0.13848083711908493,0.00065984091685776,0.00089028078555009,0.9,0.6,1.0,4,3.5701725979529604,66.600712519732
2,3,0.6500750879477682,0.7458787053961466,0.4589864442808439,0.14759615776821192,0.7231668893341032,0.1493780121406726,0.00037842931483003,0.0005424030331538301,0.9,0.6,1.0,5,1.900320193633147,35.73350967149428
2,4,0.6387979524579467,0.7323744300064482,0.4540169192661184,0.1792737989805904,0.24972572088460313,0.18420197035617725,0.00037155841123613,0.00060176038751718,0.9,0.6,1.0,7,2.6071086818994607,22.332998337926696
2,5,0.5755914609178026,0.6825025997093528,0.4146834614631955,0.1665547345365113,0.3143208662921597,0.15635723823269096,0.0008324229147727701,0.0025782745230955198,0.9,0.6,1.0,8,1.1032847054638115,15.16580357857726
2,6,0.560671567378743,0.6729091815579971,0.41021726308631323,0.1784716825147022,0.17501971582644632,0.16013077137371762,0.00096041501757616,0.00267955997279427,0.9,0.6,1.0,11,1.0868557219051336,10.38510885776678
2,7,0.5330621318118125,0.649929011693074,0.3923969681637839,0.1633906649984217,0.2210747792822513,0.15123166930438092,0.00056437752891428,0.0011976250932345801,0.9,0.6,1.0,12,1.1137954452099212,12.838296421825524
2,8,0.5374268371959751,0.6736763192913482,0.41895513112775096,0.18072687805457419,0.15427818533720353,0.16005981946238856,0.00057546554424874,0.0012296895595571501,0.9,0.6,1.0,14,1.3385571122031104,10.2471115190454
2,9,0.5112061504340359,0.6698050242546345,0.4220429352095227,0.17339625878681697,0.22106124093755106,0.14817052810472567,0.00103094537626742,0.00267565710743667,0.9,0.6,1.0,15,1.2776284707353187,4.768361342207267
2,10,0.5134551485238772,0.6411031786324424,0.40127542811405303,0.21669619860209816,0.26664509979230716,0.1903110023803389,0.0008446295046174,0.00250044290141358,0.9,0.6,1.0,17,2.6955379700129045,14.476920284351484
2,11,0.4716366409665969,0.5999111806031516,0.3617359989725902,0.18705486081925374,0.1640829079712841,0.14873099074555074,0.00103094540156045,0.00286281465494088,0.9,0.6,1.0,18,2.417840373116488,14.831118816230456
2,12,0.48151960027642415,0.6662158489554673,0.435921088454165,0.23317978936698752,0.16928986797579976,0.16740165218099107,0.00214058117350144,0.00298981155654145,0.9,0.6,1.0,21,1.8986411337210984,8.64819834888192
2,13,0.5563793008572341,0.7237069829950964,0.4963537472909588,0.3232764898208464,0.28077488829529873,0.21254088847576222,0.010271123353784741,0.045514166185746954,0.9,0.6,1.0,23,3.4520356364830405,14.901566230689417
2,14,0.5074339251296885,0.6753315334106592,0.4515213917862105,0.2921481738078523,0.2610019427996904,0.16821015235751668,0.01059683927223658,0.04594001267075702,0.9,0.6,1.0,24,3.0829006717677223,14.881500021244824
2,15,0.5335175846429812,0.7016509084760676,0.4802146835638974,0.32124874248779267,0.27450543241377445,0.2052199142067748,0.01059742544676898,0.04504688955451472,0.9,0.6,1.0,25,3.2523194927631343,17.90888920894505
2,16,0.5321457623282688,0.7003886816637211,0.48096056270374826,0.3335506808921331,0.2724844451433304,0.19386376481539527,0.011074125957162841,0.058876578902513035,0.9,0.6,1.0,26,3.446404761122124,12.942332600097354
2,17,0.46149734552801946,0.6482725338449573,0.43358855464571533,0.2741264540454529,0.2257157861901212,0.16630823480540205,0.01481811387057283,0.01851568281194907,0.9,0.6,1.0,27,2.515366638413436,4.062048682854287
2,18,0.4485605905459925,0.6352777881429253,0.42248343081783335,0.28798659362265294,0.1843055430152189,0.1598029562551289,0.014438002085606342,0.01645669209644847,0.9,0.6,1.0,29,1.7491526205001815,8.744309033491833
2,19,0.4483801529514561,0.6531793940936113,0.44607603368503296,0.3064678783945612,0.24215126587335,0.17104825922245642,0.01397047053545622,0.01615147603791946,0.9,0.6,1.0,30,2.4309697781348225,4.805946944363311
2,20,0.42661724433238973,0.6306743772030335,0.4278056822713132,0.2977358799987154,0.2011151584394335,0.15553499896602344,0.01916012317346511,0.015370039048641329,0.9,0.6,1.0,32,2.471856668348342,6.702956547963161
2,21,0.47113880220858995,0.6933150952860746,0.49388540812231707,0.3360632383993845,0.22907281579636507,0.15517917224815644,0.037106700292043174,0.053412785290754786,0.9,0.6,1.0,34,4.1541393714437,13.108445783983733
2,22,0.47576137518809875,0.6976526265393792,0.49931684333995713,0.3496050938732787,0.2401425582671648,0.15445686064551092,0.04123002918402125,0.05873577934165832,0.9,0.6,1.0,35,4.583130939366836,13.238063787054353
2,23,0.44298333698513276,0.6589183822800109,0.4756916431908147,0.34712821464893084,0.46698463039715304,0.16231544607578657,0.037464469652103836,0.05399116514828149,0.9,0.6,1.0,36,4.272722414516302,7.244211134950526
2,24,0.45849899574293307,0.6740291495157574,0.49157662173885935,0.370682372259195,0.24591741903290448,0.16324696358220162,0.04593146272816901,0.06517157107723738,0.9,0.6,1.0,38,5.650090209135145,7.002119933479005
2,25,0.39964778508802706,0.6117180555534855,0.4352569367228167,0.3457905320133217,0.2896306591853305,0.1197044029209539,0.04277993538259081,0.05932689126341876,0.9,0.6,1.0,39,5.271727667572829,4.491997566449587
2,26,0.36938572614431964,0.5545762655966875,0.3881863810260121,0.3344333741078458,0.23220709048463917,0.10365137832746034,0.044557960895220725,0.06441283713447551,0.9,0.6,1.0,43,5.548502432268675,14.826203272945634
2,27,0.36412792458667587,0.5658130032009423,0.403655868510995,0.3506695877357354,0.20370992570260488,0.10230978217730714,0.044788094128966935,0.0646074178548044,0.9,0.6,1.0,45,5.672290794127463,12.9368203321168
2,28,0.35580068522151104,0.5570972656369985,0.3954087049872535,0.35084347319680703,0.18362560106081777,0.09531373024766383,0.04526086999703624,0.06310791650426646,0.9,0.6,1.0,46,5.941516118430421,13.53774892327196
2,29,0.36742804056974754,0.6047117938478221,0.44773489089093227,0.382367011630809,0.2096766417041671,0.11298382732942669,0.042015150339085636,0.06290284775902132,0.9,0.6,1.0,47,5.9930267608673,9.163437496447168
2,30,0.3542453087344982,0.5649846931637174,0.4151407696811712,0.3948073091779857,0.2631746110625754,0.10533850760689886,0.05647170595978046,0.0626837591462618,0.9,0.6,1.0,49,5.56529203214299,12.935250311525508
2,31,0.32899598096784954,0.5233910781522836,0.3890450402134018,0.3903953480166349,0.3149112980043348,0.10751366438235693,0.04621458112233068,0.06508834767004942,0.9,0.6,1.0,51,5.511524120709838,13.61715905033258
2,32,0.31598959117705677,0.5183571804642262,0.3946038498849989,0.39639907159823345,0.260358783153534,0.10646333622569189,0.04606540399019203,0.06531108809691233,0.9,0.6,1.0,53,5.919322147747392,8.384780949770485
2,33,0.3162978348103859,0.5371502894510595,0.4151585041806863,0.4154427528488864,0.18926376556476615,0.10652580493805743,0.04620009422300801,0.06550891235589644,0.9,0.6,1.0,55,5.878855961425454,8.27643116145183
2,34,0.31588106508230773,0.5364726456387651,0.4146915804131134,0.4152705133092883,0.19067042551288563,0.10671267220274226,0.04614531654115605,0.06523709983283568,0.9,0.6,1.0,57,6.089435473458858,8.350421863154095
2,35,0.3245656536510869,0.6102656423362136,0.5024578194903757,0.48100025795616763,0.24450203770205392,0.10852246820061576,0.057722374890421244,0.07441234040483982,0.9,0.6,1.0,60,7.437652446056731,8.135077798046837
2,36,0.30648390134031456,0.5364630561245938,0.4235770838667703,0.4329052667175357,0.19119320690214447,0.10658454163623157,0.04553638605750106,0.06557035790026741,0.9,0.6,1.0,61,6.95229637939223,7.628757140460248
2,37,0.29927005720917144,0.5462119460938777,0.4362460277320205,0.4389383878666471,0.1926446025609334,0.10193691831245556,0.04537623524985482,0.06411526077731136,0.9,0.6,1.0,63,7.65779232376844,13.1708581401204
2,38,0.31912752855776444,0.5219384035537432,0.41376630758596294,0.5153324308085953,0.2264097886342742,0.11111441954981957,0.0487002361859927,0.08015880168558039,0.9,0.6,1.0,68,6.148596548897314,10.409798853180702
2,39,0.31906415166510804,0.5372847617220247,0.43309718600934843,0.5394037798502457,0.24835664399816673,0.11209823908231309,0.05186008163701126,0.0799747047974245,0.9,0.6,1.0,69,5.97126400925759,10.712790279794191
2,40,0.28543777640408274,0.5354408542701666,0.4527113261510924,0.5415416900353728,0.240076776975019,0.11682142202742993,0.05806998137456358,0.05631588438091596,0.9,0.6,1.0,75,6.581138206784248,13.451835665871654
2,41,0.2853731730151458,0.5537902243733195,0.4728646056816909,0.566033217748088,0.1968006139778528,0.11682142202742993,0.05806998137456358,0.056315884380915934,0.9,0.6,1.0,77,6.695774519098931,13.786082098730123
2,42,0.24648537838987059,0.5118461859566644,0.4329065880272869,0.5063064217266999,0.1915814842277706,0.09599315487905306,0.0363489263120067,0.05125048143130708,0.9,0.6,1.0,78,7.4473517754240275,11.577064710340416
2,43,0.27973125957423917,0.5628728051077639,0.48614544667403714,0.5834782424736965,0.19698792439038615,0.11469746467292907,0.05836480079747473,0.054932937051452566,0.9,0.6,1.0,80,7.129704700942659,20.595284036890263
2,44,0.27951820081705314,0.5808439209243621,0.5060677586216868,0.5968607593016759,0.19402696394838237,0.11469745992112604,0.05836480169866652,0.05493293740563848,0.9,0.6,1.0,84,7.082335659000362,20.41188307497281
2,45,0.23110130412476287,0.5689901063137744,0.49799069738454965,0.5807585786209682,0.14535757717073383,0.0823756133218259,0.034492426816001245,0.05022721881526314,0.9,0.6,1.0,100,6.333151144056432,11.354753146519258
2,46,0.30954408047550686,0.6452503159155205,0.5756501234974459,0.7579381684905504,0.22633391165609804,0.10581962240869162,0.08487692005355649,0.07875075502272569,0.9,0.6,1.0,113,5.857169750073182,13.58028141104876
2,47,0.3196583755243533,0.7811353914479896,0.7261371128627198,0.9281876842677299,0.24759627929513528,0.12449058345873874,0.08633507517110847,0.07358231754304825,0.9,0.6,1.0,117,7.272591737883877,10.314640771818311
2,48,0.2926089020994902,0.7769479284531572,0.734195099090708,0.9229135737015991,0.26781670196849877,0.11296258967260119,0.08573994663089478,0.06561152695465336,0.9,0.6,1.0,120,6.457883978913697,9.179313553901345
2,49,0.2571547619114037,0.7556634186228063,0.7172678914535969,0.9363443521139915,0.19349004822466997,0.09962501455081216,0.07472254463224817,0.0511496199489445,0.9,0.6,1.0,125,6.221897880418053,9.654587011092126
3,0,0.7207282113025143,0.6964100479878034,0.3671832929527437,0.00945233130758236,0.0,0.0,0.0,0.0,0.9,0.6,1.0,1,17.91905396,75.10080729333332
3,1,0.5963454928194195,0.6886575228616277,0.4094194530751745,0.1256528662100318,0.5249555384809043,0.13385773739232978,6.273981191222e-05,0.00011835681722365001,0.9,0.6,1.0,3,13.423023165244762,54.95291816032344
3,2,0.4503753911183508,0.5995329258882522,0.3723376842694224,0.14449588110131165,0.5490408259185516,0.15686400930792413,0.00040205587714484006,0.00075846663409676,0.9,0.6,1.0,5,11.01872857209125,31.497931850349413
3,3,0.45062432580235795,0.5814167222862753,0.3534648774308917,0.14681739538464475,0.1530640176302919,0.15966248580074724,0.00056465830721003,0.00106521135501291,0.9,0.6,1.0,7,11.476339456963093,28.0536743400182
3,4,0.4456858627756742,0.5765492899405904,0.34913765156286397,0.14737911991951666,0.15035720113553577,0.1565134813206746,0.00036543028421698,0.00053873995564845,0.9,0.6,1.0,8,10.967363386967538,31.30858414396836
3,5,0.417848624908436,0.567387624062545,0.35272807946007545,0.15792637032701026,0.23128522635961316,0.1563616630834959,0.0005021871024104201,0.0011992428607000701,0.9,0.6,1.0,10,9.416193129726953,32.792511082679034
3,6,0.4047125777544402,0.5354885377624744,0.3213200862008499,0.15537039124609847,0.17069801252188802,0.147504518603469,0.00072867111628364,0.0013791996703174801,0.9,0.6,1.0,11,13.38426902660502,46.830179811121575
3,7,0.4049715221350256,0.5541194718616766,0.3426739016722345,0.15548308256572416,0.15311484243180676,0.1510629574840998,0.00051636182545429,0.0009455800543711199,0.9,0.6,1.0,12,11.40896093156156,39.45899991773761
3,8,0.3925240702966008,0.5405060376081681,0.33471050770435967,0.16495583245685047,0.22947310461088083,0.1507738368908691,0.00081463002511585,0.0019237674950210299,0.9,0.6,1.0,13,11.27832748338152,42.152453449109125
3,9,0.34507928416461214,0.4848773885303483,0.298722964098973,0.15395391561995314,0.4516641691645757,0.14500742099143138,0.0018835389524859002,0.00128556853919053,0.9,0.6,1.0,14,9.98142103519693,36.986090296971255
3,10,0.3400844042833823,0.4783532848077248,0.2945538387279794,0.15558739166192673,0.16958296727886904,0.14513799078435352,0.00124683499947629,0.00107417598127492,0.9,0.6,1.0,15,10.439474351813676,47.24723895708498
3,11,0.41999756940168864,0.5555773147889187,0.3999941768927512,0.2826648663231045,0.688121773297115,0.1355354650338653,0.03383730970330223,0.11686878421798688,0.9,0.6,1.0,16,22.90239431198534,41.6422396728588
3,12,0.3285175541736539,0.44413137756989063,0.30689008365849946,0.22845347950209854,0.2688050302631807,0.11208179434012187,0.024124376972507612,0.07946424583079822,0.9,0.6,1.0,20,17.79750915986489,42.34988641046586
3,13,0.3633469987182578,0.4707997004239684,0.3402371815194353,0.2739472945547325,0.3466764394087412,0.11706460283157338,0.03400907271847128,0.11286991713754886,0.9,0.6,1.0,21,20.13721572917508,39.06238499692208
3,14,0.3629857071942692,0.48886787387040104,0.36011078859386064,0.2790077007993845,0.23938908382471585,0.11675965050238779,0.0339462708402141,0.11290453035741017,0.9,0.6,1.0,22,20.13626727571459,39.04570896883805
3,15,0.3079095003636252,0.4247663876931696,0.3030120320486881,0.24613538279638808,0.2300874905903451,0.11160217201508175,0.025201729613327763,0.07667596380099632,0.9,0.6,1.0,25,19.398744269190832,41.46601771861265
3,16,0.29134430513713605,0.38245603910235365,0.2643139506988564,0.2294172597544609,0.26877603157839114,0.1260471023085605,0.0189548286308808,0.05737232374199275,0.9,0.6,1.0,26,15.694253955952243,29.16238277817009
3,17,0.2970617240227154,0.3791749316718857,0.2674248912949016,0.2473881897090816,0.2984812948117484,0.11037247353919691,0.027568888572505112,0.07944590841303965,0.9,0.6,1.0,27,20.756379388562447,33.70596854834351
3,18,0.2752992794070908,0.35658569588202715,0.24551293150251063,0.23521011845519696,0.17882318885410314,0.1176591770395781,0.01840987192761646,0.05753363645666737,0.9,0.6,1.0,30,17.816394033073102,35.97406841503843
3,19,0.26123354620619355,0.3111018525300051,0.2205502023949267,0.2418480042751527,0.5116120235728963,0.12282893184313252,0.01843129181213391,0.06008615627165851,0.9,0.6,1.0,31,15.398124311062656,33.98833620314138
3,20,0.25885119173335586,0.3086807030282588,0.2181514626837009,0.24239033008033162,0.17964353123848242,0.12043101863568767,0.018413894268374607,0.05989118389713809,0.9,0.6,1.0,32,16.013052156226735,31.684486828052357
3,21,0.2574765915929741,0.30907542221993745,0.2304857785603595,0.26148148877886646,0.3523737901049977,0.12764417501907377,0.01859577931479255,0.06136595953702291,0.9,0.6,1.0,33,15.53585768684631,28.28140968192908
3,22,0.2574765923975686,0.3275850741140128,0.25073693672969666,0.2709618753963234,0.18740380465348397,0.12764417501907377,0.01859577931479254,0.06136595953702293,0.9,0.6,1.0,35,15.535858073382144,28.28141115273178
3,23,0.25428349488455815,0.30462017045079554,0.2267820178092238,0.2650682570059688,0.19704053220455164,0.12602100337949615,0.01799886290068449,0.06065958958513325,0.9,0.6,1.0,36,14.952908321918695,34.44735001639017
3,24,0.3098619541151032,0.31782771701215895,0.2520556251504986,0.34238880536819283,0.475414344573596,0.12470959971466204,0.03144895036189997,0.12094761519016275,0.9,0.6,1.0,37,16.34243812293446,34.738041664211885
3,25,0.30981695444271984,0.35470184927513937,0.2924692742927636,0.36250760018226524,0.2522841928731203,0.12470959971466207,0.03144895036189996,0.12094761519016275,0.9,0.6,1.0,41,16.322415549310225,34.701701077717736
3,26,0.3663631291295214,0.3881669201954418,0.3267692625016624,0.42549866224145483,0.3190451955101093,0.12360268034739817,0.055978990218003524,0.16581728452905217,0.9,0.6,1.0,46,18.116001106909447,43.05420612544078
3,27,0.3646801608365414,0.4010394544419059,0.3435783363713829,0.43585494367298605,0.3282449825484719,0.12360268034739816,0.05597899021800349,0.16581728452905212,0.9,0.6,1.0,48,17.92024471330862,42.30063148176715
3,28,0.36280672740245357,0.39886348412764117,0.3415703690643625,0.43729247703673213,0.31162591608629797,0.12150983782283567,0.05623243742333187,0.16580443525969155,0.9,0.6,1.0,49,17.447828267707695,45.23643847440847
3,29,0.30888173107554817,0.33911031957356474,0.2850345518002755,0.38846747475103227,0.30945777973338295,0.10565392452301371,0.043700409654138725,0.13610337096337768,0.9,0.6,1.0,50,15.88883607039548,36.41903915229067
3,30,0.38845052671382324,0.39765985433517365,0.34321767942356796,0.4651221188631028,0.34541679764772104,0.19144553216903154,0.08829142464712753,0.1127272086221851,0.9,0.6,1.0,53,11.50760436752268,17.82070000523263
3,31,0.3686074810953556,0.4048059501013175,0.35928606569074073,0.476118916487566,0.366094621535048,0.1692347091893739,0.06458697718475136,0.13103542679484942,0.9,0.6,1.0,55,9.952784936981406,21.82035283073206
3,32,0.37087437397367456,0.38193878422748745,0.33822232766508137,0.46705943100321917,0.3841913275101525,0.1850478048769872,0.0863414716635497,0.10849757695079072,0.9,0.6,1.0,56,11.587292423207645,29.468759206602225
3,33,0.18743812116861636,0.22833473272172833,0.19191590558833538,0.3351969714428754,0.15488906079038425,0.11429284188621128,0.014784865034897449,0.03428425896961303,0.9,0.6,1.0,63,13.951789957936144,34.43803881256606
3,34,0.18006170787823203,0.22664314211086192,0.19865388205677606,0.34264108153524314,0.19689769725332698,0.11028126496479664,0.01444720503615056,0.03507230854771839,0.9,0.6,1.0,65,13.23338755301146,32.99267905685681
3,35,0.1800617078605808,0.24515286461365557,0.21890504022611315,0.3542705612674407,0.14299415577349286,0.11028126496479664,0.01444720503615055,0.035072308547718374,0.9,0.6,1.0,67,13.233387668339684,32.99268101140533
3,36,0.17353544701630116,0.22956848772425417,0.20798228673865193,0.3651646735159803,0.21479164685594024,0.10688502442842623,0.01420116729909358,0.0346639496082522,0.9,0.6,1.0,68,12.624624970292915,20.490056334438297
3,37,0.17057726048655222,0.16232709843726914,0.13997382137500042,0.3477219878084226,0.16318510680614243,0.1192637258992542,0.01842382544074578,0.02072474010253662,0.9,0.6,1.0,71,11.433644220251116,33.42410003992322
3,38,0.16468657986696322,0.16435866016730155,0.1490733081492656,0.3666955470939644,0.22238987211355885,0.11500492199552725,0.01836945065540229,0.02179150778673335,0.9,0.6,1.0,72,10.91071680403044,36.29030889760542
3,39,0.15896183019387083,0.15140481118613064,0.13972169642213061,0.3658273019451088,0.19088050469503798,0.11172273505636805,0.018112315750854598,0.02119713289593024,0.9,0.6,1.0,73,10.567552280950054,27.105950266987804
3,40,0.16338859954808255,0.17354094821577787,0.16399643664402663,0.3829939591774815,0.1404734173650039,0.11471718731668122,0.01947795532747271,0.02232902897208276,0.9,0.6,1.0,75,10.419609644707128,27.74798811049975
3,41,0.17081816158323435,0.17769663010261671,0.16977313304842295,0.39455376142756327,0.17180278713814312,0.10850409673684176,0.01940857491405725,0.03628121066969967,0.9,0.6,1.0,76,10.894378446167725,24.957459910836324
3,42,0.17025931119589807,0.17171652177011534,0.1664653814745765,0.40201368580400443,0.18969328656706166,0.10664173847113739,0.02079819846286731,0.03800661808213577,0.9,0.6,1.0,77,11.127957557935426,25.68531907559262
3,43,0.19139603156329357,0.24010060286625926,0.24412871909863929,0.45285341434222237,0.19159752631812046,0.13539312269398604,0.018796608623861948,0.03659996661599049,0.9,0.6,1.0,80,10.25250251752835,28.19711938563182
3,44,0.19105298454594624,0.23399010553572885,0.24082318884288495,0.4722619826062288,0.18216771542049778,0.13486211137872828,0.02129051391485304,0.03667460836142137,0.9,0.6,1.0,84,10.34721369468521,48.74986701883154
3,45,0.19145256326955576,0.2701554128413951,0.2810793256607832,0.4903288427218847,0.18137135580766436,0.13635299500617334,0.01927282728580215,0.03725037553083885,0.9,0.6,1.0,85,10.594252443510095,30.76698869200536
3,46,0.19875243331855885,0.19498592940073356,0.20301286444241862,0.4671967450050096,0.2466689027191445,0.1311568141834795,0.02266511479089916,0.04921078023710891,0.9,0.6,1.0,86,10.24018384771438,42.21737353322158
3,47,0.1969012725365667,0.1920077231059359,0.20057636050751415,0.46916060296006884,0.18802579933104235,0.13038270114162387,0.02240777154505813,0.04847481459874255,0.9,0.6,1.0,87,10.025355864404665,36.9883879580563
3,48,0.1967853873494537,0.209818167601297,0.22040843397140836,0.48939641330393246,0.1815504996288095,0.13033362096293988,0.022407697347983473,0.04853932672027767,0.9,0.6,1.0,89,10.06987493824248,37.12542023751424
3,49,0.19662533628181428,0.2095490127374532,0.22019162039019186,0.5040587823801165,0.17957230028607607,0.13020186468304476,0.02244070915055387,0.048503455035478746,0.9,0.6,1.0,91,10.113674866455652,37.29549752579968
3,50,0.19065058790567602,0.20125582471236744,0.21301151458514356,0.49844381157735107,0.19179386464725348,0.136739338380185,0.02359068335169237,0.03649500891202373,0.9,0.6,1.0,92,10.77867027313262,36.21746340073821
3,51,0.19848927251020143,0.20341086231564137,0.21788228915779312,0.5020997153260368,0.20477399935652146,0.1352100631836491,0.02194233284982429,0.04798999248613277,0.9,0.6,1.0,94,11.327107775535987,33.99496644582366
3,52,0.20513012844444423,0.20983994344851203,0.2244124262365143,0.5114897559237186,0.1903502492405847,0.12331842142969683,0.02439223903776545,0.0639109533077289,0.9,0.6,1.0,96,10.5043043547845,32.17727078005095
3,53,0.20670846205989798,0.19900314070976644,0.21946535561531075,0.518427645065151,0.2891016502588455,0.12239802953294819,0.02978717450207859,0.06579169471127641,0.9,0.6,1.0,97,11.057874551345538,37.595356893717145
3,54,0.20213391924761712,0.19014830366334845,0.21262789622147502,0.5180557780159356,0.2227817056336322,0.12083573491235426,0.028741034615483108,0.06415152147293976,0.9,0.6,1.0,98,11.1712602304065,33.945678680406864
3,55,0.1926720084407189,0.23896925353862147,0.2757857823468636,0.5893432690284556,0.20089486363901154,0.11830774592713829,0.02398141832828666,0.06299473861732054,0.9,0.6,1.0,105,10.305323166402369,40.670638334154425
3,56,0.19252791276002137,0.25668157507235245,0.29554339862683054,0.5948067992611968,0.18875978602836832,0.11835866074893286,0.02389730584118235,0.06298234935741351,0.9,0.6,1.0,106,10.322230545042531,40.67485217511042
3,57,0.19213647760336294,0.2291167488431708,0.2702534757561348,0.6015968071634697,0.2175882001100387,0.12019425008571415,0.027998816350849907,0.060129183559519725,0.9,0.6,1.0,108,10.037423877082931,36.289534616554086
3,58,0.1804071738834436,0.20650796522945083,0.2526557138902485,0.5949253214726882,0.21589598149390193,0.11727819264190573,0.02603791951798451,0.05419067599036128,0.9,0.6,1.0,110,10.126984354273494,41.08799930125328
3,59,0.18041331417267806,0.22501572482610788,0.2729086206030805,0.6085765674029107,0.17540114891551808,0.1172790534547142,0.02605040583505828,0.05418997873944564,0.9,0.6,1.0,112,10.12824001619354,41.09077532025426
3,60,0.18040573980687863,0.24347538574750785,0.293129318849623,0.6301990252886822,0.1755277610823645,0.11727905345471422,0.02605040583505827,0.05418997873944564,0.9,0.6,1.0,114,10.128693463274306,41.04889110290693
3,61,0.17794313323920266,0.2121565806361962,0.2648024465608749,0.6407691969662206,0.21300635747097807,0.11467489432549079,0.024556424633414863,0.05677751930069504,0.9,0.6,1.0,116,10.675724678067608,41.10280380531777
3,62,0.1778242894135253,0.22815591303297053,0.28363318146535216,0.6668340396726544,0.18382297767921785,0.11714063805262637,0.02459295200766043,0.054825043624496195,0.9,0.6,1.0,118,10.541931790924092,41.06484133554289
3,63,0.17782429000153185,0.24666556559180414,0.30388434029944766,0.680738699940492,0.1750074391869981,0.11714063814078295,0.02459295314435881,0.05482504352789448,0.9,0.6,1.0,120,10.541931843096725,41.06484146299577
3,64,0.17783595493799087,0.30219773768606356,0.3646448131531358,0.7194374801724169,0.1750293163990178,0.11714233891976424,0.02461530086050618,0.05482320582974183,0.9,0.6,1.0,127,10.54294546189342,41.06733399874806
3,65,0.17331561725182598,0.31500891777937734,0.37973389574741373,0.73329350372112,0.17359424009326774,0.1177059394489334,0.02512883076359248,0.04968695170818682,0.9,0.6,1.0,130,10.914382303657217,40.9829251262229
3,66,0.20497699853460297,0.3127041504146811,0.3826902389650958,0.7719750337552929,0.31853133341817885,0.12928136441796664,0.03517898375576401,0.06742776134649578,0.9,0.6,1.0,131,10.991443784053962,30.54986709468849
3,67,0.20497700311370767,0.3312136739460231,0.40294124045338825,0.7804021772834766,0.20488898646888543,0.12928136950843508,0.03517898847067523,0.06742776679083107,0.9,0.6,1.0,133,10.991445190272426,30.549866285887727
3,68,0.20487235224013367,0.4051297255185257,0.4838314739328706,0.8613701996127648,0.2047904311487171,0.12921836707434978,0.035214913288433694,0.06736111705028362,0.9,0.6,1.0,146,10.995293726737914,30.554716687586676
3,69,0.2048852233010619,0.23801278635341183,0.30128579287336216,0.653408973337143,0.20623365806397437,0.12928137076997173,0.03517370774264539,0.06742776496250011,0.9,0.6,1.0,149,10.993605262138914,30.66474637175453
4,0,0.8558136834543296,0.7505088946861782,0.4002171074793917,0.013003775907940466,0.0,0.0,0.0,0.0,0.9,0.6,1.0,1,11.629054045209,74.155787445209
4,1,0.6957517057749106,0.7482549754743825,0.44702302320975307,0.13247610941786092,0.5205582601587647,0.13729195180920015,7.831699059561e-05,0.00013137850448699,0.9,0.6,1.0,3,9.006812360425295,53.024659016718
4,2,0.6911963133850078,0.7483537351385484,0.44928421756590914,0.14049817919480675,0.16437552559917173,0.1413666715536946,0.00076834383135487,0.0017022500016605799,0.9,0.6,1.0,4,9.625467293194744,60.53883882318036
4,3,0.5610637755282701,0.6714978232635886,0.4069984147244654,0.14652990779390568,0.7005556464212839,0.15622936591722528,0.00031326796238244,0.00052551401794796,0.9,0.6,1.0,5,7.560304096724339,36.91703304714937
4,4,0.5000233135591478,0.622312713159113,0.37215189115795627,0.13687025287327262,0.24493641055868667,0.14233518911319448,0.00037579555620142,0.00063221142342464,0.9,0.6,1.0,7,7.625008577317489,20.90489639786384
4,5,0.441721416828566,0.5729715185244959,0.35233010095113004,0.17022097585804763,0.6329600028124446,0.1699583508672826,0.0007233040475444,0.0020329761774813,0.9,0.6,1.0,8,8.013079139455924,15.161468399217126
4,6,0.4133173363672774,0.542509362497597,0.33602567242557135,0.17846314217275458,0.2758432460426604,0.17597842225307322,0.0008088012847486699,0.00246141713614477,0.9,0.6,1.0,10,9.376363121651776,7.051839716963983
4,7,0.4013084013467027,0.5302102187369507,0.32474820762728046,0.17309187670082965,0.16817996512900946,0.16624430027946568,0.00070718161875696,0.0016076337121742098,0.9,0.6,1.0,11,8.586947327889437,10.689586257515098
4,8,0.4001997610797046,0.5475160379229227,0.34411739901754046,0.17986484620420554,0.15387804831077054,0.1657681293926647,0.0007297535005018399,0.0016454985489682199,0.9,0.6,1.0,13,8.620030054689419,10.265521760110042
4,9,0.39172169558374637,0.5167569212289512,0.3215105700033398,0.19403619886005763,0.32463664714754215,0.17864236459125482,0.00121954189183905,0.00292432002855911,0.9,0.6,1.0,14,12.54268965973868,9.244415899185851
4,10,0.3780618042361369,0.5018658887872277,0.3091492504529053,0.1900637230903032,0.19694981678899667,0.1703203743671111,0.0011196474418609201,0.00207986486222946,0.9,0.6,1.0,15,11.410899830143226,11.254813007507256
4,11,0.3732587757223638,0.5150787127236823,0.3250309914760445,0.20352997156955752,0.1580801136021536,0.16728995216366235,0.00129910723026743,0.0017846555234682499,0.9,0.6,1.0,18,10.755480104856996,14.475614658427226
4,12,0.33813917102314595,0.4600898137149811,0.27081644118336823,0.1775590037923204,0.13328181282805723,0.11834793141727189,0.011624946035751831,0.009618845189435881,0.9,0.6,1.0,22,11.76411944115178,14.714016424850591
4,13,0.35874122952351706,0.4784992043095732,0.2929696827104305,0.2120560835933993,0.21179173914553898,0.1511426000343848,0.00405896624729888,0.01266755231292271,0.9,0.6,1.0,23,9.927802563219272,10.47928092216951
4,14,0.33523456499454607,0.46984885475495464,0.29160645101860194,0.20530815467129745,0.22790752683393575,0.1267506318988819,0.00921236531276981,0.01861062613164215,0.9,0.6,1.0,24,10.531728594697295,13.524999769443111
4,15,0.35584818594317025,0.47077716607135955,0.2924341403245595,0.22333248335556866,0.18827517054184448,0.15918194748700865,0.01426175286957262,0.01004470109689683,0.9,0.6,1.0,25,9.040554245206328,13.84574791988075
4,16,0.2973685401855928,0.425209310802966,0.255853585672357,0.17502120522850229,0.2336853813329233,0.11187801913617416,0.00581757409544002,0.01221588203202601,0.9,0.6,1.0,26,9.377323087091348,12.611095427879308
4,17,0.31989651833350097,0.464147703912777,0.29903463534292013,0.23478518612993568,0.1513410167511368,0.13728788357579427,0.00775225112141667,0.01503835537298846,0.9,0.6,1.0,31,9.16864265468008,11.085879104798794
4,18,0.31260576400972984,0.4795367808393758,0.3329764247697534,0.26098210503597497,0.4041209805099396,0.12406353566071117,0.0201227947564781,0.03658962500321762,0.9,0.6,1.0,32,10.247699416279437,20.43336953043558
4,19,0.32531974856004164,0.5084426859416986,0.365813873740207,0.2969597566285616,0.1940342919734063,0.12403910648806978,0.026498905647056543,0.04880674722821924,0.9,0.6,1.0,34,11.460509998433798,20.21014549851261
4,20,0.3340277794209347,0.5126419396607368,0.37419840100283414,0.3247919427524652,0.20840176586851863,0.12522960817208173,0.03122353566164937,0.05984839541783769,0.9,0.6,1.0,38,8.868377331506853,17.593807507239507
4,21,0.3445975895637874,0.5781802622609192,0.44540297554369246,0.36710354255850186,0.20456889011401863,0.12603054433283917,0.03053769323662503,0.07068282491703382,0.9,0.6,1.0,41,10.178969866230812,13.97457630359303
4,22,0.3036733141196915,0.5303106237960321,0.40354794610943334,0.34744474660936314,0.20244332924429004,0.11904136273891329,0.02362873860452718,0.04869560957030915,0.9,0.6,1.0,44,9.528307428925189,15.432548952459122
4,23,0.34350865290005733,0.5500533173177439,0.4228877108104505,0.3833850366826193,0.2153398853189329,0.1259971639406866,0.02394421744194793,0.08393610266938083,0.9,0.6,1.0,50,8.975006137367934,12.816086429889255
4,24,0.34123905485787065,0.5827488413329488,0.46074980613865024,0.41617935403031436,0.23873916625371003,0.12599717633621493,0.02394422027868014,0.08393610552252675,0.9,0.6,1.0,51,9.346622239630724,12.009597129026304
4,25,0.34123903949243994,0.5642391737277127,0.4404986887700684,0.40584565173471804,0.21170135423024783,0.1259971639406866,0.02394421744194794,0.08393610266938083,0.9,0.6,1.0,52,9.346622737056247,12.009596534675376
4,26,0.3411591967525697,0.5825968756596449,0.4606570543731187,0.4277835233390017,0.2121788625572663,0.1259971639406866,0.02394421744194793,0.08393610266938083,0.9,0.6,1.0,54,9.316957460975384,12.063881921737671
4,27,0.3029078014058781,0.5093464560377875,0.3985045434793223,0.3991252699392694,0.25916666255622545,0.13858140242882477,0.015055459177452091,0.056176764350653864,0.9,0.6,1.0,57,8.436191135289144,17.941085595698507
4,28,0.286495532165659,0.4963837601117264,0.3980700688474454,0.4298880881559928,0.2110913611247639,0.13721607345436967,0.01846353708132889,0.05159084925149908,0.9,0.6,1.0,64,6.861918766612587,19.400352249328296
4,29,0.2862081675655482,0.4953511893818387,0.39755266993120375,0.437119805372714,0.1906210859964852,0.13756007722920094,0.01846437112670987,0.05157124086368805,0.9,0.6,1.0,66,6.871851026833895,19.40041635642596
4,30,0.2948645295052572,0.5183438117295333,0.4251435989278521,0.47314532938283815,0.24448818891219906,0.12696509205714238,0.030881452940366226,0.06547611838510214,0.9,0.6,1.0,67,6.745288175677468,25.37353795777436
4,31,0.29350550537844033,0.5353573881823795,0.4439915665743689,0.4841985896309109,0.19776817894583082,0.12681913308016526,0.030879948598266548,0.06435110731427104,0.9,0.6,1.0,69,6.729601541032052,25.32085095840704
4,32,0.3071797964009693,0.5477573993107553,0.4572546662015573,0.4972728672694171,0.22560614219714717,0.14107187936019758,0.03303093746098953,0.06484960236313139,0.9,0.6,1.0,70,6.9852173542287375,19.51279016247289
4,33,0.27720950762212326,0.47338290342383504,0.39786319085942357,0.4851775521716386,0.4692592385338251,0.12702883478976942,0.031205136462634793,0.06567068617907981,0.9,0.6,1.0,71,6.228395214319643,25.27178388097703
4,34,0.2694545026515908,0.5017702471746216,0.43027692878600005,0.4924203746853068,0.19441554712218215,0.13924158246369797,0.02414905742419421,0.05167648197876438,0.9,0.6,1.0,74,6.761093386129471,19.73189336163699
4,35,0.29638647351839187,0.506442956883479,0.4355156661166939,0.5174982232109973,0.23925919612090293,0.12087756267936642,0.04082954941099503,0.08730449715397104,0.9,0.6,1.0,76,8.196606911403302,18.84291761502036
4,36,0.2754695742282442,0.5407310017526982,0.47522623504447503,0.5672873309445862,0.2001255132288745,0.12153574886327932,0.038317340442821,0.06748685632059824,0.9,0.6,1.0,88,9.945251915306908,16.583231307645658
4,37,0.274564517315553,0.5577068866743571,0.49432781061708475,0.580028226209488,0.20242010114583753,0.12105605411323331,0.03826680225292553,0.06740196498646925,0.9,0.6,1.0,90,9.732908978065389,17.256331717090056
4,38,0.2679588993817613,0.5478793951206073,0.4864594848034718,0.5787137457743765,0.22620643456177542,0.12106920347724531,0.03012292545677251,0.0674804011433932,0.9,0.6,1.0,91,7.953189331535773,17.256546852074216
4,39,0.27178079464804283,0.5699384727080734,0.5104249953281581,0.5921627543814196,0.20115757045989252,0.12108784752669506,0.03684538068182597,0.06740315575933668,0.9,0.6,1.0,92,7.594391694512784,17.25553411633148
4,40,0.2757747057771845,0.6281172338010337,0.57464250811447,0.645746917510241,0.20470126235755676,0.12731290335820736,0.032310679248939836,0.06926223837015291,0.9,0.6,1.0,101,6.267127047428156,24.97255486811872
4,41,0.255378458104776,0.6427804721231166,0.5939671794871466,0.7048997696266315,0.1852626462935763,0.1286547395298662,0.03467006076118142,0.047309534159378004,0.9,0.6,1.0,115,7.323266513845198,18.13724820233961
4,42,0.2641555277093927,0.7618104244562007,0.7239267104451845,0.8084642748661917,0.19371093896392283,0.12287493764262931,0.03095917791258825,0.06394416693449974,0.9,0.6,1.0,127,9.212543304961027,16.619990906720687
4,43,0.26391032737919595,0.7426371158495181,0.7032623266594578,0.8312388783814972,0.19422863944006566,0.12287485151140126,0.030924842268378328,0.06394443455176724,0.9,0.6,1.0,131,9.2125189380165,16.605669743515865
4,44,0.2840695162335185,0.7622542912160424,0.7232036542558292,0.8769152962392345,0.21526500560084016,0.13662741180476098,0.03902765031513545,0.06715481518207736,0.9,0.6,1.0,134,6.512150530391418,17.771545206832034
4,45,0.27806321569488146,0.7731142680166897,0.7367849600345066,0.880044906861326,0.21632974631411744,0.13070745325989389,0.039351366908281074,0.06715536754934184,0.9,0.6,1.0,136,7.02776402135274,17.027039801772297
4,46,0.2780578514813568,0.8099952217338121,0.7772280380260802,0.9052671966106164,0.20910788698231597,0.1308276729378056,0.03929819667876265,0.06714393379765486,0.9,0.6,1.0,138,7.015931490225311,17.0953585258244
4,47,0.30243833847281737,0.8527505021342582,0.8218051499977845,0.951573189084735,0.23357261843347177,0.13103521958802955,0.0393942867377697,0.09135157617622032,0.9,0.6,1.0,140,7.01294595731694,14.163274778776431
4,48,0.2824839960572675,0.8310454362672021,0.8011392336403944,0.9455329305225239,0.22228298742470268,0.13520894010218618,0.034376681487102975,0.07156945212003987,0.9,0.6,1.0,142,7.17564042103413,12.042950519363703
4,49,0.28027857135148365,0.8837425632121516,0.8594310084068768,1.00817179361038,0.21299617968429754,0.12515694973611557,0.04015321278667859,0.07526888928306077,0.9,0.6,1.0,148,7.857189463273322,11.647956812271095
5,0,0.7240207898043103,0.6978378974926635,0.36805510228289495,0.009544182837241745,0.0,0.0,0.0,0.0,0.9,0.6,1.0,1,18.2253301225,73.04763845583334
5,1,0.6520407819743951,0.7268665951265977,0.43684183851482683,0.1379791757708893,0.4527145624331878,0.14551000302634495,7.079247648903e-05,0.00013321624397259,0.9,0.6,1.0,3,11.580861737827084,52.54547286376339
5,2,0.568051272521843,0.6774630822917963,0.4119730129832722,0.15186689405174447,0.34318808070862566,0.16045921841432365,0.00014509504271419002,0.00024063620672913,0.9,0.6,1.0,5,8.890776992274462,32.64310541147238
5,3,0.5413672607006254,0.6615439606599475,0.40828231412072213,0.17211206629618905,0.25913633834281297,0.17600472519392346,0.00066310000274884,0.0014248188625427699,0.9,0.6,1.0,7,11.153334379487085,25.68839913836037
5,4,0.47903621665751417,0.6094234355548164,0.3789899432702186,0.17912585575411183,0.3513796012056833,0.18264848465947758,0.00087547743221592,0.0018244675944605702,0.9,0.6,1.0,9,6.7337372719852535,15.200024663234103
5,5,0.47866699072835434,0.627787470571222,0.4000465470542092,0.1876945921579434,0.17687943122433422,0.18428817981375545,0.00117084069885452,0.00246854512463957,0.9,0.6,1.0,11,7.011393901029225,14.38110296413513
5,6,0.4772923481497607,0.6263878417161424,0.39875165727630035,0.19085169247529338,0.16934259809883237,0.1835082460677578,0.00101667796896733,0.00213237349625327,0.9,0.6,1.0,12,6.869475906891966,14.547104450460616
5,7,0.46510916744770625,0.6146882813472309,0.39094801847243543,0.1910235554640834,0.2291709598640966,0.1821274018215351,0.00084698824672692,0.0017829246240759398,0.9,0.6,1.0,13,6.215781908632318,14.947479225529865
5,8,0.47174238693462983,0.6213889202657276,0.3985233177383393,0.2070266867660948,0.18929884682397513,0.19096085211762012,0.00129173803916958,0.0025128129525344898,0.9,0.6,1.0,14,6.175036994737452,13.423397255134809
5,9,0.4811847500542246,0.6308702793733576,0.4086357079888789,0.2283416105165363,0.19646187750628305,0.1955314795337969,0.00601220200271471,0.00666894031375585,0.9,0.6,1.0,15,5.828436648089534,11.352721129947389
5,10,0.46154823550320645,0.6112400062374991,0.39450521076737854,0.21693221730384923,0.26972453528596185,0.19642150196900937,0.00193584896343156,0.00280802685211478,0.9,0.6,1.0,16,6.4352194955272335,14.433046734529045
5,11,0.4341793226601573,0.6021795480820831,0.3897550901407775,0.20330035860143134,0.1805504944534437,0.17328412160878653,0.0017836393262046502,0.00275028112793607,0.9,0.6,1.0,18,5.7610349712637134,19.63194667431341
5,12,0.45836006817626507,0.6255130817839742,0.41859099643691283,0.26821760126860195,0.2862510087037501,0.11911712181870714,0.14004667772731424,0.0060073556446706994,0.9,0.6,1.0,19,8.504037857284478,12.48013303855298
5,13,0.44869030193915105,0.6158243699814604,0.40899415371009207,0.25825758985393144,0.18927207476503838,0.10950016079962344,0.13982304515163246,0.00534378020698744,0.9,0.6,1.0,20,8.773811361549788,18.34367263462804
5,14,0.4535390264639034,0.639058414642675,0.43455673457121347,0.2799875670828812,0.2035175108130494,0.11562367086729736,0.1400114486008966,0.00595175041782728,0.9,0.6,1.0,21,8.94583154396618,14.417229137668643
5,15,1.3538555336523421,1.5349132774441498,1.3437651680975282,1.1782613997231792,1.3401896028486455,0.12685656919797078,0.01666397870784134,1.0,0.9,0.6,1.0,22,29.718256792643224,11.402236081955168
5,16,1.3350535291719228,1.5118178016787085,1.3290233050492697,1.180664997100789,1.257663148284251,0.1279828884606386,0.0122382952369655,1.0,0.9,0.6,1.0,23,23.11484681416566,11.818134506544718
5,17,0.41122505721496405,0.5864218872482067,0.40624276325855546,0.26456502265387827,0.24615669010447017,0.13844839807558745,0.00892594549869143,0.0738892617119957,0.9,0.6,1.0,24,13.839082665367611,14.175817432515084
5,18,1.3256913003096777,1.49772101279722,1.3223789381160165,1.2025787984529186,1.147134106016428,0.1334423649036198,0.01245309781657291,1.0,0.9,0.6,1.0,28,22.42699189575694,11.260672101608774
5,19,1.0643230712798863,1.2505878833242314,1.0828251573497067,0.9600983271385071,0.9713502473603502,0.1299436404415726,0.016963113870409642,0.7497928338610977,0.9,0.6,1.0,29,32.78569378200842,12.911288665863486
5,20,1.0242861493842415,1.209808922921708,1.0429983885554681,0.9154694804922443,0.853990755520337,0.13495002452231236,0.014244499828848688,0.708584476131392,0.9,0.6,1.0,30,27.399088521378207,12.932904230022194
5,21,1.3082201276188616,1.4916043209024141,1.3274522006893061,1.2160142882382734,1.170209698496152,0.12698812775772347,0.02153263217274194,1.0,0.9,0.6,1.0,31,29.51973067787271,13.043443557069963
5,22,1.3044661995482199,1.504148944657881,1.3443741091596888,1.2226504237369626,1.1706804245283484,0.13041817594813593,0.01772817808438275,1.0,0.9,0.6,1.0,32,32.18939914013561,12.968520455414833
5,23,1.1980459656968505,1.374152116129005,1.2183000112385631,1.1247179909243392,1.1226878343253057,0.1191559532385356,0.01356170175661959,0.9156956589967116,0.9,0.6,1.0,33,18.509355288048425,12.60916367758134
5,24,1.0834286729138658,1.2772172751829118,1.1239931345619847,1.0210634515366397,0.9250874571311636,0.13499370572171335,0.01317339511794749,0.7885065979882947,0.9,0.6,1.0,35,17.757754350388304,9.99359204198401
5,25,1.2604741251646354,1.4525845436110185,1.3011182754507176,1.2137080775881088,1.1261887477447456,0.1181947544524658,0.013943037371799619,0.98304571744782,0.9,0.6,1.0,36,18.778053611124232,7.295289028538227
5,26,0.6529323833836185,0.8430652224631228,0.6936249825235385,0.6024031965441179,0.5262450632091328,0.131876850123408,0.01284144423928012,0.3670767637569318,0.9,0.6,1.0,37,16.414354770311732,10.35048689901062
5,27,0.668982224144379,0.8584898974823862,0.7096797291054985,0.6225476589002841,0.5207056544363556,0.1322360137360903,0.012968970582235501,0.3837197451114207,0.9,0.6,1.0,38,16.427054079836076,9.945079549387469
5,28,0.3004463491486816,0.48822810668375805,0.3411331643387373,0.27301191450903073,0.158532314519844,0.13230345555017822,0.01169409060475064,0.0185673213943858,0.9,0.6,1.0,40,13.307074649776244,9.944672337873898
5,29,0.5092372081095815,0.722685353067227,0.5896079291277385,0.5060044820883209,0.41176395750443606,0.12313801209428771,0.01453892892282523,0.24960183789479662,0.9,0.6,1.0,44,17.177003064419214,11.085559990336307
5,30,0.5245619915250312,0.7346986749214218,0.6044886634992999,0.5282635913978111,0.411696529972,0.12067937725951383,0.014922526603326611,0.2709618381758886,0.9,0.6,1.0,46,17.2622510803528,9.60861845360244
5,31,1.37751795581923,1.642824680405084,1.5181457563427447,1.4788973527026918,1.2422419746771218,0.3267022085581333,0.07719196202072182,0.901564106986485,0.9,0.6,1.0,61,18.23091051269367,24.61245939800716
5,32,1.0054549111904145,1.2244902962827129,1.1039583948983842,1.099489517212547,0.9007631202580505,0.17498960984022432,0.1140938547204331,0.6542447026452323,0.9,0.6,1.0,67,30.391018300107504,9.248886873238192
5,33,1.0772158604513022,1.3142386120607379,1.1958647461162157,1.1750987830406485,0.9592373624706148,0.175682275666667,0.11592711680489216,0.7248295909020614,0.9,0.6,1.0,68,30.137812477365756,8.52474349235697
5,34,1.3729908032004938,1.6283992107378584,1.5118653808185742,1.4919816096794345,1.2489354431191473,0.17424442066560608,0.15264013355570494,1.0,0.9,0.6,1.0,71,38.92711422963204,9.1903980994057
5,35,0.36272619320729493,0.7199634130354979,0.6210181801493073,0.5465771696044119,0.27034632807616366,0.11781031656573929,0.09085593638110916,0.0867033161570322,0.9,0.6,1.0,76,8.314577801278926,15.274367689436238
5,36,0.8471065552970838,1.2191850283779981,1.1247180656685618,1.0502993532525804,0.757317110220754,0.1152624669151702,1.0,0.03125029795593947,0.9,0.6,1.0,78,4.755693122558124,10.29537735710988
5,37,0.8645858836476765,1.2337626609453738,1.1414263526346993,1.0939493655662902,0.772349877148051,0.1344199017077226,1.0,0.03405827367385081,0.9,0.6,1.0,80,6.353126655405197,12.753263935321364
5,38,0.3545920939294659,0.7567171062366838,0.6707977750954144,0.5991542328312995,0.2954261226353319,0.10559024406108927,0.10985516166529312,0.08756194884239837,0.9,0.6,1.0,81,10.133979759136428,22.29580121633758
5,39,0.35998017466541277,0.7363242282125404,0.6537748051917426,0.6091842559413352,0.30109710990230215,0.11687802272730367,0.10985977473834382,0.08864396213672988,0.9,0.6,1.0,83,8.362455568525977,17.3148381661476
5,40,0.8451454733379776,1.216755395279123,1.1374509930579118,1.1097758337474375,0.7750499261108039,0.12671373904359629,1.0,0.03447265518499645,0.9,0.6,1.0,85,7.196842391770095,16.882389285857695
5,41,0.4891119051100191,0.877540904333998,0.8011220380676154,0.7836921956902587,0.4033036701410059,0.12598106789933103,0.4085445029088518,0.03521938462321428,0.9,0.6,1.0,87,7.015161987226998,14.32619611554815
5,42,0.2721494265205986,0.6943885217115555,0.6236117016171201,0.5769000195479244,0.18587325055596787,0.13020796486937436,0.09756809056272711,0.00337417039983041,0.9,0.6,1.0,92,6.856800498545828,16.768269191673255
5,43,0.7274574331911382,1.1467831151778127,1.0779771454465275,1.0422291759966875,0.6529588168935746,0.12961151515755884,0.7921559664296008,0.04461449967869445,0.9,0.6,1.0,94,6.077274952092262,15.157902247799573
5,44,0.26106356237672934,0.7098009199161357,0.6493873641664366,0.6219800087988313,0.18823129703971092,0.11851408505027416,0.10587656058805364,0.004976577043589539,0.9,0.6,1.0,100,7.088608459977546,19.392734278987188
5,45,0.26603405811593844,0.7132716503906774,0.6538204749900407,0.6232160569419041,0.18630169137439004,0.12113044045469176,0.10922248799984695,0.00655661878833339,0.9,0.6,1.0,103,7.542409998159071,16.985428080548207
5,46,0.2600629569063093,0.7233429430938056,0.6672031184850227,0.6356075042847076,0.1893642450127881,0.12045698953182898,0.10552627782854843,0.00497370813782772,0.9,0.6,1.0,105,6.5705598711393,16.539960990902845
5,47,0.26728499340266604,0.670459150343609,0.6119810871783374,0.5578142123146625,0.23346123121790666,0.12350358544372635,0.11318891624806873,0.00769178435348952,0.9,0.6,1.0,106,7.158044178336892,16.78015938086109
5,48,0.27160279070831167,0.8751441877645545,0.8378409037393237,0.8879180393246002,0.19407362110765233,0.11455204861168654,0.14525972519715474,0.00276793474172634,0.9,0.6,1.0,137,6.823882028474921,11.761690187419312
6,0,0.975088445533911,0.7919169539794262,0.4255017820185074,0.015723789591245083,0.0,0.0,0.0,0.0,0.9,0.6,1.0,1,5.850135536163998,75.07754686949734
6,1,0.7812380660484914,0.7820134378077922,0.4607260525014851,0.11811157970914955,0.4710070170794646,0.11761315420171702,6.77605015674e-05,0.00010085680438130998,0.9,0.6,1.0,3,3.999931045647827,55.32995261487063
6,2,0.5509845009545924,0.6784858942408533,0.41433751061479007,0.13477769883606813,0.5743068054814727,0.13906424339775694,0.00051219323872882,0.00076236409248719,0.9,0.6,1.0,5,5.532889015812971,30.806034264793315
6,3,0.5280657780241248,0.6451993667109498,0.3879901768845036,0.14284436288922087,0.20395823547788566,0.14783330980441148,0.00032778524578394,0.0004978290380862101,0.9,0.6,1.0,7,6.770942547451845,24.320457367637857
6,4,0.5142266228774742,0.6536461131266108,0.4031625822043437,0.15254827029073326,0.17679532235527246,0.15053368347622553,0.00047260913841911994,0.0007177826207743099,0.9,0.6,1.0,9,9.074766780088158,19.204696218138974
6,5,0.5026779713217034,0.648166163122695,0.40847939499210406,0.17939357700709516,0.24605855086880862,0.1734454665603626,0.00105705582444619,0.00199474478933916,0.9,0.6,1.0,11,3.0242720372250216,4.89543557907177
6,6,0.4855976590019644,0.6315535642895926,0.3929678972243496,0.1677930536569853,0.16278113980478082,0.1584161013511773,0.00103273463218079,0.0017510465345063,0.9,0.6,1.0,12,6.708000503856885,6.747612391984988
6,7,0.5678904393701552,0.7340098328538169,0.4997841210489091,0.2744727749919721,0.2816557070169424,0.1683219069869395,0.03382101344597096,0.06383424519108737,0.9,0.6,1.0,13,4.868790779915328,227.0127941862308
6,8,0.5123629374910241,0.6792259146875645,0.4486296057872852,0.23314958072356182,0.2468248394237109,0.17111607210005927,0.0101420702098705,0.03006371885477427,0.9,0.6,1.0,14,4.8581995115286825,312.390106073331
6,9,0.5466948632412517,0.7326928390369518,0.5079287314255253,0.28080323731370566,0.30013055340496897,0.1683219069869395,0.03382101344597095,0.06383424519108735,0.9,0.6,1.0,15,6.088477962259156,232.74628111559
6,10,0.5282606548284008,0.7150464161242613,0.49911708321094417,0.2822734292521989,0.2883064882898585,0.25137209907399893,0.01173176531874376,0.00738560386888677,0.9,0.6,1.0,18,6.512836656665755,41.87482862132358
6,11,0.448555163868783,0.6535304093899174,0.44500473106340654,0.2237466767581553,0.22096242733013405,0.18453643952121065,0.00884529062644604,0.00378550678696628,0.9,0.6,1.0,20,7.411482637028627,36.349635698564136
6,12,0.43332097419489596,0.6554863418403922,0.4560799958537634,0.23519579072422073,0.23724500477812405,0.1865290154938929,0.00778462127808034,0.0050224377429850505,0.9,0.6,1.0,22,7.386203517080981,35.21629737518426
6,13,0.4331805424020257,0.6738075978785102,0.4763351890523642,0.24170552750186178,0.17943111000567333,0.18664693613859,0.00798121119198271,0.00510422038773483,0.9,0.6,1.0,24,7.78674427707481,35.8506030700031
6,14,0.4975242714784523,0.6813361295075314,0.4830935061586787,0.3191594088929418,0.3244363042534083,0.2568958981151848,0.0165024069406113,0.01126438416730711,0.9,0.6,1.0,25,5.472385039970288,42.85896908498941
6,15,0.4737141127353467,0.6562938894576621,0.461496451196652,0.3054038456616785,0.2919029926201404,0.23903040532585104,0.01564727847479025,0.01166200200111908,0.9,0.6,1.0,26,6.262325813739819,43.62564834788116
6,16,0.46749393127550354,0.6824325117708172,0.5010717993867866,0.32988343708813184,0.41187941433389264,0.2121825135653769,0.03379032340842872,0.039621635367084865,0.9,0.6,1.0,27,6.771603907417402,37.35837246096921
6,17,0.4776158278905731,0.691269426330542,0.5121816171280533,0.35379927675562217,0.27778988627602375,0.22395776745808443,0.03375463758108596,0.04371945567552803,0.9,0.6,1.0,30,5.112070033450165,43.78432120060695
6,18,0.47256376011966134,0.6840018339299045,0.5085439072974444,0.35845030485276247,0.32630959856543174,0.2278399219776463,0.03378972698182054,0.042259198448737254,0.9,0.6,1.0,31,5.456201431451386,40.68049575303115
6,19,0.47294785756108926,0.7028474140703779,0.5292066338825286,0.3683206188302634,0.26873187345526794,0.22876829506800306,0.033765813736819424,0.04196825405403878,0.9,0.6,1.0,33,5.57866846944485,40.16912364538489
6,20,0.462520646901173,0.6862540923971979,0.5213900303092517,0.37305968892314445,0.4160321306264143,0.2262604566445008,0.03662096063250902,0.04845903758626264,0.9,0.6,1.0,34,6.695502751671467,38.91149537049365
6,21,0.46295130422628755,0.7036519596329714,0.5425104712425262,0.3863068794616861,0.29406645934055187,0.2239575430523035,0.03930871241113867,0.052895147129127774,0.9,0.6,1.0,36,6.956546386405838,38.58299672295225
6,22,0.4819155320578512,0.7209172212326541,0.5619604926191987,0.41541973404555943,0.3368716062470859,0.23421263215392232,0.0410374798365073,0.06550441928647352,0.9,0.6,1.0,37,21.2425364925178,58.397907592356944
6,23,0.48868810916657573,0.7222720565923445,0.5702375347103051,0.44331217385024213,0.3789385710048493,0.27311551696281583,0.047153084577452584,0.045954876174591756,0.9,0.6,1.0,39,4.261724330621054,40.52797586320116
6,24,0.4843410919762807,0.7135734146413943,0.5660970894585169,0.44891965227539704,0.3964088255348065,0.2651856489463818,0.04613472267391746,0.056710352015362966,0.9,0.6,1.0,40,4.366113670679653,41.06600828220684
6,25,0.4728531699110437,0.714168717626083,0.5742382958127917,0.46507996329833445,0.4079393936402315,0.2731155169628159,0.047153084577452584,0.045954876174591756,0.9,0.6,1.0,41,5.270696257627256,40.94068452432809
6,26,0.4153859481713692,0.6440788933552968,0.5155768581658235,0.45393619912468547,0.3057345446023612,0.21179721235255278,0.05582128898784883,0.05520095306470883,0.9,0.6,1.0,48,7.836395892166689,33.96566820863901
6,27,0.4141838270621412,0.6788721866850256,0.5547199498977179,0.45041643520839336,0.28395857166628014,0.2117972123525529,0.05582128898784906,0.05520095306470889,0.9,0.6,1.0,51,8.12337130592517,34.00967901814008
6,28,0.4138132496340169,0.6781858699415163,0.554300857527691,0.4750264067189548,0.2836262481958326,0.21179721235255275,0.05582128898784881,0.055200953064708846,0.9,0.6,1.0,52,8.560408902704836,34.092145817571286
6,29,0.3803851454019005,0.6584048013945677,0.5403059287981742,0.4727469426575954,0.3168392698139867,0.20484151682186674,0.0346645947197346,0.04625190617087217,0.9,0.6,1.0,53,7.73226427868249,42.49279020304325
6,30,0.4046380392104873,0.6770788484635435,0.5635137869787421,0.5173585013059339,0.3559816209331438,0.22037258576817298,0.04017785146485111,0.05928383846878634,0.9,0.6,1.0,54,5.010760746086782,34.33604947656927
6,31,0.39310496174412535,0.675282475317776,0.5701384008281585,0.5244074695422466,0.3321454550165508,0.21629768984538866,0.04029281045644146,0.05973049129885879,0.9,0.6,1.0,56,5.572536941887712,34.0574946101713
6,32,0.3698720883663762,0.626753279475987,0.5248646367606882,0.49878375132357383,0.3018061704397728,0.20327127017122437,0.03944996927551858,0.054773423130568766,0.9,0.6,1.0,58,6.226369440818816,39.88008322053392
6,33,0.374149875898252,0.6297744571662524,0.5288526118380049,0.5229428755865974,0.2836749260469657,0.20108446992192194,0.04134839112943601,0.06110662351778308,0.9,0.6,1.0,59,5.331931836006713,33.91533514021293
6,34,0.35578331052369666,0.6225069961511943,0.5285107341203286,0.513628312153958,0.3371423962780365,0.19821767326211073,0.03807429565862931,0.05318757057826062,0.9,0.6,1.0,60,6.2853186667982985,34.25312815439984
6,35,0.3786068497801425,0.6406940718130566,0.5499016517169432,0.5511222363963854,0.33281353298241173,0.21501373439218777,0.04174313331210096,0.06228520502892047,0.9,0.6,1.0,61,7.509186317648222,33.92217665156021
6,36,0.37779202321916877,0.6572861321465872,0.5689819395115735,0.5393827468182502,0.28483426409488116,0.21501373440611274,0.04174313331473871,0.062285205030414494,0.9,0.6,1.0,64,8.27844334171712,34.58149873674832
6,37,0.37706592691449425,0.6555774011596616,0.5679385034921328,0.5392658591526841,0.286206423078315,0.21501373440611266,0.041743133314738716,0.062285205030414535,0.9,0.6,1.0,66,7.817695629401092,34.18434108961271
6,38,0.4185681207773221,0.7680573415328908,0.6894498273755456,0.6654261962658383,0.3269813152061646,0.17975091760324358,0.15857121992801634,0.0676702773045558,0.9,0.6,1.0,80,50.64063172802709,43.11683871460559
6,39,0.3997476157491201,0.7490659294849605,0.6705725952667988,0.6386061872144574,0.3077340860921698,0.1793589284043162,0.1272044235258705,0.06814511260218212,0.9,0.6,1.0,81,57.06195094106352,43.1135108317307
6,40,0.4173740993674393,0.7836898999755493,0.7079441430962042,0.6652293950202592,0.34079365500726444,0.17975091760324358,0.15857121992801412,0.0676702773045558,0.9,0.6,1.0,82,51.31362354674415,43.24550721750935
6,41,0.9130679148263601,1.266621883136877,1.1992095023364768,1.2048127479809903,0.8966240128152083,0.17480228845559187,1.0,0.07160068487554015,0.9,0.6,1.0,84,6.652501373662605,45.17136856399018
6,42,0.3565675831427948,0.7249537131731838,0.6615999970397073,0.6708080873780702,0.28398189921407163,0.1773147413439283,0.09041320108631168,0.06086449634152785,0.9,0.6,1.0,88,11.555858855368296,43.47546998510099
6,43,1.8329627338292607,2.1977514416410133,2.1366453682268167,2.1531260177278275,1.7894053984984455,0.17029535180319547,1.0,1.0,0.9,0.6,1.0,89,7.840076149996166,42.800844129225794
6,44,1.8319724292016064,2.1772337779703363,2.115019854172571,2.1402331270342168,1.7631343163933997,0.16987259534106838,1.0,1.0,0.9,0.6,1.0,90,7.329627917387386,45.08239947190481
6,45,1.832145613363232,2.2140720114364254,2.155559793531994,2.1779971019145155,1.7567633242436285,0.17029535180319547,1.0,1.0,0.9,0.6,1.0,91,7.88248831715819,42.91998941333611
6,46,0.4181333067105849,0.929537559497581,0.8832715854580626,0.9097871741412769,0.33933418854762243,0.16860866734538738,0.16223198542584044,0.09021993343148585,0.9,0.6,1.0,124,3.486830585510305,39.15851827238313
6,47,0.41758503984603856,0.9468556528756206,0.9027304412085373,0.9186709838892679,0.34559916180747946,0.16900092966767455,0.16095197024166158,0.09046858652805424,0.9,0.6,1.0,125,3.508265493420383,39.19687933629729
6,48,0.42946771720222676,0.9586543378289942,0.9145811287471617,0.9349513941122283,0.3519141077324957,0.16698985069173597,0.175261437912215,0.0956252242615005,0.9,0.6,1.0,126,3.45481460146844,38.680698130653376
6,49,0.4294470012290274,0.9771082794441983,0.9347982667429882,0.9484246070288642,0.3512484037245555,0.16698985069173597,0.17526143791221496,0.0956252242615005,0.9,0.6,1.0,128,3.437202635890383,38.68522052495824
6,50,0.48401021084096085,0.9937279983221127,0.948507072615683,0.885497586740955,0.41543789831529265,0.16445212911191476,0.2742262033241278,0.09363856331613915,0.9,0.6,1.0,129,3.547030306355623,39.17122807873711
6,51,0.4180163214568084,0.9457601845104955,0.9025794450207574,0.9416264344887284,0.34530327870984256,0.1710140213596607,0.14810971257592268,0.09769245276255306,0.9,0.6,1.0,130,3.609738777574663,38.79074450463452
6,52,0.41829746055266853,0.9644625399098257,0.9230778635453725,0.9511704046627447,0.3416875153080132,0.1711400368799701,0.14824221316735225,0.09783247085954933,0.9,0.6,1.0,131,3.6119226682437215,38.75600573369564
6,53,0.41829746205474017,0.9644625414209327,0.9230778650564795,0.955560485501179,0.34080396292978377,0.17114003727845323,0.1482422137941306,0.0978324716359543,0.9,0.6,1.0,132,3.611922667249429,38.75600609116717
6,54,0.4174444854667585,0.9627267146643513,0.9218862667309587,0.9595201489069757,0.3492659794922235,0.17084410856331197,0.14878093703003306,0.0974373051460958,0.9,0.6,1.0,133,3.5900357280271686,38.74672981595679
6,55,0.42433639692573144,1.0065168207065833,0.969233910598611,1.04645162737344,0.3475141971843754,0.1754249557161327,0.14680421840263874,0.10146293759227862,0.9,0.6,1.0,147,4.235940152757086,43.50188083498665
6,56,0.4132505025238904,1.0125977169934723,0.9778813699981583,1.0404237924972983,0.3504654330515896,0.16821624701554397,0.15261732640307216,0.09415276961299471,0.9,0.6,1.0,148,5.394776443499391,39.5854280351389
6,57,0.41991800789758255,1.016944759110697,0.9836468067575282,1.0578711110121115,0.36805070944530843,0.173950112265947,0.14166686146619162,0.10355259818762279,0.9,0.6,1.0,149,4.341074754526948,38.307001303532765
6,58,0.4593566811376011,1.202600340625416,1.1843656546643473,1.2437657760330252,0.3864625824015294,0.17735722271320262,0.1927734587326615,0.1103054494651006,0.9,0.6,1.0,170,3.874738742854673,36.96801562635223
6,59,0.5494609565792659,1.3664117093699297,1.3553436924635645,1.446890480098583,0.4760146141602457,0.17686766369355628,0.3560756251650829,0.10305309875379542,0.9,0.6,1.0,194,3.924906213853143,40.39856993697328
6,60,0.4597629760594972,1.3867487720328122,1.3867487720328122,1.375338386470069,0.39176060530311735,0.1769727107655804,0.18990417366733583,0.11353082814338848,0.9,0.6,1.0,196,3.5850618555513494,36.8199085641664
7,0,0.6853609497286501,0.6806640213345649,0.3575684685660661,0.008416112357754125,0.0,0.0,0.0,0.0,0.9,0.6,1.0,1,21.297518305936,80.50043683926934
7,1,0.6142365118255655,0.7056485696740185,0.42579363714842966,0.1411637862154623,0.48578460222502096,0.1509288223674192,6.942319749216e-05,0.00015723991313778,0.9,0.6,1.0,3,14.678243715918647,58.74968442184214
7,2,0.5426281553480726,0.6807365559242256,0.42842394350677476,0.16542978454335103,0.36756556330939955,0.17547993425961622,0.00032904906652328,0.00074527893423567,0.9,0.6,1.0,5,9.809835077502733,40.382996407025615
7,3,0.48021305774383255,0.6098419238154607,0.3760519261495953,0.17554102262058421,0.2677999459831586,0.1739694794454394,0.00067803336805002,0.0015523322007915,0.9,0.6,1.0,8,6.979980632764435,16.628987161412393
7,4,0.47973879623231414,0.627994906263861,0.39640352996399064,0.18296150765778363,0.163047048135452,0.17463877593767557,0.00075229184631413,0.0017228225958313501,0.9,0.6,1.0,10,6.506216078647876,15.403491051520872
7,5,0.4846735292875412,0.6336838253912879,0.4056150524163055,0.214848996567587,0.18833108312780375,0.1834091845558406,0.0012673001311486,0.00825618165843999,0.9,0.6,1.0,14,6.497626327291764,14.025085547712846
7,6,0.4796792003326277,0.6106315582442056,0.38395549248191285,0.21706162460839543,0.22830407004508407,0.1554362262061977,0.009668856358298141,0.03189768908917387,0.9,0.6,1.0,15,8.612669629613462,42.02842660081646
7,7,0.44782717864716803,0.5975223022981866,0.38072671245724377,0.21327507981455474,0.23270566734323783,0.14957568001947336,0.00941454573633645,0.02660815811839044,0.9,0.6,1.0,17,9.310940048638718,36.7920028961269
7,8,0.47711126137003096,0.6452248547820696,0.4315500476209766,0.2573433598732433,0.2107622102030764,0.18527354848852645,0.00926035906544273,0.02730764605925229,0.9,0.6,1.0,19,10.134922940699871,36.39526227229376
7,9,0.4343461362297746,0.6390652316289507,0.4325254189998653,0.24134271414093314,0.18057902656448735,0.17458111957475508,0.0017048785287299,0.007664149536509091,0.9,0.6,1.0,23,5.334007199604897,15.124714498290558
7,10,0.4309158224511946,0.6354399926656761,0.4301280348850434,0.24395680242111292,0.18520413374579547,0.17494310117190093,0.00159971728640076,0.006929609247981421,0.9,0.6,1.0,24,5.700447212816634,19.576569785466912
7,11,0.4304740090248752,0.6348805560023034,0.43023428839844813,0.24828698700193313,0.17725588746025323,0.1785610860208642,0.0017339922718929799,0.00474299952079368,0.9,0.6,1.0,25,5.479228437122802,16.049978932991852
7,12,0.4229490578237999,0.6267919618455092,0.4248982070099705,0.24680866964176393,0.21005560217940367,0.17431620781213003,0.0024613855183093997,0.00710742226215279,0.9,0.6,1.0,26,5.701975865470038,15.877158086940344
7,13,0.4532075098108437,0.656040990325071,0.45790429524556314,0.2916505778115915,0.26508264248838603,0.1969580288295401,0.00814452006315179,0.022217753695229152,0.9,0.6,1.0,27,8.84058987553124,22.077637060645458
7,14,0.473347327275109,0.6366194001221328,0.4423547981377227,0.32674986504890163,0.3008167714902929,0.1257954445326803,0.03841363469601794,0.10458985116732895,0.9,0.6,1.0,29,9.907225845050013,33.32815067566629
7,15,0.3928280100616669,0.5902414090704788,0.40529500912562066,0.29693696017775406,0.20359617868142793,0.1576460827059057,0.00706098836382595,0.02632428174371102,0.9,0.6,1.0,32,8.012844168047868,37.5578659918078
7,16,0.3390302759750175,0.5518647013163622,0.3741573820905305,0.25626182600065406,0.17413794993281317,0.13285490959639512,0.0042887771791074395,0.00753222394977091,0.9,0.6,1.0,34,6.970049394538907,44.718994236278526
7,17,0.3369724063856113,0.5495857743263249,0.37224615670268923,0.2583133487478749,0.13430633775606696,0.12922630451574563,0.00496242805668534,0.00905931322399945,0.9,0.6,1.0,35,6.325566907345905,44.43870612499936
7,18,0.33645754269184847,0.567392882146082,0.3920999000860927,0.27211976986277253,0.1308838264424587,0.12987662597820676,0.004854300596681739,0.00861968943215235,0.9,0.6,1.0,37,6.499548552602202,44.43561135551456
7,19,0.3412791850367353,0.5532511985823448,0.3769475694175688,0.2747950355627374,0.14057442800248665,0.13321260782788877,0.00575179808421971,0.0113239789944442,0.9,0.6,1.0,39,8.521565269637547,50.59462566654096
7,20,0.33259743259048263,0.5438145643363269,0.3687018731283331,0.2817536261595038,0.147553194713909,0.13145064492478659,0.00430233115260172,0.0074012787693487694,0.9,0.6,1.0,40,7.466913749898263,44.33609526872565
7,21,0.6258372249311509,0.8526580378775306,0.683597666574717,0.5723407560486811,0.4645659491974784,0.17102239812147402,0.1079548378357618,0.211000183150471,0.9,0.6,1.0,42,9.70741788075246,42.61224803984897
7,22,0.38577388914181704,0.6302831243512229,0.46411808278413647,0.36905009320414645,0.19644392958526433,0.15177502419088737,0.05129494451939157,0.024397355736666147,0.9,0.6,1.0,46,12.642673340306372,34.885635919790616
7,23,0.6881358268163826,0.9506867519028841,0.7869214838885735,0.6654043784488205,0.5007266712779774,0.1789959309522445,0.09851577547531638,0.27515053067303663,0.9,0.6,1.0,48,10.129705371800874,43.3058015977422
7,24,0.4165886676045021,0.6935095197882288,0.5368852260211592,0.4277363861561888,0.27727415383054127,0.15088819606794512,0.066251724557323,0.05798602604833876,0.9,0.6,1.0,50,14.154462988415212,34.60736276275608
7,25,0.3357710047826047,0.5911431062302118,0.43646389069131597,0.3598908153812619,0.21903175671524752,0.12388170447321285,0.049899591820152064,0.01771430952133293,0.9,0.6,1.0,51,8.530637832448672,26.46213094213231
7,26,0.35565630679242105,0.6050386733563705,0.4570032353425018,0.3892290071479088,0.2974290325009777,0.14983816679510242,0.05134469795753721,0.02444431125827816,0.9,0.6,1.0,52,9.487865566997248,21.26078602284846
7,27,0.34059799403601315,0.6011827828240601,0.4622827365206691,0.3961865999443897,0.30623516454959326,0.1391420991058875,0.04505100749488289,0.034470387904814444,0.9,0.6,1.0,53,8.720600916704296,23.103893292912755
7,28,0.38345075258264943,0.6607958941632601,0.5254137415535083,0.4527105664069369,0.2622134136937494,0.15254589374877608,0.06625781120609793,0.05534837924482779,0.9,0.6,1.0,54,8.479999978708612,21.59475473780193
7,29,0.38746825891365966,0.6586321732464593,0.5288352303766066,0.47132111187133735,0.28908752222509654,0.16173912066263088,0.06670776115920671,0.05898494529046674,0.9,0.6,1.0,56,10.424562869709444,20.817177985349915
7,30,0.3872313543246767,0.6371414837007358,0.5080321009318616,0.46601489212943703,0.2871284443825002,0.20169681541954276,0.04893132181260349,0.03694598502477056,0.9,0.6,1.0,57,10.719342648361735,18.270188708261827
7,31,0.36202204137266353,0.6108822034738269,0.48268733319658624,0.4491093702434969,0.23131735877469167,0.17956664994665192,0.05091146925492834,0.031764493669188085,0.9,0.6,1.0,59,9.597249165417145,19.08895246839629
7,32,0.37122784809120396,0.6195317674533953,0.4918182002498114,0.46249370377383936,0.24159305362023448,0.18642376153919057,0.05005754292986257,0.03599108923601203,0.9,0.6,1.0,60,10.086472391085044,18.70576053619652
7,33,0.3152728745742564,0.561424938235664,0.4358716606406861,0.4504145983222978,0.18653078770264542,0.12623893496783412,0.05217569763891731,0.036327720551973156,0.9,0.6,1.0,67,8.52054809741787,19.029320055226243
7,34,0.2982589173092297,0.5498415236785773,0.4363463128745312,0.45718697179546086,0.2590582572795159,0.12353800594351948,0.05193344092856467,0.03530563611452741,0.9,0.6,1.0,69,9.105982914272236,19.056158441733466
7,35,0.3784594500989395,0.6357478967789251,0.53357081937489,0.5597068973567975,0.34561814786273376,0.1838664694809858,0.0600151244540668,0.06815251188214484,0.9,0.6,1.0,71,12.594153534203722,19.291304565543527
7,36,0.31348631594402404,0.5707043722295364,0.4685714794269031,0.5097916097109066,0.2051876758652013,0.12279978210260017,0.06960480591958741,0.05242866530456904,0.9,0.6,1.0,74,10.986208814984115,22.626581918272556
7,37,0.3687934390402842,0.6281330178464817,0.5392007820193204,0.5885879074932495,0.4582959091567182,0.18674987637061857,0.06044732751075288,0.06871649265411146,0.9,0.6,1.0,75,9.46493392389882,13.196070735420768
7,38,0.37702333196157056,0.6329106180103805,0.5462989556175435,0.5978335363364466,0.32608069727019934,0.2105904533567381,0.055353033243397944,0.06105380836448887,0.9,0.6,1.0,78,8.455751193344822,18.63180300136434
7,39,0.3745617676838277,0.6488632857143433,0.5640566617402064,0.6155950482214936,0.2828054843112637,0.2098584375574871,0.05536850702497342,0.05930946026441782,0.9,0.6,1.0,80,8.572083138855207,18.394206423656573
7,40,0.3816474696851316,0.6739464995474,0.5912236538268312,0.6433616904809498,0.29076256092520014,0.21178803255417153,0.05588236994192267,0.06471686506626645,0.9,0.6,1.0,83,8.246814399265908,18.71133562116884
7,41,0.37570983140199127,0.7040419691192253,0.6254575524302456,0.6674509439897524,0.2858475439527775,0.21055474339345498,0.05627957656650371,0.06034826140298834,0.9,0.6,1.0,88,8.550491086436343,17.805785316375655
7,42,0.37202176876375914,0.7184566502663656,0.6418826295194074,0.6807930076558426,0.28182960529357354,0.21037077504559823,0.05596080287541205,0.057300538432959534,0.9,0.6,1.0,90,8.745141023521523,17.663135582647758
7,43,0.3730371714099746,0.6620057684781248,0.5814834173045671,0.6753336294379857,0.2857505938775838,0.22108959891914895,0.05356835126260014,0.05144458669356532,0.9,0.6,1.0,93,7.657178345239027,16.73109335425954
7,44,0.3525915138683311,0.6409638325973018,0.5743681995439184,0.6782570739517113,0.5115192360826696,0.19480503723781314,0.059204961130337574,0.06346134618855506,0.9,0.6,1.0,94,9.241903144006844,19.56873156416888
7,45,0.26899831740909896,0.5369377971600989,0.48266523601473066,0.598289853171648,0.20254280063029437,0.16870689957470886,0.05556133633565659,0.0167576962730892,0.9,0.6,1.0,96,7.739930762783802,10.118266498039588
7,46,0.35292810034300587,0.6789698240608688,0.6154549840146752,0.6994188742947327,0.2788079376302121,0.1947610973364322,0.05920227380589157,0.06345618661869497,0.9,0.6,1.0,98,8.683232019712188,19.52882474217913
7,47,0.30980546711200874,0.5846797497909639,0.5262958053972643,0.6554852224003934,0.2395147571113896,0.19965596157049592,0.05214381019813976,0.028137181030551288,0.9,0.6,1.0,100,9.146102674610892,8.648108702176861
7,48,0.37130940710256616,0.6939317882111014,0.6325333636758842,0.7407698444784223,0.30508858871308053,0.21280279400260804,0.0591771910707656,0.0676309207319562,0.9,0.6,1.0,102,7.907292627770542,15.988300960615083
7,49,0.3462267059372018,0.695386184759936,0.6438215432593049,0.759432792967705,0.2994411640542952,0.20545558418261656,0.05119160752575945,0.05977983094527785,0.9,0.6,1.0,105,7.839241897982935,20.01900007673527
7,50,0.34774197772559573,0.6727253094279603,0.6227849527058155,0.7701331017927358,0.3059078287684889,0.2110763490535901,0.05390465296622088,0.05758615239151384,0.9,0.6,1.0,106,8.161434340313141,20.806417937868492
7,51,0.3816792801316775,0.6867424495944283,0.6483017450425751,0.8541226280858194,0.3344159442458331,0.21755720375923396,0.06361411540973987,0.0894780720955275,0.9,0.6,1.0,120,8.610248437371272,11.195192868411732
7,52,0.3820923467472139,0.7065790511346728,0.669363171065397,0.8766526280588384,0.32447445368026684,0.21755720375923396,0.06361411540973987,0.0894780720955275,0.9,0.6,1.0,122,8.361562441383416,11.16395834782545
7,53,0.38743934677376035,0.7600709528055902,0.7322314478374943,0.9256839695271727,0.3376942096594361,0.23781287040965937,0.06732712652279166,0.07764615765916841,0.9,0.6,1.0,128,7.92004388612272,12.541117214177204
7,54,0.3876331726948304,0.7417198587754205,0.7121586184769967,0.9237187590597559,0.33261111635501767,0.23788446780761555,0.0673376226119679,0.07778460666254931,0.9,0.6,1.0,129,7.912285195519331,12.509878646177413
7,55,0.41050717438627804,1.0174024561183561,1.0035975819085494,1.2668504682473998,0.34986593515480613,0.23606754400354488,0.07272446863052835,0.09356774870041372,0.9,0.6,1.0,182,8.1765021250956,16.935510290901473
7,56,0.41050726193606635,1.0359122943244532,1.0238489547082201,1.293622184827807,0.34966345547842553,0.23606755580344768,0.07272466352666627,0.09356766623740333,0.9,0.6,1.0,187,8.176502169076377,16.936000212830812
7,57,0.3882777411303089,0.9941491638432023,0.9809290759217473,1.2760212436763267,0.3378570620314437,0.2148347983932451,0.07421050108876445,0.09003394361524711,0.9,0.6,1.0,188,8.265940384080922,17.312428437068412
7,58,0.4095820064859057,1.0490944498023484,1.0412787341836816,1.3198031717446002,0.38400899442166747,0.2354188532046604,0.07455824819538055,0.09415997726469824,0.9,0.6,1.0,189,8.192031220334346,16.91942227877154
8,0,0.9307532021516927,0.7771193436326506,0.41646603523642295,0.014751640304616077,0.0,0.0,0.0,0.0,0.9,0.6,1.0,1,8.847191870224997,72.18961903689167
8,1,0.7993342887018989,0.8127547407454735,0.495835435622826,0.15933420684466795,0.5016922851574384,0.16418353037259006,7.059034482758e-05,0.00014501282020574,0.9,0.6,1.0,3,5.776172613505169,51.69887511444086
8,2,0.6249205120128033,0.7452130775070228,0.4747584466956752,0.1863804991192651,0.5385398472990995,0.19472802728224053,0.0005665532376882999,0.00116386289080382,0.9,0.6,1.0,5,4.925507939097502,26.74029181199421
8,3,1.2802422214218567,1.3909517958952238,1.1267240146707698,0.8765188412346306,0.9258834932388549,0.09906620900646176,0.00441171665267796,0.7696648727935569,0.9,0.6,1.0,7,4.493949362377395,81.45321796724829
8,4,0.5201562144471976,0.6431218142427599,0.3940353652807645,0.16588665702212124,0.3974679412564524,0.16155741118338726,0.0025949723325511,0.00556891286094376,0.9,0.6,1.0,8,4.435817963735976,89.00617646391981
8,5,1.202602591530391,1.3305571338002598,1.0915331169048872,0.8813314462574373,1.0285814681386614,0.10291419578785854,0.00473638613935157,0.7703403628624423,0.9,0.6,1.0,9,4.604420789176709,90.76193766707752
8,6,0.6736500146764062,0.8024698760241262,0.565876731766295,0.36145004907626826,0.3833511953069489,0.11268711903496324,0.0023562516913201497,0.2411284952848002,0.9,0.6,1.0,10,4.405882504835377,17.3874406706133
8,7,0.9355251510775859,1.0840750531656305,0.8536998469664931,0.6524400385490061,0.6909217536773703,0.10953596134749563,0.00276474988117047,0.5183114750779996,0.9,0.6,1.0,11,4.319299493485706,10.078087071729824
8,8,0.9386205320383261,1.0875713823767899,0.859164317086498,0.6635729752544842,0.6589319859662339,0.10440400818626328,0.00265070738857533,0.5315495833500753,0.9,0.6,1.0,12,4.414280999850021,10.193017122595707
8,9,1.635910918764437,1.7855207633258248,1.5620509423872342,1.376288558631456,1.4176481570682102,0.32175806862570816,0.08025084463633556,1.0,0.9,0.6,1.0,13,6.188767972359083,16.284871870063444
8,10,1.5815719247036912,1.7313222823285594,1.510734578613132,1.331916005763833,1.3375074658130406,0.289353511644583,0.05086316301185377,1.0,0.9,0.6,1.0,14,5.052181641799001,11.4395830414828
8,11,0.46516640708334983,0.5965630950640328,0.3754648445853939,0.21206309745030624,0.18478624048192133,0.19506417599469214,0.00107634159141522,0.00164425310996291,0.9,0.6,1.0,17,5.614286304741126,28.18565173043149
8,12,0.4602942946235226,0.5916440548988934,0.37132515233099506,0.21153863722330368,0.18729336038037883,0.19199580208315056,0.00100807645379757,0.00152946571634929,0.9,0.6,1.0,18,5.487778887172891,24.965225411702903
8,13,0.45561971173351246,0.6052318686477861,0.3897069211767851,0.2191674153064609,0.22656606560910775,0.1950641759946921,0.00107634159141522,0.00164425310996292,0.9,0.6,1.0,19,4.857486659945105,29.149137843191927
8,14,0.4678661672738947,0.6165991619865748,0.4074907327104707,0.25676453553144524,0.30949602198977605,0.21665955917936047,0.00442594485623474,0.00804474355715724,0.9,0.6,1.0,20,7.412035786077344,19.527805733851483
8,15,0.3976439544526072,0.5812219293433595,0.3836768892389311,0.22071762569297954,0.18019222911730984,0.16537616478871636,0.00236500411589675,0.00379187009675567,0.9,0.6,1.0,25,5.116050508351006,5.360056979898231
8,16,0.41250022175131723,0.5749086391308149,0.3823296280931345,0.25202877358880804,0.29197796782512714,0.19679195026064197,0.00257528558997358,0.004814123796308261,0.9,0.6,1.0,26,5.24240949462327,15.463213691505135
8,17,0.495173764495348,0.6902956911135826,0.5095155417708503,0.3971904997898237,0.35048734973210277,0.15812267929887744,0.053883987525645514,0.10855559011781532,0.9,0.6,1.0,28,7.3562151006448415,35.352773643025124
8,18,0.48578498179705587,0.6486059791952955,0.4851995884557908,0.4134070165508862,0.6185886076396266,0.17517401001117852,0.0555194193323852,0.11813991462286108,0.9,0.6,1.0,29,7.633262117380551,27.880883973192383
8,19,0.5422721350188205,0.685398877742885,0.5215833488554912,0.439549511213432,0.38907498581754507,0.16162220931109353,0.07571943049187548,0.1769409187133045,0.9,0.6,1.0,30,8.376385600389497,28.58695555984997
8,20,0.4825927884221919,0.6622451829068849,0.5024768070387399,0.42943098607557684,0.3182401842184484,0.17517401001117852,0.055519419332385155,0.11813991462286103,0.9,0.6,1.0,31,8.481014722853741,26.341083744148808
8,21,0.758402514954304,0.8974369500604796,0.7381580829564196,0.6680749476777804,0.6557883749267231,0.18264902850809497,0.1367112409635076,0.34511077088758635,0.9,0.6,1.0,32,10.108201021705732,33.171160265755155
8,22,0.27070173679445586,0.44081387930250393,0.2911517107962883,0.2861116756725804,0.12355771966581827,0.11954532237560184,0.00458730363684843,0.00328833447716226,0.9,0.6,1.0,42,8.705089296636544,4.7210286149518135
8,23,0.28001647135768226,0.4681229994061044,0.3207078281070238,0.3072091362310573,0.12779414035235365,0.13038089155038513,0.004805790244309461,0.00350305158009541,0.9,0.6,1.0,44,8.874690343914228,4.488185294018888
8,24,0.32545265269937146,0.4824443556299746,0.3449511703117412,0.3737914069836957,0.37519510276214063,0.13938201323649252,0.01143516073429707,0.054209340869920485,0.9,0.6,1.0,45,8.97113044460126,12.500250450697848
8,25,0.313533800189719,0.4704787823312797,0.333030557686817,0.365309838355681,0.17544914550087623,0.12635316337655578,0.0111333553168439,0.05426647277649112,0.9,0.6,1.0,46,8.285914891366385,23.041919124892217
8,26,0.31039013463897003,0.4995701171558868,0.3696921286456671,0.37269009203605136,0.2432907591957984,0.1554879751287867,0.01389272817079576,0.02895824161102133,0.9,0.6,1.0,47,9.276854525024357,17.394043513802178
8,27,1.107596171399593,1.293481347208057,1.1663367921374816,1.1837043435873367,1.0223923339095033,0.21008192823065502,1.0,0.18909046956407607,0.9,0.6,1.0,48,22.58509624070865,19.77016472332641
8,28,1.1075961711089921,1.2934813477716227,1.1663367927010475,1.1837043441478867,0.9781646606529097,0.21008192856231406,1.0,0.18909046982914884,0.9,0.6,1.0,49,22.585095901868662,19.77016491492792
8,29,1.094706105343166,1.2954729736218413,1.1730671674722855,1.1858349113090196,1.0187460347011472,0.20390363963935096,1.0,0.1858305250859032,0.9,0.6,1.0,50,25.392010426564223,19.8510134326412
8,30,0.3256413216289153,0.5261703484490249,0.4039751776386696,0.4266940219630088,0.20095496963524118,0.15972554519202828,0.028686586395847508,0.039617237079070486,0.9,0.6,1.0,60,9.174601358608223,7.1351186846006165
8,31,0.3257975696234603,0.5190750827835298,0.402604040158712,0.4415922288180172,0.3019161975970289,0.16585175793623905,0.02813150447186859,0.04204202306577362,0.9,0.6,1.0,61,9.01352611346889,5.0911773987694895
8,32,0.32938103221039455,0.5084099483714499,0.4024816529883872,0.45853026166462757,0.31055251049943255,0.16968880557847582,0.03041876841391226,0.05362694781163067,0.9,0.6,1.0,63,8.798644784325313,4.761962126523092
8,33,0.30399726069687394,0.49909852289443457,0.39644614307228154,0.4571049791132633,0.22182238415638939,0.1546052213004432,0.027815441248203086,0.04488383577661234,0.9,0.6,1.0,64,8.008299954507422,3.932572926048167
8,34,0.41462065621152344,0.6607151863573159,0.5664464465169832,0.60739828072553,0.32221685201830824,0.1600907688722634,0.0438112624287158,0.14455035282988726,0.9,0.6,1.0,71,7.942317530423265,11.460937322111596
8,35,0.26865883440322724,0.510693472155482,0.41921012604963737,0.4724763099609893,0.19465012472748547,0.14021841950210262,0.019705743572160088,0.03403043364312458,0.9,0.6,1.0,73,5.021798754245427,5.069400178977641
8,36,0.233342749236529,0.4720238892798436,0.38279735866663384,0.4430275931153026,0.17556598464223028,0.12444800246020064,0.01925260806540288,0.015622094673416558,0.9,0.6,1.0,74,4.908185168835637,5.303376834539502
8,37,0.27838587739550236,0.506837936353619,0.4243546162084162,0.5016564330877727,0.2459723981931835,0.14846329910391626,0.02234141268946517,0.04428686871974595,0.9,0.6,1.0,76,4.283060656408,6.095968657692304
8,38,0.3074103721817311,0.5160189090538368,0.43264695407309595,0.5603989269448966,0.22270170400992978,0.1757921590494077,0.030917537025322038,0.04442612720846021,0.9,0.6,1.0,85,5.032662105457105,20.60295216763573
8,39,0.2994242005042985,0.5011098018236884,0.42214450908684853,0.565164668503769,0.2888053472404326,0.16453304769348506,0.03013882006070896,0.05143461577346092,0.9,0.6,1.0,86,5.092354445143728,13.682089890668152
8,40,0.2927905057725035,0.49072237392950036,0.4141093923803927,0.5642336831723385,0.25130581243085,0.16784935254060654,0.02717666005372572,0.045881162081894036,0.9,0.6,1.0,87,4.85173774707118,11.71421312849362
8,41,0.2931175317136237,0.4908521938623112,0.41436212765074903,0.5684706543697091,0.21568638062150636,0.1679759664631983,0.027265244096922298,0.046159500030006316,0.9,0.6,1.0,88,4.8519707709275846,14.496308858222449
8,42,0.2607956823572461,0.47560515686741406,0.4017484879307785,0.5875590228241917,0.18706377737485827,0.14015773572114815,0.02583651138263334,0.04058707587327271,0.9,0.6,1.0,91,4.816360707200926,9.18393099459838
8,43,0.2911226304224728,0.5217441388647727,0.45129612280109577,0.6061164913841092,0.2275907568747523,0.16892546511288564,0.027026725768598707,0.04589282175415707,0.9,0.6,1.0,93,4.980988172230239,14.275994417601035
8,44,0.24182460396037897,0.4515688595259395,0.3808324474996369,0.5908162264448549,0.189697593074326,0.12795747478160288,0.027490955151329172,0.03455151874894931,0.9,0.6,1.0,94,4.721625877756391,9.350879491301166
8,45,0.24131560095501747,0.46933981609762687,0.4004852821346402,0.6157249636916856,0.16696158450010165,0.12751171326063557,0.027502365908600012,0.03456776106628548,0.9,0.6,1.0,96,4.815767613368001,9.199610205324438
8,46,0.2416774832369975,0.5066925214088334,0.44133834354775314,0.6416621291518874,0.16626491742249588,0.1279574750317189,0.027490955089548408,0.034551518805587475,0.9,0.6,1.0,101,4.780328911225705,9.272694849228506
8,47,0.2740765109571154,0.5575342089409143,0.49396247620017003,0.6917069716492013,0.1992687560423285,0.15289025427489134,0.02046469355524308,0.04876494642711998,0.9,0.6,1.0,102,4.815845154168941,9.824968589787172
8,48,0.24062141787659563,0.5424848504390504,0.48071815611700625,0.6801164363219032,0.165603020621305,0.12701289947147526,0.02733117086522056,0.034538775107929645,0.9,0.6,1.0,105,4.824915321583722,9.295150724026636
8,49,0.28951863400398464,0.59099319062159,0.5294641419751003,0.8153541178713024,0.21448749611692008,0.12401341120893689,0.03305134833021655,0.08292489001019365,0.9,0.6,1.0,137,5.747479040691926,6.603977333010505
8,50,0.31572988935814494,0.6154147968696242,0.5549769144148536,0.8667055904516878,0.25930555753415374,0.15408813403902694,0.0477745995410011,0.07424775502067095,0.9,0.6,1.0,138,5.68833336905895,8.536971764524823
8,51,0.28473416085820896,0.6012769388523009,0.5435803257315363,0.8269870403029966,0.22761232843273066,0.12609793896985594,0.03526460930545431,0.07686481842506938,0.9,0.6,1.0,139,5.388915323920775,6.967743691759021
8,52,0.2847291186118007,0.6012696636362831,0.5435743628899102,0.8433585498904463,0.21151331213504704,0.12610266070581103,0.0352686246247259,0.07685434428233387,0.9,0.6,1.0,143,5.3881159679549,6.96861419934406
8,53,0.2978185114937303,0.6501765325244157,0.5966901361869341,0.9118728358517936,0.22721743805854375,0.13645814468648826,0.03595325295893118,0.08087540818417513,0.9,0.6,1.0,149,5.68664436753923,6.8030137821328855
8,54,0.3078683288277568,0.655408505401153,0.6048098428000905,0.9365586364475088,0.28465829033290446,0.1374326021524026,0.03179145865797332,0.0951437620577323,0.9,0.6,1.0,150,5.535969209796694,7.626363454129812
9,0,0.5474622261445281,0.6109980704755504,0.3150289541627892,0.00384059142655284,0.0,0.0,0.0,0.0,0.9,0.6,1.0,1,27.83493636056901,80.49042239390235
9,1,0.5168887041513923,0.6361120074630312,0.38155601048575394,0.13233308739917515,0.46643910728611326,0.14588458275472446,6.0131661442e-05,0.00013851640021625,0.9,0.6,1.0,3,18.92277891030926,58.48030408132008
9,2,0.47268970573609137,0.6023643874680779,0.36875056371219156,0.1515066080430772,0.32089562798487714,0.16756469606083488,0.00024052664576801997,0.00055406560086498,0.9,0.6,1.0,5,12.460768301451218,40.68024421959059
9,3,0.4726802621340845,0.6208655663159371,0.38899646627332873,0.15852472654840158,0.15153352995196342,0.167564696060835,0.00024052664576801997,0.00055406560086499,0.9,0.6,1.0,7,12.496708870524646,40.770635390084266
9,4,0.4463338015970813,0.5775860148198798,0.3566981173702745,0.17424408308063366,0.36522525462802563,0.17466468962008327,0.00043808857043994,0.00195010154669717,0.9,0.6,1.0,8,7.791748804747873,15.721063173559251
9,5,0.44446407691902823,0.5942130762264246,0.37594653863455374,0.18115233606956477,0.16690366649926175,0.17487963670837656,0.00050126502920045,0.0020956317954224,0.9,0.6,1.0,10,7.156487576820763,13.868426005232076
9,6,0.4246938248513487,0.5552675474018666,0.3424540996810929,0.18050800135824896,0.27421556452489115,0.1730067055869812,0.00031011420420362,0.00193711403533668,0.9,0.6,1.0,11,10.236465688787586,25.038859206515635
9,7,0.4239440629306605,0.5545036812787663,0.3418090845270208,0.18256277501476256,0.15932944288914244,0.17242965231161655,0.00030695919101518,0.00199994218407008,0.9,0.6,1.0,12,9.70464197587447,22.9844245935114
9,8,0.40929006629138476,0.5577254230730849,0.3500967474302825,0.1818526798960076,0.2044593450777097,0.1646111682287835,0.00036050100605531,0.00225412525467878,0.9,0.6,1.0,13,9.8486516578046,25.256184837158685
9,9,0.3837761863446359,0.511777660177105,0.3091471606605533,0.17156524620571134,0.19495743877897323,0.15374037879203345,0.00029104291030908997,0.0019502796311055702,0.9,0.6,1.0,15,9.657805555041076,18.227860945332907
9,10,0.40945688625274046,0.5359743033305099,0.337292306681392,0.21282034927825444,0.2387012026399225,0.19064635863798418,0.00044754010738378,0.00297804309897335,0.9,0.6,1.0,16,8.010891008576785,14.121250358298928
9,11,0.4192037336964267,0.5418290255782022,0.35132937878589315,0.2411735616100554,0.33406206539800937,0.21545674600392203,0.0032176789603592998,0.0058550528913608,0.9,0.6,1.0,17,8.710223776922664,14.941690564312449
9,12,0.3959248149512129,0.5356843907270787,0.3493839919664894,0.22776121012157605,0.22312445637269085,0.2000899163122472,0.00105745861569156,0.00263918207163527,0.9,0.6,1.0,18,9.461135268769372,17.71941525951394
9,13,0.36265833877770853,0.4794679682593443,0.29845312193120527,0.20424512871935255,0.2773764812971769,0.17717157749770823,0.0021999205273462103,0.0029203216373045,0.9,0.6,1.0,19,7.757785100079784,15.576111294036377
9,14,0.36086328112166144,0.4772955376463766,0.29682868758613945,0.2060586722299085,0.17179085777707134,0.17698436104018248,0.0022489394392152698,0.00229434746549278,0.9,0.6,1.0,20,7.288184563449474,15.892285638966785
9,15,0.3593646588327635,0.4917393838867293,0.3166090661579748,0.22473914265171402,0.22636530420548545,0.18142061161327813,0.00225107445955227,0.0034672900932204904,0.9,0.6,1.0,21,8.041418084965503,15.594892405849397
9,16,0.35590807470714086,0.4872121324086189,0.3135076323459801,0.22654955095281762,0.19032599694184127,0.18117590269980952,0.00232333204415878,0.00277869022621847,0.9,0.6,1.0,22,7.531355558418452,16.122673796664454
9,17,0.3495218218336372,0.4983407671055195,0.3276531008147317,0.2279963556600733,0.18366561759656772,0.1765948193509582,0.0022950226001314097,0.00281303094171992,0.9,0.6,1.0,23,8.165560202525594,16.677122617731406
9,18,0.3459430528935465,0.49433865348014544,0.32419043169144784,0.22830948270886361,0.169231149350741,0.17430342320785155,0.00235120917651924,0.00222466373821442,0.9,0.6,1.0,24,7.957220212660147,16.53013066345582
9,19,0.38019589019291733,0.6017023843009651,0.43969921502412596,0.3181577550274327,0.2000579222202054,0.17591330288935852,0.01543859872819614,0.02927644582115193,0.9,0.6,1.0,30,9.850560216165954,15.562587258233847
9,20,0.38421524748974734,0.6299433623725407,0.4856605528552044,0.36030992621167873,0.3397261555387741,0.15755003934802295,0.06230260095689857,0.04547123959577419,0.9,0.6,1.0,32,7.872713888762772,13.15035047711081
9,21,0.3842152474897473,0.6484530142666161,0.5059117675364576,0.3809232206183962,0.2246485343989773,0.15755003934802295,0.06230260095689857,0.04547123959577417,0.9,0.6,1.0,34,7.872713888762772,13.15035047711081
9,22,0.340877154695906,0.6022769848285473,0.462560334900662,0.3450688585039153,0.20856972008504954,0.14441609470024988,0.019138392349835408,0.044268342805467584,0.9,0.6,1.0,36,11.75613300050471,27.61267712836313
9,23,0.3278975920979833,0.5461390220118675,0.4419361207105578,0.3809381413429006,0.41229731690520444,0.14730504935485322,0.06497337919911104,0.04923545763981626,0.9,0.6,1.0,39,7.171866142309403,11.42889942779136
9,24,0.3280410956005054,0.5530265436658487,0.4588057807683601,0.4104196094970808,0.26368960979000394,0.15810507193169723,0.06509073189284917,0.04898672908560706,0.9,0.6,1.0,43,8.548619778290284,14.675488622385894
9,25,0.3177583943614687,0.5575353695864107,0.4675718268627406,0.406325157084478,0.2633780547756265,0.14207168689776922,0.07104912765912036,0.052301609922688265,0.9,0.6,1.0,44,8.333880117650482,15.072461388762562
9,26,0.328941172972648,0.5671133568921127,0.4782267555691786,0.4256457790824718,0.25256602536062317,0.1547803995524767,0.07101588519121257,0.05322744482228982,0.9,0.6,1.0,45,8.490990304552884,14.416828001992023
9,27,0.3289412167398809,0.5671134753443279,0.47822691643650744,0.42564583169124953,0.23513978345721992,0.15478043509038128,0.07101589685421962,0.053227453683868,0.9,0.6,1.0,47,8.490991250111799,14.416832530389998
9,28,0.3183208248652573,0.5511250380788021,0.46579544512276816,0.4253525492184064,0.2858284608186672,0.15429684673688138,0.06255697176229738,0.05188474516087995,0.9,0.6,1.0,48,8.15766807240264,14.43755437496221
9,29,0.3234468378797466,0.5767421982845831,0.5054568517602677,0.5468977861135298,0.2540575519100803,0.125135211293045,0.0739407296794237,0.08702116940511082,0.9,0.6,1.0,65,7.704446178727066,28.486725372676396
9,30,0.32634826631201064,0.5931477905503176,0.5267000897126854,0.5648286084482174,0.299938634899827,0.1326568580548081,0.07454703427330991,0.08573537515640686,0.9,0.6,1.0,66,8.024406811349717,27.467523380084103
9,31,0.3270363846243321,0.5933253876765395,0.5271911279980499,0.5657582081946146,0.2525274067592689,0.13382342583262324,0.07458148835072125,0.08564725761796502,0.9,0.6,1.0,69,7.766704192185936,25.97026504066597
9,32,0.31300952712742025,0.5861744015455568,0.5288102591194864,0.6091974160664094,0.2621772254945678,0.1398929660529156,0.06213458346315313,0.08004315398609194,0.9,0.6,1.0,75,8.564771674591867,24.96079847394331
9,33,0.3130095271274198,0.604684053439632,0.5490614738007399,0.6221362466823761,0.243230197968775,0.13989296605291618,0.06213458346315322,0.08004315398609133,0.9,0.6,1.0,77,8.564771674591883,24.9607984739433
9,34,0.32873867183773564,0.5967520156640517,0.5424364130053387,0.6386843670055625,0.3109543039682656,0.13375609283780773,0.07665410189620517,0.09526140825080284,0.9,0.6,1.0,78,8.869965269447606,19.784882265807514
9,35,0.32914948797202315,0.634126537938648,0.5833265887768704,0.6652777394205814,0.26220579941368527,0.1341942732003204,0.07647360247827115,0.095414517828006,0.9,0.6,1.0,82,8.867059675633987,19.81733784451764
9,36,0.3260063523774813,0.6224257244446125,0.5766094904120523,0.6813772677251454,0.3034759119156889,0.1351685478357819,0.07559858055638327,0.09616090088572692,0.9,0.6,1.0,84,9.12903988657025,19.714212553763225
9,37,0.3075682248003142,0.6009766526041795,0.5568921134048839,0.6680444305077177,0.27417727516501567,0.12071561462380384,0.07825481454039065,0.09057287746093981,0.9,0.6,1.0,85,8.894427215422422,20.37701374180744
9,38,0.33949285368568527,0.6641859455077469,0.6268590182317828,0.71539542789615,0.29850410535548133,0.17811526603007252,0.07386697079800289,0.07614594979543379,0.9,0.6,1.0,88,8.505099250148838,25.96171848272024
9,39,0.3391902889457926,0.6817139243889617,0.6465107545067196,0.7407575993069945,0.28381966874942255,0.17811526603007255,0.07386697079800289,0.07614594979543374,0.9,0.6,1.0,90,7.873536731711279,24.7953148211814
9,40,0.3347862624336434,0.6739067241741009,0.6406219646947655,0.7456545963958441,0.2933900328206191,0.17557270902308778,0.07370972740452472,0.07564804964533249,0.9,0.6,1.0,92,9.04218754507374,28.179749325880408
9,41,0.3660262960665185,0.7648533505437232,0.7464819449707667,0.8219471279803137,0.4436539156058119,0.1542707340189046,0.10146436683877372,0.11548564209453963,0.9,0.6,1.0,93,7.020676756486782,20.371001618211345
9,42,0.3639849693653058,0.7406467767418425,0.734205240992683,0.8580690145829163,0.4182856648404718,0.1609651602904984,0.12307470658161268,0.10292613348528176,0.9,0.6,1.0,95,6.981858219520037,25.68641128681513
9,43,0.36398506393432445,0.7591563945947422,0.7544564498263653,0.8767433103147162,0.3216446940569195,0.1609651608665221,0.12307480561174229,0.10292618072504385,0.9,0.6,1.0,97,6.98186350643026,25.686411228365667
9,44,0.4057806177850853,0.8191978593227598,0.8163723980367468,0.9546431302199181,0.363882417090317,0.1515288955319394,0.1268743526897621,0.15101229726709148,0.9,0.6,1.0,102,8.23935058849116,18.60782306699143
9,45,0.3813452236463929,0.7920058320460823,0.7906346381328584,0.9257292072723824,0.3518193599502919,0.1550841783772164,0.12709364729353495,0.12422385743948454,0.9,0.6,1.0,104,6.939029895500651,22.76525525341006
9,46,0.3775965769234675,0.8062428781770571,0.8068888680007721,0.9327806394072612,0.33872051859860675,0.1511885467227522,0.12698880855709832,0.12422821702734219,0.9,0.6,1.0,106,7.462718127497476,24.911336215588623
9,47,0.40084063213857624,0.844776527685841,0.8488563038488488,1.0070160125554788,0.3642955778938891,0.1575437509399174,0.12147935539535618,0.1461841693653527,0.9,0.6,1.0,114,7.996607304947896,23.83467612983849
9,48,0.40084072379283925,0.8632862709303415,0.8691074968566952,1.0344142575005422,0.3608616223957681,0.15754372625125287,0.12147942941233772,0.14618423852538703,0.9,0.6,1.0,116,7.996613925894304,23.83467642719086
9,49,0.38788895500183185,0.8666892666225416,0.8753779934607858,1.0515021431724627,0.35227738381782625,0.15337223335008127,0.1289076534563328,0.1332667009643078,0.9,0.6,1.0,121,7.848373027022902,20.629702882252197
9,50,0.4146575850366272,0.9028589616489907,0.9180152532514656,1.0828306072961609,0.41662633618797296,0.15545712500793832,0.12607351772844064,0.16288853235471315,0.9,0.6,1.0,123,8.65379527502297,23.91182946996408
9,51,0.4120581361999199,0.8999719533311692,0.915276618338098,1.1037997959550088,0.37653668271187263,0.15067743705248227,0.12495187836648976,0.16535709024138884,0.9,0.6,1.0,127,8.850168974041777,23.31575630224752
9,52,0.35880469317626373,0.9540010220635647,0.9816984095593286,1.2047161737715428,0.3255624964722328,0.14892921314020544,0.12108979226179022,0.1172107253627334,0.9,0.6,1.0,146,6.664269197939655,22.246934729016743
9,53,0.3505069463074218,0.9640664494945161,0.9935807858302449,1.2103836619537038,0.31589717793762506,0.14877366041312437,0.12053431422121515,0.10943367671924091,0.9,0.6,1.0,151,6.670269031384478,21.49588599852184
9,54,0.3658670023260204,0.994487390236468,1.0275072299297583,1.2393812437642424,0.36058874492111775,0.15852365940553545,0.11446877929083965,0.12073954280907943,0.9,0.6,1.0,152,6.479914656272703,23.863310371167056
9,55,0.3528953422369808,0.999701464721177,1.0346283442624284,1.2472384816042439,0.3205182690995715,0.1506010049250918,0.1161734211889864,0.11397649256096465,0.9,0.6,1.0,154,7.047366082032025,25.02314807466432
9,56,0.3529303949802818,1.0182288306071325,1.0549059939877081,1.2723764137912197,0.3192972000485827,0.1519777132068036,0.11517848153751667,0.1133748688975325,0.9,0.6,1.0,158,6.985032223572863,26.00102812418307
9,57,0.38654228974908533,1.0499512808203573,1.0875922498235127,1.3107687569714372,0.3690255988712817,0.14400898420018782,0.11186915668297352,0.15673009997277024,0.9,0.6,1.0,159,6.829370785138806,21.576079936652818
9,58,0.391897442134741,1.0737688673721648,1.1131753753192664,1.34227498062115,0.35896119679040445,0.1464380012946682,0.11312613279148842,0.15915951620902097,0.9,0.6,1.0,162,6.859002415277891,21.06888266267385
9,59,0.36376922979817017,1.063525186568149,1.104991623483271,1.3308937133108834,0.33612318727144186,0.15756368537554158,0.1101904261752126,0.12297214076776837,0.9,0.6,1.0,163,6.372531978887296,22.39093864213738
10,0,0.9642999563390569,0.7883762091831296,0.4233398056430878,0.015491088206490462,0.0,0.0,0.0,0.0,0.9,0.6,1.0,1,6.532475325129002,73.92979409179566
10,1,0.7875247417618471,0.8023473847260175,0.48593012729897633,0.15013108968197744,0.5320877081465086,0.15402823468489754,7.55197492163e-05,0.00016378047626569,0.9,0.6,1.0,3,5.334604364392133,53.16018849389082
10,2,0.6189652405510485,0.7166625037219423,0.4412988489030191,0.16562604884283486,0.49064244690584974,0.17527417391234554,0.0003020789968652,0.00065512190506279,0.9,0.6,1.0,5,5.416305272555218,37.99606309147622
10,3,0.622670226371872,0.7405833206481899,0.4667246271019178,0.1875277613658833,0.16795064434596196,0.17940859233248638,0.00073777368095056,0.0014765173523953999,0.9,0.6,1.0,6,7.984120971128919,24.757393965391245
10,4,0.5427572250157463,0.6612466787930686,0.40573256319047907,0.16295888940723938,0.4706867367896698,0.1701835979225386,0.00037288404653407003,0.00075599124442974,0.9,0.6,1.0,7,6.574530105844097,22.070978713186136
10,5,0.522198117014199,0.6700691543443791,0.43703657827784365,0.2316918296806361,0.36547934879097094,0.21545135210170693,0.0008822542817191401,0.0032866068628225804,0.9,0.6,1.0,9,7.349541254892125,14.942759824494068
10,6,0.5089236472422258,0.6573150220687046,0.4261505894724074,0.23545516305623637,0.1998945324061348,0.19698623221613468,0.00688077454333462,0.0083496915296576,0.9,0.6,1.0,12,7.164725316634096,21.146033160267123
10,7,0.5088253787617663,0.6759249422763118,0.4474849998335583,0.24664858527397285,0.20811972262657352,0.19990787402548527,0.00688257287852141,0.008343806116329799,0.9,0.6,1.0,13,7.162357185924113,22.618202705532223
10,8,0.46794251193402014,0.6546627256225498,0.43620447011182195,0.23189271472518477,0.3070829377390754,0.1894607264959689,0.0017353297779796498,0.00222513765230028,0.9,0.6,1.0,14,7.741953560050703,14.888472734613933
10,9,0.5290996206650173,0.71561153742686,0.5049121594992396,0.3136000886759628,0.3801727149907298,0.22104669376477193,0.03016310378774955,0.03761625973024308,0.9,0.6,1.0,15,8.491915539574896,15.869542440017511
10,10,0.4746953030208149,0.6426929096464375,0.43029405098947715,0.2748825262190711,0.2005242616696402,0.20812743783300833,0.00743794811436037,0.00857745649089894,0.9,0.6,1.0,19,5.950487829465197,7.270404724163616
10,11,0.532818124612318,0.7748450837700669,0.5695017200899004,0.3467690527124944,0.25942216388939326,0.22211347194310718,0.03180599451953348,0.03971266648336595,0.9,0.6,1.0,21,8.538323752215613,15.43704301066784
10,12,0.48911204128015395,0.6933354972203792,0.49211093230980085,0.32271006136133806,0.36053070943281323,0.20888082832320287,0.02155159049344331,0.032807292399487945,0.9,0.6,1.0,22,7.771165058901881,18.177729450209707
10,13,0.4758938439329473,0.6782539943215267,0.48171641195276715,0.32227836309052854,0.3028819905646862,0.20886370915659502,0.02077138868721343,0.030246409723871208,0.9,0.6,1.0,23,7.371850278892543,17.208302372187898
10,14,0.48635820188973905,0.7051387008679034,0.5158521661513509,0.3529741866107007,0.34213877543013704,0.20604086149676792,0.02719364112209367,0.05145838055520213,0.9,0.6,1.0,24,7.224966982951519,14.695841539467075
10,15,0.48368711355749544,0.7010893501788581,0.5149109501252188,0.3599035829347667,0.28231393446344855,0.21134328908807354,0.026937906006266783,0.05077246050884833,0.9,0.6,1.0,26,10.61015814106364,16.305354404684206
10,16,0.4821734944941974,0.717730836599707,0.5340213587555378,0.37626416736165375,0.2629992944842324,0.21134328908807354,0.026937906006266783,0.05077246050884833,0.9,0.6,1.0,28,10.291334738595705,15.242268501974024
10,17,0.47923290213984193,0.7142869401045836,0.5316011167704053,0.3788550586150877,0.26460760824825363,0.21046042114340194,0.02691803788455867,0.05076411106039156,0.9,0.6,1.0,30,9.690415167063474,15.25813660737376
10,18,0.49993675218866623,0.7339751913843062,0.5532627587059548,0.41043962746068924,0.31301371729173766,0.21448412507661974,0.03529800111411332,0.06687092102180762,0.9,0.6,1.0,31,10.782096560458236,14.516694141539569
10,19,0.4713742701762537,0.7233319185243863,0.5454579724309181,0.386414761016519,0.272506250410908,0.20774001904001832,0.02735459496402336,0.05137116447511765,0.9,0.6,1.0,32,7.090128075202675,15.500577408263371
10,20,0.41511581882702797,0.630049789908727,0.4488727872330643,0.33992394862362396,0.2026177706639549,0.1822280087724045,0.01459486665023892,0.02618704933038681,0.9,0.6,1.0,33,7.64629505152093,6.647550523506154
10,21,0.40363543664790075,0.6326937950282876,0.46035024414383635,0.36526263009696497,0.31524985766033026,0.1817865737931307,0.015811334059096148,0.02820247373816161,0.9,0.6,1.0,34,8.848219815098997,8.769610242348703
10,22,0.40134540442156513,0.6111671991921575,0.43817378813897717,0.3475426530654733,0.20991292348360616,0.18170956387334009,0.01575837631295044,0.02809006192965935,0.9,0.6,1.0,36,8.48121858352245,9.009175774423742
10,23,0.39759340431669316,0.6217472747869083,0.4563373050025284,0.37095891823355026,0.30270492463723936,0.1925856596254219,0.01683906299173361,0.02472666916370877,0.9,0.6,1.0,37,6.576670060185769,9.220521990799192
10,24,0.39582507806683503,0.619793957190392,0.4546247094268522,0.37309584261308576,0.2106972171453837,0.19132933809597555,0.01665025607897731,0.02463571624769069,0.9,0.6,1.0,38,6.480663192208317,9.302610291545475
10,25,0.38343961837649104,0.6022703537992479,0.44348858170999267,0.3849557765618921,0.3090393637409219,0.1898769272090064,0.01511659578287165,0.02574386117671581,0.9,0.6,1.0,39,8.368376907221307,6.635832289423655
10,26,0.3834396183538814,0.5837607045482216,0.42323748269562067,0.3638414152378441,0.20570376903696733,0.1898769288383611,0.01511659405230456,0.02574386339168579,0.9,0.6,1.0,40,8.36837704533742,6.635832919265353
10,27,0.38427468114395014,0.5841702274758632,0.4241459486552713,0.3723365805192308,0.21142435692264067,0.19001820878974576,0.015074159287336639,0.027333102244819257,0.9,0.6,1.0,42,8.582895014779918,7.906598036852909
10,28,0.3778103963425594,0.5764053126741484,0.4179277911848752,0.38207419329519743,0.2289701173975192,0.18440636023003437,0.016089159480847708,0.027982156314310752,0.9,0.6,1.0,43,8.438683123748165,7.050879952574153
10,29,0.4444613712869062,0.6668779075636573,0.5255846037247469,0.4978665910341983,0.5135745201842812,0.1999748892920551,0.057890605932473325,0.07753033458509184,0.9,0.6,1.0,44,6.728062770269534,9.283231613956245
10,30,0.4494419889420373,0.6690547507156879,0.530405212836029,0.5100275333474948,0.34395138341242265,0.20756568472102557,0.057203092059421944,0.08007756332532578,0.9,0.6,1.0,45,6.8138533859613775,7.458787353876128
10,31,0.4494419861157223,0.650545099676427,0.5101539990095901,0.4917796185241815,0.3012088644205477,0.20756568509483744,0.05720308502840461,0.08007756806231994,0.9,0.6,1.0,46,6.813853463381241,7.458787370376167
10,32,0.4569340554844932,0.6752034780403503,0.5377928023621116,0.5118600418808597,0.3205433788966715,0.20038133087870635,0.05930029730799815,0.0946155148130978,0.9,0.6,1.0,48,6.953862418943902,11.49117890688938
10,33,1.6642739752088271,1.953302750263942,1.8258239290549678,1.7752045050921463,1.5265792059348482,0.9934203947222674,0.5735422524416735,0.2840128350344321,0.9,0.6,1.0,59,11.85746165467869,23.24904802588636
10,34,0.37702755381685416,0.6991394775483801,0.57859094254924,0.5347887822445528,0.25847264330445185,0.20312362716860474,0.042150923479315774,0.03178535026282208,0.9,0.6,1.0,62,9.90286696985785,18.76750613897975
10,35,0.3262428323939904,0.6447241194522453,0.5272598980240764,0.4911544704519088,0.2183402442449467,0.1746048960177717,0.0192428023045782,0.02470289137989362,0.9,0.6,1.0,64,9.303426952629406,17.370904509036183
10,36,0.36664963228089603,0.679624255633322,0.5666840234669486,0.5532531782758671,0.3130967258472122,0.20319085419039035,0.04207590665796357,0.03179418478261774,0.9,0.6,1.0,65,10.000640956561606,18.549918827577027
10,37,1.6033430635902526,1.9144076366590372,1.8029972838411972,1.815188009606345,1.4827487687742094,0.9626609908202847,0.5832884921228277,0.26225598431038,0.9,0.6,1.0,71,11.645036937270474,18.045851056797733
10,38,1.4329228255411897,1.734211816096361,1.6303575800181933,1.661470551150773,1.440065500409299,0.8634124178804127,0.5442632917194832,0.21420453494959282,0.9,0.6,1.0,72,12.505017438593915,17.79517533385484
10,39,1.5815201584938459,1.8802064730673784,1.7782953150404404,1.811608153612521,1.5002575935253915,0.9523414270830244,0.5809449061953814,0.263144315521728,0.9,0.6,1.0,73,11.945882341852894,18.380925320257944
10,40,0.386965342840942,0.6625463983489546,0.5622613314865105,0.5735749095202989,0.28436913071396713,0.20919067707068442,0.05331177409978559,0.058058026456114506,0.9,0.6,1.0,82,9.52345941126463,13.657925246888334
10,41,1.6376770710557826,1.9841567115795788,1.89309602348346,1.9887425878271139,1.5389953034205472,0.5196936076426483,0.10660695169443032,1.0,0.9,0.6,1.0,87,554.492825926575,150399014.8727459
10,42,1.6394121035211349,1.985772722197805,1.894797002358629,1.9946560146132346,1.5348965813009432,0.520141837051159,0.10899147583095341,1.0,0.9,0.6,1.0,88,556.1017501005124,150398935.52973205
10,43,1.629118687659877,1.973873226926449,1.8840393634898511,1.9814030121494066,1.5430285461923785,0.5087746506797144,0.11109753412394363,1.0,0.9,0.6,1.0,89,555.3595980687805,150399011.19627067
10,44,1.847457660863327,2.2101169031203387,2.1224525057547052,2.2091623889009426,1.7503114883317357,0.7288467043015757,0.14571131971029724,1.0,0.9,0.6,1.0,90,1384.050993559519,1111268203.9127276
10,45,1.6311480174450081,1.9718277697971685,1.884855222574575,2.00669429905444,1.5495421265784004,0.5064080575324826,0.12348541084759843,1.0,0.9,0.6,1.0,92,579.4571005418463,150390711.21529537
10,46,1.7043452472748257,2.0612701321536946,1.9776145522362105,2.086485764018154,1.6304679543114655,0.5787125542460095,0.13999345321987647,1.0,0.9,0.6,1.0,93,853.3907839434681,353195825.1912979
10,47,1.7032934028090119,2.0585799615554814,1.976043531843086,2.098878859314419,1.6229897666580373,0.5789167738661122,0.13999418999289054,1.0,0.9,0.6,1.0,94,854.6584318399916,353196938.67245734
10,48,1.8302613195127977,2.201634925678208,2.1224906942588824,2.228230154820677,1.7604971418958995,0.700572386422457,0.17215175295295848,1.0,0.9,0.6,1.0,95,1302.1555124890024,706365521.2371538
10,49,1.8253387150740068,2.1949469386673925,2.1169962841751424,2.2285809749796126,1.7494910151703555,0.6955571299610448,0.1736366510894083,1.0,0.9,0.6,1.0,96,1300.5549189017936,706365592.7684273
10,50,1.8615606910006672,2.2116290190425536,2.132629713977705,2.193810932207263,1.7727588448659248,0.7515466923195655,0.15127087852387425,1.0,0.9,0.6,1.0,98,1100.0564995050022,970313372.190916
10,51,1.8558585501828613,2.20290788114743,2.1259243590506047,2.194023601621411,1.7962368036538727,0.7466115520569223,0.15276650912702813,1.0,0.9,0.6,1.0,99,1098.5965054073206,970313456.1941084
10,52,1.747957085865203,2.092896388208545,2.017307468104941,2.1622678071340884,1.6797220250343448,0.6362931328043705,0.14086091083366542,1.0,0.9,0.6,1.0,100,889.0415580110384,522325583.3334241
10,53,1.7207902896819334,2.0831750849943305,2.0100274699778087,2.161733581108015,1.6364072546256183,0.599444377047608,0.15207779214027023,1.0,0.9,0.6,1.0,102,867.9761085910332,261627824.1654514
10,54,1.7118547264659096,2.092316792701309,2.021194433397431,2.0856799860707493,1.6226181850481245,0.6050344330416804,0.12929429083857488,1.0,0.9,0.6,1.0,111,1496.009825638877,393151045.70022416
10,55,1.9754309509227976,2.3529113949097695,2.2837336942448787,2.351511188018513,1.8981856234787824,0.8942547861042737,0.13811168935418927,1.0,0.9,0.6,1.0,114,1552.6010546999291,827622977.0704794
10,56,1.6040740026561948,1.9968598063179845,1.9314910164938457,2.129723340417395,1.5266091434182063,0.4776146419830898,0.14765232671606354,1.0,0.9,0.6,1.0,118,1470.894316585851,77959281.11296892
10,57,1.7078611338991911,2.133584414256439,2.0743041170393894,2.2769007921474413,1.6391629278542568,0.5934095774375879,0.15128795985231197,1.0,0.9,0.6,1.0,121,1615.110291222721,288245937.422568
10,58,1.605530994749711,2.0312050582157095,1.971954607785246,2.196026459008438,1.5226886425374704,0.4780469471301551,0.15382756470720343,1.0,0.9,0.6,1.0,124,663.5505330145634,501458579.4589626
10,59,1.9727321398200104,2.3973405407875052,2.3387640784324817,2.562058875571038,1.9012970638568392,0.9010627527234699,0.13241426211537027,1.0,0.9,0.6,1.0,125,779.9860037581655,443633445.85553616
10,60,1.9102478481801166,2.4026531399911777,2.3549493917601616,2.523978700045275,1.8949100760503215,0.835444426334267,0.13302031416264376,1.0,0.9,0.6,1.0,126,612.7206919460898,241563374.0737312
10,61,1.936357225154926,2.424305720022219,2.379349220840443,2.560724821042955,1.882641317045965,0.8668136102439182,0.1338132299756995,1.0,0.9,0.6,1.0,128,715.9695519577187,80512901.62138441
10,62,1.5706277601697867,1.965934920576493,1.9123279306491914,2.2012453387366895,1.4949285988827103,0.4384882792807124,0.16684106393176354,1.0,0.9,0.6,1.0,133,484.523976150871,269691549.98900944
10,63,1.932893504634981,2.4386843789266934,2.395877871277917,2.604459660699691,1.8580492620185556,0.8638502336930792,0.13312181371761908,1.0,0.9,0.6,1.0,141,722.0336256547092,467775263.5111547
10,64,1.930725485529499,2.4170785921410842,2.3730973857249618,2.735234286366938,1.8561116140304423,0.8562300123745893,0.14181815412388882,1.0,0.9,0.6,1.0,163,488.0816628962938,785980428.5223073
10,65,1.5040856693234737,1.989325859554927,1.9460225360470134,2.3511899393821176,1.431745165633076,0.37961329437803637,0.14672355774603435,1.0,0.9,0.6,1.0,169,893.2581442552124,930344192.5050228
10,66,1.6192996054967634,2.10262285378027,2.0604827100140204,2.506790004641741,1.5494692429303183,0.4951192778929483,0.1672714092405524,1.0,0.9,0.6,1.0,174,1127.727541034888,119124220.22700094
11,0,0.998769322197255,0.7995595004489655,0.4301685360525963,0.01622580240691394,0.0,0.0,0.0,0.0,0.9,0.6,1.0,1,4.987857957688997,73.60173049102234
11,1,0.8259252167439635,0.8274583552630935,0.5064251267241447,0.164166110005989,0.5432293379539942,0.16870675386899234,7.656300940438e-05,0.00020881883051378,0.9,0.6,1.0,3,4.216158932331417,52.87571067302967
11,2,0.6510736411057152,0.7428222564529248,0.4631970385952087,0.18156031782061854,0.5087254123795893,0.19197737985060734,0.00030625203761755,0.0008352753220551301,0.9,0.6,1.0,5,4.916494269635278,36.67182750996802
11,3,0.5921376582475584,0.7056008481473175,0.44420731628859783,0.19075687363402216,0.33086519670664366,0.2012296055412158,0.00068906708463949,0.0018793694746240398,0.9,0.6,1.0,7,7.079611308143328,25.295232225516603
11,4,0.5149226065082743,0.637992699642533,0.38907658227901,0.16739671278504747,0.349681045779301,0.1612259276846826,0.00089879734432316,0.0021931888046786098,0.9,0.6,1.0,8,4.126632743769712,15.206981426121878
11,5,0.4847116548833487,0.6326312623764739,0.3997732514385562,0.18455919168877702,0.27653312576113476,0.1744339593551561,0.00120222212181718,0.0030207530250262,0.9,0.6,1.0,10,5.408580560297432,10.308239207679769
11,6,0.46988116978875794,0.5993521370321584,0.3649734441483704,0.17284684301301914,0.1500998440004857,0.15980535000585727,0.00101407849515962,0.00209676095701061,0.9,0.6,1.0,11,5.305803987806728,10.416228915724751
11,7,0.5100018030860829,0.6407131907911907,0.4121775052555734,0.22848716318283735,0.25016740698606077,0.203945078305074,0.00493373614502538,0.0163864531579585,0.9,0.6,1.0,13,6.551891661960019,17.62890591483881
11,8,0.5076321550057822,0.6386156091728363,0.4115483313448839,0.2346597753008344,0.2166717865274006,0.20441633181284993,0.00625752485644068,0.01684139937425861,0.9,0.6,1.0,15,5.586719875562855,15.750449012234188
11,9,0.49722058076695,0.6285253686124371,0.40552270684833075,0.23944954987630965,0.27073133029828855,0.20600527672329197,0.00498921606458259,0.016521027825322478,0.9,0.6,1.0,16,7.24235452071883,11.849531356768631
11,10,0.48982226200152246,0.6395732323562511,0.4212175352676987,0.26009778958994334,0.22815733636810304,0.20600527672329189,0.00498921606458259,0.01652102782532251,0.9,0.6,1.0,18,6.451909278059259,12.720817000639002
11,11,0.47368062516132337,0.6231596759531158,0.4091047448464343,0.25983443988648225,0.23433762219936602,0.19927269324025715,0.0050554657078978,0.01717222738344156,0.9,0.6,1.0,20,6.473368079493288,15.806928906194068
11,12,0.45805315517449596,0.6252387276583268,0.4181560199128776,0.26178546811284653,0.23886147845870573,0.20761116247226089,0.00107322201292574,0.00905965979129406,0.9,0.6,1.0,22,6.481469032662257,15.626055364163514
11,13,0.43900984249444003,0.6037381306077927,0.4054274555861859,0.26133366682986764,0.3394871395914396,0.1929605890220129,0.006439545115025,0.02005334391656049,0.9,0.6,1.0,23,6.923089564062489,16.376922543495784
11,14,0.42222526081444534,0.5847143129085033,0.39195777317133795,0.28251320619624254,0.2377487435276585,0.19150590046743488,0.00510361337494726,0.01740439583046935,0.9,0.6,1.0,25,6.393659781704457,21.145320120842356
11,15,0.425885244437658,0.5880273909659511,0.39603097871812426,0.29362505532963834,0.21037864369052112,0.19675435972162,0.00509104671276392,0.01795359040466395,0.9,0.6,1.0,26,6.6292993532916284,20.558801031185585
11,16,0.4146352087039833,0.5765454554765705,0.38505396978969625,0.2838543966618687,0.18995002373047506,0.18554366421479912,0.00570564704376789,0.017489179178766058,0.9,0.6,1.0,30,6.821511712547202,18.55317208235205
11,17,0.41642285979989585,0.5964023011271855,0.4075686123996098,0.2969665024835188,0.1990011033666682,0.18667705759424677,0.00657842369801216,0.01964575905292089,0.9,0.6,1.0,32,6.450152556248552,18.77224129711152
11,18,0.412940975534599,0.5742279391768786,0.3840309733390978,0.27496127542275495,0.19503954485115993,0.1860795798889625,0.00560017843282417,0.01807716083924067,0.9,0.6,1.0,33,7.175596526097732,18.63929920481813
11,19,0.3723029274647313,0.5832435665394787,0.40856066970679966,0.2783949921993355,0.3352705036729655,0.16402862293986692,0.018254108708755427,0.01024278971232793,0.9,0.6,1.0,34,7.011172660083071,24.620921902255663
11,20,0.4883260759107892,0.6947906163827161,0.526538321443187,0.41234411285920186,0.34887734923776503,0.16795392806424272,0.07221358265242231,0.10239647739221829,0.9,0.6,1.0,36,4.784857434721554,19.65483881094069
11,21,0.4842303217435673,0.688550069080966,0.5231142706496936,0.4258384557516589,0.3206578741940357,0.17178987374100738,0.07665797322966346,0.09727024297233412,0.9,0.6,1.0,38,4.222802789487597,19.65483881094069
11,22,0.48208204644800495,0.6849035373763945,0.5213553851469296,0.4370562701555247,0.3296298399802799,0.17287736258541883,0.0768729694605923,0.09736382696181088,0.9,0.6,1.0,39,4.464305015492599,20.579097591864613
11,23,0.44481153237829407,0.699597990162183,0.5455492412705693,0.4304695060548105,0.2865464430733938,0.15348893137885297,0.06964840328744466,0.08929260148976056,0.9,0.6,1.0,43,4.274465359584809,22.451125115121872
11,24,0.4241065820482087,0.659749857077315,0.5251179460924759,0.4479440848831985,0.5932760761104845,0.15516288026133326,0.06762322365642955,0.09901915865036186,0.9,0.6,1.0,44,3.9217679503774767,22.03912991464552
11,25,0.43863111562177715,0.6925218111705339,0.5598693626402824,0.49157776745014836,0.29506617842310134,0.18424374879240538,0.0706880968523779,0.08588080310359344,0.9,0.6,1.0,48,4.148092590061627,22.676793441478097
11,26,0.4384246860079872,0.6922941967179834,0.559660968733841,0.4877540632454633,0.29424511315875346,0.1842311751788484,0.07068139832156264,0.08571780890722408,0.9,0.6,1.0,49,4.148922735978802,22.684348516303164
11,27,0.41439457364814664,0.6858706885949004,0.5557939053419434,0.47912957925680527,0.28435218780401794,0.2005703984235218,0.04111272152532311,0.06591339646299488,0.9,0.6,1.0,50,4.9494674658887465,21.015805412806014
11,28,0.42463174793909286,0.6578754134914941,0.5255316466960163,0.44443517944321,0.30457510258484644,0.15110389562767698,0.07687315135097916,0.10112404338644568,0.9,0.6,1.0,51,4.416321101524741,19.2004878944456
11,29,0.39102013167986993,0.6395760285173961,0.5116447417727246,0.46462266499375293,0.2948157533116356,0.1487405885119504,0.06187711246941352,0.08229924325053176,0.9,0.6,1.0,52,3.418926040833264,20.84898196752572
11,30,0.5580183156646088,0.7919795727002283,0.6761292668317168,0.6131772060968144,0.6338675146300349,0.20110698529100612,0.10609076436423584,0.19207115739478114,0.9,0.6,1.0,53,5.0277396988474985,30.842555610707155
11,31,0.5551306862863817,0.782606940054799,0.6716499056380362,0.6191723673384703,0.5178303124112293,0.2047336580367011,0.11190550333633964,0.18851247439046184,0.9,0.6,1.0,54,5.7848775532472745,23.437033929392936
11,32,0.5438210341705934,0.7585508212780199,0.6568758829939079,0.6173875480962157,0.5898076551346365,0.2049205404304619,0.11244911611612289,0.18780020323340946,0.9,0.6,1.0,55,5.766802926826413,23.56656775560492
11,33,0.5086743322830651,0.7194555624322168,0.6205245286386933,0.5848622237334818,0.4515856830305518,0.19831942594097882,0.0755357260636694,0.18384087278015634,0.9,0.6,1.0,56,5.8005323079894335,23.433198043431407
11,34,0.5069003039664068,0.7687995820495678,0.678129992585479,0.6145390916801501,0.42564031377987155,0.2157132650469136,0.12071268882348969,0.1426948841234602,0.9,0.6,1.0,59,5.799669004861401,24.545984201521037
11,35,0.5263169551780247,0.7855810142127777,0.6966999485112886,0.6696758116814655,0.43786177339816557,0.20620501344240563,0.12204130286212216,0.17182967144389114,0.9,0.6,1.0,63,5.941760518637177,29.58440550068479
11,36,0.5153166733220148,0.7473595630282881,0.662554808670871,0.6786524515622187,0.4416526168642669,0.1784934236389834,0.16899451430647536,0.16382753398136607,0.9,0.6,1.0,69,4.721613506813691,24.8221935131908
11,37,0.5112077726915484,0.7549546990774528,0.6762702983874577,0.6900380924278987,0.46131504044628496,0.1782692147808795,0.17294089180818734,0.16199304202427556,0.9,0.6,1.0,71,4.636961351806013,26.32250465039688
11,38,0.4574699466315134,0.7244020164599031,0.657872960137343,0.6551563822218567,0.5212444768783667,0.18133863388486285,0.13067235819146608,0.13929173605266557,0.9,0.6,1.0,72,5.734760443127902,30.16885722270415
11,39,0.45937796725951474,0.7216412103354253,0.6579630978535411,0.6631977062327984,0.43150441407806983,0.15634896694059716,0.13751695773260986,0.16223664151487985,0.9,0.6,1.0,73,7.0475130162251975,31.76060018210526
11,40,0.44281989118631626,0.6771925974910027,0.6174204788515205,0.6510262912041591,0.4661171652699361,0.14079920229891835,0.13611004870733462,0.16564049223515742,0.9,0.6,1.0,74,6.414951395903316,25.7869674663495
11,41,0.49493403897273297,0.8581057871687905,0.8109585225470615,0.807744955868591,0.4267921895196288,0.20634050730731887,0.1447050017049963,0.15395759010005466,0.9,0.6,1.0,95,6.039487142623467,30.500397380495237
11,42,0.6093154954457496,0.8552974849310169,0.8013028131257183,0.9759342588017705,0.5733007750901988,0.21581594020467837,0.2021335817327648,0.2284717625043195,0.9,0.6,1.0,97,5.918409137365218,16.074075891628127
11,43,0.6829710838608646,0.9602974178600044,0.9130772925974457,1.1217667529743995,0.6234471719356001,0.20271405332346773,0.26309145965273445,0.2801223564263793,0.9,0.6,1.0,115,6.233987535265104,29.289271112194186
11,44,0.5237298382279065,0.8729011974740041,0.8339086514898937,1.0479934629619605,0.46490939549191174,0.21141765743095112,0.1539714938798596,0.17956635710412705,0.9,0.6,1.0,122,5.351124393106874,27.08497137724451
11,45,0.5143591476346019,0.8951189910322527,0.862706020288278,1.052313186072641,0.4803939560974303,0.2036499843231068,0.1651381263776393,0.17300857435110484,0.9,0.6,1.0,124,5.344751115965019,34.146998794659616
11,46,0.5432509425489646,0.9214418161720809,0.8904816593337729,1.0671611561175316,0.49129901693118583,0.23195393529350192,0.16305371040500372,0.17883952849372634,0.9,0.6,1.0,128,5.573469730414473,18.371203372818893
11,47,0.5430393003417315,0.9396094448187075,0.9104643317567399,1.0794009047426643,0.48567392192429015,0.23194001230695463,0.1631042606900543,0.17866858408504158,0.9,0.6,1.0,131,5.57239531318171,18.4371794520391
11,48,0.5436235401678304,0.9202418185365124,0.8901677667735719,1.0846278648736802,0.4996391419468892,0.2314664193647772,0.1642120889083743,0.17965905769692997,0.9,0.6,1.0,132,5.513741891948654,30.39474746887143
11,49,0.5244184687392852,0.9378628733431233,0.9113808915682498,1.1530847242596498,0.46750842183776037,0.20213375537856393,0.1790123132775206,0.17805996464150137,0.9,0.6,1.0,145,5.132711361382499,27.011629984523854
11,50,0.5454448861491648,0.8643718665380286,0.8302874057968789,1.072423734633013,0.49836909688764097,0.2201839540617757,0.15792081240828543,0.1963649858435367,0.9,0.6,1.0,147,6.22562880464277,14.405454149247484
11,51,0.5438253314389756,0.9897745043489299,0.9693234947602558,1.2897025518567864,0.4913549380124824,0.18142360992630543,0.16649147130861822,0.2256477321489902,0.9,0.6,1.0,156,6.322766866328275,22.18838369400936
11,52,0.5204731621816356,0.9470886638600393,0.9253353691366287,1.2312838786907976,0.46959374675349325,0.2172673005045403,0.16343389685036364,0.17217481159496106,0.9,0.6,1.0,158,5.562948183055712,18.74853409458036
11,53,0.5217412651089508,0.9656147261495849,0.9462991097691453,1.2443297089264718,0.47877941115436906,0.2202086048472443,0.1644377704557765,0.17072953667035967,0.9,0.6,1.0,159,6.1470215251581175,26.522071712056064
11,54,0.516283536275953,0.9564589184205722,0.93919116145894,1.237157926018741,0.4968961364829181,0.21643142597949827,0.1648917516056552,0.16996023284491713,0.9,0.6,1.0,160,5.704712578705857,18.60547914240272
12,0,0.9390492818260251,0.7799388909785147,0.41818772727326675,0.014936837162537166,0.0,0.0,0.0,0.0,0.9,0.6,1.0,1,7.849576809535999,77.45147867620265
12,1,0.7780951971253545,0.7922416504036656,0.4755818927633812,0.13944374400905707,0.49282480480946206,0.14214127634577478,7.576752351097e-05,0.00013339109765937,0.9,0.6,1.0,3,5.184735081686418,55.23371138798873
12,2,0.632808077164644,0.7398945266852933,0.4598710161243271,0.158102679196548,0.42916331261732854,0.16234515265777796,0.0003199164501231,0.00056322292802711,0.9,0.6,1.0,5,4.400365657462251,39.99616287373794
12,3,0.6012560726671714,0.7218344802921424,0.4516267244416199,0.16750025364410143,0.2333553033774824,0.1693748059858785,0.00066807919509302,0.00117617434261196,0.9,0.6,1.0,7,4.640048886343632,27.85133199595132
12,4,0.536922857318145,0.6784983540187003,0.43131239688009526,0.19242413427555888,0.5422373027337031,0.18390394020455608,0.00127072650922855,0.00352673172793229,0.9,0.6,1.0,8,3.9306491615765777,10.115252203418668
12,5,0.5084687324700161,0.6691023500985503,0.4245745002983088,0.17472880336685073,0.15165885308804805,0.1577769256714821,0.00075235895313723,0.0018005042008515202,0.9,0.6,1.0,10,5.060876252234371,15.735199624275424
12,6,0.4888975197833628,0.6346778638831582,0.395674566980427,0.17438957887213447,0.26454468393391717,0.1566739690711921,0.00141270748373568,0.00514273503559653,0.9,0.6,1.0,11,5.588488603435474,13.612305799595733
12,7,0.5641038048386067,0.713624924450082,0.4892485219028323,0.2884347880973449,0.5001329802841199,0.19722313099035885,0.02661128709689368,0.07004108763697289,0.9,0.6,1.0,12,6.962919214349907,15.09177435135257
12,8,0.5630180933209431,0.7310857544400337,0.5088592305266582,0.30505748458577264,0.2668058102217973,0.19722313099035885,0.02661128709689369,0.07004108763697289,0.9,0.6,1.0,14,6.9308321156679416,14.331607878982766
12,9,0.5103490761761319,0.6786200540224907,0.4612983170222491,0.2643604020715404,0.263310524208077,0.17390615213353436,0.04117005456228348,0.04242157943371857,0.9,0.6,1.0,16,8.674591721965626,29.96185954453132
12,10,0.5099820748194194,0.6967624917026379,0.48121542400458334,0.2719135239960055,0.22353686872949585,0.1739044828400451,0.04099426824037278,0.04224677592642357,0.9,0.6,1.0,19,8.652020255813587,30.158058299889092
12,11,0.517777430378115,0.6859764898750875,0.4710536476145125,0.27830657679724663,0.2754441679091915,0.186938355124966,0.03867983140871669,0.04570434204224769,0.9,0.6,1.0,20,8.160491424004325,35.636132197168045
12,12,0.4882306300049832,0.6562383478161887,0.44373988668050013,0.2652139307482956,0.23325493019007937,0.15689798584299666,0.04372832811761691,0.046199711106289496,0.9,0.6,1.0,22,8.911869083531988,39.18037276426813
12,13,0.5141067602732171,0.6812540399487724,0.47435933182904566,0.3119400272966482,0.3436850909768366,0.20248942958509197,0.04275330860295035,0.04515958457793494,0.9,0.6,1.0,23,8.577014767704643,35.529521525742794
12,14,0.4525870944592545,0.613676479657155,0.42394148344779614,0.3096177291120845,0.3221583817364918,0.11887520194232624,0.05738885760587163,0.08812294287279748,0.9,0.6,1.0,26,7.475588617744935,60.07742408840715
12,15,0.443088285343083,0.6031970189394196,0.41535700725031777,0.3068016926383284,0.23922629426392505,0.11212299991469798,0.05753468007437672,0.08849946459307592,0.9,0.6,1.0,28,7.510374857300991,60.91743955901632
12,16,0.4445405035470107,0.6189665279525187,0.44001418633198186,0.3464492155883845,0.354943708721808,0.14657267277260272,0.0530473778118979,0.07579975681911225,0.9,0.6,1.0,29,8.230222121089785,8.170821481062399
12,17,0.46169247638130045,0.6469512632589318,0.480474985033089,0.4013318459440926,0.3634209563485008,0.1398671175630123,0.06467766442155978,0.11190027721036704,0.9,0.6,1.0,31,12.34970674138465,4.713767748096585
12,18,0.42672845061059905,0.6056400281597486,0.4467071377648304,0.3814128854970765,0.2851525127639795,0.15890462865587981,0.05661704157326256,0.07766428748777268,0.9,0.6,1.0,35,8.20251171407757,5.165439202961417
12,19,0.425972621761927,0.6231981183393962,0.4662258649375426,0.39118143937700983,0.25603261040714864,0.1584437977578799,0.05661746363226848,0.07769011304976814,0.9,0.6,1.0,37,8.243039298353818,5.371596732043018
12,20,0.42613455556265833,0.6232962353288432,0.46640458953315267,0.4086495304950517,0.25594415572780305,0.15877076241886975,0.056729029057095745,0.07763404735197596,0.9,0.6,1.0,38,7.890001166341227,5.438697733730493
12,21,0.43151925108356404,0.6051143831570394,0.4519184909491363,0.41833777640520076,0.35679632596503474,0.16960273263107362,0.057492379007742934,0.08171906772941831,0.9,0.6,1.0,39,8.030250705506536,9.281122535696754
12,22,0.47084880922601674,0.6439356154891643,0.49126048353926516,0.4651461848564642,0.3174625003494102,0.19278142093571346,0.0680479653476944,0.0946833166937434,0.9,0.6,1.0,40,6.2223742635831005,3.4510725756722747
12,23,0.3938898038964169,0.547976628629327,0.41299085931098756,0.4150073736662625,0.5446149773418726,0.14266738091561307,0.0622010515497627,0.09276476359306653,0.9,0.6,1.0,41,11.592629946467127,4.701881996143444
12,24,0.42389377668800265,0.5742580888136661,0.4423952434448508,0.4588887422809518,0.34326047532748616,0.13487676691524345,0.07407800043785566,0.12695191015822568,0.9,0.6,1.0,42,12.224208602071814,4.248404250229972
12,25,0.4157577653442667,0.5813639210154464,0.45394304968984467,0.4684424192359295,0.310338796373714,0.1326872425193789,0.06766619198186767,0.12830121825860236,0.9,0.6,1.0,44,10.50610628045726,4.615856669770077
12,26,0.42251674790263305,0.5783020557096695,0.4585678651587999,0.49142214592789524,0.42898700530821865,0.14007368117336894,0.08687474723193678,0.12680721052347632,0.9,0.6,1.0,45,10.593033602546456,7.090311287605783
12,27,0.4225167465070443,0.5968117076037447,0.4788189668162207,0.509685326735378,0.3049984695944026,0.14007368117336888,0.08687474723193682,0.12680721052347624,0.9,0.6,1.0,47,10.593034548312952,7.090310871361878
12,28,0.42251504038614746,0.6153179702793337,0.49906809055657725,0.5282448168529799,0.3050090674663738,0.1400736811733689,0.08687474723193678,0.12680721052347638,0.9,0.6,1.0,49,10.594207525380916,7.089795089925555
12,29,1.28342571451252,1.4285549111784783,1.3167186858179827,1.3852248619710013,1.2394060129025277,0.10923908828283824,0.12869945544965042,1.0,0.9,0.6,1.0,51,12.261505476664116,14.778296296446657
12,30,1.2840081135714039,1.4470122199289817,1.3373747853455227,1.3978331640979338,1.1803568387908001,0.10973572406536575,0.12982453687917192,1.0,0.9,0.6,1.0,53,12.156585758881466,14.867134756900128
12,31,1.2782294231198412,1.459033074213579,1.3516471809958792,1.418723996794905,1.1731282383578547,0.10996958398220512,0.12084207053408572,1.0,0.9,0.6,1.0,58,12.417995540575989,15.540246675548143
12,32,1.278791691532072,1.4584935467062456,1.3518956098017205,1.4273594600638266,1.1856972550426532,0.11108660879190642,0.12164006392613258,1.0,0.9,0.6,1.0,59,12.47040350992799,14.612003621093455
12,33,1.2765577202785012,1.5116739352350699,1.4103822537537483,1.4725995792364608,1.1710884868024485,0.10984595902928943,0.11993650849986667,1.0,0.9,0.6,1.0,64,12.708245810968808,15.30786494220191
12,34,1.275710760039059,1.5107835723971845,1.409522781988183,1.467971355289965,1.1705105125008528,0.1098544752399187,0.11857218746790794,1.0,0.9,0.6,1.0,65,12.70381123149796,15.30604756676878
12,35,1.7994758847159908,1.985754933554903,1.8891943129117652,1.964939752887028,1.7529721656387234,0.11446577325945727,1.0,1.0,0.9,0.6,1.0,67,12.53041313947848,19.031904222004705
12,36,1.7939428514458413,1.98075217674672,1.8838315597108166,1.9991355595792508,1.7449967616614102,0.10787956236759426,1.0,1.0,0.9,0.6,1.0,68,12.783310750755948,17.329132584998433
12,37,1.7939387047555975,1.9992522258550838,1.9040767841289599,2.0116846220890325,1.6972518478953784,0.10787956236759419,1.0,1.0,0.9,0.6,1.0,70,12.7880972742909,17.336947186664897
12,38,1.7978290801250574,2.023286094471926,1.9287389075146917,2.044605821358859,1.7027348430476437,0.11084089470457081,1.0,1.0,0.9,0.6,1.0,76,12.076086185888638,12.470203800763068
12,40,0.4084813449809497,0.7254681512331994,0.6542604034239806,0.7857917502567345,0.3315024528896716,0.11688581514412812,0.11831813554467967,0.14779794515428937,0.9,0.6,1.0,104,11.318639812884228,11.671189142704526
12,41,0.37690187684895227,0.7118232507973683,0.642723835990915,0.782245655868989,0.29376251991466273,0.10917896333574581,0.1114879135887041,0.12761975414731233,0.9,0.6,1.0,110,11.092813912124544,11.600445361829562
12,42,0.40643598001869363,0.7409673989106846,0.6721163831408974,0.8220031827591334,0.32657887168687694,0.12163343106875439,0.1154312109338231,0.14382678205648952,0.9,0.6,1.0,111,11.280245102122048,11.618347374875643
12,43,1.2546055283681432,1.663562536575496,1.6014310378369117,1.9458355320602037,1.1706232883349075,0.11420751240842557,0.11282071491207005,1.0,0.9,0.6,1.0,152,10.48931525668396,11.809404805950924
12,44,1.2567085056937204,1.664079409675511,1.6029562963702007,1.9529857746302404,1.1817706960225616,0.11411558992219976,0.11813612940565446,1.0,0.9,0.6,1.0,153,10.722758682490433,11.777484055110545
13,0,0.8613597075825092,0.7525527346509535,0.4014652296590585,0.013138301163168107,0.0,0.0,0.0,0.0,0.9,0.6,1.0,1,11.250381186575998,75.01736385324266
13,1,0.7549237464408929,0.7807486871046596,0.468407081412743,0.13831232595123813,0.4410971403402005,0.14169865201242365,6.355485893416e-05,0.00013592261999961,0.9,0.6,1.0,3,6.213831816250575,54.2030754690544
13,2,0.6398418282131882,0.7449498276923392,0.46366572253418525,0.16012449526019065,0.38580422238481016,0.16432086945476576,0.00029020614785213,0.0006206540399518,0.9,0.6,1.0,5,3.320600260970114,36.599472635690205
13,3,0.6016320008866353,0.7008249867063231,0.42659943454993926,0.15763902403076507,0.21684739876606776,0.16083161136112106,0.00032225337613402003,0.00072672506768568,0.9,0.6,1.0,7,3.3803653766186352,22.42176435627645
13,4,0.5319505689563078,0.6455335234958774,0.3842655882354034,0.1412115774065462,0.1935302794846572,0.136358594508171,0.00029119074650858003,0.00075722118176468,0.9,0.6,1.0,10,4.130841003153669,36.23816907904671
13,5,0.5719127983628526,0.7069837605721165,0.45082701747342147,0.20205345007476194,0.22974931658089565,0.17418846891041734,0.00459667625042946,0.01572185628730318,0.9,0.6,1.0,11,3.5298410182139635,41.83382066919882
13,6,0.4995275238356908,0.6402625645337454,0.3917062215784471,0.1621154372331387,0.1895830727313072,0.13041727504031717,0.00200056620022487,0.0094716161128757,0.9,0.6,1.0,13,4.960137840613661,35.53970979710151
13,7,0.4858243692629757,0.6328652078499951,0.39715841225158777,0.18769479603287798,0.3614385525308826,0.14866036611651665,0.00468749579340159,0.01704343402015509,0.9,0.6,1.0,14,3.406303060904672,33.44083710923571
13,8,0.4839759369625724,0.6316998728375538,0.3981226591585697,0.20196035417964897,0.19242411473919646,0.15221162144003195,0.0052991353822742,0.01778419557832077,0.9,0.6,1.0,15,3.302359397411595,34.23428842323501
13,9,0.465284494107901,0.6140371798189537,0.384350750981867,0.18866530751600732,0.21348420072205446,0.1445104367557443,0.0048707115032114705,0.017301886505734658,0.9,0.6,1.0,16,3.7144575209156594,37.53625689597521
13,10,0.4466246226729609,0.6145467517872273,0.39093753642660156,0.1960620886020018,0.17832587844833062,0.15290707823439945,0.0015075545149370799,0.0048977183445114,0.9,0.6,1.0,18,6.071397920454394,29.211439077341577
13,11,0.4305115672736294,0.5991128789766664,0.38488180584261394,0.20397760588671554,0.30667453361864305,0.1531548765436546,0.00248826704692574,0.012737315840736372,0.9,0.6,1.0,19,8.270514753076887,22.19412981377268
13,12,0.42435601280404606,0.5913664082056415,0.3851192140023171,0.22058432783280896,0.2910873226293143,0.166652877989454,0.0032311575850688203,0.0129011164189654,0.9,0.6,1.0,20,11.346932767167168,34.55525058920245
13,13,0.4218870568137709,0.5882551485345158,0.38473850890548933,0.224622805169584,0.21302304108495693,0.1670917137905473,0.0026398298661035697,0.016762276641602798,0.9,0.6,1.0,21,13.532808335696526,28.65736841071858
13,14,0.4096149597581896,0.5730273765260059,0.3781532219273048,0.23596072968753337,0.24557347400871654,0.16115561785057997,0.00511551879295921,0.02758686340361812,0.9,0.6,1.0,23,11.560704972684707,27.57389617509288
13,15,0.4383389620352253,0.6016368515983211,0.4072707846113792,0.2658069439960582,0.2145683340567811,0.148569822153464,0.01914016330062767,0.06041361701602521,0.9,0.6,1.0,24,10.920934622257592,30.944473517232467
13,16,0.3870534994950737,0.5647044692417156,0.38047136952549765,0.2391830011475673,0.307215482545036,0.1582323492101407,0.0073459787524742,0.02490287097659344,0.9,0.6,1.0,25,12.817152770625569,26.631730519872274
13,17,0.3838887080986265,0.5589809258978934,0.37901274775121463,0.2708752894683241,0.1906802520690875,0.1661546571592412,0.00514023171879705,0.02432580554241716,0.9,0.6,1.0,30,9.662960282481592,11.644028035161794
13,18,0.40585445515466917,0.5602847630577352,0.38187691426791376,0.289543160420171,0.25851970977729405,0.17105407142673074,0.01288101539166947,0.04356503498756627,0.9,0.6,1.0,31,12.700816046105915,34.98500033149414
13,19,0.3610361217868558,0.5333442888960511,0.3575957328230572,0.25261753413134697,0.17691434480774013,0.1446018335450899,0.006895063141449739,0.027870695832751053,0.9,0.6,1.0,32,9.722894370580237,23.247858968679317
13,20,0.346905916090381,0.500865650446586,0.3470838818098942,0.279088711821423,0.5414588339367807,0.16296036201598862,0.009296781252513731,0.03384316355696434,0.9,0.6,1.0,33,11.47677152537517,25.76204891274817
13,21,0.33194713288417227,0.4996881608657931,0.35238557125704034,0.27402789375015013,0.25563779054808566,0.16379127134182966,0.00669423511160844,0.027137025739787952,0.9,0.6,1.0,34,10.98147342406266,23.9158371700773
13,22,0.32193116029767427,0.4577283238602367,0.32081460078565144,0.2795481834341424,0.3821183184502672,0.16670347414152464,0.01336733149506616,0.02821513173633606,0.9,0.6,1.0,35,13.05602137550468,20.70228254536052
13,23,0.3041265054095965,0.47656619727746186,0.34362669638237403,0.2988880765735421,0.17140419278787977,0.15431641853839878,0.0059919008656014305,0.02686894636748886,0.9,0.6,1.0,40,10.249402835068464,24.23859272701844
13,24,0.3031568546546257,0.46490155331624966,0.34056646325025025,0.29772767638459413,0.3169163286180209,0.1537680007782574,0.01965564740166062,0.029597335000513654,0.9,0.6,1.0,41,11.598502617017134,22.62941280094256
13,25,0.3094853273207865,0.46030565810990276,0.3443056094161254,0.33334459642251135,0.33108770683508837,0.1638873234764029,0.01429022209500149,0.04051932607546399,0.9,0.6,1.0,42,10.822691426767696,23.692256264402715
13,26,0.2937606115196235,0.4619813637031488,0.3485887604551876,0.3084998762856987,0.19680375294976676,0.1588654698054031,0.01222804878857056,0.0316661030418242,0.9,0.6,1.0,43,10.201554916212077,24.76584930656928
13,27,0.28075994831679324,0.4415629272502341,0.3335058082343116,0.32829644561327703,0.2608610009981199,0.15731686786847754,0.00799947061429776,0.028881306794917027,0.9,0.6,1.0,44,10.355279153940394,21.70031230691832
13,28,0.27932444524448197,0.456874145415146,0.3518039710940813,0.3387193643921074,0.18529086641716896,0.15731686786847754,0.00799947061429776,0.028881306794917027,0.9,0.6,1.0,46,10.419520256771207,21.4489859589237
13,29,0.27796564406837987,0.4547211705900231,0.35021111478427996,0.344938479293332,0.17908223457972144,0.15640026998841167,0.00785804596593881,0.029076495054780438,0.9,0.6,1.0,48,10.383897543814369,21.243926882957386
13,30,0.27637189570337123,0.46990398807330147,0.36835091715199775,0.3482094281417692,0.19400726088363496,0.15737106201243115,0.00603166439596251,0.029093458816540418,0.9,0.6,1.0,49,9.582188405967164,23.4686501029995
13,31,0.26885235073808444,0.4430540141239739,0.3403330887421579,0.372709310771178,0.16980581847989032,0.14937897349124246,0.00918574727336431,0.02752688822347027,0.9,0.6,1.0,53,10.430519047058617,23.546087097206776
13,32,0.28095900007549185,0.5231625030417518,0.4315581890770994,0.39000079336525917,0.25131510280382413,0.15172660004533087,0.01467214332728596,0.03885158382615433,0.9,0.6,1.0,54,11.345978438627922,20.340430765492933
13,33,0.2859962118645308,0.5248030130778717,0.4354913308245815,0.4109538547726729,0.19792432873371404,0.16341033586692538,0.01248132632550589,0.03717914163951672,0.9,0.6,1.0,60,10.467124654322893,22.31686511611284
13,34,0.2897502068073355,0.5093684515502339,0.4187699508435707,0.42670715680065385,0.19965065506178858,0.1649560592917571,0.01617901969505399,0.03781233310533759,0.9,0.6,1.0,62,10.58621929881551,22.28972027637838
13,35,0.28857577761083636,0.5069745137008346,0.4171900482570913,0.44083532216737137,0.20006566852889296,0.1658205088644941,0.01554195015040733,0.03711321530366346,0.9,0.6,1.0,65,9.778603424447535,23.562378638894533
13,36,0.2908781437578727,0.5277032219938489,0.4397157793803103,0.4781850054561247,0.19826500735990857,0.16739176689824686,0.01679870450553875,0.037306575253014514,0.9,0.6,1.0,69,10.352146613714776,22.29779154238525
13,37,0.2877287476337301,0.5185009691785374,0.43450080909732036,0.48131734545599736,0.23133417647195567,0.16733140071229,0.017060503641097118,0.0382416725282693,0.9,0.6,1.0,71,10.872627222050015,21.969193933065355
13,38,0.28719634022628304,0.5340075527226644,0.45335240047184217,0.4944281120739646,0.2131612106371774,0.16746288249637134,0.01719706664303626,0.03915644505869344,0.9,0.6,1.0,73,11.091251351552666,22.19994208485871
13,39,0.28702377095919707,0.5143454965956347,0.4325810404941218,0.49362883419302556,0.21088179955725148,0.16839658573099062,0.017274722616706602,0.03874076181155114,0.9,0.6,1.0,74,10.987499936895848,21.924314512525356
13,40,0.2812971406995986,0.5776730869293228,0.5060609991226943,0.4933514139506358,0.21560629806860812,0.12112858702868808,0.04848368276091386,0.06002869413261639,0.9,0.6,1.0,77,6.677706929578858,29.466287289651703
13,41,0.3836102914208379,0.8905364667182252,0.7685822708684045,0.6690726974908772,0.24105950823329267,0.1342796613859249,0.056634539432838193,0.06600245367109187,0.9,0.6,1.0,101,6.288173058162579,33.38044946051556
14,0,0.9752609396480816,0.7919731585193267,0.4255360847515988,0.015727517808782957,0.0,0.0,0.0,0.0,0.9,0.6,1.0,1,5.887452429156001,76.27125196248933
14,1,0.8183295076921944,0.8100534096145484,0.48579957393248036,0.13903366464642136,0.467612038339147,0.14024210945051813,6.607172413793e-05,0.0001573838658505,0.9,0.6,1.0,3,3.1502266968923798,54.07514495414201
14,2,0.6155649613558392,0.7300385162739593,0.45513279872225565,0.16051764946826785,0.5352156284994325,0.16528102299718145,0.00046957113685936,0.00111852568969543,0.9,0.6,1.0,5,3.4768428018020345,30.119522402939168
14,3,0.6093665965379339,0.7267094415919064,0.45394885734651036,0.16624945378918937,0.16968475981619863,0.16728671632801156,0.0005953169553379901,0.0014180541685555798,0.9,0.6,1.0,7,4.31528583929657,26.605313822432706
14,4,0.5454267053928937,0.6593706560852174,0.3984961626793081,0.16008134710540467,0.35895479747705683,0.15150645048272793,0.00078051144079686,0.00167824295614445,0.9,0.6,1.0,8,2.1614323836366,15.290691704762096
14,5,0.520774758157408,0.6417082158855321,0.38951721683903406,0.167985629902092,0.21337606794839103,0.1555655621546253,0.00111087006148652,0.00246516228539699,0.9,0.6,1.0,10,3.293801114107197,9.75466127113866
14,6,0.5249326337415037,0.6668917213890388,0.4203443593853369,0.18597173337795536,0.22296225395125632,0.1752457881881048,0.00073096455228827,0.0016763923998158702,0.9,0.6,1.0,11,2.908630467815057,10.170534339059945
14,7,0.5800670477892189,0.7298813400997545,0.5109116591374128,0.31767782419044754,0.7401106248728903,0.18972393699661114,0.02186390183531066,0.10978069595957432,0.9,0.6,1.0,12,9.314235758423806,10.858523613020228
14,8,0.5742602315607277,0.7424561879891576,0.5275388776610244,0.3368817436135017,0.31217156364353293,0.18972393699661114,0.02186390183531067,0.10978069595957445,0.9,0.6,1.0,14,8.785395796734852,11.735087071933828
14,9,0.5270247114587628,0.6949713141733904,0.4830723581286523,0.29664283938590685,0.2783411124582462,0.13932627230351005,0.037157403763369665,0.1062291855416168,0.9,0.6,1.0,16,12.589778748340422,9.329194635884347
14,10,0.5256902837424916,0.7120795242233129,0.5024676998401031,0.304493319907756,0.2627252132612615,0.13932627230351005,0.03715740376336963,0.10622918554161678,0.9,0.6,1.0,17,12.3548192265113,9.748832434625362
14,11,0.4304717529589033,0.6166277502229497,0.4087041698535651,0.22127729923529993,0.19011510087866076,0.1508305591557891,0.00467501543583141,0.0242486441195344,0.9,0.6,1.0,18,6.325861091456279,25.93387368496809
14,12,0.558080865947859,0.7418826622498039,0.5436674726402019,0.3616425654487069,0.47003617615617255,0.2056936325590702,0.024136600776181922,0.11338276589233462,0.9,0.6,1.0,19,7.677134695520263,13.1245226675258
14,13,0.49984751350172185,0.6990773243772501,0.5104156926176369,0.32725623631096556,0.313861638914983,0.15360827784794867,0.03943010270424086,0.10983125547437703,0.9,0.6,1.0,22,10.595416366268516,10.881057884221113
14,14,0.4069244301215412,0.6056175738348024,0.4181066890656616,0.24591632401856334,0.199867593721776,0.1645564863107068,0.00636526413544181,0.02931241897692289,0.9,0.6,1.0,23,5.1138128410461805,28.081581185062745
14,15,0.4065776826650764,0.6223281934003874,0.4394529554500615,0.27187107715258946,0.21026713025799434,0.15953811510504767,0.00858445491072854,0.03813124484404313,0.9,0.6,1.0,25,5.0952701465223935,28.38096580596606
14,16,0.48114660481923555,0.696801461488393,0.5141117678260475,0.3500839147640715,0.26483129223641916,0.18223964911570306,0.02104756870065746,0.0851717316807237,0.9,0.6,1.0,26,11.162667181283272,18.77987514090938
14,17,0.409948538535809,0.6249033300463704,0.44351447833473157,0.2851227588358942,0.20377573697346188,0.15365278519697634,0.01095197958266921,0.04840005335938003,0.9,0.6,1.0,28,4.707156984547614,23.361022428942217
14,18,0.41667399177205366,0.6303575875962537,0.4512184107881535,0.2961186574629145,0.24087628898264385,0.14207918010380075,0.02048802655325094,0.06432641509069796,0.9,0.6,1.0,29,4.2530057488561495,14.953380986253848
14,19,0.41644941341871083,0.6485766140051148,0.4712920085170073,0.3055791599637574,0.20540545281024325,0.14207918010380075,0.02048802655325094,0.06432641509069792,0.9,0.6,1.0,31,4.269719866469819,14.771551167680618
14,20,0.4159042162236688,0.6475788198357907,0.4710618777601172,0.31273530728848964,0.2178811188624408,0.14312594446348015,0.02111153650738726,0.06398368122737016,0.9,0.6,1.0,32,3.830648697280488,17.264395328597555
14,21,0.4103819105753133,0.6210266717509978,0.4467957814795075,0.30804599888351636,0.24034277382708105,0.15518301449830982,0.01587177034497019,0.058577294088570354,0.9,0.6,1.0,34,6.089180159326853,16.708187071549617
14,22,0.39028565481507116,0.6182094390640737,0.4475605671941865,0.3172038339554693,0.1961293118253013,0.16959207592715816,0.00356811110697838,0.03639142103096131,0.9,0.6,1.0,40,3.3969893935898403,18.410174267900448
14,23,0.43023428697857014,0.6742474991081054,0.5088054705340401,0.39367518061891954,0.25167689525117853,0.15444306156125434,0.08419164242995833,0.04807934619214977,0.9,0.6,1.0,44,7.4727666225141345,16.457504066179954
14,24,0.4144861649911652,0.6538702217424025,0.4943696740039814,0.38758250440126946,0.32831576308230004,0.15752841021145958,0.05598889914287954,0.05710572750931801,0.9,0.6,1.0,45,9.211165677398029,10.81409673445208
14,25,0.405904107354752,0.6255034431104813,0.4658048724781848,0.3804026114719014,0.25153415006898044,0.13252473531106332,0.06316557173299352,0.06940973686511696,0.9,0.6,1.0,46,7.574367243449298,18.32623595924984
14,26,0.40426607744439236,0.641281446039933,0.4846199174994144,0.4059143014808308,0.2376568955882129,0.1451022602969769,0.03088490632819092,0.07805407990513867,0.9,0.6,1.0,48,9.497764624402372,21.28506980250316
14,27,0.3734833352131934,0.6156224612619006,0.47489691422802677,0.39274018449046627,0.4490904908956889,0.14380469431409124,0.04870881360339872,0.060812918640599255,0.9,0.6,1.0,49,5.871221056000434,21.12131181816697
14,28,0.37641698847119565,0.6157561328141987,0.47770661169820455,0.41269367075762187,0.24089475800033683,0.13451886350182216,0.06260265702070207,0.06784001965948495,0.9,0.6,1.0,52,6.600284372303619,19.71876034409991
14,29,0.393684235809991,0.6297497362876671,0.49473722538084286,0.4477588127171406,0.2728507506811171,0.1377769976703089,0.07788654490704121,0.07753069112636093,0.9,0.6,1.0,54,7.391797146561944,26.86403861366752
14,30,0.3932219610348538,0.6662590385855895,0.5347693077927013,0.47031184985251484,0.24800329966911966,0.13732905835417045,0.0777431783939251,0.07761195513543162,0.9,0.6,1.0,58,6.756494636863273,19.89653484474884
14,31,0.5051571949797351,0.7858551246044002,0.6243138231238674,0.6248618070171987,0.31663739418255765,0.15400815147027092,0.0810068208832219,0.12604266756118665,0.9,0.6,1.0,74,3.532304309461452,27.884332570276356
14,32,0.43850566308159344,0.6887827448478754,0.5593518630409561,0.5920600795615707,0.3011138386530427,0.15523078033059942,0.06412799321638671,0.12046297655592444,0.9,0.6,1.0,77,3.0017301494582718,34.52145999984416
14,33,0.31441778129950043,0.5638494324470636,0.4351743598938165,0.45623023574429533,0.18185123312287796,0.13683531418435696,0.036271452516463236,0.03074054177737025,0.9,0.6,1.0,79,6.764703000804703,12.311830938710848
14,34,0.44524456248814,0.7116366559177876,0.5860354859607796,0.6306390291374677,0.33079176447525704,0.15405275758473164,0.07992541542197,0.1217520174822108,0.9,0.6,1.0,80,3.5446803275225363,34.72964016578833
14,35,0.36451448627483557,0.5620659611903124,0.4421582853681701,0.5300036138368315,0.4180686667336244,0.14381599469138462,0.03712260880807045,0.09064447720014102,0.9,0.6,1.0,81,6.5065294741344175,21.40042356129229
14,36,0.37407897017257197,0.5870855886264795,0.4712804374720886,0.5475950755194032,0.29293806281037593,0.1572222067301241,0.04038051541625927,0.08919757103217504,0.9,0.6,1.0,82,7.976676938800653,19.67843803093061
14,37,0.37466820129375467,0.5863095880579039,0.47155036011129436,0.5566109172060971,0.27374041116982795,0.15542799865732077,0.03550356134948227,0.09564876825458515,0.9,0.6,1.0,83,7.83127892371895,19.671512596025973
14,38,0.374642244748139,0.586120107569034,0.4714858553378334,0.5511714743605473,0.25898899156860444,0.15542334991391893,0.0357193552611079,0.09565484130452015,0.9,0.6,1.0,84,7.8343236207155,19.68145473146044
14,39,0.3606966423367991,0.5676650031542915,0.4564301567249728,0.5573519295282517,0.3022395217241386,0.16897919266086048,0.054232640182918755,0.0626218518507011,0.9,0.6,1.0,85,5.567327612225008,18.885200264508125
14,40,0.33820311785505097,0.552931772946328,0.4512319128973304,0.5593692077338357,0.2760407421507169,0.15262441359868043,0.05582545312564976,0.06315789534567269,0.9,0.6,1.0,88,10.383852199488125,31.282633503314884
14,41,0.3122488146499832,0.5023372482094591,0.4031769757244597,0.5464970639292062,0.2475904276109019,0.14855165694638406,0.04256109263788537,0.05369188577013064,0.9,0.6,1.0,90,8.265564785047632,27.77589033489881
14,42,0.30723782762594054,0.5158285029944312,0.4184172443894777,0.5769829467496808,0.20794710330728816,0.148833858890155,0.048663122884396184,0.04477749433515027,0.9,0.6,1.0,98,8.453164941219747,22.853090555119756
14,43,0.30566875031290963,0.5267243333801759,0.4351677423665118,0.600322565666241,0.24414782788451517,0.14905464017835093,0.053365295040452634,0.04470715430893296,0.9,0.6,1.0,100,8.46255660624212,22.91212825721297
14,44,0.396550406460759,0.7282801249858062,0.6474270952820528,0.847289186265295,0.3021938521209525,0.17277121978557095,0.07512479372288419,0.1014579679922942,0.9,0.6,1.0,124,5.561715084083797,33.51357196124676
14,45,0.39555546912648126,0.762914266264108,0.6864728734943695,0.8841129631258616,0.30577273537617256,0.17277121978557095,0.07512479372288416,0.10145796799229419,0.9,0.6,1.0,128,5.571018776299804,33.09547130659987
14,46,0.4481796129005656,0.777660481824053,0.6983089099557642,0.9042732453024278,0.363352194083591,0.17056070687585545,0.09620336331390829,0.1440367280276449,0.9,0.6,1.0,129,7.580798422907674,14.797106098652009
14,47,0.45875745683877,0.8035043891530704,0.7280423216348949,0.9312320039845996,0.4040614176220314,0.168853519599188,0.1244133676967775,0.14149789672961552,0.9,0.6,1.0,130,8.370889765029945,14.296990644124264
14,48,0.45713496308804136,0.8383177938772907,0.7667222317937727,0.983542423467998,0.36766327616340344,0.16906983435533193,0.12173932553970968,0.14168680191074343,0.9,0.6,1.0,138,8.329281067755325,14.477427706915812
14,49,0.44647205687967084,0.8273453529315922,0.755953172699053,0.9830048780034183,0.35727487819024306,0.17413950786405613,0.08726192960710344,0.1473603144485461,0.9,0.6,1.0,142,8.095222354103942,14.449958653204666
14,50,0.4489176307308794,0.810476000359907,0.7378700311913623,0.9871870975446311,0.36228100399063967,0.167530738503854,0.10065345398521981,0.1482689259192417,0.9,0.6,1.0,145,7.903256458875186,14.447220686666578
14,51,0.44666420648163263,0.8072556074287824,0.7352816007897558,0.9895354327932766,0.368107823428393,0.16947780032121446,0.09452720128092068,0.14859494097777756,0.9,0.6,1.0,146,8.060234830065408,14.442623045477552
14,52,0.44169968599660653,0.8560901267262808,0.7904657162598621,1.0088686688190593,0.3576733724438836,0.16866648759504704,0.09707105645573012,0.14399375231014394,0.9,0.6,1.0,151,8.476822891914196,14.44375770281142
14,53,0.444143396090664,0.8206949730852888,0.7521183861680026,1.016795756055188,0.3598889648632573,0.16907646334309068,0.09280249326828408,0.1491733753327111,0.9,0.6,1.0,154,8.320216088058036,14.595733440218948
14,54,0.4134272954531853,0.8447938961438674,0.7819144946546909,1.0618255813965032,0.32752033896167876,0.15457206208756913,0.07351217205456195,0.14358526043773123,0.9,0.6,1.0,165,5.711390958697224,19.489249300338823
14,55,0.4113609061783913,0.876515741922504,0.819182044104383,1.1051302156529852,0.33508104528831173,0.15457209869027058,0.07351217207010406,0.1435852591882407,0.9,0.6,1.0,169,5.652346184934288,19.12217938640409
15,0,0.8337084175677467,0.7422355299258461,0.3951652247368706,0.012460375067035893,0.0,0.0,0.0,0.0,0.9,0.6,1.0,1,13.151939167715998,78.34549476771599
15,1,0.7378230102901394,0.7787386798920247,0.4724373952895,0.15079629092800603,0.47096310636208616,0.15670333936472275,7.179661442006e-05,0.00012948718442359,0.9,0.6,1.0,3,7.858671749721121,55.97333114977926
15,2,0.6433021853797967,0.7338334083374385,0.45337990223221464,0.17058708093443983,0.3717579866261559,0.1799912433277141,0.00028718645768024,0.00051794873769438,0.9,0.6,1.0,5,5.1055966944626965,41.17856920712445
15,3,0.577955739878177,0.692174584212498,0.43160053471891235,0.1888740877616192,0.49365241521902137,0.18880601524117244,0.00060732545254972,0.0017882276866286,0.9,0.6,1.0,6,10.044052947868236,26.85470336455244
15,4,0.5073993623719341,0.6549836531158822,0.42097904413682297,0.2005358884228628,0.38095950650740906,0.19698836393575966,0.00089776634828947,0.0023120458935815,0.9,0.6,1.0,8,5.466045604944654,14.3270546105004
15,5,0.5062366310634655,0.6538963039053741,0.4201413357286542,0.20538992067225462,0.18171364976846263,0.19658226376083662,0.0008642361870907,0.00225157331834982,0.9,0.6,1.0,10,5.73401446658434,15.0696114922559
15,6,0.49511867843476326,0.6254987829970806,0.3948799722227537,0.20802662067424832,0.2614070249739327,0.19837053085519935,0.00117871649336274,0.0030921272614128597,0.9,0.6,1.0,11,7.354580839097595,15.916934827006653
15,7,0.47681334815497817,0.6078367514192813,0.38179724873234,0.205879681472934,0.2503788089974324,0.1919081172213577,0.0011368355574305799,0.00303212588109741,0.9,0.6,1.0,12,7.379207416956812,17.67301117086338
15,8,0.48772386501849174,0.6372626015429913,0.4226040165207352,0.23791543708938143,0.2900526109120015,0.20415249973157237,0.01442305016083211,0.01971249143668944,0.9,0.6,1.0,14,6.826259740780188,13.19934225207328
15,9,0.43631749593792263,0.5673270016899614,0.35128834640494233,0.19494989853315417,0.1645789551260133,0.17023184840284464,0.004891163297536151,0.00546234278711083,0.9,0.6,1.0,16,6.28572355412176,14.598057721080483
15,10,0.4991758730497657,0.6488339322639183,0.43581233654900114,0.2630096095808461,0.23913008417358525,0.2198598751764858,0.01464552419404247,0.02121774293485282,0.9,0.6,1.0,18,7.813950981092349,10.797156290273875
15,11,0.48401441873275397,0.6327811673256248,0.4235849615359495,0.2617193591505387,0.28168170523437397,0.21608110568442165,0.013911733592190301,0.01883050077072898,0.9,0.6,1.0,19,7.125399400885433,17.935045508963842
15,12,0.4656609409165107,0.6509809542727838,0.4478493213206393,0.25453559382617724,0.2518870143511832,0.16617373063519963,0.04317975459276327,0.03399682632040142,0.9,0.6,1.0,20,6.8680403418963065,16.45793513699923
15,13,0.449261674904272,0.6334745191967183,0.43396272116655504,0.24848944326117484,0.25902709707387367,0.18868705308406533,0.01483583636235095,0.022531095852101148,0.9,0.6,1.0,21,7.557857042951859,10.800574561001616
15,14,0.4594761403789203,0.6436302070941774,0.4443096545707708,0.26445279744328615,0.21499174710311023,0.20119491199159203,0.01508700909705935,0.02177016133762451,0.9,0.6,1.0,22,7.944912850398468,13.34955200269546
15,15,0.6029049114011291,0.8011402334351361,0.6146672562852813,0.43848899932008967,0.5592743010218933,0.12959107167527362,0.19848557390552607,0.14369738622669992,0.9,0.6,1.0,23,5.646723471393052,17.07914681948023
15,16,0.44216130746845606,0.6186208351955437,0.4363881081531948,0.2863069089126604,0.32760838439692425,0.18732145776108114,0.04378379373027412,0.03591369938618993,0.9,0.6,1.0,24,7.074659694449163,13.228299494274138
15,17,0.6322128127585667,0.8171953326081407,0.6520363510375995,0.5148059063974687,0.5777568347924793,0.14109564791858176,0.24220052768211145,0.17790781498503422,0.9,0.6,1.0,26,7.553680223098387,18.463853026706392
15,18,0.576978373012961,0.7699937915650819,0.6176106400315122,0.4755133700004017,0.5840115803351078,0.15016224029152686,0.2290042213213531,0.14029285823352544,0.9,0.6,1.0,27,7.40211771420536,13.826128826308649
15,19,0.6438201492076698,0.8354986788343814,0.68447928051212,0.5653788647062379,0.5040146171046067,0.14496408036783287,0.2642708316340273,0.19281845689999472,0.9,0.6,1.0,28,9.661056869264012,17.122217791078782
15,20,0.4188076120654499,0.5918355805680992,0.4392220049645893,0.3253699350033878,0.25946037694625557,0.1944108499164212,0.06437470493658595,0.04347905668351162,0.9,0.6,1.0,29,8.49772625360929,11.568115420138646
15,21,0.584192986162098,0.7815502528492075,0.6312126605862354,0.5072764831001367,0.4667740764464331,0.1651696969288609,0.22943466285051883,0.14333763228057017,0.9,0.6,1.0,31,9.18726959964495,17.172711990197048
15,22,0.6166249855700431,0.7835578515609037,0.6710675397548334,0.5992443639894174,0.7650508288655945,0.15911425760683612,0.2957740096210162,0.1852086247363788,0.9,0.6,1.0,33,11.126464432537748,15.116940603397504
15,23,0.5610126403436317,0.7279166570858953,0.6154492066668471,0.5372097646314481,0.45069251819277256,0.16561429992913598,0.2459623092621795,0.15366315884036777,0.9,0.6,1.0,34,10.233811175957907,15.588465126853174
15,24,0.6172763400734993,0.8017116295505993,0.6916997656462391,0.6169306375392392,0.5131856629036815,0.15974024621438157,0.29592827469494337,0.1860891863045125,0.9,0.6,1.0,36,11.611708577249214,17.275256103045734
15,25,0.44810921181980945,0.7052808262466533,0.6031825924778879,0.5175637490562506,0.3403470869899234,0.11933482921327739,0.17477711524189168,0.12710915831396355,0.9,0.6,1.0,52,8.057350448803438,23.454404474083976
15,26,0.5830869054578,0.8805918820224607,0.7795542835452798,0.6932325352174078,0.473007967368106,0.13719353679169605,0.22451378935390381,0.21326501726449468,0.9,0.6,1.0,62,7.385273391772644,14.700834254348196
15,27,0.41232679067030953,0.7428525580918229,0.6482146919102806,0.5566592756355878,0.3667620717878551,0.1585260696809352,0.09408577029109691,0.10505465910790827,0.9,0.6,1.0,63,6.167472345694758,12.72732199253108
15,28,0.5544396767043265,0.8868121418785401,0.8055243785562621,0.7324123204715839,0.5009511137099197,0.15316841407065884,0.2233441606103052,0.18758456605701723,0.9,0.6,1.0,67,5.549895235592404,15.772572485085384
15,29,0.557366212264044,0.9078192295307955,0.828561647067569,0.7556572181984292,0.46300271657385905,0.15192995431719067,0.2235072538551517,0.19184015119032485,0.9,0.6,1.0,70,5.720845968314817,15.555723723003425
15,30,0.5337478771407096,0.8805732327334534,0.8037380980131779,0.741953193200938,0.45701084661942315,0.13462978844808762,0.2240563602731239,0.18605624461732612,0.9,0.6,1.0,72,6.038276980014925,15.31866271118566
15,31,0.5333395978753512,0.8240643000835485,0.7423829746295739,0.6727578391314526,0.44573599943447195,0.13462655986956454,0.22405535376817204,0.18605114141325332,0.9,0.6,1.0,76,6.123726611643666,14.935259110963033
15,32,0.5338175524661478,0.8417931502010242,0.7626846675462071,0.6738893516561604,0.4457145975486244,0.13605580717910792,0.22402734650237782,0.18613588784657653,0.9,0.6,1.0,80,5.93311024169156,14.645989967793588
15,33,0.5453224380502346,1.0055143390668426,0.9513282329712758,0.8488262625217746,0.47093579725987716,0.12677745455536116,0.2207962338624979,0.21731216750365218,0.9,0.6,1.0,95,5.444944964737784,20.00767152123267
15,34,0.5429851571591334,0.9616909514975982,0.9068131536030232,0.8577357389949645,0.5093722427242369,0.11095911976577642,0.21882721690422305,0.23309461595933167,0.9,0.6,1.0,96,5.791522673570216,20.915229702474797
15,35,0.5502217978373942,1.0226775723878745,0.9741282026410605,0.859296392275742,0.4904372379218342,0.11784626316377025,0.21390952109962708,0.2381396214645906,0.9,0.6,1.0,97,5.610021605124446,21.27309545363522
15,36,0.48361155282065243,1.0293732853429822,0.9452360403435782,0.8119940721483352,0.36906961807422317,0.13729255474054397,0.2122000614243829,0.11398092023790192,0.9,0.6,1.0,104,7.384258264113204,13.651472947445544
15,37,0.4833135277300567,1.0289567048138617,0.9449105385962724,0.8195234789370163,0.39730102987371574,0.13921886031915204,0.21186747508727236,0.11226393134842956,0.9,0.6,1.0,105,7.348801673019539,13.65042603566981
15,38,0.6755514227499959,1.271121647311264,1.2387096731622416,1.206591062192274,0.6022333095232144,0.2457234611769124,0.1580326809477009,0.2855891348058914,0.9,0.6,1.0,129,7.189128679843512,49.68647787159012
15,39,0.6333800681652919,1.2476659745641157,1.216870460490934,1.1784774651399643,0.5643576593638595,0.2342419935337663,0.13777846549649703,0.2657884612539099,0.9,0.6,1.0,131,7.364533765988744,51.40470326819592
15,40,0.6312904664055823,1.3368602116672172,1.3155387207269968,1.2407273421471108,0.5588228444163958,0.2310440889096625,0.13852207559720048,0.26683545231982386,0.9,0.6,1.0,142,7.68161722463382,51.14539543717441
16,0,0.8341547306163274,0.7424045671978584,0.3952685285195579,0.01247145485383884,0.0,0.0,0.0,0.0,0.9,0.6,1.0,1,12.671642400920996,74.08643546758768
16,1,0.6565551528905175,0.7261722073758403,0.4333251683315154,0.13051275495225262,0.56230559997201,0.13667954857745854,7.257253918494999e-05,0.00013704329141834,0.9,0.6,1.0,3,10.849318411485743,52.99226639622975
16,2,0.6852175753123911,0.7652206131036481,0.4781286074139831,0.1861171957019607,0.2703044756235729,0.1919291350027711,0.00080724279097072,0.00380011846996895,0.9,0.6,1.0,4,13.297929612495851,57.65658879136191
16,3,0.4968190243438657,0.6221023965626347,0.377107094335439,0.1439353786595819,0.8228244298555533,0.15699168879017303,0.00029029015673979997,0.00054817316567336,0.9,0.6,1.0,5,10.552014918579264,37.23231710081544
16,4,0.4287555277865237,0.5600046976070154,0.33944908087487835,0.145600072806606,0.34036174866983865,0.15745104486333114,0.00035815370530492996,0.0007621200705211,0.9,0.6,1.0,7,11.527095032255229,21.37218324708194
16,5,0.415583660462514,0.5459420559330289,0.3343839248688569,0.16498900650670198,0.29728623772102725,0.16447685772554793,0.00084221572941815,0.0031933600293459798,0.9,0.6,1.0,8,9.2721579995124,15.0375380673643
16,6,0.3941734941222984,0.5212496316018359,0.321161743421069,0.1725492723192465,0.24926610341901445,0.1687681635996582,0.00120507842534292,0.00387857648643768,0.9,0.6,1.0,10,10.220793218813178,9.561370332396498
16,7,0.38117853496077686,0.506635331601388,0.31042555561627355,0.17171902358919314,0.21458289498560923,0.16451717576737482,0.00095369168998836,0.0032009221859165098,0.9,0.6,1.0,11,10.02328636796022,10.290429585030934
16,8,0.3808868948882203,0.5247903865113172,0.3304602166349133,0.1864193198795854,0.1529526020864198,0.16451717576737493,0.00095369168998836,0.00320092218591652,0.9,0.6,1.0,13,9.67263040979073,10.511713053701689
16,9,0.42021860015589946,0.6009451144948743,0.4105280055361646,0.24847996418597745,0.1938171226960909,0.15940598177062507,0.0159297700995134,0.03905523550695939,0.9,0.6,1.0,17,12.57141454154256,24.122348618561706
16,10,0.38400450103447653,0.5141720781625245,0.3419151846736849,0.2536804420278985,0.5480283248778305,0.1862190158276509,0.01763597576322703,0.019729938178403038,0.9,0.6,1.0,18,11.961637454387551,11.917688204514326
16,11,0.3840044977605784,0.5326817300565999,0.3621662863311059,0.2622528092539889,0.1979088097594467,0.18621901582765085,0.01763597576322705,0.01972993817840303,0.9,0.6,1.0,20,11.961635806347775,11.91768897665296
16,12,0.35117743829793563,0.4931503334239541,0.3306440572850551,0.24505885749998782,0.3085104139576049,0.15933389008918974,0.01406701500052964,0.027105698162340718,0.9,0.6,1.0,21,10.10200764815637,11.611403932413245
16,13,0.38718174928604515,0.581624521981797,0.42769853626798904,0.3740861713722628,0.223704311109227,0.16559811986638287,0.03385282628963917,0.051159855206348415,0.9,0.6,1.0,38,9.80663472969183,22.766870953000197
16,14,0.3830212906902013,0.5728249933764942,0.42371711873519197,0.3940706669668636,0.24992924667092953,0.15950709546957154,0.04227621622921094,0.055161968853638624,0.9,0.6,1.0,41,10.855415853884711,20.46456405324266
16,15,0.38296169591035334,0.5727278357798821,0.4236577812232545,0.39061945745681226,0.22450198241363922,0.15950709546957154,0.04227621622921094,0.055161968853638596,0.9,0.6,1.0,42,10.802310430571096,20.772412778408796
16,16,0.38112791601498586,0.6073489727782001,0.4623283854858332,0.4284739543747852,0.22617987269871426,0.1589847086676319,0.04194406249748832,0.05488806445989981,0.9,0.6,1.0,45,10.77428317340169,20.993682966520936
16,17,0.46004593007203687,0.6482387953260197,0.4779231281822026,0.4608264738175921,0.29629601227825775,0.19166509647808783,0.03559838376259656,0.07415668911520865,0.9,0.6,1.0,48,10.554157883052197,4.89713862167395
16,18,0.3654744111258469,0.5628286782347323,0.4258646712255905,0.42246572527744125,0.2894940453085853,0.14629485021911268,0.053586677586823415,0.05847583679588851,0.9,0.6,1.0,49,10.44493302763494,23.11886035320372
16,19,0.35285212282105777,0.5429821507902415,0.4123042107153551,0.4212128348436463,0.3216754284221645,0.14038969978263624,0.05415601421965266,0.059746461372489366,0.9,0.6,1.0,50,10.21968305882972,24.208886724000823
16,20,0.36086966092088074,0.5863584510106233,0.4605584077896491,0.4530201937591304,0.23926048581533504,0.1473217500778914,0.06316486147593821,0.058041425690538176,0.9,0.6,1.0,54,11.04872759694287,21.526564009111866
16,21,0.36751071675995756,0.5672332970119447,0.445602887553151,0.4952329799643043,0.28431135092344767,0.1372175071061091,0.057719825827562535,0.08496777933762122,0.9,0.6,1.0,56,9.001553724702505,15.151395792332709
16,22,0.3748302073242057,0.6104647804422979,0.49319099947099443,0.5388150586970016,0.2537955556452151,0.1372175107933796,0.057719781684770134,0.09342378600243181,0.9,0.6,1.0,62,8.820395195276411,15.095032941503646
16,23,0.2960934387992897,0.5099861179980723,0.3934962254071298,0.5028017952833406,0.18000475151355044,0.13938682658010815,0.025239412628997947,0.03547630590384876,0.9,0.6,1.0,72,8.247470886063711,13.454399219561362
16,24,0.29287235346918833,0.5040811065576531,0.3896519295396069,0.5054216492368807,0.20866576997807518,0.13801134235254717,0.025348732275450793,0.03603576192953955,0.9,0.6,1.0,73,8.151770183098128,17.53978275590288
16,26,0.34264480911985107,0.6151869507027152,0.5014844103920084,0.6036982269440225,0.2220799800485763,0.17357325502636006,0.04308813228027703,0.03741198507655713,0.9,0.6,1.0,78,11.285705213811458,13.91749295352941
16,27,0.34220604995029363,0.614511837810888,0.5009954626709984,0.6072814251068819,0.2217218213666255,0.17338828513638127,0.04311554205905221,0.03736506145991126,0.9,0.6,1.0,79,11.31786549176523,13.930341016276458
16,28,0.28594904044013003,0.543431133027431,0.4411066560206643,0.564780812722636,0.22838715626595157,0.1412935365901122,0.02713569560419148,0.03350051170265521,0.9,0.6,1.0,80,9.146227575808926,17.667674560663773
16,29,0.3081463475854049,0.546172715841282,0.44281250080321505,0.5764229124557013,0.20402364948877497,0.15761501553537868,0.02753602235729886,0.041634603893613946,0.9,0.6,1.0,83,10.196954819969235,20.5075457230994
16,30,0.25930414677745733,0.46332613929255956,0.36903076285035696,0.5467611160734478,0.25063192727284794,0.1217029654292804,0.0342607738838703,0.033336359603641355,0.9,0.6,1.0,85,9.47892768965336,22.193051054775367
16,31,0.25932807732253116,0.4982466188065511,0.4088599454603532,0.5794123323697196,0.17067844485374095,0.12235322645439507,0.03501560850327209,0.03386109716626981,0.9,0.6,1.0,89,9.21265289660666,22.21975820910309
16,32,0.28121748299724575,0.6066623040219885,0.5299795608458602,0.6293731271930297,0.1942831881298166,0.12986301265714179,0.046049535098767566,0.046613042688069775,0.9,0.6,1.0,110,10.554539418186115,19.51363276280386
17,0,0.8988624073280056,0.7660539689266564,0.4097093575199814,0.01402491016549367,0.0,0.0,0.0,0.0,0.9,0.6,1.0,1,9.481453367201002,75.97167416720102
17,1,0.7659832777375961,0.7897069423910261,0.47656744551230645,0.14535608432755726,0.4840734873000546,0.14937794594489803,7.093592476489e-05,0.0001293197176997,0.9,0.6,1.0,3,6.054838916153282,55.12739648003734
17,2,0.637066494965032,0.7457026633840796,0.4667214069963766,0.16640361221684247,0.4175529877430139,0.17183234482925275,0.00028949956609841,0.00052777210258579,0.9,0.6,1.0,5,4.35379970056548,38.986417735898016
17,3,0.6201195768601299,0.7108955364300321,0.4306092571349765,0.16029529601550277,0.1472345836132928,0.1535506671267028,0.00063374836156712,0.00159838292946229,0.9,0.6,1.0,6,6.278713975943841,26.400353607110333
17,4,0.5656302500884328,0.6721297143724688,0.4039507490198808,0.14345242849788759,0.3283590055488072,0.14625825104278306,0.00035340084585866997,0.00065762277373109,0.9,0.6,1.0,7,4.459457607182454,22.251891414211727
17,5,0.513617401672057,0.6367301244850274,0.38788366388661666,0.16630130540123306,0.45949152054401565,0.16028636942340416,0.0008465561358617999,0.0019863420825614,0.9,0.6,1.0,8,4.027704400888683,15.796715925635036
17,6,0.513601637863768,0.6367174149157032,0.38787586524219053,0.16224791960925616,0.14683193523915788,0.16028636942340416,0.0008465561358617999,0.0019863420825614,0.9,0.6,1.0,9,4.024524307890976,15.78790272508776
17,7,0.4677228995406503,0.5956404362648069,0.3565189902924015,0.16274155767698786,0.2878779343676364,0.13876830050994396,0.0025162030682257,0.00423684362153748,0.9,0.6,1.0,10,5.706463654407504,40.88900310034155
17,8,0.48562298602477616,0.6328471822910565,0.39753842909304704,0.1864936623416756,0.1631104734000663,0.16961183739877567,0.0008379757752362899,0.00150106934406218,0.9,0.6,1.0,14,3.865882912173532,10.828379097092752
17,9,0.4643708883494433,0.5933373652588031,0.3572414141588893,0.18293635007412443,0.1512258944799018,0.14393395260094527,0.0027384149365949602,0.00492142442770362,0.9,0.6,1.0,15,4.947376980941267,43.303214202302506
17,10,0.5487115094429322,0.7340404706907503,0.5304303006311701,0.33000105788462036,0.7323669894851005,0.14196310735081707,0.05704552093341984,0.12929742853626436,0.9,0.6,1.0,16,9.486214186148931,43.81778959934667
17,11,0.47217094430304973,0.6364228612564192,0.4394092462518756,0.2745232905126168,0.3010052356845837,0.14646095702193226,0.03661840378256726,0.07981146506718059,0.9,0.6,1.0,18,9.356578471766197,23.936809293645897
17,12,0.4814038709571983,0.6442190073809603,0.45106007881412646,0.2943960129405918,0.3147671772524018,0.16707318791315245,0.03695529898662283,0.07875394981384068,0.9,0.6,1.0,19,8.29989718510686,37.22668215536192
17,13,0.46741995815975546,0.6293098725523181,0.4378797457318935,0.29467775947762653,0.26776035355892713,0.1138750348225235,0.04518260430327572,0.11122678701147756,0.9,0.6,1.0,20,6.819681087587028,38.72683163128618
17,14,0.5286825199335503,0.699375694236606,0.5259303256314396,0.3822860424892272,0.596770837287492,0.17670140530849424,0.06776360973536119,0.13440639219339634,0.9,0.6,1.0,21,9.540546625664597,34.80394220838529
17,15,0.45099079586990226,0.6024307641059042,0.4284585070567636,0.3155417259607245,0.2692156271735828,0.14381736278922902,0.04726473175165042,0.10098543097881447,0.9,0.6,1.0,23,9.345941220472364,16.323090815716238
17,16,0.4309640294270023,0.5967066260276962,0.4297489564583794,0.3039321398072312,0.33217351119823957,0.1650548078467865,0.036828697665304,0.07744174823895186,0.9,0.6,1.0,24,7.573603921892189,26.6038218637372
17,17,0.4414164472778241,0.5784471895330237,0.4404703265704953,0.3639561024167266,0.7730707040648863,0.15721131345517786,0.0643765316115839,0.12414112403120388,0.9,0.6,1.0,25,8.237870039561438,17.714372419682764
17,18,0.4431613849505739,0.5748748126839399,0.44138736465486006,0.37698670845511506,0.3485261156192971,0.16781345755755633,0.06420909549066628,0.12265683558373278,0.9,0.6,1.0,27,9.161919362863287,11.38718480539598
17,19,0.43179387774197553,0.5565297897032535,0.42868131809492416,0.3783671492138646,0.3995736170275439,0.16226892902738743,0.0642674738174017,0.12374899187681784,0.9,0.6,1.0,28,8.657775683036082,12.560917361844195
17,20,0.39008509420762655,0.5420007996073366,0.4251866874570347,0.3479636256433365,0.3983748809937152,0.15117494723414446,0.05659461806091204,0.10618224445754654,0.9,0.6,1.0,29,7.667016311240133,11.177987030183102
17,21,0.3897231772437556,0.5597502780383854,0.4449736002353566,0.35726250679948535,0.27858206236196514,0.1511749472341444,0.05659461806091204,0.10618224445754657,0.9,0.6,1.0,31,7.615939251461287,11.155606384691684
17,22,0.4905675888548907,0.5900560834587324,0.48083705793963016,0.4686800055290339,0.47692982445722876,0.1594115803244744,0.1070115343901306,0.18204436588545,0.9,0.6,1.0,33,7.7237211534407235,9.392487068792086
17,23,0.45904950916040077,0.5737456609982944,0.46854516556701575,0.4651337274409038,0.3791672240705283,0.154778591697014,0.10947660564671816,0.15576289382265518,0.9,0.6,1.0,35,7.346370782669784,14.455269456450958
17,24,0.45038100722384045,0.5607287605106797,0.4584815066316009,0.4592029253791727,0.4030909101525892,0.14758658944006534,0.10941149441357809,0.15684236820913705,0.9,0.6,1.0,36,6.942649888825026,15.47685030311546
17,25,0.45146170701377475,0.5762280211305758,0.47845666654661634,0.47277762481784447,0.40356409266978144,0.1525011811529997,0.10953109239228036,0.15635954631004884,0.9,0.6,1.0,37,7.159515224813164,15.002144967716909
17,26,0.4413217144523675,0.5814696019381669,0.48750334794300487,0.49143132764087133,0.356924616631304,0.1499701226433976,0.10601634949316077,0.1527780228124494,0.9,0.6,1.0,43,7.134584280217609,15.018357917761842
17,27,0.4578780771689742,0.5365354483374886,0.4412169455253938,0.4986950872425909,0.40322064758312837,0.17172231003387972,0.10896735362454686,0.1519697856727646,0.9,0.6,1.0,45,6.567004896850013,16.63146479036904
17,28,0.3802121214062889,0.503631969806678,0.42034794586983,0.4796767978799101,0.3284983473605273,0.13244547548280539,0.07436931908919878,0.13713467918911643,0.9,0.6,1.0,49,5.988160441936563,14.479973996433506
17,29,0.39826511713980883,0.502560407773704,0.430880069371254,0.5098253981922526,0.39227902823707983,0.15039857800582782,0.08461596807264989,0.14355802755964484,0.9,0.6,1.0,52,6.111115440208656,10.561575224854527
17,30,0.37428903300310684,0.4673440882561047,0.4022340180712076,0.5004874994892221,0.4176397375508817,0.14622046846979603,0.08703237416861917,0.1275257402453459,0.9,0.6,1.0,53,5.666513119029198,14.633156873588248
17,31,0.3658449316804234,0.4558980640560466,0.39251322538536404,0.49654601902696327,0.3321649300162083,0.14428630665121048,0.07762468665657987,0.1278957006643869,0.9,0.6,1.0,54,5.709769847099312,16.410375687994925
17,32,0.40750159683111686,0.47739490638417614,0.4132133300225465,0.5504007414012606,0.34793654282554914,0.1590424281000185,0.060252316707672414,0.16747150555344353,0.9,0.6,1.0,67,7.095669196816388,13.291574788754176
17,33,0.3814363688895136,0.488141437816313,0.42756171087743283,0.5195749209841811,0.3211801249990045,0.1672435957502224,0.049857570521567515,0.14035991273128307,0.9,0.6,1.0,72,7.096432861038385,12.767465291586609
17,34,0.35698268312623815,0.4976909653420274,0.4423123559755912,0.5198234015558535,0.3255270189513482,0.15047211793475287,0.07676839654604017,0.11625016848771412,0.9,0.6,1.0,73,7.958724031615098,13.470335556632127
17,35,0.353883020872819,0.4727017133649084,0.4174943067826338,0.5246727050629547,0.31163538014789866,0.14846388107657774,0.0771968398833638,0.1162331641184527,0.9,0.6,1.0,75,7.416174711746213,12.14719566923875
17,36,0.352449449167614,0.48950581214992606,0.4361932666562769,0.5428625898412343,0.2956839525170148,0.1489448365933249,0.07718670297899768,0.11449475922727517,0.9,0.6,1.0,78,7.389825798296914,12.289681062505217
17,37,0.44734125685644877,0.733654151275753,0.7056312606653595,0.7445661444754015,0.4165669945683851,0.1721426029236983,0.25513904543755755,0.08910280028788277,0.9,0.6,1.0,86,7.052800830675172,16.20100203751894
17,38,0.4613104471077681,0.7660761411942676,0.7398258031209886,0.7797440181653508,0.4113567290619197,0.17254891972252964,0.2776367992843237,0.08923072995461995,0.9,0.6,1.0,88,7.081454399890335,16.60693427690679
17,39,0.4766148504788211,0.7801938363430638,0.7545907300007266,0.7994204117718047,0.4321108918843088,0.1732808370503126,0.30253118087921527,0.08941519978421315,0.9,0.6,1.0,90,7.084228659882248,17.016450225236564
17,40,0.4557250011200443,0.8146009611256256,0.7943481676872591,0.8202091574361953,0.4064908097946204,0.17238950794540683,0.2695705679378685,0.0891951795569188,0.9,0.6,1.0,95,6.994559225829045,16.548083404195804
17,41,0.46661864161675914,0.8062321193116266,0.7846481959472646,0.8272435440268123,0.42393093217641353,0.17246920032060128,0.2880831775644225,0.08921046523780406,0.9,0.6,1.0,96,7.105384374767697,16.76118849369389
17,42,0.4663543564399687,0.8238099479480797,0.8043303356330797,0.8399426388649036,0.4202092833552018,0.17246920032060126,0.2880831775644225,0.0892104652378041,0.9,0.6,1.0,98,7.034781057940831,16.817345253836645
17,43,0.47775697727158783,0.8342019860123328,0.8152715695652077,0.868194487256184,0.4335322026522512,0.17223478761275327,0.3083235851027018,0.08907949815011408,0.9,0.6,1.0,100,7.09592131258034,16.6617924577312
17,44,0.4235963089489845,0.7780539993744464,0.7602004396225365,0.8333427387155378,0.38005581073852535,0.1748472628268999,0.21089770432878926,0.0918014145687979,0.9,0.6,1.0,104,7.214378995655723,17.145534497256804
17,45,0.4143033079465288,0.7686537271919,0.7508581394573822,0.8240808881483895,0.36676267468785484,0.17193503431380783,0.20504320220826303,0.08868369249888067,0.9,0.6,1.0,107,7.219051222902381,17.046139341622794
17,46,0.5233704566959172,0.8928895574246986,0.8786376317050866,0.9484995070484771,0.5059583470577986,0.17107803475826036,0.38918882759178797,0.08932233792049596,0.9,0.6,1.0,108,7.082916527139467,17.33094856915825
17,47,0.5166005809184321,1.0705253426777024,1.0740709989178268,1.1973764670034701,0.470476696877433,0.14885502671187703,0.3841739904496457,0.10585366346854044,0.9,0.6,1.0,153,8.582775732595993,14.611067834016836
17,48,0.4638063220685598,1.0276331465476178,1.0375047962886528,1.155308632145719,0.45756353059710136,0.1507728454185209,0.3121394800788432,0.09772041802670324,0.9,0.6,1.0,155,8.41162276751361,14.31191775311499
17,49,0.4790159412233804,1.0427791305441554,1.0526845220292516,1.183060274303756,0.4360644495726109,0.15131991026388422,0.33626297125395516,0.0979865858549066,0.9,0.6,1.0,159,8.443127577171623,14.543931849898064
17,50,0.47472792466113584,1.056844889746825,1.0685744695880124,1.1944987004351564,0.43237238405170186,0.15123979865978485,0.32940442318190394,0.09794224286685456,0.9,0.6,1.0,161,8.440336379510411,14.514989348402452
17,51,0.7267320796890885,1.3640466385498824,1.3811765018207396,1.5435102484703453,0.684307755344025,0.14934776804026761,0.7534391468638584,0.09734857209068162,0.9,0.6,1.0,167,8.774653445360794,12.307039139300713
17,52,0.44920977368629533,1.046072988449575,1.0615339620921462,1.2354412196331814,0.4124473314601397,0.15016373581779552,0.2914312131840082,0.09752337823117838,0.9,0.6,1.0,173,7.956948281878885,14.490432590650604
17,53,0.46261684907733436,1.0951577167225586,1.1148084306151211,1.2706387215796147,0.42426223959969894,0.14915914856723503,0.3072911511540818,0.10279217739384665,0.9,0.6,1.0,177,8.470626855220624,14.441861581998577
17,54,0.45894907556895703,1.0887334410654605,1.109832199031522,1.2719767715664372,0.44199303217387564,0.15125495251564758,0.3050034153288858,0.09957306905384947,0.9,0.6,1.0,178,8.140536837518713,14.472163665640592
17,55,0.45685750370190015,1.0866225154731122,1.1077313351840234,1.278464701082004,0.416702451874401,0.15112708792735685,0.3018556933744426,0.09949190938074316,0.9,0.6,1.0,180,8.149538102270302,14.474444253894177
17,56,0.4643385103744712,1.1118107136618507,1.135081534254056,1.310842420920468,0.4266415964149862,0.1511477315000348,0.3147676263523981,0.09948453580475423,0.9,0.6,1.0,183,8.205166748951067,14.467510499354717
18,0,0.790289892628148,0.7253618820386742,0.38486191567597045,0.011352073669318598,0.0,0.0,0.0,0.0,0.9,0.6,1.0,1,14.927390209881002,77.51652254321435
18,1,0.6877480379198353,0.7520306732867652,0.45643566538333424,0.1497776830210158,0.5052051487470599,0.15755732376681925,7.385705329153e-05,0.00014768184745208,0.9,0.6,1.0,3,10.132512659922792,55.24513652402309
18,2,0.583337232272859,0.6937852422654058,0.42929966343267995,0.16885078487083144,0.415269055770172,0.18097213955455238,0.00029542821316614,0.00059072738980834,0.9,0.6,1.0,5,7.334005906667213,38.2058820817008
18,3,0.5350481276668285,0.6552569012885706,0.4020398203385303,0.16960984109070834,0.3363446078995758,0.16861544133310483,0.00065182202969973,0.0019094090910872102,0.9,0.6,1.0,6,11.183379733828634,26.7993232272428
18,4,0.4456277987590176,0.5768630433293626,0.35706072387653226,0.1761279761497215,0.43175229330164744,0.1762216519243159,0.00087339318957434,0.00235245463344347,0.9,0.6,1.0,8,7.936778039627578,15.758968577410895
18,5,0.437343881086615,0.5866958772346704,0.37374667593277466,0.18639461637662572,0.20726939805297845,0.17890841729174906,0.00143060825837846,0.00405093292771108,0.9,0.6,1.0,10,8.318146376689977,14.905875684418248
18,6,0.4280858918817658,0.577196432386624,0.36596457400637505,0.18540811815518454,0.18863001964344567,0.17581120921472815,0.00079979106519473,0.0021278274378419702,0.9,0.6,1.0,11,8.168119322137105,10.98040853636342
18,7,0.4136851456457417,0.5578405957768199,0.3629605950529021,0.21535532525714735,0.31575609359032314,0.15274728125577824,0.01669178433359628,0.03598914777376857,0.9,0.6,1.0,13,7.821489113255934,19.753175621239503
18,8,0.40518222103926926,0.5671620362500255,0.37551526236785204,0.2290867359915465,0.19016182689209865,0.1462235769673901,0.01221447716377074,0.039189742360980266,0.9,0.6,1.0,15,8.224108829643628,23.37372006687408
18,9,0.40617359381230067,0.5862425786026411,0.3972233737806898,0.24872548637347233,0.18813261544988696,0.15495369614638668,0.016505433473803368,0.03160452955119069,0.9,0.6,1.0,17,7.8531759528114495,16.950546674670754
18,10,0.31696426678301626,0.4327594367450184,0.25320266816633,0.1663742791491658,0.3583174718252007,0.12756712179668347,0.00364279093330105,0.0037344583506859702,0.9,0.6,1.0,18,7.33859077778023,16.417851562452228
18,11,0.30790447718534214,0.4214507380462797,0.24498745568721045,0.1682354470067853,0.16741381322222507,0.12204962480396377,0.00313377011475987,0.00564195365597602,0.9,0.6,1.0,19,7.362501321239971,15.756148310752968
18,12,0.31476085130407466,0.44397733174819937,0.272922722141779,0.1925792041916694,0.15057666544319506,0.13168367178285503,0.00370581494269928,0.01006295837275336,0.9,0.6,1.0,22,7.4115509236919666,15.895310496806234
18,13,0.33799573824339857,0.46159309588662445,0.2971942307384117,0.2410029475235292,0.27317546882619326,0.15343274964649864,0.008431230112670381,0.02236240311608685,0.9,0.6,1.0,23,7.795551352559696,11.999345792313088
18,14,0.30514626749309975,0.41867658708788064,0.2648244205261077,0.2265115936246543,0.32029319744079054,0.14479914582819417,0.00554835049501024,0.01603179358104868,0.9,0.6,1.0,24,7.834679574189662,12.603565457293255
18,15,0.3051451392098769,0.4371844031552759,0.28507444845712243,0.24213858042139833,0.14968300628337916,0.1447991458281942,0.00554835049501025,0.016031793581048708,0.9,0.6,1.0,28,7.834702995881561,12.603202478040544
18,16,0.2889677081746483,0.3981216055726242,0.24846154276447152,0.22206192932545588,0.20769512797253403,0.13492158638506432,0.0053955660417206,0.015224421193709651,0.9,0.6,1.0,29,8.239998063060225,13.61914142632756
18,17,0.3252062744982644,0.45230195280336966,0.30491383716084214,0.2716719928711568,0.18551199951126818,0.16081713066975295,0.00837302649762094,0.0271651162321783,0.9,0.6,1.0,30,9.375633266073956,14.957118308568257
18,18,0.2905422427909489,0.4262036193879784,0.2894044008531506,0.25802691811621326,0.29820830306276913,0.14364167956734208,0.00496799395321151,0.02277980082709254,0.9,0.6,1.0,31,7.533434844814812,13.222120389429032
18,19,0.2898072065511042,0.42484041641914766,0.28857144129474394,0.25668373208376544,0.15716769502891165,0.15743962722417043,0.01029170807180376,0.0071659762403347895,0.9,0.6,1.0,35,10.259606525167316,12.113593916521404
18,20,0.3012414584071876,0.3940770962879589,0.2586372206452463,0.27933412914235806,0.2421626112077539,0.15808051246564933,0.013420568003701611,0.02204211862534805,0.9,0.6,1.0,36,10.877655975745563,14.800226820598326
18,21,0.30063832003595153,0.4402245961328755,0.3169775640307017,0.3126859098899762,0.19497067930067852,0.18003010587034363,0.01038493351817931,0.01262333032827868,0.9,0.6,1.0,44,10.779661824780856,13.635269736555408
18,22,0.29532456622708475,0.43264495633570016,0.3111351649713282,0.3123885277373926,0.2058380461587313,0.16999239226935547,0.01141827832388009,0.01791924959112819,0.9,0.6,1.0,45,10.757496295894343,16.519403650310483
18,23,0.24778312334889535,0.37706283952901176,0.2615534322795776,0.2899160650073038,0.1861267346578226,0.13754464447119508,0.01491984762733244,0.00484951702635365,0.9,0.6,1.0,47,10.768250918860804,12.86676551474043
18,24,0.2675461409916177,0.4152976718347204,0.3016055804409387,0.32460942089973166,0.1585688094943723,0.14766634871029127,0.013579477986641181,0.01646398303531291,0.9,0.6,1.0,49,8.559234311744543,12.130062401566304
18,25,0.2574745520463587,0.3952854226339814,0.28864222127070943,0.3246942334135613,0.2687412177762772,0.14767685383511078,0.013533649835496039,0.01457250996246771,0.9,0.6,1.0,50,8.782505802531585,12.29541973237462
18,26,0.29434191805081544,0.4842137696338477,0.38519966908270886,0.41873253678957495,0.2029624766690012,0.17633504468527958,0.02414410398387378,0.02198876615185922,0.9,0.6,1.0,55,8.621455766866926,19.41083438365617
18,27,0.29393607646210657,0.5015130827023423,0.40479243603905196,0.43049426905223925,0.19984102544043172,0.1764021725325119,0.024177934701441882,0.02211525446519207,0.9,0.6,1.0,57,8.658155147490532,18.95530993700669
18,28,0.2939414686297595,0.5189917949942264,0.424722261171012,0.4428410213666172,0.20191799694400073,0.17698490427194197,0.024584176322688688,0.022138663565861718,0.9,0.6,1.0,59,8.483540992819265,19.002911213514206
18,29,0.2898961109325983,0.47668142407314695,0.3797776426049152,0.4449009283358867,0.19992830413091334,0.1738128850378794,0.02417114293860164,0.022129854304430117,0.9,0.6,1.0,61,8.975647947201924,19.440138178628075
18,30,0.2756798505304445,0.42394314634775065,0.3245743056202097,0.4089243431025179,0.1964036809879601,0.16273678792792348,0.03270190066183709,0.013875271542199669,0.9,0.6,1.0,62,8.562955476327925,11.969003066419653
18,31,0.2729235027966354,0.41613388248126154,0.3201579701397501,0.4233262559081555,0.2359894568290913,0.14686568051470197,0.056333783470337406,0.014884625999927159,0.9,0.6,1.0,63,7.333391834731749,11.098283774941908
18,32,0.26593101675923464,0.40440525646519865,0.3115376480729354,0.412022565411843,0.2272496767385792,0.15058262479656864,0.04505016595686982,0.01456365991338299,0.9,0.6,1.0,64,7.708119896741783,11.03733196460915
18,33,0.2423843059042249,0.41365574875098265,0.3270031468538609,0.436833527540915,0.16740011412193254,0.15186786035666042,0.02463705921445563,0.00490238880654744,0.9,0.6,1.0,68,7.576022574715244,13.076801131049862
18,34,0.24238430684573603,0.4136557495612185,0.32700314766409677,0.4351126036122441,0.15636606268815698,0.15186786119307574,0.02463705923061258,0.00490238885431533,0.9,0.6,1.0,69,7.5760225012912175,13.07680124445079
18,35,0.2506400318311039,0.40271327337931845,0.31476091254333455,0.4437357327711458,0.17219126529207435,0.1568453099641,0.0274124736384238,0.00745879987263347,0.9,0.6,1.0,70,7.715720664983467,9.63017633832092
18,36,0.24188941714808054,0.4309060243526986,0.34648534819064075,0.4476738221837186,0.15715380314072758,0.15186786119307571,0.02463705923061259,0.00490238885431532,0.9,0.6,1.0,71,7.523906663276444,13.041310893399384
18,37,0.24177431483254105,0.4088396215376563,0.32487394001225584,0.46031354408156144,0.1762158894843738,0.15085258588421463,0.026232314399045647,0.00694330434610897,0.9,0.6,1.0,73,7.045892154685386,16.38185912519207
18,38,0.24147176280582505,0.4041587313308781,0.322954058077103,0.4804685760527244,0.20552410333047216,0.15179419045376671,0.027669257481681732,0.00764347290314573,0.9,0.6,1.0,74,8.246675448525165,8.892156463005694
18,39,0.232008411341623,0.38520869279675973,0.30986777163781154,0.4553725934689683,0.2518239448535232,0.14842125445170126,0.02871304105628838,0.00616195166610331,0.9,0.6,1.0,75,8.037443041404611,15.098439202710445
18,40,0.23689717965711493,0.3708249388530884,0.29420741629985625,0.46626231000771073,0.16981088066418423,0.1483364550775058,0.02812975397593237,0.01190827594822766,0.9,0.6,1.0,76,7.882588826361967,15.033225474684718
18,41,0.23098894363439684,0.3606429923883188,0.2866129854574329,0.4659301712444986,0.2006128207541906,0.14791373854399903,0.02685805661699798,0.00951492049143522,0.9,0.6,1.0,77,8.127607935630403,15.083131429552742
18,42,0.2311598241048236,0.37931561885679504,0.30703185983973424,0.47902400487487223,0.1589648381817026,0.14793971892700164,0.026850743407991828,0.009671045346113979,0.9,0.6,1.0,79,8.116461167921576,15.080597520239182
18,43,0.2343512736979937,0.3956208506733695,0.3283058516521703,0.5049704739711353,0.17806357569118286,0.14635073174624816,0.032715725645725356,0.013666128806017239,0.9,0.6,1.0,83,8.333542555793297,15.10870207656189
18,44,0.4162434742751042,0.5883889235904344,0.5273105892871292,0.7200800133591493,0.3580867628769827,0.29349603662937435,0.041233721239904195,0.061927432938485474,0.9,0.6,1.0,93,7.886142817004985,14.35638604606055
18,45,0.41007790505764136,0.5791506556054918,0.519861338951695,0.7376869744587017,0.3558389650287901,0.28582732862051924,0.04365594154407808,0.06273210868100242,0.9,0.6,1.0,96,7.873542943115217,13.75420840001083
18,46,0.4038744702614603,0.5895061023712674,0.5330849216090002,0.7421482337862846,0.34998807563340023,0.2827964208941006,0.0393150016096458,0.06280375914123888,0.9,0.6,1.0,98,8.57451374117042,13.052157922787831
18,47,0.4038742034097068,0.6080149775694396,0.5533356276830083,0.7635021422597653,0.3409119613170588,0.2827964208941007,0.03931500160964578,0.0628037591412389,0.9,0.6,1.0,100,8.574768763441405,13.051926177305456
18,48,0.40439965005217765,0.5890858101968603,0.5332099162481903,0.7811569729118649,0.3436527769964113,0.28364647236920393,0.03956125946194953,0.06287097803251405,0.9,0.6,1.0,105,8.616226508457935,12.286178681332215
18,50,0.40524893416322355,0.6391806458917222,0.592125863191306,0.8543336577798225,0.353420200086465,0.28908894003703284,0.04008520493525068,0.06146109058395145,0.9,0.6,1.0,114,8.490320100140087,12.952223544332776
18,51,0.4046001131081675,0.6380427325816818,0.5912658852007455,0.8736684379798356,0.3461676829680893,0.28860811231941963,0.04007543796178764,0.061475707156270556,0.9,0.6,1.0,119,8.502961530229593,12.900434219739653
18,52,0.40778644325419916,0.6752553062122562,0.6336564609001796,0.905653726079106,0.3543836317630119,0.28921657935107586,0.04597852681614955,0.06193253085113883,0.9,0.6,1.0,125,7.245519232189461,13.829036775113828
18,53,0.4077864432541992,0.6752553062122562,0.6336564609001796,0.9016925996829168,0.3498148761528124,0.28921657935107586,0.04597852681614955,0.06193253085113885,0.9,0.6,1.0,126,7.245519232189461,13.829036775113828
18,54,0.39100791205247554,0.6513391843682053,0.6137437092773571,0.9230327162963072,0.3523701430880032,0.2730727330879312,0.0449100550150223,0.06346828922072005,0.9,0.6,1.0,130,7.257821175022189,14.760026872196784
18,55,0.38713295950823323,0.6830778105754539,0.6497628723309518,1.031061712254111,0.3336322393001155,0.26262685112405315,0.0530341889538022,0.06476250153192298,0.9,0.6,1.0,157,7.756307115244645,14.483968273390056
18,56,0.38548486995292036,0.641496485016476,0.6063037150419562,0.9193425687034449,0.3404494150076676,0.2635487428005788,0.05181235562122999,0.06422643788823869,0.9,0.6,1.0,160,7.608702257757632,14.038813249621905
18,57,0.41176968081566956,0.7021652194643498,0.6719196360931667,1.0775614071315562,0.36513628797092346,0.27439209222101485,0.05082753944535902,0.08246794046838682,0.9,0.6,1.0,164,7.844450027448488,14.255584198105351
18,58,0.41037674648636097,0.700757935089856,0.6705037716345498,1.2140634171640463,0.35897648109058633,0.28915200102327193,0.04515052063033257,0.07116091954071539,0.9,0.6,1.0,187,8.317913274800869,13.77405756076056
18,59,0.9810974167444118,1.3367314194993885,1.3182405909590633,1.8266387272050308,0.94376585295504,0.2780099473887229,1.0,0.0825347547435954,0.9,0.6,1.0,193,7.653147257455207,13.874747791226843
19,0,0.9638635234327632,0.7882321673974548,0.42325181658967204,0.015482092157185007,0.0,0.0,0.0,0.0,0.9,0.6,1.0,1,6.692556181024999,77.52241851435832
19,1,0.8039840257417125,0.8233484843589812,0.50858342880408,0.1750968978876024,0.5702428452424521,0.18203281928294232,7.43460815047e-05,0.0002049009341057,0.9,0.6,1.0,3,5.7627826494354,55.79428224731449
19,2,0.9109892865293261,0.9313800873997664,0.6169330312594339,0.2866458281669856,0.2785772197583354,0.2937119559799884,0.00062669636476184,0.0082102487805221,0.9,0.6,1.0,4,7.519262172277324,69.5460138968602
19,3,0.5800635854267201,0.719221466012085,0.4683639112613014,0.2074047844769608,1.2010964551118641,0.22007435131642675,0.0009027118236917301,0.0024879118328650003,0.9,0.6,1.0,5,10.248328863192512,25.44788737799188
19,4,0.5016734739334857,0.6294437760401531,0.38993969783679744,0.16957223998748858,0.2693775865859103,0.18030868189518828,0.00036123021453977,0.00096437415361173,0.9,0.6,1.0,7,9.14225009043771,23.493152788734324
19,5,0.5016345781767206,0.6479196769668008,0.4101702856686629,0.18810963896805713,0.1635654891874331,0.1803086818951882,0.00036123021453977,0.00096437415361172,0.9,0.6,1.0,9,9.184620826961696,23.63421963678828
19,6,0.4718677268347445,0.6028214973524568,0.3760998500335565,0.18139666459715578,0.3762799055848102,0.1869561478215588,0.00043020661357533,0.00114553690033999,0.9,0.6,1.0,10,8.967489222325245,18.82945032322498
19,7,0.4437953514803432,0.5934753506550122,0.37693885669993077,0.18025318405457424,0.3000394778920831,0.17960655303081954,0.0005502137957562601,0.00151743649219512,0.9,0.6,1.0,11,7.968833411874593,9.23213850234926
19,8,0.4588046465943874,0.5891828823256132,0.3775114322248545,0.21741886307205388,0.30154755422033047,0.20857847002533766,0.0016559851794549201,0.00596314210969857,0.9,0.6,1.0,12,10.07250400981728,4.359658670479865
19,9,0.45710509281078576,0.6055033406426146,0.39797971458075443,0.22833382374910208,0.21813252014683676,0.21222365670673876,0.0019064104090704402,0.00652298285678739,0.9,0.6,1.0,14,10.064217247793206,3.1840749756018902
19,10,0.42933276084138994,0.5772180424213523,0.3717956049594515,0.21005395982341812,0.20977358295297618,0.18891838665383787,0.0015488813658198698,0.00482328702672173,0.9,0.6,1.0,15,9.328371645330222,2.2636133691062432
19,11,0.4157506164799168,0.5405063667518256,0.34581151154229894,0.22978330811859776,0.2568352547234487,0.18295071672925164,0.00264147297633754,0.02335950086900537,0.9,0.6,1.0,18,12.118729124247364,4.376005353993516
19,12,0.40947856264783294,0.5277030286595246,0.3445687610838421,0.2527336815833068,0.2688244606876608,0.21504722672704232,0.0032982160559760698,0.01096509430720813,0.9,0.6,1.0,21,9.461471551851613,3.736807580185381
19,13,0.40385885134774746,0.5213940289270258,0.3393031725847594,0.251599953687032,0.21973808376026444,0.21061248886917577,0.00345290994410231,0.011234425614647981,0.9,0.6,1.0,22,9.01194134807904,3.7515972629607126
19,14,0.41185092984337723,0.5473128296515013,0.3678276123690433,0.27859905166468113,0.2264632273098847,0.22191580888004084,0.00324454996561536,0.01081483444381101,0.9,0.6,1.0,23,8.560025709502929,3.5463666872149333
19,15,0.4029293652351971,0.5382735938183363,0.3589625183863055,0.26992111432664884,0.20530656251806137,0.18917494875283028,0.00464535092674437,0.03084898655379738,0.9,0.6,1.0,25,9.61552686202285,4.816015414775274
19,16,0.37229574964181195,0.47728138638537043,0.3112559147109461,0.2631079106459817,0.44308690741900464,0.19113952791723807,0.00345870371237025,0.025902764131182098,0.9,0.6,1.0,26,11.33735601497605,3.781513960788937
19,17,0.37219148275853126,0.4956314625757081,0.33140958982495755,0.2785885075475665,0.20033853007646418,0.19113952791723807,0.00345870371237025,0.025902764131182136,0.9,0.6,1.0,29,11.245052491942928,3.759347654982747
19,18,0.3716983061590959,0.5123002398344911,0.3513173233378659,0.29281065634117803,0.22623402492423558,0.19209021261270126,0.00339122986824415,0.027092673253963567,0.9,0.6,1.0,30,11.435505858537558,3.830559279230542
19,19,0.3594642479816941,0.45387943466049574,0.2988784648979847,0.2829578103124064,0.2559539084107068,0.20501758242511406,0.00561659105581971,0.017028797309321768,0.9,0.6,1.0,33,6.630180201473242,4.675649317400174
19,20,0.35962008889513214,0.46829690525711637,0.31909429623707347,0.31147207617307726,0.24412291939468816,0.20341069064269438,0.01203744486416612,0.02094932882817504,0.9,0.6,1.0,35,6.42339277303005,4.673517109646457
19,21,0.40605363409029577,0.5060875131261925,0.36462171059611304,0.384004230879841,0.3314988544531139,0.22227339122687084,0.02062230148570909,0.05648216801033549,0.9,0.6,1.0,37,6.505578936529679,5.126067589714601
19,22,0.40605323576396385,0.5060870978724604,0.36462140824150624,0.37817345656692997,0.26890172971446413,0.22227339155601933,0.02062212478734507,0.05648214091426203,0.9,0.6,1.0,38,6.5055728090804665,5.12606761010126
19,23,0.3486098131704798,0.4406691700962587,0.30585936601624236,0.3284997473041632,0.27432500458952047,0.20197675868461967,0.005100811212285171,0.03573749430383716,0.9,0.6,1.0,40,9.166479098480448,2.598659880312672
19,24,0.3773621775193386,0.5046310922939534,0.37476624502836875,0.40622324129124593,0.2534252069810462,0.2290273317744231,0.01835450921020258,0.03413706734706196,0.9,0.6,1.0,51,10.506379429165516,2.7551064835017827
19,25,0.37568271600728326,0.5112589081546188,0.3910849000849885,0.42540449535112107,0.3242081926892452,0.23856612806456326,0.02009688421479832,0.03304012963785819,0.9,0.6,1.0,53,9.881239345981625,2.4891724579430057
19,26,0.3930059626524546,0.5281203916893977,0.4082839985403242,0.4524230100965522,0.2828131020741723,0.2588947336726568,0.01948796847193327,0.032838292633859,0.9,0.6,1.0,54,10.485399389278218,2.6440725177448448
19,27,0.37348013768215166,0.5251561161234906,0.4085195608662783,0.43700210394756517,0.2833719031886634,0.23856612806456326,0.02009688421479833,0.033040129637858226,0.9,0.6,1.0,55,10.373049366557598,2.510262712801986
19,28,0.33576105099681597,0.44267948797673273,0.3282175244466241,0.3993554291793884,0.274640732249694,0.20438174635875503,0.02008168642846166,0.03288772957262545,0.9,0.6,1.0,57,11.629558805053447,3.878532599686929
19,29,0.33311231156412646,0.4527783184469542,0.34413856494486045,0.4132984056746917,0.26395745215138633,0.20665501613298232,0.02250917995103472,0.031454638885754484,0.9,0.6,1.0,59,11.342001319028588,3.72292275697728
19,30,0.33311050001518017,0.47128394564407683,0.3643873496137201,0.44141668344485363,0.23096281735132054,0.20665501613298232,0.02250917995103472,0.03145463888575445,0.9,0.6,1.0,61,11.399594806713102,3.724054695920626
19,31,0.33310601304096654,0.4712737779886174,0.36438113330294564,0.4512931622180744,0.23096212746506672,0.20665501613298232,0.02250917995103471,0.03145463888575446,0.9,0.6,1.0,66,11.35926269303704,3.723187666566775
19,32,0.3871183622355763,0.5684502340286599,0.4752195601516449,0.5991868512458243,0.30564970590458657,0.2306982609210607,0.04973789394393867,0.05679502954048401,0.9,0.6,1.0,78,9.119453221815805,7.522576415378076
19,33,0.3643362372857272,0.5604486426636515,0.4714216762714593,0.5794925637177948,0.2797560114485314,0.2566312681407902,0.02312100810064497,0.029237645680740148,0.9,0.6,1.0,85,12.111335581099349,3.614963401813742
19,34,0.3422064508256367,0.5547489049539607,0.46882436147339923,0.5690886244470229,0.26436474562908546,0.23218783754017366,0.02286524895798886,0.030676001276006882,0.9,0.6,1.0,87,12.266409908121476,3.233682384317317
19,35,0.33784974271142976,0.5852356018031464,0.5042086694848085,0.5930734321031539,0.25618746177420926,0.23081803694106026,0.021165535371225418,0.0300290734196361,0.9,0.6,1.0,91,12.411800962090464,2.601451223951098
19,36,0.4145864736495904,0.6389342280480961,0.5590770902910017,0.7124707630887459,0.3368756574333839,0.17649771802265615,0.04156915704353582,0.14636008156297814,0.9,0.6,1.0,98,7.698395551612043,9.99470429096352
19,37,0.4136688037659257,0.6680952103859277,0.5961042368350876,0.7245816734073598,0.4044519570950458,0.17942115915628848,0.04193033062742833,0.14691082449253373,0.9,0.6,1.0,99,7.950205335794459,11.41541727757992
19,38,0.41841557756074066,0.6872943305842996,0.6195703425451583,0.745908292543122,0.360308130946848,0.17533963331300262,0.04487238636491856,0.15599454949176397,0.9,0.6,1.0,101,7.562999466500395,8.15525057544986
19,39,0.4467229770238853,0.7149991270290413,0.6605286595779265,0.8753090739165161,0.3920114739207434,0.1816616600910635,0.07679947306777968,0.16990847686506896,0.9,0.6,1.0,116,8.46433054019341,5.085699475487353
19,40,0.4640584914447774,0.7128932569036797,0.6572291524492769,0.875530673768155,0.406472510360803,0.1846279508134942,0.10946094997216652,0.1654527307738747,0.9,0.6,1.0,117,11.65278237770982,7.144679887348645
19,41,0.4640584875499524,0.7314028381890365,0.677480254106698,0.9086819499497938,0.39729452742112503,0.1846279508134942,0.10946094997216649,0.16545273077387476,0.9,0.6,1.0,119,11.65278142475352,7.144680669461336
19,42,0.4696089559724701,0.8286714033604891,0.7839432420477672,0.9370426459532545,0.4111291297231462,0.1897816786799801,0.10972657278977563,0.16662578810861609,0.9,0.6,1.0,120,12.240175960157432,9.903295596586224
19,43,0.466309983685492,0.731931271325236,0.6790182580546356,0.9085955304881875,0.4032312043769073,0.18733969543193313,0.10959656597068299,0.16605197629651425,0.9,0.6,1.0,123,11.827800302225928,8.606742059503764
19,44,0.494612120590074,0.7965163768834269,0.7475166785223761,0.9706236277800654,0.43574084428900617,0.1742163261039075,0.10742928321552181,0.2078343477763355,0.9,0.6,1.0,124,8.796961983625163,5.070552366654699
19,45,0.4890003768178309,0.7710306001775695,0.721087357212072,0.9591872289702477,0.4306560901705013,0.1749235655178526,0.1001790824853365,0.20662124598364762,0.9,0.6,1.0,126,9.142715485714502,4.349605187996794
19,46,0.4944750567471427,0.7924060081015349,0.7457162427128221,0.9867237301406699,0.4556093899050659,0.18190267738493823,0.10176906348902263,0.20613479798565965,0.9,0.6,1.0,127,9.904282330489725,6.550211121936104
19,47,0.3413863989270401,0.5826298793758602,0.5313853495819498,0.8350624002192454,0.2836752555924761,0.20339459301189033,0.06685152576758187,0.05521545189269903,0.9,0.6,1.0,128,8.118581938694131,5.988367901243573
19,48,0.3417585670584748,0.6029874912477888,0.5526310036001845,0.8509714647594061,0.28269650295718585,0.20304726453512928,0.06688957818296473,0.05516134021172381,0.9,0.6,1.0,130,7.90724048552247,6.0240296367265564
19,49,0.35951815771978707,0.6591764614591759,0.6114849715608858,0.9482317173345318,0.2965963100668598,0.18670223485697715,0.07740870657567364,0.08062916450037493,0.9,0.6,1.0,148,8.372541039334935,5.843989320076613
19,50,0.3589029406579587,0.6352660872847907,0.5885998853071613,0.9494739106122662,0.32179588137523873,0.1887289243612342,0.07876415674913417,0.07969664811902917,0.9,0.6,1.0,149,8.495990723621654,5.597758761306469
19,51,0.34958509616423905,0.7085545578869449,0.6638809817425575,1.0760599408924543,0.2836154879428412,0.14811150099098092,0.08316717374384708,0.10008782968016885,0.9,0.6,1.0,171,9.363857967911349,5.940040571095355
19,52,0.3245349549262244,0.7009378029930053,0.6586354658644928,1.0889111127685613,0.26484882454299535,0.1484466013849903,0.08679722202155493,0.07309930809358561,0.9,0.6,1.0,173,9.41234279911601,6.19834658967125
19,53,0.37623213814913625,0.7329831901570163,0.6896060389253464,1.1035973828325842,0.3221108710458337,0.17250211326455087,0.084005501017961,0.10539146865891749,0.9,0.6,1.0,174,9.501581751749567,5.977045689184274
19,54,0.3663289015518305,0.7224063278752075,0.6794215883091707,1.1340322218208714,0.30427236800438545,0.1642418993952627,0.08422948158571776,0.10312234997494474,0.9,0.6,1.0,176,9.359363739028844,6.218978981474926
19,55,0.36548517114896645,0.7389454897079872,0.6983575884421706,1.1769648955111787,0.30636027355444784,0.16272460438845723,0.08554228613135026,0.10341263088836088,0.9,0.6,1.0,178,8.496146680128653,5.9628815812932325
20,0,0.9919659513887616,0.7973816451365385,0.42883869764220417,0.016082640258914628,0.0,0.0,0.0,0.0,0.9,0.6,1.0,1,5.164268176099999,76.71427750943333
20,1,0.8052250527251684,0.811098193053501,0.4915383959215342,0.15134199958570663,0.5357131049192442,0.15479040815549416,7.135322884012e-05,0.00016069728898228,0.9,0.6,1.0,3,4.501581276380498,55.61694129167987
20,2,0.5598403644221017,0.6953511712218048,0.439722695861191,0.17208691896216585,0.6679920725578551,0.18179611877853147,0.00047580583993954006,0.00107158021862671,0.9,0.6,1.0,5,7.022510876587799,32.75496795119407
20,3,0.5227030834229884,0.6669107315523929,0.4244712530488392,0.18076024440640417,0.27708704663743505,0.18759294428860193,0.00053696133110952,0.0012491538491705499,0.9,0.6,1.0,7,9.7627217622254,19.176007086980945
20,4,0.5439791386116277,0.6917131405481223,0.45820865997953625,0.23304406962064317,0.2904207664891512,0.2372919162740785,0.0009357295293221,0.0040300721190850595,0.9,0.6,1.0,9,4.648543420368977,6.0512429387810345
20,5,0.5037792422929468,0.6535356106042259,0.43490631052866185,0.23529125786556235,0.3384964905073426,0.2357632951339298,0.00134678705893468,0.00518394894091838,0.9,0.6,1.0,11,6.587906531241376,3.04757994043014
20,6,0.4944023157583627,0.6441169665612512,0.42688994537002756,0.2379417304067755,0.2350470053922865,0.23021734313376627,0.0012256550577587001,0.00443066797553825,0.9,0.6,1.0,12,7.214251508628858,4.1551463344064885
20,7,0.4925395397338993,0.660720692576637,0.446072159016138,0.24071544225200964,0.22614536719124428,0.2306785913911047,0.00117295943957115,0.00429070664375948,0.9,0.6,1.0,13,6.881498040523361,4.318068526458778
20,8,0.48914527898078264,0.6757981043493393,0.4634652086689582,0.24133088187021115,0.21529004993223402,0.2290256786211854,0.0010734334263002,0.0038803960997621303,0.9,0.6,1.0,15,6.480778048649976,5.108089092769819
20,9,0.4739873076068705,0.6416026250341216,0.43213180385430844,0.255409402004867,0.24402075232708725,0.2255060584291613,0.00086851294403947,0.00330804417851676,0.9,0.6,1.0,17,5.8477942346685,6.297066360237459
20,10,0.47793178183089585,0.6639640123560454,0.45680250695473695,0.27471815652895243,0.2166867473666459,0.23066000136286594,0.00097616169505191,0.0039148529692247195,0.9,0.6,1.0,19,5.5627765979455965,4.462448447689605
20,11,0.4779317827729916,0.6824736642501207,0.4770537216359902,0.28340501873240737,0.21209478134884208,0.2306600013628659,0.00097616169505191,0.00391485296922471,0.9,0.6,1.0,21,5.562777106648953,4.46244902021407
20,12,0.43331277043582705,0.6181784107314205,0.41638445204083957,0.23611699298504651,0.22351021008189337,0.18917767472113525,0.00160719510941402,0.00886966538004776,0.9,0.6,1.0,23,6.533445280129499,9.22442804859384
20,13,0.6121504821786029,0.7768845004582898,0.5786396155626312,0.4344372645416689,0.3994959037547751,0.14897548975419056,0.11016161723440876,0.17072181467360614,0.9,0.6,1.0,26,9.33903086922609,35.946254698903495
20,14,0.4621185656326081,0.6608096791140956,0.4732986814458293,0.30712874451829403,0.29496676424162466,0.20798011243920086,0.01893752879752918,0.03787961950844504,0.9,0.6,1.0,28,6.398808269008619,13.027462431536112
20,15,0.5660165169833188,0.7177063090531757,0.5432388345184602,0.440711996132388,0.6403593184282188,0.15108448240246436,0.10993667619721928,0.17084559736978722,0.9,0.6,1.0,29,12.04591921327611,28.191204818020395
20,16,0.42112291053391826,0.6277554434259378,0.4592766794501565,0.30636112319393927,0.2451924574497874,0.227160853342435,0.01634367628046769,0.01501548210293715,0.9,0.6,1.0,30,7.472635756709041,7.801855160518293
20,17,0.4155192816181289,0.6395360394997057,0.4743004937512134,0.32220688983142043,0.23237702877622,0.22422889457844283,0.01629228290104403,0.014812532183162138,0.9,0.6,1.0,34,8.185706641895212,5.95207964408961
20,18,0.40596985681876385,0.6128880078491581,0.44402082584283575,0.31509333736477524,0.2380546489620958,0.20893924412380527,0.01902233910045734,0.01394273715641448,0.9,0.6,1.0,36,8.802067743308044,10.613311426810652
20,19,0.4035881668709332,0.628300812643459,0.4621416098235829,0.32434782963373915,0.22324569349073467,0.20800029030358994,0.01905918779375165,0.01415073573300768,0.9,0.6,1.0,38,9.488724953860386,8.219226075875014
20,20,0.39799510120365245,0.6358504756641873,0.4781960566900698,0.336518200473491,0.23115130012841828,0.21408808015871655,0.0192012703265806,0.014996089996040199,0.9,0.6,1.0,40,9.754721829269684,8.73604360593559
20,21,0.3782745544837572,0.5939423469385781,0.4387871554005212,0.3435980210887891,0.23943907654900679,0.17547614124235955,0.02142830851072216,0.035902965232683846,0.9,0.6,1.0,42,9.094906034047623,10.845907189145777
20,22,0.4268521350807102,0.6708226639863079,0.5283094118020244,0.44014307542629605,0.3071352209347607,0.18002278780828704,0.03998185638387763,0.08406175024227965,0.9,0.6,1.0,46,8.345020323763867,9.592801608761205
20,23,0.42561064925864245,0.6679675219588606,0.5270298437035503,0.45453037521309536,0.2763289261537497,0.18493937959710258,0.05490411912465112,0.07187476239839849,0.9,0.6,1.0,51,10.614125605146178,9.6792088485455
20,24,0.4089151150706532,0.6489877051164192,0.5102638854212134,0.443268909493342,0.2699608404898183,0.1789764768776912,0.059438032635334495,0.06122704756037154,0.9,0.6,1.0,54,11.02382700189175,8.556430451378205
20,25,0.43509360135718417,0.6477905855738573,0.5153676468535326,0.4750799621065959,0.3612406245463533,0.19815632269091238,0.057116269224900595,0.0833250978350686,0.9,0.6,1.0,56,12.61084251851873,11.929030662371249
20,26,0.4171078711975247,0.6230997979817559,0.4963831780775746,0.49584091060045354,0.30116624834190775,0.19233786767430008,0.057780467109967,0.07812738176234851,0.9,0.6,1.0,62,11.445980528020833,7.8912103624634895
20,27,0.41710796198877176,0.6416095416374947,0.5166343433030546,0.5025825825474979,0.2859968276702475,0.19233784266723017,0.05778041894968301,0.07812738370910852,0.9,0.6,1.0,64,11.445979271504877,7.891212281583269
20,28,0.41295357594530624,0.7082999577046813,0.592905649127365,0.5462593484586373,0.32857463199364423,0.1937673791565029,0.058245086906734175,0.07592912136403529,0.9,0.6,1.0,65,10.807861998586436,9.650051349455044
20,29,0.35458255029996866,0.7025274226268927,0.5947107202601698,0.5655598136332491,0.23136744759346228,0.13833270683734383,0.04578516986860999,0.07803804491037743,0.9,0.6,1.0,92,8.760190956381676,12.920519459525702
20,30,0.34600580979963613,0.6863263872672833,0.5844344006525444,0.5820820064443428,0.2529839900243792,0.13765626276401052,0.045603572888882185,0.07777066379958475,0.9,0.6,1.0,96,8.736917986791092,12.991933180236089
20,31,0.3474395101327651,0.7246350913634588,0.6263357109141031,0.6101640441464083,0.23103455271801687,0.13767995212366743,0.048230144111488696,0.07774424730216792,0.9,0.6,1.0,100,8.7353735606992,12.982329421438015
20,32,0.3978484196323523,0.7190191847748735,0.615871341512507,0.7067235125766496,0.2823644556996098,0.19559203134529415,0.0606648998779333,0.06904121647024604,0.9,0.6,1.0,107,9.674417397231988,2.191528953984488
20,33,0.4614739463000366,0.815414301596942,0.7189313828194379,0.8042333897175795,0.35469741159236634,0.2115553536589671,0.072059581271742,0.1153852012261856,0.9,0.6,1.0,116,8.086370863917836,5.331870180250241
20,34,0.46147492743149854,0.7969056330236007,0.6986812644827508,0.8118585110884811,0.34902225552151134,0.21155536483253232,0.07206007163728631,0.1153858802713843,0.9,0.6,1.0,118,8.086326833081904,5.331870260172833
20,35,0.4580016340745313,0.8081929488844892,0.7144593818244948,0.8193477654635539,0.36364361821636987,0.2212051129880457,0.07279194245392069,0.1061005202550549,0.9,0.6,1.0,121,7.555679174494482,5.000331222930487
20,36,0.6894836981459851,1.1437172171410668,1.0654501164123176,1.2497830310827733,0.5880565984597252,0.20533297574810802,0.16823494264098515,0.30047152680154776,0.9,0.6,1.0,165,8.83191299421118,8.991344622019561
21,0,0.8372936744951173,0.7435913585378685,0.39599323733202046,0.012549430328113672,0.0,0.0,0.0,0.0,0.9,0.6,1.0,1,12.388085524964,75.74605665829733
21,1,0.6573079404048474,0.7207395753500344,0.4247185834479501,0.11746422476409699,0.5267867149760135,0.12161288461122356,7.592401253918001e-05,0.00011104505639157,0.9,0.6,1.0,3,9.990287422978556,54.13570356025301
21,2,0.5106853032630757,0.6298875587307927,0.375303817510493,0.1287127477537608,0.4603396927517629,0.13838760101961756,0.00030369605015673,0.00044418022556628995,0.9,0.6,1.0,5,8.989197308220268,37.8028612679585
21,3,0.4825324365479045,0.6085064418044391,0.36489019005887385,0.13631940521249336,0.2206702132923538,0.1450571019702595,0.0006833161128526699,0.00099940550752416,0.9,0.6,1.0,7,9.349002454490387,26.70139938695954
21,4,0.41403685418734076,0.5436986160101281,0.31003492040615926,0.10970104121804403,0.2537150431011689,0.10121101151658018,0.00071650174002658,0.00119322339576225,0.9,0.6,1.0,8,6.165541630686639,15.391202545691598
21,5,0.38483878673284616,0.5346015665199765,0.31513361992037875,0.11865843820094521,0.19782604962122335,0.10557176023631047,0.00093631642916682,0.00151472029423921,0.9,0.6,1.0,10,6.737192427397341,11.331085718342214
21,6,0.426051231372198,0.5757489223436701,0.36052935802820235,0.18509801632209924,0.16650940300976694,0.15259747355343214,0.00662554804985916,0.00783613677265715,0.9,0.6,1.0,14,8.898065874779679,22.040287826120416
21,7,0.3902996131796811,0.5395772917084596,0.32725432352370065,0.15585960892960077,0.1666133078433344,0.13245443054308786,0.0008270514189054701,0.00071125375080624,0.9,0.6,1.0,15,7.909109701743728,11.1058015662076
21,8,0.356693610306752,0.5047597841773827,0.2986301391012005,0.14391091424222896,0.20164181326991906,0.11046303088214274,0.00116945060082428,0.001386309979841,0.9,0.6,1.0,16,7.1487187633641565,6.78210227759473
21,9,0.36005043702160894,0.5075731684319691,0.3034673219123055,0.15414221887465318,0.14225368982278322,0.10745267552065503,0.007038353739729,0.00858517994285315,0.9,0.6,1.0,17,7.650153478225204,6.554122102553351
21,10,0.7613704011766804,0.9446911133242939,0.7478898308348365,0.5715601686394736,0.5812527157373895,0.15857763871631392,0.02310568818626414,0.3628454241526282,0.9,0.6,1.0,18,8.454539108625674,15.912058278775165
21,11,0.3822455910566912,0.5456313601815587,0.3507995131895332,0.2057449298807713,0.17842373881347778,0.16286171872828362,0.00099668791308679,0.00123553344103879,0.9,0.6,1.0,20,9.023454110913868,10.947811088227615
21,12,0.362704614753575,0.5067274698893979,0.3123542866932543,0.18746909534974732,0.17002120010531066,0.1345443162632095,0.006375255533698181,0.008750208775836269,0.9,0.6,1.0,21,9.892551521555983,11.679152229530755
21,13,0.34548295575764704,0.5252223538053016,0.33688077789970344,0.1868024761058137,0.1621513984314483,0.13323351834112596,0.00112798652953142,0.00109915542051135,0.9,0.6,1.0,22,9.719841637832909,17.07499744729451
21,14,0.34467540805453206,0.524387487478843,0.3361005249351839,0.1948638648906871,0.12187127248026142,0.13229822137086453,0.0011527626378369,0.00123141961718209,0.9,0.6,1.0,23,9.638172583328336,18.392204052635996
21,15,0.7147783128166387,0.8944847069551722,0.7082630885991403,0.5733126534746724,0.5381185640961387,0.16156955764762565,0.02175472399851277,0.337927527776774,0.9,0.6,1.0,24,10.616486438333292,14.552537848557748
21,16,0.6831870421298416,0.8389420227662672,0.6585007227317586,0.5364998680305234,0.5920446459036015,0.15610565891005238,0.019734939478119322,0.32634143190878245,0.9,0.6,1.0,25,8.563043800358479,13.977826921662324
21,17,0.6926212395723266,0.8824531225456622,0.7098652014214515,0.5803845328756306,0.5670905912535186,0.16156955764762565,0.02175472399851278,0.3379275277767742,0.9,0.6,1.0,26,10.193924384243369,15.900484432354446
21,18,0.621879862025152,0.8092940531446748,0.6400249302161825,0.5245462502140553,0.48544990819547973,0.15473957033078872,0.02951164687362896,0.2747846128595794,0.9,0.6,1.0,27,10.823635709559522,18.70517145735779
21,19,0.6729881541464242,0.841576962124251,0.6709836804478179,0.573219930716789,0.4903689982890564,0.13594675771967887,0.01905622501947682,0.3498359397595024,0.9,0.6,1.0,28,9.699082129086804,12.410356141916672
21,20,0.7074886304515536,0.9070597906813935,0.7474117371599112,0.6386739778077657,0.6519641039215255,0.14319297571489747,0.02121383501622015,0.389647779483899,0.9,0.6,1.0,29,9.593166942182023,15.626304006892092
21,21,0.3522300269656518,0.5398071658941996,0.3929129523330624,0.3218610094191927,0.26552442908479973,0.13829330175044605,0.011301557261686319,0.06550648267524135,0.9,0.6,1.0,32,9.700242455387285,10.873157239458804
21,22,0.3522300216934564,0.5398071606216113,0.39291294706047397,0.3218610041464388,0.1967514625609326,0.13829330097008477,0.01130155654255851,0.06550647853645478,0.9,0.6,1.0,33,9.700242467251408,10.873157244416232
21,23,0.34922805755974945,0.5540409436936976,0.4101301467609237,0.33062563596258804,0.2157655364568476,0.13742453584786785,0.01113342254342168,0.06530291575457954,0.9,0.6,1.0,34,9.62446989936172,11.2617800348481
21,24,0.6811856780217991,0.8668019809517078,0.7218106262818861,0.6702752873368708,0.5321934338181784,0.1353099031265134,0.02180314788972735,0.3937723727400714,0.9,0.6,1.0,37,11.002428443694075,10.69517695502944
21,25,0.8332657649667214,1.0298930068485834,0.8935774450177458,0.8419272337613207,0.8032279656243062,0.1509046314097698,0.03075617652062665,0.5367553226465265,0.9,0.6,1.0,38,10.475269999941297,11.272341680373776
21,26,0.8332657670309889,1.0484026587426585,0.9138286596989988,0.8629721057030026,0.6910233664514546,0.1509046314097698,0.030756176520626632,0.5367553226465263,0.9,0.6,1.0,40,10.47527002047013,11.272341471575109
21,27,0.8236952038752656,1.0346474675983317,0.9037374456629408,0.8508799807573729,0.7459200926026898,0.1466449547259353,0.03086903006869845,0.5361760110816007,0.9,0.6,1.0,41,10.36135187604941,11.317438725445314
21,28,0.6450922534674505,0.8463064008744705,0.7235208978712265,0.710263505071626,0.5632100846502296,0.1269623994126072,0.0227029334700581,0.39131420205852374,0.9,0.6,1.0,44,10.341811386350594,9.20759997902094
21,29,0.6404279496473353,0.8412098866413675,0.718735185826973,0.7134872214545435,0.5171471179018987,0.11834497025090078,0.0248986658853803,0.3934540955753255,0.9,0.6,1.0,46,11.095466335065986,9.376697274610365
21,30,0.6451768448023247,0.7893635629373227,0.6625155212499841,0.6421316843029271,0.527665610064491,0.12892591960018354,0.02261430166214545,0.39117053759686243,0.9,0.6,1.0,48,10.285095829302431,9.416057946286363
21,31,0.6490596788208753,0.8054134681536058,0.6852658531017888,0.6720536161210633,0.557880459157997,0.13915737146757406,0.02290172846551383,0.3920654402715969,0.9,0.6,1.0,51,10.848222339582026,11.139052025518149
21,32,0.9095666645261661,1.1111900988033638,1.003880653834697,1.0528270849287886,0.8622125740456523,0.14489930432993847,0.06257996774476345,0.6328917514572022,0.9,0.6,1.0,53,12.14121149841122,16.366912571946184
21,33,0.8489072989718853,1.068671637539334,0.9633705704252322,1.004196685829523,0.742663614806863,0.14310837143502877,0.05938384202328841,0.5760785521675695,0.9,0.6,1.0,55,12.164497483443924,16.37935358087864
21,34,0.9032048411038034,1.1196896582639084,1.0167479160554143,1.0571247981082288,0.8320885368131741,0.14136283648438058,0.06270477928276377,0.6327342085586551,0.9,0.6,1.0,56,10.628807912723286,14.096088616828956
21,35,0.6323518344602232,0.8289776105546249,0.7252482187230175,0.7940091573636038,0.5469200072722948,0.13457730428800616,0.0553883093855686,0.3734785137544667,0.9,0.6,1.0,57,12.369312929920468,16.11686301829047
21,36,0.8697076261234369,1.0510076511838533,0.9577938128745098,1.0486774085465929,0.9470546061590348,0.13108951832656424,0.06026510909237096,0.6227272690860857,0.9,0.6,1.0,58,11.633581641126142,13.564486578718892
21,37,0.8978363849798673,1.1161113026291305,1.0264470430686279,1.0973385710663992,0.8057815676403173,0.14331695874991107,0.06075732171965208,0.6396825364932424,0.9,0.6,1.0,61,10.973857203785425,13.994375558575255
21,38,0.8864623109643217,1.107279510649087,1.0296635240986176,1.1183696180196725,0.8871911248113461,0.14732497392632898,0.05950964822513934,0.6359522794363388,0.9,0.6,1.0,63,10.847136889039271,14.295749532620311
21,39,0.878792724373413,1.1533053799795425,1.0820682155054306,1.1764708754190414,0.7997829920904782,0.13252919886244263,0.07642702103650077,0.6325794033914096,0.9,0.6,1.0,72,11.02041307963574,16.14898987020378
21,40,0.34785189352940415,0.6220405317584299,0.5640739632103626,0.6893048214755082,0.2982954707246783,0.11975469218401105,0.0372615222182794,0.14741031858011416,0.9,0.6,1.0,81,12.710375885691551,17.53544894141827
21,41,0.3402345886097469,0.6030113523487941,0.5517572160955393,0.6888576306799963,0.38413143310994047,0.10906588791416907,0.03728006032115945,0.15522856450454098,0.9,0.6,1.0,82,11.507171641356878,15.612687874166662
21,42,0.3402345834948924,0.603011349285363,0.5517572130321082,0.6888576276054247,0.27575640352639214,0.1090658870213845,0.03728005926084272,0.155228562880806,0.9,0.6,1.0,84,11.5071717815053,15.612683156944376
21,43,0.3182328897070107,0.5917798016168582,0.5467276710476294,0.6871366303344828,0.3296097452882336,0.10497367574273225,0.02829008843688609,0.1460198238389166,0.9,0.6,1.0,85,11.702998842691503,19.419473791252607
21,44,0.3372151713584618,0.5313819501650638,0.48240630831808795,0.6735210589891185,0.32832779980769283,0.12115049221565928,0.036645022390491486,0.14790246920360578,0.9,0.6,1.0,86,13.185706473664926,11.412072236206267
21,45,0.32654974839769274,0.6039196775329663,0.5688853604935555,0.6966703560105216,0.3568820023933559,0.11743401431697793,0.03591500519518219,0.14511613560957254,0.9,0.6,1.0,87,13.153376234357715,15.021933553199682
21,46,0.3263699862805093,0.5995091384857538,0.566815687906115,0.7097576696251153,0.28341715803759376,0.11935694651318463,0.03630638685428536,0.14475189609811462,0.9,0.6,1.0,91,13.108450669798644,16.999011046405254
21,47,0.3794796022339121,0.5572091604689464,0.5173816639952106,0.7444713418121297,0.35369785650446434,0.1233669929893828,0.03898692786131418,0.19382360685937502,0.9,0.6,1.0,92,13.15570364280029,11.424142586035684
21,48,0.32552604887327796,0.5940578654538733,0.5638943535637746,0.7182977852842045,0.29046465568314406,0.12116167569901187,0.036112150329626,0.1442903229872105,0.9,0.6,1.0,93,13.168542329028838,17.156488749973864
21,49,0.37857290181141184,0.5535909537645505,0.5152475291597828,0.7521407407328794,0.33698174387224655,0.12381794708228083,0.03855960651360387,0.1938673929028997,0.9,0.6,1.0,94,13.148003564770798,11.26579497478251
21,50,0.32327227085506094,0.6092526375717364,0.5814105212924483,0.7322189047543528,0.27402608350947977,0.1212297966387462,0.0353455264841757,0.14286338776243473,0.9,0.6,1.0,95,13.201928345587206,18.36911702818362
21,51,0.3702215596075231,0.5610488825152025,0.5259182788276058,0.7583526903097492,0.34411770400384045,0.12233285230639647,0.03947595271316673,0.187381143515568,0.9,0.6,1.0,96,13.161478520500586,11.344329836138591
21,52,0.36333919295964023,0.5466491333578044,0.5155803092838211,0.7615265213971741,0.35006631907492003,0.12339990502080016,0.034923548017665715,0.18518400997281412,0.9,0.6,1.0,98,13.24391130964779,11.001308900173578
21,53,0.32110175204519165,0.591176636669015,0.571907574453191,0.7805177627910553,0.2937810358058553,0.1153017589345044,0.03922410549486474,0.14981254276237216,0.9,0.6,1.0,101,12.613706678320598,16.06739568050345
21,54,0.324471248269272,0.5932417359208092,0.5746662207744971,0.7882537376836535,0.29218778900484854,0.11814508995512767,0.039472433505024426,0.15095110525645736,0.9,0.6,1.0,102,12.698305664854232,12.871848383586205
21,55,0.3199525635006354,0.5878367819817605,0.5697319154750233,0.8224011531803832,0.27866639979915847,0.12456439885398589,0.034658399978728785,0.1438656616407934,0.9,0.6,1.0,106,12.695347257846,12.699556221978511
21,56,0.3237369746894309,0.6086603741442722,0.5930763195331303,0.8409164934525175,0.293708739034236,0.12042010557994029,0.03815673801394698,0.14981200837715233,0.9,0.6,1.0,107,11.999680137907678,10.53245331547775
21,57,0.3169169383796905,0.5808770511580629,0.5648482681032622,0.8285251843650816,0.2961163885956022,0.10966287479016519,0.03634437632383194,0.15463745160770964,0.9,0.6,1.0,108,11.799189290045648,11.923257282633797
21,58,0.3143088566528951,0.5773421213249046,0.5618019230255868,0.8237156810133134,0.28076378200427476,0.12466111357138324,0.03674273338854801,0.13862009199467576,0.9,0.6,1.0,109,11.876897071355302,10.587512343249363
21,59,0.2977378511445138,0.5875209837231375,0.580835437247193,0.8102524665045331,0.3467176716905726,0.12435922656431622,0.03633632056225638,0.12609044558629726,0.9,0.6,1.0,110,11.454503635047432,10.63069971451767
21,60,0.2911696318320939,0.5692887079124347,0.5686156677988476,0.8124574648705511,0.2894469367428204,0.11400497386581963,0.03791661366062406,0.13167017137826903,0.9,0.6,1.0,113,11.694093606496995,9.77074830762938
21,61,0.2919908099996592,0.5698490631207731,0.5693094234924786,0.8335940953987906,0.258358106432937,0.114146224710951,0.03963848489027141,0.13141294219892602,0.9,0.6,1.0,118,11.867886060227276,9.764463321584628
21,62,0.29351965745148284,0.5687899073108124,0.569571938960695,0.8530278231706048,0.26560902725417235,0.11185730090884458,0.03801200202803247,0.13678400984239808,0.9,0.6,1.0,122,11.96979421118498,9.227974537200048
21,63,0.5996936655801044,1.0916393002179094,1.116084310275328,1.4901339353255518,0.568949876956128,0.13058092573545288,0.06477256219212459,0.41171081795964126,0.9,0.6,1.0,175,10.270788556427735,10.400895106577266
22,0,0.9704115061179132,0.7903865806153507,0.424567357485283,0.015623380795630274,0.0,0.0,0.0,0.0,0.9,0.6,1.0,1,6.081325220801001,74.93451655413433
22,1,0.8096401845496631,0.8081301099597324,0.48608194808764604,0.14240244607177302,0.48419534954939647,0.14444885054036,6.093366771158999e-05,0.00011547267697324001,0.9,0.6,1.0,3,3.7389816287522977,54.74995529480744
22,2,0.6367094770095093,0.7244374916041916,0.4421373768198507,0.15675771542024516,0.4700454269149544,0.1643734540153886,0.00024373467084639,0.00046189070789295005,0.9,0.6,1.0,5,4.5332358374419925,40.670491817983866
22,3,0.5330512137384199,0.652542815044414,0.3983452903840619,0.1574142467686229,0.37612876993784045,0.16452070554655662,0.00030392161897001003,0.00057141840069292,0.9,0.6,1.0,7,7.344942352817837,24.53359700166869
22,4,0.5070750120508607,0.6325618062581616,0.3879624013479798,0.16383628583062107,0.23112595737994268,0.16886360874411133,0.000608589957528,0.0011487817855591101,0.9,0.6,1.0,9,12.79828345804279,18.334136844987643
22,5,0.5007607728887403,0.62632785677721,0.3818879455235749,0.16238268579706108,0.15024347650554676,0.16308556553237225,0.00042230550264848,0.00063623121777794,0.9,0.6,1.0,10,11.027038027915047,19.95172198868079
22,6,0.5041926203379186,0.6485153527155585,0.40631075392133825,0.17164024197237363,0.1606018502795466,0.1681005762471485,0.00053180936981136,0.00100327831701388,0.9,0.6,1.0,11,11.449090324516192,19.377734959454155
22,7,0.4893905903390854,0.6357747102044673,0.39826079130489483,0.1745875085578414,0.22784244779057097,0.16707555870434967,0.00062714018672407,0.00117450656211921,0.9,0.6,1.0,12,9.696507195064004,13.333310811365592
22,8,0.45307732785473936,0.5826732821253187,0.34875294622264424,0.1598911091543977,0.21729666664176195,0.143306655125562,0.0008301826355029201,0.00155425751252909,0.9,0.6,1.0,13,5.562698274950048,18.496948838945425
22,9,0.4667937470519403,0.5977201776540843,0.37075484474347703,0.19163045311215066,0.27649121244631303,0.17158052155384615,0.00255068114267031,0.00798412044495159,0.9,0.6,1.0,14,6.130170670795705,25.75137773486709
22,10,0.4590885958916015,0.6088048249163162,0.39154670095132377,0.2057498018272583,0.30578188877544593,0.19149783362514,0.00086286816252522,0.00410382795620118,0.9,0.6,1.0,15,6.045344041649518,23.56925612734793
22,11,0.4312444279462418,0.5792947628191191,0.3732290167773566,0.20815168245950427,0.26673216737776934,0.18954573569384472,0.00121768654260643,0.00488200738769606,0.9,0.6,1.0,17,11.197860893540582,18.161594007789947
22,12,0.42637000869187563,0.5743070480340055,0.3686834867036353,0.209329937952452,0.1795026370653658,0.18616544528427892,0.0009309319760952299,0.00424413612150077,0.9,0.6,1.0,18,9.153477655360572,18.69296730070801
22,13,0.4232397168805808,0.5709646214815229,0.36613677806096756,0.21591045651497404,0.17748778288774122,0.16462638802689167,0.0127869900252963,0.01521678380104699,0.9,0.6,1.0,20,14.866085458933236,15.116889425844311
22,14,0.4013495849229467,0.5658268506040662,0.3682209560526032,0.21076104785616864,0.20582547517453081,0.17291952832683893,0.00161322375841403,0.00488451280679219,0.9,0.6,1.0,22,6.971932077173437,31.745164477017763
22,15,0.41004767855917507,0.5932930282785615,0.3982476143837828,0.23027917308325305,0.18126085766216438,0.18217929446303946,0.00117241731702829,0.007875166652624551,0.9,0.6,1.0,24,9.487496694469485,31.267925898932813
22,16,0.39684234713382427,0.559981251255268,0.36573756330384904,0.22432405175985745,0.20118798315707717,0.17661387003007065,0.00115813005126053,0.00462194354826608,0.9,0.6,1.0,25,9.423574021380716,20.318779773308258
22,17,0.3844630936225319,0.5449338166910118,0.3563636794886902,0.22490664905230928,0.25560939810420513,0.1766263830730407,0.00158172803314568,0.00388004481669904,0.9,0.6,1.0,26,14.278634912630965,14.865519100494124
22,18,0.38851438698665014,0.5672477912847386,0.38088812960717405,0.23622020449067185,0.17636418931118078,0.1717319974146234,0.00643465147728896,0.0103818628446304,0.9,0.6,1.0,27,9.60636729771985,17.94565988539787
22,19,0.39590944978659176,0.5724098813769282,0.3900718507617813,0.25730829847699316,0.24935300396214743,0.1939883211141085,0.00447846180535253,0.00701533631307043,0.9,0.6,1.0,28,8.163912671966674,20.01983328315833
22,20,0.39102017167341746,0.5663351844811962,0.385965718177792,0.2580778015235327,0.20065365305105448,0.16268505941767492,0.028092969828336166,0.02000045437264717,0.9,0.6,1.0,30,6.094144156378459,27.35892170055624
22,21,0.4060333242409652,0.5775139145455354,0.4029594574801303,0.28983230794700093,0.2951474167741122,0.18818035374259173,0.02839001993194535,0.02298935709068845,0.9,0.6,1.0,31,6.6026183984629885,22.83473039751213
22,22,0.37720103438551406,0.547097883895323,0.374750878707595,0.2636892063711203,0.2289555901833741,0.1638574915860157,0.02857036744744535,0.02002472666045321,0.9,0.6,1.0,32,10.905742012174644,20.213824627779516
22,23,0.3907158962857397,0.5573799230933433,0.38927142182803287,0.29099791952015375,0.26511742303854446,0.18386012143558916,0.02881566948987253,0.023042540242301752,0.9,0.6,1.0,33,11.189752705879496,16.45037204141734
22,24,0.38375816056853895,0.5477356727444618,0.3829241525735818,0.29217917188431675,0.2578214481043085,0.18265199747548916,0.02864049541424522,0.02305796220413242,0.9,0.6,1.0,34,9.591589677217302,17.965730547956152
22,25,0.36544651446974513,0.5283307377248021,0.3648122415207798,0.27879190797482006,0.2156272938614069,0.1692717455715325,0.02754020300808403,0.01967615737128052,0.9,0.6,1.0,35,13.265295774730893,16.119725375379733
22,26,0.346288417149823,0.5079384631149307,0.3458488609223098,0.2647422390219595,0.1964192340375968,0.13092014704875482,0.04041782593225052,0.029743565211064898,0.9,0.6,1.0,36,13.24979457991721,20.68114405768265
22,27,0.3183892450340751,0.5379705211874533,0.39934932011534213,0.3709404626414109,0.18283980614140552,0.15915448936293072,0.01545771721965353,0.01768350272069655,0.9,0.6,1.0,57,9.371969345915536,12.601016935630994
22,28,0.30591080176219965,0.5429526098573986,0.4070432262925862,0.3746215174706167,0.1670077564799397,0.1536210221444916,0.014217692467856091,0.01237213895384985,0.9,0.6,1.0,59,9.771872675034825,12.429444131751865
22,29,0.3078423685199627,0.5603903848741026,0.4289469940490924,0.39921904610465186,0.1761014319030772,0.15373643165703266,0.01535655268023356,0.01750997773563297,0.9,0.6,1.0,63,8.25052076052253,21.31351712605053
22,30,0.36516243540852333,0.5939165281038112,0.4653557587966722,0.46111397795722897,0.303801418731668,0.21141433537599338,0.01825478439308871,0.027772400843772138,0.9,0.6,1.0,64,9.097693283503748,10.35207785994331
22,31,0.36241670742435106,0.6095839072532369,0.4828472840117817,0.4774660673915254,0.22703567570244226,0.20874619493096006,0.01809459332807972,0.027639677728935656,0.9,0.6,1.0,66,8.751109597365144,10.792507406813074
22,32,0.29669085163207964,0.5411510433481928,0.4167064026169517,0.41089222358992217,0.20090227555482784,0.1545287041941127,0.01210460193935354,0.017482916744093212,0.9,0.6,1.0,67,11.167097669985816,12.18680041262744
22,33,0.29980236580039976,0.5433717032360678,0.4196709048253183,0.4221810558625543,0.1799812981870732,0.16008100402721998,0.01172477475971579,0.01684465135938748,0.9,0.6,1.0,68,9.856784835137288,13.340887573755664
22,34,0.3014496114994876,0.5200172587631011,0.3998594095256001,0.4324390974588536,0.2621782342364384,0.16305061713174884,0.01368603805207116,0.02172186835286738,0.9,0.6,1.0,69,9.260664401956806,15.578596507343727
22,35,0.3008304519375211,0.5373107459999122,0.41936794451469,0.4640556946890243,0.17859035828445538,0.1630506170948156,0.01368603806290175,0.02172186828923765,0.9,0.6,1.0,73,8.898454581465447,15.253829166018155
22,36,0.30084530940391113,0.5558284212074777,0.439632573224438,0.48761779095244423,0.1767451170764882,0.163059527298114,0.013683363921308731,0.0217374574309716,0.9,0.6,1.0,75,8.913143112830536,15.278916017220064
22,37,0.3084033379197292,0.6164168264862739,0.507412029456504,0.49557421811990116,0.21862456926738247,0.18310465672250006,0.01304749542922512,0.01418831205542361,0.9,0.6,1.0,76,14.056477380269596,25.44091910977373
22,38,0.2815551882669511,0.51145116120576,0.39862807189022664,0.45788376641213835,0.18942899935395718,0.1577732554324139,0.01277433071877703,0.01430740651595864,0.9,0.6,1.0,78,13.092957389061493,17.462888158297954
22,39,0.2984115661089028,0.6083970704600521,0.513545037308518,0.49850245366434603,0.26773073285901927,0.14302518771406486,0.0366331799217438,0.04145348567290519,0.9,0.6,1.0,80,11.588825312815516,18.15199952090615
22,40,0.3112937671965017,0.6187054181713342,0.5257906912435347,0.5538429544061446,0.21301903281911455,0.16774790699212933,0.026408946970164337,0.0406213691517245,0.9,0.6,1.0,86,6.575462309690485,17.08012516543621
22,41,0.3130026032337481,0.6200961560754059,0.52733704194348,0.5671730672843402,0.2096581539226074,0.1712618569138155,0.02976354294344389,0.037236369280121404,0.9,0.6,1.0,90,8.95356920634294,16.706673841871577
22,42,0.3058551436082817,0.6296460528290088,0.5399689415873381,0.5698988870763397,0.21522869497702624,0.16644283166964308,0.02950009086456349,0.03621454800179498,0.9,0.6,1.0,92,9.173407905747997,16.451958812448325
22,43,0.3248383137396263,0.6276531839566452,0.5378001209142433,0.5935626245704365,0.24646518267703876,0.17430778148665182,0.03645615889479747,0.04549983701706338,0.9,0.6,1.0,93,8.85423653395166,18.140837579193654
22,44,0.3000037222117038,0.63124220983825,0.5507162392985879,0.5953036135221369,0.2998391332108798,0.16771942368181952,0.029663127258567828,0.03708363053159931,0.9,0.6,1.0,94,7.5800357731381025,14.629558408915496
22,45,0.2535477509825372,0.5659179857196465,0.48389072294185126,0.593575402295747,0.1600758965302581,0.14017973466400402,0.01840811649995478,0.02242476386024635,0.9,0.6,1.0,102,12.116814661074804,17.848959343733785
22,46,0.27645126136456977,0.6250091205635304,0.5470209950917815,0.6226100656203364,0.1921332630822179,0.15653594099656634,0.02176437612226543,0.02919052660045789,0.9,0.6,1.0,103,10.764516250221128,20.81795873071545
22,47,0.32950198528319286,0.6510291812858349,0.5769033589419954,0.6579554442357907,0.33350778382556934,0.17497007507810866,0.05636178498416735,0.05076282465932991,0.9,0.6,1.0,104,6.7514729786462535,21.2611710353924
22,48,0.24918000824192596,0.5889217977046179,0.5167266103777244,0.6298772680210591,0.16229645445382265,0.14119792474067294,0.019376327780713888,0.02321764557542479,0.9,0.6,1.0,110,10.102394843272654,20.663664453570945
22,49,0.2570269336280094,0.6119763771841643,0.5436486090174378,0.6450069901830465,0.20632004318940445,0.1476725486233468,0.0207732164071866,0.02655688581998853,0.9,0.6,1.0,111,13.16543403775997,21.657078381653047
22,50,0.2857382467312821,0.6545975970756208,0.5909356189212647,0.7125953581556038,0.20784826109995355,0.14804045612792843,0.03463706059786143,0.04952925627997159,0.9,0.6,1.0,122,6.008279823961621,18.35016920787524
22,51,0.2857382467556557,0.7101265528362932,0.6516890935077226,0.7624532475133683,0.20354802793634227,0.14804045601237503,0.034637060494151925,0.04952925652464185,0.9,0.6,1.0,128,6.008279731141127,18.35016901666929
22,52,0.2864717132443325,0.7082478976078054,0.6514530159062248,0.7686908705049541,0.23245828992060166,0.14844193902714733,0.03550514458269962,0.05098686340588247,0.9,0.6,1.0,129,5.909639949528211,18.37265883215392
22,53,0.2903495750848367,0.7098336569515277,0.6544697155424093,0.7918322366024769,0.23426182790881073,0.14233676819503444,0.03676331030765957,0.06098734903363427,0.9,0.6,1.0,130,8.766516292427625,15.350587227795202
22,54,0.27335114438472496,0.7097449273319819,0.6571157636195079,0.8386716928265255,0.19606550906166453,0.14299702899299954,0.025356158036333544,0.051190046554170546,0.9,0.6,1.0,147,15.250692507414636,19.380172113912128
22,55,0.23824071458942014,0.7098320921177923,0.6618114698991663,0.835988235308183,0.16553764659387465,0.13416152491789093,0.019127105890444078,0.02883780161488624,0.9,0.6,1.0,151,13.3764803855961,19.894399256970136
22,56,0.2728599098349185,0.7580931236426136,0.7147940195680429,0.8794138347381801,0.2466783532313031,0.1458651362497235,0.03149746758570999,0.04828720485072535,0.9,0.6,1.0,152,6.217378361071329,17.016132702130317
22,57,0.27355796182325165,0.758787390963501,0.7154906436737629,0.8991890727836361,0.1991832954444517,0.1458328971140811,0.03127669099507146,0.04914881387170681,0.9,0.6,1.0,154,6.407834825670534,16.879206150090223
22,58,0.2727627588177815,0.7577192999833663,0.7145884954477161,0.9070210315033561,0.19986422711995097,0.14581284171681522,0.03152320185804662,0.04837698984728062,0.9,0.6,1.0,156,6.368471789431008,15.41589369751631
22,59,0.27327647332924193,0.7941995440390341,0.7551906293742707,0.970064854860059,0.2006576085483613,0.14586129764658154,0.03238230045048936,0.04891980723973875,0.9,0.6,1.0,166,6.255941558478202,16.374808595319653
22,60,0.2732463427522584,0.8126385509682154,0.775395725646223,0.9743404249063515,0.19981664751446926,0.1457538091228729,0.032642726255008594,0.04885277065778127,0.9,0.6,1.0,168,6.299492185330767,16.389867089600077
23,0,0.9096766008496484,0.7698476341525051,0.4120258374741027,0.0142740060053936,0.0,0.0,0.0,0.0,0.9,0.6,1.0,1,9.007926268009,74.527825568009
23,1,0.7379193938405704,0.7786645955362913,0.4722917066899162,0.15054999837074418,0.5570901225225314,0.15638877559860884,7.683686520376e-05,0.0001517621822685,0.9,0.6,1.0,3,7.680552619557952,53.78678794661628
23,2,0.7693005973743675,0.8196270238099362,0.5174099710266591,0.20421917724919936,0.25980959078541876,0.2092852776140756,0.00073434191284321,0.0037856258447219898,0.9,0.6,1.0,4,8.660303949894004,62.49724951130753
23,3,0.5287128006660466,0.6715525133840875,0.4265286239217849,0.1737338667036199,1.065445621083377,0.18537696772045706,0.00060978542363524,0.0012044006006882,0.9,0.6,1.0,5,8.526833378851451,28.76310855690577
23,4,0.4817623976468793,0.6098804679496692,0.3712940352198558,0.15221056701977848,0.21240657660835682,0.16146505862198526,0.00036757028090334,0.00071301833934335,0.9,0.6,1.0,7,9.123781274015082,21.708409160232176
23,5,0.43574349095282106,0.5855043533109452,0.3665040493649414,0.16400353195361939,0.24541889613620674,0.16291718585055842,0.0010050905251153901,0.00196641387595629,0.9,0.6,1.0,10,8.664610203809179,15.94762865538508
23,6,0.4308253752296317,0.5620752928213831,0.34146585289647835,0.1664996441461478,0.14675817447186582,0.15939726793196052,0.00052441018822195,0.00084339119748565,0.9,0.6,1.0,11,8.23448693424527,16.25506255823208
23,7,0.38114030528768034,0.5268754364605687,0.3281380398446366,0.15872715981059354,0.46825304404604273,0.15557045915730186,0.00112500610118901,0.00191665086709317,0.9,0.6,1.0,12,8.127806347892504,20.38417553151883
23,8,0.3797951212020866,0.5439469015381581,0.34719492258744583,0.1748975519537217,0.1427796956251949,0.15485046045354348,0.0010545484975329699,0.00179517799643147,0.9,0.6,1.0,16,7.706842492976994,21.413194070719573
23,9,0.3806240607238597,0.5443348725476992,0.34870671495662686,0.1913570792216946,0.15112788876102023,0.15883349313134434,0.00093537624952013,0.0015561249208574201,0.9,0.6,1.0,19,9.816741692724168,8.766619213838622
23,10,0.4329846766226147,0.574245079972393,0.3852573657554965,0.254195612058516,0.2828173267571067,0.19175483350141032,0.01009071483236072,0.03637991353876514,0.9,0.6,1.0,21,8.066458638421837,7.896496770296189
23,11,0.43229031657618266,0.5918732526251139,0.4049701914117708,0.26248515200242534,0.2177829426481617,0.19175483350141034,0.01009071483236073,0.0363799135387651,0.9,0.6,1.0,23,8.014745862404496,8.452035897385725
23,12,0.4186219248962857,0.5569836484716613,0.3730228742804636,0.25657742303173836,0.2864289577238491,0.18700949708297898,0.01037747512928099,0.03612746793859539,0.9,0.6,1.0,24,8.557447755941544,5.07690152193766
23,13,0.40298472735759333,0.5412522515877234,0.35746683281902164,0.2463325328553407,0.19685785041103113,0.15182736490211307,0.01568420076995124,0.04932629703942359,0.9,0.6,1.0,26,10.809030871008778,11.606713882448908
23,14,0.3626494489727821,0.5148252501658716,0.33970001646206016,0.23098523130250326,0.28061686559584126,0.15758566811863198,0.01425833620664472,0.0178310911342116,0.9,0.6,1.0,27,7.649684863268577,13.347155646459498
23,15,0.3656707733694922,0.5164181016788685,0.34320250068919456,0.2429814402746366,0.19006518361190278,0.15967720144548286,0.014954742741956888,0.02202791788176876,0.9,0.6,1.0,29,7.388895425482735,8.156685463774183
23,16,0.3884226686665438,0.5356004103475838,0.36696995988150893,0.27925095770682795,0.279434803023271,0.17270195588047313,0.014664578771831268,0.0414376031374135,0.9,0.6,1.0,30,8.44139906669609,8.67512481753315
23,17,0.3839521756679121,0.5290724355923194,0.3629327206232927,0.2817182663871489,0.24582334911118492,0.170275452238175,0.01710517148642163,0.04202613470722707,0.9,0.6,1.0,31,8.431276548306274,10.57988061462926
23,18,0.35171856827193443,0.47167179845887336,0.3112641671876672,0.2566921650119795,0.3070577722718974,0.17112878720843808,0.01705236995809818,0.0215922556353331,0.9,0.6,1.0,32,7.088852967478886,8.554126163649824
23,19,0.3350426005339996,0.5076972024812055,0.35547184742829707,0.2638511685797593,0.1901636495862126,0.15487206497101894,0.02756337642008927,0.01800923604470925,0.9,0.6,1.0,35,12.451189009901888,7.199849550976694
23,20,0.31855754791060215,0.4749718194073462,0.3379807946838444,0.27391062994642,0.3033206090489047,0.15952290729452548,0.02866197166275384,0.01956351107208777,0.9,0.6,1.0,37,11.854350486161447,4.518559909706707
23,21,0.3333336473283933,0.4875417642253314,0.3524485180572053,0.3039933950292116,0.22910597478910147,0.16882258106424508,0.032066924761046924,0.02659475625675865,0.9,0.6,1.0,38,11.526078058241968,8.923536220499441
23,22,0.315026617025117,0.4862555116821897,0.35416611626060474,0.28401858074252456,0.20031046259238355,0.17048234778298113,0.027856263146764388,0.011073528658425449,0.9,0.6,1.0,39,12.662530830243591,6.741203936467012
23,23,0.31294523162364707,0.45186492277796164,0.32913046580954797,0.30684357333033613,0.22992281510467724,0.1752688562951579,0.024292526564911023,0.02152079592754726,0.9,0.6,1.0,44,11.39041505499803,4.972216864871505
23,24,0.31256781792155064,0.4696084700766592,0.34891387484906966,0.3309081964298827,0.1962767569674857,0.17526885629515782,0.024292526564910998,0.021520795927547277,0.9,0.6,1.0,46,11.27400226787977,5.077796588412455
23,25,0.30824210579829775,0.4039099760979175,0.28241555945608854,0.3150524940164116,0.23030085839991613,0.15353342682000073,0.03295623209803344,0.037078264336728624,0.9,0.6,1.0,48,10.96638880867107,5.780578887480178
23,26,0.2985308625052901,0.4090470921415039,0.2919815677152557,0.3299469884015098,0.23213395000664946,0.1530143076224555,0.02933215455286105,0.03324931391266247,0.9,0.6,1.0,49,10.58842395098714,5.639442639419605
23,27,0.31129630780972817,0.4203941616871423,0.30436128116110295,0.3359715651602263,0.2113149205563157,0.1626971008918401,0.03196495923981315,0.03695417956062302,0.9,0.6,1.0,51,11.363887986683029,5.1553251515833445
23,28,0.29315611878010095,0.3984056272211421,0.2851550357659936,0.3269092262840239,0.23243699312550603,0.154117224998898,0.02609537013852255,0.03335474795056968,0.9,0.6,1.0,52,10.59095823260809,9.036953414448504
23,29,0.29690364705424327,0.38340935568766454,0.26856547604746883,0.32560513821277776,0.19366866510740782,0.14930879579807033,0.033149119468121394,0.03734411659541403,0.9,0.6,1.0,53,10.537995062047187,3.900754947806807
23,30,0.2894667771167086,0.3819830189098094,0.27754445366487346,0.33474404521592954,0.33436458725882146,0.15654929732702355,0.02953859978182503,0.035308278331558106,0.9,0.6,1.0,54,10.558791018192329,6.00557214088968
23,31,0.2915712814133114,0.3775537378345331,0.27746629008495066,0.34386246050508257,0.27111753793967536,0.1553368405814617,0.033127107638096044,0.04099163939827052,0.9,0.6,1.0,55,10.035114397730531,7.574706980254216
23,32,0.28939104917164,0.39071942307998603,0.29444770228438477,0.3548679532008108,0.21749126960915138,0.15522146151830937,0.0331756314514489,0.0410493331658547,0.9,0.6,1.0,57,10.310639193479531,7.337697985099166
23,33,0.28083965418994494,0.3538336187083989,0.26212701981060377,0.37456108520232084,0.20976896643648066,0.16388629753795697,0.03581895097404958,0.02948555866031875,0.9,0.6,1.0,66,12.256741828129025,9.00897935284442
23,34,0.28099215916786857,0.38851816509673676,0.3018605848204976,0.42368330446871205,0.2029505639271945,0.15867554486798358,0.04209062995548503,0.03209920266112107,0.9,0.6,1.0,75,11.819674755673638,2.417419921228748
23,35,0.28115905233152194,0.38694278350949396,0.30137284148318644,0.4280035199963157,0.21891526046984502,0.16002103432387332,0.04183490557815468,0.032259596092569794,0.9,0.6,1.0,76,12.030059575283692,2.477896449278248
23,36,0.2773715565996837,0.39845884306862195,0.31662180482273644,0.4453924674184517,0.21023705601954035,0.15693405794091553,0.04230314270694058,0.03287752970365014,0.9,0.6,1.0,79,12.078896760002078,2.478658566615895
23,37,0.25814472393573223,0.36037964049196713,0.2899142304245764,0.43459907232942807,0.3754099413322832,0.14332732420915442,0.05008567898083856,0.03157962020166475,0.9,0.6,1.0,80,12.298988538875063,2.980808848662276
23,38,0.2557388779247849,0.35189622287317385,0.284987030878805,0.4413905389652318,0.22004489373154884,0.1428060620751817,0.051273195327954546,0.03198592521157624,0.9,0.6,1.0,82,11.848941624252358,2.524543431957764
23,39,0.26086072060637105,0.35206512032705023,0.28801905093269314,0.45517087617395885,0.24513488866117267,0.15024171288543922,0.051261445439947394,0.0328225551579718,0.9,0.6,1.0,83,9.5925474529565,2.875085460798806
23,40,0.25616691174042966,0.34492815774182256,0.2822832382405513,0.45139650614814203,0.2065945289759214,0.14969289404062047,0.05058854580460185,0.030181772042291482,0.9,0.6,1.0,85,9.4683214687337,2.5921837025826315
23,41,0.26310146046813154,0.34966765250914017,0.2882755519116145,0.46588412189221506,0.22316895397805459,0.1597364608728666,0.05059209936170357,0.029097493218194808,0.9,0.6,1.0,86,8.186831142980731,6.549974826129813
23,42,0.2559819608040753,0.31985692231119656,0.25909512948241736,0.45666440778936335,0.23655067035662303,0.15469657311671747,0.049971158012105936,0.0287960810206984,0.9,0.6,1.0,87,9.792062499130346,2.885771296810509
23,43,0.2524963797083092,0.34967995274007946,0.2944936962721392,0.4921529130928418,0.201093637747561,0.15078019409346288,0.050365927586246806,0.03026185781791153,0.9,0.6,1.0,94,10.164519429589452,3.0355740735511163
23,44,0.2682276210281596,0.31822932892462713,0.2652002218300846,0.5065126283338691,0.26143398973184745,0.1383547137189264,0.10167618079975509,0.030712273140987113,0.9,0.6,1.0,96,9.695844949502993,6.480284658880762
23,45,0.2682131265715564,0.31816455600151217,0.26516313663807606,0.5130989404452747,0.216691333610968,0.13846175635221306,0.1017447559346439,0.030581049137759643,0.9,0.6,1.0,97,9.6939767763507,6.494261461123906
23,46,0.26146764277976714,0.3086153860128175,0.2571534421741668,0.5039533542877559,0.2356372662801575,0.1292567259385842,0.10129893239429281,0.03353756522743869,0.9,0.6,1.0,98,9.897303534229891,8.89295556679805
23,47,0.2634675370083137,0.3260064791875437,0.277989216017321,0.5215082223698053,0.22765733090371415,0.1327194142965594,0.1017137815127092,0.03342788762395478,0.9,0.6,1.0,100,9.859327580193384,8.60285128979966
23,48,0.263400418837707,0.3442805803968098,0.298096551360105,0.5393438218423902,0.21465483891284604,0.1327194142965594,0.1017137815127092,0.03342788762395478,0.9,0.6,1.0,102,9.866584079903369,8.593118192795691
23,49,0.2633687382518685,0.36267909416801664,0.318279782206253,0.5714338694987197,0.21426660496791738,0.13271941429655942,0.1017137815127092,0.03342788762395481,0.9,0.6,1.0,104,9.87715996187321,8.580752182645758
23,50,0.26201550604545154,0.3410610290031938,0.2958954895597263,0.5558162868013093,0.2174775690292383,0.13122550159813462,0.10086201898764986,0.03467954454088524,0.9,0.6,1.0,108,10.0033373172466,8.565580828611392
23,51,0.22387064932454714,0.38808281500842484,0.35558852249820816,0.5907002375671513,0.24161374157030557,0.1341271313035098,0.03860964195392228,0.03407254828523302,0.9,0.6,1.0,109,10.259119854069478,6.385381589520534
23,52,0.21478499090618025,0.36916935788947036,0.3419088022985937,0.6110273891096869,0.1865307616039421,0.12911231800727854,0.03724131612617414,0.03393477671197791,0.9,0.6,1.0,115,10.256394005550444,6.047274271574814
23,53,0.2147849934870941,0.38767900978354564,0.362159960467931,0.6186515274561591,0.17248119683851323,0.1291123180072785,0.037241316126174165,0.03393477671197786,0.9,0.6,1.0,117,10.256393095710468,6.047274303158543
23,54,0.22049301460664406,0.39088799107055255,0.3666881857642705,0.6509200047805245,0.18615996635915372,0.14034776202944188,0.03825541076025382,0.02981149034555846,0.9,0.6,1.0,120,9.170543408896004,8.209425229692405
23,55,0.22943932795280575,0.3397339682421307,0.3127095409697636,0.6827814556216837,0.1914638790524395,0.13978270586966537,0.04718642149760672,0.03549973172710299,0.9,0.6,1.0,141,9.834642427684834,8.795440568297531
23,56,0.2238262002531038,0.3314956030029275,0.3058427046353109,0.6975985342284432,0.2069445660270015,0.1310772468374155,0.04776563448113498,0.038271067747583896,0.9,0.6,1.0,142,9.804172724921983,8.712470154412799
23,57,0.2187841583317387,0.3260151086191351,0.30059072544412485,0.6963674515235023,0.1837513243601433,0.12593922744388217,0.048586781599555665,0.03750907282354352,0.9,0.6,1.0,143,10.084441385019629,8.87220541204376
23,58,0.22401673561166538,0.3481109108612163,0.3252852801487737,0.7142530945111915,0.19996797263734692,0.1313417310105495,0.04791484524353182,0.03883757039955841,0.9,0.6,1.0,144,9.895138911438178,8.853783694570081
23,59,0.2167694868320487,0.3398561838384391,0.3175540086167961,0.7801451218843023,0.1792680915951167,0.12909376943617923,0.04771870498895263,0.03406815355481111,0.9,0.6,1.0,166,10.618673309249685,7.771362127378626
23,60,0.20802903656774263,0.3494831144495412,0.32899632170161525,0.7307234697138667,0.17078621656361734,0.1272547635199747,0.04644432116078232,0.027794893519847708,0.9,0.6,1.0,168,10.712209310520532,8.995456782582927
23,61,0.21905877264349197,0.36025939529842455,0.3399042108712926,0.8035901748901241,0.1833757419676507,0.13134449653412716,0.04782557966658789,0.034399592879098266,0.9,0.6,1.0,169,9.949569975342234,8.063941985318147
23,62,0.21112014985384184,0.3487780508783261,0.3302573527581846,0.8174588358428838,0.20424566066560723,0.12503984971739104,0.04830253895584586,0.0330177629777218,0.9,0.6,1.0,170,10.517374278584075,8.849488594980293
23,63,0.2084861921681132,0.3072742628650246,0.2862255379624698,0.7812078641972257,0.18026089786294935,0.12502898120154635,0.04718815853758735,0.03166407067761688,0.9,0.6,1.0,172,9.995033382481749,8.632507051893235
23,64,0.2163359551981329,0.33159551555690175,0.31333735299459214,0.8074983196443993,0.19796737505859063,0.13001919419112645,0.047986251516556236,0.03519991147671719,0.9,0.6,1.0,173,9.36161340698608,8.345829383316932
24,0,0.949593231547686,0.7834881088210272,0.4203550157688026,0.01516996846784117,0.0,0.0,0.0,0.0,0.9,0.6,1.0,1,7.052739789649,75.570702789649
24,1,0.7918792290886771,0.8016053451848821,0.48338082323923903,0.1450527727317512,0.4966922760635276,0.1480556613263562,6.696501567398e-05,0.00016107873304122,0.9,0.6,1.0,3,4.737986444874375,54.74677553077504
24,2,0.632592605662014,0.7232909096315108,0.4429523314689418,0.16031690401034415,0.4588726518332927,0.16847777152747914,0.00026786006269592,0.00064431493216491,0.9,0.6,1.0,5,4.48254413119828,38.89423916820336
24,3,0.5646001634742502,0.6792196391382461,0.41908850826272176,0.16985310930062023,0.3237067435343017,0.1769757048764833,0.00033304218190122,0.0007823559226315099,0.9,0.6,1.0,7,5.847379303866268,22.658988136281312
24,4,0.5645894369130917,0.6977213828558528,0.43933474989535554,0.1776600287114215,0.16028521605096674,0.17697570487648326,0.00033304218190122,0.0007823559226315099,0.9,0.6,1.0,9,5.841129486033847,22.58502230205494
24,5,0.5197036574845935,0.6452282303834853,0.4007042963563177,0.1810813217699799,0.4187800767495752,0.1835354245841022,0.00039705925688785003,0.00093124039875123,0.9,0.6,1.0,10,5.8411423847797685,16.697843409890915
24,6,0.4922208222719407,0.6391729792327937,0.4032328561944983,0.1811768376579767,0.27004494502884807,0.1728606311779228,0.00081262791749567,0.0032967019883122,0.9,0.6,1.0,11,5.711056593158387,28.310593338626703
24,7,0.46444488824795804,0.6128018177961577,0.3812075626309412,0.16778234900725875,0.21503334668545104,0.15344304592198554,0.00164879143950284,0.00506064807961531,0.9,0.6,1.0,12,6.8238004345655225,21.87821822950185
24,8,0.4268032260353031,0.5765207625809918,0.35493870074333433,0.15803340524880105,0.29496581703513425,0.1258179267840375,0.00471752635684689,0.01751425370781376,0.9,0.6,1.0,13,6.114210877868848,24.74023379451202
24,9,0.45627520636784324,0.6060117987535047,0.38494104209032914,0.19862611699730148,0.16714194197280705,0.17804889318930248,0.00077766323955654,0.0036743777145933,0.9,0.6,1.0,16,6.116575683859359,16.70687632952551
24,10,0.4092937143438374,0.5610099166743526,0.3397337461006465,0.15346294511470387,0.12790632888466222,0.10759967329357234,0.00455188530998453,0.01928467195494863,0.9,0.6,1.0,17,7.027568469416783,30.83831012109162
24,11,0.40877340928395,0.5583838780061845,0.34299485709164357,0.16998085816871125,0.21426880642309734,0.12403708052704485,0.00483904091251856,0.0168121183006876,0.9,0.6,1.0,18,6.412787473637242,18.0161847042753
24,12,0.4223736664899636,0.5867749514580203,0.38941389955841704,0.22161700004221777,0.44660922304836476,0.11878419176852777,0.048332337156727814,0.04715207220578777,0.9,0.6,1.0,19,5.896487355579007,23.288877907448263
24,13,0.4272495010315931,0.5914481244269041,0.394673340476379,0.22770120882246442,0.19885969371741702,0.11910612051512595,0.05207006966180464,0.05079853011229872,0.9,0.6,1.0,20,6.148797008156529,22.740264366742945
24,14,0.3762073799891912,0.5383347900267883,0.34638920920725713,0.19151049527552738,0.22642869058635243,0.10199927964997416,0.03120128440800392,0.03800476260713026,0.9,0.6,1.0,21,6.111764963850194,21.09186984724871
24,15,0.3888126832185446,0.5271969144539076,0.34319947736289486,0.2475971013458729,0.23300820272396697,0.18750977987410355,0.01410375682086699,0.00356051836344167,0.9,0.6,1.0,24,6.953866458797687,12.450800266760591
24,16,0.315972154030952,0.44692084754908545,0.27365929417340606,0.19912687553362277,0.2149203133858535,0.1101652779013488,0.01697591173811407,0.018743067540882872,0.9,0.6,1.0,26,7.774143026622833,20.477376238509056
24,17,0.298698497098452,0.4413798730753846,0.27807268591631246,0.2038389999123932,0.19154159741881774,0.10914960130184184,0.016423062675653598,0.01703035471346328,0.9,0.6,1.0,28,7.695190305559729,16.04764887945134
24,18,0.3205508424641013,0.45213567412184347,0.30047035959753154,0.24253376481735514,0.35410495695617605,0.1372599116334025,0.03130863220559514,0.0234540904916423,0.9,0.6,1.0,29,5.603460193434443,16.913992475083447
24,19,0.3195200319333608,0.44736065255246166,0.29927619555588997,0.2588214880505782,0.18950459661877814,0.1416786683933331,0.03169599914642128,0.023666270819410452,0.9,0.6,1.0,32,5.827862156563393,13.574939450534046
24,20,0.27786169183446413,0.394239221485031,0.2563525302976034,0.23640553622580834,0.22574653537135791,0.0891157004576665,0.0388491979513585,0.03974949503039403,0.9,0.6,1.0,34,7.562907856031691,17.557883170407973
24,21,0.26962067337550866,0.4043537994105625,0.26834075912121347,0.2380822200586704,0.13628676549438606,0.09819357980549802,0.02726629131082789,0.03047327791664043,0.9,0.6,1.0,36,7.287352276741332,12.572614486109222
24,22,0.25345371774588876,0.38157076121584804,0.2510278617557197,0.2415769097037412,0.215017784851327,0.07140054273923836,0.03839289691015937,0.03917632034835405,0.9,0.6,1.0,37,7.191974512181238,22.005779083161684
24,23,0.389135372707618,0.5154348049519186,0.3863453543770963,0.36537711762769864,0.28750350476634334,0.10426298784745422,0.04270055414140117,0.14461236965881455,0.9,0.6,1.0,38,15.294659187665951,29.405175755883857
24,24,0.32215577727580735,0.4846552954770456,0.35970591103348526,0.35354355373377666,0.1991486910203742,0.14373037885569873,0.03718425676454115,0.046290231285871994,0.9,0.6,1.0,47,6.633758219166916,12.631889381057732
24,25,0.31408014456697064,0.4930180427615546,0.3714415372626325,0.3684938073723155,0.2051850747930926,0.13783769560916503,0.03482361785687852,0.04705290507923763,0.9,0.6,1.0,49,6.757652221536705,13.63349296342067
24,26,0.3174506216479398,0.47516160013615816,0.3539513814984206,0.3736818150629059,0.2321017349447591,0.1498684344325838,0.02135609569454931,0.05037196827943115,0.9,0.6,1.0,50,5.57557763140907,21.77591801587187
24,27,0.37600127072100953,0.531746522821946,0.4120428705492175,0.44077034883232113,0.2828915755683684,0.18546349255174543,0.023514812115404023,0.07749532536007012,0.9,0.6,1.0,51,7.027310524688245,23.7177283531443
24,28,0.29315051440462386,0.426428786404145,0.30796904478616877,0.3668207549825384,0.2277034975324205,0.12711511000296638,0.0283402007457271,0.04797252903818098,0.9,0.6,1.0,52,5.374189149797813,14.340425201262097
24,29,0.28355294382244683,0.43026229758398765,0.31728192964479957,0.37264345686555705,0.2347494931472851,0.12888254384839604,0.01972562589297247,0.04647412170274975,0.9,0.6,1.0,53,5.692082421963852,20.78542934424259
24,30,0.32338034648541897,0.44608325090399414,0.3353059564058979,0.39666871806678977,0.25066667249874225,0.1573257681977121,0.04970112142670969,0.0473509017382457,0.9,0.6,1.0,55,6.6856763628250375,18.341909368062
24,31,0.2914652857696452,0.40292079896730526,0.2999262312131564,0.38716098987843356,0.32149670846318956,0.14789831810637782,0.020931138964077937,0.049922919167821087,0.9,0.6,1.0,56,6.180820040686946,20.104800638198736
24,32,0.28117869210763885,0.4069698676035516,0.308517440866972,0.40143218301927636,0.21097066672814635,0.14156768727714286,0.02101012173993174,0.04830485927137873,0.9,0.6,1.0,58,5.944457842037071,20.440880213162902
24,33,0.28080434218005956,0.4232044349219404,0.32779401771395295,0.3895978949070197,0.21134098073522697,0.13407201017478776,0.025082865399818483,0.05367231271029007,0.9,0.6,1.0,59,7.006152040142334,19.01692977913305
24,34,0.28304442612802594,0.4585475038599844,0.3691530861684485,0.4125654456055912,0.2342805027017143,0.14054830136424076,0.02583298824972932,0.05222238209474902,0.9,0.6,1.0,60,7.035314407967851,16.02820548855181
24,35,0.27175583028463535,0.42674777916994533,0.33692936343519114,0.4060333986470043,0.20601754656984073,0.12839426081390345,0.025362883521985007,0.05353664902844045,0.9,0.6,1.0,61,7.004696823468896,18.9355981252268
24,36,0.28038055991240274,0.4515348311004079,0.3649582645819277,0.4087391715348146,0.21835061558963142,0.1401212724465348,0.02544203976633403,0.053065574441804195,0.9,0.6,1.0,62,6.973679869741302,20.98983581577048
24,37,0.2624733334316535,0.4124301459422762,0.32583218203640174,0.41016838208132844,0.19216345507810242,0.13184448108944322,0.026863141074604392,0.0434844152589631,0.9,0.6,1.0,64,7.152036676624682,20.363987413640263
24,44,0.23826875886142335,0.4366133424975745,0.37275097293829007,0.460858611913763,0.2307557096541507,0.11430849901585775,0.027227681389417318,0.04969213021930059,0.9,0.6,1.0,73,7.622564270518117,21.81021018955764
24,45,0.26965564849817325,0.44543811994804494,0.382228369145704,0.49685535587040786,0.22171869233530078,0.11891024044148822,0.025246848711973156,0.08022209909143888,0.9,0.6,1.0,75,6.634262833893918,19.383427854620496
24,46,0.31347444273880987,0.49684084769582154,0.4291266245847634,0.5750263915974217,0.4011681787350906,0.16301580214358616,0.03812719110764875,0.07263315404484338,0.9,0.6,1.0,76,5.6740775966793695,24.46288482151256
24,47,0.24501068861597025,0.47208979625738307,0.4289051242609264,0.5499652573037085,0.19601163728316584,0.11534869232279361,0.02836017643339391,0.06771085846612669,0.9,0.6,1.0,83,8.27736143141527,19.002144947171043
24,48,0.19752568468609644,0.3834721054592236,0.350984293929156,0.5127614250355313,0.25098244026635624,0.09405145973107948,0.027203213348340787,0.04940852645900652,0.9,0.6,1.0,85,7.679657889370378,17.165006522776835
24,49,0.19752569606595166,0.4019818351185822,0.37123545925505785,0.5255474303144294,0.15037746289530984,0.09405146517688516,0.0272032134521338,0.04940852865207031,0.9,0.6,1.0,87,7.679657818279688,17.165009979902536
24,50,0.236707512605975,0.38435261876540233,0.3490725336224018,0.5267300782257592,0.20122373309484742,0.10578629903433923,0.02630427987586454,0.07906025109795937,0.9,0.6,1.0,88,7.965300440439968,16.531361629189288
24,51,0.26679065109870814,0.4525894991028654,0.4317635747365486,0.6039235923777228,0.37578931742994626,0.11191703233525456,0.02764228354087401,0.10915113098179301,0.9,0.6,1.0,89,8.458462960168672,15.973139676511336
24,52,0.2641531931788712,0.48265538405899505,0.4675687655306165,0.6442507141975307,0.2305150204081024,0.11022648026531004,0.02776605288302053,0.10943973432338434,0.9,0.6,1.0,96,8.410557609627123,16.137290357567178
24,53,0.23340215012027238,0.41390135424199315,0.3958448770139875,0.6550654724370428,0.1954414996034029,0.12875809002279218,0.02632181249495515,0.0632108742584067,0.9,0.6,1.0,111,10.141396189139826,19.85413762349344
24,54,0.2301844358979859,0.4267090633839314,0.41168848528435326,0.6782929262696384,0.19953853630967452,0.12885373022493563,0.02614710561413715,0.060851867309586305,0.9,0.6,1.0,114,9.656835047566748,18.294355964985076
24,55,0.2309413986637598,0.41793675297733907,0.4078389826123236,0.6733291796863351,0.2123972420939393,0.1317646475394287,0.026626713623666698,0.06181481059952014,0.9,0.6,1.0,119,8.53080641369932,23.32165902374321
24,56,0.22664390305935245,0.4289807247526176,0.4222422435208963,0.6957026696042924,0.2060800609357743,0.13113636073018076,0.03032011585743628,0.056853376089597306,0.9,0.6,1.0,121,8.033766005116226,22.07241139122896
24,57,0.2670990866885522,0.4838284309677878,0.4809189843159317,0.7632177637979857,0.2680482373417037,0.13918765941872074,0.025916744432808732,0.09394832200418404,0.9,0.6,1.0,122,8.97919800668458,19.777387509583644
24,58,0.2534195617225121,0.4612540143179372,0.4628400084188803,0.7964621894564716,0.2382823042024122,0.14322146897217994,0.02729656943083968,0.0784606014879489,0.9,0.6,1.0,127,8.928815895740398,21.544735722444734
24,59,0.24600736891712754,0.4532827557682702,0.4551499591386255,0.7850747607614125,0.21877060143325622,0.13612796752313752,0.02465491740879768,0.07918088325429136,0.9,0.6,1.0,129,9.216930192167151,21.552710948571782
24,60,0.248396200453743,0.4902353478260658,0.49681748283920835,0.8250919093884149,0.22622581863055963,0.13750586128459819,0.0264219984494376,0.07997765397135188,0.9,0.6,1.0,132,9.133317822406024,21.37873405870562
24,61,0.24480681779260594,0.5009353316695369,0.4890201333336609,0.7892596339407344,0.2102536578922573,0.14158225052250703,0.02587626804546883,0.06281363538427602,0.9,0.6,1.0,138,8.081227137933963,24.60952965735744
24,62,0.23301028852629374,0.4340740190966239,0.43905229238244836,0.8142722698382228,0.20701892626527302,0.13793090075151204,0.02503045531732006,0.06611398407895949,0.9,0.6,1.0,140,9.26824671884306,24.99174060842789
24,63,0.19777105141810725,0.43495399280410735,0.4438635596552102,0.8064335681749147,0.1720630121467806,0.12636769505836465,0.025475691471362638,0.04126574319303859,0.9,0.6,1.0,144,8.537081057625446,21.600158223889792
24,64,0.23371890889227526,0.5070023162427274,0.5198529986336118,0.9542114978729854,0.20682629977720274,0.14413541363649102,0.027471320784754873,0.06028292100227271,0.9,0.6,1.0,166,8.630503271766624,25.225080536882214
24,65,0.22530829273739011,0.4791260114637273,0.49071121271242035,0.9422095044316927,0.2060685437464711,0.142874212775799,0.026787291597884573,0.0536844269730848,0.9,0.6,1.0,167,8.168133123283035,24.434105026023136
24,66,0.21815643004665236,0.49043279574807874,0.5037849331453372,0.9553861902611478,0.19133520452948155,0.13953285861942996,0.0257507542047825,0.05017580177838175,0.9,0.6,1.0,170,8.62943834317354,24.74813915198965
24,67,0.20571916290415446,0.5298089259049443,0.5502301584981399,0.9421018838571639,0.1857669997444951,0.1354270570926122,0.02946984179244347,0.04022416643145279,0.9,0.6,1.0,175,9.044092609980678,23.595402127162966
25,0,0.9937052076502046,0.7979397364473096,0.42917946449647354,0.016119282690620528,0.0,0.0,0.0,0.0,0.9,0.6,1.0,1,5.014985909635999,76.29294590963599
25,1,0.7938403820655608,0.796668841579851,0.47607212472712285,0.1344239039801011,0.5119902513676959,0.13584827511604056,8.543724137931e-05,0.00010759550014095,0.9,0.6,1.0,3,4.173996709624814,55.27818092186859
25,2,0.6267984928150063,0.7367816827649316,0.4586936862632014,0.15963357350870855,0.47851522951731684,0.16335610269324288,0.00091601109361916,0.00115357975235947,0.9,0.6,1.0,5,4.388928736251063,23.938063232463133
25,3,0.6060131057672934,0.721929960061432,0.44805771899422264,0.1549008183718291,0.2129816798124672,0.1595934991786562,0.0005726004165658,0.00072110507322912,0.9,0.6,1.0,6,3.9288697747625614,29.84408587251352
25,4,0.5685129644908958,0.6775349771556359,0.4116734522554634,0.15441938451787307,0.3014413391637146,0.1589100605794513,0.00041188141584836,0.00059305994644444,0.9,0.6,1.0,7,4.980604799272592,23.25339706488728
25,5,0.3774208867587767,0.5270058580996372,0.3118198803386986,0.11229131285737368,0.4962904312876666,0.10819782185437303,0.00132283815047532,0.0023205276339385702,0.9,0.6,1.0,9,6.092589850461628,3.798615856195533
25,6,0.37336444823228,0.5410993515921558,0.33083634044431587,0.13620990328597066,0.1145410990264735,0.1122887692389102,0.0013596289246556,0.00237128302290736,0.9,0.6,1.0,14,5.896566794675588,3.705966521728559
25,7,0.3501471919944287,0.5162258426833362,0.3136990735298323,0.12989827267680296,0.22438882161291615,0.10736900314789956,0.00104795149225157,0.0019807336928392297,0.9,0.6,1.0,15,232.76124883580937,3.7635877607481554
25,8,0.3487883922172544,0.5140578155449566,0.3141703247039963,0.14746353758537706,0.11808334928042007,0.11278289854964196,0.00121210096476195,0.0016198655474393,0.9,0.6,1.0,18,6.170025843095012,3.7274806322407
25,9,0.35065835214947955,0.5468125174353694,0.3642937725653295,0.18662971577536036,0.21025107358056724,0.12871714554030864,0.012317835270138359,0.012012075254575861,0.9,0.6,1.0,21,4.866458115263733,3.754178920166512
25,10,0.3488281891279256,0.5263012582505645,0.3423425518152367,0.18632865981192612,0.13887756831965228,0.12690417023928574,0.012386653908388499,0.01237529097597392,0.9,0.6,1.0,22,4.869573614859845,2.7965320236568085
25,11,0.3567647023765734,0.5700809058251424,0.39158822684131506,0.22356224270600497,0.1776933327280589,0.13068499681559875,0.018456666080975022,0.01718374918582729,0.9,0.6,1.0,23,5.020271051728002,3.8519316880741656
25,12,0.339655123435955,0.533182935416515,0.35503289148826483,0.19282146972612074,0.16645425948960266,0.12523887594811067,0.014418899249248279,0.011472164063235809,0.9,0.6,1.0,24,5.320671373215283,2.1699985705086657
25,13,0.3383733304650012,0.5445484410985238,0.37668493108051687,0.23583602576204932,0.2167554827613129,0.12110245954648098,0.03521249840833729,0.01751982281703702,0.9,0.6,1.0,26,6.46098091485414,6.936624906577215
25,14,0.3146147525748262,0.49487996062941536,0.3344154692054769,0.2373515865831313,0.17693036331253767,0.11450987280513684,0.026248122457799738,0.02114738120397035,0.9,0.6,1.0,30,6.066678689241995,4.138179741472225
25,15,0.34878376201629324,0.5638017101232089,0.40936955977177797,0.3077248656349521,0.19900995838011043,0.12474765307911681,0.04211105759130237,0.04086532761159341,0.9,0.6,1.0,32,4.4533275427227,7.560360607015045
25,16,0.34893550544885704,0.5823682417624565,0.4297826754608345,0.3107949723273233,0.1804343045974488,0.12477901294172707,0.042152619967097286,0.041138912576924216,0.9,0.6,1.0,33,4.451661605433028,7.677953627776088
25,17,0.31519767535033266,0.4911128200878372,0.3354655082250895,0.2583101017939324,0.18354604045379544,0.12367168505735032,0.023786750779597098,0.02298306863997377,0.9,0.6,1.0,34,6.082559499468103,1.698930742625924
25,18,0.32565493528021416,0.4991295480371753,0.346054172091578,0.27908416856696844,0.1839885890090187,0.13695040422228938,0.027455181216360168,0.02345319547405339,0.9,0.6,1.0,36,6.051187229012411,1.0345554357138178
25,19,0.3445244930564128,0.5873686076727371,0.445955750965444,0.3407438382573635,0.2274224376930567,0.12517410472631615,0.0446874888702289,0.049974172558635246,0.9,0.6,1.0,38,5.769427922575179,4.335781276409481
25,20,0.3217440847406002,0.5588680316692834,0.42288196377409476,0.3398340871093248,0.2187746088233835,0.11750758862447691,0.04196983742938048,0.043941083197433575,0.9,0.6,1.0,40,5.961301132277319,3.909130204803161
25,21,0.3582164456545573,0.6112375522331187,0.47936978606610975,0.37621541567837297,0.2340682486650154,0.14058433636625706,0.04745637769322459,0.05984421967028042,0.9,0.6,1.0,42,5.913407458742541,9.31686655694594
25,22,0.3542115941179483,0.5850801016792168,0.4547094150357941,0.36597058188815307,0.26809382289213324,0.13521986741248293,0.056142049651243475,0.06013018205982194,0.9,0.6,1.0,43,4.020751273031847,6.188099892653653
25,23,0.3522318702969291,0.6179213123541053,0.49293220698575346,0.38719434867566427,0.24696248623968486,0.1413554322130333,0.04753876477455884,0.060468289649475246,0.9,0.6,1.0,44,5.790137139803054,9.005915063072186
25,24,0.9263659703578307,1.1471240909394567,1.007400180020636,0.9386283705302855,0.8029089961668796,0.12883795068300655,1.0,0.06056461313610917,0.9,0.6,1.0,45,4.563490530872351,1.911742892002952
25,25,0.9431461178439138,1.1606540965555723,1.0239568376941026,0.9456473215035008,0.8096119305969518,0.13306193010043768,1.0,0.07806606865780519,0.9,0.6,1.0,47,4.439568832752554,1.5731522670666864
25,26,0.9273233530105495,1.113560509122631,0.9861265737552021,0.9503464384661195,0.9949297630136101,0.12859109879600975,1.0,0.08176843303411066,0.9,0.6,1.0,48,3.887432826212883,1.364100509153874
25,27,0.9437694159907899,1.146638305926009,1.0224799898372272,0.9756568202898014,0.8758295073217086,0.13219193515259764,1.0,0.09703565049556172,0.9,0.6,1.0,49,3.6956193427257,1.4457671187598082
25,28,0.9341066585971323,1.1090187998230128,0.9905552553310881,0.9811093073864223,0.8603114012448598,0.1295829261509926,1.0,0.099371585689562,0.9,0.6,1.0,52,4.234477829650513,2.44341488382744
25,29,0.9154472308514094,1.1211942982982417,1.0108649891918482,1.035717629363011,0.8036750441286724,0.1256516265251144,1.0,0.09001110937803611,0.9,0.6,1.0,68,3.418988068951916,2.0213529500931653
25,30,0.9310209793985053,1.1743442483767144,1.0670867286657837,1.086247637169149,0.8247826394525766,0.12647294629921899,1.0,0.10434682631313046,0.9,0.6,1.0,71,3.457802853932836,2.190565733824717
25,31,0.9232482576518033,1.1512786146477327,1.0398711259392261,1.0632287228514021,0.8074340712230309,0.13165047967973328,1.0,0.0889454582630906,0.9,0.6,1.0,72,3.4366845926408773,1.3039128759602236
25,32,0.9302534446825518,1.191213527056162,1.0863422616953813,1.1018011273147321,0.8199026259301547,0.12647512468710775,1.0,0.10436012578004039,0.9,0.6,1.0,74,3.3477097406997465,2.168004224291727
25,33,0.9065943663739164,1.1111840811823572,1.0017088288941516,1.0599767030438674,0.800108324080366,0.13187127439163251,1.0,0.07659659841277547,0.9,0.6,1.0,77,3.3821268298021274,1.5378928375317866
25,34,0.9357450523900156,1.1998265035904634,1.0926307416442784,1.1391458575414009,0.8446366694097651,0.13317182320427703,1.0,0.10097638893729403,0.9,0.6,1.0,78,3.472537308973571,1.456587486880914
25,35,0.9157486284016579,1.1605407207406881,1.0521876884087675,1.0899094861429393,0.801907066865948,0.12624303742637163,1.0,0.08793645923171704,0.9,0.6,1.0,83,3.9816593169837047,2.0836335675242044
25,36,0.3662938657661102,0.6873757294208181,0.6135364930893001,0.7230347969215539,0.2955385585254793,0.15931015508250032,0.07031371053436665,0.09356817074155163,0.9,0.6,1.0,92,4.347953594184104,2.3899440940253363
25,37,0.3385386422020205,0.6546973670362842,0.5840181692753139,0.7019467637564283,0.30446890083602585,0.14552897881434837,0.07492010658359441,0.07864437181721891,0.9,0.6,1.0,93,4.482007453915687,2.023099145824826
25,38,0.3489209470228479,0.6627339793962086,0.5935425931474427,0.6447130016783401,0.29130497226803664,0.15050267328167752,0.07419014314694092,0.08646376923587193,0.9,0.6,1.0,94,4.383643535711242,2.4671534143247027
25,39,0.33009755966953624,0.662249965569767,0.5949078305347077,0.6960273821774207,0.2485997933840847,0.14528181719950534,0.0735742833215923,0.0728151054521953,0.9,0.6,1.0,95,4.484766605066857,2.0280365046156628
25,40,0.32363505039813967,0.6630553357337233,0.6044429154080319,0.7246875881360128,0.3044726538991407,0.14073069514921938,0.0817576578079732,0.07224392110954583,0.9,0.6,1.0,97,4.450511104954376,2.2882294480176726
25,41,0.32363505051979347,0.6445456838396482,0.5841917572386948,0.7193973388160901,0.24795620715884262,0.14073069514921938,0.0817576578079732,0.07224392110954589,0.9,0.6,1.0,99,4.450511062042574,2.288229507766438
25,42,0.3236021398180836,0.6814743966420043,0.624638748411477,0.7711433285611264,0.2481070797175109,0.14073069514921938,0.08175765780797321,0.0722439211095459,0.9,0.6,1.0,103,4.514584918742599,2.203536885059024
25,43,0.2976711205007506,0.7275277033384726,0.6789117882089397,0.8061479253793864,0.22458228798316132,0.12375707024157548,0.0817212902305969,0.062776460755159,0.9,0.6,1.0,117,4.542578166657994,1.058508290978093
26,0,0.9493562252816818,0.7834087446214691,0.42030652854476214,0.015164752925943641,0.0,0.0,0.0,0.0,0.9,0.6,1.0,1,7.102250939849002,74.70493167318233
26,1,0.7887701160181514,0.7958327166293426,0.47668244904084756,0.13705881014834836,0.4808048546262262,0.13903689333556518,7.059686520376e-05,0.00012562549124122002,0.9,0.6,1.0,3,4.562423498954797,53.51699605793432
26,2,0.5995532777388247,0.7189784961147914,0.447843216429014,0.15850496223747487,0.5230570001217775,0.16396478949990698,0.00050773260628166,0.00090349844712265,0.9,0.6,1.0,5,4.185873100318575,29.81513966239687
26,3,0.5991742362041385,0.7008648329790166,0.42860936921021603,0.1599577956349884,0.15579214186204163,0.16584006603148896,0.00063537178683386,0.00113062942117108,0.9,0.6,1.0,7,4.677468518257642,26.912821211288147
26,4,0.5893060478239274,0.6921638978929943,0.4208611899786925,0.1576768297700237,0.15992929191130956,0.15963467839121595,0.00039284813644957,0.00060721436628905,0.9,0.6,1.0,8,4.3258957331886325,30.17143504997639
26,5,0.5458482626212111,0.6610055669366586,0.40147673518720334,0.15814253072542497,0.2388270762450205,0.15796100408390837,0.00063057198560859,0.00104989235633391,0.9,0.6,1.0,10,4.757359613399812,21.738088325152187
26,6,0.5147329541033002,0.6382213234749006,0.3899870968761875,0.16908921547524475,0.2411855579270407,0.1646620052665814,0.0006476653675922,0.00123111821738219,0.9,0.6,1.0,12,4.058333330084692,24.703281600602924
26,7,0.5043162621447792,0.684140638809755,0.44253803614054527,0.2058345523619004,0.16654931934831813,0.15621653575015632,0.00131691173322873,0.0024347480440404497,0.9,0.6,1.0,13,6.9410975771301695,10.256756050085864
26,8,0.46417282611756533,0.6477768284805232,0.41429829314695826,0.19500726241251576,0.19403124857502702,0.1360921175694767,0.002786787908655,0.00416515859227368,0.9,0.6,1.0,15,6.854392313290553,5.583918936761315
26,9,0.47112528257753783,0.6564228831891149,0.4284024652396742,0.22220412334262055,0.2392808567790963,0.16073718741380685,0.00199208977755424,0.00512499454477,0.9,0.6,1.0,16,7.374378564525801,12.237551768852311
26,10,0.45530656175613904,0.6229081024640336,0.39698494639917525,0.20794169861585857,0.20800473497103852,0.15547520351933405,0.0018321215719460202,0.00481016263209351,0.9,0.6,1.0,17,6.945368247739476,10.09490378975228
26,11,0.4391934543457791,0.625552722320147,0.40310774877272504,0.21718575606508517,0.14844455881018323,0.14202057297599194,0.00255446357819125,0.0050811044075789995,0.9,0.6,1.0,19,8.035064336452317,6.912425099314219
26,12,0.4321183269017611,0.6002416429593289,0.3782296775362345,0.20937799197713286,0.16861498931611835,0.1404937616684936,0.0026071125440611,0.00520694371657083,0.9,0.6,1.0,20,8.083306402053527,4.321157444946571
26,13,0.4241628616209757,0.5923925909519147,0.37680992914438033,0.22640271378568852,0.24567266707139268,0.14195975551467996,0.00391330382198369,0.01176649007713999,0.9,0.6,1.0,21,8.433899970733513,7.384693833153221
26,14,0.42112659189541257,0.5891733388668137,0.37630943398673194,0.235750650904918,0.1676382002181076,0.14528210123546872,0.00423737970145378,0.012345036267510861,0.9,0.6,1.0,23,8.73345369456625,8.527741685273531
26,15,0.3939153362936682,0.5795036276215851,0.37469255653798916,0.2353165996636909,0.23576402229353138,0.1353678374079955,0.00361667045658519,0.00966959109649403,0.9,0.6,1.0,24,8.164125748646999,8.713571986243657
26,16,0.38041983783878164,0.583924038971205,0.38338232440564984,0.23370861168086488,0.14651402955035636,0.11139687443853152,0.01094213681396681,0.0192507029860752,0.9,0.6,1.0,26,7.999274595853509,20.723135117926677
26,17,0.38324137664620744,0.5864162342186939,0.3871097972761484,0.24227017874932935,0.15173477610267755,0.11464524558245273,0.01234136475566701,0.02115255959465603,0.9,0.6,1.0,27,8.77373219324431,22.596499479660554
26,18,0.3887009715294881,0.6101673749139328,0.4133556287515372,0.2555894403866946,0.14499453735540374,0.12168550251236254,0.01158494640611278,0.02244578218490856,0.9,0.6,1.0,29,8.490144275713863,23.55990476992545
26,19,0.45450064103619303,0.6386595308764729,0.4393331077232482,0.31056903863647844,0.22259827867326532,0.15591440622306102,0.01363270672891595,0.05840955268416874,0.9,0.6,1.0,30,6.711946417648319,15.002515920925154
26,20,0.4304268820770241,0.6285274979323631,0.44230526238249773,0.3490290893404658,0.3915509533853894,0.18005789061726535,0.012344334676072261,0.037993208726234726,0.9,0.6,1.0,31,8.004995107311451,21.517153652132148
26,21,0.4269861765024675,0.6423694583513497,0.46021573751180916,0.37055277511787027,0.22749015882998214,0.18077786482946206,0.01254982906593724,0.03853056575738151,0.9,0.6,1.0,33,7.670931139838508,20.25876309824402
26,22,0.5058854398947954,0.7199686419821987,0.5401365106691118,0.4330462145231757,0.329758837256236,0.1260520754838725,0.029438071727347432,0.16121221438985286,0.9,0.6,1.0,34,8.585160178297333,23.161930003532277
26,23,0.5230114389211657,0.7361912342767014,0.5579304997496519,0.4530479057223101,0.33811207261954773,0.12303178090104683,0.032450642938219185,0.1823812409951327,0.9,0.6,1.0,35,9.33974026985036,20.18218935752733
26,24,0.3796451807730835,0.5728738832808009,0.39520093708966675,0.3138746026736129,0.21132064646247511,0.15671914202885345,0.00935507346408735,0.02709437040880655,0.9,0.6,1.0,36,7.966645845586304,15.595049258211905
26,25,0.3808096427971389,0.5733793637119181,0.3967399505171944,0.32023247829702617,0.1936386169040773,0.1728212888022827,0.0087606150329248,0.01611877552974704,0.9,0.6,1.0,37,8.117491877734787,16.43914692129421
26,26,0.3975308415158762,0.6085758201586651,0.4337301275259026,0.35428505025037393,0.19457511135744915,0.19298042497619664,0.010388134214638139,0.01382000258195735,0.9,0.6,1.0,38,7.623779316926327,15.34052315147043
26,27,0.36239392286292116,0.5531944366351537,0.37921256259416275,0.3131642934907151,0.2057006727590585,0.14173619643138402,0.00841301288980613,0.030944172817216446,0.9,0.6,1.0,39,8.077636240042384,15.469377736510218
26,28,0.36231344664408904,0.5527303112440977,0.3793054934699447,0.317407430498925,0.17353112474476295,0.14256288524006308,0.00847296492602416,0.03113044769534316,0.9,0.6,1.0,40,8.028099596049609,15.137183815194936
26,29,0.4647455782698868,0.6598614321940826,0.5052129132773597,0.45403805173894574,0.5724882848139534,0.13271873721339747,0.029225189178356946,0.15990919495175096,0.9,0.6,1.0,41,9.989644928077684,21.85000825737852
26,30,0.46379931290614174,0.6768863239562128,0.5245574507762091,0.47153678880428374,0.30155586046640354,0.13271873721339747,0.029225189178356946,0.15990919495175096,0.9,0.6,1.0,43,10.13871405783324,21.277812100010514
26,31,0.4638653449756004,0.6949943152439862,0.5449077541444701,0.4831129345305688,0.30182719443508066,0.13255578273205737,0.02918563211611485,0.1609641360316134,0.9,0.6,1.0,45,10.31199927764042,20.28494744747184
26,32,0.47079445993177,0.7013989102795657,0.5518698005314735,0.4944343995712983,0.3146265485396775,0.13586529849386844,0.02922140126634002,0.16580022654964804,0.9,0.6,1.0,46,10.75164940610266,19.380609192070192
26,33,0.43423353875772075,0.6417653519568408,0.4951827062491232,0.45723192109067856,0.3523644656705351,0.12055781432898556,0.02641569520019329,0.15217625452993375,0.9,0.6,1.0,47,10.259003368209916,23.550114604645376
26,34,0.4665705840446884,0.6885321263619207,0.5476754189147515,0.523862629440673,0.32792397808371565,0.15468613798216577,0.028828834507306538,0.1585026176491906,0.9,0.6,1.0,52,10.881852882559144,22.200517907910136
26,35,0.45086032726773617,0.6726561557426052,0.531951039137906,0.515504665109746,0.3007227828045267,0.13972681965935904,0.02828105165514721,0.15680803970532928,0.9,0.6,1.0,54,9.557505739174312,18.48627612576222
26,36,0.44565121084473913,0.6649571978055553,0.5265905203917837,0.5169963319432602,0.31675095850018914,0.13691581036112385,0.029933646936384728,0.15665298690852586,0.9,0.6,1.0,56,9.76864868248771,17.989487560018006
26,37,0.44365735563636255,0.6807322636821422,0.544794007132466,0.5346598426292233,0.3080071351183238,0.13740221388503226,0.03040449629464102,0.1549622163267706,0.9,0.6,1.0,57,9.93484073246493,19.4251248015224
26,38,0.43562737914971905,0.6724676769897239,0.536742454854488,0.5224747967399107,0.29256352508533956,0.12452513734796582,0.03158043936086666,0.15812850902866668,0.9,0.6,1.0,58,10.063129810405616,19.199205045375876
26,39,0.4522395391117252,0.6859472378030363,0.5530578736901897,0.549918402035784,0.35579278735270276,0.14947701465243984,0.03127536922823847,0.15661771165750368,0.9,0.6,1.0,59,11.122204462053062,22.033099635782225
26,40,0.44711007610542897,0.6972342031108802,0.5679374132808087,0.5589730950986184,0.33738066205096956,0.1456205341060134,0.02983653478491193,0.1584829608086285,0.9,0.6,1.0,60,10.68736307622767,22.6767003444078
26,41,0.43882431937962757,0.6872293579406441,0.5594287481301581,0.553307070728923,0.31338418313111427,0.13488997498908076,0.03313839889588962,0.15999688561863684,0.9,0.6,1.0,62,10.52043621945401,16.562635375628272
26,42,0.43409420369135165,0.6795848440875554,0.5542732764119421,0.5676892702519969,0.3080820925454948,0.13508862417818923,0.035693794509077496,0.15703283984521954,0.9,0.6,1.0,67,9.574322914670317,17.6887305018176
26,43,0.4590916552202508,0.6922956161397109,0.5769262746474797,0.5999054016439358,0.41868866529122356,0.11399289468933531,0.32033086997690796,0.04348104792904345,0.9,0.6,1.0,69,8.028050909274599,16.433175383518726
26,44,0.4577489705180182,0.6863821863106337,0.5745196145709456,0.6024066855515376,0.36027542816934544,0.11667286480823376,0.3206042063461913,0.04399764399454406,0.9,0.6,1.0,72,8.184120892895205,14.19004821643523
26,45,0.44713361341269353,0.6476548975807199,0.5411419749125481,0.6255074479218363,0.37759445554149496,0.1023002108867474,0.32197267038096,0.05410571793444859,0.9,0.6,1.0,75,8.7120699963918,16.94098128086905
26,46,0.4470948164253126,0.6475704495534322,0.5410904360450368,0.6255016700551862,0.33962564866977013,0.1023002108867474,0.32197267038096,0.05410571793444859,0.9,0.6,1.0,77,8.764657393521,16.764578534197067
26,47,0.44534569897280973,0.6442162491877103,0.5389018707587214,0.6287163872753836,0.35810563567511555,0.10374354087889386,0.3218115341602014,0.052542941362574744,0.9,0.6,1.0,78,8.65536497247827,19.79488735047693
26,48,0.4350458442499058,0.6315169245581582,0.527897211046931,0.6486332681631055,0.337443366812752,0.10657943370739956,0.3213920560695941,0.041895250839381074,0.9,0.6,1.0,82,8.647627255410567,13.010387563431689
26,49,0.4418246724754551,0.6363776581695134,0.534109632134091,0.641929980239136,0.36095941616448424,0.11065176035946503,0.32459349561512274,0.044641363162602386,0.9,0.6,1.0,83,8.270790202206218,12.776115593650507
26,50,0.43175559730675844,0.6615952676004647,0.564022077787028,0.6869263236676921,0.33679476386039925,0.10604246373565983,0.3213150742836297,0.042067238440919016,0.9,0.6,1.0,86,8.661650374913489,11.64804585044704
26,51,0.4847646949500909,0.7019425655450451,0.6129694118131145,0.7839161372160377,0.43910090246075717,0.1225544527591464,0.3406884727678783,0.07801625552803962,0.9,0.6,1.0,89,8.807720642891379,30.82576089624062
26,52,0.41854302370162605,0.6539963372592854,0.5669199073891974,0.8207592096196316,0.32715591681121875,0.09863497338759313,0.32348684341901585,0.04380761182510889,0.9,0.6,1.0,118,9.827394672126823,13.406063764946971
26,53,0.4191142676294765,0.6525948979728305,0.5668208342539965,0.8224823660331827,0.3336011516146051,0.09861587668541172,0.32357287266991164,0.04571633579647198,0.9,0.6,1.0,120,9.46605161130678,13.413191768578208
26,54,0.4338843135689008,0.7041684779490106,0.6220193085477926,0.9843225918071498,0.3436517982119077,0.07712026370845704,0.3334261786740581,0.07406916226600446,0.9,0.6,1.0,146,9.59374922001606,19.88348946302849
26,55,0.43130258856948767,0.7006843242187608,0.6191279142792759,0.9822632648345554,0.34907271559856445,0.08662851480485581,0.32779054748160164,0.06693128523463979,0.9,0.6,1.0,147,8.437581190504577,19.1428645593232
27,0,0.727009373557522,0.699129330953443,0.36884378258441763,0.00962915032468541,0.0,0.0,0.0,0.0,0.9,0.6,1.0,1,17.650607859249003,76.12326855924901
27,1,0.6166915625860429,0.7094887897307363,0.4305866695715623,0.14729057237851348,0.5579345680731749,0.1578963692130123,7.482858934169e-05,0.00017058153837609002,0.9,0.6,1.0,3,13.46749840551819,54.64966827839992
27,2,0.5049000305131895,0.650773612863319,0.41199703898869566,0.1679456443721342,0.4741428089775096,0.1808099225714147,0.00032851083895099,0.0007488833449150699,0.9,0.6,1.0,5,10.624090716903776,37.55165864425246
27,3,0.4977537517733867,0.644955850046048,0.4097487030680072,0.17460718463132313,0.19589726885988012,0.18416892479090594,0.00044176282757846995,0.00100705603818891,0.9,0.6,1.0,7,10.097758861626009,33.519275375771045
27,4,0.47717713459510347,0.626620345364575,0.40040639413714463,0.18160470447540233,0.3181101262854754,0.1886634207892277,0.00059138314682085,0.00163298579500054,0.9,0.6,1.0,8,10.158844818382,19.795462140221403
27,5,0.46692026698127803,0.6170266806324817,0.3998342055760004,0.20227298093189247,0.3329756362558453,0.202008648391999,0.00066890831665919,0.00315093990941472,0.9,0.6,1.0,9,10.168196987478751,16.940066058384918
27,6,0.5769814403150483,0.7243591878977409,0.5207838105867524,0.3422432640477089,0.5454895761327536,0.23623579256160712,0.03583845501268784,0.09354865792211446,0.9,0.6,1.0,10,11.09869687571786,15.22391110577901
27,7,0.42940701710399937,0.576222575790119,0.3744238116957589,0.2030948346753968,0.21276293494273965,0.19744663551128583,0.0011479974527634,0.005699155865701621,0.9,0.6,1.0,11,10.07346998134082,13.884705983714468
27,8,0.49628711541872395,0.6367492942645163,0.44921638372243133,0.2978550966263543,0.5120452824665992,0.22534884038111383,0.023393517773107,0.06440402960372318,0.9,0.6,1.0,12,10.746102124994412,15.516842391947884
27,9,0.4956528078215704,0.6544445451997818,0.46897018051790057,0.3146344196045274,0.28381219976181205,0.2253488403811139,0.023393517773107,0.0644040296037232,0.9,0.6,1.0,14,10.8985132149388,14.663493284129537
27,10,0.45668333890783147,0.5883039719363421,0.4141667422458329,0.2862867449173455,0.47882409417210875,0.19124798362521223,0.03454533958611121,0.0743610711672214,0.9,0.6,1.0,15,10.61178315003251,12.780346042209104
27,11,0.46532198754196,0.5925922082810406,0.4239453277396789,0.3270560183211942,0.3152514190807947,0.1641548496249368,0.04527467240805312,0.11069580706218836,0.9,0.6,1.0,18,12.327295036320296,26.824935581618547
27,12,0.4162458568613159,0.5583186048366379,0.39569994092305383,0.28698185462966697,0.31299379689665824,0.12443891866187433,0.030942497520650307,0.11326550590643872,0.9,0.6,1.0,19,8.1260799980634,28.653021940244937
27,13,0.4036813274714204,0.5260170520561215,0.3630250098261663,0.29688066661243206,0.23908118287735472,0.12343185751488837,0.03309592501892044,0.10260139338429064,0.9,0.6,1.0,23,8.081572391572731,21.73415668388419
27,14,0.43352062027797655,0.5817396779496908,0.43391053859434026,0.3524620680125998,0.3462808018704072,0.17997043907710555,0.0690504434566059,0.0788434180181152,0.9,0.6,1.0,26,12.579136366182594,31.530260643753213
27,15,0.42300147773152186,0.5810382991904689,0.4426298110867235,0.37028567915473987,0.34329215738990104,0.1713655757361123,0.06779505870257616,0.08785143394455289,0.9,0.6,1.0,28,12.559790081422095,30.399959071540213
27,16,0.4101411234341703,0.5864492680391992,0.44999540520596987,0.3605548848423287,0.2719543112646379,0.17741076250108198,0.06553154936396,0.07121768841690564,0.9,0.6,1.0,30,12.57353733583842,27.33486719470083
27,17,0.33944347196241625,0.5256802251597236,0.3982475600009862,0.3514692727171501,0.2227028583546083,0.14686855643348554,0.03846278252823391,0.05436373324671025,0.9,0.6,1.0,39,13.11017788763994,26.45831904408505
27,18,0.33915481092977307,0.5251296183731101,0.3979112575880913,0.3514316060006641,0.21308180567392995,0.1468685564334855,0.03846278252823389,0.05436373324671027,0.9,0.6,1.0,40,13.04000393357237,27.363509527129363
27,19,0.5134237430337706,0.6932572350682549,0.5710292926265568,0.5530367981302655,0.47217841396528804,0.18760177237934428,0.058139365866810025,0.1868416940765631,0.9,0.6,1.0,41,10.964068468738182,16.661211145760348
27,20,0.3325579064064999,0.5103571459947097,0.38967412630471804,0.3666682118726983,0.23587228463631804,0.1484195894127998,0.03969679953886443,0.05423875457782914,0.9,0.6,1.0,42,11.70065354467138,24.978956624404105
27,21,0.5134552168893358,0.7017637243156906,0.5889069846804121,0.5930485519898621,0.4986208208103252,0.1918827352672657,0.05217337704151358,0.19615988358802663,0.9,0.6,1.0,43,11.258512365533983,14.256304424376694
27,22,0.5115832944967798,0.716297258055396,0.6067302779089341,0.607591466562236,0.4126029470012538,0.19188273526726563,0.052173377041513556,0.1961598835880268,0.9,0.6,1.0,45,11.135822135519843,14.74710707521644
27,23,0.4516873140245184,0.6118645394135029,0.504249689689787,0.5460661016258491,0.39069456469671393,0.17907391179836324,0.0370822006494667,0.16328789446290054,0.9,0.6,1.0,47,13.237500364958745,20.40044044799428
27,24,0.4174241723861102,0.5676514844813337,0.46695243480660664,0.5148673292418718,0.3784489210828418,0.1779718023574084,0.037964965698052286,0.13729785482444307,0.9,0.6,1.0,49,8.845862112804634,18.191719374473767
27,25,0.44269466901472965,0.6020613055964629,0.5093722032697032,0.5851859222896204,0.4491093217197749,0.19271078617104453,0.06859290856743629,0.13765503131101633,0.9,0.6,1.0,50,11.042900517762751,12.900978285848218
27,26,0.46507810218197343,0.602085511391086,0.5101738342503439,0.5954492271242142,0.3976692239126046,0.1750649170546635,0.07488118994142716,0.17476609073122748,0.9,0.6,1.0,52,11.280459033376813,16.52512092025101
27,27,0.43354774338883273,0.586332690392586,0.4979229462525039,0.5976193023007756,0.37586592274066605,0.16925868989247256,0.07130388588933129,0.15239675156810606,0.9,0.6,1.0,53,11.44087598200959,15.041615174392549
27,28,0.43077319813825865,0.5805511631156057,0.49406665946375494,0.5928783453720079,0.3778211740607448,0.17332194322753897,0.06980840070027353,0.1488000335224409,0.9,0.6,1.0,54,11.347411816689938,14.54502071953579
27,29,0.39364561780102714,0.5342396400243475,0.4535266525006496,0.5711550883847196,0.4085527017595724,0.1339288917497064,0.06734014086287038,0.1542456772793503,0.9,0.6,1.0,55,11.233008909948822,16.15425119785202
27,30,0.41567958670557204,0.5704131721809229,0.4941348629218097,0.608716771484547,0.34599024492193287,0.18559934474775325,0.07045167686701295,0.13045570525865546,0.9,0.6,1.0,62,12.013897116279988,12.290633942012256
27,31,0.4249700206283827,0.5934701043479687,0.521820569407232,0.6322889011925374,0.3984341169697863,0.19215409582120865,0.07068486369063723,0.1363789132586954,0.9,0.6,1.0,63,11.0300954169666,16.631293315145296
27,32,0.41749434772650185,0.5807503103313452,0.5122523184578474,0.6557518090330909,0.3725965602695545,0.18446118053763633,0.06665875213895359,0.14109214610884707,0.9,0.6,1.0,65,12.255036442109263,13.75333009670682
27,33,0.37440522340475113,0.5553773971347529,0.48909394490511576,0.6294806129409154,0.30698470323542437,0.1430304726010447,0.06540786450424069,0.13646278556933705,0.9,0.6,1.0,68,12.916139750451654,8.013351180272627
27,34,0.4211643931041239,0.6175558131253621,0.554848480598612,0.6979334628231453,0.3627008777697178,0.19288642262390265,0.07369151371435313,0.13500258368516402,0.9,0.6,1.0,71,11.017256895138136,16.146122774034094
27,35,0.4676154376334511,0.6412098054778419,0.5792841316672548,0.7842724373104728,0.4096278046287591,0.17712833854510232,0.0649502708210832,0.20307315264984666,0.9,0.6,1.0,76,15.612790238219148,16.682822058502655
27,36,0.4676154376334511,0.6597194573719173,0.5995352898365918,0.8092314957508522,0.4014591050622621,0.17712833854510232,0.06495027082108318,0.20307315264984666,0.9,0.6,1.0,78,15.612790238219144,16.682822058502666
27,37,0.4281442042395639,0.6379985622892821,0.5800001884088812,0.7893855654281733,0.36595834832015284,0.16201331931591353,0.06719941482581847,0.17623760285828935,0.9,0.6,1.0,80,10.910966087886342,18.151892108863787
27,38,0.424636643136926,0.6671426165628692,0.6151750173887283,0.8209370543974347,0.36621658026337384,0.2209829660366375,0.07429850281697746,0.11757331661465298,0.9,0.6,1.0,88,12.560098012639862,15.238719601863243
27,39,0.4171939536353208,0.6564761148996661,0.6063654401413474,0.8161971533757344,0.37011268374069894,0.18169582895740052,0.083133094362825,0.1417334668493016,0.9,0.6,1.0,90,9.204125103789863,12.314235610214569
27,40,0.36447669727616616,0.6584956716433085,0.614060830780409,0.806757415276298,0.3039869906974557,0.1842593475663571,0.05674203884211848,0.1029107178061702,0.9,0.6,1.0,96,10.94995715434067,20.81472885472068
27,41,0.3756454047988005,0.6277792633157883,0.5826404532169285,0.7870479376861838,0.3312094969639943,0.16568941036249457,0.06505967904254102,0.12807310189276885,0.9,0.6,1.0,99,13.504497971493896,19.863863051081434
27,42,0.3792516223103135,0.6467364511010952,0.6051285741083939,0.8419233233471004,0.3309264656352592,0.17479923418790103,0.05968609261967446,0.1281415872450629,0.9,0.6,1.0,102,13.509530860754555,20.21538687739716
27,43,0.3792497847513412,0.6467343287181131,0.605126705841974,0.8500240476668415,0.321270880503131,0.17479932696992992,0.05968573890056724,0.1281400172420299,0.9,0.6,1.0,108,13.50949944181654,20.207783407325437
27,44,0.37924446735537076,0.6652268933023192,0.6253674093068271,0.8641408544627883,0.3213119434750744,0.17479932696992986,0.059685738900567255,0.12814001724202992,0.9,0.6,1.0,110,13.509930155630846,20.14953201799611
27,45,0.3449751668744777,0.5563362541243738,0.5098396669651427,0.7968092678254909,0.28775012989258203,0.17198025701495692,0.05593566186840206,0.09891995752691184,0.9,0.6,1.0,121,10.827097721076644,22.163732784828284
27,46,0.35198836401008404,0.5625485251625487,0.5165033518752745,0.800190983710938,0.2970670087944197,0.17187070279556813,0.05405557802494343,0.10751827282585638,0.9,0.6,1.0,124,10.82701583043361,21.592286246453927
27,47,0.41359038959339667,0.6417843292094072,0.5979735512164481,0.882296898481432,0.3574413269583818,0.1742969397814684,0.05915443390067822,0.16426730066186412,0.9,0.6,1.0,134,11.237198502312244,23.42013033077475
28,0,0.7775417546343293,0.7202407729056272,0.38173488530878374,0.011016494794866471,0.0,0.0,0.0,0.0,0.9,0.6,1.0,1,16.64497566232101,71.41802612898765
28,1,0.6764454130305815,0.7485830210437905,0.45708328063088577,0.15615639761577566,0.5292697474074214,0.1653867938953151,7.19465830721e-05,0.00017182138677119,0.9,0.6,1.0,3,12.253660914885511,50.81085043690892
28,2,0.5596369590625009,0.6981372022225037,0.4463497528795371,0.18409405639885357,0.4847668343278192,0.19555393723777642,0.0005439832146748,0.0012991298034544401,0.9,0.6,1.0,5,8.637478421827717,26.597194117160058
28,3,0.5198970884483441,0.6435685907111143,0.3956549598327354,0.16351832166538852,0.2013885806402809,0.17219048155734643,0.00035142595701246,0.0008042217479028301,0.9,0.6,1.0,7,8.153839012012824,20.44956598525069
28,4,0.47457240410512963,0.6057840682026162,0.38255411903948144,0.1968220919333657,0.5808969018789033,0.19875612798341522,0.0008139370371795099,0.0022251945961021197,0.9,0.6,1.0,8,8.40506291096953,14.845153539287969
28,5,0.46838925167804035,0.618149226673057,0.39816170531862616,0.2009594626296914,0.19144513768803012,0.1960716881647639,0.00085585819408387,0.0023263566911531303,0.9,0.6,1.0,10,7.961395503009397,12.337647783536
28,6,0.45195351399002903,0.6013066369144651,0.38834919422582287,0.2080470600319687,0.2373792373025546,0.19763492156279636,0.00078325982656661,0.0021750652071097403,0.9,0.6,1.0,12,8.646949150174125,13.815872197936054
28,7,0.4386469176486984,0.5871053819984757,0.379319329588906,0.2136491009537254,0.26326504409297324,0.19135295054054244,0.00486673871831262,0.00445857316762134,0.9,0.6,1.0,13,10.757934573061736,16.29967862632859
28,8,0.4165421152822352,0.579791642839806,0.3852864034153698,0.22319761527537677,0.27673615098449383,0.18378868844392154,0.01703832100198564,0.00777539507727244,0.9,0.6,1.0,15,10.588793864521572,14.534934515117754
28,9,0.4881136215278501,0.6674957041025407,0.47987048039097424,0.3307929416288362,0.28658059509052314,0.2680682548993671,0.00562620241013564,0.02116195283793625,0.9,0.6,1.0,19,10.682308993124396,47.39272669567069
28,10,0.395362999313993,0.5906047222508666,0.40960736135075804,0.24341071286308838,0.22246816867595465,0.18334336580197047,0.01700942566770395,0.007732931641183339,0.9,0.6,1.0,21,11.146574247128113,13.597573762378364
28,11,0.39536062134466504,0.6091108625882653,0.42985698363576114,0.2640494053233092,0.1829604551892419,0.1833434308302739,0.01701192936313947,0.0077329431695020105,0.9,0.6,1.0,23,11.14658015807523,13.597573006921138
28,12,0.3899861854688652,0.579645430933864,0.4073016186795508,0.2812812485483399,0.2222066288823305,0.20470876047744105,0.00730661616388969,0.00559056495634875,0.9,0.6,1.0,28,8.433285701350977,12.705353265662575
28,13,0.3862594146580014,0.5744580854773504,0.40413462854328863,0.28712338570637813,0.22689396436348427,0.1999276319218235,0.00721678459008251,0.00994860399464078,0.9,0.6,1.0,29,7.924527572131396,11.013286151551013
28,14,0.38277220456006233,0.58829647368456,0.42129814073683347,0.29569164260218617,0.20642431022989857,0.19931800720285378,0.007514629927438341,0.009714498753627971,0.9,0.6,1.0,31,8.052106931242491,10.645653054777044
28,15,0.3833429828997022,0.5873352832395308,0.42231700174662073,0.33938374785785125,0.20840761971139846,0.2064503542782948,0.00494641627267215,0.0089602228201899,0.9,0.6,1.0,34,9.374828196910588,13.165764794160015
28,16,0.3833429762567483,0.605844935133606,0.4425681034040418,0.34629249950037877,0.19773346033021222,0.20645035427829478,0.00494641627267215,0.00896022282018991,0.9,0.6,1.0,36,9.374824764463964,13.165764690510068
28,17,0.36261542180362555,0.5465674760365652,0.3817209336298395,0.30446030563438764,0.21133737085967538,0.19126080384610875,0.00328271619454889,0.00628440244789238,0.9,0.6,1.0,37,8.15664761588631,15.560820978980136
28,18,0.3674641664396169,0.5872155066452442,0.4273344680702535,0.3461441426848601,0.19581997331520815,0.1931046063454984,0.00847600777756113,0.00894523660383116,0.9,0.6,1.0,40,9.726390160412404,11.2137421894028
28,19,0.36173416637147543,0.5982000538502729,0.44218047910011027,0.3577940702576581,0.22004180926944034,0.177746180493886,0.01123254680445234,0.01903328882873129,0.9,0.6,1.0,41,10.732577277256151,11.976408865796744
28,20,0.36173417240865496,0.6167097057443482,0.46243169378136356,0.36482217853823934,0.18574452313285902,0.177746180493886,0.01123254680445233,0.01903328882873129,0.9,0.6,1.0,43,10.732579572289984,11.976408873253089
28,21,0.3559424187853597,0.5542233859955579,0.3960603640479636,0.3227205532219913,0.203891540738581,0.18029697893886143,0.01181770689153862,0.012869166873198428,0.9,0.6,1.0,44,10.789611157429176,10.357209896049444
28,22,0.3577002008274267,0.5471784203729043,0.3983978306939445,0.3278749609163152,0.3510552302487498,0.19174307868752005,0.009007085103750121,0.0213050158138147,0.9,0.6,1.0,45,8.248641295862534,13.17746785855146
28,23,0.3678694438976688,0.5885391192591095,0.4488984690135478,0.41984458012820125,0.23119300303570015,0.2110965106326519,0.01012311939049782,0.02208686906630373,0.9,0.6,1.0,52,11.740794964205298,10.586533617231952
28,24,0.3645899280245476,0.6032347356930754,0.46583690563641955,0.43195694562753967,0.218328368248512,0.20798850098419436,0.010196573006312,0.02231330827542612,0.9,0.6,1.0,55,11.713879778537914,8.518829955648473
28,25,0.353608648357621,0.6068483122028716,0.47478385330218525,0.433056636916933,0.268073193366192,0.2022193209829549,0.01007580010091179,0.02190670526847299,0.9,0.6,1.0,56,11.333433072355897,9.481721197587625
28,26,0.38321660635295723,0.6043287654972215,0.48212705047600507,0.4939450828464888,0.2701943224293034,0.22463776650878647,0.01790471190274865,0.04282468420633618,0.9,0.6,1.0,69,5.852586314926263,28.34772457925464
28,27,0.3960259378530018,0.6081903236688089,0.49303209361688155,0.5254498265155624,0.3916522484255292,0.24176754900373404,0.018663889177641,0.04890317935185236,0.9,0.6,1.0,70,5.350253361067728,31.891303467276646
28,28,0.3953632573682544,0.6253464064298527,0.5124567650128046,0.5373809866864527,0.2819453053873256,0.24176754900373404,0.018663889177641,0.04890317935185242,0.9,0.6,1.0,72,5.542621140278657,31.624844592405704
28,29,0.3872280648337123,0.614735926468723,0.5037236012952678,0.5349216568811372,0.3022982553839402,0.24044202234617432,0.01792620893416698,0.04474958604304285,0.9,0.6,1.0,73,5.72755175333872,29.41626729329913
28,30,0.3892046377725603,0.6339689099014942,0.5256368478650673,0.5462824027714049,0.290202210350616,0.24308044238824697,0.01791353152747992,0.04551695128869379,0.9,0.6,1.0,74,5.524080882857448,29.001581359294985
28,31,2.0274168153926855,2.260891497444682,2.1607810448447644,2.2743784011483745,1.9293044202393306,1.0,0.03845743902691892,1.0,0.9,0.6,1.0,95,6.921415521697897,923218.985863056
28,32,0.8586146803515768,1.0825840732051681,0.9890507471017336,1.1155398092307331,0.8682404038868374,0.4590379778757242,0.03269735090157373,0.328905960440486,0.9,0.6,1.0,96,7.3006965153661,494.15283526499934
28,33,0.8586146792070366,1.101093725099243,1.0093019617829864,1.1421800511261289,0.7616589977539936,0.459037977875724,0.032697350901573705,0.3289059604404856,0.9,0.6,1.0,98,7.300697208786465,494.152831474374
28,34,1.969362958305919,2.117146856148972,2.0181016453213516,2.112676651367748,1.8982104251220702,0.9478104670416515,0.034941811634486966,1.0,0.9,0.6,1.0,99,7.191290478713944,1231597.794313791
28,35,2.0022905114007457,2.240884787136487,2.1517156358514375,2.295888536906216,1.9272382364912723,0.9832466880688149,0.03877171684712224,1.0,0.9,0.6,1.0,100,7.787018017843074,393078.5464956349
28,36,2.0022905141876173,2.2593944390305625,2.1719667940207743,2.3092561591092773,1.908185391362538,0.9832466880688148,0.03877171684712225,1.0,0.9,0.6,1.0,102,7.78701943232497,393078.5462801327
28,37,1.915903560112484,2.076453177471043,1.9829830196498586,2.085717341722874,1.8462125483905432,0.8903922691602907,0.03880541555890467,1.0,0.9,0.6,1.0,104,8.39239686507997,141846.37749357682
28,38,1.9943693006636225,2.166173418629545,2.0791771618957133,2.163579481322575,1.9839921113717414,0.9823972855079833,0.039738670994570756,1.0,0.9,0.6,1.0,105,8.22471938041935,393342.880691512
28,39,1.1625319127758598,1.400262617409963,1.3253933897108277,1.5126353216907984,1.0954994429866576,0.49204047515017396,0.03126503714597303,0.6197101458138059,0.9,0.6,1.0,111,6.188303040031111,3757.181445117336
28,40,0.8374091526024946,1.1167727567878027,1.0556999728619554,1.2390985292608938,0.7794847665649378,0.4194729784958653,0.04453426975099916,0.3600550643966716,0.9,0.6,1.0,120,6.591964125138714,491.9397790958078
28,41,0.8235392276037893,1.0716221508995125,1.0164109561993024,1.2307033366631925,0.818786169520896,0.41756289061632923,0.04374086064329104,0.3551354405725232,0.9,0.6,1.0,122,6.012848231948343,499.8166608051113
28,42,0.7984996731193719,1.1004566148462263,1.0514269708962662,1.2428073439737055,0.7376512489777063,0.4146298827096192,0.04245968222634309,0.33430718188437136,0.9,0.6,1.0,126,7.492875589178621,485.9395390030987
28,43,0.44733115476737384,0.7392116519253217,0.6960089983680503,0.9153593627831437,0.4166903520172933,0.2661421949529722,0.04135077044970006,0.12233122619382424,0.9,0.6,1.0,129,5.900710662508273,3243.492573790338
28,44,0.2724945750480673,0.6166626958519466,0.5805380421753095,0.8201963781633383,0.21611676480886818,0.12042784843542081,0.02690999190144889,0.08882092140592729,0.9,0.6,1.0,141,11.227628209080944,17.207536236085694
28,45,0.38034167742077996,0.7415832092311607,0.7079999850761407,0.7169985040478237,0.32596515375529056,0.15724305293742685,0.04488463532813351,0.15336774405579473,0.9,0.6,1.0,144,11.71422165624468,10.704128402183514
28,46,0.3245385506103515,0.6834979451432344,0.6512042452068887,0.9005745145464867,0.2879144173860781,0.13561136917132585,0.0326062222889686,0.1254297332944444,0.9,0.6,1.0,145,9.430832323955435,16.824578763167924
28,47,0.3224850048782098,0.686442279729671,0.66340849562271,0.921862419444323,0.31131902501805664,0.13886730721430673,0.032692682850191654,0.12619085556364823,0.9,0.6,1.0,148,9.93557187445582,22.670889429896157
28,48,0.27546347985621256,0.6571284303877388,0.6480514267026971,0.9101848627590596,0.24556879704540496,0.1329888430446629,0.02936175514312132,0.09404555054574536,0.9,0.6,1.0,160,10.198327303230013,31.53629647144136
28,49,0.2708509304265069,0.6296894296206903,0.6325567745422842,0.9240341075637544,0.3307971382351027,0.12211385116972825,0.02912201135622755,0.107213564041823,0.9,0.6,1.0,162,10.018209901276308,24.85028912965804
28,50,0.27827013999035183,0.6577976025905026,0.6724823382615984,0.9585837919906164,0.3143228153812593,0.13877258145506605,0.0285739266394787,0.10504254188696394,0.9,0.6,1.0,164,8.286028396281218,20.132058573739133
28,51,0.2581353830488132,0.6357236541869186,0.6513882549758966,0.9538605971501996,0.2354542617087578,0.13634947263740083,0.02896522662625679,0.08743103554469286,0.9,0.6,1.0,166,8.181226047896894,20.11824460282609
28,52,0.23909962083014813,0.6297510815220211,0.6498967183292675,0.9353952065419707,0.22484370751755678,0.13177482703713053,0.0270803974245507,0.07523262469001225,0.9,0.6,1.0,169,8.307025065060827,20.00822582245988
28,53,0.2451297560775743,0.6528987942248397,0.6754836052572932,0.9740221735219242,0.22215081929113906,0.13403535723401755,0.02788823453972113,0.07914313167486202,0.9,0.6,1.0,171,8.558703160585091,20.03062796281873
28,54,0.24062229703174978,0.5733475923314464,0.5894693996354744,0.701242635856159,0.2143216091481347,0.12954111646386593,0.027797761163073732,0.07902156579870401,0.9,0.6,1.0,175,8.629731346042703,19.833470243409156
28,55,0.22535040940865997,0.7612225041301929,0.7967305669363691,1.0885003690660766,0.19736467627830243,0.09150820622193769,0.02579485254645102,0.09931167760184947,0.9,0.6,1.0,192,9.234107041853555,20.413553989490406
28,56,0.18535195312500535,0.7325881672598147,0.7733964522918373,1.0654669663139802,0.2167085439290652,0.07099047237096565,0.027136470603584588,0.07896805916133302,0.9,0.6,1.0,193,9.302230197998297,20.661337004977423
29,0,0.7567885184066827,0.7117317162430482,0.376538953692045,0.010456777902492907,0.0,0.0,0.0,0.0,0.9,0.6,1.0,1,16.5105572961,73.47649196276667
29,1,0.6457336955946128,0.7246998601915552,0.43702994083868413,0.1414629783456566,0.5194003293814318,0.1498263230764804,6.496978056426e-05,0.00013306483558437,0.9,0.6,1.0,3,11.914594166999557,53.02744507946935
29,2,0.528261912359001,0.6499285706657074,0.3988162627693302,0.15708333168416513,0.4498264263942296,0.17049267013464733,0.00025987912225705,0.0005322593423374999,0.9,0.6,1.0,5,9.592604170156116,37.418298555030646
29,3,0.47021043965000997,0.6001584215035211,0.3676554360819649,0.1570857584025561,0.3026732639084316,0.16805153925342825,0.00032525853726809,0.0007119762890550601,0.9,0.6,1.0,7,9.988191559562903,21.477367122412925
29,4,0.49309723589875304,0.6424038731259634,0.4300933234708869,0.23696891644621637,0.5220113648919034,0.24494785512960132,0.00061083884054911,0.0024553957282093903,0.9,0.6,1.0,8,12.030506357719457,22.36523711264164
29,5,0.4598822183972998,0.6054197024342279,0.40719812683309003,0.24045732380747326,0.33630351785637846,0.24413643607430502,0.00060271774259355,0.0023895301890665297,0.9,0.6,1.0,10,11.949538868356118,14.175034179870137
29,6,0.45963934430933534,0.605134924272618,0.40702088190847635,0.24801455529753155,0.22333506927332272,0.2441243258111443,0.0006032938399545701,0.00239152691253146,0.9,0.6,1.0,12,11.834504823810768,14.284958924954012
29,7,0.41821046626877684,0.5426079537625252,0.34866137200828196,0.22070647886961373,0.28922106380836693,0.2118715486259413,0.00066570584672153,0.00253948633227912,0.9,0.6,1.0,13,11.115423029304818,10.127931204897576
29,8,0.41989886925194386,0.5411587115907412,0.35313684558848213,0.23798298837344753,0.30341000137500984,0.2268689253136618,0.00154882748925228,0.00227862855100831,0.9,0.6,1.0,14,13.475724747466694,9.19292111403058
29,9,0.4266047903307135,0.5437496338134004,0.362271350168208,0.25935991358740446,0.33264160400516,0.23299474835194833,0.00508919209630912,0.014037389922670122,0.9,0.6,1.0,15,13.3715668696783,10.681883649914232
29,10,0.4239156761773896,0.5585581179028202,0.3802625402995548,0.2671702411279485,0.23835313107722203,0.2329947483519484,0.00508919209630912,0.014037389922670122,0.9,0.6,1.0,17,13.050432652652702,10.852714386616222
29,11,0.39366209793470386,0.526970326030849,0.35054898820118413,0.24542054130166896,0.21516914535679016,0.18168675841064716,0.01700493675867665,0.02629087975585005,0.9,0.6,1.0,19,12.062436415267545,13.976867323082123
29,12,0.38498550201193216,0.5114554958614922,0.3437428563415844,0.24813431471965441,0.2773097309535227,0.2206733210050359,0.00518038797501676,0.00514846653135212,0.9,0.6,1.0,21,11.692017110313822,8.91991127857863
29,13,0.39604843924557825,0.5590060734828467,0.3954211662700396,0.27999948575747513,0.22983835834618052,0.2312464153839268,0.00691610716884624,0.006778298355331181,0.9,0.6,1.0,22,11.839846889745594,16.350417779255395
29,14,0.3759875608133126,0.5136603687233483,0.3559332828993373,0.2628516683818123,0.335582496663674,0.22242773536426375,0.00680049481732478,0.00746481592050976,0.9,0.6,1.0,23,12.072722214092382,11.884497347625446
29,15,0.38905150112781445,0.5211320252120641,0.3689821335394566,0.30734879761655587,0.27799316863699014,0.23403438232129636,0.02119998812021641,0.0101743375771427,0.9,0.6,1.0,25,12.493946223038956,12.87069280236855
29,16,0.3477515769708291,0.5308151931101717,0.38824426822055147,0.29701503472152474,0.21657760204600432,0.1968812656902601,0.014909480103752579,0.012723668401796982,0.9,0.6,1.0,29,12.037969807883892,13.261785518212486
29,17,0.29367877924548896,0.4537879579622641,0.31353904231299146,0.2610767936895819,0.1725499344389667,0.15632533148837277,0.01052441794289667,0.0037731493808734902,0.9,0.6,1.0,32,10.609656063688409,9.489117727758613
29,18,0.3315596615780592,0.4890157254325801,0.3511466535126135,0.30203240589783137,0.21156558250933613,0.16601550281703975,0.025933088277085493,0.02714645112546587,0.9,0.6,1.0,34,10.264521123363156,11.277954577822433
29,19,0.29543457908416537,0.46784733433655945,0.3347553112123933,0.2897605553310124,0.20895313838661753,0.16114009066727808,0.013626420803358161,0.007036329377880559,0.9,0.6,1.0,35,10.540265994049518,9.901276464370712
29,20,0.32305015868998194,0.49194422975673097,0.36180612557951747,0.3243161956300434,0.21581353192880195,0.16659061860342242,0.02538430488910016,0.02675921991627896,0.9,0.6,1.0,37,11.164702278655698,10.777615694969215
29,21,0.2929124465385068,0.44302657708709287,0.31137191159502914,0.3045639182040708,0.16574559823784865,0.16369599266372528,0.01327258337349671,0.00680099471287388,0.9,0.6,1.0,38,9.804945111635924,11.145618439018357
29,22,0.29262494668261463,0.4584133227861681,0.33082093448363004,0.3103788187844637,0.20246114252362923,0.16618978586479305,0.01361846579746721,0.007186509543288209,0.9,0.6,1.0,39,10.545658189291776,10.676326755633012
29,23,0.29037689235456876,0.45419976001331763,0.3281966907653361,0.31711562676480864,0.19059696785390698,0.1664775098823809,0.01335208335813865,0.00695543219796705,0.9,0.6,1.0,40,10.528310390416092,11.036049911786684
29,24,0.30236543245785813,0.44611594355809964,0.31965157826273877,0.34262102149351237,0.19975677633182226,0.17406421741237768,0.01125060412785989,0.015102083982175399,0.9,0.6,1.0,41,11.251164447243234,11.013205884342788
29,25,0.27620100834633327,0.4366864236367871,0.31362175014247856,0.32317070667760756,0.17034730976203966,0.15521654641912147,0.01265971355838828,0.00753876221320616,0.9,0.6,1.0,43,9.926095204824309,9.449618164188282
29,26,0.3190325056260019,0.49562487709521563,0.37587564683017605,0.36732503725818655,0.20966249211616786,0.18068776740302273,0.01727785969437627,0.02631478512531147,0.9,0.6,1.0,45,8.989626663436217,14.029060862636785
29,27,0.29448310624935015,0.4416320346339143,0.3283317764380427,0.35822952672439407,0.31724781223798243,0.16676808240338092,0.02046073887644958,0.02248420321501009,0.9,0.6,1.0,46,7.7449847865212815,13.304557777178976
29,28,0.2745782218925962,0.38320416495406673,0.28211287961883735,0.35852584174856716,0.40639751599824336,0.172989501131119,0.01920668638118973,0.01354656869184038,0.9,0.6,1.0,47,8.084615073752705,13.29877066590941
29,29,0.2552328452072133,0.356084621962533,0.26012335043689555,0.3538280831952605,0.24982086533652845,0.15513242512679426,0.019673477337663718,0.015393482744132412,0.9,0.6,1.0,48,9.2814574543087,11.829277385448714
29,30,0.25523284549516034,0.3745942738566082,0.28037456511814896,0.3723235263144536,0.16681693011798085,0.15513242512679426,0.0196734773376637,0.0153934827441324,0.9,0.6,1.0,50,9.281457638331528,11.829277197368262
29,31,0.26001722715389486,0.3724401731640685,0.28268648167001276,0.3808855172422087,0.2484067185857607,0.15916084004391515,0.02541461688139267,0.01763866391045147,0.9,0.6,1.0,51,9.329962858975591,12.320597205312003
29,32,0.2640093438025388,0.4680322386312731,0.38759283696799174,0.4546845524855387,0.18123326224517922,0.13956659189983672,0.030999393693123677,0.03652490278393701,0.9,0.6,1.0,71,14.704123946055995,26.126938440011983
29,33,0.23121497777450684,0.4680600371047309,0.3937466377541486,0.4587296301527632,0.16119717892754185,0.12804427869894464,0.02374115635348553,0.02104610846887709,0.9,0.6,1.0,75,12.454465178068617,15.769307964409968
29,34,0.26985532606638474,0.48261954355938186,0.41002808398727625,0.48967840755296077,0.24852330825715102,0.12927402821484066,0.04018476451744412,0.052036907620335825,0.9,0.6,1.0,76,10.78414261943399,26.135709583472984
29,35,0.2666846445421245,0.4966756656133794,0.42661579949158546,0.4947920002936014,0.20286435435914413,0.1499019580554435,0.030570743010117078,0.03681587778816352,0.9,0.6,1.0,77,12.94776853916422,24.669264129682745
29,36,0.24793335093307972,0.46527483579976314,0.4029081136470446,0.48950577292471276,0.24137200152416766,0.1353691293785405,0.030675702452988778,0.03818920850231569,0.9,0.6,1.0,79,14.810957528316472,27.71673732761631
29,37,0.2600107038853602,0.47608482451100165,0.41449788789343,0.5107159694669892,0.20469786674019338,0.14816611610087058,0.031694124853967456,0.03887338958734088,0.9,0.6,1.0,80,13.885671790058922,23.845708949246056
29,38,0.24486464542078645,0.47792753675096633,0.41891249744914133,0.4882816181966424,0.18797605282175292,0.1309584393241719,0.030716588131966798,0.04041247618934848,0.9,0.6,1.0,81,13.664615430525885,26.706905177001925
29,39,0.24738064336232626,0.4764519510570624,0.4197918196228556,0.5125343917629024,0.2195987941143734,0.13537856745848997,0.031708430389289985,0.04041151838310394,0.9,0.6,1.0,82,12.816081845050697,23.363843589243174
29,40,0.2802053716669137,0.5634994417136,0.5128169428766417,0.6984689397452546,0.21517055431752424,0.1427140557223987,0.03576035727659984,0.06483128362994257,0.9,0.6,1.0,109,13.09853362809549,29.933923373834613
29,41,0.2758028906232689,0.5523774491019583,0.5055934119980162,0.699044673822372,0.24515865170696682,0.16848734114852168,0.04867198429486847,0.03277839176771749,0.9,0.6,1.0,111,12.766240606355392,7.756904422326259
29,42,0.28340478439000644,0.5524695293048469,0.5099679690232755,0.7212856205104565,0.25927149487460976,0.17107272939134738,0.052359646378181704,0.03932932172552456,0.9,0.6,1.0,113,13.530584468804951,9.851658030158276
29,43,0.2829226812206976,0.5703178250361816,0.529659405568152,0.7470514158026513,0.22485830290576986,0.17065847233223178,0.052510585945921916,0.03921106178136467,0.9,0.6,1.0,116,13.502034587437384,9.830759835738162
29,44,0.2910338609072535,0.5768098587428173,0.5370679274387639,0.7878037420720317,0.23563181535012076,0.17528057274811804,0.05572685090499824,0.0419672583771061,0.9,0.6,1.0,122,12.221921771911322,8.039000363610073
29,45,0.2882381444246209,0.5729130124234258,0.5337941107705887,0.7894128807302432,0.24102484460553475,0.1748447870582276,0.052695082110929284,0.04188174462426081,0.9,0.6,1.0,123,12.46161274561956,7.097758690554709
29,46,0.3110410997939627,0.6468526430131389,0.6154194171099143,0.8297516124089234,0.263581273177958,0.19213452648547752,0.06503235316073121,0.04365004267716009,0.9,0.6,1.0,128,12.10472269501421,8.75855205490812
29,47,0.3110410978344585,0.6653622928420865,0.6356706297260398,0.8445747455355647,0.2555906052252403,0.1921345253380489,0.06503235154760678,0.043650042612592796,0.9,0.6,1.0,130,12.104722874128605,8.758551868471741
29,48,0.3014603124508394,0.6133271549139224,0.5831727949815805,0.8155838285653583,0.27275597695940224,0.1809474877009237,0.06950798508542175,0.04377402420804223,0.9,0.6,1.0,132,11.577747946297904,9.263096943912018
29,49,0.301463746168297,0.612303480688142,0.5827166338520733,0.8232653583356244,0.25795116385806993,0.1809739408208882,0.07040606978536008,0.04364526712966549,0.9,0.6,1.0,133,11.733975008099636,8.894794892243167
29,50,0.30873851679193864,0.5230161528996059,0.48692991805646046,0.6754474291993545,0.2934224534834036,0.18197878414291935,0.07250812823969079,0.050411402755400216,0.9,0.6,1.0,134,11.96773932751784,9.573038962526494
29,51,0.3106933860914165,0.6533133742023701,0.6300886230851096,0.8885520092520776,0.26285755580208514,0.1891218220870712,0.06591721945833524,0.05039000708420679,0.9,0.6,1.0,138,11.724671643702662,9.82167239502595
29,52,0.31504855400439147,0.6565270495833008,0.6339261325079373,0.9054158829055968,0.27002454219480876,0.189227578752919,0.07337491620361156,0.050635995240747446,0.9,0.6,1.0,140,11.679125991777784,10.315494335937563
29,53,0.3150485532938889,0.6750367008403296,0.654177290040228,0.9289162080784267,0.26496643169383755,0.18922757882562113,0.0733749160356065,0.05063599463907218,0.9,0.6,1.0,142,11.67912596622141,10.315494319931911
29,54,0.3147174299895512,0.6744968570567972,0.6537514146191372,0.9327437064857688,0.26655884454116685,0.1892328691017163,0.0730564238838602,0.05057508742743322,0.9,0.6,1.0,143,11.665251717522136,10.300824175746412
29,55,0.30643942025810855,0.6846275111589364,0.66567862573347,0.9357212792837712,0.2570086527051067,0.18175695306505252,0.07343711060051786,0.0488375725190282,0.9,0.6,1.0,144,11.077251587077502,10.027022476644404
29,56,0.31301107812222584,0.7162711630979565,0.7072615053726045,0.9973344778554224,0.27721994151129253,0.182717209976834,0.07569521214059309,0.05782366205693419,0.9,0.6,1.0,155,11.109551339978994,10.83836494764513
29,57,0.2892236849653699,0.7089731706356152,0.7027846700405659,0.9789568789293833,0.248059504683049,0.1707986201400365,0.06524564961969764,0.051785290440410914,0.9,0.6,1.0,160,12.53927490235614,10.003322711144202
29,58,0.3128431381324277,0.7442397125392521,0.7434358943185745,1.031930510469545,0.3301362187271163,0.18482795561670487,0.0760157777455226,0.05881006292967077,0.9,0.6,1.0,161,10.98948314962119,10.971145496160709
29,59,0.2950452387556182,0.7012760965160788,0.7022307397562559,1.0055549691744532,0.27417505740267895,0.17128062342450615,0.06822261225104811,0.06021322814864945,0.9,0.6,1.0,164,12.569644169242697,12.305921888251309
29,60,0.29219947662008877,0.7091133179191974,0.7158819581189545,1.0284244948099754,0.3209568288278957,0.17211728598838277,0.07438443593000356,0.055549552957184625,0.9,0.6,1.0,165,12.340073622650117,12.482160150156425
29,61,0.2951429848683394,0.7115010014412735,0.7185573143541998,1.0444688103693374,0.259765855763483,0.1720270678315682,0.07536306102575971,0.058169895566833864,0.9,0.6,1.0,168,12.519964118077224,12.608841686671568
29,62,0.29490427748429504,0.7112231383249897,0.7182996736546452,1.0528846785716472,0.25831438277799545,0.17208258581158395,0.07531611911955076,0.05792227003777214,0.9,0.6,1.0,169,12.527069068508048,12.824750101959705
29,63,0.2889146740077087,0.7233652078821856,0.7323787568423165,1.0616203246022065,0.25368643961471765,0.17210307659196,0.07362782381564044,0.05305125116920795,0.9,0.6,1.0,171,12.241258449268624,11.568222435539148
29,64,0.2915277925967933,0.7439459629906957,0.754981197306569,1.0891110866152403,0.25604726153418483,0.17295023322866082,0.0757489500089693,0.05380702297067745,0.9,0.6,1.0,175,11.896566244076917,12.71988059235431
29,65,0.29172023856547774,0.7800494517251266,0.795139939229558,1.0934140273484922,0.2647330432009996,0.1718318413808629,0.07816510955472444,0.05391771471871569,0.9,0.6,1.0,176,11.897622787872784,12.080368043639806
29,66,0.2900761956347628,0.7577380493645486,0.7721986592219267,1.0948734538664073,0.26348196527090506,0.17148854414743744,0.07658901926842418,0.05422543763917422,0.9,0.6,1.0,178,11.76630124668672,12.12033176418744
29,67,0.2941745533590457,0.8170098561409421,0.8368778760449903,1.127734616296536,0.26020666304734047,0.1761128302344304,0.07652341329815558,0.05431548403245832,0.9,0.6,1.0,180,11.579866478298593,12.414678677749208
29,68,0.2925173822259413,0.8152789120248871,0.8351848790095379,1.1855932430103304,0.25714023995388013,0.17333988693474722,0.07636065664329605,0.055275353519238325,0.9,0.6,1.0,196,11.297691266109728,11.714866868803083
30,0,0.8281062008904974,0.7401058297594142,0.39386488554669885,0.012320553202723742,0.0,0.0,0.0,0.0,0.9,0.6,1.0,1,12.940921527524,74.17000319419067
30,1,0.6677283872176882,0.736127791751938,0.442641480177957,0.13893440776078395,0.55820866889041,0.14591415359951793,7.308764890282e-05,0.00013938016001390998,0.9,0.6,1.0,3,10.621131961144368,53.40002934269714
30,2,0.5185317939746933,0.6413556667303631,0.39203879738743064,0.1528203448643051,0.5074347737907705,0.1660408741721576,0.00029235059561128,0.00055752064005567,0.9,0.6,1.0,5,9.767031159406232,38.29355710013305
30,3,0.4362372228109384,0.5672289668069037,0.3409330496195078,0.13905127016027377,0.3213667320601759,0.14920014668152837,0.00035946980090929,0.00066915486517244,0.9,0.6,1.0,7,10.728060663670249,22.362515514402254
30,4,0.4163480786576676,0.5474718868929952,0.32991647637748245,0.15212615945595886,0.2792482179598382,0.15105921865103303,0.0008343107801061201,0.00140136449679028,0.9,0.6,1.0,8,8.234699961016085,15.321495450677231
30,5,0.4000756586275253,0.5293807434170043,0.3224887374982826,0.1643570333481082,0.23340872925104067,0.16161622368521425,0.00066540485538332,0.00129599272012067,0.9,0.6,1.0,10,11.03674266247638,14.358237680487088
30,6,0.3795489117904655,0.5070420687039043,0.3058492692058347,0.15078396625735815,0.23163661572087604,0.15259751363144686,0.00088524912665772,0.00157887296131545,0.9,0.6,1.0,11,11.094640585175451,15.426182892519584
30,7,0.36842892472249633,0.5282782319595178,0.3408808847719152,0.17633209146605827,0.3169614020545362,0.15765276409232903,0.0031888295903680897,0.00634820051104627,0.9,0.6,1.0,12,12.523958224239834,3.747934589553753
30,8,0.36770591381403667,0.5063080145865986,0.32195489921377957,0.1946764041566194,0.18478689480587845,0.1370613499058667,0.02477450713612821,0.02075936089628713,0.9,0.6,1.0,15,9.503610688007251,7.024752867690032
30,9,0.36602711412681554,0.5040135649916548,0.3206589566903972,0.19477643438808104,0.1753973569241217,0.1371296405160064,0.024358629673574588,0.02121720244963366,0.9,0.6,1.0,16,9.166274558842316,9.41832407148301
30,10,0.3612967449721739,0.516863139871447,0.33671666723600646,0.20055460894751612,0.18109254924977622,0.13513748903125755,0.02476015509824052,0.0208759804296558,0.9,0.6,1.0,17,9.373167642117862,8.590305442387384
30,11,0.35031989179232986,0.5030947854411005,0.3270983347508556,0.20793043596810507,0.2214982231818508,0.13122413213003464,0.0248769518764552,0.0212173903264779,0.9,0.6,1.0,18,8.832690537933466,8.706163037457811
30,12,0.3187130514602571,0.455542234050782,0.29859427033926067,0.19537977058311465,0.3096239312395625,0.16794746799496105,0.00262910251899695,0.00288294955813262,0.9,0.6,1.0,20,7.9710050339223475,7.995682886496437
30,13,0.3194992306260738,0.4744290368181953,0.3196473499332269,0.20503982943586394,0.16051587137601153,0.1695533213608328,0.00264073833134931,0.00289861439766825,0.9,0.6,1.0,22,7.863409529086522,9.194440274910631
30,14,0.31265379077249145,0.48324853001805784,0.33310423995070265,0.23796699470145408,0.16003660551073362,0.16813709407161878,0.0023274950462526403,0.00210808133360359,0.9,0.6,1.0,31,7.165871339390646,4.934893256329663
30,15,0.3015203528400903,0.48691638544057303,0.34213631531110017,0.24781049776510794,0.20785975181631905,0.16144637534133477,0.0031051992460732598,0.00212527881449804,0.9,0.6,1.0,32,7.1885757325639,6.231717390143934
30,16,0.29881625616691854,0.4823342250092225,0.3393360459122574,0.25071549292973067,0.1637035701338933,0.155624325062337,0.00469987470333536,0.00640245062123624,0.9,0.6,1.0,34,13.080947798477592,10.259107809708842
30,17,0.2750251796948845,0.44584770410975416,0.314102020036795,0.24443896134555854,0.3237361993027302,0.14982565069556178,0.00405228895639011,0.00442174195974178,0.9,0.6,1.0,35,12.682715957403436,5.630217354655677
30,18,0.26226308243885404,0.43183402226997497,0.30113375342108595,0.24937037457120276,0.13881191858082917,0.13685113341862498,0.00344976469030604,0.00513146613988339,0.9,0.6,1.0,37,12.377004589061968,7.207200324836262
30,19,0.25766904377253547,0.40530797111459643,0.2756870672462845,0.23753116224551762,0.17531052871388106,0.13475379944222865,0.0038068332053447598,0.00603288086313052,0.9,0.6,1.0,38,9.492047209708772,6.854272323275743
30,20,0.32566131391786574,0.5607959753282679,0.4439329657908165,0.3338414549945437,0.26864490393145724,0.17945323462191295,0.03710507053591683,0.01916655038594576,0.9,0.6,1.0,39,15.721415801176724,8.691843202914837
30,21,0.3009520517506575,0.5118181433363592,0.39765720678392447,0.32808721962293763,0.21975184831327876,0.1718661628055293,0.02668287339713047,0.01319183428492764,0.9,0.6,1.0,41,13.333901498174905,10.691010974481806
30,22,0.32092302894949043,0.5289781596250283,0.41708061478340425,0.35071295815545894,0.24597102406931076,0.18604209821648424,0.03614885478241723,0.01772671201172482,0.9,0.6,1.0,42,15.408427705647336,16.84410830741513
30,23,0.3154416176542276,0.5393488363148159,0.4310330840765438,0.35727395666458234,0.23083185023532382,0.1811445990044538,0.03640106832615162,0.01857056436883485,0.9,0.6,1.0,43,15.093616037335432,9.180510467960069
30,24,0.31453689153298725,0.533473534295012,0.4287742865168727,0.3672301051264449,0.2651901072220308,0.18604209821648424,0.03614885478241723,0.017726712011724828,0.9,0.6,1.0,44,15.04092797890046,17.764803626216814
30,25,0.3198085106392702,0.5136118476526736,0.41193902244463093,0.3704115876887763,0.2962182595351757,0.18984988653919296,0.03755172741363883,0.02435090815101153,0.9,0.6,1.0,45,15.658458785934284,9.804061948693407
30,26,0.3230010651207256,0.5036418373929487,0.41091209631708747,0.37146291614256444,0.3029009653847885,0.19803353510143873,0.04204523801877755,0.02728704115673458,0.9,0.6,1.0,47,16.51795028689898,26.544302837764217
30,27,0.3169313454893781,0.5086365465810185,0.4224836253115779,0.40105965464096194,0.30681667151246317,0.19693200728967641,0.04197707416775491,0.02722239771761444,0.9,0.6,1.0,48,15.995142978088458,27.03661747612976
30,28,0.31654172302462513,0.5261648785058256,0.44213558763417915,0.4116579501656171,0.23273145453558178,0.19693200728967644,0.04197707416775492,0.02722239771761444,0.9,0.6,1.0,50,15.907034041576887,27.321770959176398
30,29,0.28840100554172454,0.46855002936753826,0.38974844590687807,0.38951026671439304,0.26489581139634827,0.18276465237857006,0.03507565815988535,0.02290706171641769,0.9,0.6,1.0,52,15.684499883614222,10.169670560588322
30,30,0.28435287837698875,0.45655038064909653,0.38265328769460066,0.39642688593040903,0.24862135242672692,0.18417731219108127,0.03501150550036838,0.022270047006340242,0.9,0.6,1.0,54,15.597602307983315,8.498039714622056
30,31,0.27084878822947733,0.4551351153875194,0.38686941035717887,0.4042119400321093,0.220082250705702,0.17989208673148638,0.03023373417043876,0.01905849948600741,0.9,0.6,1.0,57,14.892272107832412,8.419466238986162
30,32,0.27253488134748627,0.4746860000593472,0.40854849765432266,0.4362595620380492,0.2023849789037301,0.18411392402029475,0.020745151749909062,0.022986410390121,0.9,0.6,1.0,62,14.450984116365726,10.342255855546163
30,33,0.28306033127100744,0.5217366558069205,0.45938407755337446,0.48158286502130704,0.21320727533960684,0.18692248511481904,0.03524657504025467,0.022564628336480062,0.9,0.6,1.0,66,15.381906218639912,10.524289452025196
30,34,0.2964122292847678,0.5350519518069148,0.47272154344883577,0.4949516558883934,0.22549841681011867,0.18761937344765273,0.037117608727000526,0.03418708586068016,0.9,0.6,1.0,68,17.06301928458832,10.887467467075384
30,35,0.2968519572982893,0.5521386271314288,0.49265679554610087,0.5078712789421841,0.24445767876242547,0.1880041409980141,0.03865527304930721,0.03433827995152365,0.9,0.6,1.0,69,17.44669499151421,10.16417494496972
30,36,0.29147546691955784,0.5239267342485983,0.4652721994479569,0.48814984242650555,0.24447495695170998,0.1785745274843058,0.05454283786160422,0.03018740723906673,0.9,0.6,1.0,71,17.170337978765215,9.88066292048569
30,37,0.290767231349333,0.5403345764200367,0.4842399720019615,0.5118184820531518,0.23020128834988682,0.1785745274843058,0.0545428378616042,0.03018740723906673,0.9,0.6,1.0,73,17.571001992481534,9.265715288796342
30,38,0.28144556782397806,0.5267251796725282,0.4731433961908612,0.5083642302515101,0.25719475952580584,0.17700461449944,0.051166240721804514,0.02647017428620021,0.9,0.6,1.0,74,16.380012684172566,9.583467428549142
30,39,0.2790641889195671,0.5224756413422422,0.4699772060684453,0.5262765578098095,0.2237275596718175,0.17758591669928955,0.038950512499937126,0.0318091668516831,0.9,0.6,1.0,76,16.173414415094236,9.718253847479597
30,40,0.2918508750328758,0.5648182011819175,0.5200971940205906,0.5461274195153238,0.300803216787701,0.1741685700279361,0.05588576756858386,0.04107582247350242,0.9,0.6,1.0,77,15.84180983640303,9.502770995795547
30,41,0.27564934546361025,0.5438742515461675,0.5018486600104572,0.5436759744523412,0.23188021314671017,0.17224794287095455,0.051937136814341756,0.031152235707620702,0.9,0.6,1.0,80,12.662197805471184,8.725610425653313
30,42,0.274987781810041,0.5601793971438147,0.5207664442889858,0.5556422276494901,0.22441041403245116,0.17251379675631132,0.05203802225628795,0.03088495506770695,0.9,0.6,1.0,82,12.509530534763378,8.655791172309327
30,43,0.2202195308069884,0.5925549968655818,0.5648808278655393,0.5974404989031344,0.16743392885947167,0.14438170616538257,0.01843345796439377,0.02397895028947746,0.9,0.6,1.0,102,12.160510900678196,10.117418090393608
30,44,0.2172999624084806,0.5509893476209392,0.5207389875740853,0.6362780843047089,0.16486218287455812,0.14214629791448224,0.02729707710394546,0.01845518813629491,0.9,0.6,1.0,109,8.850999565944948,8.290903066060709
30,45,0.20699319899566374,0.55804552092692,0.5301738370167134,0.6437805233013999,0.15809751082940993,0.14421885754700445,0.01858294412513099,0.0120012427167149,0.9,0.6,1.0,111,8.854735092725141,8.423654785369097
30,46,0.20699319899566376,0.5395358690328446,0.5099226788473763,0.6552979313183733,0.1529480609683921,0.14421885754700445,0.01858294412513099,0.0120012427167149,0.9,0.6,1.0,113,8.854735092725141,8.423654785369097
30,47,0.2404770806851075,0.589065687182296,0.5625619054327291,0.6955949900975252,0.19489482457567397,0.1786547072945969,0.0259518056377118,0.01112075225292922,0.9,0.6,1.0,116,12.64030695895858,8.97372264631822
30,48,0.2456356802890171,0.612342035708378,0.5877932885354221,0.6990128043628948,0.1961339908893399,0.15076901770685425,0.07201971406708081,0.01389224237262369,0.9,0.6,1.0,117,14.156465762556886,9.881313189251038
30,49,0.21862535111822748,0.5571985073242568,0.5361799943878978,0.6883477452798686,0.2123415575136264,0.13379901541545838,0.05892019595776606,0.01392994753306966,0.9,0.6,1.0,119,12.93118866595484,9.150659366573706
30,50,0.21923145358234764,0.5575894416410447,0.5366877617109647,0.6971215885564849,0.1713378736427058,0.13475556981471704,0.05663019864829898,0.015134138938412539,0.9,0.6,1.0,121,12.922306743973904,9.11345417377546
30,51,0.22017557898111884,0.5584147105582029,0.5375776070572952,0.7062042065399948,0.17190529823602685,0.13629693221194564,0.05302650651867489,0.016900186246802208,0.9,0.6,1.0,123,12.892058600527424,9.189162665870713
30,52,0.21971724323429467,0.5763809916258641,0.5573316252826808,0.7240688762793434,0.17120789533237232,0.1362715390397496,0.05221213874871596,0.01698691258436606,0.9,0.6,1.0,126,12.87171968842586,8.989262289831837
30,53,0.2184822963167426,0.574703061192548,0.5558941205879421,0.7270615629251179,0.17378722845191497,0.13569984839837407,0.05176269062129095,0.01671064584774567,0.9,0.6,1.0,127,13.102676399979572,9.117164843647975
30,54,0.2110317532536793,0.6966702563729799,0.6901330881842067,0.8738381589152815,0.1625885897561566,0.132758295132827,0.05480921222781006,0.010138482116522381,0.9,0.6,1.0,143,13.135734599136176,9.17509638227016
30,55,1.5412597911848418,2.041467753796268,2.038802506386465,2.3288148550414904,1.4977604540745906,0.528340027758162,0.03126615767497755,1.0,0.9,0.6,1.0,152,11.757228250037585,1928638.3092675132
30,56,1.5412597914285389,2.0599774056903435,2.0590536080438864,2.3481017791757206,1.4963274191877487,0.528340027758162,0.03126615767497755,1.0,0.9,0.6,1.0,154,11.757228669419138,1928638.308933676
