Dataset,Run,Method,Weight,Metric,Test_Metric,Spearman
529_pollen,1,MVP,w0.1_0.7_0.7,MSE_Train,MSE_Test_Interpolation,0.8139657444005269
529_pollen,1,MVP,w0.1_0.7_0.7,AIC_Train,MSE_Test_Interpolation,0.606455862977602
529_pollen,1,MVP,w0.1_0.7_0.7,BIC_Train,MSE_Test_Interpolation,0.18919631093544137
529_pollen,1,MVP,w0.1_0.7_0.7,MDL_Train,MSE_Test_Interpolation,-0.06245059288537549
529_pollen,1,MVP,w0.1_0.7_0.7,PSM_Train,MSE_Test_Interpolation,0.380764163372859
529_pollen,1,MVP,w0.1_0.7_0.7,MSE_Train,MSE_Test_Extrapolation,0.5714097496706192
529_pollen,1,MVP,w0.1_0.7_0.7,AIC_Train,MSE_Test_Extrapolation,0.4911725955204216
529_pollen,1,MVP,w0.1_0.7_0.7,BIC_Train,MSE_Test_Extrapolation,0.4596837944664031
529_pollen,1,MVP,w0.1_0.7_0.7,MDL_Train,MSE_Test_Extrapolation,0.2935441370223979
529_pollen,1,MVP,w0.1_0.7_0.7,PSM_Train,MSE_Test_Extrapolation,0.46772068511198944
529_pollen,2,MVP,w0.1_0.7_0.7,MSE_Train,MSE_Test_Interpolation,0.18114973262032086
529_pollen,2,MVP,w0.1_0.7_0.7,AIC_Train,MSE_Test_Interpolation,0.4669117647058824
529_pollen,2,MVP,w0.1_0.7_0.7,BIC_Train,MSE_Test_Interpolation,0.8088235294117647
529_pollen,2,MVP,w0.1_0.7_0.7,MDL_Train,MSE_Test_Interpolation,0.6677807486631017
529_pollen,2,MVP,w0.1_0.7_0.7,PSM_Train,MSE_Test_Interpolation,0.23161764705882354
529_pollen,2,MVP,w0.1_0.7_0.7,MSE_Train,MSE_Test_Extrapolation,0.19986631016042783
529_pollen,2,MVP,w0.1_0.7_0.7,AIC_Train,MSE_Test_Extrapolation,0.3643048128342246
529_pollen,2,MVP,w0.1_0.7_0.7,BIC_Train,MSE_Test_Extrapolation,0.6968582887700535
529_pollen,2,MVP,w0.1_0.7_0.7,MDL_Train,MSE_Test_Extrapolation,0.5528074866310161
529_pollen,2,MVP,w0.1_0.7_0.7,PSM_Train,MSE_Test_Extrapolation,0.1306818181818182
529_pollen,3,MVP,w0.1_0.7_0.7,MSE_Train,MSE_Test_Interpolation,0.2342342342342342
529_pollen,3,MVP,w0.1_0.7_0.7,AIC_Train,MSE_Test_Interpolation,0.35538169748696063
529_pollen,3,MVP,w0.1_0.7_0.7,BIC_Train,MSE_Test_Interpolation,0.7906590801327643
529_pollen,3,MVP,w0.1_0.7_0.7,MDL_Train,MSE_Test_Interpolation,0.5357989568515883
529_pollen,3,MVP,w0.1_0.7_0.7,PSM_Train,MSE_Test_Interpolation,0.3440018966334755
529_pollen,3,MVP,w0.1_0.7_0.7,MSE_Train,MSE_Test_Extrapolation,0.1642958748221906
529_pollen,3,MVP,w0.1_0.7_0.7,AIC_Train,MSE_Test_Extrapolation,0.15410146989094353
529_pollen,3,MVP,w0.1_0.7_0.7,BIC_Train,MSE_Test_Extrapolation,0.85443338074917
529_pollen,3,MVP,w0.1_0.7_0.7,MDL_Train,MSE_Test_Extrapolation,0.6953532479848268
529_pollen,3,MVP,w0.1_0.7_0.7,PSM_Train,MSE_Test_Extrapolation,0.3812233285917496
529_pollen,4,MVP,w0.1_0.7_0.7,MSE_Train,MSE_Test_Interpolation,0.911764705882353
529_pollen,4,MVP,w0.1_0.7_0.7,AIC_Train,MSE_Test_Interpolation,0.904077540106952
529_pollen,4,MVP,w0.1_0.7_0.7,BIC_Train,MSE_Test_Interpolation,0.5093582887700535
529_pollen,4,MVP,w0.1_0.7_0.7,MDL_Train,MSE_Test_Interpolation,0.022393048128342245
529_pollen,4,MVP,w0.1_0.7_0.7,PSM_Train,MSE_Test_Interpolation,0.3452540106951872
529_pollen,4,MVP,w0.1_0.7_0.7,MSE_Train,MSE_Test_Extrapolation,0.33288770053475936
529_pollen,4,MVP,w0.1_0.7_0.7,AIC_Train,MSE_Test_Extrapolation,0.3506016042780749
529_pollen,4,MVP,w0.1_0.7_0.7,BIC_Train,MSE_Test_Extrapolation,0.6006016042780749
529_pollen,4,MVP,w0.1_0.7_0.7,MDL_Train,MSE_Test_Extrapolation,0.553475935828877
529_pollen,4,MVP,w0.1_0.7_0.7,PSM_Train,MSE_Test_Extrapolation,0.5116978609625669
529_pollen,5,MVP,w0.1_0.7_0.7,MSE_Train,MSE_Test_Interpolation,0.6843214756258233
529_pollen,5,MVP,w0.1_0.7_0.7,AIC_Train,MSE_Test_Interpolation,0.8397891963109354
529_pollen,5,MVP,w0.1_0.7_0.7,BIC_Train,MSE_Test_Interpolation,0.3231884057971014
529_pollen,5,MVP,w0.1_0.7_0.7,MDL_Train,MSE_Test_Interpolation,0.04703557312252964
529_pollen,5,MVP,w0.1_0.7_0.7,PSM_Train,MSE_Test_Interpolation,0.09762845849802369
529_pollen,5,MVP,w0.1_0.7_0.7,MSE_Train,MSE_Test_Extrapolation,0.1494071146245059
529_pollen,5,MVP,w0.1_0.7_0.7,AIC_Train,MSE_Test_Extrapolation,0.372859025032938
529_pollen,5,MVP,w0.1_0.7_0.7,BIC_Train,MSE_Test_Extrapolation,0.4631093544137022
529_pollen,5,MVP,w0.1_0.7_0.7,MDL_Train,MSE_Test_Extrapolation,0.3202898550724637
529_pollen,5,MVP,w0.1_0.7_0.7,PSM_Train,MSE_Test_Extrapolation,0.061264822134387345
529_pollen,6,MVP,w0.1_0.7_0.7,MSE_Train,MSE_Test_Interpolation,0.1820557491289199
529_pollen,6,MVP,w0.1_0.7_0.7,AIC_Train,MSE_Test_Interpolation,0.2529616724738677
529_pollen,6,MVP,w0.1_0.7_0.7,BIC_Train,MSE_Test_Interpolation,-0.0318815331010453
529_pollen,6,MVP,w0.1_0.7_0.7,MDL_Train,MSE_Test_Interpolation,-0.2801393728222997
529_pollen,6,MVP,w0.1_0.7_0.7,PSM_Train,MSE_Test_Interpolation,0.035017421602787466
529_pollen,6,MVP,w0.1_0.7_0.7,MSE_Train,MSE_Test_Extrapolation,0.8984320557491292
529_pollen,6,MVP,w0.1_0.7_0.7,AIC_Train,MSE_Test_Extrapolation,0.883275261324042
529_pollen,6,MVP,w0.1_0.7_0.7,BIC_Train,MSE_Test_Extrapolation,0.6337979094076656
529_pollen,6,MVP,w0.1_0.7_0.7,MDL_Train,MSE_Test_Extrapolation,0.4219512195121952
529_pollen,6,MVP,w0.1_0.7_0.7,PSM_Train,MSE_Test_Extrapolation,0.7271777003484322
529_pollen,7,MVP,w0.1_0.7_0.7,MSE_Train,MSE_Test_Interpolation,0.6631514030218933
529_pollen,7,MVP,w0.1_0.7_0.7,AIC_Train,MSE_Test_Interpolation,0.6960838729571384
529_pollen,7,MVP,w0.1_0.7_0.7,BIC_Train,MSE_Test_Interpolation,0.5902559358618563
529_pollen,7,MVP,w0.1_0.7_0.7,MDL_Train,MSE_Test_Interpolation,0.3296330558125193
529_pollen,7,MVP,w0.1_0.7_0.7,PSM_Train,MSE_Test_Interpolation,0.362195497995683
529_pollen,7,MVP,w0.1_0.7_0.7,MSE_Train,MSE_Test_Extrapolation,0.7074313906876349
529_pollen,7,MVP,w0.1_0.7_0.7,AIC_Train,MSE_Test_Extrapolation,0.6925069380203515
529_pollen,7,MVP,w0.1_0.7_0.7,BIC_Train,MSE_Test_Extrapolation,0.6410730804810361
529_pollen,7,MVP,w0.1_0.7_0.7,MDL_Train,MSE_Test_Extrapolation,0.33752698119025587
529_pollen,7,MVP,w0.1_0.7_0.7,PSM_Train,MSE_Test_Extrapolation,0.5427690410114092
529_pollen,8,MVP,w0.1_0.7_0.7,MSE_Train,MSE_Test_Interpolation,0.5647030224455069
529_pollen,8,MVP,w0.1_0.7_0.7,AIC_Train,MSE_Test_Interpolation,0.612997325986549
529_pollen,8,MVP,w0.1_0.7_0.7,BIC_Train,MSE_Test_Interpolation,0.6159144315695649
529_pollen,8,MVP,w0.1_0.7_0.7,MDL_Train,MSE_Test_Interpolation,0.5950085082246171
529_pollen,8,MVP,w0.1_0.7_0.7,PSM_Train,MSE_Test_Interpolation,0.4363503767928045
529_pollen,8,MVP,w0.1_0.7_0.7,MSE_Train,MSE_Test_Extrapolation,0.6768495259703429
529_pollen,8,MVP,w0.1_0.7_0.7,AIC_Train,MSE_Test_Extrapolation,0.7470221213840046
529_pollen,8,MVP,w0.1_0.7_0.7,BIC_Train,MSE_Test_Extrapolation,0.7431326472733165
529_pollen,8,MVP,w0.1_0.7_0.7,MDL_Train,MSE_Test_Extrapolation,0.6810631229235881
529_pollen,8,MVP,w0.1_0.7_0.7,PSM_Train,MSE_Test_Extrapolation,0.5314804310833806
529_pollen,9,MVP,w0.1_0.7_0.7,MSE_Train,MSE_Test_Interpolation,0.6554112554112556
529_pollen,9,MVP,w0.1_0.7_0.7,AIC_Train,MSE_Test_Interpolation,0.5112554112554114
529_pollen,9,MVP,w0.1_0.7_0.7,BIC_Train,MSE_Test_Interpolation,0.548917748917749
529_pollen,9,MVP,w0.1_0.7_0.7,MDL_Train,MSE_Test_Interpolation,0.4712121212121213
529_pollen,9,MVP,w0.1_0.7_0.7,PSM_Train,MSE_Test_Interpolation,0.5010822510822512
529_pollen,9,MVP,w0.1_0.7_0.7,MSE_Train,MSE_Test_Extrapolation,0.7250360750360753
529_pollen,9,MVP,w0.1_0.7_0.7,AIC_Train,MSE_Test_Extrapolation,0.606926406926407
529_pollen,9,MVP,w0.1_0.7_0.7,BIC_Train,MSE_Test_Extrapolation,0.5883116883116885
529_pollen,9,MVP,w0.1_0.7_0.7,MDL_Train,MSE_Test_Extrapolation,0.5025252525252526
529_pollen,9,MVP,w0.1_0.7_0.7,PSM_Train,MSE_Test_Extrapolation,0.6010822510822512
529_pollen,10,MVP,w0.1_0.7_0.7,MSE_Train,MSE_Test_Interpolation,0.25097698653929656
529_pollen,10,MVP,w0.1_0.7_0.7,AIC_Train,MSE_Test_Interpolation,0.24804602692140684
529_pollen,10,MVP,w0.1_0.7_0.7,BIC_Train,MSE_Test_Interpolation,0.33543204515848896
529_pollen,10,MVP,w0.1_0.7_0.7,MDL_Train,MSE_Test_Interpolation,0.05015197568389058
529_pollen,10,MVP,w0.1_0.7_0.7,PSM_Train,MSE_Test_Interpolation,0.1881241858445506
529_pollen,10,MVP,w0.1_0.7_0.7,MSE_Train,MSE_Test_Extrapolation,0.6326530612244898
529_pollen,10,MVP,w0.1_0.7_0.7,AIC_Train,MSE_Test_Extrapolation,0.5656752062527138
529_pollen,10,MVP,w0.1_0.7_0.7,BIC_Train,MSE_Test_Extrapolation,0.5466782457663917
529_pollen,10,MVP,w0.1_0.7_0.7,MDL_Train,MSE_Test_Extrapolation,0.2632435953104646
529_pollen,10,MVP,w0.1_0.7_0.7,PSM_Train,MSE_Test_Extrapolation,0.36137646547980895
529_pollen,11,MVP,w0.1_0.7_0.7,MSE_Train,MSE_Test_Interpolation,0.6299193930772877
529_pollen,11,MVP,w0.1_0.7_0.7,AIC_Train,MSE_Test_Interpolation,0.5353247984826931
529_pollen,11,MVP,w0.1_0.7_0.7,BIC_Train,MSE_Test_Interpolation,0.17591275486012328
529_pollen,11,MVP,w0.1_0.7_0.7,MDL_Train,MSE_Test_Interpolation,0.08108108108108107
529_pollen,11,MVP,w0.1_0.7_0.7,PSM_Train,MSE_Test_Interpolation,0.267425320056899
529_pollen,11,MVP,w0.1_0.7_0.7,MSE_Train,MSE_Test_Extrapolation,0.7437174016121383
529_pollen,11,MVP,w0.1_0.7_0.7,AIC_Train,MSE_Test_Extrapolation,0.6403508771929823
529_pollen,11,MVP,w0.1_0.7_0.7,BIC_Train,MSE_Test_Extrapolation,0.3914177335229966
529_pollen,11,MVP,w0.1_0.7_0.7,MDL_Train,MSE_Test_Extrapolation,0.07942152678994784
529_pollen,11,MVP,w0.1_0.7_0.7,PSM_Train,MSE_Test_Extrapolation,0.5047415836889521
529_pollen,12,MVP,w0.1_0.7_0.7,MSE_Train,MSE_Test_Interpolation,0.6145658263305324
529_pollen,12,MVP,w0.1_0.7_0.7,AIC_Train,MSE_Test_Interpolation,0.6980392156862746
529_pollen,12,MVP,w0.1_0.7_0.7,BIC_Train,MSE_Test_Interpolation,0.6302521008403362
529_pollen,12,MVP,w0.1_0.7_0.7,MDL_Train,MSE_Test_Interpolation,0.2913165266106443
529_pollen,12,MVP,w0.1_0.7_0.7,PSM_Train,MSE_Test_Interpolation,0.3904761904761905
529_pollen,12,MVP,w0.1_0.7_0.7,MSE_Train,MSE_Test_Extrapolation,0.33305322128851544
529_pollen,12,MVP,w0.1_0.7_0.7,AIC_Train,MSE_Test_Extrapolation,0.3593837535014006
529_pollen,12,MVP,w0.1_0.7_0.7,BIC_Train,MSE_Test_Extrapolation,0.6224089635854343
529_pollen,12,MVP,w0.1_0.7_0.7,MDL_Train,MSE_Test_Extrapolation,0.39803921568627454
529_pollen,12,MVP,w0.1_0.7_0.7,PSM_Train,MSE_Test_Extrapolation,0.09887955182072829
529_pollen,13,MVP,w0.1_0.7_0.7,MSE_Train,MSE_Test_Interpolation,0.34693158067034324
529_pollen,13,MVP,w0.1_0.7_0.7,AIC_Train,MSE_Test_Interpolation,0.3698471456271562
529_pollen,13,MVP,w0.1_0.7_0.7,BIC_Train,MSE_Test_Interpolation,0.7078391377703912
529_pollen,13,MVP,w0.1_0.7_0.7,MDL_Train,MSE_Test_Interpolation,0.43360781647402485
529_pollen,13,MVP,w0.1_0.7_0.7,PSM_Train,MSE_Test_Interpolation,0.3588678199994964
529_pollen,13,MVP,w0.1_0.7_0.7,MSE_Train,MSE_Test_Extrapolation,0.3329807861801516
529_pollen,13,MVP,w0.1_0.7_0.7,AIC_Train,MSE_Test_Extrapolation,0.2662990103497771
529_pollen,13,MVP,w0.1_0.7_0.7,BIC_Train,MSE_Test_Extrapolation,0.6228752738535922
529_pollen,13,MVP,w0.1_0.7_0.7,MDL_Train,MSE_Test_Extrapolation,0.4567248369469416
529_pollen,13,MVP,w0.1_0.7_0.7,PSM_Train,MSE_Test_Extrapolation,0.3555941678628088
529_pollen,14,MVP,w0.1_0.7_0.7,MSE_Train,MSE_Test_Interpolation,0.5217456961643009
529_pollen,14,MVP,w0.1_0.7_0.7,AIC_Train,MSE_Test_Interpolation,0.4836907278767744
529_pollen,14,MVP,w0.1_0.7_0.7,BIC_Train,MSE_Test_Interpolation,0.5401691331923889
529_pollen,14,MVP,w0.1_0.7_0.7,MDL_Train,MSE_Test_Interpolation,0.37028088190878894
529_pollen,14,MVP,w0.1_0.7_0.7,PSM_Train,MSE_Test_Interpolation,0.25279371790999694
529_pollen,14,MVP,w0.1_0.7_0.7,MSE_Train,MSE_Test_Extrapolation,0.35155542132286316
529_pollen,14,MVP,w0.1_0.7_0.7,AIC_Train,MSE_Test_Extrapolation,0.3899124131682271
529_pollen,14,MVP,w0.1_0.7_0.7,BIC_Train,MSE_Test_Extrapolation,0.23104802174569616
529_pollen,14,MVP,w0.1_0.7_0.7,MDL_Train,MSE_Test_Extrapolation,0.37496224705527026
529_pollen,14,MVP,w0.1_0.7_0.7,PSM_Train,MSE_Test_Extrapolation,0.10374509211718516
529_pollen,15,MVP,w0.1_0.7_0.7,MSE_Train,MSE_Test_Interpolation,0.4383368569415081
529_pollen,15,MVP,w0.1_0.7_0.7,AIC_Train,MSE_Test_Interpolation,0.4277660324171952
529_pollen,15,MVP,w0.1_0.7_0.7,BIC_Train,MSE_Test_Interpolation,0.2880902043692741
529_pollen,15,MVP,w0.1_0.7_0.7,MDL_Train,MSE_Test_Interpolation,-0.04087385482734319
529_pollen,15,MVP,w0.1_0.7_0.7,PSM_Train,MSE_Test_Interpolation,0.23636363636363636
529_pollen,15,MVP,w0.1_0.7_0.7,MSE_Train,MSE_Test_Extrapolation,0.5671599718111345
529_pollen,15,MVP,w0.1_0.7_0.7,AIC_Train,MSE_Test_Extrapolation,0.5726568005637773
529_pollen,15,MVP,w0.1_0.7_0.7,BIC_Train,MSE_Test_Extrapolation,0.4439746300211416
529_pollen,15,MVP,w0.1_0.7_0.7,MDL_Train,MSE_Test_Extrapolation,0.037350246652572236
529_pollen,15,MVP,w0.1_0.7_0.7,PSM_Train,MSE_Test_Extrapolation,0.39577167019027487
529_pollen,16,MVP,w0.1_0.7_0.7,MSE_Train,MSE_Test_Interpolation,0.5396033186414312
529_pollen,16,MVP,w0.1_0.7_0.7,AIC_Train,MSE_Test_Interpolation,0.5313067150635209
529_pollen,16,MVP,w0.1_0.7_0.7,BIC_Train,MSE_Test_Interpolation,0.3913663469017371
529_pollen,16,MVP,w0.1_0.7_0.7,MDL_Train,MSE_Test_Interpolation,0.29459424423126784
529_pollen,16,MVP,w0.1_0.7_0.7,PSM_Train,MSE_Test_Interpolation,0.3631060409644802
529_pollen,16,MVP,w0.1_0.7_0.7,MSE_Train,MSE_Test_Extrapolation,0.733341975628727
529_pollen,16,MVP,w0.1_0.7_0.7,AIC_Train,MSE_Test_Extrapolation,0.7754731656728029
529_pollen,16,MVP,w0.1_0.7_0.7,BIC_Train,MSE_Test_Extrapolation,0.8883847549909257
529_pollen,16,MVP,w0.1_0.7_0.7,MDL_Train,MSE_Test_Extrapolation,0.8228545501685248
529_pollen,16,MVP,w0.1_0.7_0.7,PSM_Train,MSE_Test_Extrapolation,0.7300362976406535
529_pollen,17,MVP,w0.1_0.7_0.7,MSE_Train,MSE_Test_Interpolation,0.9351351351351351
529_pollen,17,MVP,w0.1_0.7_0.7,AIC_Train,MSE_Test_Interpolation,0.8383526383526384
529_pollen,17,MVP,w0.1_0.7_0.7,BIC_Train,MSE_Test_Interpolation,0.45148005148005155
529_pollen,17,MVP,w0.1_0.7_0.7,MDL_Train,MSE_Test_Interpolation,-0.08365508365508366
529_pollen,17,MVP,w0.1_0.7_0.7,PSM_Train,MSE_Test_Interpolation,0.323037323037323
529_pollen,17,MVP,w0.1_0.7_0.7,MSE_Train,MSE_Test_Extrapolation,0.5742599742599743
529_pollen,17,MVP,w0.1_0.7_0.7,AIC_Train,MSE_Test_Extrapolation,0.6043758043758044
529_pollen,17,MVP,w0.1_0.7_0.7,BIC_Train,MSE_Test_Extrapolation,0.6077220077220078
529_pollen,17,MVP,w0.1_0.7_0.7,MDL_Train,MSE_Test_Extrapolation,0.1842985842985843
529_pollen,17,MVP,w0.1_0.7_0.7,PSM_Train,MSE_Test_Extrapolation,0.24633204633204633
529_pollen,18,MVP,w0.1_0.7_0.7,MSE_Train,MSE_Test_Interpolation,0.7737049028677151
529_pollen,18,MVP,w0.1_0.7_0.7,AIC_Train,MSE_Test_Interpolation,0.829440333024977
529_pollen,18,MVP,w0.1_0.7_0.7,BIC_Train,MSE_Test_Interpolation,0.030758556891766885
529_pollen,18,MVP,w0.1_0.7_0.7,MDL_Train,MSE_Test_Interpolation,-0.020467160037002774
529_pollen,18,MVP,w0.1_0.7_0.7,PSM_Train,MSE_Test_Interpolation,0.654486586493987
529_pollen,18,MVP,w0.1_0.7_0.7,MSE_Train,MSE_Test_Extrapolation,-0.1332099907493062
529_pollen,18,MVP,w0.1_0.7_0.7,AIC_Train,MSE_Test_Extrapolation,-0.09007863089731731
529_pollen,18,MVP,w0.1_0.7_0.7,BIC_Train,MSE_Test_Extrapolation,0.9091119333950047
529_pollen,18,MVP,w0.1_0.7_0.7,MDL_Train,MSE_Test_Extrapolation,0.8096669750231267
529_pollen,18,MVP,w0.1_0.7_0.7,PSM_Train,MSE_Test_Extrapolation,-0.23785846438482888
529_pollen,19,MVP,w0.1_0.7_0.7,MSE_Train,MSE_Test_Interpolation,0.5945993031358886
529_pollen,19,MVP,w0.1_0.7_0.7,AIC_Train,MSE_Test_Interpolation,0.6891415137857961
529_pollen,19,MVP,w0.1_0.7_0.7,BIC_Train,MSE_Test_Interpolation,0.0209939457492576
529_pollen,19,MVP,w0.1_0.7_0.7,MDL_Train,MSE_Test_Interpolation,-0.2789198606271778
529_pollen,19,MVP,w0.1_0.7_0.7,PSM_Train,MSE_Test_Interpolation,0.25156794425087114
529_pollen,19,MVP,w0.1_0.7_0.7,MSE_Train,MSE_Test_Extrapolation,0.7595818815331011
529_pollen,19,MVP,w0.1_0.7_0.7,AIC_Train,MSE_Test_Extrapolation,0.680604556593152
529_pollen,19,MVP,w0.1_0.7_0.7,BIC_Train,MSE_Test_Extrapolation,0.4891328024152755
529_pollen,19,MVP,w0.1_0.7_0.7,MDL_Train,MSE_Test_Extrapolation,0.22543554006968644
529_pollen,19,MVP,w0.1_0.7_0.7,PSM_Train,MSE_Test_Extrapolation,0.6245644599303137
529_pollen,20,MVP,w0.1_0.7_0.7,MSE_Train,MSE_Test_Interpolation,0.7500658761528326
529_pollen,20,MVP,w0.1_0.7_0.7,AIC_Train,MSE_Test_Interpolation,0.8760210803689065
529_pollen,20,MVP,w0.1_0.7_0.7,BIC_Train,MSE_Test_Interpolation,0.8093544137022397
529_pollen,20,MVP,w0.1_0.7_0.7,MDL_Train,MSE_Test_Interpolation,0.4689064558629775
529_pollen,20,MVP,w0.1_0.7_0.7,PSM_Train,MSE_Test_Interpolation,0.3818181818181818
529_pollen,20,MVP,w0.1_0.7_0.7,MSE_Train,MSE_Test_Extrapolation,0.5752305665349143
529_pollen,20,MVP,w0.1_0.7_0.7,AIC_Train,MSE_Test_Extrapolation,0.6386034255599472
529_pollen,20,MVP,w0.1_0.7_0.7,BIC_Train,MSE_Test_Extrapolation,0.7449275362318839
529_pollen,20,MVP,w0.1_0.7_0.7,MDL_Train,MSE_Test_Extrapolation,0.6259552042160738
529_pollen,20,MVP,w0.1_0.7_0.7,PSM_Train,MSE_Test_Extrapolation,0.3461133069828722
529_pollen,21,MVP,w0.1_0.7_0.7,MSE_Train,MSE_Test_Interpolation,0.9238311319990277
529_pollen,21,MVP,w0.1_0.7_0.7,AIC_Train,MSE_Test_Interpolation,0.8549550279555953
529_pollen,21,MVP,w0.1_0.7_0.7,BIC_Train,MSE_Test_Interpolation,0.35321286767684956
529_pollen,21,MVP,w0.1_0.7_0.7,MDL_Train,MSE_Test_Interpolation,-0.011263268778867191
529_pollen,21,MVP,w0.1_0.7_0.7,PSM_Train,MSE_Test_Interpolation,0.4065310752775302
529_pollen,21,MVP,w0.1_0.7_0.7,MSE_Train,MSE_Test_Extrapolation,0.7308159792561381
529_pollen,21,MVP,w0.1_0.7_0.7,AIC_Train,MSE_Test_Extrapolation,0.7329227777327608
529_pollen,21,MVP,w0.1_0.7_0.7,BIC_Train,MSE_Test_Extrapolation,0.5956567539097318
529_pollen,21,MVP,w0.1_0.7_0.7,MDL_Train,MSE_Test_Extrapolation,0.20735758852605138
529_pollen,21,MVP,w0.1_0.7_0.7,PSM_Train,MSE_Test_Extrapolation,0.4436431407503444
529_pollen,22,MVP,w0.1_0.7_0.7,MSE_Train,MSE_Test_Interpolation,0.37754010695187157
529_pollen,22,MVP,w0.1_0.7_0.7,AIC_Train,MSE_Test_Interpolation,0.38242933537051177
529_pollen,22,MVP,w0.1_0.7_0.7,BIC_Train,MSE_Test_Interpolation,0.7851795263559969
529_pollen,22,MVP,w0.1_0.7_0.7,MDL_Train,MSE_Test_Interpolation,0.7152024446142092
529_pollen,22,MVP,w0.1_0.7_0.7,PSM_Train,MSE_Test_Interpolation,0.16210847975553858
529_pollen,22,MVP,w0.1_0.7_0.7,MSE_Train,MSE_Test_Extrapolation,0.7509549274255156
529_pollen,22,MVP,w0.1_0.7_0.7,AIC_Train,MSE_Test_Extrapolation,0.7601222307104659
529_pollen,22,MVP,w0.1_0.7_0.7,BIC_Train,MSE_Test_Extrapolation,0.494576012223071
529_pollen,22,MVP,w0.1_0.7_0.7,MDL_Train,MSE_Test_Extrapolation,0.20947288006111534
529_pollen,22,MVP,w0.1_0.7_0.7,PSM_Train,MSE_Test_Extrapolation,0.5773873185637891
529_pollen,23,MVP,w0.1_0.7_0.7,MSE_Train,MSE_Test_Interpolation,0.8661943319838057
529_pollen,23,MVP,w0.1_0.7_0.7,AIC_Train,MSE_Test_Interpolation,0.879757085020243
529_pollen,23,MVP,w0.1_0.7_0.7,BIC_Train,MSE_Test_Interpolation,0.16417004048582998
529_pollen,23,MVP,w0.1_0.7_0.7,MDL_Train,MSE_Test_Interpolation,-0.30647773279352225
529_pollen,23,MVP,w0.1_0.7_0.7,PSM_Train,MSE_Test_Interpolation,0.3645748987854251
529_pollen,23,MVP,w0.1_0.7_0.7,MSE_Train,MSE_Test_Extrapolation,0.7163967611336033
529_pollen,23,MVP,w0.1_0.7_0.7,AIC_Train,MSE_Test_Extrapolation,0.6360323886639676
529_pollen,23,MVP,w0.1_0.7_0.7,BIC_Train,MSE_Test_Extrapolation,0.4497975708502025
529_pollen,23,MVP,w0.1_0.7_0.7,MDL_Train,MSE_Test_Extrapolation,0.03704453441295547
529_pollen,23,MVP,w0.1_0.7_0.7,PSM_Train,MSE_Test_Extrapolation,0.39676113360323884
529_pollen,24,MVP,w0.1_0.7_0.7,MSE_Train,MSE_Test_Interpolation,0.7675763182238668
529_pollen,24,MVP,w0.1_0.7_0.7,AIC_Train,MSE_Test_Interpolation,0.8222710453283997
529_pollen,24,MVP,w0.1_0.7_0.7,BIC_Train,MSE_Test_Interpolation,0.8011100832562442
529_pollen,24,MVP,w0.1_0.7_0.7,MDL_Train,MSE_Test_Interpolation,0.20952821461609622
529_pollen,24,MVP,w0.1_0.7_0.7,PSM_Train,MSE_Test_Interpolation,0.4350138760407031
529_pollen,24,MVP,w0.1_0.7_0.7,MSE_Train,MSE_Test_Extrapolation,0.6002543940795559
529_pollen,24,MVP,w0.1_0.7_0.7,AIC_Train,MSE_Test_Extrapolation,0.6673219241443109
529_pollen,24,MVP,w0.1_0.7_0.7,BIC_Train,MSE_Test_Extrapolation,0.7979879740980574
529_pollen,24,MVP,w0.1_0.7_0.7,MDL_Train,MSE_Test_Extrapolation,0.3508325624421832
529_pollen,24,MVP,w0.1_0.7_0.7,PSM_Train,MSE_Test_Extrapolation,0.40575855689176693
529_pollen,25,MVP,w0.1_0.7_0.7,MSE_Train,MSE_Test_Interpolation,0.5641711229946524
529_pollen,25,MVP,w0.1_0.7_0.7,AIC_Train,MSE_Test_Interpolation,0.5518048128342247
529_pollen,25,MVP,w0.1_0.7_0.7,BIC_Train,MSE_Test_Interpolation,0.5728609625668449
529_pollen,25,MVP,w0.1_0.7_0.7,MDL_Train,MSE_Test_Interpolation,0.44318181818181823
529_pollen,25,MVP,w0.1_0.7_0.7,PSM_Train,MSE_Test_Interpolation,0.12098930481283422
529_pollen,25,MVP,w0.1_0.7_0.7,MSE_Train,MSE_Test_Extrapolation,0.7927807486631017
529_pollen,25,MVP,w0.1_0.7_0.7,AIC_Train,MSE_Test_Extrapolation,0.7957887700534759
529_pollen,25,MVP,w0.1_0.7_0.7,BIC_Train,MSE_Test_Extrapolation,0.6547459893048129
529_pollen,25,MVP,w0.1_0.7_0.7,MDL_Train,MSE_Test_Extrapolation,0.4695855614973262
529_pollen,25,MVP,w0.1_0.7_0.7,PSM_Train,MSE_Test_Extrapolation,0.4141042780748663
529_pollen,26,MVP,w0.1_0.7_0.7,MSE_Train,MSE_Test_Interpolation,0.8427851140456182
529_pollen,26,MVP,w0.1_0.7_0.7,AIC_Train,MSE_Test_Interpolation,0.9057863145258103
529_pollen,26,MVP,w0.1_0.7_0.7,BIC_Train,MSE_Test_Interpolation,0.36653061224489797
529_pollen,26,MVP,w0.1_0.7_0.7,MDL_Train,MSE_Test_Interpolation,-0.123937575030012
529_pollen,26,MVP,w0.1_0.7_0.7,PSM_Train,MSE_Test_Interpolation,0.24552220888355342
529_pollen,26,MVP,w0.1_0.7_0.7,MSE_Train,MSE_Test_Extrapolation,0.3210084033613445
529_pollen,26,MVP,w0.1_0.7_0.7,AIC_Train,MSE_Test_Extrapolation,0.37642256902761095
529_pollen,26,MVP,w0.1_0.7_0.7,BIC_Train,MSE_Test_Extrapolation,0.7542376950780312
529_pollen,26,MVP,w0.1_0.7_0.7,MDL_Train,MSE_Test_Extrapolation,0.4492196878751501
529_pollen,26,MVP,w0.1_0.7_0.7,PSM_Train,MSE_Test_Extrapolation,0.44451380552220887
529_pollen,27,MVP,w0.1_0.7_0.7,MSE_Train,MSE_Test_Interpolation,0.6594684385382059
529_pollen,27,MVP,w0.1_0.7_0.7,AIC_Train,MSE_Test_Interpolation,0.6697372395046813
529_pollen,27,MVP,w0.1_0.7_0.7,BIC_Train,MSE_Test_Interpolation,0.37737843551797046
529_pollen,27,MVP,w0.1_0.7_0.7,MDL_Train,MSE_Test_Interpolation,-0.1812141347025068
529_pollen,27,MVP,w0.1_0.7_0.7,PSM_Train,MSE_Test_Interpolation,0.14557535487768047
529_pollen,27,MVP,w0.1_0.7_0.7,MSE_Train,MSE_Test_Extrapolation,0.5895499848988222
529_pollen,27,MVP,w0.1_0.7_0.7,AIC_Train,MSE_Test_Extrapolation,0.5439444276653579
529_pollen,27,MVP,w0.1_0.7_0.7,BIC_Train,MSE_Test_Extrapolation,0.413470250679553
529_pollen,27,MVP,w0.1_0.7_0.7,MDL_Train,MSE_Test_Extrapolation,-0.011325883418906675
529_pollen,27,MVP,w0.1_0.7_0.7,PSM_Train,MSE_Test_Extrapolation,0.31697372395046813
529_pollen,28,MVP,w0.1_0.7_0.7,MSE_Train,MSE_Test_Interpolation,0.8016368203549146
529_pollen,28,MVP,w0.1_0.7_0.7,AIC_Train,MSE_Test_Interpolation,0.7186613726602382
529_pollen,28,MVP,w0.1_0.7_0.7,BIC_Train,MSE_Test_Interpolation,0.4875617859168625
529_pollen,28,MVP,w0.1_0.7_0.7,MDL_Train,MSE_Test_Interpolation,0.19293412203225024
529_pollen,28,MVP,w0.1_0.7_0.7,PSM_Train,MSE_Test_Interpolation,0.5193258244874808
529_pollen,28,MVP,w0.1_0.7_0.7,MSE_Train,MSE_Test_Extrapolation,0.3934041001539584
529_pollen,28,MVP,w0.1_0.7_0.7,AIC_Train,MSE_Test_Extrapolation,0.32987602301272184
529_pollen,28,MVP,w0.1_0.7_0.7,BIC_Train,MSE_Test_Extrapolation,0.39453853010290907
529_pollen,28,MVP,w0.1_0.7_0.7,MDL_Train,MSE_Test_Extrapolation,0.6457337330848392
529_pollen,28,MVP,w0.1_0.7_0.7,PSM_Train,MSE_Test_Extrapolation,0.3507819463576696
529_pollen,29,MVP,w0.1_0.7_0.7,MSE_Train,MSE_Test_Interpolation,0.41670698274471857
529_pollen,29,MVP,w0.1_0.7_0.7,AIC_Train,MSE_Test_Interpolation,0.6607805192710854
529_pollen,29,MVP,w0.1_0.7_0.7,BIC_Train,MSE_Test_Interpolation,0.6382841477181098
529_pollen,29,MVP,w0.1_0.7_0.7,MDL_Train,MSE_Test_Interpolation,0.2669730688598613
529_pollen,29,MVP,w0.1_0.7_0.7,PSM_Train,MSE_Test_Interpolation,0.24520238671182065
529_pollen,29,MVP,w0.1_0.7_0.7,MSE_Train,MSE_Test_Extrapolation,0.24891146589259797
529_pollen,29,MVP,w0.1_0.7_0.7,AIC_Train,MSE_Test_Extrapolation,0.6186099016287696
529_pollen,29,MVP,w0.1_0.7_0.7,BIC_Train,MSE_Test_Extrapolation,0.8542976939203354
529_pollen,29,MVP,w0.1_0.7_0.7,MDL_Train,MSE_Test_Extrapolation,0.716819867763264
529_pollen,29,MVP,w0.1_0.7_0.7,PSM_Train,MSE_Test_Extrapolation,0.28309950008063217
529_pollen,30,MVP,w0.1_0.7_0.7,MSE_Train,MSE_Test_Interpolation,0.27257626094835397
529_pollen,30,MVP,w0.1_0.7_0.7,AIC_Train,MSE_Test_Interpolation,0.33856840833585017
529_pollen,30,MVP,w0.1_0.7_0.7,BIC_Train,MSE_Test_Interpolation,-0.03865901540320145
529_pollen,30,MVP,w0.1_0.7_0.7,MDL_Train,MSE_Test_Interpolation,-0.2650256720024162
529_pollen,30,MVP,w0.1_0.7_0.7,PSM_Train,MSE_Test_Interpolation,-0.16430081546360617
529_pollen,30,MVP,w0.1_0.7_0.7,MSE_Train,MSE_Test_Extrapolation,0.8175777710661432
529_pollen,30,MVP,w0.1_0.7_0.7,AIC_Train,MSE_Test_Extrapolation,0.9004832376925401
529_pollen,30,MVP,w0.1_0.7_0.7,BIC_Train,MSE_Test_Extrapolation,0.8677136816671699
529_pollen,30,MVP,w0.1_0.7_0.7,MDL_Train,MSE_Test_Extrapolation,0.7019027484143764
529_pollen,30,MVP,w0.1_0.7_0.7,PSM_Train,MSE_Test_Extrapolation,0.5759589247961341
