Run,Equation_Index,Hybrid_MSE_Train,Hybrid_AIC_Train,Hybrid_BIC_Train,Hybrid_MDL_Train,Hybrid_PSM_Train,Extrapolation_Divergence,Sensitivity_Interpolation,Sensitivity_Extrapolation,Lambda1,Lambda2,Lambda3,Complexity,MSE_Test_Interpolation,MSE_Test_Extrapolation
1,0,0.9860872588749096,1.0073448722867453,1.0055315723212765,1.0062039754133798,0.03191876334541847,0.10198099036541253,0.0004976315866368013,0.0010292899627614073,0.3,0.8,0.9,1,7.917262343281448,17.79251979610061
1,1,0.8932239307881259,0.9507282692687303,0.9482130078408733,0.9485298072547189,0.16466965506973177,0.06666665360954584,0.000109459951608498,0.0002847647989685643,0.3,0.8,0.9,2,7.76597773363217,18.455427322030108
1,2,0.5633506734822991,0.730241811880947,0.7240783329081252,0.7210446421996174,0.7839039939195583,0.10409785937541952,0.0010035846106002096,0.0020929709254190534,0.3,0.8,0.9,3,5.253378772853985,10.315387781718252
1,3,0.4747076911842505,0.6546681051928547,0.6485820852942612,0.6436507291799516,0.18491775628377757,0.11131596889154735,0.004114934517808819,0.009373134710271699,0.3,0.8,0.9,5,4.418695573020231,9.407715002647778
1,4,0.3015533831970046,0.46809104974634874,0.45904079359990974,0.45263652762769196,0.3534186152309834,0.1159683581093554,0.004951617452791034,0.011081122211312584,0.3,0.8,0.9,7,3.409566919806656,5.613820580956887
1,5,0.26781535449641064,0.4214190584934948,0.41149772908509785,0.4057247830463346,0.1474439846688318,0.1333963201356954,0.006444512212701505,0.01416899209959693,0.3,0.8,0.9,9,3.271100255212832,5.666799978125341
1,6,0.2765326288048915,0.4149340479172564,0.40703033175152936,0.3988735132896922,0.28180445619945926,0.14063468485179093,0.022600701541765408,0.05026548470067618,0.3,0.8,0.9,10,2.9539111787190686,4.892107750971742
1,7,0.12485159316590497,0.16080772498176815,0.1492028591960126,0.136261857942025,0.8497334707859322,0.1351796005515097,0.017257320023414676,0.038315791371361076,0.3,0.8,0.9,11,2.176408715995044,2.3412220029753352
1,8,0.1298170865455934,0.15089226647428688,0.1388560169280155,0.12817311596649267,0.19529869424626561,0.14000108952387472,0.023117880860273013,0.05123648980824393,0.3,0.8,0.9,12,2.163591873750396,2.071716515494234
1,9,0.12734217278119989,0.14742690824636906,0.1367861283261838,0.12478777414594697,0.11390678163645043,0.14016028445854484,0.022663602381806622,0.05017938423045716,0.3,0.8,0.9,13,2.1676502544379246,2.064250947549193
1,10,0.12779592868408451,0.1435625119987117,0.13422403204446504,0.1288629061681007,0.11663871437051943,0.14250383215850135,0.023968155287087966,0.053064055950127594,0.3,0.8,0.9,17,2.1696129527289134,1.9376594344377975
1,11,0.12244309738996095,0.13729900674943066,0.1293593401130828,0.12536453472055142,0.10943232693320973,0.1421696322276504,0.022486579080559142,0.04977519312998358,0.3,0.8,0.9,19,2.1473830090608184,1.930518490591276
1,12,0.11723857728928153,0.13304421250678003,0.12940382176842963,0.14520632431755856,0.100772795228231,0.1414542523159385,0.021278006443931533,0.04572564629446763,0.3,0.8,0.9,36,2.1499827301270726,1.9456645565808304
1,13,0.11624306842783133,0.1309798066899555,0.1287338310216789,0.15784372622356585,0.10231591074280255,0.1394963535083224,0.02144845696943686,0.046478664385240016,0.3,0.8,0.9,42,2.134218087040113,1.9747284596276955
1,14,0.11564013606185747,0.1303113131657814,0.12948776018539757,0.16079996791358997,0.1022090685003196,0.13899709508061026,0.0214373094660772,0.0464580198839974,0.3,0.8,0.9,44,2.126754220370536,1.97360437618363
1,15,0.11581657502810527,0.12918438079089936,0.1283246261727099,0.16108585186684016,0.10558400358312581,0.13865654193060095,0.021664471493247715,0.04770079091119236,0.3,0.8,0.9,46,2.119852452081328,1.993429849657688
1,16,0.11684396123400238,0.13007628885426636,0.1292126823770144,0.1707449583489016,0.10337928045918646,0.13979566756950362,0.021704732655101082,0.04854443287461152,0.3,0.8,0.9,48,2.1238304624103077,1.98382027806046
1,17,0.11526488912538023,0.12825996622532074,0.12881420891940093,0.16687869924589532,0.10400096657200915,0.14034969930919566,0.021716716227249414,0.04721192658523617,0.3,0.8,0.9,50,2.116893455098531,1.983766202288057
1,18,0.1153182414747487,0.1293620875647393,0.13421864340855222,0.18026052461123618,0.10262155230493002,0.14024460839476208,0.021440960129568965,0.04787668624887145,0.3,0.8,0.9,57,2.1225366567663086,1.9903661850445529
1,19,0.11526815541451456,0.12768164673304566,0.1282196863810888,0.18756447832476217,0.10300731398264132,0.1379924510581349,0.021985264978630868,0.04826470386318344,0.3,0.8,0.9,59,2.1279408346067665,1.947526067208192
1,20,0.11525112676312789,0.12811787239722244,0.13009295469980958,0.19206869714013566,0.10248662200740616,0.1379924510581349,0.021985264978630868,0.04826470386318344,0.3,0.8,0.9,61,2.1283267661877794,1.947665351640203
1,21,0.11566443849373237,0.12801983369642364,0.1285564015331598,0.20028659126966447,0.10289999939634933,0.1383120030120521,0.021809744000996403,0.048804696865584286,0.3,0.8,0.9,67,2.1250374027346077,1.969596089999552
1,22,0.11424522508962093,0.1266432111312264,0.1286053126334485,0.2046625171099533,0.1030114823521303,0.13881473947510073,0.02165062162396499,0.04757408624492939,0.3,0.8,0.9,69,2.1179657832464738,1.9751930072479744
1,23,0.11562071638482162,0.12799097376055904,0.1299523160630625,0.20288821596891982,0.10333631279804281,0.14027742464771709,0.0218770106806968,0.04843746095253609,0.3,0.8,0.9,70,2.114328835530248,1.9468128610716455
1,24,0.11628391683078107,0.12810791036615302,0.12862971033166054,0.2066127414004531,0.10430198639178143,0.1408686968448093,0.02205434421812549,0.04888093056282576,0.3,0.8,0.9,71,2.127678920969656,1.966352906588108
1,25,0.11629970390900574,0.12885462130158945,0.13224555289368853,0.2189430829856758,0.10423216441271557,0.14016452524533618,0.02233896149289906,0.04906868179085193,0.3,0.8,0.9,75,2.136107069653055,1.9807989825853127
1,26,0.11511127661482032,0.12824015091100166,0.13307137476747538,0.22447410932170525,0.10284591304737423,0.14104232890235952,0.02175957602286527,0.047885685108450676,0.3,0.8,0.9,78,2.110459342642174,1.989793748909828
1,27,0.11672017677671354,0.12884903673344286,0.13222812621153957,0.2217447023256049,0.10781469414154601,0.13943241477188958,0.02213150371187775,0.05033011344478796,0.3,0.8,0.9,79,2.124684140573159,1.9947618139783356
1,28,0.11673901038417077,0.1293155146449182,0.13413149864655086,0.22857453192079222,0.10492387420137717,0.13834598788914537,0.022441841439875525,0.05046084188555378,0.3,0.8,0.9,82,2.1221497172675057,2.0147051292904203
1,29,0.11806411698990954,0.13100036498051928,0.1372503907950287,0.23613134454247808,0.10694276846489503,0.1391214561135311,0.022563430357787094,0.05166571522799313,0.3,0.8,0.9,83,2.1335626899648585,2.003694729648822
1,30,0.11803249535110066,0.13140271354524402,0.1390891521744764,0.2443272919399481,0.10640268381437856,0.1391214561135311,0.022563430357787094,0.05166571522799313,0.3,0.8,0.9,85,2.1295654851808816,2.0044163499172685
1,31,0.11554924530614688,0.12842912509444848,0.1346775768754815,0.24343602212791518,0.1038365466851584,0.13585784777920204,0.022510556498600186,0.05005451158411703,0.3,0.8,0.9,89,2.0988660311563856,2.0213332363009298
1,32,0.11467456868007878,0.12870181604172382,0.13925532150934844,0.275035557989229,0.10323727764167165,0.13947545904767866,0.02194088250353502,0.04862106967673866,0.3,0.8,0.9,108,2.117430077032559,1.9834175061550527
1,33,0.11414528362492946,0.12893870952561506,0.14236241158033558,0.2797349778737298,0.10329052519795502,0.139262243775585,0.021957607384319795,0.04824696323811014,0.3,0.8,0.9,110,2.12221044694743,1.973272247284746
1,34,0.1141600207746844,0.12895146012382108,0.1423750323657833,0.28139232715078566,0.1027920284962831,0.13927275381762566,0.021958655709137687,0.04826030481003018,0.3,0.8,0.9,111,2.122214907221064,1.973485162865657
1,35,0.1144998263252603,0.1282391924199095,0.13878488380705217,0.2810603253750069,0.10377922780397583,0.13984915661569433,0.021950145436720025,0.04854040907960521,0.3,0.8,0.9,112,2.121822529844801,1.964103076732534
1,36,0.11452313797220051,0.12865337934142976,0.1406343726739521,0.286490916738958,0.10376591040033917,0.14034513976041713,0.02191718533810759,0.048502096800240556,0.3,0.8,0.9,113,2.120349076624534,1.96905174081678
1,37,0.11450079993941233,0.12862468278045827,0.1406054630755939,0.2913959541228145,0.10329013152402645,0.14029870077804332,0.02191758799602863,0.04849796648786693,0.3,0.8,0.9,115,2.12078453783137,1.9688401429084603
1,38,0.11440731906123683,0.12899895182196197,0.14241708007956605,0.3006897047719448,0.1031984098249197,0.13985829291918903,0.02191771894952377,0.04854719437142963,0.3,0.8,0.9,118,2.123428183336372,1.9700931814067697
1,39,0.11470212443411973,0.12879857123180552,0.14077862014424233,0.3187156725350525,0.10350550021662872,0.1382244077360189,0.022178265048134343,0.04920477762361195,0.3,0.8,0.9,128,2.114138617385698,1.9751208737790804
1,40,0.11440882940214223,0.12887529558565644,0.14228989606323303,0.3158331427849777,0.10357926132195211,0.1397982586755921,0.022096618716334906,0.0485164871597339,0.3,0.8,0.9,130,2.119625793522814,1.983930937305001
1,41,0.11449671524919983,0.1307637200230652,0.14992563806354728,0.3611621861824577,0.10348703650925677,0.1397378101561927,0.02188490080170803,0.04890801813926314,0.3,0.8,0.9,144,2.111386026861797,1.9605019538276427
1,42,0.11540258856255459,0.1354026415092799,0.16606320461727422,0.4261784747542095,0.10442005729809081,0.1409282680997505,0.021846610047083118,0.04961036338120462,0.3,0.8,0.9,170,2.1008399950645726,1.9653949057968965
1,43,0.11533252738260655,0.13513875853861798,0.16579384012003373,0.4287209198674452,0.10475810174420364,0.14023178044464812,0.0219418345277007,0.0498452159309147,0.3,0.8,0.9,174,2.099778474546821,1.966671316081
1,44,0.1152955025556283,0.13553843967540963,0.16763012879068617,0.43398964876047624,0.1045850397579828,0.14024773726656914,0.021933270855347953,0.049839131186348015,0.3,0.8,0.9,176,2.0992280067158378,1.9679151683943108
2,0,0.8682605465574782,0.9394957937027419,0.9366827337455009,0.9358741404585031,0.02821806088817671,0.08995526872893689,0.0004968581643679568,0.0009266597088903104,0.3,0.8,0.9,1,8.1935586729721,17.654137207166674
2,1,0.5466089356766505,0.7160739818173502,0.709719864781413,0.70640414155207,0.39593420393149587,0.09772787391418052,0.0009844950161177555,0.002071465408590304,0.3,0.8,0.9,3,5.664910420160152,10.315387781718252
2,2,0.4571750101201702,0.6382203694042026,0.6310515567628743,0.6250565791389333,0.32965644620237544,0.1455758049433202,0.01911050024567728,0.04353624341435277,0.3,0.8,0.9,5,4.812525116720372,9.180442140757892
2,3,0.2749508222785014,0.41031580043571786,0.39943719003614964,0.3906011839056635,0.48955572837166167,0.13283418332136035,0.023889521428351136,0.05475576193367705,0.3,0.8,0.9,7,3.4172595639419154,4.907535534809922
2,4,0.1519433445446936,0.2004416792377714,0.1863672710154378,0.17444339507707193,0.43188911940399854,0.1336126661830723,0.022178557990238993,0.05063683718957567,0.3,0.8,0.9,9,2.407633484405741,2.7106659880783885
2,5,0.12479971580489449,0.1440848486972956,0.13057350288143185,0.1191798379352631,0.1925635902605171,0.1272203634419004,0.022548836598023175,0.05163206766664065,0.3,0.8,0.9,11,2.183440433959768,2.0796821379392023
2,6,0.12018042536305705,0.13454593315723218,0.12232002728372125,0.11362932279207218,0.1102540353621674,0.12751694510900946,0.022435881159468596,0.05136088681890166,0.3,0.8,0.9,15,2.1812963253661355,1.9573780557775624
2,7,0.1163458680131711,0.13146493432355466,0.12353258196705652,0.14429809385059442,0.099324586930497,0.1264765374818676,0.02138240249088288,0.04897998211535915,0.3,0.8,0.9,35,2.1763247008389084,1.956616408606961
2,8,0.11825480214026748,0.13329152278665335,0.12535688355865982,0.15018974704761662,0.10157773250688526,0.1259206781510975,0.021679128506811484,0.05109528400265459,0.3,0.8,0.9,36,2.1816113149129674,2.001820924667299
2,9,0.11927319381579045,0.1344651374868075,0.12795915240066358,0.15491959971254504,0.10330042860931644,0.12582419208911633,0.02212139121932933,0.052149201077841545,0.3,0.8,0.9,38,2.176240147123158,1.9820458437782356
2,10,0.11926860364254023,0.134929903447098,0.12986137759150135,0.1590033848668902,0.10239517487360913,0.12582419208911633,0.02212139121932933,0.052149201077841545,0.3,0.8,0.9,40,2.176059939367639,1.9819660208755416
2,11,0.1133917530588617,0.1287363153054703,0.1250831384858927,0.1751062580515345,0.09745647091686374,0.12234245455156519,0.021522170088630454,0.048011774883006245,0.3,0.8,0.9,54,2.153150919420838,1.9202820029876175
2,12,0.11321310144055671,0.12928229349047454,0.1284976363230556,0.19269669407916212,0.09745474978314704,0.12234245455156519,0.021522170088630454,0.048011774883006245,0.3,0.8,0.9,58,2.154551539427346,1.919949192642357
2,13,0.11781997147840556,0.13127258791611018,0.12614223172049202,0.21019379989205764,0.10310472066985032,0.12619334285923264,0.02164070755932851,0.05278602969343314,0.3,0.8,0.9,74,2.1561199978017083,1.9599131158226784
2,14,0.10874634580648287,0.12449857431173598,0.12655382828800837,0.2207756606254681,0.0937376644194754,0.12262114374626529,0.019923975596752682,0.04548787703990719,0.3,0.8,0.9,80,2.169302640646709,1.988488388273548
2,15,0.10715511943219835,0.12153942960580233,0.12355650942660756,0.21260422607249765,0.09705684841689077,0.12194439300431455,0.020119219168723463,0.04496394488892397,0.3,0.8,0.9,82,2.179583262537417,1.9660144137548408
2,16,0.11093412711120737,0.12660455678623941,0.13293040284116997,0.2613819043345109,0.0970873343152505,0.12489366126935506,0.02077334118480472,0.04771942922177497,0.3,0.8,0.9,97,2.171952832463927,1.929866525315052
2,17,0.11014437982452902,0.12527732985493528,0.13158811155019146,0.263923617365743,0.09972881741485931,0.1232578296913103,0.02076609563418953,0.047859428099252255,0.3,0.8,0.9,98,2.166364796135766,1.935258623797036
2,18,0.1087349619776963,0.12286681358691015,0.12772573952684732,0.26671889064215865,0.09866361455038089,0.12155350497044096,0.020357321126540706,0.047680064893804094,0.3,0.8,0.9,99,2.1797904368876506,1.9872988652707029
2,19,0.11049643617940286,0.12459362709927164,0.1308757252016191,0.2742902194970184,0.09830433310230116,0.12499269765483804,0.02032881612614973,0.04895567874203779,0.3,0.8,0.9,105,2.1707323213988574,1.9775053126324564
2,20,0.11019133240827664,0.1244684253760228,0.13218001099865756,0.28248326737633894,0.0985832759481822,0.12469635313993757,0.020663264562396207,0.04867220120542931,0.3,0.8,0.9,107,2.1769420052712003,1.9590661257372737
2,21,0.10912761179587435,0.12481660198317171,0.13684060216037766,0.29909450166302376,0.09669926783203028,0.1258034546627964,0.02033035127895563,0.04742899881469565,0.3,0.8,0.9,117,2.1832942194788933,1.984922546473714
2,22,0.10875587348091995,0.12457062118635909,0.13802245117288628,0.30417358535895767,0.0985761013531411,0.12564260871514207,0.020313753231031396,0.047384675687821814,0.3,0.8,0.9,118,2.1897934330929294,1.9677235469343817
2,23,0.10865879558496028,0.12361717258331967,0.13562101653897893,0.32644404547562805,0.0971483917198473,0.12149300490156714,0.020832311622724142,0.04852631909819599,0.3,0.8,0.9,124,2.152458435431712,1.9955986423452627
2,24,0.10842270539469834,0.1238329862242433,0.13727378011104716,0.34657314445923965,0.0965914467489842,0.12284148952697771,0.020052671430279355,0.04852751364525937,0.3,0.8,0.9,130,2.183695420687429,2.0108462808533543
2,25,0.10967677775093176,0.12563468869740474,0.14193915054961018,0.3719485104652065,0.09832506904112664,0.12347184331572122,0.020501244391371073,0.04965680946367391,0.3,0.8,0.9,142,2.1910308166817787,1.9984341833785428
2,26,0.10949658883503915,0.12591668583289217,0.1436583475165585,0.37968778335704595,0.09796380860490086,0.12360877101608914,0.02065104070172909,0.04928886024467263,0.3,0.8,0.9,144,2.1876325607946208,1.9987875873267
2,27,0.10758077275785893,0.12299074000056007,0.13785555752003065,0.3834501847898528,0.09614363411313995,0.12173208862318197,0.02052109419559221,0.04795245922421039,0.3,0.8,0.9,152,2.1863174387141058,2.003349635923474
2,28,0.11711665338804136,0.13680004724341496,0.1646028576746865,0.4804414595587679,0.10563274816473756,0.12473293413069633,0.02418408397236358,0.05429448910082219,0.3,0.8,0.9,186,2.2375242125722945,1.995405685437729
2,29,0.11708231207695585,0.136641108544963,0.16444041901322684,0.4834164595210917,0.106046756611102,0.1238273687051343,0.024127621982086,0.05471485988171624,0.3,0.8,0.9,188,2.2403249680475064,1.990762935688902
2,30,0.1071524631494718,0.12620666383522625,0.15256770996438557,0.4676001032344433,0.09583064280809703,0.11976228817967638,0.020718415634822504,0.04809222419456913,0.3,0.8,0.9,190,2.193353764041851,1.9808090439272688
2,31,0.10672649896234149,0.12570755165381703,0.15206656081179687,0.45118592203712754,0.0956621310639138,0.11533095692203157,0.021668025875078708,0.04831452918719779,0.3,0.8,0.9,192,2.209080540167108,2.152307003575911
2,32,0.1062979255131625,0.1245958803685851,0.1495114953305065,0.45901006193972416,0.095442719869656,0.11531841179323513,0.021650278233673066,0.04803568610290068,0.3,0.8,0.9,196,2.203066628646484,2.137922235268846
3,0,0.8980647701010759,0.957053594660467,0.9545070199180601,0.9540933389631953,0.02867256732118378,0.09149131530916751,0.0005054532965157193,0.0009120112124677208,0.3,0.8,0.9,1,7.377240538065545,17.654137207166674
3,1,0.5589416548198451,0.7266326736500225,0.7204119288078303,0.7172939398450445,0.41161821305212026,0.1043986008429395,0.00101150739370754,0.002043615622483161,0.3,0.8,0.9,3,5.3774592004439405,10.315387781718252
3,2,0.459442659437114,0.6398963380456484,0.6336901024752716,0.6291207578359164,0.18434946885670614,0.10506703495994182,0.0023962438226978913,0.005140070840314324,0.3,0.8,0.9,5,4.836101466114062,8.208429990778091
3,3,0.275677344806215,0.42174534244254186,0.4128149321003944,0.40350680548179885,0.5142262886990208,0.13231869271904512,0.01685899557981587,0.036957104391488776,0.3,0.8,0.9,7,3.194109259570319,5.478155045377086
3,4,0.12666990728833233,0.1641348810111257,0.1511510340499831,0.13848598155452976,0.5055045886837587,0.13312069983566663,0.017724904409362682,0.03862411026663349,0.3,0.8,0.9,9,2.1163408046156333,2.344703966709336
3,5,0.12794153644192324,0.15472607250390352,0.14285346205010238,0.13060049066510643,0.13349712553570803,0.13401087915404009,0.02163428279411273,0.04714298621198514,0.3,0.8,0.9,11,2.1054242408615447,2.144864143172274
3,6,0.12628472664023951,0.1526110022408641,0.14214876836947557,0.13159818410796395,0.1018424740587755,0.1347835644654038,0.02124485286167189,0.04627216897843749,0.3,0.8,0.9,13,2.082810597801014,2.126393573380616
3,7,0.12177450546581091,0.140160743193229,0.12947188265830656,0.12045651640680986,0.12444973621213799,0.13784141102810057,0.021662508592854457,0.04719893614258679,0.3,0.8,0.9,15,2.0526876147332698,1.9436326568200064
3,8,0.12062168354326966,0.13930490484404,0.13004872625805705,0.12156599246023009,0.10067145121464416,0.1381486771604888,0.021271251414612523,0.04632449689370845,0.3,0.8,0.9,17,2.0333074989608515,1.9330670812353052
3,9,0.12062667976255434,0.13930446033468413,0.13004812434535365,0.12480834212780623,0.10019552307326654,0.13814520204252728,0.021275011575640518,0.04633290511493465,0.3,0.8,0.9,18,2.0334601608142613,1.9330537439211253
3,10,0.12072801265340768,0.13981022978264784,0.1319892970551446,0.12947330721433606,0.10045913017266558,0.13808752869888105,0.02133765263663625,0.04647297887634503,0.3,0.8,0.9,21,2.036109464374942,1.9332224330267005
3,11,0.12090281801574829,0.1404302729253264,0.13404625349246915,0.13173593299611344,0.10069483762310721,0.13801588346939433,0.021416096649867482,0.046648390145227855,0.3,0.8,0.9,22,2.0397079313168334,1.9344682872677996
3,12,0.12146472923537283,0.14050275544956817,0.13268078625787133,0.13438551197154178,0.10112283832701412,0.13741847915522545,0.02169015328591099,0.04724133898256723,0.3,0.8,0.9,25,2.053767147939162,1.9404256230371733
3,13,0.12447013024853996,0.14383661786997437,0.13744792247195686,0.16320093488861281,0.10428063255778691,0.13868860074571795,0.022686686182341848,0.04940415693390918,0.3,0.8,0.9,39,2.049150479095839,1.9243161343327704
3,14,0.1242355720048677,0.14331291503803445,0.1369160812540695,0.17103044356448927,0.1050584416126162,0.13868860074571795,0.022686686182341848,0.04940415693390918,0.3,0.8,0.9,41,2.043066999359315,1.9216737932250372
3,15,0.12423318006432309,0.14378278576673553,0.13882337389752797,0.16962646704864703,0.10423694405288839,0.13868860074571793,0.022686686182341848,0.04940415693390918,0.3,0.8,0.9,42,2.0419184030498423,1.9214002620280304
3,16,0.12346860774769426,0.14127079055868058,0.13911045813903658,0.18023770835380581,0.11083211036414697,0.1379525907780636,0.023122414300540288,0.050827916413676705,0.3,0.8,0.9,45,2.034942231576106,1.9479901625550304
3,17,0.12313178350646241,0.1406851614430601,0.13851780150681142,0.1840096163943077,0.10620747912832067,0.137608756330015,0.02310891455142194,0.05080115685114946,0.3,0.8,0.9,47,2.040593483151598,1.960821131767432
3,18,0.12246705952765845,0.13994767263309313,0.13777822009162533,0.1891816443799779,0.10498887955062143,0.1380609635277084,0.022871978120477143,0.050187007823075974,0.3,0.8,0.9,51,2.0283189394064056,1.9413508079252304
3,19,0.12188922046379486,0.14056216626292758,0.14269898049956375,0.18983293406225926,0.10494137112784384,0.13672027652143984,0.023123003874255282,0.049975905286276705,0.3,0.8,0.9,54,2.042505173477997,1.947014432365593
3,20,0.12479210297440713,0.14245111547185454,0.14171099304732654,0.20169873695289828,0.10756819767266784,0.13844840645137416,0.023552580553320164,0.05229971099208593,0.3,0.8,0.9,57,2.043101011268408,1.95812040303918
3,21,0.12384736920992098,0.14141849781052576,0.14067592183881492,0.2036654691297666,0.10682508186279313,0.13874208140626454,0.023215293234009785,0.05152985042925547,0.3,0.8,0.9,59,2.0260766006574444,1.951332279700258
3,22,0.12217914011918665,0.13931801328014629,0.13856334540733223,0.2030376638079413,0.10773577761158548,0.13743267723493952,0.02281215939646874,0.05085370008952458,0.3,0.8,0.9,60,2.0388643931409267,1.9570335126246687
3,23,0.12297568951529086,0.14010270716470988,0.139347789504795,0.2068269939612781,0.10608834733657248,0.13794539724140864,0.023057343598095113,0.05136045312805245,0.3,0.8,0.9,62,2.02673290396742,1.9461955542823235
3,24,0.12195315018327735,0.1388159458850984,0.13805365831129418,0.20702461624567148,0.10676081382663379,0.1377353222237911,0.022849288072364762,0.05071265872648184,0.3,0.8,0.9,63,2.032453305002269,1.9488702130811548
3,25,0.1236707240704972,0.1425549143401954,0.15039443721812656,0.24299415665334714,0.10798492849342389,0.13689736920924575,0.023763004294390624,0.05281977896672101,0.3,0.8,0.9,76,2.0553741122987828,1.9630586607268128
3,26,0.12353757699048526,0.142279798630239,0.15153982821816292,0.2731782845505407,0.1084112146372602,0.13675825496658478,0.0236102699633065,0.05339594432409041,0.3,0.8,0.9,84,2.0688945396682628,1.9520112919970456
3,27,0.12509874759328923,0.14414451248527657,0.15483738119905738,0.27980192099108,0.11065019138977075,0.13624901940325104,0.023967791254901668,0.055133137883054795,0.3,0.8,0.9,85,2.050605289550354,1.9825778268064105
3,28,0.1199079297288225,0.1364860602589283,0.13998855033868993,0.25290229975127604,0.10465963515899428,0.1314772224656981,0.023645115229803657,0.05132322898770699,0.3,0.8,0.9,90,2.0473938625202,1.9322742536134132
3,29,0.12152865545975011,0.14094297725254118,0.15449465365191783,0.29449862936030813,0.10686865724472212,0.1351362785382469,0.023533430189278122,0.052432406062363206,0.3,0.8,0.9,99,2.105378139801516,2.0374595149445667
3,30,0.12121689872770569,0.13988918269044762,0.153420258475254,0.3017878683131706,0.10767677207538215,0.1358436714298698,0.023553835012727866,0.05247946285592444,0.3,0.8,0.9,104,2.0938430147078844,1.9990864750552493
3,31,0.11934630460926822,0.137532270007104,0.1524742787147167,0.3059970960179249,0.10845215909832713,0.13574544526922402,0.023170345814630518,0.05160948599810857,0.3,0.8,0.9,106,2.0795862812189307,1.9643573800461325
3,32,0.11920488495370048,0.13714369511346383,0.15207874098442042,0.3008058103657594,0.10646495681337037,0.13710371876869992,0.02313437451927108,0.05124577301569239,0.3,0.8,0.9,108,2.0826776245541643,1.9908274828886643
3,33,0.11905512469100989,0.13828316591320589,0.15752697779185723,0.3239405740413128,0.10591024994513101,0.13674333342081227,0.023194204694284144,0.05126419097956158,0.3,0.8,0.9,112,2.0761656128013084,1.9756366237215248
3,34,0.1158638547076293,0.13358660547619153,0.1513642930760667,0.32243517049755843,0.10416258605683705,0.13382478939023562,0.02286242813713372,0.04987495878524052,0.3,0.8,0.9,119,2.0722671772490053,3.03330178426484
3,35,0.10970083883032897,0.12774410127991923,0.14695521148377264,0.36143107416031095,0.0973279219284324,0.1248906038840349,0.022365492086063983,0.04658005887850365,0.3,0.8,0.9,138,2.078658719019366,2.6070989438487207
3,36,0.10966434533825098,0.12765349991758732,0.1482874308406574,0.3719354669184302,0.09915716146233972,0.12442934675262023,0.022467512533784824,0.047057060139294796,0.3,0.8,0.9,140,2.076224983256876,2.6143773017261265
4,0,1.0,1.0,1.0,1.0,0.0,0.0,0.0,0.0,0.3,0.8,0.9,1,8.186979296566404,20.245713382318296
4,1,0.9004320295479094,0.9548290435366664,0.9523784359838877,0.9527909039047765,0.22855137211525325,0.06666570996134115,0.00011030266219440448,0.00023175901061048282,0.3,0.8,0.9,2,7.564179361935779,18.455427322030108
4,2,0.5625129554334006,0.7291497842872301,0.7230039243112825,0.7199967148125902,0.7913046639730533,0.0967717374744306,0.0010069622212392293,0.002050445457028415,0.3,0.8,0.9,3,5.214559777548813,10.315387781718252
4,3,0.47097447636708367,0.6502289884100629,0.642754793488401,0.6384645351838018,0.1745182518832977,0.10348644872892639,0.0024824241935297864,0.005500758006233713,0.3,0.8,0.9,5,4.541536483868197,8.233230282677923
4,4,0.34668377354035235,0.5214473702487503,0.5131612112126465,0.5078886903215948,0.2842953823087092,0.11329998450594744,0.00667168523139084,0.015255200944301644,0.3,0.8,0.9,7,3.65987708553305,6.5245568156142255
4,5,0.20158870747980345,0.3219861066319162,0.3104420048527606,0.30226544369208624,0.3974804557998674,0.13097787985997794,0.00817386071887997,0.018642020858976514,0.3,0.8,0.9,9,2.633829426741419,3.979987400650773
4,6,0.14039857679116846,0.19691531728886758,0.18308945097902823,0.17345460621489522,0.31845662577821104,0.14011486642483745,0.01463366464940217,0.033538095041498864,0.3,0.8,0.9,11,2.113662012760743,2.633537364760082
4,7,0.13473543022515122,0.16716948438066415,0.15403740508401037,0.1450454831339287,0.17789507441820704,0.142752702259227,0.020481646381514805,0.04691093901225237,0.3,0.8,0.9,13,1.9778641864704625,2.158275023854331
4,8,0.13796521876341916,0.1687339616120937,0.15697688181900576,0.14898066314600056,0.11296234173513468,0.14522246092850657,0.022006169453803383,0.05040179203033461,0.3,0.8,0.9,15,1.974869635923316,2.123199102504966
4,9,0.1263908173159829,0.15206569995315766,0.1415848470307697,0.14268914802507757,0.10525721835826238,0.14925438410394748,0.019191301828691804,0.044004313064728,0.3,0.8,0.9,21,1.9248660803933324,1.9640432970646369
4,10,0.126659827962524,0.15184931778992683,0.14135441910666954,0.1468694256729842,0.10184582396900169,0.1500035752498006,0.019351710207899615,0.044365971404719824,0.3,0.8,0.9,23,1.9243039490524425,1.958678861987113
4,11,0.1279985447568909,0.15500431199585757,0.15025734262350768,0.1730958137673487,0.1018719151706296,0.14708733675045504,0.02014935362079469,0.046195802925510066,0.3,0.8,0.9,33,1.9264703316776284,1.9709855081802925
4,12,0.13070087589274385,0.1579655701371515,0.15464997689883025,0.17663972959258745,0.10598115014925964,0.1501080991582332,0.02084850160016324,0.047772108969345015,0.3,0.8,0.9,34,1.934331997738772,1.979358786306699
4,13,0.13069704905077362,0.15748224138264078,0.1527289297411159,0.17805793261875202,0.10471958262885751,0.15010809915823328,0.02084850160016324,0.047772108969345015,0.3,0.8,0.9,36,1.9353105183960235,1.9778971450038008
4,14,0.13003836818935433,0.1549134256473357,0.1501052926377145,0.16881041871947003,0.11689224757538716,0.14910607094420408,0.02127270644151798,0.04877428356722632,0.3,0.8,0.9,37,1.922109422780795,1.9365991234828672
4,15,0.13040713997205797,0.1557025724215399,0.1523304820123371,0.1731635595612145,0.10622110973595723,0.149137092363318,0.0214140955625384,0.04909846202100839,0.3,0.8,0.9,39,1.9222067061514887,1.9343667521351988
4,16,0.13125545793877852,0.15700627382005228,0.15507108675386466,0.18647703302631397,0.10694541617795669,0.1497131715596458,0.021651002108610255,0.04965687797031335,0.3,0.8,0.9,45,1.9211353627139285,1.9242320261184789
4,17,0.13079362004723374,0.1563771776797878,0.15443720383322182,0.1956517643840862,0.10709669055745696,0.1501937650155263,0.021138144311307346,0.04959464938168195,0.3,0.8,0.9,47,1.914670526461128,1.9296849716970972
4,18,0.12938066808274276,0.15383439726120005,0.15043835463185784,0.19075827630920003,0.10957094237575793,0.15035117255902203,0.02128590225936656,0.0484446436305124,0.3,0.8,0.9,48,1.9176981599213572,1.9540604357293745
4,19,0.12974945350904193,0.1549802185798783,0.15445401023708477,0.19522323706839032,0.10726338443502462,0.14787211153853924,0.021371321962926147,0.04976462201288554,0.3,0.8,0.9,49,1.9182256823040809,1.9352755050820305
4,20,0.12828512831484543,0.15171199386938414,0.15113459416069083,0.1964177833577102,0.11681794541316445,0.14880149806923787,0.02127543175011878,0.04956634536908836,0.3,0.8,0.9,50,1.902846921077516,1.965750188832247
4,21,0.12829097960464966,0.15166698805290346,0.15108805117366245,0.19051562534743355,0.10646763315127539,0.15127623214456007,0.021177653124473585,0.04888146851635533,0.3,0.8,0.9,52,1.8904992556832256,1.931970144892063
4,22,0.12719575553395102,0.15095521615863003,0.15181134986913264,0.1951354658600777,0.10556499313969758,0.14934099581367552,0.021301382790757873,0.048283069464110824,0.3,0.8,0.9,54,1.8901442860281443,1.9639335468460888
4,23,0.1249973201796204,0.14599341168899957,0.14677134590383237,0.20045728018961653,0.10936965308840904,0.147128407701153,0.021019822158656602,0.04933046438989024,0.3,0.8,0.9,58,1.900471209656668,2.0256500884295683
4,24,0.1259406710747757,0.1469742938304506,0.14917741920027,0.20852753856574152,0.10791694723552885,0.14730268437041455,0.021467355107849403,0.050315838154164134,0.3,0.8,0.9,60,1.8981823693366195,2.014517073562581
4,25,0.1257347420591854,0.14518482568413973,0.14307087975819843,0.1528124880888703,0.10670115129011243,0.14701274967000294,0.021501795076845073,0.05029471131624322,0.3,0.8,0.9,67,1.9007628130558265,2.014746786996218
4,26,0.1250716162648063,0.14610124152959725,0.14972839143780522,0.22568379250035253,0.10653882728821748,0.1467491853045728,0.02134643745305472,0.0500719252220219,0.3,0.8,0.9,72,1.8994453154226467,2.004210247427892
4,27,0.12497265317216945,0.14587918396621674,0.14950301031230556,0.2206463848383113,0.10687734392849799,0.1467491854289125,0.021346437492039454,0.05007192499312187,0.3,0.8,0.9,73,1.8980309141340623,2.0035421610152597
4,28,0.12582364232600404,0.14801901443933407,0.1559514306186597,0.23743151818838876,0.10752322462740284,0.15031579210105578,0.021269626346020986,0.05001921383234501,0.3,0.8,0.9,75,1.8936558261748135,2.0171006879456232
4,29,0.12405315548403414,0.14523624398490406,0.15029206680607213,0.22913880774830345,0.10576467828378236,0.14624174269545134,0.021100266607498794,0.049615831635008704,0.3,0.8,0.9,76,1.888080930079589,1.9841181518390385
4,30,0.12558969004616172,0.14813515943220856,0.1575017388705512,0.2515369556777065,0.10705539023091762,0.15063813618255023,0.021348941146332574,0.04969316092216918,0.3,0.8,0.9,82,1.8878467035245292,2.0177788971470707
4,31,0.1253593706507933,0.14900059882840236,0.16267054665178132,0.2708028131350559,0.10720262758339447,0.14877791465153545,0.021702224018931373,0.05003782149557063,0.3,0.8,0.9,93,1.896569205226078,2.0139094074072594
4,32,0.12538335360095898,0.14942012023223844,0.16452510992261932,0.27584968727794584,0.10734629342660242,0.14889779738358316,0.021671399017261676,0.05012271776098158,0.3,0.8,0.9,95,1.8960501993661512,2.013680116121545
5,0,0.8718853570009637,0.9423242934919533,0.9395290008890251,0.9387469841130025,0.029901468308924147,0.09566642322355784,0.000511857778564185,0.0008800612433393862,0.3,0.8,0.9,1,8.139561474680471,17.654137207166674
5,1,0.5566112827543783,0.7248693131029692,0.7186072005823797,0.7154275695832495,0.3912241538503837,0.1075097917386563,0.0009959134659233797,0.0020229207074748978,0.3,0.8,0.9,3,5.467369896249309,10.315387781718252
5,2,0.46901927639572,0.6488851922500568,0.6428199212102562,0.6384593946966826,0.16553409158439175,0.10614900838163988,0.0022083170533403534,0.004885415561714989,0.3,0.8,0.9,5,4.57427967349512,8.206376630156079
5,3,0.367599119760246,0.5458548298105175,0.536678607900339,0.5328010581483231,0.21483185211520167,0.11502114019823376,0.0029444050792456896,0.006618136209043765,0.3,0.8,0.9,7,4.0761025958621175,7.29429095331803
5,4,0.23466262549198386,0.3739275909859212,0.36323724832691356,0.3563250541803928,0.36317150595042297,0.13096086203814492,0.007114259852253837,0.016446520794656257,0.3,0.8,0.9,9,3.0447787247603646,4.929989360117955
5,5,0.22935187274543747,0.36843905870035987,0.3577398272751653,0.35250025852179173,0.056649506553886814,0.11669358062037997,0.0068254674473554435,0.015983501293700162,0.3,0.8,0.9,10,2.812341905793324,5.157789595125952
5,6,0.1538062966265606,0.2229861986062322,0.21098792747018602,0.20259109284848065,0.6470783128086178,0.129732379491113,0.015696874552788134,0.036688998512852726,0.3,0.8,0.9,11,2.2016696823274087,2.852881975168947
5,7,0.12404593308997888,0.15648024470995908,0.14334818395798518,0.1407669265406851,0.1295931232076154,0.14224895178981029,0.016568440919698228,0.03867981208971648,0.3,0.8,0.9,17,2.12819278587289,2.1271289288317625
5,8,0.12341549370122637,0.1500830838024983,0.13963062703048224,0.14093027712749634,0.10929244654407641,0.12047967641832694,0.022410291624522075,0.04649412671397893,0.3,0.8,0.9,20,2.05810200575376,2.0409573537432446
5,9,0.12258200145641257,0.14568332447360227,0.1337048401444722,0.13901955964017196,0.1013397352801808,0.14413302870551822,0.018741957723979234,0.043838943468249465,0.3,0.8,0.9,25,2.0604898340041955,2.0181989908217384
5,10,0.12206149312120176,0.14453823210513822,0.13254198042169577,0.1366930208878166,0.1013549868590097,0.14413302870551822,0.018741957723979234,0.043838943468249465,0.3,0.8,0.9,26,2.056012473282862,2.009872963620568
5,11,0.12208391213895411,0.14502924517943094,0.13447015578522892,0.1427127981827452,0.09775334845131395,0.1442167570386503,0.01874299304689371,0.04384082409635788,0.3,0.8,0.9,27,2.056949793843025,2.0095057726853263
5,12,0.12706507803137307,0.14647016411807487,0.13581008894536944,0.14899249751069568,0.1159797449056687,0.14447968288126373,0.021436099035124053,0.050142843482539314,0.3,0.8,0.9,29,2.0371810593809743,1.9312347184151704
5,13,0.1265746424187487,0.1458538793499613,0.1366143660684271,0.14785818222432057,0.10911622274720006,0.14447968288126373,0.021436099035124053,0.050142843482539314,0.3,0.8,0.9,30,2.033142330649975,1.9275308154203887
5,14,0.12882617984442613,0.14968908855435026,0.14619111640571042,0.175116409746351,0.10825403648239915,0.14517720670118917,0.02222498942189986,0.05199779486216387,0.3,0.8,0.9,45,2.038730522646979,1.9232597042132864
5,15,0.11957395754713604,0.13851391839642496,0.1292649986826831,0.16249455512426783,0.09902738425737964,0.14233920000763536,0.018664690640334786,0.04584854495214117,0.3,0.8,0.9,46,2.040495072001597,2.044884937238569
5,16,0.12876194242847105,0.14907071547188694,0.14413276541270675,0.1762683190274969,0.10845917111722334,0.14517720670118922,0.02222498942189986,0.05199779486216387,0.3,0.8,0.9,47,2.038189072643119,1.9226178832562797
5,17,0.11890560424808244,0.13780214930123302,0.12997605969226284,0.1671241469858175,0.09932385047228463,0.14319994096225697,0.01892264932184231,0.04505917585007981,0.3,0.8,0.9,51,2.039883770878927,1.9966261645265253
5,18,0.12389248103954706,0.14314562179662788,0.13675379710276794,0.179205880272726,0.10396162965633743,0.1432917572610035,0.020309612674645816,0.04944286210541904,0.3,0.8,0.9,54,2.020107324379123,1.991137558661932
5,19,0.1248828785023093,0.14338984562229862,0.1355528401143778,0.1330127092349383,0.10503648698768919,0.14475493882727605,0.02126169097976775,0.04945349334534092,0.3,0.8,0.9,71,2.054352547399957,2.002481625756698
5,20,0.12415367796947875,0.14606428464696417,0.15114051358999525,0.2344857434803405,0.10998269629027141,0.1441995497437781,0.021046379237809325,0.049804750170978414,0.3,0.8,0.9,72,2.0337095852688813,1.969729869405916
5,21,0.12474089923115819,0.1467400757621518,0.1532426803421547,0.23502110461696124,0.10637969900202138,0.1438897614399352,0.021663568739309247,0.05035829862168901,0.3,0.8,0.9,76,2.0295287114192644,1.961691564268567
5,22,0.12469158742686973,0.1471048346685805,0.15504331517331432,0.2380838975054329,0.10599731067632545,0.1438897614399352,0.021663568739309247,0.05035829862168901,0.3,0.8,0.9,78,2.029208571871393,1.9617390111831503
5,23,0.12466615117987455,0.14654245743534006,0.15304174772556378,0.2509143120652773,0.10596330955046586,0.14379185120910526,0.021651687748969434,0.050428392983512954,0.3,0.8,0.9,81,2.027825531531261,1.960553692685676
5,24,0.1245065012453043,0.1472870840182557,0.1566602463537492,0.25239380306070275,0.10598916592701028,0.14581644428449864,0.02145969592110031,0.04978809031415481,0.3,0.8,0.9,82,2.034224864859422,1.9827640384008471
5,25,0.12460636820436469,0.14588207847068718,0.15236436942579545,0.25342831538594696,0.10947314630558833,0.14509887785001235,0.02166446740900474,0.05045160679201971,0.3,0.8,0.9,83,2.039855211634044,1.9429333849551735
5,26,0.12568288468013578,0.1421975582466647,0.13857716677937465,0.16481385907304347,0.11262833901450232,0.146976977849828,0.021678872477241113,0.052283899149532506,0.3,0.8,0.9,85,1.9994464940124828,1.9633904465752108
5,27,0.12340990929331434,0.13844778812843112,0.13478593558005336,0.1576898938760279,0.1102219534862768,0.14689624041033528,0.021527833822179848,0.05122292238576519,0.3,0.8,0.9,88,1.985044548121338,1.975190506189924
5,28,0.12254321467339471,0.13749852436011234,0.13383437566789924,0.16044986931959115,0.1066696999841317,0.14642771014951542,0.021322140599342308,0.05067168702143631,0.3,0.8,0.9,94,1.98519374275749,1.9727499293538888
5,29,0.1225067305905162,0.13741591992583205,0.13375064204602682,0.16036402395591082,0.10672290513963317,0.14642771014951542,0.021322140599342308,0.05067168702143631,0.3,0.8,0.9,96,1.983850744401154,1.9761593634313424
5,30,0.12299573721016939,0.1378506937167484,0.135607865662564,0.1643519225475608,0.10901615719862544,0.14702833008912244,0.021335705762340826,0.05146741901203827,0.3,0.8,0.9,98,1.978339996105764,1.977375266107308
5,31,0.12173844226763947,0.1417086450574205,0.15812433249877428,0.35284954676555,0.10727926169151147,0.14303944501468246,0.022169430084032122,0.05158791819872612,0.3,0.8,0.9,128,1.9955297532045029,1.988209162830014
5,32,0.1226403414635843,0.1385839989793963,0.14349319063625773,0.2221230555969097,0.10833835326040489,0.14465186839180627,0.02216602868136772,0.052251470062471925,0.3,0.8,0.9,135,1.994569247211911,1.9978771895328948
5,33,0.12180139882038163,0.1377076343235224,0.1426158446973687,0.22124410902687405,0.10741663478894685,0.14298432583063628,0.022204052061752497,0.05187403169287449,0.3,0.8,0.9,138,2.0022651345960787,1.9841788010547448
5,34,0.12159475932979587,0.13749497596758958,0.14240300112106852,0.2241683132441848,0.10717692757909165,0.14143376427405616,0.022143109177655298,0.0522206294984252,0.3,0.8,0.9,139,2.0045480840283574,1.980704155409341
5,35,0.12039039180274463,0.14282785711729568,0.1692824442530587,0.42563787750559834,0.1066425263875081,0.14039759008457048,0.021798418245985073,0.05204819810209034,0.3,0.8,0.9,153,1.9999620370846611,2.051797077399776
5,36,0.11967381964042145,0.14232452122175585,0.1702094383021532,0.43001396285980714,0.10613870904450931,0.13987331838996486,0.02178532047029537,0.05166579648105337,0.3,0.8,0.9,159,1.9994447139835616,1.9986515668853284
5,37,0.12337213007206335,0.14450409050425733,0.16807382512906638,0.42923527723681987,0.11019400160746189,0.14162759273208841,0.022840527704131156,0.054332926178086716,0.3,0.8,0.9,160,2.0288201123232548,2.012724482925916
5,38,0.11931860096848895,0.14133343458218148,0.16920064876178487,0.4377535133125923,0.10912099099138767,0.14047353626502737,0.02174668685597336,0.05165597114448786,0.3,0.8,0.9,161,2.010016264802645,2.0082772062976235
5,39,0.12055849966144855,0.142951994228993,0.17225408427920216,0.4621713358775272,0.10742346711773158,0.1402018651212563,0.02207675245827878,0.05291431205848433,0.3,0.8,0.9,168,2.031910906629672,1.9948094316080385
5,40,0.12041820886377741,0.14240055018852818,0.17169129837822789,0.46337393036846203,0.10986503010816553,0.13995214175883064,0.02207367728986318,0.053199435492363716,0.3,0.8,0.9,169,2.0339788309819,1.9905453676298843
5,41,0.11988171101928669,0.1416977331428809,0.17098391686192932,0.46216430801267744,0.10727440582517919,0.1397413238626139,0.02213846474466646,0.052759411961703105,0.3,0.8,0.9,175,2.018263019652026,1.992980870985639
5,42,0.1198863555194043,0.14162630592039044,0.17091047143936983,0.46910712000474464,0.10728844682098557,0.14009306903763452,0.0221708089719924,0.05268409881847556,0.3,0.8,0.9,179,2.0197752391765684,2.0059713798283867
5,43,0.11947965323166013,0.1404070080153078,0.16966855404035658,0.47309665855801997,0.10971210897524016,0.139869531912517,0.022237772839051973,0.05294612675729569,0.3,0.8,0.9,181,2.019892276467421,2.0096815412799485
5,44,0.11835773921750392,0.13991567215823836,0.17204360000067984,0.5032748641663274,0.10682994217467534,0.13903984775657036,0.022321122098944178,0.052176242547624936,0.3,0.8,0.9,187,2.012169988393114,1.9935286865928827
6,0,0.8835827765798789,0.949223017214173,0.9465337280729016,0.9459086497134304,0.02999901626375798,0.09565349694638206,0.0005123486489322885,0.0009923202896639258,0.3,0.8,0.9,1,7.816928532984808,17.654137207166674
6,1,0.5545043066112206,0.7229983703678249,0.7167186569421798,0.7135128674970288,0.4031870231663631,0.10477706606725756,0.001005132052304456,0.0021010873971322804,0.3,0.8,0.9,3,5.505332068469404,10.315387781718252
6,2,0.4613556780292749,0.6418024412773394,0.6355979183726767,0.6310312415784003,0.17987551300573443,0.11145642485453973,0.0023226289415033186,0.005065467294951899,0.3,0.8,0.9,5,4.831351420815246,8.205969981573652
6,3,0.298017622574173,0.46424877189768604,0.455174479853618,0.44873482257404723,0.3414052741898282,0.1145896270827517,0.004332448522867039,0.009530166694149135,0.3,0.8,0.9,7,3.6233465181282414,5.719435462053656
6,4,0.27631915569340415,0.4135811704672011,0.4042080064605788,0.39444376975352907,0.28517402864559127,0.1365411218727906,0.023588718068002917,0.05205670987372852,0.3,0.8,0.9,9,2.882788305101755,4.714355900177361
6,5,0.1278145229665447,0.15927239553609107,0.14753548146332035,0.1343988368258986,0.48651428221316717,0.1265291562328031,0.020759138626549326,0.045795569659286973,0.3,0.8,0.9,11,2.050174265380882,2.1890488218837416
6,6,0.1312734779437661,0.15861894469995372,0.14818620948166228,0.14038290676320297,0.10776178247645427,0.13064477950251538,0.022995465900675235,0.050676137527134894,0.3,0.8,0.9,17,2.018606264164698,2.0743445557636764
6,7,0.12160253078162889,0.14451784523695252,0.1325339535599634,0.12192897001805791,0.10270444582413321,0.1308953162906991,0.020682405237102727,0.04561016985851555,0.3,0.8,0.9,21,2.0160214189200705,1.985662503895492
6,8,0.1234668107962831,0.14920734138558694,0.14727183024036392,0.1738850767086233,0.09932098631039965,0.12975397758395016,0.02162978026177987,0.04768575605300474,0.3,0.8,0.9,38,2.0129865385832466,2.0854881199211768
6,9,0.1234470404894238,0.14918103376750075,0.14724528176787122,0.17533692989609723,0.09917207346390394,0.1298511247496874,0.02162153852931524,0.047644875424568675,0.3,0.8,0.9,39,2.012666735316085,2.056821752889194
6,10,0.12313079548693528,0.14852040184792106,0.14799880456390868,0.17675281549232538,0.10429542010427395,0.13085482602672255,0.021639531826542376,0.04769828123638251,0.3,0.8,0.9,40,2.0125121921396305,2.077280076010412
6,11,0.12269542119146659,0.1480378037255106,0.14751492889646792,0.18227782077309881,0.09937653931856,0.12977061421365177,0.02161790212611011,0.04763859920858353,0.3,0.8,0.9,41,2.007828716774338,2.0578623311140283
6,12,0.12260309324920451,0.14719975098343857,0.14665546952554656,0.17988451291251908,0.10180907274370235,0.1298890623809491,0.021625387733777483,0.04817570752772747,0.3,0.8,0.9,43,2.0176829650170647,2.0417781714125427
6,13,0.12237145427674417,0.1477807192313055,0.150107689595813,0.18794076498768456,0.0997087374365663,0.12963217552120088,0.021639715223749974,0.04811757765152697,0.3,0.8,0.9,47,2.0163965826774617,2.057522792102985
6,14,0.12390016806233825,0.14987643954904697,0.15506785698193717,0.2119357305549415,0.10160120862483762,0.12949491520184206,0.021971462551877874,0.04991832297835493,0.3,0.8,0.9,56,2.0275623333064146,2.0721016967369947
6,15,0.12385217649197142,0.15024537415966144,0.15687235180486564,0.21794676228897356,0.10152244419074788,0.12949491519668277,0.021971461537675513,0.04991832285435039,0.3,0.8,0.9,58,2.026891902560249,2.066207279253271
6,16,0.12258840390981185,0.1494355856249544,0.15749961519704211,0.2159313547430621,0.10023150614805494,0.12570003843713531,0.022560844774156954,0.04927466752642542,0.3,0.8,0.9,59,2.0222226015413947,2.0202510879054656
6,17,0.12348887575391818,0.1503090986909698,0.1583723690633389,0.21680293886047486,0.10118491183450329,0.12720047741695548,0.02267067013831882,0.04970212584356277,0.3,0.8,0.9,60,2.0168829752181465,2.049409888831226
6,18,0.12236939981245575,0.1507665564279685,0.16457077450347884,0.2401444878582897,0.10036491546972542,0.12896381932645865,0.022648152168036787,0.04818649947514165,0.3,0.8,0.9,70,2.026358246750794,2.05564772257184
6,19,0.12505483209070167,0.15283807085343248,0.16520083016118617,0.24593500659172804,0.10378496556408048,0.12754413782067833,0.023645334904250106,0.05088379531579775,0.3,0.8,0.9,71,2.042654496806508,2.0462308850705195
6,20,0.11786470465795429,0.141302662000651,0.14072558637099267,0.22499829613669198,0.09597301975585895,0.1297989284113396,0.020388396216737353,0.04510065694311827,0.3,0.8,0.9,74,2.004000751217087,1.9532760309560395
6,21,0.12085468393147991,0.1440611965097603,0.14490173869579764,0.24441757374447623,0.09982227163125981,0.1300448592904592,0.021640868983095373,0.04787122035407172,0.3,0.8,0.9,84,2.0010272676249627,1.937054688799095
6,22,0.11502821418273096,0.14159100134233638,0.15534324080877837,0.32027396868434044,0.09455905238766632,0.12977728805695177,0.019900800566039812,0.04386874358425649,0.3,0.8,0.9,108,2.00460372080978,1.9642954839785705
6,23,0.11701982950963527,0.14135164319983212,0.1493443803656514,0.3251914590409634,0.09691537398132193,0.12794633287368676,0.020850065627431486,0.04614651758994952,0.3,0.8,0.9,114,1.998477617367032,1.945085864212635
6,24,0.1192407878232192,0.1449131206529728,0.15864020408010257,0.33247969121818977,0.09981362149630416,0.13082666682609392,0.021362532072725413,0.04770399180322493,0.3,0.8,0.9,120,1.9960495453459244,2.0270085069403483
6,25,0.11412178551679873,0.13873571046841604,0.14958477440848927,0.3413758124980896,0.09456102035572067,0.128546812859714,0.0200947181484398,0.04400045586207026,0.3,0.8,0.9,122,2.0081397213790244,1.9565623471240472
6,26,0.11425274251160787,0.1390268889413892,0.1513045604351822,0.35202630293288223,0.09553964471917417,0.1275738811369585,0.020260431127521208,0.044606444630943494,0.3,0.8,0.9,124,2.0123922893912924,1.9586617567803617
6,27,0.1145574895384026,0.13977529382178983,0.1534895260348827,0.3557185564420374,0.09503988172336487,0.1304816810787916,0.020171298864141346,0.04408338215176859,0.3,0.8,0.9,126,2.00658235544367,1.9509373757585056
6,28,0.11440343654154754,0.1383566986106109,0.14918695760002604,0.36298492856448716,0.0968927624660508,0.12763464655410106,0.020345765445643635,0.044988247094264126,0.3,0.8,0.9,127,2.0102507792439748,1.9531744388657892
6,29,0.11242081060180618,0.13656380116004369,0.15167209700001677,0.3617535468263434,0.09644752633452856,0.12989511485758426,0.019810460701964155,0.043613615008144056,0.3,0.8,0.9,130,2.003771124156996,2.0168237488798635
6,30,0.11704702334816698,0.1407967917281136,0.1558941254206518,0.38162451213672904,0.09933610532250775,0.1315813129742076,0.021354671538788065,0.04717012745574271,0.3,0.8,0.9,137,1.988524237244969,2.0038009697177306
6,31,0.135417186775375,0.15910211488976023,0.17562141669910625,0.39869641431967706,0.12092550442398312,0.13175640579608136,0.02161979568750133,0.06776707272408339,0.3,0.8,0.9,138,1.9896528133170492,2.096746481239152
6,32,0.13729366815174815,0.16129825581088056,0.17925088761402133,0.420272835438473,0.1202622431594278,0.1328359696064511,0.0222854676782383,0.06903858469769591,0.3,0.8,0.9,140,1.9839649191585385,2.0748937412425663
6,33,0.1332786917550604,0.15738575406288507,0.17676553076756307,0.4236564051046935,0.11645414630855436,0.1315271327045434,0.02109763008880753,0.06640006106817867,0.3,0.8,0.9,146,1.993163738003888,2.082693346398971
6,34,0.1330398357537138,0.15739295015145235,0.17820380650171283,0.42567526192387584,0.11669925659399177,0.13171986102098004,0.02105758994067768,0.06630876344810721,0.3,0.8,0.9,148,1.992188287969158,2.0795741952976323
6,35,0.13449060661232104,0.15805149798977794,0.1774159606608958,0.4391683366767927,0.11865566712077918,0.13167371267757758,0.021723272466807057,0.06762483852054006,0.3,0.8,0.9,150,1.9902601255458623,2.0843642383156182
6,36,0.1334416092565145,0.15740477127398886,0.17820477651846275,0.44591715768466805,0.11689170245186611,0.1315033347991514,0.021321138621993672,0.06693789839921019,0.3,0.8,0.9,153,1.9869527070903767,2.0976397884915747
6,37,0.13353133942189108,0.1578629920911745,0.18009756767189908,0.4519848523950866,0.1175395862087047,0.13179777669860065,0.021207243363784375,0.06713481588507202,0.3,0.8,0.9,154,1.990319890675936,2.0669486650907616
6,38,0.13178095528204725,0.1551559823215778,0.17451532508737294,0.4530472097201129,0.11519293299649865,0.13184571927250197,0.020934080031381974,0.06542225017925617,0.3,0.8,0.9,157,1.9867799842108624,2.0716329467614765
6,39,0.13467683731365865,0.15692616715148883,0.17482973694366216,0.45437916884696916,0.12046188613591152,0.1322189768308913,0.02161962064642953,0.06847938593949278,0.3,0.8,0.9,159,1.996896408470444,2.1240131159042543
6,40,0.1319768040582488,0.15704733779758007,0.18357529140015078,0.5073591905774766,0.11592889162501195,0.13141815744167268,0.021092044637997392,0.06624167947349842,0.3,0.8,0.9,173,1.9900868442057984,2.08351347526518
7,0,0.9397171059834193,0.9818283837208873,0.9796245775978691,0.979718309862949,0.03146413529129974,0.10033979532036644,0.0005070988101803978,0.0010627973856061012,0.3,0.8,0.9,1,9.194333446122634,17.79251979610061
7,1,0.8510305623400711,0.9260532852845557,0.9231542114115172,0.9229025648495992,0.1632102296126415,0.06666651765216984,0.00010997617947845695,0.000226167259239553,0.3,0.8,0.9,2,8.93806619792665,18.455427322030108
7,2,0.5343705005614898,0.706373935364793,0.6998083019338347,0.6961794982451622,0.7895591880951008,0.11064284214570821,0.0010051047521842554,0.002043573564419031,0.3,0.8,0.9,3,6.11282754441189,10.315387781718252
7,3,0.4514001105845796,0.6323268658953144,0.6259736755344567,0.6211864532766611,0.16587341883931853,0.11310295811747968,0.0021779049437253084,0.004725228416721929,0.3,0.8,0.9,5,5.13371558832417,8.213445770949994
7,4,0.30040743514113905,0.4660805607430717,0.4569631320415618,0.45045969962178484,0.33513349798524666,0.11768734770691872,0.005607648916163953,0.012470771625067791,0.3,0.8,0.9,7,3.743629508263601,5.775029023952041
7,5,0.2893045123771653,0.45252760106651085,0.44322890455045577,0.43645693619671333,0.08636414386340219,0.11723415575675729,0.004982867141060543,0.011042182943960017,0.3,0.8,0.9,8,3.758391658857264,5.612134423295995
7,6,0.22023506732181547,0.35356393753209403,0.34258988801341067,0.3352575653176166,0.40203032002705197,0.12606659152421157,0.007128945346705279,0.015659163781886094,0.3,0.8,0.9,9,3.3071468221167484,4.84144682822878
7,7,0.20924428865144876,0.33352502369087517,0.3249805558353003,0.31657199415270104,0.11102868506667993,0.12818246643299094,0.009715164701894697,0.021102982793391695,0.3,0.8,0.9,11,3.1035212314901703,4.456853152383856
7,8,0.1758436028410144,0.2799917379225338,0.2692190388344666,0.2615527343974182,0.22537598911122314,0.12585298945023243,0.009008157087890371,0.019903157009485705,0.3,0.8,0.9,12,2.8315420532036866,3.7290868698341217
7,9,0.1489578735307871,0.21363705331060778,0.20007079350929713,0.19274107853377379,0.3627852410520077,0.13040352577157882,0.016172081093927038,0.035490383008627197,0.3,0.8,0.9,13,2.369824103795703,2.839384247758733
7,10,0.13282750190746778,0.17756782240832372,0.1648020561946735,0.1596065467539592,0.13196907860775942,0.126525507081068,0.01797768213090548,0.03997902935799239,0.3,0.8,0.9,16,2.210063047262173,3.171944549891486
7,11,0.15538630846153018,0.19946714394102566,0.1852583729695923,0.18081894072997465,0.1121995765076125,0.13498958460182642,0.025382420800275213,0.05583382128200802,0.3,0.8,0.9,17,2.1328624671271847,2.3735931535802197
7,12,0.12453135239221327,0.15737747135615074,0.14425754898019483,0.14062784609241524,0.1267116393701887,0.1313473464688769,0.01845291385664264,0.04077466238876856,0.3,0.8,0.9,19,2.0927166432285964,2.2439181642023525
7,13,0.13348262613239537,0.16039720138512514,0.1456806338887241,0.14433115872485394,0.12089786545792101,0.1346981017612082,0.02301344956026906,0.050819268638652146,0.3,0.8,0.9,21,2.026242943719588,2.0974773214075544
7,14,0.13348383186982535,0.16050464098668846,0.14721499619531303,0.14743964407367482,0.10597169861321426,0.13454575419586925,0.02314035153658435,0.051109435116290215,0.3,0.8,0.9,23,2.021481002307099,2.084967626454381
7,15,0.12054587845318658,0.14375941920668245,0.13463196511916492,0.14841729579097396,0.10076674885102,0.13335586779269276,0.0202042435018697,0.044645093037272876,0.3,0.8,0.9,30,2.023795527940876,2.0057144409439287
7,16,0.1175574337122822,0.14056915568428674,0.13143585912822647,0.14790092915038042,0.09392486215489596,0.13207510777299816,0.019328469748780185,0.04271644317715704,0.3,0.8,0.9,33,2.0288926600468096,1.9656583488211885
7,17,0.11958990751138118,0.14136598416057486,0.13362161255496163,0.15336281121272527,0.10198938065197094,0.1330968563055318,0.02047474553202956,0.04518889926518424,0.3,0.8,0.9,35,2.014300132104474,1.9410592030109408
7,18,0.11945642868721364,0.14154558445140447,0.13523403297410752,0.16667791522298875,0.09721553199160793,0.1330968578286261,0.0204747472834147,0.045188903041530844,0.3,0.8,0.9,39,2.017778924297243,1.940711399391029
7,19,0.11766953991576015,0.1406569558550493,0.1386430693793446,0.18870671781324058,0.09584565651482121,0.13288904608025992,0.02000465659027142,0.04417251810520482,0.3,0.8,0.9,53,2.0155445533012544,1.9403990831088107
7,20,0.11766101071189647,0.14158834405505227,0.1424492089118936,0.20208581210339327,0.09564084435639533,0.1328890460802599,0.02000465659027142,0.04417251810520482,0.3,0.8,0.9,57,2.016418941386986,1.9403561981463344
7,21,0.1154901881896779,0.1375251497883713,0.13548424625020272,0.1944710281362003,0.09971880964242527,0.13218089607821837,0.019571045793399484,0.04323958967397807,0.3,0.8,0.9,58,2.03730997238746,2.0548352306268405
7,22,0.11531982925980853,0.13762144428338907,0.13701220386892438,0.19851319059494338,0.09483375007168221,0.13218089607821837,0.019571045793399484,0.043239589673978125,0.3,0.8,0.9,60,2.0412994973850616,2.0517151331152004
7,23,0.11700976612528165,0.13881686454932823,0.13819345783357584,0.20887331310069834,0.09775912672476246,0.13218338575011518,0.02006854209510665,0.045122535777767925,0.3,0.8,0.9,62,2.0223617245036367,2.026036531943193
7,24,0.11582156821267381,0.13527228221803567,0.13315838265379407,0.20090874763772787,0.10211340507824408,0.1321594440582498,0.020440675925714493,0.04517380394256273,0.3,0.8,0.9,64,2.018710074345476,1.958423532679309
7,25,0.11333458764940016,0.13198586119908906,0.12984927723453724,0.20052381020761703,0.09712572165780475,0.13267254236925047,0.019741882036516358,0.04357596155338398,0.3,0.8,0.9,66,2.0393861162638878,1.960763897473612
7,26,0.11564876448020411,0.1340928614889806,0.13195050946103573,0.20409500578994197,0.09849345840051352,0.13322490311502222,0.020333037596129894,0.04562282365013982,0.3,0.8,0.9,67,2.0310331826022114,1.9510381862965824
7,27,0.11562685853738011,0.13454255055775766,0.13383782466247857,0.2134131294084015,0.09728465007980472,0.1331644450668848,0.02034081735390756,0.04561466819236881,0.3,0.8,0.9,69,2.03092205565086,1.951153721950189
7,28,0.11639610993243839,0.13447164749649215,0.13231892561871345,0.2088840441727404,0.10044550561318581,0.1331982971268541,0.020950254822576297,0.04624179919017945,0.3,0.8,0.9,70,2.026239006503141,1.9409787956427005
7,29,0.11475921632910965,0.13274931682392505,0.1305943083010811,0.21011306559565485,0.09726187796614433,0.1330121880560749,0.02052248348389201,0.044941308386529134,0.3,0.8,0.9,71,2.0223857613648204,1.9395339484610297
7,30,0.115917846773154,0.13643871220082074,0.14289996764710608,0.235738329770473,0.09880035172753462,0.133030335935343,0.020948192606535236,0.046129318817737575,0.3,0.8,0.9,74,2.026055949070792,1.928292080313684
7,31,0.11587977014182334,0.1354172349477586,0.13900253546875607,0.23383136339126032,0.09836315565355816,0.13293427770513094,0.020938689110871257,0.046156828837866835,0.3,0.8,0.9,75,2.015411434032527,1.9384234836776288
7,32,0.11541542799637002,0.13451156208211823,0.13808444650976204,0.23603209173389586,0.10060367332060496,0.132644884392013,0.02094858965991327,0.04612018014554076,0.3,0.8,0.9,76,2.021910221367227,1.9325283559693975
7,33,0.11601659551649805,0.13323385511885255,0.1324813073286309,0.2240082749233574,0.09989330670773025,0.13451743410256128,0.020962861381140792,0.04655285567226168,0.3,0.8,0.9,79,2.04705310807329,1.972349603700908
7,34,0.11224679139481511,0.13045271236941863,0.13400079288023603,0.24446052553147885,0.09587973163811749,0.1349615800620711,0.0196538264596357,0.04376562996071308,0.3,0.8,0.9,88,2.048332162976474,1.9625952318676123
7,35,0.11438895730979191,0.13116112464114504,0.13324488648872929,0.24345615617091454,0.10400979304302811,0.13308505099512405,0.021071716171656263,0.04635531599313157,0.3,0.8,0.9,89,2.046935577285639,1.971490184947115
7,36,0.11468491012515428,0.13146458494409477,0.13497279717841093,0.2516483635452848,0.10050921633967644,0.13354401430881435,0.020961544507380515,0.04703963057930808,0.3,0.8,0.9,91,2.020835020774286,2.017225997258892
7,37,0.11479075356570795,0.13119409327007645,0.13469182461291054,0.2560576824023285,0.10028924257043692,0.13392156484843298,0.02095421606060003,0.047367416370425824,0.3,0.8,0.9,94,2.009038517571349,2.0231353852321434
7,38,0.11417076136633864,0.13047757720546715,0.13397251215097256,0.25847175012158513,0.09930338623001037,0.1337060024772806,0.020917456766809304,0.04686763200155658,0.3,0.8,0.9,96,2.010765468797687,2.025209519506153
7,39,0.11366188507506361,0.1298321158831922,0.13332332900882396,0.260954114539406,0.09940784763924279,0.1313546764836396,0.020987803590049585,0.04714292062513647,0.3,0.8,0.9,97,2.008450444114772,2.0134443861273152
7,40,0.11359411013188161,0.12956631092698806,0.13305208006826214,0.2622432727787004,0.09927925977550871,0.1317744805201098,0.020982850870004156,0.047104962001567184,0.3,0.8,0.9,99,2.0084576883570104,2.017542779981237
7,41,0.1126715197726266,0.13049226257973742,0.13972653410554833,0.30440164206847153,0.09784808292448349,0.13343055592958777,0.020847682776450313,0.04569353024328769,0.3,0.8,0.9,117,2.0193811204627434,1.9449430973057291
7,42,0.11233668505965744,0.1283134656410224,0.1360721691400591,0.3058930977417338,0.1011756852585873,0.1331523620610921,0.021174578836674167,0.04631478281077007,0.3,0.8,0.9,120,2.0177053786386296,1.9444600820703957
7,43,0.11182613412290164,0.1282764518893066,0.13747267002649968,0.3103149534674581,0.09806199248355468,0.13381257363631055,0.020858923546630753,0.04580951162163096,0.3,0.8,0.9,124,2.032778150174903,1.94092056796276
7,44,0.1123997028114981,0.12832275549096012,0.13608005185863842,0.19519323166926655,0.09870049630134542,0.1334032811549137,0.02115666219244888,0.04636361150788781,0.3,0.8,0.9,135,2.015075372029098,1.939777409788248
7,45,0.11236996237314656,0.12686481147658518,0.1303094994762763,0.18440491446992557,0.09865339560252359,0.13342760437985446,0.02114485266723448,0.04633524476676288,0.3,0.8,0.9,137,2.0159533741611035,1.9354621187083316
8,0,0.8913483107314595,0.953427536180418,0.9508152613735388,0.950304223196967,0.029263047548273205,0.0933094640506844,0.0005138183547992999,0.0009546151658093836,0.3,0.8,0.9,1,7.580472047281876,17.654137207166674
8,1,0.5577048247009121,0.7257249107321547,0.7194802600315224,0.7163265672177278,0.4079628555074435,0.10658292866727408,0.0010062747784199497,0.0020229185974723926,0.3,0.8,0.9,3,5.429451380492499,10.315387781718252
8,2,0.45662466762096054,0.6367234492799827,0.6290460432513649,0.6244548047233897,0.18477748344788633,0.10274366132288688,0.002483644049281899,0.005227828892461482,0.3,0.8,0.9,5,4.92765206944316,8.233230282677923
8,3,0.2984002473412656,0.44176450736835815,0.43128032939055205,0.42302814292360524,0.5506709136135357,0.15907021120375903,0.02464458202824396,0.05217226180045833,0.3,0.8,0.9,7,2.9519044966117525,4.886882129689224
8,4,0.15669818861668686,0.21543042941282947,0.20167434638216122,0.19118234832536996,0.4342657074812386,0.1469374326492929,0.019951819710123588,0.04213598002661976,0.3,0.8,0.9,9,2.1833865098677507,2.8030400128222404
8,5,0.12997539871272465,0.15585141918678797,0.14252867423642954,0.13217002715863402,0.20556907304599356,0.13790963932972614,0.022525976375701338,0.04772019066450025,0.3,0.8,0.9,11,2.029109691424304,2.0815593192136186
8,6,0.13109733674122684,0.15609786004714218,0.1441738635083034,0.1378666593310027,0.10660660271756109,0.14335990032490425,0.02277287640515571,0.04820182905272768,0.3,0.8,0.9,15,2.0219393907284813,2.01135550424254
8,7,0.12402231788785632,0.1490594906126039,0.13856013827391297,0.1342555990709522,0.09876560531178069,0.1407109475896147,0.020585702423233578,0.043578524267075106,0.3,0.8,0.9,18,2.029555182734717,2.0447690640059006
8,8,0.12632566067487216,0.1488524151904292,0.13970536958837632,0.13506375699008483,0.12026267362048637,0.1398844293482879,0.02244184458072276,0.04753566180677815,0.3,0.8,0.9,19,2.0148919774591065,1.97561263332352
8,9,0.11834301291721377,0.13730870019505975,0.12663629260649023,0.127457242547882,0.1017638818840543,0.1376817253871875,0.02067543785040631,0.043791941654315804,0.3,0.8,0.9,23,2.038017715579992,1.936556223570289
8,10,0.1183148482663283,0.13772125829660564,0.12848543019844652,0.13087236231343846,0.09735801841164184,0.1376817253871875,0.02067543785040631,0.043791941654315804,0.3,0.8,0.9,25,2.0400467547740586,1.93641425526228
8,11,0.11727599959776983,0.13645084365002963,0.12720859028449766,0.1318393285518952,0.09775446471030647,0.1363708831168033,0.0205021510969143,0.043438513572562856,0.3,0.8,0.9,26,2.047077787136312,1.9386546496381265
8,12,0.1168756462370556,0.13515785389670346,0.12446603978753537,0.1301644811137231,0.09877368796880105,0.13534935077837598,0.02060514615236792,0.04362033961708095,0.3,0.8,0.9,27,2.046203238120889,1.934309230894229
8,13,0.1174186445229107,0.13611246592102355,0.1268565650523763,0.1342776785138731,0.09712767325659243,0.1344088371703426,0.020923817575219782,0.044311644984226,0.3,0.8,0.9,29,2.054450132586476,1.936028667488653
8,14,0.11780595042386258,0.1372940561604236,0.13090886999775372,0.15105610885494364,0.0976074865581534,0.13518661510524116,0.02103040737440941,0.04452903672573643,0.3,0.8,0.9,35,2.0481123454943546,1.930162845857442
8,15,0.18347280033432978,0.20273332793689158,0.197765796226416,0.22156464023714723,0.16471337543871434,0.13673070513364952,0.031195211925084194,0.10857563362465039,0.3,0.8,0.9,39,2.0435924603574023,1.930193031541869
8,16,0.32473985312139125,0.3442025087186302,0.34066493673848486,0.3667347984682283,0.3059725729453895,0.13659840600140952,0.05374527036345468,0.24578409873560841,0.3,0.8,0.9,41,2.0435725581583166,1.9450127566312925
8,17,0.5340858827089282,0.5542139876838841,0.5535431575573743,0.5942880379234142,0.5149642519307501,0.13617577728132216,0.06612259073375291,0.46778559406394576,0.3,0.8,0.9,49,2.041549694688005,1.98290136153949
8,18,0.3697936787298687,0.389616370387435,0.3889369945713138,0.4311223003589231,0.35115457019595797,0.1369954906780232,0.06113251277724714,0.28967508533380243,0.3,0.8,0.9,53,2.0513114558903243,1.937292287150141
8,19,0.5901953200431633,0.6096358122188502,0.6089457519726299,0.6540216896085809,0.5725272257871414,0.13668319782773458,0.07229120432129023,0.5250931390298097,0.3,0.8,0.9,55,2.048766223043492,1.9909895294547104
8,20,0.6552573867703584,0.6755243251720859,0.679130041087286,0.7395671369888919,0.6372540566034399,0.13628080846229892,0.15405503592003683,0.525374650786729,0.3,0.8,0.9,67,2.083799831839486,1.9859226044946867
8,21,0.6124929131908331,0.6330535688124719,0.6380918090468337,0.7072883977021827,0.594608829180013,0.1361481015651545,0.1639166447513038,0.4692987956318498,0.3,0.8,0.9,71,2.154288156526996,1.9764528467560771
8,22,0.6226438909992209,0.6431808866736927,0.6510668055440975,0.748559308584254,0.6059010323286895,0.13584440868449948,0.16165699511878093,0.4835532248334755,0.3,0.8,0.9,80,2.074357553169361,2.004118735505562
8,23,0.691348894710033,0.7113205829843103,0.717766255499179,0.8150229074702154,0.6742265906404957,0.13603113745865242,0.23180111647459653,0.4975593898393985,0.3,0.8,0.9,83,2.088053694810166,1.9973720610534784
8,24,0.6886537592885794,0.7093952590365146,0.7187111930448583,0.8111502933244743,0.6725431815934352,0.13631592141204943,0.18003062251097446,0.5406480985470999,0.3,0.8,0.9,84,2.072373165164255,1.9910767104751417
8,25,0.6878398801529548,0.7090464362222123,0.7197995234738871,0.8168326673250352,0.6707249769154973,0.13623818017442216,0.17981933426219296,0.539966344489696,0.3,0.8,0.9,86,2.0738184883620505,1.9933987916461804
8,26,0.6371611382069418,0.657120132261524,0.6649898854016816,0.7707165191879777,0.621110567601301,0.13732463303375037,0.16572940407665782,0.4960819353372307,0.3,0.8,0.9,88,2.0761899160010326,1.9940693870879551
8,27,0.6280588457599467,0.6482023150138536,0.6575013978180904,0.7639356964792389,0.6122192849871412,0.13757988071821373,0.16322130595594161,0.4883694086306108,0.3,0.8,0.9,90,2.0763438652296484,1.9789570929752447
8,28,0.6281601183908947,0.6482718926385398,0.6575701422907689,0.7671806570333948,0.6116019167167612,0.13744145167162358,0.16328042090863715,0.48850373637364874,0.3,0.8,0.9,92,2.0788363009645754,1.9841512607994076
8,29,0.733384715311721,0.7538098640883135,0.7645411471326766,0.8798509991953719,0.7173282382286889,0.13731243473133253,0.1924805298050645,0.5796500225706481,0.3,0.8,0.9,94,2.082610201332988,1.99525613948428
8,30,0.7334321416667811,0.7538240317194609,0.7645543796160781,0.8898351158757999,0.716975143329261,0.13725945192959096,0.19250766750800008,0.5797255617770416,0.3,0.8,0.9,99,2.08378268196187,2.0068633995742906
8,31,0.636718199245281,0.6580121578239004,0.6716162386806892,0.8016252797349128,0.6205398510005966,0.137112272730333,0.1657280854769698,0.49616146343031076,0.3,0.8,0.9,100,2.1008791481716647,1.990098163334904
8,32,0.6279871362598917,0.6477702564236232,0.6570593121149557,0.7943998904059829,0.6116676358960585,0.13679015863444716,0.16310659971195376,0.48897282234040124,0.3,0.8,0.9,107,2.068365430821579,2.3039414789737465
8,33,0.6692852072855455,0.6898172817244808,0.7019758578013886,0.8491052727267565,0.6532873997659223,0.16383652206704874,0.2420941870118659,0.4558104998399355,0.3,0.8,0.9,112,2.0975334412795434,2.3299106952624737
8,34,1.2838745787680952,1.3079380965508554,1.331589502817322,1.5330843714410152,1.2679076671441354,0.13826849868250557,0.9944849896116671,0.47865625139527246,0.3,0.8,0.9,144,2.0718094933907563,4.395852086771372
8,35,1.28397691753509,1.3077722793740674,1.3314161952994414,1.5403345804762174,1.268430188081442,0.1372307165072899,0.9947089111029415,0.4791525764877248,0.3,0.8,0.9,150,2.073823062676025,4.424693840116982
8,36,1.2848322929724443,1.3090807287927526,1.3341614275207232,1.5388165827936864,1.269108990282694,0.13804471138512536,0.9949270379428256,0.47965700747562057,0.3,0.8,0.9,152,2.075156948850672,4.426582881357676
8,37,1.2843096323436718,1.3089529992304887,1.335468962588049,1.548377854708209,1.2688180990558895,0.13819381986542162,0.99473112813832,0.4792713628760868,0.3,0.8,0.9,154,2.075143184714593,4.411936778972593
8,38,1.28449105229136,1.3091283729127516,1.3356441510499446,1.5570276294499583,1.268781799931157,0.13841953419187952,0.9947570101634258,0.47937983773266196,0.3,0.8,0.9,158,2.077230686229762,4.423281754303227
8,39,1.2866751047975282,1.3129546957437612,1.3452136256838236,1.594529474795133,1.2712320863439746,0.1374966983740647,0.9961332427003354,0.4811176544711168,0.3,0.8,0.9,179,2.075258646645579,4.431787457512582
8,40,1.2864277721900905,1.3136551746446428,1.3487889389154495,1.6055669217568567,1.2709218936049274,0.13709938688007003,0.996086807302614,0.48101907484518475,0.3,0.8,0.9,182,2.077015528507353,4.441855439796021
8,41,1.287166635040351,1.314825278293641,1.3513954741502807,1.6066271759848796,1.2717524839382748,0.13311105805661289,1.0,0.47972937308037134,0.3,0.8,0.9,186,2.081859464315852,4.53845750674762
9,0,0.8620968303395733,0.9370318102168117,0.9341347918596327,0.9332021487158774,0.031140072145263323,0.09974257552815194,0.0005084412528936893,0.0009006072050030998,0.3,0.8,0.9,1,8.446264485389552,17.654137207166674
9,1,0.5457882015470977,0.7157074615606914,0.7093176338681015,0.7059489447858726,0.39292535860396777,0.10432185002184943,0.000994061144556963,0.002013976871886139,0.3,0.8,0.9,3,5.74153214671758,10.315387781718252
9,2,0.4601465983544797,0.6404934213201418,0.6343152951368922,0.6297879253788374,0.1628385428596088,0.10359085543342487,0.0020999761784661016,0.004549483085783587,0.3,0.8,0.9,5,4.8260286022936265,8.224192427306015
9,3,0.4599784947838295,0.6403529916951817,0.634167856992868,0.6310467217492828,0.03864174832861697,0.10378066760014899,0.002191413971979398,0.004759120432713026,0.3,0.8,0.9,6,4.806533098098206,8.207985514237524
9,4,0.2929749590561023,0.457921950848452,0.44874963655175787,0.44216484294215497,0.6604773139026325,0.11185480220218665,0.004586825628348794,0.010178620111939292,0.3,0.8,0.9,7,3.61336468755794,5.628178033286291
9,5,0.2456155249019927,0.39287359480445744,0.3840063843914694,0.37641191398967294,0.16989768508416836,0.11672000306423665,0.006679998536648762,0.01461006132267838,0.3,0.8,0.9,9,3.205026397159105,4.684400307603794
9,6,0.17842818433409763,0.28234294965037443,0.27156157551279836,0.2642107544667823,0.2625607124076086,0.12404833403751048,0.0102188164722838,0.02267138616781909,0.3,0.8,0.9,11,2.878181096141412,4.036604264338449
9,7,0.15446952621774995,0.24769466302163767,0.23651881937294014,0.22755876043708312,0.13752290118490698,0.11635979627056074,0.009865130643476334,0.015161554736717375,0.3,0.8,0.9,12,2.66519907452522,5.107307515150223
9,8,0.12178914141433142,0.1465648967715573,0.13321038484128622,0.12119232998036863,0.5429486758917378,0.1277452043742719,0.020203491161482037,0.0451131398254229,0.3,0.8,0.9,13,2.175747298619497,2.179550710343159
9,9,0.11648365306238995,0.13423110639043795,0.12067630029095847,0.11322730132290286,0.11622420010955462,0.12938202144571637,0.020218319386804295,0.04514168878915075,0.3,0.8,0.9,15,2.1122519983356445,2.002810230142197
9,10,0.12193056921728918,0.1377404032972396,0.12413075728498346,0.11876987739613792,0.10825976181001401,0.1311790988201432,0.022536626983620942,0.050281155421538624,0.3,0.8,0.9,17,2.1290632763029675,1.9496073633022373
9,11,0.12138211378519384,0.1373586080877641,0.12517782902831415,0.1211003492419434,0.1032299319591865,0.130878882782611,0.022459749150799846,0.05011687127419812,0.3,0.8,0.9,19,2.1287705379529807,1.9510613144897293
9,12,0.11756337132309369,0.13615385350717207,0.13259166237770656,0.15314317563687996,0.09878968119753359,0.12989818591818475,0.02129607950035096,0.047447406255855716,0.3,0.8,0.9,36,2.082720975919987,1.9309420226605096
9,13,0.11713896365216951,0.13489675695305492,0.13131122467216064,0.15311470058545618,0.100558188958306,0.1299203722621578,0.021371083320841745,0.047645413559908374,0.3,0.8,0.9,39,2.102598646584823,1.9422762750342284
9,14,0.11711948202497113,0.13534521295978877,0.13319678733409573,0.16416812916571774,0.09894891239519196,0.1298655292278964,0.021370366271967513,0.04764930357652418,0.3,0.8,0.9,44,2.104637189523783,1.9422500319429312
9,15,0.11711204397945857,0.1352919562402572,0.13314216939204426,0.1742241240440574,0.09923235804954124,0.12997577190838994,0.021371397031555713,0.04764399054097121,0.3,0.8,0.9,45,2.106332419126887,1.9431387017504764
9,16,0.11543074553317892,0.13160341527568395,0.12939747433316545,0.17045722377928055,0.110457114112404,0.13202622540388562,0.021246287785241496,0.04698367241323426,0.3,0.8,0.9,46,2.130176830340134,2.043130700518935
9,17,0.11512782968519175,0.1317723680331603,0.13100382118837944,0.1745258356864235,0.0985998655318242,0.1319553577962328,0.021141773190948315,0.04676661695911087,0.3,0.8,0.9,48,2.1326470028181874,2.044513728221835
9,18,0.11489599549804091,0.13064444226137295,0.12985080405722887,0.176293238960606,0.10164180956317742,0.13217958491372,0.02125101100664287,0.047126129859467875,0.3,0.8,0.9,50,2.116207421560742,1.975863599755484
9,19,0.11441645171605425,0.12959122926001876,0.12878168472471438,0.1882143651025766,0.09958861759225336,0.13247440480820313,0.021112885430904192,0.047120463127710364,0.3,0.8,0.9,56,2.0792722277031994,1.9495993991155576
9,20,0.11466123180944551,0.13121841438375503,0.1361448276854581,0.20533912009813804,0.10006499716975763,0.13191240871128482,0.021404742026421213,0.047773778699666765,0.3,0.8,0.9,64,2.072960445227609,1.945055476543785
9,21,0.11407146168018514,0.130260494029247,0.13517654652702563,0.21067962827162356,0.10044860853053278,0.13147700101720547,0.02141252460197374,0.04757855082572813,0.3,0.8,0.9,66,2.085763749160402,1.9430615406345224
9,22,0.11401990110911969,0.13107420537239028,0.13886285169111673,0.22495431517438014,0.0998927851006563,0.13204048721373204,0.021318234214422253,0.047490996979029074,0.3,0.8,0.9,67,2.081941049586508,1.9447599016720656
9,23,0.11376387262015213,0.13012926014742487,0.13647444781657486,0.21643044373996861,0.1005410070922153,0.13167404645508637,0.02131628411855802,0.04751653919864934,0.3,0.8,0.9,68,2.0701494303683603,1.946309621974152
9,24,0.11589900241638978,0.13262705331559208,0.1404066724623247,0.22162296477419835,0.10170494001298097,0.12894768833176945,0.022063259455857628,0.050231933699446916,0.3,0.8,0.9,72,2.1076423106754607,1.9802192889785568
9,25,0.11356595070211206,0.13061174164562042,0.13982454231549415,0.2483787170303791,0.09963277989320532,0.1319483732804242,0.021356404865734886,0.047404477269607864,0.3,0.8,0.9,75,2.0879026647940986,1.990946140838916
9,26,0.11532177076441619,0.13281194315336012,0.14346138799359276,0.23871417831343275,0.10114897560722744,0.13246355565046858,0.021945805143591846,0.048686600958806774,0.3,0.8,0.9,80,2.08402619621039,1.9408038926278952
9,27,0.11760570569496784,0.13371220185565597,0.14289892988315178,0.2782457229918832,0.10929144853901512,0.13156103510293435,0.02279617685455128,0.0515576060488666,0.3,0.8,0.9,81,2.105281487697537,1.975306625363309
9,28,0.12020524857755634,0.13648422863258083,0.14710010133021853,0.28580352998984054,0.10780557861528987,0.13190267957191665,0.023554792486329874,0.05391981323340442,0.3,0.8,0.9,83,2.1089369349663625,1.9974959944491637
9,29,0.11364521003592959,0.12969023174825706,0.14029962331805215,0.2622057305414169,0.10075670077634663,0.1318513139052873,0.021798627442673756,0.048411092612431504,0.3,0.8,0.9,90,2.097152010970864,1.935813119477288
9,30,0.11360411564601886,0.1301215058955339,0.14216832865242637,0.26728327017042475,0.10053371670080354,0.13167476846763743,0.021835797400700806,0.04839375822189967,0.3,0.8,0.9,92,2.0991256237094182,1.936961522612201
9,31,0.11275887668420886,0.12955014792736544,0.14302899497635652,0.27477348490028664,0.10021838584056608,0.13174871002633953,0.021620494521352646,0.04779519399329538,0.3,0.8,0.9,95,2.0979789910149527,1.9322464639891288
9,32,0.11291261359998023,0.12942270485196067,0.14289390449615771,0.2779407284276566,0.10097963782279909,0.13084329390931526,0.02179600685972689,0.048354206274994115,0.3,0.8,0.9,97,2.104356056149025,1.929236170512444
9,33,0.11774498998706615,0.1326473594075825,0.14464965714678468,0.28156291734142425,0.10915320900679121,0.1319336280287983,0.023201071068552123,0.0530841760355092,0.3,0.8,0.9,99,2.131130582831045,1.9742329999162835
9,34,0.12019995030511721,0.13438841179649771,0.1449465563663534,0.28524314058295963,0.10990275377158384,0.13100837249662609,0.024710603181867206,0.05498304106697726,0.3,0.8,0.9,100,2.1357869761017643,1.9919653989392083
9,35,0.11720979842032428,0.13219142286611152,0.1456202355538148,0.28755428166209446,0.1065858067434278,0.13058462747341296,0.023437510775804235,0.053067933640006074,0.3,0.8,0.9,101,2.1332370371127265,1.972554096173669
9,36,0.11891089969916482,0.13260155691484385,0.14314598002929618,0.2851007552931198,0.10957536059502829,0.13047938720397143,0.02477055906559892,0.05409935282798819,0.3,0.8,0.9,102,2.138596391687148,2.000385799012101
9,37,0.1164811718416027,0.13054381306553975,0.1425229175578906,0.2861816756983663,0.10559348938335084,0.1293470246725129,0.024197439276333985,0.052374758047597204,0.3,0.8,0.9,104,2.128856647255023,1.9855105030858813
9,38,0.11839208470001611,0.13232438708886446,0.1442998434871996,0.29473319133018766,0.10755463158598913,0.12964906569123136,0.02482238715342363,0.05395273811911837,0.3,0.8,0.9,107,2.137908781580789,2.00619207122106
9,39,0.11499659066457893,0.1296497995126376,0.14449397050869983,0.2983706749460035,0.10539687614547702,0.12848328303421552,0.023588289998701474,0.051861190268329665,0.3,0.8,0.9,108,2.123969441314485,1.970427734506475
9,40,0.11789522064174521,0.13204305946387396,0.14544891048679248,0.30274461057021534,0.10709485865929758,0.13153126516048658,0.024416713224232195,0.05335530393316652,0.3,0.8,0.9,110,2.131139081844413,1.964348233326908
9,41,0.11761107077591729,0.13261812471127535,0.148896430696474,0.3203086740255497,0.10693772732915036,0.12944501419875926,0.02488608655032614,0.05339536954519613,0.3,0.8,0.9,114,2.1356904748234937,1.9974868713840863
9,42,0.11737935862591939,0.1316743424954254,0.14650867148573554,0.32137348465190196,0.10800562887977266,0.12975430154534134,0.024676517370963876,0.05342276224568987,0.3,0.8,0.9,115,2.1420489008781263,1.9882527840781488
9,43,0.1244718159644809,0.13826489687399054,0.15593443322581194,0.34996950987457165,0.1153215958347909,0.13284246970787603,0.02813360555262501,0.058432233076976654,0.3,0.8,0.9,137,2.118160583060994,2.0257061442989803
9,44,0.12424930452567845,0.13823642757265658,0.15733565453052073,0.36829148420224445,0.11513281391503313,0.1329549012281389,0.02816275892048254,0.058358865835012694,0.3,0.8,0.9,145,2.118154353517544,2.0252041215075547
9,45,0.12424930797271325,0.13871186734109728,0.1592487387498761,0.374384471549644,0.1149423241975859,0.13295490111932834,0.028162759247908203,0.05835886580409737,0.3,0.8,0.9,147,2.1181543531116023,2.025204121963587
9,46,0.12424904772471401,0.1396616587228755,0.16307378194412436,0.3890066091125467,0.11493954002126017,0.13295490124602743,0.028162586264279373,0.058358842177928805,0.3,0.8,0.9,152,2.118158274997703,2.0252199207215944
9,47,0.1227708125808928,0.13773230981442258,0.16113203548699762,0.3983488645685603,0.11649056767439304,0.12909474438229684,0.02782016852992945,0.05868768635141302,0.3,0.8,0.9,153,2.118660911090062,2.023530234829394
9,48,0.12177809793522126,0.1361360224014728,0.15809465024825528,0.39671846362830576,0.11356928907716536,0.13001800585794457,0.027492600408071402,0.05767605759992213,0.3,0.8,0.9,154,2.11665971338221,1.9623762919716683
9,49,0.12167154655300338,0.1391471873850283,0.17116280635956738,0.441330074519559,0.11302506397254351,0.13094647797204234,0.027644096470042012,0.05728919204020262,0.3,0.8,0.9,172,2.115682946531486,1.9884701977452663
9,50,0.12256222552549273,0.1397129098012813,0.17171972391355322,0.44883586546374016,0.11502896462612999,0.13135997108425948,0.02776250096203699,0.058308664013911514,0.3,0.8,0.9,174,2.112524026190464,1.9868167687374416
9,51,0.12083377017500094,0.13900989384208395,0.1767428136075499,0.49232367506738794,0.11329885355106603,0.13034125858806117,0.02792794420787351,0.057313984215890436,0.3,0.8,0.9,192,2.126420702497941,1.9959670509032357
9,52,0.12048783127367074,0.13794905623397424,0.17423794337051246,0.488611383548017,0.11421273094027524,0.1302176349753752,0.0279648041768343,0.057138117790193864,0.3,0.8,0.9,193,2.128792364852805,1.990193439805644
9,53,0.12047262661632682,0.1374382077838774,0.17228875572330027,0.48573501037217526,0.11297251527424201,0.13021763512467627,0.027964928222091578,0.05713811021221656,0.3,0.8,0.9,194,2.1246653882663966,1.9904500006329984
9,54,0.12157294242661999,0.13847061508823927,0.1733194226581439,0.4916686511786664,0.11407684451846384,0.13011587769977592,0.027770192434240733,0.058624506967827984,0.3,0.8,0.9,200,2.127804845845952,2.002587183877072
10,0,0.9518795545630805,0.9876163908005922,0.9855354388904768,0.98581136049075,0.029365043141731672,0.0933796041826325,0.0005033939790973246,0.0010538296707378488,0.3,0.8,0.9,1,8.797670190899051,17.79251979610061
10,1,0.8687381961204305,0.936513205084207,0.9337771037141042,0.933766975323116,0.15497428640296934,0.06666462330685288,0.00010909581035740874,0.00022966300341798967,0.3,0.8,0.9,2,8.445607170234739,18.455427322030108
10,2,0.5398463227232708,0.7106339178837013,0.704173186543827,0.7006993685188451,0.7990790040430413,0.10258882203774863,0.0009934320281791283,0.0020060838895427802,0.3,0.8,0.9,3,5.892124503628112,10.315387781718252
10,3,0.4502005550420633,0.6310588082812063,0.624729727543836,0.6199784008350564,0.17133332743547885,0.10326885382527469,0.002218604095248878,0.004834371556026284,0.3,0.8,0.9,5,5.0731978505749336,8.206591484337794
10,4,0.3107459301289666,0.4792096340797795,0.4703154897085739,0.463182060078164,0.31348735621204715,0.10879830803578514,0.006096047893203671,0.013677134508274052,0.3,0.8,0.9,7,3.8786465202966727,6.074251501789232
10,5,0.15666029460640227,0.2101432299007817,0.19622260949282633,0.1835660421540074,0.6198788199033597,0.14959532326011052,0.02091285054919026,0.04624840379571067,0.3,0.8,0.9,9,2.2910108474146207,2.758905882305544
10,6,0.12582035006731704,0.15169452904955777,0.13837164501410112,0.12520444118484056,0.18451146479206118,0.1349667687351843,0.020587413503367364,0.04580941495662896,0.3,0.8,0.9,11,2.126259294311108,2.1642798474581766
10,7,0.13312969522573792,0.15663567459046104,0.14324487802418606,0.13495420701349442,0.11449693135183772,0.1404762312961667,0.023345887289542077,0.051865025321613294,0.3,0.8,0.9,13,2.0918030936527865,2.0690726662235592
10,8,0.13337705664300836,0.15686732606711318,0.14347608510781507,0.1359647921573715,0.10785343131190053,0.1400474886004889,0.02348124521328612,0.052177496818565754,0.3,0.8,0.9,14,2.091707138011677,2.065296401859242
10,9,0.1319063956625952,0.155199747872233,0.1418027291243411,0.1356721841790304,0.10683987679829207,0.14014317259399708,0.02300764191796313,0.051115912074811705,0.3,0.8,0.9,17,2.092648625583742,2.0741856371054777
10,10,0.1192875940850603,0.13778437164144922,0.12567478321895936,0.12382709792611693,0.11363286274133455,0.13856869040176478,0.020212377100127795,0.04495179539078085,0.3,0.8,0.9,19,2.0804435030873787,1.978741428509049
10,11,0.1194164514314287,0.13738973589258338,0.12526534273593615,0.12694640681894825,0.10027467458025538,0.13854339245662053,0.02045061402365885,0.04536573664078487,0.3,0.8,0.9,21,2.0790285348450115,1.964955361069502
10,12,0.1179379687823302,0.1351014634838655,0.12295411770834286,0.1256321000179103,0.10263701858374585,0.1377144664453916,0.020263142767040977,0.044897367071720595,0.3,0.8,0.9,22,2.0679787112099297,1.9546936121104117
10,13,0.11807320977482937,0.1356283210203304,0.1249159431595212,0.12915812652688302,0.0983777503900945,0.13830734032742548,0.020272837449936958,0.04491661025660272,0.3,0.8,0.9,24,2.0662649866271465,1.945725480551756
10,14,0.11791456304657412,0.13516404517650055,0.12444307526438077,0.13222869771320878,0.09999679194635044,0.1386041489632636,0.02025414945809256,0.04493305828622363,0.3,0.8,0.9,25,2.0664646682617698,1.9483673114369024
10,15,0.12851015716069564,0.1458188894412365,0.13652382386176745,0.14628702773577834,0.10955840133691286,0.1460171588733023,0.02373493281567018,0.05151483200214341,0.3,0.8,0.9,31,2.0398407318770824,1.9681993894655023
10,16,0.12930339320205098,0.14481489959646454,0.13404498787415,0.14579805731455397,0.11866051576045006,0.1449222016400335,0.023174265331115204,0.05444229653196326,0.3,0.8,0.9,32,2.042207654985127,1.977435589990202
10,17,0.12929048548534283,0.1452611027625347,0.1359283910981117,0.14954362454405545,0.1110606817827712,0.1449222016400335,0.023174265331115204,0.05444229653196326,0.3,0.8,0.9,34,2.041888286253385,1.9771773170046787
10,18,0.12929018004247037,0.14526040665775145,0.13592766717630864,0.15337403451974024,0.11101620822220606,0.1449222016400335,0.023174265331115204,0.05444229653196326,0.3,0.8,0.9,35,2.041789743759762,1.9771044361519332
10,19,0.12929558882864864,0.14571404244997846,0.13781819749207203,0.1533505849270183,0.11119778968518916,0.14540301291200056,0.0233440603133005,0.05416127011827162,0.3,0.8,0.9,36,2.038177990631172,1.976270440028647
10,20,0.13053881340066997,0.14707075865916436,0.14060219712181715,0.1595535102448834,0.11309606806494063,0.14720103762878975,0.023312127877289555,0.05529371599388346,0.3,0.8,0.9,40,2.0336663308891145,1.9764508718500624
10,21,0.13046055827149675,0.14744855206276963,0.14241720935442395,0.16612119430344596,0.11254865419358684,0.14700940194626738,0.02331005930338183,0.05528961003797684,0.3,0.8,0.9,43,2.033589423496662,1.979988682484553
10,22,0.12787895245988984,0.14375335461195213,0.1372664517409412,0.16293857309575535,0.11413247824000267,0.1423298960395593,0.02475579841915485,0.05326328506336767,0.3,0.8,0.9,44,2.05260812160367,1.980443712605434
10,23,0.12775047639851755,0.1444699548356379,0.140855340930511,0.17381526904816744,0.1104970472907135,0.14205138546501284,0.024761766968171412,0.05330140061203951,0.3,0.8,0.9,50,2.0537582022881606,1.98117732091039
10,24,0.12648827087647127,0.1425840613615523,0.13752766438320316,0.18390194994876966,0.11009823378024061,0.13933802922312133,0.022839032487304237,0.05464401025885242,0.3,0.8,0.9,51,2.047610752513166,1.9745488608742836
10,25,0.1272195305960943,0.14322726933143054,0.1381684095335586,0.17721445352505028,0.11022273748581604,0.14239737560729715,0.02344814211053423,0.05397330378859624,0.3,0.8,0.9,54,2.0497734337464952,2.010949206410132
10,26,0.12762414367613184,0.14452603403557698,0.1423405736200712,0.18488346491783267,0.11061130443183242,0.1455924653329837,0.023522798963872462,0.05334137541992038,0.3,0.8,0.9,57,2.0242137229025983,1.9571267515281785
10,27,0.13031535946815076,0.14595421570030137,0.1408850416866344,0.189999092462712,0.11556094504966472,0.14521950812406265,0.025199831905957547,0.055241799934337164,0.3,0.8,0.9,58,2.047809542930414,1.9790690483411968
10,28,0.1303144606308599,0.14595235942087934,0.14088311122849329,0.19142380612003035,0.11344895083365994,0.14521950812406265,0.025199831905957547,0.055241799934337164,0.3,0.8,0.9,59,2.0480673885057925,1.979267852876221
10,29,0.13031246448934758,0.14642292625436365,0.1427911277937544,0.19450020452732744,0.11345799395922143,0.14521950812406265,0.025199831905957547,0.055241799934337164,0.3,0.8,0.9,60,2.0479307636307347,1.979158666082505
10,30,0.126828708276889,0.1428352340924387,0.13920056550864285,0.18782409701353164,0.11032203769808939,0.14184791068108485,0.02346192984173919,0.05413142749462271,0.3,0.8,0.9,61,2.0506779197532645,2.012895607365984
10,31,0.12996975692988844,0.1456393090456424,0.14199519648741837,0.1965926509655707,0.11571211051293734,0.14539499012047236,0.025374014412648027,0.055036945812829675,0.3,0.8,0.9,62,2.046671589187484,1.9792666544086517
10,32,0.12996975703301367,0.14611451671110728,0.14390779802419074,0.20117027057721734,0.11345132417397619,0.14539499005869744,0.025374014409154818,0.05503694598477694,0.3,0.8,0.9,64,2.0466715919421827,1.979266655048414
10,33,0.13007630015712696,0.14514714828831998,0.14006210480642148,0.17773947063467008,0.11383210730952392,0.14631102298475365,0.0253367737149947,0.054991824473532104,0.3,0.8,0.9,68,2.050431604115282,1.9896064602480337
10,34,0.13005460313670217,0.14540261202420957,0.14174945352288126,0.20459007470834878,0.11392696018924102,0.1424201141373584,0.025123702949361223,0.05662874774571689,0.3,0.8,0.9,74,2.056439167849735,1.980798533753008
10,35,0.13020934517472757,0.14605270433898376,0.14526177908110938,0.20562672707521998,0.11691843970563914,0.14316899007375058,0.0252819120288082,0.056810767681657284,0.3,0.8,0.9,75,2.038990951390108,1.9710628235396837
10,36,0.12982424520057134,0.14561002496803033,0.14481762789884897,0.21239353274505446,0.11413219761687657,0.14306024443161564,0.025268432048275717,0.05648186084717216,0.3,0.8,0.9,77,2.05144163769098,1.987047533060556
10,37,0.1285282577764915,0.14373184989778373,0.14149875280770316,0.21160766085964042,0.1130613515721054,0.1411907296111965,0.025347685380353414,0.05568843091123115,0.3,0.8,0.9,79,2.03457796704432,1.9662590446933503
10,38,0.12860372852915752,0.14357440445604094,0.14133477987641807,0.21562938076909646,0.11345996111023648,0.1406752859348309,0.025194256949755345,0.05628498332325179,0.3,0.8,0.9,82,2.043459438554067,1.9667335653855504
10,39,0.12755435753215216,0.14289986808401844,0.14209504542271287,0.2158711226091844,0.11262009759146506,0.140646503401619,0.02511403867390199,0.05528793944621364,0.3,0.8,0.9,83,2.0486721871652565,1.9708428561236504
10,40,0.12761663843296955,0.14238605051745648,0.1401409729075666,0.22018443459464382,0.11230134025987917,0.14188447949229158,0.024909860240043432,0.05521419613979925,0.3,0.8,0.9,88,2.0423472726300536,1.977595665774588
10,41,0.12792319129376578,0.1430946354681734,0.14370930069162494,0.23643379381070256,0.11344812581744862,0.1413149881721238,0.02513867702030615,0.056021208837840654,0.3,0.8,0.9,94,2.05391113246081,1.9986926441258148
10,42,0.1278070609105925,0.14240775184328267,0.14158230097681798,0.23764215715109,0.1134313804780365,0.14112528962506643,0.02508564597534414,0.05608613774235414,0.3,0.8,0.9,95,2.04735757531224,1.9696088040204025
10,43,0.1275745534114408,0.14308090527088482,0.14512922422752095,0.2414037522736747,0.1129418038712994,0.1412675696396733,0.02512495755244139,0.05578438786747723,0.3,0.8,0.9,96,2.052688647691111,1.9989406615800165
10,44,0.12805325857896827,0.143994501553182,0.14747927041390035,0.2550335215410658,0.11327310559506139,0.14099101976445347,0.025141932657413435,0.05642850393019916,0.3,0.8,0.9,99,2.046055804528451,1.991106997554688
10,45,0.12927400436984207,0.147041203928919,0.15627406832337148,0.3188301205487899,0.11448459961299509,0.14289623357367395,0.025170904282845463,0.057189373844481126,0.3,0.8,0.9,149,2.0483649566493067,1.9724179887792237
10,46,0.12888888668635634,0.14710838408236115,0.15777820768029818,0.30419745823702504,0.11424106800515323,0.1425331439543968,0.02516671130417738,0.056906400591517546,0.3,0.8,0.9,150,2.048181094853714,1.9713152749300475
10,47,0.1286917061789587,0.14686335789001523,0.1575316997250136,0.32673203405444795,0.11400410198936385,0.14179472517002784,0.02520772497854552,0.05693870876583263,0.3,0.8,0.9,155,2.0489523206796383,1.967620985714206
11,0,0.8685817069494473,0.9409193697106739,0.9380814685208166,0.9372362366774656,0.031235484814848308,0.09983332811585657,0.0005065936617767895,0.0009780127229665583,0.3,0.8,0.9,1,8.268551178404824,17.654137207166674
11,1,0.5424420032350051,0.7133811347189619,0.7069076817513789,0.703415183258742,0.410620436987573,0.11406406109015894,0.0010066582838201064,0.002125615635908292,0.3,0.8,0.9,3,5.91896593620613,10.315387781718252
11,2,0.452464447453455,0.6328824295940764,0.6251036126179037,0.6210462949002185,0.17435850278222811,0.11056036134691374,0.0025068521499501243,0.005568424374733618,0.3,0.8,0.9,5,5.117627473263026,8.233230282677923
11,3,0.3787681336909518,0.5519197036551114,0.5434587393876252,0.5369668747044021,0.3126335278578449,0.14639780700948785,0.018246029855950804,0.04025477349252917,0.3,0.8,0.9,7,3.786425933356806,7.944580113463393
11,4,0.1617744149887942,0.2154951152547576,0.20158187403303154,0.1898967445908222,0.6685195735635463,0.1488936071462253,0.022642041323415484,0.05036455506404975,0.3,0.8,0.9,9,2.265093309601919,2.712364607786435
11,5,0.13150154953370635,0.15684544918775617,0.1435072789357592,0.13204145994865435,0.19297376141371644,0.14560977197255665,0.02159443494818317,0.048179136713176786,0.3,0.8,0.9,11,2.099928963202092,2.1455870631242493
11,6,0.1348555829266097,0.1599305630362495,0.14800867742087873,0.13749533588686697,0.10977054819082908,0.14624227033653914,0.022945907141317497,0.0511931654076802,0.3,0.8,0.9,14,2.0869795962176347,2.1012413078568986
11,7,0.13399743941934544,0.15856963211794822,0.14520927794556499,0.14021764106766604,0.10752333571291386,0.14509551230810364,0.022751289298986125,0.050820994274613125,0.3,0.8,0.9,17,2.0866735567697074,2.0992106530322783
11,8,0.13684997551595368,0.16151031548148043,0.15242406239667244,0.1546811284186987,0.1193363435879427,0.14610505069187277,0.02407947324041058,0.053723481816160636,0.3,0.8,0.9,18,2.082131779333197,2.0539307916850578
11,9,0.12946950954957273,0.14866832637278177,0.13657861645450334,0.140568355193603,0.11441335440386555,0.1460603129921347,0.022769950107051257,0.05085622362534776,0.3,0.8,0.9,22,2.0531123546356222,1.9553329782050524
11,10,0.1253946150070516,0.14641917269076066,0.1400774377657976,0.1604906402777227,0.1038226454189044,0.14345892227336127,0.021630505015122432,0.04827695479361814,0.3,0.8,0.9,36,2.1124691921954457,1.9872220890475392
11,11,0.11884375213174822,0.13815750343194555,0.13176741017490956,0.16014079262342132,0.10195392176156812,0.14327191210107598,0.019965681687310343,0.04409089260801551,0.3,0.8,0.9,39,2.129567398878549,2.054484776831651
11,12,0.1192313657262303,0.13778907652176453,0.12995332978776397,0.16038502254286605,0.10088057170033193,0.14389027314564115,0.01955079121039851,0.04493734288763129,0.3,0.8,0.9,40,2.129095422446511,2.006175961888134
11,13,0.12046739466170361,0.13871219077130764,0.1322918396614559,0.1649005894938728,0.10341018491895759,0.14654709830249074,0.019587925982350055,0.046100940686366026,0.3,0.8,0.9,42,2.13387243170281,2.0545305748756
11,14,0.11739326397115556,0.1377687082475964,0.13852917125691688,0.19510817836741753,0.09834459036263035,0.14613203455742937,0.018916546441893212,0.04364092445166424,0.3,0.8,0.9,57,2.1096727475785677,2.018803702798721
11,15,0.11786332439107988,0.1352115797025146,0.1330383958424031,0.19494598294203141,0.11238003107335445,0.14445268286802582,0.02083968664799234,0.04486536817431716,0.3,0.8,0.9,58,2.1052114075370927,2.0113292931923947
11,16,0.11791736842521162,0.13558938608978854,0.13484971755705422,0.209465449477043,0.10064039499315133,0.1451267279796586,0.02063072142130726,0.04502062870025912,0.3,0.8,0.9,69,2.1068313767518703,2.0168743879720554
11,17,0.11796981464911585,0.13638017848399753,0.1385097155301433,0.23331246868316285,0.10139359941089574,0.14452528569864528,0.020911829282540526,0.04521746993553332,0.3,0.8,0.9,71,2.121325539631504,2.014268012892388
11,18,0.11797163342768238,0.13621223036026944,0.1383370548047564,0.23347568614251382,0.1018981157617827,0.14462216084445645,0.02096824921553144,0.04528744695345757,0.3,0.8,0.9,72,2.120247377167058,2.0172252397406862
11,19,0.11755791974583343,0.13428699069843958,0.1320966044174572,0.2225300708155326,0.1008217559100317,0.14518530036866395,0.020571183907301515,0.04506899867630883,0.3,0.8,0.9,74,2.1117957203922675,2.0108488001582785
11,20,0.1181441800984975,0.1365553284301788,0.1401091957754993,0.24744012989341987,0.10158675301642664,0.1454187674777378,0.020891839088029288,0.04555097474182455,0.3,0.8,0.9,79,2.1209285592624103,2.016048742348168
11,21,0.11766898563147728,0.13408801722494815,0.13188889980755697,0.23282867939489788,0.10119471611675446,0.1464662765394163,0.02064769848692354,0.04497141401327119,0.3,0.8,0.9,81,2.1031495347055973,2.0097681380228654
11,22,0.12207597817530969,0.14025488468628994,0.1438022245420686,0.2630757334615975,0.10555297551838887,0.14346996575292378,0.022061181118925004,0.049735074646282317,0.3,0.8,0.9,89,2.118881275037671,2.1257862367362232
11,23,0.11727311250712832,0.1335055688815061,0.13130127592475258,0.2487633311018203,0.10081524011369125,0.14653013918465121,0.020647189050697057,0.0446754438051791,0.3,0.8,0.9,91,2.105184326078036,2.009562634740008
11,24,0.1209076420501459,0.13971776103166733,0.14613100958907382,0.27977107873443996,0.10610895415674676,0.14320361278184374,0.021675618934287003,0.049149793631950316,0.3,0.8,0.9,92,2.127980067439766,2.10701602206672
11,25,0.12070170293504448,0.1394415195563375,0.1458528702276627,0.2782467550376968,0.10478980473909782,0.14383157560176577,0.02162637993243773,0.04881730012744273,0.3,0.8,0.9,93,2.1315169220947063,2.11645432224264
11,26,0.12099021817400063,0.14007047465065925,0.14791559009681726,0.2836553117706004,0.10516925095057342,0.1438454310165562,0.021797447398944826,0.04910009719339697,0.3,0.8,0.9,95,2.129321057319157,2.11342842930448
11,27,0.12179109152132023,0.14067523042958918,0.14851475330752034,0.3020084826349875,0.10584003853513514,0.14268009751319513,0.022330491224401703,0.05007701013805443,0.3,0.8,0.9,106,2.1296182726537247,2.1124070662104595
11,28,0.1148288897770174,0.13191835932877602,0.1354352192484424,0.2955475630060868,0.09959652594144847,0.14036231598710888,0.020591240950991307,0.04498403418927826,0.3,0.8,0.9,110,2.062385417042962,2.0098322035318468
11,29,0.11812710277372881,0.1348114040930048,0.13831691265339163,0.30317885374405773,0.10384643806785779,0.14280076887310256,0.020564604663466986,0.048214806459003126,0.3,0.8,0.9,112,2.091363775958232,2.0295111450571213
11,30,0.1159791222621206,0.13231542832293003,0.13581126155325224,0.30383649426533915,0.1018099449340156,0.14113950079497234,0.02071368056960731,0.04655446605857531,0.3,0.8,0.9,114,2.073307194826759,2.044011008811399
11,31,0.1139943940564217,0.12941328572642416,0.13288348120862112,0.31516996228588334,0.10059709660980767,0.1390861052980657,0.020633519726261474,0.04590550970552587,0.3,0.8,0.9,119,2.0768566485746587,2.0015253819054344
11,32,0.11413010137529922,0.13365800146570125,0.15006145826049927,0.42374476072772743,0.09983788496668577,0.13982424392162565,0.0207091618097161,0.04588934280421572,0.3,0.8,0.9,161,2.0704063018265018,1.9998605378402825
11,33,0.11396942210479842,0.1348746482456885,0.1555895009962531,0.3279628711964909,0.09976098280194129,0.13859979916848825,0.02092867150472299,0.0459658259286617,0.3,0.8,0.9,165,2.076148732725077,1.9909893422807243
11,34,0.11379060877937124,0.1357727634788043,0.16079041018219276,0.3647667518917751,0.10007039797421986,0.13975897512428012,0.021023384824984188,0.045599557851523136,0.3,0.8,0.9,172,2.070815251313697,1.9876416346033812
11,35,0.11406273677422366,0.13574704333803064,0.1607562734852748,0.38078360621948976,0.10199207841781985,0.1390917823757544,0.020969322010428025,0.04643105986841368,0.3,0.8,0.9,173,2.0725256748262715,1.9947659877417487
11,36,0.11381653286150578,0.13480285626641608,0.15836861905782007,0.37768686817676134,0.10148908955341693,0.13878722058657963,0.02098840015130362,0.046435142286199986,0.3,0.8,0.9,174,2.0718902719291368,1.994302477119073
12,0,0.8868392734812987,0.9522676512149645,0.9495829543613636,0.9489647843512503,0.032747573696735886,0.1049971980085718,0.0005019822478380795,0.0009409205509931995,0.3,0.8,0.9,1,7.802800962420447,17.654137207166674
12,1,0.5530505633154262,0.7215740877234336,0.7152920871998625,0.7120831581999295,0.40260627455704506,0.10076062506200904,0.0009991623421034379,0.002020197137356216,0.3,0.8,0.9,3,5.5100946838182345,10.315387781718252
12,2,0.4599955498436607,0.6403679271128949,0.6341831811695653,0.6296455713332414,0.17493016878839826,0.10221155437285545,0.002406953426501978,0.00507622446710492,0.3,0.8,0.9,5,4.801648402101468,8.214745775054254
12,3,0.4593461581439174,0.6397321258201477,0.63354397286364,0.630418093652706,0.037465178813774674,0.10210981716626373,0.002268546151180438,0.004775770500102263,0.3,0.8,0.9,6,4.804395339509934,8.205184472052705
12,4,0.2876448892623198,0.4341450914406145,0.4238253490707867,0.4140478375260474,0.9455754909522559,0.15896425308995027,0.017540518452820373,0.0383385228008322,0.3,0.8,0.9,7,3.113311232841917,5.375839089804671
12,5,0.15975695440731097,0.21796279235209665,0.2041901548321977,0.19175254414144838,0.45646942167183086,0.15222424600375367,0.020249272457631518,0.04410796809648437,0.3,0.8,0.9,9,2.1945090684389865,2.7992833991209856
12,6,0.13531453574415087,0.16232477171724657,0.14903482139151564,0.1365555766987454,0.20486720055737181,0.14515140147477223,0.022890191824010718,0.049840865433851536,0.3,0.8,0.9,11,2.0027322579909987,2.0794518821546544
12,7,0.13506935669995415,0.16253171793695795,0.1506786619083324,0.14329301284410634,0.10653421280599823,0.14539721600872726,0.02278149827205826,0.04960491387357832,0.3,0.8,0.9,14,2.002360552618704,2.0815366041952883
12,8,0.13518412286668124,0.1626451842292905,0.1507920354772664,0.14151717047704676,0.10661186641147041,0.14525642033729833,0.02283890088156251,0.04972947304628427,0.3,0.8,0.9,15,2.0024935457113697,2.0801744015275347
12,9,0.13434452940615763,0.16141482602545454,0.15097403541941348,0.14282232783141305,0.10907503656384071,0.1443161069560692,0.022911793562603703,0.04986610381740024,0.3,0.8,0.9,17,1.997261491965269,2.06414907447822
12,10,0.1343713853348783,0.15982364459101836,0.1493362824973374,0.1467517020598424,0.11029604904062244,0.14496239611929834,0.023353944059191254,0.05081086532700799,0.3,0.8,0.9,21,1.9866253383609305,2.0164527946196635
12,11,0.12936046942460425,0.15168948616912042,0.14253667205081333,0.14378055256129468,0.11119278540924804,0.14557653381047256,0.022566992545771256,0.04908128816273917,0.3,0.8,0.9,25,1.9649157992084207,1.9411963780599704
12,12,0.12604798924397503,0.14812835630202426,0.1403925395451472,0.14581792175661856,0.10424557858286607,0.1459895213344278,0.021543310728866026,0.046838300257625386,0.3,0.8,0.9,29,1.9605890916398248,1.925146058272921
12,13,0.12745962315263099,0.15096327313689903,0.1475400743599943,0.16958422007706214,0.10460037715409573,0.1462038914224401,0.022025681052941844,0.04790859312628302,0.3,0.8,0.9,43,1.960675649773928,1.9235060398958244
12,14,0.12743423336926002,0.1508713072779085,0.1474461454821132,0.17368283366365478,0.1048240500417284,0.14594998206999668,0.02207393292010827,0.04798325063200774,0.3,0.8,0.9,45,1.9638749275894325,1.9183590761935492
12,15,0.1274338138877373,0.15065925380719525,0.1472280738212604,0.17625271002675574,0.10542161176949355,0.14646343260464942,0.022081792181813456,0.047998506275684166,0.3,0.8,0.9,47,1.9617199605532132,1.9064551404302716
12,16,0.12724948165904804,0.15028931931885992,0.14685305674339227,0.17866654478168215,0.10531420296790961,0.14638691612546215,0.022083282405675263,0.047987803204488484,0.3,0.8,0.9,49,1.9658595913092176,1.9269986953559648
12,17,0.13251117561338677,0.1564981332481453,0.15593665864172276,0.2175333211751278,0.11003852616949575,0.1424249260049523,0.023692290083109867,0.05372760616841459,0.3,0.8,0.9,57,1.963877548400278,2.0454478352025105
12,18,0.1284207644710948,0.1515243213570156,0.15093763485081108,0.21249731071255115,0.1092496578620855,0.14309600852779752,0.022971958081225652,0.05040570747674278,0.3,0.8,0.9,59,1.9867715693600223,2.067389205913878
12,19,0.1281060303337271,0.15096904847400502,0.1517998411512591,0.21312531676235746,0.10777653112411656,0.14081777646025492,0.023399357269937457,0.05108632277009091,0.3,0.8,0.9,64,1.975433720042784,2.079395788730241
12,20,0.12796682166848325,0.15071539827359973,0.15154295038693252,0.21595892226204297,0.10722962910146522,0.1414158279903941,0.023349433216818295,0.0508805193015526,0.3,0.8,0.9,66,1.9806332295088829,2.081374755408643
12,21,0.12503045446526484,0.14737242420527769,0.1496125199113914,0.21825521040482668,0.10724255628347892,0.14035549279270343,0.022588829552749417,0.049445535692652295,0.3,0.8,0.9,68,1.9820094891826003,2.081954596878337
12,22,0.12401844655265704,0.14657703686725843,0.15024737906694752,0.23273653248373785,0.10412711440391478,0.13999403734447508,0.02235466255966646,0.04888318670702844,0.3,0.8,0.9,74,1.972369589618126,2.098615219967072
12,23,0.12378929062170771,0.1460939473172,0.14975725318080566,0.23703935703867612,0.10459015054298952,0.14109533876558064,0.02215545597172125,0.04866738506344366,0.3,0.8,0.9,76,1.97100817512751,2.0917240048973635
12,24,0.12378929046045131,0.14609394725346447,0.14975725311707017,0.2401795852269533,0.10385376717070924,0.14109533864745138,0.022155455950676802,0.04866738505070903,0.3,0.8,0.9,78,1.9710081740132608,2.091724006653923
12,25,0.12421510602806118,0.1460043141214593,0.14965302806186417,0.2498657876504683,0.10569298917336473,0.14069722882747343,0.022268834483801542,0.049636137714106715,0.3,0.8,0.9,81,1.9715764178737087,2.0423137918861998
12,26,0.12411225539798695,0.14554019610371993,0.1491787346869978,0.2558834986568994,0.1054091286492366,0.14192920064691117,0.022191747243978835,0.049504069436233235,0.3,0.8,0.9,85,1.971184552638295,2.0793199685946746
12,27,0.1230431044914532,0.14447969311777162,0.15096657658698157,0.2638057352098184,0.1063915553036743,0.14487335946620178,0.02213918423837305,0.048224332390954104,0.3,0.8,0.9,88,1.9854365775612248,2.051589316565417
12,28,0.12602818453550066,0.14763580101184248,0.1555516810201863,0.3021101581054138,0.10786869027941001,0.13921514430264992,0.024074999503651287,0.05197767820557212,0.3,0.8,0.9,115,1.9838612320749167,2.0854010839255763
12,29,0.1270850956871296,0.1542826626185626,0.17944592166102252,0.4393947908173328,0.10896429629724422,0.1401761761417139,0.02435102047775392,0.052686615336797527,0.3,0.8,0.9,168,1.975571268469113,2.042146212143031
12,30,0.12709889521636855,0.15449583767033792,0.1810889451750493,0.44256519021147533,0.10998233312478459,0.14007262876998616,0.024247469159578275,0.053074014854703366,0.3,0.8,0.9,170,1.9763834385644896,2.042379856258647
12,31,0.1271534983212521,0.15446746874570483,0.18105822447254122,0.4494343301503246,0.10942719125576002,0.14031754285605952,0.024261822056002698,0.05311413155012411,0.3,0.8,0.9,174,1.972959182226795,2.03608160298688
12,32,0.12557084815290734,0.15270025648505126,0.179285697360997,0.4784649084029526,0.10794347871022233,0.13885699715193126,0.023909363575938283,0.05231990071810144,0.3,0.8,0.9,189,1.974163876318363,2.05704248462776
12,33,0.12556513565806762,0.15226379334960402,0.17883733715679948,0.48461300661319734,0.10903828570300952,0.1392823181753242,0.0239484323724504,0.052519289767095335,0.3,0.8,0.9,192,1.979198808603984,2.047674782497912
12,34,0.12610496606544175,0.15323392433002542,0.18124380699965484,0.49212427261677455,0.10882960419123307,0.13976141331915812,0.0240685039638694,0.05289249619704522,0.3,0.8,0.9,198,1.981034352173033,2.050466483504358
13,0,0.9577344746515352,0.9912773286783081,0.9892380228432172,0.9895754801591404,0.030359435629703196,0.09645839826419966,0.0004995138544160821,0.0011358945187893718,0.3,0.8,0.9,1,8.662481943239358,17.79251979610061
13,1,0.8731241953141211,0.9390789490061396,0.9363829197907999,0.9364320390918155,0.15530525595642541,0.06666672330192,0.00010891463014163156,0.0002313351710129944,0.3,0.8,0.9,2,8.323672563823001,18.455427322030108
13,2,0.5399871298653776,0.7109707321023276,0.7044935478161004,0.7009956549475294,0.8120541047864576,0.10700830919050679,0.001006168977936619,0.002064520378987297,0.3,0.8,0.9,3,5.926830774812718,10.315387781718252
13,3,0.44799970527107574,0.6286307959599706,0.6207680852638086,0.6165866975016627,0.18371982004911044,0.11426074497611671,0.002481510354125396,0.005609382490504723,0.3,0.8,0.9,5,5.273145118157328,8.233230282677923
13,4,0.44663028194713755,0.6277592646153518,0.6213238839278786,0.6164153764953219,0.04272423827856326,0.11394925581498061,0.002280034532353084,0.005125288423521694,0.3,0.8,0.9,6,5.263867570769853,8.20486388918337
13,5,0.2794598831953651,0.43995206374748447,0.43046389589812656,0.4234115825818737,0.6762444811426647,0.11276857966417753,0.005135839059417049,0.011922737389301772,0.3,0.8,0.9,7,4.047911940928071,5.632070146195667
13,6,0.2369415762878253,0.37960798047995375,0.3690880730743845,0.36242837626512836,0.16059990406159894,0.11808470612302172,0.00663438062266543,0.01533042094567001,0.3,0.8,0.9,9,3.6937966733322103,5.4464479354136985
13,7,0.2824519976505713,0.4191001889378884,0.4111125701194781,0.40011946846631663,0.18553013896106157,0.13800234137552994,0.025265908032695836,0.05938914898765056,0.3,0.8,0.9,10,3.440228266062505,4.8775641677666455
13,8,0.16328539548138787,0.21024492838412012,0.19754671443861543,0.1873569531135633,0.7895440333730674,0.13935230668741788,0.02578029050652015,0.06027203449076407,0.3,0.8,0.9,11,2.5972275007751016,2.673120083805532
13,9,0.1116936085926857,0.1280522549705549,0.11588218815822388,0.10613811021086433,0.1857963369417825,0.12873812383787145,0.018472413168287623,0.043266843910086956,0.3,0.8,0.9,13,2.4744797270354035,2.256677891742193
13,10,0.11762023256236023,0.12769407159209853,0.11677245561471514,0.10790837751111221,0.12307415105205613,0.1305891498612645,0.02218448644001306,0.05190364923547333,0.3,0.8,0.9,15,2.3965404065648728,2.080774187592067
13,11,0.11773400986686883,0.12777466659184772,0.11685213401139816,0.10377738232864214,0.10387238206053406,0.13053393703300503,0.022237255901952323,0.052030440552420856,0.3,0.8,0.9,17,2.3958585285271625,2.078225911609843
13,12,0.11769667418915637,0.12819470256469115,0.11870925877405425,0.11819413944808177,0.103804914535715,0.13054314653616741,0.02222843027591018,0.05200923485885563,0.3,0.8,0.9,19,2.394673194154152,2.077985944764037
13,13,0.11136132209161712,0.11761653634753055,0.10658920367173558,0.10530064599546997,0.12175537916211879,0.13012691608935942,0.02109712348167092,0.04935577058429336,0.3,0.8,0.9,20,2.349819256809593,1.9912426105659675
13,14,0.11093331589370117,0.11735420492938767,0.10775591515442626,0.10612579095755903,0.10189967934128719,0.1304664846346312,0.02100585489652235,0.04911215248873563,0.3,0.8,0.9,21,2.3443291008298104,1.9419438014896813
13,15,0.11071804748278286,0.11613576018812961,0.10650993500539267,0.10578709674795075,0.10636768490821703,0.13024317742792213,0.021207008735347945,0.04962058224273418,0.3,0.8,0.9,22,2.3479750290169066,1.9938860953069468
13,16,0.11138168614096648,0.11719873779986173,0.109008343922402,0.1101677625473618,0.1016327669381015,0.12983844523710109,0.02149140489924273,0.05030427660296673,0.3,0.8,0.9,24,2.348622097110216,2.001037027876486
13,17,0.11134200104480717,0.11699916221860854,0.11022896929035544,0.11632238319610537,0.10544678555712146,0.12973329325137986,0.021664399693114567,0.05067872886299612,0.3,0.8,0.9,25,2.3377097411888004,1.930350634913409
13,18,0.10852089274993121,0.11264922373856792,0.10441248045676481,0.11374488417012257,0.10280962342376854,0.12923301162170897,0.020631502240621557,0.04951702930855943,0.3,0.8,0.9,27,2.3286369070206816,1.965129524716633
13,19,0.11019902738934292,0.11478943005814427,0.10798989588014202,0.12612535448472803,0.10154003940538626,0.13461934608054743,0.021525236445581294,0.048802418762823305,0.3,0.8,0.9,33,2.3267705119754742,2.168447189868297
13,20,0.11502741472644715,0.11818044495644064,0.10991707359758776,0.13132462567114261,0.11249258804738232,0.13050073267597356,0.022647504523826165,0.05534939445554248,0.3,0.8,0.9,34,2.354415750414764,2.02307277197191
13,21,0.1109325401321076,0.113824427564785,0.10697850711950976,0.13343610743874024,0.10436859676556408,0.13617598183660692,0.021365947139613116,0.05066223938198187,0.3,0.8,0.9,39,2.346469473184729,1.9722289893624467
13,22,0.10831845815975197,0.1092730204303888,0.10237438999334639,0.13155052958669483,0.11321755176857963,0.13409600870229482,0.021289667232751913,0.05012650399606267,0.3,0.8,0.9,40,2.3400623841486223,1.9910523265257216
13,23,0.10845332499020156,0.10948278003565981,0.10401079435987673,0.1354088725147964,0.10392430188434428,0.13423826214909926,0.021415846702497802,0.05044723898622785,0.3,0.8,0.9,42,2.345078007520709,1.9912071813051275
13,24,0.10864108129739011,0.10984721531439541,0.10580487478867773,0.1380122795610328,0.10404919763560977,0.13396727965637747,0.02155162865358095,0.05087155810483015,0.3,0.8,0.9,44,2.335293082494045,1.990583748070276
13,25,0.10861259647741209,0.10962118415618657,0.10557330646985111,0.1378919435006708,0.10443555065389953,0.13424773381607846,0.02156735901393363,0.05089502929208523,0.3,0.8,0.9,45,2.339954826084543,1.984553355814553
13,26,0.10742075820379454,0.10835254467767738,0.10430270442531206,0.14231247330755342,0.1024127926580044,0.13215511801679186,0.02130875333405297,0.05056134254049343,0.3,0.8,0.9,47,2.347958197099392,1.9933152317538392
13,27,0.10695889608407351,0.1074171882652984,0.10335446898187636,0.1442519326905059,0.10340583505274448,0.1321793168417003,0.021341201780758347,0.05040013936425091,0.3,0.8,0.9,49,2.3440891324738966,1.973481454450732
13,28,0.10693625940827704,0.10782939154899705,0.10520294576876914,0.14709285496962488,0.1022070756916919,0.1321752667210839,0.02134460166591479,0.05040658098961577,0.3,0.8,0.9,51,2.342674046866052,1.9692295776315227
13,29,0.10694483955907635,0.10822479429405958,0.10703346501241338,0.15436479910364187,0.10241413509408476,0.13236149591074645,0.02135445587033477,0.05041774789490609,0.3,0.8,0.9,53,2.3407641438424167,1.970935900236092
13,30,0.10729405161621311,0.10809344044343264,0.10688900982100305,0.1586371140850504,0.10331777755411753,0.132765733858973,0.02162030781583019,0.050828622243232736,0.3,0.8,0.9,59,2.35317169560852,2.0013935759348827
13,31,0.10729308693632694,0.10841963617257674,0.10864884096508198,0.16753304070334113,0.10339193664954659,0.1332870820417605,0.02162455112831951,0.05077115979015275,0.3,0.8,0.9,61,2.356132300913206,2.0155639588276992
13,32,0.11117478424289942,0.11224847348189312,0.1124761874655508,0.1696967061344007,0.10719311813048052,0.13397581477453555,0.021672626244303574,0.05485495000477419,0.3,0.8,0.9,62,2.38100953426464,2.03671481797446
13,33,0.10680843946662874,0.10808356774257,0.10974150990155371,0.16980990814189797,0.10349698335540614,0.13292290133536666,0.021355873912823203,0.05085980573545399,0.3,0.8,0.9,64,2.336637621717236,1.9759648718533451
13,34,0.10959362109695112,0.11125944780174446,0.1143527939018467,0.17868365850542917,0.10569967064565981,0.13291344760990192,0.022165367476558596,0.053306836661230345,0.3,0.8,0.9,68,2.357218498151106,1.9780991125245544
13,35,0.10662113545724428,0.10687906837021599,0.10708474656449499,0.1812498315042791,0.10548744936706914,0.12845846302367475,0.02163669285343967,0.05233216791112275,0.3,0.8,0.9,69,2.3307497499229526,1.9954272833251832
13,36,0.10554572764314393,0.10581609030681335,0.10887169759856269,0.19507278244670437,0.10342470532226615,0.1279552849066999,0.021671051715712233,0.05203722318556274,0.3,0.8,0.9,75,2.344299955313576,2.0281081918221577
13,37,0.10589814702193318,0.10541863416934452,0.10702920855160997,0.19332547200520278,0.10387040206105935,0.12851805052252388,0.02165902843904215,0.0524744629947528,0.3,0.8,0.9,77,2.351714198400414,2.024629032437253
13,38,0.10602122383784614,0.10501220364286158,0.10660864949249041,0.19597886762300176,0.1050843201168779,0.12992531490278142,0.02169975602157175,0.05253441171528206,0.3,0.8,0.9,79,2.3396253949728107,2.0178916724865847
13,39,0.10542839720042668,0.10450941119513052,0.10753308528414006,0.2046669411517968,0.10437079899480543,0.12873844407116222,0.02177618288943216,0.05251433602458074,0.3,0.8,0.9,81,2.339572095668359,2.0205474048728296
13,40,0.10574963097345494,0.10433657708655047,0.1059220325188639,0.1983715299868718,0.10374610721626593,0.13112233534953657,0.021759600992395205,0.052106767671680584,0.3,0.8,0.9,82,2.343614280601143,2.014025792210185
13,41,0.10540945535289416,0.10491158561402578,0.10937132989404338,0.2096416761177678,0.10352028477511489,0.128762821482174,0.021776203649624824,0.05252894394822843,0.3,0.8,0.9,83,2.336882930514915,2.0192750665964407
13,42,0.1055626892775441,0.10437966264799758,0.10739622599577403,0.21274868455488052,0.10392135768599874,0.13137341187763074,0.021751938584912024,0.05201975063863707,0.3,0.8,0.9,87,2.3547949504837877,2.030125928168819
13,43,0.10540209721342418,0.1044492247709723,0.10889666399928447,0.21391537037949224,0.10500412809651224,0.1316821341134516,0.02173866825696125,0.05194766377298903,0.3,0.8,0.9,88,2.3565636529303045,2.0291512861648746
13,44,0.10554452355729654,0.10439680581668659,0.10883903241627711,0.21861631108090104,0.10429003062650921,0.13247944538739004,0.02170256957114319,0.0520287983870409,0.3,0.8,0.9,91,2.352448082855367,2.022257219793221
13,45,0.10528613743429474,0.1054803729810685,0.1142328747154511,0.25881942514418954,0.10375512126636727,0.13088409960452596,0.021701643896728406,0.052341703462282625,0.3,0.8,0.9,113,2.350256587101346,1.997554789908081
13,46,0.10466127128337366,0.10458096365831343,0.11332614184050638,0.26511055751877527,0.10406596137533665,0.12976401921771136,0.021662632596006714,0.052276084630678475,0.3,0.8,0.9,115,2.351078756045684,1.9957921323109176
13,47,0.1048460464893114,0.10505941925172271,0.11523722329595479,0.2690440960631691,0.10462403567479017,0.12904905502729294,0.021823791296614756,0.05272204174811525,0.3,0.8,0.9,116,2.3530685214365588,1.9995647803178629
13,48,0.10493119657735014,0.10561093415167816,0.11722600270732014,0.2780023442894071,0.1037319383388528,0.12907415340096834,0.021793814533603285,0.05284212349417563,0.3,0.8,0.9,119,2.3541723907344143,1.9994616872322757
13,49,0.1057095315053383,0.10638519148621323,0.11800022317892603,0.2821005161430327,0.10451817229541438,0.1319892747158906,0.02199518222100991,0.05255944331413754,0.3,0.8,0.9,120,2.3524810952044497,2.014903500110061
13,50,0.10548714688203603,0.10592371726389008,0.11753243473087832,0.28162301933089134,0.10576576693472398,0.1318249438695006,0.021999720697749504,0.052554803549734255,0.3,0.8,0.9,121,2.35001554565114,2.010996158805852
13,51,0.10482918596697309,0.10493435887140866,0.116534039441202,0.28892184091268963,0.10439314138864507,0.13043513641665422,0.021861959584299626,0.05267495309034622,0.3,0.8,0.9,126,2.352353844060532,1.9968488755808445
13,52,0.10352230384534894,0.10434186313869928,0.11881049034114746,0.31469324793597214,0.1030204210075894,0.12860852280470658,0.022020205907868094,0.05187973677543781,0.3,0.8,0.9,136,2.361740076634929,1.9939899420731293
13,53,0.10470622767240367,0.10498107194131104,0.1180101843973525,0.3076034870125552,0.10450742936433607,0.13027073303518805,0.021930567655614693,0.05277636105888508,0.3,0.8,0.9,137,2.3506408383355333,2.0114224186071894
13,54,0.10454542122669724,0.1047353166782708,0.117762207169196,0.31238842956583246,0.10449446306916138,0.13065744726300882,0.021973097949711518,0.05249901465646377,0.3,0.8,0.9,138,2.3574412260812614,2.0064933451842277
13,55,0.10416038536809574,0.10471710551200014,0.11917852902338569,0.3135665635397713,0.10431478164195038,0.1304351050502877,0.021855932902042016,0.0523360591571616,0.3,0.8,0.9,139,2.35141507885604,1.9962378512598424
13,56,0.1040252743353028,0.10380161932847946,0.11681725073066293,0.3105290918507287,0.10548003619515513,0.13007325150495894,0.021901519216569562,0.05250936500415125,0.3,0.8,0.9,140,2.3526745084916287,2.0021439916917214
13,57,0.10413394688949834,0.10485692158031329,0.12074756371412923,0.32838014472002186,0.10391834917047932,0.13022717736218264,0.021851389465010588,0.05262637634838706,0.3,0.8,0.9,144,2.356618664166209,1.996505691659341
13,58,0.10386059943222567,0.10453531919686976,0.12042458156348593,0.33063296568610306,0.10393944523011045,0.1296515058589368,0.021850655762737772,0.05255362356900542,0.3,0.8,0.9,145,2.348418400500036,1.992747115706688
13,59,0.10403602016689287,0.1040346663455235,0.11848095131851558,0.3365697446572347,0.1042149946326584,0.13076657505032221,0.021935608946254587,0.05246152058459836,0.3,0.8,0.9,150,2.345503441818033,2.025847801500878
13,60,0.10421929456040743,0.10421729948904476,0.11866354737267709,0.33846297569006656,0.10417959532996245,0.13080760591974827,0.021925565222026284,0.052660728364361815,0.3,0.8,0.9,151,2.3459344675752063,2.0276076215741865
13,61,0.10424293268376972,0.10465781113459316,0.12054010161864433,0.3418456733474237,0.10440391684962216,0.13079165961587674,0.021927763268822474,0.052736915759943014,0.3,0.8,0.9,153,2.345655279302133,2.0271842443852472
14,0,0.9080972105469921,0.9630815223437624,0.9606188230030955,0.9603290426087946,0.02932865439205531,0.0936111258043661,0.0005138926368162662,0.000926891712547188,0.3,0.8,0.9,1,7.116451404374733,17.654137207166674
14,1,0.5695798653524259,0.7349199807350768,0.7288623383217936,0.725985738011514,0.4012979923106744,0.09744692451724356,0.001016647994275692,0.001944081443147756,0.3,0.8,0.9,3,5.021191121784232,10.315387781718252
14,2,0.4745439385362798,0.6540401859492871,0.6480503921865473,0.6438017510515162,0.17910894604456873,0.10655308652098483,0.0024625783276411733,0.004869531096624676,0.3,0.8,0.9,5,4.433783123436,8.218733567195986
14,3,0.47392707277119334,0.6534424296198715,0.6474489601725266,0.6455722924436179,0.03871719234702717,0.10633827304675444,0.0023494859423932,0.0046407191880560635,0.3,0.8,0.9,6,4.429003048081348,8.205425318312445
14,4,0.3825299397975625,0.5582523548489898,0.5500796616853999,0.5440148801348403,0.530569722723924,0.1404129068029058,0.015567376688618262,0.03111158575347573,0.3,0.8,0.9,7,3.714099253608378,8.230328800487145
14,5,0.30497356702344997,0.47237892786377983,0.46339776047674225,0.459676044630621,0.2147955606665557,0.11853198397401596,0.005012347631394027,0.01001003192884487,0.3,0.8,0.9,8,3.305178261199101,5.609405916024069
14,6,0.15534837186887815,0.2114169726273344,0.19757704223837635,0.1860004587035088,1.0981413614325377,0.14020550303801976,0.02199352735008603,0.04408035047292968,0.3,0.8,0.9,9,2.2041486900637226,2.733737840421823
14,7,0.13246145883519314,0.16878205655764175,0.1557643411918886,0.14802651821930157,0.12732911450550446,0.13537771749010483,0.021150706411443215,0.042407946045515114,0.3,0.8,0.9,13,2.0636322604771347,2.3087668189205224
14,8,0.1265752156266672,0.15337590803790294,0.14007984679863347,0.13301424890247213,0.1267663289609272,0.1325562720241594,0.022409552064794523,0.04495488035859897,0.3,0.8,0.9,15,2.0127799839248035,2.0961225057782986
14,9,0.12274517959447019,0.14671074995806316,0.1333329893733317,0.12925160428699511,0.10512160834908668,0.13784583906339412,0.02125502271823569,0.04263319134132984,0.3,0.8,0.9,17,1.976356596915237,1.994601839311133
14,10,0.12216769945455505,0.14422282457316066,0.13079045611058027,0.12890097350558943,0.1033736138494668,0.1355142243328994,0.021911996539372505,0.043962307301766465,0.3,0.8,0.9,19,1.9683361849319296,1.963279015971097
14,11,0.11955012507964949,0.14103821506763364,0.1275896623301267,0.1455540806869499,0.09581249156292677,0.1350155672504403,0.021156442154819405,0.04241617789435964,0.3,0.8,0.9,35,1.9373779571604235,1.935599510310664
14,12,0.12222781302834487,0.1450637217861092,0.13592528632718565,0.1276173683356335,0.0988018332499519,0.1365806327509659,0.022021666281025865,0.04417220298541244,0.3,0.8,0.9,36,1.952203283640956,1.9288711303935933
14,13,0.12005334568450998,0.14130708628149044,0.12927591050527262,0.15358251451661076,0.0973133356575249,0.135009281150559,0.02165626790197097,0.043186947116486546,0.3,0.8,0.9,42,1.9954981467448287,1.9583564318541808
14,14,0.1150857290487613,0.13624716706326875,0.12421335251950077,0.14969962884101973,0.09234504421379913,0.1325811169654282,0.02046394440333359,0.03962147848171355,0.3,0.8,0.9,43,1.9980563149698205,1.9629076221359305
14,15,0.11488105779105579,0.1358123823933007,0.12377190127489224,0.15043226734616127,0.0931381363849886,0.1323463522721669,0.02047017844284288,0.0396782615878163,0.3,0.8,0.9,44,1.9828301938802415,1.947179328133271
14,16,0.1144865990657724,0.13527985640753448,0.12323557024462393,0.15107351127431196,0.09231849270051046,0.13238506730811517,0.02030126674423129,0.03950405139760155,0.3,0.8,0.9,45,1.97705182044571,1.955042238800464
14,17,0.1115997776739279,0.13232784998230407,0.12028171206858135,0.14930041923481918,0.08905650679344262,0.13047530424543421,0.019095205590488856,0.03806468839713229,0.3,0.8,0.9,46,1.964642830872312,2.05113106355624
14,18,0.11231871757629644,0.13248621485712125,0.11900007166869955,0.1534787309949264,0.08996685255580245,0.13151103917471324,0.019228804832388365,0.03847791062602527,0.3,0.8,0.9,47,1.978941832122537,2.088195087787014
14,19,0.11933488444641473,0.1397456736504812,0.1276903321638757,0.1602473104635031,0.09804104580581655,0.1335724491281443,0.02197569900048726,0.04335895158002664,0.3,0.8,0.9,48,1.9771563333857047,1.9545644685130108
14,20,0.11140850633992427,0.13070767504563902,0.11862091892803638,0.1523138342160401,0.09614148686629154,0.13003321458081554,0.019702902907893484,0.03876567303361124,0.3,0.8,0.9,49,1.9685713723570053,2.031703515060452
14,21,0.11135326860201827,0.12958960841886133,0.11604856991005433,0.1563639271992255,0.09179971226603445,0.13034626921975043,0.01979501236208461,0.03905266173079061,0.3,0.8,0.9,51,1.96368479830222,2.07179883032985
14,22,0.11088261602621508,0.12869486301006894,0.11514186229970194,0.15662291493497243,0.09243119729689911,0.13031110483280528,0.019722979729141422,0.03899020170166582,0.3,0.8,0.9,52,1.956871612400937,2.073702895640114
14,23,0.11060921877473041,0.12821085192375273,0.11465174934575659,0.15730766169720947,0.09108489701043838,0.13029069103277832,0.01966354497308862,0.038936671017826135,0.3,0.8,0.9,53,1.9519717405032853,2.076316432650767
14,24,0.11046817618971924,0.12800106953940102,0.11444011543702329,0.15827659680606382,0.09017634267009164,0.13028069411938037,0.019613488770370977,0.038890111510018636,0.3,0.8,0.9,54,1.9484047034804024,2.079322518436724
14,25,0.11341920660195019,0.1314810833404376,0.12078319585995148,0.17560882248924528,0.09429475938451488,0.13168719587184935,0.0212719799445147,0.04060697631437697,0.3,0.8,0.9,56,1.969853027161736,1.9699083278048677
14,26,0.11312040902163914,0.13092560097508915,0.12022046389470187,0.17777237084453135,0.09372503830107623,0.1294330588642055,0.02159346968813215,0.04097230628348444,0.3,0.8,0.9,58,1.9960770821870517,1.9936403360656056
14,27,0.11225246251951018,0.12903219513019373,0.11829801306207244,0.17991305407983446,0.09492527510633267,0.13081436432757465,0.021397593748931448,0.04064447367743499,0.3,0.8,0.9,61,1.955910004441471,1.9811257053152247
14,28,0.11180023189187599,0.128678354139831,0.11937126167885337,0.1831628780213802,0.0935203935770608,0.13082437465619512,0.021349727048610562,0.04051869610229028,0.3,0.8,0.9,64,1.960243923856876,1.9744561711023705
14,29,0.11557597844456577,0.13238326063996617,0.12307418684184868,0.1903260769110603,0.09703767906705746,0.13305441620373432,0.022151012760401382,0.04332197248735777,0.3,0.8,0.9,65,1.9826346115243536,2.0333301287227368
14,30,0.11111975458723952,0.12761803070800118,0.11830017941177476,0.1869376832234589,0.09420723187235566,0.12941975071868136,0.021426376428415318,0.04050273998231269,0.3,0.8,0.9,66,1.9833913054477204,1.9700986612336668
14,31,0.11077971254496331,0.1278565216655024,0.12140330197873471,0.1867762326362265,0.094527387176388,0.12455772025216298,0.021570894203718303,0.04194927752594742,0.3,0.8,0.9,67,1.978320602903593,1.963936326077558
14,32,0.1107754615224378,0.12784083382134517,0.12138727151086262,0.1881863698826449,0.09244961540775397,0.12589318221837317,0.021378659492187858,0.04168051357458535,0.3,0.8,0.9,68,1.9644583606289452,1.93951932514302
14,33,0.10917550231638194,0.1242558697894887,0.11774670881937202,0.19444977869176677,0.09400438908110234,0.12798152996210296,0.02100249932701381,0.04130352396371819,0.3,0.8,0.9,75,1.977438352170524,1.9629413287142683
14,34,0.10855334078308307,0.12295460409961056,0.1164264348666498,0.19649455312587255,0.09326282035377628,0.1279366398742679,0.020955076788750606,0.04126858482229278,0.3,0.8,0.9,79,1.9787468121713376,1.972749297355212
14,35,0.10985097478908329,0.12596195932330628,0.1251786079707986,0.2603542325826588,0.09376543759899113,0.1291016986199734,0.021214174619091346,0.04225993233442421,0.3,0.8,0.9,116,1.9610865715301948,1.9712255718924525
14,36,0.11063070887404763,0.12669332475530112,0.12590866804074335,0.2697791407197711,0.09483468588194138,0.13037679018813225,0.021907513248806975,0.042127910285182285,0.3,0.8,0.9,117,1.9893635593375705,1.9661961175579543
14,37,0.10782726580344251,0.12251309104268412,0.12026565238257936,0.2748787005020769,0.09504735433756956,0.13111341143927352,0.021225047432489676,0.04016516693488496,0.3,0.8,0.9,119,1.99003578369482,1.9756384626598973
14,38,0.1100975628409249,0.12558879445108942,0.1262123016261679,0.2800892682704966,0.0950132560743744,0.13260870002285352,0.021749588523740985,0.041849891279943034,0.3,0.8,0.9,124,1.959720696932392,1.9700843074627927
14,39,0.10778554366510645,0.12274579290221313,0.12193033217250811,0.2929555411714477,0.09265906677555469,0.13061386238306413,0.02145547356816392,0.04025625156716037,0.3,0.8,0.9,128,1.9974458007105875,1.974779832890046
14,40,0.11010685959610009,0.12618329250635718,0.12967192249847795,0.2945087576210543,0.09691387872223592,0.13318321752008025,0.021785119325448857,0.04195631941049614,0.3,0.8,0.9,129,1.9576500259024752,1.9796219213828643
14,41,0.11035727196197409,0.125991275094647,0.12946763735085223,0.29428613847378454,0.09827410533143266,0.13383749508216464,0.02199326493099402,0.04221772137075104,0.3,0.8,0.9,130,1.9638087184853457,1.969616261389806
14,42,0.1096434723513935,0.12499306069634222,0.12846145101585685,0.2996234597604373,0.09565764741422303,0.1322733453002905,0.021596132071814902,0.04254682938252647,0.3,0.8,0.9,134,1.9713824345461688,2.0138198838865806
15,0,0.8760389052208347,0.945228274412259,0.9424608506816968,0.9417200034632436,0.031018084180743866,0.09906881696516891,0.0005117264185314691,0.0009867310626311334,0.3,0.8,0.9,1,8.05509377978389,17.654137207166674
15,1,0.5504669749835477,0.7196759948803947,0.713341737803989,0.7100554901607588,0.4009142265178443,0.10536213523021525,0.0009981822116821761,0.0020990485686630863,0.3,0.8,0.9,3,5.622300530468514,10.315387781718252
15,2,0.4573228548944797,0.6379168035073981,0.6316711996875833,0.6270434766119392,0.17726836634100346,0.1068881638709757,0.0023468917450491598,0.005182973656284637,0.3,0.8,0.9,5,4.911984990247233,8.210468015671928
15,3,0.30696131878046845,0.47546800966726327,0.46657753193475276,0.4604098265425792,0.3177263605704562,0.11685681389991245,0.003850344419710406,0.008573516606999626,0.3,0.8,0.9,7,3.80085391121622,5.99636146959722
15,4,0.16606072218930687,0.22318971988220282,0.20938324177471274,0.19785581009848704,0.6142657316731666,0.15721112876736865,0.02193838128487756,0.049168971526389854,0.3,0.8,0.9,9,2.1697401912636995,2.715990592858525
15,5,0.1465746870042702,0.17711285907001006,0.16392531974595964,0.15268233566279282,0.19906835503556844,0.1496001663809399,0.024824126691049553,0.055767443943475145,0.3,0.8,0.9,11,1.983230614881432,2.0615750708771947
15,6,0.1358190743200069,0.16427580506889178,0.15102762995165225,0.14515571371780428,0.10805198217718238,0.14631685040125128,0.021997492995828212,0.04942716002624012,0.3,0.8,0.9,17,2.0051740521991994,2.10833091633798
15,7,0.13149814815827895,0.15889324339383648,0.1456144592070177,0.14074326895192799,0.108892996513233,0.14880301654755757,0.020921956635180143,0.045766834098510595,0.3,0.8,0.9,18,2.0033593484201644,2.1403759958556736
15,8,0.13430076298615065,0.16215115757152132,0.1503092581830379,0.14787019207890167,0.10550638880805516,0.14707522282167193,0.021713444949790543,0.04877210928210576,0.3,0.8,0.9,19,1.9965685740905463,2.093871838228724
15,9,0.13394766596106417,0.16262535529895716,0.15365491104505927,0.15418100331397494,0.10532295390720064,0.14665810633943693,0.02167055460144174,0.048673834010568164,0.3,0.8,0.9,23,1.996237823068563,2.0919240927411527
15,10,0.13544014890295655,0.16300178291371906,0.1511515042848816,0.15672245837443113,0.10776007763491935,0.1458103790014165,0.021787362149173695,0.050668457478717906,0.3,0.8,0.9,24,1.9994993298181205,2.1374868637114552
15,11,0.13541801764116082,0.1624854626293833,0.1506209998338696,0.1573972111408415,0.1101125803261245,0.14735767064155925,0.021894767478121795,0.05050190850659532,0.3,0.8,0.9,25,1.9944711260961592,2.1181275910326254
15,12,0.134417451791188,0.16105926233504864,0.1491826152546784,0.15716704926606198,0.10906011397666643,0.14571129157158322,0.022115165461223114,0.05014567034529347,0.3,0.8,0.9,26,1.990039782536681,2.1408071475029518
15,13,0.13538559368521114,0.16352181597214832,0.15738350541795845,0.17789613179286579,0.10811848272664809,0.1464695706278319,0.021922645642741965,0.051524017992659765,0.3,0.8,0.9,35,1.991760553871543,2.241618240294953
15,14,0.12710081426187103,0.1544667310659851,0.1483060509181805,0.16904995656189276,0.10249922312638163,0.14795414114474342,0.01981456952720168,0.044423248079366595,0.3,0.8,0.9,37,1.981871238094385,2.022881784410337
15,15,0.12942403351958956,0.155659431407786,0.15089027788861925,0.1736967532459779,0.10863862018214068,0.14874501358745953,0.021014649019150837,0.047178293581540846,0.3,0.8,0.9,39,1.9791481896994487,1.993063863851483
15,16,0.12346309010280526,0.14767425870003023,0.14142312047976513,0.16737980926553253,0.10378221130319926,0.14527468520734357,0.01972764499209063,0.04429343635354501,0.3,0.8,0.9,41,1.9832708411478157,1.9824809687335303
15,17,0.12922116822904178,0.15377896601922664,0.14896184292697096,0.17990298110562603,0.10584753801872498,0.1482696593022787,0.02148591137673159,0.04824889180091568,0.3,0.8,0.9,42,1.9614584283394856,1.93877001593358
15,18,0.12655907868777333,0.14993930536891958,0.14508870285746747,0.1760524506045123,0.11031050296147207,0.14615989293830808,0.02106947448810289,0.04744959295541745,0.3,0.8,0.9,43,1.96447684500079,1.949461816924108
15,19,0.1268117186354054,0.1505748175255067,0.14715897011781143,0.1832013880883961,0.10391747596891251,0.14704494624438216,0.02111822987965774,0.047476785968704666,0.3,0.8,0.9,46,1.962726342393716,1.941547128006579
15,20,0.12708035850540494,0.1508940943092667,0.15032772188081756,0.20006308549466023,0.10533253788189517,0.14913512931615172,0.021125844382148165,0.047896335240863036,0.3,0.8,0.9,55,1.954989641838494,1.973565915812806
15,21,0.12227120349067402,0.14526146586693528,0.14324754207544022,0.1948813469106442,0.10225878266444902,0.14726174547762644,0.01985398286832062,0.044626000773900436,0.3,0.8,0.9,56,1.9628056144227128,1.9819566500497008
15,22,0.12255855425448947,0.1447215669880179,0.14268417245876638,0.2002857908231445,0.10281838853579775,0.13847081774762376,0.01944559933826915,0.04899858938343807,0.3,0.8,0.9,59,1.9967540903198049,2.0723372547903147
15,23,0.12010194474199082,0.14099474759038147,0.14319397519229984,0.21334480190335722,0.10315434255912301,0.1458353292167846,0.020152655914811305,0.04561246257215975,0.3,0.8,0.9,66,1.974878290402788,2.024838390610575
15,24,0.12008662369444707,0.1412874631481253,0.14491950183245011,0.2178192444616548,0.10152661881130084,0.14583226242552372,0.020194611421335468,0.04570884157090509,0.3,0.8,0.9,68,1.973541712755842,2.019401276271244
15,25,0.12001954837474492,0.1416125440819081,0.14667983834991333,0.22235078423422783,0.1012842296727258,0.14583226242552372,0.020194611421335468,0.04570884157090509,0.3,0.8,0.9,70,1.9745313867017376,2.0186957227217524
15,26,0.1188952407599671,0.14197602576619142,0.15278168415096577,0.24659541256736162,0.10049037440521598,0.1441650803056199,0.020233363389833243,0.045350322504428456,0.3,0.8,0.9,80,1.976382476992244,2.030492468378702
15,27,0.11991048665895225,0.14182423059294622,0.14974864701856141,0.24744743967548521,0.10206780309992294,0.14597953776867992,0.020252330396260124,0.04605042017113834,0.3,0.8,0.9,82,1.9775473611839176,2.0264104796211417
15,28,0.12060376123963493,0.14232100427526367,0.151664121568898,0.25715818522503026,0.10322730791261522,0.1451471132985945,0.020927350018307544,0.047096869073089784,0.3,0.8,0.9,89,1.9906877629736264,2.0275870882443594
15,29,0.12004601279627648,0.14166614356024887,0.15100662231276316,0.258123333444028,0.10275251694328333,0.14560851337932784,0.020784373006350287,0.046536672596344746,0.3,0.8,0.9,90,1.987657104608044,2.022511218446346
15,30,0.11927756420441912,0.14163242271529744,0.15384207018376306,0.2623133427290291,0.10201162325081864,0.1445503716931753,0.020684655180718183,0.04631586736462591,0.3,0.8,0.9,93,1.985317283568564,2.023887031397521
15,31,0.11940536008824922,0.14058025950797137,0.14990826675952337,0.26373569767165905,0.10323197779038601,0.14518235877343771,0.020715684961798875,0.0464234830081935,0.3,0.8,0.9,94,1.9891012355642093,2.0190647528709227
15,32,0.12139899835962495,0.14219380065620235,0.15151115106824445,0.2687689180208569,0.10639489919545161,0.14336988341368057,0.02168366985984209,0.04871930378592454,0.3,0.8,0.9,95,2.0024430960675925,1.9943605284860488
15,33,0.11891625414797043,0.14102019556744977,0.15464690473764836,0.29516354239669823,0.10189987068488827,0.14519128951682672,0.020643360185623395,0.04638166574517107,0.3,0.8,0.9,103,1.9840005883360223,2.014858281220377
15,34,0.11922181151805746,0.14223602700034849,0.15873657994593635,0.30740068325567493,0.10219084452239491,0.14515147086461164,0.020647633302225795,0.04676597052162236,0.3,0.8,0.9,109,1.988379008768361,2.0055958423028053
15,35,0.11961906764291899,0.14307157521282743,0.16100880059865474,0.3062053811055977,0.1026885759007809,0.1453966568952883,0.02066863463218479,0.047139688073407786,0.3,0.8,0.9,111,1.981095202916536,2.007069945741068
15,36,0.11886107331547005,0.14299946369840247,0.16380432040320328,0.3245971233742362,0.10279162123235061,0.14525066192246888,0.02066109330983792,0.04658666637155359,0.3,0.8,0.9,113,1.9835882811060563,2.0343874833829543
15,37,0.11948037877525285,0.14345801473873832,0.1642583345634771,0.3407717056011889,0.10288235163230038,0.1453915030132572,0.020763873702054604,0.04727858398205527,0.3,0.8,0.9,122,1.9853318517402645,2.000051408505544
15,38,0.12347026815131923,0.14869973065795827,0.1738077332116382,0.4165251139837836,0.10693266689610696,0.1474543565036285,0.02170532246933781,0.0503407319876827,0.3,0.8,0.9,161,1.9704774604978297,2.0561720249860267
15,39,0.12431328117312951,0.14934416057153643,0.17444661714511936,0.42242036447551085,0.10848159394178207,0.14878042234870462,0.021638368129342035,0.05107000670563127,0.3,0.8,0.9,163,1.9743460112398004,2.0237125079549294
15,40,0.12478907626661662,0.1492786002603507,0.17294181121181443,0.4157266852847365,0.10862709810007068,0.14869086823459093,0.021781880642826077,0.051559457069309464,0.3,0.8,0.9,165,1.9668077701697704,2.023842349133175
15,41,0.12468952116167084,0.14949861647306087,0.1745948325467776,0.42165305832869615,0.10890657391062475,0.14958738986493597,0.02172234214980491,0.05133988925724731,0.3,0.8,0.9,167,1.9692200569122071,2.0179272221301177
15,42,0.1252665836978045,0.15024473221126422,0.1767700562054092,0.43068781404331785,0.1110362490814701,0.15107556632926342,0.021824572398367135,0.05166344663194229,0.3,0.8,0.9,168,1.969864016902904,2.0351900044566467
15,43,0.12171849375395871,0.14689192086275904,0.17484703779833127,0.4392218088455124,0.10627319458555676,0.14889051853517407,0.02157205390767228,0.048919786292148826,0.3,0.8,0.9,173,1.9743649242385743,2.039749764399242
16,0,0.8835903299952742,0.9499170149770738,0.947212670974898,0.9465654202074132,0.031655494906980754,0.1012187323421632,0.0005139932544448518,0.0009763117786399022,0.3,0.8,0.9,1,7.862790902339466,17.654137207166674
16,1,0.5550570518586576,0.7236780471099705,0.7173888621193081,0.714168894915499,0.40391559273376537,0.10925201811935177,0.0010102687106718846,0.002039413879859098,0.3,0.8,0.9,3,5.52586798063918,10.315387781718252
16,2,0.4628226237437075,0.6431835902164081,0.6370019091154031,0.6324685878385241,0.17649553464949086,0.11198502406691328,0.002308927738630125,0.004821351056212358,0.3,0.8,0.9,5,4.789210779268485,8.204944519951482
16,3,0.36884965405317194,0.5467458437288207,0.5375084581813709,0.5335405503540972,0.2139361324337623,0.13193685130381705,0.0030086809749798266,0.006263359887722433,0.3,0.8,0.9,7,4.175015748671892,7.29429095331803
16,4,0.3378620510873665,0.5076945874195856,0.5003141574136015,0.4933014929265721,0.2822943682276458,0.1391868142058444,0.01153692181843436,0.024410067965237703,0.3,0.8,0.9,8,3.7104928628505975,7.001803443239735
16,5,0.14915316128803324,0.2106786278109798,0.19843378728010053,0.18583632999730726,1.0880217165114356,0.14551511685156332,0.01646625025884612,0.03466020138765536,0.3,0.8,0.9,9,2.3528123346010523,2.8161480353276094
16,6,0.13440080719542988,0.15884374526331108,0.14547965977228372,0.13327781199447883,0.22300570457030425,0.1517485333695324,0.023233568184037084,0.0487439760409425,0.3,0.8,0.9,11,2.0694849405193048,2.078153579152858
16,7,0.1341401098875789,0.1585538808931828,0.1466129870149675,0.13720805574535727,0.10963273416558483,0.15165862503637545,0.023309665744538133,0.048888520929946964,0.3,0.8,0.9,13,2.060134170781598,2.0662684809711918
16,8,0.12932300577588085,0.15188695545794156,0.14131682001238452,0.13615670183326503,0.10869403416573331,0.1565762349434212,0.021697967248748402,0.045490833855154754,0.3,0.8,0.9,17,2.0399736525191408,1.9912469590423352
16,9,0.1232377214196386,0.14266984038483518,0.13343466949065577,0.13075867066871866,0.10742965230167484,0.15451124091341617,0.020759357591608,0.04355411122867256,0.3,0.8,0.9,21,2.0350361681896776,1.952124485757067
16,10,0.12482206264154508,0.14408204463366955,0.1362662693537095,0.14027054303831288,0.1052128824006236,0.15478415344919738,0.02151070573419917,0.04514196602437474,0.3,0.8,0.9,25,2.030287686632746,1.9320444609025744
16,11,0.12430949193289162,0.1437632329131972,0.1388012381369088,0.15421747808101816,0.10492252707323983,0.15435068527007612,0.021625574489358607,0.04529753608343444,0.3,0.8,0.9,33,2.023435715039286,1.9484455820508544
16,12,0.1241251704745501,0.1435129488372229,0.138549074493103,0.15928636627422751,0.1046299151636528,0.15445358855070962,0.02154160235374076,0.045192559012460054,0.3,0.8,0.9,34,2.0313673291711294,1.9397637463894408
16,13,0.12498212874925485,0.14461861485670485,0.14108588506454656,0.17085302051791307,0.10571793614321548,0.15476898891235896,0.021968323401217408,0.0458641892994679,0.3,0.8,0.9,37,2.025563917605059,1.957659825186873
16,14,0.12546430742399867,0.1452556157737986,0.14315111336942477,0.17542835213143596,0.10664568622432463,0.15407416498418375,0.022403732317225117,0.046532563388611566,0.3,0.8,0.9,40,2.019119544827485,2.034428728674675
16,15,0.12534674460969458,0.14512143158006727,0.14301645696565043,0.16133165661914792,0.10601579267193123,0.15401498847447587,0.02237385163247883,0.04646301429156517,0.3,0.8,0.9,41,2.019173194955434,2.0340555891915737
16,16,0.12534492254319513,0.1447133851002197,0.14259717084746287,0.1733779382054666,0.10859864026968785,0.15455714368073212,0.022396532242383284,0.046624482049081185,0.3,0.8,0.9,42,2.018275210875314,2.038495002639921
16,17,0.12571953336295577,0.14580441548038986,0.1465567122867435,0.18033737069969613,0.10748660072997573,0.15382610931432883,0.022553590952335275,0.04735453348954548,0.3,0.8,0.9,44,2.0192064555918003,2.0322065975811934
16,18,0.12541953103540066,0.14501692245657666,0.14433118582660104,0.18336138044950068,0.10655447938074784,0.15334150377701464,0.022464719156546277,0.047272574516421265,0.3,0.8,0.9,46,2.016902279798555,2.0522507136470955
16,19,0.12523781214798066,0.1447317835029555,0.14404316747745335,0.18278345886234346,0.1070215449359089,0.15573982975283024,0.02230448806265364,0.04650628145596564,0.3,0.8,0.9,47,2.0202983548655733,2.069854981974303
16,20,0.1252879093609669,0.14476317940445987,0.14407417484640433,0.18433914364394785,0.1065954888320925,0.15553775714670556,0.02234341931718332,0.046611558988376836,0.3,0.8,0.9,48,2.0191864949423723,2.0597137833058623
16,21,0.1250215539711499,0.14504750218351578,0.14722232367350063,0.18406196922619408,0.10769618287040908,0.1542673307174623,0.022498495584208234,0.046958380305697246,0.3,0.8,0.9,50,2.016765823652654,2.0329018986413647
16,22,0.12399641117856172,0.14363922016646072,0.14580332940932705,0.19791967610028044,0.10803765373198923,0.1525375157972179,0.022465427187636045,0.04676714159036223,0.3,0.8,0.9,51,2.01753907314886,2.121526058739866
16,23,0.12465370768999617,0.1444134135483608,0.14800505656496338,0.20177918303631975,0.10745747838095904,0.15577988312529195,0.0225004196659866,0.04670444248240758,0.3,0.8,0.9,54,2.016175539314023,2.043885879872876
16,24,0.1256877898761371,0.14545954077437348,0.1504757732628066,0.2054954427154484,0.1095088018663995,0.15745658119375297,0.022839675764699672,0.04740467236005563,0.3,0.8,0.9,56,2.01455905864742,2.0493187417368426
16,25,0.12543930185969876,0.14470895868851516,0.1482868338880147,0.1850646941521695,0.10810032555594873,0.15732092160311123,0.022797756473608002,0.047234807939188606,0.3,0.8,0.9,57,2.015314650730188,2.0514629008734198
16,26,0.12575180492484958,0.14626763151396652,0.15415299494969992,0.2306206991151339,0.10853089530856067,0.1578347513223794,0.022750687971249826,0.047611826494682576,0.3,0.8,0.9,65,2.015803659656777,2.0759426807098054
16,27,0.12630974078887772,0.14679448261039404,0.15467882722089182,0.22731889834280397,0.10916159134942852,0.15785901197924343,0.022968187522399437,0.048057672762581986,0.3,0.8,0.9,66,2.014496506202161,2.07326210152187
16,28,0.12672989401051934,0.14716570269664062,0.15504869558338902,0.23952814601702518,0.1095379857824636,0.15809811421123515,0.023050444926766268,0.04841529139113972,0.3,0.8,0.9,69,2.0133030442589046,2.0238332723345804
16,29,0.1254378566412763,0.14575090846392544,0.1536303921153262,0.2413942685665248,0.10895711322224844,0.1567913800112226,0.0230529749975915,0.04752181048771982,0.3,0.8,0.9,70,2.0130593858680363,2.036781738194714
16,30,0.12615461539188366,0.1458254300831286,0.1522627699457731,0.2387618840790583,0.11005978216277046,0.15786112759277168,0.02299737106109439,0.04815882069612081,0.3,0.8,0.9,71,2.012316531656242,2.051468787612884
16,31,0.12625105446783788,0.14634673916098226,0.1542202697550532,0.24346457691585102,0.1093809779730118,0.15751936021552798,0.023089327298056492,0.04834277668638929,0.3,0.8,0.9,73,2.012820500782188,2.0674364913045085
16,32,0.1254027339846867,0.14587176264568483,0.15517996534531434,0.24416935498275025,0.10905354081224389,0.15756059012528406,0.022944690637780256,0.04760499872086396,0.3,0.8,0.9,74,2.014963061087732,2.1225114260296696
16,33,0.12406785097055101,0.14451358766746047,0.1538210773026405,0.26441626286549413,0.10717153417742163,0.15282829286400929,0.02277625471733433,0.04786973345246199,0.3,0.8,0.9,81,2.0164292735094222,2.162393976657939
16,34,0.13011849559286925,0.150799370479393,0.16153789407774755,0.2702100773275092,0.1147988630953185,0.1529539535721805,0.02320465301199568,0.05438200822196326,0.3,0.8,0.9,82,2.019999699286321,2.281601636266231
16,35,0.12521146066000832,0.14530717564614481,0.15460499945003073,0.2752526772530768,0.10872631048378023,0.15128770145408793,0.02282825598318453,0.049916972311725705,0.3,0.8,0.9,86,2.0150581023677816,2.1340669638612817
16,36,0.12864845561767094,0.15060882375380444,0.16565580782549819,0.2937599964031685,0.11208582542900117,0.15835155283261787,0.023249163824209877,0.05103883235391025,0.3,0.8,0.9,91,2.017427678906328,2.128035298777871
16,37,0.12897067717041313,0.15139918706530242,0.16788341699051115,0.29930960918523647,0.11238742816735275,0.15829549673428414,0.023361166165153303,0.05132231308416627,0.3,0.8,0.9,93,2.0174430357202824,2.13377086809942
16,38,0.1451023785088016,0.16635800015448432,0.17996102554953886,0.31350844614278006,0.12931864206859964,0.15075416858463248,0.024586836398495484,0.07086696918107584,0.3,0.8,0.9,95,2.0314582900943363,2.3346906431491634
16,39,0.1396459960355877,0.1605543073849706,0.174147648177621,0.30057103003506946,0.12562537565491194,0.1561855939869803,0.027392603658945514,0.06080591090053427,0.3,0.8,0.9,96,2.0274713587459345,2.105051279061505
16,40,0.14088134476378517,0.1618867009047963,0.17690701981008095,0.3196845062475463,0.12559439672256284,0.1566174845081881,0.027798139811911565,0.06200646630404973,0.3,0.8,0.9,100,2.029369788083013,2.1187971929012543
16,41,0.13958848829540288,0.16150001639352307,0.1793941236665884,0.33463314496710056,0.123781637994965,0.14285897329921243,0.024387664178706827,0.06822667768093445,0.3,0.8,0.9,105,2.028426789940564,2.2917190221244814
16,42,0.13892855591317366,0.1612727602031718,0.18060315975054125,0.33734901894324587,0.12326729126388875,0.14454584644432508,0.02432318342405826,0.06702549363556758,0.3,0.8,0.9,107,2.0291541903529144,2.3486096418301527
16,43,0.13494438554636864,0.15770982408107162,0.17847640531395811,0.33899754143257765,0.11948825297930807,0.16047815690682857,0.023499936009033006,0.058067182195570735,0.3,0.8,0.9,108,2.010689557868004,2.210642492835228
16,44,0.13514321072161725,0.15756519286589113,0.17832217272100195,0.3385952113349007,0.120659985830047,0.1605148736599043,0.023516454363628928,0.05856251508317002,0.3,0.8,0.9,110,2.0127951068946324,2.2072171393904663
16,45,0.13514321049616354,0.15804040016837476,0.1802350152020603,0.34599667120996075,0.11967493324307663,0.16051487364461847,0.023516454359328774,0.0585625148370257,0.3,0.8,0.9,113,2.012795106893007,2.2071991716224795
16,46,0.13537696621080741,0.15808523818068554,0.1802745571345904,0.34756375844662973,0.12113708048702132,0.15691839834608468,0.023623965998817966,0.060090974998235486,0.3,0.8,0.9,114,2.0072928681045408,2.1688950946698315
16,47,0.1341854182311857,0.15667433725678837,0.17885739693971658,0.3635432101628904,0.11928431703694406,0.1580258566818002,0.024359699680572458,0.057935879062555685,0.3,0.8,0.9,119,2.040164108840154,2.176087285890285
16,48,0.1334819792949665,0.1555112921586084,0.1776815748062188,0.3675700827857093,0.11957254997939834,0.15901132999595893,0.02397709082241769,0.05756736747198734,0.3,0.8,0.9,122,2.038687763056114,2.195453120289077
16,49,0.13556534996213787,0.15747169007247175,0.17963875115370145,0.37822477764348744,0.12102073224776819,0.15302233918294703,0.02392889581163232,0.06202865214759859,0.3,0.8,0.9,127,2.035974363097316,2.187159258756149
16,50,0.12993109717813742,0.15411519927642123,0.18346704597058253,0.421414771380221,0.11536339632453058,0.1562091398825128,0.023476284406301607,0.05519413977374208,0.3,0.8,0.9,139,2.0392529024177954,2.1486979290217127
16,51,0.1316416686676565,0.15656396857140922,0.1887851228401895,0.45437094041261067,0.11730543304953184,0.15990469142880417,0.023284111651303726,0.056218704188313186,0.3,0.8,0.9,150,2.035356147211318,2.165497323901991
16,52,0.12931022627892222,0.15464114660478467,0.18829784299406027,0.4597866064077136,0.11495950731797934,0.1498576190437764,0.023642529277148744,0.05671665974295567,0.3,0.8,0.9,159,2.0403406779330786,2.1914028559093834
16,53,0.13037406651436062,0.15472430663781564,0.18550527063796018,0.4218394589086584,0.11602776698193429,0.1512798288544678,0.023352228150314076,0.0577088654747433,0.3,0.8,0.9,167,2.040122387988206,2.126753567378661
16,54,0.12867621987714375,0.15485016439317079,0.19137882499000364,0.48117603978841916,0.11458717728887366,0.14984019516429642,0.023541639453604938,0.056201071478936895,0.3,0.8,0.9,169,2.039977493582676,2.1914657890577227
16,55,0.1288205117148531,0.1572899131358148,0.2010041377692691,0.558832120047884,0.11458895836668648,0.1594882951234753,0.02510784815098962,0.051823489025595706,0.3,0.8,0.9,197,2.041261518723372,2.141151220076493
16,56,0.13002785103318756,0.15832656631160846,0.2020361154327632,0.5579891927147131,0.11691210448514855,0.1644860291749901,0.02528758421304685,0.051487646693349494,0.3,0.8,0.9,198,2.033272816588142,2.1540329941138867
17,0,0.9695754719972504,0.9981350438893095,0.9961887792601901,0.9966639168454746,0.031247588254387566,0.09967216369853785,0.0005093334596091272,0.0010427470857099015,0.3,0.8,0.9,1,8.35784507941874,17.79251979610061
17,1,0.8949423629462903,0.9517056722352427,0.949205780022124,0.9495456847766529,0.1341049342210687,0.06666617735388014,0.00010949940803213238,0.0002658898853256735,0.3,0.8,0.9,2,7.717706558291883,18.455427322030108
17,2,0.5549734407510273,0.723111382635804,0.7168580193434424,0.7136915691824615,0.8041676761299539,0.09955682130519272,0.0010094151763651344,0.0020762291705201602,0.3,0.8,0.9,3,5.448198886378501,10.315387781718252
17,3,0.4637238969117392,0.6444179048640475,0.6381424880373009,0.6329304657366722,0.19707192567637974,0.11886641170801879,0.004105088710536254,0.008981424851954224,0.3,0.8,0.9,5,4.77045185707484,9.391119829046191
17,4,0.28891310476584764,0.4430799668814808,0.4331922657025792,0.42405463165694895,0.4487409347452249,0.12732669578521646,0.014358232752212876,0.030841170154769493,0.3,0.8,0.9,7,3.218733476092543,5.816638038388538
17,5,0.15820519554121654,0.21610448533193563,0.20232227447771098,0.19083070106511965,0.5006348682559044,0.1332656416585622,0.022146698881552202,0.04736500195339274,0.3,0.8,0.9,9,2.1500790752665027,2.727338202533053
17,6,0.15823847657937593,0.2158430456298263,0.20205152038750165,0.19246723077548306,0.10161314537295235,0.12836521289520839,0.022688619673760263,0.048887839639777324,0.3,0.8,0.9,11,2.190537766371503,2.6977093912851684
17,7,0.1247330656762429,0.15564365731847563,0.1424670898670607,0.13340912040064626,0.17732250837147737,0.126820015387501,0.02002183134770309,0.04300012712489159,0.3,0.8,0.9,13,2.013803688989225,2.1832974171700004
17,8,0.12779172002980344,0.15641651062269307,0.14459712873240183,0.13878162792259213,0.10234269233719939,0.12779863320647497,0.021910821890198252,0.047051384572635566,0.3,0.8,0.9,17,1.9924000388240255,2.1085089848327594
17,9,0.12797218843319222,0.1564585612541502,0.14463517032787906,0.14222328749356186,0.09892589951615237,0.12805409752839586,0.021995111004341275,0.04722394765979687,0.3,0.8,0.9,19,1.9903903797760232,2.1050254160556903
17,10,0.13126783317966106,0.16100668225016218,0.15349081664948427,0.15311703250680359,0.10221600110791977,0.12857608869082524,0.023217256788643198,0.04979063306926106,0.3,0.8,0.9,23,1.982927884388806,2.0802105010398138
17,11,0.12908938606862388,0.15733110760447103,0.14834812716966184,0.15743928810808927,0.103694419270676,0.12799018507487062,0.02279216880568511,0.04891573521016608,0.3,0.8,0.9,25,1.9836080363171047,2.0684550891989217
17,12,0.12904813251253663,0.1577489041889631,0.1502028454154184,0.15981723938450682,0.10067555756284263,0.1280077910319138,0.02278021813509462,0.04888995777404647,0.3,0.8,0.9,27,1.9822454290550409,2.068874658564869
17,13,0.12904655040279636,0.15822063119708618,0.152112068517018,0.16491329977387378,0.10063277215770366,0.1280077910319138,0.02278021813509462,0.04888995777404647,0.3,0.8,0.9,29,1.9824457416552477,2.0688166306286395
17,14,0.12269616446684384,0.1448320986094738,0.13282610668958758,0.14533430946028414,0.11377365193084066,0.13016813925252174,0.021809401751902477,0.046787334661086276,0.3,0.8,0.9,31,1.9481192971448045,1.9494293217657352
17,15,0.12314553826778046,0.14664670575655392,0.13895135895933328,0.16824451780738442,0.09914210267114162,0.12999278662579813,0.02201570014293839,0.04721785057399355,0.3,0.8,0.9,41,1.9579532367730443,2.000487697951667
17,16,0.12469714032391742,0.14887834385491056,0.14405055487723561,0.1749756988769564,0.10246822573044347,0.12934227958087663,0.02263384348412403,0.048858729435887156,0.3,0.8,0.9,42,1.9527825037308624,1.98861296486184
17,17,0.12360265787215582,0.14815599676558788,0.14476264808497435,0.17793178372867022,0.10017599647852848,0.12927886417751197,0.022272939156939297,0.048079660388841386,0.3,0.8,0.9,44,1.952957736963976,1.9885483127846035
17,18,0.12272676643245597,0.14720637625086308,0.14381101864252044,0.18424358524705908,0.09916676844028854,0.12965765077491692,0.02202818240860514,0.047265617275225685,0.3,0.8,0.9,48,1.9499830855666425,1.9829581177018456
17,19,0.1228060854715808,0.14290223378125722,0.1351102074092505,0.17485591178224058,0.11021415197127571,0.13102508349879635,0.022830746250265828,0.04889049178833342,0.3,0.8,0.9,50,1.952115973217876,2.0084630965971746
17,20,0.12291744539771654,0.14343078734405618,0.13707459030865057,0.17936243544068417,0.10190191479640448,0.13131748840051977,0.022857610620189373,0.04894572396214631,0.3,0.8,0.9,52,1.9558261625674,2.005932266062701
17,21,0.12252825416061063,0.14341566866681385,0.13849411591994742,0.19088164931431642,0.10171935812309396,0.13041587638718083,0.022792684263628467,0.04896309963750385,0.3,0.8,0.9,54,1.9492284596471003,2.014996887299893
17,22,0.12233087061374381,0.14355402730393757,0.1400662583294441,0.195036835825054,0.1017483372667991,0.1305166080469806,0.022812620361181413,0.04881906060440275,0.3,0.8,0.9,56,1.9471153102736771,1.987483654400412
17,23,0.12266088528994551,0.14647916287241441,0.15160924072000592,0.23840934501057043,0.10196390401724337,0.13023843484522374,0.022819376898274256,0.04950454405141558,0.3,0.8,0.9,74,1.9492077939597745,2.0171701008856004
17,24,0.12241238725357172,0.14578798945612362,0.15090552162403373,0.2408243920337173,0.10327977081778149,0.1331926521259832,0.02246502268805286,0.048959119220986363,0.3,0.8,0.9,76,1.938393052606612,1.9981550267009067
17,25,0.12098767564354934,0.1438059751123803,0.14890776739838701,0.24664651086258524,0.10166800778603913,0.13097664555291416,0.022471459028978607,0.04861184651100914,0.3,0.8,0.9,81,1.944715529124216,2.01641957031912
17,26,0.12106038182605854,0.14275927753609396,0.14498129108119984,0.2711581081957008,0.10132865067477911,0.12763015598487912,0.023083358366229514,0.04941651202001937,0.3,0.8,0.9,91,1.9451847848786703,2.012898010878472
17,27,0.11929094270227858,0.1410163955572727,0.1446631555246959,0.2753411407588495,0.10069101347042066,0.1290917762133639,0.022638365091267196,0.04776215337318146,0.3,0.8,0.9,94,1.9419428606537577,2.052585003865367
17,28,0.11869882788024291,0.14047923110624716,0.14555184927105244,0.28450097425772086,0.10018005164761204,0.12805128855751252,0.022602070527691552,0.047860478170977355,0.3,0.8,0.9,98,1.9385177617730307,2.0511185564395458
17,29,0.11855317597578854,0.13694158584058572,0.1319496391986983,0.17260587315856724,0.0995549672815757,0.12783174608246015,0.022535845659045702,0.047889611442231486,0.3,0.8,0.9,103,1.9398317794797648,2.0363715875230635
17,30,0.11912710620003698,0.13842424688885216,0.13630601420959573,0.18176431177858382,0.10014636330254986,0.129526455095053,0.022559197793134478,0.047978867986377016,0.3,0.8,0.9,107,1.9379378202540405,2.046056616203592
17,31,0.1182649674171311,0.1375479998955953,0.1354292391458261,0.1989785116700367,0.09923896895138595,0.1276959168321427,0.022578166669087848,0.04762668042190887,0.3,0.8,0.9,129,1.9426991020917208,2.036066134359293
17,32,0.12315986452668666,0.1480020226825725,0.16312984490427118,0.35539472242655434,0.10441168329751185,0.13027063857875237,0.023787736867386763,0.05126047008774844,0.3,0.8,0.9,134,1.941205036690083,1.995728642790626
17,33,0.1181713769833812,0.14241662929006463,0.15610358549446837,0.3690918348787644,0.09947275303907258,0.12772271506087152,0.022629138477277818,0.04770581118059907,0.3,0.8,0.9,140,1.9441145415291716,2.0378199810707267
17,34,0.12111814343226375,0.14805106094741038,0.17178291671811313,0.41258372091660944,0.10302109299857999,0.1287235046890806,0.02319225331665735,0.05071666413532786,0.3,0.8,0.9,158,1.9388477626105876,2.006520705223142
17,35,0.12114339314348918,0.14845128865566037,0.17361766794805342,0.4231955025729543,0.10306581525386,0.12999946362337017,0.023011384700239845,0.050569386982939,0.3,0.8,0.9,162,1.9386260059285936,2.0143121305480536
18,0,0.8866539756478019,0.9503979034613189,0.9477497601415784,0.9471857328681464,0.02853195282350126,0.09098593341265857,0.0005085444002636536,0.000921485866103074,0.3,0.8,0.9,1,7.690703603032868,17.654137207166674
18,1,0.5585890503352839,0.7262293846096567,0.720012528942317,0.7168997245996195,0.40016238139342813,0.1023421978227633,0.0009962858779328778,0.0020320573134316343,0.3,0.8,0.9,3,5.369479617595231,10.315387781718252
18,2,0.46369590389712184,0.6434597503140145,0.6358712473219218,0.6320954337714848,0.17955100541126434,0.10588489765608608,0.0024595103109404173,0.005363771655417377,0.3,0.8,0.9,5,4.760052862519391,8.233230282677923
18,3,0.4626771336279864,0.64294831410305,0.6367894094464622,0.6337068770297657,0.039714406219044,0.10582794457351063,0.002297899414406284,0.004995788911514499,0.3,0.8,0.9,6,4.745324425474703,8.20583538957495
18,4,0.3236090647644829,0.49580098205109246,0.4872434580699472,0.4815691620246791,0.5378957913155075,0.11594448840594632,0.0036087549015729457,0.007940944357067194,0.3,0.8,0.9,7,3.696291257698564,6.240953154818428
18,5,0.19792243655315458,0.3137874732090691,0.3020560112465097,0.29264156436909944,0.3926707214369944,0.12106225732682149,0.010695219347121032,0.0239513271835807,0.3,0.8,0.9,9,2.7912189909878435,3.960078008505934
18,6,0.17193396624712787,0.2804456509816613,0.2684213529916931,0.26019293519275605,0.11205901900384946,0.12012179231778623,0.007075324589740646,0.011306283275648954,0.3,0.8,0.9,10,2.599194740391197,5.967396521782664
18,7,0.12347570376480793,0.15340057125617582,0.1387713506282115,0.12698625133694888,0.627461614801462,0.1295133147357909,0.01886387664962704,0.04222903296511694,0.3,0.8,0.9,11,2.0816970341569987,2.219696849707584
18,8,0.12663796682182507,0.15096364287487157,0.1375962335952945,0.126415743108493,0.11838567552782972,0.12926517511679222,0.021883361658100956,0.04892297029190923,0.3,0.8,0.9,13,2.076273030543704,2.095565055920376
18,9,0.1266587572403554,0.1502513169639782,0.1368630203065857,0.13591501409798995,0.10149519354189754,0.12994024627974438,0.02203046462412774,0.049275692044209216,0.3,0.8,0.9,21,2.066767849980015,2.0791847995542345
18,10,0.1266537215940126,0.15119082638645254,0.14067712297896734,0.14184646680760965,0.10096347047807137,0.1299402462797444,0.02203046462412774,0.049275692044209216,0.3,0.8,0.9,25,2.067638725352958,2.078885237187164
18,11,0.12764778957591427,0.15250073694918487,0.14342019697302208,0.14626009786662147,0.10255150001129393,0.1300183409931967,0.022418049680097873,0.05015821058380252,0.3,0.8,0.9,27,2.076614141785432,2.071014121751044
18,12,0.13325904160231705,0.1566797947763236,0.14471055088300508,0.1568572340900351,0.10880704037474599,0.13254905648173676,0.024266857930800398,0.05435475387639026,0.3,0.8,0.9,31,2.047776232441236,1.9888149694702528
18,13,0.11618247913232775,0.1397888721434928,0.13352051273124677,0.1447483940580933,0.09748888089509603,0.1282310979713041,0.019198794830014822,0.04291348126373975,0.3,0.8,0.9,33,2.002226545588425,1.958342751981866
18,14,0.11658776117789134,0.14023079196553828,0.13538755914154493,0.14850416647081682,0.09450465512006517,0.12849935587200312,0.019446637254019725,0.04345804318133605,0.3,0.8,0.9,35,1.9930179253755609,1.9510473436816973
18,15,0.11899503502337608,0.14210943621423858,0.13867523820053967,0.15371083685739398,0.09939197639988487,0.1287262696716975,0.020573607633176012,0.045976521145506384,0.3,0.8,0.9,37,1.998278697582928,1.9348043136270787
18,16,0.1138025645308205,0.13797571532385666,0.14026765078037112,0.23531101087818604,0.09206507346219411,0.12430710328437729,0.020321454307411457,0.04267385511265147,0.3,0.8,0.9,82,1.9913139329685297,2.1780040518522528
18,17,0.11408015200825619,0.13900581354403505,0.14416732502016427,0.24865465658813937,0.09297129859579471,0.125163221364445,0.02055091558082009,0.04267292720853842,0.3,0.8,0.9,84,1.9854550578092,2.196123926047106
18,18,0.11403973580901058,0.13942662233119493,0.14602499033577893,0.2569096698887498,0.09240750862949079,0.1251186644379244,0.020553614757272985,0.042653297024057624,0.3,0.8,0.9,86,1.986326450812412,2.196302375370582
18,19,0.11253009452692342,0.13866039622119186,0.14812815525145384,0.2670965055426577,0.09132809053226015,0.12506851414145617,0.02004862645386128,0.04162994951887106,0.3,0.8,0.9,90,1.9785056860758024,2.2101989313442982
18,20,0.11111448208048702,0.13622150913540199,0.14423620813831145,0.2798968449019019,0.09030403689585417,0.12377357827211517,0.019765711412319628,0.041237757463541705,0.3,0.8,0.9,103,1.9798843756608209,2.1509075351944564
18,21,0.11132435100107638,0.13730879179937955,0.14819659437550067,0.3044506410740525,0.09039917482462995,0.12378766257661192,0.01988630296018073,0.04142541640680388,0.3,0.8,0.9,109,1.98330680149689,2.149839623021396
18,22,0.11088143453053823,0.13658948799876353,0.14746930913942355,0.3033514310607398,0.09171793805271525,0.12402048123992351,0.019900109236870706,0.04109371095440592,0.3,0.8,0.9,110,1.9814316057822907,2.170229163742333
18,23,0.10795004730600463,0.13276192699234873,0.14219241037839098,0.20593233565288324,0.0883380776836784,0.12499182373594175,0.018921185044472797,0.03876397996874179,0.3,0.8,0.9,113,1.9532145277463973,2.2179712125740663
18,24,0.10722137565689091,0.1328881411722163,0.14803907296327717,0.21678476593790116,0.09371237268625808,0.12502542555435986,0.01910070112839605,0.03872622862343785,0.3,0.8,0.9,114,1.9475035721581704,2.20012947894714
18,25,0.10652366692754844,0.1317030921660686,0.1482643824477233,0.2230979706786209,0.08957852388892815,0.12554211121588296,0.019061113536189573,0.038677052685173595,0.3,0.8,0.9,117,1.9456829607473,2.201827135187521
18,26,0.10647978473576886,0.13161077949491592,0.1481707551421806,0.22300228452007587,0.08785514076907194,0.12554955199632326,0.019061770978092474,0.03866835743409391,0.3,0.8,0.9,119,1.9450336449736176,2.2011729529178603
18,27,0.10632833050348914,0.1313397533330099,0.1478964144640648,0.2227229171027876,0.08800648789149038,0.12554533396183148,0.0190720931420017,0.03859921743423277,0.3,0.8,0.9,121,1.9415014635388848,2.196664341211172
18,28,0.1057525573851525,0.12985452324128208,0.14780993278385618,0.3383916762750052,0.08886103297149622,0.1238928442317522,0.019515264804394215,0.039349896888176465,0.3,0.8,0.9,133,1.9452115173405744,2.2230852319736507
18,29,0.10535494220621398,0.1298766063841075,0.14926806779943994,0.3488697839116538,0.08790647549696431,0.12328664245584171,0.01944748822034908,0.03921985740446212,0.3,0.8,0.9,138,1.95573530496858,2.2295804611756256
18,30,0.10535494215560649,0.129876606325487,0.14926806774081944,0.35643183168194326,0.08784195861783917,0.12328664245469738,0.01944748814240439,0.03921985740899386,0.3,0.8,0.9,140,1.955735304672976,2.229580461278334
18,31,0.10534536218599894,0.13029635055510172,0.15112408592648902,0.365002298660589,0.0880004186436987,0.12324876869563124,0.019467024491300743,0.039245015348472335,0.3,0.8,0.9,142,1.9553993718654328,2.227431725993198
18,32,0.10542199705140595,0.1303035256813619,0.1511291682210999,0.3709170396333747,0.08820075033392048,0.12306856659836114,0.019678129159762515,0.039264111806031475,0.3,0.8,0.9,144,1.945690822258615,2.236609370225054
18,33,0.10570724710914267,0.13031214626904158,0.15113021558270462,0.3822522543702143,0.0887060662826682,0.12409951359265203,0.01959404399515743,0.03955754236845392,0.3,0.8,0.9,152,1.9774035038587023,2.278976118663879
18,34,0.10574768324504802,0.13109506601331533,0.154782405585807,0.4011917039158102,0.08901227687563476,0.12481672175075795,0.019678798357148947,0.03947211456495762,0.3,0.8,0.9,156,1.9707634479733929,2.2553771319130544
18,35,0.10559441006785597,0.12925256135360774,0.14861966256584563,0.2694520931463893,0.08927489918500409,0.12453148623818348,0.019647755240233704,0.039657530494215866,0.3,0.8,0.9,159,1.974091758717316,2.2787573262813647
18,36,0.10473938568106875,0.1306270548122577,0.15860218006479967,0.41416257108245047,0.08891858341247108,0.12556005782283539,0.01931550375885742,0.03920849702069443,0.3,0.8,0.9,166,1.9615453034096315,2.253146188016691
18,37,0.104548201895796,0.1304864607321206,0.15988714724073774,0.4188236486850436,0.08977261830509946,0.1256792007768648,0.019307151754696605,0.03933762109622241,0.3,0.8,0.9,168,1.9609624330048587,2.233258694236603
18,38,0.10583450144191543,0.1317951922431211,0.16119650836512878,0.42987317199249875,0.08987793541041587,0.12641078101460573,0.020017947594579547,0.03987174416310935,0.3,0.8,0.9,174,1.967628091680626,2.250565485919025
18,39,0.10575826494453172,0.13213941090619907,0.16297686235202402,0.4386498636191189,0.08995555207398734,0.12645061671160734,0.019988368434788052,0.03984801359564635,0.3,0.8,0.9,176,1.965559537654332,2.2544186329538234
18,40,0.10512503686613092,0.1318186287426925,0.1640890672189518,0.4396248958704038,0.09014632912556991,0.12389743718010189,0.01995580190478389,0.040167406103610324,0.3,0.8,0.9,177,1.976831255643372,2.2527302038122787
18,41,0.10500977971388122,0.13063754040307698,0.16145392807019848,0.43790159867211753,0.09301803710161584,0.1259013273361078,0.020008242554967578,0.03984287134960231,0.3,0.8,0.9,178,1.972084879911212,2.250919739078282
18,42,0.10486804714404525,0.13085060557486478,0.16310133244903108,0.44395455223533004,0.08992797187899475,0.12587692817968602,0.01995623203961166,0.039845220473952336,0.3,0.8,0.9,180,1.974372351911842,2.2521782252438243
18,43,0.10478368668627146,0.1306223343838518,0.1628690614943782,0.4464279243029051,0.08995698177951804,0.12589708533590485,0.019967179338492607,0.039860796610583026,0.3,0.8,0.9,181,1.9742377951637569,2.2385792274955376
18,44,0.10482333930110209,0.13118809419040214,0.16487343685679612,0.4519083634311266,0.08979615102351067,0.12589645533503674,0.019964010170169123,0.03986337318586165,0.3,0.8,0.9,182,1.974630143409556,2.23978946963866
18,45,0.10471675618923823,0.13087241924236745,0.16455199384536875,0.45244956486599347,0.0907184951719229,0.1259001295244069,0.0199461872342755,0.03994258364417297,0.3,0.8,0.9,183,1.9729593602898816,2.2380592707532765
18,46,0.10478723010802982,0.13088262099123413,0.16456054760847005,0.45505487186805127,0.09013010714992926,0.12631717846255947,0.019914304606823332,0.039962869617351134,0.3,0.8,0.9,184,1.9721121569463465,2.2364875856432973
19,0,0.8728326174526523,0.9430203115161326,0.9402307039783993,0.939456817611238,0.03023783219508531,0.09644562916623071,0.0005169965106607593,0.0009894958185416589,0.3,0.8,0.9,1,8.122570307674913,17.654137207166674
19,1,0.5546662748776519,0.7235287873225456,0.7172211770942997,0.7139742222096045,0.3980422946974614,0.11261367333432368,0.0010082852398765455,0.0020588173124117494,0.3,0.8,0.9,3,5.565228240517402,10.315387781718252
19,2,0.46785272495387725,0.6479766172359086,0.6418532104250169,0.6374064829127127,0.16965834975496805,0.11479718375309592,0.0023600061678310746,0.005000924786123046,0.3,0.8,0.9,5,4.67973042955219,8.209222522411894
19,3,0.35805448012641655,0.5287314468586488,0.520030755039706,0.5131837259948862,0.3518653779665413,0.1348890007128168,0.01745130996242854,0.036124938578873035,0.3,0.8,0.9,7,4.200975412208343,7.993354291644184
19,4,0.14743227454385963,0.19460132628379262,0.1804864298967684,0.16850217276276067,0.656680295294658,0.13717304454083196,0.021997100510977783,0.0460191438620974,0.3,0.8,0.9,9,2.4437836374364443,2.721259465153188
19,5,0.14742049834828044,0.19505263421827337,0.18237490057335076,0.1747839096482831,0.10020550654612298,0.13717304454083196,0.021997100510977783,0.0460191438620974,0.3,0.8,0.9,11,2.447811555768065,2.726884204859652
19,6,0.11801258852738733,0.14819686731581733,0.13357522036678912,0.1245790742250473,0.19032358239231878,0.132858724502317,0.018556843403938164,0.03506556925108828,0.3,0.8,0.9,12,2.200222834083473,2.390067765389798
19,7,0.11734653874008125,0.13981619377247753,0.12639563010810964,0.116976602118495,0.1412134027585645,0.12749095546640737,0.02017473890968393,0.04243983786261844,0.3,0.8,0.9,13,2.184595144085765,2.1607536746696123
19,8,0.12277701300761384,0.14306732937137506,0.13243258663886998,0.12594996233488856,0.10977474458940889,0.1295949974986864,0.02293510737795657,0.04819971627784526,0.3,0.8,0.9,15,2.1826777294328368,2.0759757505413985
19,9,0.12247748626850867,0.14312153229110025,0.13392088768480243,0.12876357733620486,0.10076144892665236,0.12986392285542142,0.022834001263293248,0.04797812071503735,0.3,0.8,0.9,17,2.1853797065903304,2.078941091327408
19,10,0.12003812716853154,0.1368379869514079,0.12752862593718417,0.12684979035278177,0.11226449213498996,0.1310339983452568,0.022957387714919918,0.04824305881652678,0.3,0.8,0.9,19,2.1548698313041807,1.9544752363740452
19,11,0.11392614846235817,0.13183724636014324,0.12683186525252765,0.15476163201627602,0.09532265955913091,0.1262737268319188,0.021967999807287475,0.04419948773431554,0.3,0.8,0.9,40,2.144137891706665,1.978803433954544
19,12,0.1147257360277861,0.13245581324377004,0.12886949394613775,0.16046089811583078,0.09845871610833018,0.1276084229471915,0.022193444633800692,0.04502834638691379,0.3,0.8,0.9,42,2.142406467790924,1.9613578274984784
19,13,0.11472573601756618,0.13245581324377004,0.12886949394613775,0.1632981665681275,0.09656300127805839,0.1276084229471915,0.022193444633800692,0.04502834638691379,0.3,0.8,0.9,43,2.142406467953501,1.96135782767765
19,14,0.11471704724872196,0.13291152984187812,0.13076230815353726,0.16899892381344275,0.09659409427445742,0.1276084229471915,0.022193444633800692,0.04502834638691379,0.3,0.8,0.9,45,2.1463448986092835,1.9655801987421224
19,15,0.11021421937334125,0.1277075435924075,0.12696275470148977,0.16904090438668645,0.09435744485677466,0.12690283972071367,0.02103331739746981,0.04233686822727149,0.3,0.8,0.9,50,2.1327861286123726,1.9436114107487976
19,16,0.1101786892650854,0.12861380776701656,0.13074391856608306,0.1808317936399352,0.09298397011741782,0.12689210774502724,0.02102316215321024,0.0423174317871333,0.3,0.8,0.9,54,2.1327535109542906,1.943756299126759
19,17,0.10955626644584984,0.12745329498383312,0.12956842532714538,0.17969004900052243,0.09381074510050683,0.12575986139975512,0.02107049888048083,0.042437375395581324,0.3,0.8,0.9,57,2.143343556520142,1.9572722560131328
19,18,0.1104249533194686,0.12805954578382828,0.13016719471874222,0.1831728344468183,0.09435828060549116,0.12726554663077932,0.021298419310881816,0.04292986405081124,0.3,0.8,0.9,60,2.129759729572656,1.9351626225210776
19,19,0.10851608650676864,0.12657275217050143,0.1315409872688262,0.19132881425459994,0.09337662935916016,0.12421986427559481,0.02096389950390611,0.04258684010616738,0.3,0.8,0.9,63,2.1120919175388067,1.9585241080777367
19,20,0.10777284513275845,0.12475476042610364,0.1311171324243054,0.19670732595439544,0.09506717872712833,0.12464403448209267,0.021103770970953745,0.04285454448893012,0.3,0.8,0.9,67,2.1042141197632693,1.9322326930924103
19,21,0.10777102504263278,0.12522579132944348,0.13302563160410188,0.1982286764304545,0.09285196086699063,0.12464403448209269,0.021103770970953745,0.04285454448893012,0.3,0.8,0.9,69,2.1030161944692414,1.9324971773677768
19,22,0.10764203042471257,0.12394908941924479,0.1302925361528003,0.20310347772033913,0.09420498442863301,0.125788019762549,0.021113174156770217,0.042907735750477086,0.3,0.8,0.9,73,2.110184043948789,1.9401355277999652
19,23,0.10759943677924236,0.12480274591845031,0.13401988886246372,0.21101149592691648,0.0933216608064294,0.125788019762549,0.021113174156770217,0.042907735750477086,0.3,0.8,0.9,77,2.112997058683373,1.9357911919569608
19,24,0.10790081428627316,0.12508712751437476,0.1343039003572992,0.2162988348330573,0.09360743359182108,0.1271147390953117,0.021065042446276473,0.04285803323939527,0.3,0.8,0.9,79,2.115690091815974,1.9376073269815408
19,25,0.11117839237089915,0.12681765603136705,0.1345670731857537,0.227716504361889,0.09835326834123867,0.1305890544333511,0.02164517946205905,0.045756383484451345,0.3,0.8,0.9,88,2.1024046833358327,2.0039700111908987
19,26,0.10952375290451384,0.12557751616230728,0.1347626606575561,0.24579475705374265,0.09610495258890081,0.12998476348954796,0.021286729263135303,0.04449063717057794,0.3,0.8,0.9,97,2.107668602628355,2.009977828644393
19,27,0.10925401224465696,0.12542409457387976,0.13603706028540163,0.25039030612050095,0.09709791160391046,0.13030777976172506,0.02125914319462841,0.044418004841697833,0.3,0.8,0.9,99,2.110914257403792,2.002765986168887
19,28,0.10918405517364015,0.12625577275139926,0.13974247142309318,0.2571417358184955,0.09632222444988553,0.1302913729020212,0.021265689233385152,0.044382148623171545,0.3,0.8,0.9,100,2.114619298106763,1.9654916660377788
19,29,0.10843529305961583,0.12344773950421237,0.13402852143338728,0.25553786051996485,0.10246212231230212,0.12909881442127216,0.021519472683757507,0.044677378543038555,0.3,0.8,0.9,101,2.0986118053464144,1.9920751159073944
19,30,0.10818115603259079,0.12379181132894376,0.13723810483414495,0.2680651418892201,0.09667381216828905,0.12898699015930665,0.02153840424291094,0.044718152784629935,0.3,0.8,0.9,105,2.102135653824164,1.9780355928531528
19,31,0.10909464828820942,0.12706686324251668,0.14770031268320385,0.30088725310786757,0.09710350156406763,0.12933973793956527,0.021921662684601634,0.045287160571295206,0.3,0.8,0.9,119,2.111905597451178,1.9681135101359235
19,32,0.10891237447884516,0.12679171718400994,0.14742269475926495,0.30405737886252054,0.09725053849330925,0.12901029732114816,0.02193524543001352,0.04526197467625763,0.3,0.8,0.9,121,2.1118625052557314,1.9631547304496604
19,33,0.10847247411081536,0.12667378730337583,0.14873806671576018,0.3123609894514099,0.09753545497068196,0.12891613974255361,0.021979257806173633,0.044896842260089324,0.3,0.8,0.9,122,2.1184375289569224,1.9556207568822028
19,34,0.10777091080238155,0.12562767344388126,0.14768253692528738,0.3147723898670333,0.09688098089883743,0.12871360574620094,0.021760500718573432,0.044674255409595534,0.3,0.8,0.9,125,2.114122981561344,1.9401210405523748
19,35,0.10846289288822562,0.126434811798379,0.1499173015504902,0.3185608060880582,0.09821817932240576,0.12970744988893806,0.021696951759570572,0.04547598054684353,0.3,0.8,0.9,127,2.1288487863209298,1.9337703068419176
19,36,0.10842162871367235,0.12677907954487833,0.15169624976916615,0.338796524907135,0.09726475128054056,0.13028905516025346,0.021752216109531243,0.04526358833434627,0.3,0.8,0.9,140,2.1274047896251758,1.935655140224917
19,37,0.9709289924364167,0.9924074464778112,1.0273817469149544,1.2638066679922328,0.9599416541495546,0.1421370948172246,0.02207963678700896,0.9995401799637306,0.3,0.8,0.9,163,2.1133385110507463,2.6921616293817467
19,38,0.9708685601139495,0.9922692403995068,1.0272414299131816,1.2696131399584338,0.960110020650196,0.14204638737742784,0.022102049187588322,0.9995495587530654,0.3,0.8,0.9,165,2.11390681474942,2.688873383317435
19,39,0.9708685601665094,0.9927444479963524,1.0291542726886023,1.2708449705533202,0.9598902115413531,0.142046387438272,0.022102049201017503,0.9995495587928538,0.3,0.8,0.9,167,2.1139068153058527,2.6888733833325498
19,40,0.9716784393151864,0.9939586437878446,1.0318042335896076,1.279824543152618,0.9608214358340457,0.1437882287481087,0.022022471252338856,1.0,0.3,0.8,0.9,173,2.1135189168462256,2.682082137770396
20,0,0.9778514734205601,1.0026684893056597,1.0007909246769577,1.0013678229256477,0.0313746903926969,0.09999354085444,0.0005062211745620674,0.0010796124407947173,0.3,0.8,0.9,1,8.131195730779094,17.79251979610061
20,1,0.8862082836401243,0.9466807837814568,0.9441028590880017,0.9443268405566099,0.16428156281332654,0.06666666686342061,0.00010899986191547354,0.0002543777953263613,0.3,0.8,0.9,2,7.960336603932878,18.455427322030108
20,2,0.5527070581664995,0.7214787483284922,0.7151779523530332,0.7119413507784409,0.7992517004012493,0.10424332572132644,0.0010094105189971897,0.0020787134171351535,0.3,0.8,0.9,3,5.550401400182587,10.315387781718252
20,3,0.46332414114479165,0.6431094986439578,0.6355154028572081,0.6317318533146525,0.17148977736425713,0.1055934553520814,0.0025018832393638186,0.005417716823087772,0.3,0.8,0.9,5,4.770254268985597,8.233230282677923
20,4,0.4614110261240988,0.6417050616516825,0.6355404628839902,0.6310325185618003,0.03890422692854697,0.10433753183034902,0.0021560045879675757,0.004643907037958307,0.3,0.8,0.9,6,4.7944782142612175,8.220934584954076
20,5,0.3620889550460146,0.5398528241396456,0.5305938379235005,0.5265939599042485,0.38269819532031907,0.1128795641191375,0.003008104413925953,0.006497329263882551,0.3,0.8,0.9,7,4.20988341146871,7.294290953318032
20,6,0.2385279745092041,0.38095098431203234,0.3704186051790702,0.3637403673997641,0.3353246721219888,0.11793661813930852,0.007757983388821124,0.016756789514202893,0.3,0.8,0.9,9,3.3173976071351188,4.6401415725694495
20,7,0.2375446327821339,0.3795657432674656,0.37184014707576196,0.3639470659882459,0.07275995241507793,0.11830906840290636,0.00846336012467595,0.018280361929679755,0.3,0.8,0.9,10,3.29824011695144,4.584766713316805
20,8,0.18644013095813092,0.30106863520731125,0.28928700929713597,0.2826796767156967,0.29968930180484465,0.11345607483689706,0.00826206548719797,0.018092882973852913,0.3,0.8,0.9,11,2.8939930553486923,3.977916882866792
20,9,0.1575737898449926,0.2238317265097753,0.2103163247229895,0.20306227211907002,0.26912918166057626,0.12141419048435986,0.019722408997044274,0.04302343969356198,0.3,0.8,0.9,13,2.5541038419271294,2.9479415605049835
20,10,0.1357014191430954,0.18017962805521723,0.16740607557810494,0.16223668913010422,0.16297024884203237,0.12163109433837087,0.019869746433256157,0.0433960633850877,0.3,0.8,0.9,15,2.412558197798195,2.5778149698665653
20,11,0.11650766825555747,0.14606800273576973,0.1300045917110599,0.12814379662176104,0.10193780126574783,0.12360174600823837,0.018089004882191718,0.037039068396551474,0.3,0.8,0.9,20,2.295709613409707,2.402559823686363
20,12,0.12373042026091012,0.14385361924757512,0.12894198807607543,0.12730384051291344,0.15923880165416815,0.1251402684339637,0.022713157300492868,0.04978824250968558,0.3,0.8,0.9,21,2.267794421493016,2.161680127311413
20,13,0.12450511347937326,0.14132054493575757,0.12773922134801544,0.12892743027225284,0.11542320755491972,0.12353436289695827,0.024280014033329224,0.05323560301857783,0.3,0.8,0.9,23,2.236621337180616,2.050115251719068
20,14,0.12044154687114053,0.13705152234527126,0.12488876121974134,0.12765669113971273,0.10285814629146328,0.12334056017070208,0.023034577582081644,0.05050489782160102,0.3,0.8,0.9,25,2.229296195402602,2.063982496921184
20,15,0.11454205829459685,0.12550297605543195,0.11745477845795568,0.148801203557837,0.10399978598790596,0.12665597344424973,0.022576632264906634,0.049500865501398296,0.3,0.8,0.9,37,2.23122692548214,1.923222823072345
20,16,0.11441634650744456,0.12575516267432807,0.11914177604107845,0.1599274100769249,0.10074436946553855,0.12653881927049745,0.022571901910242158,0.04948890962778267,0.3,0.8,0.9,40,2.2308827041329216,1.92727824382808
20,17,0.11409525288294373,0.12677473989794616,0.12447135022929173,0.18774726280988882,0.1003448270091151,0.12626208150977664,0.02252220155225778,0.04934226853333716,0.3,0.8,0.9,52,2.230420302642412,1.9268759781787133
20,18,0.11736494462267506,0.12920493560694163,0.12687829728382677,0.1795275884637558,0.1058235939643389,0.1265180500859147,0.023225123452022992,0.05299190902921697,0.3,0.8,0.9,55,2.2360583764984434,2.120914762121874
20,19,0.11784063434196124,0.1282212843173684,0.12300569217678195,0.18949091705589277,0.10582306104297887,0.12779728900607004,0.022886689252754694,0.05383385073632991,0.3,0.8,0.9,59,2.221334599193576,2.165522746652913
20,20,0.11255163769554405,0.12352996341773999,0.12117957663953254,0.18857980515615175,0.10058541203484535,0.12750160064894556,0.0212205651023608,0.049840664218276855,0.3,0.8,0.9,63,2.22553240820783,2.233610497786716
20,21,0.11363149525167736,0.12487438163518517,0.12395562993723207,0.1989715978522152,0.10192463158046838,0.12661508783778644,0.022382504082442335,0.05048420819424531,0.3,0.8,0.9,65,2.238095041125069,2.18632266102046
20,22,0.11837147566249996,0.1290418540109597,0.13095625438508862,0.21009718331185318,0.11155954928247185,0.12405374546512662,0.023925758486972787,0.056536801966794184,0.3,0.8,0.9,67,2.1968555316859724,2.162205573218788
20,23,0.11532990590029144,0.12538974041144146,0.1258629692339199,0.2098733633861864,0.10455844159632466,0.1280044024339446,0.02263852047921893,0.0531002989595948,0.3,0.8,0.9,70,2.2288914435576626,2.132177391410321
20,24,0.1153247381122338,0.12536347814310927,0.125835938040668,0.2144885449613346,0.10443366272605428,0.1280313834747573,0.02263768011212715,0.053104380444556745,0.3,0.8,0.9,71,2.229096770453542,2.131781963463723
20,25,0.11837247814615444,0.12835256303306727,0.13167254484261276,0.22635288443903734,0.10956035896549907,0.12553929127702443,0.024070351278274716,0.05690603899194061,0.3,0.8,0.9,75,2.210456634883349,2.168332106746862
20,26,0.11768701041327384,0.12765304448658366,0.13097250749795633,0.2304187550550885,0.10749961658512043,0.12424232388986711,0.024082416527076548,0.056578238150628936,0.3,0.8,0.9,77,2.2093876922812643,2.1636358258334183
20,27,0.11050990949832964,0.11861050079879937,0.11760515193335763,0.2375159655671713,0.10086527514578572,0.12485142489424923,0.02238634487731202,0.050280685467882155,0.3,0.8,0.9,87,2.2111481322977604,2.1477909357824188
20,28,0.11319271873869727,0.12120211186461655,0.12304340517102463,0.2444293289176256,0.10996747359058956,0.12638233363283488,0.023600112438402227,0.05255229583499276,0.3,0.8,0.9,88,2.216562459222129,2.1479987466621853
20,29,0.11325420747017592,0.1216818250080616,0.12495916091488804,0.25294095937971955,0.10427700687615443,0.12604911351558554,0.023930490963815006,0.05248608240725919,0.3,0.8,0.9,92,2.209283672967784,2.160736488229241
20,30,0.11306271408619989,0.12092907707876163,0.12276659315768701,0.25583514282438585,0.1043127859595922,0.1261360167439775,0.02365125475557802,0.05256504282248893,0.3,0.8,0.9,94,2.2133762954494727,2.171411995460781
20,31,0.11294537025249049,0.12118464188522365,0.12445670930285868,0.2533317145578292,0.1046065483305367,0.1259755722923488,0.023644396486384632,0.05258038092723895,0.3,0.8,0.9,95,2.2111053971267274,2.164550170966929
20,32,0.11292994306561974,0.12112845309153925,0.12439958581428942,0.2587271574929848,0.1042760863709572,0.12601483668410146,0.023643093995729624,0.05258568389833857,0.3,0.8,0.9,96,2.2117722530616133,2.1645677746248158
20,33,0.1129429189833516,0.12111555696959658,0.12438583754279858,0.2603012976439346,0.10422437867264914,0.12609729675621897,0.023640560542441555,0.052596652192663296,0.3,0.8,0.9,97,2.212606187835765,2.163352148788569
20,34,0.11292633319960807,0.12139255203557589,0.12609544015256816,0.2632683827091599,0.10522183934564211,0.12699626986501203,0.0237573763911586,0.0523274199126517,0.3,0.8,0.9,98,2.22102565029372,2.167503814443611
20,35,0.11139022463450639,0.12210849595433891,0.1354202595818917,0.3131041498089875,0.10325075741082547,0.1271607217604243,0.02354549659243641,0.05125706582863825,0.3,0.8,0.9,123,2.222409214487972,2.098657723062761
20,36,0.1156601017023739,0.1262844258006645,0.13959369901810526,0.3331886897190602,0.10753239900360465,0.12591604932737438,0.02547750744726755,0.05477784330198101,0.3,0.8,0.9,130,2.2416652846746614,2.170594368368053
20,37,0.11753101481699021,0.1296981491448704,0.14874760114053315,0.40567854244434765,0.10967997774888896,0.12602649102391517,0.02745764272556616,0.05535929548422627,0.3,0.8,0.9,155,2.261978072885845,2.183903487022948
20,38,0.11493825659795492,0.12804372446797913,0.1499680763800567,0.40457415590603313,0.10701787510333279,0.12606853620854358,0.026590742562776482,0.053245311092255734,0.3,0.8,0.9,159,2.2512769396955146,2.1985225688611845
20,39,0.11677103142863363,0.13043966172208213,0.1552283392564017,0.4290602092462555,0.10967798736242942,0.12625193669573825,0.02732025366763443,0.05489571474640129,0.3,0.8,0.9,163,2.264496453857037,2.1728491454270897
20,40,0.11687893747142356,0.13068839343530866,0.15833023135868038,0.43992852493719503,0.11213067462486873,0.12913899725603512,0.02757888521622318,0.0544980464253471,0.3,0.8,0.9,165,2.249360818352148,2.15863471425518
20,41,0.11724951626205762,0.1309697437507718,0.1600336895553408,0.47030368739750117,0.11084305047672191,0.12649172302518052,0.027897258586892144,0.055978054018708784,0.3,0.8,0.9,181,2.267559796410988,2.185784623926402
20,42,0.11636500264121442,0.1313468823601363,0.16471880692923102,0.4884556060265692,0.11011197041727787,0.12640342337129967,0.027816287626843315,0.05523262488348392,0.3,0.8,0.9,185,2.2580345073889925,2.178294666127542
20,43,0.11629013192758558,0.1309355654722082,0.1642983795314652,0.4907416248995553,0.11100929068025664,0.12640270483088153,0.027904971030755708,0.05534954972038596,0.3,0.8,0.9,187,2.261274453011572,2.178271465483573
20,44,0.11628402029237128,0.13128820048812453,0.16608547395519901,0.4915570685925577,0.11046231205976678,0.12640244336909248,0.027918141314656697,0.05542758560039152,0.3,0.8,0.9,189,2.2585840146127034,2.178462837021655
21,0,0.8668236534224958,0.939350354100693,0.9365079990289715,0.9356566655098622,0.02994096652439993,0.0956760233934158,0.0005053801905635715,0.000926505948804812,0.3,0.8,0.9,1,8.281443712199946,17.654137207166674
21,1,0.5495956816395906,0.7188147236418686,0.7124797166380843,0.7091925457710574,0.39248898720140873,0.10266838846311921,0.0009971280809583487,0.0020953324197051804,0.3,0.8,0.9,3,5.623941011282597,10.315387781718252
21,2,0.4688107299011154,0.648876851471878,0.6427670460288325,0.6383403678893513,0.16549530616480043,0.11559131309683232,0.0021884783200288374,0.004927030781280504,0.3,0.8,0.9,5,4.669136607796036,8.210434061279956
21,3,0.36427319334234637,0.5417136754126312,0.5324034881053852,0.5283281475112592,0.2284355816079946,0.1296398099056079,0.002978430570775103,0.00664906520864929,0.3,0.8,0.9,7,4.292118416290008,7.294290953318032
21,4,0.25192839839514414,0.3963020052049453,0.3858699166514252,0.37934050870062214,0.3286608792571521,0.13611359551903937,0.008808524507418126,0.019664199802571253,0.3,0.8,0.9,9,3.072986165328556,4.577574236165825
21,5,0.22049564924671097,0.3515138430562377,0.34043359580962057,0.33462930839092586,0.19566193628032608,0.13470019445906165,0.0076321918448162135,0.01763176574001034,0.3,0.8,0.9,10,2.929245624644172,4.954939404898634
21,6,0.2192386618657869,0.3454141877689029,0.3341178227936844,0.3279933098975716,0.1145909641276369,0.13602428246660525,0.010192441383486099,0.023546412674947746,0.3,0.8,0.9,11,2.7833144493482536,4.6541784140958935
21,7,0.2129658457017753,0.3357327360270205,0.32570621856396764,0.32131394828716053,0.10519469292399292,0.14052457241099908,0.009992081582004118,0.02288439473786514,0.3,0.8,0.9,12,2.843136048950689,4.053025811522786
21,8,0.15790875037968247,0.2243687626587296,0.2108600089019044,0.20361555833110093,0.5113841391494873,0.14987570439932707,0.016321556420784752,0.03668930726715946,0.3,0.8,0.9,13,2.312803427971838,2.836322400924511
21,9,0.1462264905172947,0.19219223404223962,0.178040524495838,0.17179304583193764,0.23227525328116722,0.14936290636455912,0.01939367508439577,0.04420698791783131,0.3,0.8,0.9,14,2.17655935611983,3.140365391825913
21,10,0.1331713672697919,0.17662098301399798,0.16381628389802316,0.15654827886305336,0.10850005997508808,0.15098423696314395,0.015710616898108626,0.03556928097272136,0.3,0.8,0.9,15,2.2243037533445764,2.469012634512827
21,11,0.13798944091223833,0.17550168896858112,0.16251925863756744,0.15788689529980077,0.13667838662257767,0.15082380297661108,0.01935858496917525,0.04380092698916836,0.3,0.8,0.9,16,2.1286613696253616,2.697938097852098
21,12,0.13281761221371324,0.16188232787913276,0.1500756395731003,0.14427914816452495,0.1566957108449482,0.15318409685259243,0.02006500361291977,0.045393586266396405,0.3,0.8,0.9,17,2.085924177147604,2.1713322138164823
21,13,0.13468643600740518,0.15883680168555997,0.14546444844868758,0.14262384215673468,0.12168570045937749,0.15651234890458482,0.02175697777602347,0.04905975518018213,0.3,0.8,0.9,19,2.130787413366899,2.144607401397999
21,14,0.13439748193528908,0.15812058275781518,0.14615979160427842,0.14468131025909162,0.11164361944618645,0.15633545124459688,0.02193476425904387,0.04948233258535565,0.3,0.8,0.9,21,2.116467693139625,2.1169723632221875
21,15,0.13435844136170924,0.15818432134488145,0.14765022086144258,0.15112921953208,0.10998681135219623,0.1562346164180822,0.022037950606701467,0.04972759420949827,0.3,0.8,0.9,24,2.109088809629592,2.1038348035755035
21,16,0.13011052945760482,0.14930730671604725,0.1400656829639058,0.15003984780462026,0.11519741528618022,0.1570276585864248,0.02193620173911429,0.04951882457678238,0.3,0.8,0.9,29,2.035710844254358,1.9438522451932985
21,17,0.12904029639768164,0.14792327484856155,0.1400968427290916,0.15190097830375865,0.11108931721089395,0.1577754243920499,0.02170231682916154,0.04900185815581997,0.3,0.8,0.9,31,2.046135677490509,1.9328469594150357
21,18,0.12902034198483373,0.14795919624490636,0.14155838101555077,0.17134300790983512,0.10952226136320178,0.154863730412111,0.022168952411199098,0.04991363142928924,0.3,0.8,0.9,37,2.06826631115208,1.990054122541572
21,19,0.1284066707601493,0.1466819214004672,0.14026256129883127,0.1674031678069967,0.11096427743021563,0.15535874719810572,0.021925319418565802,0.04988019505706033,0.3,0.8,0.9,39,2.094348810792378,2.005792451280737
21,20,0.1295309892811935,0.14718711485974395,0.14217443756409737,0.17289874705118108,0.11421273724671947,0.15496963075868037,0.02260237857992862,0.051637211734451634,0.3,0.8,0.9,41,2.0773316516041085,1.9599702288661671
21,21,0.12865018829804578,0.14712871748649217,0.1449874026020322,0.1846891892489625,0.11039112783183652,0.1547645277706857,0.022563320661880257,0.05087566452522232,0.3,0.8,0.9,47,2.053051323979441,1.948272268133293
21,22,0.1265752497220374,0.14481275650759665,0.1426646920502983,0.1881850680520617,0.10977969615076755,0.15424240582786738,0.021940447489471767,0.0495129707047326,0.3,0.8,0.9,48,2.063503771686311,1.9518230373636216
21,23,0.12905353270046155,0.14634693218655043,0.14417222065466173,0.193998335635178,0.11252786986272326,0.15611319926773487,0.022630519789414653,0.05186886361351776,0.3,0.8,0.9,54,2.0765455462618747,1.9792902558264729
21,24,0.13040974728637778,0.14826720397384988,0.148956902194554,0.2101074984141696,0.11372968858977486,0.1566062176431471,0.02321685140911571,0.05303260411752077,0.3,0.8,0.9,59,2.0954328443415027,1.99935235243837
21,25,0.12914030468243662,0.14573508839039162,0.14638951084869617,0.2151162137353255,0.11544344594593481,0.1554744748395822,0.02349809414742993,0.05286371756368303,0.3,0.8,0.9,62,2.09049215026788,1.9823764879915344
21,26,0.12914154833864222,0.1466869617189218,0.15021642249944805,0.22122044453549766,0.11301942453868934,0.1554745841256702,0.023498606428700563,0.05286458825110608,0.3,0.8,0.9,68,2.090483392358845,1.982365170732038
21,27,0.12897345754888911,0.146855730430288,0.15181894693973724,0.2257110497520925,0.11375637094245088,0.15549632548134829,0.02346423738314735,0.05282300974758891,0.3,0.8,0.9,69,2.091849411037056,1.9841966907742437
21,28,0.12909638977012322,0.14614114926620259,0.14965674068674803,0.2267427197288403,0.1143890844864056,0.15542989399196264,0.02345690877751667,0.05330629455019507,0.3,0.8,0.9,71,2.0873730168638374,1.991849793662315
21,29,0.1204823887308197,0.13964307052139854,0.15176327806334758,0.26508852022660745,0.10566221089167618,0.1541092922221143,0.021013869183595314,0.04699151041073556,0.3,0.8,0.9,84,2.030948145177108,2.012286578657514
21,30,0.12523069050164057,0.14427416586812442,0.15639131851938065,0.26641544586455856,0.11084719355912823,0.1550163537183401,0.02266288970191434,0.05060157261966517,0.3,0.8,0.9,85,2.03202896740143,1.9898315367415151
21,31,0.12578469570347434,0.1442462362876245,0.15634720466395374,0.2663473311013743,0.11285219333375551,0.15570102532197103,0.023060396613017068,0.05114347908189772,0.3,0.8,0.9,87,2.0483518904438296,1.9523498026247847
21,32,0.12272154562246293,0.13996101629603228,0.15202803281669192,0.2703717870056069,0.1160604171935303,0.15382649927017197,0.022377187481947558,0.05003438685481569,0.3,0.8,0.9,88,2.0093533397475576,1.9781572878698832
21,33,0.12418554561078439,0.14257804412820618,0.15894992843579883,0.2920274236782171,0.11095120837808048,0.1549632526387854,0.022775964419488492,0.05116362093753126,0.3,0.8,0.9,96,2.0202942463315687,1.9588293111674249
21,34,0.12542384385868036,0.14316155531423716,0.15809075826379032,0.3084694983519771,0.11223767560169859,0.1576524940178786,0.022839806096253818,0.051741826558027795,0.3,0.8,0.9,106,2.017346566188712,1.9719035463288976
21,35,0.12508924377735198,0.14265258716449408,0.15900152835198142,0.31624253606365427,0.11415467099258493,0.15834722408070231,0.022777841579780887,0.05175443842260883,0.3,0.8,0.9,108,2.01848637796035,1.972127372888668
21,36,0.12524326882890968,0.14327703510487302,0.16106327766669903,0.3269950502668483,0.11247625713953985,0.15823012912296022,0.022843533428824926,0.05191018139352672,0.3,0.8,0.9,110,2.0154558479576954,1.9687805356520944
21,37,0.1248687908776201,0.14393023801429178,0.16744275381072157,0.4005315598447197,0.11288837720451826,0.15664685242101267,0.023309762113565162,0.05235870367870909,0.3,0.8,0.9,150,2.0253200625528254,1.9868470321012857
21,38,0.12560145911294296,0.14945263054472535,0.19019030391266362,0.46386976361336846,0.11440068851958046,0.15689405444315208,0.023221236101008704,0.05395083440770453,0.3,0.8,0.9,176,2.0299443571398736,1.9961544165627727
21,39,0.12750370279811163,0.14830163319130285,0.1832573423944659,0.47710903166826446,0.11780382558843834,0.1583321427782562,0.02427343266766699,0.05563193168197433,0.3,0.8,0.9,184,2.0163756948992324,1.962092447283247
21,40,0.1263074109910687,0.14703063471914093,0.18340886883236618,0.4816855826288489,0.1177643402015458,0.15867188398294155,0.023973262228945035,0.054922947219064024,0.3,0.8,0.9,186,2.02700079126754,1.9635155842407632
21,41,0.1262486990154335,0.15029717619203695,0.19673803991008373,0.5243818485021635,0.11615324417306516,0.15867188402591775,0.023973785191974576,0.05485849245748779,0.3,0.8,0.9,200,2.0269998389923467,1.9593717430773328
22,0,0.9031666237021754,0.960889717619595,0.9583699195381064,0.9579956540866663,0.03079998507233397,0.09864984418685052,0.0005184707324938267,0.0008780613669819492,0.3,0.8,0.9,1,7.294511089046301,17.654137207166674
22,1,0.573627740855447,0.7387831824334116,0.7327378265271539,0.7298792572789625,0.3972513104424702,0.10761732593400024,0.0010050417826351487,0.001985032723020281,0.3,0.8,0.9,3,4.994234732838114,10.315387781718252
22,2,0.4766249685088382,0.6560742734785658,0.6500935625218593,0.6458582810476001,0.18088162522586543,0.1113107377186908,0.0023343648630168197,0.005009303428142517,0.3,0.8,0.9,5,4.405486978545216,8.20821679954163
22,3,0.37979875381962813,0.5590976266792118,0.5501246249218982,0.5465482607756522,0.20282770144313952,0.11627042645009031,0.0029622261148117106,0.0064064102436661345,0.3,0.8,0.9,7,3.7423088478304702,7.29429095331803
22,4,0.2831559267115529,0.43787466923868035,0.42801987327319324,0.4223453990819799,0.30850711913798123,0.12333953883596036,0.012056650776329675,0.026074934202884956,0.3,0.8,0.9,9,3.1690209757045253,5.065940719197207
22,5,0.20004136125088884,0.3138540335881808,0.3034581662432503,0.2963494940061842,0.2759722051958799,0.12401773765809243,0.012760746640063434,0.02795502610425255,0.3,0.8,0.9,11,2.568285835417489,3.691765238418877
22,6,0.17425237711584038,0.24674175672235518,0.23343039942096255,0.22743895881802387,0.25263921878035234,0.12629403610882142,0.022484303591758258,0.04985396255455018,0.3,0.8,0.9,13,2.348509642331039,2.938548622018344
22,7,0.1400257076392995,0.19278992919535207,0.18169271135069548,0.16950384140715943,0.2241358326508063,0.12553329116750092,0.01806938396034225,0.04014901603500233,0.3,0.8,0.9,14,2.0933669290227743,2.547934839213397
22,8,0.12565704232131122,0.16469088554086384,0.15033028909465151,0.14890552307093927,0.1059572176427955,0.12596898600676726,0.018000736520456573,0.0375721469741408,0.3,0.8,0.9,18,2.026610752021145,2.384988289515262
22,9,0.12568058200087387,0.1589447998040858,0.14583702462362663,0.14447282924605304,0.12964291633502834,0.125062388852656,0.01923289782843516,0.04304329136702086,0.3,0.8,0.9,19,1.970498065430404,2.1975227229502328
22,10,0.13298705410878714,0.16106343874507215,0.14922817811420938,0.15020826779671131,0.1208528280216703,0.12587528805579057,0.02349524502953142,0.05257996523234605,0.3,0.8,0.9,21,1.9986469774713185,2.062630259204756
22,11,0.13338187535072762,0.1612552938561964,0.14941414462152225,0.15151459673887127,0.10565656577728191,0.12599638026107066,0.023685990490956925,0.05300191612464795,0.3,0.8,0.9,22,1.9918012584365616,2.052956508700833
22,12,0.13337765572600482,0.16172145179405428,0.15131757611669897,0.1526887561185245,0.10447877215869664,0.1259963802117043,0.023685990413136515,0.0530019159525003,0.3,0.8,0.9,23,1.9919399792497308,2.0529401710712936
22,13,0.12563315573337838,0.15420391546791765,0.14665425541491767,0.14453961216895778,0.10162400207282124,0.125740627811112,0.02116033685035046,0.047414568399520254,0.3,0.8,0.9,24,1.9799109124582048,2.041452115578219
22,14,0.1218927476689799,0.14645021959204027,0.13878498206376663,0.13910477545545744,0.10883360642026821,0.12607833481683278,0.020935082966154595,0.047112645621455625,0.3,0.8,0.9,26,1.9398175434140876,1.996034461933018
22,15,0.12911227068049091,0.15295910660502549,0.14527362963057672,0.14556324030307916,0.10582973777949713,0.1265507272394475,0.023650029853446324,0.05322240562199694,0.3,0.8,0.9,30,1.976039383052709,1.9850231105706968
22,16,0.12329535229894975,0.1465874578243246,0.14031008028599373,0.14216881042635676,0.10284911462475546,0.127029180445921,0.022021804987955414,0.04899866293349388,0.3,0.8,0.9,32,1.9719101867930957,2.055415174226085
22,17,0.12268954865363818,0.14630569247823905,0.14146168190984718,0.14499796454598948,0.09978481457530161,0.1263922946753962,0.02193952629971348,0.04874955774763282,0.3,0.8,0.9,34,1.9772569846285972,2.05309465639652
22,19,0.12233695516509277,0.14853724645783561,0.15515886356974073,0.2138513686615192,0.10000135009392982,0.1264332878917065,0.02209683968522264,0.049320090506768235,0.3,0.8,0.9,63,1.9681962671706164,2.0282638896164573
22,20,0.12051994017532222,0.14600310097729954,0.1511803150195423,0.1969730136624841,0.09979178317294982,0.1268375356603347,0.02172170583710814,0.047721194059063866,0.3,0.8,0.9,64,1.974059471133834,2.080007669745621
22,21,0.12040458923310676,0.14576689791803904,0.15094086257688172,0.19837301133139473,0.09906771683163354,0.12669274303415723,0.021681746866548644,0.047787197449595524,0.3,0.8,0.9,65,1.9750387645556848,2.099757178967961
22,22,0.12133691982957047,0.1459271328724574,0.149654897665573,0.20204225021898709,0.10011440546988878,0.12647837343184448,0.02192976228114704,0.048944697874274426,0.3,0.8,0.9,68,1.973541925189405,2.092257481554312
22,23,0.12141811323810714,0.14790159890160967,0.15737935734097125,0.22960891206486547,0.0996311247996943,0.12712936195103586,0.02201894902532161,0.04874545344164679,0.3,0.8,0.9,75,1.983158551668496,2.0323802937344917
22,24,0.1203854361046047,0.14608432377505545,0.1555398148429713,0.23109401854798808,0.10152037326492752,0.1280667217280525,0.02178947584326239,0.04820309594914131,0.3,0.8,0.9,77,1.9737988965890023,2.208684222802862
22,25,0.11936384449886028,0.14282767706043853,0.14794773695425056,0.2380632707408678,0.09910824524974671,0.1282570928513307,0.022824092990464718,0.0468182604204963,0.3,0.8,0.9,97,1.991109879349848,2.049503888132791
22,26,0.1184173716215976,0.14125183647482725,0.14635407315385707,0.23957743185961028,0.10026430877539541,0.1280594316676041,0.022675016238514926,0.046532894688246826,0.3,0.8,0.9,99,1.997767752475275,2.048565269668888
22,27,0.1182580377959509,0.14083601082781616,0.14735506858060257,0.2651059114325919,0.0992239269083739,0.1284027895200248,0.022736122797926424,0.0468451897054204,0.3,0.8,0.9,111,1.9862836109825173,2.009625168330408
22,28,0.11810276111494361,0.1411331360322228,0.14908914371615425,0.2716963828444754,0.09876018986106715,0.12826575064872528,0.022759236827769983,0.046718345624334176,0.3,0.8,0.9,116,1.9903114115406264,2.049810496208606
22,29,0.11323801312742111,0.13841799245469955,0.15355547191464414,0.30959199886782707,0.09411429729328785,0.1299351670820455,0.02069149844091552,0.042797783573583846,0.3,0.8,0.9,137,2.0020044805120403,2.0113089447502723
22,30,0.11311394196742311,0.13867373818083767,0.15524583365944045,0.3147183392379004,0.09428000574047317,0.12937318707442572,0.020693795921609345,0.04293052149383139,0.3,0.8,0.9,139,2.0062413840790603,2.012641399028744
22,31,0.11307968845383205,0.13905328005563639,0.15706122364195071,0.3252384268253181,0.09410905836052949,0.1294993141589496,0.02068703740359749,0.04291168567405986,0.3,0.8,0.9,143,2.0064302611624285,2.0133484784353666
22,32,0.11302378854839339,0.13940297934950022,0.15884654884701407,0.3287401847580173,0.0941008697136733,0.1292492657665552,0.02078215204697147,0.04291077178037766,0.3,0.8,0.9,148,2.0054109686996555,2.0393062129890778
22,33,0.11368969342524168,0.13998500333549402,0.15942626753004813,0.33285373376905386,0.09523713506838319,0.13218589855791227,0.0205577631169548,0.04294614074203921,0.3,0.8,0.9,149,2.002979731663629,1.9824951881974813
22,34,0.11234473265794614,0.1379478629630922,0.15736961886773898,0.33253710245728674,0.09796808570500418,0.1299255182449871,0.020523385185194337,0.04285449638979671,0.3,0.8,0.9,150,2.0000505988980253,2.027842009066455
23,0,0.8884879034717073,0.9515934170154035,0.9489591064191456,0.9484154092405507,0.028843877372700187,0.0920903186564456,0.0004963261448590144,0.0009108009554214434,0.3,0.8,0.9,1,7.648371376461536,17.654137207166674
23,1,0.560215781789317,0.7275514093998537,0.7213564043015254,0.7182760838591626,0.3992457437212997,0.10196928675517358,0.0009879675045651262,0.002072365564990819,0.3,0.8,0.9,3,5.321946858365788,10.315387781718252
23,2,0.4709285746111077,0.6504589972203743,0.6429253893222363,0.6392309422385039,0.1796315819976329,0.1168820061419981,0.002462891583683261,0.005557059393699008,0.3,0.8,0.9,5,4.655561070769483,8.233230282677923
23,3,0.3702574356512128,0.549014095537147,0.5412799063740765,0.5377853817973057,0.2135876017054088,0.12272413511415496,0.002975343552486012,0.006681697438922365,0.3,0.8,0.9,7,4.033750795012336,7.2720396017938995
23,4,0.15100105595477775,0.18851527021346692,0.17553299751223134,0.16184358142857824,0.8003658305329941,0.1417592639901861,0.024626490307898877,0.056595009295904546,0.3,0.8,0.9,9,2.255156655325942,2.359277522818289
23,5,0.1262062647562002,0.16032297052649533,0.14866386685076483,0.1362666916928492,0.10359431099021407,0.13897718396386244,0.01750288681333133,0.04015615631197001,0.3,0.8,0.9,11,2.1949120849535744,2.328153049244618
23,6,0.12731723813436907,0.14877384393235382,0.13674832495145026,0.12608163725315927,0.14144956762742422,0.139560644798135,0.021639908386247964,0.04956851636058764,0.3,0.8,0.9,13,2.13106691883831,2.0912111599108503
23,7,0.1321120279946754,0.15403543742180992,0.14487110549496596,0.14020409608729847,0.10969471288079571,0.14012611474650852,0.023394120800264952,0.053592948082215576,0.3,0.8,0.9,17,2.134446475370619,2.053451044870549
23,8,0.12980650488434864,0.1500896305218098,0.13945460057319847,0.1378778016181011,0.11104758856954293,0.1427251582709713,0.02265707753150173,0.05188738604095092,0.3,0.8,0.9,19,2.15417941031655,2.0257124034446723
23,9,0.12389528073300711,0.14011723052473496,0.13079152760580612,0.1355774938238532,0.10980849325024138,0.1425682060202112,0.021877489418239526,0.05016072204812402,0.3,0.8,0.9,25,2.1409919079587425,1.948345460801506
23,10,0.12419952500169928,0.13964823309974622,0.1317250838632697,0.14208352138250446,0.108523027683039,0.1415877579511824,0.022450244547755,0.051427806320266604,0.3,0.8,0.9,29,2.128914947575314,1.920602034000388
23,11,0.12166776607820387,0.1375201445554147,0.13103263061569273,0.14966233608329463,0.10429822014709139,0.14096981613585707,0.021658770083933996,0.04958759897499881,0.3,0.8,0.9,37,2.123474175691873,1.9260734105780328
23,12,0.12212570897396284,0.13936328376797397,0.13718722096519664,0.17675117404149843,0.10477013962750231,0.1420821286756837,0.02160659438357703,0.04980781047184948,0.3,0.8,0.9,44,2.125621188686914,1.9644837325359608
23,13,0.1208423421966161,0.1377979935222506,0.13561397732746255,0.17363146571766305,0.1053038990109775,0.14145185366316546,0.021395228582891095,0.04902990071154113,0.3,0.8,0.9,45,2.126543332461953,1.92340331938298
23,14,0.12257814944038678,0.13831043453599395,0.1346681368656529,0.1732942161399425,0.11031916518904314,0.14406745197945797,0.021299821716348973,0.05083350165118284,0.3,0.8,0.9,46,2.135319267717938,1.939373386837388
23,15,0.12265594257133719,0.13879056675772974,0.13658359817049687,0.18053780728973587,0.10635260048583182,0.14361561393922734,0.021287533557543918,0.05114514412149332,0.3,0.8,0.9,48,2.132526158257817,1.937730934551504
23,16,0.12279736917291528,0.1387887572402251,0.13800190569827914,0.19032797242338587,0.11032944083268156,0.1403351752651519,0.022016978016706296,0.052292057310554904,0.3,0.8,0.9,49,2.1303393156222468,1.973570461524268
23,17,0.12300494403655296,0.13732324780787453,0.13506548543320462,0.19230604458442377,0.11479645434725888,0.14040708418404307,0.022195218064710063,0.05339051061983349,0.3,0.8,0.9,50,2.1319788516678453,1.9936747222086344
23,18,0.1226956559901928,0.13667099295081772,0.13440371264943113,0.19163009746010598,0.10887136280859966,0.1403455109470754,0.022186599650495166,0.05337460401391674,0.3,0.8,0.9,52,2.12416808240626,1.993311354557972
23,19,0.1226591851516935,0.13707887811543198,0.13624823271206438,0.2007030055827339,0.10796684629168624,0.14032579519890973,0.02218408721294335,0.05336996692488497,0.3,0.8,0.9,54,2.1229756232727066,1.9950410088630652
23,20,0.12239849030981116,0.13652245440874555,0.13568374502458014,0.200126165412158,0.10869515149363129,0.13980679047959582,0.022238326774540476,0.053463039725406634,0.3,0.8,0.9,56,2.115267538142935,1.983292545343768
23,21,0.12244031084215451,0.1365339621662437,0.13569430813556171,0.20477855283165744,0.10808638101111084,0.1399055075010655,0.022248901942868455,0.05349333374722182,0.3,0.8,0.9,57,2.116888394573559,1.9796239591150888
23,22,0.1223901701564826,0.1368950085139283,0.13749108205053912,0.2093096767412274,0.10809750948209416,0.13990550750616154,0.022248901942302515,0.05349333374613731,0.3,0.8,0.9,59,2.118216988096862,1.980543648453448
23,23,0.12021825485996918,0.13603043420452807,0.14093604290018352,0.2352468081310772,0.10588784149037259,0.14076800079859947,0.021586506383627583,0.05148458189941063,0.3,0.8,0.9,72,2.118330091669428,1.935956641679208
23,24,0.12013998702395891,0.1358689191396257,0.1407722224191059,0.2366481877442176,0.10629675310596362,0.14078266834792424,0.021575510455847945,0.051474750489808915,0.3,0.8,0.9,73,2.117756745375197,1.9326616474837075
23,25,0.1203501524985042,0.13531792028765466,0.1387757557633983,0.23924207531164304,0.10790500053362756,0.14029149613159456,0.02195927810517413,0.051779816041707484,0.3,0.8,0.9,74,2.1200832325041787,1.9363328659104644
23,26,0.12233230399063735,0.1385951589659817,0.1463617971991342,0.2462384942180771,0.1087283376340658,0.14207337333504394,0.0230887977668226,0.05249752291889018,0.3,0.8,0.9,76,2.118340670741396,1.9377036280881503
23,27,0.1193919583325716,0.1345667817124828,0.13945474336781405,0.2423413743852842,0.1062508868239394,0.14063521268222412,0.021846224600036265,0.050933973428323995,0.3,0.8,0.9,77,2.113331029503341,1.9403722940552488
23,28,0.11942184590992638,0.13353120733157084,0.138389512930457,0.24430580473939761,0.10940490157176488,0.1427102560630833,0.021694523855130942,0.05133260290118372,0.3,0.8,0.9,79,2.122818562603144,1.956155555881778
23,29,0.11885334318377427,0.13342186516690124,0.14114156158489424,0.25662876284870045,0.10688013404393437,0.14252563130291213,0.021658420510701087,0.051218376499103914,0.3,0.8,0.9,83,2.1225338623909606,1.9540323769362755
23,30,0.11956852280972471,0.13323431840761285,0.1395046490275377,0.2566649567829918,0.10844216169580351,0.14423843487420676,0.02167991576967608,0.05179076058022516,0.3,0.8,0.9,85,2.11560068106729,1.947648728270093
23,31,0.11950216153737292,0.13409400946979155,0.14323885102071712,0.26501831554194716,0.10720717832025765,0.1443210431269813,0.021685930293688833,0.05170502769091356,0.3,0.8,0.9,90,2.1155043597767933,1.9470982320563075
23,32,0.11724943422267327,0.1313409468856922,0.14332089402882067,0.2850386794202326,0.10707416175756783,0.13862389206873554,0.022310298771397678,0.051788653921154046,0.3,0.8,0.9,98,2.1019023906426764,1.935557949511496
23,33,0.1177911491179026,0.1323493550302916,0.14576657595716952,0.29937817672013395,0.10660318659013715,0.13925299184176884,0.022205245017208903,0.052281538314826306,0.3,0.8,0.9,103,2.10513817963426,1.941266956588452
23,34,0.11916517573532051,0.13419049753102663,0.1490447787514061,0.30615497442146195,0.10801990518697352,0.14121119883905914,0.02231750554078475,0.053062705666124754,0.3,0.8,0.9,104,2.121823447791402,1.9397436760646456
23,35,0.11885544191808456,0.1346404905433993,0.15236476458582743,0.3148571092933378,0.10802726827973037,0.1408741137528986,0.022311987091741432,0.05299881346426972,0.3,0.8,0.9,109,2.1091896323602515,1.9520717764494997
23,36,0.11904274105907423,0.12997703960781043,0.1347476740327943,0.21158758509404038,0.11168437038234513,0.13888060330109825,0.022699314171563893,0.054015632229686916,0.3,0.8,0.9,110,2.114374796206572,1.9314259206654387
23,37,0.11879306616065169,0.12960564535438046,0.13437300235251387,0.2112078216312545,0.10862550662366138,0.1385593938853097,0.022704110784881642,0.05394451625607827,0.3,0.8,0.9,112,2.1147242251722487,1.9311873858904005
23,38,0.11879877313998594,0.12990034408226772,0.13609992845825608,0.2206200759612983,0.10948141294138353,0.139078440815018,0.022708248549042086,0.053932325548640636,0.3,0.8,0.9,113,2.1183548787335247,1.91396636516118
24,0,0.9614833705210484,0.9935120835044243,0.9915011091397569,0.9918806840407686,0.03076807557439861,0.09805934679470527,0.0004992984582288493,0.0010564808548932788,0.3,0.8,0.9,1,8.569577760334173,17.79251979610061
24,1,0.8771473403490375,0.941433907516244,0.9387739869888807,0.9388767800701656,0.15372110901636787,0.06666593221986328,0.00010864489527154471,0.0002610119351042814,0.3,0.8,0.9,2,8.212505120185057,18.455427322030108
24,2,0.5474866814613588,0.7171720035251933,0.7108005354845164,0.7074591936041124,0.7971781839336105,0.10505270493673816,0.0010003151792841376,0.002069727002780902,0.3,0.8,0.9,3,5.7019244792587775,10.315387781718252
24,3,0.4565838181053311,0.6366678211272425,0.6289945908102921,0.6250937711759503,0.17099817392634972,0.10135252986722817,0.002470356900435612,0.005344278593944419,0.3,0.8,0.9,5,4.919799905861884,8.233230282677923
24,4,0.29077037719401994,0.45479574017307883,0.4455551702689904,0.438869118126576,0.35651849861456364,0.11407190232195323,0.004852011429862456,0.010593750694861454,0.3,0.8,0.9,7,3.67398118103455,5.608706989687111
24,5,0.2394777591120699,0.3811777238683885,0.3706087914279966,0.3638761515666303,0.19579364698773158,0.11951401166342357,0.008538033770501236,0.018402775315856348,0.3,0.8,0.9,9,3.248191821528368,4.579325119150007
24,6,0.21624851585471797,0.3421638009229638,0.3308558805969884,0.3247147151020371,0.21951280035367013,0.12052914793885464,0.011273263260925434,0.024950277000667122,0.3,0.8,0.9,10,2.946077751324944,4.690973033340016
24,7,0.21621803310291368,0.34259144129481367,0.3327204618540735,0.3274738089185946,0.06770870423428138,0.12052914793885468,0.011273263260925434,0.024950277000667122,0.3,0.8,0.9,12,2.9463280152734987,4.688738346799155
24,8,0.14581173100159098,0.20916798776590842,0.19555906329076825,0.18816649201443683,0.5551303652159275,0.1261240731888456,0.016123256707224677,0.03502604569752649,0.3,0.8,0.9,13,2.407022299349868,2.8379579105509065
24,9,0.14615718434000202,0.2104227525174031,0.1996876537258335,0.18803517211241164,0.08273820924615474,0.1261577505455436,0.016260710827182362,0.035324650028796166,0.3,0.8,0.9,16,2.4058499674430385,2.8359720866346176
24,10,0.12775234436336158,0.174513191590253,0.1603856658460578,0.1560668488022266,0.1872251463906077,0.12923898033925604,0.015224092033518691,0.03325205457330169,0.3,0.8,0.9,17,2.259371744605586,2.5441494650874508
24,11,0.12292414155649588,0.16567296658715575,0.1514238178133887,0.15016406156262613,0.10483766614311518,0.12795541717400585,0.01589049567904456,0.03193390284090649,0.3,0.8,0.9,18,2.310095157030858,2.753547636203916
24,12,0.1221951247091116,0.15659999102997313,0.14352584385257872,0.14221123660421486,0.1411593543497343,0.12992087414380044,0.01742445584523418,0.038034966150485156,0.3,0.8,0.9,19,2.171832997957986,2.3113551574313385
24,13,0.12208223011665267,0.1493288259123381,0.1374694366604474,0.13727757132037485,0.1165722139659015,0.13067529495315772,0.019725522654107736,0.043003239431199033,0.3,0.8,0.9,21,2.1305307400076043,2.182901989337506
24,14,0.13167030737443247,0.15595855614696696,0.14259008213331573,0.14269828676685167,0.11273450309041538,0.1341389027458681,0.02356130573527066,0.051433363730997765,0.3,0.8,0.9,23,2.0869550564513104,2.068109873423883
24,15,0.1254390045623625,0.14942394359989944,0.13604688703370812,0.1386218147422622,0.10119709382850837,0.12829695947707015,0.022747426313825984,0.047464526077315564,0.3,0.8,0.9,24,2.0868800778069443,2.0744416795963927
24,16,0.1307793085602249,0.15500678265679863,0.14306062074225306,0.1521068018027904,0.10631318630763452,0.13416480770743464,0.02340177614944966,0.05107800792607631,0.3,0.8,0.9,25,2.086343433596089,2.065974022884025
24,17,0.12476255536160494,0.14798990952694038,0.13459104841379133,0.1418434395963366,0.10245997963182901,0.12802122506281485,0.02277002467240059,0.047491940977761674,0.3,0.8,0.9,26,2.0849042435874443,2.064519458938903
24,18,0.1179089734834069,0.13778280460179412,0.12713608994252837,0.1341277316117225,0.1213058124640218,0.13518895167988035,0.020079803109880473,0.043844221354898905,0.3,0.8,0.9,27,2.0654892882844544,1.9750823425935151
24,19,0.12754049245600627,0.14660400912092453,0.13451049393171347,0.12676875209043864,0.10637736169890513,0.1346494612092836,0.023740194866299053,0.05177725866306603,0.3,0.8,0.9,32,2.0661573534917856,1.947812083727203
24,20,0.12101950443318213,0.13926837289682525,0.12715189626925957,0.147281593126821,0.10487496561653353,0.12891070898105603,0.022952377525932714,0.047884621058321676,0.3,0.8,0.9,33,2.061073476528031,1.9219862521106128
24,21,0.11987304168419152,0.13703662632893515,0.12631329559303103,0.14545668548137777,0.10478407030726108,0.13481041434785496,0.021644128374693834,0.04721574033100014,0.3,0.8,0.9,35,2.0567556698201703,1.924011445725286
24,22,0.11987296791239183,0.1370363942940074,0.12631305428576337,0.148263269749014,0.10025321104415885,0.13481041434785496,0.021644128374693834,0.04721574033100014,0.3,0.8,0.9,36,2.056755092869765,1.9240110118849436
24,23,0.1197048995129934,0.1371354732081582,0.12784390759169728,0.14913840358750416,0.1014569167271254,0.13481041434785496,0.021644128374693834,0.04721574033100014,0.3,0.8,0.9,37,2.0553444509590317,1.9231428621675788
24,24,0.11969830900158798,0.1371208550077097,0.12782894654110294,0.15736574610580334,0.10029998112579774,0.13481041434785496,0.021644128374693834,0.04721574033100014,0.3,0.8,0.9,38,2.055220293384984,1.9231948403393773
24,25,0.11949995962931614,0.13603337468344445,0.12529226709445743,0.1493152317254897,0.10278691996457112,0.13537542616054632,0.02165673243773103,0.04716735483715829,0.3,0.8,0.9,39,2.059923176958166,1.903693186242983
24,26,0.11952264641043446,0.13650332844934918,0.127199050477519,0.15909272403319225,0.10051417963393515,0.13554808346135624,0.021661444590928194,0.047155722504255135,0.3,0.8,0.9,41,2.062091681913573,1.9016797534736825
24,27,0.1185744462136663,0.13489276327815536,0.1255698660288952,0.15314875930795213,0.10385719698284551,0.13310826681431945,0.021726881379772654,0.04745087196455181,0.3,0.8,0.9,42,2.059000326758216,1.9751764376392256
24,28,0.12385514359996014,0.141242544482265,0.13622233986938156,0.1746629930655452,0.10599676562744745,0.1350146819511428,0.023703301228232353,0.051243248445963965,0.3,0.8,0.9,47,2.044815517533825,1.921862930159
24,29,0.11805200690983542,0.13384895605161043,0.12593564904731613,0.16550194888224445,0.10398860273684266,0.13592172861129728,0.021592980854158086,0.046938491174538605,0.3,0.8,0.9,48,2.045088320293916,1.928494239631926
24,30,0.11755386349763058,0.1327525300094191,0.1276710882598366,0.1736757483828676,0.10281542493507285,0.13518131138972095,0.022152560216053364,0.04750587727916455,0.3,0.8,0.9,53,2.047034398383821,1.9514334759901224
24,31,0.11742245625536639,0.13105567959632275,0.12593049939292766,0.17466729585469853,0.11112121312172464,0.13825115615657918,0.021170835192353684,0.048584790804636714,0.3,0.8,0.9,54,2.034556180634137,1.9371917868907176
24,32,0.11741658308304302,0.13152244136388108,0.12783471089226284,0.17780627739105886,0.10214204542111664,0.13826201182873524,0.021177740241844118,0.04857080657445323,0.3,0.8,0.9,56,2.034126833918934,1.9368593340891724
24,33,0.1154665486299833,0.12947483213842192,0.12578447239802354,0.18288517066355248,0.1005409694116079,0.13813492156979934,0.020940255737500545,0.046743024042638956,0.3,0.8,0.9,58,2.0389652413545942,1.9422396528884824
24,34,0.11575604408887868,0.13022935125855567,0.1279759034542207,0.1878584637214731,0.10057801099110605,0.1383175246530817,0.021002085211801292,0.046957652718232115,0.3,0.8,0.9,61,2.0389891268037186,1.9406895999070424
24,35,0.11701369136409909,0.1308765885258567,0.12860611379581752,0.193167698579738,0.10404333561147716,0.13825806830679244,0.02122911621448686,0.04870629882329164,0.3,0.8,0.9,63,2.0255031240745742,1.9393255040299724
24,36,0.11665380051279273,0.13209428489268277,0.1355652956614987,0.24920158138631154,0.10226116222333208,0.1370785181458508,0.02173496818222235,0.04853173053791171,0.3,0.8,0.9,89,2.0425019851891952,1.9604336759363687
24,37,0.11592895590458534,0.1316318604325229,0.1379585674564804,0.26013688050929645,0.10396906384752733,0.13672107386207194,0.021626718643279155,0.048540097226973,0.3,0.8,0.9,91,2.049939764612051,1.962466496756732
24,38,0.11700135405067802,0.13179405094508287,0.13809561142849866,0.21945186275661172,0.10413149932740622,0.13747914717552673,0.022113191533761352,0.049834757229037366,0.3,0.8,0.9,106,2.06383567830474,1.9741720099926376
24,39,0.11627817195075507,0.13141974262363545,0.13915527142050027,0.22678871343266424,0.10324070919930567,0.13690002010364355,0.022877764467145414,0.04865383915285559,0.3,0.8,0.9,115,2.080484590933699,1.9611869897157173
24,40,0.11782978113501962,0.13318236040669396,0.14234809860777478,0.24107216530535447,0.10529405785613995,0.13512166497430408,0.02342684513796347,0.0507108290938998,0.3,0.8,0.9,119,2.082770359278449,1.946896172667242
24,41,0.11574078088699283,0.13060026766579458,0.13832807487914583,0.22593736265492248,0.10285489171554175,0.1356954581937757,0.022765564869369044,0.04880144886095377,0.3,0.8,0.9,127,2.0743592088182847,1.9708933026922957
24,42,0.11590289707199476,0.13100838539367093,0.14016744842706308,0.26032324918448585,0.10343325785863633,0.13730129790268433,0.02211747262675976,0.04922017483368639,0.3,0.8,0.9,132,2.0615909745153376,1.9673761430799737
24,43,0.11510959379432231,0.1341744794717153,0.15626252588387168,0.4236212452988781,0.10268209850840763,0.1373610548131595,0.022193834361165114,0.048524422243171515,0.3,0.8,0.9,171,2.056753325285993,1.9718760242630724
24,44,0.11489996170222806,0.1328917890293531,0.15352590539922112,0.4080396966866905,0.10631557003130261,0.1373941687623036,0.022269877318310292,0.04872629345338963,0.3,0.8,0.9,172,2.0582705773156733,1.9712383961200817
24,45,0.11501948836185567,0.1333948354490344,0.1554639572758359,0.41967587577703963,0.10332198417588773,0.13742058705397125,0.02216912496314052,0.04901844871306181,0.3,0.8,0.9,174,2.0607617896282378,1.9651518062415767
24,46,0.12482189356100432,0.14269246730941423,0.16332306494516408,0.5009905378431617,0.11291337031063137,0.13389114558260978,0.027641359604263702,0.05624769761817447,0.3,0.8,0.9,197,2.054468831048994,1.9215855749974549
25,0,0.8816234272930511,0.9477270996565943,0.9450278020603139,0.9443878637216215,0.02915210039910608,0.09303595238812294,0.0005041668908695623,0.0009310901888594977,0.3,0.8,0.9,1,7.847869191560036,17.654137207166674
25,1,0.5517949633986075,0.7204505169847217,0.7141585260979604,0.7109351417592902,0.40162422941766557,0.099180325812256,0.0009963349767584037,0.002008255732154056,0.3,0.8,0.9,3,5.53146938015116,10.315387781718252
25,2,0.4586883546216535,0.6391748449627267,0.6329596190832848,0.6283771034465935,0.17779809229215218,0.10462791113548545,0.0024130753788015272,0.005108952401907205,0.3,0.8,0.9,5,4.863899506477637,8.218982790543068
25,3,0.45823788063145154,0.6387385516770676,0.6325193907139348,0.6279311673174461,0.03852953460519632,0.10456599948701109,0.002352318222936206,0.004975978491807858,0.3,0.8,0.9,6,4.86116688853167,8.209431947998503
25,4,0.30625216648365317,0.4748939579206505,0.4660147385975904,0.459864130668971,0.5914095542421399,0.11326970391424396,0.0038840058426114947,0.008291919315466917,0.3,0.8,0.9,7,3.777341912053684,5.9919479184384645
25,5,0.23458181282694185,0.37498844992200486,0.3657684346175997,0.3582328713597863,0.241039659328789,0.11747550088743526,0.008497313236077485,0.01801814232163309,0.3,0.8,0.9,9,3.3077544566543176,4.534009434675607
25,6,0.23449227810461834,0.3745719622287667,0.36533582755581423,0.357776257935066,0.06220211296227094,0.11766044494298597,0.008701467718617954,0.018464957506133826,0.3,0.8,0.9,10,3.3036268174792944,4.509815342914942
25,7,0.18715855817318594,0.30075046997829824,0.28892721699063906,0.2822580688336934,0.29563228738039493,0.12235249679918792,0.0082571281735044,0.017753999828726934,0.3,0.8,0.9,11,2.875224324513619,3.936009864773032
25,8,0.13703124398390587,0.19002672525568431,0.17609116170776468,0.16821433107830502,0.3012121195696952,0.12812483282342274,0.016643957178785238,0.0359278698620052,0.3,0.8,0.9,13,2.3810755807433783,2.707363468099248
25,9,0.1345755327119468,0.18420263552232166,0.17158587984144186,0.16635839451838566,0.10978694741771403,0.12491705594121114,0.017418046536407442,0.037766729876824556,0.3,0.8,0.9,14,2.393155756192505,3.4079134769792327
25,10,0.11873437590360471,0.14136141932529533,0.12794540181332942,0.1207982213856117,0.2581575435066701,0.13069311909843728,0.019933563995586715,0.042982763317544394,0.3,0.8,0.9,15,2.196626828981181,2.1711369903074003
25,11,0.11834241194394168,0.14014369106113886,0.1281281626698561,0.12315848880297126,0.09835242553786427,0.12976026751264214,0.02030406085684009,0.0437331824042017,0.3,0.8,0.9,17,2.210794382827154,2.146487116960629
25,12,0.12327608208572272,0.142994735468454,0.13091991396182256,0.12793985818347436,0.11336940426494518,0.13189448849536525,0.022482249021425628,0.04847853348959707,0.3,0.8,0.9,18,2.183001309124936,2.0825751985561918
25,13,0.11142595616661649,0.12607897087295425,0.11670939109440592,0.12032414123505059,0.09807941183214428,0.1298015103180427,0.020179523450938527,0.04346644102380267,0.3,0.8,0.9,27,2.1922502979462397,1.9892502237392455
25,14,0.11038719893923234,0.12426261575722687,0.11629558966113043,0.13049684499589964,0.0977635052310639,0.13022344484325743,0.020110220894175607,0.04333971827373528,0.3,0.8,0.9,29,2.187286348330399,1.9554188275412157
25,15,0.11018981910357639,0.12429092401841281,0.11775429209403858,0.13393165327171253,0.09487650430072533,0.13022344484325743,0.020110220894175607,0.04333971827373528,0.3,0.8,0.9,31,2.1797728205942217,1.9499234008426645
25,16,0.110017214276344,0.12374150640836026,0.11719455144871219,0.137366336621412,0.09536829961592544,0.12979273870811656,0.020213038417699915,0.04353141806985249,0.3,0.8,0.9,33,2.207839099788592,1.940441356396796
25,17,0.11498086526474269,0.13191990245031174,0.138280912999563,0.21825937371605586,0.10026570057696488,0.13346166787333774,0.02197837259750537,0.04718400026317921,0.3,0.8,0.9,67,2.18539829596746,2.015531881739085
25,18,0.11493687612843506,0.13231912343296542,0.1401169267364448,0.22296222403685453,0.10016031401184408,0.13342688398257374,0.021983872244386075,0.047169957515950434,0.3,0.8,0.9,69,2.187590039672584,2.021227661846498
25,19,0.11243017784647891,0.12858895970404718,0.13492835126635416,0.21965555799079325,0.10242617416114072,0.1303070856075999,0.02179011186362606,0.04624898039874551,0.3,0.8,0.9,70,2.1794000814637973,2.035194196431689
25,20,0.1144382077522683,0.12981472976105052,0.13613245597471346,0.22726959009376563,0.10188402234132622,0.1315410089487225,0.022603568172421346,0.048025013491766015,0.3,0.8,0.9,74,2.1893452146586343,2.059626333082989
25,21,0.11482972198653363,0.129545407452802,0.135844634250162,0.23024416131527128,0.1035570958522057,0.13218125478957282,0.02295187554920008,0.048508843471847286,0.3,0.8,0.9,76,2.1913539808466016,2.0862974129818403
25,22,0.11305188162966967,0.12813484158201105,0.13729327500201227,0.252653236459912,0.10145550472117294,0.131642348749146,0.022442095017364636,0.04766945597756568,0.3,0.8,0.9,79,2.1927148879267904,2.031884328570871
25,23,0.11178126999848097,0.1260595396233656,0.13377119942471943,0.2443825768948617,0.09964629831378455,0.13238431411661242,0.021870107856638732,0.04680264013823408,0.3,0.8,0.9,85,2.207139103860733,2.049948340456062
25,24,0.11144950319434366,0.1256828393758426,0.13481771838059772,0.2535455798417541,0.1003892817362004,0.1323388996040667,0.021940083578033637,0.04683383439924072,0.3,0.8,0.9,88,2.203969018854643,2.0547076492997025
25,25,0.11157532568734654,0.12577341397031835,0.1363317620787907,0.25480885561042593,0.10281949812248925,0.13358399624016556,0.02200300415445371,0.04693995627590596,0.3,0.8,0.9,89,2.1930381401353576,2.054092132350432
25,26,0.1108747929727053,0.1254224179718805,0.13741481784486084,0.26415702507972083,0.09955766688097784,0.13225948875835988,0.02190711851697136,0.04679593263120158,0.3,0.8,0.9,92,2.1982955304562357,2.0532725274561714
25,27,0.1117141323043823,0.12571973913014725,0.13627267061842058,0.2849557625154331,0.10026498142769417,0.1315810912322158,0.02230337267923132,0.04765969088841906,0.3,0.8,0.9,99,2.192552036302007,2.0360520515135496
25,28,0.11154164373140407,0.1257867936159951,0.13777084206564125,0.30347168538597774,0.10036757939623311,0.13120115440799865,0.02240054370822506,0.04770949745300138,0.3,0.8,0.9,108,2.193231448880581,2.020838242939301
25,29,0.11145476883051934,0.12647895647818908,0.1413333955547772,0.31383906424752717,0.1007506861086557,0.1314457418615237,0.022337767856941672,0.0477337884459551,0.3,0.8,0.9,110,2.1887736120587937,2.027037274313731
25,30,0.11474956576951821,0.1320892808519526,0.1541297930381339,0.3734155285287283,0.10361556845859007,0.13739318514009535,0.022596509090744277,0.04923382049556339,0.3,0.8,0.9,144,2.18636363057255,2.036707741269254
25,31,0.1146432511621518,0.13210989048977176,0.15557839938739276,0.3788505770115453,0.10474996931717709,0.13765943287004015,0.02253606950689745,0.049377673959123514,0.3,0.8,0.9,146,2.1878779247802798,2.027222565560886
25,32,0.1145223486796724,0.13326119058732905,0.16103804891664097,0.40639841058108334,0.10388794386645021,0.13765770937175204,0.02252663451863225,0.04938296211151677,0.3,0.8,0.9,153,2.183437888837902,2.029864861674931
26,0,0.9489691193321077,0.9861598160533189,0.9840511620597401,0.9842858464855481,0.029688640360184117,0.09460333429661044,0.0004969382845536683,0.0010112104928422785,0.3,0.8,0.9,1,8.88761992797469,17.79251979610061
26,1,0.8652739557976722,0.9344989669314022,0.9317308304760362,0.931672984577885,0.15591857648730514,0.06666670640486218,0.00011086607621458531,0.0002790217795138827,0.3,0.8,0.9,2,8.543252119495612,18.455427322030108
26,2,0.5377949567470836,0.7087030656167944,0.7022322328720816,0.6987434892122046,0.7932596334563475,0.09821135674541503,0.001002214681876996,0.0020290287027847228,0.3,0.8,0.9,3,5.913424155220827,10.315387781718252
26,3,0.45192099926917806,0.6327121565309497,0.6254478491364667,0.6193112786044277,0.328089789765959,0.12902118531162451,0.02221127395189457,0.04698639055146313,0.3,0.8,0.9,5,4.851397748559773,8.931828258156708
26,4,0.32798492113275346,0.4943270744720471,0.4852614022963095,0.47787432084132675,0.4462514514608454,0.12440433426591421,0.01370652765448974,0.03073101085144509,0.3,0.8,0.9,6,4.232607195503985,14.731551405545549
26,5,0.26491560940618547,0.4022203337788058,0.39143457054536285,0.3827355824389482,0.4478303850284728,0.1370984127839872,0.01950956048398866,0.04162536430181087,0.3,0.8,0.9,7,3.4292529752121723,5.15737159022493
26,6,0.27505934285230926,0.4109141272853044,0.40005892339640525,0.3894883256209849,0.12162368652606473,0.13744975214418265,0.024319638782189595,0.051842475049309146,0.3,0.8,0.9,8,3.400036128805569,4.892316328690721
26,7,0.14886272764394742,0.1967219154734199,0.18262799918761,0.171635479422855,0.7667157376456947,0.14498204737601855,0.02116595827561498,0.04500859116033468,0.3,0.8,0.9,9,2.434007706706111,2.7435059545678664
26,8,0.12147097911362803,0.14918075289654173,0.13448728615002364,0.12538451388566565,0.1329519352033466,0.1401550483181928,0.019709519324660186,0.03783235894748055,0.3,0.8,0.9,12,2.2224902332894865,2.321121201742291
26,9,0.12583379730683122,0.14518568793829678,0.13310034822439248,0.12053241246887195,0.15891953657692842,0.13994488986228196,0.022809769613931333,0.04868032472052826,0.3,0.8,0.9,13,2.193033438435789,2.0737429496227326
26,10,0.1258727603450931,0.14617402488282483,0.13696364004008368,0.12977526442356987,0.10408457950424632,0.13998268889228313,0.022820577164390402,0.04870231628775461,0.3,0.8,0.9,18,2.194741759255787,2.0736370076583053
26,11,0.12496031271895774,0.14381481096119858,0.1302911879106492,0.12939585316779711,0.10331123451212607,0.13993852367010265,0.022497389688316716,0.04800978964332361,0.3,0.8,0.9,19,2.1946135798206696,2.081949466222319
26,12,0.11394917425512992,0.1311772713139876,0.12045571815017657,0.12365702155135554,0.09677344335604537,0.13742014248621404,0.019505500047288713,0.04160649988864567,0.3,0.8,0.9,25,2.1120205930788822,1.965379255893539
26,13,0.11648575513095974,0.13371733162197014,0.12442007166797407,0.13557818049749124,0.09765001670947226,0.13752369355567368,0.02054115116932877,0.04389367654067149,0.3,0.8,0.9,31,2.143213735920728,1.9848427489792544
26,14,0.11943468684307712,0.13446603176848246,0.1222588471681404,0.13518965311879705,0.10476422408964481,0.13918717086915397,0.021822049095901547,0.04659526462715712,0.3,0.8,0.9,33,2.1386337055627758,1.9578160469504489
26,15,0.11897165543795166,0.13378934493709488,0.12300013841512134,0.14155412727375544,0.10223215228696336,0.13916455159269522,0.021860681893355768,0.0466671267829858,0.3,0.8,0.9,37,2.1277975624224705,1.9426388851413128
26,16,0.11887367227607121,0.13406574007140473,0.1247112612890294,0.1484445980780595,0.10151166181801022,0.13944940991812566,0.02183086787085284,0.04657938526759358,0.3,0.8,0.9,39,2.122503702319055,1.942160691103072
26,17,0.11886662236954071,0.13400652109938793,0.12465045878476565,0.14838171625469543,0.10155715454332503,0.13914265137931153,0.021872864091536336,0.04668292499961678,0.3,0.8,0.9,40,2.1241843697419447,1.939133147551653
26,18,0.11879797101278677,0.1334180233586959,0.12262328940130568,0.15459541552687395,0.10128698908475325,0.13954438639050123,0.021838651134340303,0.04654275137600568,0.3,0.8,0.9,44,2.122257056197093,1.992828737356532
26,19,0.11612601881301496,0.13072744363007338,0.11993209837754198,0.15000720597003375,0.09861878601305732,0.13906330720383525,0.02106830335415604,0.04443545724391812,0.3,0.8,0.9,46,2.121712461506811,1.955545066397541
26,20,0.11562312482858511,0.1308716655444438,0.12294306327769983,0.15873266695785063,0.10005336882994928,0.13934812211724903,0.020200394502204358,0.04482235010278212,0.3,0.8,0.9,47,2.1311545094849014,1.9597911731289632
26,21,0.11553401698737592,0.130297259090346,0.12235504640984649,0.15653177944581875,0.09999947530394071,0.1396554270516906,0.020278447951785544,0.04498117961878527,0.3,0.8,0.9,49,2.129435827681766,1.9523517701999429
26,22,0.11525998528846938,0.12989444434431607,0.12194853720810157,0.1574566790950359,0.09917247275820669,0.14034323891220937,0.020313636783014347,0.0445301012341205,0.3,0.8,0.9,50,2.129045346443165,1.94265192180884
26,23,0.11586483649970195,0.13005061334669246,0.12209207707973757,0.12067484851759244,0.1006822399948972,0.14039536820332713,0.020494254510877177,0.0454203203808492,0.3,0.8,0.9,52,2.130148438807194,1.944969807971912
26,24,0.11819192927410921,0.13253144659075783,0.12600150883161335,0.16529515897691055,0.10382089478687831,0.14071230960644582,0.021400112500346173,0.04737835555868825,0.3,0.8,0.9,53,2.1222437455802625,1.9298839008360984
26,25,0.11708568533566582,0.13138150379908714,0.1248503717195408,0.16551069933346696,0.10115266140156048,0.1395360338556231,0.02125016664267499,0.04671290265909495,0.3,0.8,0.9,54,2.1235053507728496,1.9301200930578
26,26,0.11706628560581919,0.13182653339599998,0.1267327402330128,0.1699224150929662,0.10092343387989182,0.13953967945686835,0.021269741486414535,0.04668241315180556,0.3,0.8,0.9,56,2.123959821697091,1.9307401982848131
26,27,0.11808922821965802,0.1307254101065824,0.12272380254142591,0.17151571235794705,0.10452440576551375,0.1430277582689835,0.022049517745621534,0.04699314573471047,0.3,0.8,0.9,60,2.121401502092038,1.9658024571210304
26,28,0.11442856088729805,0.12746208801442732,0.12089567067371092,0.17382087950872424,0.09946769995479837,0.14359587952285455,0.020677013977251548,0.04402505911343036,0.3,0.8,0.9,62,2.0904414378625567,1.9616413094149876
26,29,0.11756705465887479,0.13028486752498747,0.1251341701138859,0.18362224076561398,0.10390678644235929,0.1429533638013566,0.022123474649036395,0.0471307154389003,0.3,0.8,0.9,67,2.101779720285481,1.9453539047827189
26,30,0.11314792638065777,0.1257155304274792,0.12198492247107531,0.18953436408161625,0.10086067747649742,0.14247142453111522,0.020393172874365793,0.044463682626647884,0.3,0.8,0.9,69,2.095105526259667,1.9561293650948184
26,31,0.11265914520680267,0.1246964703196968,0.12237540602012895,0.1972123089751934,0.10051603068494036,0.1393205858901617,0.02038098059097467,0.04585329952872398,0.3,0.8,0.9,74,2.1023474544071696,1.9568733219981087
26,32,0.11246478181298045,0.12536383997220218,0.12591536044767274,0.21023100460147906,0.09930688645307809,0.13923777916527144,0.020401118069776816,0.04572382216619556,0.3,0.8,0.9,82,2.102989378491176,1.9564950656932532
26,33,0.11595072937309153,0.12856447422196668,0.12910816195906036,0.25157265145915014,0.10301897093817765,0.1405627050198459,0.022028228435681866,0.04795544940820638,0.3,0.8,0.9,106,2.0940367472734893,1.9472771229933143
26,34,0.11558956687879679,0.12831349228379665,0.1302847139078421,0.25489580586067706,0.10495072885284892,0.14039644774690904,0.022017207146700624,0.047934127553762175,0.3,0.8,0.9,107,2.10252700167472,1.964937338942237
26,35,0.11097043425547923,0.1258935216649844,0.13504737161679375,0.26999835179324644,0.09890771318917367,0.1336256523997372,0.021579924243552,0.045599683003664314,0.3,0.8,0.9,109,2.12544257848157,2.0111395788396065
26,36,0.11096672601163098,0.12730907464139285,0.14077561709153963,0.28695543173096844,0.09839465406459555,0.13362565075373525,0.02158192676648505,0.045599348078335794,0.3,0.8,0.9,117,2.125442621658044,2.011140197968822
26,37,0.11121221695487063,0.12749831085955807,0.14096327927622843,0.2849757503547061,0.09881979917720582,0.1339585592546375,0.021582919735249253,0.04580861953591052,0.3,0.8,0.9,119,2.1233816023272145,2.026653300627119
26,38,0.11415620610490695,0.12702733168615823,0.1304269200095169,0.2977263541893709,0.10175423383727698,0.1427784758010838,0.02159657177566003,0.04620380242557999,0.3,0.8,0.9,128,2.106482885716629,1.991671142393484
26,39,0.11307017444306114,0.12470623117544988,0.12807169169511112,0.3017531994128003,0.10331484532549533,0.1419093200892523,0.021600167139305855,0.046343050592798245,0.3,0.8,0.9,132,2.0894604011340485,1.9876915548116925
26,40,0.11231013146082858,0.12333037960375097,0.12667885955940772,0.3019433777407834,0.10476560203845546,0.14069577849890377,0.021664307418682634,0.04637201796255342,0.3,0.8,0.9,133,2.0931580345864425,2.010127857312766
26,41,0.11188812796339438,0.12309520116878302,0.12929763712327813,0.3198317162536898,0.10251833886728816,0.14062233989314044,0.021819890850483876,0.046439305004048144,0.3,0.8,0.9,137,2.072720408490654,1.995401913260837
26,42,0.11188438119741796,0.12403679899664836,0.13311439426664468,0.3314084092606988,0.101443515186957,0.14062233991890596,0.02181989085601864,0.04643930509169674,0.3,0.8,0.9,142,2.075078034725196,1.995003308014217
26,43,0.1091100500041208,0.12113345114361887,0.13163191361271137,0.36358286230175135,0.09943565897357211,0.13970317121843825,0.020302050824843095,0.045525086950790286,0.3,0.8,0.9,153,2.0898719946389277,1.965038367386251
26,44,0.11142419990013754,0.12225659137527853,0.13272243539420153,0.373099743667755,0.10368821142298973,0.13931092445338145,0.021623130975132455,0.04805884885434475,0.3,0.8,0.9,158,2.0774390525183195,1.9421120224380093
26,45,0.11525446596276495,0.12624689096302327,0.13814149971258338,0.3833734077054499,0.10730181872703126,0.13852663163194096,0.021765037583118225,0.0527154644357053,0.3,0.8,0.9,160,2.1069142159493945,2.012938322836595
26,46,0.1159719849239656,0.12713837325032593,0.14046249756362333,0.38487926286817,0.10905598902481396,0.13691178123564413,0.02243987731113251,0.05370449750453517,0.3,0.8,0.9,161,2.0933935902422705,1.9860988276733973
26,47,0.11374247015967809,0.12300914660190145,0.13485662842915028,0.38510334463733187,0.11420643501050905,0.13472669050330055,0.02246130449986457,0.05312918900409059,0.3,0.8,0.9,162,2.1028967064769133,1.9788072648122528
26,48,0.11374247016365696,0.12253393904251583,0.1329437856911895,0.39188319698934493,0.1062033637725288,0.13472669053860123,0.02246130449419589,0.05312918896697783,0.3,0.8,0.9,167,2.102896706400504,1.978807261148684
26,49,0.11373719786670966,0.12347205628276989,0.13675692316184695,0.4033540002941096,0.10621322521060643,0.13472669050330055,0.02246130449986457,0.05312918900409059,0.3,0.8,0.9,171,2.101694579780139,1.978795649334184
27,0,0.96197535275434,0.9937174173033404,0.9917117666090428,0.992099494509856,0.030628837505600647,0.09752226243365023,0.0004929042273886413,0.0010864837706607412,0.3,0.8,0.9,1,8.552021319235427,17.79251979610061
27,1,0.8846505977070125,0.9457770405706986,0.9431851535674332,0.9433887156661473,0.1408404481934549,0.066661453190705,0.00010854729011431467,0.0002444370736521647,0.3,0.8,0.9,2,8.003358879069644,18.455427322030108
27,2,0.5566775423036882,0.7247775080656003,0.7185269873058361,0.7153647112741679,0.7861484104978406,0.1046970116410119,0.0010008431414719123,0.002021894601582553,0.3,0.8,0.9,3,5.442141018948401,10.315387781718252
27,3,0.4669770026633762,0.6466650791311785,0.6390949362438595,0.6353463306706457,0.17624173997012293,0.11237479200160436,0.0024616244690670737,0.005451135942975233,0.3,0.8,0.9,5,4.725179992039919,8.233230282677923
27,4,0.29960890789074374,0.4655672517157599,0.45647176630666025,0.4500007980714269,0.3536331982906331,0.11814715214431068,0.004809964777831482,0.010893328536283591,0.3,0.8,0.9,7,3.469203815034914,5.608803893489966
27,5,0.1415835662179516,0.17243043336042924,0.1592519863411828,0.1452718504590721,0.6771243638424901,0.13021904521033817,0.024717214633926544,0.056478192073688066,0.3,0.8,0.9,9,1.967546248937712,2.057286099198644
27,6,0.13492058978121613,0.1649941353574727,0.15464033079111927,0.1518171897501983,0.10656714318980055,0.12969348390335794,0.022970503100002482,0.052465677978677266,0.3,0.8,0.9,14,1.9582233215641376,2.071547883130123
27,7,0.1349582349880561,0.16547063780440296,0.1565533201182765,0.15593173769897153,0.1046040537268056,0.1297092819008578,0.022991291422077856,0.05251891252513554,0.3,0.8,0.9,21,1.9566171234010712,2.069531445390463
27,8,0.13005302459054313,0.16003040333960455,0.15109746608556246,0.16530623307103465,0.10059361049713751,0.12470732492333399,0.0220229787110283,0.05011421190369074,0.3,0.8,0.9,28,2.0063563707940606,2.188103929152241
27,9,0.12770412330974973,0.15511816754211583,0.14611108607686793,0.16136663844279658,0.11519286529050929,0.1260729948850568,0.02183014032602804,0.04965450692792462,0.3,0.8,0.9,29,1.9688999765997148,2.132228747646942
27,10,0.1282117093478618,0.15514127443290243,0.14754429296488386,0.16218349533397736,0.10699774645227986,0.12915471628962183,0.021721913771640712,0.050194461947828686,0.3,0.8,0.9,30,1.9477940935975888,2.13968360895731
27,11,0.12809438565207193,0.15425724655372158,0.1466380992571355,0.16235899363247303,0.1063447627705114,0.13053453973676443,0.021630527854577596,0.05040257127075682,0.3,0.8,0.9,31,1.951883911671119,2.1202196366934447
27,12,0.12746815436972245,0.153989917121389,0.14780514612120704,0.1643450623159478,0.10198654145923523,0.12915471628962183,0.021721913771640712,0.050194461947828624,0.3,0.8,0.9,32,1.940641601148386,2.125483478184861
27,13,0.12787059300688083,0.15472571502163973,0.1499744218066149,0.16870100464195245,0.10223814365346288,0.13011689958814432,0.021632299295892762,0.0505329800066906,0.3,0.8,0.9,34,1.9564813818925015,2.1526519483563638
27,14,0.12350970382274673,0.14938073474856758,0.1431772981092564,0.16105801697003644,0.10088929575230261,0.12873494051341008,0.020836582229647516,0.047330884048607295,0.3,0.8,0.9,35,1.914717642994793,1.9866989220725744
27,15,0.1207186603516841,0.14554655235233638,0.14073714179768446,0.1656773905145108,0.10083338863497793,0.12759062679216715,0.020407268048305206,0.04640364763201111,0.3,0.8,0.9,37,1.9109258285265465,1.9998069541322785
27,16,0.12199976155367376,0.14706259261980287,0.14368383586239014,0.16960779124847436,0.09855330481713567,0.1285145583769287,0.02081826831822822,0.04737615356194064,0.3,0.8,0.9,39,1.9089525548757136,1.9898578609554416
27,17,0.1219956151147426,0.14703827631990699,0.14365901048952254,0.17103537720540213,0.09797812593209881,0.12852641559259512,0.020809692556378476,0.047393798782381535,0.3,0.8,0.9,40,1.9106100420973828,1.9985547407401896
27,18,0.12256276298921194,0.1473394690748184,0.14537645011240863,0.17638415405561952,0.10338854882217821,0.13144549388145843,0.02056692609285796,0.04795041110980046,0.3,0.8,0.9,41,1.8892445490991976,1.984236229781918
27,19,0.12251451863148177,0.1460783637349641,0.1426569056672233,0.19473480773788604,0.09993678457112827,0.12963909955736172,0.021136319965209996,0.048670851428526216,0.3,0.8,0.9,54,1.9229526131079704,2.0766849251288844
27,20,0.12259774520916551,0.1457681335379566,0.14233560228113307,0.19740227112529263,0.10116220009510482,0.1289148957637175,0.021350511630987494,0.049174844400674406,0.3,0.8,0.9,56,1.9159848060282696,2.0522295949435074
27,21,0.11851860190179067,0.14048046941147818,0.13986154416817878,0.19852604619827513,0.11029037664080044,0.12908623355056076,0.020535573669053564,0.04727575681156945,0.3,0.8,0.9,57,1.9071692337500885,2.035584859379985
27,22,0.12256361046650213,0.1440861050704005,0.1434546246486492,0.20640195281592247,0.1026164201141719,0.1289697533802294,0.02199051707627245,0.05091342014046725,0.3,0.8,0.9,62,1.8923532174193047,2.0245694408907084
27,23,0.12265247564699586,0.14413499178197312,0.14350253957597717,0.20815786416336038,0.1024599935156702,0.12932694922480464,0.021959819852427207,0.050956656440092916,0.3,0.8,0.9,63,1.8947507152061815,2.0227396354090543
27,24,0.11985483276729705,0.1403028302451023,0.13821685462119004,0.21249496445978683,0.10150729608770231,0.12956662066653188,0.021226143820335143,0.04892511638759489,0.3,0.8,0.9,65,1.908134863245895,2.009760389591531
27,25,0.11947224377963953,0.13975693136077783,0.13766638199387438,0.22132117370105547,0.09994892362189467,0.12917596312724092,0.021192309144815322,0.04880731484963577,0.3,0.8,0.9,68,1.907184633536595,2.012681343474184
27,26,0.11838319099654475,0.13908344287570046,0.1384288714292668,0.21841297996389142,0.09893781835416768,0.1281563580200075,0.02128420128045671,0.047909057125130834,0.3,0.8,0.9,69,1.8995365520982492,2.0278360648908134
27,27,0.11967234689933762,0.1398856713453814,0.1377930942796384,0.22144493681442098,0.09996014548791574,0.12912852901596863,0.02125280265888628,0.04905600247351052,0.3,0.8,0.9,70,1.9043794098051612,2.005144333255078
27,28,0.11955755977110444,0.13974824579853662,0.13765500203004333,0.22594880022600386,0.09992509794864471,0.12912750079410268,0.021224659710676417,0.04897404183525217,0.3,0.8,0.9,71,1.9054756116751763,2.0039688257016257
27,29,0.12175443292425257,0.14268177000876014,0.1434577505902574,0.21923377511936926,0.10340389379114528,0.12768367954258758,0.022173811469148305,0.051244859990126686,0.3,0.8,0.9,72,1.8977680335756744,2.045007100665632
27,30,0.12205514858938549,0.14295071498488462,0.14372584386969486,0.22541539404849062,0.10267564581978422,0.12949790113304616,0.022063271164202,0.0511011437734898,0.3,0.8,0.9,73,1.9006858946433247,2.0340855689526705
27,31,0.12189628628679297,0.14278285845772556,0.1435577002396451,0.2267254200345023,0.10239171540081232,0.12944539188106158,0.02203936159153968,0.05097143971961085,0.3,0.8,0.9,74,1.8971338316575328,2.0202088329227594
27,32,0.12229559674303594,0.1431074687724567,0.1438801717006729,0.2306184689902781,0.1032312024785638,0.13026219364565542,0.022087554519695234,0.051167061687145445,0.3,0.8,0.9,75,1.8999088864114264,2.047848121949859
27,33,0.1190243558815298,0.13915221170834144,0.13848160434441936,0.23567316610848596,0.1009060996087676,0.1290573104916834,0.02119750654253206,0.04891258904636921,0.3,0.8,0.9,76,1.9085964645015017,2.0176180483017294
27,34,0.1211870723840269,0.1423662690456912,0.14742205500393007,0.23589150758551813,0.1037730464106566,0.12988142572205316,0.021969678050872927,0.051115333908275225,0.3,0.8,0.9,80,1.9050182187246387,2.049865464614029
27,35,0.1240794694288258,0.14549227052038766,0.1519784038357883,0.2543690983588416,0.10583041472083521,0.1301899431673113,0.02272490764794522,0.05377094353124281,0.3,0.8,0.9,87,1.9000316686678784,2.044403376963733
27,36,0.12430467597822203,0.14556198606317158,0.1520439163027463,0.2628344603347442,0.10642964170642631,0.13173730289666052,0.022731121785139047,0.05363853742785446,0.3,0.8,0.9,89,1.899633249045404,2.007583815391449
27,37,0.1231888114834527,0.14382519766633714,0.14886551173480767,0.25835075649818917,0.10540256883024798,0.1304744570776442,0.022772032988756817,0.05291321237922412,0.3,0.8,0.9,91,1.900328821947849,2.024040900293965
27,38,0.12560537842094954,0.1508832731520831,0.17029584425495797,0.3567631676737353,0.10750249400456419,0.13527620451161865,0.022606163901554104,0.054243498126929184,0.3,0.8,0.9,132,1.900619892860198,1.984491775206365
27,39,0.12068396178536904,0.14350004629788454,0.15572258184331628,0.36726033021381815,0.10273506486125236,0.1307524086843023,0.0220851986725827,0.050823446020304246,0.3,0.8,0.9,137,1.9231189789884773,2.025062496651735
27,40,0.12273009589068024,0.14726370470438296,0.16523109476676637,0.38931279835169486,0.10493260672913429,0.12930120797895103,0.022657073053173694,0.05323475555684156,0.3,0.8,0.9,147,1.8975784169578391,2.0403819026860632
27,41,0.12521276284024765,0.15136129412566454,0.1750709655231199,0.3866856084260283,0.10808832103355212,0.1358691918156923,0.02269796208462193,0.05402176265317554,0.3,0.8,0.9,150,1.8801798629311577,1.9592451581646129
27,42,0.12447261640425297,0.1503105763067642,0.1740116744240194,0.3984162260619232,0.10724570989204615,0.13296469150068008,0.022916637674007933,0.054248909219981316,0.3,0.8,0.9,159,1.893670623369787,1.9772505162634828
28,0,0.8900297077902306,0.9525790002260938,0.9499565498356571,0.9494307428886325,0.029061657007453685,0.0928247845058711,0.000509469892073241,0.0008962730467041807,0.3,0.8,0.9,1,7.611545625932063,17.654137207166674
28,1,0.5673348964305448,0.7337976950364276,0.7276638992577785,0.7246745649048317,0.3964822014046107,0.10980366537193535,0.0009893517139109226,0.0020276815030967838,0.3,0.8,0.9,3,5.188222108173002,10.315387781718252
28,2,0.4717623830625076,0.6516183586012386,0.6455551615087618,0.641197570880413,0.1811238019724857,0.1134838780386184,0.0023399798524929376,0.005212032374279243,0.3,0.8,0.9,5,4.568890243532062,8.213390096380119
28,3,0.37064787373723074,0.5492625542440281,0.5401511619305248,0.5363697756677628,0.20761692174486238,0.1129001798233888,0.0029171050254705754,0.006508458104224257,0.3,0.8,0.9,7,3.970255779678143,7.29429095331803
28,4,0.2436767112170827,0.38602978279191275,0.37549383901599437,0.36881034223029363,0.3561627327126656,0.118872115656017,0.009370914078725734,0.020907783966342828,0.3,0.8,0.9,9,3.2531436977743584,4.609666799774336
28,5,0.18323683972431715,0.2938337918042244,0.28189136006183674,0.2740851796817559,0.2045916361260396,0.11599611875865504,0.008803959820315009,0.020195031584896217,0.3,0.8,0.9,11,2.6953211711927376,3.733102668928264
28,6,0.17531865747673925,0.27905076183346805,0.2668428166604905,0.26039504356727494,0.11683614647918703,0.1276960512907766,0.008883037386456507,0.01872213803936873,0.3,0.8,0.9,12,2.682306485842052,3.7940424803587214
28,7,0.13940131375102263,0.20052715216164083,0.1868469816419315,0.17838835178285137,0.380833627064837,0.1199498017116519,0.01469575202762785,0.03383289225731346,0.3,0.8,0.9,13,2.3567243153573343,2.79669676869578
28,8,0.12884399892375614,0.17706280562956975,0.1629799629857037,0.1568341861729876,0.16338021050961976,0.12075073328330126,0.015381802936811212,0.03559943383231422,0.3,0.8,0.9,14,2.283299772468824,3.317502284687829
28,9,0.1346103683664854,0.169682491179187,0.15662787965585853,0.1469747613913046,0.18309036195136014,0.1265825698340828,0.021229874274319858,0.0488992447746368,0.3,0.8,0.9,15,2.224446280578282,2.345200528107493
28,10,0.1253292991276795,0.1467327821954516,0.13328167368859234,0.1260828328126039,0.14220402382550593,0.1314136967217015,0.021621348049380935,0.04970255437510883,0.3,0.8,0.9,17,2.138441020980515,2.092914789675876
28,11,0.13052997003659017,0.15165712183388558,0.1396222516019528,0.13462422063395343,0.10948043240311145,0.13209763363805882,0.02358744028881678,0.05419798124941865,0.3,0.8,0.9,19,2.1497082292617327,2.046635397571636
28,12,0.12117261526524442,0.14087584663480432,0.12737637052353218,0.1333433499408111,0.09949566777760414,0.12269866924487491,0.02216977905430035,0.04906401158758708,0.3,0.8,0.9,26,2.149363155972966,2.055615494898203
28,13,0.11439442003162281,0.1330135824887408,0.12090757748031765,0.12734986113064928,0.10229781351836764,0.1345924598190946,0.018419318394711143,0.04232291260268112,0.3,0.8,0.9,27,2.117279348032453,1.98672828572976
28,14,0.11045239387827499,0.1283212282374101,0.11619384441715788,0.12378839169874338,0.09423941411794447,0.11990321310855209,0.020305284396436248,0.04184282818189598,0.3,0.8,0.9,28,2.136741360345007,2.1463232195503763
28,15,0.11693452549666977,0.1333104169606232,0.12114086872003446,0.13359626424762433,0.10623004396215563,0.1350772679049767,0.019890223823340103,0.04570137453850452,0.3,0.8,0.9,29,2.119438830803636,1.9564695531197047
28,16,0.11770334267927132,0.1327910744653335,0.12343367919807186,0.13323640234238865,0.10660203226210106,0.13534687494511727,0.020764423565410306,0.04768712591952469,0.3,0.8,0.9,31,2.114476306426774,1.925443272573225
28,17,0.11772937601684942,0.13209485591907277,0.12129292776939048,0.11142261237203108,0.10083205149190241,0.13535578832975018,0.02084274643287304,0.04786268543404332,0.3,0.8,0.9,34,2.113277178769757,1.9232138258040263
28,18,0.11780763436492467,0.1320934100919378,0.12128912993794996,0.111415621197137,0.10057594691603733,0.13556005183401143,0.02087837102383272,0.04792065547201069,0.3,0.8,0.9,40,2.1182111032808586,1.923277321419529
28,19,0.11383678755420923,0.12840154111540494,0.12187808493696377,0.16860015432745348,0.09804037743680004,0.1368133584697311,0.02039096828826302,0.044537638293173545,0.3,0.8,0.9,51,2.0926977372312083,2.131350704231414
28,20,0.11054954293064251,0.12478143215805551,0.11824861522981503,0.1602748106593163,0.0948948196866107,0.13267349457483665,0.019446765594772965,0.043397387365579604,0.3,0.8,0.9,55,2.098711661725477,2.057611873421454
28,21,0.11129055617540978,0.12516910155124816,0.11862643334491568,0.16200639869013206,0.09746631324154284,0.13438823937670283,0.02023112724359144,0.043262662828346135,0.3,0.8,0.9,56,2.1062878675690686,2.1162711516874384
28,22,0.1141605944197854,0.1286753279942511,0.1249989672001621,0.18245531996240671,0.09900666313283046,0.13526929502221283,0.019827431869496693,0.046792555772148005,0.3,0.8,0.9,60,2.1106925102882745,2.09029906513844
28,23,0.11676298935236813,0.12897133609889394,0.12095775683340693,0.17304382667261634,0.10689738122428571,0.1383324462014639,0.020855428776053776,0.048520196707121314,0.3,0.8,0.9,61,2.1201016144373592,2.107415295288432
28,24,0.11505289739110275,0.12719352516197685,0.11917801069461863,0.17262976859910817,0.10058250346168035,0.13480511309927262,0.021082538288686607,0.0476530762415587,0.3,0.8,0.9,62,2.131489223295969,2.115159738362909
28,25,0.11284482878056704,0.12531980051809324,0.11873790269455983,0.17964022441720215,0.09890388756652785,0.1336423363128727,0.020329316770628388,0.04637974728170146,0.3,0.8,0.9,63,2.0930770646944827,2.0339381525569484
28,26,0.11642199144298335,0.12875711349415425,0.12217127131458996,0.17838085096928427,0.10258510390640285,0.1385023132666022,0.020930226548657033,0.048322260225903815,0.3,0.8,0.9,64,2.1189465889211747,2.0917677991871115
28,27,0.11609932307831022,0.12741216713445255,0.11937358900657069,0.17963387251098498,0.10293287454820754,0.13605528491597932,0.021134673603550272,0.0490739478979192,0.3,0.8,0.9,67,2.1178167202839417,2.1906854968657377
28,28,0.11605595714152339,0.12735560282502792,0.11931680284028012,0.18094490223766993,0.10193444349373296,0.1370074908727909,0.021086136038046967,0.04876313847410298,0.3,0.8,0.9,68,2.1180947003223536,2.1819667688949065
28,29,0.11550384573062789,0.12672788233622703,0.11868683211648245,0.18168047341351323,0.10179705011509299,0.13697355387058183,0.020918598776662512,0.04837569704520771,0.3,0.8,0.9,69,2.1166976861748377,2.184581844359008
28,30,0.11495365294230211,0.1248955670585194,0.11539468892033461,0.1793745403230714,0.10604999610109697,0.13449590235782236,0.02146693051126578,0.04880293552082441,0.3,0.8,0.9,70,2.126498228027159,2.1439243684269798
28,31,0.11537014373035852,0.12562064167700498,0.11755255585011662,0.18324317561543052,0.10293970822296114,0.1353134705953147,0.021525738211191046,0.049085001140824015,0.3,0.8,0.9,71,2.128024819261879,2.142280701623997
28,32,0.11481473252712199,0.12494935429354623,0.11687810208145567,0.18393242809919658,0.10218636124434519,0.13459209193588526,0.021488782121902084,0.048841376809320096,0.3,0.8,0.9,72,2.1277038518223983,2.14000573696555
28,33,0.11282981375092152,0.12262107115931348,0.1145403937439052,0.1829490488342967,0.10176270554290379,0.13475483556339024,0.021322792260431083,0.04702575183896956,0.3,0.8,0.9,73,2.1191453697241465,2.1213437641939508
28,34,0.11413588623506948,0.1261410328327386,0.12524353036028688,0.23233016972248677,0.10129129691614475,0.14005723472263124,0.020538184976088777,0.0475469490314137,0.3,0.8,0.9,91,2.0869817340384462,2.157308181854354
28,35,0.11898369822363031,0.13037659507020635,0.12803775414398572,0.23478115057677115,0.10697590244044813,0.14014085595631612,0.021172831594566732,0.052459841007814374,0.3,0.8,0.9,92,2.091960573037166,2.0591625003414378
28,36,0.11574477592916821,0.1274355792237888,0.12652928070854869,0.23360304043523036,0.10410058253200369,0.1406037203682427,0.020638092980662017,0.049334671620172965,0.3,0.8,0.9,93,2.084199108840594,2.036286984251958
28,37,0.11550979469286549,0.12698883381433845,0.12607668378464626,0.2361931050537482,0.10422646165037369,0.1404054926642477,0.020842459509285,0.049140367466629205,0.3,0.8,0.9,94,2.0967324148311004,2.0763718497713235
28,38,0.11340288745426734,0.12414618019072653,0.12321375362549945,0.24230063752693998,0.10286773385153927,0.13259379683210187,0.021328463721004807,0.04960320315605893,0.3,0.8,0.9,97,2.0999022746616864,2.15980813256568
28,39,0.11412812810405502,0.12410504902941656,0.12315146618851765,0.24377568102154895,0.10739151641415612,0.13496971544846775,0.021367471140833393,0.05023830931216196,0.3,0.8,0.9,98,2.0986451959005863,2.1121735714371423
28,40,0.11465661877703102,0.12482748611865267,0.12530373319532534,0.24927675905158775,0.10423276309354992,0.1352874484277567,0.021414959307166,0.050917387068295225,0.3,0.8,0.9,100,2.0965054487892028,2.111245143135682
28,41,0.11584767558750371,0.12661537039499549,0.12995687846808676,0.2770994660801096,0.10505950202334959,0.1339558054747995,0.02407438286690312,0.050622157413630735,0.3,0.8,0.9,138,2.122640243797795,2.184084375842668
29,0,0.9039944117987441,0.9614195621655766,0.9589059116341252,0.9585408921985753,0.03092840919330202,0.09886247303752907,0.0005033230108827965,0.0009633431925967396,0.3,0.8,0.9,1,7.275059334399673,17.654137207166674
29,1,0.5678950761931562,0.734243048085898,0.7281172706056392,0.7251395501502643,0.4067770640474079,0.10942340390293488,0.000998740575434295,0.0020757924356701813,0.3,0.8,0.9,3,5.170881862110637,10.315387781718252
29,2,0.46773260084136115,0.6473115219037816,0.6397667198232809,0.6360560647741738,0.18544836176319224,0.10912613062632337,0.0024849932690889916,0.005413140164890507,0.3,0.8,0.9,5,4.676626040848611,8.233230282677923
29,3,0.30008251090461047,0.46624471316801946,0.4571651345429413,0.4507174574617256,0.3542936698313327,0.11661057080880381,0.004951762082125129,0.010905556730942954,0.3,0.8,0.9,7,3.446716006625037,5.609896952431617
29,4,0.2453888899683146,0.3890833883923161,0.38002931804941725,0.3727390208410288,0.20685253557117048,0.12378633178961214,0.008891071869064814,0.019405450055576215,0.3,0.8,0.9,9,3.135136460709745,4.515733741155286
29,5,0.2303743917289155,0.3690654807620339,0.3597612664297144,0.3537573173056259,0.10914136023212703,0.11858324285066071,0.00789312635614107,0.017609421457624126,0.3,0.8,0.9,10,3.000889662883953,5.374262317027223
29,6,0.21411065251833725,0.34176391848223037,0.33194914899626554,0.32678568600008306,0.16818544557016055,0.12212026446379176,0.009616426733500686,0.020967997944248327,0.3,0.8,0.9,11,2.843511856995418,4.105856088347013
29,7,0.1936789666873748,0.3112844085772511,0.30104238468073846,0.2970586902073849,0.14797106015718445,0.12028350214198665,0.008581910665539998,0.019092151289516923,0.3,0.8,0.9,12,2.657804454981838,4.577395266165039
29,8,0.14911741590791203,0.2163833725364956,0.20432285493728525,0.19610427271034359,0.45570050229360753,0.12402647561639275,0.01607953376434622,0.03535575787267981,0.3,0.8,0.9,13,2.259611147243934,2.7569753080135024
29,9,0.14529124200172305,0.21244107881350519,0.20037694139016013,0.19405109332887616,0.07896484319067701,0.12369849429974766,0.014682790339409835,0.032594695396839506,0.3,0.8,0.9,14,2.200288094067888,3.681979730215855
29,10,0.14502932892229842,0.20724408641868955,0.1950210405963518,0.1895447936943755,0.11581217410117553,0.12416127219696471,0.01641564809492308,0.036441509891997445,0.3,0.8,0.9,15,2.1893354852179456,3.598213312333124
29,11,0.1383805786207435,0.198130746156154,0.18725201658908386,0.18249292697344693,0.09876685196011221,0.12449010347164116,0.015167499283486005,0.03344141136151364,0.3,0.8,0.9,16,2.144726719309052,2.604992871083448
29,12,0.13132860702450255,0.16536000236811602,0.15654552198487454,0.14994335981562062,0.26454671808539265,0.12868241208369807,0.021273604378577744,0.04694388952540436,0.3,0.8,0.9,17,1.8943804138098468,2.1196503728433145
29,13,0.11926493843976563,0.1525667300740574,0.1437307691096781,0.14568266872062002,0.0871828292257569,0.11452010744030812,0.020745737374136444,0.039442306253937395,0.3,0.8,0.9,23,1.9477541148094517,2.2540317210046483
29,14,0.12539461079974726,0.15829935882421337,0.15087548801368247,0.15317006534449584,0.0985844116221483,0.12049039683510362,0.021849402289374414,0.044130102557518175,0.3,0.8,0.9,24,1.9127465602437044,2.124998921046801
29,15,0.12869786394778993,0.16123497576307957,0.15380048542882865,0.15932278859148216,0.09917414269369591,0.12108954542852927,0.023154210434797696,0.04679729530767908,0.3,0.8,0.9,25,1.9158830269725533,2.068499718041097
29,16,0.12806788466007182,0.16090634302923373,0.15490421915793598,0.16285876573343314,0.09683596074767478,0.1222440621982982,0.02263140836769536,0.04634521451951105,0.3,0.8,0.9,28,1.9142749954215383,2.077386100359939
29,17,0.12291728270060862,0.15073384165120446,0.14458615157610438,0.15465604775867342,0.12557281528469386,0.12515027565049644,0.020865269994398937,0.04601813760590378,0.3,0.8,0.9,29,1.848569549063894,1.9313551916835987
29,18,0.12288145249910944,0.15114117816363348,0.146430206664042,0.173427702556664,0.09566069303378556,0.12525019885342037,0.020853262452833008,0.0459858342273953,0.3,0.8,0.9,41,1.8565846435234143,1.9366472693883128
29,19,0.12599250585030122,0.154025897336226,0.14930835198539294,0.17903326811836157,0.1002876027249679,0.12648218206513323,0.021905565392227665,0.0483096217800341,0.3,0.8,0.9,42,1.8502187353270936,1.9340694569388448
29,20,0.12598691448416977,0.15448880723988737,0.1512086469408826,0.18175750210679903,0.09898683214877717,0.12648218207000747,0.02190556547131314,0.04830962195565886,0.3,0.8,0.9,43,1.8503987759424363,1.9340527837883443
29,21,0.1259738824042127,0.15446026672098073,0.1511796898459726,0.18322401077643347,0.09903895540455132,0.12648218206513323,0.021905565392227665,0.0483096217800341,0.3,0.8,0.9,44,1.851245536408887,1.9340573074089271
29,22,0.12571800154887997,0.15512141030671928,0.15471483461044838,0.1943972838019125,0.09875369243086421,0.12629117435461723,0.021845483100257163,0.04817412177347984,0.3,0.8,0.9,50,1.846805684810334,1.928145716075258
29,23,0.1222261493063745,0.15078718924602927,0.14893255334017091,0.18901762196370137,0.09770949568618631,0.12498436976411349,0.020872622938158166,0.045939519514835665,0.3,0.8,0.9,51,1.8564710014850572,1.94435375258434
29,24,0.1224646540086301,0.15143135047399767,0.15101211782996612,0.1994871643809852,0.09604177652473919,0.12531222232584543,0.020948629434896702,0.04609297289824272,0.3,0.8,0.9,53,1.858641542386705,1.9514698499104808
29,25,0.12221565563882478,0.15013771540480778,0.1468408522591342,0.1959649122901252,0.09622371067279423,0.1250237288757418,0.020841590853054166,0.04609603184966654,0.3,0.8,0.9,54,1.860574667325514,1.932021229345104
29,26,0.12233023211808469,0.1501730111456364,0.1468739167625066,0.19884779543905404,0.09608358340999651,0.12568940306467064,0.020840666260297448,0.04607686206940863,0.3,0.8,0.9,56,1.8554487708392449,1.930672400914264
29,27,0.12153733296201327,0.14911237492102153,0.14580562363432673,0.2009027492690989,0.09686283957717606,0.1258195150361449,0.020701759012360987,0.045526855706768544,0.3,0.8,0.9,57,1.860248820218724,1.944222547384845
29,28,0.12323016927090741,0.15347012087414919,0.1587831887007703,0.22859934353456332,0.09724103116928771,0.12488652162810457,0.021255320610233865,0.0474009992213827,0.3,0.8,0.9,67,1.8687833049092464,1.9958319415192944
29,29,0.12615696994059275,0.1556985174971874,0.15956766373652861,0.23588105899636466,0.10050888521948262,0.12527646960299188,0.022107455690913144,0.0499741609492934,0.3,0.8,0.9,72,1.8488085618809469,1.920568477331908
29,30,0.12851416822371717,0.15811169508966183,0.16340646794431854,0.2537919910297036,0.10357331915111781,0.12467607634004456,0.021802524605367215,0.05345588210766754,0.3,0.8,0.9,76,1.85485017004174,1.9767519463667145
29,31,0.1228016193770701,0.15177787785254163,0.1556308027275965,0.24315659183315955,0.09822440824219478,0.12394898600750318,0.021364873729935625,0.047875996003709516,0.3,0.8,0.9,77,1.8679307000021383,1.974508239602367
29,32,0.1230367911128124,0.15217453205956954,0.1574560461700949,0.24941088555277655,0.09878700108426361,0.12423927528281278,0.0214984363540317,0.04821390332436117,0.3,0.8,0.9,79,1.8514337025057428,1.9707571306282727
29,33,0.12293927137583327,0.15190044766422628,0.15717696218341712,0.25230183163590464,0.09895280668941811,0.12424277359842151,0.021527168462349505,0.048243086938049407,0.3,0.8,0.9,80,1.8502121486500864,1.9707889754229229
29,34,0.12181702457353924,0.15355663529588828,0.16745627439869548,0.3137572654140986,0.09686778783041561,0.12407172523663976,0.020806223207873953,0.04776160390463471,0.3,0.8,0.9,107,1.8641030744396343,3.017100235840877
29,35,0.12181626623051375,0.1540302185834334,0.16936742795843573,0.31926205533694174,0.0968547204837534,0.12407172523663978,0.020806223207873953,0.04776160390463471,0.3,0.8,0.9,109,1.863932353647418,3.016522262118532
29,36,0.12173903095072452,0.15439814592380086,0.1711717581618949,0.3246520731533712,0.0968874286859336,0.12397516641501585,0.020803830561195134,0.04773781929356351,0.3,0.8,0.9,111,1.861333071074128,2.990832240153315
29,37,0.1215505280543494,0.15404208094986363,0.17081087859055988,0.3293204380161469,0.09724443836518482,0.12422653675807489,0.02077946409594698,0.047621925304168866,0.3,0.8,0.9,113,1.867978414824765,2.9701239288833503
29,38,0.1213123333447386,0.15304376284755772,0.16836681474075113,0.32753744335277685,0.09758964507331497,0.1246911838377845,0.020721837183646105,0.047518151485077674,0.3,0.8,0.9,115,1.8785622924510672,2.9709437503421463
29,39,0.12249951062498454,0.15422573958207553,0.1695488939238686,0.3422810361115002,0.09797262384032075,0.12624776353103395,0.020911776348147528,0.048154334737277406,0.3,0.8,0.9,116,1.876955633328236,2.875972415092804
29,40,0.12115098551763276,0.15270106613073825,0.16801904448030866,0.3304712965297549,0.09777444076753758,0.12472323850607073,0.02071994736252627,0.047497565658559567,0.3,0.8,0.9,117,1.878089618422389,2.936457013740929
29,41,0.12143573594799147,0.15380352545991477,0.17199283885651317,0.34427646170583925,0.09739639608597106,0.12470539417247965,0.020842418188210473,0.047834038485049864,0.3,0.8,0.9,120,1.8658008666826171,3.0304942308352767
29,42,0.12153746762786671,0.1533680953929168,0.17011813512394555,0.35210247632991115,0.09741041386748928,0.12472626899541792,0.020869137390865634,0.0479735993025024,0.3,0.8,0.9,123,1.8677117549791271,2.948053727184499
29,43,0.12138943618342854,0.15366595973276104,0.17185268999584846,0.3583164022044089,0.09725243623692546,0.12478459705412406,0.020821864696466057,0.04785894224578188,0.3,0.8,0.9,125,1.866811370996291,2.9348072550600786
29,44,0.12120413493398474,0.15340387465147182,0.1715883641783325,0.3591195732209335,0.09726956724759178,0.12460741803234836,0.02085054517884265,0.047757539363071776,0.3,0.8,0.9,127,1.8616333872816773,2.912467057907613
29,45,0.12311364316741202,0.1565280482176468,0.18044329199870307,0.41912210141685846,0.09968477532140965,0.12607573641943579,0.02154552923207787,0.04940516796666432,0.3,0.8,0.9,152,1.8597877003159853,2.883811672417723
29,46,0.12404253387862185,0.1576994738330327,0.18304548222654587,0.43764440036412355,0.10132733443206021,0.12574860812614003,0.021992060949981202,0.05036370491612289,0.3,0.8,0.9,154,1.8654520546137223,2.8978531279812905
29,47,0.12385629538972426,0.1579604189482175,0.18474321986952774,0.4386728065642092,0.10056487415209037,0.1257765664056269,0.021931417790732387,0.0502271986336028,0.3,0.8,0.9,156,1.863584253339871,2.897121037420788
29,48,0.12329543449418845,0.15729973910218348,0.18407959549515746,0.44399353830409366,0.10029649623111223,0.12565810328869736,0.021595789962201975,0.05003357730591782,0.3,0.8,0.9,158,1.8633506209820565,2.9067751094458405
29,49,0.12346113669701617,0.15792571844353004,0.18614283980077467,0.4477598063609661,0.10022646671975387,0.1257747026947849,0.021647243980420387,0.05014692052189684,0.3,0.8,0.9,160,1.8628408809535808,2.906048632445441
29,50,0.12271548331526752,0.15317276595775878,0.17130764719810548,0.42611993690644107,0.10132698558772082,0.12507105538982383,0.021494554280411755,0.05031357533623401,0.3,0.8,0.9,163,1.870985846650928,2183860.3778017443
29,51,0.28265721908561603,0.3132832954818451,0.3342710125793474,0.615218360734462,0.2609646887682112,0.1350525321112641,0.022095181978346284,0.2248803484213037,0.3,0.8,0.9,175,1.862712350911021,2184336.8067380204
29,52,0.2807528045559914,0.31091019511816737,0.33188456097457,0.6174572837173291,0.2617997020589499,0.1355930707400879,0.022123830573424624,0.22298617468340395,0.3,0.8,0.9,176,1.8577996476948209,2184374.941340453
30,0,0.8889968940440868,0.9521116368671327,0.9494770483271087,0.9489332674361113,0.029375091180383686,0.09381670161100478,0.0005142505626831918,0.0009096447188174425,0.3,0.8,0.9,1,7.648989482248599,17.654137207166674
30,1,0.5495359094869067,0.7185401058902098,0.7122216628744266,0.7089588369604067,0.4108065169124338,0.09820371438087531,0.0010097543437932982,0.0020887233174658962,0.3,0.8,0.9,3,5.588465534331227,10.315387781718252
30,2,0.4545230995482195,0.6355218301151248,0.6291412427522984,0.6237739497711502,0.1990175836373524,0.1118230931257486,0.0038571088775407767,0.009151832584389346,0.3,0.8,0.9,5,4.993704700077857,9.389154986115406
30,3,0.29145825464845615,0.45622333066456183,0.44703742449879164,0.44043232135450744,0.33392603224132317,0.11002381714589145,0.004371359440223968,0.010061477303206789,0.3,0.8,0.9,7,3.7674886321936873,5.710537099625978
30,4,0.22090058242688726,0.35513666616500894,0.3456202040549697,0.33544452448476614,0.23914779676301307,0.11770514922271291,0.007633302224397324,0.017783743844034684,0.3,0.8,0.9,9,3.199847545959707,4.456297533711635
30,5,0.22294494350525274,0.3569289549940184,0.3474009662559635,0.34220167315539246,0.06238362091522415,0.1174246207115653,0.008528985360992586,0.019909653047916274,0.3,0.8,0.9,10,3.223984195454053,4.516175312825766
30,6,0.12850600976128415,0.1642496487241013,0.15121498083779356,0.14019823528124695,0.8131386712616702,0.13951464748959289,0.017319486381797825,0.04061461042834088,0.3,0.8,0.9,11,2.163998933420963,2.3430986995256355
30,7,0.12504938874698662,0.15253839248395756,0.1406861049273906,0.13330157888855648,0.1095591152887816,0.14304740207913785,0.018389963198776355,0.043133162034567706,0.3,0.8,0.9,15,2.17029065125128,2.133126932883238
30,8,0.12317799822881478,0.1502388879544005,0.13837418430447979,0.12794563580326276,0.09621222367810357,0.1425640989752393,0.01792394912199747,0.04203548331332399,0.3,0.8,0.9,17,2.159844690850239,2.1201929536629422
30,9,0.1225325371017591,0.14376432811550663,0.13315621323362073,0.12995654414044272,0.13674178558525643,0.1466319118607729,0.01910186121801081,0.044794675053495846,0.3,0.8,0.9,18,2.088439863902074,1.9977955493532336
30,10,0.12298979045726915,0.14284419151397235,0.13077322163997282,0.1279945204645362,0.10606018892150904,0.14583192846078444,0.01959173254155403,0.045959964608268775,0.3,0.8,0.9,19,2.089299698065964,1.9936739406391872
30,11,0.12456904939305465,0.14367843437633013,0.13301018418117863,0.1347852336867949,0.10573789885936957,0.14532240940596466,0.020532752257246288,0.0481593173836963,0.3,0.8,0.9,22,2.094029790212209,1.9784162931759848
30,12,0.1269274532635953,0.14600429517066993,0.13675927345125968,0.14055812708115586,0.1071238869978079,0.1443591146919187,0.02161143807933721,0.050602428296734406,0.3,0.8,0.9,25,2.0692651313811985,1.9637064407430176
30,13,0.12582518750389085,0.14342639322410425,0.1341396792944004,0.14024902948408033,0.11051839778292272,0.1450387246162607,0.021564027866054245,0.05052451909591536,0.3,0.8,0.9,27,2.0647705563855,1.9384436526792368
30,14,0.12581454063581893,0.14341156925316756,0.13412454933624746,0.14389988323334973,0.10625265834385765,0.145037312947393,0.02156206177126275,0.05051877416055169,0.3,0.8,0.9,28,2.06473927355245,1.938305944061724
30,15,0.12582118129072672,0.14389278342888898,0.13604335232884393,0.14651103601024326,0.10623660585032402,0.1450387246162607,0.021564027866054245,0.05052451909591536,0.3,0.8,0.9,30,2.066123455823268,1.93856405649199
30,16,0.12584018292895416,0.14350754506964047,0.13564676283674648,0.14740013590349227,0.10892246549624798,0.14609188865603434,0.02157660805247287,0.05054636165381353,0.3,0.8,0.9,31,2.0663307263301736,1.9234634893401537
30,17,0.12843952806812395,0.14478160374903376,0.13973203956815142,0.1564172500556389,0.11538950572037102,0.1462475772654797,0.022406264079083395,0.05467531032462656,0.3,0.8,0.9,34,2.0556964562245392,1.9564533025427264
30,18,0.12488548098518554,0.14065418144801362,0.1341642786410574,0.15575711177313292,0.1078132696538282,0.14498201667416027,0.02150974922672532,0.05203199014173133,0.3,0.8,0.9,36,2.051910849794865,1.9565534438892191
30,19,0.12294108304141002,0.13800806609211,0.13149842341318027,0.15306226426149205,0.1081664605386287,0.14887970217386268,0.020660928804902428,0.0499481158406836,0.3,0.8,0.9,38,2.05667716911122,1.9502536282129408
30,20,0.12364636992669202,0.13892691380987812,0.1338477311147716,0.157562661997234,0.10781076157267314,0.1464932397646933,0.02170412018497003,0.0508308185776514,0.3,0.8,0.9,40,2.045122491798755,1.9401222228200752
30,21,0.12384064588596033,0.13903555602042256,0.13537818494449777,0.16542179435850402,0.10931032570368998,0.14793742752591582,0.021155980433850047,0.05154699809192489,0.3,0.8,0.9,42,2.0413566954609723,1.9419396875544253
30,22,0.12377647653042798,0.13864038325159264,0.1349737997833067,0.16364944451416044,0.10884535928384219,0.14854395217336397,0.02116263361738882,0.05155854979249722,0.3,0.8,0.9,44,2.0430250040013407,1.9310799791726547
30,23,0.1236616330419172,0.14128386876528312,0.14766393393907817,0.20676539159213297,0.10844909877383721,0.1459371545358083,0.022700556027330857,0.05143288692106465,0.3,0.8,0.9,59,2.0151500661746904,1.968815590573728
30,24,0.12413023808582968,0.13982896665675823,0.14188281350167217,0.19417716578145744,0.11051157639366085,0.1510097571333312,0.02085038822491523,0.05234151772502597,0.3,0.8,0.9,61,2.038445006941497,1.9527217371843613
30,25,0.12298705349497155,0.14022555745979892,0.14801937954431782,0.2227247852587459,0.10848945652500724,0.1459371545358083,0.022700556027330857,0.05143288692106465,0.3,0.8,0.9,69,2.015469709652656,1.966546130141988
30,26,0.12319345979989901,0.14087597978536825,0.15010641822322668,0.23253955996033068,0.10855134202525595,0.14664111185231218,0.022708900921814514,0.051447375882901,0.3,0.8,0.9,71,2.017582670047956,1.9548493567882448
30,27,0.12310414359543884,0.14169527683832792,0.1537996890907649,0.24365997160772884,0.1084655792525904,0.14686940624926642,0.022667916916057212,0.051345038239720045,0.3,0.8,0.9,75,2.021812705408087,1.951142205937892
30,28,0.12267859386935127,0.14248940173298524,0.15890071919639548,0.2817175969453642,0.10822024629079396,0.14617972693404294,0.02264984241668713,0.05129771492656894,0.3,0.8,0.9,90,2.02220457546862,1.989559505305761
30,29,0.12257793006738438,0.14308078525110973,0.16236005833895853,0.28460686660597356,0.10842808319371075,0.1433040821051026,0.0223665137096223,0.05262121074312265,0.3,0.8,0.9,98,2.054295912282432,1.997033062465684
30,30,0.723394259852161,0.7436754158598171,0.7643728619716029,0.907318645587146,0.7115944866199592,1.0,0.20916987087925365,0.2691876695273793,0.3,0.8,0.9,100,2.017037237410103,3.62957725065937
30,31,0.8078786552646169,0.827866170573234,0.8485555153884315,0.9985642551535009,0.7947371486646939,1.0,0.15941882340239394,0.4075369666241943,0.3,0.8,0.9,104,2.0193789752986344,5.212647080043711
30,32,0.7918054330803801,0.8117096765865222,0.8323967252578844,0.9894382723754445,0.778388827784749,1.0,0.1794506035908467,0.3719437667868974,0.3,0.8,0.9,110,2.032106099026716,6.184952489763915
30,33,0.7231007404823568,0.7434541109366873,0.7655779055477169,0.9278359914087522,0.7096998467103453,1.0,0.2091778036572468,0.26920362650973784,0.3,0.8,0.9,112,2.0187945207537883,3.667253559921236
30,34,0.7020429860097737,0.7176313866092395,0.7253793593164779,0.7756152816165567,0.6886515421572014,1.0,0.13872083105326252,0.30844573821416127,0.3,0.8,0.9,113,2.0259908630437127,5.529911897549259
30,35,0.13092425881887348,0.15360449717949734,0.1829146611621356,0.38620585040792577,0.11754271984145934,0.1373488635215967,0.024155125266173628,0.06328730362835536,0.3,0.8,0.9,134,2.0622471705577463,2.194987909953956
30,36,0.13084559785023273,0.15390010967745543,0.18464507557841095,0.3970975175318987,0.11779828517000421,0.1373488635215967,0.024155125266173628,0.06328730362835536,0.3,0.8,0.9,136,2.0596723329194844,2.1885407208794017
30,37,0.12975897763631458,0.15305106956152428,0.18522692988769537,0.4124426366251921,0.11684885578537543,0.13728247730599197,0.024085592469248924,0.06236907920920223,0.3,0.8,0.9,140,2.0504107744006164,2.1944108494859087
30,38,0.12926362891406856,0.15191713694450165,0.18407540586438734,0.40685476632423384,0.11694404017595261,0.14304509201499296,0.023591477901662807,0.06088821856593681,0.3,0.8,0.9,149,2.026124104920002,2.1892228115891537
30,39,0.1303194547981968,0.1543830173013922,0.19085332965582308,0.4399768613282781,0.11769284227217428,0.14060188262674936,0.02377594794133234,0.0627251704569507,0.3,0.8,0.9,161,2.033518413138964,2.213890569671241
30,40,0.12936690001247844,0.15266480509329391,0.18768943638017097,0.43871392196892023,0.11766299942375512,0.14045863885835547,0.023548590561301222,0.062166508160311745,0.3,0.8,0.9,163,2.0391303216912497,2.196675040485238
30,41,0.12911652434754112,0.15225707382684522,0.18727729781998836,0.4419851210283555,0.11779601201887388,0.1413369371014918,0.023574183833394564,0.06170836893359071,0.3,0.8,0.9,164,2.031730081049277,2.1895438300170134
30,42,0.1281057831000657,0.15194104970319172,0.1898295353079897,0.5097059409604221,0.11601333833095079,0.14738749158248202,0.025032121432774376,0.057491934047334735,0.3,0.8,0.9,194,2.062460972729473,1.9793159584682976
