Dataset,Run,Method,Weight,Metric,Test_Metric,Spearman
522_pm10,1,SVP,w0.1_0.3_0.8,MSE_Train,MSE_Test_Interpolation,0.817669172932331
522_pm10,1,SVP,w0.1_0.3_0.8,AIC_Train,MSE_Test_Interpolation,0.7831864143116413
522_pm10,1,SVP,w0.1_0.3_0.8,BIC_Train,MSE_Test_Interpolation,0.10824474980554837
522_pm10,1,SVP,w0.1_0.3_0.8,MDL_Train,MSE_Test_Interpolation,-0.8046409126263937
522_pm10,1,SVP,w0.1_0.3_0.8,PSM_Train,MSE_Test_Interpolation,0.0037593984962406017
522_pm10,1,SVP,w0.1_0.3_0.8,MSE_Train,MSE_Test_Extrapolation,-0.11809696655431684
522_pm10,1,SVP,w0.1_0.3_0.8,AIC_Train,MSE_Test_Extrapolation,-0.12341197822141561
522_pm10,1,SVP,w0.1_0.3_0.8,BIC_Train,MSE_Test_Extrapolation,0.6709229971480425
522_pm10,1,SVP,w0.1_0.3_0.8,MDL_Train,MSE_Test_Extrapolation,0.11777288047705471
522_pm10,1,SVP,w0.1_0.3_0.8,PSM_Train,MSE_Test_Extrapolation,-0.0903551983406793
522_pm10,2,SVP,w0.1_0.3_0.8,MSE_Train,MSE_Test_Interpolation,0.04172593646277856
522_pm10,2,SVP,w0.1_0.3_0.8,AIC_Train,MSE_Test_Interpolation,0.04504504504504504
522_pm10,2,SVP,w0.1_0.3_0.8,BIC_Train,MSE_Test_Interpolation,0.22641062114746321
522_pm10,2,SVP,w0.1_0.3_0.8,MDL_Train,MSE_Test_Interpolation,-0.05239449976292081
522_pm10,2,SVP,w0.1_0.3_0.8,PSM_Train,MSE_Test_Interpolation,-0.1353722143195827
522_pm10,2,SVP,w0.1_0.3_0.8,MSE_Train,MSE_Test_Extrapolation,-0.43148411569464196
522_pm10,2,SVP,w0.1_0.3_0.8,AIC_Train,MSE_Test_Extrapolation,-0.3546704599336178
522_pm10,2,SVP,w0.1_0.3_0.8,BIC_Train,MSE_Test_Extrapolation,0.4834044570886675
522_pm10,2,SVP,w0.1_0.3_0.8,MDL_Train,MSE_Test_Extrapolation,0.44855381697486957
522_pm10,2,SVP,w0.1_0.3_0.8,PSM_Train,MSE_Test_Extrapolation,-0.417022285443338
522_pm10,3,SVP,w0.1_0.3_0.8,MSE_Train,MSE_Test_Interpolation,0.21096217877571927
522_pm10,3,SVP,w0.1_0.3_0.8,AIC_Train,MSE_Test_Interpolation,0.0762400751301972
522_pm10,3,SVP,w0.1_0.3_0.8,BIC_Train,MSE_Test_Interpolation,-0.22060957910014511
522_pm10,3,SVP,w0.1_0.3_0.8,MDL_Train,MSE_Test_Interpolation,-0.21821907282506617
522_pm10,3,SVP,w0.1_0.3_0.8,PSM_Train,MSE_Test_Interpolation,-0.05899427985998463
522_pm10,3,SVP,w0.1_0.3_0.8,MSE_Train,MSE_Test_Extrapolation,-0.18364210706053102
522_pm10,3,SVP,w0.1_0.3_0.8,AIC_Train,MSE_Test_Extrapolation,-0.21958507641082556
522_pm10,3,SVP,w0.1_0.3_0.8,BIC_Train,MSE_Test_Extrapolation,0.1420643729189789
522_pm10,3,SVP,w0.1_0.3_0.8,MDL_Train,MSE_Test_Extrapolation,0.19089900110987792
522_pm10,3,SVP,w0.1_0.3_0.8,PSM_Train,MSE_Test_Extrapolation,-0.054725518654486466
522_pm10,4,SVP,w0.1_0.3_0.8,MSE_Train,MSE_Test_Interpolation,-0.24129554655870447
522_pm10,4,SVP,w0.1_0.3_0.8,AIC_Train,MSE_Test_Interpolation,-0.1917004048582996
522_pm10,4,SVP,w0.1_0.3_0.8,BIC_Train,MSE_Test_Interpolation,0.13927125506072877
522_pm10,4,SVP,w0.1_0.3_0.8,MDL_Train,MSE_Test_Interpolation,0.3382591093117409
522_pm10,4,SVP,w0.1_0.3_0.8,PSM_Train,MSE_Test_Interpolation,-0.2576923076923077
522_pm10,4,SVP,w0.1_0.3_0.8,MSE_Train,MSE_Test_Extrapolation,0.258502024291498
522_pm10,4,SVP,w0.1_0.3_0.8,AIC_Train,MSE_Test_Extrapolation,0.23340080971659918
522_pm10,4,SVP,w0.1_0.3_0.8,BIC_Train,MSE_Test_Extrapolation,0.3242914979757085
522_pm10,4,SVP,w0.1_0.3_0.8,MDL_Train,MSE_Test_Extrapolation,-0.21639676113360326
522_pm10,4,SVP,w0.1_0.3_0.8,PSM_Train,MSE_Test_Extrapolation,-0.03137651821862348
522_pm10,5,SVP,w0.1_0.3_0.8,MSE_Train,MSE_Test_Interpolation,0.0012806283616494493
522_pm10,5,SVP,w0.1_0.3_0.8,AIC_Train,MSE_Test_Interpolation,0.21454793818833773
522_pm10,5,SVP,w0.1_0.3_0.8,BIC_Train,MSE_Test_Interpolation,0.2180483223768462
522_pm10,5,SVP,w0.1_0.3_0.8,MDL_Train,MSE_Test_Interpolation,0.1443695039699479
522_pm10,5,SVP,w0.1_0.3_0.8,PSM_Train,MSE_Test_Interpolation,-0.034662340988645096
522_pm10,5,SVP,w0.1_0.3_0.8,MSE_Train,MSE_Test_Extrapolation,-0.7021258430803381
522_pm10,5,SVP,w0.1_0.3_0.8,AIC_Train,MSE_Test_Extrapolation,-0.5732946298984034
522_pm10,5,SVP,w0.1_0.3_0.8,BIC_Train,MSE_Test_Extrapolation,0.7480577136514983
522_pm10,5,SVP,w0.1_0.3_0.8,MDL_Train,MSE_Test_Extrapolation,0.6924784427559121
522_pm10,5,SVP,w0.1_0.3_0.8,PSM_Train,MSE_Test_Extrapolation,-0.4829676427900623
522_pm10,6,SVP,w0.1_0.3_0.8,MSE_Train,MSE_Test_Interpolation,0.6556429232192414
522_pm10,6,SVP,w0.1_0.3_0.8,AIC_Train,MSE_Test_Interpolation,0.4698196114708603
522_pm10,6,SVP,w0.1_0.3_0.8,BIC_Train,MSE_Test_Interpolation,0.20467160037002777
522_pm10,6,SVP,w0.1_0.3_0.8,MDL_Train,MSE_Test_Interpolation,-0.641304347826087
522_pm10,6,SVP,w0.1_0.3_0.8,PSM_Train,MSE_Test_Interpolation,0.1608464384828862
522_pm10,6,SVP,w0.1_0.3_0.8,MSE_Train,MSE_Test_Extrapolation,-0.31846434056845085
522_pm10,6,SVP,w0.1_0.3_0.8,AIC_Train,MSE_Test_Extrapolation,-0.18149229575968906
522_pm10,6,SVP,w0.1_0.3_0.8,BIC_Train,MSE_Test_Extrapolation,0.37940504771426553
522_pm10,6,SVP,w0.1_0.3_0.8,MDL_Train,MSE_Test_Extrapolation,0.5366713887357227
522_pm10,6,SVP,w0.1_0.3_0.8,PSM_Train,MSE_Test_Extrapolation,-0.07360296033835112
522_pm10,7,SVP,w0.1_0.3_0.8,MSE_Train,MSE_Test_Interpolation,0.06334776334776338
522_pm10,7,SVP,w0.1_0.3_0.8,AIC_Train,MSE_Test_Interpolation,0.03708513708513709
522_pm10,7,SVP,w0.1_0.3_0.8,BIC_Train,MSE_Test_Interpolation,0.021067821067821072
522_pm10,7,SVP,w0.1_0.3_0.8,MDL_Train,MSE_Test_Interpolation,0.060533910533910544
522_pm10,7,SVP,w0.1_0.3_0.8,PSM_Train,MSE_Test_Interpolation,-0.023232323232323236
522_pm10,7,SVP,w0.1_0.3_0.8,MSE_Train,MSE_Test_Extrapolation,-0.2417748917748918
522_pm10,7,SVP,w0.1_0.3_0.8,AIC_Train,MSE_Test_Extrapolation,-0.09242424242424245
522_pm10,7,SVP,w0.1_0.3_0.8,BIC_Train,MSE_Test_Extrapolation,0.26529581529581536
522_pm10,7,SVP,w0.1_0.3_0.8,MDL_Train,MSE_Test_Extrapolation,0.1597402597402598
522_pm10,7,SVP,w0.1_0.3_0.8,PSM_Train,MSE_Test_Extrapolation,-0.11825396825396828
522_pm10,8,SVP,w0.1_0.3_0.8,MSE_Train,MSE_Test_Interpolation,0.20868778280542982
522_pm10,8,SVP,w0.1_0.3_0.8,AIC_Train,MSE_Test_Interpolation,0.19556561085972848
522_pm10,8,SVP,w0.1_0.3_0.8,BIC_Train,MSE_Test_Interpolation,0.015927601809954752
522_pm10,8,SVP,w0.1_0.3_0.8,MDL_Train,MSE_Test_Interpolation,-0.20108597285067872
522_pm10,8,SVP,w0.1_0.3_0.8,PSM_Train,MSE_Test_Interpolation,0.004434389140271493
522_pm10,8,SVP,w0.1_0.3_0.8,MSE_Train,MSE_Test_Extrapolation,-0.33285067873303165
522_pm10,8,SVP,w0.1_0.3_0.8,AIC_Train,MSE_Test_Extrapolation,-0.3171945701357466
522_pm10,8,SVP,w0.1_0.3_0.8,BIC_Train,MSE_Test_Extrapolation,0.10226244343891402
522_pm10,8,SVP,w0.1_0.3_0.8,MDL_Train,MSE_Test_Extrapolation,0.31800904977375566
522_pm10,8,SVP,w0.1_0.3_0.8,PSM_Train,MSE_Test_Extrapolation,0.03737556561085972
522_pm10,9,SVP,w0.1_0.3_0.8,MSE_Train,MSE_Test_Interpolation,0.644927536231884
522_pm10,9,SVP,w0.1_0.3_0.8,AIC_Train,MSE_Test_Interpolation,0.6223978919631092
522_pm10,9,SVP,w0.1_0.3_0.8,BIC_Train,MSE_Test_Interpolation,0.36192358366271404
522_pm10,9,SVP,w0.1_0.3_0.8,MDL_Train,MSE_Test_Interpolation,-0.6204216073781291
522_pm10,9,SVP,w0.1_0.3_0.8,PSM_Train,MSE_Test_Interpolation,0.06495388669301712
522_pm10,9,SVP,w0.1_0.3_0.8,MSE_Train,MSE_Test_Extrapolation,0.24743083003952565
522_pm10,9,SVP,w0.1_0.3_0.8,AIC_Train,MSE_Test_Extrapolation,0.2714097496706192
522_pm10,9,SVP,w0.1_0.3_0.8,BIC_Train,MSE_Test_Extrapolation,0.427931488801054
522_pm10,9,SVP,w0.1_0.3_0.8,MDL_Train,MSE_Test_Extrapolation,-0.23069828722002633
522_pm10,9,SVP,w0.1_0.3_0.8,PSM_Train,MSE_Test_Extrapolation,-0.16100131752305663
522_pm10,10,SVP,w0.1_0.3_0.8,MSE_Train,MSE_Test_Interpolation,-0.07727412889300031
522_pm10,10,SVP,w0.1_0.3_0.8,AIC_Train,MSE_Test_Interpolation,-0.05137218624730188
522_pm10,10,SVP,w0.1_0.3_0.8,BIC_Train,MSE_Test_Interpolation,0.3974714770274437
522_pm10,10,SVP,w0.1_0.3_0.8,MDL_Train,MSE_Test_Interpolation,0.061239592969472706
522_pm10,10,SVP,w0.1_0.3_0.8,PSM_Train,MSE_Test_Interpolation,-0.11156336725254394
522_pm10,10,SVP,w0.1_0.3_0.8,MSE_Train,MSE_Test_Extrapolation,0.7683626271970397
522_pm10,10,SVP,w0.1_0.3_0.8,AIC_Train,MSE_Test_Extrapolation,0.5739747147702744
522_pm10,10,SVP,w0.1_0.3_0.8,BIC_Train,MSE_Test_Extrapolation,-0.07850755473327167
522_pm10,10,SVP,w0.1_0.3_0.8,MDL_Train,MSE_Test_Extrapolation,-0.7450508788159113
522_pm10,10,SVP,w0.1_0.3_0.8,PSM_Train,MSE_Test_Extrapolation,0.2867098365710762
522_pm10,11,SVP,w0.1_0.3_0.8,MSE_Train,MSE_Test_Interpolation,0.25474189675870346
522_pm10,11,SVP,w0.1_0.3_0.8,AIC_Train,MSE_Test_Interpolation,0.29623049219687875
522_pm10,11,SVP,w0.1_0.3_0.8,BIC_Train,MSE_Test_Interpolation,0.08561824729891956
522_pm10,11,SVP,w0.1_0.3_0.8,MDL_Train,MSE_Test_Interpolation,-0.24619447779111645
522_pm10,11,SVP,w0.1_0.3_0.8,PSM_Train,MSE_Test_Interpolation,-0.14112845138055222
522_pm10,11,SVP,w0.1_0.3_0.8,MSE_Train,MSE_Test_Extrapolation,0.045570228091236495
522_pm10,11,SVP,w0.1_0.3_0.8,AIC_Train,MSE_Test_Extrapolation,-0.07322929171668667
522_pm10,11,SVP,w0.1_0.3_0.8,BIC_Train,MSE_Test_Extrapolation,-0.4350060024009604
522_pm10,11,SVP,w0.1_0.3_0.8,MDL_Train,MSE_Test_Extrapolation,-0.05901560624249699
522_pm10,11,SVP,w0.1_0.3_0.8,PSM_Train,MSE_Test_Extrapolation,0.19663865546218487
522_pm10,12,SVP,w0.1_0.3_0.8,MSE_Train,MSE_Test_Interpolation,0.5027484143763213
522_pm10,12,SVP,w0.1_0.3_0.8,AIC_Train,MSE_Test_Interpolation,0.48639887244538405
522_pm10,12,SVP,w0.1_0.3_0.8,BIC_Train,MSE_Test_Interpolation,0.3011980267794221
522_pm10,12,SVP,w0.1_0.3_0.8,MDL_Train,MSE_Test_Interpolation,-0.3857646229739253
522_pm10,12,SVP,w0.1_0.3_0.8,PSM_Train,MSE_Test_Interpolation,0.15799859055673007
522_pm10,12,SVP,w0.1_0.3_0.8,MSE_Train,MSE_Test_Extrapolation,0.3844961240310077
522_pm10,12,SVP,w0.1_0.3_0.8,AIC_Train,MSE_Test_Extrapolation,0.3446088794926004
522_pm10,12,SVP,w0.1_0.3_0.8,BIC_Train,MSE_Test_Extrapolation,0.3302325581395349
522_pm10,12,SVP,w0.1_0.3_0.8,MDL_Train,MSE_Test_Extrapolation,-0.3007751937984496
522_pm10,12,SVP,w0.1_0.3_0.8,PSM_Train,MSE_Test_Extrapolation,0.07329105003523607
522_pm10,13,SVP,w0.1_0.3_0.8,MSE_Train,MSE_Test_Interpolation,-0.04267425320056899
522_pm10,13,SVP,w0.1_0.3_0.8,AIC_Train,MSE_Test_Interpolation,-0.09174964438122332
522_pm10,13,SVP,w0.1_0.3_0.8,BIC_Train,MSE_Test_Interpolation,0.011853959222380275
522_pm10,13,SVP,w0.1_0.3_0.8,MDL_Train,MSE_Test_Interpolation,0.059032716927453766
522_pm10,13,SVP,w0.1_0.3_0.8,PSM_Train,MSE_Test_Interpolation,-0.23636794689426266
522_pm10,13,SVP,w0.1_0.3_0.8,MSE_Train,MSE_Test_Extrapolation,0.19748696064485535
522_pm10,13,SVP,w0.1_0.3_0.8,AIC_Train,MSE_Test_Extrapolation,0.3032242769084874
522_pm10,13,SVP,w0.1_0.3_0.8,BIC_Train,MSE_Test_Extrapolation,0.4108582266477003
522_pm10,13,SVP,w0.1_0.3_0.8,MDL_Train,MSE_Test_Extrapolation,-0.11925082977714554
522_pm10,13,SVP,w0.1_0.3_0.8,PSM_Train,MSE_Test_Extrapolation,-0.06590801327643432
522_pm10,14,SVP,w0.1_0.3_0.8,MSE_Train,MSE_Test_Interpolation,0.798970398970399
522_pm10,14,SVP,w0.1_0.3_0.8,AIC_Train,MSE_Test_Interpolation,0.805920205920206
522_pm10,14,SVP,w0.1_0.3_0.8,BIC_Train,MSE_Test_Interpolation,0.5557271557271558
522_pm10,14,SVP,w0.1_0.3_0.8,MDL_Train,MSE_Test_Interpolation,-0.770913770913771
522_pm10,14,SVP,w0.1_0.3_0.8,PSM_Train,MSE_Test_Interpolation,0.40411840411840416
522_pm10,14,SVP,w0.1_0.3_0.8,MSE_Train,MSE_Test_Extrapolation,0.7155727155727157
522_pm10,14,SVP,w0.1_0.3_0.8,AIC_Train,MSE_Test_Extrapolation,0.7665379665379666
522_pm10,14,SVP,w0.1_0.3_0.8,BIC_Train,MSE_Test_Extrapolation,0.6108108108108109
522_pm10,14,SVP,w0.1_0.3_0.8,MDL_Train,MSE_Test_Extrapolation,-0.6625482625482627
522_pm10,14,SVP,w0.1_0.3_0.8,PSM_Train,MSE_Test_Extrapolation,0.09909909909909911
522_pm10,15,SVP,w0.1_0.3_0.8,MSE_Train,MSE_Test_Interpolation,0.08840450530751154
522_pm10,15,SVP,w0.1_0.3_0.8,AIC_Train,MSE_Test_Interpolation,0.10752775301839398
522_pm10,15,SVP,w0.1_0.3_0.8,BIC_Train,MSE_Test_Interpolation,0.07365691597115306
522_pm10,15,SVP,w0.1_0.3_0.8,MDL_Train,MSE_Test_Interpolation,-0.05631634389433596
522_pm10,15,SVP,w0.1_0.3_0.8,PSM_Train,MSE_Test_Interpolation,-0.006887610404343247
522_pm10,15,SVP,w0.1_0.3_0.8,MSE_Train,MSE_Test_Extrapolation,-0.24900737379466817
522_pm10,15,SVP,w0.1_0.3_0.8,AIC_Train,MSE_Test_Extrapolation,-0.29389838748885827
522_pm10,15,SVP,w0.1_0.3_0.8,BIC_Train,MSE_Test_Extrapolation,-0.14075034438052023
522_pm10,15,SVP,w0.1_0.3_0.8,MDL_Train,MSE_Test_Extrapolation,0.26796856008427195
522_pm10,15,SVP,w0.1_0.3_0.8,PSM_Train,MSE_Test_Extrapolation,-0.10866218296734464
522_pm10,16,SVP,w0.1_0.3_0.8,MSE_Train,MSE_Test_Interpolation,0.5592646347363328
522_pm10,16,SVP,w0.1_0.3_0.8,AIC_Train,MSE_Test_Interpolation,0.5649088856636025
522_pm10,16,SVP,w0.1_0.3_0.8,BIC_Train,MSE_Test_Interpolation,0.702951136913401
522_pm10,16,SVP,w0.1_0.3_0.8,MDL_Train,MSE_Test_Interpolation,-0.5638606676342525
522_pm10,16,SVP,w0.1_0.3_0.8,PSM_Train,MSE_Test_Interpolation,0.31970649895178194
522_pm10,16,SVP,w0.1_0.3_0.8,MSE_Train,MSE_Test_Extrapolation,0.599500080632156
522_pm10,16,SVP,w0.1_0.3_0.8,AIC_Train,MSE_Test_Extrapolation,0.6419932268988872
522_pm10,16,SVP,w0.1_0.3_0.8,BIC_Train,MSE_Test_Extrapolation,0.6539267860022577
522_pm10,16,SVP,w0.1_0.3_0.8,MDL_Train,MSE_Test_Extrapolation,-0.5476536042573777
522_pm10,16,SVP,w0.1_0.3_0.8,PSM_Train,MSE_Test_Extrapolation,-0.013143041444928236
522_pm10,17,SVP,w0.1_0.3_0.8,MSE_Train,MSE_Test_Interpolation,-0.024629972247918592
522_pm10,17,SVP,w0.1_0.3_0.8,AIC_Train,MSE_Test_Interpolation,0.032724329324699354
522_pm10,17,SVP,w0.1_0.3_0.8,BIC_Train,MSE_Test_Interpolation,0.5004625346901018
522_pm10,17,SVP,w0.1_0.3_0.8,MDL_Train,MSE_Test_Interpolation,0.050416281221091576
522_pm10,17,SVP,w0.1_0.3_0.8,PSM_Train,MSE_Test_Interpolation,-0.010753931544865867
522_pm10,17,SVP,w0.1_0.3_0.8,MSE_Train,MSE_Test_Extrapolation,0.12870027752081406
522_pm10,17,SVP,w0.1_0.3_0.8,AIC_Train,MSE_Test_Extrapolation,-0.0010407030527289547
522_pm10,17,SVP,w0.1_0.3_0.8,BIC_Train,MSE_Test_Extrapolation,0.08834412580943572
522_pm10,17,SVP,w0.1_0.3_0.8,MDL_Train,MSE_Test_Extrapolation,-0.09597594819611471
522_pm10,17,SVP,w0.1_0.3_0.8,PSM_Train,MSE_Test_Extrapolation,0.16859389454209067
522_pm10,18,SVP,w0.1_0.3_0.8,MSE_Train,MSE_Test_Interpolation,0.5017127799736495
522_pm10,18,SVP,w0.1_0.3_0.8,AIC_Train,MSE_Test_Interpolation,0.652042160737813
522_pm10,18,SVP,w0.1_0.3_0.8,BIC_Train,MSE_Test_Interpolation,0.42806324110671934
522_pm10,18,SVP,w0.1_0.3_0.8,MDL_Train,MSE_Test_Interpolation,-0.44453227931488803
522_pm10,18,SVP,w0.1_0.3_0.8,PSM_Train,MSE_Test_Interpolation,0.22898550724637678
522_pm10,18,SVP,w0.1_0.3_0.8,MSE_Train,MSE_Test_Extrapolation,-0.2964426877470356
522_pm10,18,SVP,w0.1_0.3_0.8,AIC_Train,MSE_Test_Extrapolation,-0.2827404479578392
522_pm10,18,SVP,w0.1_0.3_0.8,BIC_Train,MSE_Test_Extrapolation,0.2952569169960474
522_pm10,18,SVP,w0.1_0.3_0.8,MDL_Train,MSE_Test_Extrapolation,0.3538866930171278
522_pm10,18,SVP,w0.1_0.3_0.8,PSM_Train,MSE_Test_Extrapolation,-0.2636363636363636
522_pm10,19,SVP,w0.1_0.3_0.8,MSE_Train,MSE_Test_Interpolation,0.5253487840207365
522_pm10,19,SVP,w0.1_0.3_0.8,AIC_Train,MSE_Test_Interpolation,0.7644278417321033
522_pm10,19,SVP,w0.1_0.3_0.8,BIC_Train,MSE_Test_Interpolation,0.7183044903560265
522_pm10,19,SVP,w0.1_0.3_0.8,MDL_Train,MSE_Test_Interpolation,-0.40862223415529053
522_pm10,19,SVP,w0.1_0.3_0.8,PSM_Train,MSE_Test_Interpolation,0.15056509560759307
522_pm10,19,SVP,w0.1_0.3_0.8,MSE_Train,MSE_Test_Extrapolation,0.42006556377220405
522_pm10,19,SVP,w0.1_0.3_0.8,AIC_Train,MSE_Test_Extrapolation,0.3868262560036594
522_pm10,19,SVP,w0.1_0.3_0.8,BIC_Train,MSE_Test_Extrapolation,0.3654036746207212
522_pm10,19,SVP,w0.1_0.3_0.8,MDL_Train,MSE_Test_Extrapolation,-0.3507594961471066
522_pm10,19,SVP,w0.1_0.3_0.8,PSM_Train,MSE_Test_Extrapolation,0.04711353371417342
522_pm10,20,SVP,w0.1_0.3_0.8,MSE_Train,MSE_Test_Interpolation,0.24391701528216508
522_pm10,20,SVP,w0.1_0.3_0.8,AIC_Train,MSE_Test_Interpolation,0.4344745154956031
522_pm10,20,SVP,w0.1_0.3_0.8,BIC_Train,MSE_Test_Interpolation,0.5809784000683001
522_pm10,20,SVP,w0.1_0.3_0.8,MDL_Train,MSE_Test_Interpolation,-0.2206949543242551
522_pm10,20,SVP,w0.1_0.3_0.8,PSM_Train,MSE_Test_Interpolation,-0.06018953299752412
522_pm10,20,SVP,w0.1_0.3_0.8,MSE_Train,MSE_Test_Extrapolation,0.5137027234696492
522_pm10,20,SVP,w0.1_0.3_0.8,AIC_Train,MSE_Test_Extrapolation,0.4885170323572099
522_pm10,20,SVP,w0.1_0.3_0.8,BIC_Train,MSE_Test_Extrapolation,0.11132929223939213
522_pm10,20,SVP,w0.1_0.3_0.8,MDL_Train,MSE_Test_Extrapolation,-0.45172031076581576
522_pm10,20,SVP,w0.1_0.3_0.8,PSM_Train,MSE_Test_Extrapolation,-0.022624434389140274
522_pm10,21,SVP,w0.1_0.3_0.8,MSE_Train,MSE_Test_Interpolation,0.7182232893157263
522_pm10,21,SVP,w0.1_0.3_0.8,AIC_Train,MSE_Test_Interpolation,0.7584633853541417
522_pm10,21,SVP,w0.1_0.3_0.8,BIC_Train,MSE_Test_Interpolation,0.7916926770708282
522_pm10,21,SVP,w0.1_0.3_0.8,MDL_Train,MSE_Test_Interpolation,-0.7150540216086434
522_pm10,21,SVP,w0.1_0.3_0.8,PSM_Train,MSE_Test_Interpolation,0.17474189675870347
522_pm10,21,SVP,w0.1_0.3_0.8,MSE_Train,MSE_Test_Extrapolation,0.4354861944777911
522_pm10,21,SVP,w0.1_0.3_0.8,AIC_Train,MSE_Test_Extrapolation,0.2604081632653061
522_pm10,21,SVP,w0.1_0.3_0.8,BIC_Train,MSE_Test_Extrapolation,-0.07140456182472989
522_pm10,21,SVP,w0.1_0.3_0.8,MDL_Train,MSE_Test_Extrapolation,-0.4112845138055222
522_pm10,21,SVP,w0.1_0.3_0.8,PSM_Train,MSE_Test_Extrapolation,0.2645378151260504
522_pm10,22,SVP,w0.1_0.3_0.8,MSE_Train,MSE_Test_Interpolation,0.6371482176360226
522_pm10,22,SVP,w0.1_0.3_0.8,AIC_Train,MSE_Test_Interpolation,0.6622889305816136
522_pm10,22,SVP,w0.1_0.3_0.8,BIC_Train,MSE_Test_Interpolation,0.5876172607879926
522_pm10,22,SVP,w0.1_0.3_0.8,MDL_Train,MSE_Test_Interpolation,-0.6075046904315198
522_pm10,22,SVP,w0.1_0.3_0.8,PSM_Train,MSE_Test_Interpolation,0.26378986866791754
522_pm10,22,SVP,w0.1_0.3_0.8,MSE_Train,MSE_Test_Extrapolation,0.6855534709193247
522_pm10,22,SVP,w0.1_0.3_0.8,AIC_Train,MSE_Test_Extrapolation,0.6870544090056286
522_pm10,22,SVP,w0.1_0.3_0.8,BIC_Train,MSE_Test_Extrapolation,0.35891181988742976
522_pm10,22,SVP,w0.1_0.3_0.8,MDL_Train,MSE_Test_Extrapolation,-0.628330206378987
522_pm10,22,SVP,w0.1_0.3_0.8,PSM_Train,MSE_Test_Extrapolation,0.2729831144465291
522_pm10,23,SVP,w0.1_0.3_0.8,MSE_Train,MSE_Test_Interpolation,0.47417698580489276
522_pm10,23,SVP,w0.1_0.3_0.8,AIC_Train,MSE_Test_Interpolation,0.5964965267290848
522_pm10,23,SVP,w0.1_0.3_0.8,BIC_Train,MSE_Test_Interpolation,0.34128662035638774
522_pm10,23,SVP,w0.1_0.3_0.8,MDL_Train,MSE_Test_Interpolation,-0.4362730292962851
522_pm10,23,SVP,w0.1_0.3_0.8,PSM_Train,MSE_Test_Interpolation,0.22697070371488978
522_pm10,23,SVP,w0.1_0.3_0.8,MSE_Train,MSE_Test_Extrapolation,0.3098761703412866
522_pm10,23,SVP,w0.1_0.3_0.8,AIC_Train,MSE_Test_Extrapolation,0.39051646028390213
522_pm10,23,SVP,w0.1_0.3_0.8,BIC_Train,MSE_Test_Extrapolation,0.2683479311386288
522_pm10,23,SVP,w0.1_0.3_0.8,MDL_Train,MSE_Test_Extrapolation,-0.3497432799758381
522_pm10,23,SVP,w0.1_0.3_0.8,PSM_Train,MSE_Test_Extrapolation,-0.0656901238296587
522_pm10,24,SVP,w0.1_0.3_0.8,MSE_Train,MSE_Test_Interpolation,0.5176584421867441
522_pm10,24,SVP,w0.1_0.3_0.8,AIC_Train,MSE_Test_Interpolation,0.4361393323657475
522_pm10,24,SVP,w0.1_0.3_0.8,BIC_Train,MSE_Test_Interpolation,-0.04079987098855024
522_pm10,24,SVP,w0.1_0.3_0.8,MDL_Train,MSE_Test_Interpolation,-0.49758103531688436
522_pm10,24,SVP,w0.1_0.3_0.8,PSM_Train,MSE_Test_Interpolation,0.15820029027576196
522_pm10,24,SVP,w0.1_0.3_0.8,MSE_Train,MSE_Test_Extrapolation,-0.45323334945976457
522_pm10,24,SVP,w0.1_0.3_0.8,AIC_Train,MSE_Test_Extrapolation,-0.4089662957587486
522_pm10,24,SVP,w0.1_0.3_0.8,BIC_Train,MSE_Test_Extrapolation,0.032817287534268665
522_pm10,24,SVP,w0.1_0.3_0.8,MDL_Train,MSE_Test_Extrapolation,0.46524754071923885
522_pm10,24,SVP,w0.1_0.3_0.8,PSM_Train,MSE_Test_Extrapolation,-0.27503628447024675
522_pm10,25,SVP,w0.1_0.3_0.8,MSE_Train,MSE_Test_Interpolation,-0.02560975609756098
522_pm10,25,SVP,w0.1_0.3_0.8,AIC_Train,MSE_Test_Interpolation,0.060452961672473875
522_pm10,25,SVP,w0.1_0.3_0.8,BIC_Train,MSE_Test_Interpolation,0.33432055749128925
522_pm10,25,SVP,w0.1_0.3_0.8,MDL_Train,MSE_Test_Interpolation,0.03205574912891987
522_pm10,25,SVP,w0.1_0.3_0.8,PSM_Train,MSE_Test_Interpolation,0.09634146341463416
522_pm10,25,SVP,w0.1_0.3_0.8,MSE_Train,MSE_Test_Extrapolation,-0.31184668989547043
522_pm10,25,SVP,w0.1_0.3_0.8,AIC_Train,MSE_Test_Extrapolation,-0.08728222996515682
522_pm10,25,SVP,w0.1_0.3_0.8,BIC_Train,MSE_Test_Extrapolation,0.6034843205574915
522_pm10,25,SVP,w0.1_0.3_0.8,MDL_Train,MSE_Test_Extrapolation,0.3236933797909408
522_pm10,25,SVP,w0.1_0.3_0.8,PSM_Train,MSE_Test_Extrapolation,-0.24494773519163768
522_pm10,26,SVP,w0.1_0.3_0.8,MSE_Train,MSE_Test_Interpolation,0.7726480836236935
522_pm10,26,SVP,w0.1_0.3_0.8,AIC_Train,MSE_Test_Interpolation,0.7921602787456448
522_pm10,26,SVP,w0.1_0.3_0.8,BIC_Train,MSE_Test_Interpolation,0.7573170731707319
522_pm10,26,SVP,w0.1_0.3_0.8,MDL_Train,MSE_Test_Interpolation,-0.6808362369337981
522_pm10,26,SVP,w0.1_0.3_0.8,PSM_Train,MSE_Test_Interpolation,0.039024390243902446
522_pm10,26,SVP,w0.1_0.3_0.8,MSE_Train,MSE_Test_Extrapolation,0.4167247386759583
522_pm10,26,SVP,w0.1_0.3_0.8,AIC_Train,MSE_Test_Extrapolation,0.4043554006968642
522_pm10,26,SVP,w0.1_0.3_0.8,BIC_Train,MSE_Test_Extrapolation,0.5139372822299653
522_pm10,26,SVP,w0.1_0.3_0.8,MDL_Train,MSE_Test_Extrapolation,-0.31184668989547043
522_pm10,26,SVP,w0.1_0.3_0.8,PSM_Train,MSE_Test_Extrapolation,0.009756097560975611
522_pm10,27,SVP,w0.1_0.3_0.8,MSE_Train,MSE_Test_Interpolation,0.559227921734532
522_pm10,27,SVP,w0.1_0.3_0.8,AIC_Train,MSE_Test_Interpolation,0.6471708090957164
522_pm10,27,SVP,w0.1_0.3_0.8,BIC_Train,MSE_Test_Interpolation,0.4269169751454257
522_pm10,27,SVP,w0.1_0.3_0.8,MDL_Train,MSE_Test_Interpolation,-0.541988365943945
522_pm10,27,SVP,w0.1_0.3_0.8,PSM_Train,MSE_Test_Interpolation,0.16319407720782653
522_pm10,27,SVP,w0.1_0.3_0.8,MSE_Train,MSE_Test_Extrapolation,0.300423056583818
522_pm10,27,SVP,w0.1_0.3_0.8,AIC_Train,MSE_Test_Extrapolation,0.30417768376520354
522_pm10,27,SVP,w0.1_0.3_0.8,BIC_Train,MSE_Test_Extrapolation,0.1577472236911687
522_pm10,27,SVP,w0.1_0.3_0.8,MDL_Train,MSE_Test_Extrapolation,-0.28804865150713904
522_pm10,27,SVP,w0.1_0.3_0.8,PSM_Train,MSE_Test_Extrapolation,0.12131147540983607
522_pm10,28,SVP,w0.1_0.3_0.8,MSE_Train,MSE_Test_Interpolation,0.22114016850858959
522_pm10,28,SVP,w0.1_0.3_0.8,AIC_Train,MSE_Test_Interpolation,0.2401794507057665
522_pm10,28,SVP,w0.1_0.3_0.8,BIC_Train,MSE_Test_Interpolation,0.2290184921763869
522_pm10,28,SVP,w0.1_0.3_0.8,MDL_Train,MSE_Test_Interpolation,-0.2196082722398512
522_pm10,28,SVP,w0.1_0.3_0.8,PSM_Train,MSE_Test_Interpolation,-0.16270926797242588
522_pm10,28,SVP,w0.1_0.3_0.8,MSE_Train,MSE_Test_Extrapolation,0.5430572272677535
522_pm10,28,SVP,w0.1_0.3_0.8,AIC_Train,MSE_Test_Extrapolation,0.5787285260969471
522_pm10,28,SVP,w0.1_0.3_0.8,BIC_Train,MSE_Test_Extrapolation,0.4027792975161396
522_pm10,28,SVP,w0.1_0.3_0.8,MDL_Train,MSE_Test_Extrapolation,-0.5135135135135135
522_pm10,28,SVP,w0.1_0.3_0.8,PSM_Train,MSE_Test_Extrapolation,0.11281321807637597
522_pm10,29,SVP,w0.1_0.3_0.8,MSE_Train,MSE_Test_Interpolation,0.38453079178885624
522_pm10,29,SVP,w0.1_0.3_0.8,AIC_Train,MSE_Test_Interpolation,0.3717008797653959
522_pm10,29,SVP,w0.1_0.3_0.8,BIC_Train,MSE_Test_Interpolation,0.29728739002932547
522_pm10,29,SVP,w0.1_0.3_0.8,MDL_Train,MSE_Test_Interpolation,-0.3610703812316715
522_pm10,29,SVP,w0.1_0.3_0.8,PSM_Train,MSE_Test_Interpolation,-0.02565982404692082
522_pm10,29,SVP,w0.1_0.3_0.8,MSE_Train,MSE_Test_Extrapolation,0.879765395894428
522_pm10,29,SVP,w0.1_0.3_0.8,AIC_Train,MSE_Test_Extrapolation,0.8812316715542521
522_pm10,29,SVP,w0.1_0.3_0.8,BIC_Train,MSE_Test_Extrapolation,0.7357038123167154
522_pm10,29,SVP,w0.1_0.3_0.8,MDL_Train,MSE_Test_Extrapolation,-0.8673020527859236
522_pm10,29,SVP,w0.1_0.3_0.8,PSM_Train,MSE_Test_Extrapolation,0.2774926686217008
522_pm10,30,SVP,w0.1_0.3_0.8,MSE_Train,MSE_Test_Interpolation,0.7501400560224091
522_pm10,30,SVP,w0.1_0.3_0.8,AIC_Train,MSE_Test_Interpolation,0.8873949579831933
522_pm10,30,SVP,w0.1_0.3_0.8,BIC_Train,MSE_Test_Interpolation,0.6204481792717087
522_pm10,30,SVP,w0.1_0.3_0.8,MDL_Train,MSE_Test_Interpolation,-0.7383753501400561
522_pm10,30,SVP,w0.1_0.3_0.8,PSM_Train,MSE_Test_Interpolation,0.03473389355742297
522_pm10,30,SVP,w0.1_0.3_0.8,MSE_Train,MSE_Test_Extrapolation,0.5728291316526611
522_pm10,30,SVP,w0.1_0.3_0.8,AIC_Train,MSE_Test_Extrapolation,0.45238095238095244
522_pm10,30,SVP,w0.1_0.3_0.8,BIC_Train,MSE_Test_Extrapolation,0.15294117647058825
522_pm10,30,SVP,w0.1_0.3_0.8,MDL_Train,MSE_Test_Extrapolation,-0.5495798319327732
522_pm10,30,SVP,w0.1_0.3_0.8,PSM_Train,MSE_Test_Extrapolation,-0.10000000000000002
