Dataset,Run,Method,Weight,Metric,Test_Metric,Spearman
522_pm10,1,SVP,w0.7_0.0_0.4,MSE_Train,MSE_Test_Interpolation,0.8139097744360902
522_pm10,1,SVP,w0.7_0.0_0.4,AIC_Train,MSE_Test_Interpolation,0.788047705470573
522_pm10,1,SVP,w0.7_0.0_0.4,BIC_Train,MSE_Test_Interpolation,0.10545760954109412
522_pm10,1,SVP,w0.7_0.0_0.4,MDL_Train,MSE_Test_Interpolation,-0.8030852994555355
522_pm10,1,SVP,w0.7_0.0_0.4,PSM_Train,MSE_Test_Interpolation,-0.013676432460461501
522_pm10,1,SVP,w0.7_0.0_0.4,MSE_Train,MSE_Test_Extrapolation,-0.11952294529427016
522_pm10,1,SVP,w0.7_0.0_0.4,AIC_Train,MSE_Test_Extrapolation,-0.12237490277417684
522_pm10,1,SVP,w0.7_0.0_0.4,BIC_Train,MSE_Test_Extrapolation,0.670987814363495
522_pm10,1,SVP,w0.7_0.0_0.4,MDL_Train,MSE_Test_Extrapolation,0.11563391236712471
522_pm10,1,SVP,w0.7_0.0_0.4,PSM_Train,MSE_Test_Extrapolation,-0.025278714026445423
522_pm10,2,SVP,w0.7_0.0_0.4,MSE_Train,MSE_Test_Interpolation,0.04220009483167377
522_pm10,2,SVP,w0.7_0.0_0.4,AIC_Train,MSE_Test_Interpolation,0.029397818871503077
522_pm10,2,SVP,w0.7_0.0_0.4,BIC_Train,MSE_Test_Interpolation,0.18918918918918917
522_pm10,2,SVP,w0.7_0.0_0.4,MDL_Train,MSE_Test_Interpolation,-0.0820293978188715
522_pm10,2,SVP,w0.7_0.0_0.4,PSM_Train,MSE_Test_Interpolation,-0.15955429113323846
522_pm10,2,SVP,w0.7_0.0_0.4,MSE_Train,MSE_Test_Extrapolation,-0.4329065908013276
522_pm10,2,SVP,w0.7_0.0_0.4,AIC_Train,MSE_Test_Extrapolation,-0.36628733997155044
522_pm10,2,SVP,w0.7_0.0_0.4,BIC_Train,MSE_Test_Extrapolation,0.4656235182550971
522_pm10,2,SVP,w0.7_0.0_0.4,MDL_Train,MSE_Test_Extrapolation,0.4601706970128022
522_pm10,2,SVP,w0.7_0.0_0.4,PSM_Train,MSE_Test_Extrapolation,-0.3724513987671882
522_pm10,3,SVP,w0.7_0.0_0.4,MSE_Train,MSE_Test_Interpolation,0.2366601212328182
522_pm10,3,SVP,w0.7_0.0_0.4,AIC_Train,MSE_Test_Interpolation,0.10014513788098693
522_pm10,3,SVP,w0.7_0.0_0.4,BIC_Train,MSE_Test_Interpolation,-0.18987449842055837
522_pm10,3,SVP,w0.7_0.0_0.4,MDL_Train,MSE_Test_Interpolation,-0.20541278920857164
522_pm10,3,SVP,w0.7_0.0_0.4,PSM_Train,MSE_Test_Interpolation,0.15154102279518483
522_pm10,3,SVP,w0.7_0.0_0.4,MSE_Train,MSE_Test_Extrapolation,-0.1641765559634594
522_pm10,3,SVP,w0.7_0.0_0.4,AIC_Train,MSE_Test_Extrapolation,-0.19047212498932808
522_pm10,3,SVP,w0.7_0.0_0.4,BIC_Train,MSE_Test_Extrapolation,0.146503884572697
522_pm10,3,SVP,w0.7_0.0_0.4,MDL_Train,MSE_Test_Extrapolation,0.20327840860582258
522_pm10,3,SVP,w0.7_0.0_0.4,PSM_Train,MSE_Test_Extrapolation,0.028259199180397848
522_pm10,4,SVP,w0.7_0.0_0.4,MSE_Train,MSE_Test_Interpolation,-0.23340080971659918
522_pm10,4,SVP,w0.7_0.0_0.4,AIC_Train,MSE_Test_Interpolation,-0.19230769230769235
522_pm10,4,SVP,w0.7_0.0_0.4,BIC_Train,MSE_Test_Interpolation,0.1437246963562753
522_pm10,4,SVP,w0.7_0.0_0.4,MDL_Train,MSE_Test_Interpolation,0.2595141700404858
522_pm10,4,SVP,w0.7_0.0_0.4,PSM_Train,MSE_Test_Interpolation,-0.21113360323886643
522_pm10,4,SVP,w0.7_0.0_0.4,MSE_Train,MSE_Test_Extrapolation,0.252834008097166
522_pm10,4,SVP,w0.7_0.0_0.4,AIC_Train,MSE_Test_Extrapolation,0.2374493927125506
522_pm10,4,SVP,w0.7_0.0_0.4,BIC_Train,MSE_Test_Extrapolation,0.3301619433198381
522_pm10,4,SVP,w0.7_0.0_0.4,MDL_Train,MSE_Test_Extrapolation,-0.26497975708502025
522_pm10,4,SVP,w0.7_0.0_0.4,PSM_Train,MSE_Test_Extrapolation,-0.029757085020242918
522_pm10,5,SVP,w0.7_0.0_0.4,MSE_Train,MSE_Test_Interpolation,-0.011696405703064969
522_pm10,5,SVP,w0.7_0.0_0.4,AIC_Train,MSE_Test_Interpolation,0.17168957568513618
522_pm10,5,SVP,w0.7_0.0_0.4,BIC_Train,MSE_Test_Interpolation,0.20720566891488088
522_pm10,5,SVP,w0.7_0.0_0.4,MDL_Train,MSE_Test_Interpolation,0.13378297618031246
522_pm10,5,SVP,w0.7_0.0_0.4,PSM_Train,MSE_Test_Interpolation,-0.0658242977887817
522_pm10,5,SVP,w0.7_0.0_0.4,MSE_Train,MSE_Test_Extrapolation,-0.6321181593101682
522_pm10,5,SVP,w0.7_0.0_0.4,AIC_Train,MSE_Test_Extrapolation,-0.45470844360966445
522_pm10,5,SVP,w0.7_0.0_0.4,BIC_Train,MSE_Test_Extrapolation,0.7831469307606932
522_pm10,5,SVP,w0.7_0.0_0.4,MDL_Train,MSE_Test_Extrapolation,0.6929053188764619
522_pm10,5,SVP,w0.7_0.0_0.4,PSM_Train,MSE_Test_Extrapolation,-0.34568428242124133
522_pm10,6,SVP,w0.7_0.0_0.4,MSE_Train,MSE_Test_Interpolation,0.67368177613321
522_pm10,6,SVP,w0.7_0.0_0.4,AIC_Train,MSE_Test_Interpolation,0.44229879740980577
522_pm10,6,SVP,w0.7_0.0_0.4,BIC_Train,MSE_Test_Interpolation,0.20420906567992603
522_pm10,6,SVP,w0.7_0.0_0.4,MDL_Train,MSE_Test_Interpolation,-0.6583024976873266
522_pm10,6,SVP,w0.7_0.0_0.4,PSM_Train,MSE_Test_Interpolation,-0.0012719703977798337
522_pm10,6,SVP,w0.7_0.0_0.4,MSE_Train,MSE_Test_Extrapolation,-0.5179381922316962
522_pm10,6,SVP,w0.7_0.0_0.4,AIC_Train,MSE_Test_Extrapolation,-0.3626954989807357
522_pm10,6,SVP,w0.7_0.0_0.4,BIC_Train,MSE_Test_Extrapolation,0.21034373111619903
522_pm10,6,SVP,w0.7_0.0_0.4,MDL_Train,MSE_Test_Extrapolation,0.5273626089914379
522_pm10,6,SVP,w0.7_0.0_0.4,PSM_Train,MSE_Test_Extrapolation,-0.06227053282356964
522_pm10,7,SVP,w0.7_0.0_0.4,MSE_Train,MSE_Test_Interpolation,0.08946608946608949
522_pm10,7,SVP,w0.7_0.0_0.4,AIC_Train,MSE_Test_Interpolation,0.07792207792207793
522_pm10,7,SVP,w0.7_0.0_0.4,BIC_Train,MSE_Test_Interpolation,0.09632034632034635
522_pm10,7,SVP,w0.7_0.0_0.4,MDL_Train,MSE_Test_Interpolation,0.030447330447330452
522_pm10,7,SVP,w0.7_0.0_0.4,PSM_Train,MSE_Test_Interpolation,0.005266955266955268
522_pm10,7,SVP,w0.7_0.0_0.4,MSE_Train,MSE_Test_Extrapolation,-0.27352092352092355
522_pm10,7,SVP,w0.7_0.0_0.4,AIC_Train,MSE_Test_Extrapolation,-0.14704184704184708
522_pm10,7,SVP,w0.7_0.0_0.4,BIC_Train,MSE_Test_Extrapolation,0.20382395382395385
522_pm10,7,SVP,w0.7_0.0_0.4,MDL_Train,MSE_Test_Extrapolation,0.15367965367965372
522_pm10,7,SVP,w0.7_0.0_0.4,PSM_Train,MSE_Test_Extrapolation,-0.11681096681096684
522_pm10,8,SVP,w0.7_0.0_0.4,MSE_Train,MSE_Test_Interpolation,0.15502262443438913
522_pm10,8,SVP,w0.7_0.0_0.4,AIC_Train,MSE_Test_Interpolation,0.12977375565610857
522_pm10,8,SVP,w0.7_0.0_0.4,BIC_Train,MSE_Test_Interpolation,-0.019638009049773753
522_pm10,8,SVP,w0.7_0.0_0.4,MDL_Train,MSE_Test_Interpolation,-0.19122171945701355
522_pm10,8,SVP,w0.7_0.0_0.4,PSM_Train,MSE_Test_Interpolation,-0.020180995475113123
522_pm10,8,SVP,w0.7_0.0_0.4,MSE_Train,MSE_Test_Extrapolation,-0.32289592760180996
522_pm10,8,SVP,w0.7_0.0_0.4,AIC_Train,MSE_Test_Extrapolation,-0.28959276018099545
522_pm10,8,SVP,w0.7_0.0_0.4,BIC_Train,MSE_Test_Extrapolation,0.1964705882352941
522_pm10,8,SVP,w0.7_0.0_0.4,MDL_Train,MSE_Test_Extrapolation,0.276289592760181
522_pm10,8,SVP,w0.7_0.0_0.4,PSM_Train,MSE_Test_Extrapolation,0.18606334841628955
522_pm10,9,SVP,w0.7_0.0_0.4,MSE_Train,MSE_Test_Interpolation,0.6445322793148879
522_pm10,9,SVP,w0.7_0.0_0.4,AIC_Train,MSE_Test_Interpolation,0.6209486166007904
522_pm10,9,SVP,w0.7_0.0_0.4,BIC_Train,MSE_Test_Interpolation,0.34558629776021077
522_pm10,9,SVP,w0.7_0.0_0.4,MDL_Train,MSE_Test_Interpolation,-0.6345191040843213
522_pm10,9,SVP,w0.7_0.0_0.4,PSM_Train,MSE_Test_Interpolation,0.014361001317523056
522_pm10,9,SVP,w0.7_0.0_0.4,MSE_Train,MSE_Test_Extrapolation,0.24756258234519102
522_pm10,9,SVP,w0.7_0.0_0.4,AIC_Train,MSE_Test_Extrapolation,0.27299077733860344
522_pm10,9,SVP,w0.7_0.0_0.4,BIC_Train,MSE_Test_Extrapolation,0.43148880105401843
522_pm10,9,SVP,w0.7_0.0_0.4,MDL_Train,MSE_Test_Extrapolation,-0.24874835309617915
522_pm10,9,SVP,w0.7_0.0_0.4,PSM_Train,MSE_Test_Extrapolation,-0.12411067193675888
522_pm10,10,SVP,w0.7_0.0_0.4,MSE_Train,MSE_Test_Interpolation,-0.08467468393462843
522_pm10,10,SVP,w0.7_0.0_0.4,AIC_Train,MSE_Test_Interpolation,-0.05001541782300339
522_pm10,10,SVP,w0.7_0.0_0.4,BIC_Train,MSE_Test_Interpolation,0.39821153253160657
522_pm10,10,SVP,w0.7_0.0_0.4,MDL_Train,MSE_Test_Interpolation,0.05889608387295714
522_pm10,10,SVP,w0.7_0.0_0.4,PSM_Train,MSE_Test_Interpolation,-0.045451742213999384
522_pm10,10,SVP,w0.7_0.0_0.4,MSE_Train,MSE_Test_Extrapolation,0.76577243293247
522_pm10,10,SVP,w0.7_0.0_0.4,AIC_Train,MSE_Test_Extrapolation,0.5636139377119951
522_pm10,10,SVP,w0.7_0.0_0.4,BIC_Train,MSE_Test_Extrapolation,-0.07961763798951586
522_pm10,10,SVP,w0.7_0.0_0.4,MDL_Train,MSE_Test_Extrapolation,-0.7473943879124267
522_pm10,10,SVP,w0.7_0.0_0.4,PSM_Train,MSE_Test_Extrapolation,0.1958063521430774
522_pm10,11,SVP,w0.7_0.0_0.4,MSE_Train,MSE_Test_Interpolation,0.2556062424969988
522_pm10,11,SVP,w0.7_0.0_0.4,AIC_Train,MSE_Test_Interpolation,0.2580072028811525
522_pm10,11,SVP,w0.7_0.0_0.4,BIC_Train,MSE_Test_Interpolation,0.09214885954381752
522_pm10,11,SVP,w0.7_0.0_0.4,MDL_Train,MSE_Test_Interpolation,-0.26376950780312125
522_pm10,11,SVP,w0.7_0.0_0.4,PSM_Train,MSE_Test_Interpolation,-0.07188475390156063
522_pm10,11,SVP,w0.7_0.0_0.4,MSE_Train,MSE_Test_Extrapolation,0.05046818727490996
522_pm10,11,SVP,w0.7_0.0_0.4,AIC_Train,MSE_Test_Extrapolation,-0.0006242496998799519
522_pm10,11,SVP,w0.7_0.0_0.4,BIC_Train,MSE_Test_Extrapolation,-0.40072028811524607
522_pm10,11,SVP,w0.7_0.0_0.4,MDL_Train,MSE_Test_Extrapolation,-0.060168067226890755
522_pm10,11,SVP,w0.7_0.0_0.4,PSM_Train,MSE_Test_Extrapolation,0.30324129651860743
522_pm10,12,SVP,w0.7_0.0_0.4,MSE_Train,MSE_Test_Interpolation,0.44496124031007755
522_pm10,12,SVP,w0.7_0.0_0.4,AIC_Train,MSE_Test_Interpolation,0.44439746300211413
522_pm10,12,SVP,w0.7_0.0_0.4,BIC_Train,MSE_Test_Interpolation,0.2887949260042283
522_pm10,12,SVP,w0.7_0.0_0.4,MDL_Train,MSE_Test_Interpolation,-0.39295278365045805
522_pm10,12,SVP,w0.7_0.0_0.4,PSM_Train,MSE_Test_Interpolation,0.1664552501761804
522_pm10,12,SVP,w0.7_0.0_0.4,MSE_Train,MSE_Test_Extrapolation,0.3567300916138125
522_pm10,12,SVP,w0.7_0.0_0.4,AIC_Train,MSE_Test_Extrapolation,0.3014799154334038
522_pm10,12,SVP,w0.7_0.0_0.4,BIC_Train,MSE_Test_Extrapolation,0.34108527131782945
522_pm10,12,SVP,w0.7_0.0_0.4,MDL_Train,MSE_Test_Extrapolation,-0.2924594785059901
522_pm10,12,SVP,w0.7_0.0_0.4,PSM_Train,MSE_Test_Extrapolation,0.08527131782945736
522_pm10,13,SVP,w0.7_0.0_0.4,MSE_Train,MSE_Test_Interpolation,-0.04172593646277856
522_pm10,13,SVP,w0.7_0.0_0.4,AIC_Train,MSE_Test_Interpolation,-0.07847321005215742
522_pm10,13,SVP,w0.7_0.0_0.4,BIC_Train,MSE_Test_Interpolation,0.022285443338074917
522_pm10,13,SVP,w0.7_0.0_0.4,MDL_Train,MSE_Test_Interpolation,0.07444286391654813
522_pm10,13,SVP,w0.7_0.0_0.4,PSM_Train,MSE_Test_Interpolation,-0.17614983404457088
522_pm10,13,SVP,w0.7_0.0_0.4,MSE_Train,MSE_Test_Extrapolation,0.20341394025604548
522_pm10,13,SVP,w0.7_0.0_0.4,AIC_Train,MSE_Test_Extrapolation,0.3084400189663347
522_pm10,13,SVP,w0.7_0.0_0.4,BIC_Train,MSE_Test_Extrapolation,0.4082503556187766
522_pm10,13,SVP,w0.7_0.0_0.4,MDL_Train,MSE_Test_Extrapolation,-0.12470365101944048
522_pm10,13,SVP,w0.7_0.0_0.4,PSM_Train,MSE_Test_Extrapolation,0.0604551920341394
522_pm10,14,SVP,w0.7_0.0_0.4,MSE_Train,MSE_Test_Interpolation,0.8064350064350065
522_pm10,14,SVP,w0.7_0.0_0.4,AIC_Train,MSE_Test_Interpolation,0.813899613899614
522_pm10,14,SVP,w0.7_0.0_0.4,BIC_Train,MSE_Test_Interpolation,0.5752895752895753
522_pm10,14,SVP,w0.7_0.0_0.4,MDL_Train,MSE_Test_Interpolation,-0.7783783783783784
522_pm10,14,SVP,w0.7_0.0_0.4,PSM_Train,MSE_Test_Interpolation,0.39021879021879025
522_pm10,14,SVP,w0.7_0.0_0.4,MSE_Train,MSE_Test_Extrapolation,0.7184041184041186
522_pm10,14,SVP,w0.7_0.0_0.4,AIC_Train,MSE_Test_Extrapolation,0.7634491634491635
522_pm10,14,SVP,w0.7_0.0_0.4,BIC_Train,MSE_Test_Extrapolation,0.6028314028314029
522_pm10,14,SVP,w0.7_0.0_0.4,MDL_Train,MSE_Test_Extrapolation,-0.6877734877734878
522_pm10,14,SVP,w0.7_0.0_0.4,PSM_Train,MSE_Test_Extrapolation,0.049163449163449176
522_pm10,15,SVP,w0.7_0.0_0.4,MSE_Train,MSE_Test_Interpolation,0.10979661291629528
522_pm10,15,SVP,w0.7_0.0_0.4,AIC_Train,MSE_Test_Interpolation,0.1256786322016044
522_pm10,15,SVP,w0.7_0.0_0.4,BIC_Train,MSE_Test_Interpolation,0.17770034843205576
522_pm10,15,SVP,w0.7_0.0_0.4,MDL_Train,MSE_Test_Interpolation,-0.08694595251600357
522_pm10,15,SVP,w0.7_0.0_0.4,PSM_Train,MSE_Test_Interpolation,0.04821327283040273
522_pm10,15,SVP,w0.7_0.0_0.4,MSE_Train,MSE_Test_Extrapolation,-0.21967425654322992
522_pm10,15,SVP,w0.7_0.0_0.4,AIC_Train,MSE_Test_Extrapolation,-0.28595737784620373
522_pm10,15,SVP,w0.7_0.0_0.4,BIC_Train,MSE_Test_Extrapolation,-0.07754639008184103
522_pm10,15,SVP,w0.7_0.0_0.4,MDL_Train,MSE_Test_Extrapolation,0.2258325905518192
522_pm10,15,SVP,w0.7_0.0_0.4,PSM_Train,MSE_Test_Extrapolation,-0.08257029414147964
522_pm10,16,SVP,w0.7_0.0_0.4,MSE_Train,MSE_Test_Interpolation,0.5668440574100951
522_pm10,16,SVP,w0.7_0.0_0.4,AIC_Train,MSE_Test_Interpolation,0.5682148040638606
522_pm10,16,SVP,w0.7_0.0_0.4,BIC_Train,MSE_Test_Interpolation,0.7218190614417029
522_pm10,16,SVP,w0.7_0.0_0.4,MDL_Train,MSE_Test_Interpolation,-0.5653120464441219
522_pm10,16,SVP,w0.7_0.0_0.4,PSM_Train,MSE_Test_Interpolation,0.3674407353652636
522_pm10,16,SVP,w0.7_0.0_0.4,MSE_Train,MSE_Test_Extrapolation,0.5626511852926948
522_pm10,16,SVP,w0.7_0.0_0.4,AIC_Train,MSE_Test_Extrapolation,0.6082083534913723
522_pm10,16,SVP,w0.7_0.0_0.4,BIC_Train,MSE_Test_Extrapolation,0.6624737945492662
522_pm10,16,SVP,w0.7_0.0_0.4,MDL_Train,MSE_Test_Extrapolation,-0.5508788905015319
522_pm10,16,SVP,w0.7_0.0_0.4,PSM_Train,MSE_Test_Extrapolation,0.023060796645702306
522_pm10,17,SVP,w0.7_0.0_0.4,MSE_Train,MSE_Test_Interpolation,-0.02000462534690102
522_pm10,17,SVP,w0.7_0.0_0.4,AIC_Train,MSE_Test_Interpolation,0.043478260869565216
522_pm10,17,SVP,w0.7_0.0_0.4,BIC_Train,MSE_Test_Interpolation,0.5357308048103608
522_pm10,17,SVP,w0.7_0.0_0.4,MDL_Train,MSE_Test_Interpolation,0.046022201665124884
522_pm10,17,SVP,w0.7_0.0_0.4,PSM_Train,MSE_Test_Interpolation,-0.009019426456984274
522_pm10,17,SVP,w0.7_0.0_0.4,MSE_Train,MSE_Test_Extrapolation,0.1364477335800185
522_pm10,17,SVP,w0.7_0.0_0.4,AIC_Train,MSE_Test_Extrapolation,0.02000462534690102
522_pm10,17,SVP,w0.7_0.0_0.4,BIC_Train,MSE_Test_Extrapolation,0.14222941720629048
522_pm10,17,SVP,w0.7_0.0_0.4,MDL_Train,MSE_Test_Extrapolation,-0.08568455134135061
522_pm10,17,SVP,w0.7_0.0_0.4,PSM_Train,MSE_Test_Extrapolation,0.21438482886216464
522_pm10,18,SVP,w0.7_0.0_0.4,MSE_Train,MSE_Test_Interpolation,0.5054018445322793
522_pm10,18,SVP,w0.7_0.0_0.4,AIC_Train,MSE_Test_Interpolation,0.6472990777338603
522_pm10,18,SVP,w0.7_0.0_0.4,BIC_Train,MSE_Test_Interpolation,0.43399209486166
522_pm10,18,SVP,w0.7_0.0_0.4,MDL_Train,MSE_Test_Interpolation,-0.4777338603425559
522_pm10,18,SVP,w0.7_0.0_0.4,PSM_Train,MSE_Test_Interpolation,0.23939393939393935
522_pm10,18,SVP,w0.7_0.0_0.4,MSE_Train,MSE_Test_Extrapolation,-0.2915678524374176
522_pm10,18,SVP,w0.7_0.0_0.4,AIC_Train,MSE_Test_Extrapolation,-0.30250329380764157
522_pm10,18,SVP,w0.7_0.0_0.4,BIC_Train,MSE_Test_Extrapolation,0.2944664031620553
522_pm10,18,SVP,w0.7_0.0_0.4,MDL_Train,MSE_Test_Extrapolation,0.30171277997364954
522_pm10,18,SVP,w0.7_0.0_0.4,PSM_Train,MSE_Test_Extrapolation,-0.2967061923583662
522_pm10,19,SVP,w0.7_0.0_0.4,MSE_Train,MSE_Test_Interpolation,0.5125409773576276
522_pm10,19,SVP,w0.7_0.0_0.4,AIC_Train,MSE_Test_Interpolation,0.7496378745139896
522_pm10,19,SVP,w0.7_0.0_0.4,BIC_Train,MSE_Test_Interpolation,0.6735534039795684
522_pm10,19,SVP,w0.7_0.0_0.4,MDL_Train,MSE_Test_Interpolation,-0.5379176276492034
522_pm10,19,SVP,w0.7_0.0_0.4,PSM_Train,MSE_Test_Interpolation,0.062131925529209285
522_pm10,19,SVP,w0.7_0.0_0.4,MSE_Train,MSE_Test_Extrapolation,0.4164061904398872
522_pm10,19,SVP,w0.7_0.0_0.4,AIC_Train,MSE_Test_Extrapolation,0.37706792711748116
522_pm10,19,SVP,w0.7_0.0_0.4,BIC_Train,MSE_Test_Extrapolation,0.3301059693527484
522_pm10,19,SVP,w0.7_0.0_0.4,MDL_Train,MSE_Test_Extrapolation,-0.4151022509282755
522_pm10,19,SVP,w0.7_0.0_0.4,PSM_Train,MSE_Test_Extrapolation,0.0498580114062612
522_pm10,20,SVP,w0.7_0.0_0.4,MSE_Train,MSE_Test_Interpolation,0.24596602066080422
522_pm10,20,SVP,w0.7_0.0_0.4,AIC_Train,MSE_Test_Interpolation,0.4454879194057884
522_pm10,20,SVP,w0.7_0.0_0.4,BIC_Train,MSE_Test_Interpolation,0.5715871254162042
522_pm10,20,SVP,w0.7_0.0_0.4,MDL_Train,MSE_Test_Interpolation,-0.2456245197643644
522_pm10,20,SVP,w0.7_0.0_0.4,PSM_Train,MSE_Test_Interpolation,-0.13608810723128148
522_pm10,20,SVP,w0.7_0.0_0.4,MSE_Train,MSE_Test_Extrapolation,0.5414496713053871
522_pm10,20,SVP,w0.7_0.0_0.4,AIC_Train,MSE_Test_Extrapolation,0.47844275591223423
522_pm10,20,SVP,w0.7_0.0_0.4,BIC_Train,MSE_Test_Extrapolation,0.11815931016818919
522_pm10,20,SVP,w0.7_0.0_0.4,MDL_Train,MSE_Test_Extrapolation,-0.4864680269785708
522_pm10,20,SVP,w0.7_0.0_0.4,PSM_Train,MSE_Test_Extrapolation,-0.052761888499957305
522_pm10,21,SVP,w0.7_0.0_0.4,MSE_Train,MSE_Test_Interpolation,0.723409363745498
522_pm10,21,SVP,w0.7_0.0_0.4,AIC_Train,MSE_Test_Interpolation,0.7555822328931572
522_pm10,21,SVP,w0.7_0.0_0.4,BIC_Train,MSE_Test_Interpolation,0.7874669867947178
522_pm10,21,SVP,w0.7_0.0_0.4,MDL_Train,MSE_Test_Interpolation,-0.712845138055222
522_pm10,21,SVP,w0.7_0.0_0.4,PSM_Train,MSE_Test_Interpolation,0.17896758703481394
522_pm10,21,SVP,w0.7_0.0_0.4,MSE_Train,MSE_Test_Extrapolation,0.43663865546218483
522_pm10,21,SVP,w0.7_0.0_0.4,AIC_Train,MSE_Test_Extrapolation,0.28720288115246095
522_pm10,21,SVP,w0.7_0.0_0.4,BIC_Train,MSE_Test_Extrapolation,-0.07178871548619448
522_pm10,21,SVP,w0.7_0.0_0.4,MDL_Train,MSE_Test_Extrapolation,-0.4012004801920768
522_pm10,21,SVP,w0.7_0.0_0.4,PSM_Train,MSE_Test_Extrapolation,0.26588235294117646
522_pm10,22,SVP,w0.7_0.0_0.4,MSE_Train,MSE_Test_Interpolation,0.6309568480300188
522_pm10,22,SVP,w0.7_0.0_0.4,AIC_Train,MSE_Test_Interpolation,0.6369606003752345
522_pm10,22,SVP,w0.7_0.0_0.4,BIC_Train,MSE_Test_Interpolation,0.5883677298311445
522_pm10,22,SVP,w0.7_0.0_0.4,MDL_Train,MSE_Test_Interpolation,-0.628517823639775
522_pm10,22,SVP,w0.7_0.0_0.4,PSM_Train,MSE_Test_Interpolation,0.20281425891181992
522_pm10,22,SVP,w0.7_0.0_0.4,MSE_Train,MSE_Test_Extrapolation,0.6825515947467169
522_pm10,22,SVP,w0.7_0.0_0.4,AIC_Train,MSE_Test_Extrapolation,0.6739212007504691
522_pm10,22,SVP,w0.7_0.0_0.4,BIC_Train,MSE_Test_Extrapolation,0.3575984990619137
522_pm10,22,SVP,w0.7_0.0_0.4,MDL_Train,MSE_Test_Extrapolation,-0.6354596622889306
522_pm10,22,SVP,w0.7_0.0_0.4,PSM_Train,MSE_Test_Extrapolation,0.23414634146341468
522_pm10,23,SVP,w0.7_0.0_0.4,MSE_Train,MSE_Test_Interpolation,0.48520084566596194
522_pm10,23,SVP,w0.7_0.0_0.4,AIC_Train,MSE_Test_Interpolation,0.6001208094231351
522_pm10,23,SVP,w0.7_0.0_0.4,BIC_Train,MSE_Test_Interpolation,0.3874962247055271
522_pm10,23,SVP,w0.7_0.0_0.4,MDL_Train,MSE_Test_Interpolation,-0.4098459679855029
522_pm10,23,SVP,w0.7_0.0_0.4,PSM_Train,MSE_Test_Interpolation,0.2567200241618846
522_pm10,23,SVP,w0.7_0.0_0.4,MSE_Train,MSE_Test_Extrapolation,0.3276955602536998
522_pm10,23,SVP,w0.7_0.0_0.4,AIC_Train,MSE_Test_Extrapolation,0.3908184838417397
522_pm10,23,SVP,w0.7_0.0_0.4,BIC_Train,MSE_Test_Extrapolation,0.32271217154938087
522_pm10,23,SVP,w0.7_0.0_0.4,MDL_Train,MSE_Test_Extrapolation,-0.28994261552401085
522_pm10,23,SVP,w0.7_0.0_0.4,PSM_Train,MSE_Test_Extrapolation,-0.02823920265780731
522_pm10,24,SVP,w0.7_0.0_0.4,MSE_Train,MSE_Test_Interpolation,0.5175778100306402
522_pm10,24,SVP,w0.7_0.0_0.4,AIC_Train,MSE_Test_Interpolation,0.4401709401709402
522_pm10,24,SVP,w0.7_0.0_0.4,BIC_Train,MSE_Test_Interpolation,-0.07289146911788422
522_pm10,24,SVP,w0.7_0.0_0.4,MDL_Train,MSE_Test_Interpolation,-0.5004837929366232
522_pm10,24,SVP,w0.7_0.0_0.4,PSM_Train,MSE_Test_Interpolation,0.08547008547008547
522_pm10,24,SVP,w0.7_0.0_0.4,MSE_Train,MSE_Test_Extrapolation,-0.45597484276729555
522_pm10,24,SVP,w0.7_0.0_0.4,AIC_Train,MSE_Test_Extrapolation,-0.39872601193355905
522_pm10,24,SVP,w0.7_0.0_0.4,BIC_Train,MSE_Test_Extrapolation,0.08724399290437025
522_pm10,24,SVP,w0.7_0.0_0.4,MDL_Train,MSE_Test_Extrapolation,0.46081277213352684
522_pm10,24,SVP,w0.7_0.0_0.4,PSM_Train,MSE_Test_Extrapolation,-0.13425253991291727
522_pm10,25,SVP,w0.7_0.0_0.4,MSE_Train,MSE_Test_Interpolation,-0.02682926829268293
522_pm10,25,SVP,w0.7_0.0_0.4,AIC_Train,MSE_Test_Interpolation,0.07665505226480837
522_pm10,25,SVP,w0.7_0.0_0.4,BIC_Train,MSE_Test_Interpolation,0.35452961672473876
522_pm10,25,SVP,w0.7_0.0_0.4,MDL_Train,MSE_Test_Interpolation,0.01132404181184669
522_pm10,25,SVP,w0.7_0.0_0.4,PSM_Train,MSE_Test_Interpolation,0.19303135888501746
522_pm10,25,SVP,w0.7_0.0_0.4,MSE_Train,MSE_Test_Extrapolation,-0.3108013937282231
522_pm10,25,SVP,w0.7_0.0_0.4,AIC_Train,MSE_Test_Extrapolation,-0.07264808362369339
522_pm10,25,SVP,w0.7_0.0_0.4,BIC_Train,MSE_Test_Extrapolation,0.6151567944250873
522_pm10,25,SVP,w0.7_0.0_0.4,MDL_Train,MSE_Test_Extrapolation,0.30644599303135894
522_pm10,25,SVP,w0.7_0.0_0.4,PSM_Train,MSE_Test_Extrapolation,-0.15522648083623697
522_pm10,26,SVP,w0.7_0.0_0.4,MSE_Train,MSE_Test_Interpolation,0.7695121951219513
522_pm10,26,SVP,w0.7_0.0_0.4,AIC_Train,MSE_Test_Interpolation,0.7937282229965159
522_pm10,26,SVP,w0.7_0.0_0.4,BIC_Train,MSE_Test_Interpolation,0.7256097560975611
522_pm10,26,SVP,w0.7_0.0_0.4,MDL_Train,MSE_Test_Interpolation,-0.7148083623693381
522_pm10,26,SVP,w0.7_0.0_0.4,PSM_Train,MSE_Test_Interpolation,-0.0017421602787456448
522_pm10,26,SVP,w0.7_0.0_0.4,MSE_Train,MSE_Test_Extrapolation,0.4127177700348433
522_pm10,26,SVP,w0.7_0.0_0.4,AIC_Train,MSE_Test_Extrapolation,0.4015679442508711
522_pm10,26,SVP,w0.7_0.0_0.4,BIC_Train,MSE_Test_Extrapolation,0.5290940766550524
522_pm10,26,SVP,w0.7_0.0_0.4,MDL_Train,MSE_Test_Extrapolation,-0.34163763066202096
522_pm10,26,SVP,w0.7_0.0_0.4,PSM_Train,MSE_Test_Extrapolation,0.009059233449477353
522_pm10,27,SVP,w0.7_0.0_0.4,MSE_Train,MSE_Test_Interpolation,0.5586991010047593
522_pm10,27,SVP,w0.7_0.0_0.4,AIC_Train,MSE_Test_Interpolation,0.6448439978847169
522_pm10,27,SVP,w0.7_0.0_0.4,BIC_Train,MSE_Test_Interpolation,0.39783183500793223
522_pm10,27,SVP,w0.7_0.0_0.4,MDL_Train,MSE_Test_Interpolation,-0.5529878371232152
522_pm10,27,SVP,w0.7_0.0_0.4,PSM_Train,MSE_Test_Interpolation,0.10232681121099946
522_pm10,27,SVP,w0.7_0.0_0.4,MSE_Train,MSE_Test_Extrapolation,0.3034902168164992
522_pm10,27,SVP,w0.7_0.0_0.4,AIC_Train,MSE_Test_Extrapolation,0.30417768376520354
522_pm10,27,SVP,w0.7_0.0_0.4,BIC_Train,MSE_Test_Extrapolation,0.15097831835007933
522_pm10,27,SVP,w0.7_0.0_0.4,MDL_Train,MSE_Test_Extrapolation,-0.2894764674775251
522_pm10,27,SVP,w0.7_0.0_0.4,PSM_Train,MSE_Test_Extrapolation,0.10475938656795344
522_pm10,28,SVP,w0.7_0.0_0.4,MSE_Train,MSE_Test_Interpolation,0.22289090710143342
522_pm10,28,SVP,w0.7_0.0_0.4,AIC_Train,MSE_Test_Interpolation,0.21807637597111282
522_pm10,28,SVP,w0.7_0.0_0.4,BIC_Train,MSE_Test_Interpolation,0.20932268300689352
522_pm10,28,SVP,w0.7_0.0_0.4,MDL_Train,MSE_Test_Interpolation,-0.2460881934566145
522_pm10,28,SVP,w0.7_0.0_0.4,PSM_Train,MSE_Test_Interpolation,-0.20056899004267426
522_pm10,28,SVP,w0.7_0.0_0.4,MSE_Train,MSE_Test_Extrapolation,0.5415253309990152
522_pm10,28,SVP,w0.7_0.0_0.4,AIC_Train,MSE_Test_Extrapolation,0.568224094539884
522_pm10,28,SVP,w0.7_0.0_0.4,BIC_Train,MSE_Test_Extrapolation,0.4019039282197177
522_pm10,28,SVP,w0.7_0.0_0.4,MDL_Train,MSE_Test_Extrapolation,-0.5244556297187877
522_pm10,28,SVP,w0.7_0.0_0.4,PSM_Train,MSE_Test_Extrapolation,0.0672940146624357
522_pm10,29,SVP,w0.7_0.0_0.4,MSE_Train,MSE_Test_Interpolation,0.3863636363636363
522_pm10,29,SVP,w0.7_0.0_0.4,AIC_Train,MSE_Test_Interpolation,0.3728005865102639
522_pm10,29,SVP,w0.7_0.0_0.4,BIC_Train,MSE_Test_Interpolation,0.2994868035190616
522_pm10,29,SVP,w0.7_0.0_0.4,MDL_Train,MSE_Test_Interpolation,-0.3636363636363636
522_pm10,29,SVP,w0.7_0.0_0.4,PSM_Train,MSE_Test_Interpolation,-0.03189149560117301
522_pm10,29,SVP,w0.7_0.0_0.4,MSE_Train,MSE_Test_Extrapolation,0.877565982404692
522_pm10,29,SVP,w0.7_0.0_0.4,AIC_Train,MSE_Test_Extrapolation,0.8801319648093842
522_pm10,29,SVP,w0.7_0.0_0.4,BIC_Train,MSE_Test_Extrapolation,0.7313049853372434
522_pm10,29,SVP,w0.7_0.0_0.4,MDL_Train,MSE_Test_Extrapolation,-0.8867302052785924
522_pm10,29,SVP,w0.7_0.0_0.4,PSM_Train,MSE_Test_Extrapolation,0.2664956011730205
522_pm10,30,SVP,w0.7_0.0_0.4,MSE_Train,MSE_Test_Interpolation,0.7529411764705883
522_pm10,30,SVP,w0.7_0.0_0.4,AIC_Train,MSE_Test_Interpolation,0.8901960784313727
522_pm10,30,SVP,w0.7_0.0_0.4,BIC_Train,MSE_Test_Interpolation,0.6154061624649859
522_pm10,30,SVP,w0.7_0.0_0.4,MDL_Train,MSE_Test_Interpolation,-0.7453781512605042
522_pm10,30,SVP,w0.7_0.0_0.4,PSM_Train,MSE_Test_Interpolation,0.019327731092436976
522_pm10,30,SVP,w0.7_0.0_0.4,MSE_Train,MSE_Test_Extrapolation,0.5689075630252101
522_pm10,30,SVP,w0.7_0.0_0.4,AIC_Train,MSE_Test_Extrapolation,0.45014005602240903
522_pm10,30,SVP,w0.7_0.0_0.4,BIC_Train,MSE_Test_Extrapolation,0.15994397759103643
522_pm10,30,SVP,w0.7_0.0_0.4,MDL_Train,MSE_Test_Extrapolation,-0.5436974789915967
522_pm10,30,SVP,w0.7_0.0_0.4,PSM_Train,MSE_Test_Extrapolation,-0.09355742296918769
