Dataset,Run,Method,Weight,Metric,Test_Metric,Spearman
522_pm10,1,MVP,w0.5_0.1_0.9,MSE_Train,MSE_Test_Interpolation,0.8166969147005446
522_pm10,1,MVP,w0.5_0.1_0.9,AIC_Train,MSE_Test_Interpolation,0.7848716619134043
522_pm10,1,MVP,w0.5_0.1_0.9,BIC_Train,MSE_Test_Interpolation,0.10254083484573503
522_pm10,1,MVP,w0.5_0.1_0.9,MDL_Train,MSE_Test_Interpolation,-0.8059372569354422
522_pm10,1,MVP,w0.5_0.1_0.9,PSM_Train,MSE_Test_Interpolation,-0.051335234638319946
522_pm10,1,MVP,w0.5_0.1_0.9,MSE_Train,MSE_Test_Extrapolation,-0.11829141820067413
522_pm10,1,MVP,w0.5_0.1_0.9,AIC_Train,MSE_Test_Extrapolation,-0.12224526834327197
522_pm10,1,MVP,w0.5_0.1_0.9,BIC_Train,MSE_Test_Extrapolation,0.6715063520871145
522_pm10,1,MVP,w0.5_0.1_0.9,MDL_Train,MSE_Test_Extrapolation,0.11414311641171895
522_pm10,1,MVP,w0.5_0.1_0.9,PSM_Train,MSE_Test_Extrapolation,-0.020547057298418464
522_pm10,2,MVP,w0.5_0.1_0.9,MSE_Train,MSE_Test_Interpolation,0.04291133238501659
522_pm10,2,MVP,w0.5_0.1_0.9,AIC_Train,MSE_Test_Interpolation,0.032716927453769556
522_pm10,2,MVP,w0.5_0.1_0.9,BIC_Train,MSE_Test_Interpolation,0.1998577524893314
522_pm10,2,MVP,w0.5_0.1_0.9,MDL_Train,MSE_Test_Interpolation,-0.07254623044096728
522_pm10,2,MVP,w0.5_0.1_0.9,PSM_Train,MSE_Test_Interpolation,-0.14248458985301088
522_pm10,2,MVP,w0.5_0.1_0.9,MSE_Train,MSE_Test_Extrapolation,-0.43219535324798475
522_pm10,2,MVP,w0.5_0.1_0.9,AIC_Train,MSE_Test_Extrapolation,-0.3594120436225699
522_pm10,2,MVP,w0.5_0.1_0.9,BIC_Train,MSE_Test_Extrapolation,0.47889995258416307
522_pm10,2,MVP,w0.5_0.1_0.9,MDL_Train,MSE_Test_Extrapolation,0.46775723091512555
522_pm10,2,MVP,w0.5_0.1_0.9,PSM_Train,MSE_Test_Extrapolation,-0.3693693693693693
522_pm10,3,MVP,w0.5_0.1_0.9,MSE_Train,MSE_Test_Interpolation,0.23076923076923075
522_pm10,3,MVP,w0.5_0.1_0.9,AIC_Train,MSE_Test_Interpolation,0.09664475369247844
522_pm10,3,MVP,w0.5_0.1_0.9,BIC_Train,MSE_Test_Interpolation,-0.19952189874498416
522_pm10,3,MVP,w0.5_0.1_0.9,MDL_Train,MSE_Test_Interpolation,-0.21173055579270894
522_pm10,3,MVP,w0.5_0.1_0.9,PSM_Train,MSE_Test_Interpolation,0.079057457525826
522_pm10,3,MVP,w0.5_0.1_0.9,MSE_Train,MSE_Test_Extrapolation,-0.16665243746264832
522_pm10,3,MVP,w0.5_0.1_0.9,AIC_Train,MSE_Test_Extrapolation,-0.19610688978058566
522_pm10,3,MVP,w0.5_0.1_0.9,BIC_Train,MSE_Test_Extrapolation,0.14513788098693758
522_pm10,3,MVP,w0.5_0.1_0.9,MDL_Train,MSE_Test_Extrapolation,0.20071715188252368
522_pm10,3,MVP,w0.5_0.1_0.9,PSM_Train,MSE_Test_Extrapolation,0.0067446427046871
522_pm10,4,MVP,w0.5_0.1_0.9,MSE_Train,MSE_Test_Interpolation,-0.23360323886639678
522_pm10,4,MVP,w0.5_0.1_0.9,AIC_Train,MSE_Test_Interpolation,-0.19453441295546559
522_pm10,4,MVP,w0.5_0.1_0.9,BIC_Train,MSE_Test_Interpolation,0.14352226720647773
522_pm10,4,MVP,w0.5_0.1_0.9,MDL_Train,MSE_Test_Interpolation,0.26315789473684215
522_pm10,4,MVP,w0.5_0.1_0.9,PSM_Train,MSE_Test_Interpolation,-0.21599190283400813
522_pm10,4,MVP,w0.5_0.1_0.9,MSE_Train,MSE_Test_Extrapolation,0.255668016194332
522_pm10,4,MVP,w0.5_0.1_0.9,AIC_Train,MSE_Test_Extrapolation,0.2354251012145749
522_pm10,4,MVP,w0.5_0.1_0.9,BIC_Train,MSE_Test_Extrapolation,0.321255060728745
522_pm10,4,MVP,w0.5_0.1_0.9,MDL_Train,MSE_Test_Extrapolation,-0.2663967611336032
522_pm10,4,MVP,w0.5_0.1_0.9,PSM_Train,MSE_Test_Extrapolation,-0.03016194331983806
522_pm10,5,MVP,w0.5_0.1_0.9,MSE_Train,MSE_Test_Interpolation,0.014599163322803723
522_pm10,5,MVP,w0.5_0.1_0.9,AIC_Train,MSE_Test_Interpolation,0.1923503799197473
522_pm10,5,MVP,w0.5_0.1_0.9,BIC_Train,MSE_Test_Interpolation,0.2590284299496286
522_pm10,5,MVP,w0.5_0.1_0.9,MDL_Train,MSE_Test_Interpolation,0.16289592760180996
522_pm10,5,MVP,w0.5_0.1_0.9,PSM_Train,MSE_Test_Interpolation,-0.040638606676342524
522_pm10,5,MVP,w0.5_0.1_0.9,MSE_Train,MSE_Test_Extrapolation,-0.6522667122001196
522_pm10,5,MVP,w0.5_0.1_0.9,AIC_Train,MSE_Test_Extrapolation,-0.46956373260479806
522_pm10,5,MVP,w0.5_0.1_0.9,BIC_Train,MSE_Test_Extrapolation,0.7446427046870999
522_pm10,5,MVP,w0.5_0.1_0.9,MDL_Train,MSE_Test_Extrapolation,0.6548279689234183
522_pm10,5,MVP,w0.5_0.1_0.9,PSM_Train,MSE_Test_Extrapolation,-0.37394348160163915
522_pm10,6,MVP,w0.5_0.1_0.9,MSE_Train,MSE_Test_Interpolation,0.6122802960222017
522_pm10,6,MVP,w0.5_0.1_0.9,AIC_Train,MSE_Test_Interpolation,0.4450740055504163
522_pm10,6,MVP,w0.5_0.1_0.9,BIC_Train,MSE_Test_Interpolation,0.20293709528214615
522_pm10,6,MVP,w0.5_0.1_0.9,MDL_Train,MSE_Test_Interpolation,-0.6665124884366328
522_pm10,6,MVP,w0.5_0.1_0.9,PSM_Train,MSE_Test_Interpolation,-0.01722941720629047
522_pm10,6,MVP,w0.5_0.1_0.9,MSE_Train,MSE_Test_Extrapolation,-0.3822381545929609
522_pm10,6,MVP,w0.5_0.1_0.9,AIC_Train,MSE_Test_Extrapolation,-0.225376543125603
522_pm10,6,MVP,w0.5_0.1_0.9,BIC_Train,MSE_Test_Extrapolation,0.3188112516148217
522_pm10,6,MVP,w0.5_0.1_0.9,MDL_Train,MSE_Test_Extrapolation,0.5237778615122723
522_pm10,6,MVP,w0.5_0.1_0.9,PSM_Train,MSE_Test_Extrapolation,0.17819664081916586
522_pm10,7,MVP,w0.5_0.1_0.9,MSE_Train,MSE_Test_Interpolation,0.08961038961038963
522_pm10,7,MVP,w0.5_0.1_0.9,AIC_Train,MSE_Test_Interpolation,0.061183261183261194
522_pm10,7,MVP,w0.5_0.1_0.9,BIC_Train,MSE_Test_Interpolation,0.07251082251082253
522_pm10,7,MVP,w0.5_0.1_0.9,MDL_Train,MSE_Test_Interpolation,0.030230880230880237
522_pm10,7,MVP,w0.5_0.1_0.9,PSM_Train,MSE_Test_Interpolation,0.02330447330447331
522_pm10,7,MVP,w0.5_0.1_0.9,MSE_Train,MSE_Test_Extrapolation,-0.273953823953824
522_pm10,7,MVP,w0.5_0.1_0.9,AIC_Train,MSE_Test_Extrapolation,-0.11753246753246756
522_pm10,7,MVP,w0.5_0.1_0.9,BIC_Train,MSE_Test_Extrapolation,0.22193362193362198
522_pm10,7,MVP,w0.5_0.1_0.9,MDL_Train,MSE_Test_Extrapolation,0.15324675324675327
522_pm10,7,MVP,w0.5_0.1_0.9,PSM_Train,MSE_Test_Extrapolation,-0.11616161616161619
522_pm10,8,MVP,w0.5_0.1_0.9,MSE_Train,MSE_Test_Interpolation,0.16253393665158372
522_pm10,8,MVP,w0.5_0.1_0.9,AIC_Train,MSE_Test_Interpolation,0.13330316742081447
522_pm10,8,MVP,w0.5_0.1_0.9,BIC_Train,MSE_Test_Interpolation,-0.0026244343891402714
522_pm10,8,MVP,w0.5_0.1_0.9,MDL_Train,MSE_Test_Interpolation,-0.19674208144796382
522_pm10,8,MVP,w0.5_0.1_0.9,PSM_Train,MSE_Test_Interpolation,0.003619909502262443
522_pm10,8,MVP,w0.5_0.1_0.9,MSE_Train,MSE_Test_Extrapolation,-0.34796380090497736
522_pm10,8,MVP,w0.5_0.1_0.9,AIC_Train,MSE_Test_Extrapolation,-0.30959276018099546
522_pm10,8,MVP,w0.5_0.1_0.9,BIC_Train,MSE_Test_Extrapolation,0.14425339366515835
522_pm10,8,MVP,w0.5_0.1_0.9,MDL_Train,MSE_Test_Extrapolation,0.19556561085972848
522_pm10,8,MVP,w0.5_0.1_0.9,PSM_Train,MSE_Test_Extrapolation,0.15429864253393666
522_pm10,9,MVP,w0.5_0.1_0.9,MSE_Train,MSE_Test_Interpolation,0.6445322793148879
522_pm10,9,MVP,w0.5_0.1_0.9,AIC_Train,MSE_Test_Interpolation,0.6209486166007904
522_pm10,9,MVP,w0.5_0.1_0.9,BIC_Train,MSE_Test_Interpolation,0.3437417654808959
522_pm10,9,MVP,w0.5_0.1_0.9,MDL_Train,MSE_Test_Interpolation,-0.6299077733860341
522_pm10,9,MVP,w0.5_0.1_0.9,PSM_Train,MSE_Test_Interpolation,0.022002635046113304
522_pm10,9,MVP,w0.5_0.1_0.9,MSE_Train,MSE_Test_Extrapolation,0.24756258234519102
522_pm10,9,MVP,w0.5_0.1_0.9,AIC_Train,MSE_Test_Extrapolation,0.27299077733860344
522_pm10,9,MVP,w0.5_0.1_0.9,BIC_Train,MSE_Test_Extrapolation,0.4303030303030303
522_pm10,9,MVP,w0.5_0.1_0.9,MDL_Train,MSE_Test_Extrapolation,-0.24611330698287215
522_pm10,9,MVP,w0.5_0.1_0.9,PSM_Train,MSE_Test_Extrapolation,-0.14097496706192358
522_pm10,10,MVP,w0.5_0.1_0.9,MSE_Train,MSE_Test_Interpolation,-0.0845513413506013
522_pm10,10,MVP,w0.5_0.1_0.9,AIC_Train,MSE_Test_Interpolation,-0.054579093432007404
522_pm10,10,MVP,w0.5_0.1_0.9,BIC_Train,MSE_Test_Interpolation,0.39993832870798646
522_pm10,10,MVP,w0.5_0.1_0.9,MDL_Train,MSE_Test_Interpolation,0.05889608387295714
522_pm10,10,MVP,w0.5_0.1_0.9,PSM_Train,MSE_Test_Interpolation,-0.049275362318840575
522_pm10,10,MVP,w0.5_0.1_0.9,MSE_Train,MSE_Test_Extrapolation,0.7654024051803886
522_pm10,10,MVP,w0.5_0.1_0.9,AIC_Train,MSE_Test_Extrapolation,0.5696577243293247
522_pm10,10,MVP,w0.5_0.1_0.9,BIC_Train,MSE_Test_Extrapolation,-0.07641073080481037
522_pm10,10,MVP,w0.5_0.1_0.9,MDL_Train,MSE_Test_Extrapolation,-0.7473943879124267
522_pm10,10,MVP,w0.5_0.1_0.9,PSM_Train,MSE_Test_Extrapolation,0.19506629663891456
522_pm10,11,MVP,w0.5_0.1_0.9,MSE_Train,MSE_Test_Interpolation,0.2590636254501801
522_pm10,11,MVP,w0.5_0.1_0.9,AIC_Train,MSE_Test_Interpolation,0.2677070828331332
522_pm10,11,MVP,w0.5_0.1_0.9,BIC_Train,MSE_Test_Interpolation,0.07735894357743096
522_pm10,11,MVP,w0.5_0.1_0.9,MDL_Train,MSE_Test_Interpolation,-0.26674669867947176
522_pm10,11,MVP,w0.5_0.1_0.9,PSM_Train,MSE_Test_Interpolation,-0.08292917166866745
522_pm10,11,MVP,w0.5_0.1_0.9,MSE_Train,MSE_Test_Extrapolation,0.04499399759903961
522_pm10,11,MVP,w0.5_0.1_0.9,AIC_Train,MSE_Test_Extrapolation,-0.03154861944777911
522_pm10,11,MVP,w0.5_0.1_0.9,BIC_Train,MSE_Test_Extrapolation,-0.4071548619447779
522_pm10,11,MVP,w0.5_0.1_0.9,MDL_Train,MSE_Test_Extrapolation,-0.05805522208883554
522_pm10,11,MVP,w0.5_0.1_0.9,PSM_Train,MSE_Test_Extrapolation,0.30189675870348137
522_pm10,12,MVP,w0.5_0.1_0.9,MSE_Train,MSE_Test_Interpolation,0.49189570119802684
522_pm10,12,MVP,w0.5_0.1_0.9,AIC_Train,MSE_Test_Interpolation,0.4937279774489076
522_pm10,12,MVP,w0.5_0.1_0.9,BIC_Train,MSE_Test_Interpolation,0.31388301620859754
522_pm10,12,MVP,w0.5_0.1_0.9,MDL_Train,MSE_Test_Interpolation,-0.38421423537702604
522_pm10,12,MVP,w0.5_0.1_0.9,PSM_Train,MSE_Test_Interpolation,0.2074700493305144
522_pm10,12,MVP,w0.5_0.1_0.9,MSE_Train,MSE_Test_Extrapolation,0.38421423537702604
522_pm10,12,MVP,w0.5_0.1_0.9,AIC_Train,MSE_Test_Extrapolation,0.34150810429880196
522_pm10,12,MVP,w0.5_0.1_0.9,BIC_Train,MSE_Test_Extrapolation,0.3502466525722339
522_pm10,12,MVP,w0.5_0.1_0.9,MDL_Train,MSE_Test_Extrapolation,-0.283861874559549
522_pm10,12,MVP,w0.5_0.1_0.9,PSM_Train,MSE_Test_Extrapolation,0.09852008456659618
522_pm10,13,MVP,w0.5_0.1_0.9,MSE_Train,MSE_Test_Interpolation,-0.04267425320056899
522_pm10,13,MVP,w0.5_0.1_0.9,AIC_Train,MSE_Test_Interpolation,-0.08582266477003318
522_pm10,13,MVP,w0.5_0.1_0.9,BIC_Train,MSE_Test_Interpolation,0.01256519677572309
522_pm10,13,MVP,w0.5_0.1_0.9,MDL_Train,MSE_Test_Interpolation,0.06567093409198671
522_pm10,13,MVP,w0.5_0.1_0.9,PSM_Train,MSE_Test_Interpolation,-0.17543859649122803
522_pm10,13,MVP,w0.5_0.1_0.9,MSE_Train,MSE_Test_Extrapolation,0.19748696064485535
522_pm10,13,MVP,w0.5_0.1_0.9,AIC_Train,MSE_Test_Extrapolation,0.30820293978188706
522_pm10,13,MVP,w0.5_0.1_0.9,BIC_Train,MSE_Test_Extrapolation,0.40848743480322425
522_pm10,13,MVP,w0.5_0.1_0.9,MDL_Train,MSE_Test_Extrapolation,-0.1289710763394974
522_pm10,13,MVP,w0.5_0.1_0.9,PSM_Train,MSE_Test_Extrapolation,0.028449502133712654
522_pm10,14,MVP,w0.5_0.1_0.9,MSE_Train,MSE_Test_Interpolation,0.8046332046332048
522_pm10,14,MVP,w0.5_0.1_0.9,AIC_Train,MSE_Test_Interpolation,0.8036036036036037
522_pm10,14,MVP,w0.5_0.1_0.9,BIC_Train,MSE_Test_Interpolation,0.5624195624195624
522_pm10,14,MVP,w0.5_0.1_0.9,MDL_Train,MSE_Test_Interpolation,-0.7830115830115831
522_pm10,14,MVP,w0.5_0.1_0.9,PSM_Train,MSE_Test_Interpolation,0.38841698841698846
522_pm10,14,MVP,w0.5_0.1_0.9,MSE_Train,MSE_Test_Extrapolation,0.7191763191763192
522_pm10,14,MVP,w0.5_0.1_0.9,AIC_Train,MSE_Test_Extrapolation,0.7637065637065638
522_pm10,14,MVP,w0.5_0.1_0.9,BIC_Train,MSE_Test_Extrapolation,0.6
522_pm10,14,MVP,w0.5_0.1_0.9,MDL_Train,MSE_Test_Extrapolation,-0.6908622908622909
522_pm10,14,MVP,w0.5_0.1_0.9,PSM_Train,MSE_Test_Extrapolation,0.0640926640926641
522_pm10,15,MVP,w0.5_0.1_0.9,MSE_Train,MSE_Test_Interpolation,0.09715582205655944
522_pm10,15,MVP,w0.5_0.1_0.9,AIC_Train,MSE_Test_Interpolation,0.1161170083461632
522_pm10,15,MVP,w0.5_0.1_0.9,BIC_Train,MSE_Test_Interpolation,0.14480187991248686
522_pm10,15,MVP,w0.5_0.1_0.9,MDL_Train,MSE_Test_Interpolation,-0.09164573373308484
522_pm10,15,MVP,w0.5_0.1_0.9,PSM_Train,MSE_Test_Interpolation,0.04351349161332146
522_pm10,15,MVP,w0.5_0.1_0.9,MSE_Train,MSE_Test_Extrapolation,-0.23620452151365368
522_pm10,15,MVP,w0.5_0.1_0.9,AIC_Train,MSE_Test_Extrapolation,-0.2956810631229236
522_pm10,15,MVP,w0.5_0.1_0.9,BIC_Train,MSE_Test_Extrapolation,-0.10363827890770602
522_pm10,15,MVP,w0.5_0.1_0.9,MDL_Train,MSE_Test_Extrapolation,0.23037031034762176
522_pm10,15,MVP,w0.5_0.1_0.9,PSM_Train,MSE_Test_Extrapolation,-0.0963455149501661
522_pm10,16,MVP,w0.5_0.1_0.9,MSE_Train,MSE_Test_Interpolation,0.5718432510885341
522_pm10,16,MVP,w0.5_0.1_0.9,AIC_Train,MSE_Test_Interpolation,0.5756329624254153
522_pm10,16,MVP,w0.5_0.1_0.9,BIC_Train,MSE_Test_Interpolation,0.7142396387679406
522_pm10,16,MVP,w0.5_0.1_0.9,MDL_Train,MSE_Test_Interpolation,-0.5697468150298338
522_pm10,16,MVP,w0.5_0.1_0.9,PSM_Train,MSE_Test_Interpolation,0.341235284631511
522_pm10,16,MVP,w0.5_0.1_0.9,MSE_Train,MSE_Test_Extrapolation,0.5950653120464442
522_pm10,16,MVP,w0.5_0.1_0.9,AIC_Train,MSE_Test_Extrapolation,0.6418319625866796
522_pm10,16,MVP,w0.5_0.1_0.9,BIC_Train,MSE_Test_Extrapolation,0.6647314949201741
522_pm10,16,MVP,w0.5_0.1_0.9,MDL_Train,MSE_Test_Extrapolation,-0.5452346395742622
522_pm10,16,MVP,w0.5_0.1_0.9,PSM_Train,MSE_Test_Extrapolation,0.027576197387518143
522_pm10,17,MVP,w0.5_0.1_0.9,MSE_Train,MSE_Test_Interpolation,-0.02139222941720629
522_pm10,17,MVP,w0.5_0.1_0.9,AIC_Train,MSE_Test_Interpolation,0.0354995374653099
522_pm10,17,MVP,w0.5_0.1_0.9,BIC_Train,MSE_Test_Interpolation,0.5220860314523589
522_pm10,17,MVP,w0.5_0.1_0.9,MDL_Train,MSE_Test_Interpolation,0.04821924144310824
522_pm10,17,MVP,w0.5_0.1_0.9,PSM_Train,MSE_Test_Interpolation,-0.01595744680851064
522_pm10,17,MVP,w0.5_0.1_0.9,MSE_Train,MSE_Test_Extrapolation,0.13401942645698428
522_pm10,17,MVP,w0.5_0.1_0.9,AIC_Train,MSE_Test_Extrapolation,0.0021970397779833488
522_pm10,17,MVP,w0.5_0.1_0.9,BIC_Train,MSE_Test_Extrapolation,0.12627197039777985
522_pm10,17,MVP,w0.5_0.1_0.9,MDL_Train,MSE_Test_Extrapolation,-0.0818686401480111
522_pm10,17,MVP,w0.5_0.1_0.9,PSM_Train,MSE_Test_Extrapolation,0.19669287696577245
522_pm10,18,MVP,w0.5_0.1_0.9,MSE_Train,MSE_Test_Interpolation,0.5054018445322793
522_pm10,18,MVP,w0.5_0.1_0.9,AIC_Train,MSE_Test_Interpolation,0.6470355731225296
522_pm10,18,MVP,w0.5_0.1_0.9,BIC_Train,MSE_Test_Interpolation,0.42806324110671934
522_pm10,18,MVP,w0.5_0.1_0.9,MDL_Train,MSE_Test_Interpolation,-0.47549407114624503
522_pm10,18,MVP,w0.5_0.1_0.9,PSM_Train,MSE_Test_Interpolation,0.23359683794466402
522_pm10,18,MVP,w0.5_0.1_0.9,MSE_Train,MSE_Test_Extrapolation,-0.2915678524374176
522_pm10,18,MVP,w0.5_0.1_0.9,AIC_Train,MSE_Test_Extrapolation,-0.2930171277997365
522_pm10,18,MVP,w0.5_0.1_0.9,BIC_Train,MSE_Test_Extrapolation,0.2952569169960474
522_pm10,18,MVP,w0.5_0.1_0.9,MDL_Train,MSE_Test_Extrapolation,0.3006587615283267
522_pm10,18,MVP,w0.5_0.1_0.9,PSM_Train,MSE_Test_Extrapolation,-0.27957839262187084
522_pm10,19,MVP,w0.5_0.1_0.9,MSE_Train,MSE_Test_Interpolation,0.5202409087443777
522_pm10,19,MVP,w0.5_0.1_0.9,AIC_Train,MSE_Test_Interpolation,0.7597011511778609
522_pm10,19,MVP,w0.5_0.1_0.9,BIC_Train,MSE_Test_Interpolation,0.7039719448044522
522_pm10,19,MVP,w0.5_0.1_0.9,MDL_Train,MSE_Test_Interpolation,-0.44254702784915323
522_pm10,19,MVP,w0.5_0.1_0.9,PSM_Train,MSE_Test_Interpolation,0.1728639768558062
522_pm10,19,MVP,w0.5_0.1_0.9,MSE_Train,MSE_Test_Extrapolation,0.4169398490508501
522_pm10,19,MVP,w0.5_0.1_0.9,AIC_Train,MSE_Test_Extrapolation,0.38171838072730047
522_pm10,19,MVP,w0.5_0.1_0.9,BIC_Train,MSE_Test_Extrapolation,0.3535107112906915
522_pm10,19,MVP,w0.5_0.1_0.9,MDL_Train,MSE_Test_Extrapolation,-0.3332253331143236
522_pm10,19,MVP,w0.5_0.1_0.9,PSM_Train,MSE_Test_Extrapolation,0.10531933143386826
522_pm10,20,MVP,w0.5_0.1_0.9,MSE_Train,MSE_Test_Interpolation,0.2475881499188935
522_pm10,20,MVP,w0.5_0.1_0.9,AIC_Train,MSE_Test_Interpolation,0.4410484077520704
522_pm10,20,MVP,w0.5_0.1_0.9,BIC_Train,MSE_Test_Interpolation,0.5777341415521215
522_pm10,20,MVP,w0.5_0.1_0.9,MDL_Train,MSE_Test_Interpolation,-0.24024588064543667
522_pm10,20,MVP,w0.5_0.1_0.9,PSM_Train,MSE_Test_Interpolation,-0.09314436950396994
522_pm10,20,MVP,w0.5_0.1_0.9,MSE_Train,MSE_Test_Extrapolation,0.5367540339793392
522_pm10,20,MVP,w0.5_0.1_0.9,AIC_Train,MSE_Test_Extrapolation,0.4781866302399044
522_pm10,20,MVP,w0.5_0.1_0.9,BIC_Train,MSE_Test_Extrapolation,0.11978143942627849
522_pm10,20,MVP,w0.5_0.1_0.9,MDL_Train,MSE_Test_Extrapolation,-0.47844275591223423
522_pm10,20,MVP,w0.5_0.1_0.9,PSM_Train,MSE_Test_Extrapolation,-0.06522667122001195
522_pm10,21,MVP,w0.5_0.1_0.9,MSE_Train,MSE_Test_Interpolation,0.5870348139255701
522_pm10,21,MVP,w0.5_0.1_0.9,AIC_Train,MSE_Test_Interpolation,0.6383193277310925
522_pm10,21,MVP,w0.5_0.1_0.9,BIC_Train,MSE_Test_Interpolation,0.7090996398559423
522_pm10,21,MVP,w0.5_0.1_0.9,MDL_Train,MSE_Test_Interpolation,-0.716782713085234
522_pm10,21,MVP,w0.5_0.1_0.9,PSM_Train,MSE_Test_Interpolation,0.09099639855942376
522_pm10,21,MVP,w0.5_0.1_0.9,MSE_Train,MSE_Test_Extrapolation,0.2168067226890756
522_pm10,21,MVP,w0.5_0.1_0.9,AIC_Train,MSE_Test_Extrapolation,0.12172869147659063
522_pm10,21,MVP,w0.5_0.1_0.9,BIC_Train,MSE_Test_Extrapolation,-0.14093637454981991
522_pm10,21,MVP,w0.5_0.1_0.9,MDL_Train,MSE_Test_Extrapolation,-0.4060024009603841
522_pm10,21,MVP,w0.5_0.1_0.9,PSM_Train,MSE_Test_Extrapolation,0.12509003601440577
522_pm10,22,MVP,w0.5_0.1_0.9,MSE_Train,MSE_Test_Interpolation,0.6375234521575986
522_pm10,22,MVP,w0.5_0.1_0.9,AIC_Train,MSE_Test_Interpolation,0.6536585365853659
522_pm10,22,MVP,w0.5_0.1_0.9,BIC_Train,MSE_Test_Interpolation,0.5891181988742965
522_pm10,22,MVP,w0.5_0.1_0.9,MDL_Train,MSE_Test_Interpolation,-0.627016885553471
522_pm10,22,MVP,w0.5_0.1_0.9,PSM_Train,MSE_Test_Interpolation,0.22983114446529082
522_pm10,22,MVP,w0.5_0.1_0.9,MSE_Train,MSE_Test_Extrapolation,0.6825515947467169
522_pm10,22,MVP,w0.5_0.1_0.9,AIC_Train,MSE_Test_Extrapolation,0.6810506566604129
522_pm10,22,MVP,w0.5_0.1_0.9,BIC_Train,MSE_Test_Extrapolation,0.3570356472795498
522_pm10,22,MVP,w0.5_0.1_0.9,MDL_Train,MSE_Test_Extrapolation,-0.6409005628517825
522_pm10,22,MVP,w0.5_0.1_0.9,PSM_Train,MSE_Test_Extrapolation,0.250281425891182
522_pm10,23,MVP,w0.5_0.1_0.9,MSE_Train,MSE_Test_Interpolation,0.43491392328601636
522_pm10,23,MVP,w0.5_0.1_0.9,AIC_Train,MSE_Test_Interpolation,0.49546964663243737
522_pm10,23,MVP,w0.5_0.1_0.9,BIC_Train,MSE_Test_Interpolation,0.3068559347629115
522_pm10,23,MVP,w0.5_0.1_0.9,MDL_Train,MSE_Test_Interpolation,-0.4553005134400483
522_pm10,23,MVP,w0.5_0.1_0.9,PSM_Train,MSE_Test_Interpolation,0.12926608275445484
522_pm10,23,MVP,w0.5_0.1_0.9,MSE_Train,MSE_Test_Extrapolation,0.3048927816369677
522_pm10,23,MVP,w0.5_0.1_0.9,AIC_Train,MSE_Test_Extrapolation,0.34445786771368164
522_pm10,23,MVP,w0.5_0.1_0.9,BIC_Train,MSE_Test_Extrapolation,0.27333131984294773
522_pm10,23,MVP,w0.5_0.1_0.9,MDL_Train,MSE_Test_Extrapolation,-0.33162186650558745
522_pm10,23,MVP,w0.5_0.1_0.9,PSM_Train,MSE_Test_Extrapolation,-0.07444880700694653
522_pm10,24,MVP,w0.5_0.1_0.9,MSE_Train,MSE_Test_Interpolation,0.5158039025963554
522_pm10,24,MVP,w0.5_0.1_0.9,AIC_Train,MSE_Test_Interpolation,0.4383970327366553
522_pm10,24,MVP,w0.5_0.1_0.9,BIC_Train,MSE_Test_Interpolation,-0.06700532172230286
522_pm10,24,MVP,w0.5_0.1_0.9,MDL_Train,MSE_Test_Interpolation,-0.4992743105950653
522_pm10,24,MVP,w0.5_0.1_0.9,PSM_Train,MSE_Test_Interpolation,0.04378326076439284
522_pm10,24,MVP,w0.5_0.1_0.9,MSE_Train,MSE_Test_Extrapolation,-0.45742622157716495
522_pm10,24,MVP,w0.5_0.1_0.9,AIC_Train,MSE_Test_Extrapolation,-0.40041928721173997
522_pm10,24,MVP,w0.5_0.1_0.9,BIC_Train,MSE_Test_Extrapolation,0.06958555071762619
522_pm10,24,MVP,w0.5_0.1_0.9,MDL_Train,MSE_Test_Extrapolation,0.46210288663118854
522_pm10,24,MVP,w0.5_0.1_0.9,PSM_Train,MSE_Test_Extrapolation,-0.15142718916303824
522_pm10,25,MVP,w0.5_0.1_0.9,MSE_Train,MSE_Test_Interpolation,-0.02630662020905924
522_pm10,25,MVP,w0.5_0.1_0.9,AIC_Train,MSE_Test_Interpolation,0.07421602787456447
522_pm10,25,MVP,w0.5_0.1_0.9,BIC_Train,MSE_Test_Interpolation,0.35121951219512204
522_pm10,25,MVP,w0.5_0.1_0.9,MDL_Train,MSE_Test_Interpolation,0.013066202090592336
522_pm10,25,MVP,w0.5_0.1_0.9,PSM_Train,MSE_Test_Interpolation,0.16655052264808368
522_pm10,25,MVP,w0.5_0.1_0.9,MSE_Train,MSE_Test_Extrapolation,-0.3114982578397213
522_pm10,25,MVP,w0.5_0.1_0.9,AIC_Train,MSE_Test_Extrapolation,-0.07735191637630663
522_pm10,25,MVP,w0.5_0.1_0.9,BIC_Train,MSE_Test_Extrapolation,0.6146341463414635
522_pm10,25,MVP,w0.5_0.1_0.9,MDL_Train,MSE_Test_Extrapolation,0.3083623693379791
522_pm10,25,MVP,w0.5_0.1_0.9,PSM_Train,MSE_Test_Extrapolation,-0.17108013937282232
522_pm10,26,MVP,w0.5_0.1_0.9,MSE_Train,MSE_Test_Interpolation,0.7695121951219513
522_pm10,26,MVP,w0.5_0.1_0.9,AIC_Train,MSE_Test_Interpolation,0.794076655052265
522_pm10,26,MVP,w0.5_0.1_0.9,BIC_Train,MSE_Test_Interpolation,0.7350174216027876
522_pm10,26,MVP,w0.5_0.1_0.9,MDL_Train,MSE_Test_Interpolation,-0.7120209059233451
522_pm10,26,MVP,w0.5_0.1_0.9,PSM_Train,MSE_Test_Interpolation,0.004006968641114984
522_pm10,26,MVP,w0.5_0.1_0.9,MSE_Train,MSE_Test_Extrapolation,0.4127177700348433
522_pm10,26,MVP,w0.5_0.1_0.9,AIC_Train,MSE_Test_Extrapolation,0.3998257839721255
522_pm10,26,MVP,w0.5_0.1_0.9,BIC_Train,MSE_Test_Extrapolation,0.5264808362369339
522_pm10,26,MVP,w0.5_0.1_0.9,MDL_Train,MSE_Test_Extrapolation,-0.35592334494773525
522_pm10,26,MVP,w0.5_0.1_0.9,PSM_Train,MSE_Test_Extrapolation,0.004529616724738676
522_pm10,27,MVP,w0.5_0.1_0.9,MSE_Train,MSE_Test_Interpolation,0.559227921734532
522_pm10,27,MVP,w0.5_0.1_0.9,AIC_Train,MSE_Test_Interpolation,0.6477525118984664
522_pm10,27,MVP,w0.5_0.1_0.9,BIC_Train,MSE_Test_Interpolation,0.40412480169222625
522_pm10,27,MVP,w0.5_0.1_0.9,MDL_Train,MSE_Test_Interpolation,-0.5492860920148069
522_pm10,27,MVP,w0.5_0.1_0.9,PSM_Train,MSE_Test_Interpolation,0.1185616076150185
522_pm10,27,MVP,w0.5_0.1_0.9,MSE_Train,MSE_Test_Extrapolation,0.300423056583818
522_pm10,27,MVP,w0.5_0.1_0.9,AIC_Train,MSE_Test_Extrapolation,0.30396615547329453
522_pm10,27,MVP,w0.5_0.1_0.9,BIC_Train,MSE_Test_Extrapolation,0.1554204124801692
522_pm10,27,MVP,w0.5_0.1_0.9,MDL_Train,MSE_Test_Extrapolation,-0.29397144368059225
522_pm10,27,MVP,w0.5_0.1_0.9,PSM_Train,MSE_Test_Extrapolation,0.09867794817556846
522_pm10,28,MVP,w0.5_0.1_0.9,MSE_Train,MSE_Test_Interpolation,0.22245322245322244
522_pm10,28,MVP,w0.5_0.1_0.9,AIC_Train,MSE_Test_Interpolation,0.2386475544370281
522_pm10,28,MVP,w0.5_0.1_0.9,BIC_Train,MSE_Test_Interpolation,0.20844731371047162
522_pm10,28,MVP,w0.5_0.1_0.9,MDL_Train,MSE_Test_Interpolation,-0.2401794507057665
522_pm10,28,MVP,w0.5_0.1_0.9,PSM_Train,MSE_Test_Interpolation,-0.20319509793194004
522_pm10,28,MVP,w0.5_0.1_0.9,MSE_Train,MSE_Test_Extrapolation,0.5402122770543824
522_pm10,28,MVP,w0.5_0.1_0.9,AIC_Train,MSE_Test_Extrapolation,0.5756647335594703
522_pm10,28,MVP,w0.5_0.1_0.9,BIC_Train,MSE_Test_Extrapolation,0.3990589780063465
522_pm10,28,MVP,w0.5_0.1_0.9,MDL_Train,MSE_Test_Extrapolation,-0.512856986541197
522_pm10,28,MVP,w0.5_0.1_0.9,PSM_Train,MSE_Test_Extrapolation,0.06291716818032607
522_pm10,29,MVP,w0.5_0.1_0.9,MSE_Train,MSE_Test_Interpolation,0.3863636363636363
522_pm10,29,MVP,w0.5_0.1_0.9,AIC_Train,MSE_Test_Interpolation,0.3717008797653959
522_pm10,29,MVP,w0.5_0.1_0.9,BIC_Train,MSE_Test_Interpolation,0.3020527859237536
522_pm10,29,MVP,w0.5_0.1_0.9,MDL_Train,MSE_Test_Interpolation,-0.36510263929618764
522_pm10,29,MVP,w0.5_0.1_0.9,PSM_Train,MSE_Test_Interpolation,-0.028592375366568914
522_pm10,29,MVP,w0.5_0.1_0.9,MSE_Train,MSE_Test_Extrapolation,0.877565982404692
522_pm10,29,MVP,w0.5_0.1_0.9,AIC_Train,MSE_Test_Extrapolation,0.8812316715542521
522_pm10,29,MVP,w0.5_0.1_0.9,BIC_Train,MSE_Test_Extrapolation,0.7280058651026392
522_pm10,29,MVP,w0.5_0.1_0.9,MDL_Train,MSE_Test_Extrapolation,-0.8804985337243401
522_pm10,29,MVP,w0.5_0.1_0.9,PSM_Train,MSE_Test_Extrapolation,0.2653958944281525
522_pm10,30,MVP,w0.5_0.1_0.9,MSE_Train,MSE_Test_Interpolation,0.7540616246498599
522_pm10,30,MVP,w0.5_0.1_0.9,AIC_Train,MSE_Test_Interpolation,0.8901960784313727
522_pm10,30,MVP,w0.5_0.1_0.9,BIC_Train,MSE_Test_Interpolation,0.6156862745098038
522_pm10,30,MVP,w0.5_0.1_0.9,MDL_Train,MSE_Test_Interpolation,-0.7434173669467788
522_pm10,30,MVP,w0.5_0.1_0.9,PSM_Train,MSE_Test_Interpolation,0.028011204481792715
522_pm10,30,MVP,w0.5_0.1_0.9,MSE_Train,MSE_Test_Extrapolation,0.5683473389355742
522_pm10,30,MVP,w0.5_0.1_0.9,AIC_Train,MSE_Test_Extrapolation,0.45014005602240903
522_pm10,30,MVP,w0.5_0.1_0.9,BIC_Train,MSE_Test_Extrapolation,0.14929971988795518
522_pm10,30,MVP,w0.5_0.1_0.9,MDL_Train,MSE_Test_Extrapolation,-0.5453781512605043
522_pm10,30,MVP,w0.5_0.1_0.9,PSM_Train,MSE_Test_Extrapolation,-0.10140056022408965
