Dataset,Run,Method,Weight,Metric,Test_Metric,Spearman
227_cpu_small,1,SVP,w0.4_0.5_1.0,MSE_Train,MSE_Test_Interpolation,0.45993722717269736
227_cpu_small,1,SVP,w0.4_0.5_1.0,AIC_Train,MSE_Test_Interpolation,0.5571268804790936
227_cpu_small,1,SVP,w0.4_0.5_1.0,BIC_Train,MSE_Test_Interpolation,0.5544572315018578
227_cpu_small,1,SVP,w0.4_0.5_1.0,MDL_Train,MSE_Test_Interpolation,0.5465204372452107
227_cpu_small,1,SVP,w0.4_0.5_1.0,PSM_Train,MSE_Test_Interpolation,0.21475856350108932
227_cpu_small,1,SVP,w0.4_0.5_1.0,MSE_Train,MSE_Test_Extrapolation,0.22082326202243943
227_cpu_small,1,SVP,w0.4_0.5_1.0,AIC_Train,MSE_Test_Extrapolation,0.32522818283487853
227_cpu_small,1,SVP,w0.4_0.5_1.0,BIC_Train,MSE_Test_Extrapolation,0.3243623507341534
227_cpu_small,1,SVP,w0.4_0.5_1.0,MDL_Train,MSE_Test_Extrapolation,0.33013456473898767
227_cpu_small,1,SVP,w0.4_0.5_1.0,PSM_Train,MSE_Test_Extrapolation,-0.03279279929825133
227_cpu_small,2,SVP,w0.4_0.5_1.0,MSE_Train,MSE_Test_Interpolation,0.903577430972389
227_cpu_small,2,SVP,w0.4_0.5_1.0,AIC_Train,MSE_Test_Interpolation,0.9695558223289316
227_cpu_small,2,SVP,w0.4_0.5_1.0,BIC_Train,MSE_Test_Interpolation,0.9668667466986793
227_cpu_small,2,SVP,w0.4_0.5_1.0,MDL_Train,MSE_Test_Interpolation,0.9623529411764705
227_cpu_small,2,SVP,w0.4_0.5_1.0,PSM_Train,MSE_Test_Interpolation,0.55937575030012
227_cpu_small,2,SVP,w0.4_0.5_1.0,MSE_Train,MSE_Test_Extrapolation,0.6625210084033613
227_cpu_small,2,SVP,w0.4_0.5_1.0,AIC_Train,MSE_Test_Extrapolation,0.6254501800720288
227_cpu_small,2,SVP,w0.4_0.5_1.0,BIC_Train,MSE_Test_Extrapolation,0.6266026410564225
227_cpu_small,2,SVP,w0.4_0.5_1.0,MDL_Train,MSE_Test_Extrapolation,0.658295318127251
227_cpu_small,2,SVP,w0.4_0.5_1.0,PSM_Train,MSE_Test_Extrapolation,0.33262905162064826
227_cpu_small,3,SVP,w0.4_0.5_1.0,MSE_Train,MSE_Test_Interpolation,0.9273410799726589
227_cpu_small,3,SVP,w0.4_0.5_1.0,AIC_Train,MSE_Test_Interpolation,0.948257006151743
227_cpu_small,3,SVP,w0.4_0.5_1.0,BIC_Train,MSE_Test_Interpolation,0.9469583048530418
227_cpu_small,3,SVP,w0.4_0.5_1.0,MDL_Train,MSE_Test_Interpolation,0.9367737525632263
227_cpu_small,3,SVP,w0.4_0.5_1.0,PSM_Train,MSE_Test_Interpolation,0.6840738209159263
227_cpu_small,3,SVP,w0.4_0.5_1.0,MSE_Train,MSE_Test_Extrapolation,0.4671907040328093
227_cpu_small,3,SVP,w0.4_0.5_1.0,AIC_Train,MSE_Test_Extrapolation,0.4960355434039645
227_cpu_small,3,SVP,w0.4_0.5_1.0,BIC_Train,MSE_Test_Extrapolation,0.49323308270676697
227_cpu_small,3,SVP,w0.4_0.5_1.0,MDL_Train,MSE_Test_Extrapolation,0.5010936431989064
227_cpu_small,3,SVP,w0.4_0.5_1.0,PSM_Train,MSE_Test_Extrapolation,0.24176349965823654
227_cpu_small,4,SVP,w0.4_0.5_1.0,MSE_Train,MSE_Test_Interpolation,0.5965853290020398
227_cpu_small,4,SVP,w0.4_0.5_1.0,AIC_Train,MSE_Test_Interpolation,0.6297247614011231
227_cpu_small,4,SVP,w0.4_0.5_1.0,BIC_Train,MSE_Test_Interpolation,0.6289189393367077
227_cpu_small,4,SVP,w0.4_0.5_1.0,MDL_Train,MSE_Test_Interpolation,0.5877212862934703
227_cpu_small,4,SVP,w0.4_0.5_1.0,PSM_Train,MSE_Test_Interpolation,0.4439827755533731
227_cpu_small,4,SVP,w0.4_0.5_1.0,MSE_Train,MSE_Test_Extrapolation,-0.5542796706202311
227_cpu_small,4,SVP,w0.4_0.5_1.0,AIC_Train,MSE_Test_Extrapolation,-0.5469769081614666
227_cpu_small,4,SVP,w0.4_0.5_1.0,BIC_Train,MSE_Test_Extrapolation,-0.5478330941049079
227_cpu_small,4,SVP,w0.4_0.5_1.0,MDL_Train,MSE_Test_Extrapolation,-0.5678779179572411
227_cpu_small,4,SVP,w0.4_0.5_1.0,PSM_Train,MSE_Test_Extrapolation,-0.4709778147112891
227_cpu_small,5,SVP,w0.4_0.5_1.0,MSE_Train,MSE_Test_Interpolation,0.9242979242979243
227_cpu_small,5,SVP,w0.4_0.5_1.0,AIC_Train,MSE_Test_Interpolation,0.9365079365079364
227_cpu_small,5,SVP,w0.4_0.5_1.0,BIC_Train,MSE_Test_Interpolation,0.9365079365079364
227_cpu_small,5,SVP,w0.4_0.5_1.0,MDL_Train,MSE_Test_Interpolation,0.9432234432234432
227_cpu_small,5,SVP,w0.4_0.5_1.0,PSM_Train,MSE_Test_Interpolation,0.3455433455433455
227_cpu_small,5,SVP,w0.4_0.5_1.0,MSE_Train,MSE_Test_Extrapolation,0.7936507936507936
227_cpu_small,5,SVP,w0.4_0.5_1.0,AIC_Train,MSE_Test_Extrapolation,0.788156288156288
227_cpu_small,5,SVP,w0.4_0.5_1.0,BIC_Train,MSE_Test_Extrapolation,0.788156288156288
227_cpu_small,5,SVP,w0.4_0.5_1.0,MDL_Train,MSE_Test_Extrapolation,0.7924297924297924
227_cpu_small,5,SVP,w0.4_0.5_1.0,PSM_Train,MSE_Test_Extrapolation,0.2442002442002442
227_cpu_small,6,SVP,w0.4_0.5_1.0,MSE_Train,MSE_Test_Interpolation,0.8935679350333754
227_cpu_small,6,SVP,w0.4_0.5_1.0,AIC_Train,MSE_Test_Interpolation,0.9868344150850534
227_cpu_small,6,SVP,w0.4_0.5_1.0,BIC_Train,MSE_Test_Interpolation,0.9816666153988127
227_cpu_small,6,SVP,w0.4_0.5_1.0,MDL_Train,MSE_Test_Interpolation,0.8473038235565535
227_cpu_small,6,SVP,w0.4_0.5_1.0,PSM_Train,MSE_Test_Interpolation,0.6087852594666093
227_cpu_small,6,SVP,w0.4_0.5_1.0,MSE_Train,MSE_Test_Extrapolation,0.8438586237657264
227_cpu_small,6,SVP,w0.4_0.5_1.0,AIC_Train,MSE_Test_Extrapolation,0.7760004921713988
227_cpu_small,6,SVP,w0.4_0.5_1.0,BIC_Train,MSE_Test_Extrapolation,0.7822756775046911
227_cpu_small,6,SVP,w0.4_0.5_1.0,MDL_Train,MSE_Test_Extrapolation,0.9112245839613646
227_cpu_small,6,SVP,w0.4_0.5_1.0,PSM_Train,MSE_Test_Extrapolation,0.673259712694946
227_cpu_small,7,SVP,w0.4_0.5_1.0,MSE_Train,MSE_Test_Interpolation,0.9775898520084565
227_cpu_small,7,SVP,w0.4_0.5_1.0,AIC_Train,MSE_Test_Interpolation,0.9857646229739253
227_cpu_small,7,SVP,w0.4_0.5_1.0,BIC_Train,MSE_Test_Interpolation,0.9832276250880901
227_cpu_small,7,SVP,w0.4_0.5_1.0,MDL_Train,MSE_Test_Interpolation,0.8188865398167724
227_cpu_small,7,SVP,w0.4_0.5_1.0,PSM_Train,MSE_Test_Interpolation,0.7278365045806906
227_cpu_small,7,SVP,w0.4_0.5_1.0,MSE_Train,MSE_Test_Extrapolation,0.545031712473573
227_cpu_small,7,SVP,w0.4_0.5_1.0,AIC_Train,MSE_Test_Extrapolation,0.5713883016208597
227_cpu_small,7,SVP,w0.4_0.5_1.0,BIC_Train,MSE_Test_Extrapolation,0.5636363636363636
227_cpu_small,7,SVP,w0.4_0.5_1.0,MDL_Train,MSE_Test_Extrapolation,0.7832276250880902
227_cpu_small,7,SVP,w0.4_0.5_1.0,PSM_Train,MSE_Test_Extrapolation,0.23904157857646227
227_cpu_small,8,SVP,w0.4_0.5_1.0,MSE_Train,MSE_Test_Interpolation,0.9322386679000925
227_cpu_small,8,SVP,w0.4_0.5_1.0,AIC_Train,MSE_Test_Interpolation,0.9857770582793709
227_cpu_small,8,SVP,w0.4_0.5_1.0,BIC_Train,MSE_Test_Interpolation,0.9857770582793709
227_cpu_small,8,SVP,w0.4_0.5_1.0,MDL_Train,MSE_Test_Interpolation,0.9737511563367253
227_cpu_small,8,SVP,w0.4_0.5_1.0,PSM_Train,MSE_Test_Interpolation,0.6204902867715079
227_cpu_small,8,SVP,w0.4_0.5_1.0,MSE_Train,MSE_Test_Extrapolation,0.8198427382053655
227_cpu_small,8,SVP,w0.4_0.5_1.0,AIC_Train,MSE_Test_Extrapolation,0.8858695652173914
227_cpu_small,8,SVP,w0.4_0.5_1.0,BIC_Train,MSE_Test_Extrapolation,0.8858695652173914
227_cpu_small,8,SVP,w0.4_0.5_1.0,MDL_Train,MSE_Test_Extrapolation,0.8857539315448659
227_cpu_small,8,SVP,w0.4_0.5_1.0,PSM_Train,MSE_Test_Extrapolation,0.48901480111008333
227_cpu_small,9,SVP,w0.4_0.5_1.0,MSE_Train,MSE_Test_Interpolation,0.9548432741702298
227_cpu_small,9,SVP,w0.4_0.5_1.0,AIC_Train,MSE_Test_Interpolation,0.9822203082223384
227_cpu_small,9,SVP,w0.4_0.5_1.0,BIC_Train,MSE_Test_Interpolation,0.9798209726537266
227_cpu_small,9,SVP,w0.4_0.5_1.0,MDL_Train,MSE_Test_Interpolation,0.9336799040265773
227_cpu_small,9,SVP,w0.4_0.5_1.0,PSM_Train,MSE_Test_Interpolation,0.668276477283214
227_cpu_small,9,SVP,w0.4_0.5_1.0,MSE_Train,MSE_Test_Extrapolation,0.8237411178442894
227_cpu_small,9,SVP,w0.4_0.5_1.0,AIC_Train,MSE_Test_Extrapolation,0.8671137223538098
227_cpu_small,9,SVP,w0.4_0.5_1.0,BIC_Train,MSE_Test_Extrapolation,0.8645298225106893
227_cpu_small,9,SVP,w0.4_0.5_1.0,MDL_Train,MSE_Test_Extrapolation,0.8706819649943094
227_cpu_small,9,SVP,w0.4_0.5_1.0,PSM_Train,MSE_Test_Extrapolation,0.5383432280291612
227_cpu_small,10,SVP,w0.4_0.5_1.0,MSE_Train,MSE_Test_Interpolation,0.7358490566037734
227_cpu_small,10,SVP,w0.4_0.5_1.0,AIC_Train,MSE_Test_Interpolation,0.9653897465218217
227_cpu_small,10,SVP,w0.4_0.5_1.0,BIC_Train,MSE_Test_Interpolation,0.9641700019058509
227_cpu_small,10,SVP,w0.4_0.5_1.0,MDL_Train,MSE_Test_Interpolation,0.8193253287592909
227_cpu_small,10,SVP,w0.4_0.5_1.0,PSM_Train,MSE_Test_Interpolation,0.46826758147512854
227_cpu_small,10,SVP,w0.4_0.5_1.0,MSE_Train,MSE_Test_Extrapolation,0.7783876500857633
227_cpu_small,10,SVP,w0.4_0.5_1.0,AIC_Train,MSE_Test_Extrapolation,0.5076043453401943
227_cpu_small,10,SVP,w0.4_0.5_1.0,BIC_Train,MSE_Test_Extrapolation,0.5107299409186201
227_cpu_small,10,SVP,w0.4_0.5_1.0,MDL_Train,MSE_Test_Extrapolation,0.43823137030684195
227_cpu_small,10,SVP,w0.4_0.5_1.0,PSM_Train,MSE_Test_Extrapolation,0.5636363636363636
227_cpu_small,11,SVP,w0.4_0.5_1.0,MSE_Train,MSE_Test_Interpolation,-0.4759728082512893
227_cpu_small,11,SVP,w0.4_0.5_1.0,AIC_Train,MSE_Test_Interpolation,-0.46533052039381156
227_cpu_small,11,SVP,w0.4_0.5_1.0,BIC_Train,MSE_Test_Interpolation,-0.46694796061884675
227_cpu_small,11,SVP,w0.4_0.5_1.0,MDL_Train,MSE_Test_Interpolation,-0.5178856071261135
227_cpu_small,11,SVP,w0.4_0.5_1.0,PSM_Train,MSE_Test_Interpolation,-0.5872948898265353
227_cpu_small,11,SVP,w0.4_0.5_1.0,MSE_Train,MSE_Test_Extrapolation,0.5084622597280826
227_cpu_small,11,SVP,w0.4_0.5_1.0,AIC_Train,MSE_Test_Extrapolation,0.49442100328176286
227_cpu_small,11,SVP,w0.4_0.5_1.0,BIC_Train,MSE_Test_Extrapolation,0.496671354899203
227_cpu_small,11,SVP,w0.4_0.5_1.0,MDL_Train,MSE_Test_Extrapolation,0.47906704172526954
227_cpu_small,11,SVP,w0.4_0.5_1.0,PSM_Train,MSE_Test_Extrapolation,0.5564228785747773
227_cpu_small,12,SVP,w0.4_0.5_1.0,MSE_Train,MSE_Test_Interpolation,0.9669856459330144
227_cpu_small,12,SVP,w0.4_0.5_1.0,AIC_Train,MSE_Test_Interpolation,0.9807928913192072
227_cpu_small,12,SVP,w0.4_0.5_1.0,BIC_Train,MSE_Test_Interpolation,0.9816814764183186
227_cpu_small,12,SVP,w0.4_0.5_1.0,MDL_Train,MSE_Test_Interpolation,0.9318523581681477
227_cpu_small,12,SVP,w0.4_0.5_1.0,PSM_Train,MSE_Test_Interpolation,0.6831852358168149
227_cpu_small,12,SVP,w0.4_0.5_1.0,MSE_Train,MSE_Test_Extrapolation,-0.4850307587149692
227_cpu_small,12,SVP,w0.4_0.5_1.0,AIC_Train,MSE_Test_Extrapolation,-0.5075871496924128
227_cpu_small,12,SVP,w0.4_0.5_1.0,BIC_Train,MSE_Test_Extrapolation,-0.5091592617908408
227_cpu_small,12,SVP,w0.4_0.5_1.0,MDL_Train,MSE_Test_Extrapolation,-0.5644565960355434
227_cpu_small,12,SVP,w0.4_0.5_1.0,PSM_Train,MSE_Test_Extrapolation,-0.5956254272043747
227_cpu_small,13,SVP,w0.4_0.5_1.0,MSE_Train,MSE_Test_Interpolation,0.38840579710144923
227_cpu_small,13,SVP,w0.4_0.5_1.0,AIC_Train,MSE_Test_Interpolation,0.3968379446640316
227_cpu_small,13,SVP,w0.4_0.5_1.0,BIC_Train,MSE_Test_Interpolation,0.395125164690382
227_cpu_small,13,SVP,w0.4_0.5_1.0,MDL_Train,MSE_Test_Interpolation,0.3322793148880105
227_cpu_small,13,SVP,w0.4_0.5_1.0,PSM_Train,MSE_Test_Interpolation,0.11396574440052701
227_cpu_small,13,SVP,w0.4_0.5_1.0,MSE_Train,MSE_Test_Extrapolation,-0.2598155467720685
227_cpu_small,13,SVP,w0.4_0.5_1.0,AIC_Train,MSE_Test_Extrapolation,-0.2629776021080369
227_cpu_small,13,SVP,w0.4_0.5_1.0,BIC_Train,MSE_Test_Extrapolation,-0.2670619235836627
227_cpu_small,13,SVP,w0.4_0.5_1.0,MDL_Train,MSE_Test_Extrapolation,-0.2847167325428195
227_cpu_small,13,SVP,w0.4_0.5_1.0,PSM_Train,MSE_Test_Extrapolation,-0.466798418972332
227_cpu_small,14,SVP,w0.4_0.5_1.0,MSE_Train,MSE_Test_Interpolation,0.8268848626534191
227_cpu_small,14,SVP,w0.4_0.5_1.0,AIC_Train,MSE_Test_Interpolation,0.8613676212741088
227_cpu_small,14,SVP,w0.4_0.5_1.0,BIC_Train,MSE_Test_Interpolation,0.8469900642898891
227_cpu_small,14,SVP,w0.4_0.5_1.0,MDL_Train,MSE_Test_Interpolation,0.8348918760958505
227_cpu_small,14,SVP,w0.4_0.5_1.0,PSM_Train,MSE_Test_Interpolation,0.5586791350087668
227_cpu_small,14,SVP,w0.4_0.5_1.0,MSE_Train,MSE_Test_Extrapolation,0.7109292811221509
227_cpu_small,14,SVP,w0.4_0.5_1.0,AIC_Train,MSE_Test_Extrapolation,0.725365283459965
227_cpu_small,14,SVP,w0.4_0.5_1.0,BIC_Train,MSE_Test_Extrapolation,0.7281706604324957
227_cpu_small,14,SVP,w0.4_0.5_1.0,MDL_Train,MSE_Test_Extrapolation,0.7231443600233782
227_cpu_small,14,SVP,w0.4_0.5_1.0,PSM_Train,MSE_Test_Extrapolation,0.4465225014611339
227_cpu_small,15,SVP,w0.4_0.5_1.0,MSE_Train,MSE_Test_Interpolation,0.9779596467061017
227_cpu_small,15,SVP,w0.4_0.5_1.0,AIC_Train,MSE_Test_Interpolation,0.9893039461956082
227_cpu_small,15,SVP,w0.4_0.5_1.0,BIC_Train,MSE_Test_Interpolation,0.9850903492423629
227_cpu_small,15,SVP,w0.4_0.5_1.0,MDL_Train,MSE_Test_Interpolation,0.9518677578802366
227_cpu_small,15,SVP,w0.4_0.5_1.0,PSM_Train,MSE_Test_Interpolation,0.5734543391945548
227_cpu_small,15,SVP,w0.4_0.5_1.0,MSE_Train,MSE_Test_Extrapolation,0.21140912405801798
227_cpu_small,15,SVP,w0.4_0.5_1.0,AIC_Train,MSE_Test_Extrapolation,0.23701482862004702
227_cpu_small,15,SVP,w0.4_0.5_1.0,BIC_Train,MSE_Test_Extrapolation,0.20995057126651
227_cpu_small,15,SVP,w0.4_0.5_1.0,MDL_Train,MSE_Test_Extrapolation,0.0850012154606596
227_cpu_small,15,SVP,w0.4_0.5_1.0,PSM_Train,MSE_Test_Extrapolation,-0.18920670934284098
227_cpu_small,16,SVP,w0.4_0.5_1.0,MSE_Train,MSE_Test_Interpolation,-0.20056377730796335
227_cpu_small,16,SVP,w0.4_0.5_1.0,AIC_Train,MSE_Test_Interpolation,-0.2015503875968992
227_cpu_small,16,SVP,w0.4_0.5_1.0,BIC_Train,MSE_Test_Interpolation,-0.2026779422128259
227_cpu_small,16,SVP,w0.4_0.5_1.0,MDL_Train,MSE_Test_Interpolation,-0.22255109231853415
227_cpu_small,16,SVP,w0.4_0.5_1.0,PSM_Train,MSE_Test_Interpolation,-0.35334742776603245
227_cpu_small,16,SVP,w0.4_0.5_1.0,MSE_Train,MSE_Test_Extrapolation,0.8335447498238195
227_cpu_small,16,SVP,w0.4_0.5_1.0,AIC_Train,MSE_Test_Extrapolation,0.8149400986610289
227_cpu_small,16,SVP,w0.4_0.5_1.0,BIC_Train,MSE_Test_Extrapolation,0.8131078224101479
227_cpu_small,16,SVP,w0.4_0.5_1.0,MDL_Train,MSE_Test_Extrapolation,0.8193093727977447
227_cpu_small,16,SVP,w0.4_0.5_1.0,PSM_Train,MSE_Test_Extrapolation,0.5864693446088795
227_cpu_small,17,SVP,w0.4_0.5_1.0,MSE_Train,MSE_Test_Interpolation,-0.2234607016070542
227_cpu_small,17,SVP,w0.4_0.5_1.0,AIC_Train,MSE_Test_Interpolation,-0.11554758178417375
227_cpu_small,17,SVP,w0.4_0.5_1.0,BIC_Train,MSE_Test_Interpolation,-0.11489865251746383
227_cpu_small,17,SVP,w0.4_0.5_1.0,MDL_Train,MSE_Test_Interpolation,-0.14097034011528037
227_cpu_small,17,SVP,w0.4_0.5_1.0,PSM_Train,MSE_Test_Interpolation,-0.28747566515249834
227_cpu_small,17,SVP,w0.4_0.5_1.0,MSE_Train,MSE_Test_Extrapolation,0.6300721456655342
227_cpu_small,17,SVP,w0.4_0.5_1.0,AIC_Train,MSE_Test_Extrapolation,0.6549986639691567
227_cpu_small,17,SVP,w0.4_0.5_1.0,BIC_Train,MSE_Test_Extrapolation,0.657327174867351
227_cpu_small,17,SVP,w0.4_0.5_1.0,MDL_Train,MSE_Test_Extrapolation,0.6802305607512309
227_cpu_small,17,SVP,w0.4_0.5_1.0,PSM_Train,MSE_Test_Extrapolation,0.5158987670343932
227_cpu_small,18,SVP,w0.4_0.5_1.0,MSE_Train,MSE_Test_Interpolation,-0.39365064389829707
227_cpu_small,18,SVP,w0.4_0.5_1.0,AIC_Train,MSE_Test_Interpolation,-0.18672666978211327
227_cpu_small,18,SVP,w0.4_0.5_1.0,BIC_Train,MSE_Test_Interpolation,-0.18638702951775615
227_cpu_small,18,SVP,w0.4_0.5_1.0,MDL_Train,MSE_Test_Interpolation,-0.29317420633048724
227_cpu_small,18,SVP,w0.4_0.5_1.0,PSM_Train,MSE_Test_Interpolation,-0.49516486626727674
227_cpu_small,18,SVP,w0.4_0.5_1.0,MSE_Train,MSE_Test_Extrapolation,-0.40565120996273407
227_cpu_small,18,SVP,w0.4_0.5_1.0,AIC_Train,MSE_Test_Extrapolation,-0.20846364670096884
227_cpu_small,18,SVP,w0.4_0.5_1.0,BIC_Train,MSE_Test_Extrapolation,-0.20721829906499273
227_cpu_small,18,SVP,w0.4_0.5_1.0,MDL_Train,MSE_Test_Extrapolation,-0.15079013160998161
227_cpu_small,18,SVP,w0.4_0.5_1.0,PSM_Train,MSE_Test_Extrapolation,-0.48071135430916556
227_cpu_small,19,SVP,w0.4_0.5_1.0,MSE_Train,MSE_Test_Interpolation,0.8533301080470891
227_cpu_small,19,SVP,w0.4_0.5_1.0,AIC_Train,MSE_Test_Interpolation,0.9746815029833898
227_cpu_small,19,SVP,w0.4_0.5_1.0,BIC_Train,MSE_Test_Interpolation,0.9729075955491049
227_cpu_small,19,SVP,w0.4_0.5_1.0,MDL_Train,MSE_Test_Interpolation,0.8557490727302048
227_cpu_small,19,SVP,w0.4_0.5_1.0,PSM_Train,MSE_Test_Interpolation,0.49637155297532654
227_cpu_small,19,SVP,w0.4_0.5_1.0,MSE_Train,MSE_Test_Extrapolation,0.7798742138364779
227_cpu_small,19,SVP,w0.4_0.5_1.0,AIC_Train,MSE_Test_Extrapolation,0.8363167231091759
227_cpu_small,19,SVP,w0.4_0.5_1.0,BIC_Train,MSE_Test_Extrapolation,0.8377681019190453
227_cpu_small,19,SVP,w0.4_0.5_1.0,MDL_Train,MSE_Test_Extrapolation,0.7199645218513143
227_cpu_small,19,SVP,w0.4_0.5_1.0,PSM_Train,MSE_Test_Extrapolation,0.37800354781486856
227_cpu_small,20,SVP,w0.4_0.5_1.0,MSE_Train,MSE_Test_Interpolation,0.9371184371184371
227_cpu_small,20,SVP,w0.4_0.5_1.0,AIC_Train,MSE_Test_Interpolation,0.9505494505494505
227_cpu_small,20,SVP,w0.4_0.5_1.0,BIC_Train,MSE_Test_Interpolation,0.9499389499389499
227_cpu_small,20,SVP,w0.4_0.5_1.0,MDL_Train,MSE_Test_Interpolation,0.9456654456654456
227_cpu_small,20,SVP,w0.4_0.5_1.0,PSM_Train,MSE_Test_Interpolation,0.3614163614163614
227_cpu_small,20,SVP,w0.4_0.5_1.0,MSE_Train,MSE_Test_Extrapolation,0.8333333333333333
227_cpu_small,20,SVP,w0.4_0.5_1.0,AIC_Train,MSE_Test_Extrapolation,0.8205128205128205
227_cpu_small,20,SVP,w0.4_0.5_1.0,BIC_Train,MSE_Test_Extrapolation,0.8211233211233211
227_cpu_small,20,SVP,w0.4_0.5_1.0,MDL_Train,MSE_Test_Extrapolation,0.8199023199023199
227_cpu_small,20,SVP,w0.4_0.5_1.0,PSM_Train,MSE_Test_Extrapolation,0.25335775335775335
227_cpu_small,21,SVP,w0.4_0.5_1.0,MSE_Train,MSE_Test_Interpolation,0.7999092558983668
227_cpu_small,21,SVP,w0.4_0.5_1.0,AIC_Train,MSE_Test_Interpolation,0.9489240342234898
227_cpu_small,21,SVP,w0.4_0.5_1.0,BIC_Train,MSE_Test_Interpolation,0.9395255379828884
227_cpu_small,21,SVP,w0.4_0.5_1.0,MDL_Train,MSE_Test_Interpolation,0.846123930515945
227_cpu_small,21,SVP,w0.4_0.5_1.0,PSM_Train,MSE_Test_Interpolation,0.5057687321752657
227_cpu_small,21,SVP,w0.4_0.5_1.0,MSE_Train,MSE_Test_Extrapolation,0.7384625356494685
227_cpu_small,21,SVP,w0.4_0.5_1.0,AIC_Train,MSE_Test_Extrapolation,0.6443479388125487
227_cpu_small,21,SVP,w0.4_0.5_1.0,BIC_Train,MSE_Test_Extrapolation,0.6585429089966296
227_cpu_small,21,SVP,w0.4_0.5_1.0,MDL_Train,MSE_Test_Extrapolation,0.7296473943479389
227_cpu_small,21,SVP,w0.4_0.5_1.0,PSM_Train,MSE_Test_Extrapolation,0.4386829141820068
227_cpu_small,22,SVP,w0.4_0.5_1.0,MSE_Train,MSE_Test_Interpolation,0.9797122115633914
227_cpu_small,22,SVP,w0.4_0.5_1.0,AIC_Train,MSE_Test_Interpolation,0.994036816178377
227_cpu_small,22,SVP,w0.4_0.5_1.0,BIC_Train,MSE_Test_Interpolation,0.9946849883329012
227_cpu_small,22,SVP,w0.4_0.5_1.0,MDL_Train,MSE_Test_Interpolation,0.723230490018149
227_cpu_small,22,SVP,w0.4_0.5_1.0,PSM_Train,MSE_Test_Interpolation,0.7222582317863625
227_cpu_small,22,SVP,w0.4_0.5_1.0,MSE_Train,MSE_Test_Extrapolation,0.3903292714544983
227_cpu_small,22,SVP,w0.4_0.5_1.0,AIC_Train,MSE_Test_Extrapolation,0.3862457868809956
227_cpu_small,22,SVP,w0.4_0.5_1.0,BIC_Train,MSE_Test_Extrapolation,0.38741249675913925
227_cpu_small,22,SVP,w0.4_0.5_1.0,MDL_Train,MSE_Test_Extrapolation,0.05840031112263417
227_cpu_small,22,SVP,w0.4_0.5_1.0,PSM_Train,MSE_Test_Extrapolation,0.4333030852994556
227_cpu_small,23,SVP,w0.4_0.5_1.0,MSE_Train,MSE_Test_Interpolation,0.7698260073260071
227_cpu_small,23,SVP,w0.4_0.5_1.0,AIC_Train,MSE_Test_Interpolation,0.6914835164835164
227_cpu_small,23,SVP,w0.4_0.5_1.0,BIC_Train,MSE_Test_Interpolation,0.6875457875457874
227_cpu_small,23,SVP,w0.4_0.5_1.0,MDL_Train,MSE_Test_Interpolation,0.7887820512820513
227_cpu_small,23,SVP,w0.4_0.5_1.0,PSM_Train,MSE_Test_Interpolation,0.5260073260073259
227_cpu_small,23,SVP,w0.4_0.5_1.0,MSE_Train,MSE_Test_Extrapolation,0.08855311355311354
227_cpu_small,23,SVP,w0.4_0.5_1.0,AIC_Train,MSE_Test_Extrapolation,0.00989010989010989
227_cpu_small,23,SVP,w0.4_0.5_1.0,BIC_Train,MSE_Test_Extrapolation,0.0017399267399267398
227_cpu_small,23,SVP,w0.4_0.5_1.0,MDL_Train,MSE_Test_Extrapolation,0.20430402930402927
227_cpu_small,23,SVP,w0.4_0.5_1.0,PSM_Train,MSE_Test_Extrapolation,-0.12504578754578755
227_cpu_small,24,SVP,w0.4_0.5_1.0,MSE_Train,MSE_Test_Interpolation,0.884611316763617
227_cpu_small,24,SVP,w0.4_0.5_1.0,AIC_Train,MSE_Test_Interpolation,0.9397673188788999
227_cpu_small,24,SVP,w0.4_0.5_1.0,BIC_Train,MSE_Test_Interpolation,0.9236911686938127
227_cpu_small,24,SVP,w0.4_0.5_1.0,MDL_Train,MSE_Test_Interpolation,0.836964569011105
227_cpu_small,24,SVP,w0.4_0.5_1.0,PSM_Train,MSE_Test_Interpolation,0.5815441565309359
227_cpu_small,24,SVP,w0.4_0.5_1.0,MSE_Train,MSE_Test_Extrapolation,0.21507139079851925
227_cpu_small,24,SVP,w0.4_0.5_1.0,AIC_Train,MSE_Test_Extrapolation,0.1342675832892649
227_cpu_small,24,SVP,w0.4_0.5_1.0,BIC_Train,MSE_Test_Extrapolation,0.16166049709148597
227_cpu_small,24,SVP,w0.4_0.5_1.0,MDL_Train,MSE_Test_Extrapolation,0.30772078265468
227_cpu_small,24,SVP,w0.4_0.5_1.0,PSM_Train,MSE_Test_Extrapolation,-0.04949762030671601
227_cpu_small,25,SVP,w0.4_0.5_1.0,MSE_Train,MSE_Test_Interpolation,0.820397428404442
227_cpu_small,25,SVP,w0.4_0.5_1.0,AIC_Train,MSE_Test_Interpolation,0.9488018702513151
227_cpu_small,25,SVP,w0.4_0.5_1.0,BIC_Train,MSE_Test_Interpolation,0.9469316189362947
227_cpu_small,25,SVP,w0.4_0.5_1.0,MDL_Train,MSE_Test_Interpolation,0.8672706019871421
227_cpu_small,25,SVP,w0.4_0.5_1.0,PSM_Train,MSE_Test_Interpolation,0.591116306253653
227_cpu_small,25,SVP,w0.4_0.5_1.0,MSE_Train,MSE_Test_Extrapolation,-0.32291057860900063
227_cpu_small,25,SVP,w0.4_0.5_1.0,AIC_Train,MSE_Test_Extrapolation,-0.26259497369959095
227_cpu_small,25,SVP,w0.4_0.5_1.0,BIC_Train,MSE_Test_Extrapolation,-0.265458796025716
227_cpu_small,25,SVP,w0.4_0.5_1.0,MDL_Train,MSE_Test_Extrapolation,-0.35014611338398605
227_cpu_small,25,SVP,w0.4_0.5_1.0,PSM_Train,MSE_Test_Extrapolation,-0.5936879018118061
227_cpu_small,26,SVP,w0.4_0.5_1.0,MSE_Train,MSE_Test_Interpolation,0.44550586191923575
227_cpu_small,26,SVP,w0.4_0.5_1.0,AIC_Train,MSE_Test_Interpolation,0.7806122448979592
227_cpu_small,26,SVP,w0.4_0.5_1.0,BIC_Train,MSE_Test_Interpolation,0.7533651758575771
227_cpu_small,26,SVP,w0.4_0.5_1.0,MDL_Train,MSE_Test_Interpolation,0.5414676508901433
227_cpu_small,26,SVP,w0.4_0.5_1.0,PSM_Train,MSE_Test_Interpolation,0.25879287885366914
227_cpu_small,26,SVP,w0.4_0.5_1.0,MSE_Train,MSE_Test_Extrapolation,0.6097481545809813
227_cpu_small,26,SVP,w0.4_0.5_1.0,AIC_Train,MSE_Test_Extrapolation,0.8198002605297438
227_cpu_small,26,SVP,w0.4_0.5_1.0,BIC_Train,MSE_Test_Extrapolation,0.8027572731220147
227_cpu_small,26,SVP,w0.4_0.5_1.0,MDL_Train,MSE_Test_Extrapolation,0.7357794181502388
227_cpu_small,26,SVP,w0.4_0.5_1.0,PSM_Train,MSE_Test_Extrapolation,0.4063178462874512
227_cpu_small,27,SVP,w0.4_0.5_1.0,MSE_Train,MSE_Test_Interpolation,0.5764163372859025
227_cpu_small,27,SVP,w0.4_0.5_1.0,AIC_Train,MSE_Test_Interpolation,0.5893280632411066
227_cpu_small,27,SVP,w0.4_0.5_1.0,BIC_Train,MSE_Test_Interpolation,0.5884057971014491
227_cpu_small,27,SVP,w0.4_0.5_1.0,MDL_Train,MSE_Test_Interpolation,0.5855072463768115
227_cpu_small,27,SVP,w0.4_0.5_1.0,PSM_Train,MSE_Test_Interpolation,0.26060606060606056
227_cpu_small,27,SVP,w0.4_0.5_1.0,MSE_Train,MSE_Test_Extrapolation,0.30052700922266135
227_cpu_small,27,SVP,w0.4_0.5_1.0,AIC_Train,MSE_Test_Extrapolation,0.31159420289855067
227_cpu_small,27,SVP,w0.4_0.5_1.0,BIC_Train,MSE_Test_Extrapolation,0.31159420289855067
227_cpu_small,27,SVP,w0.4_0.5_1.0,MDL_Train,MSE_Test_Extrapolation,0.31067193675889326
227_cpu_small,27,SVP,w0.4_0.5_1.0,PSM_Train,MSE_Test_Extrapolation,0.03768115942028985
227_cpu_small,28,SVP,w0.4_0.5_1.0,MSE_Train,MSE_Test_Interpolation,0.9342847927753588
227_cpu_small,28,SVP,w0.4_0.5_1.0,AIC_Train,MSE_Test_Interpolation,0.9845992581841638
227_cpu_small,28,SVP,w0.4_0.5_1.0,BIC_Train,MSE_Test_Interpolation,0.975084663763909
227_cpu_small,28,SVP,w0.4_0.5_1.0,MDL_Train,MSE_Test_Interpolation,0.8491372359296887
227_cpu_small,28,SVP,w0.4_0.5_1.0,PSM_Train,MSE_Test_Interpolation,0.745041122399613
227_cpu_small,28,SVP,w0.4_0.5_1.0,MSE_Train,MSE_Test_Extrapolation,-0.28269633930011284
227_cpu_small,28,SVP,w0.4_0.5_1.0,AIC_Train,MSE_Test_Extrapolation,-0.28713110788582485
227_cpu_small,28,SVP,w0.4_0.5_1.0,BIC_Train,MSE_Test_Extrapolation,-0.2946298984034833
227_cpu_small,28,SVP,w0.4_0.5_1.0,MDL_Train,MSE_Test_Extrapolation,-0.2913239800032253
227_cpu_small,28,SVP,w0.4_0.5_1.0,PSM_Train,MSE_Test_Extrapolation,-0.4987905176584422
227_cpu_small,29,SVP,w0.4_0.5_1.0,MSE_Train,MSE_Test_Interpolation,0.9169626454378443
227_cpu_small,29,SVP,w0.4_0.5_1.0,AIC_Train,MSE_Test_Interpolation,0.9556294287463913
227_cpu_small,29,SVP,w0.4_0.5_1.0,BIC_Train,MSE_Test_Interpolation,0.9542997113113463
227_cpu_small,29,SVP,w0.4_0.5_1.0,MDL_Train,MSE_Test_Interpolation,0.8777009885399352
227_cpu_small,29,SVP,w0.4_0.5_1.0,PSM_Train,MSE_Test_Interpolation,0.663441518677281
227_cpu_small,29,SVP,w0.4_0.5_1.0,MSE_Train,MSE_Test_Extrapolation,0.6758638789257282
227_cpu_small,29,SVP,w0.4_0.5_1.0,AIC_Train,MSE_Test_Extrapolation,0.7317819963257808
227_cpu_small,29,SVP,w0.4_0.5_1.0,BIC_Train,MSE_Test_Extrapolation,0.7269530224827224
227_cpu_small,29,SVP,w0.4_0.5_1.0,MDL_Train,MSE_Test_Extrapolation,0.7204094129997376
227_cpu_small,29,SVP,w0.4_0.5_1.0,PSM_Train,MSE_Test_Extrapolation,0.4325255883124835
227_cpu_small,30,SVP,w0.4_0.5_1.0,MSE_Train,MSE_Test_Interpolation,0.31777003484320565
227_cpu_small,30,SVP,w0.4_0.5_1.0,AIC_Train,MSE_Test_Interpolation,0.43414634146341474
227_cpu_small,30,SVP,w0.4_0.5_1.0,BIC_Train,MSE_Test_Interpolation,0.43484320557491296
227_cpu_small,30,SVP,w0.4_0.5_1.0,MDL_Train,MSE_Test_Interpolation,0.41376306620209063
227_cpu_small,30,SVP,w0.4_0.5_1.0,PSM_Train,MSE_Test_Interpolation,-0.18275261324041817
227_cpu_small,30,SVP,w0.4_0.5_1.0,MSE_Train,MSE_Test_Extrapolation,0.39930313588850186
227_cpu_small,30,SVP,w0.4_0.5_1.0,AIC_Train,MSE_Test_Extrapolation,0.505226480836237
227_cpu_small,30,SVP,w0.4_0.5_1.0,BIC_Train,MSE_Test_Extrapolation,0.5067944250871081
227_cpu_small,30,SVP,w0.4_0.5_1.0,MDL_Train,MSE_Test_Extrapolation,0.4890243902439025
227_cpu_small,30,SVP,w0.4_0.5_1.0,PSM_Train,MSE_Test_Extrapolation,-0.09181184668989549
