Run,Equation_Index,Hybrid_MSE_Train,Hybrid_AIC_Train,Hybrid_BIC_Train,Hybrid_MDL_Train,Hybrid_PSM_Train,Extrapolation_Divergence,Sensitivity_Interpolation,Sensitivity_Extrapolation,Lambda1,Lambda2,Lambda3,Complexity,MSE_Test_Interpolation,MSE_Test_Extrapolation
1,0,0.9187282286116847,0.8821578422210643,0.8812328840003815,0.8771202716829996,0.0,0.0,0.0,0.0,0.0,0.3,0.0,1,255.55771723636607,1310.0613653974242
1,1,0.8490260170064097,0.8620125430671185,0.8609292382469176,0.8565195751101023,0.02909183120109172,0.09410015139910047,8.329263027050499e-05,0.00010983846297283001,0.0,0.3,0.0,3,237.03784792167585,1223.5456086397571
1,2,0.8067453075221793,0.8492345969978027,0.8480488237075811,0.8438423189382734,0.03811170410288336,0.12364727529617507,0.0010533460604679108,0.00261933166410343,0.0,0.3,0.0,4,225.8945102351237,1220.0473984040823
1,3,0.3478302923874703,0.658546421027469,0.65512447443783,0.6423720203035908,0.9155493193824333,0.1834448994567688,0.31510611482121403,1.0,0.0,0.3,0.0,5,68.35879190383643,257.1114928456474
1,4,0.3478302923874703,0.658546421027469,0.65512447443783,0.6423720203035908,0.09453194602555848,0.1834448994567688,0.31510611482121403,1.0,0.0,0.3,0.0,6,68.35879190383643,257.1114928456474
1,5,0.2558546837081189,0.5663847192821273,0.5626099148719609,0.5492431208949123,0.1768937501924851,0.17619509531072444,0.15775030358936615,0.5245757170834285,0.0,0.3,0.0,7,57.23324197850672,220.7135018084312
1,6,0.20099850444631567,0.4995138844195009,0.4952371436853778,0.4801343018468,0.22873493940786782,0.12398164902906712,0.148022626488456,0.5218667807428687,0.0,0.3,0.0,8,45.02717178553619,259.94764865617964
1,7,0.1537217796385582,0.43512623590921123,0.43046009458112333,0.4145770097455649,0.10110561690546016,0.12346681931464905,0.09874312561736819,0.34807560664274373,0.0,0.3,0.0,10,38.1739369157898,236.30870104284816
1,8,0.12844722905277667,0.3888748027751159,0.38384556367200784,0.36696290738677856,0.09633434643183351,0.12309731657078411,0.09882339411725374,0.34821700627078167,0.0,0.3,0.0,12,32.87352429364309,217.5123948021188
1,9,0.12350449950880679,0.3760095932708505,0.3711615662435486,0.3535156063239739,0.07727352033446987,0.1684237087116343,0.10763122723906987,0.3503621867333721,0.0,0.3,0.0,13,31.403051574678194,125.46565212961444
1,10,0.11038297557765611,0.3500204344869626,0.34468595122706575,0.32702520042553507,0.096804443696489,0.12273671357098981,0.09895717495039635,0.34845267231751165,0.0,0.3,0.0,14,29.12593391909605,203.55872993399163
1,11,0.10843118238633381,0.3431494537919073,0.3380433191538915,0.3198472035609365,0.06345886594770751,0.16214257199818607,0.10770715261327998,0.3505606298281026,0.0,0.3,0.0,15,27.337754517688,97.54316194032158
1,12,0.08916772008893756,0.30857939183850586,0.3029777880252713,0.2848940118480439,0.0892076149023735,0.12296331656481865,0.07425123866143059,0.26143405517213825,0.0,0.3,0.0,16,26.24040515271828,201.17143584849708
1,13,0.08280495022063596,0.28923472183054,0.283768748324873,0.26501264734918983,0.09016703217750932,0.1611313165126435,0.08081389644714365,0.2630149592030252,0.0,0.3,0.0,17,23.181306542836044,87.67724788979918
1,14,0.07339534206596561,0.2782559036817391,0.2724746904018552,0.2542845973538017,0.014885991773657377,0.12097064697909007,0.049467008142974146,0.17423020609758863,0.0,0.3,0.0,18,24.11608584601836,203.4561094436096
1,15,0.0740513732471745,0.2614937433398405,0.25611327974782855,0.2367404166861244,0.10018551758442185,0.1611313165126435,0.08081389644714362,0.2630149592030252,0.0,0.3,0.0,19,21.16371037372821,98.1036444074568
1,16,0.06710910058561152,0.24423167467907791,0.23843127847206547,0.21947417475422376,0.06458231608652928,0.162735533943629,0.07285074532545313,0.23863809091737007,0.0,0.3,0.0,20,19.78269886824836,64.5260971672418
1,17,0.042887028629735965,0.15747446305307286,0.15131741079676805,0.12952613523357548,0.26158247673250584,0.1495600775875892,0.06386991069306054,0.21076424640610184,0.0,0.3,0.0,21,14.531693118210365,75.17436966208031
1,18,0.036433415656410714,0.13884567455672048,0.13256747230662325,0.11096080870638463,0.03821561006270198,0.1470267617786511,0.05323171646565192,0.17565876592600344,0.0,0.3,0.0,23,13.598981060002922,62.072862944864646
1,19,0.03207314043568182,0.12623609253130672,0.11987682156207845,0.09862308648538075,0.028572622747678036,0.14506213296261214,0.04562761895593315,0.15054050643843303,0.0,0.3,0.0,25,13.208269645199175,62.0313365380116
1,20,0.03366199444984262,0.1249245975937557,0.11853701140851897,0.09777724829295825,0.02118366746197692,0.14555550539837403,0.05328165975428432,0.1757599368655883,0.0,0.3,0.0,27,12.924398547713816,58.42023440188756
1,21,0.03324796789864254,0.1229012909779158,0.11680092100505181,0.09627695354271862,0.019017418783721127,0.14603233234235752,0.053264600790158996,0.1757153505376427,0.0,0.3,0.0,29,12.814695151586216,58.43881519405798
1,22,0.02999585452117063,0.11565301574277875,0.10981672291191377,0.08962847114098738,0.020976175036851768,0.1450829811459176,0.045647541175383784,0.15060468371955815,0.0,0.3,0.0,31,12.573285257873293,63.68179113569642
1,23,0.026191476938508287,0.10270470369371956,0.09617452060139851,0.07737574601451407,0.01986720531865572,0.15003267240259538,0.03978035175722623,0.13172508356483986,0.0,0.3,0.0,35,11.909971044628875,61.12110088789822
1,24,0.02425990731992679,0.09185258597910724,0.08523718327679601,0.06663073035102778,0.027576490844846153,0.1489684041606107,0.03978770853624345,0.13174793690901423,0.0,0.3,0.0,37,11.365966133194483,62.46475384118765
1,25,0.023552373328248954,0.0861886378333829,0.07982913972380176,0.06108633874487162,0.029872558537322468,0.1511067257651208,0.04094005380513061,0.13663471712008618,0.0,0.3,0.0,38,11.134855766659465,40.97487414206454
1,26,0.021074993116470646,0.07906329997018642,0.07265992884408146,0.05477629318815129,0.0187999594588779,0.15047363499423708,0.035826184364665586,0.11957143766398363,0.0,0.3,0.0,40,11.071989982846986,38.5294880589448
1,27,0.02188255555789158,0.07786583900632678,0.07114066093373163,0.05440706227042179,0.014144572722074594,0.1498263893614054,0.0397916146852794,0.13176061451703228,0.0,0.3,0.0,43,10.769620913404868,58.539950291056016
1,28,0.02166119903994268,0.07653834320923816,0.06980278438488034,0.05302935260881522,0.015752634183111763,0.1496988136250213,0.039783129120285275,0.13175623482134474,0.0,0.3,0.0,44,10.703575676238296,58.3734649333755
1,29,0.020050359349206136,0.07346705367787786,0.06671775483006295,0.05095221577145203,0.01566460378552688,0.14933470622549586,0.035373320750946284,0.11713402219459856,0.0,0.3,0.0,45,10.76845482458254,55.0683065708654
1,30,0.019828072568015852,0.07219106183747519,0.06573479600334703,0.05032627901165438,0.01257392840629237,0.14933470622549586,0.035373320750946284,0.11713402219459856,0.0,0.3,0.0,47,10.709673266989371,54.993737770558624
1,31,0.019325285258582497,0.06899482353809483,0.06221041539584457,0.047149941136866706,0.019566474549293136,0.15005310310925074,0.03537399303768569,0.11713828662819421,0.0,0.3,0.0,48,10.5750553844074,53.83168721504256
1,32,0.018804745588729965,0.06581644050129798,0.05931011443655361,0.04826302808937077,0.01179323430823234,0.14964680519280665,0.03538290997434222,0.11720432864368706,0.0,0.3,0.0,56,10.489981556813106,54.776031949927926
1,33,0.01885225912421269,0.06452080948979888,0.06042549449621554,0.057923176292078965,0.01134461706500466,0.14951450246147996,0.036834244710848285,0.11756277820340581,0.0,0.3,0.0,80,10.470259567641872,55.97628747724265
1,34,0.00955446760496256,0.0542981950915754,0.05140616193401239,0.05077399706699536,0.0026196457216396602,0.9096222032910608,0.006639781828012866,1.0,0.0,0.3,0.0,87,10.534881546483875,39.98854632020439
1,35,0.008591672625274487,0.04996602446768007,0.04704265092894149,0.04724871995182527,0.00739843351701143,0.9096734549357306,0.005497643345991351,1.0,0.0,0.3,0.0,89,10.490523220278748,37.31034904785884
1,36,0.009030386364241326,0.0474334551520888,0.04478548198317089,0.04479049579392909,0.004725875660617622,0.8999447079012535,0.008806613516272424,1.0,0.0,0.3,0.0,94,10.348290556321915,38.96562986543632
1,37,0.009139060689480732,0.0468190597037614,0.0432555177404779,0.04478566158973476,0.0031404620980875217,0.15883691668685504,0.00944005444759348,0.6082160536956838,0.0,0.3,0.0,99,9.676756284877628,28.80873038614332
1,38,0.008107618402229925,0.04471591772446269,0.03993067207044322,0.031089317223988847,0.0031357106199145553,0.8949669358120355,0.006425643893937428,1.0,0.0,0.3,0.0,101,10.39376144288316,39.69788807162397
1,39,0.009326567974443579,0.04654379902242757,0.043884871125638936,0.048789001797189015,0.0031861903727890394,0.15989303599087507,0.010501359487467743,0.6678552770305883,0.0,0.3,0.0,103,9.621283633950286,30.16604623416908
1,40,0.008857967663997572,0.04363141903394374,0.04125281903415422,0.047667470137436115,0.007430392740771868,0.15893172522461668,0.01043653873716423,0.6689153147744826,0.0,0.3,0.0,105,9.558894500591956,29.85757690263597
1,41,0.007656422885424214,0.04097470548258721,0.03918862574358925,0.04642080961861588,0.004984778792006927,0.15956345086991194,0.00738667620458781,0.5941096594957236,0.0,0.3,0.0,107,9.614178354431733,33.596463768622485
1,42,0.006872575156374255,0.03881122032402782,0.03670937130648617,0.04564922305575974,0.002747486543889783,0.16591298984857808,0.005521796190053456,0.5974735036547282,0.0,0.3,0.0,111,9.520397420057478,34.10198978476532
1,43,0.006591168412505888,0.03700604253167426,0.034587277983018735,0.04353658051737075,0.004045893178749367,0.16461547005839672,0.0054094161160893215,0.5972972838543182,0.0,0.3,0.0,113,9.409518080923842,36.36550301373386
1,44,0.006463967960702224,0.03627544153603226,0.0344570897959513,0.04461909776414619,0.0025122287233210043,0.16321482490488898,0.005434006329468062,0.597453607914787,0.0,0.3,0.0,116,9.455838058893764,36.08843678457544
1,45,0.006349017887186123,0.035828194897297334,0.03400676287729871,0.044499294898972676,0.0021329647238727246,0.1642461299035838,0.00524053486263331,0.5969303654309528,0.0,0.3,0.0,118,9.42573032949691,36.04497991336065
1,46,0.00633003171481369,0.03382356699156206,0.032892765425957066,0.043151442109579025,0.009544501889644851,0.1102836159793992,0.006456518131484958,0.02007523719423853,0.0,0.3,0.0,119,9.598095656665391,46.03110724063755
1,47,0.006281175962892092,0.03355336984841577,0.03292352823770414,0.044147046408347,0.002465293729351294,0.11024301399330087,0.006469104441668485,0.020059740399448002,0.0,0.3,0.0,121,9.576857684757174,46.172912047325184
1,48,0.005494707773362988,0.02999789306390564,0.02873668778576134,0.0389345995445459,0.01031635195601578,0.10892661711533921,0.005297512075390873,0.01650723031736305,0.0,0.3,0.0,122,9.504008716397903,43.969966865346535
1,49,0.005294497721544281,0.028678568305040588,0.027710141683645214,0.03918205514569257,0.003614458311907852,0.1089266171153392,0.005297512075390873,0.01650723031736305,0.0,0.3,0.0,124,9.460299504823372,43.90884118551338
1,50,0.0054252527852544806,0.028637094390417575,0.02766708925946563,0.03914479407388351,0.0023273641308630346,0.1094733867651386,0.00582845018126615,0.01812809120281603,0.0,0.3,0.0,125,9.414123285537082,33.71195642425942
1,51,0.005127924087843652,0.02644965569926862,0.0254623733543834,0.038585135922347996,0.008107357249043694,0.10809114368509849,0.005874871196506989,0.01837969758822758,0.0,0.3,0.0,126,9.393927368106734,34.12512244265142
1,52,0.004769129578158903,0.02488086925004823,0.023882552020072677,0.03732018786263488,0.005658211742580379,0.10735021852766317,0.005337785122872907,0.01673107866925162,0.0,0.3,0.0,127,9.369887104655866,36.60805310587642
1,53,0.00445471533333197,0.02296101513541634,0.023765765585186175,0.0460163590333937,0.0020336343340478244,0.11134968198342947,0.005448170767242877,0.016739642321020022,0.0,0.3,0.0,145,9.346762811936154,46.05547122644421
1,54,0.004453223015973094,0.02304029767588911,0.024148843762116855,0.04709007394654403,0.0016499913922235969,0.11134968198342947,0.005448170767242877,0.01673964232102003,0.0,0.3,0.0,147,9.346276427455145,46.03831863341519
2,0,0.9573109778095157,0.8926967947352175,0.8918545723482778,0.8880582138336627,0.0,0.0,0.0,0.0,0.0,0.3,0.0,1,222.6864925921627,1403.192237348839
2,1,0.8962335813443232,0.8758793869136757,0.8749049677819931,0.8709121909694161,0.024355902581145124,0.09446177315543527,8.373978300297374e-05,0.00011431080981810001,0.0,0.3,0.0,3,208.93296326121063,1348.8525393392188
2,2,0.8329925381491374,0.8573908558073795,0.8562689808338326,0.852306566745919,0.054448290843973464,0.1363960543116488,0.0010926115668664941,0.0028381720905722298,0.0,0.3,0.0,4,195.39269782999176,1206.3210252721508
2,3,0.3528285595717055,0.6635544703687865,0.6601315968880127,0.6473755474773998,0.9445334306890412,0.22322353276077123,0.33219807624365044,1.0,0.0,0.3,0.0,5,68.4732427053786,256.57218536759825
2,4,0.25776258556611065,0.5682295898621279,0.5644490776759908,0.5510606890335897,0.11554426145603669,0.2142272147345977,0.16630588927126874,0.6217967087914452,0.0,0.3,0.0,7,57.87195229681685,215.38200415785303
2,5,0.23844086246425303,0.5461322380917801,0.5421757603343557,0.528811029177972,0.1150512503201338,0.1970269454029264,0.1674162321074607,0.6263155522222071,0.0,0.3,0.0,8,55.29376314486826,166.55243618744566
2,6,0.13150916254228334,0.3717623652057842,0.3667387678679943,0.34787309299557956,0.5536038454091293,0.17458338736937104,0.16804040671354167,0.6264077128243816,0.0,0.3,0.0,9,26.51403585767104,105.35146769110511
2,7,0.09257791796531675,0.29826451320327707,0.2927957975443227,0.272777425754742,0.11535561873964215,0.17030311293625547,0.11209042662389324,0.4177887210729988,0.0,0.3,0.0,11,21.18923456107312,89.56014051414432
2,8,0.07155888403674696,0.2511620658314865,0.24538948328242757,0.22455991834840308,0.08105300250129012,0.16920024160740607,0.08410596019270171,0.3134107772224909,0.0,0.3,0.0,13,18.06246911444192,91.38862576739108
2,9,0.06021696955396126,0.21077007183564184,0.20468039700109403,0.18308749459720491,0.08355942978823144,0.16539665033966847,0.08416484835892632,0.31350988709402566,0.0,0.3,0.0,15,15.35120190200793,80.11050906526559
2,10,0.04800859768228751,0.17570162566703723,0.16967720855857388,0.1478442343651577,0.06418611986386318,0.1604311281175424,0.06829344644130497,0.2541647054662562,0.0,0.3,0.0,17,13.980402263884187,51.437263881767066
2,11,0.04186092142820721,0.1539203173591519,0.1477379465915124,0.12553309998754406,0.04782648819251009,0.15619868341422788,0.06277395136834356,0.23315011361927004,0.0,0.3,0.0,19,12.956834374089883,49.0953149747622
2,12,0.03796576049029973,0.1446992966368544,0.13876673999970549,0.11862523249654615,0.02300123619865052,0.16287860526434972,0.05465207686708473,0.2033861423488999,0.0,0.3,0.0,22,12.81604510011702,46.57973309673769
2,13,0.03303737035348316,0.12558106481693065,0.11950884411374474,0.0974731885013963,0.06635058130363983,0.15865041166998403,0.050235947013331804,0.18657247294277418,0.0,0.3,0.0,23,11.958180289948547,44.07665341994071
2,14,0.02939437000690953,0.10655563256366903,0.1003345394352898,0.07890945759904527,0.04234616989825106,0.16278032246016902,0.05004141720415438,0.18605059751268566,0.0,0.3,0.0,25,11.356901634932935,42.04350925214666
2,15,0.024170860960350506,0.08867214184183349,0.08233029860264253,0.06088364320867315,0.03468561144283569,0.1652832518556667,0.04171380703481612,0.1550807227338826,0.0,0.3,0.0,27,10.941663870430943,40.66186747154597
2,16,0.021438387535678644,0.08132995347553512,0.07494451027866682,0.054300897577204264,0.018735086373560438,0.16414168624844508,0.03575902843837022,0.13294558057883582,0.0,0.3,0.0,29,10.768417201216828,36.457875024176296
2,17,0.02110951233481871,0.07936361241898321,0.0729627100862795,0.052524602425409225,0.013563665553321676,0.1714891361092385,0.03576338659806567,0.13294917468008768,0.0,0.3,0.0,31,10.695631949224452,40.707938968005806
2,18,0.018906370591499723,0.07281284076392716,0.06637104834068555,0.046773670551691626,0.01689898094212118,0.17029159518837195,0.031296392996610384,0.1163460044530692,0.0,0.3,0.0,33,10.54702210492674,36.69144427721985
2,19,0.016709176296193833,0.06642861010554492,0.059947577509666186,0.04184998792844487,0.009805004764118224,0.1473402802692843,0.026679607032340204,0.09704215466821817,0.0,0.3,0.0,41,10.307688158131192,31.847750102104364
2,20,0.014901233069179728,0.0634120792481236,0.05661683445326128,0.0393831780621278,0.01024758669553372,0.15012248183702803,0.02136563525309534,0.07767193965639878,0.0,0.3,0.0,42,10.539088934586522,35.84086721839941
2,21,0.01441520577835876,0.06048529506832696,0.053970191201767,0.03703493615454497,0.010740683159037097,0.1509977638761309,0.021343040821718097,0.0776119610983533,0.0,0.3,0.0,44,10.329276600118185,35.535351004506694
2,22,0.015586576440967316,0.05962596392480459,0.05369788666150725,0.03752549780191251,0.015551636919784173,0.15275133893082996,0.026625719725890867,0.0970464267513642,0.0,0.3,0.0,45,10.117009796042884,39.25256215968419
2,23,0.01472946456972889,0.05851949800964988,0.052892011900255546,0.03700573626884864,0.008353384879441548,0.16165953721808324,0.02397877919880539,0.0873701302721667,0.0,0.3,0.0,46,10.268835788610644,35.61499824483407
2,24,0.014623530932922898,0.05345965929327894,0.047786180870962335,0.03150391619370804,0.024887091291174227,0.15931314981520997,0.026649965910479956,0.09709022925086577,0.0,0.3,0.0,47,9.876150417072006,35.94122657678055
2,25,0.014380119972419579,0.051903485336797624,0.04621783725378368,0.03219905730301754,0.00947645955686461,0.15388134311412877,0.0266269250739201,0.09700837020886104,0.0,0.3,0.0,50,9.67999400130048,39.03482994060083
2,26,0.013343317336194005,0.04959765093467437,0.04420318429694396,0.02934777217135018,0.011812394488302479,0.1605763629718357,0.02398137516844472,0.08737424433316897,0.0,0.3,0.0,51,9.981613738451273,35.09460497076227
2,27,0.01312311011156675,0.04812093379640958,0.0424119236691137,0.02885007983316861,0.011140986182252566,0.15784684133381316,0.023938406100886232,0.08724125500271666,0.0,0.3,0.0,52,9.657091151944783,37.832757734104206
2,28,0.012671979192302724,0.0451091464703043,0.03937645869965936,0.026603006534352627,0.011520619284151185,0.16161143186864635,0.023936882333148342,0.08723682519136061,0.0,0.3,0.0,54,9.604002289455458,37.222538184471766
2,29,0.011791103641372973,0.04290942212756785,0.03716462976400925,0.025196841420455852,0.008761905295722064,0.1590599271892251,0.0217666226267236,0.07932102699701693,0.0,0.3,0.0,56,9.409287786286423,43.18595298644281
2,30,0.012804732947800341,0.04257905676237859,0.03651896217831655,0.024065214005516967,0.009881696431541973,0.15838353821136839,0.02586916380165393,0.09421670910347486,0.0,0.3,0.0,58,9.38629028099719,37.29018076931545
2,31,0.012744500128395203,0.042258850226965836,0.0364992776023293,0.024507999828854973,0.008351174651854339,0.15838353821136839,0.02586916380165393,0.09421670910347486,0.0,0.3,0.0,60,9.389163246144244,37.23559656292058
2,32,0.011264148594465308,0.036543752426492715,0.030442373199763492,0.01927695411607236,0.013978445163772248,0.16809853955102505,0.023288862671238367,0.08481920190284134,0.0,0.3,0.0,62,9.299864254165216,34.49781548780418
2,33,0.011198879420827736,0.03618021297261758,0.030379010636044278,0.019393833499772126,0.0076392868150371085,0.16809853955102505,0.023288862671238374,0.08481920190284134,0.0,0.3,0.0,64,9.300947151749464,34.43084196502928
2,34,0.010901788077932982,0.03410772765934945,0.028290241077470562,0.018414443750636094,0.008978062752445302,0.16938704166199825,0.023289527247441377,0.0848246369255802,0.0,0.3,0.0,67,9.310698127947266,34.116097859778
2,35,0.009972332847329735,0.030494709770129177,0.024955628710580845,0.017563117812230463,0.008845892905983626,0.16924079079561424,0.021721625606594148,0.07864122453463532,0.0,0.3,0.0,71,9.092542661345288,27.488352631738955
2,36,0.009603561672246306,0.029230956086930437,0.023380758799830977,0.015723070876033227,0.008979842356636068,0.17521073496933076,0.020932384588998366,0.07572841922185965,0.0,0.3,0.0,72,9.116716785182724,33.13563545960046
2,37,0.009042047031656486,0.02821459520892646,0.02296620388304924,0.016069401736063617,0.007950595941818114,0.16846468777119292,0.019406453446148643,0.07023381017298969,0.0,0.3,0.0,73,9.092822517871552,30.85786155996419
2,38,0.009596928483075305,0.027245980943480567,0.021377731116876943,0.014822707270101126,0.008847220623393406,0.1759537355034895,0.021984467497137686,0.07958579699753504,0.0,0.3,0.0,75,9.080553887517585,35.787947397824205
2,39,0.008463988420033333,0.0247987800275195,0.018918548412033265,0.012073716213569327,0.010072447104505187,0.17015586479852757,0.01891515992748965,0.06873242403986703,0.0,0.3,0.0,76,9.028097338265647,36.72283615343021
2,40,0.009001648047321183,0.024716124818082674,0.02034505106245862,0.01741689408332067,0.00668234399702587,0.17954978547925216,0.021280050008157,0.07658878397382424,0.0,0.3,0.0,88,9.111979975140247,37.994184885931375
2,41,0.0087101251506837,0.022588952056880406,0.018201177879376414,0.015526957159865695,0.012519001209373192,0.1759507350078031,0.02128329849050093,0.076590400148854,0.0,0.3,0.0,89,9.128815210837866,38.73234315659288
2,42,0.008706683428700271,0.022649706327560287,0.018565519299963366,0.01676527204037364,0.006414921196083803,0.17702696656410424,0.021285701953214702,0.07659653603985418,0.0,0.3,0.0,92,9.136617762738975,37.83155853071908
2,43,0.008670117575767189,0.022399789098713322,0.018313673462478117,0.016190403406796353,0.007093296696016882,0.17597779021786342,0.02127623366366923,0.07658424457798159,0.0,0.3,0.0,93,9.109979635549962,38.67147730772345
2,44,0.008632613173947486,0.022197479419874697,0.01841280508948191,0.01780280703708312,0.0072365121109118375,0.17702696656410422,0.021285701953214702,0.07659653603985417,0.0,0.3,0.0,94,9.082105851168537,37.7729774763667
2,45,0.008372717656745944,0.020198207423954548,0.016094809543974097,0.014862415921507608,0.011887999207730413,0.17239049491205877,0.021285472990661795,0.07694067937401583,0.0,0.3,0.0,95,9.122724235375,38.25213580748968
2,46,0.007601404484136532,0.01875589137620456,0.01464636079480357,0.014353055282068192,0.007957038435495015,0.1733957770082765,0.019064836469242986,0.06973354269447565,0.0,0.3,0.0,96,9.069088548395404,38.53096782914638
2,47,0.008397334439373197,0.018435404531193047,0.014315780637642427,0.014625345939832888,0.010408991475296066,0.17455809968748984,0.02229819613303021,0.07731870637874803,0.0,0.3,0.0,97,9.126434149297385,38.17628469952591
2,48,0.0072868100311058205,0.015441039421202517,0.011304336847236338,0.014788501385629201,0.007124354897679897,0.1759839275421223,0.019568137984283456,0.0689523663841074,0.0,0.3,0.0,102,8.650086320297891,39.51204284393174
2,49,0.007211050222426189,0.014826919863207905,0.01068532989396859,0.014798361844405701,0.006772667940455278,0.18204989996682358,0.01959161866502968,0.06900240580387078,0.0,0.3,0.0,104,8.574740383061997,37.54171073747805
3,0,0.9499654437733195,0.8907171923222155,0.8898594453240266,0.8860032533577022,0.0,0.0,0.0,0.0,0.0,0.3,0.0,1,222.84538292405804,1334.0713690135167
3,1,0.8894659505571055,0.8739148038606022,0.8729249759790619,0.8688728148268043,0.024304201256932806,0.09020594070366636,8.399636384213458e-05,0.00011510700581725,0.0,0.3,0.0,3,207.98503268306223,1328.8047029076745
3,2,0.8214622271112144,0.8538034688036648,0.8526534186148523,0.8485825299998231,0.059105672427967104,0.13077633349636567,0.0010891494050749657,0.00286309110042079,0.0,0.3,0.0,4,192.9156181475794,1153.7500808484986
3,3,0.36320906283855875,0.6729569486324404,0.6696135025073238,0.6571627974184813,0.9045340978520452,0.20520822995674162,0.3297733946819729,1.0,0.0,0.3,0.0,5,65.78972534582853,232.13474605311404
3,4,0.20771447666757129,0.5085542391402288,0.504334874693491,0.4896367062793005,0.20756202824664444,0.12450768723494592,0.1538016395471262,0.6225692811912608,0.0,0.3,0.0,7,53.47838100532301,245.6745188431533
3,5,0.15886133834736682,0.44339117502991304,0.43878092722179785,0.42311502837042225,0.10261399849724454,0.12380307827636247,0.10259664290678565,0.41523693634624925,0.0,0.3,0.0,9,46.08214976480373,224.72609102020144
3,6,0.13240371737148907,0.3961024770662426,0.3911208661142308,0.37461887172293845,0.09902380704263623,0.123158985891814,0.1026748619094764,0.41538424191041934,0.0,0.3,0.0,11,40.413968628684735,208.6203045698517
3,7,0.11596038275844933,0.3619271456370177,0.3566765825759222,0.3395362506935305,0.08062236075621443,0.12274427118121412,0.10297785854313353,0.41639078910769645,0.0,0.3,0.0,13,37.13083429537426,207.695214789112
3,8,0.10601142734689714,0.3439804565283996,0.3386221960573558,0.32138802793013543,0.0360938918569613,0.1256846481058509,0.08890035681778609,0.2981628340922727,0.0,0.3,0.0,17,26.438548598199585,122.16073271374812
3,9,0.09219743487391044,0.3101423168044202,0.3045214727751908,0.2861023566870878,0.1227423345858221,0.12787605908485727,0.08761660124773814,0.2930945125549406,0.0,0.3,0.0,18,22.582450502975743,113.86625093241724
3,10,0.08884264916305579,0.2999929352434181,0.29428822462494103,0.2760916607318804,0.05720823122936102,0.12216326826275714,0.08940563292731525,0.29973338382946546,0.0,0.3,0.0,19,22.661835802614128,100.93053004310448
3,11,0.06839449829701227,0.25824433158724547,0.2522847906662924,0.23321078840787046,0.11203687168394398,0.12612304918608983,0.05844583024427423,0.1954745692483256,0.0,0.3,0.0,20,19.36564911965249,92.435265551043
3,12,0.05135779767149485,0.21395453764473785,0.20799422226158118,0.1880125784554663,0.06739792598776034,0.12665319382284065,0.03983453134039033,0.13314350186282176,0.0,0.3,0.0,22,16.73999370257213,66.92350604924538
3,13,0.041895349959670675,0.17273823082425538,0.16644321998194603,0.1455924169654641,0.07483882163902385,0.1282184592216779,0.04461660994154415,0.14847523581784489,0.0,0.3,0.0,24,14.96964606073363,55.63119446535771
3,14,0.029561904977435702,0.12817367803776827,0.12155513032854597,0.10015390221077888,0.06945509805197751,0.12775834980037773,0.03348560403492081,0.11140701991531984,0.0,0.3,0.0,26,12.970565732776052,50.90464166586121
3,15,0.021153814691885757,0.09235342152141864,0.08546949610295769,0.06375133574783447,0.05677115939210578,0.1264265602797211,0.0268010238987545,0.08916085032812679,0.0,0.3,0.0,28,11.480469625860978,45.8084786578971
3,16,0.018418990902296605,0.08303441932551418,0.07608787288163452,0.055070755201193665,0.018202849679888326,0.12595422771900977,0.022337766641831062,0.07431749242494465,0.0,0.3,0.0,30,11.230319917063408,40.84274169064602
3,17,0.018916867861075666,0.07943732908521561,0.07245198308566371,0.051287029917842605,0.022290699397362466,0.12572352764457273,0.026809873025181744,0.08915932403206425,0.0,0.3,0.0,31,10.99264327168938,44.77410987776821
3,18,0.015628026324286445,0.07121513084980345,0.0641833215470436,0.04356677361567205,0.022845601967409687,0.12275624724553916,0.019154035534751347,0.06371786150037632,0.0,0.3,0.0,32,11.062577475268297,42.65702521036107
3,19,0.016113169231738066,0.06928039218896646,0.06222581835530494,0.041761487000049925,0.01085625332847305,0.1255162438926477,0.02235036311357286,0.0743070459836595,0.0,0.3,0.0,34,10.665579486579546,44.528353887752566
3,20,0.015978366753177372,0.06855315289239634,0.061795953350001605,0.04165558506641186,0.00905479957121421,0.12525851083908673,0.02234514067690231,0.07431621958633233,0.0,0.3,0.0,35,10.776696160818329,39.95334042638754
3,21,0.014166729872224278,0.0622959101314758,0.05549708590695626,0.03594858959550766,0.01338776539762207,0.1220744515413398,0.019159526267461303,0.06371585939131565,0.0,0.3,0.0,37,10.854282242843864,42.88846299695149
3,22,0.013862514212292041,0.061359923018610305,0.05485813083203339,0.03668113361654759,0.006819239197691991,0.12119617475746211,0.018602627850059658,0.06191863633965998,0.0,0.3,0.0,39,10.7193904593528,38.84614911146885
3,23,0.013796714798310142,0.06094619472813877,0.05444117159919833,0.036516296116513566,0.00677190927943001,0.12119617475746214,0.018602627850059658,0.06191863633966001,0.0,0.3,0.0,40,10.688278160315294,38.641524032347945
3,24,0.013004873249967224,0.056567010096361885,0.04972559356459851,0.031026942348416405,0.017490604705784795,0.12481434831484961,0.01816135175109299,0.06053637187161428,0.0,0.3,0.0,41,9.877770905507408,35.51850255529823
3,25,0.012465448002687413,0.05293937956828588,0.04637223486470572,0.028739235549090296,0.010877390709452914,0.12504235331996252,0.01830091111300226,0.0609884222811277,0.0,0.3,0.0,43,9.848382473954596,36.60892253724592
3,26,0.01210281822475705,0.0505379925160578,0.043951905697798464,0.02623384672664533,0.0078124605964596736,0.12539840638273508,0.018326501460999112,0.06102511781711798,0.0,0.3,0.0,46,9.822087140188064,36.681840185844656
3,27,0.01209851979587864,0.05068987755974299,0.0447112133587145,0.029191598342165885,0.005518200751173463,0.12539840685737014,0.018326501754669072,0.06102511876789953,0.0,0.3,0.0,50,9.827332594340218,36.717943885633794
3,28,0.010726504072963841,0.048258593186838394,0.041967082488689786,0.027639844085054138,0.005399437909648768,0.1221610011227868,0.014335185416150257,0.047536939188221,0.0,0.3,0.0,53,9.983300390437556,36.56089962112593
3,29,0.010818742040239502,0.04580728000068227,0.03979526976960519,0.0263802451418557,0.007099233068054478,0.12502968606797785,0.016209526468391845,0.053785600694587446,0.0,0.3,0.0,57,9.515813093480736,35.28404784234052
3,30,0.010608478684654688,0.044924265359509274,0.03890598403805647,0.026586629005892114,0.005342070318710726,0.12435139337291412,0.01590537982478749,0.05239228069678137,0.0,0.3,0.0,61,9.53681188673698,36.4292178145259
3,31,0.009854377126184834,0.0426349607749523,0.03660256609472795,0.025107697757594534,0.006889336820648259,0.12380049735767211,0.014292044139273211,0.04725391163267287,0.0,0.3,0.0,63,9.463179247496766,35.50035916644046
3,32,0.009850539919374754,0.042212136280641674,0.035569904702456884,0.019524091072347004,0.004730311924241736,0.12406535560648593,0.014418765003392009,0.047662920500387077,0.0,0.3,0.0,65,9.496770665140554,36.6269044367769
3,33,0.008772610368021322,0.038313740840601226,0.032857336780982245,0.02427138338428861,0.0051447229575006,0.12624087031605474,0.0126660613486385,0.04196713873442367,0.0,0.3,0.0,73,9.098958911174485,44.26545309316342
3,34,0.008783718274839442,0.03814291734172426,0.03207898093086135,0.023876484382497398,0.003816879374499313,0.1257490718775407,0.012704013715279412,0.04202193759712821,0.0,0.3,0.0,74,9.085007477431462,30.39689614067669
3,35,0.008265174355384116,0.03686584832452925,0.031400812998846714,0.023994317503213774,0.0066225504259413825,0.12589099873791976,0.011512649958652275,0.038150659428392956,0.0,0.3,0.0,75,9.08094977061407,44.31261485948063
3,36,0.008335356920957104,0.035069630595685124,0.02898155369798453,0.021255817391947297,0.00950562917849505,0.1280783111498471,0.012706099304660113,0.04202855095189159,0.0,0.3,0.0,76,9.034008398869124,42.53802126678237
3,37,0.007764049686000787,0.03149163014536581,0.026284941746006034,0.022286392160784416,0.0053679848791501235,0.12539755222166452,0.012640462496718963,0.04159349906265124,0.0,0.3,0.0,83,8.857825192233276,44.06032399323647
3,38,0.007351037203746337,0.03081756774082488,0.025305422523324704,0.020445173748447835,0.004014915028635493,0.12517698995833165,0.011363963920037128,0.03775039542540361,0.0,0.3,0.0,84,8.98199217112734,43.43748130509009
3,39,0.007235709278143345,0.030001487537839377,0.024482931831299484,0.0198983997233593,0.005734642057982071,0.1233752482940498,0.01136350375786344,0.03775142751842447,0.0,0.3,0.0,85,8.986687141432814,44.05573455938525
3,40,0.00683073745448705,0.027056937363062163,0.02181820526737886,0.017697278056566894,0.012268756852354401,0.1249614802155645,0.011460997971337879,0.037762969833092255,0.0,0.3,0.0,86,8.75070581460541,43.88254863269854
3,41,0.0067117986989282865,0.026185803419392938,0.020637158269715714,0.016839582789775938,0.005648450199012811,0.1255656997468318,0.011425863221076426,0.037772053041505674,0.0,0.3,0.0,87,8.730628885641707,43.50446560087866
3,42,0.006604146595804292,0.025623626900453434,0.020373839304943693,0.016819567981726607,0.005235616736172636,0.127706303452582,0.01136348601361044,0.03778715451226586,0.0,0.3,0.0,88,8.733315644649506,43.174250900324026
3,43,0.006612102832551103,0.025623983125044367,0.020374140715823504,0.018085116428345864,0.0034303864252492747,0.12532264636376475,0.011393972224358038,0.03775471663445236,0.0,0.3,0.0,90,8.737368274924705,43.35231945218744
3,44,0.00688161066817206,0.025455031191965127,0.020504107491183414,0.021189547686530953,0.003970780603425316,0.12489383399040437,0.012579351226220618,0.041526264959147394,0.0,0.3,0.0,99,8.67380222020752,42.18567249483334
3,45,0.006748362788105752,0.02449420842923886,0.019535785723094282,0.020713979631774907,0.0046983279708393945,0.12596926273705936,0.012582482881335032,0.04161333493774737,0.0,0.3,0.0,102,8.602808734363434,41.54549232019045
3,46,0.006669543546032799,0.02393235710653303,0.018969473542353225,0.020314552162670006,0.004178372015257392,0.12527794913139473,0.012580080240158031,0.04153376211046263,0.0,0.3,0.0,106,8.64655407601493,42.09188468200021
3,47,0.006605845227934287,0.023604143528533947,0.01894182476503953,0.021523140137284527,0.004953913865882271,0.12537805951680572,0.012558370893429151,0.04149338937557218,0.0,0.3,0.0,107,8.620810772704539,42.16156269498011
3,48,0.00654517719632903,0.02311575192573928,0.01844949709849711,0.02162465421254516,0.004491538591617562,0.1265844165747395,0.012585780826726867,0.04159524167610759,0.0,0.3,0.0,109,8.594432605555577,41.5779418412494
3,49,0.006501442826477478,0.022848471576348638,0.018180208585327286,0.021651905335428913,0.004515406947826141,0.12642364908030057,0.01255974677027918,0.04157707030932079,0.0,0.3,0.0,110,8.566529758787487,41.47404066067291
3,50,0.005704626953134211,0.021837717964794424,0.01807644228597392,0.02580665750084972,0.00322876869997137,0.12537594087999807,0.01016270209794641,0.03869579853002851,0.0,0.3,0.0,119,8.82280532824673,43.60773785568363
3,51,0.005908962529801825,0.02211376994912955,0.018656045521595485,0.027776903126875953,0.003276139111780957,0.12291304405001395,0.010853465810733199,0.03545235717577453,0.0,0.3,0.0,122,8.908754023711051,44.65674949631467
3,52,0.005642474166632334,0.02072661010405889,0.018167641906682075,0.03252774717885506,0.0036765966150786368,0.1252070043276999,0.01070557664055128,0.03990931463168325,0.0,0.3,0.0,132,8.85979529478971,43.18394869443777
3,53,0.005603728308160189,0.020538402187720878,0.0179780565292112,0.032665102445201544,0.003696119057718494,0.1250335951712394,0.01065569617763533,0.03940742599864655,0.0,0.3,0.0,133,8.849982370142397,43.12190587327838
3,54,0.0056141796124478584,0.020610235288553404,0.018353375405916222,0.0350619512990989,0.0032306216752521436,0.1252070043276999,0.01070557664055128,0.03990931463168327,0.0,0.3,0.0,138,8.844000659172039,43.11222114831717
3,55,0.005558400236063462,0.02028532987648824,0.017723076932745923,0.03505979414143087,0.0037833184128162893,0.12523417666625608,0.010614615814084247,0.03991105884589012,0.0,0.3,0.0,139,8.848548568780144,43.02640508266402
4,0,0.945099056548053,0.8894050750670298,0.8885370409519461,0.8846418389150097,0.0,0.0,0.0,0.0,0.0,0.3,0.0,1,233.6816693288458,1400.507258122149
4,1,0.8801984588550186,0.8712377847034889,0.8702269629935605,0.8660944964206932,0.026265399002931344,0.09122629829888615,8.384031403627752e-05,0.00010682105879583001,0.0,0.3,0.0,3,217.10955745449203,1188.0663782347358
4,2,0.48746344134992287,0.722905096269609,0.7207241915259993,0.7131541371525475,0.4313001587015264,0.12308061401596522,0.0025784150683065593,0.00793151495734787,0.0,0.3,0.0,4,121.57249159453072,517.3581423985672
4,3,0.28392970757159697,0.5916617084326851,0.5887306018934414,0.5772170175076725,0.19686596142687057,0.1552200739124097,0.012366491252823625,0.065223470945292,0.0,0.3,0.0,6,76.22737648333609,38022.77867341579
4,4,0.27794161950390806,0.586052481262607,0.5831006433987103,0.5721518029508529,0.0044150535594022385,0.13585684372649434,0.0024422986604592163,0.01067993583290802,0.0,0.3,0.0,8,73.57168628248054,8053.6169879318195
4,5,0.2753560143894054,0.5840164031640304,0.580734402147111,0.5701413762645422,0.012131842299268714,0.15835039781083265,0.007242459287587795,0.03876627552320005,0.0,0.3,0.0,9,71.22507275190364,8356.958611447093
4,6,0.2354189495277661,0.5470597883048095,0.5438038219501916,0.5322408229209741,0.10224091723789125,0.13376075081496694,0.0016544201970671167,0.0071893141210883,0.0,0.3,0.0,10,64.55538121471874,8025.726436596004
4,7,0.1338497049962884,0.42701431152896374,0.42281241002094744,0.40807892089712894,0.18344961093977288,0.11753208196718282,0.0032315067535449824,0.01019256704739705,0.0,0.3,0.0,12,41.944606979078095,7748.07327921333
4,8,0.09315887197757274,0.34635834048744046,0.3418211680870732,0.3248311950837882,0.11064784968596648,0.12753083200927023,0.005534519955792054,0.02349054548346659,0.0,0.3,0.0,14,31.619760385557928,34213.10797783806
4,9,0.08816089678502659,0.33485874519108016,0.3299260070544824,0.31364839935847577,0.01833582166336046,0.1344105334220424,0.006438896517933518,0.02920683659514329,0.0,0.3,0.0,16,32.06656755257396,62009.54470310082
4,10,0.06120225552943307,0.26795304612922866,0.26279997483751105,0.2447602650626659,0.1942200650201003,0.12311582463374363,0.005746777164645081,0.0145768792411573,0.0,0.3,0.0,17,23.960209146879148,161.81841019731786
4,11,0.05485396404555756,0.24998293281420902,0.24469147786469514,0.22701380455835132,0.026791140303926583,0.12316148556215858,0.00461392335045621,0.01170037505000934,0.0,0.3,0.0,19,22.54751554708165,159.160868822622
4,12,0.04247196944083658,0.20860317827401845,0.202984242247047,0.1847739840823906,0.12198363471191725,0.1316162825849901,0.0057598603119023,0.01607127955335485,0.0,0.3,0.0,20,18.13260497671593,146.86713566524563
4,13,0.03986355425515574,0.19925062267912597,0.19355849921702514,0.17554777651950623,0.015138484114273286,0.13278914390287394,0.005667767082645697,0.01569944393530513,0.0,0.3,0.0,22,17.34622870023785,146.22698018817965
4,14,0.034889326407990376,0.18130754221505188,0.17578020133971464,0.15822242600942335,0.026923436585040365,0.13140513500243373,0.004624436795699835,0.01289605455726712,0.0,0.3,0.0,24,16.449491063499888,143.5703193299405
4,15,0.03421820108021374,0.1788275052926018,0.1732808812534188,0.15616929067561283,0.005060568946286036,0.13256089920812977,0.004550762212294557,0.01259858606282734,0.0,0.3,0.0,26,16.182508065799148,140.01086366482727
4,16,0.03136319787335097,0.16779544200987562,0.1621638300834864,0.14519458090713955,0.03206089370586745,0.13118128188947578,0.003858684526421079,0.01076097533768273,0.0,0.3,0.0,27,15.81695902248477,142.081856507832
4,17,0.030869325107880482,0.1657819083334514,0.16013465743961788,0.14389914813469395,0.0040269471909862836,0.13156268436299984,0.00381882730362461,0.01069147468944703,0.0,0.3,0.0,29,15.655603554053569,144.50860870011726
4,18,0.02598367487959763,0.14630444457377295,0.14020512373374716,0.12233212413567185,0.05503666874212437,0.11870759907189261,0.002116646842527705,0.0065391386360286,0.0,0.3,0.0,30,14.99701383340715,7446.561609085992
4,19,0.0216979600155271,0.12646437123795337,0.12020943679519122,0.10223504048089614,0.0291978441149694,0.11536925572401824,0.002074119868308707,0.00630743437228803,0.0,0.3,0.0,32,14.112020475870631,8305.518890128564
4,20,0.02115541734732447,0.12436404661550624,0.11809368934315943,0.10106505718843656,0.0033258536137176216,0.1127756748347978,0.0016233694910078832,0.00504889536015533,0.0,0.3,0.0,34,14.241356551992332,8291.087883470878
4,21,0.018348728679797602,0.11050048756640161,0.10412158021726121,0.0877136026673941,0.013738372285880351,0.11118411781990419,0.0015187273970203698,0.0046178096309764,0.0,0.3,0.0,37,13.666392413081722,8300.246246507617
4,22,0.0182026567099083,0.11009698549636626,0.10432132212177393,0.08972651044611797,0.0009381292031624248,1.0,0.0013858116644407971,1.0,0.0,0.3,0.0,40,13.543043563820993,8265.7272691688
4,23,0.018142426106837174,0.10978028312574767,0.10400212249726055,0.09023725000647666,0.0008769209087967308,1.0,0.0013922184305746464,1.0,0.0,0.3,0.0,42,13.678942572410447,8287.329137667883
4,24,0.018123666742639807,0.1096806704219653,0.10390169786061697,0.08985400114678449,0.0007071561256196044,1.0,0.0013947683286094242,1.0,0.0,0.3,0.0,43,13.683301242704625,8287.745071053649
4,25,0.01732433485403477,0.10564069338196158,0.10013313775110218,0.08751571959532616,0.012318223503593776,1.0,0.0013912676899579032,1.0,0.0,0.3,0.0,44,13.362823561010645,8292.714844647755
4,26,0.016875092151485627,0.10314227640286276,0.09791774847651763,0.08539606899725599,0.004282740585538197,0.517195677493387,0.001575976109356278,1.0,0.0,0.3,0.0,46,13.344186253935924,8357.111315218588
4,27,0.016826671769311043,0.10294761609336742,0.09772170376325016,0.08517087414035097,0.0006323141754987192,1.0,0.0015289056694680954,1.0,0.0,0.3,0.0,49,12.850581843035826,8271.003210221548
4,28,0.01659982091385027,0.10196549541430353,0.09642935271274658,0.08370317829825823,0.002810374630586206,1.0,0.0013031237626780034,1.0,0.0,0.3,0.0,50,13.193799676535786,7639.425128757291
4,29,0.016399095792404818,0.10089307160464912,0.09534851528008527,0.08342375908078237,0.003455457470999058,1.0,0.0013031237626780034,1.0,0.0,0.3,0.0,51,13.198046175568292,7622.713890380642
4,30,0.01542554562355235,0.09621144729217751,0.09063085639383124,0.0774519502190799,0.013847029509764422,1.0,0.000985234874794764,1.0,0.0,0.3,0.0,52,12.605535665990532,7381.000348690386
4,31,0.013518518106120949,0.08507210573686803,0.079403199859178,0.06730733427687657,0.032523296298125115,0.9291117711744242,0.0013624142851232082,1.0,0.0,0.3,0.0,53,11.391465560859189,7625.457669423999
4,32,0.010157747383855649,0.06564307237699757,0.059822033059469495,0.04799575347015272,0.028293361068122816,0.9194625285254364,0.0012189280448003526,1.0,0.0,0.3,0.0,55,10.79616522606366,7575.02354740363
4,33,0.009881196651232086,0.06388966212041682,0.05835765990930464,0.0475248299968752,0.002193263819112004,1.0,0.0013221756527155982,1.0,0.0,0.3,0.0,58,11.041000638346988,7569.110668586066
4,34,0.009704876249991239,0.06301232877299931,0.05747375133067463,0.0469069304620941,0.00282506627837013,0.9338539016590801,0.0012007469214976023,1.0,0.0,0.3,0.0,59,10.696334866964976,7980.291431897908
4,35,0.009068413921276913,0.05910897906671107,0.05353982650915774,0.043441198732954635,0.011540058057397148,1.0,0.001177151278500405,1.0,0.0,0.3,0.0,60,10.73272415256469,7561.931102792238
4,36,0.009066927816982262,0.059189755845751514,0.05392426537106445,0.044311593883184716,0.0003664283884569782,1.0,0.001177151278500405,1.0,0.0,0.3,0.0,62,10.73062282104034,7562.369186489784
4,37,0.008371685327291892,0.05477384790564095,0.04917066672421784,0.040416006169660575,0.012800507319644421,1.0,0.0011590077229310487,1.0,0.0,0.3,0.0,63,10.55697361142026,7966.51431902697
4,38,0.00835033625935121,0.05455283164292924,0.04864487301361122,0.037063745426224766,0.0007236448424895231,1.0,0.0011568076490185268,1.0,0.0,0.3,0.0,64,10.530689514935254,7964.979753192055
4,39,0.008116824837405657,0.05350698162052048,0.04850033410491104,0.04587509219169575,0.0005114639946368373,0.1195702767325367,0.0010549447694481635,0.00299048131556513,0.0,0.3,0.0,83,10.5061292964769,8303.71672647428
4,40,0.008060698571966798,0.05325538442784593,0.048549824700973056,0.047401900253255504,0.0008011324275595754,0.11956189599637683,0.0010454433716118505,0.00296626964988043,0.0,0.3,0.0,85,10.461315436954802,8310.265749924885
4,41,0.00804614494106012,0.05323749130002212,0.04883483582819588,0.04888135333397841,0.00047607436822297755,0.11957027673253669,0.0010549447694481635,0.00299048131556513,0.0,0.3,0.0,87,10.472738996439892,8307.561153483657
4,42,0.007750522140903334,0.051702922714628854,0.04728870696134577,0.046357384187521035,0.0013100635992660604,0.11492447466993283,0.0008375957859247587,0.0027860076916528297,0.0,0.3,0.0,91,10.108130205816792,8307.852452117211
4,43,0.00743191766473807,0.04966688438827742,0.04523670220262256,0.04455575790470219,0.006114608461038741,0.11404899922041253,0.0008323005583332447,0.00272301517351412,0.0,0.3,0.0,92,10.06552492267754,8643.939423110842
4,44,0.006983574748152307,0.04676821423904938,0.04201237070557336,0.04133012996238186,0.008275688227886728,0.11768078625422776,0.000773918886320087,0.00243478511493285,0.0,0.3,0.0,93,9.909834478684187,8633.058101457493
4,45,0.006958613168414556,0.046716289982101006,0.04226315247119332,0.041520558047763355,0.0006267002353740044,0.1137696763894872,0.0007613954288612771,0.00247339397905667,0.0,0.3,0.0,94,9.817850024498556,8620.356831071409
4,46,0.0069392731349321325,0.04656436571149758,0.04210997474764566,0.04199178859596685,0.0006848463885745231,0.11655054158289964,0.0007770857283371979,0.0024516946370925,0.0,0.3,0.0,95,9.870862427887344,8629.415662259818
4,47,0.006938551607162954,0.046649625206241024,0.04249894922613938,0.04295479918470834,0.00023989807737823297,0.11655054158289964,0.0007770857283371979,0.0024516946370925,0.0,0.3,0.0,97,9.86986658444389,8629.567420617137
4,48,0.00655063546481097,0.043928838958388804,0.03975654478781329,0.03979115965701681,0.008202638047585375,0.11512297119562165,0.0008847669446173269,0.0027910495582146597,0.0,0.3,0.0,98,9.83524335281832,8631.57922534917
4,49,0.006260813145924041,0.04212724359456604,0.03824398642381558,0.03943772943363034,0.0020732688368981394,0.11211815642656442,0.0008698807817870376,0.00287425597088015,0.0,0.3,0.0,101,9.45951557659206,8638.424448773261
4,50,0.006135171102923259,0.041047150520503166,0.0380639566424079,0.04978871431728904,0.0005718515928808416,0.11244578424384355,0.0011753929556147724,0.0036440856899967997,0.0,0.3,0.0,120,9.512091794581968,8201.749515855507
4,51,0.005511847103932831,0.03702847493433098,0.03401398291424132,0.04339476818405543,0.011806583104809552,0.1130776918489361,0.0010738431133537223,0.00337564210809436,0.0,0.3,0.0,121,9.385189093665849,8606.409763477754
4,52,0.005381060589484608,0.03600624497343118,0.03298356039141538,0.045192543964150296,0.0033626752307685946,0.11162664178739208,0.0011520876043844919,0.00358917374808302,0.0,0.3,0.0,122,9.387569580241223,8627.148740690485
4,53,0.005260557597010344,0.03526570620109552,0.03254022936193724,0.04639377432139308,0.001545576986585462,0.11141771928845408,0.0011576153172644184,0.00359440864412106,0.0,0.3,0.0,124,9.324393853880494,8635.052989101256
4,54,0.005054197938840281,0.03417152492732502,0.03143785774010731,0.04094017764751658,0.0018220310546853942,0.13106180795291017,0.0009863534962294752,0.002965770908195,0.0,0.3,0.0,126,9.246597951092197,8421.28435303225
4,55,0.004862321723763831,0.03273786779466836,0.03059871746720043,0.04448870737648622,0.0015285428943482072,0.11366221459353831,0.0011449293956781704,0.00359510362394883,0.0,0.3,0.0,130,9.267685402242824,8629.173817592382
4,56,0.004191976346423041,0.02843951799733877,0.025661216547753128,0.03774905396505315,0.011873528311053006,0.11971393060731887,0.0008462389605945046,0.00282601325648096,0.0,0.3,0.0,131,8.93499413016619,8747.554844470898
4,57,0.0037007639600133897,0.025141848881595995,0.023246783177612106,0.03850839792058448,0.0012100238648406693,0.13194836667510168,0.0009046352525807627,0.0026778893913806,0.0,0.3,0.0,142,9.001156192690496,8403.696265432454
4,58,0.0036418177412290745,0.024903117337947176,0.02361225538787301,0.0405520441543702,0.0005732544786622902,0.13153243666854453,0.0009049117126446349,0.00268258131375537,0.0,0.3,0.0,146,8.970058294652533,8412.267631137089
4,59,0.0032305684145249583,0.02140378809583792,0.020690739059018463,0.04323123517488073,0.001304216751278636,0.1302886948950363,0.001305138893742846,0.00331612094730102,0.0,0.3,0.0,158,8.75090878384045,8427.872010803187
4,60,0.003163469162889687,0.0212959728511346,0.020582542739834103,0.04200529512892736,0.0003538650439743535,0.11894134839396468,0.0011033822642230965,0.00309591920819427,0.0,0.3,0.0,164,8.80105368621406,8749.267726280712
4,61,0.0027671225890694034,0.018622288183239084,0.01788811759077949,0.040250868714637976,0.002837220239932882,0.11830232682142934,0.0009983179485161871,0.00300419447778669,0.0,0.3,0.0,167,8.667769854921863,8665.070498222105
5,0,0.9164085874693096,0.8815088153043782,0.8805788480885482,0.8764464234478062,0.0,0.0,0.0,0.0,0.0,0.3,0.0,1,254.69822863080464,1356.2959231874397
5,1,0.8504398909343435,0.8624371777365678,0.8613573197834085,0.8569602933996497,0.027547552845786742,0.08631508673951681,8.302373255722234e-05,0.00010361646004345001,0.0,0.3,0.0,3,237.40602949819424,1299.6183555298785
5,2,0.5152739836658156,0.748226752213339,0.7460612396249542,0.7377265104166661,0.42283413861956476,0.09957364632831932,0.08044151385798719,0.2226420349188452,0.0,0.3,0.0,4,137.94577214110646,765.3256789612047
5,3,0.44046740672388535,0.705947506507719,0.7034818313701938,0.6945364753888726,0.13080840981188513,0.09911888241120911,0.06697862027592873,0.15445073962768296,0.0,0.3,0.0,5,122.7790954317796,561.1513291835531
5,4,0.28807797992877604,0.5997316284949143,0.5961430134047915,0.5827554193951987,0.4690017492964281,0.19396127525038087,0.1898374223900554,0.6016925357622112,0.0,0.3,0.0,6,67.62588142167225,220.9074550047796
5,5,0.21709317194961925,0.5248726331127255,0.5209194821463989,0.5066911589652031,0.09547160340811842,0.18392197205246502,0.09511934303186072,0.3015020973866222,0.0,0.3,0.0,8,56.91804445121175,186.61187312762732
5,6,0.18141929846001775,0.47849901967075575,0.4741816540591836,0.4592885625027675,0.09545256453243237,0.17493078091537412,0.0952341696741346,0.30179394162873846,0.0,0.3,0.0,10,47.87825173045714,157.523381010569
5,7,0.16234246815888267,0.44955435043058023,0.44500487620617435,0.42940688018385337,0.07179532409889738,0.1706028270737331,0.09730371113424689,0.3073909475151437,0.0,0.3,0.0,12,42.75175497348537,143.06660273626542
5,8,0.1577432395233978,0.44240026963336326,0.437798745522022,0.4223641067964911,0.047549855239115014,0.16478404692584195,0.09555920045093264,0.30220486274643066,0.0,0.3,0.0,13,42.3549803810818,175.6710673434046
5,9,0.1447806109136073,0.4201438603903516,0.4153649130893704,0.40021981427679226,0.09419648042744247,0.1496172240985301,0.09674876665682298,0.3067170195253812,0.0,0.3,0.0,14,38.21628415253966,135.41605085158045
5,10,0.13155076335017615,0.39589088064613026,0.39092386621007535,0.3744564453387444,0.09779345817178822,0.15779675209409047,0.09575057818805595,0.3026912698166244,0.0,0.3,0.0,15,35.74066770835503,150.06469109023027
5,11,0.12381854804434882,0.3792688958511721,0.3741623359198266,0.3571621783190794,0.08134638841259982,0.15980590655964771,0.09964765406403957,0.31357797693178596,0.0,0.3,0.0,16,32.61404853464536,109.68684223482514
5,12,0.12287438610462052,0.37780134177458496,0.3726871864936543,0.3556575137249606,0.03201525898966857,0.15490113295924487,0.09796226731552657,0.30838203375980294,0.0,0.3,0.0,17,33.16114453217044,136.9338547658141
5,13,0.13720670068426036,0.39064943393324286,0.38581544161269005,0.3712466095690555,0.05370488599212911,0.09076824647612304,0.15046839124075873,0.4325572701759011,0.0,0.3,0.0,18,41.43246331691737,229.4429754265433
5,14,0.060575045457927384,0.26817267659266925,0.26302987612425277,0.2444827400783611,0.22562193768811928,0.09171078568828374,0.0021162880677635604,0.0128914884489926,0.0,0.3,0.0,19,23.417227081152763,159.5785935789729
5,15,0.10961049717815446,0.31637497796774666,0.31091936036582135,0.2941690202550584,0.05338357042178939,0.09078803450307123,0.1669194122387246,0.37762466810108974,0.0,0.3,0.0,20,30.42444877489838,160.34155724160215
5,16,0.09828116778021118,0.2898406909100405,0.28420483204125313,0.2667661501609281,0.11266234455080038,0.09081334140776884,0.15499203875130171,0.30353076300497805,0.0,0.3,0.0,21,27.124999675406784,137.0094710567322
5,17,0.04736396342201546,0.22794739189124366,0.22248856231015246,0.20345424032990292,0.04749788097459857,0.09180279321873842,0.0022474437572177083,0.018342776724423658,0.0,0.3,0.0,22,19.853913835616805,95.5182355405051
5,18,0.07795318923871927,0.23983504295642982,0.2338669897080388,0.2158319211249002,0.11397706641371931,0.09020947012681337,0.12938551942096338,0.24752938721887188,0.0,0.3,0.0,23,23.99644147444439,121.31177516627731
5,19,0.035402315211526474,0.18575098764925424,0.17996219884634979,0.16031841516160186,0.04632567490074429,0.09070422503133033,0.0017218698506401462,0.013651736443427421,0.0,0.3,0.0,24,16.643304695130283,100.31507435962926
5,20,0.06267855239451427,0.20389176432291745,0.19800696742952223,0.1809391339777885,0.03793346569002892,0.10054910755210807,0.10297270478460173,0.41089820655194786,0.0,0.3,0.0,29,22.00169150914072,84.27261651415928
5,21,0.04772498022316922,0.14670676987573436,0.14069763736259827,0.12155831678001551,0.1853674971548652,0.10022754136443775,0.09386941910475595,0.2103520587861763,0.0,0.3,0.0,30,21.654191006297783,90.42209690530107
5,22,0.046202795712315205,0.1431296291925006,0.1367974062076489,0.11849605194583332,0.030675623316116177,0.10025344443897517,0.0904419745182556,0.2038538233856987,0.0,0.3,0.0,32,21.170439130030665,88.5181152368817
5,23,0.04286192083551395,0.13966890301728763,0.13333553016739283,0.11603341987433555,0.024265187113387078,0.10031360764750444,0.07940810896684301,0.17616251203756778,0.0,0.3,0.0,33,21.47756916021717,87.00913252236381
5,24,0.0424479052505998,0.137397519778637,0.13134879860556994,0.11433339394371966,0.026223519649216553,0.10015999966189597,0.07963792877972221,0.17708151703846298,0.0,0.3,0.0,36,21.451762165724507,87.04144196028909
5,25,0.04010296399801744,0.12937434871805875,0.12327024744893428,0.10658306320160951,0.043265845833486805,0.09998878365027089,0.07641890707069979,0.17101316835201005,0.0,0.3,0.0,37,20.88503306042908,83.43952819521049
5,26,0.03663276556510649,0.11794016664926438,0.11175894811523215,0.09533636056499409,0.03547532159445566,0.09965003578457317,0.07105223050968347,0.2823754975935298,0.0,0.3,0.0,39,17.420422559808635,54.620479227345314
6,0,0.9444874155477033,0.8892531901114455,0.8883839638921377,0.8844846405434111,0.0,0.0,0.0,0.0,0.0,0.3,0.0,1,240.35242612401865,1276.1822621505582
6,1,0.8636976996552096,0.8663843904253298,0.8653354652311985,0.8610566811412607,0.03299256158248653,0.09260764042864113,8.34822794646522e-05,0.00010616682567734,0.0,0.3,0.0,3,221.2683020890657,1236.364186769955
6,2,0.8002937430880925,0.8469962760654873,0.845794601818308,0.8411373049251216,0.02814845775265697,0.10056952763286395,0.00033392911785863996,0.00042466730270937,0.0,0.3,0.0,5,205.91791832615573,1153.406529000058
6,3,0.36480271624416705,0.6761939060336987,0.6739167108566375,0.6641124237625103,0.578892271993406,0.29194817099601766,0.016394934153413625,0.19912366793940464,0.0,0.3,0.0,6,91.83804136748763,392.7440469245827
6,4,0.2386695466331412,0.5504192751809421,0.5474581416050973,0.5339100828416827,0.15254041082587178,0.2919481709960176,0.016394934153413778,0.19912366793940464,0.0,0.3,0.0,8,60.846948800148766,224.92260618268068
6,5,0.23651002608911703,0.5482682531253371,0.5452881332828049,0.5319616253786998,0.012135768259834773,0.2920270727596396,0.017273825719238904,0.2097981915861904,0.0,0.3,0.0,9,60.44742677724157,251.9155989819704
6,6,0.2013826355744861,0.5113524188270527,0.5081023604418179,0.4942570591224025,0.10297262920208128,0.2913339691243021,0.008884224600575565,0.107544948612379,0.0,0.3,0.0,10,53.08545124000079,239.16178717700532
6,7,0.1688183032717731,0.47086355153998133,0.4672932251482356,0.4530995261758465,0.1194816403499064,0.2915537725874279,0.009932201856048518,0.11186661400460447,0.0,0.3,0.0,11,45.47015845503223,185.0972412969094
6,8,0.1215955439040258,0.40195506106017254,0.3978528786733177,0.38150924375325507,0.20229065101592628,0.2847414658240373,0.006100475719718008,0.07214860773510465,0.0,0.3,0.0,12,35.06992298178121,159.94159394398048
6,9,0.09228693179258642,0.3422289536160622,0.338250158000934,0.32118189061082336,0.1763664959018873,0.27300917158212723,0.012029428125148674,0.1193378617926553,0.0,0.3,0.0,13,28.476967571810405,126.41727903330526
6,10,0.07464257831689416,0.30346696939958806,0.29889451316427745,0.28025326550497004,0.10813701817274565,0.2732539615868137,0.006255709398296019,0.07241306355180875,0.0,0.3,0.0,14,24.40635663563269,96.47251200208096
6,11,0.07461776284064991,0.303405266136382,0.29883237521703665,0.2796999376860585,0.002054419688253874,0.27325396158681364,0.006255709398296019,0.07241306355180872,0.0,0.3,0.0,15,24.39981965982492,96.05394906228322
6,12,0.043036933901962296,0.20991182809131032,0.20460388920692268,0.1836311239736752,0.2719617037185895,0.2632454715407365,0.006786651496141911,0.07383591664974573,0.0,0.3,0.0,16,17.47241383507171,70.96411075640225
6,13,0.034705578862879456,0.1801543642841203,0.17461683555864727,0.15339122390321622,0.04369226013639176,0.2558286642420326,0.005110872325955639,0.05540405958653688,0.0,0.3,0.0,18,15.622440239633455,71.3288676610379
6,14,0.030277945359481605,0.16303907086182204,0.15736949766583938,0.13628141719110282,0.02546489580386546,0.25299020628899227,0.004100872250107918,0.044357945736771195,0.0,0.3,0.0,20,15.11886268661834,67.91440682138357
6,15,0.02995092764199775,0.1616546148806839,0.15597416057904145,0.13429716513113574,0.005207758723741607,0.25299020628899227,0.004100872250107918,0.04435794573677121,0.0,0.3,0.0,21,15.037394179552471,67.54150559495201
6,16,0.02943992956881796,0.1595752805318529,0.1538787160780321,0.1331933445487184,0.0071196944249069544,0.2540781451205715,0.004008682586655804,0.043769263872054646,0.0,0.3,0.0,22,14.868700331511352,55.32316227097993
6,17,0.025429920278040766,0.14295767821220717,0.13713296803566447,0.1159586938032747,0.04804058387838909,0.13112543849273678,0.0030391873926297734,0.00900566172042714,0.0,0.3,0.0,23,13.684967673903396,45.69521657242931
6,18,0.02007403238823781,0.11806425094642323,0.11204532734914718,0.09053839254438932,0.03641097034352798,0.1297077065735666,0.0025465812974442515,0.00752277779849612,0.0,0.3,0.0,25,12.780735097264085,46.972697860730094
6,19,0.019031344350853564,0.11295305869692522,0.10719718075290303,0.08581682710682331,0.008202334397910105,0.12863232592638557,0.0025002312532818893,0.00740143643441344,0.0,0.3,0.0,27,12.39463999324934,46.69302535442138
6,20,0.016164576504242936,0.09872523948376569,0.09255613579671969,0.07176963811503838,0.04076142894927968,0.10696470213748113,0.0018675664017545163,0.00809063805910889,0.0,0.3,0.0,28,11.749042219401725,44.3437524957488
6,21,0.015714234153555807,0.0954269223030063,0.08953325438891356,0.06842053305311278,0.011189740358177777,0.12871632253378262,0.0026014836156495933,0.00767816615152269,0.0,0.3,0.0,29,11.73892480218559,43.29002628033777
6,22,0.011934551810557017,0.074925295105388,0.06856912971983524,0.047585822359311046,0.05886279691350452,0.10683963382535815,0.001968140731092504,0.00826049233980566,0.0,0.3,0.0,30,10.860196326513366,41.07152408923053
6,23,0.010910007270666423,0.06927047415149,0.06287057635223497,0.042436433192562656,0.008539666746465408,0.10585134215188859,0.0016941738632344759,0.00705859994927565,0.0,0.3,0.0,32,10.857611124947802,40.76876821624156
6,24,0.010874625673604622,0.06906798960822003,0.06266651893129928,0.0426831421753996,0.0010831033462886518,0.1064241584949017,0.001687823897710983,0.00708325493820709,0.0,0.3,0.0,33,10.852957223768108,37.03299148086148
6,25,0.010868708170180845,0.06911831071995421,0.06302031324437585,0.04291199528740095,0.0006252608317639961,0.10585444733412816,0.0016909017064268951,0.00705272458801465,0.0,0.3,0.0,34,10.842620328510083,40.73018431366084
6,26,0.010780932629603756,0.06861171148833752,0.06250976225749659,0.042848262118667414,0.0019520909025661018,0.10581786253590272,0.0016781287004623468,0.00703802570721615,0.0,0.3,0.0,35,10.79788473255353,40.118773125597095
6,27,0.010339362605455742,0.06599885918703131,0.05987645601152602,0.040214879791261884,0.007996837604629785,0.10618078496316752,0.0016469242400974466,0.007045479190235441,0.0,0.3,0.0,36,10.672159500104724,36.323545162125285
6,28,0.010053517525600578,0.06453209027902522,0.058398571459130966,0.039638371723108363,0.004525940025606944,0.10655342522913558,0.001472456709669965,0.00619756748190751,0.0,0.3,0.0,37,10.762928358834383,34.17812530460564
6,29,0.010270016141823532,0.06485238418281203,0.059325779780494234,0.040530583261704826,0.0007575628332568897,0.11154093382814072,0.0022424272939099883,0.007260409233444789,0.0,0.3,0.0,40,10.39176144904892,31.37856922486744
6,30,0.009887064644199367,0.0629524378479242,0.05741161710101228,0.03932650019612702,0.003202782312380281,0.11238060117913647,0.0019565442240251497,0.006292246254076569,0.0,0.3,0.0,42,10.400394128797132,28.791681459323364
6,31,0.009587620343796068,0.06111815125951648,0.05556292539307755,0.03800031051296893,0.0023459782122357137,0.11494034498240124,0.0019516404220829313,0.0062907629263756395,0.0,0.3,0.0,45,10.339374859347089,31.014314209633508
6,32,0.008595619213323812,0.05526560904313754,0.049664959207993395,0.03270955115059005,0.00886160099614315,0.11462877130546187,0.0017373021315416322,0.00559768540477786,0.0,0.3,0.0,47,10.293374782125843,31.672908362266504
6,33,0.00811422346696004,0.05238960451712175,0.04706957595151986,0.030420479622904548,0.004755775004488068,0.11351893312468878,0.0016829834760180718,0.00545374871627586,0.0,0.3,0.0,49,10.181940626824172,31.67034818768585
6,34,0.008074137854893186,0.05222439695015493,0.04720618663818267,0.03095140222495726,0.0008722140189823776,0.11350432651361582,0.0016825229645760923,0.0054564467563538,0.0,0.3,0.0,51,10.176405086162974,31.603162541753274
6,35,0.007427726680292561,0.04806169365920275,0.04301083368969058,0.02843534275113976,0.004505934359551301,0.11310294894334853,0.0016850987542113471,0.005443874393970019,0.0,0.3,0.0,54,10.124099066844728,30.897843558061734
6,36,0.007282300036649633,0.047129454196005637,0.0420712528262157,0.0289014289272286,0.0010392258778725613,0.11327185505488242,0.0016774464349138913,0.00540165759808031,0.0,0.3,0.0,59,10.03241761434309,31.665277349194128
6,37,0.007163569203234733,0.04642700392515027,0.04166635405673902,0.028608938132097392,0.0028032522394630913,0.11334609096966161,0.0016892247821635267,0.00544119682077557,0.0,0.3,0.0,60,10.014396163657135,31.55738776974936
6,38,0.006881918172785505,0.04452193403531422,0.039746261822377886,0.027247050516520203,0.0032774740180151673,0.11165179157970151,0.0017249572711227987,0.00545466581411083,0.0,0.3,0.0,62,9.875022896700925,31.51959891186576
6,39,0.0067490270678388035,0.043816017228104194,0.03964085629397399,0.027711785506647463,0.0013735695717792507,0.11331308699185123,0.0017319192201424543,0.005490722091307449,0.0,0.3,0.0,65,9.938216073296989,31.19002354720609
6,40,0.006531766553435115,0.042423284707285146,0.03854024799553692,0.027116086987102685,0.004820262840501042,0.11334789099705489,0.001758240538157283,0.00551430154755796,0.0,0.3,0.0,66,9.926081589213034,31.3375119840665
6,41,0.006123454731313036,0.04053752461434501,0.03694380238900159,0.02593441044130068,0.005739933357439952,0.11217088532584336,0.0013253939276344604,0.00643031241003989,0.0,0.3,0.0,67,9.777911471831716,31.50872990406047
6,42,0.006055928635790367,0.04008438836106117,0.03648707514123973,0.026011526835288255,0.00170178871316831,0.11206615479138601,0.0013258786310936267,0.006427096483673731,0.0,0.3,0.0,68,9.787563516769165,31.52568096554824
6,43,0.006006119029523279,0.039681821309855224,0.03608127433172484,0.026316476240299723,0.0015873482565198222,0.11237123570484182,0.0013633757499333715,0.00641027352782559,0.0,0.3,0.0,69,9.73937308560112,31.07669162169105
6,44,0.005860981666826954,0.03877639755974674,0.03516883011125726,0.02601241858278914,0.00168090525640986,0.11215210953216632,0.0013220542000645127,0.00643855313450428,0.0,0.3,0.0,71,9.704086658564824,31.218148493800825
6,45,0.005779185615160691,0.03831184407109418,0.03500369005304998,0.02632343528583771,0.0011974332729927325,0.11213254607299099,0.0013243278140991392,0.00643741739542817,0.0,0.3,0.0,73,9.700981529345649,31.2024347078002
6,46,0.005737617286448277,0.03774342178966606,0.03443041949854505,0.027704427325561238,0.0008929719485576238,0.11138908040693504,0.0014913431114336457,0.00723383854092647,0.0,0.3,0.0,77,9.663784243855998,30.69545148552902
6,47,0.005622220916882393,0.034991661400777925,0.03195743966694738,0.027220693535140172,0.0053608263553968135,0.11344993740942977,0.00267505370756781,0.007207002258420051,0.0,0.3,0.0,79,9.680995825563352,32.065622721510444
6,48,0.00562222096030373,0.03508166730060244,0.032351176543076406,0.028839395652339058,0.0008025573943029283,0.11344993740341831,0.002675053708298029,0.00720700226007,0.0,0.3,0.0,81,9.68099583865708,32.06562275856828
6,49,0.0056184065426236164,0.0349069646772857,0.032174915121820885,0.03025102533591934,0.001011365820328374,0.11349085906434402,0.002759845202846428,0.007453416072030659,0.0,0.3,0.0,84,9.68291936943158,32.009154095260435
6,50,0.005506609039702939,0.034798252020496745,0.032066227206461705,0.03207947591130487,0.0007191383358889372,0.11272927835646096,0.0023854571740843235,0.0064266304115037,0.0,0.3,0.0,88,9.659832413517192,32.04923863672861
6,51,0.005876198360386314,0.03436580794673746,0.03132348105187924,0.031088214985973316,0.003806090413707145,0.11232174454169039,0.004022987341480741,0.00794535602435212,0.0,0.3,0.0,89,9.656403363841395,35.40207250120776
6,52,0.005307905115506024,0.033613511951563514,0.031175379052030334,0.03143312045927993,0.0010448680621675834,0.11392826594643095,0.00233599328463422,0.006323780811249629,0.0,0.3,0.0,92,9.74155091959783,35.40052073485819
6,53,0.00518262985511983,0.032545879765838955,0.02949321315424152,0.03149152691215907,0.003375413995904942,0.11377389452029765,0.002349914448719229,0.00633239597869676,0.0,0.3,0.0,93,9.729427202223036,32.50243185265073
6,54,0.005143171743656528,0.03236383812548463,0.029612809139380605,0.032518126570161295,0.001051101283373915,0.11353097218065607,0.002349887034526691,0.006329228327162489,0.0,0.3,0.0,95,9.638322637795646,32.32697829752568
6,55,0.00549613450103742,0.03241801904518257,0.029664235738891535,0.033547240058092016,0.0016803020207352428,0.11229303466878829,0.003694824231150276,0.0071815133090164605,0.0,0.3,0.0,97,9.663392762942053,35.446508480430104
6,56,0.005358396672513698,0.031628727927795024,0.02886896187385959,0.0330584974064698,0.0033301180678272967,0.11233589454483821,0.003602301477168404,0.00709664607081857,0.0,0.3,0.0,98,9.663048668704397,35.46785616850287
6,57,0.004541247250465166,0.030690184581275124,0.030352950456721636,0.03874398686721632,0.0004477470708912236,0.11493932268209484,0.0013501506271798819,0.012578854680022131,0.0,0.3,0.0,162,9.454309787236385,34.235145265176214
7,0,0.9300282590981627,0.8852850198540357,0.8843846839666273,0.8803655138369915,0.0,0.0,0.0,0.0,0.0,0.3,0.0,1,241.4859715670441,1347.157118780107
7,1,0.8599389704875632,0.8652705622583267,0.864212894966552,0.8599006299967388,0.028903639810114755,0.10196520406576352,8.346508151239509e-05,0.00012009712984608,0.0,0.3,0.0,3,223.85759526010085,1259.7020391117308
7,2,0.537493632033344,0.7589204913847948,0.7568486634250939,0.7488747718764825,0.39632636816012856,0.0989337853552924,0.07629310114756753,0.29048140753590196,0.0,0.3,0.0,4,128.4146651250029,718.5887438631855
7,3,0.48582009058120884,0.7275367212010524,0.7253090147265655,0.7174951340328387,0.04043216575960487,0.09974461298686932,0.03788409205477976,0.1443509302264272,0.0,0.3,0.0,6,118.68941183195986,675.5401131120827
7,4,0.26685672999711235,0.5766172912862219,0.5735881889129958,0.5615190469756246,0.4054405827467521,0.09933949390218748,0.0038297553400182876,0.04780582213353213,0.0,0.3,0.0,7,72.45973855355149,247.7034266088273
7,5,0.25269000297130967,0.5637033193575743,0.5605639815865207,0.5480711491005195,0.04237295379303092,0.09888000334584944,0.0076178927384408365,0.057259178867521895,0.0,0.3,0.0,8,68.56220764592115,290.3591143815169
7,6,0.17013123023905477,0.4733750548851466,0.46953963847670777,0.45521640787740614,0.2567169304813462,0.10553972466498021,0.002143836057907181,0.024499853829457068,0.0,0.3,0.0,9,49.20519356730382,173.6902085943655
7,7,0.15865744453380168,0.4575942867113444,0.4536305254445872,0.4388146795867438,0.04787518455982767,0.10158696033919097,0.004041136836666383,0.029247426922041592,0.0,0.3,0.0,10,46.190155745290944,210.76348811079416
7,8,0.10480276388415084,0.3703671843777895,0.36602388817464354,0.3487530502188411,0.2522365086771147,0.11045924694477298,0.003212703282663847,0.027280146605224997,0.0,0.3,0.0,11,33.43153903237706,122.49587966194834
7,9,0.0978400104236771,0.35592964877993505,0.3514685659813851,0.33374646371936467,0.04451423649211131,0.10419668808123103,0.0051100040614230485,0.03202771969780953,0.0,0.3,0.0,12,31.63758094763641,151.84494499699144
7,10,0.08169413140740249,0.3220654644777705,0.317345822488799,0.2992087831902612,0.09565930817825628,0.10228039274841624,0.002046548829975583,0.01741265103197532,0.0,0.3,0.0,13,29.0557889338324,95.98261799895268
7,11,0.07727610039296991,0.31109529660763763,0.30628636477052495,0.28803177853285405,0.033855185681701656,0.1029864818852306,0.0034335681908910375,0.021402648830237618,0.0,0.3,0.0,14,27.08931627045808,132.89340097875635
7,12,0.07293041445041017,0.301256270366825,0.29637445805136486,0.27821189565178256,0.027167915177817255,0.10237673532362815,0.0015558328874115995,0.01308977108666207,0.0,0.3,0.0,15,26.711717919420195,89.77210036834539
7,13,0.05724800590647361,0.26022129733676297,0.25471285110430736,0.23601876221452026,0.12407249668703411,0.10282485290272163,0.0021646028835017686,0.02415274817794379,0.0,0.3,0.0,16,22.40719185194536,68.71241152789798
7,14,0.04498939415443521,0.21976405478194694,0.21393760355918545,0.19402074541140812,0.11247903650013157,0.10098650412186023,0.0023605112780332106,0.0248340217055636,0.0,0.3,0.0,17,19.23450876172945,87.62602868955099
7,15,0.03758278523264535,0.19385152620146634,0.187822995965485,0.1675288000173708,0.037636473317462685,0.09818610331353037,0.0017951421316564499,0.01864513863555968,0.0,0.3,0.0,19,17.493922749857465,83.91444790001908
7,16,0.01619246862747417,0.10027959993929529,0.09382226424264618,0.07080000241608198,0.2693925450765975,0.10133522335956775,0.0007480619598504882,0.0618884338112163,0.0,0.3,0.0,20,11.68762347663132,48.426372757631285
7,17,0.01610149210451349,0.10014791501634719,0.0939931579160535,0.07139589529502174,0.0003183144286116299,0.09960767911437168,0.0005159617125282199,0.04627213192188527,0.0,0.3,0.0,22,11.741311362929814,50.71583321983942
7,18,0.014440973718195202,0.09083459379113223,0.08430323147015642,0.06206768994374874,0.026942459307511706,0.09899962051591568,0.0006993857650257119,0.04458168487306581,0.0,0.3,0.0,23,11.401050379477802,53.949527736228205
7,19,0.01275749821705812,0.08185899739623806,0.07556084523468634,0.05282991642195966,0.0260613734810388,0.09799348645886892,0.00044634747882610587,0.0385738959811809,0.0,0.3,0.0,24,10.932780836560331,50.0116273415396
7,20,0.012256341073136365,0.07875312801792786,0.07212732796922103,0.04995131021584377,0.008924371341043296,0.10255867506894911,0.0005457948259445907,0.03704037691379389,0.0,0.3,0.0,25,10.848343971283066,48.98559375592531
7,21,0.011787680881423011,0.07601108049241932,0.06906079993633375,0.04821123923350023,0.007759609693830481,0.10740099688841157,0.0005043773328668881,0.02805267923756738,0.0,0.3,0.0,26,10.719606822926076,39.51820224135744
7,22,0.010758103323596217,0.07008914196542171,0.06339549938949554,0.04164107483135069,0.017444779252608084,0.10130135838969304,0.00047505389019613693,0.03176523627454347,0.0,0.3,0.0,27,10.64606474799714,49.00373951073379
7,23,0.009861781888877433,0.0649872089960325,0.05855687135351916,0.037383144941730354,0.014958269443130934,0.10147271803148279,0.00034764671446521964,0.03090689174270871,0.0,0.3,0.0,28,10.6001559087024,46.823493726667984
7,24,0.00953900686869249,0.06283261070174007,0.056082181098421155,0.03559848923534566,0.0021320145136305736,0.10072313248908529,0.00041563933289429057,0.02809980235914917,0.0,0.3,0.0,31,10.238615054727084,59.26273196846974
7,25,0.00886988771166904,0.05905422940177863,0.05288045491305633,0.031942657172144125,0.01139562538526582,0.10084669926429175,0.0003081816181280406,0.030804248811792778,0.0,0.3,0.0,32,10.241320099602683,45.00413739960602
7,26,0.008917118953723917,0.058726819621917316,0.05254957743823593,0.03362193056340061,0.00046927928345416863,0.10118088267513117,0.0007054874817911383,0.03257573142162214,0.0,0.3,0.0,37,10.448299199786312,46.90954648452078
7,27,0.008763548573194934,0.05846262297503509,0.05289027487825101,0.036335819178767374,0.00027996822932442134,0.10181097547609452,0.0003791652019933701,0.03087520013879742,0.0,0.3,0.0,43,10.440544686262587,46.62982138643796
7,28,0.008638347533752424,0.057800718943157844,0.05252623775237109,0.037448529025902795,0.0008254670772785411,0.10137015047887543,0.0003611454608176038,0.03090486980145345,0.0,0.3,0.0,46,10.308267230308816,46.86732764424857
7,29,0.008478046340462274,0.05680017414679938,0.05151786768988001,0.03821419987818715,0.0015496015208337332,0.1013944169263554,0.00036019906120485885,0.03097103725706955,0.0,0.3,0.0,48,10.286693227952576,46.94015614798409
7,30,0.00869371198493798,0.05625690930426698,0.05096753631215277,0.03651369870883893,0.0030658568383317127,0.10155023933087803,0.001559181508775219,0.03214367468219219,0.0,0.3,0.0,49,10.351353952177298,47.06084964782874
7,31,0.008220096126463438,0.05515679286648219,0.04986152141063719,0.037410594972685694,0.0022635117680833675,0.10143641990318293,0.0003746136541702462,0.031120578371972917,0.0,0.3,0.0,50,10.304813885291734,46.97685516761236
7,32,0.008188421325821538,0.055087913502249126,0.04979230291006484,0.03734020933163524,0.00015495129630775943,0.09961995227076784,0.00029356066629691266,0.03068574792245459,0.0,0.3,0.0,52,10.014284520609587,44.514896245134025
7,33,0.008123302782615116,0.05263788638385745,0.04853182022573307,0.04976298171603236,0.0007971397138978357,0.10320883925768949,0.0017880814028094726,0.01000864719825016,0.0,0.3,0.0,88,9.94176161730834,58.3470807218163
7,34,0.007769421263661255,0.05126668596923214,0.048363065875955236,0.06019786732209784,0.0006120465086622872,0.10005006490004656,0.0014589999705561887,0.01024830651334853,0.0,0.3,0.0,115,10.050771745523264,69.78903470868525
7,35,0.007641848007077158,0.05056488948804826,0.047655906989109736,0.05913807426429955,0.002373312464155523,0.10107350549908596,0.001385940194240684,0.01006559214096142,0.0,0.3,0.0,116,9.961637492102907,69.04006403172009
7,36,0.007549251674295248,0.04997433117940677,0.04706070678666638,0.059521546242618725,0.002113535904821665,0.10097893480013398,0.0013821897212760248,0.01008142441756439,0.0,0.3,0.0,117,10.12366932468557,68.96423652781337
7,37,0.007535503177735025,0.04989736750275375,0.04698316098710862,0.06043809479755142,0.000627992878221281,0.10101913953211925,0.0013749768816651942,0.01006534912331342,0.0,0.3,0.0,118,9.914388812768784,68.89473581403736
7,38,0.007228888124667699,0.04783115440656508,0.044597631663315714,0.057662445611864635,0.006101314470695962,0.10102996385605671,0.0013690079804152566,0.01006033035625107,0.0,0.3,0.0,119,9.851264331862458,69.01720771120115
7,39,0.00716499272125689,0.04762007752042249,0.04468815448462778,0.060400254757705725,0.0004909464443105419,0.10009147184110886,0.0012997372813129834,0.010187865616590169,0.0,0.3,0.0,127,10.048345879605137,68.90184816637999
7,40,0.007094885674120182,0.0466731703904092,0.044339017985330284,0.06002042392225253,0.0017107065731808164,0.10056608765792999,0.0017040627916366743,0.011043129202803901,0.0,0.3,0.0,130,9.826398313647248,68.12848932830615
7,41,0.007089291439436391,0.04662082792591658,0.04428622525187912,0.06487057251497441,0.0005455215750794726,0.0991347775274736,0.0017132913574315262,0.01112834116702282,0.0,0.3,0.0,135,9.820792503664096,68.0758716844547
7,42,0.007089291439436384,0.04671083382552203,0.04468000748395479,0.06594263408418723,0.0005140269080058201,0.0991347775274736,0.0017132913574315262,0.01112834116702282,0.0,0.3,0.0,137,9.820792503664093,68.07587168445471
7,43,0.007050677550043979,0.04656486990105895,0.04483602434142758,0.06746815416313297,0.0008472908107740608,0.10040128695982158,0.0017034363444363195,0.01104786964076418,0.0,0.3,0.0,139,9.820744680919962,67.7916266057867
8,0,0.9198805902722161,0.8824767303106821,0.881554323147896,0.8774509968383972,0.0,0.0,0.0,0.0,0.0,0.3,0.0,1,251.9048862840797,1329.1297799137778
8,1,0.8579489661069272,0.8646892393294683,0.8636270134180964,0.8592979257591694,0.025708768664627884,0.0903831703478042,8.295834010699271e-05,0.00011060405172968,0.0,0.3,0.0,3,235.39129935588585,1196.2884832735238
8,2,0.4550684579321558,0.7056473246467562,0.7036337913779885,0.6956249819533616,0.4616328407841094,0.12682057729148616,0.0026392921049278634,0.00880534000423104,0.0,0.3,0.0,4,119.0591691363419,594.1129814471676
8,3,0.4197569432160025,0.6855687695449812,0.6834006319356986,0.6756517323276935,0.02879377926017415,0.12555017927404374,0.0013617580032817818,0.00448664189322057,0.0,0.3,0.0,6,111.99682137671876,569.2016440546845
8,4,0.27727087520544735,0.586062108009645,0.583077704665531,0.572414504600009,0.30463581940709006,0.0992541986092249,0.01633916379749025,0.08948847702138636,0.0,0.3,0.0,7,65.30770544457621,413.72785652600095
8,5,0.22980130385100897,0.5414333786417356,0.538117300381454,0.5271210317674803,0.06343569692041776,0.10025542406102741,0.008445927044107116,0.04528729760203911,0.0,0.3,0.0,9,56.76934615511093,376.3325522825781
8,6,0.20918129079200734,0.519602981921917,0.5161128830991711,0.5051246799712338,0.06682429980612598,0.10148768660330221,0.009568914113121505,0.04916400361897947,0.0,0.3,0.0,10,54.68657192841036,319.2377614576298
8,7,0.12501662407894085,0.4053142472122415,0.40123091240207953,0.38635073781115425,0.33215810435400056,0.10469071602630861,0.009296261857393177,0.047370516479339306,0.0,0.3,0.0,11,37.20293151257844,282.8816932498135
8,8,0.10997833431784479,0.3782437671138512,0.3739460360843112,0.35824684735830414,0.08179323339767706,0.10440009827020902,0.010121398461635338,0.04939200274974842,0.0,0.3,0.0,12,34.651020523844416,263.3938907109433
8,9,0.07203004369994981,0.2967014434527418,0.29177186016949724,0.2744258906278813,0.23431403977076812,0.09993281524323988,0.006685345412885067,0.0323826143789312,0.0,0.3,0.0,13,25.806350768324105,221.7115681931554
8,10,0.053531450478809285,0.24566072449384563,0.24033170151611938,0.2217092923248917,0.07602486164305632,0.10068490018614007,0.0061585844502812185,0.03209051410023087,0.0,0.3,0.0,15,21.796946419973214,181.63791452290008
8,11,0.04927173849665462,0.23320179278218153,0.22777869283750846,0.2096975181361328,0.018660524845138478,0.10064023537024169,0.004581821497981866,0.02394072699581425,0.0,0.3,0.0,17,20.95279485325201,174.45415279762395
8,12,0.047555088031275734,0.22705806132792924,0.22189025176138208,0.20363416940826345,0.009262534826174132,0.10113630340663612,0.004458347773483046,0.02360445232633755,0.0,0.3,0.0,19,20.13649497028093,161.6110580847647
8,13,0.047644501598268114,0.22617251351280318,0.22099369199635918,0.2022860053943773,0.005868877145759834,0.10068490015441571,0.006158584463737761,0.03209051413557717,0.0,0.3,0.0,20,20.33198104294505,175.5694606719479
8,14,0.04021169451058185,0.17030583264759883,0.16430567218840442,0.14598035882371888,0.2024745915495644,0.09700349877054042,0.04001597482201472,0.10315785373430116,0.0,0.3,0.0,21,15.299894214072191,81.74370149715304
8,15,0.0341171666950522,0.143797804672148,0.13759168012404271,0.11873653486713064,0.049339511799808125,0.10663847724770567,0.039120403659108266,0.11759788769939136,0.0,0.3,0.0,23,12.810421496871454,66.3335435387805
8,16,0.029466874383743655,0.12976840614616017,0.12346936354606611,0.10570181437399537,0.020912750680792777,0.10567198025390936,0.031815359610444634,0.09557161612011941,0.0,0.3,0.0,26,12.746988050958908,85.94949892253933
8,17,0.02228094736241257,0.10393053334354245,0.09775246086588127,0.07963142793019053,0.02375331637720218,0.10340743190276089,0.023020943607128665,0.06925609739500375,0.0,0.3,0.0,30,11.907479295890484,68.32310696262998
8,18,0.01923210875795532,0.08688368842819723,0.08057160987657055,0.06276361993917731,0.031564055843968125,0.10336900621923725,0.023122756891729955,0.06988029328247478,0.0,0.3,0.0,32,11.175568283101263,65.02231766715522
8,19,0.017893417413438917,0.08071363413071288,0.07435586921323716,0.056097055847065036,0.023105762693097425,0.10467214814025452,0.02195757157678515,0.0833590966983512,0.0,0.3,0.0,33,11.0257773169025,56.43683462505725
8,20,0.016477030780927535,0.07753556835929808,0.0711611437539266,0.05283808446711653,0.011598585029631365,0.10487260024325502,0.018430009502748375,0.08513980874972402,0.0,0.3,0.0,34,10.954699845670891,50.16939578427036
8,21,0.015606509457974396,0.07184440645059588,0.06542440792274304,0.047684920266682015,0.02253923413545965,0.1051885526326473,0.018802241571567412,0.07074224275174626,0.0,0.3,0.0,35,10.994548308835514,55.52140576719359
8,22,0.015773282542748415,0.07194478839128864,0.06552405144619436,0.04826282987807485,0.0064166085604669245,0.10519077689181655,0.019468510404974798,0.07327063757807524,0.0,0.3,0.0,36,10.652462952738087,57.54963127570331
8,23,0.013762589975068722,0.06428549103731783,0.05781197866361662,0.040347405451354304,0.02386319105867622,0.10576715003418968,0.016351390728055783,0.07485252112474827,0.0,0.3,0.0,37,10.413315233330446,50.89829121783366
8,24,0.014279431950331607,0.06269369372969325,0.056503390397312225,0.03933453917080935,0.013343002496140668,0.10519077689181655,0.019468510404974798,0.07327063757807525,0.0,0.3,0.0,38,10.335809599521772,53.92889290588523
8,25,0.012560023933351445,0.06000351351798342,0.05380414242926764,0.038044424062044696,0.00597065583355348,0.10733271767728003,0.014351690729922631,0.0461560470985755,0.0,0.3,0.0,40,10.4481052165104,51.83170742598307
8,26,0.01206860500426182,0.05775303439851346,0.051537241277615956,0.03542631639981846,0.01018062692581795,0.10906679917441968,0.013820570089219646,0.05596419413506235,0.0,0.3,0.0,41,10.39109438263781,42.89837166819181
8,27,0.011619998391096972,0.05482726890920417,0.048588411845340566,0.03288959458251396,0.012619863375357181,0.10917924009660711,0.013862605775279207,0.05618736177981211,0.0,0.3,0.0,42,10.323033421085547,43.150836459824646
8,28,0.010702466102228025,0.04863579348221697,0.04234797435605382,0.027047849078492,0.013192435597245476,0.1090152851930479,0.01401448661143902,0.05586971100576475,0.0,0.3,0.0,44,10.15083961728578,42.48230948204856
8,29,0.010586665539232189,0.048474004797884516,0.0424888114304791,0.029375691358975716,0.004190260095383443,0.10857439363588832,0.013710167336462232,0.04269658992808869,0.0,0.3,0.0,50,10.01929268281873,51.45618765782664
8,30,0.00961599617780639,0.043573613724968305,0.03755207480689509,0.024300261642399477,0.01719026742606238,0.11036762885202411,0.012808670927122748,0.050854295998037494,0.0,0.3,0.0,51,10.060003005281567,48.80152521465643
8,31,0.00942511543076504,0.042691687201296326,0.036663756903722325,0.023920807238735728,0.006112627455940434,0.11097535285531768,0.012577296499104136,0.05051154990029718,0.0,0.3,0.0,52,9.913736926770335,45.54897388854799
8,32,0.006253833295874888,0.03875503791916096,0.03332590350707835,0.022728510448655502,0.0011246778605814392,0.10946634460875329,0.002559925578571404,0.026968820744449267,0.0,0.3,0.0,61,9.966632636614843,48.14411894863345
8,35,0.005157380288935415,0.03134885280399554,0.02586170888697529,0.016563929499508294,0.008182442022603747,0.11060708876528555,0.0025205465169788337,0.02697195972057919,0.0,0.3,0.0,66,9.776239166636348,48.48864699562624
8,36,0.0050557928907605885,0.030811146240522537,0.024411076415665183,0.01210169638106207,0.001243543317662953,0.10897590430539197,0.00227575368077972,0.024461815424158078,0.0,0.3,0.0,67,9.875522025724658,48.04575482773275
8,42,0.0032000539389610305,0.020427580238624312,0.016070270344768968,0.012535702383931467,0.00383873620319424,0.10625963667556522,0.0011310020801548323,0.02976849332416446,0.0,0.3,0.0,82,9.651885089156348,39.249219423513246
8,43,0.0027244001449384333,0.01762471671057595,0.012943279826447872,0.014215465000927633,0.0006900612005490657,0.10010376097050773,0.0007415425532064149,0.02149675603863792,0.0,0.3,0.0,98,9.579911325646462,45.1720212872086
8,44,0.002677661929552523,0.01728641698482708,0.01260231408452858,0.014826737539651412,0.0007096444167102854,0.10094337446692228,0.0007407084735049785,0.02146010820675473,0.0,0.3,0.0,100,9.557485910959045,45.21282450952391
8,45,0.0024910187941259193,0.015914809125377922,0.0112199162393815,0.013723920975931872,0.004181299201670226,0.10074339235991954,0.0007457400996782078,0.02144806247605458,0.0,0.3,0.0,101,9.535141520241345,45.84602315699146
8,46,0.0023703473890777016,0.015394025636272485,0.011301491364200732,0.01627637651927189,0.0008399659500740887,0.10010682829232645,0.0006490627411122156,0.01791981939908677,0.0,0.3,0.0,104,9.40564224533605,47.36665756818832
8,47,0.0022499482691953443,0.014408939653985412,0.010308560404163076,0.015253423243610176,0.0016529032451081359,0.10052790135651697,0.0007016966374185454,0.01916483166231166,0.0,0.3,0.0,106,9.381480814759472,46.91419562702613
8,48,0.002228991832487494,0.014554012984130187,0.011061031114621051,0.017177564902344605,0.00020104728290901196,0.10007824441168314,0.0006391448574826417,0.01788422889285371,0.0,0.3,0.0,111,9.400460080177275,45.683455873936985
8,49,0.0022195390157349615,0.014498545948784145,0.011005127589003978,0.017446687719315766,0.00026653509855828126,0.09975321280656799,0.0006318054400560647,0.017798691162175202,0.0,0.3,0.0,113,9.351761036765389,45.84574339966986
8,50,0.00265666272962732,0.014091752604150706,0.009378810295634978,0.017007953782510275,0.0015097459866992365,0.10535219844006098,0.002341946567876376,0.02492340353335669,0.0,0.3,0.0,115,9.44971497740639,46.49625463424026
8,51,0.0026674699366254374,0.013747376072865816,0.009334141878087081,0.01921122644478416,0.0010795952514795176,0.10540336362035596,0.0026103285687130405,0.0252908794425937,0.0,0.3,0.0,120,9.415400133426926,51.49395183380544
8,52,0.0024523367351531973,0.012605378763051803,0.008183756288774794,0.019988520046694026,0.0015139090932707261,0.10445061252833224,0.0023757800099243145,0.02553366313683786,0.0,0.3,0.0,124,9.352217980873364,49.79988245104549
8,53,0.0023530251571613,0.011840379228429536,0.007109725429576217,0.022227918933580778,0.0009950221542268597,0.1055885139733653,0.0023431340657733783,0.02489904002389751,0.0,0.3,0.0,133,9.368004141865663,46.08854621249263
9,0,0.9632993941798542,0.8942893014628068,0.8934595456337232,0.8897105196048011,0.0,0.0,0.0,0.0,0.0,0.3,0.0,1,209.8085151809085,1341.542105955278
9,1,0.890887271341954,0.8743029917602457,0.873316255723444,0.8692748383416751,0.028863774282337783,0.09466030442865976,8.412122249237467e-05,0.00010835683126481999,0.0,0.3,0.0,3,194.31831230576088,1254.2270293155111
9,2,0.8335796428960853,0.8575428388488151,0.8564221227902262,0.8524633547083034,0.049528753483099014,0.13956621988920687,0.0011058299896999928,0.00275084791023846,0.0,0.3,0.0,4,184.54202407483064,1083.628357454457
9,3,0.39383022548817026,0.7013377674051866,0.6981999339591509,0.6865414020393866,0.8478604718963995,0.23372061769381927,0.3370897385121663,1.0,0.0,0.3,0.0,5,75.73234245705936,204.12155201202543
9,4,0.2955401373399823,0.6093661772458088,0.6059028326670168,0.5937353359774131,0.11110889819019772,0.22509364863195006,0.1687541760285803,0.6454776429755692,0.0,0.3,0.0,7,64.62960007740821,172.86552824475257
9,5,0.2327943985788656,0.539735384461413,0.5360461002377077,0.5214896079468556,0.23542338544543548,0.16380506229883537,0.16128422613495896,0.5217244437141362,0.0,0.3,0.0,8,50.62948443728322,205.93465143568315
9,6,0.16708258816062868,0.4595781185104879,0.4554493662185231,0.4398709940112994,0.1048981332929004,0.1570326924235247,0.08071729099868732,0.2610817671828862,0.0,0.3,0.0,10,41.19529554527364,171.53668633153814
9,7,0.14910772081032198,0.4309775493628122,0.42662181752910333,0.41076019484044385,0.10805452277805026,0.1466108643116074,0.08178623106105178,0.26522825678885803,0.0,0.3,0.0,11,36.873556179723565,125.33882335388634
9,8,0.13315380811403046,0.4062934355754074,0.40177703488453137,0.3851058411604588,0.07916787049565573,0.1494817719609663,0.067746262215356,0.2190519801546132,0.0,0.3,0.0,12,34.32607724048403,145.22020367861154
9,9,0.11091597808457612,0.3588314963206593,0.3542109921849563,0.3363631633703467,0.1780248366708685,0.136574313959784,0.08249703327664122,0.2678053179529865,0.0,0.3,0.0,13,27.614214170389577,86.09521778738893
9,10,0.06537384441271563,0.2357964988498458,0.23052752989519407,0.20895917310737078,0.36919433994271744,0.13125036744099347,0.07652268561860975,0.24658552731389743,0.0,0.3,0.0,14,17.556058212374914,81.66899078026444
9,11,0.045019769247000935,0.17987376390659965,0.1742257754107854,0.15181206252893098,0.08489221681360305,0.12828381450852072,0.05104775068630359,0.16446147039441703,0.0,0.3,0.0,16,14.643126875287658,67.73854356979051
9,12,0.03599015490785315,0.15378350420253167,0.14796119171208547,0.1252652821608215,0.04364077620071014,0.1317878813288608,0.03810186710216902,0.12286530893988087,0.0,0.3,0.0,18,13.571235711845906,58.41108553429139
9,13,0.029121094800911546,0.12054290772082345,0.11445958012212427,0.09148447686524001,0.05929449652515827,0.12959459800965537,0.03816066103264171,0.12297791514152508,0.0,0.3,0.0,20,12.035386677551957,51.64762914212344
9,14,0.02632620676686551,0.10787046483469294,0.10199445520901451,0.0789074563127962,0.02855842533433913,0.12858633357326868,0.036584447882709724,0.11797927222989839,0.0,0.3,0.0,22,11.852184678800205,45.64380190530624
9,15,0.022486231718549004,0.09666152224303978,0.09071472568427372,0.06802432636641416,0.021779645858230216,0.1303287528639561,0.02928069808475397,0.09442276266392466,0.0,0.3,0.0,24,11.594077711925252,46.10380320550454
9,16,0.02077390388944861,0.09376785091006878,0.08750683310240415,0.06567633366974411,0.009226737171229777,0.13838342567334921,0.024367761402997932,0.07843654202344556,0.0,0.3,0.0,26,11.620139706622991,52.823199967405046
9,17,0.02095542092395737,0.09327346322686576,0.0870059938951378,0.06558466342728686,0.010011083466091312,0.13047778237787194,0.025462755688500316,0.08209661955018341,0.0,0.3,0.0,27,11.49523488936276,45.99239955132013
9,18,0.02190920642914462,0.09269081573948863,0.08701460657400803,0.06570681869686021,0.011970780266288158,0.13207852373806178,0.029877557044832633,0.09666036931446044,0.0,0.3,0.0,29,11.334417227958737,47.22606186871687
9,19,0.019377755191191982,0.08407928664170118,0.0783452602708311,0.05726306094252942,0.018336494256921142,0.1293369021718776,0.025724850634684247,0.08142944524840127,0.0,0.3,0.0,31,11.04584712197392,47.10465466504213
9,20,0.019177579689538392,0.08291035259985266,0.0771671338623803,0.05604958679713221,0.011078046004882502,0.1293369021718776,0.025724850634684247,0.08142944524840132,0.0,0.3,0.0,32,10.888013119176753,46.70596462272859
9,21,0.01730616527716162,0.07727616989188517,0.07149736433468314,0.051240734018814536,0.019679517413703478,0.12796917433903857,0.02205304444293676,0.06988321712136122,0.0,0.3,0.0,33,10.63453261939018,42.9015471819079
9,22,0.018172266118808875,0.07625871784882782,0.07015914659246542,0.053781950051372214,0.008535275861037398,0.13525496190927916,0.026146793892901993,0.08386807557169243,0.0,0.3,0.0,42,10.972860565012688,39.008093332959646
9,23,0.015834834921028187,0.06951262910488401,0.06337161319245432,0.0479298442991897,0.013987540069788553,0.13228500012394265,0.021265770583633416,0.06817352812796337,0.0,0.3,0.0,44,10.798567058650711,32.31950084470035
9,24,0.015720076565442942,0.06894796102005525,0.06280272874135247,0.047913826657589746,0.007903653210413822,0.1324699251964056,0.021176629915406524,0.06792964280070254,0.0,0.3,0.0,45,10.75301648968572,31.67346387820936
9,25,0.014836804546422108,0.06810619266030965,0.06226437775952917,0.0475427294035731,0.00564531977532902,0.1318463287028406,0.018263794779548835,0.058533077064285066,0.0,0.3,0.0,46,10.780929211158206,38.21891666779186
9,26,0.012638049346770146,0.05939378929903149,0.05288510185444153,0.03926705240683662,0.008849289627318206,0.1361222765549533,0.014988982907650798,0.04805842559041304,0.0,0.3,0.0,51,10.371881292460596,47.09685543774293
9,27,0.012126656570939788,0.057578650728008135,0.051057759530336644,0.0371260228856396,0.006461718658260701,0.15794362341865492,0.014101554737466328,0.04403557462021286,0.0,0.3,0.0,53,10.5260642622691,45.49652265308643
9,28,0.011761111485003327,0.050738883053474376,0.044157818601419076,0.031096652252967108,0.016119899294630514,0.13555021192279346,0.01686435622918049,0.054017147690068636,0.0,0.3,0.0,55,9.912064940493607,41.05347721825866
9,29,0.011561220967128267,0.049706462464927055,0.043420602621762235,0.031074264946056855,0.006068429812722671,0.13537642877078507,0.016751883405758197,0.05367030923522402,0.0,0.3,0.0,58,9.900615937276289,39.97384512114795
9,30,0.011029939980281796,0.04797276557990486,0.041978821667019627,0.0309153808028665,0.009108722689043391,0.15778420111929092,0.0157529922657849,0.04900084106452524,0.0,0.3,0.0,59,10.387253866235044,30.4285873130571
9,31,0.012593377619017805,0.04776414650049961,0.04175378840118987,0.02941398288682275,0.012625865037905425,0.15100190370577632,0.02201781718022536,0.0687247829726657,0.0,0.3,0.0,60,10.201621424552275,36.18007881456404
9,32,0.009795488421025744,0.04222084534521976,0.03618514680909081,0.025550932693757536,0.013594246309402414,0.15734950605299955,0.014303059169156555,0.044580806717074324,0.0,0.3,0.0,61,10.220012697654,35.59599449963069
9,33,0.010072044217695378,0.040016461240207024,0.033957905742465974,0.022647657235582583,0.013392029427564667,0.15061623510136965,0.016662096071158993,0.052851175329833786,0.0,0.3,0.0,62,9.882443793156112,34.903699661779804
9,34,0.009792921342648472,0.0384596004160631,0.03238930360109873,0.021318573777322238,0.009256664314345714,0.1561076423531355,0.016464781746464603,0.05158504162521528,0.0,0.3,0.0,63,9.789384593965838,31.73150060368353
9,35,0.00900124695805295,0.036662489993413594,0.030885897221136188,0.020873350814284174,0.00803152230494562,0.15976992922678723,0.01445026021278256,0.045162504778581,0.0,0.3,0.0,64,9.895959290207804,30.857072216390154
9,36,0.011294615261305308,0.038900779555257656,0.03342660476385686,0.025065455654097412,0.0067067675908975295,0.15388181810873008,0.02217725848156534,0.0619471605953044,0.0,0.3,0.0,73,9.868000108563404,33.76469947776748
9,37,0.007604661507947275,0.0328170159536004,0.02641199074314998,0.020329264243524013,0.0045174787996861525,0.13779910118073396,0.011077359088797582,0.03577943456749494,0.0,0.3,0.0,79,9.669277646382872,37.54979115929935
9,38,0.008694090795999565,0.03409037645622594,0.02920188992915105,0.02395191502489616,0.005354845644594643,0.14699604775463224,0.014858387153617638,0.04750951184259778,0.0,0.3,0.0,80,9.839909261086747,35.43378158796457
9,39,0.008150882717495422,0.030575525565363214,0.02596275068603366,0.02207545746514558,0.009574239502120099,0.1603646304924036,0.014752158200239274,0.04584159673432734,0.0,0.3,0.0,82,9.7771177841454,31.69631219652917
9,40,0.0077697797393582475,0.028575003625697613,0.023644461859157185,0.022560921427943605,0.005588193666645296,0.14904738065005127,0.014327325043906524,0.042812740671537494,0.0,0.3,0.0,86,9.710867447656428,33.74384537002782
9,41,0.008127044706116488,0.02568240456103279,0.02193406481856553,0.022680829650233464,0.009267777373524657,0.14014609525916494,0.017474838349116,0.05205215987726528,0.0,0.3,0.0,89,9.448820417747417,29.665685020773928
9,42,0.007974040277876475,0.024597210068038593,0.020840368097508385,0.021869170722885405,0.006798796904623728,0.1402620261815766,0.017465084055547836,0.052022258675518886,0.0,0.3,0.0,91,9.386441599794432,29.41772328451558
9,43,0.007126235484629862,0.019614776348205257,0.0155173628276572,0.016031706000386867,0.01854626707871132,0.15629466041078546,0.016783210883815257,0.04962744661869411,0.0,0.3,0.0,92,9.508260871962577,31.854654800603168
9,44,0.006173012570162998,0.016086536198145436,0.012268689328752393,0.015017230488194299,0.006719024357043341,0.15598365478964676,0.01499484138905442,0.044329838343659875,0.0,0.3,0.0,96,9.42171957364348,30.82859783525525
9,45,0.004849499039006921,0.014004283457414838,0.011088497984832045,0.015648239648352092,0.0038241152573309234,0.1596225900229626,0.011114844080037526,0.0363882196306559,0.0,0.3,0.0,103,9.471722807230478,27.45908007713377
9,46,0.0059583533524086895,0.014864359263189904,0.011946316406293091,0.01840132933967141,0.004599480117091635,0.15555755692776713,0.014938662091837885,0.045663148818503044,0.0,0.3,0.0,110,9.122315744074598,32.180545894941865
9,47,0.00477304892167001,0.013601940305926676,0.01128910442563967,0.01874620790200468,0.003485575115179618,0.16267800140793823,0.01112496068764319,0.03642456792725446,0.0,0.3,0.0,116,9.23034681209981,28.479437246664418
9,48,0.0045535651571471545,0.011994886860499005,0.009972497125239116,0.019699775221222696,0.0049703926435467095,0.15949307813447672,0.011144737821567965,0.0367532305258278,0.0,0.3,0.0,119,9.318189211248278,29.18502403736161
9,49,0.004359013033067561,0.010552169571600245,0.008518485069012198,0.01819103851018871,0.007483129844376572,0.1614418891811113,0.011130428066395021,0.03668143102452093,0.0,0.3,0.0,120,9.27625437194582,28.84492692987238
9,50,0.0039004071744737513,0.007291657480160724,0.005838578837722857,0.01836983264380938,0.00474363395851305,0.1613079011152899,0.01110172977885853,0.03652422260106986,0.0,0.3,0.0,127,9.136157497205913,28.35503091519633
9,51,0.0041970029298741,0.006808494238822111,0.005348367568649792,0.020512596143133503,0.004176068662099413,0.15630565963171408,0.012480248752309272,0.03694621734711699,0.0,0.3,0.0,133,9.05333690266913,29.583515600832108
9,52,0.004133295657054987,0.006424831138940785,0.0064767565429697015,0.03505503723590157,0.0038740152463357424,0.15415494356396137,0.012648732247662295,0.037227678247019544,0.0,0.3,0.0,165,9.004596208672975,29.0508784335288
9,53,0.003846669344800612,0.0046279182195045196,0.004666202565795783,0.03388629039112654,0.006230477984052062,0.15612147826329395,0.012438795893541169,0.03723311877842186,0.0,0.3,0.0,167,9.04040865474094,29.84634823435727
9,54,0.003538417881303939,0.0040640432313399115,0.00410005168585677,0.03190619033910249,0.0034978289930677597,0.15566950927152906,0.01153691340364153,0.03440476330883626,0.0,0.3,0.0,190,9.201120777098737,34.07250284647592
9,55,0.0035314265643836902,0.003919871799967502,0.003651593916123167,0.02576638144476949,0.0035001171077108546,0.15562723843189138,0.011536842211023014,0.034405091066740515,0.0,0.3,0.0,194,9.203270807370382,34.074196513407124
9,56,0.0035025239604564782,0.0037261635640179415,0.0034564095543605897,0.027699040724501335,0.003728833072084589,0.15772525067023063,0.011521365181201965,0.03443255849991181,0.0,0.3,0.0,196,9.136352688164006,34.326812076221195
9,57,0.0034605310648642123,0.0034605310648642123,0.003491781463147975,0.029134018465074657,0.003978854821504955,0.15544598189493616,0.011535103549547374,0.03442511460388905,0.0,0.3,0.0,198,9.14040658557644,34.11030524424859
10,0,0.9293631093956363,0.8851018437849169,0.88420008437154,0.8801754794098869,0.0,0.0,0.0,0.0,0.0,0.3,0.0,1,243.04278526694745,1327.0991075282952
10,1,0.864424759655641,0.866605906028199,0.8655587249889153,0.8612870031620807,0.026725338424974623,0.08800537456430561,8.353797716083603e-05,0.0001061914253493,0.0,0.3,0.0,3,227.89234374698367,1315.605015102864
10,2,0.5228265113597462,0.7528031042352791,0.7506609258327616,0.742414621782974,0.4278195146000988,0.09958912468290779,0.08578365212301,0.2507052094012256,0.0,0.3,0.0,4,138.58687077456702,811.2534433081811
10,3,0.46641987335197005,0.7172500952721182,0.714929614465449,0.7067564152372655,0.04563681740247634,0.10023805433248392,0.04299753102389019,0.12574569000087005,0.0,0.3,0.0,6,127.4658097692974,775.5724404936092
10,4,0.42313423244955045,0.6959733168502459,0.6934186206022835,0.6839845527144641,0.10747066306483008,0.09910777278146776,0.07154434681833444,0.20467685503675298,0.0,0.3,0.0,7,115.828347663142,627.5311506366819
10,5,0.24794004246507473,0.5586093423218856,0.5550737950900438,0.5411106438674235,0.522212666329101,0.13885094552260852,0.15890095152380906,0.46612141112340133,0.0,0.3,0.0,8,59.13053229240319,255.61773377835925
10,6,0.13038456457688588,0.40331319875425564,0.3987450190214245,0.38150019933585966,0.2196253642309998,0.12251368549622903,0.07980615924244769,0.23397629849922347,0.0,0.3,0.0,10,34.87266011840084,159.7295378852615
10,7,0.09419834258292596,0.3367759943113389,0.33168328781677664,0.3128326433494282,0.13923273616169257,0.11070920542692979,0.08076601586773575,0.2364086340535386,0.0,0.3,0.0,12,24.924967727120777,107.60083273914348
10,8,0.06359244030143171,0.22615452466969602,0.22049672924352906,0.19847365130902553,0.15757423505647639,0.11070920542692977,0.08076601586773575,0.2364086340535386,0.0,0.3,0.0,14,17.78046364274904,75.80027026562342
10,9,0.043635959770295205,0.17097094666247373,0.1649429096914086,0.14209261291584332,0.08420570981160175,0.10526191483876797,0.054071492825562006,0.15802756791965156,0.0,0.3,0.0,16,14.626207739234228,45.919809308183474
10,10,0.037523088849059714,0.14487737317622565,0.13864809608009823,0.1156742225241212,0.05270808990383824,0.10536491732438047,0.05254636730735547,0.1543766476970489,0.0,0.3,0.0,18,12.905092779608337,41.50353095636863
10,11,0.030345995306274152,0.12504790599999685,0.11869391697817101,0.09587833919193245,0.034733425438535775,0.1066429476082325,0.03942798323703295,0.11583691825120224,0.0,0.3,0.0,20,12.267864114358426,38.96455749319696
10,12,0.030318759551149977,0.12491008446622602,0.11855499104211395,0.09615432693163975,0.01222524249963059,0.10664294760823252,0.03942798323703299,0.11583691825120228,0.0,0.3,0.0,21,12.261601214592776,38.92209614959658
10,13,0.028725324519114116,0.11683930660887455,0.11042110145744032,0.08780820180088524,0.034991892124556855,0.1083292218330166,0.03934169888566639,0.11568029206017201,0.0,0.3,0.0,22,11.96789885350289,41.90880374169571
10,14,0.028721977072221384,0.11673506906642836,0.11031586159541219,0.08813448991879946,0.012180946615631858,0.10731275899066657,0.039409990318202956,0.1159095136111898,0.0,0.3,0.0,23,11.863822711419363,39.95478905440196
10,15,0.02539596692192929,0.10936832660384313,0.10290999602573922,0.08081139669909806,0.023843452628746424,0.11099175322998316,0.03148710828341834,0.09258672642479357,0.0,0.3,0.0,24,11.530731562696658,41.210099938934334
10,16,0.025771962744077864,0.09877106733278723,0.09220721788257778,0.06993375641073044,0.051005309942731725,0.13010275263988286,0.04095901102011929,0.11881691356397887,0.0,0.3,0.0,25,10.717555064501198,35.99960256664879
10,17,0.02508877264392028,0.09233510849466921,0.08662520199590071,0.06698527722307843,0.015908164822762944,0.15705024386338856,0.042985869562267624,0.13962215919132823,0.0,0.3,0.0,32,11.307638162713374,55.06250635590307
10,18,0.021907003912906342,0.0815482517235997,0.07576635301091063,0.05714812182976313,0.024500861190149187,0.15279933678963092,0.03761088404645692,0.12217695324544262,0.0,0.3,0.0,34,10.848469841498256,57.94679352174479
10,19,0.019374891792965362,0.07254094378455209,0.06669812938013492,0.04833339524289801,0.02123361772580576,0.15063958848274034,0.033461755446426406,0.10867616119333542,0.0,0.3,0.0,36,10.485410618771684,42.95346068663228
10,20,0.018927751383317912,0.06988500161751761,0.06432442269637147,0.04702986292318542,0.013981444444610417,0.1509064339133022,0.03345392123433413,0.10865897037953194,0.0,0.3,0.0,38,10.390215767215704,42.71322938901933
10,21,0.020207361797874523,0.07111505441559106,0.06555398358838405,0.04776483920117148,0.011498353994976942,0.15255455324459286,0.037751571109208085,0.12234647962749443,0.0,0.3,0.0,39,10.58177831614925,50.52880601527957
10,22,0.018023271395064856,0.06405964249433742,0.05845306190931442,0.04127163470073966,0.01842284524157922,0.15047427301131877,0.033560188798694476,0.1087627059677797,0.0,0.3,0.0,41,10.179256331779298,42.944407093942765
10,23,0.01794509569092413,0.0636782306406121,0.05837175895542509,0.04164873337393513,0.010736477937395994,0.15081039984861436,0.03354544128955726,0.10872457590810714,0.0,0.3,0.0,43,10.183026847912505,42.712478165446456
10,24,0.018145464869128682,0.06146227667382243,0.05522443229020432,0.03998330678083245,0.011889340061172064,0.16627717726501964,0.03554831304301843,0.11576268609326516,0.0,0.3,0.0,49,9.849439617322462,44.31349109010525
10,25,0.01934018940459394,0.06185269064270571,0.055607402067436015,0.038986359986098486,0.01338084639742969,0.15076002932770077,0.04002626834138681,0.13018362579469217,0.0,0.3,0.0,51,10.16273637325991,53.16513920019513
10,26,0.01914528122915879,0.06060040575486393,0.05434526786371904,0.03822663868062211,0.015612333671643507,0.15345617156259336,0.040024426841162995,0.1301798108223487,0.0,0.3,0.0,52,10.009297863937682,53.262532792749546
10,27,0.018995069308441245,0.05962783224008433,0.0533650757631212,0.03667701744875806,0.01480513198302368,0.15345617156259336,0.040024426841162995,0.13017981082234875,0.0,0.3,0.0,53,9.961664508802013,52.90801122506961
10,28,0.017257615736227715,0.055678297351875725,0.049394993295380205,0.03371694884751508,0.018254906106658562,0.1522579848264306,0.03558038999913902,0.1157295066248057,0.0,0.3,0.0,54,9.941600343880571,49.822072031072864
10,29,0.016759605641487877,0.05237485613613645,0.046368657977600834,0.031576750141998955,0.015591161922921065,0.15327408537076104,0.03564210603029588,0.1159534496410763,0.0,0.3,0.0,56,9.74035653738175,49.43704468640571
10,30,0.01671700663238731,0.05196206750485786,0.04595243051948676,0.03170698871266401,0.011968959682107646,0.1534551815967291,0.03571877820417136,0.1161923225543825,0.0,0.3,0.0,57,9.68613729877547,49.24269861113317
10,31,0.013961412941638673,0.04465747513982866,0.038605848992484836,0.026373578446887654,0.024168751695878725,0.16350310328342624,0.02919318023219504,0.09497352105178498,0.0,0.3,0.0,58,9.290557697527184,46.60575810031239
10,32,0.015793620203295666,0.04604148410612883,0.04059158135447232,0.030827602683880153,0.011002273260471587,0.17277786791061245,0.03566291513255803,0.11604875001796681,0.0,0.3,0.0,65,9.148040444904376,65.47842477855819
10,33,0.015628608934258176,0.04483030381894303,0.039067881326424185,0.029994257379711536,0.01231387321669754,0.17614214158729372,0.03566214255699175,0.1160559874934733,0.0,0.3,0.0,67,9.080639292302452,66.76600882709637
10,34,0.015375424639060609,0.04315550629214407,0.03768290940822097,0.027872701992982307,0.01325595162972282,0.17619498356277186,0.03568112083535917,0.11608368823899355,0.0,0.3,0.0,69,9.026525720488534,61.69930483877811
10,35,0.01534681873228064,0.04311384456167473,0.0376411630927986,0.029616176152494553,0.010723896778171486,0.17668305901313114,0.035593521292489244,0.11581008457071851,0.0,0.3,0.0,70,8.957951264433605,61.94393455245558
10,36,0.015309449551800042,0.04274760983115123,0.037271898167296015,0.029539591070186104,0.011804101661776947,0.173904511987957,0.03565544012197035,0.11605228286556968,0.0,0.3,0.0,71,9.018424835255509,66.96690285845496
10,37,0.013860263673838965,0.03895902816037397,0.03315891051446909,0.02574148453196333,0.017208930700522946,0.17297411125035797,0.032094225766871286,0.10445984484773514,0.0,0.3,0.0,72,8.911203709771844,66.04648673715306
10,38,0.012694288630722129,0.03721614511355489,0.032925513501109394,0.0299664278915829,0.00888163258990894,0.1651206928933924,0.028782337922449833,0.09507686318152776,0.0,0.3,0.0,86,8.895064872110842,41.53398916718025
10,39,0.012425628834638,0.035296339953885245,0.030990572048349988,0.028312056761153868,0.011417348546194915,0.16556000727129438,0.028804404387784952,0.09508646423253424,0.0,0.3,0.0,88,8.820093172534305,40.88927936461244
10,40,0.012422333810662739,0.035363229103884994,0.031361131923500714,0.029874390543924458,0.008674706071534637,0.1655600072712944,0.028804404387784952,0.09508646423253424,0.0,0.3,0.0,90,8.817996041376777,40.88482957148675
10,41,0.012209418614226262,0.03382234884805498,0.029808087337824765,0.0289164852916756,0.013108722318827589,0.165288602125799,0.028827068770216062,0.09520580737143068,0.0,0.3,0.0,91,8.757066597478072,41.05633112779667
10,42,0.012286847017152927,0.03267781212048898,0.02925826821739281,0.03197432372176394,0.009383639713903765,0.1651266897530948,0.02985298631628792,0.09720324711952513,0.0,0.3,0.0,102,8.838372078076606,41.824432482072005
10,43,0.012244897120104913,0.0324692339957197,0.029351203001258618,0.03331501591044714,0.00938585926522828,0.1651266897530948,0.02985298631628792,0.09720324711952508,0.0,0.3,0.0,104,8.815984523164614,41.74241698023438
10,44,0.012103747480443468,0.0314771223445877,0.028351283688336074,0.033300725370612176,0.011806618056217676,0.16551096254693437,0.02984528483418443,0.09719180084204863,0.0,0.3,0.0,105,8.847309905605625,41.804178682421885
10,45,0.011941368941029526,0.0303468208328748,0.027515117077690318,0.03239603690024896,0.012506842350002021,0.1660980121391583,0.029876494945806388,0.09715856482405356,0.0,0.3,0.0,106,8.76110983733833,41.552778806836606
10,46,0.01183024864844697,0.02942344730274847,0.026281408578514028,0.03111582466729542,0.011386651149514145,0.16929981931913946,0.02989517286924599,0.09723116874586987,0.0,0.3,0.0,107,8.589403102381517,45.0680829196801
10,47,0.011817071242496424,0.029450638679063154,0.026611889712089644,0.03211916583719821,0.009129944078802136,0.17013287186278658,0.029877991223059244,0.0971954599671028,0.0,0.3,0.0,108,8.649108707518904,45.091962448910266
10,48,0.011807704713830216,0.02937057448086322,0.02653119109217983,0.032362576539876176,0.009202047954781755,0.1699154187996123,0.029884761311844255,0.09720536763234014,0.0,0.3,0.0,109,8.630429082310343,45.13414715269509
10,49,0.012731651629661323,0.028606991249171203,0.026964106988453765,0.03688397159291971,0.010674252945048538,0.1773141502014516,0.03405916260806297,0.11755229881051792,0.0,0.3,0.0,124,8.573396581177372,63.979356141059576
10,50,0.0110507115808096,0.026151868964371296,0.025713811966555547,0.050145929048155846,0.008835683953114784,0.16660808910702238,0.029057563831955208,0.09547404627327588,0.0,0.3,0.0,156,8.710935095284343,39.65038410256446
10,51,0.011032726232752482,0.026108955660821435,0.02597358376979849,0.05079480752780702,0.008909404928968832,0.1665113328990083,0.029058376572421427,0.09547585572704101,0.0,0.3,0.0,158,8.712344689876112,39.664397432678086
10,52,0.011274888131573175,0.026305413507386702,0.027078543273455796,0.06134022468211762,0.009055521448390632,0.16575687110216075,0.03003229994336271,0.09803986655353648,0.0,0.3,0.0,181,8.759704854139683,40.01524567877305
10,53,0.011176882929342071,0.026031285532269216,0.02740877644415131,0.0652100724550085,0.00926549170908465,0.16562154261829062,0.02989349316581099,0.09772503022321706,0.0,0.3,0.0,185,8.725916698534094,40.090843357865886
11,0,0.9614517036883364,0.8937974332848848,0.8929638027407736,0.8892001286602014,0.0,0.0,0.0,0.0,0.0,0.3,0.0,1,213.8377028396203,1315.7916634610342
11,1,0.889107323619997,0.8737921643681473,0.8728013989337692,0.8687447586645312,0.02889132345532639,0.09755802682151808,8.420924006418662e-05,0.0001072235341654,0.0,0.3,0.0,3,197.92046435239524,1229.1285350943042
11,2,0.4763133343685743,0.71696895977776,0.7150441767744495,0.7073750877732503,0.4553464021066618,0.12525097002510238,0.0026734560174357432,0.00830275653057882,0.0,0.3,0.0,4,109.4115862929295,542.5658354336056
11,3,0.321332702059347,0.6208895263861947,0.6182054079876217,0.6076342517544507,0.14090239463273568,0.14287273296222858,0.004926302442963051,0.021096109957108332,0.0,0.3,0.0,6,72.6846867125563,8116.862898393702
11,4,0.27763269165881677,0.5858123048784527,0.582858436022174,0.5721079280440968,0.050267818378066376,0.14138343568295877,0.0025042672511634773,0.01065207147882055,0.0,0.3,0.0,8,64.04197413922351,8086.800499723243
11,5,0.2768758406075102,0.5857060239750053,0.5830280134966724,0.5724674509604532,0.0143551621557312,0.12065229195562074,0.013749390689476441,0.030886789386661152,0.0,0.3,0.0,9,61.4013897357344,8202.887949781107
11,6,0.19085533222996293,0.49900389507225834,0.49536731678164303,0.4825668829948865,0.241682103654536,0.13637781746620814,0.0031201114554672473,0.01220930881428289,0.0,0.3,0.0,10,46.25253045795158,8027.2252158993215
11,7,0.17739379922052245,0.4825731399311725,0.4788067766616375,0.46609238243072754,0.048842408576459766,0.13562326539499933,0.0034678216420086436,0.01308853651606012,0.0,0.3,0.0,11,43.33643062926421,8018.524075317855
11,8,0.12476605629491387,0.4066198838004252,0.4022596920117991,0.38705372563726104,0.21953786144995635,0.12331429669192732,0.0024785110427509,0.00860865412085038,0.0,0.3,0.0,12,32.772848922030576,7661.222900721043
11,9,0.11676438621783364,0.39250970110954414,0.388341925734027,0.3733711339025216,0.020616336201355157,0.12331429669192732,0.0024785110427509,0.00860865412085038,0.0,0.3,0.0,14,31.239265827102816,7616.374200040533
11,10,0.07638171492895376,0.30857716487691206,0.30374204255763176,0.28733439814142947,0.2493460970785037,0.11350269523414169,0.006117670312698037,0.01574136310903131,0.0,0.3,0.0,15,23.63591195488065,185.705573352373
11,11,0.06866622640842333,0.28825147712284754,0.2835599094308443,0.2672933257567261,0.030033027975583066,0.11350269523414167,0.006117670312698037,0.01574136310903131,0.0,0.3,0.0,17,21.89836719038217,177.5977978053815
11,12,0.0682526249919479,0.287061047715802,0.2820570173105141,0.2659045978380878,0.005055521238318419,0.11295338947351907,0.006147099939658034,0.01584473134951523,0.0,0.3,0.0,18,21.79204267437799,177.23205827119585
11,13,0.06682294058374523,0.2839653914694457,0.27924311771138594,0.26379803129155643,0.009547891301119975,0.11348346895571174,0.00489798090293111,0.012611214677671869,0.0,0.3,0.0,19,21.61474370372702,173.943408861581
11,14,0.06684168444568515,0.28336506142303824,0.2783323206475338,0.26092444058778086,0.004235680595935676,0.1471113322957412,0.006011928679896856,0.022303476904460807,0.0,0.3,0.0,20,18.81570087827576,56273.24132826828
11,15,0.055722199964257875,0.25423015847274566,0.249583644597958,0.2321790255000163,0.08200253847404948,0.14328677446503568,0.002247407557465558,0.00914024636839424,0.0,0.3,0.0,21,18.42686628768761,7978.27040858878
11,16,0.0517146499617467,0.2422044305993515,0.23746434262642016,0.22038581146149197,0.017730685273515075,0.13696105032961886,0.0019113237590147906,0.0076666848787557305,0.0,0.3,0.0,23,17.72938173958511,7861.588813308572
11,17,0.05099963554159708,0.24004393742327537,0.2355900897842102,0.21874611909830377,0.0037986284074086286,0.13696105032961886,0.0019113237590147906,0.00766668487875574,0.0,0.3,0.0,25,17.51177969999565,7879.4674813398115
11,18,0.04543750141253659,0.22175955396858943,0.21716072239804596,0.20068900218495664,0.05472478154845721,0.1423329409527469,0.002541243271639753,0.01002462080300428,0.0,0.3,0.0,26,16.956501585181087,7718.000071724407
11,19,0.042078463912807694,0.20939654065826524,0.2043961336485504,0.187038993060937,0.036100546575286864,0.14289791847396144,0.0031276885331736576,0.0123856506381734,0.0,0.3,0.0,27,15.725223281374342,7857.894731638076
11,20,0.041979750592970724,0.2090474162117488,0.20404435122606934,0.18667656562979254,0.0019439007627526012,0.14289791847396144,0.0031276885331736576,0.0123856506381734,0.0,0.3,0.0,28,15.690046891217987,7860.771853684727
11,21,0.03727534287695776,0.19237568626973234,0.18724312666728246,0.17009710754744242,0.048275390057529635,0.14277251398771848,0.002514521863788228,0.00994278496983079,0.0,0.3,0.0,29,14.695305111157232,7806.543063387166
11,22,0.03718660731037341,0.19211371415851647,0.18697931143549965,0.170145980094163,0.0010682765173613076,0.14245132788105258,0.002427661162798546,0.00972764039543685,0.0,0.3,0.0,31,14.80233974592205,7782.25916137366
11,23,0.03540032697559158,0.185575396303237,0.18039046235931813,0.1637709966768415,0.019197891392237477,0.14145695342238732,0.0021057695172194595,0.00831803672683059,0.0,0.3,0.0,32,14.296461545635132,7734.36610101771
11,24,0.03174514015269524,0.17112058895374954,0.1664281123324555,0.1512429383751212,0.04299032361451675,0.14425258010732228,0.0022584731488420632,0.00932799681785553,0.0,0.3,0.0,33,14.115531482708954,7884.908824499596
11,25,0.025783060761573173,0.14543333966907213,0.14053873807631365,0.12430673546350424,0.03782485234193324,0.14256414330627684,0.002434659373933638,0.00981901446706664,0.0,0.3,0.0,35,12.761712051887416,7835.239835201186
11,26,0.022732168864076075,0.1318477389136911,0.12684755950842194,0.11098753884346951,0.019994101622021847,0.1416994759187576,0.0019987476372598013,0.00807093496481835,0.0,0.3,0.0,37,12.080154508442808,7837.245166225958
11,27,0.017977577842567274,0.10863433460726751,0.10345239456043295,0.08796608927746674,0.03395405728924462,0.14111574635329513,0.0018040150616874318,0.0072431047202904,0.0,0.3,0.0,39,11.556180405810933,7743.318965912416
11,28,0.016658867010553056,0.1020002459606843,0.09676678987111717,0.08187773945037616,0.009910096118030298,0.14110272882079558,0.001586255039268607,0.00636200198535556,0.0,0.3,0.0,41,11.192545561192908,7676.263573028936
11,29,0.016614231127402134,0.10185196475693976,0.09692036584875015,0.083017861795514,0.0008160936048245105,0.1411027288207956,0.001586255039268607,0.00636200198535556,0.0,0.3,0.0,43,11.180077232735748,7676.673697068069
11,30,0.014277598416158322,0.08844632605695782,0.0837112493976095,0.06892992159903509,0.04004331620344603,0.12506719800613236,0.002186182896805553,0.00680582493950387,0.0,0.3,0.0,44,11.086218785642922,7559.895546117673
11,31,0.013437089565942273,0.08411265563249647,0.07934420790063018,0.06532604413258655,0.012820413237037625,0.13744491132607467,0.0019062894247206554,0.00722178954436589,0.0,0.3,0.0,45,11.09223662305549,7696.358382030239
11,32,0.013285804667263434,0.08319972370171484,0.07842401281396344,0.06459927509956043,0.003248780615204333,0.12346588302158978,0.0019454162695414865,0.00605974090776918,0.0,0.3,0.0,46,10.981133189280296,7553.077750385109
11,33,0.013111937076613674,0.08186285879512184,0.0770760626363021,0.06298795716616529,0.004723938567686215,0.1250491469537731,0.0021913635951164977,0.006802861394627791,0.0,0.3,0.0,47,10.78012888214776,7543.412661046105
11,34,0.011685563425539107,0.07406740174863426,0.06922023440399185,0.05668257499446144,0.00795588616699658,0.15091792581733765,0.0018646338960424363,0.00680978782583788,0.0,0.3,0.0,50,10.531958371604704,7788.570339038496
11,35,0.011593291098850947,0.07345436138246297,0.06860224307996075,0.05693666881571448,0.002408633750867102,0.15157713739136944,0.0019172018349031222,0.00693070874478442,0.0,0.3,0.0,51,10.569440638108397,7766.106844033987
11,36,0.010667066726960012,0.06824570750232012,0.06335319544307412,0.051788416894229056,0.007916175005403632,0.1505218494714222,0.0017071230635359962,0.00617449701799455,0.0,0.3,0.0,53,10.480089238292395,7760.625745872204
11,37,0.010277888704738343,0.06614478812085765,0.06123621408154459,0.0510725395700793,0.0034176114625505388,0.1473306089500114,0.001542690303357788,0.0056365542319302495,0.0,0.3,0.0,55,10.164021248970894,7705.790081087222
11,38,0.00934521097626759,0.06043907176040506,0.05548565688500051,0.045150918900120976,0.016904414029708423,0.15288982434605075,0.001540018951757291,0.00562776611405522,0.0,0.3,0.0,56,10.06826343258997,7768.648964066913
11,39,0.00889748465024508,0.05763469700941236,0.05296219365910851,0.04393588073792748,0.0025833779961263537,1.0,0.0016093219468805427,0.3540637045964065,0.0,0.3,0.0,60,10.089820469511135,7785.678644763104
11,40,0.008876003320275933,0.057877214354838294,0.054115987703140446,0.04783337431863015,0.00046642085701286123,0.15195208077791628,0.0015419721024647472,0.005635308477687289,0.0,0.3,0.0,66,9.942730509872828,7768.36962374071
11,41,0.008772476025225547,0.0568667888472278,0.05127944284630914,0.04528034891177323,0.0016856819510364944,0.13644545640665867,0.0014289832509784633,0.0053039814428222695,0.0,0.3,0.0,67,10.090737048938054,7974.366410714109
11,42,0.008732822675488881,0.05670796007712326,0.05142240548112856,0.046851503729911814,0.0007870102355419975,0.13644545640665867,0.0014289832509784633,0.0053039814428222695,0.0,0.3,0.0,69,10.0893380552603,7972.903235712391
11,43,0.008786414523083222,0.05600548779806573,0.05071289704019698,0.04702805771381353,0.0032172175614102894,0.13697759932253717,0.0020846757614239354,0.01703736935478662,0.0,0.3,0.0,70,10.009915575048042,8000.375872010099
11,44,0.007735728007197295,0.050420080397864685,0.04508526965835758,0.04093465449621812,0.01593001095113841,0.13594050811187333,0.0014033736651993844,0.00517940633784935,0.0,0.3,0.0,71,9.771623763994226,8393.670405455689
11,45,0.007427724758224169,0.04863138728377308,0.043282789251815744,0.04032406222922939,0.002910746795277077,0.13585616597192002,0.0012832430965238875,0.00473233553662576,0.0,0.3,0.0,73,9.72986840884249,8413.57081102354
11,46,0.0074213551172958156,0.048587358357683505,0.04323842118938688,0.04027834704997955,0.0005140739757690505,0.13583088300760676,0.0012850249024621758,0.00473728882488366,0.0,0.3,0.0,74,9.730539698253246,8413.502190742298
11,47,0.007178911134587125,0.04712480912937779,0.042067580608967495,0.04054284744154717,0.002613781096486502,0.13588979825890857,0.0012728748759850306,0.00469238515976812,0.0,0.3,0.0,76,9.60786223725186,8400.966955511654
11,48,0.006226934505587841,0.04107617111703608,0.03627466937716509,0.0382720658029079,0.0018292980408900368,0.5152660916222408,0.001199174276734372,1.0,0.0,0.3,0.0,88,9.456164325397502,8394.536050844592
11,49,0.005901079181917996,0.03889179600148383,0.03407311852830499,0.03600495956787258,0.006658986654843987,0.5167464593081237,0.0012027763908764024,1.0,0.0,0.3,0.0,89,9.312905286064142,8393.46386806379
11,50,0.0056046045260616534,0.03679224472509149,0.03165401799077607,0.03355522630216143,0.006155525238996772,0.40719332196384295,0.0012090281511021599,1.0,0.0,0.3,0.0,90,9.11397773691894,8396.039959139083
11,51,0.00560460452735134,0.03688225062469694,0.0320478002228519,0.03549180260684881,0.0003627492882636567,0.4071933219638429,0.0012090281511021599,1.0,0.0,0.3,0.0,92,9.113977735202957,8396.039959389003
11,52,0.005474302247013375,0.035910802357663016,0.03076566035267748,0.02703764637305814,0.0029022565082533034,0.5160535739536874,0.0012083841576044226,1.0,0.0,0.3,0.0,93,9.295535494827636,8381.38496303129
11,53,0.005385894706765119,0.035461445856292,0.03091888986687246,0.034609042600144406,0.0009817542091910426,0.23109435662391511,0.001227034805240792,1.0,0.0,0.3,0.0,96,9.032021603401398,8389.097811425161
11,54,0.004948926362952006,0.03241766495923604,0.0278511397601606,0.033038248695910065,0.0033095279354159557,0.23505963948356393,0.0012577420914075279,1.0,0.0,0.3,0.0,99,8.956894884777247,8400.446494575306
11,55,0.004894058603769773,0.031933479575726204,0.027060045465457587,0.03287149314701287,0.0009469673333846035,0.23608274804603174,0.0012654791408935344,1.0,0.0,0.3,0.0,101,8.932897653903236,8399.61714680054
11,56,0.004860449454009468,0.031794729387899755,0.027223292052121234,0.03397992923351567,0.0005984593894610386,0.23579550910601363,0.0012638485671470688,1.0,0.0,0.3,0.0,104,8.951010140646389,8395.176926016784
11,57,0.004850990662701408,0.031819516168845784,0.02755130784368679,0.03526354437369495,0.0005672281664296194,0.23579550910601363,0.0012638485671470688,1.0,0.0,0.3,0.0,105,8.940712136604049,8396.172364972761
11,58,0.00478311234648238,0.0316155595626411,0.027649143137894114,0.036316362663861304,0.0006036171766318625,0.48249350812888575,0.0011652813147500017,1.0,0.0,0.3,0.0,108,8.953078619630341,8379.564514530446
11,59,0.0044034280732546975,0.027265334794692883,0.022959464204374638,0.032671406504914347,0.0071506330904056465,0.23239558940135394,0.0020686667811471208,1.0,0.0,0.3,0.0,110,8.837604425456151,8383.276687741436
11,60,0.0043657319814189325,0.026953440677162314,0.022645081581824992,0.03330068641376249,0.0008591652455589975,0.23342527452636702,0.0020949099009821693,1.0,0.0,0.3,0.0,114,8.839580099427002,8383.627266879808
11,61,0.004325313854006272,0.02686196338284995,0.022856151500838282,0.0343837514357977,0.0008476543451324799,0.1377052995552639,0.0020378533960679493,1.0,0.0,0.3,0.0,116,8.847681787947263,8393.854721817004
11,62,0.004087102490016706,0.02516993397553774,0.020544898917627525,0.033259642441060625,0.0048607998400008725,0.2332112450303403,0.0019448963131978188,1.0,0.0,0.3,0.0,117,8.768190775638532,8389.041464717431
11,63,0.0036374965351251725,0.022872411814795338,0.01823049972697198,0.031201513887752053,0.0066356983780765655,0.2343283770886257,0.0014553183800791656,1.0,0.0,0.3,0.0,118,8.743492856079188,8385.93671601187
11,64,0.0037821601439303565,0.023091569384579656,0.018753219209745722,0.03293386285243029,0.0005941063632752734,0.23330683382433737,0.0019458864780032355,1.0,0.0,0.3,0.0,123,8.764212465314301,8387.400541144263
11,65,0.003484444597058448,0.02203073063185806,0.017685452310784472,0.033122551376546974,0.0012627388845479156,0.2332067876476723,0.0013674707023851114,1.0,0.0,0.3,0.0,126,8.795491298505079,8374.616989854767
11,66,0.0036057500118908,0.021957250674967926,0.017913217233494757,0.033267396123186035,0.0015321271901136118,0.23442402262820816,0.0019259104838390412,1.0,0.0,0.3,0.0,127,8.780760056950406,8369.548252877323
11,67,0.0034601465216219755,0.021882957620550095,0.01844546919358417,0.036205615216309404,0.0005017047845286032,0.23276678720370478,0.001499251328947159,1.0,0.0,0.3,0.0,134,8.703902738142185,8393.428372385466
11,68,0.0034084985887706406,0.021635584065314885,0.018802274845277345,0.039314548941857715,0.0006162993478642044,0.23431368256263768,0.0015299046505208994,1.0,0.0,0.3,0.0,142,8.62338760882134,8390.12066620978
11,69,0.00327160950629198,0.020673228891305476,0.01783238315549675,0.03864796676569481,0.0032178726905730624,0.23653661594760478,0.0015176736896192692,1.0,0.0,0.3,0.0,143,8.599672900395216,8390.570779517697
11,70,0.0031788192488069605,0.020390176749382125,0.017850529332850525,0.0393847181039874,0.0007202982282081309,0.23805611187467507,0.0013587882918780045,1.0,0.0,0.3,0.0,146,8.64218837324986,8387.464240456993
11,71,0.0030835242180546293,0.019245358376114803,0.01699910030632121,0.04111258583531283,0.0010395871248656163,0.23277994696614682,0.0016504181689700652,1.0,0.0,0.3,0.0,153,8.621746461311705,8392.261933924367
11,72,0.0030200546038803475,0.019038550354415148,0.01679100121467801,0.043054406869183263,0.0005747679070214938,0.23184593552620938,0.0015153913064474848,1.0,0.0,0.3,0.0,157,8.658547699958284,8384.376150836626
11,73,0.0029780779435260685,0.018674303227466455,0.016120880986423725,0.043444477576246164,0.0012247760084711323,0.23231676703593096,0.0014989689743889665,1.0,0.0,0.3,0.0,158,8.63539599296741,8387.026169467135
11,74,0.0029337654804471834,0.018429251321929213,0.016176916568583784,0.04377147902955933,0.0014281581368158752,0.23258595259613962,0.0015065973930725694,1.0,0.0,0.3,0.0,159,8.681553544975484,8384.123676757483
11,75,0.002767854118020605,0.017231747372139016,0.014970052995112533,0.04252859705075451,0.0038916501361140857,0.23321092405498178,0.001499553740888217,1.0,0.0,0.3,0.0,160,8.59330310014073,8384.19720722944
11,76,0.002700126142446797,0.01669884676466356,0.014432953218075969,0.04264982318264308,0.001231982317320765,0.2324752607168783,0.0015192345433834911,1.0,0.0,0.3,0.0,162,8.570616692288569,8389.514075723375
11,77,0.0026566133036714733,0.01628572921035249,0.013713486648952673,0.04215274602603901,0.0013899161570696404,0.23280885603420062,0.001521563318539494,1.0,0.0,0.3,0.0,163,8.5618314593403,8385.193743932903
11,78,0.0026421471728869713,0.016369818632674546,0.014404465747421276,0.04371762544065021,0.0007266652268708561,0.23319981380170735,0.0015161981373626508,1.0,0.0,0.3,0.0,164,8.54488770038885,8388.062414512027
11,79,0.002631018861472194,0.016086908671248765,0.013513093232183226,0.04328524150955207,0.0006114589768260872,0.2329259214358776,0.0015274267002368428,1.0,0.0,0.3,0.0,166,8.522355762816645,8385.374734361527
12,0,0.91969743842568,0.882425574613836,0.8815027531873026,0.8773978663621953,0.0,0.0,0.0,0.0,0.0,0.3,0.0,1,251.36735570128133,1350.004899816205
12,1,0.8502807027188402,0.8623876532822463,0.8613073863961913,0.8569086331662389,0.028937560886739475,0.0912894740551056,8.318742445918314e-05,0.00010733000067162999,0.0,0.3,0.0,3,233.136648122186,1262.479100025832
12,2,0.8074120251191752,0.8494639344071763,0.8482793635818423,0.8440770233446524,0.03873035220928761,0.11125017636625172,0.0012962855328011904,0.00436571767303639,0.0,0.3,0.0,4,218.88828891452687,1659.574264832211
12,3,0.701445191535395,0.8160472345035049,0.814899733118972,0.809141692877102,0.104353600145442,0.10509034239239068,0.0028582441237396034,0.00368776104940212,0.0,0.3,0.0,5,186.49289551314948,726.7700566899497
12,4,0.42253908707298976,0.726311203384854,0.7234211951614105,0.7127154679697782,0.6357760345593686,0.23133073314851504,0.31508387625993395,1.0,0.0,0.3,0.0,6,79.956221862162,189.8859854651156
12,5,0.2723331938843357,0.5832738135971371,0.5798288801047671,0.5675900122154851,0.11481103172185408,0.15644922042962653,0.07395568019751401,0.21858310996597718,0.0,0.3,0.0,8,64.85016998051583,297.2146082920288
12,6,0.24007451806347316,0.5480709199576389,0.5441319797040158,0.5303063077492092,0.14061744630910486,0.15707446027253752,0.16640028044440658,0.49181199742344867,0.0,0.3,0.0,10,48.62345275583024,216.8259806655317
12,7,0.15923284929751869,0.45333793095869557,0.44954876589040565,0.4342565755122898,0.09746557692561816,0.1397502305215428,0.044465653060443866,0.13134859970849339,0.0,0.3,0.0,12,41.48508561991871,200.46503153029005
12,8,0.13655880539062756,0.473615212045274,0.46958791191187826,0.45521295550315044,0.10721097067336721,0.12841758387143504,0.08445126494791384,0.24912557226336637,0.0,0.3,0.0,14,34.00704358828027,65.81769236000099
12,9,0.07093588667337017,0.2490114665341425,0.24352439032944162,0.22338843924015386,0.2552759939959244,0.12841758387143506,0.08445126494791384,0.24912557226336637,0.0,0.3,0.0,16,18.342866783579623,78.7792638515484
12,10,0.05919630087253276,0.23224805053655231,0.2266956186978635,0.20695291786703698,0.03311749866665966,0.12519439730781853,0.056335578233987244,0.16615705772063064,0.0,0.3,0.0,18,18.123242839479826,60.971516524061485
12,11,0.048971458967381865,0.20564034346675092,0.1999121975977672,0.18014820029033513,0.04402726598218554,0.1242088633764171,0.04226725333174659,0.12465602853595754,0.0,0.3,0.0,20,17.147355775157873,57.309582172353416
12,12,0.04977272829442619,0.19464362927516787,0.18879592862317224,0.16814321662369458,0.05510019629690453,0.12461445852115131,0.056351193310558184,0.16623467120358487,0.0,0.3,0.0,21,16.032112608546147,59.15522516515541
12,13,0.03613443509768291,0.15108839850243863,0.1449348317398836,0.12400233268898267,0.12375702593587262,0.12681188177318553,0.04110666255516561,0.12188173216211103,0.0,0.3,0.0,22,13.537874648280487,52.49333682562345
12,14,0.03567842698817024,0.14928379526105484,0.1431160250294752,0.12236337306397466,0.014370414181127215,0.12641042934280236,0.04111837362810418,0.12193994910024779,0.0,0.3,0.0,25,13.586360254168897,48.10510530595171
12,15,0.032176220658396586,0.13230447737972761,0.1263063681868609,0.10605318382956266,0.06075400800394118,0.12567543642435378,0.04116605950551288,0.12199677297850305,0.0,0.3,0.0,26,13.101618081855866,45.74883181395397
12,16,0.030638625281807788,0.1245005088227261,0.1184411554634948,0.0979338210765058,0.03451676391174962,0.12567543642435378,0.04116605950551288,0.12199677297850302,0.0,0.3,0.0,27,12.701179056244678,47.37289045517333
12,17,0.026493417386248913,0.11341717509379395,0.10729015521329782,0.08726523725599894,0.03485119900528558,0.12472574909452502,0.032946445784130925,0.09763647914517516,0.0,0.3,0.0,28,12.315404185653655,47.74950279267333
12,18,0.023512324195567674,0.10484052504245357,0.09865954195026867,0.07915841742629363,0.018044770226254725,0.12496168695261485,0.02730091301632846,0.08095937345392952,0.0,0.3,0.0,30,11.980330461251976,45.12026902480915
12,19,0.021922783726908823,0.09706709034766275,0.09082665019181153,0.07160443670083248,0.01889905491756206,0.12474710958352149,0.026626860453660882,0.07932258491200025,0.0,0.3,0.0,32,11.546073296934946,40.323114040775
12,20,0.020096607835664214,0.09218909696158574,0.0859194979727958,0.0673388882673911,0.012189073403230007,0.12699695631799193,0.02276349584058591,0.06784290551936527,0.0,0.3,0.0,34,11.26825345631942,35.5561220314191
12,21,0.019964205798123653,0.09140844319166534,0.08513266603869814,0.06729001355160395,0.007976723755766699,0.12593532980904706,0.022790883498660194,0.06791306061754086,0.0,0.3,0.0,36,11.261783310402734,35.812291925941096
12,22,0.01230357976489809,0.07825228163225602,0.07404470069584478,0.06770341673262771,0.0011667953600526912,0.10475477979981966,0.0015887893559553426,0.00700561979123696,0.0,0.3,0.0,67,11.896039272117571,262.8945358481354
12,23,0.012171418763924115,0.0774821994287005,0.0732685443236434,0.06659660326602061,0.0015940346218291479,0.10451641615084784,0.0015934039535991462,0.007371769100776091,0.0,0.3,0.0,69,11.592961253980064,252.1901377299917
12,24,0.011698248456091787,0.0749461373330702,0.07071297045836832,0.06452024328382062,0.00759935736497864,0.10390738733803917,0.001436989516754589,0.006334308067634679,0.0,0.3,0.0,70,11.787525937935344,299.3725274332195
12,25,0.012831323281879869,0.07587111696689416,0.07254477648787487,0.06891139521769492,0.0020864744385928123,0.10490412333265345,0.005546884755209108,0.01107911202055301,0.0,0.3,0.0,74,12.035906880469083,719.1541051397743
12,26,0.012044410419369734,0.07120609814914022,0.06784315847118486,0.06375162397650437,0.008369453785939167,0.10574068463263464,0.005541297952432884,0.011066190729079339,0.0,0.3,0.0,76,11.83741361613059,718.3054315332624
12,27,0.011518044883213483,0.06800430510376852,0.0646161652907764,0.06042849718240826,0.004752746729833329,0.10516276017647178,0.005565058708732273,0.011065177967488531,0.0,0.3,0.0,79,11.560817857957163,719.6551524683781
12,28,0.011026932173214323,0.06510792538961808,0.06200015661592426,0.059538543713444345,0.005971415814106358,0.10582733897067112,0.005563240808703439,0.011035544760947601,0.0,0.3,0.0,81,11.492825541804534,724.740586589218
12,29,0.010485334738221639,0.06274052600190747,0.059615600303405424,0.058353450713215134,0.00462466792372585,0.10550392717351305,0.004940647678156409,0.0098009562766069,0.0,0.3,0.0,83,11.41336496672877,724.3424835578262
12,30,0.010485333483859998,0.06283053190151291,0.06000947324781301,0.05929987271672207,0.0014822129388426743,0.10550392717351309,0.004940647678156409,0.0098009562766069,0.0,0.3,0.0,85,11.413364304349448,724.3424286294959
12,31,0.01020282681873558,0.06092816976075289,0.05748599603639732,0.056905303416441136,0.0039527272169165425,0.1063856831068444,0.0049238785269356475,0.00992569488038666,0.0,0.3,0.0,87,11.152197630240911,573.3759697986205
12,32,0.00975525212932603,0.05895150821817991,0.05579795793857202,0.05471966704988561,0.006895357256794544,0.10313257344455165,0.004462849785572615,0.008865055449866011,0.0,0.3,0.0,88,11.129632025429068,708.7813444220346
12,33,0.009582923678424464,0.05723046937263247,0.05436546760481291,0.054141362230657596,0.003349358275198044,0.10316588674897076,0.004923041858210327,0.00972820129156575,0.0,0.3,0.0,91,10.925199244638463,743.7496486164522
12,34,0.009247858255433403,0.05599534286045442,0.052818946883015944,0.05330273292727092,0.004071274512361564,0.10727844324087692,0.004314777226714739,0.00890597054727793,0.0,0.3,0.0,92,11.075943841551798,583.6106686185819
12,35,0.008857592969643864,0.052634289208202144,0.04882441387940512,0.05095914068417357,0.004604661742056821,0.0988704438340796,0.0047475746512712046,0.00986353873379105,0.0,0.3,0.0,95,10.447526906217774,858.1241893350444
12,36,0.008205050855524748,0.04772826783958391,0.0453936106528746,0.04829614843663688,0.005641754579745712,0.10278386237398321,0.005438744339038225,0.01097696828171392,0.0,0.3,0.0,99,10.169277564067697,793.6844438081567
12,37,0.007431028726609855,0.043392073000900006,0.04041856189027085,0.04467914279894015,0.003759474445594997,0.10177722790693582,0.004874441499791102,0.01133083478496497,0.0,0.3,0.0,104,10.0447721658703,809.1653553384095
12,38,0.007361030837521369,0.042933099745726615,0.03995603263612177,0.04485599741721607,0.002120747743248227,0.10267712431647509,0.004870704903916222,0.01131230960959825,0.0,0.3,0.0,106,9.972770596477934,816.8996738337611
12,39,0.006996036532477298,0.04013084114652779,0.036828244950678074,0.04171274853219251,0.009464340797685555,0.09996456717513727,0.005030270317414764,0.01017809536200997,0.0,0.3,0.0,107,9.837178271243095,807.1508447026765
12,40,0.005917645087934768,0.03520870785956004,0.03277960047718043,0.04232228098751369,0.003460012058503133,0.0960309774125529,0.0038072600999587256,0.0121230148149234,0.0,0.3,0.0,113,9.27294828646023,765.7522694130863
12,41,0.0053383917840094264,0.029889412446178112,0.02741680407184073,0.03679330275362713,0.017335431219617774,0.10193840210643941,0.004547407988705278,0.01179732837045351,0.0,0.3,0.0,114,9.43137755788727,762.1336531854422
12,42,0.005334708758285529,0.029872333281494145,0.027399631874367454,0.03710777268200586,0.0014081197568014238,0.10187781956783692,0.004542629295649888,0.01179045202139227,0.0,0.3,0.0,115,9.417829357252396,760.5087308468208
12,43,0.0053283741272803255,0.029026405358908793,0.02684895301372016,0.03515983610606318,0.0025532477540618805,0.10244209101402195,0.005037735270287491,0.01302636964859874,0.0,0.3,0.0,118,9.507197685823742,768.022959445038
12,44,0.004435683995110154,0.02540140012654937,0.02622859387626311,0.04359842117996007,0.0017468211445575027,0.09948764842639071,0.004055698089670555,0.01058617126297696,0.0,0.3,0.0,141,8.767168258804192,759.021361497792
12,45,0.0037780862397145546,0.020382877785682346,0.020564427252112733,0.03752837974247278,0.008231486974988229,0.09867262864687948,0.004113156172833473,0.01052156089552087,0.0,0.3,0.0,143,8.811377270870116,758.5235068698748
12,46,0.0037470712078792826,0.02021939700180122,0.020399743401265227,0.03771042486416991,0.0016674649822794219,0.10088730882407534,0.004080363170932608,0.01048140798284941,0.0,0.3,0.0,144,8.767119761111463,762.4159106145179
12,47,0.003697375931516196,0.020129664325047307,0.021218576245229465,0.043019558203003634,0.001396506132877983,0.10082195592128902,0.004079515986044411,0.01048228598827898,0.0,0.3,0.0,150,8.758658919541737,761.3536101815158
12,48,0.0034918055832028894,0.019341419551181138,0.020425021966585674,0.04292097489817806,0.003057948973581283,0.10102445190332583,0.0037033528484445516,0.00953111847873986,0.0,0.3,0.0,151,8.675621397549227,763.162761605932
12,49,0.003260732222992511,0.01749434754358711,0.019169163263876264,0.04720395241747724,0.0014970585386664447,0.10123999787866889,0.003879966767698265,0.01058549302200845,0.0,0.3,0.0,169,8.829100263080559,758.6946158514833
12,50,0.003265619341913812,0.017275938468222615,0.018645755077457214,0.04778084851886632,0.0014120054342349332,0.1010472543396002,0.003966150041885463,0.01072906034735966,0.0,0.3,0.0,171,8.73500913483735,758.7533647515792
12,51,0.0032699809846785813,0.017267990944509815,0.018940693602370086,0.04874514731226153,0.0013239285572988005,0.10088037990559466,0.004034293405461803,0.01061931268215398,0.0,0.3,0.0,174,8.841173889913035,758.3109226939422
12,52,0.0032379935813124697,0.017249674904147076,0.01922541025297587,0.050123174101996924,0.001445025827472475,0.10133747030084914,0.003967673166451566,0.01076306248652045,0.0,0.3,0.0,175,8.794110682881543,752.8677630850276
12,53,0.003040582661051238,0.016587460693068535,0.01886201004613522,0.050479840965856476,0.0020050683987209283,0.10108955918753096,0.003599963828815492,0.00986342581710683,0.0,0.3,0.0,177,8.747652464133063,759.0663603656691
12,54,0.0026793442687946,0.01391315378714444,0.016166728421362277,0.04764411013429551,0.0049320367211984455,0.10135136725408697,0.0035974220860834558,0.00985636848795081,0.0,0.3,0.0,179,8.702266532965547,757.7816473422212
12,55,0.0025932576985323846,0.013454841098148523,0.016310914453624727,0.049842775954832136,0.0013083597221593035,0.1009996114562582,0.0035953014015579483,0.00983284674659146,0.0,0.3,0.0,187,8.701825536757074,757.3289299403749
13,0,0.9344640512010458,0.8865030879758447,0.8856122485958754,0.8816296736518676,0.0,0.0,0.0,0.0,0.0,0.3,0.0,1,237.26197763590508,1348.4670617473562
13,1,0.8881699563517395,0.8736185420440844,0.8726263907007371,0.869160530994887,0.01876825390071446,0.09791817050707705,8.382638192859766e-05,0.00010663011095751,0.0,0.3,0.0,3,226.76430128041693,1371.2902907022026
13,2,0.806215999133413,0.8490261190245227,0.8478386060071871,0.8436243853831584,0.07178481948903866,0.1536140419295709,0.0010774119230756644,0.00255771467798437,0.0,0.3,0.0,4,205.620396255518,1122.8382657203229
13,3,0.36104994300976284,0.6710361187349957,0.6676891016280583,0.6552261413317497,0.891087957230179,0.2831380232273469,0.32488420412981894,1.0,0.0,0.3,0.0,5,72.23787107470261,225.20814014378303
13,4,0.21148221895198102,0.5145775836454932,0.5104102503837816,0.4959136883775278,0.1975817610335887,0.16069015094202477,0.15175066034136525,0.5656440453385371,0.0,0.3,0.0,7,56.69840836017495,242.0062217725157
13,5,0.1315162941248474,0.37329579501940874,0.36829230313898936,0.34930073434362285,0.2571841627936322,0.2260689461322769,0.16460889664992115,0.5695369427986863,0.0,0.3,0.0,9,29.544000596080995,100.09155923429304
13,6,0.0935715188801901,0.3024991453302612,0.29706907424339096,0.2769856160966272,0.11124700698739567,0.22097184277491788,0.10980205745371675,0.3798634578344749,0.0,0.3,0.0,11,24.29606030458104,87.30201014424145
13,7,0.06925074963098238,0.2446444075216963,0.23882478859643974,0.21759089462783465,0.09602349827003553,0.21809004899029003,0.08238975185425616,0.28496211310261976,0.0,0.3,0.0,13,20.80172523259755,87.78315265025995
13,8,0.06139611710415016,0.21391033481600788,0.20814052041393066,0.18622034263075402,0.0749936810727987,0.2154991170247793,0.08752919165925284,0.3026935760585676,0.0,0.3,0.0,15,16.77803426039951,41.10120821931526
13,9,0.05150184130254473,0.17731090252303278,0.17096343245326232,0.14852534748359536,0.12227710193359584,0.21654847562485524,0.08216431489730791,0.2843070237816292,0.0,0.3,0.0,16,15.76093123239472,68.54852876210582
13,10,0.03960421272796573,0.1398805592777385,0.1335811145807972,0.11000205343416107,0.11261412252994596,0.2092689456148523,0.06570594717518817,0.22712942346504658,0.0,0.3,0.0,17,13.376630361288898,41.754858951296434
13,11,0.03014925896866163,0.1072250171946087,0.10070015115178338,0.07687292011739331,0.057081583716169115,0.20683106036227733,0.05258180159922593,0.1817547773067476,0.0,0.3,0.0,19,11.980132184349216,38.934207579069934
13,12,0.03012762456848503,0.10713628689244231,0.10061075545250762,0.07716608732556837,0.016021316346161555,0.20750836306738404,0.052562907542288324,0.1817112970023865,0.0,0.3,0.0,20,11.965032200206254,38.69720310398263
13,13,0.027239335923116784,0.08961303101844292,0.0829480875489517,0.05906472918416859,0.06720325052763307,0.20626389450878543,0.05337107296929981,0.18428075338326813,0.0,0.3,0.0,21,11.422941477135469,43.43762904899381
13,14,0.026846652071230936,0.08727311553990784,0.08089273353040045,0.05784708566699161,0.019498502284929678,0.2043736718622055,0.05342431085050091,0.18440326806001583,0.0,0.3,0.0,23,11.407060925371985,44.41177080495332
13,15,0.02321371904384486,0.07881539147113244,0.07208656135637842,0.049011789193361334,0.029769323282608912,0.20622471889351549,0.04448823760584799,0.15360937113180675,0.0,0.3,0.0,24,10.962647018225775,46.21002408969216
13,16,0.02233754737268317,0.07666694328828831,0.07022911046606665,0.046964243234566216,0.017404550034056696,0.20912650090530263,0.0424572557333176,0.14665447071427834,0.0,0.3,0.0,25,10.57999290836164,37.937493202678354
13,17,0.01955944382489836,0.06893951103237098,0.06245532483540324,0.039687719875692466,0.019432938353015995,0.20742824720803205,0.03639672839091882,0.12572547568123685,0.0,0.3,0.0,27,10.38555266086275,34.929511971031395
13,18,0.019636961628470555,0.06753493628689167,0.06103689450611417,0.039433555151275446,0.012974524092978385,0.21199389671150826,0.037597131734043276,0.12990172019888735,0.0,0.3,0.0,30,10.098811387827578,43.47752049355304
13,19,0.01757399979456046,0.06376124586845773,0.05755013537534609,0.035659764389846305,0.015728158090461866,0.20711816009163214,0.03185533057752127,0.11003765283081526,0.0,0.3,0.0,31,10.077887793437927,37.52996293223001
13,20,0.017749249822511665,0.0631089687794934,0.056587244927633756,0.03587427990225659,0.012394789895282166,0.21062366787822978,0.03290101123365547,0.11368004914524413,0.0,0.3,0.0,32,10.010172401370935,40.91961721747442
13,21,0.016643030870218033,0.05784701733601793,0.051286599730253714,0.03300977768470746,0.011576455845630175,1.0,0.03179369550172978,1.0,0.0,0.3,0.0,39,9.58960513719556,28.57854687479868
13,22,0.016829761386629345,0.05739059650364957,0.0511271552189987,0.03277386565870332,0.012284322996893273,1.0,0.03285058672628304,1.0,0.0,0.3,0.0,40,9.633314442342437,34.96363583205812
13,23,0.016135694105237144,0.05462051678648972,0.04833781396243804,0.03012657980403929,0.016607864002964566,1.0,0.03179369550172978,1.0,0.0,0.3,0.0,41,9.434985976833202,28.749412048923265
13,24,0.017739477382943635,0.05491601250641328,0.048318263926071706,0.030792232305299143,0.013433142881822069,1.0,0.0378708118830594,1.0,0.0,0.3,0.0,43,9.805728701910269,32.8241692558809
13,25,0.016255134129472774,0.052180768266436084,0.045571471872576944,0.02878598192985514,0.012225530701680653,1.0,0.03366878999485625,1.0,0.0,0.3,0.0,45,9.536864297316647,32.381248167824495
13,26,0.015478256152770348,0.04686377929178927,0.03990964579981891,0.023401231712244067,0.02519483795414779,1.0,0.03369353174115,1.0,0.0,0.3,0.0,46,9.265439642129111,29.45565760407457
13,27,0.01545789603239961,0.04680513259927832,0.040153577402623944,0.02432598704442121,0.010254893756820725,1.0,0.03370020445468047,1.0,0.0,0.3,0.0,49,9.25966787305297,29.47531027772605
13,28,0.015036496304725961,0.04478179382968118,0.03841837550256487,0.02347592540158966,0.015720749720571955,1.0,0.033275785054686,1.0,0.0,0.3,0.0,50,9.120557041915609,29.038990595788235
13,29,0.014231451282690294,0.03979558672861214,0.03369678964177,0.020149695007647003,0.017103767487416547,1.0,0.033019643925350554,1.0,0.0,0.3,0.0,52,8.889939277285483,27.89841760992141
13,30,0.014424872207544208,0.0393836914380931,0.03267339435878092,0.01969957422766332,0.010457305035204187,1.0,0.03390325284875448,1.0,0.0,0.3,0.0,57,9.158648170003833,30.15975163454302
13,31,0.014195518459179591,0.038372625283862836,0.03286700360084908,0.021743055933393027,0.011094681330487787,1.0,0.03377816691808449,1.0,0.0,0.3,0.0,61,9.15085745340115,30.87457629452206
13,32,0.014124529173941873,0.03796671977177497,0.032761051597378646,0.02180348349943221,0.010847335157210758,1.0,0.033778166918084475,1.0,0.0,0.3,0.0,63,9.12002399891968,30.756304712765427
13,33,0.012342437935391665,0.036221314995448645,0.031924783307484515,0.0276929571372061,0.00842173426021574,0.227170759229064,0.027967768683812278,0.09970517743399128,0.0,0.3,0.0,88,8.975317165000424,44.31307384230586
13,34,0.012276495456093287,0.03618469897447919,0.03279730276323812,0.02951905469226611,0.009173844194746893,0.22963573141360394,0.027881752798977505,0.09963688369573523,0.0,0.3,0.0,89,9.016429127511778,46.19922912506704
13,35,0.013142842051242287,0.03668624463303638,0.032992603596963085,0.03562087327651087,0.009322824117129407,0.2282812630588992,0.030922118396046572,0.11002527185326043,0.0,0.3,0.0,109,9.114485917542394,39.69575534287461
13,36,0.013013020600258163,0.03588032554532418,0.03218047506863471,0.0344643429151795,0.011531482997480524,0.2282964600276156,0.030863823388376,0.1098318564187855,0.0,0.3,0.0,110,9.201181565887376,39.41764028093408
13,37,0.01295691382587043,0.03546636586577516,0.03176326533718324,0.035349827835453346,0.010464782040727308,0.2265077574777922,0.030874478621674393,0.10986253102262626,0.0,0.3,0.0,111,9.228386124967956,40.4662648411484
13,38,0.012815373841177195,0.0344814766739854,0.03077066050668311,0.03365408078396901,0.012092573945131985,0.22758471205210604,0.030867119979735038,0.1098344299021096,0.0,0.3,0.0,112,9.168560899720005,39.66776536157087
13,39,0.012678040633974399,0.03349696294024833,0.029778352588803576,0.034924607110323365,0.009973084074123706,0.22436630413572792,0.030873904334633526,0.10986539769335839,0.0,0.3,0.0,116,9.129484058837097,39.423793371964464
13,40,0.012650600639116846,0.03329593597054883,0.02957575022653236,0.03396839700290293,0.00984566816370186,0.22402506175141146,0.030877393742903842,0.10987169280476435,0.0,0.3,0.0,117,9.087695729797192,39.19972862147027
13,41,0.012566803708916075,0.03264075977102139,0.028915372838900978,0.03392346628749923,0.00991175012715178,0.2220434767906883,0.03090992695318751,0.10988019425845655,0.0,0.3,0.0,120,9.088500051895114,39.87109373169134
13,42,0.011918173913779775,0.03201860279064779,0.029505320056001864,0.04263498010185728,0.00872562928285033,0.23167526473221742,0.02892982649736453,0.1018845487433971,0.0,0.3,0.0,144,8.882054697144143,38.900881155484825
13,43,0.011779383190389405,0.0312824939210232,0.029066658497776107,0.04251954896732755,0.010954263438402457,0.23162069303228963,0.028840250069697846,0.10181868058295451,0.0,0.3,0.0,145,8.88859335365433,38.92463335530477
13,44,0.011759274436809072,0.031088396766144964,0.028871025674601036,0.043721934588112,0.00895151328453861,0.23221892255558205,0.028867424836614624,0.10182866985972094,0.0,0.3,0.0,147,8.899042884728122,38.54988056268646
14,0,0.9043512879007126,0.8781205854039964,0.8771639823602614,0.8729299755120405,0.0,0.0,0.0,0.0,0.0,0.3,0.0,1,266.0299991795642,1351.245347321788
14,1,0.8370053530194934,0.8583732282927815,0.85726151008738,0.8527423706604831,0.02851851819660274,0.09567956124888688,8.253067240509627e-05,0.00011338301732157,0.0,0.3,0.0,3,247.1497971789456,1280.5909223653562
14,2,0.7820170147771843,0.8413118471414645,0.8400632775285396,0.835615739509127,0.05061145467467637,0.09102505745625791,0.0012955361607927777,0.0036229123043806702,0.0,0.3,0.0,4,233.4330195440492,1696.3129331458526
14,3,0.36092554161309687,0.6705376158489967,0.6672213751001601,0.6548762290753877,0.8533250368535227,0.24818527335957694,0.3101904236294503,1.0,0.0,0.3,0.0,5,72.12058849868751,221.43314226191328
14,4,0.35509161039477544,0.6651456999257578,0.6617871167988818,0.6492789411991331,0.1079840688282943,0.24818527335957694,0.3101904236294503,1.0,0.0,0.3,0.0,6,70.70415491260721,228.53805133315896
14,5,0.21881588674856078,0.525056694407963,0.5209853772769482,0.5068563682336765,0.3099390039199178,0.1336798875719569,0.14593636667677373,0.6350473549556008,0.0,0.3,0.0,7,52.9196443826323,240.07270558822387
14,6,0.21721103131544098,0.5227829906862894,0.5186937569964106,0.5043143421304774,0.04967609334219437,0.1336798875719569,0.14593636667677373,0.6350473549556008,0.0,0.3,0.0,8,52.528180868752926,240.7987588499232
14,7,0.17040420984487226,0.4639261652182879,0.45948941760608286,0.4446847593153288,0.15837242575903812,0.13309709998548364,0.09735135001986112,0.42355056065826824,0.0,0.3,0.0,9,45.13941683627107,220.40618904730863
14,8,0.12421019750591111,0.37829894355554183,0.3731692138794627,0.35525059235574363,0.28195236802249135,1.0,0.10623895183371583,1.0,0.0,0.3,0.0,10,31.21353001013708,81.86921227274811
14,9,0.09025961815131921,0.30343385888136865,0.29805672072159944,0.278388145510738,0.12768976983240693,1.0,0.09044031940164335,1.0,0.0,0.3,0.0,12,23.24781042623884,69.22341359344078
14,10,0.07770094095144581,0.25815960669103266,0.25269750956028797,0.23195081805354117,0.10358715414902842,0.20066277733191665,0.1043377295681607,0.42143328284795045,0.0,0.3,0.0,14,20.08034907369664,71.74212460743676
14,11,0.06672633929913807,0.24584030102142682,0.24006233936548238,0.22002982013061917,0.02325247012146908,1.0,0.06868193497519261,0.9586139244874191,0.0,0.3,0.0,15,19.61006062059864,52.415684582448506
14,12,0.058289226233312334,0.19652729910665168,0.1909144197986818,0.16886709913823247,0.1900677541297647,0.20331887860523387,0.09169391185385538,0.3766208450875115,0.0,0.3,0.0,16,15.992996992188717,47.58760846967368
14,13,0.04066580771424568,0.13959665555740736,0.13358702077754683,0.11089177754853,0.09391893698180806,0.1899550492781356,0.07038174729859281,0.2881367299441577,0.0,0.3,0.0,18,13.722755935416654,52.90206492069535
14,14,0.03545681541338135,0.13041823812001707,0.12436962154456024,0.10193139703859791,0.024047886825511594,0.18643793449385704,0.05632502058388456,0.23053945380665836,0.0,0.3,0.0,20,13.177837118030416,58.19330333245588
14,15,0.03890811655784706,0.13208829701917754,0.12602211699433202,0.10383136639658312,0.024172337377199236,0.1902524644636487,0.06936336940738372,0.2841969233998152,0.0,0.3,0.0,22,12.872309915064212,46.14634544948811
14,16,0.036793238930434985,0.12284863644922421,0.11671312992558909,0.094684099559287,0.04593127710340339,0.1946469204641137,0.0680141850818943,0.27949303037904294,0.0,0.3,0.0,23,12.492722693985309,34.092979147946345
14,17,0.028205172279153565,0.09390271955481697,0.08757217922975101,0.06461003421443134,0.08766229050595165,0.1957381768473721,0.054348751432470345,0.22350949506483864,0.0,0.3,0.0,24,11.547983795157622,35.19556100986892
14,18,0.02440612866583717,0.08420092060270011,0.07781440900875704,0.056198894407904446,0.020640223937288857,0.19548776612459068,0.04577513951687295,0.18799713719204506,0.0,0.3,0.0,27,11.135570230466527,37.524702181872925
14,19,0.021406447760297268,0.07393615941100141,0.06748146675557859,0.04663949032596577,0.017117138698947824,0.1934691085599236,0.04052640195792839,0.16581589788332396,0.0,0.3,0.0,32,10.496541530634326,41.06708400688989
14,20,0.018810703270435082,0.06572570581297918,0.05921850575798376,0.03890345922205792,0.020283248200672746,0.1922426503426124,0.03546398224564781,0.14510504076063943,0.0,0.3,0.0,34,10.25212727382436,37.84355705985229
14,21,0.01873836290640114,0.0653597052602867,0.0591526486051419,0.03943761402364234,0.011295756144165918,0.1922426503426124,0.03546398224564781,0.14510504076063943,0.0,0.3,0.0,36,10.226267317790937,37.96834657064813
14,22,0.01663903842097645,0.05999320679191716,0.053149836308007015,0.033843284548451986,0.01978090073521766,0.29888753708403476,0.030408233434478293,1.0,0.0,0.3,0.0,37,9.929082396799304,29.65672961342746
14,23,0.019054539983874914,0.060339104168087666,0.053779442176276705,0.034541862996556184,0.019217394155699175,0.1971710372870032,0.03977191912374181,0.16272960955944163,0.0,0.3,0.0,38,9.838299633092802,35.494119392661496
14,24,0.017801756341327215,0.05817643160088303,0.051305425377800744,0.032478445295039855,0.013645624571692359,0.19344733146154286,0.03609966816449652,0.14734493899513781,0.0,0.3,0.0,39,9.72315249241364,39.99626213438205
14,25,0.01684651695687836,0.05417816621675106,0.047581878070707705,0.028961155579249165,0.02107655700002819,0.1962575864075773,0.0348016163176523,0.14240080023611804,0.0,0.3,0.0,40,9.7113702294709,35.538897378389045
14,26,0.01826429562399855,0.05524851749663961,0.04864899187322374,0.030068728352896458,0.0130999145655949,0.19850798505403863,0.039735070772948126,0.16261148703061884,0.0,0.3,0.0,41,9.708696911831872,36.79005118972823
14,27,0.016373216934358364,0.0510883268869277,0.044467826544663,0.026304634766371213,0.018139884768047548,0.1929849118227544,0.034779583350923425,0.1423727529751135,0.0,0.3,0.0,42,9.640198709148654,35.78374650877803
14,28,0.013300590348460673,0.043502494470835214,0.03684035285181277,0.01922322154230271,0.015794461915247374,0.3009799172080145,0.02717178249257373,1.0,0.0,0.3,0.0,44,9.369486867614803,29.397142343530653
14,29,0.013212893709285864,0.042939059503592954,0.0362725584005697,0.018923056061357676,0.009754150123947324,0.29731541470869016,0.02715355346991528,1.0,0.0,0.3,0.0,45,9.355251015483894,30.033472326565487
14,30,0.015705708403831863,0.045487845949231734,0.03912479521894822,0.02284516998203919,0.010683154714516866,0.1931484836132261,0.03548250515467767,0.14568334907115651,0.0,0.3,0.0,48,9.331262266796475,38.408068149653815
14,31,0.015657336556799992,0.04515297447849226,0.038787279958562265,0.022497604470378,0.011614462822823562,0.19286351843306693,0.03548606688076753,0.14576553446083118,0.0,0.3,0.0,49,9.310113173012407,38.24872570402109
14,32,0.015229379659874108,0.044503285437349806,0.038135568673913524,0.022117913086344674,0.010630417905720625,0.216989834810475,0.03418680212491938,0.13885844985320728,0.0,0.3,0.0,51,9.248516172227207,27.82428494848637
14,33,0.015565547672077492,0.04464883662989737,0.03858238697258545,0.02300052805806857,0.011588915955911215,0.19322792758181878,0.035468314026925636,0.14554348692111665,0.0,0.3,0.0,52,9.287322663826934,37.337541106062986
14,34,0.013997572423708115,0.042897423729626016,0.0365262659254877,0.02242013691008416,0.00924940508542938,0.2139458009877337,0.03029623264647423,0.12330612934989664,0.0,0.3,0.0,54,9.27004041750899,27.718414765206603
14,35,0.01370482215952221,0.04058542480837882,0.034195678105627736,0.02059590227323896,0.015949313544889536,0.21888541388801505,0.030469773598398253,0.1235067935395893,0.0,0.3,0.0,55,9.19066101105626,27.3310603479918
14,36,0.014812947889016074,0.04177386248305495,0.03568789170514382,0.02256012054163227,0.010261591692543084,0.21688954475958666,0.03416900829475727,0.13891770313245,0.0,0.3,0.0,58,9.207296170494308,27.52013191871372
14,37,0.01468205002045051,0.039772623126813365,0.033366485969358595,0.02055998955114438,0.01642072707536015,0.228746599374026,0.03473706383108698,0.13854335751441688,0.0,0.3,0.0,59,9.000996575880059,29.525623402970407
14,38,0.012965422656869296,0.035395536885169956,0.029570967173463296,0.017032025861912353,0.01873589847162064,0.21046020319027753,0.03059853565785256,0.12133588995297809,0.0,0.3,0.0,60,8.932931393350895,29.48305456240812
14,39,0.012442367444885966,0.033289827338222194,0.027450798295356106,0.015442365381717903,0.011576748298399392,0.22741009873612344,0.029727563070763602,0.11584564352344137,0.0,0.3,0.0,62,8.817187056105823,23.58713554767629
14,40,0.01377988121586449,0.034465976597990416,0.028928376995106343,0.01536220647232799,0.011139948467317104,0.21529600275384012,0.03432369082627411,0.1355808845695789,0.0,0.3,0.0,63,8.800450128776363,24.9684985400084
14,41,0.01367036533859174,0.033938074591851684,0.028396661622660246,0.01568450037618098,0.01095822893916926,0.21983515330604364,0.034187756716011576,0.1342946410234633,0.0,0.3,0.0,65,8.775413843974256,24.045703290768937
14,42,0.01362320851192603,0.03381013491759491,0.028571027078281977,0.016036506983767098,0.010810593001524,0.22122139118053288,0.03412401022275835,0.13369399063585302,0.0,0.3,0.0,66,8.763589750941783,23.85923508889557
14,43,0.013617769982112891,0.03386146640720563,0.02892580300770231,0.016876957344175342,0.010274274300083116,0.22122139118041897,0.034124010222731635,0.1336939906354975,0.0,0.3,0.0,69,8.762934628914856,23.867130989612264
14,44,0.012297216596195365,0.030688580500939047,0.025433084119749698,0.020298773937722836,0.009598237083672844,0.21670724163820682,0.030681101595377878,0.12195351987218032,0.0,0.3,0.0,84,8.834906128666686,24.938518513743432
14,45,0.01107390510824227,0.029314495405228114,0.024360559007218403,0.026656657331625453,0.00806095145252639,0.20305300424193784,0.026734550888472264,0.1128508600453509,0.0,0.3,0.0,104,8.958813851356986,34.44202956202629
14,46,0.009068178497749064,0.02559812529431922,0.02244638660590686,0.026325489645235445,0.008259642648249126,1.0,0.021258529352083867,1.0,0.0,0.3,0.0,108,8.97460796957735,25.93602006762164
14,47,0.01014327756985172,0.02667529526994015,0.02382651283434011,0.027632537824219136,0.0077610743177156565,0.21519708618748265,0.02488923528724589,0.09792562482956649,0.0,0.3,0.0,109,8.959881347935296,25.90175357204759
14,48,0.01013645900695598,0.026641964395299277,0.023792967433627285,0.027921779744686986,0.007552918734955918,0.21525203707280852,0.024880678155832014,0.09790844625451972,0.0,0.3,0.0,110,8.97060706733495,25.87829418694972
14,49,0.010193565169273451,0.026567990082792904,0.023414824450387964,0.027886050302802078,0.007664595229176976,0.21465619887408877,0.02509291625080469,0.0983092303995688,0.0,0.3,0.0,111,8.980217929175646,26.106955034164773
14,50,0.009978477407814825,0.024986444912231003,0.021517814637607213,0.027035927987462773,0.01178406386927753,0.2136235531162523,0.02505591479766407,0.10068688646899929,0.0,0.3,0.0,112,8.799860835951758,28.90362490427667
14,51,0.00995269194034743,0.025034603378714645,0.0221726704806894,0.028277433247560272,0.00757879845331987,0.2168309982931273,0.025026293836841518,0.10033120527644664,0.0,0.3,0.0,117,8.793287536027186,28.81604473033173
14,52,0.009878518275414461,0.02385842371213328,0.02189535265158453,0.03315052672323982,0.008206216180797053,0.2156928370231433,0.02550461609627159,0.10048132208048954,0.0,0.3,0.0,125,8.823239980710996,28.83831689834913
14,53,0.009628945052753479,0.02201326162688048,0.019732673006246697,0.0319988962490888,0.008672842949370584,0.21956288427264664,0.025463167650224675,0.10057872526570306,0.0,0.3,0.0,130,8.763745711576458,28.685057389756487
14,54,0.009593311102711232,0.021966073895825822,0.02089729790635966,0.04081773066991442,0.0077435475793061846,0.21697363457801905,0.025538507649205004,0.1008875993762803,0.0,0.3,0.0,145,8.76944092159502,28.74698611367296
14,55,0.009625578804964436,0.021527945500831615,0.018940032093469887,0.035737251570676976,0.007808002890859643,0.2152892833317646,0.025656698764439708,0.09870886314772952,0.0,0.3,0.0,147,8.902620734908535,28.650915843327475
14,56,0.009577968286316423,0.0218921491862558,0.020822880281019637,0.03929836913398061,0.007707871765558401,0.21955703365539825,0.025517985663515225,0.10059028585509885,0.0,0.3,0.0,150,8.762539974176018,28.705286438239902
14,57,0.009541435886841892,0.021689331872736486,0.020921464850107145,0.04247596573288712,0.008302484725045996,0.2172091058261157,0.025529863668820645,0.10051418819887876,0.0,0.3,0.0,151,8.744804140012524,28.65493074532176
14,58,0.009597897011839924,0.021166151012861,0.018878138921902574,0.03770091277575778,0.00830920162505817,0.21690050143440773,0.02578557025832163,0.09960808508456905,0.0,0.3,0.0,152,8.899038505234309,28.862495639747834
15,0,0.9313263095760255,0.8856420549753222,0.884744494430467,0.8807360710386398,0.0,0.0,0.0,0.0,0.0,0.3,0.0,1,240.477374853456,1356.504837733076
15,1,0.8613287145642263,0.8656828857174564,0.8646284524850301,0.8603285791148301,0.028823944166282554,0.10680202889779826,8.317712968985863e-05,0.00011807519264210001,0.0,0.3,0.0,3,222.8901041088253,1268.818332168701
15,2,0.8041727417157131,0.8483777640271934,0.8471851788597543,0.8429516312025671,0.05104806495952394,0.15771736635128147,0.0010673461601785224,0.0031492840857009997,0.0,0.3,0.0,4,207.9221786884337,1138.9389458104756
15,3,0.3554454597706033,0.6657391382006538,0.6623567355168585,0.6497565672019181,0.9009579117688994,0.2984663096996361,0.32229187101441464,1.0,0.0,0.3,0.0,5,69.45914014163984,234.5411107678852
15,4,0.22496192484235583,0.5317432351600976,0.5277083594284853,0.5137174747853733,0.16720644784063757,0.15101818452343282,0.15273925050632867,0.7186006936949105,0.0,0.3,0.0,7,45.33756724138282,241.4961185963626
15,5,0.1431150182069346,0.3991101155132462,0.39431462967686176,0.3759943391065905,0.24246310877930338,0.24740398817844333,0.16232369324380855,0.7364693604296652,0.0,0.3,0.0,9,29.30442353864836,116.60851599061982
15,6,0.06572374080343177,0.21060255799167787,0.2044532006046499,0.18149139329361919,0.2812791783803291,0.21485604393209426,0.10895227084215958,0.4923957844931085,0.0,0.3,0.0,11,13.69687579500276,63.91168406005245
15,7,0.059101736850458816,0.1946250138981923,0.18868105271159522,0.1657226968086074,0.04724607440093292,0.2143699910407181,0.09720080806083073,0.44181052812849864,0.0,0.3,0.0,13,13.55445368567934,44.79051487927503
15,8,0.04749060674653936,0.16873478160073663,0.16264478025248646,0.14009719805506224,0.048709951883953315,0.2118951166935364,0.07293701022217154,0.33143182072084254,0.0,0.3,0.0,15,12.339823818735894,44.597648483907015
15,9,0.04209157470131125,0.14374170309508094,0.13745595618241568,0.11400568829116674,0.057744784750221316,0.21756746574703198,0.07275299798378428,0.3311029675905161,0.0,0.3,0.0,17,11.237554880202596,44.38645118519951
15,10,0.03589186090072388,0.12972101165451494,0.12305558296031346,0.10102353532033234,0.02685176347969803,0.23289924151062347,0.05855630908125226,0.2695787445653966,0.0,0.3,0.0,20,11.099780725740963,45.47230849551093
15,11,0.03225270527058107,0.11278648560752688,0.10629477490699002,0.08360594371148347,0.06512485240142636,0.22672294356985315,0.057038149587804884,0.2634329999469417,0.0,0.3,0.0,21,10.328775501625644,34.54496765418994
15,12,0.03081588013962088,0.10253244973110998,0.09565342709839769,0.07326954931876042,0.04800898684254827,0.22637811979787242,0.05863537509291515,0.2697200455226897,0.0,0.3,0.0,22,9.79813472628077,39.40180812754218
15,13,0.026763858467146295,0.0932119836908507,0.08628281905851458,0.0643809640959388,0.023877896011458635,0.22864097599327865,0.048876461873444244,0.22481573327250146,0.0,0.3,0.0,24,9.500488276815744,39.93181096303317
15,14,0.02669979307324094,0.09294240327138138,0.08631418019306941,0.06539394167042478,0.015175125295529432,0.224676652300224,0.048869422820588766,0.22479827630646412,0.0,0.3,0.0,26,9.544077316220417,35.73642092759484
15,15,0.02475088902903704,0.0907883242355956,0.08415813312540976,0.06368241590781563,0.012993962748751727,0.22946701269961284,0.04251685033927614,0.19525283144071104,0.0,0.3,0.0,29,9.660984000097043,50.72209510532362
15,16,0.022666890142393786,0.08634741475096148,0.07969488865750558,0.06037913815701311,0.019366429031758822,0.22905008166213844,0.03720604247193258,0.1708607530269839,0.0,0.3,0.0,30,9.41680070632573,44.44142754695738
15,17,0.022084629415827253,0.08284335329342808,0.07586029283764442,0.056626298957119924,0.020997612499982138,0.22784299036070305,0.037203458513795355,0.17084881687123327,0.0,0.3,0.0,31,9.245028407352835,39.17223808175748
15,18,0.021552507111071185,0.07968601364757723,0.07267816701946431,0.0536084854475914,0.020256773061708866,0.22587621327324311,0.03720019047173956,0.17083655606292242,0.0,0.3,0.0,32,9.285749306235754,38.70050194442962
15,19,0.021534103826077067,0.07966568703323805,0.07296075592395328,0.054238480920592254,0.011319303859328092,0.225774845432265,0.037200408296040176,0.17083635246200585,0.0,0.3,0.0,34,9.279285857827754,38.63241310612149
15,20,0.021190351885716364,0.07934241951189397,0.07294056836257087,0.05506307140156952,0.010872602796858335,0.22648715030018493,0.03610292671065763,0.16409626072167177,0.0,0.3,0.0,40,8.909515134918085,49.67656737391535
15,21,0.020948450826967745,0.07797748740531996,0.07186798818105962,0.054318543466162265,0.012924608669054267,0.22636759694451639,0.03610384193051468,0.1640974330647192,0.0,0.3,0.0,42,8.859639748325922,49.58111782933551
15,22,0.019519919689192748,0.07473014100658537,0.06860351583291632,0.05312174607810022,0.011333862196202837,0.22748449718812463,0.03254486922905556,0.14740377266426613,0.0,0.3,0.0,46,8.773490441022386,51.64463971606492
15,23,0.019480977582510953,0.0745030050814879,0.06837460256370512,0.053463583682770974,0.01041176887169199,0.2280347992320561,0.03253897059392715,0.14740085055155522,0.0,0.3,0.0,47,8.783492699428434,51.7760564871545
15,24,0.019415296630033087,0.07418340670722982,0.0683556143462983,0.05296559555722784,0.010950454901530689,0.22736296242304213,0.032545978593001616,0.14740519880616082,0.0,0.3,0.0,48,8.757831396248239,51.7073510054738
15,25,0.019347458902496843,0.07377701348180742,0.0679460847164987,0.053422481846343586,0.010929617633796762,0.227759294191418,0.03254171599029646,0.14740291789798424,0.0,0.3,0.0,49,8.753485091299575,51.73106586349115
15,26,0.017635820221372455,0.06303226022230918,0.05651088988755537,0.041137875430418636,0.04016361995061167,0.22891509469458823,0.03249999401763676,0.14768648522332445,0.0,0.3,0.0,50,8.503507738268482,48.250246312512566
15,27,0.018797067824345676,0.06414650635548311,0.05792752584215167,0.0435378224099749,0.011252745574360517,0.2684734566382278,0.03648311073706353,0.16301518531273945,0.0,0.3,0.0,52,9.206769409675692,47.97077204701927
15,28,0.01755866846292891,0.05677553726131841,0.05080266793611959,0.037142827383056846,0.021391020085551382,0.26939738743198377,0.03614976332409951,0.16212942246738976,0.0,0.3,0.0,54,9.005631821117438,47.865252353622175
15,29,0.01563995089561774,0.04958397723349236,0.04325926925491355,0.03016158331778749,0.01572528898758127,0.26688229568985306,0.032844094919399616,0.14672499208973544,0.0,0.3,0.0,57,8.785640228827456,42.25780370622251
15,30,0.00954473464114533,0.043992751495051094,0.0394904440373719,0.04111034706740358,0.003766852239159826,0.1860484396775628,0.01254660604137767,0.04608553464393924,0.0,0.3,0.0,97,8.58311612814803,70.57134417356288
15,31,0.009599271767206999,0.0410851212030601,0.035646649092780945,0.037186949345557566,0.008848827790892572,0.20024689674998167,0.014299786520507058,0.051389557113995586,0.0,0.3,0.0,99,8.57273937007355,72.45086236426664
15,32,0.008335082282285857,0.034863755000374405,0.029076724856386942,0.031144297385538502,0.020301099666652885,0.1972639711109628,0.012872149279771043,0.046256710553060895,0.0,0.3,0.0,100,8.379984510461682,72.34022068498705
15,33,0.008251249791987577,0.03437408423211076,0.028886274315902433,0.03155311629190751,0.004695935713214116,0.1972639711109628,0.01287214927977103,0.04625671055306091,0.0,0.3,0.0,102,8.361873064949897,72.33828607829878
15,34,0.008184039179794537,0.033997765158872706,0.028810168934559077,0.0320789518812145,0.004534258040754035,0.1969087824025037,0.012872912765819146,0.04625612383654405,0.0,0.3,0.0,104,8.318183299454988,72.38640139344885
15,35,0.008182108238632692,0.03362446563491614,0.027221520297628393,0.01997533621858165,0.00390026483511049,0.19691505921791538,0.012872900861824433,0.04625613925000902,0.0,0.3,0.0,105,8.318631536373678,72.38450914469514
15,36,0.008171882728083056,0.034003566320370715,0.02911904442412792,0.033944504603606776,0.004066091751138939,0.1969087824025037,0.012872912765819146,0.04625612383654405,0.0,0.3,0.0,106,8.316064316803761,72.40135941355973
15,37,0.007965742840768172,0.032645657466063585,0.0280535432117128,0.032507166910062425,0.0059552626630281465,0.19492064531793082,0.012882003452934632,0.0462794590813353,0.0,0.3,0.0,108,8.360949472411015,73.6292745539205
15,38,0.007436580797538931,0.030168657169991016,0.02919429567202312,0.04866241942100796,0.004147975825289098,0.20085967790845416,0.012797941800643382,0.04587445651505812,0.0,0.3,0.0,141,8.184400153417913,31.58114376683716
15,39,0.006854544945434275,0.0295747313251706,0.0304179381741704,0.07096638837465796,0.0033937394080342325,0.1899576201401873,0.01116157086718467,0.04046388102529328,0.0,0.3,0.0,182,8.096094590210924,29.93176190813592
15,40,0.006844421523113181,0.029595140850656967,0.030741665509780764,0.07204782984938937,0.0034508885673564652,0.19088599577500984,0.011161336425420252,0.04046332003960701,0.0,0.3,0.0,184,8.102322852008593,29.10376280613026
15,41,0.006693132601857976,0.028608245276058757,0.030050079743762004,0.0724496806959199,0.004894647684343853,0.19155209887344754,0.011161353262599382,0.040463365577518166,0.0,0.3,0.0,186,8.069995167492142,28.80840311114264
16,0,0.9511367156073486,0.8910329161419253,0.8901775734714328,0.8863309298174867,0.0,0.0,0.0,0.0,0.0,0.3,0.0,1,221.81111616956608,1332.7729270525765
16,1,0.8797027541055609,0.8710743656742272,0.8700622522922767,0.8659240526298868,0.02882411539174582,0.09657690664629612,8.406781176457622e-05,0.00010440623712032999,0.0,0.3,0.0,3,205.27273469469017,1245.544411013793
16,2,0.5432166670242387,0.7620156727319056,0.7599579906115729,0.7520353538731323,0.40820151941861516,0.09885320144381961,0.08061290887711842,0.286124372542057,0.0,0.3,0.0,4,111.6006224636718,761.5018153814104
16,3,0.45183598904226757,0.7131330492620923,0.7107090871107085,0.7019211407835393,0.15644308004004404,0.09888208862798652,0.07322106553870984,0.23976600435143197,0.0,0.3,0.0,5,98.26223481649882,585.2111897725621
16,4,0.42811840781661026,0.7013675474026915,0.6988279327406984,0.6896035922270525,0.07023346841484533,0.0989099443651652,0.08309051387096926,0.26994404223566015,0.0,0.3,0.0,6,99.70705764795562,444.67525267414806
16,5,0.3983687417528826,0.6767383035949277,0.6741131116791449,0.6651400030038496,0.039766898305011227,0.09950455608269523,0.03734346404381717,0.1213272368670026,0.0,0.3,0.0,7,87.71421523433945,549.6612287116351
16,6,0.3710599203210042,0.6605192761957498,0.6577553661080132,0.6485638741729305,0.0667927297059912,0.09785847823809955,0.04222394203101005,0.13654776339178182,0.0,0.3,0.0,8,88.59748408404701,411.0904732741445
16,7,0.33376025869789006,0.6327823773738801,0.6301104763126281,0.6200261527772137,0.0863513512492118,0.10320079040919136,0.039352781527645424,0.12477563915363817,0.0,0.3,0.0,9,71.97663731762206,507.0102289208325
16,8,0.25946189155082344,0.5719589711379129,0.5688007203147526,0.5571871720725865,0.19514719748237805,0.0981186487289072,0.043178079403928996,0.13886156326091165,0.0,0.3,0.0,10,60.54364005404548,327.8993254202289
16,9,0.17635210153194122,0.47781739205501056,0.4739283914020883,0.4599464270417601,0.27664566640837646,0.10270576241909188,0.03970448519039684,0.12406541086859665,0.0,0.3,0.0,11,43.08533813816479,330.2661749018261
16,10,0.1490492661727106,0.44153085804115555,0.4373965867481532,0.4222657791463249,0.09788775585502324,0.10639384705377793,0.022903659736471467,0.0790425323229026,0.0,0.3,0.0,12,39.677077897869445,150.166729786539
16,11,0.13021317460969392,0.4104315371502892,0.40603888357593804,0.390709125352349,0.056400514929938896,0.09362247858047709,0.028986098766951025,0.090724034001952,0.0,0.3,0.0,14,34.94573032306433,196.84772189814467
16,12,0.11492828562041288,0.38398873924216514,0.3800065877065265,0.3652181740694764,0.024964397339212782,1.0,0.02401510165327497,1.0,0.0,0.3,0.0,18,29.28670353535539,821.484682896886
16,13,0.10507139722232177,0.3653604558383215,0.36123612116385795,0.3463969596126893,0.0327267589675135,1.0,0.02226345078610148,1.0,0.0,0.3,0.0,20,28.17157217486304,976.6049437602376
16,14,0.05565147214566063,0.25293946420198554,0.2485805036564918,0.22924578701059337,0.15637032975253276,1.0,0.004580684513864957,1.0,0.0,0.3,0.0,22,17.19196390467967,1651.9242169590325
16,15,0.03661438087935723,0.18816283609145643,0.18329534518229368,0.1629215792887643,0.18742184184279354,1.0,0.00465282668428078,1.0,0.0,0.3,0.0,23,13.58884013582026,1495.8689985286053
16,16,0.03052648033171823,0.16482708472881963,0.1597791110714262,0.13964958728252175,0.03419235100144916,1.0,0.0035114657397735693,1.0,0.0,0.3,0.0,25,12.470267063902998,1496.5168659767726
16,17,0.028257555271348468,0.15629574215198355,0.15118227980249857,0.13176454170528942,0.013609158173641965,1.0,0.00288290183440506,1.0,0.0,0.3,0.0,27,12.005738161892609,1491.952677243563
16,18,0.024687991763530103,0.13998600798909638,0.13504762198486994,0.11589778029429898,0.023769604009676388,1.0,0.0028813292266399006,1.0,0.0,0.3,0.0,29,11.29327694901711,1494.7053649397842
16,19,0.024400117131035026,0.1386918084899417,0.1337433282704473,0.11538018828597374,0.0027125507507245734,1.0,0.0028549166214698225,1.0,0.0,0.3,0.0,31,11.628310101366209,1371.3244839867616
16,20,0.023517699853904415,0.13508122732091493,0.1301054555284,0.1119930303656684,0.010736345174088072,1.0,0.002408491608157991,1.0,0.0,0.3,0.0,32,11.060472831321295,1494.4701657560963
16,21,0.0228026200185505,0.13185232016937745,0.12715433205201312,0.10883342962500167,0.010243471386263952,1.0,0.0023697058662437167,1.0,0.0,0.3,0.0,33,10.91687927081552,1495.662685162776
16,22,0.022241491849752833,0.12723409806164446,0.12189007080782824,0.10423402637125039,0.015322270341213756,1.0,0.00392527832638807,1.0,0.0,0.3,0.0,34,11.559680025031698,1335.1736587806586
16,23,0.021619123869223583,0.1263558790111628,0.12131217296938782,0.10521616943687583,0.0012969587228215279,1.0,0.002161629646504081,1.0,0.0,0.3,0.0,36,11.224143309986008,1221.2590033158906
16,24,0.021531853383529767,0.12592468093652712,0.12087758957087932,0.1047685877485826,0.0019073290836147533,1.0,0.0021713702380546864,1.0,0.0,0.3,0.0,37,11.20413690859417,1221.1578179498283
16,25,0.02009705679833847,0.11969240698461367,0.11459733556255178,0.09937389090205474,0.019045585746388746,1.0,0.0017641813849086768,1.0,0.0,0.3,0.0,38,11.427286819336448,1311.3600785168903
16,26,0.019982117989424144,0.11797400908115789,0.11286386331680523,0.09714307795128195,0.005333202219523725,1.0,0.0024511596359589037,1.0,0.0,0.3,0.0,39,10.781505506576671,1238.3574343692983
16,27,0.016443900690465498,0.10060546282831888,0.0953605729803897,0.08042739908502157,0.02526937155679126,1.0,0.0017745020472223834,1.0,0.0,0.3,0.0,41,10.592538427366264,1313.4472793908274
16,28,0.0162575775034572,0.09955748293674262,0.09430427621765923,0.07991689415684586,0.0020751123057220207,1.0,0.0018176003521172509,1.0,0.0,0.3,0.0,43,10.468888381648034,1327.6982803874623
16,29,0.016033073377703006,0.09842436250135658,0.09316238894319986,0.07925856112211137,0.0037489047721918096,1.0,0.0017652880990208532,1.0,0.0,0.3,0.0,44,10.591997676437456,1313.5044173508134
16,30,0.015942976000626722,0.09800898014103498,0.09304676759749927,0.08019830778084971,0.002005809868509568,1.0,0.0017820416173918358,1.0,0.0,0.3,0.0,45,10.510573912592792,1301.2603582364118
16,31,0.014555973540688863,0.08914030040514055,0.08501494589866068,0.07045138678041064,0.009996633158873117,1.0,0.0029421997462071247,1.0,0.0,0.3,0.0,48,10.76256143367375,788.1685077588636
16,32,0.014673753359313204,0.08237730947123403,0.07788347270389041,0.06425124109866343,0.010397108008567057,1.0,0.008204918449771635,1.0,0.0,0.3,0.0,51,10.517197271320338,857.5393233951719
16,33,0.011461421297693604,0.0720156747404099,0.06775706564722395,0.05439766576017456,0.02589432159867455,1.0,0.0024800363935676617,1.0,0.0,0.3,0.0,52,10.183490923677551,781.3886092003972
16,34,0.011826813096753772,0.07161578132686325,0.06734991380656473,0.053627778803130424,0.003919803963463174,1.0,0.004214642231449489,1.0,0.0,0.3,0.0,53,9.93675202212454,794.593151657564
16,35,0.009518414030417421,0.060788721958279425,0.05613989193018218,0.04280552837801803,0.029699862596751593,1.0,0.002061825075423196,1.0,0.0,0.3,0.0,54,9.909634148377902,734.2159490618351
16,36,0.009234221001887371,0.0591837609970055,0.05482551148278756,0.04249369829700113,0.0018172555594535914,1.0,0.0020179670595059456,1.0,0.0,0.3,0.0,58,9.81174569168532,752.5067712614506
16,37,0.009100085261542866,0.058289417311704686,0.05392406777198659,0.04186577254712974,0.0032265343270133787,1.0,0.0020548903605727134,1.0,0.0,0.3,0.0,59,9.82902285660322,734.4154068861577
16,38,0.008783951338373392,0.05667645172174992,0.05260187751036511,0.041212620167737433,0.0053475809265800325,1.0,0.001883855380678047,1.0,0.0,0.3,0.0,60,9.764702213269326,761.1746132483966
16,39,0.00799503162290845,0.051521774024850746,0.047103595553562846,0.035745734087845496,0.015177363018557795,1.0,0.0019155176785110354,1.0,0.0,0.3,0.0,61,9.661697206389793,775.5474572580671
16,40,0.00729671926594807,0.04790827696929608,0.04406897075842284,0.03595727767092157,0.0017637926908159603,1.0,0.001480468176159513,1.0,0.0,0.3,0.0,69,9.564098915523328,790.9171292397214
16,41,0.007091491948910303,0.04729714838234774,0.04618059634717825,0.050944714557998566,0.0005494346809971328,1.0,0.0015314980376599846,1.0,0.0,0.3,0.0,115,9.50259814585682,790.5188359931698
16,42,0.006960485828674756,0.04661713965419236,0.04670730215449996,0.0643540014158565,0.0006032155753404833,1.0,0.0016418135515529357,1.0,0.0,0.3,0.0,143,9.473642343818726,790.5307149617345
16,43,0.007337885144667612,0.046774412852404405,0.04898315373951166,0.07622780069617159,0.0011333458588271659,1.0,0.003408033484484696,1.0,0.0,0.3,0.0,169,9.525247336895454,772.6314937537434
17,0,0.947665990739457,0.8900964680419287,0.8892338477281937,0.8853590320986229,0.0,0.0,0.0,0.0,0.0,0.3,0.0,1,224.6826983619305,1349.700923484295
17,1,0.882206979164674,0.8718059955354418,0.8707996331783517,0.866683802794566,0.026427512811379904,0.0936337228020915,8.400228301427408e-05,0.00011546190432843,0.0,0.3,0.0,3,208.9718064789693,1308.0042467600167
17,2,0.5351836053260092,0.758368985129837,0.7562805732117269,0.7482417229805854,0.4221322414354095,0.09948789179263842,0.08150813897967975,0.3013397007173789,0.0,0.3,0.0,4,123.91060532601146,738.6566483643294
17,3,0.35466205970908293,0.6651828578988346,0.6617785004031325,0.6490932871508059,0.5818177057981228,0.2445487317821581,0.3297581361484827,1.0,0.0,0.3,0.0,5,66.26260994250772,251.75485939498185
17,4,0.24560046939829352,0.5550014977390842,0.5511417875117585,0.537814479808147,0.1303457709918374,0.1851800544590895,0.15584140627230042,0.6642866765025558,0.0,0.3,0.0,7,52.61725830332555,223.81475474210995
17,5,0.24441056989138338,0.5531268124344428,0.5492222239484745,0.5360560842473604,0.06735733190683695,0.24312098074631322,0.16868823817572529,0.6746792048956538,0.0,0.3,0.0,8,55.41887938755188,209.62649156642564
17,6,0.12762425974342956,0.38326127611757943,0.3781548696646252,0.36032537680230675,0.47620165950964155,1.0,0.1128735516581526,1.0,0.0,0.3,0.0,9,29.099615944395826,82.10179548870673
17,7,0.0918959394316998,0.3106546994101024,0.30504480035015885,0.28582630921036156,0.1172369180356985,1.0,0.08468888785145247,1.0,0.0,0.3,0.0,11,22.94558696364723,76.38873162208755
17,8,0.08199385693628879,0.2834717241515822,0.2776483279049808,0.2580474473984264,0.06517268261824384,1.0,0.08474819465736587,1.0,0.0,0.3,0.0,13,20.040541847313484,64.1987177157606
17,9,0.0719334760147103,0.2574853788193957,0.25147776973246067,0.23197500641262464,0.08945128015179628,1.0,0.07636771885684167,1.0,0.0,0.3,0.0,14,18.560275890296264,53.990044513634544
17,10,0.06131710570250469,0.2159277424314925,0.20988017231926998,0.1884504598533563,0.15256872554900522,0.1913157859515717,0.08347954467411417,0.3355958560421613,0.0,0.3,0.0,15,15.510783349433243,75.0686643630156
17,11,0.06248894408116128,0.20558313896908717,0.1994150717922425,0.17841701029157803,0.07294268092886405,0.1949145707308228,0.10016084766564534,0.4082714420061199,0.0,0.3,0.0,16,14.99334236368645,52.82437087247741
17,12,0.05462503349884548,0.1891479432461116,0.18288993309750667,0.16110357671684072,0.0590785431126916,0.18828310167585585,0.08357838935063652,0.33577608930987146,0.0,0.3,0.0,17,13.782023967660708,70.9507085130467
17,13,0.04984698855455014,0.15018022696825584,0.14448705553772354,0.12072964027176726,0.1565283267370129,0.2076386188749991,0.09995349929141144,0.4821713614473325,0.0,0.3,0.0,18,12.075239439082871,41.6951187207448
17,14,0.03865675369315544,0.1237267647339628,0.1178847465227851,0.09443573831615583,0.049751238629592937,0.20529954178744764,0.07500092046114375,0.3617924291290064,0.0,0.3,0.0,20,11.181597716503276,41.65043285593768
17,15,0.03835372137522185,0.12207682419246056,0.11622183343763928,0.09287068427986439,0.02717176050636057,0.2048907518582573,0.0750084132358357,0.36181454000762997,0.0,0.3,0.0,21,10.904410542898583,41.256661407153246
17,16,0.03531654764690955,0.11028766774448742,0.1043484628162431,0.0807743313120461,0.052425834735641066,0.20942343656687817,0.07148095248227637,0.3451825371507169,0.0,0.3,0.0,22,11.313629080564828,37.920392981201005
17,17,0.0357579929522144,0.10819138651762233,0.10222788863385818,0.07871552721274047,0.03131277527925718,0.21097878820978816,0.07479333993123397,0.3612677127998586,0.0,0.3,0.0,23,10.841844482259155,38.57710706108793
17,18,0.02925325957197195,0.09590855657319186,0.08989006248379677,0.06616694763151196,0.03734213654172104,0.20871897895673247,0.05721753476859171,0.27626025548378236,0.0,0.3,0.0,24,10.847173194658142,34.30583881781636
17,19,0.026211852718374486,0.09203666969680309,0.08601028054471899,0.06369690934865593,0.015751848345612378,0.208399162389181,0.04766214841561459,0.23018986589704565,0.0,0.3,0.0,26,11.09291557959252,35.17160452660197
17,20,0.02600715884175097,0.09092049585372321,0.08488544164423048,0.06253923119521224,0.015883388575777712,0.21097527768546764,0.04761798179105539,0.2301093325254154,0.0,0.3,0.0,28,11.052543016677282,34.52176888518646
17,21,0.025082811427168457,0.08548401885332707,0.07940632597071565,0.05732533238382093,0.029933531551749264,0.21123566608648486,0.047622970555327444,0.23012406829914905,0.0,0.3,0.0,29,10.61667211722631,31.829806394172085
17,22,0.024859108154873015,0.08409803400642853,0.07800935793545304,0.054939570524316174,0.01832605186230543,0.20938697131502443,0.04766152954133837,0.23022210511824198,0.0,0.3,0.0,30,10.444162671511506,32.08804757403924
17,23,0.02217842369607744,0.0782547671107049,0.07213629939686866,0.050599703115208075,0.023189565190959008,0.20975253584021442,0.04083519309518725,0.1972943341544851,0.0,0.3,0.0,31,10.021094863691928,32.11000687498773
17,24,0.021971123476653323,0.07730116574483413,0.07178159840750854,0.05151106497791307,0.012866145031469765,0.21447756342535143,0.040755162481826465,0.19708666314142448,0.0,0.3,0.0,36,10.575437546082885,32.64901546476811
17,25,0.02378659650181624,0.07709057082060697,0.07155196551986748,0.05279515660442905,0.02144455539064383,0.21397509318272462,0.04813583810033868,0.23181531753447931,0.0,0.3,0.0,37,10.484924007429331,36.23478508576428
17,26,0.019947493837972473,0.07274537173845595,0.06720198303797488,0.048240936535317955,0.011274347958755215,0.21465096925485497,0.0356643754189168,0.1724775966501365,0.0,0.3,0.0,40,10.29328022296163,31.380246834969352
17,27,0.02046513122130404,0.0672781520936455,0.06198175551418734,0.04385350048609879,0.03324388432791126,0.21248994403369115,0.04126902027121305,0.1987467335820824,0.0,0.3,0.0,41,10.195648655887885,42.425148641740726
17,28,0.02005413528389184,0.06494649606084411,0.05963218161177325,0.04123130646833316,0.015616777635501525,0.21579102411627332,0.04109957792509724,0.19825164218842847,0.0,0.3,0.0,43,10.085889144131317,32.52803555123772
17,29,0.020058111467120526,0.06502543778986551,0.06001482695417238,0.04279053917042876,0.012353733777435988,0.21582407986166857,0.04112217391123601,0.1982977014316876,0.0,0.3,0.0,46,10.08898829281891,32.5574451184796
17,30,0.018343289607903556,0.06224328091238091,0.05752567331913278,0.04006918539667593,0.014793314351371371,0.20800816791139085,0.03612359788421293,0.17393117695707155,0.0,0.3,0.0,47,10.084842601170488,43.5362654088804
17,31,0.009798529808245887,0.05221128354052794,0.048085657741687056,0.034252268140061985,0.003312876925404577,0.1549704321274049,0.008668178602193035,0.0350313373967443,0.0,0.3,0.0,55,10.134887462014806,33.85062844263203
17,32,0.009048513232508706,0.047565580206354895,0.04310093249892896,0.029620130264426604,0.01550339640215361,0.15489626724399008,0.00847559307977284,0.034390464450719846,0.0,0.3,0.0,56,10.089970499483297,46.754109128755104
17,33,0.008686024954316935,0.044798948500062254,0.04091799376875242,0.027929410788655774,0.0048471903983841325,0.15423687080209283,0.008813977333619842,0.03551431045530148,0.0,0.3,0.0,60,9.831070745448953,37.03813784571609
17,34,0.008267563520382827,0.04209430669520538,0.038495150354816834,0.02682918637524978,0.006655459538092675,0.15502672215750785,0.008811986081304225,0.03548683085498147,0.0,0.3,0.0,62,9.742859951628027,36.57046514883003
17,35,0.008200312420068764,0.04153585950115538,0.03793217773043565,0.02193863184745883,0.0032170595531578676,0.15549425658465788,0.008874840319264533,0.035647462374547315,0.0,0.3,0.0,65,9.741912230569822,36.12289080387824
17,36,0.00762619753795226,0.03938622914184771,0.036070969767451944,0.02566427198627245,0.005197445907047292,0.15501506330806905,0.007928954085193726,0.03192805004767322,0.0,0.3,0.0,67,9.656958312807928,33.287793352991365
17,37,0.007606190325935017,0.03931499065437843,0.03599925657063362,0.026561950921071678,0.0024253190470268655,0.1540752971826776,0.007891896221136396,0.03184408653171217,0.0,0.3,0.0,70,9.686771373280967,32.84105467200394
17,38,0.006919159666183424,0.03560193270835912,0.03195543505440877,0.024751206591608857,0.0041702096599021965,0.15577793254498404,0.007287292410665144,0.02927752169212474,0.0,0.3,0.0,75,9.544208101356048,31.34773401834404
17,39,0.00659801029519771,0.033675090881381174,0.030922722954261746,0.025655061601682468,0.0028164835883306557,0.15530642533900194,0.007280043559217041,0.029221980481124836,0.0,0.3,0.0,85,9.490500184605402,31.85770950541844
17,40,0.006543586142106025,0.03328663463882213,0.03053118954876989,0.025952857665970986,0.0027489220870851173,0.15544941843799015,0.0072869348989519165,0.02915691731433704,0.0,0.3,0.0,87,9.52763855286114,31.831403911722813
17,41,0.006438941155416397,0.032828011276132704,0.03188715330670768,0.03423598054797908,0.0023630849761943845,0.3825587410744582,0.00744052719107601,1.0,0.0,0.3,0.0,110,9.4826617699551,44.96661296667156
17,42,0.00643841707731251,0.032914331982253964,0.03227717743175808,0.03652252750658301,0.002234278876282108,0.3826587368751627,0.007440548706882054,1.0,0.0,0.3,0.0,115,9.48270441576679,44.97691089951058
17,43,0.006286344367800062,0.031815082544564596,0.03116920691879154,0.03566056652259701,0.005426956024254223,0.38143550504398366,0.007463344333317868,1.0,0.0,0.3,0.0,116,9.418893232486049,43.68788916359296
17,44,0.006494914369869286,0.03189710988242435,0.03185598623553001,0.03739597637533321,0.0028425934859326743,0.4780199914530662,0.008329483424692257,1.0,0.0,0.3,0.0,119,9.321605587295752,45.91850180357751
17,45,0.005993860125497427,0.02990160104784759,0.02984676463383194,0.035679093009225,0.004758912393224055,0.3494350626780983,0.007488617409940646,1.0,0.0,0.3,0.0,121,9.269042924160424,37.73737548726555
17,46,0.006167687551103954,0.02965729877731714,0.029598640549157687,0.036105512207278735,0.003191922303936975,0.48178917872159566,0.00829889471556905,1.0,0.0,0.3,0.0,123,9.32817228642616,42.19449892681895
17,47,0.005786874255919488,0.02813958317038371,0.027161730245735927,0.03755406416062889,0.0026158801464090118,0.3234272927730872,0.007506626273037624,0.9172909031616839,0.0,0.3,0.0,131,9.482241490257502,163.12400646154484
17,48,0.005953074795871958,0.028321455479108328,0.02885852461579216,0.03832273144961091,0.0032187501967671645,0.5011755199893482,0.008298914653192145,1.0,0.0,0.3,0.0,133,9.279048756038502,41.90558101094688
17,49,0.005936722167052385,0.028108281280142148,0.028643542699391636,0.03947601441967025,0.0028356785542548134,0.4998303526534558,0.008352153587209199,1.0,0.0,0.3,0.0,135,9.279453222257947,42.28859372524459
17,50,0.005591713574814888,0.027385237669792,0.028523025863163094,0.04199910369090749,0.0031881928254692635,0.5261471002786846,0.007507149872019648,1.0,0.0,0.3,0.0,137,9.308761717508032,85.60992664102889
17,51,0.005213043364610932,0.02431839279861658,0.02421970559460088,0.030845102428328802,0.004853185593778913,0.24351197803167798,0.007508148305120468,1.0,0.0,0.3,0.0,140,9.220555501892957,630.4682684171286
17,52,0.0051369602309125195,0.024033437206063303,0.024841773018420478,0.03303040651748597,0.0030555783267069304,0.24400547949492507,0.007512558097569682,1.0,0.0,0.3,0.0,142,9.2244682979022,618.669619840218
17,53,0.00504002857924322,0.023091973601813726,0.02298370883002089,0.03862909796376541,0.002634043022200381,0.22103925721550163,0.007498183653695158,1.0,0.0,0.3,0.0,147,9.209891872863285,406.5662254959371
17,54,0.004580562771574562,0.021254602858421373,0.022345691403619073,0.042713156802807906,0.0027142645287147973,0.372231108803848,0.006894972510566742,1.0,0.0,0.3,0.0,156,9.33290500839024,203.4192815995268
17,55,0.004534552620375394,0.02084202233303943,0.021929791631857175,0.04369844600929876,0.002693032022853887,0.37222532533435493,0.0069363008523676654,1.0,0.0,0.3,0.0,158,9.304383804901358,203.42377772859217
17,56,0.004534552601618303,0.020932028228123626,0.022323573859411753,0.04478538185974234,0.0020809342178866154,0.37222532392865204,0.00693630083729681,1.0,0.0,0.3,0.0,160,9.304383789137288,203.42377679735856
17,57,0.00453363789202786,0.021555626227043545,0.0250735820462731,0.039621458073413565,0.002099505497096504,0.3720986415249104,0.0069362112969105,1.0,0.0,0.3,0.0,161,9.318530998314648,204.26039017824493
17,58,0.004535012875822595,0.02082080840201825,0.021908407326772347,0.045090238781193545,0.002138896962310536,0.3719509337657504,0.0069493823039349515,1.0,0.0,0.3,0.0,162,9.322535280951982,215.7366774077795
17,59,0.004417376406781498,0.01987855043129649,0.020655598763362096,0.04690199145972088,0.0023292995350590274,0.35892215405245936,0.006946423393633174,1.0,0.0,0.3,0.0,172,9.253167064236322,211.1664024871217
17,60,0.004387311063648696,0.01963888141570926,0.020414000236018442,0.046653140725579,0.00243730602056581,0.3699834552761669,0.006957052393140134,1.0,0.0,0.3,0.0,174,9.27030042637676,199.65265034197856
17,61,0.004373356594775608,0.019625395585650237,0.020703553224306663,0.04724399107795729,0.0022367390609568335,0.37004425459031176,0.006957805747170114,1.0,0.0,0.3,0.0,176,9.273090855531033,199.9284503576457
17,62,0.004347562791413977,0.01962754526396737,0.021614807102907918,0.05506010377864222,0.0021575794437407006,0.275874131703154,0.006999543920185041,0.9157577422771516,0.0,0.3,0.0,190,9.270164959411108,108.9217229817228
17,63,0.0044776526258147025,0.01944734695544163,0.021734827516089024,0.055046270962645694,0.0036295529644012944,0.30487668312691296,0.007644081698156422,1.0,0.0,0.3,0.0,191,9.219253371475958,108.447566938106
17,64,0.00428972285703345,0.01924574751348531,0.021533084053286838,0.0593947104474239,0.0021226248878143663,0.35410446175797944,0.007024821390102089,1.0,0.0,0.3,0.0,194,9.306003105928722,89.75175126961196
17,65,0.004250521656977455,0.019111268747283968,0.021397747289388692,0.056577370823858324,0.0024009492405452967,0.273424178855246,0.006944258718925878,0.9255168237024909,0.0,0.3,0.0,195,9.232058066796307,105.74870473990616
17,66,0.004208066937665837,0.01855255473607505,0.020531286187498582,0.05904745716158265,0.0035304307615653787,0.3589405553468437,0.007026732723167579,1.0,0.0,0.3,0.0,196,9.234699451208686,89.18478940800588
17,67,0.004204415534169716,0.018598130124326956,0.020880350362017006,0.05980733059218267,0.0021787680553106595,0.3586119718748585,0.007035965550192628,1.0,0.0,0.3,0.0,198,9.233036930471435,89.33804458317701
18,0,0.9510472162710626,0.8910090083248425,0.8901535347035222,0.8863061171163182,0.0,0.0,0.0,0.0,0.0,0.3,0.0,1,221.683707709939,1356.8996424895995
18,1,0.9066730827400435,0.8787809315090549,0.8778294554291344,0.8739229904467779,0.017637045587721886,0.10326247146534684,2.073732655007983e-05,6.986205701064e-05,0.0,0.3,0.0,3,213.02404876195115,1230.3900985548216
18,2,0.5404045935167869,0.7614128924890068,0.7593386894773636,0.7513525659180937,0.4379314885624819,0.09949555276506752,0.08557968459612014,0.2487701863884523,0.0,0.3,0.0,4,118.83912434968876,800.6329748637446
18,3,0.4443103461760953,0.7080122495803313,0.7055624362775678,0.6966750458091672,0.15809508536519468,0.09891228398839048,0.06712823399149444,0.28811422443672474,0.0,0.3,0.0,5,94.66863209593669,618.4627941590924
18,4,0.40053148553120616,0.68221074223989,0.6795403896556642,0.6698113012297784,0.10350434838595379,0.09893300170491416,0.07478559880027882,0.39656860880333983,0.0,0.3,0.0,6,83.34851944162841,489.73350554031816
18,5,0.6291212655703695,0.9264006289162234,0.9234683506262031,0.9133614669369636,0.3483861736271896,0.09890221709711963,1.0,1.0,0.0,0.3,0.0,8,76.89351724242975,540.8989208895108
18,6,0.4314880077056792,0.7364164525454376,0.7332786187983626,0.7231152178492753,0.21102224609385237,0.09936358054366892,0.45401400117239876,1.0,0.0,0.3,0.0,9,73.54737570567944,411.3477079632248
18,7,0.3412583793524273,0.6519760898526994,0.6485539823465423,0.6385897583009317,0.14016592345729126,0.10010189144617791,0.293259506664842,0.9171849703623458,0.0,0.3,0.0,11,62.71342636340943,373.1961223472573
18,8,0.3008377613791895,0.6123871379815887,0.6087590729215294,0.5982176850168986,0.15034578358898468,0.10051607764007937,0.2487743332956406,0.8085777181885326,0.0,0.3,0.0,12,58.42506105419006,284.55991737887365
18,9,0.30764283834934497,0.6188603548958476,0.6151640489307854,0.6045403030167376,0.11481592807353141,0.10107336916129286,0.2993581164757835,0.9341202243804071,0.0,0.3,0.0,13,53.73847780444412,343.3634616398141
18,10,0.29390285171368985,0.602636957056196,0.5987373633790566,0.5875679130577801,0.1741180315769023,0.10055476295650445,0.33160257871911536,1.0,0.0,0.3,0.0,14,50.62488456787682,300.84113011920743
18,11,0.1515662970469518,0.44548686532995174,0.4410900420959926,0.42759653594686275,0.18838140634526107,0.10132237448033668,0.01893004620729185,0.13279481206588484,0.0,0.3,0.0,15,45.61584481838788,250.4395570013285
18,12,0.21330816938411898,0.4999031538000537,0.4953415217808107,0.48205374086614017,0.14154661241145214,0.10062014638227305,0.2703054650469273,1.0,0.0,0.3,0.0,16,36.10558341547953,244.51645050812547
18,13,0.13325862065181177,0.4181828802311344,0.41358661764690813,0.39996114412317396,0.016536172201063657,0.10144702894400463,0.012630713716835844,0.08714883265723714,0.0,0.3,0.0,17,42.15295241166738,230.57694228852327
18,14,0.17902591987062225,0.4528011343143842,0.4479934994717891,0.4344223308179006,0.14299193025580054,0.09987051278030336,0.21779347335668525,0.7889256911232196,0.0,0.3,0.0,18,32.082327754529786,227.23124098551563
18,15,0.0939074191151184,0.34914253622411984,0.34554529235980047,0.32966401147431296,0.11369710520007692,0.10504765276383421,0.0017701767276885238,0.014280801852268248,0.0,0.3,0.0,19,32.71607500745208,135.0156054540541
18,16,0.07895814414960901,0.31587217730444717,0.31171039977436626,0.2950820904343044,0.04843903742406226,0.10022013249937126,0.001894421762011032,0.01966702643821484,0.0,0.3,0.0,21,27.25932348233109,115.10824454216272
18,17,0.07671994853355792,0.310580449817651,0.3063773901598089,0.29051313187883726,0.015700144272437596,0.09742185270888992,0.00178772933333573,0.01998435444648073,0.0,0.3,0.0,22,26.50719392889504,123.6723344611298
18,18,0.06898961083398107,0.29103927139960784,0.2869844328976837,0.2708133158169396,0.029322566359479465,0.09721860378096636,0.002468453978162101,0.051831716577722786,0.0,0.3,0.0,24,24.05752533842488,102.10646123389525
18,19,0.06377448490262112,0.2777235479124259,0.2735666589420249,0.25743117153435363,0.03782572004623798,0.09714485455110072,0.0013570298923899103,0.04771626515948914,0.0,0.3,0.0,25,22.32816815008984,97.70220961998233
18,20,0.06377448490451175,0.2777235479124259,0.2735666589420249,0.257270993526431,0.0004071748134087361,0.09714485455110075,0.0013570298923899103,0.04771626515948914,0.0,0.3,0.0,26,22.328168152160007,97.70220933417964
18,21,0.05257862516530137,0.24551155483004408,0.24110278316787828,0.22498067622462756,0.09286618466599607,0.09708612487527449,0.0010297986537455071,0.035819382766564975,0.0,0.3,0.0,27,19.775906421160744,81.92630456249171
18,22,0.04430335342020329,0.21874455737536694,0.2141256716365491,0.19703404829763602,0.07746796141129107,0.09602071026567892,0.0010382992346292664,0.03582658214033299,0.0,0.3,0.0,28,17.644896979740636,78.9423452668284
18,23,0.04132326744575231,0.20764377480465326,0.202935268140294,0.18539382311064664,0.01705204084585353,0.09586628709730216,0.0020432600679842513,0.01837697356812504,0.0,0.3,0.0,30,17.461471219422744,125.6918335128477
18,24,0.03745833291666655,0.19393981495048024,0.18912493633953978,0.1721692224042219,0.03953171442998044,0.09426209446257848,0.0015597157400665258,0.01261700599446588,0.0,0.3,0.0,31,16.210223615233108,124.66300746545733
18,25,0.03240800192444764,0.17384353787029586,0.1688695961680807,0.15086361112658636,0.05905794883618443,0.09571408372505802,0.0021263581291288765,0.0186150366775427,0.0,0.3,0.0,32,15.131264119215608,113.41491427100804
18,26,0.03101913019088985,0.16814559338248325,0.1631268483545849,0.14577459680250024,0.017091783105158125,0.09695746793286272,0.002159847598067165,0.01558472890755153,0.0,0.3,0.0,33,15.12962191160178,103.90542843433477
18,27,0.029418848815824634,0.16142179896499523,0.15635013670151068,0.1390708020971523,0.020077945500693743,0.09648260481814155,0.0022041402720608676,0.01841652906729132,0.0,0.3,0.0,34,14.308837471618878,109.32728081717664
18,28,0.024966464492116536,0.14230275058140182,0.13708199412297345,0.11969464508704437,0.05531929082035462,0.09670239508385682,0.0018197326721142788,0.013004765208604972,0.0,0.3,0.0,35,13.547605987060546,102.37860575841331
18,29,0.024216301332686794,0.13899218840096494,0.13374564375166464,0.11682027698945774,0.010031329779124003,0.09652589877974038,0.0017261605627334681,0.015270944826710969,0.0,0.3,0.0,36,13.218380509116,89.76975788736301
18,30,0.0229282767059337,0.13292504307713274,0.12763072565381176,0.11080246648417572,0.018048750117680548,0.09491884742704744,0.0017864848787503306,0.015531833522038,0.0,0.3,0.0,37,12.949428056624331,104.34925157362878
18,31,0.02110310762686582,0.12451657038331793,0.11915692800036905,0.10283928527902234,0.024468014833882775,0.0972511836904294,0.0015126985026382928,0.01317121782825241,0.0,0.3,0.0,38,12.268628924055417,85.04026874701319
18,32,0.020231076755841147,0.12035512151670484,0.11526591476702899,0.09890697901126512,0.006560485014578418,0.0958532189227554,0.0014942587426549127,0.013069216643445769,0.0,0.3,0.0,40,12.114818160379508,87.85689665752324
18,33,0.0178899455935999,0.10866745464983614,0.10318389165931399,0.08744944234620967,0.033638129984492775,0.09608816447878477,0.0013155478246975982,0.01147149761966028,0.0,0.3,0.0,41,11.504549169544616,87.88040412360317
18,34,0.017648130257042254,0.10751881582359633,0.10232927288245851,0.08694490998249811,0.002172983943324595,0.09591374091018616,0.0013070216752376844,0.01140118438119978,0.0,0.3,0.0,43,11.393230738018948,87.51736911749663
18,35,0.01732001585245206,0.10566400694036628,0.10015673030128362,0.08462056275965549,0.00553482524802812,0.09482988197092254,0.0013550072370278503,0.01178184047218303,0.0,0.3,0.0,44,11.309169505996945,87.0247269267891
18,36,0.016637108965038096,0.10240246991362281,0.0971731137268581,0.08242503134550605,0.00985589077679316,0.09603925315498149,0.0011743476055746792,0.01017384426689525,0.0,0.3,0.0,45,11.170968904685813,86.32424548489699
18,37,0.01664313618934953,0.10122277608373922,0.09598188747393248,0.08148753136905657,0.0027855363973924544,0.09336349935051848,0.002132296786934694,0.014839884314687371,0.0,0.3,0.0,47,10.70483611649806,82.68476466103382
18,38,0.015285175960171381,0.0950728607838694,0.08948287677153659,0.0752947429839647,0.01694782849500615,0.09369068006968184,0.0011827863569418356,0.01025915971077331,0.0,0.3,0.0,48,10.740843291304918,89.54651954345616
18,39,0.015326487405618518,0.09478413115173893,0.08949388341259737,0.07570061335362584,0.0012250869483143299,0.0943571455739562,0.0016337281420821328,0.01322403819611496,0.0,0.3,0.0,50,10.781693760729228,91.57439263548652
18,40,0.015209714204359515,0.09374227503248625,0.08844315334175493,0.07469033289065949,0.00385262709140358,0.0961655201982334,0.0019392470717603451,0.015429763464876681,0.0,0.3,0.0,51,10.80600603667508,82.0628307265396
18,41,0.014706257340658429,0.09126317741190171,0.08594506975552235,0.0726391387605186,0.007478299596263191,0.09384560321590055,0.0017292412282578942,0.013735567325624079,0.0,0.3,0.0,52,10.706000044374337,81.51262729700652
18,42,0.014313141485126355,0.08917522755083797,0.08384090574674868,0.07076975058079064,0.00646339118553711,0.09412623384623311,0.0016663448056766905,0.01331631051526117,0.0,0.3,0.0,53,10.560183130019356,91.09307386217182
18,43,0.014308049019704037,0.08915133935482283,0.0838168268629734,0.07104183365261138,0.0005652644913282975,0.09481021909071809,0.001663187341736322,0.01330803699790831,0.0,0.3,0.0,54,10.567356596760064,91.72758060657452
18,44,0.014278289760176352,0.08907168560773716,0.08403956575325554,0.07139135809846196,0.0009913941802456297,0.09412623384623314,0.0016663448056766905,0.01331631051526117,0.0,0.3,0.0,55,10.5410878746044,91.287563370931
18,45,0.013303726374064214,0.08383714808069785,0.07876434793297755,0.06686271363410036,0.005430346904264524,0.09371527472740535,0.001498901911277081,0.01198767546785201,0.0,0.3,0.0,58,10.422870505147898,87.31330727794479
18,46,0.012399805878106202,0.0792205955046284,0.07532418279353399,0.06307592005240088,0.014637070525984083,1.0,0.0013642251966398814,1.0,0.0,0.3,0.0,59,10.40068464500446,80.42374243673275
18,47,0.010707075899198162,0.06938122335389509,0.06540779103286377,0.05510312987110183,0.014533695767995018,1.0,0.0012892636956081832,1.0,0.0,0.3,0.0,61,9.92511069502564,76.89005820569096
18,48,0.010299059131307593,0.06691939241267322,0.06262368939854508,0.051562082634369226,0.007159122360867419,1.0,0.0012346714267659042,1.0,0.0,0.3,0.0,62,9.962716046510677,75.62479208530894
18,49,0.009756658954905474,0.06393273303339939,0.05991700308841594,0.049225974386394616,0.009072216815826073,1.0,0.001091306756877028,1.0,0.0,0.3,0.0,63,9.81504222523894,77.82577138655202
18,50,0.009623356089183497,0.06310566032046895,0.05908341217185067,0.04890997564299972,0.0027186600302961995,1.0,0.0010984460760081155,1.0,0.0,0.3,0.0,64,9.591025535938218,77.13444951940855
18,51,0.008823043462061796,0.058175019891488905,0.05411413119088949,0.04442839324627008,0.007425497586183097,1.0,0.0010852458139948924,1.0,0.0,0.3,0.0,66,9.387203849019077,72.97808300044727
18,52,0.00881531335629026,0.05821544291999792,0.05445795852730282,0.04524512588689347,0.0003976428180875473,1.0,0.001086093747176985,1.0,0.0,0.3,0.0,68,9.389302660534383,72.7401790606154
18,53,0.008784042549753322,0.058110038739522814,0.054654787873913556,0.04559139875371082,0.000607241009464035,1.0,0.0010860390363059901,1.0,0.0,0.3,0.0,70,9.406802883600918,72.65713910585892
18,54,0.008752720105544934,0.057880041464360786,0.054422922134675776,0.046000123172257365,0.001017897251911045,1.0,0.0011083980137524747,1.0,0.0,0.3,0.0,71,9.459697608954974,73.86495176303383
18,55,0.008570081778343622,0.055584967261389444,0.05210815110619032,0.045552275588740025,0.002358539714721767,1.0,0.0018311604326389141,1.0,0.0,0.3,0.0,75,9.58929131188971,79.3242546778021
18,56,0.008061479971564601,0.05207108003380716,0.04856627995318146,0.04378082286149444,0.004027893569909942,1.0,0.002005603283054597,1.0,0.0,0.3,0.0,78,9.465679700429613,79.90097729719398
18,57,0.007945949363251173,0.05157464955367489,0.048066275073204115,0.043267317237868926,0.0018573905945213054,1.0,0.0018553281620212266,1.0,0.0,0.3,0.0,79,9.42193445311054,80.13485250377629
18,58,0.00735004444404153,0.04770864796791528,0.0441699306970785,0.04056139379598173,0.0042771295263368805,1.0,0.001865985964150446,1.0,0.0,0.3,0.0,82,9.227112239926798,78.93738618024949
18,59,0.007323038634425464,0.04762294899124017,0.04438659710143526,0.041958737742732045,0.0008130422887992186,1.0,0.001865985964150446,1.0,0.0,0.3,0.0,84,9.2407244849293,78.93850094092203
18,60,0.006741418835910158,0.045966847093413254,0.04332651000806466,0.04312352590759682,0.0009166281605620297,0.5690075372591007,0.000683625958237503,1.0,0.0,0.3,0.0,90,8.876836935192646,73.93289213215185
18,61,0.00656661282810444,0.044908796039929526,0.04256320574979473,0.04457990214633388,0.0010327057330102635,1.0,0.0006843640848074436,1.0,0.0,0.3,0.0,94,8.855632749450145,73.26198423719914
18,62,0.006319432000307973,0.04327308740416998,0.04091461197129006,0.04322454037030649,0.0017789186522555371,1.0,0.0006877306653260625,1.0,0.0,0.3,0.0,97,8.641932134529647,73.92520597310381
18,63,0.0062720016891888815,0.043038578481681126,0.04098131574884472,0.044256516512771155,0.0011483444250287664,1.0,0.0006938788665320313,1.0,0.0,0.3,0.0,98,8.83853437390086,68.50755091086654
18,64,0.006255716103705439,0.04305498929928716,0.04130106378715311,0.04583302538690094,0.00029939767678543875,1.0,0.0006735766755476078,1.0,0.0,0.3,0.0,100,8.828294450026908,68.6085654249898
18,65,0.007091875243716442,0.043110819906935924,0.04074370445911657,0.04415631731615799,0.0015522592982132658,1.0,0.003815927161391784,1.0,0.0,0.3,0.0,105,8.878048483339406,99.10057222634238
18,66,0.0058752300676446064,0.04002484699896497,0.03824643029883281,0.042485622775399814,0.0020261612128067577,1.0,0.0009645061214349517,1.0,0.0,0.3,0.0,109,9.140234595171906,70.04820883387166
18,67,0.005716824446615366,0.03895348079199521,0.03716663075723834,0.04373504143534138,0.001065812597001115,1.0,0.00097008237939822,1.0,0.0,0.3,0.0,113,9.189904817672089,69.80481162839972
18,68,0.005569241134173616,0.03795446881033836,0.03615977912868231,0.044384451500843386,0.0010098042945618298,1.0,0.000971022494625271,1.0,0.0,0.3,0.0,117,9.063828864374768,69.55342150016267
18,69,0.005533643772885927,0.037589299033460886,0.03609453942974108,0.04560364286096908,0.0017479140595859741,1.0,0.0010950887604821032,1.0,0.0,0.3,0.0,118,9.11415394605962,70.29354459850428
18,70,0.005181241536362812,0.03622777833324978,0.03593550724674013,0.04682025244904798,0.0017555850462108186,1.0,0.000708911716837155,1.0,0.0,0.3,0.0,121,8.731033125782334,69.57389451822691
18,71,0.004936266507745437,0.034463237662587895,0.033854086448096954,0.04302450901946872,0.0026260021027986985,0.2599810199426179,0.0007094286426863406,0.06686615534350153,0.0,0.3,0.0,123,8.684937976735162,67.34332374773977
18,72,0.004817459940714801,0.0334547576810852,0.03253447585827674,0.052415456490986036,0.0003387107127860633,1.0,0.0007678770965784506,1.0,0.0,0.3,0.0,150,8.601873397163724,79.89717683296246
18,73,0.004759588898095136,0.03375634082777484,0.03496010620127438,0.05790334052439712,0.00033265058959010757,1.0,0.0007283592066603516,1.0,0.0,0.3,0.0,156,8.679356678688501,82.47443478525985
18,74,0.004559546093793664,0.03220237812850226,0.03278776675897894,0.05541069671504145,0.0021956654504653884,1.0,0.0007244087456407326,1.0,0.0,0.3,0.0,158,8.723305215596126,86.85125292334287
18,75,0.004597483526911035,0.0326089204961972,0.03471240892844573,0.06323745444434296,0.000287339508036778,1.0,0.0008967575991967508,1.0,0.0,0.3,0.0,173,8.717558300637219,85.66344643047405
18,76,0.004442192112520438,0.03130791231391883,0.03188611644053315,0.06005426006427955,0.0014017616778670369,0.8207464788535619,0.000769714587732125,1.0,0.0,0.3,0.0,175,8.691672948581811,67.55039600796802
18,77,0.004348318040140131,0.03065512861162653,0.031228248013607567,0.06113350951847083,0.0009329905725496122,0.7733213097373034,0.000769790451086196,1.0,0.0,0.3,0.0,178,8.69881595895131,67.57076885398453
18,78,0.0039931259522195586,0.028325569238203785,0.029486576057089667,0.059378152487720756,0.007482483806317878,0.61718058659268,0.0007837157181416221,1.0,0.0,0.3,0.0,179,8.74965107557623,70.98972558815422
18,79,0.003992391456361258,0.02832151512691195,0.02948248875653179,0.060440714662808544,0.0002376880000981535,1.0,0.0007830934838310916,1.0,0.0,0.3,0.0,183,8.697277297707329,68.19803556856249
18,80,0.003955341941262586,0.028059116433922185,0.029218023065948718,0.06060580103405845,0.0004896925610590694,1.0,0.0007841721697007772,1.0,0.0,0.3,0.0,186,8.61173949715383,77.88704849818187
18,81,0.003938945652335498,0.028037779758957652,0.02949959346197607,0.0620014709455565,0.0002774591107596471,1.0,0.0007819020891135516,1.0,0.0,0.3,0.0,188,8.599930780402662,77.6141051138947
18,82,0.003934842135182347,0.028003830638802765,0.029465345638426624,0.06266888377064113,0.00039907798493733944,1.0,0.0007847615852240705,1.0,0.0,0.3,0.0,190,8.599083530656277,77.73424353665683
18,83,0.003934238762964097,0.028078590784218337,0.029843698672230953,0.06426873458135991,0.00028690719404187267,1.0,0.0007907820677534463,1.0,0.0,0.3,0.0,191,8.68506791033551,94.22133183639394
18,84,0.003910946307118725,0.027925131983814466,0.029689098755659518,0.06436512441929627,0.0006759598419117609,1.0,0.0007849499424456341,1.0,0.0,0.3,0.0,192,8.580537620508045,77.71576592575502
18,85,0.0038710710842819363,0.027513152616197405,0.02897074874878532,0.06321338536747298,0.0006008424536753214,1.0,0.0008074799986972573,1.0,0.0,0.3,0.0,194,8.757063560728701,111.21605625800537
19,0,0.9475011001010447,0.890051992470444,0.8891890358363148,0.8853128694506784,0.0,0.0,0.0,0.0,0.0,0.3,0.0,1,224.81754832483225,1346.3982449737778
19,1,0.8765148727227853,0.8701465061903285,0.8691271246226806,0.8649611022018907,0.028746626188679448,0.10404539459931943,8.339773664612007e-05,0.00011270981830787,0.0,0.3,0.0,3,208.33538513288627,1267.6567667907482
19,2,0.815568413473181,0.852033725137797,0.8508690615373554,0.846742063519887,0.053775808902759695,0.09959046667173535,0.0014107241009548536,0.00410182874067057,0.0,0.3,0.0,4,202.1248655241461,1711.3071909631262
19,3,0.3544439431039157,0.6649828273075946,0.6615772276227296,0.6488876662935454,0.9217947291121111,0.21588827246545989,0.3296123000940192,1.0,0.0,0.3,0.0,5,68.01951662962242,244.2111500392869
19,4,0.2123913062265149,0.5142257022979773,0.5100440881193758,0.49548835877665476,0.18969651730372714,0.11564034689938758,0.15667890367967113,0.5678616300028757,0.0,0.3,0.0,7,43.90434626712585,282.3614490647484
19,5,0.14126595139388137,0.3948706747728948,0.39003088757651216,0.37166860690492537,0.22816871132677752,0.16755311278159385,0.1670014648087529,0.5811278556258296,0.0,0.3,0.0,9,29.220219212120394,97.37814308733924
19,6,0.10252761781283595,0.326880647856272,0.32163815582406907,0.30227582799644415,0.10755674394543276,0.16428787108602042,0.11139741625687567,0.38759477938257475,0.0,0.3,0.0,11,23.72877621408907,85.87361677175184
19,7,0.07682182894908564,0.25141103561789646,0.24557942424205467,0.2243950311307737,0.14067875364041404,0.15632382939786543,0.11004375522483899,0.3825303001055529,0.0,0.3,0.0,13,18.13806287051126,61.568126281279085
19,8,0.07531170373975074,0.24655578500811132,0.2406835955283259,0.2197773210429268,0.04233454190760527,0.16365227835534485,0.11105446359601305,0.386631508835545,0.0,0.3,0.0,15,17.369766866252096,66.89895950174459
19,9,0.06552935404230492,0.20834062633875297,0.20216963506973615,0.1804881968047013,0.13703894216798154,0.16658402841255998,0.11060997653167519,0.3860064142283784,0.0,0.3,0.0,16,14.79769000462319,79.50223006329243
19,10,0.06491346852501782,0.2058031224252272,0.19961199633522855,0.17852586623808142,0.04057686557279279,0.1655752563045546,0.11067875157941824,0.3861732871265907,0.0,0.3,0.0,17,14.601808696535889,79.07180916985087
19,11,0.04577953610639074,0.1584203254089537,0.1519409009789265,0.13038793412764044,0.1284985930605881,0.16127701086118976,0.07522732690098188,0.26470475125117826,0.0,0.3,0.0,18,13.361499440625218,52.90399184854373
19,12,0.035441158310963894,0.12574545977950555,0.11904554585191524,0.09754172785742776,0.058541279224082934,0.16573366057379144,0.05995416020808347,0.2113531359879742,0.0,0.3,0.0,20,11.659896296895004,42.97937675866457
19,13,0.03091310202362898,0.10120715792826038,0.09431454271096101,0.07231354649783449,0.05334483194082308,0.16334112733739242,0.06000190394673291,0.21141980018767725,0.0,0.3,0.0,22,10.574112084877218,38.5642946937362
19,14,0.02646497043668679,0.08984757172128849,0.08288930216660664,0.06131697116606757,0.02702860719434419,0.166364736588353,0.050015006431494105,0.17622707656150555,0.0,0.3,0.0,24,10.07816947153915,40.27813294864391
19,15,0.026212243514445087,0.08796212293142956,0.08129133480220951,0.060660359990289056,0.01808707787666428,0.16044733784288953,0.050349653986736284,0.17726186748686887,0.0,0.3,0.0,26,9.917009912973478,39.159157377451415
19,16,0.021307559100831378,0.0779203457976986,0.07089816324453618,0.050478854737562834,0.01995914476044327,0.16674742696030037,0.03739793987028208,0.13192144454902155,0.0,0.3,0.0,28,9.64473108035424,37.31778664452552
19,17,0.022301644217173948,0.07575767736169346,0.06870582184300751,0.04843208006423766,0.023732231138464926,0.1666081947838829,0.042790164016315815,0.15085047365244242,0.0,0.3,0.0,29,9.674488483017448,37.69893662588958
19,18,0.01924230842762019,0.07168815840364764,0.06462682679781012,0.044774055819608236,0.013455634725538925,0.16982347550767346,0.03325016934099279,0.1172879028652852,0.0,0.3,0.0,30,9.305165502408064,40.85470046727553
19,19,0.01885922546849718,0.06933258608653457,0.06225278264763367,0.042786329885340736,0.016761462496334166,0.1659185408409682,0.03324740891685944,0.11727824801923917,0.0,0.3,0.0,31,9.268534728871511,36.96758358339408
19,20,0.018705738424614538,0.06837509830671432,0.06128776116798766,0.04233247679189191,0.011356418444707646,0.17178002642203144,0.033251109615300554,0.1172848797499706,0.0,0.3,0.0,33,9.373113373918542,40.19056107890762
19,21,0.016902879605185574,0.062325017020840784,0.0551980232318632,0.03683327424022274,0.016261108368039134,0.1703420375871072,0.02992834248470962,0.10556559172237905,0.0,0.3,0.0,35,9.09760977265881,36.87661885394777
19,22,0.01776878674926269,0.06260486159296591,0.05607827035849036,0.03926356435505274,0.010513518626283126,0.17275026894547976,0.0332938367108821,0.11732055406384234,0.0,0.3,0.0,40,9.224540096351715,36.24072074806315
19,23,0.01708353541703206,0.05882873539252605,0.052273358961465524,0.03541423144655607,0.015152424149098606,0.16780201216330196,0.032918194329388514,0.11612615260630058,0.0,0.3,0.0,42,8.927883094673277,38.07304667071457
19,24,0.015848260965925808,0.05622291268752881,0.04935191179529794,0.033344237236987324,0.013241844084653707,0.17172644804554138,0.0295826646701358,0.10451988135883712,0.0,0.3,0.0,43,9.021049492779618,39.63912185598529
19,25,0.015484952346322774,0.05385812853954624,0.04696855312946899,0.03066665007311308,0.015691730320536352,0.17065995825221053,0.02958347773377416,0.1045225110699107,0.0,0.3,0.0,44,8.827357877548895,35.1825610292323
19,26,0.01441982889711061,0.05100361034600621,0.0447033046493302,0.02956614807025075,0.01151168540694325,0.17937085844256068,0.027212928357777798,0.09596599170101258,0.0,0.3,0.0,46,8.948876077747046,37.42526576265824
19,27,0.014334831526507377,0.0505285052636662,0.0445276351173686,0.030685127075402975,0.00898027001110548,0.1795591128195022,0.027215481535342093,0.0959812291067759,0.0,0.3,0.0,48,8.943530426955897,41.29773587486861
19,28,0.01495792487646707,0.05006838566648173,0.04405748144947872,0.030252463549376392,0.012658141291358473,0.1823352037319901,0.02993476269144828,0.10555546249585075,0.0,0.3,0.0,49,8.77569311585855,40.507433440428144
19,29,0.014577801285571531,0.04766978453148611,0.041337209047593665,0.02791631943451767,0.011120134134907457,0.1775928452349102,0.029802050320277565,0.10524153767382305,0.0,0.3,0.0,52,8.71123221902323,35.854967039943354
19,30,0.013802876037940434,0.04697232663892189,0.040943499522494195,0.027595855876083174,0.008216301495655207,0.17488897929196898,0.027227271953255423,0.09598306171574515,0.0,0.3,0.0,53,8.736996427786888,33.8302084838372
19,31,0.014298490422791804,0.0457923919672118,0.039445111951727924,0.026553655389541606,0.014304576875853046,0.18123335134161206,0.029802590800925833,0.10524580577126634,0.0,0.3,0.0,54,8.66831050722019,35.0134604891327
19,32,0.013473821103382497,0.044847866401946754,0.03910542505757035,0.026126069607567262,0.009188009269206262,0.1771118780022558,0.02722842864075418,0.09598987805226328,0.0,0.3,0.0,55,8.705901884063614,33.82849277695195
19,33,0.013282809581275258,0.04355174052313461,0.03779909946276202,0.024780854441904684,0.011905182984434845,0.1793016338203956,0.027230167348683776,0.09600003574560202,0.0,0.3,0.0,56,8.695180192403797,35.401735442447965
19,34,0.013237990550467375,0.04333526611727083,0.037884009335162824,0.02529706371952295,0.009053466947801568,0.17947347544618958,0.02723138727941992,0.09600716269435584,0.0,0.3,0.0,57,8.698541280316846,36.971522834488894
19,35,0.013927139293952671,0.04332110605724723,0.037257478409403,0.025066716937220436,0.010713449364451283,0.17915923673426964,0.029828696356160273,0.10535093001989997,0.0,0.3,0.0,58,8.572300374441578,41.32029241386436
19,36,0.012784307907566699,0.040296029072342296,0.03512402132290426,0.02506785693986381,0.009627374228886296,0.17904154663563496,0.027247648955945804,0.09601821589729367,0.0,0.3,0.0,63,8.644451456049788,35.75251730314848
19,37,0.012463851846003012,0.037666724834437046,0.03126161695186087,0.021661195454994134,0.011468189198950908,0.18273513820228623,0.02727997184051311,0.09583039278867131,0.0,0.3,0.0,65,8.566052425832646,36.33422187141122
19,38,0.012444139624469046,0.03752536513181873,0.031119102762017743,0.022702015648722353,0.008287602184496293,0.1826183722997628,0.02728282734207712,0.09584950063241122,0.0,0.3,0.0,69,8.582990767913785,44.643026439275445
19,39,0.012366648824255456,0.03706279566005081,0.030956045880863124,0.023925399050365923,0.00898662743971578,0.18278378394718914,0.02729083538186385,0.09583319342088475,0.0,0.3,0.0,71,8.595631528712449,44.95142172121796
19,40,0.012809730489333607,0.036130871376681487,0.031223366296771228,0.024981380890461452,0.009894304714076103,0.18378258022846367,0.029735956864786677,0.10524104123401072,0.0,0.3,0.0,77,8.572238055785853,32.84101255718621
19,41,0.012417378478648268,0.0337117001596878,0.028482700013290882,0.023181691559589882,0.015352628813132905,0.1823482416287617,0.029497468083407932,0.10451737408393702,0.0,0.3,0.0,78,8.532603479046912,35.61973171316993
19,42,0.01215943359630958,0.03176506315888103,0.026520612023445564,0.02298672368642323,0.01028513342123343,0.18229081658613372,0.029561939657786127,0.10470091937763382,0.0,0.3,0.0,82,8.431920947853204,35.71627518022343
19,43,0.012064873760218127,0.031306497117773745,0.02666460886826218,0.02394273639136637,0.009774942440541131,0.18370735985104336,0.02954286012872826,0.10467385132696175,0.0,0.3,0.0,84,8.447037550917086,31.900104501116427
19,44,0.01197025638606122,0.030560555899610806,0.025609809408941003,0.023871392622266827,0.00948682902049222,0.1813432890331608,0.029532137616577248,0.10470187160911712,0.0,0.3,0.0,87,8.427339133322153,35.815379429152934
19,45,0.011131479164092007,0.028664653021475597,0.023704256350527024,0.02226865506160526,0.0090774287853918,0.18339210377732007,0.027307553995401895,0.09571885122068832,0.0,0.3,0.0,91,8.277058485017076,27.65695926552147
19,46,0.011073712572520465,0.02822769912698097,0.0232638504525881,0.024039026343661472,0.008449640005999385,0.18506022410478423,0.027319203653476152,0.09579643788248288,0.0,0.3,0.0,96,8.207839852675486,27.47503936012286
19,47,0.01099944168157289,0.027677758026003266,0.02270954866345201,0.02378590036103522,0.009789962795361233,0.1839905965589553,0.02732720295594844,0.0958154514721682,0.0,0.3,0.0,97,8.184813913365415,27.167467560047704
19,48,0.010932131858558477,0.027236007050693508,0.02256736358726983,0.02613378169344352,0.008427599499354258,0.18420798061508886,0.02735186815212898,0.09662307742811241,0.0,0.3,0.0,104,8.217678791435977,27.210242264616184
19,49,0.010890543434488597,0.02695054890193984,0.02258261245381113,0.028880120808232823,0.00844084666443839,0.1847113225130612,0.02739181222745803,0.09620831029359925,0.0,0.3,0.0,109,8.137416170102266,27.34072510856106
19,50,0.010804671272181637,0.026365268101149045,0.021689813061547214,0.029400480825782796,0.009566281782726135,0.1855226833348807,0.027324202795993402,0.09650585074437444,0.0,0.3,0.0,110,8.150565601802898,27.30866340815263
19,51,0.010814974557456671,0.026068071045071195,0.02138985192669766,0.03005210990310546,0.008770940866945253,0.18638628648744743,0.027522491061537674,0.09631013554780758,0.0,0.3,0.0,112,8.10669985948053,27.059948696487385
19,52,0.010706125506391101,0.024933972105361173,0.01994344656803967,0.02951298200514921,0.011435987692039257,0.1864618671167514,0.027657359297750483,0.09682292308455612,0.0,0.3,0.0,113,8.043102297810762,27.135106220864195
20,0,0.8887280274304046,0.8736649417879813,0.8726733590898906,0.8683057322752258,0.0,0.0,0.0,0.0,0.0,0.3,0.0,1,281.0998748562102,1356.2156534693563
20,1,0.8280077056501581,0.8556247706077847,0.854491404848298,0.8498903792184016,0.026068410241468234,0.09672968896646904,8.215241533018288e-05,0.00011291047792415999,0.0,0.3,0.0,3,263.4517793402608,1318.5353123957184
20,2,0.7743326451328602,0.838748021472383,0.8374799751919068,0.832958399577963,0.049748041933563934,0.13154023781570762,0.0010193285993480568,0.00279885849922577,0.0,0.3,0.0,4,242.29262598372688,1177.016475657248
20,3,0.34509850119371077,0.6557389781173318,0.6523241127446934,0.6395987733261761,0.8791734878229801,0.20761306504487487,0.3027460172061818,1.0,0.0,0.3,0.0,5,68.17363440001033,248.3867410315092
20,4,0.3447963005287327,0.6554603465726548,0.6520432673656316,0.6393095248586006,0.09162598728004187,0.20761306504487487,0.3027460172061818,1.0,0.0,0.3,0.0,6,68.03629408301411,250.9804555990632
20,5,0.20721174088462968,0.5084829843475027,0.504285519296882,0.48966858213606257,0.33006111516713965,0.121995054875726,0.14426351394547582,0.6154702310123559,0.0,0.3,0.0,7,42.61949433808245,252.25389135748617
20,6,0.2046520843890371,0.5049725784701175,0.5007474662220945,0.48584266629902934,0.05323471548016207,0.12199505487572601,0.14426351394547582,0.6154702310123559,0.0,0.3,0.0,8,42.02299641261638,256.31342178328373
20,7,0.14516516394726262,0.4063294491772455,0.4016140165638012,0.3835156261403423,0.33728903354131134,0.1748785034250186,0.1523915744844219,0.6235341480823614,0.0,0.3,0.0,9,32.963978470005245,120.75502722243397
20,8,0.05983170247493423,0.19279897241027588,0.18652582837689652,0.1630031425384089,0.3166800174920036,0.15487032691063465,0.10220740602025374,0.41679192263523995,0.0,0.3,0.0,11,15.60990502289457,62.921576917008025
20,9,0.05979438174373134,0.19262536078659884,0.18635084049624406,0.16315360122721062,0.031183126578022365,0.15457579091537801,0.10222493109529222,0.4168274451805768,0.0,0.3,0.0,12,15.59745076873292,62.89341111573278
20,10,0.048199121746052107,0.16788302813295458,0.16147442070829637,0.13798889580974658,0.07224494932748604,0.15384552165268664,0.07669299085078443,0.31266482848356736,0.0,0.3,0.0,13,14.76685140504862,63.862569517251416
20,11,0.04809534727466021,0.16741673780345565,0.16100448547372626,0.13750483811448116,0.0243498157677198,0.15384552165268664,0.07669299085078443,0.31266482848356736,0.0,0.3,0.0,14,14.794458468465171,63.81171413243831
20,12,0.04072753151499538,0.1500802092705951,0.14356797456754902,0.12026434525115662,0.0551230393035711,0.15427447042898748,0.06136437676606026,0.2501707556482528,0.0,0.3,0.0,15,13.95527150604075,52.8309677788953
20,13,0.039588035533029454,0.139868884870657,0.13356963810515451,0.10952557860587554,0.053001170904071915,0.15349089487782946,0.06557093243585857,0.26731010589076926,0.0,0.3,0.0,16,13.377387214286928,44.153883678750006
20,14,0.03762519504236024,0.13519247162330564,0.12856368406618182,0.10527904969024893,0.027847973603993645,0.15479749865829928,0.06124095042756321,0.2499731694156869,0.0,0.3,0.0,17,13.369572033187591,65.58115546825596
20,15,0.031129327159997663,0.11265173719553699,0.10616972927512347,0.08202589268183394,0.07338506440735035,0.1509088253835961,0.05247426538228207,0.21390504026038362,0.0,0.3,0.0,18,12.319672026472984,41.15883427562592
20,16,0.031103351550931968,0.1126020757372586,0.10642272596834139,0.08313336955963972,0.015943429192848534,0.1509088253835961,0.052474265382282066,0.21390504026038362,0.0,0.3,0.0,20,12.308177340218576,41.22863975978348
20,17,0.028355862924799222,0.1092136739286612,0.10272524425542628,0.0795564219874578,0.015070955647512492,0.1529307088821698,0.04373503362562521,0.1782762787876219,0.0,0.3,0.0,21,12.398929674714129,42.02540609364626
20,18,0.02786500800618895,0.10656136192502891,0.09974897845153016,0.07725671781327907,0.02092584511491184,0.15532316323895695,0.04376332497047137,0.1786064429222393,0.0,0.3,0.0,22,12.288380858124494,53.1059950739192
20,19,0.02343554977133428,0.09037567854063575,0.08375409797518671,0.060980016222780056,0.052356091612973464,0.15330291242523053,0.03749893843975192,0.15283783586403998,0.0,0.3,0.0,23,11.800564333965324,41.95219876984732
20,20,0.025401298324314908,0.09092107805281387,0.08428595599742529,0.06156927339718217,0.016026181527786676,0.1520384385916573,0.045058035781025324,0.1837019185600363,0.0,0.3,0.0,25,11.471824552319758,45.45907298321372
20,21,0.025211307695226406,0.08981832739962105,0.08317457407816875,0.06067764800888062,0.016674998175783252,0.15309726633299392,0.04505509726730295,0.18370688353635,0.0,0.3,0.0,26,11.502881534644745,44.61484421741868
20,22,0.023707905669605324,0.08274177872972177,0.075742414618054,0.05394647567150645,0.03213277646030549,0.157735198668233,0.043780564311490015,0.17863834028996825,0.0,0.3,0.0,27,11.365674824269904,54.51482143130824
20,23,0.02246693921904041,0.07916177755054644,0.07274618919371154,0.050241011916769815,0.02111817579840103,0.15277707481596953,0.041328317253406854,0.1684761882757215,0.0,0.3,0.0,28,11.427878033462486,36.26805921479532
20,24,0.021091074891537956,0.07522533680743537,0.06817987860118048,0.0471534744015889,0.019708746965390118,0.15664010556743585,0.038311416682596446,0.15632451304251968,0.0,0.3,0.0,29,11.167156648152208,52.18182149746923
20,25,0.021365513716993564,0.07140044859148696,0.06492239700876688,0.04269624264652647,0.027330364805463487,0.15160447383576928,0.041998413540456504,0.17096061727279396,0.0,0.3,0.0,30,10.852416134786417,41.75637504831485
20,27,0.018730736489337287,0.06304585173248749,0.05681732965659039,0.03844929898567093,0.01173705364423185,0.15368770879165516,0.03687917687371235,0.13721996449924656,0.0,0.3,0.0,39,10.719627604897028,38.54988681689845
21,0,0.9385419575145226,0.8876183173256434,0.8867362650984442,0.8827871449263255,0.0,0.0,0.0,0.0,0.0,0.3,0.0,1,233.8112404219848,1360.4232062486074
21,1,0.8703654756962401,0.8683491692721961,0.8673156584598134,0.8630959448437864,0.02783111656391129,0.08753835406896,8.329236869252802e-05,0.00010735176944450999,0.0,0.3,0.0,3,216.6508181441957,1290.0700501587294
21,2,0.809905246850398,0.8501886588377064,0.84901029685091,0.8448309436240106,0.05351825735996209,0.12457808771607255,0.0010745560686564876,0.00244422396396749,0.0,0.3,0.0,4,202.1208152533084,1121.914811546341
21,3,0.3551218354766504,0.6654748330335885,0.6620843238780173,0.6494518367834715,0.9098152097409604,0.18621714232334857,0.32486869762922144,0.941701488925222,0.0,0.3,0.0,5,64.71825071800276,249.62106343920595
21,4,0.20556116687083398,0.5052282316585661,0.5009839589441377,0.4861874732929075,0.20274970180354482,0.09149421728390697,0.15327716369931974,0.4555792842357101,0.0,0.3,0.0,7,44.21536232663789,255.51808737582704
21,5,0.13411563464672385,0.37919834588847856,0.37424225727241983,0.35543045446130556,0.23575253121412695,0.149915205009339,0.16416106752630785,0.4752790284495794,0.0,0.3,0.0,9,27.549024316755823,103.10625161469834
21,6,0.06390202337628306,0.20259423825350248,0.19638025328906428,0.17329929155655732,0.2638096704620783,0.13934611711658096,0.1097038113354818,0.31700768174090127,0.0,0.3,0.0,11,14.299314942044749,63.19634838820063
21,7,0.06385020494903258,0.2024613273350503,0.19624651504727533,0.1731623809768325,0.03320210184737196,0.1404980274700921,0.1096205641486994,0.3168315052414804,0.0,0.3,0.0,12,14.281204885345538,62.73773634193568
21,8,0.051990119105638596,0.17885327932120687,0.17251754715063541,0.1493107179615012,0.0691089188175047,0.1383428912814247,0.08230426650884838,0.23778944484757694,0.0,0.3,0.0,13,13.907817253560651,64.53345061900504
21,9,0.053881002206143454,0.17864612398909768,0.1725918995462588,0.14912977235792552,0.03541148552451388,0.13473341436629144,0.09078016987791193,0.262087809908065,0.0,0.3,0.0,14,13.662360800448411,41.50766570113805
21,10,0.04253651360185376,0.15386177781324376,0.14736919638578236,0.12414130416251476,0.06915033731682702,0.14432737881774343,0.06562472232305815,0.1897766332383104,0.0,0.3,0.0,15,12.984111839888904,63.84175078648303
21,11,0.04374196950939926,0.1504627966076102,0.14392431710417325,0.12144999193634975,0.03909992729695504,0.14586343973012159,0.07379870011038396,0.21497442877439316,0.0,0.3,0.0,16,12.474791293559068,43.05475334550157
21,12,0.03419796811385947,0.12053125973332644,0.11409562178229211,0.09173430036599171,0.09152100305196911,0.14407940021963533,0.059035314595923455,0.17197484150260345,0.0,0.3,0.0,17,11.53044534435735,36.05408718926511
21,13,0.02709123247522048,0.0947010119400592,0.08808579771164157,0.06479042295119433,0.04765651665570983,0.14161960523617328,0.04921566048580322,0.14333461469719427,0.0,0.3,0.0,19,10.93716594663057,36.31296721770744
21,14,0.026817182877089077,0.09233214745713156,0.08599988430062373,0.06355402385387719,0.018753670407373593,0.14173452706201564,0.049830745619333275,0.14500819551763117,0.0,0.3,0.0,21,10.743339300986266,38.45912560519399
21,15,0.025998176582172794,0.08835152390104024,0.0816864479755241,0.05910736194757111,0.025454261343006573,0.14028128028484418,0.049222302931877626,0.14332907259226296,0.0,0.3,0.0,22,10.656835167544068,36.012094011728884
21,16,0.022673742060250177,0.07967075070546722,0.0729551179145013,0.05068896464634448,0.031094226688137758,0.14109101307543118,0.04175684256963889,0.12176433370699162,0.0,0.3,0.0,23,10.3791716129842,38.11931708776781
21,17,0.024746441874276656,0.08107311899322306,0.07435113676089809,0.05274834509195735,0.01715915903848759,0.143906221569431,0.0491307015531252,0.14317305575661726,0.0,0.3,0.0,24,10.288551801907008,36.73565143390341
21,18,0.020198304005339916,0.07211030693568397,0.06534688256219753,0.043585570094525065,0.026250983526858212,0.1445350815231249,0.03685561973664676,0.10742619861361727,0.0,0.3,0.0,25,10.472702451189988,36.664409166987966
21,19,0.021093846576184627,0.06944700984382175,0.06265029737098268,0.041460588482526615,0.02480646927635116,0.14554730486148837,0.04211140869823665,0.12269253543726907,0.0,0.3,0.0,26,10.286767176563965,38.46205927447249
21,21,0.018374573503103096,0.06063366615946786,0.05378018576877498,0.03335396972476361,0.028102180529967505,0.14434433098827287,0.03685119287513737,0.10737200837215484,0.0,0.3,0.0,28,10.000409979616268,36.960477085947886
21,22,0.018299329422609475,0.06023953876314868,0.05368598101226475,0.03357824739791226,0.011752383372218777,0.14434433098827287,0.03685119287513737,0.1073720083721548,0.0,0.3,0.0,30,9.966724210644346,36.6895820838331
21,23,0.015280719646977255,0.05268522118238574,0.0457866860316083,0.026652154562574956,0.01641796086783234,0.1467929393620539,0.02948468086670303,0.08591462678347123,0.0,0.3,0.0,32,9.829653348741951,31.747400525014108
21,24,0.01413705117152595,0.04964005719963224,0.04272390761140935,0.02426868518341231,0.011272291297753756,0.1503854428606211,0.026806206059731108,0.07811495603046287,0.0,0.3,0.0,34,9.755504531220756,32.62969455618991
21,25,0.014700479148719237,0.048886916487000706,0.04226154031428382,0.023175974007501543,0.011240710098092587,0.15574768159355643,0.029515610414015,0.08596750129094313,0.0,0.3,0.0,36,9.585702168894269,31.312106022651623
21,26,0.014496567520173049,0.04761839265744515,0.04128612432478353,0.0232860262207917,0.010811098195401958,0.15564062600614406,0.029513841879650907,0.08596224826231588,0.0,0.3,0.0,38,9.449284694438663,30.28937864187384
21,27,0.013451497149296918,0.04510272251186561,0.038453939841819204,0.02166523906481385,0.010388764217920201,0.15532344800019238,0.026835680080304323,0.07816789105690394,0.0,0.3,0.0,40,9.501307514622155,30.916464807346536
21,28,0.014149512693026837,0.04523655437045798,0.03858260681855853,0.021565365601511725,0.010755646901980487,0.15401873100628605,0.029489743500308422,0.08590711160370398,0.0,0.3,0.0,41,9.366453369383478,27.378801420445395
21,29,0.014104152246387457,0.04502026363256268,0.03866766345059836,0.02232252861451685,0.009291620970698791,0.1544765393991419,0.02949069669374282,0.0859075803298521,0.0,0.3,0.0,43,9.361540456500547,27.61156206952454
21,30,0.013277342106621633,0.0439979965708792,0.037643591487425965,0.022299647698261343,0.008381431912368084,0.15827160575719657,0.026846666430747766,0.07827719731702673,0.0,0.3,0.0,45,9.241303696794247,29.588779739283243
21,31,0.01397977254182968,0.04374443763428372,0.037381229706545525,0.022727799016836657,0.010537738034885356,0.15295067113032573,0.029739410298236596,0.08687956046831254,0.0,0.3,0.0,47,9.311605416621802,29.632195978463656
21,32,0.012615916784291388,0.03960063242546684,0.033514873959761105,0.019348104346752517,0.01773840858016417,0.1532775517865648,0.026832030921237888,0.07815344587499748,0.0,0.3,0.0,48,9.291258605566268,27.739267038968176
21,33,0.01259200579404223,0.039432657880347416,0.033345580486283506,0.020075790414137838,0.008293330563143235,0.15490003980962377,0.026834066667464972,0.0781580756683866,0.0,0.3,0.0,50,9.265030159359394,27.819824282842056
21,34,0.011894834110467739,0.038580317528171856,0.03249182475493617,0.01944006844135146,0.00764083543549688,0.15574725032251374,0.02459795228614168,0.07164191771163186,0.0,0.3,0.0,52,9.285550051360811,27.876747303299982
21,35,0.012520839764842067,0.03893948533717121,0.032848522265337396,0.020465969575211396,0.008500548178412093,0.1542938106306772,0.026835578542373104,0.07815969022676479,0.0,0.3,0.0,54,9.213306941577924,27.9089919577438
21,36,0.012512902798054107,0.039060224481147154,0.03357629682468443,0.022096005502316628,0.008137913827216896,0.1545736108905047,0.026838113797809062,0.07816363117904335,0.0,0.3,0.0,56,9.228890401941586,27.585853693429303
21,37,0.01249220234492459,0.038736483287266296,0.0326439310441731,0.02262015134037488,0.008258963695732787,0.15454320549047068,0.026838637097002054,0.07817421523474381,0.0,0.3,0.0,58,9.228399730685387,27.631776035388164
21,38,0.012408540815618799,0.03834153922241475,0.03285201642779766,0.023137504359788445,0.009706588504754312,0.15709734005506698,0.026836793832424155,0.07817176173928327,0.0,0.3,0.0,59,9.2020126692067,28.02592671830044
21,39,0.013361883321159064,0.036284052075883776,0.031069939303081044,0.021565020827405332,0.013002625940406031,0.1512155686143295,0.031747243498127374,0.09780928735779128,0.0,0.3,0.0,62,9.112045074513324,32.32587459380647
21,40,0.011615526888848628,0.03350928693531802,0.028588746652295494,0.02015385037060292,0.008714812550343592,0.14661763696151536,0.026544190013791255,0.08533055240857607,0.0,0.3,0.0,67,9.057698006180416,33.869049041661974
21,41,0.010891890478603013,0.03278483932412658,0.027864268065704727,0.020327070376249465,0.007241351241442842,0.14661801649901465,0.02413258751065201,0.07758257462024333,0.0,0.3,0.0,69,9.066835480324375,33.87169103715422
21,42,0.010870657723283035,0.0326286610299728,0.027706861963154625,0.020787477126616705,0.007467412496239144,0.14662156435531898,0.024136148647307856,0.07759185059118337,0.0,0.3,0.0,71,9.032892500204689,33.89180487711291
21,43,0.010858468582848396,0.03254057736202783,0.02761807719392826,0.022196985858794843,0.007495930634227597,0.1467835585929287,0.02413728230299615,0.07769332932395756,0.0,0.3,0.0,72,9.046166647122424,33.4071277182849
21,44,0.012137046480293286,0.033648958309445975,0.028724867765929432,0.020863112899520378,0.008833602262985778,0.1504460546481559,0.02849286628628414,0.08795555322529662,0.0,0.3,0.0,74,9.08480230053855,30.83056667556597
21,45,0.0100799958305625,0.0307194880030033,0.026090387843344724,0.021189117236408032,0.00987969910167569,0.14658694956172752,0.022164127994537482,0.07122867668565544,0.0,0.3,0.0,75,9.01452767924309,33.77047800850372
21,46,0.010057762607697838,0.030619284799216506,0.02598945286391647,0.021403211887994194,0.006902015373686574,0.14656346660385605,0.02213277387218967,0.07131098916867865,0.0,0.3,0.0,76,8.972340047896019,33.73399166871123
21,47,0.012844235815803962,0.03315792066658295,0.02882878005506292,0.023231299711967267,0.010622460658827422,0.153683172872428,0.03160687382473024,0.09734551471479248,0.0,0.3,0.0,77,9.128007997156946,47.11733974613386
21,48,0.012695508820566886,0.03209727497269723,0.027759780581693386,0.022759329781019123,0.012532755585829954,0.153683172872428,0.03160687382473024,0.09734551471479248,0.0,0.3,0.0,78,9.082399517724456,46.85954532021962
21,49,0.011434361616571296,0.02465970163427087,0.01935715862281128,0.009170073056272675,0.015788000322847915,0.14593760758262977,0.030566910187575586,0.08765418700131199,0.0,0.3,0.0,81,8.436274973992258,31.800128756823057
21,50,0.011311726032465675,0.023809407396752528,0.018803169677406077,0.009382444201235076,0.01190835391856881,0.14590954126968275,0.030588349654488155,0.08768888906401771,0.0,0.3,0.0,82,8.395337405695257,31.96780422355315
21,51,0.011240562891499167,0.02310162863720385,0.01899855078402376,0.01520120564998037,0.010007008873651354,0.14500489337854075,0.030826425338812614,0.0879357205643582,0.0,0.3,0.0,86,8.252979030048342,32.38285587730166
21,52,0.011122665972488363,0.022413720212720464,0.018305439967279014,0.015129891065527416,0.0096957258310313,0.14564498772096743,0.030731099903491977,0.08847090898851787,0.0,0.3,0.0,90,8.272365247787308,32.17220129755543
21,53,0.011123645613043708,0.022390154688067623,0.018281645234748393,0.015105249492063643,0.00926532203589393,0.14566104984136077,0.030747183263934847,0.08846675920900235,0.0,0.3,0.0,92,8.262917525868016,32.286192263637574
21,54,0.011111404396412575,0.02236834317583885,0.018259751050393864,0.015083022079796879,0.009219116130713169,0.14569516164530477,0.030711394705432313,0.08841417040185866,0.0,0.3,0.0,97,8.267733581795207,32.14804866342307
21,55,0.010267324208146859,0.021439357586748087,0.017330021111131542,0.01541528061220982,0.008525664521861032,0.143616040372751,0.027942336608199086,0.08047967038287282,0.0,0.3,0.0,99,8.336175935360405,31.816473910398745
21,56,0.01104257591636998,0.02218034103583381,0.018373626706502277,0.01573694217150783,0.009589899868080135,0.14567755453068487,0.030591004090696185,0.08821865808658112,0.0,0.3,0.0,100,8.284918581502138,31.96956570651145
21,57,0.01088653406517209,0.021642951068207083,0.018135707497938094,0.019921893012766603,0.009184062646537398,0.14518554091748237,0.03031620985081351,0.08802976190431379,0.0,0.3,0.0,118,8.277663336316724,32.076792491394954
22,0,0.9383336031889432,0.8875613604672994,0.886678798836288,0.8827279947302504,0.0,0.0,0.0,0.0,0.0,0.3,0.0,1,233.6129380728691,1351.2288162688592
22,1,0.8677850343785878,0.8675897486207718,0.8665502319311025,0.8623075819562401,0.028842195602636653,0.09468339566201324,8.330612368150826e-05,0.00012058127474219001,0.0,0.3,0.0,3,216.46897780706544,1249.3374984675722
22,2,0.4653002610831406,0.7111614372131372,0.7091911654743772,0.7013484568447587,0.4541414261586916,0.127332907323618,0.002615921955700698,0.01055838801197187,0.0,0.3,0.0,4,118.18210830473072,545.3826304090777
22,3,0.29086773042338465,0.5970894318630174,0.594213928995818,0.5829112542377347,0.16824262227930092,0.15710348698052218,0.0068399717276492545,0.03864986330429257,0.0,0.3,0.0,6,76.86534706025805,16439.404051220816
22,4,0.24830697119860418,0.5595141379479129,0.5563516689522431,0.5448030360444422,0.05372705929904639,0.1564547839574954,0.003460261541504295,0.0194288751587817,0.0,0.3,0.0,8,66.29726354591148,16413.90120154448
22,5,0.2410979225924804,0.5529138036093898,0.5496973542053193,0.5385610628412194,0.021966480598744793,0.15753528546215617,0.004399517936881575,0.02249571352035763,0.0,0.3,0.0,9,64.06960576221734,15896.079798634177
22,6,0.15487180636666362,0.45236431081137496,0.4486622229609992,0.434188506763761,0.2903610198176612,0.15230401051353196,0.004213530019358023,0.02096837760534031,0.0,0.3,0.0,10,42.050575757424525,15923.168260698798
22,7,0.1430033203523711,0.4348788561282916,0.431037403216313,0.4160308114045816,0.05272036070663226,0.14952113394639815,0.005128655199050597,0.02319039751365695,0.0,0.3,0.0,11,38.307534466126135,15931.343454334572
22,8,0.09801292332434901,0.35686582462853306,0.3524167019944203,0.3354421875522302,0.22409453183134145,0.13398324536132117,0.0031589687319764463,0.014350795751626089,0.0,0.3,0.0,12,29.95269808368453,15387.875629165992
22,9,0.09713537857278685,0.3551541721267274,0.3509946163165393,0.33417047153067053,0.0035877001842824306,0.13426000711113167,0.00321887736018946,0.01468930434187811,0.0,0.3,0.0,14,29.816798814447825,15764.608539118595
22,10,0.08248903364344574,0.32378699115060516,0.3193831087881838,0.3024894818330068,0.045583890987913156,0.13230972877805355,0.0024203616268728724,0.0108537561555166,0.0,0.3,0.0,16,25.79847787394874,15354.520453538236
22,11,0.07982647884529794,0.3175857229622011,0.3131323965844523,0.29703777572952794,0.01931419151448774,0.14250110042248335,0.0027596338787645638,0.012097650650492089,0.0,0.3,0.0,17,24.004627763668413,15476.231339309285
22,12,0.06540275848938401,0.28131804732475296,0.27657993486157345,0.2598901447987201,0.05313164187092006,0.1396792150774612,0.002813395324670827,0.01235067629204754,0.0,0.3,0.0,19,20.95768515570837,15354.727972179531
22,13,0.05845803127346969,0.26185687855704365,0.2569658016116258,0.24018436680103888,0.02893604139708243,0.1368003567974791,0.0029088098324178487,0.01266399257097409,0.0,0.3,0.0,21,19.730583063351247,15237.119776670635
22,14,0.053605567391958014,0.2477789152522393,0.24277872502221376,0.22627345237899762,0.020672449468627233,0.13727577688056453,0.0022802220444414433,0.01006105163116966,0.0,0.3,0.0,23,18.616639992564902,15173.30225857958
22,15,0.05118188067352877,0.24071899513986458,0.23627074977604165,0.22064237359424904,0.010687253485603966,0.13798254120525405,0.0017900716443690528,0.00822439834130863,0.0,0.3,0.0,25,18.39060944488936,15357.407011657117
22,16,0.05048340696551871,0.23797781200053292,0.23290064882748474,0.21680439901721263,0.008450264576508645,0.13698752005083775,0.0023090915158560828,0.01008382406954725,0.0,0.3,0.0,26,17.23325199758924,15108.641817024867
22,17,0.048878704600484824,0.23353754423606543,0.22903350139545317,0.21392297334313715,0.01311705649344945,0.13615996311434758,0.001542907961447251,0.007077662976375359,0.0,0.3,0.0,27,17.251542105805697,15237.98760194156
22,18,0.04882440512202878,0.23345246053409466,0.22925093885462952,0.2144829583256088,0.0007149392285032964,0.13615996311434758,0.001542907961447251,0.007077662976375359,0.0,0.3,0.0,29,17.26036756264101,15233.237013057787
22,19,0.038614204899422876,0.1973814242382539,0.1922882100081301,0.1779391711531296,0.03550666130043082,0.1386965123064791,0.0024970718092937882,0.00872768698188821,0.0,0.3,0.0,32,16.91616877458491,15303.75335904502
22,20,0.028845060068098904,0.15862416693180661,0.1532267566282723,0.1387746237481571,0.056634455716678404,0.1380381168095762,0.0025010105613091976,0.00884051868158787,0.0,0.3,0.0,34,14.327402985616402,15289.148320450651
22,21,0.01987545348935759,0.11753215753234318,0.11181286782451465,0.09639156869639892,0.05973575101473422,0.13652330583081385,0.002225277874027092,0.007690483144595151,0.0,0.3,0.0,36,12.143278506640153,15234.068470125098
22,22,0.013313417503392754,0.08262945682066834,0.07663628154364738,0.061248506499138565,0.050954141968057726,0.13542251834487462,0.002207363745764834,0.00769892818593401,0.0,0.3,0.0,38,10.619292602865114,15206.094628209985
22,23,0.011377790346539607,0.0717827800251629,0.06570505214704898,0.0508120573958603,0.01609393768342552,0.1318022941798469,0.0019369390878157075,0.006751280965983,0.0,0.3,0.0,40,10.17036193411233,15205.11112761671
22,24,0.010283113021098267,0.06554200813806259,0.059415843895054894,0.04488093475611051,0.009418324339040472,0.1311395238427297,0.0017235086535159917,0.00601080926943115,0.0,0.3,0.0,42,9.87296525905642,15197.094971107665
22,25,0.009524476209171594,0.06157303059061393,0.05602265018130639,0.04425328161115405,0.001720194867446135,0.13745616687186826,0.0014064416116006233,0.0049595231625463995,0.0,0.3,0.0,51,9.776031700996231,15320.286781755109
22,26,0.00958144491803903,0.06097974157284426,0.054817359205381694,0.044096716900400984,0.0013874730809691443,0.13735868736684098,0.0019028018397005187,0.0062165565826837205,0.0,0.3,0.0,53,9.612850598853516,16166.461140247293
22,27,0.008321585840582924,0.05406043840357242,0.048451110033371395,0.03616523866782853,0.020442312092814753,0.13748701806356206,0.001407320073012717,0.00492228381969247,0.0,0.3,0.0,54,9.51316340252043,15318.280514012997
22,28,0.007403823528168233,0.047984421983176456,0.0423270885140921,0.030426757625880145,0.009267091861927909,0.14110103184562267,0.0015283143571193745,0.00503570267912301,0.0,0.3,0.0,56,9.233005045365404,15292.103640046786
22,29,0.008026592421334128,0.0470322473564363,0.04166323953182305,0.03404204977899372,0.002013738920475698,0.1466189856645565,0.004612328653639247,0.01199199874105359,0.0,0.3,0.0,65,9.736340326480295,16145.184947558851
22,30,0.006685266756785099,0.04379493703038396,0.03871141553747148,0.035183742815325186,0.0011504412340706547,0.14234879614501197,0.0013326264215668014,0.00447307887966659,0.0,0.3,0.0,74,9.089525250336024,15326.348913943744
22,31,0.005911423666440476,0.03866253201385216,0.03384164694025828,0.029175648954319008,0.015500561792749903,0.14197234819488808,0.0013761245529942752,0.0044878027614514695,0.0,0.3,0.0,75,8.989529854324156,15292.3786401761
22,32,0.005786230194948011,0.0378190790391894,0.03299157679624125,0.028922792804712143,0.0028443846680634996,0.14174032306677004,0.0013767130242131882,0.00448950451332433,0.0,0.3,0.0,76,8.957704166079814,15323.532066821515
22,33,0.005565474619236623,0.036417588648449926,0.031882185284375114,0.027679714124009918,0.0018459045900215659,0.14157995171623927,0.0013764783340832524,0.00446445920865976,0.0,0.3,0.0,79,8.893116135451377,15324.836318477866
22,34,0.005529507521696487,0.03626441985680983,0.03203081232539225,0.029628131465485583,0.0006462179199280988,0.1416130281591203,0.0013760077239713835,0.00446373552016395,0.0,0.3,0.0,82,8.883788050034306,15324.306061920595
22,35,0.005398282290758566,0.035272410387911214,0.03072798000148581,0.028063864092879143,0.0017166936260363812,0.14263822773240661,0.0013818313072625284,0.00443757109055563,0.0,0.3,0.0,84,8.840124155525679,15326.69392615776
22,36,0.004928054915829432,0.03195755876548505,0.027084070443584175,0.0290647306713759,0.002274758910136364,0.1410824978116068,0.0013844175167430567,0.00450233546988805,0.0,0.3,0.0,89,8.78873716381707,15329.441460933784
22,37,0.004577787841181042,0.029594424486642325,0.025005383977200053,0.027518072870610977,0.003962152357176067,0.1412674680266684,0.0014003987466776086,0.00452906793994126,0.0,0.3,0.0,91,8.682898669806523,15321.405144742615
22,38,0.0045335465679909,0.029290750280716822,0.024699305550169075,0.02751748263687916,0.0012927532730572842,0.14107284506103573,0.0013980808725639147,0.00451601889444929,0.0,0.3,0.0,92,8.682599650922025,15328.154966573726
22,39,0.004533546566979229,0.029290750280599763,0.024699305550052016,0.02814657256642623,0.0004195083644261518,0.1410728450562901,0.0013980808721737207,0.00451601889408989,0.0,0.3,0.0,93,8.682599649432168,15328.154966668262
22,40,0.004505744278155494,0.029368498132558832,0.02568690124379723,0.032210670213157794,0.00048073745224293436,0.14584583201411322,0.0013973600631113786,0.00471876335809578,0.0,0.3,0.0,102,8.887706415199506,15343.733979826631
22,41,0.004395364561477071,0.028608328047107053,0.024920795980733497,0.03206350282728716,0.001147249425934321,0.14528225751077697,0.0013922388130854222,0.0046127319814183495,0.0,0.3,0.0,105,8.903836234213559,15344.773795256227
22,42,0.004117341132258526,0.026632686238286553,0.02292962392877266,0.030654339462394826,0.003273757696076499,0.14645362379769478,0.0014060268029323676,0.00472287994007993,0.0,0.3,0.0,107,8.824529634808806,15351.870805125356
22,43,0.003801935851997665,0.024904688122139192,0.022097604592953596,0.035237983365847686,0.0006191706080774864,0.1406085252251581,0.0012793124825518376,0.00403332774650983,0.0,0.3,0.0,131,8.497277527985563,15115.864077130767
22,44,0.003772491766160595,0.024668577866304192,0.021859638039942682,0.035645969059686276,0.000734893158679503,0.1418521192584258,0.0012941863277506544,0.00402013877429326,0.0,0.3,0.0,133,8.47556162356153,15117.133828420156
22,45,0.0037437066691349643,0.024040169490605653,0.020619778853594374,0.03603427648924013,0.0008974379601110834,0.14474643289904188,0.0014273721476873182,0.00435583073794674,0.0,0.3,0.0,136,8.460929437626149,15138.257508818564
22,46,0.0037068656854710993,0.02421812804163536,0.021708595411749573,0.03858246647952455,0.00045653398988185635,0.14238593635118676,0.0013346825164310139,0.00423984144694013,0.0,0.3,0.0,139,8.430372495468069,15108.755199829144
22,47,0.003399731175561373,0.02157018948745392,0.018130382628493133,0.0347657072105551,0.007386614427265531,0.14387313363121676,0.00143409870132119,0.0043562182991324595,0.0,0.3,0.0,140,8.330436827634442,15142.635334082548
22,48,0.0033579471412319086,0.02128021123465228,0.018141163583200764,0.036960779805650205,0.0005782154592535979,0.14399862305131672,0.0014771410163325865,0.00456707377052685,0.0,0.3,0.0,147,8.342174193122544,15143.792542002528
22,49,0.0032359874828062785,0.020512382735786764,0.01797333996972313,0.03923953228734369,0.0011929216320586797,0.14403841581764004,0.0015144649270253622,0.004683134348973,0.0,0.3,0.0,151,8.302046555618539,15143.830517944292
22,50,0.003234300663171326,0.0203983565605902,0.01755534174448389,0.039050348489617026,0.0005625063270055361,0.1438993774774021,0.0015208287882828681,0.00466832449685591,0.0,0.3,0.0,154,8.283080388959071,15143.990842952651
22,51,0.0030197898557274665,0.019840027878478453,0.01911463508783444,0.051025181913971825,0.000509538300049447,0.1376901569959449,0.0013268346420347856,0.00408026756273418,0.0,0.3,0.0,181,8.31192157491539,15143.927676590807
22,52,0.003017285740440163,0.019888125907952532,0.019466130890203846,0.05370599032605294,0.0004167692853488734,0.13712814100870724,0.0013397884658626336,0.0040772332433863705,0.0,0.3,0.0,190,8.400170469681937,15145.30854949476
22,53,0.002851445942710485,0.018860633996188557,0.019036795004779134,0.05520934739137805,0.000982266498392083,0.13702797844806788,0.0013410165659271736,0.00408770900783611,0.0,0.3,0.0,196,8.314818503511525,15144.901223647572
22,54,0.002770827077859635,0.018280100583165298,0.018451713934900898,0.055792970816335656,0.0012361594765894258,0.1375175097344083,0.0013372817848832765,0.00408880540004408,0.0,0.3,0.0,198,8.302520283977117,15148.538218712434
22,55,0.002755478932732737,0.018158793042969263,0.018329466025921573,0.05551466785378232,0.0007567947543780273,0.13740878291163297,0.0013422274899225818,0.00409143803322704,0.0,0.3,0.0,199,8.280651465427178,15148.810040268949
22,56,0.0027478115372139714,0.01810598789126189,0.018276210003176783,0.05580447434482391,0.0005527832230361048,0.1373660424761808,0.0013405381504593547,0.00408793859236628,0.0,0.3,0.0,200,8.28455042765535,15149.712908705638
23,0,0.9744056264855037,0.8972310177206146,0.8964244781965881,0.8927638651720184,0.0,0.0,0.0,0.0,0.0,0.3,0.0,1,203.24283102098133,1388.9102398334662
23,1,0.9180982658031788,0.8820674618990048,0.8811416099764531,0.8773346974548762,0.022009554180028444,0.10050598240145714,8.43044078508353e-05,0.00011290944885867,0.0,0.3,0.0,3,190.9852959276052,1355.741472067577
23,2,0.8426083058899099,0.8602987082265056,0.8591996044254602,0.855323710843368,0.06378942416417568,0.12697118035998128,0.0011109907081846857,0.0028381937977416402,0.0,0.3,0.0,4,177.7200828152219,1179.1499327683875
23,3,0.35889385392740175,0.6692998676400036,0.6659050748365091,0.653256342461044,0.9448244133664833,0.19344020054402492,0.3394236187833187,1.0,0.0,0.3,0.0,5,64.78144722133668,257.69256969268343
23,4,0.20966417078777122,0.510254257320628,0.5060347381913413,0.4913341279824646,0.19947179467272544,0.09854065356630344,0.15953165221328355,0.5956467597140094,0.0,0.3,0.0,7,46.97443551771484,250.04505237845223
23,5,0.1354288589827553,0.37944367110869615,0.37447279307505354,0.35580815788664943,0.2449226147219469,0.15732090753014547,0.17128391904001886,0.6134187698984489,0.0,0.3,0.0,9,28.363654177367994,111.63105141298637
23,6,0.09223476029423,0.2959588933554852,0.29046655104123836,0.27035787960177865,0.13006792690006358,0.15139936421023492,0.11444220847462454,0.4096160586929295,0.0,0.3,0.0,11,22.31737715677816,89.59709060348325
23,7,0.07666808452453458,0.24678991647406281,0.2409119514224353,0.21975972692263485,0.10511021345304078,0.1500700000622524,0.114332917115448,0.4092796418642827,0.0,0.3,0.0,13,18.640899280526,77.81979854030844
23,8,0.0541915248719798,0.20841065234914583,0.2023600141239056,0.1819827873681342,0.049737229694093804,1.0,0.059732819865235855,0.4188979175781772,0.0,0.3,0.0,15,17.035924102194357,56.880861859180165
23,9,0.054220133859145654,0.20780275608991083,0.20174535134361896,0.1819783883533208,0.020620733394422042,1.0,0.06057660900286079,0.42163734978765965,0.0,0.3,0.0,16,17.0111742679788,56.08036258936027
23,10,0.05116585261582342,0.19602253137832346,0.1898724308452815,0.16975229465490543,0.05272649964859984,1.0,0.060698493893132026,0.4220621132031792,0.0,0.3,0.0,17,16.426312285824856,47.86975726623075
23,11,0.05328761925335554,0.1897007049216783,0.18346259606503534,0.1626022514918472,0.05526565554643097,1.0,0.0769652959039146,0.531051842865885,0.0,0.3,0.0,18,15.763346523771933,47.452577268760656
23,12,0.046417541158020936,0.16851792588042877,0.16213379868102643,0.14071232111152035,0.07365123493582415,0.1516988176665373,0.06842377265449269,0.2450748086827545,0.0,0.3,0.0,19,14.967988263681663,66.36168676172424
23,13,0.04271388333184244,0.16388520160713038,0.1574916418705059,0.13684400658470974,0.020549667578235557,0.15490525768664282,0.056978300084701027,0.20414224629539643,0.0,0.3,0.0,20,14.77173381094258,72.59351134503068
23,14,0.04414311258249701,0.15820810396713209,0.15174296004636456,0.1302440763376034,0.0468239698181567,0.15406455744194741,0.06845653637767413,0.24512265535491978,0.0,0.3,0.0,21,14.34394795099806,69.9393070316007
23,15,0.036283878470863826,0.13352219241687663,0.12689016205152906,0.1053313963496049,0.07839629421707683,0.1518427102948385,0.05704424371164719,0.2042653272931056,0.0,0.3,0.0,22,13.429169114214154,66.98100502036937
23,16,0.03353515734015648,0.12954849338599475,0.12290445397542867,0.10196059137628169,0.01688219363499102,0.1481557869149709,0.04890360239362096,0.17511000898905216,0.0,0.3,0.0,24,13.411750366471312,73.86589499374601
23,17,0.03332571432978028,0.12858198472187216,0.12223340950139494,0.10153855009469975,0.016189211324262865,0.14815578691497092,0.04890360239362095,0.1751100089890522,0.0,0.3,0.0,26,13.328122920640508,74.23823908021564
23,18,0.02966683970763237,0.10949321917193111,0.10299484715003168,0.0813788064404794,0.06969575635843538,0.15051747529584492,0.04889144441833153,0.17508986437765034,0.0,0.3,0.0,27,12.208485871303507,57.56560272039143
23,19,0.024078482730313357,0.08648452312987501,0.07981989003519029,0.05825476718283311,0.04334575968067621,0.14767523460115245,0.0427877227128388,0.15322494898396896,0.0,0.3,0.0,29,11.388497562304895,57.783462082987285
23,20,0.02611161307183229,0.08583095523866055,0.07883808207429187,0.058611990747954965,0.02440828490799734,0.15586065690849013,0.05133076428041125,0.18595960882667648,0.0,0.3,0.0,30,11.479900795419065,39.323686216041125
23,21,0.02252362973432709,0.08047955042068625,0.07407583925512368,0.05321824313962459,0.018960502503876257,0.15155529770910353,0.04068150067075516,0.1465044383661423,0.0,0.3,0.0,31,11.393892466435869,45.54499807513655
23,22,0.021945422873973518,0.07168241196020254,0.06459570391233435,0.04474280558395963,0.04089368077368516,0.15277844021242235,0.044007111493989844,0.1594201524781535,0.0,0.3,0.0,32,11.115469399630578,39.73070782099335
23,23,0.01982501015045371,0.0670966877269374,0.05998693233073622,0.04104633122113885,0.015791406464452033,0.15163017472274187,0.03850950563186549,0.13950376039958556,0.0,0.3,0.0,34,10.693487478289525,36.959055062737626
23,24,0.021578823469115417,0.06852247682700705,0.0623184422200445,0.04315495035191388,0.014434938384976686,0.15300518419297562,0.044729419641290645,0.16174230572018372,0.0,0.3,0.0,36,10.96993455171623,42.17663566196632
23,25,0.017151118571758918,0.06275604720455495,0.0562366223741118,0.03735937930417712,0.01136431916790431,0.15832954967813515,0.03075393689078492,0.1114954331956092,0.0,0.3,0.0,38,10.48585629268385,43.519346281569845
23,26,0.01651998297148343,0.05872732402194902,0.05217625849514773,0.03421448064482626,0.013102878205289893,0.1585106461315501,0.030758357326727128,0.11149349728227027,0.0,0.3,0.0,41,10.33431136863249,42.88810149280077
23,27,0.018938893104648694,0.0593203012196135,0.0542670899298797,0.03746565774738363,0.013999740075903646,0.5872746060794212,0.0402087777155418,1.0,0.0,0.3,0.0,45,10.550310600665457,42.08617174327975
23,28,0.018945593587317077,0.059293694852174596,0.05424017449838269,0.038241999956850334,0.012189043470978827,0.586984291599425,0.040251348427670086,1.0,0.0,0.3,0.0,46,10.546270773022126,42.18866282289142
23,29,0.018945472836041415,0.05925366733367478,0.05450267207327557,0.03891742905999397,0.012322069473405554,0.8568457284391766,0.04033033963297651,1.0,0.0,0.3,0.0,48,10.555477790318273,42.35616932350322
23,30,0.017508488572619527,0.056576600889417544,0.0518141464205568,0.03678610762219223,0.015106085387825955,0.5821652130689868,0.03628942907960876,1.0,0.0,0.3,0.0,49,10.26028196033472,40.84210458630589
23,31,0.016696986922645183,0.05410014993100018,0.04871632141236426,0.03513541511134251,0.011184477692770093,0.157857108751002,0.034475639742065946,0.12455382195988629,0.0,0.3,0.0,55,9.817552253756892,46.02914599293948
23,32,0.016684440461025157,0.05409313479660243,0.048709378890468315,0.037179350382951906,0.010333253097391694,0.15723014710502398,0.034435262659382314,0.12416088817634004,0.0,0.3,0.0,58,9.799098124406132,47.82987063066033
23,33,0.016841988259036864,0.05316278520397569,0.048374893546442865,0.03742243099935587,0.012854398693470956,0.15062986890245894,0.03571133739003221,0.12889110208307758,0.0,0.3,0.0,60,10.02789584241352,39.18981567202896
23,34,0.015596435034515445,0.047035398214401836,0.042202432386206086,0.031415281026945185,0.018598473100682605,0.15981320881723232,0.03442175739624435,0.12412288889885696,0.0,0.3,0.0,62,9.599595515716592,44.724090127709815
23,35,0.014247576780587525,0.04385076868426761,0.039000892335853236,0.030836292133344528,0.012397940943863553,0.15669105992550586,0.030983358561210744,0.11176020637684773,0.0,0.3,0.0,64,9.634104281082427,42.74629765270558
23,36,0.015185931779456582,0.04442298251652743,0.04017562238712266,0.03272449179484098,0.011249353596397067,0.1566120016800509,0.034423943967686554,0.12414106397659305,0.0,0.3,0.0,66,9.554402782920826,41.67553559232708
23,37,0.015135756541147776,0.04407807630300496,0.03982800067457006,0.03174397677994331,0.011322695360174167,0.15706997150143712,0.03442511327433761,0.12414297506439538,0.0,0.3,0.0,67,9.541725620342984,41.44633404213982
23,38,0.013892689080535245,0.041418321133618506,0.0365493663888455,0.029235860623054555,0.013499277354361384,0.16550815210451345,0.030990380421259848,0.1117826552526415,0.0,0.3,0.0,68,9.505956600894487,36.04906925977148
23,39,0.012937528766405287,0.03918303628621082,0.03490818293328293,0.031720086091675544,0.008997205445547824,0.15648983878138217,0.02862863169860755,0.10291935686356612,0.0,0.3,0.0,80,9.50997274941916,1313.483928667473
23,40,0.012617603052868593,0.03772290258056582,0.033437587716576636,0.03209649417577931,0.010374814388812277,0.16830636100952223,0.028200579844251096,0.10130434282818523,0.0,0.3,0.0,82,9.385647240795432,43.58502642739869
23,41,0.012580740636543034,0.03753898050941205,0.03355537517474838,0.03277687036316749,0.008862278565560662,0.1687425358304579,0.02821039866488822,0.10135274258859053,0.0,0.3,0.0,84,9.373373171363903,43.59114253033127
23,42,0.012559671324980011,0.03749432119420249,0.03381341786200416,0.033603403657829954,0.00865211756639134,0.1685511129672557,0.028203633438762102,0.10129514556489869,0.0,0.3,0.0,86,9.36895420633866,43.63983324734912
23,43,0.012591889020393213,0.037126713354239095,0.034048096023463634,0.03525084107889322,0.010541376657159495,0.16487142012982053,0.02863453487869405,0.10318469330940261,0.0,0.3,0.0,87,9.256172545317968,42.40550559301953
23,44,0.012248325107498053,0.0347018968584903,0.03160425343016134,0.035058956588381956,0.00975874477493683,0.16787148460033208,0.028642675588191963,0.10321913043657105,0.0,0.3,0.0,93,9.170891778194555,43.8587647342906
23,45,0.012153885832879827,0.03403473326268995,0.030931812615731274,0.03536295607753778,0.009234192668928973,0.16744912619972327,0.02864316148566925,0.10321998352711385,0.0,0.3,0.0,96,9.501625523723364,45.08472692822704
23,46,0.012115464739796883,0.03385296353575238,0.031051734318289267,0.03606872059171394,0.008984310615033212,0.16744912619972327,0.02864316148566925,0.10321998352711385,0.0,0.3,0.0,98,9.47044004031169,45.2026918682913
23,47,0.013255530033844363,0.03458786086031407,0.031479940374714584,0.03788452884188799,0.0103141193803983,0.16793639537036303,0.03261635659732131,0.11572176686619198,0.0,0.3,0.0,100,9.246383100442644,41.67370170667078
23,48,0.011942059277071877,0.03282611617877226,0.030622920095759596,0.03715957321838988,0.009392455690564181,0.17097334031623007,0.028631009740094433,0.10317624232938385,0.0,0.3,0.0,103,9.480876730241016,46.25336222554069
23,49,0.011823985724314635,0.03207624031065734,0.03017032447641299,0.03660469021884202,0.011010303518196648,0.17035329781295463,0.02863090375241349,0.10317805161778282,0.0,0.3,0.0,104,9.455385818468995,46.73769851565677
23,50,0.011794962453972912,0.031779238421236616,0.029567813169007466,0.03708035780187896,0.008887427329287725,0.17035329781295463,0.02863090375241349,0.10317805161778279,0.0,0.3,0.0,106,9.459047084123878,46.75277798989341
23,51,0.011772994063516505,0.031712813641314036,0.029804010428779053,0.03792642389346536,0.008814486529141942,0.17059212787290293,0.028630693724944038,0.10317685333575981,0.0,0.3,0.0,108,9.453027380716136,46.15005908049643
23,52,0.011403509257816006,0.028951703307276765,0.02671807271185719,0.03413474897464106,0.016301502339226528,0.17098811745995954,0.028642049754685175,0.10320571415243374,0.0,0.3,0.0,109,9.401133026953802,46.051203752945845
23,53,0.011316584638156612,0.028517919873208553,0.02688707724489682,0.0444631286148502,0.008670676948894757,0.17150155081459442,0.028634968818736336,0.10255648964203741,0.0,0.3,0.0,131,9.992173407206108,114.30710216883008
23,54,0.011133422886562942,0.027274526389490836,0.026240021107341763,0.0433565314726831,0.01275149753760461,0.17820548013960497,0.02868620436861497,0.10260741071412438,0.0,0.3,0.0,132,9.02938059498152,39.1434820666322
23,55,0.010863477856575482,0.025102032491603563,0.023747203331416576,0.04289090393348227,0.011653183529156435,0.2770627147999692,0.028746989818906925,1.0,0.0,0.3,0.0,134,10.75090864611542,189.7428531697288
23,56,0.010669468116139665,0.023709079960115707,0.022343353400675267,0.04178980425963783,0.012615068353922107,0.17617823721786474,0.028729801526676767,0.10302799925288067,0.0,0.3,0.0,135,10.784906086069768,189.31002432134616
23,57,0.010617401902183908,0.023524780411060795,0.022157825140105898,0.042633466006163634,0.008808289929368636,0.1762550907993818,0.02862556172518217,0.10268400038118013,0.0,0.3,0.0,137,10.813081483019594,187.88338340209447
23,58,0.01050384444762626,0.02310667381213193,0.02143406770510995,0.04189156755440274,0.009223068194837238,0.1761698119076288,0.028359290710789645,0.10168086364847499,0.0,0.3,0.0,138,10.776751316103608,188.05309384882457
23,59,0.010501540213016755,0.022727873263418505,0.021960735200485193,0.042747375415802286,0.010762371846272848,0.1760274897782022,0.028689304735440305,0.10289687786349344,0.0,0.3,0.0,139,10.753227649294733,188.4567907286903
23,60,0.009922450166292776,0.0195365891555623,0.018442838112243166,0.044352123218959975,0.009066045240727672,0.17780621606997749,0.02806601932551045,0.10155231515648595,0.0,0.3,0.0,152,9.713401557751736,110.06556395886466
23,61,0.009900057828834857,0.019370876016329946,0.01827581670635546,0.044873893379755295,0.008657611573751677,0.177245168894612,0.02806504552500111,0.1015493380144322,0.0,0.3,0.0,154,9.70906238858942,109.60550879291522
23,62,0.00981857784957752,0.018853109606964666,0.01805706384445476,0.04641419345732266,0.009293854243353975,0.1776773064381011,0.028063684593645756,0.10154925436242716,0.0,0.3,0.0,156,9.697957724862286,109.2738643112822
23,63,0.009575222736306543,0.01694477495332261,0.015830663299167845,0.04686558819866773,0.009464375270169769,0.17626337626411512,0.028057477813413865,0.10152452490774214,0.0,0.3,0.0,161,9.640201237019848,108.74857860568927
24,0,0.9410941208169114,0.8883139293270864,0.8874373353542832,0.8835090406200891,0.0,0.0,0.0,0.0,0.0,0.3,0.0,1,231.02656801260332,1353.033786490156
24,1,0.869796568677944,0.8681810595362164,0.8671462410592569,0.8629212644775673,0.029074473795438375,0.09028194294031328,8.370552690093721e-05,0.00010370647492360999,0.0,0.3,0.0,3,214.63187305994668,1265.4329777445816
24,2,0.8110452233120226,0.8505497859432429,0.8493742049308906,0.8452056210360285,0.05201140326453935,0.140768914484866,0.0010876100402474702,0.00242670873528536,0.0,0.3,0.0,4,201.3489914607155,1114.7806963910575
24,3,0.3529972715865459,0.6637277144346095,0.6603119440963205,0.6475846407788028,0.9217921121034873,0.2377660728630763,0.32976188236364135,1.0,0.0,0.3,0.0,5,74.89022137082044,233.0599791918609
24,4,0.22736421062764178,0.5366605203676046,0.5326592493441211,0.5188008901665341,0.15850386425135266,0.1338539715450305,0.15485055427428657,0.5202509476691801,0.0,0.3,0.0,7,56.87671388048126,236.9870197345413
24,5,0.13735547349713492,0.38557284958486804,0.3806619225403708,0.36222742429219057,0.26800723757003697,0.1992336646495418,0.16622280399616532,0.5154245488049912,0.0,0.3,0.0,9,30.633206699223024,109.41987664067732
24,6,0.09276963308597827,0.3027050772554887,0.2972878475669858,0.2778976587375892,0.12449425617226295,0.18400271555402742,0.10501372428771906,0.36046472406968283,0.0,0.3,0.0,11,27.026968846124,144.98711055537387
24,7,0.07673148554115232,0.2494947294768757,0.24364588665089673,0.22260557625106553,0.11249067082499525,0.1943458532775875,0.11095615596105028,0.34393173720207476,0.0,0.3,0.0,13,19.68053324008248,77.41741376639891
24,8,0.05670594548511671,0.19765774695485203,0.19146728374705643,0.16948795185632112,0.0877027464421771,0.19297817863383654,0.08325560718977619,0.2580109886563787,0.0,0.3,0.0,15,16.768867984811685,76.5627867267736
24,9,0.06369011849373087,0.20086939374529217,0.19463967880003868,0.17295811371524109,0.04758303416363927,0.1917046520943295,0.11062156353279393,0.34372533256894106,0.0,0.3,0.0,16,16.352836848686323,79.50714120840153
24,10,0.04837036738212945,0.161561908630932,0.15508802572950564,0.13247290568782943,0.11472152459262462,0.19048918337845305,0.08335302343504872,0.25819880274172713,0.0,0.3,0.0,17,14.707960756449737,68.69702033526188
24,11,0.04550878238995611,0.15756489091958986,0.1510794652344579,0.129272652812299,0.026976638237078906,0.19379200863917043,0.07493512838517788,0.2349363302514706,0.0,0.3,0.0,18,14.675854661395492,48.19439516501638
24,12,0.03868722938073695,0.1339431651816571,0.12729172231342362,0.10461663746476285,0.0807172220984835,0.18936649939953007,0.06670124992558071,0.20661257946896439,0.0,0.3,0.0,19,13.384653140189492,68.43171249715729
24,13,0.03387309197619695,0.11750146569397892,0.11073679394682018,0.08850624047385572,0.05967040848362601,0.1925272700795791,0.05996670462832496,0.18800196834019406,0.0,0.3,0.0,20,12.913172635734815,43.09249738310041
24,14,0.029467708256992256,0.0928885780674428,0.08593067329364831,0.06344038177457438,0.0534576458092714,0.1912030380490614,0.06000520027478602,0.1880559955497631,0.0,0.3,0.0,22,11.853721778446571,38.58262352263065
24,15,0.024988732781253048,0.08107978579325548,0.07405268014064789,0.05197073655490892,0.027685022162252645,0.19127085341145175,0.050017824661421094,0.15675488644384722,0.0,0.3,0.0,24,11.415875585925289,40.23054363280144
24,16,0.027707714322969486,0.08238103087520002,0.07534063637121204,0.053700512947309514,0.02288383546662775,0.1900019784294876,0.06001349164414134,0.1880509296274599,0.0,0.3,0.0,25,11.497642925374365,38.24048525797525
24,17,0.021720955723024404,0.07205316026120255,0.06497204352583433,0.04362263087356675,0.027812449340900512,0.18983877009663822,0.04287735441980235,0.13438115149662933,0.0,0.3,0.0,26,11.109467051603652,38.93835360474707
24,18,0.01877227201902367,0.06211141997799955,0.05496501841490873,0.034330141457699144,0.017228217585721767,0.19303215314615327,0.03745546660884848,0.117429205352932,0.0,0.3,0.0,30,10.514662070671388,37.42752936537831
24,19,0.018684727542785266,0.061640910621956604,0.05479388960108445,0.03447012299927269,0.012043545931282991,0.19303215314615327,0.03745546660884848,0.117429205352932,0.0,0.3,0.0,32,10.502382293172284,37.06912678127128
24,20,0.0186841713158453,0.06172731276972238,0.055183997983724795,0.03546857952614303,0.011241744331300516,0.19303215314615324,0.03745546660884848,0.117429205352932,0.0,0.3,0.0,34,10.50148969524569,37.09878627658799
24,21,0.01661038836499564,0.05507369806665882,0.04788203566524759,0.029878078873617712,0.01746901053113291,0.1922323802316498,0.0332263649730778,0.10422039881152056,0.0,0.3,0.0,36,10.496691728405942,36.33653382205547
24,22,0.01651857512024944,0.05442148271789913,0.04722462415819608,0.02996827241859084,0.010934359772865188,0.21192077085609634,0.03325880609546946,0.10420714788706165,0.0,0.3,0.0,38,10.383785827181502,33.68380709950227
24,23,0.01863940637095448,0.052439727856393295,0.04520492612692696,0.027335782436093158,0.026757261482608118,0.20856873445843868,0.04276670807567325,0.1339626743403694,0.0,0.3,0.0,39,10.115133533101202,29.32964662489968
24,24,0.015770702299401952,0.049631054781112204,0.04269971096910374,0.02595862046621774,0.010019017683363104,0.2000078616916102,0.03322251897169273,0.10419782900179067,0.0,0.3,0.0,41,10.27066661356544,37.9875757188348
24,25,0.01602087443858473,0.047263502692540704,0.04091389328231971,0.027202342568107888,0.011654174927380256,0.2078092153842785,0.035689560793805676,0.11073636500747353,0.0,0.3,0.0,51,9.70787871242525,41.134569939236
24,26,0.01578391405433123,0.04566019594022976,0.03929800602358847,0.02753588667065248,0.01224694220539207,0.20483543097923418,0.03568901225388838,0.11073443200502416,0.0,0.3,0.0,54,9.714361470802125,41.06903150851754
24,27,0.015638917199631713,0.04475112565385534,0.03868494654048408,0.02736294744478508,0.012151570454447595,0.20723051568252876,0.035696184089703174,0.11073319957814658,0.0,0.3,0.0,56,9.67276306462722,41.36788085976267
24,28,0.014841418572341458,0.04015137960419668,0.034353202131751054,0.020492863343495378,0.017146019418390335,0.21288898629316813,0.035248657295122596,0.10982764158918008,0.0,0.3,0.0,58,9.452450567859811,46.68945982336969
24,29,0.014622107839760149,0.038711724692441135,0.03320528292976932,0.019760510139156303,0.012772628184573458,0.21288898629316813,0.035248657295122596,0.10982764158918008,0.0,0.3,0.0,60,9.384249319442574,46.74435708191103
24,30,0.012499890477425597,0.03562746338488058,0.030112221894908663,0.0222066032435523,0.008907246290778749,0.21256451729933187,0.028710121412044494,0.08957076644991133,0.0,0.3,0.0,71,9.417198293927465,45.993550317823534
24,31,0.012900935282532503,0.03530585694548855,0.030087025840727925,0.021781384582153528,0.011879952710631043,0.21308589283892326,0.03049707640687703,0.09527252392976984,0.0,0.3,0.0,72,9.506908066088275,46.31519652641332
24,32,0.013340568733250232,0.03588851896158648,0.03127683883254947,0.023952599505942876,0.009663391556391733,0.21522504108906984,0.031984858809859525,0.09971206291761991,0.0,0.3,0.0,74,9.289310083173746,45.87497008977823
24,33,0.013068686420175262,0.0340555442322798,0.029732562976437536,0.023811079550422942,0.012362253618890007,0.21571703206758194,0.03198549982340525,0.09971347463064514,0.0,0.3,0.0,76,9.240176644840307,45.68280172760456
24,34,0.012990952891518468,0.03339980034854102,0.0287685721436083,0.023541814682375616,0.011243531641028977,0.2189826081538313,0.03199475263230994,0.09972387889213452,0.0,0.3,0.0,77,9.279873411553035,45.831639742725
24,35,0.013405790343428169,0.032414386674873,0.028073310640345385,0.022400513152343003,0.015245163145598671,0.21462419676144892,0.03418803617100479,0.10367556897725276,0.0,0.3,0.0,78,9.230673509182033,66.41142102112829
24,36,0.013264216516312797,0.03150005276131368,0.0271519233682002,0.022087620059191102,0.011535054551137288,0.21386948972760456,0.034134593353566535,0.10361075360133334,0.0,0.3,0.0,80,9.239329600469718,66.76026151703614
24,37,0.013157164213754055,0.030734318850333897,0.026380176336255244,0.021610684313969487,0.01244597168455953,0.21387700897791012,0.03413319310298502,0.10360691627922289,0.0,0.3,0.0,81,9.212271136114198,66.67655814929319
24,38,0.012479416629734286,0.027828505856942846,0.02406004879124468,0.020274687399807485,0.01803262859236074,0.21602070087552624,0.03316324844846066,0.10013986581181751,0.0,0.3,0.0,82,9.061826916607457,45.844853404631
24,39,0.01216784865416649,0.026070139682730836,0.021985577212543718,0.018579952519263622,0.010935551207170834,0.21549911382458814,0.032844188014032286,0.09961308599906628,0.0,0.3,0.0,86,9.021988043997077,45.295986080788026
24,40,0.012144579503821362,0.025994155696956543,0.02221206410852971,0.020286452076546734,0.009981962659790575,0.2157374603512793,0.03284199873841053,0.09960720015613812,0.0,0.3,0.0,89,9.027844909346944,45.280451705550966
24,41,0.01208533800539376,0.025656497862902392,0.022174807041657852,0.020169304660692916,0.010261615996123003,0.21602148977946758,0.03283890947837483,0.09959886828486499,0.0,0.3,0.0,92,9.029443376445986,45.85588714605011
24,42,0.01055785956533387,0.02381954098980689,0.01972916735019645,0.024037969378607197,0.008402705187590951,0.2117418090272591,0.0278155966823757,0.08697271537921654,0.0,0.3,0.0,104,9.223510933495676,46.79434344276751
24,43,0.010371794532086592,0.0204304404217697,0.016007959648756453,0.021603582235201684,0.013836156341300804,0.2102725501785984,0.028822330947874453,0.08999816602424605,0.0,0.3,0.0,106,9.133596347714798,46.7085967066234
24,44,0.010366145291861511,0.020568437748313212,0.016753206810152174,0.024208791103686594,0.008676939542879467,0.2102725501785984,0.028822330947874453,0.08999816602424605,0.0,0.3,0.0,110,9.128549395774312,46.66655378044874
24,45,0.010372824985167353,0.02048480850117216,0.016365835322925085,0.02319940558586403,0.008654504412736613,0.20992673591010197,0.028844758407906877,0.09001783150848022,0.0,0.3,0.0,111,9.084848237253086,46.26153004209654
24,46,0.010335777558516127,0.02032918957307457,0.01651207699422897,0.023301603029074497,0.009343545288067434,0.21409803319100001,0.0288293819533178,0.09005229922181782,0.0,0.3,0.0,112,9.034023661093324,46.27367416057543
24,47,0.010181040127299682,0.018989147027305253,0.01485834644168499,0.022626614194093446,0.012309549188552676,0.2137660770085254,0.028879275773141522,0.0902758821873976,0.0,0.3,0.0,113,9.058951957635736,46.43845475800892
24,48,0.010389767658511857,0.01845485100573295,0.013711369888239485,0.011859378556897275,0.009129704262192742,0.2196568349023607,0.029864681300435226,0.09281643178828324,0.0,0.3,0.0,124,9.149308912350268,45.42330892038461
24,49,0.009938728597116604,0.015724620676238445,0.012778351208389202,0.026663228016763914,0.01011086854992644,0.2170027854779059,0.0297990760746231,0.09251782301429759,0.0,0.3,0.0,132,9.042050044275769,48.91249720995104
24,50,0.009883274823899111,0.01543888481470142,0.012793462964968721,0.02698699601687708,0.009995949396926721,0.2144335345775667,0.02977627398228646,0.09234163273500277,0.0,0.3,0.0,133,8.993940534534051,48.69348636186894
24,51,0.009869583363355425,0.015197490690628247,0.012247067817013874,0.027509214108753698,0.00916836081764924,0.2169486775548969,0.02980019683721251,0.09253149264904134,0.0,0.3,0.0,135,9.043671805691876,49.02435857027204
24,52,0.009823191683722837,0.015169454473416367,0.01312815198708896,0.029326861761228073,0.009767363759228763,0.2206657627321654,0.029772665069589675,0.092591629120511,0.0,0.3,0.0,136,8.992412106475664,48.07573047105368
24,53,0.009511041283077856,0.01294208328638257,0.011186426649668164,0.027962836732447826,0.012246618545909017,0.21832933896566448,0.029739008584968876,0.09253833574067262,0.0,0.3,0.0,138,8.944065338006622,48.16604095335592
24,54,0.009469861217165304,0.012359306840485574,0.010598714937426161,0.028063531845376917,0.009858919179787493,0.2209542577102229,0.029871947101266037,0.09285814714275398,0.0,0.3,0.0,140,8.968705961706378,47.98294318989474
24,55,0.009430494067771444,0.012348916312648726,0.010891577151929637,0.029717527816423235,0.008981844794962671,0.22117325663334547,0.02977109673077201,0.09258320637647191,0.0,0.3,0.0,144,8.98838371022741,47.8996388535728
24,56,0.009468655261394204,0.011912924837714873,0.011057286739568482,0.035695444728246664,0.00930790799293428,0.2189089024034408,0.030223678457989428,0.09521162104087436,0.0,0.3,0.0,153,9.16160394653114,48.717997319249
24,57,0.009463845394082777,0.011801813115229227,0.010642252449899874,0.03664701808058001,0.009082703727311016,0.21831945794717647,0.030215732149352192,0.09501403603954509,0.0,0.3,0.0,156,9.079852630026302,48.94911167551304
24,58,0.0094191771483049,0.011537276478690336,0.010678705238457004,0.03670219113176314,0.010091880593145962,0.2187597814253722,0.03022052491103927,0.0950108374286732,0.0,0.3,0.0,157,9.083568901057593,48.78339228511697
24,59,0.009407795544666519,0.011449916053202098,0.010590634962811825,0.03730980842819499,0.009317683587014373,0.21871860667498413,0.030220260531508857,0.0950069112289026,0.0,0.3,0.0,158,9.08548877236478,48.7217908658314
24,60,0.009365969343835706,0.01137586231914278,0.010516302839054456,0.03793264016731935,0.009135538079546653,0.21857761285649172,0.0300967626801324,0.09509982338033168,0.0,0.3,0.0,159,9.106180288558466,48.80024860458242
25,0,0.944770449279811,0.8893124322758343,0.8884436072502557,0.8845453241988901,0.0,0.0,0.0,0.0,0.0,0.3,0.0,1,227.423601739274,1347.3619939317666
25,1,0.8734142842589667,0.8692415707581606,0.868215052256683,0.8640218925724301,0.02898598627008682,0.09395699939301431,8.413625095935061e-05,0.00010707645313331,0.0,0.3,0.0,3,211.0067590550981,1259.901820133312
25,2,0.81545091018055,0.8519311030874408,0.8507663728074275,0.8466392472425764,0.0510891874341505,0.14554406705128212,0.0010897457324875602,0.0025194280875505603,0.0,0.3,0.0,4,197.9809902187582,1105.3760480191963
25,3,0.37703537973710954,0.6860562378386992,0.6828157358839283,0.6707624979332367,0.8644847041040568,0.25417069779935847,0.32977779901661847,1.0,0.0,0.3,0.0,5,75.54881910038502,211.7719783135556
25,4,0.2695039747358613,0.5806730564422702,0.577199837806173,0.564852965371245,0.0505748921816383,0.1687319105725592,0.07729489398216638,0.22064493832612025,0.0,0.3,0.0,8,68.54209479574817,288.9160215138013
25,5,0.23788370871651005,0.545020166554283,0.541039636312998,0.5270554000959153,0.14533961162047948,0.1694062385820298,0.1739135114598744,0.4964511112337706,0.0,0.3,0.0,10,54.69765904110849,201.78360219723385
25,6,0.17083043068555584,0.4641589282556099,0.4597483417619608,0.4448613159159256,0.10507775881398154,0.16239143378022086,0.08703353090383552,0.24843254548658447,0.0,0.3,0.0,12,44.22003842728245,168.18613253336446
25,7,0.1359675526769659,0.41724253310254145,0.4131779904532827,0.39847595588797136,0.10829745116945313,0.12654833773797178,0.041075636970073645,0.1189819548991792,0.0,0.3,0.0,13,37.381597390018925,167.59564159219636
25,8,0.13646359078062076,0.40745430582661246,0.4025983683858972,0.38637315120012267,0.09369324757534848,0.15715851146416038,0.08714653520858413,0.24871861156785732,0.0,0.3,0.0,14,35.48930063742552,140.2954426097146
25,9,0.08577997856530473,0.29157803930300763,0.2864133829884034,0.26793834965383284,0.36327597497605857,0.13799098180066924,0.08940664655116137,0.2569468102581282,0.0,0.3,0.0,15,23.026382158593865,96.23622201886766
25,10,0.0634575534735186,0.24135969136565896,0.23587098153665098,0.21681018582265515,0.07738432739394538,0.135110500375981,0.05963914319576073,0.17137067633938205,0.0,0.3,0.0,17,19.56717118314682,81.67335002360994
25,11,0.06344705822336241,0.24131246834115955,0.23582332885792912,0.216761214321033,0.018114617770964132,0.13474000905342506,0.05967744906766515,0.17149336019278788,0.0,0.3,0.0,18,19.582225734518616,80.55536071236642
25,12,0.051541864656702734,0.21080699460842012,0.20511358600930588,0.18593763290694587,0.08838825756605351,0.1333305574942646,0.044747441888131324,0.12857892546445773,0.0,0.3,0.0,19,17.46023197037951,75.58657099371088
25,13,0.047135637353191,0.19402542115583107,0.18820020905335438,0.16898452274979572,0.03765075216406813,0.13072600935752554,0.04480589351814749,0.12868631550310244,0.0,0.3,0.0,21,16.295569817060866,68.53313270310974
25,14,0.040564613510176206,0.16813177744742944,0.1621061165380157,0.1425890233736516,0.049874367828012904,0.13145179506454388,0.043600595842654105,0.12587787771091188,0.0,0.3,0.0,23,14.895794290557037,59.86885302243519
25,15,0.03670677016752682,0.16009060429735866,0.1540223451477708,0.13505337496348344,0.018289801588141724,0.12830138733091553,0.03489074244506735,0.10073303149196726,0.0,0.3,0.0,25,14.559026820609205,59.68407214145476
25,16,0.041100677048062084,0.15635237259466103,0.14959618823906182,0.12864020312376476,0.04662480250237597,0.13895224420384716,0.0571305844633239,0.16361852232790897,0.0,0.3,0.0,26,13.968622078827336,53.69510039566058
25,17,0.032444313523348096,0.13124534781969707,0.12432569864964149,0.10397422005261205,0.03286633235842508,0.137250823830731,0.04285901689058677,0.12274683970498682,0.0,0.3,0.0,29,12.941858511528231,51.9274987312776
25,18,0.027653912359504904,0.11743303745079346,0.1104251484288019,0.0904605275361842,0.02650183392722511,0.1363868166673978,0.034304326159018024,0.09823555603593026,0.0,0.3,0.0,31,12.408249873947526,50.25428247596221
25,19,0.02564786078317393,0.11453885868601558,0.10812815092815638,0.08955916597169405,0.009843716564911195,0.1364519522852428,0.02848670916230675,0.08161314601353573,0.0,0.3,0.0,34,11.835671073568085,46.22869606461868
25,20,0.024057107632034065,0.10602578556204571,0.09924517272602386,0.08106318414035646,0.03276612557916549,0.13548788053298041,0.02849329982387089,0.08167754882563436,0.0,0.3,0.0,35,11.46625499721024,44.25214133686894
25,21,0.022975552449773163,0.10154955836884627,0.09503915789114994,0.07781412104819369,0.02057379434138482,0.1407022209643579,0.02752433591591429,0.07849549414704804,0.0,0.3,0.0,36,11.3595962326164,50.50912658476016
25,22,0.022805349243091293,0.10071986022459989,0.09420309280779328,0.07649165693990076,0.010562217016123789,0.13643086283804756,0.02745035577257762,0.079669425060371,0.0,0.3,0.0,37,11.260137383256868,45.10410585497157
25,23,0.018941520742807277,0.08527311776068217,0.07864571918976138,0.06152309203153206,0.04750763218443176,0.1368870071653187,0.02294564156482095,0.0654356444759305,0.0,0.3,0.0,38,10.841075057931064,50.56631116320783
25,24,0.016880660467372847,0.0780033080829031,0.07132656134538974,0.0550756012258132,0.014961513915873763,0.1359109148073369,0.019670664008283618,0.05610216978900935,0.0,0.3,0.0,40,10.545091939453574,47.81658637221803
25,25,0.015412245367322481,0.07291475333724658,0.06620386080372306,0.05063491315176487,0.011435927068509207,0.13665808250624104,0.017214648480658568,0.049098494960916075,0.0,0.3,0.0,42,10.409272513900849,41.61307121937337
25,26,0.01599054107882922,0.0726960435925488,0.06597765084950499,0.05064461049748832,0.008657291264847112,0.139820568344435,0.019672738966783437,0.056091205571621484,0.0,0.3,0.0,43,10.277475311761036,38.01185020638288
25,27,0.015762403399478774,0.07128748059574813,0.06425509701584112,0.044356551848501485,0.006831945415074278,0.13998884523563845,0.019634279525393948,0.055977716517578865,0.0,0.3,0.0,47,10.184554904304832,43.31804492608003
25,28,0.01459135462100326,0.06574982352838266,0.05928227419070804,0.046379283657080474,0.01083163968994023,0.13796451974106355,0.01869610230997633,0.050542721466073415,0.0,0.3,0.0,50,10.168573861411804,42.316447427528026
25,29,0.014307368016297733,0.06401930396589404,0.057538216556304034,0.045133599817881856,0.00808940956486013,0.13575996405962332,0.018677885362281786,0.05040917260061949,0.0,0.3,0.0,52,10.036771208355162,39.71587881292856
25,30,0.014297725182625568,0.06043293625052476,0.0539184451812296,0.04133310881766501,0.01854436813349301,0.13872147152169395,0.020911268005041575,0.056379232698895866,0.0,0.3,0.0,53,9.857166331945262,39.14426322754263
25,31,0.010322017679054945,0.057265000630753835,0.05378748840408528,0.05211770749667131,0.002325225725955349,0.12373800474760725,0.007716055955573914,0.021338194772508208,0.0,0.3,0.0,83,9.782930312549937,437.25636723777967
25,32,0.009723117989806998,0.05481887017757812,0.051324169643071765,0.05118411642354406,0.005221722814140883,0.12641766526493695,0.006872044253765518,0.01936952084108878,0.0,0.3,0.0,85,9.640757684397329,437.51171373675913
25,33,0.009659971759840366,0.05315522090371275,0.04994853634754052,0.050317008978158946,0.004237296719725451,0.1228088058720516,0.00770635938225037,0.02129172099817515,0.0,0.3,0.0,88,9.67852652184714,444.6879669091701
25,34,0.009312168623400877,0.050302271772729217,0.044648752272031106,0.03566118814426941,0.008382174782394926,0.1241972091976817,0.007640116693304259,0.0213627631022292,0.0,0.3,0.0,89,9.68126298734204,449.4547695527295
25,35,0.009078622239344863,0.0507706788937287,0.04754727259227089,0.0491462379013034,0.0021244382959642693,0.1272050537234926,0.006872805501375066,0.01932784445549933,0.0,0.3,0.0,90,9.46660723172233,436.9761826040231
25,36,0.008477497256542416,0.04641485557197289,0.04043010312257161,0.03233997221634831,0.012019928607757472,0.12849678951041876,0.006649448678036549,0.01861015007891689,0.0,0.3,0.0,91,9.545349310514217,470.0061080987308
25,37,0.008340376660029873,0.04521744457310837,0.03952579403083207,0.03188490721385566,0.004019676370666557,0.12900650981480893,0.006880621081280334,0.01923043360012669,0.0,0.3,0.0,93,9.458637124311355,464.8387659775959
25,38,0.00820660796982477,0.04421023171481291,0.038510504170962995,0.031146597028227592,0.005052836593494963,0.12902118344436803,0.006954426821465492,0.01959841083371321,0.0,0.3,0.0,94,9.489798046674604,463.8617672415048
25,39,0.008125664170134722,0.043506631740585354,0.03961889892340302,0.0420662813887304,0.0061581700156922905,0.13433460526242147,0.007372848948318364,0.0206935887916384,0.0,0.3,0.0,95,9.22883279371471,443.68395717356617
25,40,0.007990839189963864,0.04314701170818529,0.03956012117826808,0.042596424052874254,0.002666589334819595,0.13374581908141336,0.007109040069618236,0.01992750108679525,0.0,0.3,0.0,97,9.276310262370872,448.4678637174063
25,41,0.007943464424237403,0.04291779681705665,0.03963219129864533,0.043259568240994785,0.0025942466451514194,0.1336840094878364,0.007111153933395994,0.0199320724854849,0.0,0.3,0.0,99,9.293342162125017,448.7263599936075
25,42,0.007645147053053266,0.041286238370904046,0.03738246519809956,0.04167488348759839,0.005950033812106397,1.0,0.006793762235295126,1.0,0.0,0.3,0.0,100,9.301335956671393,473.06621397500106
25,43,0.007307836901175174,0.040007479116286285,0.03518610806956182,0.033595817978076356,0.0020706204683071465,0.1435275826150743,0.006060857273766074,0.0198210914096025,0.0,0.3,0.0,109,9.235324797094966,473.3468380076535
25,44,0.007063933356521074,0.038285554654140144,0.03345058539093775,0.03245570433723532,0.004332595047112997,0.1440381676291078,0.00610586323917092,0.01834480355594351,0.0,0.3,0.0,111,9.159082215496076,471.1206451203722
25,45,0.0070004335881025635,0.03803040466185729,0.03349660646159609,0.031162892360572653,0.0022934505585177666,0.14376100298862962,0.006056978308255765,0.018130827755835018,0.0,0.3,0.0,113,9.1655854703967,473.0450160382636
25,46,0.006920147281650951,0.03757526358917291,0.03334093926495913,0.03282764578455058,0.002613690509288565,0.1474213479553892,0.006060741870830959,0.01811992872897663,0.0,0.3,0.0,115,9.12776629616592,452.5479255641637
25,47,0.0064625415542483855,0.03299022226029707,0.02902100766439402,0.028261372600963303,0.016294468154565953,0.1462494708312853,0.006935263474255861,0.02038763121772681,0.0,0.3,0.0,116,8.987948617341617,420.8791829933799
25,48,0.006012707215950831,0.03117443077860228,0.02719266544752086,0.02801854673103483,0.0030135527530347084,0.14804936032260435,0.006204458406475745,0.018544506299603213,0.0,0.3,0.0,120,8.942281644403893,451.6720927148591
25,49,0.005903402750577567,0.03033380910066434,0.026345355191884426,0.027145730788322817,0.004345564442190165,0.151399620886575,0.006250229063886327,0.01865949400498907,0.0,0.3,0.0,121,8.903504558250493,431.80456901806417
25,50,0.005681528978960493,0.028848580897214968,0.024848536333657596,0.025931023305561678,0.0060942202879729875,0.15132610953002776,0.006209946502217037,0.01854335924882783,0.0,0.3,0.0,122,8.858345991818023,431.9763930346871
25,51,0.005680961168496023,0.028838067836272213,0.024837923704916713,0.025920065222780335,0.0018752335309672153,0.15324578602478922,0.0062135773757279,0.0185462272122167,0.0,0.3,0.0,125,8.853773712674785,421.1579580445537
25,52,0.005641200414373228,0.028565290844138,0.024563064625753108,0.025636938781246277,0.002645414507662476,0.15132610966915203,0.006209946502469484,0.018543359248944243,0.0,0.3,0.0,126,8.846574044203738,431.0498768275691
25,53,0.005612623728333781,0.029561821203925632,0.029507354299570056,0.03402675799869282,0.002345744374920298,0.15132448715748884,0.006194874555256138,0.01849835330056012,0.0,0.3,0.0,127,8.843325343880974,430.8693103544626
25,54,0.00580607048734275,0.028286817624870148,0.02640123866974064,0.043385857276813745,0.002413758127008355,0.129894549729834,0.0073522483123048986,0.0194573986201637,0.0,0.3,0.0,142,8.591157058734135,277.26320885694423
25,55,0.0057514418304090474,0.02777385596073377,0.025884056920267774,0.0435271805210345,0.0029948004463031448,0.1354911677234289,0.007421691945860413,0.01963393142888004,0.0,0.3,0.0,144,8.455800316251706,276.3559961543625
25,56,0.00557343594152442,0.026762289743579686,0.024864880264092292,0.04281641883725823,0.004990383933551088,0.1304798368676161,0.007286149500144349,0.01927737613228015,0.0,0.3,0.0,145,8.463415524253255,277.7033698296179
25,57,0.005288544261865253,0.02563525961483217,0.022821240802319058,0.03180698415043955,0.0020863706700041326,0.14113884051298145,0.006649411131202254,0.021589232106022198,0.0,0.3,0.0,166,8.727946805582212,413.1904746818884
25,58,0.004780691532855991,0.022577448462411297,0.020043157819650475,0.030216467812700907,0.0063319377923121405,0.1431438197681721,0.006384018150253405,0.02020896563677141,0.0,0.3,0.0,168,8.584491539520975,413.42182032053415
26,0,1.0,0.9038802035539674,0.9031258517037523,0.8996643437294283,0.0,0.0,0.0,0.0,0.0,0.3,0.0,1,174.95909586692204,1337.0014691661363
26,1,0.9243545281547677,0.8837367540968936,0.8828240043580647,0.8790655620443112,0.029090751938161876,0.09224490199072938,8.535645514831991e-05,0.00011709881642790001,0.0,0.3,0.0,3,162.49038299385842,1249.800160671014
26,2,0.6687935591299007,1.0054617609825236,1.0054617609825236,1.0054617609825236,0.2486408125693913,0.2396400422998099,0.01820586994174545,0.1920600795987146,0.0,0.3,0.0,4,182.57916154741136,565.3336360984604
26,3,0.2675008535110844,0.577869555116117,0.5745377556636467,0.5624045586147703,0.3260565198266116,0.0988515610370245,0.007894390611372938,0.059303881769189645,0.0,0.3,0.0,6,82.69459941526598,240.5275586572607
26,4,0.25460558365851893,0.5654064872849204,0.5622893153272308,0.549881341961055,0.03168560450041701,0.09944699538290527,0.003905441198880027,0.04398376301756613,0.0,0.3,0.0,7,78.85209198311482,306.139080849297
26,5,0.22367834522843666,0.5359784287535342,0.5323270576670616,0.5197437783689421,0.08834271546865356,0.1004431749580027,0.003988074464024945,0.02976664668173696,0.0,0.3,0.0,8,69.98319235456259,207.92212072870385
26,6,0.2114779967415153,0.5223071797791097,0.5188562293003691,0.5059994894181717,0.03600007895593512,0.10072430302588661,0.0019898271584023177,0.02208861585150353,0.0,0.3,0.0,9,65.70605168216082,247.2270605246917
26,7,0.1875887335419394,0.49583148213652584,0.4918647611131755,0.47846521973042166,0.08193287008096947,0.10169015611850118,0.004097330737542934,0.030048617020633613,0.0,0.3,0.0,10,59.25733303699258,180.5237725602408
26,8,0.17211006676531404,0.4764853620165952,0.47297731661081077,0.45969743816855113,0.054254043459633305,0.1022804709963353,0.0022059681864268076,0.02264643607508551,0.0,0.3,0.0,11,52.74840482199474,163.14157909179482
26,9,0.12916331380375812,0.4225356086458562,0.4179937128753629,0.4032125393716422,0.18316919425671735,1.0,0.0040365362727827255,1.0,0.0,0.3,0.0,12,40.61638586915468,99.35645460688497
26,10,0.1032537514811011,0.38180748426821837,0.3772533448740269,0.36118022755398793,0.13082713611027433,0.10553418924497479,0.0021575534401290183,0.016725471975757338,0.0,0.3,0.0,13,32.34536844464703,79.36301995436666
26,11,0.06698338992156122,0.28566553793282967,0.28065995124450915,0.2627197236159989,0.11865887094643396,0.10553418924497482,0.0021575534401290183,0.016725471975757338,0.0,0.3,0.0,15,23.011096967516,97.17437446861427
26,12,0.06086513455955475,0.26824110650879207,0.2630955902403058,0.2446208811418256,0.052422808286238264,0.1038875935051301,0.00349055666596103,0.02184815285245112,0.0,0.3,0.0,16,23.593553299019423,110.11469479885872
26,13,0.029187043012105774,0.16201702292417638,0.1563467154376463,0.13519217171504228,0.15328254476503572,0.1022920592256148,0.0010016831434561508,0.009858084116118571,0.0,0.3,0.0,18,15.86327489096108,46.40262603575394
26,14,0.021487600859567156,0.1273004837503821,0.12105591094984366,0.10021558237952718,0.01234038516426784,0.1010291254214292,0.0004560876813264839,0.00609552624951342,0.0,0.3,0.0,26,14.223181297120163,56.1132755185056
26,15,0.01541385530336891,0.09626966713392719,0.08978122679898928,0.06872786799738113,0.04496278573611043,0.10046316312341533,0.0005988918762052063,0.0064318292363179305,0.0,0.3,0.0,28,13.141790501454643,52.7530014825547
26,16,0.01138034747894597,0.07396908412325866,0.06730617074303112,0.046254121171853915,0.03215620383270671,0.1002355903660869,0.00034796335898669157,0.0043805750995284,0.0,0.3,0.0,30,11.740161413402204,49.05478726887725
26,17,0.010754560882236322,0.07031332156917307,0.06362178169501241,0.043430315726573854,0.005372042849780711,0.10124857770512954,0.0003287059749772904,0.0182419135748917,0.0,0.3,0.0,32,11.72135315347976,48.67558461431944
26,18,0.009717785031931232,0.06420652952783447,0.05777022915033397,0.03792373961978219,0.008957871514162103,0.10183537386613777,0.00028646634937175665,0.020020009132815438,0.0,0.3,0.0,34,11.350180824130314,47.79205170690064
26,19,0.008930154192345718,0.05947724057414382,0.05300396807002305,0.03382607489531094,0.006850849867068952,0.1018078427906968,0.00021870650849672537,0.02193709197584793,0.0,0.3,0.0,36,11.002840787599895,52.47953704570034
26,20,0.008685531122915612,0.057916936705798776,0.05143133985843197,0.03247642079895167,0.004593508306267879,0.10260070082875354,0.00024518469721782684,0.02466680610341954,0.0,0.3,0.0,37,10.948140349223095,44.53925441931252
26,21,0.007911005765695341,0.05313974331464273,0.046919740061441687,0.02818221526807583,0.007087561497554071,0.10222385639673082,0.0002448090628195382,0.02567910435383694,0.0,0.3,0.0,39,10.814786368702462,43.786653153677385
26,22,0.007772808681715085,0.052325736767666595,0.04609940821245758,0.027544343446819046,0.0008411089721289205,0.09870188515812243,0.00020936380985813952,0.00561661146086824,0.0,0.3,0.0,42,10.768561484164076,40.437864472786266
26,23,0.007074581624067645,0.04792864011165647,0.0419709590773131,0.02344670475043539,0.0065200157307026,0.0996200363507344,0.00020968335350238584,0.00553843067908101,0.0,0.3,0.0,44,10.544333596909658,40.55353767078352
26,24,0.0069247224675522915,0.046872132622704725,0.04060300980871002,0.022933056465059238,0.0028433941213207078,0.10242737864288812,0.00020648406859116896,0.04826014099017066,0.0,0.3,0.0,45,10.542404411352583,43.2217514138193
26,25,0.006730646023974662,0.04560515955541162,0.03932608594491614,0.021902536259065283,0.0037167832182001116,0.10239641431163726,0.00020871278995077054,0.054047214093028616,0.0,0.3,0.0,46,10.530846730739626,44.32718585387931
26,26,0.006350655786625826,0.0432301630962103,0.037235642692311166,0.020036709687042784,0.00714875308262705,0.09954229158649311,0.00019306409345999976,0.00507937449676682,0.0,0.3,0.0,47,10.425337132161127,41.30381920581957
26,27,0.006080803519383838,0.041332278360342985,0.0350196458055148,0.018036789128607168,0.005285641977417863,0.10154432085214889,0.00020762695066388207,0.03433556289417804,0.0,0.3,0.0,48,10.291104307468617,47.42325329774405
26,28,0.006068503981356855,0.04135725464911676,0.035347995019163136,0.018678726895493245,0.00023916832848641247,0.09877169205179595,0.00019800406501747908,0.00507966429185803,0.0,0.3,0.0,49,10.242164726658718,40.52591884551084
26,29,0.005758226168632458,0.03918729181424082,0.03285784327718033,0.016379397382321737,0.006062593193341505,0.10079842693205543,0.0002059919095349064,0.0343091276372276,0.0,0.3,0.0,50,10.252726803157758,47.10561775800266
26,30,0.005618259279980042,0.038233657549983,0.03189674289578641,0.01676615022637721,0.002821674925538196,0.09913093336709412,0.0002155059489441004,0.006060765273950041,0.0,0.3,0.0,51,10.237701238248736,39.617228399073625
26,31,0.005493866563541634,0.037415071924880645,0.03107171268925999,0.015108945921089393,0.0024122458954127083,0.1051795003343472,0.0002055224278964521,0.056840052050458834,0.0,0.3,0.0,52,10.1476768168858,40.933601818692594
26,32,0.005113633434399782,0.0349647253340682,0.028905339998084405,0.013508845557474376,0.0037098113425411182,0.10731630219536407,0.00018774638731337273,0.05150565460804897,0.0,0.3,0.0,54,10.05801602866276,41.839482096233446
26,33,0.004698494373976298,0.032118959615672585,0.026037199572143694,0.01114109445423084,0.0041615858780207834,0.10678480018901097,0.00019349843152258897,0.051518671419999496,0.0,0.3,0.0,56,9.933762197867765,41.73079135993527
26,34,0.004489037066706447,0.03067385832881876,0.024580756851047415,0.010227055338077294,0.002141403801547584,0.10724755651653639,0.00019497404080944916,0.05735476034479724,0.0,0.3,0.0,58,9.884597726146776,41.21217997610536
26,35,0.004377960510329077,0.02990332589299155,0.023804167142246733,0.01001318084894448,0.0011699517640197607,0.10586716150944948,0.00019632993648766522,0.05155718007201855,0.0,0.3,0.0,60,9.862426279340545,41.24895817576235
26,36,0.004368219673381266,0.029961799590230268,0.024166232718165235,0.012259987737189766,9.088313332260616e-05,0.09875238635038648,0.00017648209000867263,0.00499019642671326,0.0,0.3,0.0,62,9.807396991565833,40.07549716674978
26,37,0.004014586072018836,0.027498736010258044,0.02168384745422965,0.010004269583605431,0.00715171474487073,0.09915498101146167,0.00017755056803862943,0.0049721605482904805,0.0,0.3,0.0,63,9.705169255393226,39.75925017251306
26,38,0.0037129984054664333,0.025403865053451265,0.020481419398023545,0.01667239065305504,0.0004409460265196643,0.10397663223755582,0.0003142546716919804,0.052610983238849496,0.0,0.3,0.0,83,9.706711114474553,40.54192823497789
26,39,0.0036795065602468037,0.02522445678949354,0.020300692506746914,0.01711249202641391,0.0003297044294467276,0.10469688592608302,0.0002828658290625244,0.04788709633748428,0.0,0.3,0.0,85,9.717443147927616,40.64957871846968
26,40,0.003697036666328513,0.025064989980457506,0.020745477021653035,0.019920770100709508,0.00040125948625609165,0.10508210186578489,0.0005376894686723314,0.05567903655105394,0.0,0.3,0.0,90,9.728731886182416,40.754071243792936
26,41,0.003548587146530729,0.02386598222361609,0.0192339404740343,0.019380522318203443,0.003393891380562163,0.10500858911734663,0.0005689953435750768,0.05544459329771586,0.0,0.3,0.0,91,9.726898986777838,40.61991313679498
26,42,0.00343088615136473,0.023581611213210583,0.01955399387098919,0.0218364100445372,0.0003422328378452732,0.10487597079361799,0.0003658673557554742,0.0503163905652511,0.0,0.3,0.0,96,9.68596186840622,42.13029389934095
26,43,0.0034337133318563815,0.02357950773180647,0.019854803092467805,0.021741188442038723,0.0004466818162102695,0.10650817560236878,0.00042712194446073947,0.0500946549598492,0.0,0.3,0.0,97,9.691999595853824,42.450308836629205
26,44,0.003374728253768348,0.02307172529776066,0.019039985826213066,0.021954026284483924,0.0013308226510656725,0.10518899945962415,0.0004259332919846945,0.050232721545548,0.0,0.3,0.0,98,9.614213994325118,42.7532070341594
26,45,0.0033657863395418143,0.023124233987872788,0.01939602283241814,0.022901935540641138,0.0001474985384415272,0.10518083714655588,0.000411692040453759,0.050284629264088845,0.0,0.3,0.0,102,9.610615132746736,42.62891609184888
26,46,0.0033023871796594552,0.022658166153433235,0.01892623717936635,0.022745288527574434,0.0005884643428281312,0.10573485996605363,0.0004247391847384058,0.05019115000892319,0.0,0.3,0.0,105,9.462541366339366,42.21305291560073
26,47,0.0031031463098113708,0.021401128806214156,0.01826549715299547,0.022903678407870887,0.004241216470468955,0.10900591225588244,0.0004252214064325014,0.050209576962211774,0.0,0.3,0.0,106,9.508383910904332,43.50872383301062
27,0,0.9092004231843308,0.8794886047608902,0.878542809802683,0.8743497610897583,0.0,0.0,0.0,0.0,0.0,0.3,0.0,1,261.43796362838856,1352.5917196050896
27,1,0.8404501856038744,0.8594206588117126,0.8583170052465366,0.8538293717491282,0.028980125177542997,0.09204326775188801,8.27212703444588e-05,0.00010824607087413999,0.0,0.3,0.0,3,242.4378264784744,1259.0083046588545
27,2,0.5038988076966774,0.7423607959031884,0.740161550578383,0.7317022816245413,0.4269896783616438,0.09946436003633861,0.07520488956347723,0.2218520798158905,0.0,0.3,0.0,4,167.80605665234967,705.6750147090984
27,3,0.4890757614659105,0.7342402245626138,0.7322802364161334,0.7236652696111104,0.03372322211355066,0.09946436003633861,0.07520488956347722,0.2218520798158905,0.0,0.3,0.0,6,163.69505922435195,718.2487328224253
27,4,0.26671256546409333,0.5779637025838492,0.5744784203898619,0.5620852347880427,0.24595113273568645,0.1680124661709043,0.07340272317505862,0.23513665460573258,0.0,0.3,0.0,8,70.04733248971966,297.0816066596583
27,5,0.236570592587076,0.5439750862134873,0.5400069623854956,0.5260701774064684,0.13821012810407016,0.16868391782574357,0.16515612714388198,0.5290574728628981,0.0,0.3,0.0,10,53.5727755502709,201.4262404023248
27,6,0.12046691160193126,0.3905499542377508,0.3859806816674542,0.369261401812382,0.17744145817525447,0.13371695373590042,0.037724931822120875,0.12008422359903037,0.0,0.3,0.0,12,37.33290296014915,158.2339812427665
27,7,0.07533512279863787,0.28203127186426097,0.27687758364858456,0.25693800794140415,0.178987389380059,0.1339138827542986,0.052955464717686536,0.16856533753151598,0.0,0.3,0.0,14,22.78551243364671,88.77379469608076
27,8,0.0647135279474636,0.22971585482951556,0.224387496393887,0.2028160972939424,0.11230037497703141,0.13937996607846478,0.08148423692657082,0.25995377336934883,0.0,0.3,0.0,16,16.56114765393529,77.02896286865187
27,9,0.045509139061369386,0.17874979353538273,0.17308522761616818,0.15083984507014303,0.07803455549069761,0.13562192201587012,0.05436805224345628,0.17339275183436603,0.0,0.3,0.0,18,14.038950492979566,61.444863820124965
27,10,0.03939980462865686,0.1535501961817253,0.1473887759935836,0.12508500799279215,0.05123742014211585,0.1374342072006805,0.05264978762058112,0.1690300994100149,0.0,0.3,0.0,20,13.170625458705963,51.02268496024505
27,11,0.03184897335557779,0.13234990485013476,0.1263557204572341,0.1039591644256107,0.036966964935955984,0.13866259916386492,0.039663274416074486,0.12724756767474404,0.0,0.3,0.0,22,12.19041210440598,50.113358712060254
27,12,0.029864747318086988,0.12241864711073659,0.11664942489954404,0.09307905603471488,0.02157129251870126,0.1358321435256212,0.03973029918979392,0.12736389392969982,0.0,0.3,0.0,25,11.661609334427125,44.657309774235614
27,13,0.025490309279676458,0.1179064872796888,0.11153005777386465,0.08997758971782481,0.007550815875599856,0.14456691626732202,0.025150050496067403,0.08077556396346391,0.0,0.3,0.0,26,12.445584941668695,38.27905292002033
27,14,0.023867822379114074,0.10733942076570954,0.1011791086591668,0.07958527008612667,0.024072202336870088,0.14678362943540513,0.0268447356372447,0.08627075484984095,0.0,0.3,0.0,28,11.812738770735134,46.2579488380218
27,15,0.02067041172573454,0.08964875503633594,0.08304652311014658,0.061558367628860314,0.05878338092166352,0.1472927771690502,0.02684289857218627,0.08620803416085973,0.0,0.3,0.0,29,10.919154525384023,45.022210267693104
27,16,0.02048748312986088,0.08848987516298182,0.08218127275415049,0.06073956871158388,0.011816495482124182,0.14217470442292016,0.026987161913947743,0.08662140934968156,0.0,0.3,0.0,30,10.60775993994928,43.56939944259694
27,17,0.01879514103320466,0.08518283754703351,0.0785558225654999,0.0579287257564216,0.0123843944584307,0.1421413710801117,0.022482099204608506,0.07217006805182956,0.0,0.3,0.0,31,10.422080386361165,41.57477098442676
27,18,0.018085481145945548,0.08103477734685248,0.07467827966100868,0.0537748815153531,0.01871803875862298,0.1489259862517368,0.022499791682053127,0.07221709767331104,0.0,0.3,0.0,32,10.38774638390204,44.73888765456458
27,19,0.016568321898879836,0.07689279543372056,0.0702085133845936,0.05008647047457888,0.014616622889006153,0.14325254962050787,0.01918332602588933,0.06160743633064556,0.0,0.3,0.0,33,10.372577534058706,39.97006476075229
27,20,0.017401076699319035,0.07692434738172162,0.07023250659029968,0.05033419215044644,0.009475809635091504,0.14030105645541202,0.02249115051592925,0.07225674467064302,0.0,0.3,0.0,34,10.068357058656268,41.01231493856199
27,21,0.014939678345496022,0.06727963151275493,0.0605201996285152,0.040617086265650554,0.03059067594880043,0.14240222679687864,0.01904964337178658,0.06107612753430423,0.0,0.3,0.0,35,10.104895988748057,37.56102917263856
27,22,0.014179041059996893,0.0627096776064403,0.05591464321095595,0.03638046540664196,0.012192789796095633,0.14448468997104055,0.01894577567569316,0.06078240048324061,0.0,0.3,0.0,37,9.823511792030114,38.205038473683736
27,23,0.013463139650182664,0.061531256460994575,0.05503479288873437,0.03608429923341684,0.006023680797977596,0.14363529053200821,0.016910993352496503,0.054317291900974674,0.0,0.3,0.0,39,9.752270912414112,38.8098524618836
27,24,0.013323143396017409,0.06065185311572842,0.05414848805148562,0.035935626064118306,0.007603224160480156,0.14363529053200821,0.016910993352496496,0.054317291900974674,0.0,0.3,0.0,40,9.712818168566914,38.98404423922832
27,25,0.013319906452657886,0.060721467053704514,0.05452172394042267,0.036686770023065716,0.005131834385164489,0.14363529053200821,0.016910993352496496,0.054317291900974674,0.0,0.3,0.0,41,9.71325332207208,38.9418328267075
27,26,0.012232097196853043,0.0568143725318797,0.05058833956308055,0.03393617873024254,0.006928555976006287,0.14890485455392893,0.015051064974625007,0.04839968220737642,0.0,0.3,0.0,45,9.722940963753109,38.441076460497
27,27,0.011950577246240601,0.05453100284678739,0.04798336619378847,0.03147404506051467,0.011121956415058533,0.14819837489203383,0.015295425725558679,0.04877556814750112,0.0,0.3,0.0,46,9.694075750408109,38.03997367497095
27,28,0.011986364972714958,0.0545559428767392,0.048311158481021035,0.0322036699002412,0.0048149835665166184,0.14699432692420392,0.015476710123470377,0.049518264711287105,0.0,0.3,0.0,48,9.696131391272996,37.53895859439409
27,29,0.011784608702055836,0.05259607405487799,0.04633495623203397,0.030466176382122543,0.010766891005750345,0.14565449113800538,0.01588147582389873,0.04910016490984157,0.0,0.3,0.0,49,9.454995861720093,38.10331304533258
27,30,0.011579899901054586,0.05147051387252599,0.045503872194364296,0.030847642426133682,0.005603907076364295,0.14450437766969054,0.015812760124717988,0.0493673745253155,0.0,0.3,0.0,53,9.299166437602995,38.85464782972649
27,31,0.011091220318540894,0.04847651720652367,0.04248663719122939,0.02828245336639009,0.013233147274317247,0.14773888281820136,0.015692694868975326,0.05025772232015877,0.0,0.3,0.0,54,9.254307933605286,37.58638132311022
27,32,0.010486694238287794,0.04711539670182876,0.04111852437562928,0.02801123320932307,0.0055247191903476595,0.14651973155896367,0.014129454257607272,0.04536049653461437,0.0,0.3,0.0,56,9.205446455488833,38.03133797111128
27,33,0.010898835478853633,0.047291782605026304,0.04159568457577203,0.027825642321045556,0.005815290256294013,0.14755589093592564,0.015697158987929262,0.05021344419017355,0.0,0.3,0.0,57,9.132322023299867,37.18869613269512
27,34,0.01028967608793768,0.0458793163752599,0.040175803925595964,0.02751348618629475,0.005606926396418787,0.14725895080490484,0.014143539527548715,0.045307819172891686,0.0,0.3,0.0,59,9.099883430068624,37.52764257333948
27,35,0.010287111888617735,0.04586235237269755,0.040158659294897404,0.028051155202226983,0.004292010627355987,0.14725895080490484,0.014143539527548715,0.04530781917289168,0.0,0.3,0.0,60,9.098952741128354,37.509897133816544
27,36,0.01072801862877865,0.04630331943214372,0.040902549417889844,0.028694982410781403,0.005005108114426209,0.1468460664540035,0.0156664605454571,0.04586617465118034,0.0,0.3,0.0,61,9.096775683816292,37.65042726749789
27,37,0.010667391330917292,0.04604808869967839,0.04094856728408851,0.028930794464207626,0.0051729671488830896,0.14658206873619928,0.015632834842185986,0.04586659940768232,0.0,0.3,0.0,63,9.081671792243252,37.91023057124017
27,42,0.00905547280472025,0.03787891296469053,0.03211300527946135,0.025363502397283327,0.006837926772337582,0.1465595868045657,0.013971893819202013,0.04235137678861501,0.0,0.3,0.0,75,8.90357989958513,272101.12834511715
27,43,0.008883035401359197,0.03644641708668813,0.030971830847485518,0.024751682231117976,0.008804659001571298,0.14953851286577516,0.014166276254532722,0.04235366331771265,0.0,0.3,0.0,76,8.862002211684093,366000.1742471719
27,44,0.007980120492854396,0.03175871374149161,0.02776428804780957,0.020359621047290413,0.011181268586237737,1.0,0.013532499078198316,0.2300159237661176,0.0,0.3,0.0,78,8.942744149539772,26.818114010962454
27,45,0.006716147831696401,0.029963688961306908,0.028691018541770797,0.03509137678631866,0.0031594851447208005,1.0,0.010062040829522573,0.16798674409846548,0.0,0.3,0.0,110,9.037471513688883,29.518289791206723
27,46,0.006377344459120401,0.027599312376963503,0.026308117223480164,0.033322177718154246,0.006413232718587668,1.0,0.01004487523363147,0.16807757095245016,0.0,0.3,0.0,112,8.921429506858344,29.15402885833418
27,47,0.00636587468019307,0.027519560553942002,0.02653077512794744,0.041046828242489036,0.003063345493279356,1.0,0.010093118910724662,0.16853706922817158,0.0,0.3,0.0,127,8.885147803853387,29.08960418596434
27,48,0.005998862950672652,0.024033786523224764,0.02362241896286775,0.038976858421018945,0.008715613368491188,1.0,0.010655139335665297,0.16882168354665408,0.0,0.3,0.0,129,8.726577277393941,29.040604559733048
28,0,0.9396226400660435,0.8879234935789931,0.8870438252592026,0.8831044463094554,0.0,0.0,0.0,0.0,0.0,0.3,0.0,1,243.82029849412888,1418.420251216742
28,1,0.8717142742975343,0.8687643662490923,0.8677341739744197,0.8635275040085563,0.027686192995010503,0.10209641441425385,8.379317079143167e-05,0.0001174470044271,0.0,0.3,0.0,3,227.3753486041692,1335.9565588197515
28,2,0.5170590542102651,0.7494010074191707,0.7472403547752746,0.7389247037832103,0.43975384617321156,0.09955615180706254,0.08225497424405649,0.288625568078836,0.0,0.3,0.0,4,136.85606616400457,763.7144546850803
28,3,0.2616305593937284,0.5725332262683183,0.5694247933978785,0.5565885774566797,0.1605219913792995,0.09953067024134932,0.0239016163787703,0.2555708625629268,0.0,0.3,0.0,7,74.19077801661473,425.4961881601448
28,4,0.25699293823817027,0.568136118836216,0.5649817803450826,0.5521347392165197,0.024966564102713723,0.09985311175679393,0.02876344913021036,0.305398493297486,0.0,0.3,0.0,8,71.42707388363819,376.188542087818
28,5,0.21722674765911543,0.5285908985560241,0.5251643958219431,0.5119942702054598,0.1046592250607587,0.10017966783179369,0.012529796224721345,0.13263400680409024,0.0,0.3,0.0,9,62.44395010540244,385.1593388487704
28,6,0.1963341640794514,0.5050560848882334,0.5014421233886103,0.4882990741602101,0.07274484393680375,0.09781634436204503,0.013687588458380641,0.13878683808987252,0.0,0.3,0.0,10,53.43015872942779,341.9489839987472
28,7,0.18239859851731538,0.4889002979513813,0.4851717566593664,0.47137726181946643,0.04559255955283929,0.10045520892563291,0.00849967859291695,0.08952524760754257,0.0,0.3,0.0,11,54.19749442986485,348.718185732395
28,8,0.11777425433670168,0.3914004610470414,0.38719479731547174,0.3716153377836502,0.2895275963090258,0.09724516249309903,0.014865496890853787,0.14306767897990463,0.0,0.3,0.0,12,33.41798470812349,237.0397779772448
28,9,0.11051746802737246,0.37853746523965837,0.37453782176956624,0.3571488470209618,0.03994663337177795,0.10011417559756901,0.013237446354046499,0.1344734666937446,0.0,0.3,0.0,13,32.04305406448432,230.4307119733899
28,10,0.045927372639336314,0.217995139199385,0.21274435021045035,0.19115149037276283,0.2325349214999878,0.09952192515263678,0.009469861300632603,0.09164122637489311,0.0,0.3,0.0,15,17.61836858132075,172.40135326543944
28,11,0.040900790630879896,0.2019458993063007,0.19657454124232063,0.17511990172953565,0.024279384673532398,0.09960496806532392,0.007162078439133899,0.06917435789644012,0.0,0.3,0.0,17,16.671997879480454,160.9282603390384
28,12,0.039316394983238356,0.19619208216662076,0.1910785583137179,0.17016561925202633,0.010570733458827485,0.09955344643845464,0.007162851423310147,0.06917303195636357,0.0,0.3,0.0,19,16.23419401479421,163.6674116870352
28,13,0.038992892615350445,0.1882239759853411,0.18272616184081497,0.16126880722667214,0.0343111424115434,0.1032068541971923,0.01514050353157641,0.102038225121912,0.0,0.3,0.0,20,19.284590654148303,123.51492156355324
28,14,0.03310598234374048,0.17198735088027167,0.16607832760433733,0.14532202390529061,0.021735904053973115,0.1000856041501856,0.006946039634964817,0.06635367242989718,0.0,0.3,0.0,22,14.590344695048838,140.222956295253
28,15,0.029817537824699474,0.15772648479578974,0.1523099262993404,0.13180940628391308,0.02343326179888587,0.10007588938503895,0.00764061745020238,0.06960778375405782,0.0,0.3,0.0,24,14.412963266908791,115.62089447362222
28,16,0.021720604667486182,0.12562135581543019,0.11996324701241884,0.09948811927198821,0.04551929707425631,0.10019444334174032,0.003206221386953239,0.0327124429572128,0.0,0.3,0.0,26,13.417657924038595,131.01487815141064
28,17,0.01991938615401078,0.11666550511552885,0.11124025848013573,0.09133780080931253,0.013752450886022057,0.1001944433417403,0.003206221386953239,0.0327124429572128,0.0,0.3,0.0,28,13.003011071749784,127.71035806589413
28,18,0.019237202818639235,0.11312288691582971,0.10736666420357723,0.0873081084190305,0.010921620214203008,0.10040547438397576,0.0032154561851092923,0.0327144813382723,0.0,0.3,0.0,29,12.778456338415346,126.27435157890172
28,19,0.019047230902667262,0.11280176855392704,0.10704425980154315,0.08769702087893101,0.001042232172639755,0.10050320721521569,0.00268943326479223,0.027297058538420238,0.0,0.3,0.0,31,12.837237043212555,126.83199301505744
28,20,0.018866105489930535,0.1111802446580594,0.10540868490533305,0.08661483484741243,0.002699111788529034,0.1009278398867062,0.0032577920271211805,0.03267731427524015,0.0,0.3,0.0,34,12.71735548813076,124.9925423283202
28,21,0.01776505928118625,0.1066933199805417,0.10088877837657524,0.08263871285427454,0.012798068692756556,0.1003240129555201,0.0023038567542226717,0.02342417948525109,0.0,0.3,0.0,35,12.586016289221227,123.07162749327723
28,22,0.017749686528200814,0.10501403995556575,0.09949632242015792,0.08570239050889832,0.0018739737638715532,0.10214959116837083,0.0036395236249519296,0.039490565583754425,0.0,0.3,0.0,43,11.359984900246982,450.8034192476996
28,23,0.014214146150809787,0.08745230401706906,0.08179952518722977,0.06606757332042425,0.05032942917106259,0.10329181877404665,0.002455725792082193,0.02654788124485342,0.0,0.3,0.0,44,11.093169554764351,817.1629453293205
28,24,0.013096717781668044,0.0815623139854124,0.07586400880312417,0.060242827435739554,0.009012870012429194,0.10240936549021096,0.002155528848556283,0.02321999636287114,0.0,0.3,0.0,46,10.900034956159292,814.5788204511122
28,25,0.012616804292447726,0.07888465344315373,0.07346836519796159,0.059560656187142104,0.004629074296800696,0.10304103410917224,0.002159387595309042,0.02317642521391246,0.0,0.3,0.0,48,10.676925284253668,810.5755184929255
28,26,0.01101170187909799,0.06975785929865234,0.06427043432233027,0.050911167859223734,0.013650831789733423,0.10786303229977057,0.0019552250804560326,0.01879959082320205,0.0,0.3,0.0,50,10.733631994448908,908.5404803148324
28,27,0.010210969050933376,0.0651694153249763,0.059949255184126596,0.04688316588796182,0.007257609763894429,0.10631237636565372,0.0018579900198768147,0.01933141633368711,0.0,0.3,0.0,52,10.475833680756477,799.5899339083983
28,28,0.009502957348597164,0.06056367237367769,0.05560998815849007,0.04351051517312453,0.005203596299091344,0.10722943894402397,0.0020871989088328945,0.02164950819455411,0.0,0.3,0.0,55,10.236036338662812,809.4848300398012
28,29,0.009588941699126625,0.06049599545951188,0.05584376291083005,0.045105338993285914,0.001038199064027682,0.10257314515478777,0.0025302077069899198,0.026402634570497067,0.0,0.3,0.0,58,9.979347439239408,909.9265672262818
28,30,0.008990261988715087,0.05676525656648815,0.05208376843301489,0.042146829274042535,0.004346225385777977,0.10220902641366698,0.002529406159458161,0.02641221444178311,0.0,0.3,0.0,61,9.67498401932338,912.992846445384
28,31,0.008952704411443526,0.05658449592456178,0.05190165507138544,0.042567987499655256,0.0009871762795523415,0.102333265778168,0.0024923374384487754,0.02611592003149637,0.0,0.3,0.0,63,9.68140540999689,904.4440268426026
28,32,0.008851239884950225,0.05602858047041796,0.051644427204975724,0.04341928817674606,0.001681878788492755,0.10229793210732745,0.002496829555816257,0.026185998256050343,0.0,0.3,0.0,65,9.676097812945905,909.5772192903044
28,33,0.008409421495398804,0.05459629482930958,0.05080882056127528,0.04442625417196504,0.0012041094458120575,0.10269820197138976,0.0017648988929302675,0.02345343456504187,0.0,0.3,0.0,71,10.21948239932819,152.55299708595456
28,34,0.007618628347525361,0.04958564051627929,0.04606187790068692,0.03944981645194954,0.015234913037028,0.10274157332824785,0.001786177301252216,0.023650070544938808,0.0,0.3,0.0,72,9.89235146199776,125.55633682324712
28,35,0.007141497090933823,0.04641821596506655,0.042566536229126845,0.036201484058468354,0.009373096093062059,0.10270357203061682,0.0017698020648012765,0.0235558247708936,0.0,0.3,0.0,73,9.81914203001885,150.82009611243774
28,36,0.0067780886455663545,0.044058444105242116,0.04018827845651207,0.03471485263664471,0.003920371973916192,0.10267793218245069,0.0017545081047356226,0.02361676064128663,0.0,0.3,0.0,75,9.735792359078465,149.95859018875046
28,37,0.006328864364888437,0.04160695483850196,0.03832413592642572,0.04000096811390557,0.0010824675134403804,0.10149517136638837,0.0015503916487743684,0.01772369539091629,0.0,0.3,0.0,87,9.701255182340164,826.0106323517515
28,38,0.005828225257338329,0.03841471267929984,0.03450120383814541,0.034306289747679734,0.008930454594905378,0.10291453357017946,0.0013543120394375982,0.02580207207447737,0.0,0.3,0.0,88,9.547110475704727,741.3551882184796
28,39,0.005683886034630589,0.03744828679649982,0.033527191655675054,0.03492171791791162,0.0010962762970999746,0.10267211174102682,0.0013478492542272741,0.02610280838971606,0.0,0.3,0.0,92,9.456243504159588,734.8419627304169
28,40,0.005745225959334201,0.037688720957907755,0.03558696144854029,0.0410877385997238,0.0006506456543807661,0.10342273119495349,0.001761380407235442,0.01655531348648502,0.0,0.3,0.0,102,9.606731544980976,775.0143874974802
28,41,0.005024222135200363,0.0326411551103544,0.030196717222509745,0.03564382524562732,0.0076859371644926785,0.10404308580194987,0.0017800384164239791,0.01680850559168716,0.0,0.3,0.0,104,9.570830318533478,776.1895220736442
28,42,0.00480449556573192,0.03167918397499141,0.028622004808632313,0.03689371073827065,0.0013568871606661455,0.10307177225306477,0.0013650571951643112,0.02328342519690399,0.0,0.3,0.0,106,9.40243032300388,739.0061891191364
28,43,0.004882348297333559,0.03183457309439847,0.029989944976448284,0.03693220645661853,0.0010118744851379561,0.10617952659643967,0.001783990997918867,0.01691807221936788,0.0,0.3,0.0,108,9.58495055600497,772.5410244729578
28,44,0.0045451043235391715,0.030301583672081793,0.02753709868410959,0.034703169959987575,0.0011329709992215036,0.10268896583519885,0.0011795950203158055,0.02316893914815361,0.0,0.3,0.0,112,9.38904468777509,736.1674085434595
28,45,0.004132581852291203,0.0273914370548845,0.024907007206104042,0.03360542524625746,0.0032746871403133665,0.1049279712672824,0.0012449807938797817,0.02203655044251446,0.0,0.3,0.0,115,9.312509065756378,794.6521750286494
28,46,0.004052682196888227,0.026926130816532542,0.02474110283337656,0.036421112797362425,0.0006918338709793099,0.10504960760466327,0.0012412293867963883,0.02231428718278587,0.0,0.3,0.0,120,9.30200651117466,798.2041846828839
28,47,0.004031760114070607,0.026557240420222564,0.023763196415291347,0.027803548655528264,0.0004920812129545074,0.10501609140917631,0.0012641182376814328,0.022357808075723372,0.0,0.3,0.0,125,9.30933181524952,798.1945476420673
28,48,0.004011320928623985,0.02620150598046548,0.025222168482168406,0.04642795249338473,0.0006992132733087201,0.10630441078291857,0.0016774650271843415,0.0246983077928348,0.0,0.3,0.0,140,9.519299832271448,802.2367837072451
28,49,0.003471172204095291,0.023430865431345406,0.023642998761879974,0.05450650316307281,0.0008695422384918782,0.10361433273166136,0.0012893537904878555,0.02485677419038671,0.0,0.3,0.0,158,9.211905226501909,762.5973474015638
28,50,0.003425552647783847,0.02318975202232805,0.023703059532788676,0.05742944978813174,0.0005240294732586759,0.10365354451436697,0.0012916522897743789,0.02485888835101887,0.0,0.3,0.0,165,9.220803396152707,762.5934632454641
28,51,0.0034254067619806775,0.023458638395932783,0.02488328365268009,0.06429489174206914,0.0003877071529035787,0.10365330039115712,0.0012916900491434394,0.02486010815716773,0.0,0.3,0.0,181,9.220852247172203,762.6120910227456
28,52,0.0033484134239647107,0.02296371279119077,0.02468751531520925,0.06558210279856173,0.0009591522014782328,0.10325788346047302,0.0013090394941277896,0.02500750630745645,0.0,0.3,0.0,184,9.178200207721677,765.8672318803967
29,0,0.9174146813137899,0.8817897321550998,0.8808618705635719,0.876738020817791,0.0,0.0,0.0,0.0,0.0,0.3,0.0,1,254.215718575625,1329.6230879536738
29,1,0.8503331353996959,0.8624046580998869,0.8613244839455816,0.8569264987221258,0.027998372291836045,0.0905241497350486,8.303048676564244e-05,0.00011264470922666,0.0,0.3,0.0,3,236.7344804211289,1295.6646055817412
29,2,0.791481987914575,0.8443251515606598,0.8431008051066985,0.8387457709189764,0.05326405482160245,0.13520887986448651,0.0010565929996729263,0.0027023948869567198,0.0,0.3,0.0,4,219.67551663115265,1122.551631309744
29,3,0.36028158702879653,0.6702552113422546,0.666919556478744,0.6545000582555869,0.8716546627785876,0.21935479983193668,0.3175218831553473,1.0,0.0,0.3,0.0,5,75.15226291312791,298.35412428823224
29,4,0.2133607904132144,0.5175490133259943,0.5134124060364055,0.49903343214047985,0.19314895973184298,0.13140314519342441,0.14863328331978085,0.5104914632962145,0.0,0.3,0.0,7,55.74856918381968,296.8605302562919
29,5,0.1692261392349091,0.46236718958350587,0.4579139676403138,0.44304733241928673,0.08940782449835992,0.13079173848803316,0.09914955899500356,0.3404917039388762,0.0,0.3,0.0,9,48.70843885605306,268.0611285600661
29,6,0.15761396482728926,0.42776510614862695,0.42319684817140313,0.40705020377852247,0.1950430790428072,0.18011154673781568,0.1613300965009519,0.5382328170184952,0.0,0.3,0.0,10,35.22416717540425,124.11120430706448
29,7,0.11431243721705492,0.3558819219745081,0.35117921152812176,0.3341643322203033,0.11272933879454662,0.17875532691384027,0.10756525794702919,0.3588186839732637,0.0,0.3,0.0,12,28.533067558401346,107.46300630575654
29,8,0.09313185077010477,0.30235713549555354,0.2972341818064272,0.27930953421074933,0.10946011102454528,0.17659478678342888,0.10764283864814911,0.3589595170761723,0.0,0.3,0.0,14,23.39639876420292,92.6267322815662
29,9,0.07892012391222801,0.25918588653181784,0.2537237505799161,0.2349673936158851,0.09460141141976577,0.1746914499147274,0.10777213981668234,0.3591942389143536,0.0,0.3,0.0,16,20.042353565174203,82.63309962997805
29,10,0.06131395242832599,0.21769932823778546,0.21197492372468632,0.1931221212732415,0.07241412169215868,0.17394981338121884,0.08086649890756183,0.26945783655876376,0.0,0.3,0.0,18,18.04626532728773,82.72209644648456
29,11,0.05720243066016073,0.20176067086322524,0.19591094906529005,0.1770580561734518,0.04732875744737197,0.17228066446577572,0.0810022651345217,0.269704294488854,0.0,0.3,0.0,20,17.294804653953797,78.44260815422284
29,12,0.04340424641276909,0.175270743308631,0.16928909229949926,0.1526103049219011,0.026706669383868023,0.17015341007440857,0.048684301050889375,0.1637158945512973,0.0,0.3,0.0,24,15.50589789850599,67.63907406588243
29,13,0.042003373056561516,0.16852237048287858,0.1624860110087684,0.14610379867474663,0.024888419974961745,0.16725004978011812,0.04944652281296944,0.16619443237040116,0.0,0.3,0.0,26,15.35842848352114,74.42655973158486
29,14,0.04200337475372946,0.16861237638248402,0.16287974788467832,0.14686895823175422,0.014834035451006226,0.16725004978011812,0.049446522812969455,0.16619443237040124,0.0,0.3,0.0,28,15.358427789015469,74.42655132293812
29,15,0.04134266747528055,0.1673196511893117,0.1615805877620758,0.14605334114242677,0.016728298314951335,0.16820844056004364,0.04787394633024303,0.16134839658578892,0.0,0.3,0.0,29,15.121352253727157,68.13352195750907
29,16,0.03852608102663556,0.16061520091285195,0.15513947560829489,0.14034629375689436,0.027560319471237264,0.16956940008156124,0.042391923327614725,0.14247578650477796,0.0,0.3,0.0,30,14.997221518313818,63.52004608686556
29,17,0.04153148389205809,0.15649853525648838,0.15125394144235016,0.135551844820945,0.044478092293531855,0.17150266085635396,0.05925002923029389,0.19917417740146484,0.0,0.3,0.0,31,14.20584293366475,61.57775874483491
29,18,0.03333917469075141,0.14883441388342095,0.14450260788920405,0.1251155682397853,0.010021192471478752,0.15465335789801987,0.03221223527452036,0.10778112441425632,0.0,0.3,0.0,34,13.663143153906242,56.40403348917128
29,19,0.029809799510737953,0.13161700603926613,0.12745308907050001,0.1089167655249365,0.03381273110231402,0.15465335789801987,0.03221223527452036,0.10778112441425632,0.0,0.3,0.0,36,12.761343529302316,58.28163306355393
29,20,0.027653987732547004,0.11893395247502328,0.11466687197447606,0.09638489191305485,0.04804132853575138,0.1579877499465182,0.033754961515100164,0.1138975236186254,0.0,0.3,0.0,37,11.993190326911394,42.19175434879733
29,21,0.042282673244617375,0.1279046863671452,0.12358270611178049,0.10432462384305696,0.04623580415517478,0.20853478894362598,0.08698129991166252,0.34731220035430266,0.0,0.3,0.0,38,12.008403416419632,50.087591497404574
29,22,0.03613162970840876,0.11767872053649736,0.11331736453548578,0.09467480605001842,0.028112541781074994,0.20308784217379347,0.06961058890777712,0.2779400565352019,0.0,0.3,0.0,40,11.91009623393292,49.90255113545809
29,23,0.040007669880276216,0.11555401259693067,0.11143788646226453,0.09352066301402578,0.03686686400076958,0.20521261037010846,0.08707827578806242,0.34748824173293846,0.0,0.3,0.0,42,11.6622778445904,45.92387547640222
29,24,0.034899410000044415,0.10860759860538491,0.10417100195033799,0.08708505235071204,0.027534020102729404,0.20711211584591122,0.07132619613991284,0.2852478300891707,0.0,0.3,0.0,43,11.549958290698685,50.32356513040788
29,25,0.034121812717434905,0.10660906980363521,0.10246369904691974,0.08522539974873924,0.025542992982396266,0.2048000173440651,0.06969093481386933,0.27810025639059327,0.0,0.3,0.0,44,11.53763854473505,48.6149780417606
29,26,0.03286209493843908,0.0968581572206199,0.0923291616759812,0.07546760028599356,0.05072026166050179,0.20888177804814564,0.07140654204600508,0.28540802994456216,0.0,0.3,0.0,45,11.17267059594606,49.51462505280524
29,27,0.03221013055352496,0.09303154524562036,0.0884724866110621,0.071785139472189,0.032447545049537355,0.20893034802274882,0.07140141859753661,0.2853872466536727,0.0,0.3,0.0,46,11.000443761785151,45.7059250320314
29,28,0.02829857522694374,0.08741950112844545,0.08284443029771911,0.06719481566002293,0.02081392610789085,0.20819879160806282,0.05951389951332359,0.23787664787236323,0.0,0.3,0.0,48,11.02561647720046,42.851664191293565
29,29,0.031141038233294824,0.08833992818911274,0.08404966120285699,0.06851915685857153,0.028025908728674782,0.2069251790472967,0.07032478238766125,0.28186635071950966,0.0,0.3,0.0,49,11.038979243843515,39.91396149999683
29,30,0.027701420996464637,0.08485192774405517,0.08056111966991814,0.06585423820143718,0.01784619707001211,0.21099073967808818,0.058924300938300846,0.2359168076823107,0.0,0.3,0.0,51,10.831485658892731,42.44579221609612
29,31,0.0248917272430756,0.08076856406298129,0.07646585435718158,0.06230617498277177,0.019347104424238273,0.21166086662686018,0.05036918179790892,0.2019119672440854,0.0,0.3,0.0,52,10.593730151268376,42.606688750129386
29,32,0.025447668636804418,0.08029901458454498,0.07598667159413887,0.06202669581151679,0.01763532422265722,0.20526543727750468,0.0528973515813366,0.20630027451923216,0.0,0.3,0.0,54,11.00766312504764,45.12469603817389
29,33,0.025381415050744302,0.07934661594404784,0.0741171343985951,0.05702575034541452,0.018060495699255504,0.20540206892211846,0.05307710853678487,0.20696676492129926,0.0,0.3,0.0,55,10.902900349392844,45.19585699110675
29,34,0.018989567724442574,0.06980353834053932,0.06605928888863145,0.05176160221808963,0.022606094846725003,0.15710554103850016,0.03409825732333432,0.11872481846878243,0.0,0.3,0.0,56,10.512572904835014,44.14161434834775
29,35,0.01898684668968461,0.06996675996090047,0.06682988817768801,0.05328985674888899,0.01023923601632894,0.15710554100280966,0.034098250759800816,0.1187248178240975,0.0,0.3,0.0,61,10.510342089880114,44.147187745992
29,36,0.018953848668142127,0.06986064842401499,0.06702608649945374,0.05397113238478581,0.010507825247895433,0.1572605243307789,0.03409261532672965,0.11870464008364552,0.0,0.3,0.0,63,10.501660157380089,42.88998474706275
29,37,0.014251801445743298,0.05922370284257457,0.055121903135661864,0.04393610686426801,0.025687716946014807,0.159919611089509,0.02193306725294196,0.07332694062331002,0.0,0.3,0.0,64,10.173379051135232,35.30384805443104
29,38,0.013373275711298826,0.05806158455596944,0.053957144176394786,0.044873745234325996,0.006247798818196731,0.16169083854345412,0.019183534412129638,0.06472510859185829,0.0,0.3,0.0,66,10.273777053682124,32.70964998006579
29,39,0.013078061069106847,0.05565310575418081,0.05152902054685775,0.04143633453863724,0.01304991921515778,0.15898496010834634,0.019499275694135124,0.0651892662379707,0.0,0.3,0.0,67,10.102092007911883,35.29375394179751
29,40,0.012805887128673088,0.05398649173920256,0.050152455910910616,0.04143179189790054,0.010912003096376088,0.15890109437526934,0.019498654272527068,0.06519120755297694,0.0,0.3,0.0,68,10.090392384521076,33.06157750367734
29,41,0.01229589677057279,0.05128973618809355,0.047738343872850156,0.04038517492758991,0.009628888291943853,0.1584815812630472,0.019175466818732802,0.06470909198967509,0.0,0.3,0.0,70,10.060158741648475,33.96175580580123
29,42,0.011426618395111858,0.04918625911094421,0.045320544969294975,0.03800288619781319,0.0070344496435088555,0.16169249535579355,0.016963605231283475,0.057229715323227494,0.0,0.3,0.0,72,9.891208573034742,41.237711265531686
29,43,0.011210576924786027,0.047776369852230466,0.04389958954905197,0.038128408975737244,0.007114739942501552,0.1599700327602956,0.016954711519565988,0.05708583565647855,0.0,0.3,0.0,74,9.80128719378826,45.90653580869825
29,44,0.01168828743440991,0.04790505638281425,0.04463092475467027,0.0389675571328043,0.006555721446427468,0.1594169690105519,0.01886061889986831,0.06361997572230807,0.0,0.3,0.0,76,9.786271662291131,46.194177662756985
29,45,0.011580594678447893,0.04719117076931664,0.04391140900751597,0.03854743950964949,0.007715251425581651,0.16046049666779977,0.0188600623783016,0.06361183259758416,0.0,0.3,0.0,77,9.787399374482764,42.67061238994052
29,46,0.011579194241484281,0.047271771755584405,0.04429580251325679,0.039458001617449556,0.005671427909174764,0.1604604966677997,0.0188600623783016,0.06361183259758414,0.0,0.3,0.0,79,9.784518187078884,42.63885892264492
29,47,0.01167159551572283,0.047345510319496104,0.04436938136480766,0.03985465010259502,0.005817248141301327,0.16128830992664228,0.01917910457995179,0.06429783726586918,0.0,0.3,0.0,80,9.766571036153428,41.42532493793595
29,48,0.010785275514286128,0.04539883688465327,0.042412945607357824,0.0391137405140683,0.008650942967822853,0.15945498123958696,0.016848864155865544,0.05667338246910708,0.0,0.3,0.0,81,9.58244175973206,43.38705217545812
29,49,0.011383927300055139,0.043631512090678254,0.04062376185021037,0.035341046654519315,0.010077990382782839,0.15711713919875517,0.02022586947223536,0.0667720874733812,0.0,0.3,0.0,83,9.727544171516769,38.23720034669288
29,50,0.011324757465635321,0.0433269909452291,0.04061989230426619,0.0358521072083975,0.006631885459681781,0.1571477881578483,0.020222193406148375,0.06677536323462281,0.0,0.3,0.0,85,9.72210333757806,38.23061697249388
29,51,0.011544760132135668,0.0436255577675016,0.04122212492846868,0.036654438921117596,0.006325568517535679,0.1579089866327707,0.02096193065078082,0.06845094043092546,0.0,0.3,0.0,86,9.835333355783964,39.53709651804003
29,52,0.010486683752680765,0.0403211830613757,0.03759415587211492,0.03367365343733528,0.012887917787359794,0.15462503281093415,0.018675459459939203,0.06153568494565159,0.0,0.3,0.0,87,9.6831318056778,43.99135478279687
29,53,0.010445392479849422,0.03984543910084985,0.0374173362519189,0.03401155142203026,0.006536925351562506,0.15507003983870196,0.0188376123944042,0.06202106988941488,0.0,0.3,0.0,89,9.656047204069964,43.53450710228171
29,54,0.010412642901509457,0.0396447856251199,0.037215145903734696,0.0338034391417753,0.006213553244142006,0.15529272922438506,0.018824181529397466,0.06214957462500165,0.0,0.3,0.0,90,9.656500968167308,43.70909139222855
29,55,0.01044546016838424,0.03605819982465392,0.03389826989383057,0.030959050278333428,0.018811328795360543,0.15651089822343986,0.0210287103782082,0.06861653202142211,0.0,0.3,0.0,91,9.635843156777437,39.57788080320688
29,56,0.010458213810437204,0.03613483556407319,0.034278521243650245,0.031882382767534655,0.006369705057186264,0.15651258243043492,0.021085809997779932,0.06880284767294273,0.0,0.3,0.0,93,9.630573615888512,39.73853516208821
29,57,0.010991027150668738,0.03496103491225514,0.03308906543738509,0.03139582306652011,0.0090604930254263,0.155926443644908,0.023813713145878445,0.07770112909687596,0.0,0.3,0.0,96,9.567873936184691,38.568061267439255
29,58,0.00941290847628343,0.028665780694952236,0.026750710713183974,0.02546908535549725,0.014252007019079672,0.15635365475682284,0.02113629877911152,0.06846587451462065,0.0,0.3,0.0,98,9.380851537129924,39.27837204474098
29,59,0.007753082606409556,0.0269346630578503,0.02713968479806375,0.05075307606886774,0.004832926964117306,0.1621562859924086,0.015983232275453653,0.05242352679242248,0.0,0.3,0.0,160,8.970338855002767,43.65570050831197
29,60,0.00778046315964728,0.02700658928261836,0.027514967760703536,0.051845438613153536,0.004904919693030685,0.16195513037856832,0.016098759465329255,0.05211415312461755,0.0,0.3,0.0,162,8.945642777962226,43.53560447902684
29,61,0.007832334809485707,0.02657320920357925,0.027380109624107578,0.05234400496562751,0.0059355271016811205,0.16158530795978626,0.016580847990294734,0.05261094992238595,0.0,0.3,0.0,164,9.130912192384528,44.15484188464142
29,62,0.0076903469272512626,0.025889583481043355,0.026388652721425494,0.05061132541161428,0.006416291794163396,0.1625760195759928,0.01635008138341109,0.05225140797019765,0.0,0.3,0.0,165,8.969832490212541,42.9961866115092
29,63,0.007754843360225053,0.02609352609748631,0.02719977256021885,0.05216812174058995,0.005112280629168483,0.16359330460204727,0.01658689231776702,0.05272735776045913,0.0,0.3,0.0,166,8.986516234116985,42.28776963328371
29,64,0.007568117314160279,0.0250334251285213,0.025222825806671824,0.05051070047255151,0.006904051462949836,0.16118224162176134,0.016287516450333432,0.05215760557095397,0.0,0.3,0.0,167,8.943479336506847,43.03718335214072
29,65,0.007600935428440321,0.025025379632583507,0.026123306408216414,0.052465183831439284,0.006009086385297332,0.16346759009716644,0.016563061699527842,0.05255700825173358,0.0,0.3,0.0,168,8.976670466135639,42.26997326540408
29,66,0.007248654850369224,0.022578532996390926,0.02365740269907101,0.05210837605701508,0.0063499754765959345,0.16408983942334182,0.016500991475045357,0.05354731283187682,0.0,0.3,0.0,173,8.823363470488111,36.68755584644652
29,67,0.007131028394421026,0.0213479618664828,0.02090185793937462,0.03334188670316714,0.007150323056491091,0.1643981883282326,0.01645843581751801,0.05339293290607723,0.0,0.3,0.0,174,8.78248438740551,35.79685515566198
29,68,0.0071015549269684,0.021323430660635724,0.021786260860787623,0.03685314299927349,0.005038408652616616,0.16420049735510409,0.01649972007222792,0.053292600665287,0.0,0.3,0.0,184,8.791870499931333,35.74424972022741
29,69,0.007117710460267596,0.021564768538902636,0.023241512867829908,0.056697155737096966,0.005437279241334876,0.16429905564888853,0.016624447612138955,0.05348767811671089,0.0,0.3,0.0,185,8.865906221514942,36.77946486125777
30,0,0.922988561076214,0.8833398728244766,0.8824242090530998,0.8783467719929454,0.0,0.0,0.0,0.0,0.0,0.3,0.0,1,248.2266192396678,1343.3165830443804
30,1,0.8535288633422001,0.8633608758597686,0.8622882019149836,0.8579186799431128,0.028852836290494573,0.09065457929492052,8.330005125398515e-05,0.00011092391905210999,0.0,0.3,0.0,3,230.0176748585822,1261.7682022550327
30,2,0.7979442238229517,0.8463972876317494,0.8451891891168427,0.8408963827189244,0.05006007710315805,0.14119543046186328,0.0010632609335538197,0.0026482431281599503,0.0,0.3,0.0,4,214.9394973086972,1103.1760186769295
30,3,0.7916931832939711,0.844245779463261,0.8430225317796948,0.8382826748925017,0.005668135468097927,0.09844855322138708,0.00033320020501596137,0.00044369567620843996,0.0,0.3,0.0,5,213.37947700651569,1172.4929502908365
30,4,0.24108810403678196,0.5490404357698341,0.5453978033232301,0.5302487513161083,1.0517448317845417,0.21542829189613322,0.17248277261513867,0.6343938655139121,0.0,0.3,0.0,6,54.48907297915811,195.304811616364
30,5,0.17382453114187557,0.4687394697347855,0.464669380974495,0.4486199404751964,0.10438287093893006,0.2063132970919641,0.08637400534564886,0.317695543752678,0.0,0.3,0.0,8,44.00343374492778,168.9801393466609
30,6,0.1497600374626366,0.43152137966752074,0.42715885405642445,0.41035967176316457,0.0802928771059972,0.19840363694112984,0.08648610204651289,0.31797147772935197,0.0,0.3,0.0,10,37.17134968632588,119.54415048809874
30,7,0.0701256336275431,0.26237026760096605,0.257045097412783,0.23580609226681587,0.24998155512019365,1.0,0.06022922039912058,1.0,0.0,0.3,0.0,12,21.08792542748572,56.29043646274236
30,8,0.07723870276088943,0.26732393697398316,0.262579292187691,0.24196535093647834,0.029564377284135766,0.17367455699463458,0.08760837487286936,0.32073403185898225,0.0,0.3,0.0,15,20.08969702958141,73.68107155887587
30,9,0.05762740066367218,0.22221949392623222,0.21718930120658655,0.19511811271105736,0.07000147156663657,0.16728985920920647,0.05852618779735335,0.2141409303176391,0.0,0.3,0.0,17,17.710080242410033,55.59221298647351
30,10,0.05501735610103797,0.2127755160694746,0.20736875432880675,0.18616991653123355,0.02640513555734189,0.17003503882865406,0.05830807634742433,0.21357875933466,0.0,0.3,0.0,20,16.73655176237313,56.513225803373786
30,11,0.04451566968377181,0.18461455897520698,0.1790210339383876,0.15774373680189588,0.04741887480640106,0.17233394265527607,0.04375123058656452,0.16026274560671153,0.0,0.3,0.0,22,15.442801695096852,45.85321682900292
30,12,0.0425010891709,0.17619276814085946,0.170229929305288,0.1493284241742145,0.03716806578021965,0.16923224836879652,0.04377877619492161,0.16040009040884645,0.0,0.3,0.0,23,14.866390150188662,43.866691845150434
30,13,0.035811945000218004,0.1422646366487611,0.136329275907526,0.11421032808459888,0.11576825106718439,0.17836588271685555,0.04772021490939744,0.1760959409480531,0.0,0.3,0.0,24,12.918415964436422,43.14145301080793
30,14,0.03281155186073206,0.1273066874247695,0.1212535494390845,0.09914891408698263,0.03600910274737062,0.17263604042116917,0.047895988058982986,0.17652861901782518,0.0,0.3,0.0,26,12.328501214469552,41.28097749951292
30,15,0.03273830693779448,0.1268055799131819,0.12044534796043442,0.0989535900527704,0.015565322895251844,0.16952012235294178,0.04792320189507767,0.1767397898626423,0.0,0.3,0.0,27,12.257026576981914,39.74991574377948
30,16,0.03243902413433269,0.12549777979402713,0.11973348289614646,0.09785871666298471,0.01863298621315437,0.17263604042116917,0.04789598805898297,0.17652861901782513,0.0,0.3,0.0,28,12.255028864551008,40.69030560713761
30,17,0.02787022869912953,0.11927272694490075,0.11288643152856831,0.09222414365732753,0.015543996423173147,0.17048241803176942,0.033883069907687136,0.12427511462006671,0.0,0.3,0.0,29,12.236200739407243,47.77246258537425
30,18,0.024409298887106384,0.11574955841923455,0.11027144744913904,0.09130888130198325,0.00691645236029295,1.0,0.02259506407924928,0.19494650789391663,0.0,0.3,0.0,37,11.974789043673391,38.56827916906881
30,19,0.02288706316783886,0.10864424401660817,0.10311192343023431,0.08509391294535126,0.026505270865702413,0.16619519609111946,0.021945688703568094,0.08119674542472116,0.0,0.3,0.0,38,11.903414548047776,44.87624526699887
30,20,0.022653415918228295,0.10730927394905673,0.10176625982779855,0.08426748982833572,0.008582074855684704,0.16070832981898675,0.0220297770734303,0.08140373490888332,0.0,0.3,0.0,40,12.224014894953145,44.70736803848595
30,21,0.02347951062842521,0.107287674578123,0.10143351738060802,0.08144687866871302,0.008049635893575161,1.0,0.025360248285285603,0.20503864917318743,0.0,0.3,0.0,46,11.65278425308568,43.72500290455149
30,22,0.022367627770620045,0.10507915445140967,0.09982025212325547,0.08304931035802629,0.011352440646083008,1.0,0.02264208061957053,0.19506608847958332,0.0,0.3,0.0,47,11.63936607033698,46.3153448893122
30,23,0.019505565033730615,0.1020277258569917,0.09616113408672958,0.0836943848107812,0.003935536619554211,0.22801430173398848,0.013103798941065932,0.4785727452110485,0.0,0.3,0.0,49,11.773526804583794,42.26660577282831
30,24,0.019039248821003413,0.09669269684305516,0.09077921222195351,0.07816552379357873,0.013170063298752302,0.2216427529431017,0.015225091555728973,0.5405528475121094,0.0,0.3,0.0,51,11.659890858212991,39.030539663399566
30,25,0.017479745693614764,0.08791188638666668,0.08192937457224887,0.06990487505475998,0.017275982141703304,0.22237252519244968,0.015298759993371235,0.5406314418412537,0.0,0.3,0.0,53,11.356096913278344,39.43878189466552
30,26,0.01638235805392398,0.08244269117105257,0.0767215202782767,0.06470974307738395,0.020022508418348527,0.21968341262445817,0.01479329454266062,0.5395604300926167,0.0,0.3,0.0,54,10.90476852128311,38.9402551458069
30,27,0.01609029930839862,0.07941486952028697,0.07336478170248746,0.06193540727506499,0.009301355461543696,0.22240563683180467,0.015653031419831813,0.5414523151722925,0.0,0.3,0.0,56,11.011512904863867,38.918978603898765
30,28,0.023353620512520212,0.08380142497053673,0.0786329812121736,0.06720530967537316,0.02352876432124831,0.3766660783989463,0.0420102224479974,0.7656795829417853,0.0,0.3,0.0,57,10.396227945603297,35.557273270357975
30,29,0.01394206426020855,0.07174379823570333,0.06685338043038656,0.057933293672420054,0.006110918595579993,0.24487353500436923,0.012474691210953308,0.5865720521715336,0.0,0.3,0.0,61,10.44264869093874,37.16578799279266
30,30,0.013882977276071243,0.071478526941749,0.06688907573292559,0.05843840330041917,0.004254042147681982,0.2448735350043692,0.012474691210953319,0.5865720521715336,0.0,0.3,0.0,63,10.431561655933344,37.06449505887242
30,31,0.013299324062280727,0.06815147695924521,0.06323336608613918,0.05389944981499722,0.012850288828968763,0.22461885694272202,0.012281918580228273,0.4312462910482256,0.0,0.3,0.0,64,10.373181528134907,35.24242479059861
30,32,0.0128720956268395,0.06703791613249721,0.06120449795905127,0.05461690989056518,0.003577770360131057,0.12268819273052478,0.011129884915719377,0.02787791368394525,0.0,0.3,0.0,70,10.58787166317742,33.11456471877938
30,33,0.012461336153382237,0.06000068636868146,0.05440815517221324,0.046881520332693924,0.02731243559781201,0.12683079161080943,0.01407594084832575,0.03564352116970046,0.0,0.3,0.0,71,10.319612391502217,34.580283908858405
30,34,0.009855835928916638,0.047625758248649286,0.04133643262335249,0.034553561261596324,0.036126638920027744,0.12317171140382059,0.01129051807159866,0.02853608255121029,0.0,0.3,0.0,72,9.873510622064128,31.95836421485843
30,35,0.009532128949157462,0.045419113101017025,0.039415369355116296,0.03368062189283226,0.005652442205392702,0.12279353360588621,0.011389233783143061,0.02842146289139701,0.0,0.3,0.0,75,9.74806886654292,32.05182098951771
30,36,0.00942432948568846,0.044794081897799876,0.03908848746769737,0.03446712953338902,0.004445801595620507,0.12279353360588621,0.011389233783143061,0.02842146289139701,0.0,0.3,0.0,77,9.728881569220976,32.00934374100385
30,39,0.008561262743249332,0.03998993966063506,0.03545979169629645,0.0337961709765101,0.003961825659441665,0.21695442412972982,0.01102918675600522,0.3892249449543077,0.0,0.3,0.0,109,9.255310575369734,35.58016193370408
30,41,0.007878184951307553,0.03547229572646676,0.03120979870189353,0.030924651040536013,0.010309799243226933,0.21582052820235523,0.011000362717176028,0.3892342786850632,0.0,0.3,0.0,112,9.03083758098724,33.33575513493418
30,42,0.007844992369734764,0.03524700372624217,0.030982794425338894,0.030690857366038236,0.003947289816626983,0.2157534086082483,0.010998559582609493,0.3893597321616661,0.0,0.3,0.0,113,9.020785312919774,33.351021357774485
30,43,0.007816669778274745,0.03505571542620363,0.030789979312470208,0.03049235941673652,0.0034088396028159017,0.2156665470872606,0.01099642278900516,0.38950356448868184,0.0,0.3,0.0,118,9.011845763946075,33.3686258448438
