Run,Equation_Index,Hybrid_MSE_Train,Hybrid_AIC_Train,Hybrid_BIC_Train,Hybrid_MDL_Train,Hybrid_PSM_Train,Extrapolation_Divergence,Sensitivity_Interpolation,Sensitivity_Extrapolation,Lambda1,Lambda2,Lambda3,Complexity,MSE_Test_Interpolation,MSE_Test_Extrapolation
1,0,0.9187282286116847,0.8821578422210643,0.8812328840003815,0.8771202716829996,0.0,0.0,0.0,0.0,0.4,0.1,0.9,1,255.55771723636607,1310.0613653974242
1,1,0.8867482736566714,0.8997347997173802,0.8986514948971793,0.8942418317603641,0.06681408785135336,0.09410015139910047,8.329263027050499e-05,0.00010983846297283001,0.4,0.1,0.9,3,237.03784792167585,1223.5456086397571
1,2,0.8583509469262489,0.9008402364018723,0.8996544631116506,0.895447958342343,0.08971734350695292,0.12364727529617507,0.0010533460604679108,0.00261933166410343,0.4,0.1,0.9,4,225.8945102351237,1220.0473984040823
1,3,1.258187029205935,1.5689031578459338,1.5654812112562948,1.5527287571220554,1.8259060562008982,0.1834448994567688,0.31510611482121403,1.0,0.4,0.1,0.9,5,68.35879190383643,257.1114928456474
1,4,1.258187029205935,1.5689031578459338,1.5654812112562948,1.5527287571220554,1.0048886828440233,0.1834448994567688,0.31510611482121403,1.0,0.4,0.1,0.9,6,68.35879190383643,257.1114928456474
1,5,1.2105258347751413,1.5210558703491497,1.5172810659389833,1.5039142719619347,1.1315649012595075,0.17619509531072444,0.31518204019542423,1.0,0.4,0.1,0.9,7,57.23324197850672,220.7135018084312
1,6,1.1357582675850706,1.434273647558256,1.4299969068241327,1.414894064985555,1.1634947025466227,0.12398164902906712,0.29573891473664926,1.0,0.4,0.1,0.9,8,45.02717178553619,259.94764865617964
1,7,1.1030674880028608,1.3844719442735138,1.3798058029454259,1.3639227181098676,1.050451325269763,0.12346681931464905,0.29581918323653483,1.0,0.4,0.1,0.9,10,38.1739369157898,236.30870104284816
1,8,1.0776451363195334,1.3380727100418726,1.3330434709387644,1.3161608146535353,1.0455322536985903,0.12309731657078411,0.2960599887361915,1.0,0.4,0.1,0.9,12,32.87352429364309,217.5123948021188
1,9,1.09083109424932,1.3433361880113637,1.3384881609840618,1.3208422010644871,1.044600115074983,0.1684237087116343,0.32246479427580393,1.0,0.4,0.1,0.9,13,31.403051574678194,125.46565212961444
1,10,1.0594366416444951,1.2990741005538016,1.2937396172939049,1.276078866492374,1.045858109763328,0.12273671357098981,0.2964613312356193,1.0,0.4,0.1,0.9,14,29.12593391909605,203.55872993399163
1,11,1.0732453224414678,1.3079635938470413,1.3028574592090254,1.2846613436160703,1.0282730060028413,0.16214257199818607,0.3226925703984344,1.0,0.4,0.1,0.9,15,27.337754517688,97.54316194032158
1,12,1.045731958450686,1.265143630200254,1.2595420263870194,1.2414582502097922,1.0457718532641218,0.12296331656481865,0.2965428333424992,1.0,0.4,0.1,0.9,16,26.24040515271828,201.17143584849708
1,13,1.0552907151420818,1.2617204867519858,1.2562545132463188,1.2374984122706356,1.062652797098955,0.1611313165126435,0.3227740725053142,1.0,0.4,0.1,0.9,17,23.181306542836044,87.67724788979918
1,14,1.0365722984014063,1.2414328600171798,1.2356516467372958,1.2174615536892424,0.978062948109098,0.12097064697909007,0.29628799986696824,1.0,0.4,0.1,0.9,18,24.11608584601836,203.4561094436096
1,15,1.0465371381686204,1.233979508261286,1.2285990446692743,1.20922618160757,1.0726712825058675,0.1611313165126435,0.3227740725053142,1.0,0.4,0.1,0.9,19,21.16371037372821,98.1036444074568
1,16,0.9971511179323302,1.1742736920257966,1.1684732958187842,1.1495161921009425,0.9946243334332481,0.162735533943629,0.2909380859895095,0.9530102430755024,0.4,0.1,0.9,20,19.78269886824836,64.5260971672418
1,17,1.01543396555469,1.1300213999780269,1.1238643477217223,1.1020730721585297,1.2341294136574599,0.1495600775875892,0.3188387909783653,1.0,0.4,0.1,0.9,21,14.531693118210365,75.17436966208031
1,18,1.01116044633375,1.1135727052340598,1.1072945029839627,1.085687839383724,1.0129426407400413,0.1470267617786511,0.31885840905574464,1.0,0.4,0.1,0.9,23,13.598981060002922,62.072862944864646
1,19,1.0082943431399096,1.1024572952355347,1.0960980242663063,1.0748442891896086,1.004793825451906,0.14506213296261214,0.3188463520596298,1.0,0.4,0.1,0.9,25,13.208269645199175,62.0313365380116
1,20,1.0078155055616609,1.0990781087055739,1.0926905225203372,1.0719307594047764,0.9953371785737952,0.14555550539837403,0.31915806878753905,1.0,0.4,0.1,0.9,27,12.924398547713816,58.42023440188756
1,21,1.0075870920988166,1.09724041517809,1.0911400452052258,1.0706160777428928,0.9933565429838952,0.14603233234235752,0.3190557150027871,1.0,0.4,0.1,0.9,29,12.814695151586216,58.43881519405798
1,22,1.006233365386501,1.0918905266081091,1.086054233777244,1.0658659820063177,0.9972136859021821,0.1450829811459176,0.3189858075957842,1.0,0.4,0.1,0.9,31,12.573285257873293,63.68179113569642
1,23,1.006038929296257,1.0825521560514684,1.0760219729591474,1.0572231983722629,0.9997146576764046,0.15003267240259538,0.3176848892387855,1.0,0.4,0.1,0.9,35,11.909971044628875,61.12110088789822
1,24,1.0036853307703903,1.0712780094295709,1.0646626067272595,1.0460561538014914,1.0070019142953097,0.1489684041606107,0.3177437434709232,1.0,0.4,0.1,0.9,37,11.365966133194483,62.46475384118765
1,25,0.9595334930459559,1.0221697575510897,1.0158102594415088,0.9970674584625786,0.9658536782550294,0.1511067257651208,0.28605265006355945,0.9546835339409354,0.4,0.1,0.9,38,11.134855766659465,40.97487414206454
1,26,0.9584215542266187,1.0164098610803345,1.0100064899542294,0.9921228542982994,0.9561465205690259,0.15047363499423708,0.28607079182681333,0.9547754258213017,0.4,0.1,0.9,40,11.071989982846986,38.5294880589448
1,27,1.0016531247159826,1.0576364081644178,1.0509112300918226,1.034177631428513,0.9939151418801657,0.1498263893614054,0.3177749781911271,1.0,0.4,0.1,0.9,43,10.769620913404868,58.539950291056016
1,28,1.0013764967747745,1.05625364094407,1.049518082119712,1.032744650343647,0.9954679319179435,0.1496988136250213,0.3177071102090875,1.0,0.4,0.1,0.9,44,10.703575676238296,58.3734649333755
1,29,1.0009515576095587,1.0543682519382305,1.0476189530904154,1.0318534140318045,0.9965658020458794,0.14933470622549586,0.317793119954381,1.0,0.4,0.1,0.9,45,10.76845482458254,55.0683065708654
1,30,1.0007292708283684,1.0530922600978276,1.0466359942636996,1.031227477272007,0.993475126666645,0.14933470622549586,0.317793119954381,1.0,0.4,0.1,0.9,47,10.709673266989371,54.993737770558624
1,31,1.000514204419216,1.0501837426987282,1.043399334556478,1.0283388602975,1.0007553937099265,0.15005310310925074,0.31779875828238763,1.0,0.4,0.1,0.9,48,10.5750553844074,53.83168721504256
1,32,0.9999014134563944,1.0469131083689625,1.040406782304218,1.0293596959570352,0.9928899021758968,0.14964680519280665,0.31852818782844416,1.0,0.4,0.1,0.9,56,10.489981556813106,54.776031949927926
1,33,1.0001092316731879,1.0457777820387741,1.0416824670451907,1.0391801488410541,0.9926015896139799,0.14951450246147996,0.32501444977637733,1.0,0.4,0.1,0.9,80,10.470259567641872,55.97628747724265
1,34,1.2765913068531247,1.3213350343397376,1.3184430011821746,1.3178108363151577,1.269656484969802,0.9096222032910608,0.05179892480141725,1.0,0.4,0.1,0.9,87,10.534881546483875,39.98854632020439
1,35,1.2756422388244864,1.317016590666892,1.3140932171281534,1.3142992861510372,1.2744489997162234,0.9096734549357306,0.04830477228717055,1.0,0.4,0.1,0.9,89,10.490523220278748,37.31034904785884
1,36,1.27390635393204,1.3123094227198875,1.3096614495509695,1.3096664633617279,1.2696018432284164,0.8999447079012535,0.0754006846217908,1.0,0.4,0.1,0.9,94,10.348290556321915,38.96562986543632
1,37,0.979214016156364,1.0168940151706447,1.0133304732073614,1.0148606170566181,0.9732154175649709,0.15883691668685504,0.09372205126419354,1.0,0.4,0.1,0.9,99,9.676756284877628,28.80873038614332
1,38,1.26980241231564,1.3064107116378727,1.3016254659838533,1.292784111137399,1.2648305045333246,0.8949669358120355,0.056357127567770844,1.0,0.4,0.1,0.9,101,10.39376144288316,39.69788807162397
1,39,0.9795294230720292,1.0167466541200132,1.0140877262232246,1.0189918568947747,0.9733890454703746,0.15989303599087507,0.09396048547475865,1.0,0.4,0.1,0.9,103,9.621283633950286,30.16604623416908
1,40,0.9786299934600915,1.0134034448300377,1.0110248448302481,1.01743949593353,0.9772024185368658,0.15893172522461668,0.09330297327396553,1.0,0.4,0.1,0.9,105,9.558894500591956,29.85757690263597
1,41,0.9756077776258102,1.008926060222973,1.0071399804839751,1.0143721643590018,0.9729361335323928,0.15956345086991194,0.06341977253797466,1.0,0.4,0.1,0.9,107,9.614178354431733,33.596463768622485
1,42,0.9769108338685037,1.0088494790361573,1.0067476300186156,1.0156874817678891,0.9727857452560192,0.16591298984857808,0.05329601629714243,1.0,0.4,0.1,0.9,111,9.520397420057478,34.10198978476532
1,43,0.9760183115419389,1.0064331856611073,1.0040144211124518,1.0129637236468039,0.9734730363081824,0.16461547005839672,0.05203779940901101,1.0,0.4,0.1,0.9,113,9.409518080923842,36.36550301373386
1,44,0.9753836092716233,1.0051950828469534,1.0033767311068724,1.0135387390750672,0.9714318700342421,0.16321482490488898,0.05263913247805886,1.0,0.4,0.1,0.9,116,9.455838058893764,36.08843678457544
1,45,0.9755424334934334,1.0050216105035445,1.003200178483546,1.01369271050522,0.97132638033012,0.1642461299035838,0.050671241036037595,1.0,0.4,0.1,0.9,118,9.42573032949691,36.04497991336065
1,46,0.20393840303313732,0.2314319383098857,0.2305011367442807,0.24075981342790265,0.2071528732079685,0.1102836159793992,0.05647771909130239,0.16642678717431023,0.4,0.1,0.9,119,9.598095656665391,46.03110724063755
1,47,0.20374964289930944,0.23102183678483312,0.23039199517412148,0.24161551334476433,0.19993376066576862,0.11024301399330087,0.0565899754667753,0.16628110569435556,0.4,0.1,0.9,121,9.576857684757174,46.172912047325184
1,48,0.20328477804756667,0.2277879633381093,0.22652675805996503,0.23672466981874957,0.20810642223021947,0.10892661711533921,0.056598546590494535,0.1668320248795953,0.4,0.1,0.9,122,9.504008716397903,43.969966865346535
1,49,0.20308456799574795,0.22646863857924426,0.2255002119578489,0.23697212541989626,0.20140452858611152,0.1089266171153392,0.056598546590494535,0.1668320248795953,0.4,0.1,0.9,124,9.460299504823372,43.90884118551338
1,50,0.2032144248206531,0.2264262664258162,0.22545626129486426,0.23693396610928213,0.20011653616626168,0.1094733867651386,0.05663029009420013,0.16676147041589223,0.4,0.1,0.9,125,9.414123285537082,33.71195642425942
1,51,0.20409170731075768,0.22541343892218263,0.22442615657729742,0.23754891914526202,0.20707114047195774,0.10809114368509849,0.05701395008191763,0.1686537689995944,0.4,0.1,0.9,126,9.393927368106734,34.12512244265142
1,52,0.2036108505751463,0.2237225902470356,0.22272427301706008,0.2361619088596223,0.2044999327395678,0.10735021852766317,0.05696087417025707,0.1686743130063981,0.4,0.1,0.9,127,9.369887104655866,36.60805310587642
1,53,0.20904166969796648,0.22754796950005085,0.22835271994982068,0.2506033133980282,0.20662058869868233,0.11134968198342947,0.05810069135145702,0.17319051518476652,0.4,0.1,0.9,145,9.346762811936154,46.05547122644421
1,54,0.2090401773806076,0.22762725204052361,0.22873579812675138,0.25167702831117855,0.2062369457568581,0.11134968198342947,0.05810069135145704,0.17319051518476652,0.4,0.1,0.9,147,9.346276427455145,46.03831863341519
2,0,0.9573109778095157,0.8926967947352175,0.8918545723482778,0.8880582138336627,0.0,0.0,0.0,0.0,0.4,0.1,0.9,1,222.6864925921627,1403.192237348839
2,1,0.934104422378733,0.9137502279480856,0.912775808816403,0.9087830320038259,0.062226743615554934,0.09446177315543527,8.373978300297374e-05,0.00011431080981810001,0.4,0.1,0.9,3,208.93296326121063,1348.8525393392188
2,2,0.8898867924419387,0.9142851101001808,0.9131632351266339,0.9092008210387202,0.1113425451367747,0.1363960543116488,0.0010926115668664941,0.0028381720905722298,0.4,0.1,0.9,4,195.39269782999176,1206.3210252721508
2,3,1.2756783574272839,1.5864042682243649,1.5829813947435911,1.5702253453329782,1.8673832285446195,0.22322353276077123,0.33219807624365044,1.0,0.4,0.1,0.9,5,68.4732427053786,256.57218536759825
2,4,1.2267892978659338,1.5372563021619512,1.533475789975814,1.520087401333413,1.08457097375586,0.2142272147345977,0.3322759318736472,1.0,0.4,0.1,0.9,7,57.87195229681685,215.38200415785303
2,5,1.2004764907451722,1.5081678663726992,1.5042113886152748,1.490846657458891,1.0770868786010528,0.1970269454029264,0.3344971975198663,1.0,0.4,0.1,0.9,8,55.29376314486826,166.55243618744566
2,6,1.0845048921517886,1.3247580948152895,1.3197344974774996,1.3008688226050849,1.5065995750186345,0.17458338736937104,0.33574496675819293,1.0,0.4,0.1,0.9,9,26.51403585767104,105.35146769110511
2,7,1.0606543835839668,1.266340978821927,1.2608722631629727,1.2408538913733922,1.0834320843582923,0.17030311293625547,0.3358234843131591,1.0,0.4,0.1,0.9,11,21.18923456107312,89.56014051414432
2,8,1.047599199698646,1.2272023814933855,1.2214297989443268,1.2006002340103021,1.0570933181631892,0.16920024160740607,0.3359200707674712,1.0,0.4,0.1,0.9,13,18.06246911444192,91.38862576739108
2,9,1.0347417375253878,1.1852948398070684,1.1792051649725206,1.1576122625686314,1.058084197759658,0.16539665033966847,0.3361556234323697,1.0,0.4,0.1,0.9,15,15.35120190200793,80.11050906526559
2,10,1.0189696294277184,1.146662657412468,1.1406382403040047,1.1188052661105887,1.035147151609294,0.1604311281175424,0.2727661443080545,1.0,0.4,0.1,0.9,17,13.980402263884187,51.437263881767066
2,11,0.9486836820614926,1.0607430779924372,1.0545607072247978,1.0323558606208294,0.9546492488257955,0.15619868341422788,0.25072800224117753,0.9312251916155327,0.4,0.1,0.9,19,12.956834374089883,49.0953149747622
2,12,1.0140041362119108,1.1207376723584654,1.1148051157213166,1.0946636082181573,0.9990396119202616,0.16287860526434972,0.2728255667599658,1.0,0.4,0.1,0.9,22,12.81604510011702,46.57973309673769
2,13,0.9447613679747742,1.0373050624382216,1.0312328417350358,1.0091971861226874,0.9780745789249309,0.15865041166998403,0.2507874116189825,0.9313954176615541,0.4,0.1,0.9,23,11.958180289948547,44.07665341994071
2,14,0.9403829865470401,1.0175442491037996,1.0113231559754203,0.9898980741391759,0.9533347864383817,0.16278032246016902,0.24981476257309546,0.9287860405111108,0.4,0.1,0.9,25,11.356901634932935,42.04350925214666
2,15,0.9388180766886812,1.0033193575701642,0.9969775143309733,0.975530858937004,0.9493328271711664,0.1652832518556667,0.24987417195090042,0.928956266557132,0.4,0.1,0.9,27,10.941663870430943,40.66186747154597
2,16,0.9374992403157993,0.9973908062556558,0.9910053630587876,0.970361750357325,0.9347959391536812,0.16414168624844508,0.24989285251750964,0.9290473350672253,0.4,0.1,0.9,29,10.768417201216828,36.457875024176296
2,17,0.9401337630689178,0.9983878631530823,0.9919869608203786,0.9715488531595082,0.9325879162874208,0.1714891361092385,0.24992336623520303,0.9290725284958923,0.4,0.1,0.9,31,10.695631949224452,40.707938968005806
2,18,0.9388755327534337,0.9927820029258612,0.9863402105026196,0.9667428327136256,0.9368681431040551,0.17029159518837195,0.24994204680181215,0.9291635970059856,0.4,0.1,0.9,33,10.54702210492674,36.69144427721985
2,19,0.7865593529245567,0.8362787867339078,0.829797754138029,0.8117001645568078,0.7796551813924811,0.1473402802692843,0.2131105190833591,0.7751187719133503,0.4,0.1,0.9,41,10.307688158131192,31.847750102104364
2,20,0.7877898482155732,0.836300694394517,0.8295054495996548,0.8122717932085213,0.7831362018419272,0.15012248183702803,0.21331939108686307,0.7754637487542495,0.4,0.1,0.9,42,10.539088934586522,35.84086721839941
2,21,0.7871017276413548,0.833171816931323,0.8266567130647631,0.809721458017541,0.7834272050220331,0.1509977638761309,0.213094823058848,0.7748676069479714,0.4,0.1,0.9,44,10.329276600118185,35.535351004506694
2,22,0.8773990359167487,0.921438423400586,0.9155103461372887,0.899337957277694,0.8773640963955656,0.15275133893082996,0.23924434363237285,0.871972450508866,0.4,0.1,0.9,45,10.117009796042884,39.25256215968419
2,23,0.8811543644017653,0.9249443978416862,0.9193169117322919,0.903430636100885,0.874778284711478,0.16165953721808324,0.23939604909278206,0.8722390153279628,0.4,0.1,0.9,46,10.268835788610644,35.61499824483407
2,24,0.8794305359887226,0.9182666643490786,0.912593185926762,0.8963109212495077,0.8896940963469738,0.15931314981520997,0.23946264800723852,0.8723671890023731,0.4,0.1,0.9,47,9.876150417072006,35.94122657678055
2,25,0.8763368273891948,0.9138601927535729,0.9081745446705589,0.8941557647197927,0.8714331669736398,0.15388134311412877,0.23925513752029223,0.8716297043791894,0.4,0.1,0.9,50,9.67999400130048,39.03482994060083
2,26,0.8793736696716979,0.9156280032701782,0.9102335366324479,0.8953781245068541,0.8778427468238064,0.1605763629718357,0.2394219612335883,0.8722800261932713,0.4,0.1,0.9,51,9.981613738451273,35.09460497076227
2,27,0.8768347329670763,0.9118325566519192,0.9061235465246232,0.8925617026886782,0.8748526090377622,0.15784684133381316,0.23899223562838223,0.8709502050993466,0.4,0.1,0.9,52,9.657091151944783,37.832757734104206
2,28,0.8778477678228546,0.9102849351008562,0.9045522473302112,0.8917787951649044,0.876696407914703,0.16161143186864635,0.2389768954198279,0.8709051011567277,0.4,0.1,0.9,54,9.604002289455458,37.222538184471766
2,29,0.8767372314649455,0.9078555499511404,0.9021107575875817,0.8901429692440284,0.8737080331192946,0.1590599271892251,0.23903703783297245,0.8710538221695581,0.4,0.1,0.9,56,9.409287786286423,43.18595298644281
2,30,0.8535335432006321,0.8833078670152104,0.8772477724311483,0.8647940242583487,0.8506105066843738,0.15838353821136839,0.23244631688586773,0.8465461249113264,0.4,0.1,0.9,58,9.38629028099719,37.29018076931545
2,31,0.853473310381227,0.8829876604797976,0.877228087855161,0.8652368100816867,0.8490799849046861,0.15838353821136839,0.23244631688586773,0.8465461249113264,0.4,0.1,0.9,60,9.389163246144244,37.23559656292058
2,32,0.8568613884418312,0.8821409922738587,0.8760396130471294,0.8648741939634382,0.8595756850111381,0.16809853955102505,0.23250786567297987,0.846770773623366,0.4,0.1,0.9,62,9.299864254165216,34.49781548780418
2,33,0.8567961192681937,0.8817774528199835,0.8759762504834102,0.864991073347138,0.853236526662403,0.16809853955102505,0.23250786567297987,0.846770773623366,0.4,0.1,0.9,64,9.300947151749464,34.43084196502928
2,34,0.8570648984770186,0.8802708380584351,0.8744533514765562,0.8645775541497217,0.8551411731515309,0.16938704166199825,0.23251469653648105,0.8468263136165228,0.4,0.1,0.9,67,9.310698127947266,34.116097859778
2,35,0.799418372013672,0.8199407489364715,0.8144016678769231,0.8070091569785728,0.798291932072326,0.16924079079561424,0.21686571943482422,0.7850884873184361,0.4,0.1,0.9,71,9.092542661345288,27.488352631738955
2,36,0.7747175825345033,0.7943449769491874,0.7884947796620879,0.7808370917382902,0.7740938632188931,0.17521073496933076,0.20898688095169704,0.7560119490622828,0.4,0.1,0.9,72,9.116716785182724,33.13563545960046
2,37,0.7860522856135663,0.8052248337908363,0.799976442464959,0.7930796403179734,0.7849608345237279,0.16846468777119292,0.21312349476300466,0.771259944478863,0.4,0.1,0.9,73,9.092822517871552,30.85786155996419
2,38,0.8103993691354253,0.8280484215958306,0.822180171769227,0.8156251479224511,0.8096496612757434,0.1759537355034895,0.21949001612788863,0.794519205652563,0.4,0.1,0.9,75,9.080553887517585,35.787947397824205
2,39,0.7709061733449581,0.7872409649524443,0.7813607333369581,0.7745159011384941,0.7725146320294299,0.17015586479852757,0.20772722023888912,0.7547574055109686,0.4,0.1,0.9,76,9.028097338265647,36.72283615343021
2,40,0.7838750147754602,0.7995894915462217,0.7952184177905977,0.7922902608114597,0.7815557107251649,0.17954978547925216,0.21248238154847437,0.7646546993155976,0.4,0.1,0.9,88,9.111979975140247,37.994184885931375
2,41,0.7821604054882264,0.7960392323944231,0.7916514582169192,0.7889772374974084,0.7859692815469159,0.1759507350078031,0.21251484246657973,0.7646705462610153,0.4,0.1,0.9,89,9.128815210837866,38.73234315659288
2,42,0.7826442512362632,0.7965872741351233,0.7925030871075264,0.7907028398479367,0.7803524890036468,0.17702696656410424,0.21253879246212162,0.7647317916907483,0.4,0.1,0.9,92,9.136617762738975,37.83155853071908
2,43,0.7820694245791414,0.7957990961020875,0.7917129804658524,0.7895897104101706,0.7804926036993911,0.17597779021786342,0.21244371447087218,0.7646074328536027,0.4,0.1,0.9,93,9.109979635549962,38.67147730772345
2,44,0.7825701809815102,0.7961350472274374,0.7923503728970447,0.7917403748446459,0.7811740799184745,0.17702696656410422,0.21253879246212162,0.7647317916907481,0.4,0.1,0.9,94,9.082105851168537,37.7729774763667
2,45,0.783550549456291,0.7953760392234996,0.7912726413435192,0.7900402477210526,0.7870658310072755,0.17239049491205877,0.21253255934599585,0.7681711331081338,0.4,0.1,0.9,95,9.122724235375,38.25213580748968
2,46,0.7813853133399428,0.7925398002320108,0.7884302696506098,0.7881369641378744,0.7817409472913013,0.1733957770082765,0.20938568949406297,0.7657849778265136,0.4,0.1,0.9,96,9.069088548395404,38.53096782914638
2,47,0.7885702225315263,0.7986082926233462,0.7944886687297956,0.794798234031986,0.7905818795674493,0.17455809968748984,0.2227080871774445,0.7719647759325798,0.4,0.1,0.9,97,9.126434149297385,38.17628469952591
2,48,0.7747812342861223,0.782935463676219,0.7787987611022529,0.7822829256406457,0.7746187791526964,0.1759839275421223,0.21492992280614204,0.757198113725376,0.4,0.1,0.9,102,8.650086320297891,39.51204284393174
2,49,0.7776489676112281,0.7852648372520099,0.7811232472827705,0.7852362792332076,0.7772105853292572,0.18204989996682358,0.21518919438666587,0.7577516928476832,0.4,0.1,0.9,104,8.574740383061997,37.54171073747805
3,0,0.9499654437733195,0.8907171923222155,0.8898594453240266,0.8860032533577022,0.0,0.0,0.0,0.0,0.4,0.1,0.9,1,222.84538292405804,1334.0713690135167
3,1,0.9256351238710391,0.9100839771745358,0.9090941492929955,0.905041988140738,0.06047337457086645,0.09020594070366636,8.399636384213458e-05,0.00011510700581725,0.4,0.1,0.9,3,207.98503268306223,1328.8047029076745
3,2,0.8761317126191244,0.9084729543115747,0.9073229041227623,0.903252015507733,0.11377515793587709,0.13077633349636567,0.0010891494050749657,0.00286309110042079,0.4,0.1,0.9,4,192.9156181475794,1153.7500808484986
3,3,1.279337675884861,1.5890855616787425,1.5857421155536258,1.5732914104647833,1.8206627108983473,0.20520822995674162,0.3297733946819729,1.0,0.4,0.1,0.9,5,65.78972534582853,232.13474605311404
3,4,1.1421053385884934,1.442945101061151,1.4387257366144133,1.4240275682002226,1.1419528901675666,0.12450768723494592,0.30728278891081584,1.0,0.4,0.1,0.9,7,53.47838100532301,245.6745188431533
3,5,1.1083396775772267,1.3928695142597731,1.3882592664516578,1.3725933676002822,1.0520923377271045,0.12380307827636247,0.3073610079135065,1.0,0.4,0.1,0.9,9,46.08214976480373,224.72609102020144
3,6,1.0816244196475298,1.3453231793422833,1.3403415683902713,1.323839573998979,1.0482445093186767,0.123158985891814,0.30759566492157875,1.0,0.4,0.1,0.9,11,40.413968628684735,208.6203045698517
3,7,1.0650152182652428,1.310981981143811,1.3057314180827158,1.288591086200324,1.0296771962630078,0.12274427118121412,0.3085048459724779,1.0,0.4,0.1,0.9,13,37.13083429537426,207.695214789112
3,8,0.683844743784273,0.9218137729657754,0.9164555124947316,0.8992213443675112,0.6139272082943371,0.1256846481058509,0.1777223587841925,0.5960636981799466,0.4,0.1,0.9,17,26.438548598199585,122.16073271374812
3,9,0.6619125821200772,0.879857464050587,0.8742366200213576,0.8558175039332545,0.6924574818319889,0.12787605908485727,0.1751549947915093,0.5859268938971048,0.4,0.1,0.9,18,22.582450502975743,113.86625093241724
3,10,0.6680438755791881,0.8791941616595504,0.8734894510410733,0.8552928871480128,0.6364094576454934,0.12216326826275714,0.17873291100325087,0.5992047976543322,0.4,0.1,0.9,19,22.661835802614128,100.93053004310448
3,11,0.6463000697927334,0.8361499030829666,0.8301903621620135,0.8111163599035915,0.689942443179665,0.12612304918608983,0.17523321379420004,0.5860741994612749,0.4,0.1,0.9,20,19.36564911965249,92.435265551043
3,12,0.4613263117963819,0.6239230517696249,0.6179627363864681,0.5979810925803533,0.4773664401126474,0.12665319382284065,0.11944600428874884,0.3992366617433255,0.4,0.1,0.9,22,16.73999370257213,66.92350604924538
3,13,0.49387452516296015,0.6247174060275449,0.6184223951852356,0.5975715921687537,0.5268179968423133,0.1282184592216779,0.13378866605206324,0.44521989765763914,0.4,0.1,0.9,24,14.96964606073363,55.63119446535771
3,14,0.48486381365347203,0.5834755867138046,0.5768570390045823,0.5554558108868152,0.5247570067280138,0.12775834980037773,0.13387360689554287,0.44539654364089687,0.4,0.1,0.9,26,12.970565732776052,50.90464166586121
3,15,0.47807885582782017,0.549278462657353,0.5423945372388921,0.5206763768837689,0.5136962005280402,0.1264265602797211,0.13393172296668943,0.4455572798855593,0.4,0.1,0.9,28,11.480469625860978,45.8084786578971
3,16,0.4765772895851974,0.5411927180084151,0.5342461715645354,0.5132290538840945,0.47636114836278914,0.12595422771900977,0.13395014513527484,0.4456476923047986,0.4,0.1,0.9,30,11.230319917063408,40.84274169064602
3,17,0.4755554352485931,0.536075896472733,0.5290905504731811,0.50792559730536,0.4789292667848799,0.12572352764457273,0.13397592916392814,0.4455494725787223,0.4,0.1,0.9,31,10.99264327168938,44.77410987776821
3,18,0.4735686516399069,0.5291557561654239,0.5221239468626641,0.5015073989312926,0.48078622728303017,0.12275624724553916,0.133999609607099,0.4457604179079115,0.4,0.1,0.9,32,11.062577475268297,42.65702521036107
3,19,0.47404334435549816,0.5272105673127265,0.520155993479065,0.49969166212381,0.4687864284522331,0.1255162438926477,0.13402558277132431,0.4455846980262671,0.4,0.1,0.9,34,10.665579486579546,44.528353887752566
3,20,0.47385356051715816,0.5264283466563772,0.5196711471139824,0.49953077883039265,0.466929993335195,0.12525851083908673,0.13399435133251356,0.4456398849979616,0.4,0.1,0.9,35,10.776696160818329,39.95334042638754
3,21,0.47182406653348374,0.5199532467927352,0.5131544225682158,0.49360592625676714,0.4710451020588815,0.1220744515413398,0.13403800773838617,0.4457462368345815,0.4,0.1,0.9,37,10.854282242843864,42.88846299695149
3,22,0.4596272164789306,0.5071246252852488,0.500622833098672,0.4824458358831861,0.45258394146433056,0.12119617475746211,0.13014098844877725,0.43316991319310433,0.4,0.1,0.9,39,10.7193904593528,38.84614911146885
3,23,0.4595614170649487,0.5067108969947773,0.5002058738658368,0.4822809983831521,0.4525366115460685,0.12119617475746214,0.13014098844877725,0.4331699131931043,0.4,0.1,0.9,40,10.688278160315294,38.641524032347945
3,24,0.45133429579045736,0.494896432636852,0.4880550161050886,0.46935636488890653,0.4558200272462749,0.12481434831484961,0.12705276171976607,0.4234964584087795,0.4,0.1,0.9,41,9.877770905507408,35.51850255529823
3,25,0.4537888156610695,0.49426274722666796,0.4876956025230878,0.4700626032074724,0.452200758367835,0.12504235331996252,0.12802935653829728,0.4266597377894089,0.4,0.1,0.9,43,9.848382473954596,36.60892253724592
3,26,0.4538098932483358,0.4922450675396366,0.48565898072137725,0.46794092175022406,0.44951953562003844,0.12539840638273508,0.12820845573109255,0.42691646370630576,0.4,0.1,0.9,46,9.822087140188064,36.681840185844656
3,27,0.45380560111460566,0.49239695887847,0.4864182946774416,0.47089867966089294,0.44722528206990053,0.12539840685737014,0.12820845778610818,0.42691647035952096,0.4,0.1,0.9,50,9.827332594340218,36.717943885633794
3,28,0.45299850866477376,0.4905305977786483,0.48423908708049973,0.4699118486768641,0.4476714425014587,0.1221610011227868,0.12893702824840284,0.4275716188252222,0.4,0.1,0.9,53,9.983300390437556,36.56089962112593
3,29,0.45594572355126184,0.4909342615117046,0.48492225128062755,0.47150722665287803,0.45222621457907686,0.12502968606797785,0.12959693666214936,0.4300203015090376,0.4,0.1,0.9,57,9.515813093480736,35.28404784234052
3,30,0.44529090595937587,0.4796066926342305,0.4735884113127776,0.4612690562806133,0.44002449759343193,0.12435139337291412,0.12715769226909832,0.4188863496067577,0.4,0.1,0.9,61,9.53681188673698,36.4292178145259
3,31,0.4504510881058269,0.48323167175459436,0.47719927707437004,0.4657044087372366,0.44748604780029033,0.12380049735767211,0.12854689516735018,0.42501048417957793,0.4,0.1,0.9,63,9.463179247496766,35.50035916644046
3,32,0.45394096861896327,0.4863025649802302,0.4796603334020454,0.4636145197719355,0.44882074062383026,0.12406535560648593,0.12968698895872582,0.42869024118015464,0.4,0.1,0.9,65,9.496770665140554,36.6269044367769
3,33,0.4455859610352809,0.4751270915078608,0.46967068744824186,0.4610847340515482,0.4419580736247602,0.12624087031605474,0.1265788990641686,0.4193988122655693,0.4,0.1,0.9,73,9.098958911174485,44.26545309316342
3,34,0.4459168685305367,0.4752760675974215,0.46921213118655863,0.46100963463819467,0.4409500296301966,0.1257490718775407,0.1269570913670001,0.4199433516472942,0.4,0.1,0.9,74,9.085007477431462,30.39689614067669
3,35,0.4452669564853401,0.4738676304544852,0.46840259512880267,0.46099609963316973,0.44362433255589734,0.12589099873791976,0.12655659393064653,0.41938168692146566,0.4,0.1,0.9,75,9.08094977061407,44.31261485948063
3,36,0.44646114970051787,0.4731954233752459,0.46710734647754526,0.459381610171508,0.4476314219580558,0.1280783111498471,0.1269779418633781,0.4200094488052023,0.4,0.1,0.9,76,9.034008398869124,42.53802126678237
3,37,0.4408645845375706,0.4645921649969356,0.45938547659757584,0.4553869270123542,0.43846851973071993,0.12539755222166452,0.12632412109411864,0.41566804511389754,0.4,0.1,0.9,83,8.857825192233276,44.06032399323647
3,38,0.4399952206368384,0.4634617511739169,0.45794960595641676,0.45308935718153986,0.43665909846172757,0.12517698995833165,0.12492400048183415,0.41498908508620785,0.4,0.1,0.9,84,8.98199217112734,43.43748130509009
3,39,0.43916906110589626,0.46193483936559226,0.4564162836590524,0.4518317515511122,0.43766799388573496,0.1233752482940498,0.1249189426987354,0.41500045485290943,0.4,0.1,0.9,85,8.986687141432814,44.05573455938525
3,40,0.4395820640729152,0.45980826398149033,0.454569531885807,0.45044860467499503,0.4450200834707826,0.1249614802155645,0.12598794160547433,0.41511804418117365,0.4,0.1,0.9,86,8.75070581460541,43.88254863269854
3,41,0.4397716322004589,0.4592456369209236,0.45369699177124634,0.4498994162913066,0.43870828370054343,0.1255656997468318,0.1256028450721236,0.4152233645132316,0.4,0.1,0.9,87,8.730628885641707,43.50446560087866
3,42,0.4406230298515218,0.4596425101561709,0.4543927225606612,0.4508384512374441,0.43925449999189015,0.127706303452582,0.12491820940944891,0.4153928741531366,0.4,0.1,0.9,88,8.733315644649506,43.174250900324026
3,43,0.4393794982925584,0.45839137858505163,0.4531415361758308,0.4508525118883532,0.43619778188525654,0.12532264636376475,0.12525301222483037,0.4150346970659175,0.4,0.1,0.9,90,8.737368274924705,43.35231945218744
3,44,0.43912158674676394,0.457695007270557,0.4527440835697753,0.45342952376512285,0.4362107566820172,0.12489383399040437,0.12568094667623678,0.4149868368696363,0.4,0.1,0.9,99,8.67380222020752,42.18567249483334
3,45,0.44019378241846774,0.45793962805960087,0.4529812053534563,0.4541593992621369,0.4381437476012014,0.12596926273705936,0.12571517494812173,0.41584549100569623,0.4,0.1,0.9,102,8.602808734363434,41.54549232019045
3,46,0.4391310041265193,0.45639381768701953,0.45143093412283974,0.45277601274315654,0.4366398325957439,0.12527794913139473,0.12568824600913364,0.4150616448878474,0.4,0.1,0.9,106,8.64655407601493,42.09188468200021
3,47,0.43872253849517484,0.45572083679577446,0.45105851803228003,0.4536398334045251,0.4370706071331228,0.12537805951680572,0.12545774571143553,0.4146524512860038,0.4,0.1,0.9,107,8.620810772704539,42.16156269498011
3,48,0.4400843255502461,0.4566549002796564,0.45198864545241424,0.45516380256646227,0.4380306869455347,0.1265844165747395,0.12574507666278953,0.4156740092286227,0.4,0.1,0.9,109,8.594432605555577,41.5779418412494
3,49,0.43978391950710605,0.4561309482569772,0.45146268526595584,0.45493438201605746,0.4377978836284547,0.12642364908030057,0.12547874464593983,0.41548118512777565,0.4,0.1,0.9,110,8.566529758787487,41.47404066067291
3,50,0.4445137641971191,0.46064685520877935,0.4568855795299588,0.4646157947448346,0.44203790594395626,0.12537594087999807,0.11151016687836685,0.42284061648170324,0.4,0.1,0.9,119,8.82280532824673,43.60773785568363
3,51,0.445882622887667,0.46208743030699473,0.45862970587946067,0.46775056348474114,0.44324979946964616,0.12291304405001395,0.13003317167192896,0.42340129479320743,0.4,0.1,0.9,122,8.908754023711051,44.65674949631467
3,52,0.456500558649189,0.4715846945866155,0.4690257263892387,0.4833858316614117,0.4545346810976353,0.1252070043276999,0.11661761536107182,0.4359168824528165,0.4,0.1,0.9,132,8.85979529478971,43.18394869443777
3,53,0.45152580104609974,0.4664604749256604,0.46390012926715074,0.4785871751831411,0.44961819179565804,0.1250335951712394,0.11615239677786607,0.4305445598277197,0.4,0.1,0.9,133,8.849982370142397,43.12190587327838
3,54,0.45647226409500463,0.4714683197711102,0.469211459888473,0.48592003578165566,0.45408870615780894,0.1252070043276999,0.11661761536107182,0.4359168824528167,0.4,0.1,0.9,138,8.844000659172039,43.11222114831717
3,55,0.45586997296801535,0.4705969026084401,0.4680346496646978,0.4853713668733828,0.4540948911447682,0.12523417666625608,0.11533157493226619,0.43541014368494235,0.4,0.1,0.9,139,8.848548568780144,43.02640508266402
4,0,0.945099056548053,0.8894050750670298,0.8885370409519461,0.8846418389150097,0.0,0.0,0.0,0.0,0.4,0.1,0.9,1,233.6816693288458,1400.507258122149
4,1,0.9167683490646821,0.9078076749131524,0.906796853203224,0.9026643866303568,0.06283528921259479,0.09122629829888615,8.384031403627752e-05,0.00010682105879583001,0.4,0.1,0.9,3,217.10955745449203,1188.0663782347358
4,2,0.5433183674042608,0.7787600223239468,0.7765791175803372,0.7690090632068853,0.4871550847558642,0.12308061401596522,0.0025784150683065593,0.00793151495734787,0.4,0.1,0.9,4,121.57249159453072,517.3581423985672
4,3,0.402245562736759,0.7099775635978469,0.7070464570586033,0.6955328726728344,0.31518181659203254,0.1552200739124097,0.012366491252823625,0.065223470945292,0.4,0.1,0.9,6,76.22737648333609,38022.77867341579
4,4,0.3512565126714656,0.6593673744301646,0.6564155365662678,0.6454666961184105,0.07772994672695979,0.13585684372649434,0.00488241763575416,0.02135178167946907,0.4,0.1,0.9,8,73.57168628248054,8053.6169879318195
4,5,0.37213732962710094,0.6807977184017259,0.6775157173848065,0.6669226915022377,0.10891315753696426,0.15835039781083265,0.007242459287587795,0.03876627552320005,0.4,0.1,0.9,9,71.22507275190364,8356.958611447093
4,6,0.30832439937238637,0.6199652381494297,0.6167092717948118,0.6051462727655943,0.17514636708251152,0.13376075081496694,0.004960354344315674,0.02155715571480228,0.4,0.1,0.9,10,64.55538121471874,8025.726436596004
4,7,0.20837247020282862,0.501537076735504,0.49733517522748766,0.48260168610366916,0.25797237614631313,0.11753208196718282,0.009691614013749262,0.03056691449372852,0.4,0.1,0.9,12,41.944606979078095,7748.07327921333
4,8,0.2075644467218549,0.4607639152317226,0.45622674283135534,0.43923676982807036,0.22505342443024864,0.12753083200927023,0.016594482143681748,0.07043794412549277,0.4,0.1,0.9,14,31.619760385557928,34213.10797783806
4,9,0.24765666634929112,0.4943545147553447,0.4894217766187469,0.4731441689227403,0.17783159122762499,0.1344105334220424,0.025739034087517938,0.11676591304675091,0.4,0.1,0.9,16,32.06656755257396,62009.54470310082
4,10,0.16349286045602598,0.3702436510558216,0.365090579764104,0.3470508699892588,0.29651066994669323,0.12311582463374363,0.022984016879978388,0.058299896149434594,0.4,0.1,0.9,17,23.960209146879148,161.81841019731786
4,11,0.1576856106436358,0.3528145794122872,0.34752312446277334,0.32984545115642955,0.1296227869020048,0.12316148556215858,0.02306639846826836,0.058493988368360894,0.4,0.1,0.9,19,22.54751554708165,159.160868822622
4,12,0.15353682434372992,0.31966803317691184,0.3140490971499404,0.29583883898528396,0.23304848961481062,0.1316162825849901,0.02303464704572868,0.0642698169532168,0.4,0.1,0.9,20,18.13260497671593,146.86713566524563
4,13,0.150049736137298,0.3094368045612682,0.3037446810991674,0.2857339584016485,0.12532466599641556,0.13278914390287394,0.022666274128702278,0.06278247448101795,0.4,0.1,0.9,22,17.34622870023785,146.22698018817965
4,14,0.14639327004202407,0.29281148584908556,0.2872841449737483,0.26972636964345703,0.13842738021907405,0.13140513500243373,0.023117028441933613,0.06446390869730753,0.4,0.1,0.9,24,16.449491063499888,143.5703193299405
4,15,0.14483110725486578,0.2894404114672538,0.2838937874280708,0.26678219685026483,0.11567347512093806,0.13256089920812977,0.02274865552490718,0.06297656622510862,0.4,0.1,0.9,26,16.182508065799148,140.01086366482727
4,16,0.14308657330321584,0.27951881743974044,0.2738872055133512,0.25691795633700437,0.14378426913573228,0.13118128188947578,0.023146682054800652,0.06454866647391198,0.4,0.1,0.9,27,15.81695902248477,142.081856507832
4,17,0.14235800085984324,0.27727058408541416,0.2716233331915806,0.2553878238866567,0.11551562294294904,0.13156268436299984,0.0229075387180218,0.0641316625844978,0.4,0.1,0.9,29,15.655603554053569,144.50860870011726
4,18,0.10941406546699955,0.22973483516117488,0.2236355143211491,0.2057625147230738,0.1384670593295263,0.11870759907189261,0.012700676619278815,0.03923586372163923,0.4,0.1,0.9,30,14.99701383340715,7446.561609085992
4,19,0.10252905214731453,0.2072954633697408,0.20104052892697866,0.18306613261268356,0.11002893624675683,0.11536925572401824,0.012445514773964828,0.03784563813919584,0.4,0.1,0.9,32,14.112020475870631,8305.518890128564
4,20,0.09872327085748002,0.20193190012566178,0.19566154285331497,0.1786329106985921,0.08089370712387317,0.1127756748347978,0.011364171826801349,0.03534241915650962,0.4,0.1,0.9,34,14.241356551992332,8291.087883470878
4,21,0.0968304713921408,0.1889822302787448,0.18260332292960443,0.16619534537973732,0.09222011499822354,0.11118411781990419,0.01215050759791463,0.03694295893744018,0.4,0.1,0.9,37,13.666392413081722,8300.246246507617
4,22,1.3188956325813224,1.4107899613677803,1.4050142979931879,1.390419486317532,1.3016311050745766,1.0,0.011087193707462674,1.0,0.4,0.1,0.9,40,13.543043563820993,8265.7272691688
4,23,1.3188386096296705,1.410476466648581,1.404698306020094,1.39093343352931,1.3015731044316299,1.0,0.01113849052005638,1.0,0.4,0.1,0.9,42,13.678942572410447,8287.329137667883
4,24,1.3188211258886433,1.4103781295679687,1.4045991570066203,1.390551460292788,1.3014046152716232,1.0,0.011158896445862338,1.0,0.4,0.1,0.9,43,13.683301242704625,8287.745071053649
4,25,1.3180200436807132,1.4063364022086402,1.4008288465777807,1.3882114284220046,1.3130139323302723,1.0,0.01113089133665842,1.0,0.4,0.1,0.9,44,13.362823561010645,8292.714844647755
4,26,1.1243838206298606,1.2106510048812378,1.2054264769548928,1.192904797475631,1.1117914690639132,0.517195677493387,0.011032503138271185,1.0,0.4,0.1,0.9,46,13.344186253935924,8357.111315218588
4,27,1.317591220720323,1.4037121650443796,1.3984862527142623,1.3859354230913632,1.3013968631265107,1.0,0.012232206518524762,1.0,0.4,0.1,0.9,49,12.850581843035826,8271.003210221548
4,28,1.317251456241048,1.4026171307415012,1.3970809880399442,1.384354813625456,1.3034620099577838,1.0,0.01042572456001009,1.0,0.4,0.1,0.9,50,13.193799676535786,7639.425128757291
4,29,1.3170507311196025,1.4015447069318467,1.396000150607283,1.38407539440798,1.3041070927981968,1.0,0.01042572456001009,1.0,0.4,0.1,0.9,51,13.198046175568292,7622.713890380642
4,30,1.3159180197390525,1.3967039214076777,1.3911233305093313,1.3779444243345802,1.3143395036252645,1.0,0.007880445779385585,1.0,0.4,0.1,0.9,52,12.605535665990532,7381.000348690386
4,31,1.2858444411937875,1.3573980288245346,1.3517291229468447,1.339633257364543,1.3048492193857917,0.9291117711744242,0.010899389034338132,1.0,0.4,0.1,0.9,53,11.391465560859189,7625.457669423999
4,32,1.278674118133545,1.334159443126687,1.3283384038091588,1.316512124219842,1.2968097318178122,0.9194625285254364,0.010970377529548086,1.0,0.4,0.1,0.9,55,10.79616522606366,7575.02354740363
4,33,1.3105422898876566,1.3645507553568414,1.3590187531457292,1.3481859232332998,1.3028543570555366,1.0,0.010577459322392,1.0,0.4,0.1,0.9,58,11.041000638346988,7569.110668586066
4,34,1.2839668875791563,1.3372743401021645,1.3317357626598398,1.3211689417912593,1.2770870776075354,0.9338539016590801,0.010806747419823374,1.0,0.4,0.1,0.9,59,10.696334866964976,7980.291431897908
4,35,1.309774705102493,1.3598152702479274,1.354246117690374,1.3441474899141708,1.3122463492386134,1.0,0.010594365647662541,1.0,0.4,0.1,0.9,60,10.73272415256469,7561.931102792238
4,36,1.3097732189981985,1.3598960470269676,1.3546305565522807,1.3450178850644008,1.3010727195696732,1.0,0.010594365647662541,1.0,0.4,0.1,0.9,62,10.73062282104034,7562.369186489784
4,37,1.3090670903751664,1.3554692529535155,1.3498660717720923,1.341111411217535,1.313495912367519,1.0,0.010431073647538314,1.0,0.4,0.1,0.9,63,10.55697361142026,7966.51431902697
4,38,1.3090444208878318,1.35524691627141,1.3493389576420918,1.3377578300547055,1.3014177294709701,1.0,0.010411269231862204,1.0,0.4,0.1,0.9,64,10.530689514935254,7964.979753192055
4,39,0.0835868110810052,0.12897696786412002,0.12397032034851058,0.12134507843529528,0.07598145023823638,0.1195702767325367,0.010549214200682281,0.0298927084015012,0.4,0.1,0.9,83,10.5061292964769,8303.71672647428
4,40,0.08330277655145465,0.12849746240733378,0.1237919026804609,0.12264397823274335,0.07604321040704742,0.11956189599637683,0.010454200222319182,0.02965059174465417,0.4,0.1,0.9,85,10.461315436954802,8310.265749924885
4,41,0.08351613118465967,0.12870747754362166,0.12430482207179543,0.12435133957757795,0.07594606061182252,0.11957027673253669,0.010549214200682281,0.0298927084015012,0.4,0.1,0.9,87,10.472738996439892,8307.561153483657
4,42,0.0793043055066268,0.1232567060803523,0.11884249032706923,0.11791116755324449,0.07286384696498953,0.11492447466993283,0.00836459898020188,0.02777645815056396,0.4,0.1,0.9,91,10.108130205816792,8307.852452117211
4,43,0.07806466305503075,0.1202996297785701,0.11586944759291525,0.11518850329499487,0.07674735385133143,0.11404899922041253,0.008311735185819617,0.02714629150116187,0.4,0.1,0.9,92,10.06552492267754,8643.939423110842
4,44,0.07870575169445851,0.11849039118535559,0.11373454765187957,0.11305230690868806,0.07999786517419293,0.11768078625422776,0.00850311841280484,0.02670191807692293,0.4,0.1,0.9,93,9.909834478684187,8633.058101457493
4,45,0.0774842594997554,0.11724193631344186,0.11278879880253417,0.11204620437910422,0.07115234656671486,0.1137696763894872,0.008363852408306248,0.027122010181526362,0.4,0.1,0.9,94,9.817850024498556,8620.356831071409
4,46,0.07837859434812158,0.11800368692468703,0.11354929596083511,0.11343110980915629,0.07212416760176396,0.11655054158289964,0.008537358440062415,0.02688721606058278,0.4,0.1,0.9,95,9.870862427887344,8629.415662259818
4,47,0.07837787282035238,0.11808894641943046,0.1139382704393288,0.11439412039789777,0.07167921929056767,0.11655054158289964,0.008537358440062415,0.02688721606058277,0.4,0.1,0.9,97,9.86986658444389,8629.567420617137
4,48,0.07826298896428777,0.1156411924578656,0.11146889828729008,0.11150351315649361,0.07991499154706216,0.11512297119562165,0.008836606272306154,0.027827704974869687,0.4,0.1,0.9,98,9.83524335281832,8631.57922534917
4,49,0.0775191922210832,0.11338562266972518,0.10950236549897473,0.11069610850878948,0.07333164791205729,0.11211815642656442,0.00868560271877101,0.02867057829688044,0.4,0.1,0.9,101,9.45951557659206,8638.424448773261
4,50,0.08407330041246017,0.11898527983004009,0.1160020859519448,0.12772684362682596,0.07850998090241776,0.11244578424384355,0.011405926086919952,0.03574648987776881,0.4,0.1,0.9,120,9.512091794581968,8201.749515855507
4,51,0.08139513689633796,0.1129117647267361,0.10989727270664644,0.11927805797646056,0.08768987289721468,0.1130776918489361,0.010507507295970105,0.0332484613969331,0.4,0.1,0.9,121,9.385189093665849,8606.409763477754
4,52,0.08248073786498203,0.1131059222489286,0.1100832376669128,0.1222922212396477,0.08046235250626602,0.11162664178739208,0.011175203456853154,0.03519680721796734,0.4,0.1,0.9,122,9.387569580241223,8627.148740690485
4,53,0.08232726213239941,0.11233241073648459,0.10960693389732631,0.12346047885678216,0.07861228152197453,0.11141771928845408,0.0112306239030618,0.03524871002764509,0.4,0.1,0.9,124,9.324393853880494,8635.052989101256
4,54,0.08465953111420271,0.11377685810268745,0.11104319091546974,0.12054551082287902,0.08142736423004783,0.13106180795291017,0.009566087569981853,0.0294665636511878,0.4,0.1,0.9,126,9.246597951092197,8421.28435303225
4,55,0.08262970103565902,0.11050524710656354,0.10836609677909562,0.1222560866883814,0.07929592220624339,0.11366221459353831,0.011057919248359159,0.03504464485371932,0.4,0.1,0.9,130,9.267685402242824,8629.173817592382
4,56,0.08057143550306463,0.10481897715398036,0.1020406757043947,0.11412851312169474,0.08825298746769458,0.11971393060731887,0.009254292068714703,0.030913699327801008,0.4,0.1,0.9,131,8.93499413016619,8747.554844470898
4,57,0.0835110310893882,0.1049521160109708,0.10305705030698692,0.11831866504995929,0.08102029099421548,0.13194836667510168,0.009649625920504225,0.02926372049228661,0.4,0.1,0.9,142,9.001156192690496,8403.696265432454
4,58,0.08332915318820372,0.10459045278492182,0.10329959083484766,0.12023937960134484,0.08026058992563695,0.13153243666854453,0.009651454932441534,0.0293118764445623,0.4,0.1,0.9,146,8.970058294652533,8412.267631137089
4,59,0.08581789481956859,0.10399111450088154,0.10327806546406208,0.12581856157992435,0.08389154315632226,0.1302886948950363,0.01295311476853721,0.03285342070922026,0.4,0.1,0.9,158,8.75090878384045,8427.872010803187
4,60,0.082070030692621,0.1002025343808659,0.09948910426956542,0.12091185665865867,0.07926042657370566,0.11894134839396468,0.012059904284558966,0.03383894046995163,0.4,0.1,0.9,164,8.80105368621406,8749.267726280712
4,61,0.08040029700871537,0.09625546260288506,0.09552129201042546,0.11788404313428394,0.08047039465957885,0.11830232682142934,0.010889488791657336,0.03280310021829261,0.4,0.1,0.9,167,8.667769854921863,8665.070498222105
5,0,0.9164085874693096,0.8815088153043782,0.8805788480885482,0.8764464234478062,0.0,0.0,0.0,0.0,0.4,0.1,0.9,1,254.69822863080464,1356.2959231874397
5,1,0.8850425756976779,0.8970398624999022,0.8959600045467428,0.8915629781629841,0.062150237609121126,0.08631508673951681,8.302373255722234e-05,0.00010361646004345001,0.4,0.1,0.9,3,237.40602949819424,1299.6183555298785
5,2,0.7393929708525067,0.9723457394000299,0.9701802268116451,0.961845497603357,0.6469531258062557,0.09957364632831932,0.08044151385798719,0.2226420349188452,0.4,0.1,0.9,4,137.94577214110646,765.3256789612047
5,3,0.6057249012980979,0.8712050010819316,0.8687393259444064,0.8597939699630852,0.2960659043860977,0.09911888241120911,0.06697862027592873,0.15445073962768296,0.4,0.1,0.9,5,122.7790954317796,561.1513291835531
5,4,0.8692182877369075,1.1808719363030458,1.177283321212923,1.1638957272033301,1.0501420571045594,0.19396127525038087,0.1898374223900554,0.6016925357622112,0.4,0.1,0.9,6,67.62588142167225,220.9074550047796
5,5,0.8228159439407974,1.1305954051039036,1.1266422541375771,1.1124139309563812,0.7011943753992966,0.18392197205246502,0.1899139734849047,0.6018870985902887,0.4,0.1,0.9,8,56.91804445121175,186.61187312762732
5,6,0.7840594309679414,1.0811391521786793,1.0768217865671073,1.0619286950106912,0.698092697040356,0.17493078091537412,0.19014362676945254,0.6024707870745212,0.4,0.1,0.9,10,47.87825173045714,157.523381010569
5,7,0.773119075579668,1.0603309578513653,1.0557814836269594,1.0401834876046387,0.6825719315196827,0.1706028270737331,0.19428270968967698,0.6136647988473315,0.4,0.1,0.9,12,42.75175497348537,143.06660273626542
5,8,0.7570323824239915,1.041689412533957,1.0370878884226158,1.021653249697085,0.6468389981397087,0.16478404692584195,0.1907938704263818,0.6032932191365539,0.4,0.1,0.9,13,42.3549803810818,175.6710673434046
5,9,0.746007264076338,1.0213705135530822,1.016591566252101,1.001446467439523,0.695423133590173,0.1496172240985301,0.19317340594597263,0.612318947695298,0.4,0.1,0.9,14,38.21628415253966,135.41605085158045
5,10,0.7289013832707054,0.9932415005666595,0.9882744861306046,0.9718070652592736,0.6951440780923175,0.15779675209409047,0.1911766259006281,0.6042660332769412,0.4,0.1,0.9,15,35.74066770835503,150.06469109023027
5,11,0.7411786459164769,0.9966289937233002,0.9915224337919546,0.9745222761912073,0.6987064862847279,0.15980590655964771,0.19897059554926233,0.6260388576806162,0.4,0.1,0.9,16,32.61404853464536,109.68684223482514
5,12,0.7290889645561862,0.9840159202261507,0.97890176494522,0.9618720921765262,0.6382298374412342,0.15490113295924487,0.19560000415556955,0.6156475611632986,0.4,0.1,0.9,17,33.16114453217044,136.9338547658141
5,13,1.0691034544263187,1.3225461876753013,1.3177121953547486,1.303143363311114,0.9856016397341876,0.09076824647612304,0.40729972523836777,1.0,0.4,0.1,0.9,18,41.43246331691737,229.4429754265433
5,14,0.14387385228616478,0.3514714834209066,0.34632868295249014,0.32778154690659844,0.30892074451635665,0.09171078568828374,0.008464580426921378,0.05155880103395648,0.4,0.1,0.9,19,23.417227081152763,159.5785935789729
5,15,1.033374490843482,1.2401389716330742,1.2346833540311488,1.2179330139203859,0.9771475640871169,0.09078803450307123,0.37524603535716394,1.0,0.4,0.1,0.9,20,30.42444877489838,160.34155724160215
5,16,0.8553906633296557,1.046950186459485,1.0413143275906978,1.0238756457103726,0.869771840100245,0.09081334140776884,0.30474546809908637,0.8186746931131321,0.4,0.1,0.9,21,27.124999675406784,137.0094710567322
5,17,0.15033442290722512,0.3309178513764533,0.3254590217953621,0.30642469981511256,0.15046834045980823,0.09180279321873842,0.008988261050296953,0.0733608324664999,0.4,0.1,0.9,22,19.853913835616805,95.5182355405051
5,18,0.8404419707368527,1.0023238244545631,0.9963557712061721,0.9783207026230336,0.8764658479118527,0.09020947012681337,0.30745241193485673,0.8160837867557904,0.4,0.1,0.9,23,23.99644147444439,121.31177516627731
5,19,0.13345186048433472,0.2838005329220625,0.278011744119158,0.2583679604344101,0.14437522017355253,0.09070422503133033,0.008607218480206794,0.06824854929716387,0.4,0.1,0.9,24,16.643304695130283,100.31507435962926
5,20,0.9004351332869157,1.041648345215319,1.0357635483219236,1.0186957148701898,0.8756900465824303,0.10054910755210807,0.17567996486435317,0.9009563920227815,0.4,0.1,0.9,29,22.00169150914072,84.27261651415928
5,21,0.7206430803256221,0.8196248699781873,0.8136157374650512,0.7944764168824684,0.8582855972573181,0.10022754136443775,0.2391302066040601,0.7078609873641095,0.4,0.1,0.9,30,21.654191006297783,90.42209690530107
5,22,0.7010712816238496,0.797998115104035,0.7916658921191833,0.7733645378573677,0.6855441092276505,0.10025344443897517,0.23078924634323,0.6875786398412199,0.4,0.1,0.9,32,21.170439130030665,88.5181152368817
5,23,0.7167111984654881,0.8135181806472619,0.8071848077973671,0.7898826975043098,0.6981144647433614,0.10031360764750444,0.23773936930872355,0.7041914781446145,0.4,0.1,0.9,33,21.47756916021717,87.00913252236381
5,24,0.7174414841509043,0.8123910986789414,0.8063423775058743,0.7893269728440241,0.701217098549521,0.10015999966189597,0.23815257987276225,0.7055618885357627,0.4,0.1,0.9,36,21.451762165724507,87.04144196028909
5,25,0.6957970322185767,0.7850684169386181,0.7789643156694935,0.7622771314221688,0.6989599140540461,0.09998878365027089,0.22915751937440995,0.6841205277157999,0.4,0.1,0.9,37,20.88503306042908,83.43952819521049
5,26,0.7827914261112168,0.8640988271953747,0.8579176086613424,0.8414950211111043,0.7816339821405659,0.09965003578457317,0.14055858671521798,0.7928427296818491,0.4,0.1,0.9,39,17.420422559808635,54.620479227345314
6,0,0.9444874155477033,0.8892531901114455,0.8883839638921377,0.8844846405434111,0.0,0.0,0.0,0.0,0.4,0.1,0.9,1,240.35242612401865,1276.1822621505582
6,1,0.9008196095138827,0.9035063002840029,0.9024573750898717,0.8981785909999338,0.07011447144115965,0.09260764042864113,8.34822794646522e-05,0.00010616682567734,0.4,0.1,0.9,3,221.2683020890657,1236.364186769955
6,2,0.8408369688901047,0.8875395018674995,0.8863378276203202,0.8816805307271338,0.06869168355466924,0.10056952763286395,0.00033392911785863996,0.00042466730270937,0.4,0.1,0.9,5,205.91791832615573,1153.406529000058
6,3,0.6575142989573556,0.9689054887468873,0.966628293569826,0.956824006475699,0.8716038547065945,0.29194817099601766,0.016394934153413625,0.19912366793940464,0.4,0.1,0.9,6,91.83804136748763,392.7440469245827
6,4,0.5313811293463296,0.8431308578941306,0.8401697243182857,0.8266216655548713,0.44525199353906025,0.2919481709960176,0.016394934153413778,0.19912366793940464,0.4,0.1,0.9,8,60.846948800148766,224.92260618268068
6,5,0.5386844624766964,0.8504426895129166,0.8474625696703844,0.8341360617662793,0.3143102046474142,0.2920270727596396,0.017273825719238904,0.2097981915861904,0.4,0.1,0.9,9,60.44742677724157,251.9155989819704
6,6,0.5105961402602137,0.8205659235127803,0.8173158651275455,0.8034705638081301,0.4121861338878089,0.2913339691243021,0.01776813398555811,0.21507596779735957,0.4,0.1,0.9,10,53.08545124000079,239.16178717700532
6,7,0.4857916146381756,0.787836862906384,0.7842665365146383,0.7700728375422491,0.436454951716309,0.2915537725874279,0.019863764560505676,0.22371676270243931,0.4,0.1,0.9,11,45.47015845503223,185.0972412969094
6,8,0.4302766137767996,0.7106361309329464,0.7065339485460915,0.6901903136260289,0.5109717208887001,0.2847414658240373,0.01830100687169667,0.2164272506354496,0.4,0.1,0.9,12,35.06992298178121,159.94159394398048
6,9,0.4150809261484502,0.665022947971926,0.6610441523567978,0.6439758849666871,0.4991604902577511,0.27300917158212723,0.024058217098705977,0.238659258278541,0.4,0.1,0.9,13,28.476967571810405,126.41727903330526
6,10,0.3794426771998797,0.6082670682825735,0.6036946120472629,0.5850533643879555,0.4129371170557311,0.2732539615868137,0.018766707907430714,0.2172206180855619,0.4,0.1,0.9,14,24.40635663563269,96.47251200208096
6,11,0.3794178617236351,0.6082053650193673,0.6036324741000219,0.5845000365690437,0.30685451857123913,0.27325396158681364,0.018766707907430714,0.21722061808556167,0.4,0.1,0.9,15,24.39981965982492,96.05394906228322
6,12,0.34767534013094675,0.5145502343202948,0.5092422954359072,0.4882695302026597,0.5766001099475739,0.2632454715407365,0.020359534200968383,0.22148917737937288,0.4,0.1,0.9,16,17.47241383507171,70.96411075640225
6,13,0.33698389429449427,0.4824326797157351,0.47689515099026203,0.455669539334831,0.3459705755680066,0.2558286642420326,0.020443016480433042,0.22159534420505014,0.4,0.1,0.9,18,15.622440239633455,71.3288676610379
6,14,0.331884849330622,0.46464597483296255,0.45897640163697984,0.43788832116224324,0.3270717997750059,0.25299020628899227,0.020503856905590763,0.22176744160001868,0.4,0.1,0.9,20,15.11886268661834,67.91440682138357
6,15,0.33155783161313834,0.4632615188518245,0.45758106455018205,0.4359040691022763,0.30681466269488217,0.25299020628899227,0.020503856905590753,0.22176744160001882,0.4,0.1,0.9,21,15.037394179552471,67.54150559495201
6,16,0.3288145027486753,0.45894985371171027,0.45325328925788955,0.4325679177285758,0.30649426760476434,0.2540781451205715,0.02004290858833022,0.2188240322764361,0.4,0.1,0.9,22,14.868700331511352,55.32316227097993
6,17,0.11896585129010481,0.2364936092242712,0.2306688990477285,0.20949462481533876,0.14157651489045314,0.13112543849273678,0.015194289016346757,0.04497564770124843,0.4,0.1,0.9,23,13.684967673903396,45.69521657242931
6,18,0.1132945508322455,0.2112847693904309,0.20526584579315488,0.18375891098839703,0.12963148878753566,0.1297077065735666,0.015277771295811421,0.045081814526925765,0.4,0.1,0.9,25,12.780735097264085,46.972697860730094
6,19,0.11115294379076386,0.2050746581368355,0.1993187801928133,0.17793842654673359,0.1003239338378204,0.12863232592638557,0.01499940872133433,0.04435421952578577,0.4,0.1,0.9,27,12.39463999324934,46.69302535442138
6,20,0.1031538876725551,0.18571455065207787,0.17954544696503186,0.15875894928335055,0.12775074011759185,0.10696470213748113,0.011201283765472305,0.04849285761922092,0.4,0.1,0.9,28,11.749042219401725,44.3437524957488
6,21,0.10939444797470693,0.18910713612415742,0.18321346821006468,0.1621007468742639,0.1048699541793289,0.12871632253378262,0.015607004319848794,0.046014921622608965,0.4,0.1,0.9,29,11.73892480218559,43.29002628033777
6,22,0.09982147600299321,0.1628122192978242,0.15645605391227144,0.13547274655174724,0.1467497211059407,0.10683963382535815,0.011804974943287937,0.04951223931921321,0.4,0.1,0.9,30,10.860196326513366,41.07152408923053
6,23,0.09834959329858203,0.1567100601794056,0.15031016238015057,0.12987601922047826,0.09597925277438102,0.10585134215188859,0.01185505740961283,0.04935755065018803,0.4,0.1,0.9,32,10.857611124947802,40.76876821624156
6,24,0.098698408953365,0.15689177288798042,0.15049030221105966,0.13050692545516,0.08890688662604904,0.1064241584949017,0.011811173217528581,0.049532610810400154,0.4,0.1,0.9,33,10.852957223768108,37.03299148086148
6,25,0.09827120826578555,0.1565208108155589,0.15042281333998053,0.13031449538300566,0.08802776092736869,0.10585444733412816,0.011832144904918475,0.049316419092655175,0.4,0.1,0.9,34,10.842620328510083,40.73018431366084
6,26,0.0980712822717484,0.15590206113048216,0.14980011189964124,0.13013861176081204,0.08924244054471074,0.10581786253590272,0.011742804370376314,0.049213736445427356,0.4,0.1,0.9,35,10.79788473255353,40.118773125597095
6,27,0.09780938121082886,0.15346887779240445,0.14734647461689915,0.127684898396635,0.09546685621000289,0.10618078496316752,0.011524404773781487,0.04926593490528577,0.4,0.1,0.9,36,10.672159500104724,36.323545162125285
6,28,0.0979871332345642,0.15246570598798886,0.1463321871680946,0.127571987432072,0.09245955573457057,0.10655342522913558,0.011775969721324364,0.049529317397864384,0.4,0.1,0.9,37,10.762928358834383,34.17812530460564
6,29,0.10146131635805222,0.1560436843990407,0.15051707999672292,0.1317218834779335,0.09194886304948557,0.11154093382814072,0.015690602938179678,0.05075399397703047,0.4,0.1,0.9,40,10.39176144904892,31.37856922486744
6,30,0.10106556014170469,0.15413093334542954,0.14859011259851762,0.13050499569363233,0.0943812778098856,0.11238060117913647,0.0156481615231019,0.050276002378608985,0.4,0.1,0.9,42,10.400394128797132,28.791681459323364
6,31,0.10177650726362311,0.15330703817934352,0.1477518123129046,0.13018919743279597,0.09453486513206277,0.11494034498240124,0.015608678968550954,0.05026374795181815,0.4,0.1,0.9,45,10.339374859347089,31.014314209633508
6,32,0.1007733026132129,0.14744329244302662,0.14184264260788249,0.12488723455047913,0.10103928439603224,0.11462877130546187,0.01563120228913779,0.05031582809805894,0.4,0.1,0.9,47,10.293374782125843,31.672908362266504
6,33,0.09864911592828973,0.14292449697845144,0.13760446841284957,0.12095537208423425,0.09529066746581777,0.11351893312468878,0.015142244532041209,0.04901998866783942,0.4,0.1,0.9,49,10.181940626824172,31.67034818768585
6,34,0.09862489077048678,0.14277514986574852,0.13775693955377624,0.12150215514055085,0.09142296693457597,0.11350432651361582,0.015138140586221004,0.04904440571210887,0.4,0.1,0.9,51,10.176405086162974,31.603162541753274
6,35,0.09771638138714472,0.13835034836605492,0.13329948839654276,0.11872399745799195,0.09479458906640348,0.11310294894334853,0.01516093999636642,0.04892990084015502,0.4,0.1,0.9,54,10.124099066844728,30.897843558061734
6,36,0.09729319022038396,0.13714034437973996,0.13208214300995003,0.11891231911096292,0.0910501160616069,0.11327185505488242,0.015092449202121659,0.04855126352449262,0.4,0.1,0.9,59,10.03241761434309,31.665277349194128
6,37,0.0975310160640457,0.13679445078596122,0.13203380091754996,0.11897638499290836,0.09317069910027406,0.11334609096966161,0.015198378940688467,0.04890660001502947,0.4,0.1,0.9,60,10.014396163657135,31.55738776974936
6,38,0.09670105692155351,0.13434107278408222,0.1295654005711459,0.11706618926528821,0.09309661276678319,0.11165179157970151,0.015518722206883448,0.04902670786392878,0.4,0.1,0.9,62,9.875022896700925,31.51959891186576
6,39,0.0975253035672412,0.13459229372750658,0.1304171327933764,0.11848806200604986,0.09214984607118165,0.11331308699185123,0.015580934254870926,0.04934724893690839,0.4,0.1,0.9,65,9.938216073296989,31.19002354720609
6,40,0.09751856330928196,0.133410081463132,0.12952704475138377,0.11810288374294954,0.09580705959634789,0.11334789099705489,0.01581493405505561,0.0495484656810739,0.4,0.1,0.9,66,9.926081589213034,31.3375119840665
6,41,0.10145808791204225,0.13587215779507422,0.13227843556973082,0.12126904362202989,0.10107456653816915,0.11217088532584336,0.010907554275292873,0.05530349089016989,0.4,0.1,0.9,67,9.777911471831716,31.50872990406047
6,42,0.10132321308186987,0.1353516728071407,0.13175435958731924,0.12127881128136778,0.09696907315924783,0.11206615479138601,0.01091191964232701,0.05527488239402276,0.4,0.1,0.9,68,9.787563516769165,31.52568096554824
6,43,0.10143371948553098,0.1351094217658629,0.13150887478773254,0.12174407669630741,0.09701494871252751,0.11237123570484182,0.011414964523103335,0.05527402494082293,0.4,0.1,0.9,69,9.73937308560112,31.07669162169105
6,44,0.10123807250850064,0.13415348840142044,0.13054592095293097,0.12138950942446283,0.09705799609808355,0.11215210953216632,0.010858703408733067,0.05536332549772579,0.4,0.1,0.9,71,9.704086658564824,31.218148493800825
6,45,0.10115578978553291,0.13368844824146642,0.13038029422342223,0.12170003945620995,0.09657403744336496,0.11213254607299099,0.01089831229027778,0.055367836507086446,0.4,0.1,0.9,73,9.700981529345649,31.2024347078002
6,46,0.10076627964786741,0.13277208415108518,0.1294590818599642,0.12273308968698038,0.09592163430997674,0.11138908040693504,0.010949333988422506,0.055361666370258834,0.4,0.1,0.9,77,9.663784243855998,30.69545148552902
6,47,0.10035241974380717,0.1297218602277027,0.12668763849387216,0.12195089236206495,0.10009102518232159,0.11344993740942977,0.019327997162589292,0.053577711399071415,0.4,0.1,0.9,79,9.680995825563352,32.065622721510444
6,48,0.10035241979706841,0.12981186613736712,0.1270813753798411,0.12356959448910373,0.0955327562310676,0.11344993740341831,0.01932799716843101,0.05357771141227073,0.4,0.1,0.9,81,9.68099583865708,32.06562275856828
6,49,0.10126098586820717,0.13054954400286928,0.12781749444740445,0.1258936046615029,0.09665394514591194,0.11349085906434402,0.019574177452875693,0.05457419057268035,0.4,0.1,0.9,84,9.68291936943158,32.009154095260435
6,50,0.10013967614200978,0.1294313191228036,0.12669929430876853,0.1267125430136117,0.09535220543819578,0.11272927835646096,0.01936393922334214,0.05368955443290393,0.4,0.1,0.9,88,9.659832413517192,32.04923863672861
6,51,0.10158712042531559,0.13007673001166675,0.12703440311680853,0.1267991370509026,0.09951701247863642,0.11232174454169039,0.021380583658749463,0.055390068983136,0.4,0.1,0.9,89,9.656403363841395,35.40207250120776
6,52,0.09956949827497882,0.12787510511103634,0.12543697221150313,0.12569471361875273,0.09530646122164038,0.11392826594643095,0.01891701797442705,0.052777092187608864,0.4,0.1,0.9,92,9.74155091959783,35.40052073485819
6,53,0.09946198829944619,0.1268252382101653,0.12377257159856789,0.12577088535648542,0.0976547724402313,0.11377389452029765,0.019057747488515603,0.05285444469107945,0.4,0.1,0.9,93,9.729427202223036,32.50243185265073
6,54,0.099293316600963,0.1265139829827911,0.12376295399668708,0.12666827142746778,0.09520124614068039,0.11353097218065607,0.01904360376706051,0.05282040190966223,0.4,0.1,0.9,95,9.638322637795646,32.32697829752568
6,55,0.10169915264775253,0.1286210371918977,0.12586725388560666,0.12975025820480715,0.09788332016745037,0.11229303466878829,0.021308739818642567,0.05584819729631181,0.4,0.1,0.9,97,9.663392762942053,35.446508480430104
6,56,0.10131570192947464,0.12758603318475598,0.12482626713082055,0.12901580266343077,0.09928742332478825,0.11233589454483821,0.0213916117066556,0.055516085235011815,0.4,0.1,0.9,98,9.663048668704397,35.46785616850287
6,57,0.1574715323384277,0.18362046966923767,0.18328323554468418,0.1916742719551789,0.15337803215885376,0.11493932268209484,0.011942047483071531,0.11796155161663491,0.4,0.1,0.9,162,9.454309787236385,34.235145265176214
7,0,0.9300282590981627,0.8852850198540357,0.8843846839666273,0.8803655138369915,0.0,0.0,0.0,0.0,0.4,0.1,0.9,1,241.4859715670441,1347.157118780107
7,1,0.9008164465144276,0.9061480382851911,0.9050903709934164,0.9007781060236032,0.06978111583697916,0.10196520406576352,8.346508151239509e-05,0.00012009712984608,0.4,0.1,0.9,3,223.85759526010085,1259.7020391117308
7,2,0.8232417927282591,1.04466865207971,1.0425968241200092,1.0346229325713978,0.6820745288550438,0.0989337853552924,0.07629310114756753,0.29048140753590196,0.4,0.1,0.9,4,128.4146651250029,718.5887438631855
7,3,0.7810527087459701,1.0227693393658137,1.0205416328913268,1.0127277521976001,0.33566478392436616,0.09974461298686932,0.07564675572069436,0.2879281389048645,0.4,0.1,0.9,6,118.68941183195986,675.5401131120827
7,4,0.3488518164101626,0.6586123776992721,0.655583275326046,0.6435141333886748,0.48743566915980235,0.09933949390218748,0.0038297553400182876,0.04780582213353213,0.4,0.1,0.9,7,72.45973855355149,247.7034266088273
7,5,0.342251686742731,0.6532650031289957,0.650125665357942,0.6376328328719408,0.13193463756445223,0.09888000334584944,0.0076178927384408365,0.057259178867521895,0.4,0.1,0.9,8,68.56220764592115,290.3591143815169
7,6,0.25622675715262283,0.5594705817987147,0.5556351653902758,0.5413119347909742,0.3428124573949143,0.10553972466498021,0.004286352246570835,0.04899350293365669,0.4,0.1,0.9,9,49.20519356730382,173.6902085943655
7,7,0.25148951028385935,0.550426352461402,0.5464625911946448,0.5316467453368015,0.1407072503098853,0.10158696033919097,0.008074489644993353,0.05844685966764648,0.4,0.1,0.9,10,46.190155745290944,210.76348811079416
7,8,0.1977637399835426,0.46332816047718123,0.4589848642740353,0.44171402631823287,0.34519748477650647,0.11045924694477298,0.006424086696084157,0.05455408848519255,0.4,0.1,0.9,11,33.43153903237706,122.49587966194834
7,9,0.19661360754445736,0.4547032459007153,0.45024216310216536,0.43252006084014494,0.1432878336128916,0.10419668808123103,0.010212224094506686,0.06400744521918235,0.4,0.1,0.9,12,31.63758094763641,151.84494499699144
7,10,0.1696128246402276,0.40998415771059565,0.40526451572162414,0.3871274764230863,0.18357800141108138,0.10228039274841624,0.006137886664268725,0.05222968012891601,0.4,0.1,0.9,13,29.0557889338324,95.98261799895268
7,11,0.17619921410653444,0.4100184103212022,0.4052094784840895,0.3869548922464186,0.1327782993952662,0.1029864818852306,0.010290325868220554,0.06414395425546394,0.4,0.1,0.9,14,27.08931627045808,132.89340097875635
7,12,0.16115129342110196,0.38947714933751676,0.3845953370220566,0.36643277462247437,0.11538879414850906,0.10237673532362815,0.006221351745781119,0.05234977725876211,0.4,0.1,0.9,15,26.711717919420195,89.77210036834539
7,13,0.16358208403499302,0.36655537546528244,0.36104692923282683,0.3423528403430397,0.23040657481555354,0.10282485290272163,0.006491758164654447,0.0724492689066843,0.4,0.1,0.9,16,22.40719185194536,68.71241152789798
7,14,0.15240340931334292,0.3271780699408547,0.3213516187180932,0.3014347605703159,0.21989305165903933,0.10098650412186023,0.007074782149934984,0.07446676519842234,0.4,0.1,0.9,17,19.23450876172945,87.62602868955099
7,15,0.14412273912752263,0.30039148009634364,0.29436294986036227,0.27406875391224805,0.14417642721233997,0.09818610331353037,0.007172972881940553,0.07454084213418669,0.4,0.1,0.9,19,17.493922749857465,83.91444790001908
7,16,0.2793952313412251,0.36348236265304623,0.35702502695639715,0.33400276512983296,0.5325953077903485,0.10133522335956775,0.0029912259570319616,0.2473266326246398,0.4,0.1,0.9,20,11.68762347663132,48.426372757631285
7,17,0.26408553456838324,0.34813195748021697,0.3419772003799233,0.3193799377588915,0.2483023568924814,0.09960767911437168,0.002577754683202148,0.2311533154039548,0.4,0.1,0.9,22,11.741311362929814,50.71583321983942
7,18,0.2546355692546636,0.3310291893276006,0.3244978270066248,0.3022622854802171,0.2671370548439801,0.09899962051591568,0.003495382911830705,0.2227278052982519,0.4,0.1,0.9,23,11.401050379477802,53.949527736228205
7,19,0.2601932362042258,0.32929473538340576,0.32299658322185404,0.30026565440912734,0.2734971114682065,0.09799348645886892,0.0026759454152077153,0.2312273923397191,0.4,0.1,0.9,24,10.932780836560331,50.0116273415396
7,20,0.2532920934749664,0.3197888804197579,0.31316308037105106,0.2909870626176738,0.24996012374287332,0.10255867506894911,0.0032731586293156126,0.22205411662122465,0.4,0.1,0.9,25,10.848343971283066,48.98559375592531
7,21,0.2311994419794567,0.29542284159045296,0.2884725610343674,0.26762300033153386,0.22717137079186414,0.10740099688841157,0.003536649603863062,0.19583223398015864,0.4,0.1,0.9,26,10.719606822926076,39.51820224135744
7,22,0.251415322745498,0.3107463613873235,0.30405271881139734,0.2822982942532525,0.25810199867450984,0.10130135838969304,0.003323720895696644,0.222163133492793,0.4,0.1,0.9,27,10.64606474799714,49.00373951073379
7,23,0.27291573603535935,0.3280411631425144,0.3216108255000011,0.3004370990882123,0.27801222358961286,0.10147271803148279,0.0027799815196234414,0.24699018088474003,0.4,0.1,0.9,28,10.6001559087024,46.823493726667984
7,24,0.2521681734792087,0.3054617773122563,0.2987113477089374,0.27822765584586195,0.24476118112414683,0.10072313248908529,0.003323641968037776,0.22459137913105182,0.4,0.1,0.9,31,10.238615054727084,59.26273196846974
7,25,0.2709146726050805,0.3210990142951901,0.3149252398064678,0.2939874420655556,0.2734404102786773,0.10084669926429175,0.0024642607484491093,0.24616903733143142,0.4,0.1,0.9,32,10.241320099602683,45.00413739960602
7,26,0.27417750703577304,0.32398720770396644,0.31780996552028506,0.29888231864544973,0.2657296673655033,0.10118088267513117,0.003895114987702081,0.24956685528640418,0.4,0.1,0.9,37,10.448299199786312,46.90954648452078
7,27,0.2716849411898987,0.3213840155917389,0.3158116674949548,0.29925721179547116,0.2632013608460282,0.10181097547609452,0.0030194518086723494,0.24667645200666305,0.4,0.1,0.9,43,10.440544686262587,46.62982138643796
7,28,0.2716490473712513,0.3208114187806567,0.31553693758986995,0.30045922886340165,0.2638361669147774,0.10137015047887543,0.002888189514022679,0.24698018259199075,0.4,0.1,0.9,46,10.308267230308816,46.86732764424857
7,29,0.2719099351684754,0.32023206297481255,0.31494975651789314,0.3016460887062003,0.2649814903488469,0.1013944169263554,0.0028805403481690812,0.24743791971223947,0.4,0.1,0.9,48,10.286693227952576,46.94015614798409
7,30,0.273893813766275,0.321457011085604,0.31616763809348974,0.30171380049017593,0.2682659586196687,0.10155023933087803,0.005018363760472875,0.24949547125063448,0.4,0.1,0.9,49,10.351353952177298,47.06084964782874
7,31,0.27270637164871253,0.31964306838873124,0.3143477969328863,0.30189687049493474,0.26674978729033244,0.10143641990318293,0.0029603424887697806,0.24858673045372223,0.4,0.1,0.9,50,10.304813885291734,46.97685516761236
7,32,0.26875534506760423,0.3156548372440318,0.31035922665184756,0.29790713307341793,0.26072187503809047,0.09961995227076784,0.0023308204077340253,0.24508214332510136,0.4,0.1,0.9,52,10.014284520609587,44.514896245134025
7,33,0.12984123872579692,0.17435582232703925,0.17024975616891488,0.17148091765921417,0.12251507565707964,0.10320883925768949,0.01572958227542328,0.0882198515926739,0.4,0.1,0.9,88,9.94176161730834,58.3470807218163
7,34,0.1386108379329563,0.18210810263852723,0.17920448254525032,0.19103928399139292,0.13145346317795736,0.10005006490004656,0.014038430567973015,0.09983916404849555,0.4,0.1,0.9,115,10.050771745523264,69.78903470868525
7,35,0.13772476307315976,0.18064780455413088,0.17773882205519234,0.18922098933038217,0.1324562275302381,0.10107350549908596,0.013452740302668045,0.09858224543828178,0.4,0.1,0.9,116,9.961637492102907,69.04006403172009
7,36,0.1377185621647562,0.18014364166986774,0.17723001727712734,0.18969085673307967,0.13228284639528262,0.10097893480013398,0.013416564369301224,0.09872304116651116,0.4,0.1,0.9,117,10.12366932468557,68.96423652781337
7,37,0.13758854733473164,0.17995041165975034,0.17703620514410523,0.190491138954548,0.13068103703521788,0.10101913953211925,0.013341487314421785,0.09858192519689586,0.4,0.1,0.9,118,9.914388812768784,68.89473581403736
7,38,0.13724966897032764,0.17785193525222504,0.17461841250897564,0.18768322645752455,0.13612209531635588,0.10102996385605671,0.013270688898106262,0.09854714311950133,0.4,0.1,0.9,119,9.851264331862458,69.01720771120115
7,39,0.13774060002868704,0.17819568482785264,0.17526376179205794,0.19097586206513587,0.1310665537517407,0.10009147184110886,0.012550377251460281,0.09963766892248274,0.4,0.1,0.9,127,10.048345879605137,68.90184816637999
7,40,0.14833882404818116,0.1879171087644702,0.1855829563593913,0.20126436229631353,0.1429546449472418,0.10056608765792999,0.017577567122461186,0.11085662826237097,0.4,0.1,0.9,130,9.826398313647248,68.12848932830615
7,41,0.14849503431693728,0.18802657080341745,0.18569196812938,0.2062763153924753,0.14195126445258033,0.0991347775274736,0.01763746667243948,0.11166896956277436,0.4,0.1,0.9,135,9.820792503664096,68.0758716844547
7,42,0.14849503431693725,0.1881165767030229,0.18608575036145564,0.20734837696168812,0.1419197697855067,0.0991347775274736,0.01763746667243948,0.11166896956277436,0.4,0.1,0.9,137,9.820792503664093,68.07587168445471
7,43,0.1482285386443999,0.18774273099541486,0.1860138854357835,0.20864601525748888,0.14202515190513,0.10040128695982158,0.017559801616436138,0.11085821894679396,0.4,0.1,0.9,139,9.820744680919962,67.7916266057867
8,0,0.9198805902722161,0.8824767303106821,0.881554323147896,0.8774509968383972,0.0,0.0,0.0,0.0,0.4,0.1,0.9,1,251.9048862840797,1329.1297799137778
8,1,0.8941851862245842,0.9009254594471253,0.8998632335357535,0.8955341458768264,0.061944988782284875,0.0903831703478042,8.295834010699271e-05,0.00011060405172968,0.4,0.1,0.9,3,235.39129935588585,1196.2884832735238
8,2,0.5131936364315727,0.7637725031461731,0.7617589698774054,0.7537501604527785,0.5197580192835263,0.12682057729148616,0.0026392921049278634,0.00880534000423104,0.4,0.1,0.9,4,119.0591691363419,594.1129814471676
8,3,0.47791647057484604,0.7437282969038248,0.7415601592945421,0.733811259686537,0.08695330661901765,0.12555017927404374,0.0027233755295108996,0.00897293944139939,0.4,0.1,0.9,6,111.99682137671876,569.2016440546845
8,4,0.394244351208887,0.7030355840130846,0.7000511806689707,0.6893879806034486,0.4216092954105297,0.0992541986092249,0.01633916379749025,0.08948847702138636,0.4,0.1,0.9,7,65.30770544457621,413.72785652600095
8,5,0.34972717072711557,0.661359245517842,0.6580431672575604,0.6470468986435867,0.18336156379652435,0.10025542406102741,0.0164189634640904,0.08968397668724301,0.4,0.1,0.9,9,56.76934615511093,376.3325522825781
8,6,0.3364653333620181,0.6468870244919277,0.6433969256691818,0.6324087225412445,0.19410834237613675,0.10148768660330221,0.018664793876784005,0.09743684752771996,0.4,0.1,0.9,10,54.68657192841036,319.2377614576298
8,7,0.2503813682389716,0.5306789913722724,0.5265956565621104,0.5117154819711851,0.45752284851403136,0.10469071602630861,0.018119633090662526,0.09385041444184342,0.4,0.1,0.9,11,37.20293151257844,282.8816932498135
8,8,0.23878299300174793,0.5070484257977544,0.5027506947682144,0.4870515060422073,0.21059789208158022,0.10440009827020902,0.019769906299146833,0.09789338698266162,0.4,0.1,0.9,12,34.651020523844416,263.3938907109433
8,9,0.19830443431694125,0.4229758340697332,0.41804625078648866,0.4007002812448727,0.36058843038775956,0.09993281524323988,0.019425515406490096,0.09596035178101332,0.4,0.1,0.9,13,25.806350768324105,221.7115681931554
8,10,0.1793180043204699,0.3714472783355062,0.36611825535778,0.3474958461665523,0.20181141548471693,0.10068490018614007,0.01784523251867856,0.09508405094491232,0.4,0.1,0.9,15,21.796946419973214,181.63791452290008
8,11,0.17489936338813464,0.35882941767366155,0.35340631772898845,0.3353251430276128,0.1442881497366185,0.10064023537024169,0.017617950055741752,0.09442698020800414,0.4,0.1,0.9,17,20.95279485325201,174.45415279762395
8,12,0.17215820395474754,0.3516611772514011,0.34649336768485395,0.32823728533173524,0.13386565074964593,0.10113630340663612,0.017124055157746464,0.09308188153009736,0.4,0.1,0.9,19,20.13649497028093,161.6110580847647
8,13,0.173431055522674,0.35195906743720906,0.34678024592076506,0.32807255931878315,0.1316554310701657,0.10068490015441571,0.0178452325590482,0.09508405105095122,0.4,0.1,0.9,20,20.33198104294505,175.5694606719479
8,14,0.25760883535216245,0.3877029734891794,0.381702813029985,0.3633774996652995,0.419871732391145,0.09700349877054042,0.052225186756177086,0.2059755723381679,0.4,0.1,0.9,21,15.299894214072191,81.74370149715304
8,15,0.4059620217135745,0.5156426596906702,0.5094365351425649,0.4905813898856529,0.4211843668183304,0.10663847724770567,0.08844459832245853,0.368979028205474,0.4,0.1,0.9,23,12.810421496871454,66.3335435387805
8,16,0.40424239637384163,0.5045439281362581,0.4982448855361641,0.48047733636409334,0.39568827267089074,0.10567198025390936,0.08701068058491601,0.37038918857019554,0.4,0.1,0.9,26,12.746988050958908,85.94949892253933
8,17,0.36153403469406953,0.44318362067519945,0.43700554819753823,0.41888451526184745,0.3630064037088591,0.10340743190276089,0.07507020190206731,0.3303215305138716,0.4,0.1,0.9,30,11.907479295890484,68.32310696262998
8,18,0.36086162434539176,0.42851320401563364,0.422201125464007,0.40439313552661377,0.3731935714314046,0.10336900621923725,0.07577093934948145,0.3329351624803471,0.4,0.1,0.9,32,11.175568283101263,65.02231766715522
8,19,0.37618346062601227,0.43900367734328627,0.4326459124258105,0.41438709905963844,0.3813958059056708,0.10467214814025452,0.06900884895097868,0.3512306339271214,0.4,0.1,0.9,33,11.0257773169025,56.43683462505725
8,20,0.3732326827628901,0.43429122034126066,0.42791679573588914,0.40959373644907915,0.368354237011594,0.10487260024325502,0.056870250428947854,0.3496095441028781,0.4,0.1,0.9,34,10.954699845670891,50.16939578427036
8,21,0.3706450491459119,0.4268829461385334,0.42046294761068054,0.4027234599546195,0.37757777382339713,0.1051885526326473,0.06771320711049303,0.34648052266144386,0.4,0.1,0.9,35,10.994548308835514,55.52140576719359
8,22,0.37872469416962284,0.4348962000181631,0.4284754630730688,0.4112142415049493,0.3693680201873414,0.10519077689181655,0.07019416755185345,0.3552180413738388,0.4,0.1,0.9,36,10.652462952738087,57.54963127570331
8,23,0.3746409511285379,0.425163852190787,0.4186903398170858,0.40122576660482345,0.3847415522121454,0.10576715003418968,0.05782186999404532,0.3529941459542283,0.4,0.1,0.9,37,10.413315233330446,50.89829121783366
8,24,0.37723084357720604,0.4256451053565677,0.41945480202418667,0.4022859507976838,0.3762944141230151,0.10519077689181655,0.07019416755185347,0.3552180413738388,0.4,0.1,0.9,38,10.335809599521772,53.92889290588523
8,25,0.3268387389746978,0.37428222855932974,0.368082857470614,0.352323139103391,0.3202493708748998,0.10733271767728003,0.06368078780385995,0.2992033960100279,0.4,0.1,0.9,40,10.4481052165104,51.83170742598307
8,26,0.3454402619440539,0.3911246913383056,0.38490889821740804,0.36879797333961056,0.34355228386561004,0.10906679917441968,0.05818119151580828,0.3200810990502325,0.4,0.1,0.9,41,10.39109438263781,42.89837166819181
8,27,0.34702632362766056,0.39023359414576775,0.3839947370819041,0.36829591981907756,0.34802618861192075,0.10917924009660711,0.05845746882306953,0.322275182275775,0.4,0.1,0.9,42,10.323033421085547,43.150836459824646
8,28,0.3433726169897679,0.38130594436975684,0.3750181252435937,0.3597179999660318,0.34586258648478535,0.1090152851930479,0.05870737601346827,0.3193307168804506,0.4,0.1,0.9,44,10.15083961728578,42.48230948204856
8,29,0.3334658047922984,0.37135314405095077,0.36536795068354533,0.35225483061204194,0.32706939934844964,0.10857439363588832,0.0666534216421868,0.3076634331504787,0.4,0.1,0.9,50,10.01929268281873,51.45618765782664
8,30,0.34783358734317843,0.38179120489034035,0.37576966597226713,0.3625178528077715,0.3554078585914344,0.11036762885202411,0.05939028003527132,0.3244156809990801,0.4,0.1,0.9,51,10.060003005281567,48.80152521465643
8,31,0.3455137086150985,0.37878028038562983,0.3727523500880558,0.3600094004230692,0.3422012206402739,0.11097535285531768,0.05895715156925968,0.32175102870556854,0.4,0.1,0.9,52,9.913736926770335,45.54897388854799
8,32,0.2005286832667413,0.23302988789002738,0.22760075347794478,0.21700336041952192,0.19539952783144787,0.10946634460875329,0.017679041580098163,0.16609820626991856,0.4,0.1,0.9,61,9.966632636614843,48.14411894863345
8,35,0.20107826984386612,0.22726974235892622,0.22178259844190598,0.212484819054439,0.20410333157753444,0.11060708876528555,0.017321862678231645,0.1674467019289855,0.4,0.1,0.9,66,9.776239166636348,48.48864699562624
8,36,0.1998024137649385,0.22555776711470046,0.21915769728984313,0.20684831725524,0.1959901641918409,0.10897590430539197,0.01727845288486489,0.16679015551974286,0.4,0.1,0.9,67,9.875522025724658,48.04575482773275
8,42,0.22552711247619953,0.24275463877586279,0.23839732888200746,0.23486276092116995,0.22616579474043272,0.10625963667556522,0.008146244184125295,0.19927542230294035,0.4,0.1,0.9,82,9.651885089156348,39.249219423513246
8,43,0.23395741593329553,0.24885773249893306,0.24417629561480497,0.24544848078928472,0.23192307698890616,0.10010376097050773,0.005947231973204714,0.21202138996532827,0.4,0.1,0.9,98,9.579911325646462,45.1720212872086
8,44,0.23434616922262258,0.24895492427789714,0.24427082137759865,0.24649524483272148,0.23237815170978035,0.10094337446692228,0.005927567698220474,0.21213401475392288,0.4,0.1,0.9,100,9.557485910959045,45.21282450952391
8,45,0.23395283814399015,0.24737662847524217,0.24268173558924575,0.2451857403257961,0.23564311855153447,0.10074339235991954,0.005985576669583517,0.2119884741876017,0.4,0.1,0.9,101,9.535141520241345,45.84602315699146
8,46,0.1823025212055176,0.19532619945271237,0.1912336651806406,0.19620855033571177,0.180772139766514,0.10010682829232645,0.005473576226409546,0.15504089299911333,0.4,0.1,0.9,104,9.40564224533605,47.36665756818832
8,47,0.17718290856000463,0.18934189994479467,0.18524152069497235,0.19018638353441944,0.1765858635359174,0.10052790135651697,0.006047243537844722,0.14925287153960395,0.4,0.1,0.9,106,9.381480814759472,46.91419562702613
8,48,0.18183521966286084,0.19416024081450353,0.1906672589449944,0.19678379273271795,0.17980727511328237,0.10007824441168314,0.0053971441311080484,0.15469662123314895,0.4,0.1,0.9,111,9.400460080177275,45.683455873936985
8,49,0.1816802095477354,0.1939592164807846,0.19046579812100442,0.19690735825131622,0.17972720563055872,0.09975321280656799,0.005539783608646146,0.15466105408947273,0.4,0.1,0.9,113,9.351761036765389,45.84574339966986
8,50,0.24947813237329214,0.2609132222478155,0.2562002799392998,0.2638294234261751,0.24833121563036403,0.10535219844006098,0.01588586474803649,0.22643843084799964,0.4,0.1,0.9,115,9.44971497740639,46.49625463424026
8,51,0.2510220338005729,0.2621019399368133,0.25768870574203456,0.2675657903087316,0.249434159115427,0.10540336362035596,0.017701717607584683,0.2280068280285117,0.4,0.1,0.9,120,9.415400133426926,51.49395183380544
8,52,0.24946269434500207,0.2596157363729007,0.2551941138986237,0.2669988776565429,0.24852426670311958,0.10445061252833224,0.01598741743129574,0.22704900539818187,0.4,0.1,0.9,124,9.352217980873364,49.79988245104549
8,53,0.24872234572011762,0.25820969979138586,0.2534790459925325,0.2685972394965371,0.24736434271718316,0.1055885139733653,0.015814987075749437,0.22583928498418585,0.4,0.1,0.9,133,9.368004141865663,46.08854621249263
9,0,0.9632993941798542,0.8942893014628068,0.8934595456337232,0.8897105196048011,0.0,0.0,0.0,0.0,0.4,0.1,0.9,1,209.8085151809085,1341.542105955278
9,1,0.9288320900170578,0.9122478104353495,0.9112610743985478,0.9072196570167789,0.06680859295744156,0.09466030442865976,8.412122249237467e-05,0.00010835683126481999,0.4,0.1,0.9,3,194.31831230576088,1254.2270293155111
9,2,0.8916607279730427,0.9156239239257725,0.9145032078671836,0.9105444397852608,0.10760983856005638,0.13956621988920687,0.0011058299896999928,0.00275084791023846,0.4,0.1,0.9,4,184.54202407483064,1083.628357454457
9,3,1.3199005248632647,1.627408066780281,1.6242702333342454,1.612611701414481,1.7739307712714938,0.23372061769381927,0.3370897385121663,1.0,0.4,0.1,0.9,5,75.73234245705936,204.12155201202543
9,4,1.2686680999841857,1.582494139890012,1.5790307953112201,1.5668632986216164,1.084236860834401,0.22509364863195006,0.3371675599999741,1.0,0.4,0.1,0.9,7,64.62960007740821,172.86552824475257
9,5,0.7356115776141305,1.042552563496678,1.0388632792729726,1.0243067869821205,0.7382405644807004,0.16380506229883537,0.16128422613495896,0.5217244437141362,0.4,0.1,0.9,8,50.62948443728322,205.93465143568315
9,6,0.6915526918442122,0.9840482221940715,0.9799194699021067,0.964341097694883,0.6293682369764839,0.1570326924235247,0.16136204762276674,0.5219288991683368,0.4,0.1,0.9,10,41.19529554527364,171.53668633153814
9,7,0.676765945826961,0.9586357743794511,0.9542800425457423,0.9384184198570829,0.6357127477946893,0.1466108643116074,0.163499865355921,0.5302219578607994,0.4,0.1,0.9,11,36.873556179723565,125.33882335388634
9,8,0.5802824630713115,0.8534220905326886,0.8489056898418125,0.8322344961177399,0.5262965254529368,0.1494817719609663,0.13543175668499835,0.4379073879655572,0.4,0.1,0.9,12,34.32607724048403,145.22020367861154
9,9,0.6391272128343581,0.8870427310704413,0.8824222269347383,0.8645743981201287,0.7062360714206505,0.136574313959784,0.16492146978709987,0.5353760801890564,0.4,0.1,0.9,13,27.614214170389577,86.09521778738893
9,10,0.5538991449441365,0.7243217993812667,0.7190528304266149,0.6974844736387917,0.8577196404741383,0.13125036744099347,0.15298690449403643,0.4929814097680031,0.4,0.1,0.9,14,17.556058212374914,81.66899078026444
9,11,0.5401438957178274,0.6749978903774261,0.6693499018816118,0.6469361889997574,0.5800163432844294,0.12828381450852072,0.1530652964013333,0.49313155137019543,0.4,0.1,0.9,16,14.643126875287658,67.73854356979051
9,12,0.5345658157609892,0.6523591650556677,0.6465368525652215,0.6238409430139575,0.5422164370538463,0.1317878813288608,0.15231976829390145,0.4911767684698359,0.4,0.1,0.9,18,13.571235711845906,58.41108553429139
9,13,0.5272307040453319,0.6186525169652438,0.6125691893665447,0.5895940861096604,0.5574041057695787,0.12959459800965537,0.1525549440157922,0.4916271932764128,0.4,0.1,0.9,20,12.035386677551957,51.64762914212344
9,14,0.5058853194536018,0.5874295775214293,0.5815535678957509,0.5584665689995325,0.5081175380210754,0.12858633357326868,0.1462519134989075,0.4716385803026122,0.4,0.1,0.9,22,11.852184678800205,45.64380190530624
9,15,0.5050997758730351,0.5792750663975259,0.5733282698387598,0.5506378705209003,0.5043931900127163,0.1303287528639561,0.14631188718970975,0.4718167374615098,0.4,0.1,0.9,24,11.594077711925252,46.10380320550454
9,16,0.5067071563281742,0.5797011033487944,0.5734400855411298,0.5516095861084698,0.4951599896099554,0.13838342567334921,0.14611121935767327,0.47031009850502,0.4,0.1,0.9,26,11.620139706622991,52.823199967405046
9,17,0.5238128089210086,0.596130851223917,0.589863381892189,0.568442051424338,0.5128684714631425,0.13047778237787194,0.15267907354419732,0.49226354933114747,0.4,0.1,0.9,27,11.49523488936276,45.99239955132013
9,18,0.5154053459713985,0.5861869552817426,0.580510746116262,0.5592029582391141,0.5054669198085421,0.13207852373806178,0.14929423843507017,0.4829984147966355,0.4,0.1,0.9,29,11.334417227958737,47.22606186871687
9,19,0.5093755020587417,0.5740770335092509,0.5683430071383808,0.5472608078100791,0.5083342411244709,0.1293369021718776,0.15386433027917776,0.4784377868458735,0.4,0.1,0.9,31,11.04584712197392,47.10465466504213
9,20,0.5091753265570884,0.5729080994674027,0.5671648807299303,0.5460473336646823,0.5010757928724325,0.1293369021718776,0.15386433027917776,0.4784377868458739,0.4,0.1,0.9,32,10.888013119176753,46.70596462272859
9,21,0.5079187651646787,0.5678887697794023,0.5621099642222003,0.5418533339063316,0.5102921173012205,0.12796917433903857,0.1538803834358392,0.4785031168235542,0.4,0.1,0.9,33,10.63453261939018,42.9015471819079
9,22,0.4546889686837705,0.5127754204137894,0.506675849157427,0.4902986526163339,0.44505197842599903,0.13525496190927916,0.1306607481760084,0.41910297905724414,0.4,0.1,0.9,42,10.972860565012688,39.008093332959646
9,23,0.4430400079428983,0.4967178021267541,0.49057678621432443,0.4751350173210598,0.44119271309165864,0.13228500012394265,0.1275198891951061,0.408798794697636,0.4,0.1,0.9,44,10.798567058650711,32.31950084470035
9,24,0.44165549664862147,0.4948833811032338,0.48873814882453104,0.47384924674076834,0.4338390732935924,0.1324699251964056,0.12698504518574474,0.4073354827340709,0.4,0.1,0.9,45,10.75301648968572,31.67346387820936
9,25,0.44340718338479024,0.4966765714986777,0.49083475659789727,0.4761131082419412,0.43421569861369713,0.1318463287028406,0.12776969699528565,0.40948224010174217,0.4,0.1,0.9,46,10.780929211158206,38.21891666779186
9,26,0.4651035946754417,0.511859334627703,0.5053506471831131,0.4917325977355082,0.4613148349559898,0.1361222765549533,0.1348179572237378,0.43225725984067964,0.4,0.1,0.9,51,10.371881292460596,47.09685543774293
9,27,0.4402148062010423,0.4856668003581106,0.47914590916043914,0.4652141725157421,0.43454986828836323,0.15794362341865492,0.1268337117792513,0.3960642172288392,0.4,0.1,0.9,53,10.5260642622691,45.49652265308643
9,28,0.46308991765950724,0.5020676892279783,0.495486624775923,0.482425458427471,0.4674487054691344,0.13555021192279346,0.13483304866966625,0.43187191489686,0.4,0.1,0.9,55,9.912064940493607,41.05347721825866
9,29,0.4602679314053414,0.4984131729031402,0.49212731305997537,0.47978097538427,0.4547751402509358,0.13537642877078507,0.13393356537422194,0.4290981637935604,0.4,0.1,0.9,58,9.900615937276289,39.97384512114795
9,30,0.4345948235784435,0.47153764917806656,0.46554370526518135,0.45448026440102823,0.4326736062872051,0.15778420111929092,0.1259458453089848,0.391758351443647,0.4,0.1,0.9,59,10.387253866235044,30.4285873130571
9,31,0.45048611965931695,0.4856568885407988,0.4796465304414891,0.46730672492712194,0.45051860707820457,0.15100190370577632,0.1320303945696135,0.41210476250566097,0.4,0.1,0.9,60,10.201621424552275,36.18007881456404
9,32,0.4421828419117019,0.4746081988358959,0.46857250029976694,0.45793828618443366,0.44598159980007857,0.15734950605299955,0.1286471825822269,0.40097083395777844,0.4,0.1,0.9,61,10.220012697654,35.59599449963069
9,33,0.4589323570588041,0.4888767740813157,0.48281821858357465,0.47150797007669126,0.46225234226867334,0.15061623510136965,0.13321535166038986,0.4225454582842995,0.4,0.1,0.9,62,9.882443793156112,34.903699661779804
9,34,0.45164018178671245,0.4803068608601271,0.4742365640451627,0.46316583422138624,0.45110392475840966,0.1561076423531355,0.13163790758744576,0.4124220525200051,0.4,0.1,0.9,63,9.789384593965838,31.73150060368353
9,35,0.4471536521889483,0.474814895224309,0.46903830245203154,0.45902575604517953,0.44618392753584096,0.15976992922678723,0.1299711622120444,0.4062026615364564,0.4,0.1,0.9,64,9.895959290207804,30.857072216390154
9,36,0.4625895221442078,0.49019568643816014,0.48472151164675936,0.47636036253699987,0.4580016744738,0.15388181810873008,0.138417456726049,0.4250595683458613,0.4,0.1,0.9,73,9.868000108563404,33.76469947776748
9,37,0.4254216821315685,0.4506340365772217,0.44422901136677123,0.43814628486714524,0.4223344994233074,0.13779910118073396,0.12172323965114035,0.3931647376809477,0.4,0.1,0.9,79,9.669277646382872,37.54979115929935
9,38,0.4609792536164491,0.48637553927667543,0.4814870527496006,0.47623707784534564,0.45764000846504416,0.14699604775463224,0.13364205713546504,0.4273111712790393,0.4,0.1,0.9,80,9.839909261086747,35.43378158796457
9,39,0.4522183360883837,0.47464297893625146,0.4700302040569219,0.4661429108360338,0.4536416928730084,0.1603646304924036,0.13268654330053403,0.41230954922660573,0.4,0.1,0.9,82,9.7771177841454,31.69631219652917
9,40,0.453456795879133,0.4742620197654724,0.469331477998932,0.46824793756771843,0.4512752098064201,0.14904738065005127,0.13989535645551718,0.41819636194152726,0.4,0.1,0.9,86,9.710867447656428,33.74384537002782
9,41,0.43896761124141404,0.45652297109633033,0.45277463135386303,0.453521396185531,0.44010834390882214,0.14014609525916494,0.13827439925297322,0.40688571112341,0.4,0.1,0.9,89,9.448820417747417,29.665685020773928
9,42,0.43864071831946916,0.45526388810963125,0.45150704613910103,0.45253584876447805,0.4374654749462164,0.1402620261815766,0.1381963833702111,0.40664639383178364,0.4,0.1,0.9,91,9.386441599794432,29.41772328451558
9,43,0.427097252919817,0.43958579378339235,0.4354883802628443,0.436002723435574,0.43851728451389843,0.15629466041078546,0.133243858420017,0.3879597007711286,0.4,0.1,0.9,92,9.508260871962577,31.854654800603168
9,44,0.4277255360628031,0.43763905969078554,0.4338212128213925,0.4365697539808344,0.42827154784968346,0.15598365478964676,0.13391772596179874,0.389184157108131,0.4,0.1,0.9,96,9.42171957364348,30.82859783525525
9,45,0.43317004080178373,0.4423248252201917,0.43940903974760886,0.4439687814111289,0.43214465702010774,0.1596225900229626,0.12153183197151719,0.3951697508671681,0.4,0.1,0.9,103,9.471722807230478,27.45908007713377
9,46,0.4333924518177076,0.44229845772848875,0.43938041487159196,0.44583542780497026,0.4320335785823905,0.15555755692776713,0.1318404808594544,0.39612069581755327,0.4,0.1,0.9,110,9.122315744074598,32.180545894941865
9,47,0.43463055708184434,0.44345944846610097,0.441146612585814,0.44860371606217897,0.433343083275354,0.16267800140793823,0.12162996394299816,0.3955119993433246,0.4,0.1,0.9,116,9.23034681209981,28.479437246664418
9,48,0.4345345596782858,0.4419758813816377,0.4399534916463778,0.4496807697423614,0.4349513871646854,0.15949307813447672,0.12174621886481266,0.39705840303037454,0.4,0.1,0.9,119,9.318189211248278,29.18502403736161
9,49,0.43479461236270606,0.4409877689012387,0.4389540843986507,0.4486266378398272,0.43791872917401503,0.1614418891811113,0.1216575534819142,0.39670246303213447,0.4,0.1,0.9,120,9.27625437194582,28.84492692987238
9,50,0.43299704852653886,0.43638829883222585,0.434935220189788,0.44746647399587447,0.4338402753105781,0.1613079011152899,0.12136475605052706,0.3952972491495044,0.4,0.1,0.9,127,9.136157497205913,28.35503091519633
9,51,0.4318142119866571,0.4344257032956051,0.4329655766254328,0.44812980519991646,0.4317932777188824,0.15630565963171408,0.13553112109210066,0.3947621196895334,0.4,0.1,0.9,133,9.05333690266913,29.583515600832108
9,52,0.4332424912644414,0.43553402674632724,0.4355859521503561,0.464164232843288,0.43298321085372216,0.15415494356396137,0.13738983718716494,0.3972253934859823,0.4,0.1,0.9,165,9.004596208672975,29.0508784335288
9,53,0.43305589236397213,0.433837141238676,0.4338754255849673,0.46309551341029803,0.43543970100322354,0.15612147826329395,0.1349550318778316,0.396663074771259,0.4,0.1,0.9,167,9.04040865474094,29.84634823435727
9,54,0.4349477198144365,0.43547334516447245,0.43550935361898935,0.46331549227223506,0.4349071309262003,0.15566950927152906,0.13575744202985918,0.3989186978251416,0.4,0.1,0.9,190,9.201120777098737,34.07250284647592
9,55,0.4349290930892686,0.43531753832485237,0.43504926044100806,0.4571640479696544,0.43489778363259574,0.15562723843189138,0.1357566839415038,0.39892461713476096,0.4,0.1,0.9,194,9.203270807370382,34.074196513407124
9,56,0.4360094331688823,0.4362330727724437,0.4359633187627864,0.4602059499329271,0.4362357422805104,0.15772525067023063,0.13556341511175177,0.39924097442613216,0.4,0.1,0.9,196,9.136352688164006,34.326812076221195
9,57,0.434981641328843,0.434981641328843,0.43501289172712676,0.4606551287290534,0.4354999650854837,0.15544598189493616,0.1357340072763648,0.39914427538136893,0.4,0.1,0.9,198,9.14040658557644,34.11030524424859
10,0,0.9293631093956363,0.8851018437849169,0.88420008437154,0.8801754794098869,0.0,0.0,0.0,0.0,0.4,0.1,0.9,1,243.04278526694745,1327.0991075282952
10,1,0.8997057741687454,0.9018869205413034,0.9008397395020197,0.8965680176751851,0.06200635293807908,0.08800537456430561,8.353797716083603e-05,0.0001061914253493,0.4,0.1,0.9,3,227.89234374698367,1315.605015102864
10,2,0.7711401192694104,1.0011167121449434,0.9989745337424257,0.9907282296926382,0.676133122509763,0.09958912468290779,0.08578365212301,0.2507052094012256,0.4,0.1,0.9,4,138.58687077456702,811.2534433081811
10,3,0.7280101629891927,0.978840384909341,0.9765199041026718,0.9683467048744883,0.3072271070396991,0.10023805433248392,0.08585979651316597,0.250898163955644,0.4,0.1,0.9,6,127.4658097692974,775.5724404936092
10,4,0.6326776417315484,0.9055167261322437,0.9029620298842813,0.893527961996462,0.317014072346828,0.09910777278146776,0.07154434681833444,0.20467685503675298,0.4,0.1,0.9,7,115.828347663142,627.5311506366819
10,5,0.6912095003804175,1.0018788002372285,0.9983432530053867,0.9843801017827662,0.9654821242444439,0.13885094552260852,0.15890095152380906,0.46612141112340133,0.4,0.1,0.9,8,59.13053229240319,255.61773377835925
10,6,0.5923709479403602,0.86529958211773,0.8607314023848989,0.843486582699334,0.6816117475944741,0.12251368549622903,0.1595408559406677,0.46774296815961136,0.4,0.1,0.9,10,34.87266011840084,159.7295378852615
10,7,0.555745152253919,0.798322803982332,0.7932300974877697,0.7743794530204212,0.6007795458326857,0.11070920542692979,0.16146056919124416,0.4726076392682416,0.4,0.1,0.9,12,24.924967727120777,107.60083273914348
10,8,0.5251392499724248,0.687701334340689,0.6820435389145221,0.6600204609800187,0.6191210447274694,0.11070920542692977,0.16146056919124416,0.4726076392682416,0.4,0.1,0.9,14,17.78046364274904,75.80027026562342
10,9,0.5121540761430284,0.6394890630352069,0.6334610260641418,0.6106107292885765,0.5527238261843349,0.10526191483876797,0.16211919508438266,0.4738031986405071,0.4,0.1,0.9,16,14.626207739234228,45.919809308183474
10,10,0.4962249216150108,0.6035792059421767,0.5973499288460493,0.5743760552900723,0.5114099226697894,0.10536491732438047,0.157543818529763,0.46285043797269915,0.4,0.1,0.9,18,12.905092779608337,41.50353095636863
10,11,0.4936651600635363,0.588367070757259,0.5820130817354332,0.5591975039491945,0.49805259019579795,0.1066429476082325,0.15760473913179057,0.46303322974655553,0.4,0.1,0.9,20,12.267864114358426,38.96455749319696
10,12,0.49363792430841213,0.5882292492234882,0.5818741557993761,0.5594734916889019,0.47554440725689273,0.10664294760823252,0.15760473913179052,0.46303322974655553,0.4,0.1,0.9,21,12.261601214592776,38.92209614959658
10,13,0.49214651624344435,0.5802604983332048,0.5738422931817706,0.5512293935252155,0.4984130838488871,0.1083292218330166,0.15725960172632428,0.4624067249824345,0.4,0.1,0.9,22,11.96789885350289,41.90880374169571
10,14,0.4925686291312792,0.5805817211254862,0.57416251365447,0.5519811419778573,0.4760275986746897,0.10731275899066657,0.15753282703689417,0.4633236253939585,0.4,0.1,0.9,23,11.863822711419363,39.95478905440196
10,15,0.4924170592471775,0.5763894189290913,0.5699310883509874,0.5478324890243462,0.4908645449539947,0.11099175322998316,0.15732120134632763,0.46259822598183076,0.4,0.1,0.9,24,11.530731562696658,41.210099938934334
10,16,0.5093540373217414,0.5823531419104508,0.5757892924602414,0.5535158309883941,0.5345873845203953,0.13010275263988286,0.1637272775766528,0.4749510545223122,0.4,0.1,0.9,25,10.717555064501198,35.99960256664879
10,17,0.983115715628621,1.05036205147937,1.0446521449806014,1.0250122202077792,0.9739351078074636,0.15705024386338856,0.3003703201510719,0.9756284158810203,0.4,0.1,0.9,32,11.307638162713374,55.06250635590307
10,18,0.9798656573680168,1.03950690517871,1.033725006466021,1.0151067752848735,0.9824595146452596,0.15279933678963092,0.3003452479455039,0.9756529546207163,0.4,0.1,0.9,34,10.848469841498256,57.94679352174479
10,19,0.9783180584108219,1.0314841104024086,1.0256412959979915,1.0072765618607544,0.9801767843436623,0.15063958848274034,0.3006053742039695,0.9762948004869904,0.4,0.1,0.9,36,10.485410618771684,42.95346068663228
10,20,0.9778337100543356,1.0287909602885352,1.023230381367389,1.0059358215942031,0.972887403115628,0.1509064339133022,0.30053486629513904,0.976140083162759,0.4,0.1,0.9,38,10.390215767215704,42.71322938901933
10,21,0.9793517937887684,1.030259486406485,1.024698415579278,1.0069092711920653,0.9706427859858707,0.15255455324459286,0.301468488115543,0.977001370238072,0.4,0.1,0.9,39,10.58177831614925,50.52880601527957
10,22,0.9776529488967944,1.023689319996067,1.018082739411044,1.0009013122024693,0.9780525227433088,0.15047427301131877,0.30148897369232563,0.9770656972973087,0.4,0.1,0.9,41,10.179256331779298,42.944407093942765
10,23,0.9773930428134826,1.0231261777631706,1.0178197060779837,1.0010966804964936,0.9701844250599545,0.15081039984861436,0.30135675778997667,0.9767241597677581,0.4,0.1,0.9,43,10.183026847912505,42.712478165446456
10,24,1.005927278130504,1.0492440899351978,1.0430062455515796,1.0277651200422078,0.9996711533225473,0.16627717726501964,0.3193543626827292,1.0,0.4,0.1,0.9,49,9.849439617322462,44.31349109010525
10,25,0.9995996937164076,1.0421121949545193,1.0358669063792496,1.019245864297912,0.9936403507092433,0.15076002932770077,0.31963373083149305,1.0,0.4,0.1,0.9,51,10.16273637325991,53.16513920019513
10,26,1.000482322968583,1.0419374474942882,1.0356823096031433,1.0195636804200463,0.9969493754110678,0.15345617156259336,0.31961901166735807,1.0,0.4,0.1,0.9,52,10.009297863937682,53.262532792749546
10,27,1.0003321110478656,1.0409648739795085,1.0347021175025455,1.0180140591881823,0.996142173722448,0.15345617156259336,0.31961901166735807,1.0,0.4,0.1,0.9,53,9.961664508802013,52.90801122506961
10,28,0.999450494425336,1.037871176040984,1.0315878719844884,1.0159098275366234,1.000447784795767,0.1522579848264306,0.31963801758277677,1.0,0.4,0.1,0.9,54,9.941600343880571,49.822072031072864
10,29,0.9993957928585613,1.0350110433532098,1.0290048451946743,1.0142129373590725,0.9982273491399946,0.15327408537076104,0.3201918487785778,1.0,0.4,0.1,0.9,56,9.74035653738175,49.43704468640571
10,30,0.9994715281649074,1.034716589037378,1.028706952052007,1.0144615102451842,0.9947234812146277,0.1534551815967291,0.320880823550798,1.0,0.4,0.1,0.9,57,9.68613729877547,49.24269861113317
10,31,1.0026571830410094,1.0333532452391991,1.0273016190918556,1.0150693485462583,1.0128645217952494,0.16350310328342624,0.32052482855658604,1.0,0.4,0.1,0.9,58,9.290557697527184,46.60575810031239
10,32,1.006243831360752,1.0364916952635852,1.0310417925119286,1.0212778138413365,1.001452484417928,0.17277786791061245,0.3203793853297873,1.0,0.4,0.1,0.9,65,9.148040444904376,65.47842477855819
10,33,1.007424030416452,1.0366257253011368,1.0308633028086178,1.0217896788619052,1.0041092946988912,0.17614214158729372,0.32037207614373703,1.0,0.4,0.1,0.9,67,9.080639292302452,66.76600882709637
10,34,1.0072033147600123,1.034983396413096,1.0295107995291728,1.0197005921139342,1.0050838417506747,0.17619498356277186,0.3205423294645076,1.0,0.4,0.1,0.9,69,9.026525720488534,61.69930483877811
10,35,1.0073173793076542,1.0350844051370482,1.029611723668172,1.0215867367278681,1.002694457353545,0.17668305901313114,0.3197539335786783,1.0,0.4,0.1,0.9,70,8.957951264433605,61.94393455245558
10,36,1.0062058240682892,1.0336439843476404,1.0281682726837853,1.0204359655866753,1.002700476178266,0.173904511987957,0.3203120175789748,1.0,0.4,0.1,0.9,71,9.018424835255509,66.96690285845496
10,37,1.005456438595287,1.0305552030818221,1.0247550854359173,1.0173376594534116,1.0088051056219711,0.17297411125035797,0.32034798151366395,1.0,0.4,0.1,0.9,72,8.911203709771844,66.04648673715306
10,38,1.0017065297549541,1.0262283862377868,1.0219377546253412,1.0189786690158147,0.9978938737141408,0.1651206928933924,0.31598665343609844,1.0,0.4,0.1,0.9,86,8.895064872110842,41.53398916718025
10,39,1.0016314861111069,1.024502197230354,1.020196429324819,1.0175179140376227,1.0006232058226638,0.16556000727129438,0.31623175684286625,1.0,0.4,0.1,0.9,88,8.820093172534305,40.88927936461244
10,40,1.0016281910871316,1.024569086380354,1.0205669891999696,1.0190802478203933,0.9978805633480036,0.1655600072712944,0.31623175684286625,1.0,0.4,0.1,0.9,90,8.817996041376777,40.88482957148675
10,41,1.0013246838730143,1.022937614106843,1.0189233525966128,1.0180317505504637,1.0022239875776155,0.165288602125799,0.3164794503953321,1.0,0.4,0.1,0.9,91,8.757066597478072,41.05633112779667
10,42,1.0015501497312502,1.0219411148345863,1.01852157093149,1.0212376264358611,0.998646942428001,0.1651266897530948,0.3216852270774563,1.0,0.4,0.1,0.9,102,8.838372078076606,41.824432482072005
10,43,1.0015081998342021,1.021732536709817,1.0186145057153557,1.0225783186245443,0.9986491619793255,0.1651266897530948,0.3216852270774563,1.0,0.4,0.1,0.9,104,8.815984523164614,41.74241698023438
10,44,1.0015155569891625,1.0208889318533068,1.0177630931970552,1.0227125348793313,1.0012184275649367,0.16551096254693437,0.32161009940200597,1.0,0.4,0.1,0.9,105,8.847309905605625,41.804178682421885
10,45,1.0015885198910874,1.0199939717829327,1.0171622680277483,1.022043187850307,1.00215399330006,0.1660980121391583,0.3217089457813658,1.0,0.4,0.1,0.9,106,8.76110983733833,41.552778806836606
10,46,1.0027574325261692,1.0203506311804709,1.0172085924562364,1.0220430085450178,1.0023138350272365,0.16929981931913946,0.3217580801084032,1.0,0.4,0.1,0.9,107,8.589403102381517,45.0680829196801
10,47,1.0030793608356519,1.0207129282722185,1.017874179305245,1.0233814554303535,1.0003922336719575,0.17013287186278658,0.3217253821495851,1.0,0.4,0.1,0.9,108,8.649108707518904,45.091962448910266
10,48,1.0029729776928316,1.0205358474598645,1.017696464071181,1.0235278495188775,1.000367320933783,0.1699154187996123,0.321645338527096,1.0,0.4,0.1,0.9,109,8.630429082310343,45.13414715269509
10,49,1.0039727750567267,1.0198481146762366,1.0182052304155191,1.028125095019985,1.0019153763721138,0.1773141502014516,0.30533212128903536,1.0,0.4,0.1,0.9,124,8.573396581177372,63.979356141059576
10,50,1.0008427224857013,1.015943879869263,1.015505822871447,1.0399379399530475,0.9986276948580064,0.16660808910702238,0.31866044411669237,1.0,0.4,0.1,0.9,156,8.710935095284343,39.65038410256446
10,51,1.0007867069404452,1.0158629363685143,1.0157275644774912,1.0405487882354998,0.9986633856366616,0.1665113328990083,0.3186696051981587,1.0,0.4,0.1,0.9,158,8.712344689876112,39.664397432678086
10,52,1.0008286927088614,1.0158592180846748,1.016632347850744,1.0508940292594058,0.9986093260256789,0.16575687110216075,0.32260746119432687,1.0,0.4,0.1,0.9,181,8.759704854139683,40.01524567877305
10,53,1.0005961175573739,1.015450520160301,1.0168280110721832,1.0546293070830404,0.9986847263371166,0.16562154261829062,0.32138665530458904,1.0,0.4,0.1,0.9,185,8.725916698534094,40.090843357865886
11,0,0.9614517036883364,0.8937974332848848,0.8929638027407736,0.8892001286602014,0.0,0.0,0.0,0.0,0.4,0.1,0.9,1,213.8377028396203,1315.7916634610342
11,1,0.9282101936813403,0.9128950344294906,0.9119042689951125,0.9078476287258744,0.06799419351666965,0.09755802682151808,8.420924006418662e-05,0.0001072235341654,0.4,0.1,0.9,3,197.92046435239524,1229.1285350943042
11,2,0.5333515120526491,0.7740071374618347,0.7720823544585242,0.764413265457325,0.5123845797907365,0.12525097002510238,0.0026734560174357432,0.00830275653057882,0.4,0.1,0.9,4,109.4115862929295,542.5658354336056
11,3,0.3964830337170433,0.696039858043891,0.693355739645318,0.6827845834121471,0.216052726290432,0.14287273296222858,0.004926302442963051,0.021096109957108332,0.4,0.1,0.9,6,72.6846867125563,8116.862898393702
11,4,0.35310350657110057,0.6612831197907364,0.6583292509344577,0.6475787429563805,0.12573863329035012,0.14138343568295877,0.00500610495219577,0.02129790035469965,0.4,0.1,0.9,8,64.04197413922351,8086.800499723243
11,5,0.37930609764095913,0.6881362810084543,0.6854582705301214,0.6748977079939021,0.11678541918918015,0.12065229195562074,0.02748232255920954,0.061717694669025124,0.4,0.1,0.9,9,61.4013897357344,8202.887949781107
11,6,0.2670653426389482,0.5752139054812437,0.5715773271906284,0.5587768934038718,0.3178921140635213,0.13637781746620814,0.006237793360803299,0.02441237502562433,0.4,0.1,0.9,10,46.25253045795158,8027.2252158993215
11,7,0.2548498276455691,0.5600291683562192,0.5562628050866842,0.5435484108557742,0.12629843700150642,0.13562326539499933,0.006933213733886091,0.026170830429178782,0.4,0.1,0.9,11,43.33643062926421,8018.524075317855
11,8,0.1973273260344336,0.47918115353994495,0.4748209617513188,0.45961499537678074,0.29209913118947606,0.12331429669192732,0.00743229372807778,0.02581763889196253,0.4,0.1,0.9,12,32.772848922030576,7661.222900721043
11,9,0.18932565595735334,0.4650709708490639,0.46090319547354675,0.44593240364204134,0.09317760594087489,0.12331429669192732,0.00743229372807778,0.02581763889196253,0.4,0.1,0.9,14,31.239265827102816,7616.374200040533
11,10,0.1790561924464501,0.4112516423944084,0.40641652007512813,0.39000887565892584,0.35202057459600006,0.11350269523414169,0.024467427633399895,0.06295773083812121,0.4,0.1,0.9,15,23.63591195488065,185.705573352373
11,11,0.17134070392591966,0.3909259546403439,0.38623438694834067,0.36996780327422246,0.13270750549307941,0.11350269523414167,0.024467427633399895,0.06295773083812121,0.4,0.1,0.9,17,21.89836719038217,177.5977978053815
11,12,0.17108240333496566,0.38989082605881975,0.3848867956535318,0.3687343761811055,0.10788529958133619,0.11295338947351907,0.024585130601725493,0.06337115497259445,0.4,0.1,0.9,18,21.79204267437799,177.23205827119585
11,13,0.16993883304542579,0.38708128393112623,0.38235901017306645,0.366913923753237,0.11266378376280052,0.11348346895571174,0.024486519303675798,0.063048052466564,0.4,0.1,0.9,19,21.61474370372702,173.943408861581
11,14,0.2065354178589214,0.4230587948362745,0.4180260540607701,0.4006181740010171,0.14392941400917192,0.1471113322957412,0.024029265323278697,0.08916650285175662,0.4,0.1,0.9,20,18.81570087827576,56273.24132826828
11,15,0.15460426248625225,0.35311222099474004,0.3484657071199524,0.3310610880220107,0.18088460099604384,0.14328677446503568,0.011229221489104753,0.04568739206034367,0.4,0.1,0.9,21,18.42686628768761,7978.27040858878
11,16,0.1484587765735723,0.3389485572111771,0.33420846923824576,0.3171299380733176,0.11447481188534067,0.13696105032961886,0.011459800576773118,0.04598569283333908,0.4,0.1,0.9,23,17.72938173958511,7861.588813308572
11,17,0.1477437621534227,0.336788064035101,0.3323342163960358,0.31549024571012935,0.10054275501923424,0.13696105032961886,0.011459800576773118,0.045985692833339094,0.4,0.1,0.9,25,17.51177969999565,7879.4674813398115
11,18,0.1479754355501395,0.3242974881061923,0.31969865653564883,0.3032269363225595,0.15726271568606012,0.1423329409527469,0.012697929248231639,0.050108153125747665,0.4,0.1,0.9,26,16.956501585181087,7718.000071724407
11,19,0.14412516004461431,0.3114432367900719,0.30644282978035703,0.28908568919274363,0.13814724270709347,0.14289791847396144,0.01250289976201249,0.04952838369552543,0.4,0.1,0.9,27,15.725223281374342,7857.894731638076
11,20,0.14402644672477732,0.31109411234355544,0.306091047357876,0.2887232617615992,0.10399059689455922,0.14289791847396144,0.01250289976201249,0.04952838369552543,0.4,0.1,0.9,28,15.690046891217987,7860.771853684727
11,21,0.1396155006976983,0.29471584409047286,0.289583284488023,0.27243726536818297,0.15061554787827017,0.14277251398771848,0.012564322208974023,0.049698973959880224,0.4,0.1,0.9,29,14.695305111157232,7806.543063387166
11,22,0.1384127679634769,0.29333987481162,0.28820547208860314,0.2713721407472665,0.1022944371704648,0.14245132788105258,0.012130018704025613,0.04862325108791052,0.4,0.1,0.9,31,14.80233974592205,7782.25916137366
11,23,0.13751748494470545,0.28769255427235085,0.282507620328432,0.2658881546459554,0.12131504936135135,0.14145695342238732,0.012626041500492973,0.04989278145030608,0.4,0.1,0.9,32,14.296461545635132,7734.36610101771
11,24,0.13186002468050043,0.27123547348155475,0.26654299686026073,0.2513578229029264,0.14310520814232194,0.14425258010732228,0.011287879829295808,0.046625118273999226,0.4,0.1,0.9,33,14.115531482708954,7884.908824499596
11,25,0.1274673872354285,0.2471176661429275,0.242223064550169,0.2259910619373596,0.13950917881578856,0.14256414330627684,0.012168810954753681,0.049080206520054806,0.4,0.1,0.9,35,12.761712051887416,7835.239835201186
11,26,0.12358027684715038,0.23269584689676542,0.22769566749149628,0.21183564682654382,0.12084220960509615,0.1416994759187576,0.011987781751978564,0.04841018192394595,0.4,0.1,0.9,37,12.080154508442808,7837.245166225958
11,27,0.12076016101097836,0.21141691777567861,0.20623497772884405,0.19074867244587784,0.1367366404576557,0.14111574635329513,0.01262047757780457,0.05068382376424313,0.4,0.1,0.9,39,11.556180405810933,7743.318965912416
11,28,0.11968216984322516,0.20502354879335644,0.19979009270378928,0.18490104228304827,0.1129333989507024,0.14110272882079558,0.012682196869323521,0.050877631254669,0.4,0.1,0.9,41,11.192545561192908,7676.263573028936
11,29,0.11963753396007426,0.2048752675896119,0.19994366868142227,0.18604116462818615,0.10383939643749664,0.1411027288207956,0.012682196869323521,0.050877631254669,0.4,0.1,0.9,43,11.180077232735748,7676.673697068069
11,30,0.1143813942924489,0.1885501219332484,0.18381504527390008,0.16903371747532564,0.1401471120797366,0.12506719800613236,0.01749365196033378,0.054426007052051015,0.4,0.1,0.9,44,11.086218785642922,7559.895546117673
11,31,0.12133578970790096,0.19201135577445513,0.18724290804258886,0.17322474427454523,0.12071911337899632,0.13744491132607467,0.015241441355661228,0.057742753670421,0.4,0.1,0.9,45,11.09223662305549,7696.358382030239
11,32,0.11290450317054228,0.1828184222049937,0.17804271131724228,0.16421797360283927,0.10286747911848318,0.12346588302158978,0.017512743630609683,0.05451632868049379,0.4,0.1,0.9,46,10.981133189280296,7553.077750385109
11,33,0.11318960347387007,0.18194052519237824,0.17715372903355847,0.1630656235634217,0.10480160496494262,0.1250491469537731,0.017535074356177488,0.05440212139851595,0.4,0.1,0.9,47,10.78012888214776,7543.412661046105
11,34,0.12199579314051415,0.1843776314636093,0.1795304641189669,0.16699280470943648,0.11826611588197161,0.15091792581733765,0.014911043733841424,0.054457050203853975,0.4,0.1,0.9,50,10.531958371604704,7788.570339038496
11,35,0.12306554867769172,0.18492661896130375,0.18007450065880154,0.16840892639455524,0.11388089132970787,0.15157713739136944,0.015332089160171234,0.05542594917416312,0.4,0.1,0.9,51,10.569440638108397,7766.106844033987
11,36,0.12189468386198885,0.17947332463734897,0.17458081257810296,0.1630160340292579,0.11914379214043247,0.1505218494714222,0.015358352362542006,0.05555019892140729,0.4,0.1,0.9,53,10.480089238292395,7760.625745872204
11,37,0.12099982347990362,0.17686672289602293,0.17195814885670987,0.16179447434524458,0.11413954623771583,0.1473306089500114,0.015420964154408355,0.05634489096747467,0.4,0.1,0.9,55,10.164021248970894,7705.790081087222
11,38,0.12220949520077229,0.17330335598490976,0.1683499411095052,0.15801520312462566,0.1297686982542131,0.15288982434605075,0.015394165275379065,0.056256604048970746,0.4,0.1,0.9,56,10.06826343258997,7768.648964066913
11,39,1.3100235382920113,1.3587607506511785,1.3540882473008748,1.3450619343796937,1.3037094316378925,1.0,0.016088502258303237,1.0,0.4,0.1,0.9,60,10.089820469511135,7785.678644763104
11,40,0.12143408542599181,0.17043529646055416,0.16667406980885632,0.16039145642434602,0.11302450296272873,0.15195208077791628,0.015413558494038769,0.056331650639872125,0.4,0.1,0.9,66,9.942730509872828,7768.36962374071
11,41,0.11205192619431242,0.16014623901631467,0.154558893015396,0.1485597990808601,0.10496513212012336,0.13644545640665867,0.014281326235036612,0.05300203328690363,0.4,0.1,0.9,67,10.090737048938054,7974.366410714109
11,42,0.11201227284457574,0.15998741024621013,0.1547018556502154,0.15013095389899866,0.10406646040462886,0.13644545640665867,0.014281326235036612,0.05300203328690363,0.4,0.1,0.9,69,10.0893380552603,7972.903235712391
11,43,0.20333367502578964,0.2505527483007722,0.24526015754290342,0.24157531821651995,0.19776447806411673,0.13697759932253717,0.014722736705754304,0.15434372203504812,0.4,0.1,0.9,70,10.009915575048042,8000.375872010099
11,44,0.10967399187306692,0.15235834426373432,0.14702353352422723,0.14287291836208776,0.11786827481700804,0.13594050811187333,0.014025202072524409,0.051756169459364086,0.4,0.1,0.9,71,9.771623763994226,8393.670405455689
11,45,0.10960784375131898,0.1508115062768679,0.14546290824491054,0.1425041812223242,0.10509086578837189,0.13585616597192002,0.014106267554438853,0.052013331975377865,0.4,0.1,0.9,73,9.72986840884249,8413.57081102354
11,46,0.10964168739752045,0.15080769063790816,0.1454587534696115,0.14249867933020421,0.10273440625599368,0.13583088300760676,0.014125859661634304,0.052067667313063504,0.4,0.1,0.9,74,9.730539698253246,8413.502190742298
11,47,0.10897338022080923,0.14891927821559992,0.14386204969518962,0.14233731652776926,0.1044082501827086,0.13588979825890857,0.013992900639834077,0.05157902464607864,0.4,0.1,0.9,76,9.60786223725186,8400.966955511654
11,48,1.1132918919409,1.1481411285523484,1.1433396268124774,1.14533702323822,1.1088942554762022,0.5152660916222408,0.013182730694361966,1.0,0.4,0.1,0.9,88,9.456164325397502,8394.536050844592
11,49,1.1135610435662577,1.1465517603858235,1.1417330829126446,1.1436649239522123,1.1143189510391838,0.5167464593081237,0.01322213578353122,1.0,0.4,0.1,0.9,89,9.312905286064142,8393.46386806379
11,50,1.0694482824919593,1.1006359226909892,1.0954976959566738,1.0973989042680592,1.0699992032048946,0.40719332196384295,0.013290576256912085,1.0,0.4,0.1,0.9,90,9.11397773691894,8396.039959139083
11,51,1.0694482824932492,1.1007259285905948,1.0958914781887497,1.0993354805727467,1.0642064272541614,0.4071933219638429,0.013290576256912085,1.0,0.4,0.1,0.9,92,9.113977735202957,8396.039959389003
11,52,1.1128615814736151,1.1432980815842646,1.138152939579279,1.1344249255996597,1.110289535734855,0.5160535739536874,0.013283648924079624,1.0,0.4,0.1,0.9,93,9.295535494827636,8381.38496303129
11,53,0.9988044315841748,1.0288799827337016,1.024337426744282,1.028027579477554,0.9944002910866007,0.23109435662391511,0.013489046694157533,1.0,0.4,0.1,0.9,96,9.032021603401398,8389.097811425161
11,54,0.9999580905397342,1.0274268291360182,1.0228603039369428,1.0280474128726922,0.9983186921121981,0.23505963948356393,0.013626310107788408,1.0,0.4,0.1,0.9,99,8.956894884777247,8400.446494575306
11,55,1.000318690760212,1.0273581117321684,1.0224846776218997,1.028296125303455,0.9963715994898268,0.23608274804603174,0.013711766802975034,1.0,0.4,0.1,0.9,101,8.932897653903236,8399.61714680054
11,56,1.0001694908469394,1.0271037707808297,1.0225323334450511,1.0292889706264456,0.995907500782391,0.23579550910601363,0.013699923206685284,1.0,0.4,0.1,0.9,104,8.951010140646389,8395.176926016784
11,57,1.0001600320556312,1.0271285575617757,1.0228603492366166,1.0305725857666248,0.9958762695593595,0.23579550910601363,0.013699923206685284,1.0,0.4,0.1,0.9,105,8.940712136604049,8396.172364972761
11,58,1.098786271476097,1.1256187186922557,1.1216523022675087,1.1303195217934758,1.0946067763062466,0.48249350812888575,0.013553402724852533,1.0,0.4,0.1,0.9,108,8.953078619630341,8379.564514530446
11,59,0.9985401817810681,1.0214020885025064,1.017096217912188,1.0268081602127277,1.001287386798219,0.23239558940135394,0.01799117981615958,1.0,0.4,0.1,0.9,110,8.837604425456151,8383.276687741436
11,60,0.9989265332940434,1.0215142419897867,1.0172058828944495,1.027861487726387,0.9954199665581834,0.23342527452636702,0.01819164472372289,1.0,0.4,0.1,0.9,114,8.839580099427002,8383.627266879808
11,61,0.9605506964405587,0.9830873459694024,0.9790815340873907,0.9906091340223502,0.9570730369316849,0.1377052995552639,0.01754618783267233,1.0,0.4,0.1,0.9,116,8.847681787947263,8393.854721817004
11,62,0.9986201671148734,1.0197029986003945,1.0150779635424843,1.0277927070659174,0.9993938644648577,0.2332112450303403,0.01832035506679953,1.0,0.4,0.1,0.9,117,8.768190775638532,8389.041464717431
11,63,0.9986313127824366,1.0178662280621067,1.0132243159742833,1.0261953301350635,1.001629514625388,0.2343283770886257,0.016990609258848516,1.0,0.4,0.1,0.9,118,8.743492856079188,8385.93671601187
11,64,0.9983647579107706,1.0176741671514198,1.013335816976586,1.0275164606192706,0.9951767041301155,0.23330683382433737,0.01843630180506195,1.0,0.4,0.1,0.9,123,8.764212465314301,8387.400541144263
11,65,0.9979644941024658,1.0165107801372655,1.012165501816192,1.0276026008819543,0.9957427883899552,0.2332067876476723,0.016075756570539224,1.0,0.4,0.1,0.9,126,8.795491298505079,8374.616989854767
11,66,0.9986207995565776,1.0169723002196547,1.0129282667781816,1.0282824456678727,0.9965471767348003,0.23442402262820816,0.018232136385551635,1.0,0.4,0.1,0.9,127,8.780760056950406,8369.548252877323
11,67,0.9977542454442193,1.0161770565431474,1.0127395681161815,1.0304997141389067,0.994795803707126,0.23276678720370478,0.016371594397995543,1.0,0.4,0.1,0.9,134,8.703902738142185,8393.428372385466
11,68,0.9983301462284284,1.0165572317049727,1.0137239224849353,1.0342361965815154,0.9955379469875221,0.23431368256263768,0.016551460097590114,1.0,0.4,0.1,0.9,142,8.62338760882134,8390.12066620978
11,69,0.9990731009401508,1.0164747203251643,1.0136338745893556,1.0344494581995536,0.9990193641244318,0.23653661594760478,0.0164214716170259,1.0,0.4,0.1,0.9,143,8.599672900395216,8390.570779517697
11,70,0.9995780193588015,1.0167893768593768,1.0142497294428452,1.035783918213982,0.9971194983382027,0.23805611187467507,0.015843918476879253,1.0,0.4,0.1,0.9,146,8.64218837324986,8387.464240456993
11,71,0.9973434542177171,1.0135052883757774,1.0112590303059836,1.0353725158349754,0.995299517124528,0.23277994696614682,0.01643076663894719,1.0,0.4,0.1,0.9,153,8.621746461311705,8392.261933924367
11,72,0.9969510496224443,1.0129695453729792,1.010721996233242,1.0369854018877471,0.9945057629255855,0.23184593552620938,0.01647238200014458,1.0,0.4,0.1,0.9,157,8.658547699958284,8384.376150836626
11,73,0.9970791121444115,1.012775337428352,1.010221915187309,1.0375455117771315,0.9953258102093565,0.23231676703593096,0.01624018078829671,1.0,0.4,0.1,0.9,158,8.63539599296741,8387.026169467135
11,74,0.9971542553410065,1.0126497411824886,1.010397406429143,1.0379919688901187,0.9956486479973752,0.23258595259613962,0.016380880400252176,1.0,0.4,0.1,0.9,159,8.681553544975484,8384.123676757483
11,75,0.9972269126719885,1.011690805926107,1.0094291115490803,1.0369876556047224,0.998350708690082,0.23321092405498178,0.016245550542416113,1.0,0.4,0.1,0.9,160,8.59330310014073,8384.19720722944
11,76,0.996881450706855,1.0108801713290718,1.008614277782484,1.0368311477470513,0.9954133068817289,0.2324752607168783,0.0164699064067186,1.0,0.4,0.1,0.9,162,8.570616692288569,8389.514075723375
11,77,0.9969713262289983,1.0106004421356793,1.0080281995742795,1.0364674589513658,0.9957046290823964,0.23280885603420062,0.01647639507208345,1.0,0.4,0.1,0.9,163,8.5618314593403,8385.193743932903
11,78,0.9971120240686533,1.0108396955284409,1.0088743426431876,1.0381875023364164,0.9951965421226372,0.23319981380170735,0.016448108162921152,1.0,0.4,0.1,0.9,164,8.54488770038885,8388.062414512027
11,79,0.996979055590885,1.0104349454006616,1.007861129961596,1.0376332782389648,0.9949594957062389,0.2329259214358776,0.016358961651327712,1.0,0.4,0.1,0.9,166,8.522355762816645,8385.374734361527
12,0,0.91969743842568,0.882425574613836,0.8815027531873026,0.8773978663621953,0.0,0.0,0.0,0.0,0.4,0.1,0.9,1,251.36735570128133,1350.004899816205
12,1,0.886876451856595,0.8989834024200012,0.8979031355339462,0.8935043823039938,0.06553331002449433,0.0912894740551056,8.318742445918314e-05,0.00010733000067162999,0.4,0.1,0.9,3,233.136648122186,1262.479100025832
12,2,0.8555819844648485,0.8976338937528495,0.8964493229275156,0.8922469826903257,0.08690031155496081,0.11125017636625172,0.0012962855328011904,0.00436571767303639,0.4,0.1,0.9,4,218.88828891452687,1659.574264832211
12,3,0.7462286646120653,0.8608307075801752,0.8596832061956423,0.8539251659537723,0.14913707322211225,0.10509034239239068,0.0028582441237396034,0.00368776104940212,0.4,0.1,0.9,5,186.49289551314948,726.7700566899497
12,4,1.352054605080409,1.6558267213922733,1.6529367131688297,1.6422309859771975,1.5652915525667879,0.23133073314851504,0.31508387625993395,1.0,0.4,0.1,0.9,6,79.956221862162,189.8859854651156
12,5,0.516846544986063,0.8277871646988645,0.8243422312064944,0.8121033633172124,0.35932438282358137,0.15644922042962653,0.07395568019751401,0.21858310996597718,0.4,0.1,0.9,8,64.85016998051583,297.2146082920288
12,6,0.7122550437647106,1.0202514456588765,1.0163125054052533,1.0024868334504466,0.6127979720103424,0.15707446027253752,0.16640028044440658,0.49181199742344867,0.4,0.1,0.9,10,48.62345275583024,216.8259806655317
12,7,0.44700398281585163,0.7411090644770286,0.7373198994087387,0.7220277090306227,0.38523671044395114,0.1397502305215428,0.08889149763836594,0.26257954162668046,0.4,0.1,0.9,12,41.48508561991871,200.46503153029005
12,8,0.627700194594237,0.9647566012488835,0.9607293011154877,0.9463543447067599,0.5983523598769767,0.12841758387143504,0.1688276946774939,0.4980299618574002,0.4,0.1,0.9,14,34.00704358828027,65.81769236000099
12,9,0.5620772758769796,0.7401528557377519,0.7346657795330511,0.7145298284437633,0.7464173831995338,0.12841758387143506,0.1688276946774939,0.4980299618574002,0.4,0.1,0.9,16,18.342866783579623,78.7792638515484
12,10,0.5576227184090528,0.7306744680730723,0.7251220362343835,0.705379335403557,0.5315439162031798,0.12519439730781853,0.16890695441084994,0.49817626293611533,0.4,0.1,0.9,18,18.123242839479826,60.971516524061485
12,11,0.5513336104942215,0.7080024949935906,0.7022743491246068,0.6825103518171747,0.5463894175090251,0.1242088633764171,0.1689567604994857,0.4982923401398313,0.4,0.1,0.9,20,17.147355775157873,57.309582172353416
12,12,0.5481767038755789,0.6930476048563207,0.687199904204325,0.6665471922048474,0.5535041718780573,0.12461445852115131,0.1689537730119436,0.49840908096073927,0.4,0.1,0.9,21,16.032112608546147,59.15522516515541
12,13,0.5294342679597244,0.64438823136448,0.638234664601925,0.6173021655510241,0.617056858797914,0.12681188177318553,0.16431439739316175,0.48719515464444524,0.4,0.1,0.9,22,13.537874648280487,52.49333682562345
12,14,0.5290283836384476,0.6426337519113322,0.6364659816797525,0.615713329714252,0.5077203708314045,0.12641042934280236,0.1643612159942553,0.487427972669069,0.4,0.1,0.9,25,13.586360254168897,48.10510530595171
12,15,0.5254415620149513,0.6255698187362824,0.6195717095434156,0.5993185251861174,0.5540193493604959,0.12567543642435378,0.1645519851945508,0.48765531791001326,0.4,0.1,0.9,26,13.101618081855866,45.74883181395397
12,16,0.5239039666383626,0.6177658501792809,0.6117064968200496,0.5911991624330606,0.5277821052683045,0.12567543642435378,0.1645519851945508,0.48765531791001343,0.4,0.1,0.9,27,12.701179056244678,47.37289045517333
12,17,0.5220066856554009,0.6089304433629459,0.6028034234824498,0.5827785055251509,0.5303644672744375,0.12472574909452502,0.1646124925713205,0.48782850345494355,0.4,0.1,0.9,28,12.315404185653655,47.74950279267333
12,18,0.5185236429923439,0.5998518438392298,0.5936708607470449,0.5741697362230699,0.513056089023031,0.12496168695261485,0.16368075273408106,0.48538760294135636,0.4,0.1,0.9,30,11.980330461251976,45.12026902480915
12,19,0.5078073976808292,0.582951704301583,0.5767112641457319,0.5574890506547528,0.5047836688714824,0.12474710958352149,0.15963643735807567,0.4755668716897805,0.4,0.1,0.9,32,11.546073296934946,40.323114040775
12,20,0.507057011315269,0.5791495004411906,0.5728799014524006,0.554299291746996,0.4991494768828349,0.12699695631799193,0.1592161819383863,0.47452116834527247,0.4,0.1,0.9,34,11.26825345631942,35.5561220314191
12,21,0.5069528908558867,0.5783971282494283,0.5721213510964611,0.554278698609367,0.4949654088135297,0.12593532980904706,0.1594078955449063,0.4750122540325018,0.4,0.1,0.9,36,11.261783310402734,35.812291925941096
12,22,0.10367352371777674,0.16962222558513468,0.16541464464872344,0.15907336068550637,0.09253673931293134,0.10475477979981966,0.012188835911959154,0.054139761387268295,0.4,0.1,0.9,67,11.896039272117571,262.8945358481354
12,23,0.10637551742000009,0.17168629808477648,0.1674726429797194,0.1608007019220966,0.09579813327790512,0.10451641615084784,0.012215313899641691,0.05739335776872491,0.4,0.1,0.9,69,11.592961253980064,252.1901377299917
12,24,0.10294230887250225,0.16619019774948068,0.16195703087477878,0.1557643037002311,0.09884341778138911,0.10390738733803917,0.012233705300555285,0.05432092422907294,0.4,0.1,0.9,70,11.787525937935344,299.3725274332195
12,25,0.13226686823138883,0.1953066619164031,0.1919803214373838,0.18834694016720385,0.12152201938810175,0.10490412333265345,0.042124821713650416,0.08325053207960584,0.4,0.1,0.9,74,12.035906880469083,719.1541051397743
12,26,0.1317187531888726,0.1908804409186431,0.18751750124068772,0.18342596674600725,0.12804379655544204,0.10574068463263464,0.042080127291440624,0.08314716174781647,0.4,0.1,0.9,76,11.83741361613059,718.3054315332624
12,27,0.13096868965857056,0.1874549498791256,0.1840668100661335,0.17987914195776533,0.12420339150519041,0.10516276017647178,0.04227307095363952,0.083141945802249,0.4,0.1,0.9,79,11.560817857957163,719.6551524683781
12,28,0.1305308629681035,0.18461185618450726,0.18150408741081345,0.17904247450833355,0.12547534660899556,0.10582733897067112,0.04226012062896109,0.08290661709592852,0.4,0.1,0.9,81,11.492825541804534,724.740586589218
12,29,0.1298938505189054,0.18214904178259123,0.1790241160840892,0.1777619664938989,0.1240331837044096,0.10550392717351305,0.0421824682868995,0.08274543598448389,0.4,0.1,0.9,83,11.41336496672877,724.3424835578262
12,30,0.12989384926454378,0.18223904768219668,0.1794179890284968,0.17870838849740583,0.12089072871952647,0.10550392717351309,0.0421824682868995,0.0827454359844839,0.4,0.1,0.9,85,11.413364304349448,724.3424286294959
12,31,0.13094743789021895,0.18167278083223626,0.1782306071078807,0.1776499144879245,0.1246973382883999,0.1063856831068444,0.042021879829272225,0.08385034822655453,0.4,0.1,0.9,87,11.152197630240911,573.3759697986205
12,32,0.12870544111664656,0.17790169720550045,0.17474814692589258,0.17366985603720614,0.1258455462441151,0.10313257344455165,0.042316169979980285,0.08311599727463737,0.4,0.1,0.9,88,11.129632025429068,708.7813444220346
12,33,0.12746877436504594,0.17511632005925395,0.1722513182914344,0.17202721291727907,0.12123520896181952,0.10316588674897076,0.04203573563205262,0.08210314997921223,0.4,0.1,0.9,91,10.925199244638463,743.7496486164522
12,34,0.1301125246346676,0.17686000923968861,0.17368361326225015,0.17416739930650513,0.12493594089159576,0.10727844324087692,0.0408316933696269,0.0835161699043724,0.4,0.1,0.9,92,11.075943841551798,583.6106686185819
12,35,0.12647089001922848,0.1702475862577868,0.16643771092898973,0.16857243773375818,0.12221795879164145,0.0988704438340796,0.04312982807460212,0.08352934344874882,0.4,0.1,0.9,95,10.447526906217774,858.1241893350444
12,36,0.13701560743576638,0.17653882441982555,0.1742041672331162,0.17710670501687853,0.13445231115998735,0.10278386237398321,0.04825407747426056,0.09389247464992638,0.4,0.1,0.9,99,10.169277564067697,793.6844438081567
12,37,0.13679749409039968,0.17275853836468985,0.1697850272540607,0.17404560816272996,0.13312593980938484,0.10177722790693582,0.04450251583418676,0.09518628340837128,0.4,0.1,0.9,104,10.0447721658703,809.1653553384095
12,38,0.1369183295883468,0.17249039849655204,0.16951333138694719,0.1744132961680415,0.13167804649407366,0.10267712431647509,0.044464764946406145,0.09500131555641071,0.4,0.1,0.9,106,9.972770596477934,816.8996738337611
12,39,0.13411656279568757,0.16725136740973806,0.16394877121388834,0.16883327479540278,0.13658486706089581,0.09996456717513727,0.04951415714018366,0.09299151641595713,0.4,0.1,0.9,107,9.837178271243095,807.1508447026765
12,40,0.1348701406465773,0.16416120341820256,0.16173209603582295,0.17127477654615622,0.13241250761714565,0.0960309774125529,0.034187347367942884,0.09807060876312743,0.4,0.1,0.9,113,9.27294828646023,765.7522694130863
12,41,0.13917119848423576,0.16372221914640442,0.16124961077206704,0.17062610945385345,0.1511682379198441,0.10193840210643941,0.04181550441479227,0.10026679756975879,0.4,0.1,0.9,114,9.43137755788727,762.1336531854422
12,42,0.13906486470994453,0.16360248923315313,0.16112978782602644,0.17083792863366487,0.13513827570846043,0.10187781956783692,0.04176865145355836,0.10018327974207039,0.4,0.1,0.9,115,9.417829357252396,760.5087308468208
12,43,0.13874381104363387,0.16244184227526237,0.16026438993007372,0.16857527302241676,0.13596868467041545,0.10244209101402195,0.04172771607892489,0.09975238831548724,0.4,0.1,0.9,118,9.507197685823742,768.022959445038
12,44,0.12712786341092938,0.14809357954236857,0.1489207732920823,0.1662906005957793,0.12443900056037673,0.09948764842639071,0.035472167709810785,0.08951845855687002,0.4,0.1,0.9,141,8.767168258804192,759.021361497792
12,45,0.12822920155022108,0.14483399309618888,0.14501554256261925,0.1619794950529793,0.13268260228549475,0.09867262864687948,0.03813127292550226,0.09155875934561616,0.4,0.1,0.9,143,8.811377270870116,758.5235068698748
12,46,0.12869520758483344,0.14516753337875538,0.1453478797782194,0.16265856124112404,0.12661560135923358,0.10088730882407534,0.037803132731363674,0.09115223169496381,0.4,0.1,0.9,144,8.767119761111463,762.4159106145179
12,47,0.1286303711057356,0.14506265949926672,0.1461515714194489,0.16795255337722306,0.1263295013070974,0.10082195592128902,0.03779619366492344,0.09116494248336088,0.4,0.1,0.9,150,8.758658919541737,761.3536101815158
12,48,0.12849881797219623,0.1443484319401745,0.145432034355579,0.1679279872871714,0.12806496136257461,0.10102445190332583,0.0377062988865584,0.09104178621504504,0.4,0.1,0.9,151,8.675621397549227,763.162761605932
12,49,0.12817915726034174,0.14241277258093635,0.1440875883012255,0.1721223774548265,0.12641548357601567,0.10123999787866889,0.03517388821991099,0.09118780788244452,0.4,0.1,0.9,169,8.829100263080559,758.6946158514833
12,50,0.1287928363882702,0.142803155514579,0.14417297212381358,0.1733080655652227,0.1269392224805913,0.1010472543396002,0.03630527984144702,0.09185292482104136,0.4,0.1,0.9,171,8.73500913483735,758.7533647515792
12,51,0.12873199889456954,0.14273000885440076,0.14440271151226103,0.17420716522215246,0.12678594646718974,0.10088037990559466,0.03694877682828508,0.09180586254051457,0.4,0.1,0.9,174,8.841173889913035,758.3109226939422
12,52,0.12919555014435447,0.14320723146718906,0.14518296681601783,0.1760807306650389,0.12740258239051444,0.10133747030084914,0.03632260076713146,0.09220067812880516,0.4,0.1,0.9,175,8.794110682881543,752.8677630850276
12,53,0.1297965168582741,0.14334339489029138,0.14561794424335806,0.1772357751630793,0.12876100259594378,0.10108955918753096,0.03597761889870499,0.09311370864553845,0.4,0.1,0.9,177,8.747652464133063,759.0663603656691
12,54,0.12940739260214748,0.14064120212049733,0.14289477675471515,0.1743721584676484,0.13166008505455132,0.10135136725408697,0.03588487844689099,0.0929758224587267,0.4,0.1,0.9,179,8.702266532965547,757.7816473422212
12,55,0.12918132141202687,0.14004290481164303,0.14289897816711922,0.17643083966832662,0.1278964234356538,0.1009996114562582,0.03593269455473468,0.09297060010665013,0.4,0.1,0.9,187,8.701825536757074,757.3289299403749
13,0,0.9344640512010458,0.8865030879758447,0.8856122485958754,0.8816296736518676,0.0,0.0,0.0,0.0,0.4,0.1,0.9,1,237.26197763590508,1348.4670617473562
13,1,0.9274164263780462,0.9128650120703912,0.9118728607270439,0.9084070010211938,0.058014723927021325,0.09791817050707705,8.382638192859766e-05,0.00010663011095751,0.4,0.1,0.9,3,226.76430128041693,1371.2902907022026
13,2,0.8697480767308122,0.912558196621922,0.9113706836045863,0.9071564629805576,0.1353168970864378,0.1536140419295709,0.0010774119230756644,0.00255771467798437,0.4,0.1,0.9,4,205.620396255518,1122.8382657203229
13,3,1.3093283114747378,1.6193144871999707,1.6159674700930333,1.6035045097967249,1.839366325695154,0.2831380232273469,0.32488420412981894,1.0,0.4,0.1,0.9,5,72.23787107470261,225.20814014378303
13,4,1.1605516192174585,1.4636469839109707,1.459479650649259,1.4449830886430053,1.1466511612990662,0.16069015094202477,0.3031853799107711,1.0,0.4,0.1,0.9,7,56.69840836017495,242.0062217725157
13,5,1.1054501376660488,1.3472296385606102,1.3422261466801908,1.3232345778848242,1.2311180063348337,0.2260689461322769,0.32888934083267,1.0,0.4,0.1,0.9,9,29.544000596080995,100.09155923429304
13,6,1.0819164623278676,1.2908440887779387,1.2854140176910684,1.2653305595443047,1.0995919504350733,0.22097184277491788,0.32896823573825384,1.0,0.4,0.1,0.9,11,24.29606030458104,87.30201014424145
13,7,1.0646764765424481,1.2400701344331622,1.2342505155079055,1.2130166215393003,1.0914492251815013,0.21809004899029003,0.3290663287162662,1.0,0.4,0.1,0.9,13,20.80172523259755,87.78315265025995
13,8,0.9637421894054663,1.1162564071173242,1.110486592715247,1.0885664149320702,0.9773397533741149,0.2154991170247793,0.2622383731772647,0.9068681618571709,0.4,0.1,0.9,15,16.77803426039951,41.10120821931526
13,9,1.0462883951721418,1.1720974563926299,1.1657499863228593,1.1433119013531925,1.117063655803193,0.21654847562485524,0.32816458088847317,1.0,0.4,0.1,0.9,16,15.76093123239472,68.54852876210582
13,10,0.9462813015655249,1.0465576481152976,1.0402582034183563,1.0166791422717203,1.0192912113675052,0.2092689456148523,0.2624309366751972,0.9071535567518388,0.4,0.1,0.9,17,13.376630361288898,41.754858951296434
13,11,0.9399430654737086,1.0170188236996556,1.0104939576568304,0.9866667266224403,0.966875390221216,0.20683106036227733,0.2624899658355371,0.9073188069515001,0.4,0.1,0.9,19,11.980132184349216,38.934207579069934
13,12,0.9399929119745624,1.0170015742985197,1.0104760428585848,0.9870313747316457,0.9258866037522389,0.20750836306738404,0.26239549555084907,0.9071014054296948,0.4,0.1,0.9,20,11.965032200206254,38.69720310398263
13,13,0.9483310227051245,1.0107047178004507,1.0040397743309595,0.9801564159661763,0.9882949373096408,0.20626389450878543,0.2664363226859065,0.9199486873341032,0.4,0.1,0.9,21,11.422941477135469,43.43762904899381
13,14,0.9477442134162115,1.0081706768848884,1.001790294875381,0.9787446470119722,0.9403960636299102,0.2043736718622055,0.26670251209191204,0.9205612607178416,0.4,0.1,0.9,23,11.407060925371985,44.41177080495332
13,15,0.9471328946613525,1.00273456708864,0.9960057369738861,0.9729309648108689,0.9536884989001165,0.20622471889351549,0.26649292338447067,0.9201405188926763,0.4,0.1,0.9,24,10.962647018225775,46.21002408969216
13,16,0.9093131371987498,0.963642533114355,0.9572047002921333,0.9339398330606329,0.9043801398601233,0.20912650090530263,0.2543260880470255,0.8784772859769315,0.4,0.1,0.9,25,10.57999290836164,37.937493202678354
13,17,0.9077751351970281,0.9571552024045008,0.950671016207533,0.9279034112478223,0.9076486297251458,0.20742824720803205,0.25434772534489797,0.8785873760796697,0.4,0.1,0.9,27,10.38555266086275,34.929511971031395
13,18,0.9364201863104089,0.9843181609688301,0.9778201191880526,0.9562167798332138,0.9297577487749168,0.21199389671150826,0.2627352552076616,0.9077680888853132,0.4,0.1,0.9,30,10.098811387827578,43.47752049355304
13,19,0.9072063839330338,0.953393630006931,0.9471825195138193,0.9252921485283195,0.9053605422289351,0.20711816009163214,0.254404325949646,0.8787792074223468,0.4,0.1,0.9,31,10.077887793437927,37.52996293223001
13,20,0.9354816313866716,0.9808413503436533,0.9743196264917937,0.9536066614664165,0.9301271714594421,0.21062366787822978,0.26275415002598274,0.9078642253115181,0.4,0.1,0.9,32,10.010172401370935,40.91961721747442
13,21,1.335652195308095,1.376856181773895,1.3702957641681306,1.3520189421225843,1.3305856202835071,1.0,0.2854727308839582,1.0,0.4,0.1,0.9,39,9.58960513719556,28.57854687479868
13,22,1.3364730909738225,1.3770339260908426,1.3707704848061917,1.3524171952458963,1.3319276525840862,1.0,0.29498505605077907,1.0,0.4,0.1,0.9,40,9.633314442342437,34.96363583205812
13,23,1.335144858543114,1.3736296812243667,1.367346978400315,1.3491357442419163,1.3356170284408415,1.0,0.2854727308839582,1.0,0.4,0.1,0.9,41,9.434985976833202,28.749412048923265
13,24,1.33661283563699,1.3737893707604596,1.3671916221801181,1.3496655905593455,1.3323065011358686,1.0,0.30234601818964213,1.0,0.4,0.1,0.9,43,9.805728701910269,32.8241692558809
13,25,1.336393375203211,1.3723190093401745,1.3657097129463152,1.3489242230035936,1.332363771775419,1.0,0.30238878072195136,1.0,0.4,0.1,0.9,45,9.536864297316647,32.381248167824495
13,26,1.3356314630415345,1.3670169861805532,1.360062852688583,1.343554438601008,1.3453480448429118,1.0,0.3026126641110904,1.0,0.4,0.1,0.9,46,9.265439642129111,29.45565760407457
13,27,1.335615109508782,1.3669623460756608,1.3603107908790064,1.3444832005208036,1.3304121072332031,1.0,0.3026727481278659,1.0,0.4,0.1,0.9,49,9.25966787305297,29.47531027772605
13,28,1.3347816938496546,1.3645269913746099,1.3581635730474937,1.3432211229465185,1.3354659472655006,1.0,0.29727933061334477,1.0,0.4,0.1,0.9,50,9.120557041915609,29.038990595788235
13,29,1.333926040598171,1.3594901760440927,1.3533913789572507,1.3398442843231275,1.3367983568028972,1.0,0.2960048249308576,1.0,0.4,0.1,0.9,52,8.889939277285483,27.89841760992141
13,30,1.3346617489815769,1.3596205682121256,1.3529102711328136,1.3399364510016958,1.3306941818092368,1.0,0.3040785262865885,1.0,0.4,0.1,0.9,57,9.158648170003833,30.15975163454302
13,31,1.3343959553925473,1.3585730622172307,1.353067440534217,1.3419434928667608,1.3312951182638555,1.0,0.30333887008793103,1.0,0.4,0.1,0.9,61,9.15085745340115,30.87457629452206
13,32,1.3343249661073098,1.3581671567051428,1.3529614885307464,1.3420039204328,1.3310477720905785,1.0,0.30333887008793103,1.0,0.4,0.1,0.9,63,9.12002399891968,30.756304712765427
13,33,1.0255217704812678,1.049400647541325,1.0451041158533607,1.0408722896830822,1.021601066806092,0.227170759229064,0.30701359459394273,1.0,0.4,0.1,0.9,88,8.975317165000424,44.31307384230586
13,34,1.0263730270440317,1.0502812305624176,1.0468938343511764,1.0436155862802046,1.0232703757826853,0.22963573141360394,0.3060676486219002,1.0,0.4,0.1,0.9,89,9.016429127511778,46.19922912506704
13,35,1.026037357209109,1.0495807597909033,1.04588711875483,1.0485153884343776,1.0222173392749963,0.2282812630588992,0.30858645453121136,1.0,0.4,0.1,0.9,109,9.114485917542394,39.69575534287461
13,36,1.0258738390569022,1.0487411440019683,1.0450412935252789,1.0473251613718235,1.0243923014541245,0.2282964600276156,0.30801381462110633,1.0,0.4,0.1,0.9,110,9.201181565887376,39.41764028093408
13,37,1.025109762183217,1.0476192142231215,1.0439161136945296,1.0475026761928,1.0226176303980739,0.2265077574777922,0.308120889527319,1.0,0.4,0.1,0.9,111,9.228386124967956,40.4662648411484
13,38,1.0253937979471857,1.047059900779994,1.0433490846126916,1.0462325048899777,1.0246709980511406,0.22758471205210604,0.30804675279086596,1.0,0.4,0.1,0.9,112,9.168560899720005,39.66776536157087
13,39,1.0239738996364063,1.04479282194268,1.0410742115912353,1.0462204661127552,1.0212689430765556,0.22436630413572792,0.30811508648530644,1.0,0.4,0.1,0.9,116,9.129484058837097,39.423793371964464
13,40,1.0238124074397208,1.0444577427711528,1.0407375570271364,1.0451302038035069,1.0210074749643059,0.22402506175141146,0.3081500022291049,1.0,0.4,0.1,0.9,117,9.087695729797192,39.19972862147027
13,41,1.022954204314595,1.0430281603767002,1.0393027734445799,1.044310866893178,1.0202991507328307,0.2220434767906883,0.3084298797535973,1.0,0.4,0.1,0.9,120,9.088500051895114,39.87109373169134
13,42,1.0276660983125645,1.0477665271894325,1.0452532444547866,1.058382904500642,1.0244735536816352,0.23167526473221742,0.31756766455107116,1.0,0.4,0.1,0.9,144,8.882054697144143,38.900881155484825
13,43,1.0274333318618718,1.0469364425925056,1.0447206071692585,1.05817349763881,1.0266082121098847,0.23162069303228963,0.3165774647947582,1.0,0.4,0.1,0.9,145,8.88859335365433,38.92463335530477
13,44,1.027674825225801,1.047003947555137,1.0447865764635929,1.0596374853771038,1.0248670640735305,0.23221892255558205,0.3168820921774342,1.0,0.4,0.1,0.9,147,8.899042884728122,38.54988056268646
14,0,0.9043512879007126,0.8781205854039964,0.8771639823602614,0.8729299755120405,0.0,0.0,0.0,0.0,0.4,0.1,0.9,1,266.0299991795642,1351.245347321788
14,1,0.8753627161001566,0.8967305913734447,0.8956188731680432,0.8910997337411463,0.06687588127726589,0.09567956124888688,8.253067240509627e-05,0.00011338301732157,0.4,0.1,0.9,3,247.1497971789456,1280.5909223653562
14,2,0.8214285516014715,0.8807233839657517,0.8794748143528268,0.8750272763334143,0.09002299149896359,0.09102505745625791,0.0012955361607927777,0.0036229123043806702,0.4,0.1,0.9,4,233.4330195440492,1696.3129331458526
14,3,1.2981615662310375,1.6077736404669376,1.6044573997181009,1.5921122536933283,1.7905610614714633,0.24818527335957694,0.3101904236294503,1.0,0.4,0.1,0.9,5,72.12058849868751,221.43314226191328
14,4,1.2923276350127162,1.6023817245436986,1.5990231414168226,1.5865149658170739,1.045220093446235,0.24818527335957694,0.3101904236294503,1.0,0.4,0.1,0.9,6,70.70415491260721,228.53805133315896
14,5,1.1576640246754442,1.4639048323348463,1.4598335152038318,1.4457045061605598,1.248787141846801,0.1336798875719569,0.2915709290113272,1.0,0.4,0.1,0.9,7,52.9196443826323,240.07270558822387
14,6,1.1560591692423243,1.4616311286131727,1.4575418949232941,1.4431624800573606,0.9885242312690777,0.1336798875719569,0.2915709290113272,1.0,0.4,0.1,0.9,8,52.528180868752926,240.7987588499232
14,7,1.1236026416125537,1.4171245969859694,1.4126878493737642,1.3978831910830103,1.1115708575267196,0.13309709998548364,0.29164996779446356,1.0,0.4,0.1,0.9,9,45.13941683627107,220.40618904730863
14,8,1.4241692113783788,1.6782579574280097,1.6731282277519304,1.6552096062282113,1.581911381894959,1.0,0.3183069942258249,1.0,0.4,0.1,0.9,10,31.21353001013708,81.86921227274811
14,9,1.3902208430293281,1.6033950837593776,1.5980179455996084,1.578349370388747,1.427650994710416,1.0,0.27093320698501905,1.0,0.4,0.1,0.9,12,23.24781042623884,69.22341359344078
14,10,1.0579242389105892,1.2383829046501762,1.2329208075194313,1.2121741160126844,1.0838104521081717,0.20066277733191665,0.312595058968249,1.0,0.4,0.1,0.9,14,20.08034907369664,71.74212460743676
14,11,1.3735506027854318,1.5526645645077206,1.5468866028517763,1.5268540836169129,1.3300767336077628,1.0,0.274288439788515,1.0,0.4,0.1,0.9,15,19.61006062059864,52.415684582448506
14,12,1.0395767157396278,1.177814788612967,1.1722019093049973,1.150154588644548,1.1713552436360801,0.20331887860523387,0.27468111620378505,1.0,0.4,0.1,0.9,16,15.992996992188717,47.58760846967368
14,13,1.0236406076137825,1.1225714554569441,1.1165618206770835,1.0938665774480667,1.076893736881345,0.1899550492781356,0.2810730437786032,1.0,0.4,0.1,0.9,18,13.722755935416654,52.90206492069535
14,14,1.0212485724833524,1.1162099951899882,1.1101613786145315,1.087723154108569,1.0098396438954829,0.18643793449385704,0.28114089447593693,1.0,0.4,0.1,0.9,20,13.177837118030416,58.19330333245588
14,15,1.0219007946732028,1.1150809751345332,1.1090147951096878,1.0868240445119388,1.0071650154925549,0.1902524644636487,0.27700703152111333,1.0,0.4,0.1,0.9,22,12.872309915064212,46.14634544948811
14,16,1.0214087810134278,1.107464178532217,1.1013286720085818,1.0792996416422798,1.0305468191863962,0.1946469204641137,0.27161029421915567,1.0,0.4,0.1,0.9,23,12.492722693985309,34.092979147946345
14,17,1.0173225723863648,1.0830201196620282,1.0766895793369624,1.0537274343216425,1.0767796906131628,0.1957381768473721,0.2712675479800354,1.0,0.4,0.1,0.9,24,11.547983795157622,35.19556100986892
14,18,1.016284002945362,1.076078794882225,1.0696922832882818,1.0480767686874293,1.0125180982168138,0.19548776612459068,0.2741530968475043,1.0,0.4,0.1,0.9,27,11.135570230466527,37.524702181872925
14,19,1.0149526098959079,1.067482321546612,1.061027628891189,1.0401856524615762,1.0106633008345585,0.1934691085599236,0.2831643929901959,1.0,0.4,0.1,0.9,32,10.496541530634326,41.06708400688989
14,20,1.01338662824895,1.0603016307914943,1.0537944307364988,1.033479384200573,1.0148591731791878,0.1922426503426124,0.2831805951516442,1.0,0.4,0.1,0.9,34,10.25212727382436,37.84355705985229
14,21,1.0133142878849162,1.0599356302388019,1.053728573583657,1.0340135390021574,1.0058716811226809,0.1922426503426124,0.2831805951516442,1.0,0.4,0.1,0.9,36,10.226267317790937,37.96834657064813
14,22,1.0543856745090572,1.0977398428799978,1.0908964723960877,1.0715899206365327,1.0575275368232984,0.29888753708403476,0.2731409128481018,1.0,0.4,0.1,0.9,37,9.929082396799304,29.65672961342746
14,23,1.0137805689447703,1.0550651331289829,1.048505471137172,1.0292678919574514,1.0139434231165945,0.1971710372870032,0.27789189783216545,1.0,0.4,0.1,0.9,38,9.838299633092802,35.494119392661496
14,24,1.0131770683211565,1.0535517435807122,1.0466807373576301,1.0278537572748692,1.0090209365515217,0.19344733146154286,0.288262798445611,1.0,0.4,0.1,0.9,39,9.72315249241364,39.99626213438205
14,25,1.0126981389647203,1.050029788224593,1.0434335000785495,1.024812777587091,1.0169281790078701,0.1962575864075773,0.2778907234010659,1.0,0.4,0.1,0.9,40,9.7113702294709,35.538897378389045
14,26,1.0135103602481015,1.0504945821207425,1.0438950564973266,1.0253147929769995,1.0083459791896978,0.19850798505403863,0.27763391834371887,1.0,0.4,0.1,0.9,41,9.708696911831872,36.79005118972823
14,27,1.010904755764395,1.0456198657169644,1.0389993653746998,1.020836173596408,1.0126714235980843,0.1929849118227544,0.27771449106212015,1.0,0.4,0.1,0.9,42,9.640198709148654,35.78374650877803
14,28,1.052659427885265,1.0828613320076395,1.076199190388617,1.0585820590791069,1.0551532994520516,0.3009799172080145,0.27118405401370527,1.0,0.4,0.1,0.9,44,9.369486867614803,29.397142343530653
14,29,1.0510931835332598,1.0808193493275668,1.0741528482245437,1.0568033458853316,1.0476344399479214,0.29731541470869016,0.2710018998147246,1.0,0.4,0.1,0.9,45,9.355251015483894,30.033472326565487
14,30,1.0106528485731834,1.040434986118583,1.0340719353882997,1.0177923101513906,1.0056302948838682,0.1931484836132261,0.28332498270464257,1.0,0.4,0.1,0.9,48,9.331262266796475,38.408068149653815
14,31,1.0104921214867202,1.0399877594084124,1.0336220648884824,1.0173323894002981,1.0064492477527436,0.19286351843306693,0.28335197620923586,1.0,0.4,0.1,0.9,49,9.310113173012407,38.24872570402109
14,32,1.0190667543654135,1.0483406601428893,1.041972943379453,1.025955287791884,1.01446779261126,0.216989834810475,0.272974814188252,1.0,0.4,0.1,0.9,51,9.248516172227207,27.82428494848637
14,33,1.0105372282696177,1.0396205172274375,1.0335540675701256,1.0179722086556087,1.0065605965534512,0.19322792758181878,0.2832100377289023,1.0,0.4,0.1,0.9,52,9.287322663826934,37.337541106062986
14,34,1.0177006166590383,1.0466004679649563,1.040229310160818,1.0261231811454143,1.0129524493207596,0.2139458009877337,0.27213593634179034,1.0,0.4,0.1,0.9,54,9.27004041750899,27.718414765206603
14,35,1.0194882306974495,1.0463688333463061,1.039979086643555,1.0263793108111663,1.021732722082817,0.21888541388801505,0.2737017506224076,1.0,0.4,0.1,0.9,55,9.19066101105626,27.3310603479918
14,36,1.0186011995606772,1.045562114154716,1.039476143376805,1.0263483722132933,1.0140498433642042,0.21688954475958666,0.2728313625625355,1.0,0.4,0.1,0.9,58,9.207296170494308,27.52013191871372
14,37,1.0234391757755805,1.0485297488819434,1.0421236117244885,1.0293171153062743,1.02517785283049,0.228746599374026,0.27679605154845643,1.0,0.4,0.1,0.9,59,9.000996575880059,29.525623402970407
14,38,1.0154569799209674,1.037887094149268,1.0320625244375614,1.0195235831260105,1.0212274557357188,0.21046020319027753,0.2748703668534282,1.0,0.4,0.1,0.9,60,8.932931393350895,29.48305456240812
14,39,1.021192815304732,1.0420402751980682,1.0362012461552021,1.0241928132415639,1.0203271961582454,0.22741009873612344,0.2670467728662572,1.0,0.4,0.1,0.9,62,8.817187056105823,23.58713554767629
14,40,1.0170082189340937,1.0376943143162196,1.0321567147133357,1.0185905441905572,1.0143682861855463,0.21529600275384012,0.274070438645754,1.0,0.4,0.1,0.9,63,8.800450128776363,24.9684985400084
14,41,1.018646618226956,1.038914327480216,1.0333729145110244,1.020660753264545,1.0159344818275335,0.21983515330604364,0.2729851858075017,1.0,0.4,0.1,0.9,65,8.775413843974256,24.045703290768937
14,42,1.019122196029378,1.0393091224350468,1.034070014595734,1.0215354945012192,1.016309580518976,0.22122139118053288,0.2724763411206628,1.0,0.4,0.1,0.9,66,8.763589750941783,23.85923508889557
14,43,1.0191167574995066,1.0393604539245993,1.034424790525096,1.022375944861569,1.0157732618174768,0.22122139118041897,0.27247634112045516,1.0,0.4,0.1,0.9,69,8.762934628914856,23.867130989612264
14,44,1.0172531413006216,1.0356445052053653,1.030389008824176,1.0252546986421491,1.014554161788099,0.21670724163820682,0.274773585277569,1.0,0.4,0.1,0.9,84,8.834906128666686,24.938518513743432
14,45,1.013402561207511,1.0316431515044968,1.0266892151064873,1.0289853134308942,1.010389607551795,0.20305300424193784,0.2912781966903527,1.0,0.4,0.1,0.9,104,8.958813851356986,34.44202956202629
14,46,1.3259924527254006,1.3425223995219708,1.3393706608335583,1.3432497638728869,1.3251839168759005,1.0,0.23301833033276662,1.0,0.4,0.1,0.9,108,8.97460796957735,25.93602006762164
14,47,1.0160521898538664,1.0325842075539546,1.0297354251183546,1.0335414501082336,1.0136699866017302,0.21519708618748265,0.27296848395195217,1.0,0.4,0.1,0.9,109,8.959881347935296,25.90175357204759
14,48,1.0160604025794324,1.0325659079677756,1.0297169110061037,1.0338457233171634,1.0134768623074324,0.21525203707280852,0.27287332190102564,1.0,0.4,0.1,0.9,110,8.97060706733495,25.87829418694972
14,49,1.0158845578336342,1.0322589827471536,1.0291058171147487,1.033577042967163,1.0133555878935376,0.21465619887408877,0.27356387989966574,1.0,0.4,0.1,0.9,111,8.980217929175646,26.106955034164773
14,50,1.015385506144585,1.030393473649001,1.0269248433743774,1.0324429567242328,1.0171910926060477,0.2136235531162523,0.27474381929568403,1.0,0.4,0.1,0.9,112,8.799860835951758,28.90362490427667
14,51,1.016619146965582,1.0317010584039492,1.028839125505924,1.0349438882727948,1.0142452534785544,0.2168309982931273,0.27441943859036105,1.0,0.4,0.1,0.9,117,8.793287536027186,28.81604473033173
14,52,1.0160821718083641,1.030062077245083,1.0280990061845343,1.0393541802561894,1.0144098697137467,0.2156928370231433,0.27577903552573824,1.0,0.4,0.1,0.9,125,8.823239980710996,28.83831689834913
14,53,1.017416126564799,1.029800443138926,1.0275198545182924,1.0397860777611343,1.0164600244614161,0.21956288427264664,0.27600978098054313,1.0,0.4,0.1,0.9,130,8.763745711576458,28.685057389756487
14,54,1.016347281818724,1.0287200446118387,1.0276512686223724,1.0475717013859274,1.014497518295319,0.21697363457801905,0.2762606917956672,1.0,0.4,0.1,0.9,145,8.76944092159502,28.74698611367296
14,55,1.0157223892498584,1.0276247559457254,1.0250368425383638,1.0418340620155708,1.0139048133357536,0.2152892833317646,0.2767810674151998,1.0,0.4,0.1,0.9,147,8.902620734908535,28.650915843327475
14,56,1.0173443313564037,1.029658512256343,1.0285892433511068,1.0470647322040678,1.0154742348356456,0.21955703365539825,0.27598945306982453,1.0,0.4,0.1,0.9,150,8.762539974176018,28.705286438239902
14,57,1.016369536875473,1.0285174328613675,1.027749565838738,1.049304066721518,1.015130585713677,0.2172091058261157,0.27603417758830945,1.0,0.4,0.1,0.9,151,8.744804140012524,28.65493074532176
14,58,1.0164107697368123,1.0279790237378332,1.025691011646875,1.04451378550073,1.0151220743500304,0.21690050143440773,0.2778834322870567,1.0,0.4,0.1,0.9,152,8.899038505234309,28.862495639747834
15,0,0.9313263095760255,0.8856420549753222,0.884744494430467,0.8807360710386398,0.0,0.0,0.0,0.0,0.4,0.1,0.9,1,240.477374853456,1356.504837733076
15,1,0.9041391583707855,0.9084933295240156,0.9074388962915892,0.9031390229213893,0.07163438797284177,0.10680202889779826,8.317712968985863e-05,0.00011807519264210001,0.4,0.1,0.9,3,222.8901041088253,1268.818332168701
15,2,0.8698805747013209,0.9140855970128012,0.9128930118453621,0.9086594641881749,0.11675589794513175,0.15771736635128147,0.0010673461601785224,0.0031492840857009997,0.4,0.1,0.9,4,207.9221786884337,1138.9389458104756
15,3,1.3103736094475749,1.6206672878776254,1.61728488519383,1.6046847168788898,1.855886061445871,0.2984663096996361,0.32229187101441464,1.0,0.4,0.1,0.9,5,69.45914014163984,234.5411107678852
15,4,1.17006389680888,1.4768452071266216,1.4728103313950092,1.4588194467518973,1.1123084198071616,0.15101818452343282,0.30516473309049486,1.0,0.4,0.1,0.9,7,45.33756724138282,241.4961185963626
15,5,1.1258116609877327,1.381806758294044,1.3770112724576598,1.3586909818873885,1.2251597515601014,0.24740398817844333,0.32432155482563224,1.0,0.4,0.1,0.9,9,29.30442353864836,116.60851599061982
15,6,1.0516227141546715,1.1965015313429177,1.1903521739558895,1.167390366644859,1.267178151731569,0.21485604393209426,0.32642237031049887,1.0,0.4,0.1,0.9,11,13.69687579500276,63.91168406005245
15,7,1.044809521549661,1.1803327985973944,1.1743888374107971,1.1514304815078096,1.032953859100135,0.2143699910407181,0.29120030701163996,1.0,0.4,0.1,0.9,13,13.55445368567934,44.79051487927503
15,8,1.0394971162644502,1.1607412911186474,1.1546512897703973,1.1321037075729732,1.0407164614018642,0.2118951166935364,0.29129565907147736,1.0,0.4,0.1,0.9,15,12.339823818735894,44.597648483907015
15,9,1.0363486226167815,1.1379987510105514,1.131713004097886,1.108262736206637,1.0520018326656917,0.21756746574703198,0.2905596101179284,1.0,0.4,0.1,0.9,17,11.237554880202596,44.38645118519951
15,10,1.040712479179868,1.134541629933659,1.1278762012394576,1.1058441535994765,1.0316723817588422,0.23289924151062347,0.29227814399270424,1.0,0.4,0.1,0.9,20,11.099780725740963,45.47230849551093
15,11,1.0342996253269134,1.1148334056638594,1.1083416949633225,1.085652863767816,1.0671717724577587,0.22672294356985315,0.2846918750473262,1.0,0.4,0.1,0.9,21,10.328775501625644,34.54496765418994
15,12,1.0330438629359973,1.1047604325274862,1.097881409894774,1.0754975321151368,1.0502369696389247,0.22637811979787242,0.29267347405101873,1.0,0.4,0.1,0.9,22,9.79813472628077,39.40180812754218
15,13,1.0328307497792455,1.09927887500295,1.092349710370614,1.070447855408038,1.0299447873235579,0.22864097599327865,0.29273439476821034,1.0,0.4,0.1,0.9,24,9.500488276815744,39.93181096303317
15,14,1.0311788431922617,1.097421453390402,1.0907932303120902,1.0698729917894454,1.01965417541455,0.224676652300224,0.2926921604510774,1.0,0.4,0.1,0.9,26,9.544077316220417,35.73642092759484
15,15,1.0334904983788544,1.099527933585413,1.092897742475227,1.072422025257633,1.0217335720985692,0.22946701269961284,0.29707859371755047,1.0,0.4,0.1,0.9,29,9.660984000097043,50.72209510532362
15,16,1.0328348845136077,1.0965154091221754,1.0898628830287196,1.070547132528227,1.0295344234029726,0.22905008166213844,0.2970977444793827,1.0,0.4,0.1,0.9,30,9.41680070632573,44.44142754695738
15,17,1.0317684915241274,1.0925272154017283,1.0855441549459446,1.0663101610654202,1.0306814746082824,0.22784299036070305,0.29707703518157597,1.0,0.4,0.1,0.9,31,9.245028407352835,39.17223808175748
15,18,1.03044803409993,1.088581540636436,1.0815736940083231,1.0625040124364502,1.0291523000505678,0.22587621327324311,0.2970509882108349,1.0,0.4,0.1,0.9,32,9.285749306235754,38.70050194442962
15,19,1.0303891919056327,1.0885207751127937,1.0818158440035088,1.063093569000148,1.0201743919388837,0.225774845432265,0.29705272395461646,1.0,0.4,0.1,0.9,34,9.279285857827754,38.63241310612149
15,20,1.033388062256687,1.0915401298828644,1.0851382787335413,1.06726078177254,1.0230703131678287,0.22648715030018493,0.32433728264093703,1.0,0.4,0.1,0.9,40,8.909515134918085,49.67656737391535
15,21,1.0330988885747854,1.0901279251531377,1.0840184259288774,1.06646898121398,1.0250750464168719,0.22636759694451639,0.3243455154916552,1.0,0.4,0.1,0.9,42,8.859639748325922,49.58111782933551
15,22,1.0332364510438257,1.0884466723612183,1.0823200471875492,1.066838277432733,1.0250503935508357,0.22748449718812463,0.3248619324809963,1.0,0.4,0.1,0.9,46,8.773490441022386,51.64463971606492
15,23,1.0334135021748558,1.0884355296738328,1.08230712715605,1.067396108275116,1.024344293464037,0.2280347992320561,0.324802960777006,1.0,0.4,0.1,0.9,47,8.783492699428434,51.7760564871545
15,24,1.033083990241279,1.0878521003184756,1.082024307957544,1.0666342891684737,1.0246191485127765,0.22736296242304213,0.32487302219929415,1.0,0.4,0.1,0.9,48,8.757831396248239,51.7073510054738
15,25,1.033171702474146,1.0876012570534566,1.081770328288148,1.0672467254179927,1.024753861205446,0.227759294191418,0.32483040692170917,1.0,0.4,0.1,0.9,49,8.753485091299575,51.73106586349115
15,26,1.0318922058808728,1.0772886458818096,1.0707672755470559,1.055394261089919,1.054420005610112,0.22891509469458823,0.32440345986956115,1.0,0.4,0.1,0.9,50,8.503507738268482,48.250246312512566
15,27,1.0480172401837575,1.093366678714895,1.0871476982015635,1.0727579947693868,1.0404729179337724,0.2684734566382278,0.3277572292523985,1.0,0.4,0.1,0.9,52,9.206769409675692,47.97077204701927
15,28,1.0469486490731092,1.0861655178714988,1.0801926485463,1.0665328079932372,1.0507810006957317,0.26939738743198377,0.3247595463461667,1.0,0.4,0.1,0.9,54,9.005631821117438,47.865252353622175
15,29,1.0453239172623523,1.079267943600227,1.0729432356216482,1.059845549684522,1.0454092553543157,0.26688229568985306,0.32784276566613213,1.0,0.4,0.1,0.9,57,8.785640228827456,42.25780370622251
15,30,0.5072482204799439,0.5416962373338496,0.5371939298761704,0.5388138329062021,0.5014703380779584,0.1860484396775628,0.12538973920723273,0.4605656865105149,0.4,0.1,0.9,97,8.58311612814803,70.57134417356288
15,31,0.5141460602124541,0.5456319096483071,0.5401934375380281,0.5417337377908047,0.5133956162361396,0.20024689674998167,0.1286048203886934,0.46208609295837466,0.4,0.1,0.9,99,8.57273937007355,72.45086236426664
15,32,0.5121694223196804,0.538698095037769,0.5329110648937815,0.5349786374229331,0.5241354397040474,0.1972639711109628,0.12862696870105966,0.4621418883409275,0.4,0.1,0.9,100,8.379984510461682,72.34022068498705
15,33,0.5120855898293821,0.5382084242695053,0.532720614353297,0.5353874563293021,0.5085302757506087,0.1972639711109628,0.12862696870105966,0.4621418883409275,0.4,0.1,0.9,102,8.361873064949897,72.33828607829878
15,34,0.5118714719615998,0.5376851979406779,0.5324976017163643,0.5357663846630197,0.5082216908225593,0.1969087824025037,0.12863458930735958,0.4621359274664595,0.4,0.1,0.9,104,8.318183299454988,72.38640139344885
15,35,0.5118721848813794,0.537314542277663,0.5309115969403752,0.5236654128613284,0.5075903414778573,0.19691505921791538,0.12863447066126524,0.4621360846088905,0.4,0.1,0.9,105,8.318631536373678,72.38450914469514
15,36,0.5118593155098883,0.5376909991021759,0.5328064772059331,0.5376319373854119,0.5077535245329441,0.1969087824025037,0.12863458930735958,0.46213592746645943,0.4,0.1,0.9,106,8.316064316803761,72.40135941355973
15,37,0.5110743291960328,0.5357542438213282,0.5311621295669775,0.5356157532653271,0.5090638490182928,0.19492064531793082,0.12872548090919123,0.46236931241450396,0.4,0.1,0.9,108,8.360949472411015,73.6292745539205
15,38,0.5439505079568816,0.5666825843293337,0.5657082228313658,0.5851763465803507,0.5406619029846318,0.20085967790845416,0.13570922932738833,0.49604279511490573,0.4,0.1,0.9,141,8.184400153417913,31.58114376683716
15,39,0.5255090011053408,0.5482291874850771,0.549072394334077,0.5896208445345645,0.5220481955679408,0.1899576201401873,0.13104203187150096,0.48101741797426323,0.4,0.1,0.9,182,8.096094590210924,29.93176190813592
15,40,0.5258639091043444,0.5486146284318882,0.549761153091012,0.5910673174306207,0.5224703761485878,0.19088599577500984,0.13103921967006982,0.4810106313687183,0.4,0.1,0.9,184,8.102322852008593,29.10376280613026
15,41,0.5259795334585907,0.5478946461327915,0.5493364806004948,0.5917360815526527,0.5241810485410766,0.19155209887344754,0.13103942249708425,0.48101113892936126,0.4,0.1,0.9,186,8.069995167492142,28.80840311114264
16,0,0.9511367156073486,0.8910329161419253,0.8901775734714328,0.8863309298174867,0.0,0.0,0.0,0.0,0.4,0.1,0.9,1,221.81111616956608,1332.7729270525765
16,1,0.9184106688151347,0.909782280383801,0.9087701670018505,0.9046319673394606,0.06753203010131965,0.09657690664629612,8.406781176457622e-05,0.00010440623712032999,0.4,0.1,0.9,3,205.27273469469017,1245.544411013793
16,2,0.8241473011141941,1.042946306821861,1.0408886247015283,1.0329659879630877,0.6891321535085706,0.09885320144381961,0.08061290887711842,0.286124372542057,0.4,0.1,0.9,4,111.6006224636718,761.5018153814104
16,3,0.692534015302009,0.9538310755218337,0.9514071133704498,0.9426191670432806,0.3971411062997855,0.09888208862798652,0.07322106553870984,0.23976600435143197,0.4,0.1,0.9,5,98.26223481649882,585.2111897725621
16,4,0.6940139208005767,0.9672630603866579,0.9647234457246648,0.9554991052110189,0.33612898139881175,0.0989099443651652,0.08309051387096926,0.26994404223566015,0.4,0.1,0.9,6,99.70705764795562,444.67525267414806
16,5,0.6509740633401625,0.9293436251822076,0.9267184332664247,0.9177453245911293,0.29237221989229106,0.09950455608269523,0.07403332664626339,0.2406702285585784,0.4,0.1,0.9,7,87.71421523433945,549.6612287116351
16,6,0.6489694646427991,0.9384288205175447,0.9356649104298081,0.9264734184947254,0.34470227402778614,0.09785847823809955,0.08316702866987356,0.270129591965412,0.4,0.1,0.9,8,88.59748408404701,411.0904732741445
16,7,0.5938366964264996,0.8928588151024897,0.8901869140412376,0.8801025905058233,0.34642778897782134,0.10320079040919136,0.07804232516871522,0.2475530261181723,0.4,0.1,0.9,9,71.97663731762206,507.0102289208325
16,8,0.5415449300960832,0.8540420096831727,0.8508837588600122,0.8392702106178462,0.47723023602763776,0.0981186487289072,0.08507530341571144,0.2747571917036715,0.4,0.1,0.9,10,60.54364005404548,327.8993254202289
16,9,0.434949139049133,0.7364144295722023,0.7325254289192801,0.7185434645589519,0.5352427039255683,0.10270576241909188,0.07876150727394796,0.24616658597697696,0.4,0.1,0.9,11,43.08533813816479,330.2661749018261
16,10,0.330576106809225,0.6230576986776699,0.6189234273846675,0.6037926197828393,0.27941459649153755,0.10639384705377793,0.04536588800035858,0.15700423437323197,0.4,0.1,0.9,12,39.677077897869445,150.166729786539
16,11,0.4088871553464203,0.6891055178870155,0.6847128643126643,0.6693831060890753,0.33507449566666525,0.09362247858047709,0.08525048911132439,0.2682175222483204,0.4,0.1,0.9,14,34.94573032306433,196.84772189814467
16,12,1.414817385723469,1.6838778393452212,1.6798956878095825,1.6651072741725323,1.3248534974422688,1.0,0.07093630599038454,1.0,0.4,0.1,0.9,18,29.28670353535539,821.484682896886
16,13,1.4049681536820702,1.6652572122980698,1.6611328776236065,1.6462937160724378,1.332623515427262,1.0,0.06575791695578855,1.0,0.4,0.1,0.9,20,28.17157217486304,976.6049437602376
16,14,1.3556453269497097,1.5529333190060346,1.548574358460541,1.5292396418146423,1.4563641845565818,1.0,0.013680601582085143,1.0,0.4,0.1,0.9,22,17.19196390467967,1651.9242169590325
16,15,1.3366000370162918,1.488148492228391,1.4832810013192281,1.462907235425699,1.487407497979728,1.0,0.01381504142218732,1.0,0.4,0.1,0.9,23,13.58884013582026,1495.8689985286053
16,16,1.3308614334905238,1.465162037887625,1.4601140642302317,1.4399845404413272,1.3345273041602546,1.0,0.013883928807374877,1.0,0.4,0.1,0.9,25,12.470267063902998,1496.5168659767726
16,17,1.3288164325266791,1.4568546194073142,1.4517411570578291,1.4323234189606202,1.3141680354289726,1.0,0.014237478056521174,1.0,0.4,0.1,0.9,27,12.005738161892609,1491.952677243563
16,18,1.3252463516342818,1.440544367859848,1.4356059818556215,1.4164561401650508,1.3243279638804282,1.0,0.01422758638743677,1.0,0.4,0.1,0.9,29,11.29327694901711,1494.7053649397842
16,19,1.324953114707572,1.4392448060664786,1.4342963258469843,1.4159331858625106,1.3032655483272615,1.0,0.014094725629778317,1.0,0.4,0.1,0.9,31,11.628310101366209,1371.3244839867616
16,20,1.3242215359172023,1.4357850633842126,1.430809291591698,1.4126968664289663,1.311440181237386,1.0,0.014263835457451388,1.0,0.4,0.1,0.9,32,11.060472831321295,1494.4701657560963
16,21,1.3234941877112074,1.4325438878620342,1.42784589974467,1.4095249973176585,1.3109350390789207,1.0,0.014024794525299172,1.0,0.4,0.1,0.9,33,10.91687927081552,1495.662685162776
16,22,1.3229780442342027,1.4279706504460945,1.4226266231922782,1.4049705787557003,1.3160588227256638,1.0,0.01914135882366305,1.0,0.4,0.1,0.9,34,11.559680025031698,1335.1736587806586
16,23,1.3224718864498592,1.4272086415917986,1.4221649355500237,1.4060689320175115,1.3021497213034572,1.0,0.01501251474586911,1.0,0.4,0.1,0.9,36,11.224143309986008,1221.2590033158906
16,24,1.3223885353415241,1.4267813628945212,1.4217342715288734,1.4056252697065768,1.302764011041609,1.0,0.015080930294105746,1.0,0.4,0.1,0.9,37,11.20413690859417,1221.1578179498283
16,25,1.3209673731991645,1.4205627233854399,1.415467651963378,1.400244207302881,1.3199159021472147,1.0,0.013995708162986167,1.0,0.4,0.1,0.9,38,11.427286819336448,1311.3600785168903
16,26,1.3207069461172796,1.4186988372090132,1.4135886914446607,1.3978679060791375,1.3060580303473792,1.0,0.014601760186430881,1.0,0.4,0.1,0.9,39,10.781505506576671,1238.3574343692983
16,27,1.3173189803676582,1.4014805425055115,1.3962356526575823,1.3813024787622141,1.3261444512339837,1.0,0.01407430291359278,1.0,0.4,0.1,0.9,41,10.592538427366264,1313.4472793908274
16,28,1.3171526411141767,1.4004525465474622,1.3951993398283786,1.3808119577675653,1.3029701759164416,1.0,0.014403437163546588,1.0,0.4,0.1,0.9,43,10.468888381648034,1327.6982803874623
16,29,1.3169035269489537,1.3992948160726073,1.3940328425144506,1.3801290146933622,1.3046193583434427,1.0,0.014000400009570198,1.0,0.4,0.1,0.9,44,10.591997676437456,1313.5044173508134
16,30,1.3168213523766736,1.3988873565170818,1.393925143973546,1.3810766841568964,1.3028841862445564,1.0,0.014129888612643077,1.0,0.4,0.1,0.9,45,10.510573912592792,1301.2603582364118
16,31,1.3150511064062333,1.389635433270685,1.3855100787642052,1.3709465196459552,1.3104917660244175,1.0,0.013777927894066387,1.0,0.4,0.1,0.9,48,10.76256143367375,788.1685077588636
16,32,1.316491891091788,1.3841954472037088,1.3797016104363653,1.3660693788311384,1.3122152457410419,1.0,0.04279613267406347,1.0,0.4,0.1,0.9,51,10.517197271320338,857.5393233951719
16,33,1.3120993194114223,1.3726535728541387,1.3683949637609527,1.3550355638739033,1.3265322197124032,1.0,0.01381909031799027,1.0,0.4,0.1,0.9,52,10.183490923677551,781.3886092003972
16,34,1.3120342282108601,1.3718231964409695,1.367557328920671,1.3538351939172366,1.3041272190775695,1.0,0.014718077835410818,1.0,0.4,0.1,0.9,53,9.93675202212454,794.593151657564
16,35,1.3102777714441762,1.3615480793720383,1.356899249343941,1.3435648857917768,1.3304592200105105,1.0,0.013779049363857591,1.0,0.4,0.1,0.9,54,9.909634148377902,734.2159490618351
16,36,1.3099784645536825,1.3599280045488007,1.3555697550345827,1.3432379418487963,1.3025614991112486,1.0,0.01349633669646928,1.0,0.4,0.1,0.9,58,9.81174569168532,752.5067712614506
16,37,1.3098569825361126,1.3590463145862743,1.3546809650465563,1.3426226698216994,1.303983431601583,1.0,0.013733643827414663,1.0,0.4,0.1,0.9,59,9.82902285660322,734.4154068861577
16,38,1.3096315542317556,1.3575240546151321,1.3534494804037471,1.3420602230611194,1.3061951838199621,1.0,0.01412759507585484,1.0,0.4,0.1,0.9,60,9.764702213269326,761.1746132483966
16,39,1.308791107564642,1.3523178499665842,1.3478996714952964,1.336541810029579,1.3159734389602913,1.0,0.013707312452868062,1.0,0.4,0.1,0.9,61,9.661697206389793,775.5474572580671
16,40,1.308188699775348,1.348800257478696,1.3449609512678227,1.3368492581803215,1.302655773200216,1.0,0.013361209622477251,1.0,0.4,0.1,0.9,69,9.564098915523328,790.9171292397214
16,41,1.318049522577402,1.3582551790108395,1.35713862697567,1.3619027451864905,1.311507465309489,1.0,0.11417480039789689,1.0,0.4,0.1,0.9,115,9.50259814585682,790.5188359931698
16,42,1.3078174331876415,1.3474740870131592,1.3475642495134668,1.3652109487748232,1.3014601629343072,1.0,0.013494914244325786,1.0,0.4,0.1,0.9,143,9.473642343818726,790.5307149617345
16,43,1.3462702876123247,1.3857068153200616,1.3879155562071688,1.4151602031638286,1.3400657483264844,1.0,0.3995481251300248,1.0,0.4,0.1,0.9,169,9.525247336895454,772.6314937537434
17,0,0.947665990739457,0.8900964680419287,0.8892338477281937,0.8853590320986229,0.0,0.0,0.0,0.0,0.4,0.1,0.9,1,224.6826983619305,1349.700923484295
17,1,0.9197475835428033,0.909346599913571,0.908340237556481,0.9042244071726953,0.06396811718950925,0.0936337228020915,8.400228301427408e-05,0.00011546190432843,0.4,0.1,0.9,3,208.9718064789693,1308.0042467600167
17,2,0.8298828648927696,1.0530682446965973,1.0509798327784874,1.042940982547346,0.71683150100217,0.09948789179263842,0.08150813897967975,0.3013397007173789,0.4,0.1,0.9,4,123.91060532601146,738.6566483643294
17,3,1.2865299251922497,1.5970507233820013,1.5936463658862992,1.5809611526339726,1.5136855712812896,0.2445487317821581,0.3297581361484827,1.0,0.4,0.1,0.9,5,66.26260994250772,251.75485939498185
17,4,1.2040561528483793,1.5134571811891702,1.5095974709618443,1.4962701632582327,1.0888014544419233,0.1851800544590895,0.31136083548140137,1.0,0.4,0.1,0.9,7,52.61725830332555,223.81475474210995
17,5,1.2247567464818256,1.5334729890248853,1.529568400538917,1.5164022608378027,1.0477035084972792,0.24312098074631322,0.3370425574463456,1.0,0.4,0.1,0.9,8,55.41887938755188,209.62649156642564
17,6,1.4275806697468347,1.6832176861209847,1.6781112796680304,1.660281786805712,1.7761580695130468,1.0,0.3381847550085094,1.0,0.4,0.1,0.9,9,29.099615944395826,82.10179548870673
17,7,1.4003156561512369,1.6190744161296395,1.613464517069696,1.5942460259298987,1.4256566347552355,1.0,0.3382638307497274,1.0,0.4,0.1,0.9,11,22.94558696364723,76.38873162208755
17,8,1.3904195043364171,1.5918973715517106,1.5860739753051092,1.5664730947985548,1.3735983300183723,1.0,0.3385010579733809,1.0,0.4,0.1,0.9,13,20.040541847313484,64.1987177157606
17,9,1.379522798736859,1.5650747015415445,1.5590670924546095,1.5395643291347734,1.397040602873945,1.0,0.30499638379201216,1.0,0.4,0.1,0.9,14,18.560275890296264,53.990044513634544
17,10,1.0461413675609723,1.20075200428996,1.1947044341777375,1.1732747217118238,1.1373929874074729,0.1913157859515717,0.33341810880073086,1.0,0.4,0.1,0.9,15,15.510783349433243,75.0686643630156
17,11,1.0404118502630009,1.183506045150927,1.1773379779740822,1.1563399164734176,1.0508655871107038,0.1949145707308228,0.30005332189204104,1.0,0.4,0.1,0.9,16,14.99334236368645,52.82437087247741
17,12,1.0382461061146788,1.172769015861945,1.16651100571334,1.1447246493326741,1.042699615728525,0.18828310167585585,0.3338134875068202,1.0,0.4,0.1,0.9,17,13.782023967660708,70.9507085130467
17,13,1.0328350353959714,1.133168273809677,1.1274751023791447,1.1037176871131886,1.1395163735784342,0.2076386188749991,0.29918649078845055,1.0,0.4,0.1,0.9,18,12.075239439082871,41.6951187207448
17,14,1.0282008366570983,1.1132708476979056,1.1074288294867278,1.0839798212800986,1.0392953215935357,0.20529954178744764,0.2992454238730682,1.0,0.4,0.1,0.9,20,11.181597716503276,41.65043285593768
17,15,1.0277350174472826,1.1114581202645213,1.1056031295097002,1.0822519803519253,1.0165530565784213,0.2048907518582573,0.2992751929950859,1.0,0.4,0.1,0.9,21,10.904410542898583,41.256661407153246
17,16,1.0261615927437366,1.1011327128413144,1.0951935079130701,1.071619376408873,1.0432708798324681,0.20942343656687817,0.2851995621475865,1.0,0.4,0.1,0.9,22,11.313629080564828,37.920392981201005
17,17,1.0275529962344274,1.0999863897998354,1.0940228919160713,1.0705105304949534,1.0231077785614702,0.21097878820978816,0.2984148997766791,1.0,0.4,0.1,0.9,23,10.841844482259155,38.57710706108793
17,18,1.0241070872451483,1.0907623842463683,1.0847438901569733,1.0610207753046883,1.0321959642148975,0.20871897895673247,0.2853149652106094,1.0,0.4,0.1,0.9,24,10.847173194658142,34.30583881781636
17,19,1.023789690223007,1.0896145072014356,1.0835881180493514,1.0612747468532884,1.013329685850245,0.208399162389181,0.28516817073644435,1.0,0.4,0.1,0.9,26,11.09291557959252,35.17160452660197
17,20,1.0246021924775304,1.0895155294895025,1.0834804752800098,1.0611342648309916,1.014478422211557,0.21097527768546764,0.28490317098908907,1.0,0.4,0.1,0.9,28,11.052543016677282,34.52176888518646
17,21,1.023783480706275,1.0841846881324335,1.0781069952498221,1.0560260016629273,1.0286342008308558,0.21123566608648486,0.28493294011110676,1.0,0.4,0.1,0.9,29,10.61667211722631,31.829806394172085
17,22,1.0228318672211985,1.082070793072754,1.0759821170017785,1.0529123295906417,1.0162988109286308,0.20938697131502443,0.28516429402717236,1.0,0.4,0.1,0.9,30,10.444162671511506,32.08804757403924
17,23,1.0223307287632588,1.0784070721778862,1.07228860446405,1.0507520081823896,1.0233418702581405,0.20975253584021442,0.2850184865965181,1.0,0.4,0.1,0.9,31,10.021094863691928,32.11000687498773
17,24,1.0239814426644938,1.0793114849326746,1.073791917595349,1.0535213841657536,1.0148764642193102,0.21447756342535143,0.28445842562247786,1.0,0.4,0.1,0.9,36,10.575437546082885,32.64901546476811
17,25,1.0237374487883326,1.0770414231071233,1.071502817806384,1.0527460088909453,1.02139540767716,0.21397509318272462,0.28801566443528065,1.0,0.4,0.1,0.9,37,10.484924007429331,36.23478508576428
17,26,1.0235555896165034,1.0763534675169868,1.0708100788165058,1.0518490323138487,1.014882443737286,0.21465096925485497,0.2844702070226391,1.0,0.4,0.1,0.9,40,10.29328022296163,31.380246834969352
17,27,1.0218864990076832,1.0686995198800247,1.0634031233005665,1.045274868272478,1.0346652521142903,0.21248994403369115,0.2880609625426655,1.0,0.4,0.1,0.9,41,10.195648655887885,42.425148641740726
17,28,1.02272803490847,1.0676203956854224,1.0623060812363514,1.0439052060929115,1.0182906772600797,0.21579102411627332,0.2868736335559806,1.0,0.4,0.1,0.9,43,10.085889144131317,32.52803555123772
17,29,1.0227542561425762,1.0677215824653212,1.0627109716296281,1.0454866838458845,1.0150498784528919,0.21582407986166857,0.2870316490415913,1.0,0.4,0.1,0.9,46,10.08898829281891,32.5574451184796
17,30,1.0195244299863435,1.0634244212908208,1.0587068136975726,1.0412503257751158,1.0159744547298113,0.20800816791139085,0.2881495257914737,1.0,0.4,0.1,0.9,47,10.084842601170488,43.5362654088804
17,31,0.36014105991571405,0.4025538136479961,0.3984281878491552,0.3845947982475301,0.35365540703287274,0.1549704321274049,0.07783352818298192,0.3146349533542954,0.4,0.1,0.9,55,10.134887462014806,33.85062844263203
17,32,0.35403911490455775,0.3925561818784039,0.38809153417097797,0.37461073193647565,0.3604939980742026,0.15489626724399008,0.07609654301504175,0.3088501315520896,0.4,0.1,0.9,56,10.089970499483297,46.754109128755104
17,33,0.36274423968489966,0.398857163230645,0.3949762084993352,0.38198762551923854,0.35890540512896685,0.15423687080209283,0.07915015332904023,0.3189918269743639,0.4,0.1,0.9,60,9.831070745448953,37.03813784571609
17,34,0.36241324098503835,0.39623998415986095,0.3926408278194724,0.3809748638399053,0.36080113700274824,0.15502672215750785,0.07913062082858983,0.3187394692702052,0.4,0.1,0.9,62,9.742859951628027,36.57046514883003
17,35,0.3638705412923305,0.3972060883734171,0.3936024066026974,0.37760886071972055,0.3588872884254196,0.15549425658465788,0.07969602468998017,0.320183750961311,0.4,0.1,0.9,65,9.741912230569822,36.12289080387824
17,36,0.3619220133787796,0.39368204498267506,0.3903667856082793,0.3799600878270998,0.35949326174787466,0.15501506330806905,0.07910878572915844,0.3186195535224911,0.4,0.1,0.9,67,9.656958312807928,33.287793352991365
17,37,0.3606987823432323,0.39240758267167575,0.38909184858793094,0.379654542938369,0.3555179110643242,0.1540752971826776,0.07873926024245538,0.3177290177625796,0.4,0.1,0.9,70,9.686771373280967,32.84105467200394
17,38,0.36430060989756247,0.39298338293973817,0.3893368852857878,0.3821326568229879,0.36155165989128124,0.15577793254498404,0.07998450379102864,0.3213977939527579,0.4,0.1,0.9,75,9.544208101356048,31.34773401834404
17,39,0.36323675583760373,0.39031383642378714,0.3875614684966677,0.38229380714408845,0.35945522913073663,0.15530642533900194,0.07990623126760776,0.32078840594201063,0.4,0.1,0.9,85,9.490500184605402,31.85770950541844
17,40,0.3626072986085561,0.38935034710527217,0.38659490201521995,0.3820165701324211,0.3588126345535352,0.15544941843799015,0.07997983182535127,0.320080047087116,0.4,0.1,0.9,87,9.52763855286114,31.831403911722813
17,41,1.0653955830010498,1.091784653121766,1.090843795152341,1.0931926223936126,1.0613197268218277,0.3825587410744582,0.08165303573172919,1.0,0.4,0.1,0.9,110,9.4826617699551,44.96661296667156
17,42,1.0654350746622157,1.0919109895671573,1.0912738350166613,1.0955191850914863,1.0612309364611854,0.3826587368751627,0.0816532744690275,1.0,0.4,0.1,0.9,115,9.48270441576679,44.97691089951058
17,43,1.064811933301762,1.0903406714785264,1.0896947958527534,1.0941861554565588,1.0639525449582161,0.38143550504398366,0.08190390216363785,1.0,0.4,0.1,0.9,116,9.418893232486049,43.68788916359296
17,44,1.1035147425799088,1.1289169380924637,1.1288758144455695,1.1344158045853727,1.0998624216959723,0.4780199914530662,0.08310676656220656,1.0,0.4,0.1,0.9,119,9.321605587295752,45.91850180357751
17,45,1.0517397453703572,1.0756474862927075,1.0755926498786916,1.0814249782540848,1.0505047976380837,0.3494350626780983,0.08218445396602568,1.0,0.4,0.1,0.9,121,9.269042924160424,37.73737548726555
17,46,1.10467380340623,1.1281634146324433,1.1281047564042839,1.1346116280624048,1.101698038159063,0.48178917872159566,0.08280112781158588,1.0,0.4,0.1,0.9,123,9.32817228642616,42.19449892681895
17,47,1.0411441306303322,1.0634968395447963,1.0625189866201485,1.0729113205350416,1.0379731365208218,0.3234272927730872,0.08238327147089113,1.0,0.4,0.1,0.9,131,9.482241490257502,163.12400646154484
17,48,1.1122138434475497,1.1345822241307861,1.13511929326747,1.1445835001012887,1.109479518848445,0.5011755199893482,0.08280235051896173,1.0,0.4,0.1,0.9,133,9.279048756038502,41.90558101094688
17,49,1.1116966029623747,1.1338681620754645,1.134403423494714,1.1452358952149926,1.108595559349577,0.4998303526534558,0.08333385810102686,1.0,0.4,0.1,0.9,135,9.279453222257947,42.28859372524459
17,50,1.1220374176481906,1.1438309417431678,1.1449687299365388,1.1584448077642833,1.119633896898845,0.5261471002786846,0.08239008923507732,1.0,0.4,0.1,0.9,137,9.308761717508032,85.60992664102889
17,51,1.0086056340966758,1.0277109835306815,1.0276122963266658,1.0342376931603936,1.008245776325844,0.24351197803167798,0.08240244010929805,1.0,0.4,0.1,0.9,140,9.220555501892957,630.4682684171286
17,52,1.0087305193147995,1.0276269962899502,1.0284353321023074,1.036623965601373,1.006649137410594,0.24400547949492507,0.08245134715187831,1.0,0.4,0.1,0.9,142,9.2244682979022,618.669619840218
17,53,0.9994353923878264,1.017487337410397,1.017379072638604,1.0330244617723485,0.9970294068307836,0.22103925721550163,0.08229116018491091,1.0,0.4,0.1,0.9,147,9.209891872863285,406.5662254959371
17,54,1.059659447817572,1.0763334879044189,1.0774245764496166,1.0977920418488054,1.0577931495747124,0.372231108803848,0.08254933277628317,1.0,0.4,0.1,0.9,156,9.33290500839024,203.4192815995268
17,55,1.0595988847238034,1.0759063544364673,1.0769941237352851,1.0987627781127265,1.0577573641262816,0.37222532533435493,0.08255092225396161,1.0,0.4,0.1,0.9,158,9.304383804901358,203.42377772859217
17,56,1.0595988841366106,1.075996359763116,1.077387905394404,1.0998497133947347,1.0571452657528788,0.37222532392865204,0.08255092214720448,1.0,0.4,0.1,0.9,160,9.304383789137288,203.42377679735856
17,57,1.0595472155516377,1.0765692038866532,1.080087159705883,1.0946350357330232,1.0571130831567062,0.3720986415249104,0.08254984438718718,1.0,0.4,0.1,0.9,161,9.318530998314648,204.26039017824493
17,58,1.0595153954924104,1.075801191018606,1.0768887899433601,1.1000706213977813,1.0571192795788982,0.3719509337657504,0.08284823801468033,1.0,0.4,0.1,0.9,162,9.322535280951982,215.7366774077795
17,59,1.0541835944839466,1.0696447685084616,1.0704218168405273,1.096668209536886,1.0520955176122242,0.35892215405245936,0.08281283474271314,1.0,0.4,0.1,0.9,172,9.253167064236322,211.1664024871217
17,60,1.0585875824413185,1.073839152793379,1.0746142716136882,1.1008534121032487,1.0566375773982355,0.3699834552761669,0.0829400498514502,1.0,0.4,0.1,0.9,174,9.27030042637676,199.65265034197856
17,61,1.058598622494394,1.0738506614852685,1.074928819123925,1.1014692569775755,1.056462004960575,0.37004425459031176,0.08294905787644594,1.0,0.4,0.1,0.9,176,9.273090855531033,199.9284503576457
17,62,1.0209430157244874,1.036222998197041,1.0382102600359815,1.0716555567117156,1.0187530323768141,0.275874131703154,0.08345663427867415,1.0,0.4,0.1,0.9,190,9.270164959411108,108.9217229817228
17,63,1.032490839292559,1.0474605336221858,1.0497480141828333,1.08305945762939,1.0316427396311456,0.30487668312691296,0.08355737925425968,1.0,0.4,0.1,0.9,191,9.219253371475958,108.447566938106
17,64,1.0521870588080415,1.0671430834644935,1.069430420004295,1.107292046398432,1.0500199608388225,0.35410446175797944,0.08362997664846947,1.0,0.4,0.1,0.9,194,9.306003105928722,89.75175126961196
17,65,1.019851637826702,1.0347123849170086,1.0369988634591132,1.0721784869935829,1.0180020654102697,0.273424178855246,0.08314722243303843,1.0,0.4,0.1,0.9,195,9.232058066796307,105.74870473990616
17,66,1.0540415557569387,1.068386043555348,1.0703647750067715,1.1088809459808555,1.0533639195808382,0.3589405553468437,0.08365286497485681,1.0,0.4,0.1,0.9,196,9.234699451208686,89.18478940800588
17,67,1.053914748020308,1.0683084626104653,1.0705906828481553,1.109517663078321,1.051889100541449,0.3586119718748585,0.08376333401252656,1.0,0.4,0.1,0.9,198,9.233036930471435,89.33804458317701
18,0,0.9510472162710626,0.8910090083248425,0.8901535347035222,0.8863061171163182,0.0,0.0,0.0,0.0,0.4,0.1,0.9,1,221.683707709939,1356.8996424895995
18,1,0.9480367997121819,0.9201446484811933,0.9191931724012727,0.9152867074189163,0.059000762559860184,0.10326247146534684,2.073732655007983e-05,6.986205701064e-05,0.4,0.1,0.9,3,213.02404876195115,1230.3900985548216
18,2,0.786980045453197,1.0079883444254167,1.0059141414137736,0.9979280178545038,0.6845069404988919,0.09949555276506752,0.08557968459612014,0.2487701863884523,0.4,0.1,0.9,4,118.83912434968876,800.6329748637446
18,3,0.7297524149662049,0.993454318370441,0.9910045050676775,0.9821171145992769,0.44353715415530426,0.09891228398839048,0.06712823399149444,0.28811422443672474,0.4,0.1,0.9,5,94.66863209593669,618.4627941590924
18,4,0.7820593143761219,1.0637385710848057,1.06106821850058,1.0513391300746942,0.48503217723086955,0.09893300170491416,0.07478559880027882,0.39656860880333983,0.4,0.1,0.9,6,83.34851944162841,489.73350554031816
18,5,1.3686821524092174,1.6659615157550713,1.663029237465051,1.6529223537758115,1.0879470604660375,0.09890221709711963,1.0,1.0,0.4,0.1,0.9,8,76.89351724242975,540.8989208895108
18,6,1.2804306396886669,1.5853590845284256,1.5822212507813505,1.5720578498322633,1.0599648780768403,0.09936358054366892,0.45401400117239876,1.0,0.4,0.1,0.9,9,73.54737570567944,411.3477079632248
18,7,1.2387302327223368,1.5494479432226091,1.5460258357164518,1.5360616116708412,1.037637776827201,0.10010189144617791,0.4540894879089105,1.0,0.4,0.1,0.9,11,62.71342636340943,373.1961223472573
18,8,1.2060346461573654,1.5175840227597646,1.5139559576997055,1.5034145697950745,1.0555426683671607,0.10051607764007937,0.3962275371083634,1.0,0.4,0.1,0.9,12,58.42506105419006,284.55991737887365
18,9,1.2046957074918945,1.515913224038397,1.5122169180733347,1.501593172159287,1.011868797216081,0.10107336916129286,0.4643095642076729,1.0,0.4,0.1,0.9,13,53.73847780444412,343.3634616398141
18,10,1.1849106104897427,1.4936447158322488,1.4897451221551092,1.4785756718338328,1.0651257903529552,0.10055476295650445,0.5026662720918567,1.0,0.4,0.1,0.9,14,50.62488456787682,300.84113011920743
18,11,0.428144614179441,0.722065182462441,0.7176683592284818,0.704174853079352,0.4649597234777503,0.10132237448033668,0.03739352695934765,0.2644322538962304,0.4,0.1,0.9,15,45.61584481838788,250.4395570013285
18,12,1.092949645853445,1.3795446302693797,1.3749829982501367,1.3616952173354662,1.0211880888807783,0.10062014638227305,0.20485057430494988,1.0,0.4,0.1,0.9,16,36.10558341547953,244.51645050812547
18,13,0.4069646467996718,0.6918889063789945,0.6872926437947682,0.673667170271034,0.2902421983489237,0.10144702894400463,0.037258102579039956,0.25910068714156104,0.4,0.1,0.9,17,42.15295241166738,230.57694228852327
18,14,1.074129544281015,1.347904758724777,1.343097123882182,1.3295259552282934,1.0380955546661934,0.09987051278030336,0.2049346130527704,1.0,0.4,0.1,0.9,18,32.082327754529786,227.23124098551563
18,15,0.1744796723171847,0.4297147894261861,0.4261175455618667,0.41023626467637925,0.1942693584021432,0.10504765276383421,0.005309023005030628,0.04283704757148455,0.4,0.1,0.9,19,32.71607500745208,135.0156054540541
18,16,0.17214125358906707,0.4090552867439052,0.4048935092138243,0.3882651998737624,0.14162214686352032,0.10022013249937126,0.005681579393040768,0.058994694476676414,0.4,0.1,0.9,21,27.25932348233109,115.10824454216272
18,17,0.16963663066512696,0.40349713194922004,0.399294072291378,0.3834298140104063,0.1086168264040066,0.09742185270888992,0.005360354631635342,0.05994247153872249,0.4,0.1,0.9,22,26.50719392889504,123.6723344611298
18,18,0.24732685988834782,0.4693765204539746,0.4653216819520505,0.4491505648713064,0.2076598154138462,0.09721860378096636,0.00725336641750133,0.15496111899297632,0.4,0.1,0.9,24,24.05752533842488,102.10646123389525
18,19,0.23135058396368624,0.44529964697349106,0.44114275800309005,0.42500727059541876,0.2054018191073031,0.09714485455110072,0.004045274299439167,0.14302304308710878,0.4,0.1,0.9,25,22.32816815008984,97.70220961998233
18,20,0.2313505839655769,0.44529964697349106,0.44114275800309005,0.42484709258749614,0.16798327387447387,0.09714485455110075,0.004045274299439167,0.14302304308710878,0.4,0.1,0.9,26,22.328168152160007,97.70220933417964
18,21,0.22033560441417427,0.41326853407891695,0.40885976241675115,0.3927376554735004,0.26062316391486895,0.09708612487527449,0.004090152315035151,0.1431360596259814,0.4,0.1,0.9,27,19.775906421160744,81.92630456249171
18,22,0.21166093462889124,0.38610213858405484,0.3814832528452371,0.364391629506324,0.24482554261997902,0.09602071026567892,0.004124154638570178,0.14316485712105348,0.4,0.1,0.9,28,17.644896979740636,78.9423452668284
18,23,0.16222576275897685,0.3285462701178778,0.32383776345351856,0.30629631842387117,0.13795453615907807,0.09586628709730216,0.010123820571780975,0.09128508493057871,0.4,0.1,0.9,30,17.461471219422744,125.6918335128477
18,24,0.14324512389943234,0.299726605933246,0.2949117273223056,0.27795601338698767,0.1453185054127462,0.09426209446257848,0.009300838138816799,0.07513309345096963,0.4,0.1,0.9,31,16.210223615233108,124.66300746545733
18,25,0.15433751949338292,0.29577305543923116,0.290799113737016,0.27279312869552164,0.1809874664051197,0.09571408372505802,0.010539310877504132,0.092475400477667,0.4,0.1,0.9,32,15.131264119215608,113.41491427100804
18,26,0.13986849402168378,0.27699495721327716,0.2719762121853788,0.2546239606332942,0.12594114693595207,0.09695746793286272,0.010744236947114232,0.07737767471373064,0.4,0.1,0.9,33,15.12962191160178,103.90542843433477
18,27,0.15083136635824998,0.2828343165074205,0.277762654243936,0.2604833196395776,0.14149046304311907,0.09648260481814155,0.010933734903955212,0.09154149356265716,0.4,0.1,0.9,34,14.308837471618878,109.32728081717664
18,28,0.13390191140308316,0.2512381974923684,0.24601744103394008,0.228630091998011,0.1642547377313212,0.09670239508385682,0.010861145764752519,0.07746032678064768,0.4,0.1,0.9,35,13.547605987060546,102.37860575841331
18,29,0.14523477966005724,0.2600106667283354,0.2547641220790351,0.2378387553168282,0.13104980810649447,0.09652589877974038,0.010278610960817643,0.0909978954313473,0.4,0.1,0.9,36,13.218380509116,89.76975788736301
18,30,0.14473443005936376,0.25473119643056275,0.2494368790072418,0.23260861983760575,0.1398549034711106,0.09491884742704744,0.010641134601468828,0.09256716265121032,0.4,0.1,0.9,37,12.949428056624331,104.34925157362878
18,31,0.14293900483566374,0.24635246759211582,0.24099282520916698,0.22467518248782026,0.14630391204268067,0.0972511836904294,0.010500906557033535,0.09148793625301588,0.4,0.1,0.9,38,12.268628924055417,85.04026874701319
18,32,0.14091597688110152,0.24104002164196525,0.23595081489228936,0.2195918791365255,0.1272453851398388,0.0958532189227554,0.01037938717560408,0.09083772384599365,0.4,0.1,0.9,40,12.114818160379508,87.85689665752324
18,33,0.1389782474419841,0.22975575649822033,0.22427219350769817,0.20853774419459387,0.15472643183287696,0.09608816447878477,0.010442550498644603,0.09111493928268344,0.4,0.1,0.9,41,11.504549169544616,87.88040412360317
18,34,0.13815557764008635,0.2280262632066404,0.22283672026550258,0.20745235736554218,0.12268043132636866,0.09591374091018616,0.010374323317900428,0.09055180576638985,0.4,0.1,0.9,43,11.393230738018948,87.51736911749663
18,35,0.14016868129212467,0.2285126723800389,0.22300539574095624,0.20746922819932812,0.12838349068770075,0.09482988197092254,0.010754465478867528,0.09360863141613912,0.4,0.1,0.9,44,11.309169505996945,87.0247269267891
18,36,0.13755675952037988,0.2233221204689646,0.2180927642821999,0.2033446819008478,0.13077554133213495,0.09603925315498149,0.010486031786955874,0.09089738932925112,0.4,0.1,0.9,45,11.170968904685813,86.32424548489699
18,37,0.1727061114400908,0.2572857513344805,0.25204486272467375,0.23755050661979785,0.15884851164813374,0.09336349935051848,0.019115944760262987,0.13049518896731999,0.4,0.1,0.9,47,10.70483611649806,82.68476466103382
18,38,0.13583194540979332,0.21561963023349134,0.21002964622115852,0.19584151243358666,0.1374945979446281,0.09369068006968184,0.010544108218113558,0.09152324723002267,0.4,0.1,0.9,48,10.740843291304918,89.54651954345616
18,39,0.16025409998267864,0.23971174372879903,0.23442149598965747,0.22062822593068593,0.14615269952537444,0.0943571455739562,0.014558895337977985,0.11802109250700496,0.4,0.1,0.9,50,10.781693760729228,91.57439263548652
18,40,0.16484435787256613,0.2433769187006929,0.23807779700996157,0.22432497655886613,0.15348727075961022,0.0961655201982334,0.015371755097251682,0.12245892688968466,0.4,0.1,0.9,51,10.80600603667508,82.0628307265396
18,41,0.16363058427019211,0.2401875043414354,0.23486939668505602,0.22156346569005225,0.1564026265257969,0.09384560321590055,0.015418733980151658,0.12262553845959519,0.4,0.1,0.9,52,10.706000044374337,81.51262729700652
18,42,0.1599153675909043,0.23477745365661595,0.22944313185252665,0.2163719766865686,0.15206561729131507,0.09412623384623311,0.01485250657122115,0.11885153927985066,0.4,0.1,0.9,53,10.560183130019356,91.09307386217182
18,43,0.16011493828110673,0.23495822861622553,0.2296237161243761,0.21684872291401408,0.146372153752731,0.09481021909071809,0.01482408059812891,0.1187770552975816,0.4,0.1,0.9,54,10.567356596760064,91.72758060657452
18,44,0.1598805158659543,0.23467391171351515,0.2296417918590335,0.21699358420423992,0.1465936202860236,0.09412623384623314,0.01485250657122115,0.11885153927985066,0.4,0.1,0.9,55,10.5410878746044,91.287563370931
18,45,0.15880669361137573,0.22934011531800938,0.22426731517028908,0.2123656808714119,0.15093331414157604,0.09371527472740535,0.014842633515192376,0.11886918285357029,0.4,0.1,0.9,58,10.422870505147898,87.31330727794479
18,46,1.3130716349767015,1.3798924246032236,1.3759960118921293,1.3637477491509962,1.3153088996245794,1.0,0.01081096657587235,1.0,0.4,0.1,0.9,59,10.40068464500446,80.42374243673275
18,47,1.3115994840527774,1.3702736315074744,1.366300199186443,1.355995538024681,1.3154261039215742,1.0,0.012791872622616466,1.0,0.4,0.1,0.9,61,9.92511069502564,76.89005820569096
18,48,1.3111538977025632,1.3677742309839287,1.3634785279698007,1.3524169212056247,1.308013960932123,1.0,0.012252399992853269,1.0,0.4,0.1,0.9,62,9.962716046510677,75.62479208530894
18,49,1.310510029397197,1.364686103475691,1.3606703735307075,1.3499793448286863,1.3098255872581177,1.0,0.010807624693546174,1.0,0.4,0.1,0.9,63,9.81504222523894,77.82577138655202
18,50,1.3103817173860863,1.3638640216173719,1.3598417734687533,1.3496683369399025,1.3034770213271991,1.0,0.010878951197051952,1.0,0.4,0.1,0.9,64,9.591025535938218,77.13444951940855
18,51,1.3095721209312743,1.3589240973607013,1.354863208660102,1.3451774707154827,1.3081745750553955,1.0,0.010746512134108764,1.0,0.4,0.1,0.9,66,9.387203849019077,72.97808300044727
18,52,1.3095649874498996,1.3589651170136072,1.3552076326209122,1.3459947999805029,1.301147316911697,1.0,0.010755022177624706,1.0,0.4,0.1,0.9,68,9.389302660534383,72.7401790606154
18,53,1.309533678345753,1.3588596745355226,1.3554044236699132,1.3463410345497104,1.3013568768054637,1.0,0.01075447506891482,1.0,0.4,0.1,0.9,70,9.406802883600918,72.65713910585892
18,54,1.3095147286085747,1.3586420499673904,1.3551849306377055,1.3467621316752871,1.3017799057549406,1.0,0.010945279071553836,1.0,0.4,0.1,0.9,71,9.459697608954974,73.86495176303383
18,55,1.309718271528621,1.356733157011667,1.353256340856468,1.3467004653390175,1.3035067294649993,1.0,0.01697537880069229,1.0,0.4,0.1,0.9,75,9.58929131188971,79.3242546778021
18,56,1.309309338390961,1.3533189384532038,1.3498141383725781,1.345028681280891,1.3052757519893063,1.0,0.018495394043128933,1.0,0.4,0.1,0.9,78,9.465679700429613,79.90097729719398
18,57,1.309268495277891,1.3528971954683149,1.3493888209878442,1.3445898631525088,1.3031799365091612,1.0,0.01879144363246261,1.0,0.4,0.1,0.9,79,9.42193445311054,80.13485250377629
18,58,1.308681097882912,1.3490397014067859,1.345500984135949,1.3418924472348523,1.3056081829652073,1.0,0.018908492281156118,1.0,0.4,0.1,0.9,82,9.227112239926798,78.93738618024949
18,59,1.3086540920732959,1.3489540024301108,1.3457176505403057,1.3432897911816026,1.3021440957276698,1.0,0.018908492281156118,1.0,0.4,0.1,0.9,84,9.2407244849293,78.93850094092203
18,60,1.134951844654926,1.174177272912429,1.1715369358270804,1.1713339517266126,1.129127053979578,0.5690075372591007,0.008124987028467343,1.0,0.4,0.1,0.9,90,8.876836935192646,73.93289213215185
18,61,1.307171542485071,1.3455137256968959,1.3431681354067613,1.3451848318033004,1.3016376353899768,1.0,0.008102388824086728,1.0,0.4,0.1,0.9,94,8.855632749450145,73.26198423719914
18,62,1.3069273857680557,1.3438810411719175,1.3415225657390377,1.3438324941380542,1.3023868724200032,1.0,0.008142729673454013,1.0,0.4,0.1,0.9,97,8.641932134529647,73.92520597310381
18,63,1.3068633825752458,1.343629959367738,1.3415726966349015,1.344847897398828,1.3017397253110856,1.0,0.007995445460164494,1.0,0.4,0.1,0.9,98,8.83853437390086,68.50755091086654
18,64,1.3068540473963697,1.3436533205919514,1.3418993950798173,1.3464313566795652,1.3008977289694497,1.0,0.008004042953283844,1.0,0.4,0.1,0.9,100,8.828294450026908,68.6085654249898
18,65,1.3094173199577304,1.34543626462095,1.3430691491731306,1.3464817620301721,1.3038777040122271,1.0,0.03470222862431465,1.0,0.4,0.1,0.9,105,8.878048483339406,99.10057222634238
18,66,1.3066136742771899,1.3407632912085103,1.338984874508378,1.3432240669849451,1.302764605422352,1.0,0.010277960459757601,1.0,0.4,0.1,0.9,109,9.140234595171906,70.04820883387166
18,67,1.3064596986308623,1.3396963549762422,1.3379095049414853,1.3444779156195883,1.3018086867812482,1.0,0.01033898898066356,1.0,0.4,0.1,0.9,113,9.189904817672089,69.80481162839972
18,68,1.3063130249584827,1.3386982526346474,1.3369035629529915,1.3451282353251526,1.301753588118871,1.0,0.010350905726966569,1.0,0.4,0.1,0.9,117,9.063828864374768,69.55342150016267
18,69,1.3063774776190284,1.3384331328796035,1.3369383732758837,1.3464474767071115,1.3025917479057285,1.0,0.0117236047428716,1.0,0.4,0.1,0.9,118,9.11415394605962,70.29354459850428
18,70,1.3058112558873813,1.3368577926842682,1.3365655215977585,1.3474502668000665,1.3023855993972293,1.0,0.008426878660696382,1.0,0.4,0.1,0.9,121,8.731033125782334,69.57389451822691
18,71,1.0095585574762094,1.0390855286310519,1.0384763774165608,1.0476467999879326,1.0072482930712625,0.2599810199426179,0.008427115842225785,1.0,0.4,0.1,0.9,123,8.684937976735162,67.34332374773977
18,72,1.3054388695309183,1.3340761672712886,1.3331558854484802,1.3530368660811896,1.3009601203029895,1.0,0.008517727191769756,1.0,0.4,0.1,0.9,150,8.601873397163724,79.89717683296246
18,73,1.3068927428637807,1.3358894947934603,1.3370932601669598,1.3600364944900825,1.3024658045552755,1.0,0.023516617276835,1.0,0.4,0.1,0.9,156,8.679356678688501,82.47443478525985
18,74,1.3052039644875235,1.3328467965222321,1.3334321851527087,1.3560551151087712,1.3028400838441951,1.0,0.008617410174219919,1.0,0.4,0.1,0.9,158,8.723305215596126,86.85125292334287
18,75,1.3051856766238434,1.3331971135931298,1.3353006020253781,1.3638256475412756,1.3008755326049692,1.0,0.00857220376691452,1.0,0.4,0.1,0.9,173,8.717558300637219,85.66344643047405
18,76,1.233361849522463,1.2602275697238614,1.2608057738504757,1.288973917474222,1.2303214190878096,0.8207464788535619,0.008519802448373618,1.0,0.4,0.1,0.9,175,8.691672948581811,67.55039600796802
18,77,1.2143001654336345,1.2406069760051208,1.241180095407102,1.2710853569119651,1.210884837966044,0.7733213097373034,0.008542606338987834,1.0,0.4,0.1,0.9,178,8.69881595895131,67.57076885398453
18,78,1.1515020304280235,1.1758344737140078,1.1769954805328937,1.2068870569635246,1.154991388282122,0.61718058659268,0.008717845541743876,1.0,0.4,0.1,0.9,179,8.74965107557623,70.98972558815422
18,79,1.3046262655819922,1.3289553892525428,1.3301163628821626,1.3610745887884395,1.300871562125729,1.0,0.008688021707801924,1.0,0.4,0.1,0.9,183,8.697277297707329,68.19803556856249
18,80,1.3045908580956258,1.3286946325882854,1.329853539220312,1.3612413171884215,1.3011252087154221,1.0,0.008707678052733016,1.0,0.4,0.1,0.9,186,8.61173949715383,77.88704849818187
18,81,1.3045759660076115,1.3286748001142337,1.3301366138172521,1.3626384913008325,1.3009144794660357,1.0,0.008715909820100858,1.0,0.4,0.1,0.9,188,8.599930780402662,77.6141051138947
18,82,1.304570878843547,1.3286398673471675,1.3301013823467913,1.3633049204790058,1.3010351146933021,1.0,0.008714651839318818,1.0,0.4,0.1,0.9,190,8.599083530656277,77.73424353665683
18,83,1.3045882438523095,1.3287325958735638,1.3304977037615764,1.3649227396707053,1.3009409122833873,1.0,0.00891239709671388,1.0,0.4,0.1,0.9,191,8.68506791033551,94.22133183639394
18,84,1.304547162534716,1.3285613482114118,1.3303253149832568,1.3650013406468935,1.301312176069509,1.0,0.008717012103309267,1.0,0.4,0.1,0.9,192,8.580537620508045,77.71576592575502
18,85,1.3045284596734517,1.3281705412053673,1.329628137337955,1.3638707739566427,1.301258231042845,1.0,0.008996325887788923,1.0,0.4,0.1,0.9,194,8.757063560728701,111.21605625800537
19,0,0.9475011001010447,0.890051992470444,0.8891890358363148,0.8853128694506784,0.0,0.0,0.0,0.0,0.4,0.1,0.9,1,224.81754832483225,1346.3982449737778
19,1,0.9182177898516609,0.9118494233192042,0.9108300417515562,0.9066640193307663,0.07044954331755508,0.10404539459931943,8.339773664612007e-05,0.00011270981830787,0.4,0.1,0.9,3,208.33538513288627,1267.6567667907482
19,2,0.8588141011882877,0.8952794128529037,0.8941147492524621,0.8899877512349937,0.0970214966178664,0.09959046667173535,0.0014107241009548536,0.00410182874067057,0.4,0.1,0.9,4,202.1248655241461,1711.3071909631262
19,3,1.2748767920712958,1.5854156762749747,1.5820100765901097,1.5693205152609255,1.8422275780794912,0.21588827246545989,0.3296123000940192,1.0,0.4,0.1,0.9,5,68.01951662962242,244.2111500392869
19,4,1.142947429060179,1.4447818251316413,1.44060021095304,1.4260444816103188,1.1202526401373913,0.11564034689938758,0.31303655177810463,1.0,0.4,0.1,0.9,7,43.90434626712585,282.3614490647484
19,5,1.091553726776375,1.3451584501553886,1.3403186629590058,1.3219563822874192,1.1784564867092713,0.16755311278159385,0.3336696971248206,1.0,0.4,0.1,0.9,9,29.220219212120394,97.37814308733924
19,6,1.0681983352482194,1.2925513652916556,1.2873088732594526,1.2679465454318277,1.0732274613808164,0.16428787108602042,0.3337479387803801,1.0,0.4,0.1,0.9,11,23.72877621408907,85.87361677175184
19,7,1.0393069297092072,1.213896136378018,1.2080645250021762,1.1868801318908953,1.1031638544005355,0.15632382939786543,0.3296869556842701,1.0,0.4,0.1,0.9,13,18.13806287051126,61.568126281279085
19,8,1.040728184082864,1.2119722653512246,1.206100075871439,1.1851938013860401,1.0077510222507184,0.16365227835534485,0.3327190807977923,1.0,0.4,0.1,0.9,15,17.369766866252096,66.89895950174459
19,9,1.0321186454311593,1.1749299177276074,1.1687589264585907,1.1470774881935557,1.103628233556836,0.16658402841255998,0.3313867298333296,1.0,0.4,0.1,0.9,16,14.79769000462319,79.50223006329243
19,10,1.03109925107067,1.1719889049708794,1.1657977788808809,1.1447116487837337,1.006762648118445,0.1655752563045546,0.3315930549765588,1.0,0.4,0.1,0.9,17,14.601808696535889,79.07180916985087
19,11,1.0177648058248527,1.130405595127416,1.1239261706973886,1.1023732038461025,1.10048386277905,0.16127701086118976,0.30042663444280704,1.0,0.4,0.1,0.9,18,13.361499440625218,52.90399184854373
19,12,1.013673969444911,1.1039782709134527,1.0972783569858624,1.0757745389913749,1.03677409035803,0.16573366057379144,0.2992559496685555,1.0,0.4,0.1,0.9,20,11.659896296895004,42.97937675866457
19,13,1.0081984486107465,1.0784925045153777,1.0715998892980785,1.0495988930849518,1.0306301785279404,0.16334112733739242,0.29949466836180255,1.0,0.4,0.1,0.9,22,10.574112084877218,38.5642946937362
19,14,1.0079617366502407,1.0713443379348424,1.0643860683801605,1.0428137373796214,1.008525373407898,0.166364736588353,0.29955373507660843,1.0,0.4,0.1,0.9,24,10.07816947153915,40.27813294864391
19,15,1.0054424444963863,1.0671923239133707,1.0605215357841506,1.0398905609722302,0.9973172788586054,0.16044733784288953,0.30156162040806167,1.0,0.4,0.1,0.9,26,9.917009912973478,39.159157377451415
19,16,1.0066491879512953,1.0632619746481624,1.056239792095,1.0358204835880267,1.005300773610907,0.16674742696030037,0.29862040027428266,1.0,0.4,0.1,0.9,28,9.64473108035424,37.31778664452552
19,17,1.0060058387095647,1.0594618718540842,1.0524100163353984,1.0321362745566285,1.0074364256308557,0.1666081947838829,0.29897965783732366,1.0,0.4,0.1,0.9,29,9.674488483017448,37.69893662588958
19,18,1.0070645945273007,1.059510444503328,1.0524491128974907,1.0325963419192887,1.0012779208252194,0.16982347550767346,0.29867946698908865,1.0,0.4,0.1,0.9,30,9.305165502408064,40.85470046727553
19,19,1.0051178901075764,1.0555912507256138,1.0485114472867127,1.0290449945244198,1.0030201271354133,0.1659185408409682,0.2986547097774962,1.0,0.4,0.1,0.9,31,9.268534728871511,36.96758358339408
19,20,1.0073112184184043,1.056980578300504,1.0498932411617774,1.0309379567856816,0.9999618984384974,0.17178002642203144,0.2986880230956729,1.0,0.4,0.1,0.9,33,9.373113373918542,40.19056107890762
19,21,1.0059316212282148,1.05135375864387,1.0442267648548924,1.0258620158632519,1.0052898499910683,0.1703420375871072,0.2987042933359911,1.0,0.4,0.1,0.9,35,9.09760977265881,36.87661885394777
19,22,1.006787940372069,1.0516240152157723,1.0450974239812967,1.028282717977859,0.9995326722490895,0.17275026894547976,0.29907197057879065,1.0,0.4,0.1,0.9,40,9.224540096351715,36.24072074806315
19,23,1.0038985962395433,1.0456437962150371,1.0390884197839767,1.0222292922690672,1.0019674849716098,0.16780201216330196,0.29569714256006907,1.0,0.4,0.1,0.9,42,8.927883094673277,38.07304667071457
19,24,1.0051891324541886,1.0455637841757917,1.0386927832835608,1.0226851087252502,1.0025827155729166,0.17172644804554138,0.2952509167108708,1.0,0.4,0.1,0.9,43,9.021049492779618,39.63912185598529
19,25,1.004399797457926,1.0427729736511493,1.035883398241072,1.0195814951847162,1.0046065754321394,0.17065995825221053,0.2952590513085109,1.0,0.4,0.1,0.9,44,8.827357877548895,35.1825610292323
19,26,1.0078800028042416,1.0444637842531372,1.0381634785564613,1.0230263219773819,1.0049718593140742,0.17937085844256068,0.2987570903744004,1.0,0.4,0.1,0.9,46,8.948876077747046,37.42526576265824
19,27,1.0078723509902894,1.044066024727448,1.0380651545811506,1.0242226465391848,1.0025177894748873,0.1795591128195022,0.2987851879658366,1.0,0.4,0.1,0.9,48,8.943530426955897,41.29773587486861
19,28,1.0087884098445736,1.0438988706345884,1.0378879664175853,1.0240829485174832,1.0064886262594652,0.1823352037319901,0.2987683228274507,1.0,0.4,0.1,0.9,49,8.77569311585855,40.507433440428144
19,29,1.0064186911585604,1.0395106744044749,1.0331780989205825,1.0197572093075065,1.0029610240078963,0.1775928452349102,0.29744366875108,1.0,0.4,0.1,0.9,52,8.71123221902323,35.854967039943354
19,30,1.0054817242674947,1.0386511748684761,1.0326223477520484,1.0192747041056374,0.9998951497252095,0.17488897929196898,0.29891438098743284,1.0,0.4,0.1,0.9,53,8.736996427786888,33.8302084838372
19,31,1.0075959534644454,1.0390898550088654,1.0327425749933814,1.0198511184311951,1.0076020399175065,0.18123335134161206,0.29744899745286424,1.0,0.4,0.1,0.9,54,8.66831050722019,35.0134604891327
19,32,1.0060427547319029,1.037416800030467,1.0316743586860908,1.0186950032360877,1.0017569428977267,0.1771118780022558,0.2989271101984431,1.0,0.4,0.1,0.9,55,8.705901884063614,33.82849277695195
19,33,1.0067290373440565,1.0369979682859158,1.0312453272255433,1.018227082204686,1.0053514107472161,0.1793016338203956,0.2989462443922809,1.0,0.4,0.1,0.9,56,8.695180192403797,35.401735442447965
19,34,1.0067539314979888,1.0368512070647922,1.0313999502826843,1.0188130046670443,1.002569407895323,0.17947347544618958,0.29895966952871494,1.0,0.4,0.1,0.9,57,8.698541280316846,36.971522834488894
19,35,1.0064129174390222,1.0358068842023167,1.0297432565544724,1.0175524950822898,1.0031992275095207,0.17915923673426964,0.297706923582097,1.0,0.4,0.1,0.9,58,8.572300374441578,41.32029241386436
19,36,1.0061404891485093,1.033652210313285,1.0284802025638469,1.0184240381808065,1.002983555469829,0.17904154663563496,0.2991385727347233,1.0,0.4,0.1,0.9,63,8.644451456049788,35.75251730314848
19,37,1.0073235297991294,1.0325264027875634,1.0261212949049874,1.0165208734081206,1.0063278671520772,0.18273513820228623,0.299496142243658,1.0,0.4,0.1,0.9,65,8.566052425832646,36.33422187141122
19,38,1.007259396655349,1.0323406221626985,1.0259343597928976,1.0175172726796022,1.0031028592153761,0.1826183722997628,0.29952756313597767,1.0,0.4,0.1,0.9,69,8.582990767913785,44.643026439275445
19,39,1.007254478042789,1.0319506248785844,1.0258438750993968,1.0188132282688995,1.0038744566582494,0.18278378394718914,0.2996156625421705,1.0,0.4,0.1,0.9,71,8.595631528712449,44.95142172121796
19,40,1.0070794624228425,1.0304006033101905,1.0254930982302801,1.0192511128239703,1.004164036647585,0.18378258022846367,0.2967748690155944,1.0,0.4,0.1,0.9,77,8.572238055785853,32.84101255718621
19,41,1.0059465836784087,1.0272409053594482,1.0220119052130514,1.0167108967593503,1.0088818340128933,0.1823482416287617,0.2943914897327818,1.0,0.4,0.1,0.9,78,8.532603479046912,35.61973171316993
19,42,1.0057112840911864,1.0253169136537579,1.0200724625183224,1.0165385741813002,1.0038369839161103,0.18229081658613372,0.2950410575775923,1.0,0.4,0.1,0.9,82,8.431920947853204,35.71627518022343
19,43,1.0061697713519449,1.0254113947095007,1.020769506459989,1.0180476339830933,1.003879840032268,0.18370735985104336,0.29484811689927953,1.0,0.4,0.1,0.9,84,8.447037550917086,31.900104501116427
19,44,1.0051205665924177,1.023710866105967,1.0187601196152973,1.0170217028286233,1.0026371392268485,0.1813432890331608,0.2947263587806519,1.0,0.4,0.1,0.9,87,8.427339133322153,35.815379429152934
19,45,1.0062763630143154,1.023809536871699,1.0188491402007505,1.0174135389118288,1.0042223126356153,0.18339210377732007,0.2998030853791601,1.0,0.4,0.1,0.9,91,8.277058485017076,27.65695926552147
19,46,1.006894849764906,1.0240488363193665,1.0190849876449737,1.019860163536047,1.004270777198385,0.18506022410478423,0.2999280864651464,1.0,0.4,0.1,0.9,96,8.207839852675486,27.47503936012286
19,47,1.0063991092301277,1.0230774255745578,1.0181092162120067,1.0191855679095898,1.0051896303439158,0.1839905965589553,0.30001589811757046,1.0,0.4,0.1,0.9,97,8.184813913365415,27.167467560047704
19,48,1.0064023520501193,1.0227062272422542,1.0180375837788307,1.0216040018850043,1.003897819690915,0.18420798061508886,0.2999258839116387,1.0,0.4,0.1,0.9,104,8.217678791435977,27.210242264616184
19,49,1.0065601041024266,1.022620109569878,1.0182521731217493,1.024549681476171,1.0041104073323766,0.1847113225130612,0.3000257533095099,1.0,0.4,0.1,0.9,109,8.137416170102266,27.34072510856106
19,50,1.0068714580381082,1.0224320548670756,1.0177565998274738,1.0254672675917094,1.0056330685486528,0.1855226833348807,0.3005497427077226,1.0,0.4,0.1,0.9,110,8.150565601802898,27.30866340815263
19,51,1.0072044159077043,1.0224575123953188,1.0177792932769452,1.0264415512533531,1.0051603822171928,0.18638628648744743,0.300916740737299,1.0,0.4,0.1,0.9,112,8.10669985948053,27.059948696487385
19,52,1.007187759959458,1.0214156065584281,1.0164250810211066,1.025994616458216,1.007917622145106,0.1864618671167514,0.30194095395691434,1.0,0.4,0.1,0.9,113,8.043102297810762,27.135106220864195
20,0,0.8887280274304046,0.8736649417879813,0.8726733590898906,0.8683057322752258,0.0,0.0,0.0,0.0,0.4,0.1,0.9,1,281.0998748562102,1356.2156534693563
20,1,0.8667847701838115,0.8944018351414381,0.8932684693819514,0.888667443752055,0.06484547477512156,0.09672968896646904,8.215241533018288e-05,0.00011291047792415999,0.4,0.1,0.9,3,263.4517793402608,1318.5353123957184
20,2,0.8292638471885768,0.8936792235280997,0.8924111772476234,0.8878896016336797,0.10467924398928055,0.13154023781570762,0.0010193285993480568,0.00279885849922577,0.4,0.1,0.9,4,242.29262598372688,1177.016475657248
20,3,1.2675945237704245,1.5782350006940455,1.5748201353214069,1.5620947959028897,1.8016695103996936,0.20761306504487487,0.3027460172061818,1.0,0.4,0.1,0.9,5,68.17363440001033,248.3867410315092
20,4,1.2672923231054463,1.5779563691493683,1.5745392899423452,1.561805547435314,1.0141220098567554,0.20761306504487487,0.3027460172061818,1.0,0.4,0.1,0.9,6,68.03629408301411,250.9804555990632
20,5,1.1415539203429625,1.4428251638058356,1.438627698755215,1.4240107615943955,1.2644032946254726,0.121995054875726,0.2882321169168525,1.0,0.4,0.1,0.9,7,42.61949433808245,252.25389135748617
20,6,1.13899426384737,1.4393147579284502,1.4350896456804274,1.4201848457573623,0.987576894938495,0.12199505487572601,0.2882321169168525,1.0,0.4,0.1,0.9,8,42.02299641261638,256.31342178328373
20,7,1.0998468007555815,1.3610110859855644,1.35629565337212,1.3381972629486611,1.29197067034963,0.1748785034250186,0.30447707783637895,1.0,0.4,0.1,0.9,9,32.963978470005245,120.75502722243397
20,8,1.0217390237548596,1.154706293690201,1.1484331496568219,1.1249104638183343,1.2785873387719289,0.15487032691063465,0.30621412321747477,1.0,0.4,0.1,0.9,11,15.60990502289457,62.921576917008025
20,9,1.021583888625554,1.1544148676684214,1.1481403473780667,1.1249431081090333,0.992972633459845,0.15457579091537801,0.30626669844259025,1.0,0.4,0.1,0.9,12,15.59745076873292,62.89341111573278
20,10,1.0173607188223355,1.1370446252092379,1.1306360177845798,1.10715049288603,1.0414065464037694,0.15384552165268664,0.30631285670444036,1.0,0.4,0.1,0.9,13,14.76685140504862,63.862569517251416
20,11,1.0172569443509436,1.1365783348797391,1.1301660825500097,1.1066664351907645,0.9935114128440032,0.15384552165268664,0.30631285670444036,1.0,0.4,0.1,0.9,14,14.794458468465171,63.81171413243831
20,12,1.0146612236586081,1.1240139014142079,1.1175016667111617,1.0941980373947693,1.029056731447184,0.15427447042898748,0.3063321700183575,1.0,0.4,0.1,0.9,15,13.95527150604075,52.8309677788953
20,13,1.0075022361912356,1.107783085528863,1.1014838387633608,1.0774397792640817,1.020915371562278,0.15349089487782946,0.2618912243783193,1.0,0.4,0.1,0.9,16,13.377387214286928,44.153883678750006
20,14,1.0117434132099983,1.1093106897909437,1.10268190223382,1.079397267857887,1.0019661917716316,0.15479749865829928,0.30571503832587216,1.0,0.4,0.1,0.9,17,13.369572033187591,65.58115546825596
20,15,1.001945843150947,1.0834682531864863,1.0769862452660728,1.0528424086727832,1.0442015803982996,0.1509088253835961,0.2619526545219542,1.0,0.4,0.1,0.9,18,12.319672026472984,41.15883427562592
20,16,1.0019198675418812,1.0834185917282078,1.0772392419592907,1.053949885550589,0.9867599451837978,0.1509088253835961,0.2619526545219542,1.0,0.4,0.1,0.9,20,12.308177340218576,41.22863975978348
20,17,1.0026050405177394,1.0834628515216014,1.0769744218483663,1.0538055995803979,0.9893201332404526,0.1529307088821698,0.2619740412775976,1.0,0.4,0.1,0.9,21,12.398929674714129,42.02540609364626
20,18,1.0074471339529663,1.0861434878718064,1.0793311043983076,1.0568388437600564,1.0005079710616893,0.15532316323895695,0.3058185814233599,1.0,0.4,0.1,0.9,22,12.288380858124494,53.1059950739192
20,19,0.9997114280163462,1.0666515567856476,1.0600299762201986,1.0372558944677919,1.0286319698579853,0.15330291242523053,0.26204394806845255,1.0,0.4,0.1,0.9,23,11.800564333965324,41.95219876984732
20,20,0.999689138653956,1.0652089183824551,1.0585737963270665,1.0358571137268233,0.9903140218574278,0.1520384385916573,0.26989875627285803,1.0,0.4,0.1,0.9,25,11.471824552319758,45.45907298321372
20,21,0.9999217853873683,1.064528805091763,1.0578850517703107,1.0353881257010225,0.9913854758679251,0.15309726633299392,0.26988100339135196,1.0,0.4,0.1,0.9,26,11.502881534644745,44.61484421741868
20,22,1.004261737337974,1.0632956103980906,1.056296246286423,1.0345003073398753,1.0126866081286743,0.157735198668233,0.3059392149452262,1.0,0.4,0.1,0.9,27,11.365674824269904,54.51482143130824
20,23,0.9959350582939315,1.0526298966254375,1.0462143082686026,1.0237091309916608,0.994586294873292,0.15277707481596953,0.2475578432452523,1.0,0.4,0.1,0.9,28,11.427878033462486,36.26805921479532
20,24,1.0028492586247986,1.056983520540696,1.0499380623344412,1.0289116581348496,1.0014669306986508,0.15664010556743585,0.3059556651106527,1.0,0.4,0.1,0.9,29,11.167156648152208,52.18182149746923
20,25,0.9945656212859194,1.0446005561604128,1.0381225045776927,1.0158963502154523,1.0005304723743893,0.15160447383576928,0.25157842096755023,1.0,0.4,0.1,0.9,30,10.852416134786417,41.75637504831485
20,27,0.9986167227693427,1.0429318380124928,1.0367033159365957,1.0183352852656762,0.9916230399242372,0.15368770879165516,0.29474655825456963,1.0,0.4,0.1,0.9,39,10.719627604897028,38.54988681689845
21,0,0.9385419575145226,0.8876183173256434,0.8867362650984442,0.8827871449263255,0.0,0.0,0.0,0.0,0.4,0.1,0.9,1,233.8112404219848,1360.4232062486074
21,1,0.9054607754425856,0.9034444690185416,0.9024109582061589,0.8981912445901319,0.06292641631025685,0.08753835406896,8.329236869252802e-05,0.00010735176944450999,0.4,0.1,0.9,3,216.6508181441957,1290.0700501587294
21,2,0.8617213722906665,0.9020047842779749,0.9008264222911785,0.896647069064279,0.10533438280023055,0.12457808771607255,0.0010745560686564876,0.00244422396396749,0.4,0.1,0.9,4,202.1208152533084,1121.914811546341
21,3,1.2121662929128454,1.5225192904697833,1.5191287813142123,1.5064962942196665,1.7668596671771555,0.18621714232334857,0.32486869762922144,0.941701488925222,0.4,0.1,0.9,5,64.71825071800276,249.62106343920595
21,4,1.0460135917153968,1.345680656503129,1.3414363837887004,1.3266398981374703,1.0432021266481075,0.09149421728390697,0.306238210554327,0.910237851094848,0.4,0.1,0.9,7,44.21536232663789,255.51808737582704
21,5,1.0322781774952194,1.277360888736974,1.2724048001209156,1.2535929973098012,1.1339150740626227,0.149915205009339,0.3279936982622547,0.9496060125293632,0.4,0.1,0.9,9,27.549024316755823,103.10625161469834
21,6,0.9743749661075461,1.1130671809847654,1.1068531960203274,1.0837722342878204,1.1742826131933415,0.13934611711658096,0.3286735182859642,0.9497536527296431,0.4,0.1,0.9,11,14.299314942044749,63.19634838820063
21,7,0.9743082352732636,1.1129193576592813,1.1067045453715063,1.0836204113010637,0.943660132171603,0.1404980274700921,0.3284237767256169,0.9492251232313803,0.4,0.1,0.9,12,14.281204885345538,62.73773634193568
21,8,0.9702651783025922,1.0971283385181603,1.090792606347589,1.0675857771584547,0.9873839780144582,0.1383428912814247,0.3287244108498521,0.9497297128356144,0.4,0.1,0.9,13,13.907817253560651,64.53345061900504
21,9,0.8144331453948319,0.9391982671777861,0.9331440427349473,0.909681915546614,0.7959636287132024,0.13473341436629144,0.2719793556624295,0.785216547599225,0.4,0.1,0.9,14,13.662360800448411,41.50766570113805
21,10,0.9659637653869964,1.0772890295983863,1.070796448170925,1.0475685559476573,0.9925775891019696,0.14432737881774343,0.3275981127507132,0.9473598951998792,0.4,0.1,0.9,15,12.984111839888904,63.84175078648303
21,11,0.8820834864380752,0.9888043135362861,0.9822658340328492,0.9597915088650257,0.877441444225631,0.14586343973012159,0.29471909135348845,0.858515379927104,0.4,0.1,0.9,16,12.474791293559068,43.05475334550157
21,12,0.8761459038284668,0.9624791954479337,0.9560435574968994,0.933682236080599,0.9334689387665764,0.14407940021963533,0.2946691933854712,0.8583998340744257,0.4,0.1,0.9,17,11.53044534435735,36.05408718926511
21,13,0.8710756149405435,0.9386853944053822,0.9320701801769646,0.9087748054165175,0.8916408991210328,0.14161960523617328,0.2947654425042505,0.8584718825179662,0.4,0.1,0.9,19,10.93716594663057,36.31296721770744
21,14,0.880063922803295,0.9455788873833375,0.9392466242268298,0.9168007637800832,0.8720004103335796,0.14173452706201564,0.2984537920531182,0.8685075262020977,0.4,0.1,0.9,21,10.743339300986266,38.45912560519399
21,15,0.8694189433765726,0.93177229069544,0.925107214769924,0.9025281287419709,0.8688750281374064,0.14028128028484418,0.29480521652413616,0.8584382487862353,0.4,0.1,0.9,22,10.656835167544068,36.012094011728884
21,16,0.8614560960357197,0.9184531046809368,0.9117374718899708,0.8894713186218139,0.8698765806636073,0.14109101307543118,0.29175585152551625,0.8507749070707078,0.4,0.1,0.9,23,10.3791716129842,38.11931708776781
21,17,0.8687472138563986,0.9250738909753451,0.9183519087430201,0.8967491170740793,0.8611599310206096,0.143906221569431,0.29425560825162145,0.8575021477723611,0.4,0.1,0.9,24,10.288551801907008,36.73565143390341
21,18,0.8684019455042342,0.9203139484345781,0.9135505240610917,0.8917892115934193,0.8744546250257524,0.1445350815231249,0.2942900114620769,0.8577969929604784,0.4,0.1,0.9,25,10.472702451189988,36.664409166987966
21,19,0.8676440896818735,0.9159972529495106,0.9092005404766715,0.8880108315882155,0.87135671238204,0.14554730486148837,0.2942362116973729,0.8572679140009191,0.4,0.1,0.9,26,10.286767176563965,38.46205927447249
21,21,0.8661093820448682,0.908368474701233,0.9015149943105402,0.8810887782665288,0.8758369890717327,0.14434433098827287,0.2942545634266806,0.8573633085181435,0.4,0.1,0.9,28,10.000409979616268,36.960477085947886
21,22,0.8660341379643745,0.9079743473049136,0.9014207895540297,0.8813130559396772,0.8594871919139837,0.14434433098827287,0.2942545634266806,0.8573633085181432,0.4,0.1,0.9,30,9.966724210644346,36.6895820838331
21,23,0.8663188127087752,0.9037233142441836,0.8968247790934063,0.8776902476243729,0.8674560539296303,0.1467929393620539,0.29427597618623097,0.857487471064849,0.4,0.1,0.9,32,9.829653348741951,31.747400525014108
21,24,0.8675086161559893,0.9030116221840956,0.8960954725958727,0.8776402501678757,0.8646438562822172,0.1503854428606211,0.294291669219034,0.8575889808180343,0.4,0.1,0.9,34,9.755504531220756,32.62969455618991
21,25,0.8698169170785826,0.9040033544168641,0.8973779782441472,0.878292411937365,0.8663571480279559,0.15574768159355643,0.2945850399366501,0.858015049358867,0.4,0.1,0.9,36,9.585702168894269,31.312106022651623
21,26,0.8695216679833715,0.9026434931206436,0.896311224787982,0.8783111266839901,0.8658361986586004,0.15564062600614406,0.2945673545930091,0.8579625190725947,0.4,0.1,0.9,38,9.449284694438663,30.28937864187384
21,27,0.869344822038661,0.9009960474012297,0.8943472647311834,0.8775585639541781,0.8662820891072843,0.15532344800019238,0.29461564486895014,0.8581700946960927,0.4,0.1,0.9,40,9.501307514622155,30.916464807346536
21,28,0.8680136538170358,0.8991006954944669,0.8924467479425675,0.8754295067255207,0.8646197880259895,0.15401873100628605,0.29432656167849064,0.8574121284485978,0.4,0.1,0.9,41,9.366453369383478,27.378801420445395
21,29,0.8681563108121537,0.899072422198329,0.8927198220163646,0.8763746871802831,0.863343779536465,0.1544765393991419,0.2943360902611179,0.857416825320134,0.4,0.1,0.9,43,9.361540456500547,27.61156206952454
21,30,0.8713840635023938,0.9021047179666514,0.8957503128831982,0.8804063690940336,0.8664881533081403,0.15827160575719657,0.29472030453103804,0.8593111650766823,0.4,0.1,0.9,45,9.241303696794247,29.588779739283243
21,31,0.8715541233965988,0.9013187884890528,0.8949555805613146,0.8803021498716057,0.8681120888896544,0.15295067113032573,0.2955085527655159,0.8619611669061757,0.4,0.1,0.9,47,9.311605416621802,29.632195978463656
21,32,0.867543670387163,0.8945283860283385,0.8884426275626327,0.8742758579496241,0.8726661621830358,0.1532775517865648,0.2945741434787895,0.8580099197963756,0.4,0.1,0.9,48,9.291258605566268,27.739267038968176
21,33,0.8682153398247068,0.895055991911012,0.8889689145169481,0.8756991244448025,0.8639166645938079,0.15490003980962377,0.29459607464601967,0.8580599229360585,0.4,0.1,0.9,50,9.265030159359394,27.819824282842056
21,34,0.8684826299029298,0.8951681133206338,0.8890796205473982,0.8760278642338135,0.8642286312279589,0.15574725032251374,0.29459252676779824,0.8580100318583547,0.4,0.1,0.9,52,9.285550051360811,27.876747303299982
21,35,0.8679191610366954,0.8943378066090245,0.8882468435371906,0.8758642908470647,0.8638988694502654,0.1542938106306772,0.2946135402723272,0.8580779072834017,0.4,0.1,0.9,54,9.213306941577924,27.9089919577438
21,36,0.8680583743413135,0.8946056960244066,0.8891217683679439,0.877641477045576,0.8636833853704763,0.1545736108905047,0.29464179812400965,0.858114757237777,0.4,0.1,0.9,56,9.228890401941586,27.585853693429303
21,37,0.8681280864713176,0.8943723674136592,0.8882798151705661,0.8782560354667678,0.8638948478221258,0.15454320549047068,0.2946475116506664,0.8582282687713763,0.4,0.1,0.9,58,9.228399730685387,27.631776035388164
21,38,0.8690453941634273,0.8949783925702233,0.8894888697756062,0.8797743577075969,0.8663434418525628,0.15709734005506698,0.29462725546939855,0.8582069221428545,0.4,0.1,0.9,59,9.2020126692067,28.02592671830044
21,39,0.8704059085437938,0.8933280772985186,0.8881139645257159,0.8786090460500402,0.8700466511630409,0.1512155686143295,0.2842808979443267,0.8640598678132317,0.4,0.1,0.9,62,9.112045074513324,32.32587459380647
21,40,0.8502912956446306,0.8721850556910999,0.8672645154080774,0.8588296191263848,0.8473905813061255,0.14661763696151536,0.26471046443760404,0.8461343605906141,0.4,0.1,0.9,67,9.057698006180416,33.869049041661974
21,41,0.8502812355520876,0.8721741843976111,0.8672536131391892,0.859716415449734,0.8466306963149274,0.14661801649901465,0.2647111225970169,0.8461231138526362,0.4,0.1,0.9,69,9.066835480324375,33.87169103715422
21,42,0.8506882146807065,0.8724462179873963,0.8675244189205781,0.8606050340840402,0.8472849694536626,0.14662156435531898,0.26475725663436706,0.8465933890511683,0.4,0.1,0.9,71,9.032892500204689,33.89180487711291
21,43,0.8517305150451647,0.8734126238243441,0.8684901236562446,0.8630690323211112,0.848367977096544,0.1467835585929287,0.26472178004329144,0.8476973663463495,0.4,0.1,0.9,72,9.046166647122424,33.4071277182849
21,44,0.8688431291126238,0.8903550409417765,0.88543095039826,0.877569195531851,0.8655396848953163,0.1504460546481559,0.28346010672349264,0.8630327888740046,0.4,0.1,0.9,74,9.08480230053855,30.83056667556597
21,45,0.8504576690550859,0.8710971612275267,0.8664680610678681,0.8615667904609314,0.850257372326199,0.14658694956172752,0.2648325291705882,0.8465654209790386,0.4,0.1,0.9,75,9.01452767924309,33.77047800850372
21,46,0.8504702382952793,0.871031760486798,0.8664019285514979,0.8618156875755757,0.847314491061268,0.14656346660385605,0.2646032717130039,0.8466295489293284,0.4,0.1,0.9,76,8.972340047896019,33.73399166871123
21,47,0.8670449905546611,0.8873586754054401,0.8830295347939201,0.8774320544508245,0.8648232153976847,0.153683172872428,0.2830155031538368,0.859897774913246,0.4,0.1,0.9,77,9.128007997156946,47.11733974613386
21,48,0.8668962635594241,0.8862980297115545,0.8819605353205506,0.8769600845198764,0.8667335103246872,0.153683172872428,0.2830155031538368,0.859897774913246,0.4,0.1,0.9,78,9.082399517724456,46.85954532021962
21,49,0.8674136883752149,0.8806390283929145,0.8753364853814549,0.8651493998149162,0.8717673270814915,0.14593760758262977,0.29687437268087535,0.8634299105708632,0.4,0.1,0.9,81,8.436274973992258,31.800128756823057
21,50,0.8676127915232481,0.880110472887535,0.8751042351681886,0.8656835096920176,0.8682094194093513,0.14590954126968275,0.29709078950922724,0.8637829721425924,0.4,0.1,0.9,82,8.395337405695257,31.96780422355315
21,51,0.8672502445888849,0.8791113103345896,0.8750082324814095,0.8712108873473661,0.866016690571037,0.14500489337854075,0.29876485367256284,0.8637546295337298,0.4,0.1,0.9,86,8.252979030048342,32.38285587730166
21,52,0.8708836093372802,0.8821746635775123,0.8780663833320709,0.8748908344303192,0.8694566691958231,0.14564498772096743,0.29795973006069604,0.8676958947126476,0.4,0.1,0.9,90,8.272365247787308,32.17220129755543
21,53,0.8708636978352192,0.8821302069102431,0.8780216974569239,0.8748453017142392,0.8690053742580695,0.14566104984136077,0.2981200057115659,0.8676530963262834,0.4,0.1,0.9,92,8.262917525868016,32.286192263637574
21,54,0.8703516125312162,0.8816085513106424,0.8774999591851975,0.8743232302146005,0.8684593242655168,0.14569516164530477,0.29778931466487996,0.8671073671353593,0.4,0.1,0.9,97,8.267733581795207,32.14804866342307
21,55,0.8700563637660349,0.8812283971446362,0.8771190606690197,0.8752043201700979,0.8683147040797491,0.143616040372751,0.29802577626669347,0.8676919408495312,0.4,0.1,0.9,99,8.336175935360405,31.816473910398745
21,56,0.8684577032508192,0.8795954683702829,0.8757887540409515,0.8731520695059569,0.8670050272025293,0.14567755453068487,0.29659827157063423,0.8651795328803562,0.4,0.1,0.9,100,8.284918581502138,31.96956570651145
21,57,0.8688905477042237,0.8796469647072587,0.8761397211369897,0.8779259066518181,0.867188076285589,0.14518554091748237,0.2963225960974102,0.8659915562417352,0.4,0.1,0.9,118,8.277663336316724,32.076792491394954
22,0,0.9383336031889432,0.8875613604672994,0.886678798836288,0.8827279947302504,0.0,0.0,0.0,0.0,0.4,0.1,0.9,1,233.6129380728691,1351.2288162688592
22,1,0.9057502545659247,0.9055549688081087,0.9045154521184394,0.9002728021435771,0.06680741578997362,0.09468339566201324,8.330612368150826e-05,0.00012058127474219001,0.4,0.1,0.9,3,216.46897780706544,1249.3374984675722
22,2,0.5252127888322223,0.7710739649622189,0.769103693223459,0.7612609845938404,0.5140539539077733,0.127332907323618,0.002615921955700698,0.01055838801197187,0.4,0.1,0.9,4,118.18210830473072,545.3826304090777
22,3,0.38712600784392703,0.6933477092835597,0.6904722064163603,0.679169531658277,0.26450089969984325,0.15710348698052218,0.0068399717276492545,0.03864986330429257,0.4,0.1,0.9,6,76.86534706025805,16439.404051220816
22,4,0.34549440952163346,0.6567015762709422,0.6535391072752723,0.6419904743674715,0.15091449762207565,0.1564547839574954,0.00691642973539651,0.03883551136549193,0.4,0.1,0.9,8,66.29726354591148,16413.90120154448
22,5,0.3441434804948693,0.6559593615117787,0.6527429121077082,0.6416066207436083,0.12501203850113377,0.15753528546215617,0.008794775653503666,0.044968690592489556,0.4,0.1,0.9,9,64.06960576221734,15896.079798634177
22,6,0.2530952491079414,0.5505877535526528,0.546885665702277,0.5324119495050388,0.3885844625589389,0.15230401051353196,0.008423074161426769,0.04191510013947742,0.4,0.1,0.9,10,42.050575757424525,15923.168260698798
22,7,0.24402173578379602,0.5358972715597166,0.532055818647738,0.5170492268360065,0.15373877613805717,0.14952113394639815,0.010253324520811919,0.0463591399561107,0.4,0.1,0.9,11,38.307534466126135,15931.343454334572
22,8,0.19032685246251885,0.4491797537667028,0.4447306311325901,0.4277561166904,0.31640846096951125,0.13398324536132117,0.009471591692876957,0.04302351382660733,0.4,0.1,0.9,12,29.95269808368453,15387.875629165992
22,9,0.19047327061814306,0.44849206417208365,0.44433250836189553,0.42750836357602673,0.09692559222963865,0.13426000711113167,0.00965117428375226,0.04403826108953905,0.4,0.1,0.9,14,29.816798814447825,15764.608539118595
22,10,0.17469865124949652,0.41599660875665595,0.41159272639423455,0.3946990994390575,0.13779350859396391,0.13230972877805355,0.009675467691557561,0.0433825420152616,0.4,0.1,0.9,16,25.79847787394874,15354.520453538236
22,11,0.18062230111888392,0.4183815452357871,0.41392821885803827,0.3978335980031139,0.12011001378807373,0.14250110042248335,0.011031952317475646,0.04835564115163827,0.4,0.1,0.9,17,24.004627763668413,15476.231339309285
22,12,0.16598609507915138,0.38190138391452033,0.3771632714513408,0.36047348138848745,0.15371497846068743,0.1396792150774612,0.011246998101100697,0.04936774371786007,0.4,0.1,0.9,19,20.95768515570837,15354.727972179531
22,13,0.1590273046061545,0.36242615188972843,0.35753507494431064,0.34075364013372367,0.12950531472976723,0.1368003567974791,0.011628656132088765,0.05062100883356625,0.4,0.1,0.9,21,19.730583063351247,15237.119776670635
22,14,0.154212866282146,0.3483862141424273,0.34338602391240175,0.32688075126918564,0.12127974835881522,0.13727577688056453,0.011394200768000039,0.050268482971660686,0.4,0.1,0.9,23,18.616639992564902,15173.30225857958
22,15,0.15128786140117773,0.34082497586751354,0.3363767305036906,0.32074835432189797,0.11079323421325293,0.13798254120525405,0.01073312001983977,0.04930741526319342,0.4,0.1,0.9,25,18.39060944488936,15357.407011657117
22,16,0.15108468340419579,0.33857908843921003,0.33350192526616185,0.3174056754558897,0.10905154101518573,0.13698752005083775,0.011538803909607593,0.050383461646820046,0.4,0.1,0.9,26,17.23325199758924,15108.641817024867
22,17,0.14851250538477698,0.3331713450203576,0.32866730217974527,0.3135567741274293,0.1127508572777416,0.13615996311434758,0.010792885944473904,0.04950377703615545,0.4,0.1,0.9,27,17.251542105805697,15237.98760194156
22,18,0.14845820590632092,0.3330862613183868,0.3288847396389216,0.3141167591099009,0.10034874001279545,0.13615996311434758,0.010792885944473904,0.04950377703615545,0.4,0.1,0.9,29,17.26036756264101,15233.237013057787
22,19,0.14189830860239022,0.3006655279412212,0.29557231371109743,0.28122327485609694,0.13879076500339815,0.1386965123064791,0.014983591988669437,0.0522847345825521,0.4,0.1,0.9,32,16.91616877458491,15303.75335904502
22,20,0.1323955838228194,0.2621746906865271,0.2567772803829928,0.2423251475028776,0.16018497947139887,0.1380381168095762,0.01500284250202736,0.052872551054533354,0.4,0.1,0.9,34,14.327402985616402,15289.148320450651
22,21,0.1237488253482856,0.2214055293912712,0.21568623968344267,0.20026494055532695,0.16360912287366225,0.13652330583081385,0.01557790590259091,0.053748713665057235,0.4,0.1,0.9,36,12.143278506640153,15234.068470125098
22,22,0.11671015449352498,0.18602619381080057,0.1800330185337796,0.1646452434892708,0.15435087895818997,0.13542251834487462,0.015447994072232147,0.05371682152076512,0.4,0.1,0.9,38,10.619292602865114,15206.094628209985
22,23,0.11351445980038316,0.17391944947900645,0.16784172160089253,0.15294872684970384,0.11823060713726907,0.1318022941798469,0.015491712092683619,0.05383073588775682,0.4,0.1,0.9,40,10.17036193411233,15205.11112761671
22,24,0.11229593754927691,0.16755483266624124,0.16142866842323353,0.14689375928428916,0.11143114886721914,0.1311395238427297,0.015507584023797125,0.05391478798306872,0.4,0.1,0.9,42,9.87296525905642,15197.094971107665
22,25,0.10541515630912689,0.15746371069056925,0.1519133302812617,0.14014396171110935,0.09761087496740144,0.13745616687186826,0.012654003345880661,0.04451638388900012,0.4,0.1,0.9,51,9.776031700996231,15320.286781755109
22,26,0.1159543918348025,0.16735268848960774,0.16119030612214516,0.15046966381716445,0.10776041999773261,0.13735868736684098,0.01712519513898122,0.05587532556448789,0.4,0.1,0.9,53,9.612850598853516,16166.461140247293
22,27,0.10392332252322266,0.14966217508621216,0.14405284671601115,0.13176697535046827,0.11604404877545449,0.13748701806356206,0.01266184804778497,0.04418104519371137,0.4,0.1,0.9,54,9.51316340252043,15318.280514012997
22,28,0.105443019384026,0.14602361783903423,0.14036628436994988,0.12846595348173792,0.10730628771778569,0.14110103184562267,0.013750826147242679,0.045202438677800286,0.4,0.1,0.9,56,9.233005045365404,15292.103640046786
22,29,0.1527541950710355,0.19175985000613768,0.18639084218152444,0.1787696524286951,0.14674134157017707,0.1466189856645565,0.02649705365590487,0.0942377795715334,0.4,0.1,0.9,65,9.736340326480295,16145.184947558851
22,30,0.10469745826697525,0.14180712854057412,0.13672360704766162,0.13319593432551535,0.0991626327442608,0.14234879614501197,0.013321709340878965,0.04460032227174166,0.4,0.1,0.9,74,9.089525250336024,15326.348913943744
22,31,0.10394441969341907,0.13669552804083074,0.1318746429672369,0.12720864498129758,0.1135335578197285,0.14197234819488808,0.013756911426395572,0.04475689219142454,0.4,0.1,0.9,75,8.989529854324156,15292.3786401761
22,32,0.10372782762841702,0.1357606764726584,0.13093317422971026,0.12686439023818116,0.10078598210153251,0.14174032306677004,0.01376193179118659,0.04475809881656254,0.4,0.1,0.9,76,8.957704166079814,15323.532066821515
22,33,0.10321734115017597,0.13406945517938926,0.12953405181531447,0.12533158065494926,0.09949777112096092,0.14157995171623927,0.013759577856960236,0.04450763506552509,0.4,0.1,0.9,79,8.893116135451377,15324.836318477866
22,34,0.10318412588047227,0.1339190382155856,0.12968543068416805,0.12728274982426135,0.09830083627870387,0.1416130281591203,0.013754710423932141,0.044496375966584276,0.4,0.1,0.9,82,8.883788050034306,15324.306061920595
22,35,0.10323459466757057,0.13310872276472324,0.12856429237829783,0.12590017646969115,0.0995530060028484,0.14263822773240661,0.013813114762080957,0.044238065777577815,0.4,0.1,0.9,84,8.840124155525679,15326.69392615776
22,36,0.10272750511110218,0.1297570089607578,0.12488352063885694,0.12686418086664866,0.10007420910540912,0.1410824978116068,0.013833644553904526,0.04488712430029166,0.4,0.1,0.9,89,8.78873716381707,15329.441460933784
22,37,0.10270094463903934,0.12771758128450064,0.12312854077505836,0.1256412296684693,0.10208530915503437,0.1412674680266684,0.01399295054322508,0.04515221572985746,0.4,0.1,0.9,91,8.682898669806523,15321.405144742615
22,38,0.10246009915967158,0.12721730287239752,0.12262585814184976,0.12544403522855985,0.09921930586473796,0.14107284506103573,0.013970156701083753,0.04502202573214132,0.4,0.1,0.9,92,8.682599650922025,15328.154966573726
22,39,0.10246009915331977,0.12721730286694033,0.12262585813639255,0.12607312515276675,0.0983460609507667,0.1410728450562901,0.013970156697191495,0.045022025728619394,0.4,0.1,0.9,93,8.682599649432168,15328.154966668262
22,40,0.10617008731907665,0.13103284117348,0.1273512442847184,0.13387501325407894,0.10214508049316409,0.14584583201411322,0.013965370643706895,0.04705409021093176,0.4,0.1,0.9,102,8.887706415199506,15343.733979826631
22,41,0.10487047425471,0.12908343774033998,0.1253959056739664,0.13253861252052007,0.10162235911916723,0.14528225751077697,0.013913004109416762,0.04598730880211785,0.4,0.1,0.9,105,8.903836234213559,15344.773795256227
22,42,0.10606197838013347,0.1285773234861615,0.1248742611766476,0.13259897671026977,0.10521839494395144,0.14645362379769478,0.014050991631638794,0.0470887740072365,0.4,0.1,0.9,107,8.824529634808806,15351.870805125356
22,43,0.10089829820274307,0.12200105047288459,0.119193966943699,0.13233434571659308,0.0977155329588229,0.1406085252251581,0.014066748051716935,0.04425563466697336,0.4,0.1,0.9,131,8.497277527985563,15115.864077130767
22,44,0.10124563966239583,0.12214172576253943,0.11933278593617792,0.13311911695592152,0.09820804105491474,0.1418521192584258,0.014230228981365734,0.04410837021450393,0.4,0.1,0.9,133,8.47556162356153,15117.133828420156
22,45,0.10355969436905273,0.12385615719052342,0.12043576655351215,0.1358502641891579,0.10071342566002885,0.14474643289904188,0.015171754371049404,0.045364945275002524,0.4,0.1,0.9,136,8.460929437626149,15138.257508818564
22,46,0.10191584755918624,0.12242710991535052,0.11991757728546473,0.1367914483532397,0.09866551586359701,0.14238593635118676,0.014334951274181194,0.04469057440083513,0.4,0.1,0.9,139,8.430372495468069,15108.755199829144
22,47,0.10287152236890085,0.12104198068079339,0.1176021738218326,0.13423749840389457,0.106858405620605,0.14387313363121676,0.01524379691270557,0.04536487517775395,0.4,0.1,0.9,140,8.330436827634442,15142.635334082548
22,48,0.10356714786212283,0.12148941195554319,0.11835036430409168,0.13716998052654114,0.10078741618014452,0.14399862305131672,0.015358928186256319,0.04613000109626486,0.4,0.1,0.9,147,8.342174193122544,15143.792542002528
22,49,0.10382307045668948,0.12109946570966998,0.11856042294360633,0.13982661526122692,0.10178000460594189,0.14403841581764004,0.01553555764185832,0.04652500040083218,0.4,0.1,0.9,151,8.302046555618539,15143.830517944292
22,50,0.1038120718985976,0.12097612779601646,0.11813311297991017,0.1396281197250433,0.10114027756243181,0.1438993774774021,0.015407354519958161,0.04659281492106052,0.4,0.1,0.9,154,8.283080388959071,15143.990842952651
22,51,0.09942723850876228,0.11624747653151327,0.11552208374086925,0.14743263056700665,0.09691698695308426,0.1376901569959449,0.014588976591564582,0.04474504287567871,0.4,0.1,0.9,181,8.31192157491539,15143.927676590807
22,52,0.0991622145207062,0.11603305468821856,0.11561105967046988,0.14985091910631898,0.0965616980656149,0.13712814100870724,0.014658682763845802,0.04469971182239705,0.4,0.1,0.9,190,8.400170469681937,15145.30854949476
22,53,0.09906034733638497,0.11506953538986305,0.11524569639845363,0.15141824878505256,0.09719116789206658,0.13702797844806788,0.0146794403241423,0.044813412168679165,0.4,0.1,0.9,196,8.314818503511525,15144.901223647572
22,54,0.09918228816902276,0.11469156167432842,0.11486317502606402,0.15220443190749877,0.09764762056775256,0.1375175097344083,0.014678565644346341,0.044819761298255725,0.4,0.1,0.9,198,8.302520283977117,15148.538218712434
22,55,0.09915396733259793,0.11455728144283445,0.11472795442578676,0.1519131562536475,0.09715528315424321,0.13740878291163297,0.014688317053901874,0.04485423530755398,0.4,0.1,0.9,199,8.280651465427178,15148.810040268949
22,56,0.09909395481178276,0.1144521311658307,0.11462235327774559,0.1521506176193927,0.0968989264976049,0.1373660424761808,0.014669842027947619,0.04481655947382168,0.4,0.1,0.9,200,8.28455042765535,15149.712908705638
23,0,0.9744056264855037,0.8972310177206146,0.8964244781965881,0.8927638651720184,0.0,0.0,0.0,0.0,0.4,0.1,0.9,1,203.24283102098133,1388.9102398334662
23,1,0.9583854163861643,0.9223546124819902,0.9214287605594386,0.9176218480378617,0.062296704763013945,0.10050598240145714,8.43044078508353e-05,0.00011290944885867,0.4,0.1,0.9,3,190.9852959276052,1355.741472067577
23,2,0.8957289543102329,0.9134193566468286,0.9123202528457832,0.908444359263691,0.11691007258449873,0.12697118035998128,0.0011109907081846857,0.0028381937977416402,0.4,0.1,0.9,4,177.7200828152219,1179.1499327683875
23,3,1.268385210388348,1.5787912241009499,1.5753964312974553,1.5627476989219904,1.8543157698274295,0.19344020054402492,0.3394236187833187,1.0,0.4,0.1,0.9,5,64.78144722133668,257.69256969268343
23,4,1.1330942454313122,1.433684331964169,1.4294648128348824,1.4147642026260057,1.1229018693162665,0.09854065356630344,0.3187330888100465,1.0,0.4,0.1,0.9,7,46.97443551771484,250.04505237845223
23,5,1.0811945149337223,1.325209327059663,1.3202384490260204,1.3015738138376163,1.1906882706729138,0.15732090753014547,0.3422246865091432,1.0,0.4,0.1,0.9,9,28.363654177367994,111.63105141298637
23,6,1.0527487524355381,1.2564728854967933,1.2509805431825465,1.2308718717430867,1.0905819190413717,0.15139936421023492,0.3428690899960144,1.0,0.4,0.1,0.9,11,22.31737715677816,89.59709060348325
23,7,1.0366503310066497,1.2067721629561778,1.2008941979045504,1.17974197340475,1.0650924599351559,0.1500700000622524,0.34254121591848485,1.0,0.4,0.1,0.9,13,18.640899280526,77.81979854030844
23,8,1.3660867745390353,1.5203059020162013,1.514255263790961,1.4938780370351896,1.3616324793611492,1.0,0.29815095626626154,1.0,0.4,0.1,0.9,15,17.035924102194357,56.880861859180165
23,9,1.3662838986998038,1.519866520930569,1.513809116184277,1.4940421531939791,1.3326844982350803,1.0,0.3023674754151638,1.0,0.4,0.1,0.9,16,17.0111742679788,56.08036258936027
23,10,1.3632542357243782,1.508110914486878,1.5019608139538363,1.48184067776346,1.3648148827571545,1.0,0.30297931276494244,1.0,0.4,0.1,0.9,17,16.426312285824856,47.86975726623075
23,11,1.360935881821346,1.497348967489669,1.491110858633026,1.4702505140598379,1.3629139181144214,1.0,0.307378513391648,1.0,0.4,0.1,0.9,18,15.763346523771933,47.452577268760656
23,12,1.0207269185041914,1.1428273032265992,1.1364431760271967,1.1150216984576908,1.0479606122819944,0.1516988176665373,0.34156982075903236,1.0,0.4,0.1,0.9,19,14.967988263681663,66.36168676172424
23,13,1.0217122845034274,1.1428836027787155,1.136490043042091,1.1158424077562947,0.9995480687498206,0.15490525768664282,0.3412978812233821,1.0,0.4,0.1,0.9,20,14.77173381094258,72.59351134503068
23,14,1.0194053385834678,1.1334703299681028,1.1270051860473353,1.105506302338574,1.0220861958191274,0.15406455744194741,0.3417336393749395,1.0,0.4,0.1,0.9,21,14.34394795099806,69.9393070316007
23,15,1.014077043773811,1.1113153577198238,1.1046833273544763,1.083124561652552,1.056189459520024,0.1518427102948385,0.341693542985059,1.0,0.4,0.1,0.9,22,13.429169114214154,66.98100502036937
23,16,1.0123000870800114,1.1083134231258496,1.1016693837152836,1.0807255211161366,0.9956471233748458,0.1481557869149709,0.34173695691952766,1.0,0.4,0.1,0.9,24,13.411750366471312,73.86589499374601
23,17,1.0120906440696351,1.107346914461727,1.10099833924125,1.0803034798345545,0.9949541410641177,0.14815578691497092,0.34173695691952777,1.0,0.4,0.1,0.9,26,13.328122920640508,74.23823908021564
23,18,1.009371581609721,1.08919796107402,1.0826995890521205,1.061083548342568,1.049400498260524,0.15051747529584492,0.34165185109250173,1.0,0.4,0.1,0.9,27,12.208485871303507,57.56560272039143
23,19,1.0044823864022872,1.0668884268018488,1.0602237937071641,1.0386586708548071,1.0237496633526502,0.14767523460115245,0.34170126645364524,1.0,0.4,0.1,0.9,29,11.388497562304895,57.783462082987285
23,20,1.003799877169239,1.0635192193360672,1.0565263461716985,1.0363002548453615,1.002096549005404,0.15586065690849013,0.307432306181339,1.0,0.4,0.1,0.9,30,11.479900795419065,39.323686216041125
23,21,1.003427440283291,1.0613833609696501,1.0549796498040875,1.0341220536885884,0.9998643130528401,0.15155529770910353,0.3248614166654894,1.0,0.4,0.1,0.9,31,11.393892466435869,45.54499807513655
23,22,1.0006028376649938,1.0503398267512227,1.0432531187033547,1.02340022037498,1.0195510955647054,0.15277844021242235,0.3074817215424826,1.0,0.4,0.1,0.9,32,11.115469399630578,39.73070782099335
23,23,0.9996738435078647,1.0469455210843484,1.0398357656881472,1.0208951645785498,0.9956402398218631,0.15163017472274187,0.307496151578739,1.0,0.4,0.1,0.9,34,10.693487478289525,36.959055062737626
23,24,1.000615547113584,1.0475592004714755,1.041355165864513,1.0221916739963826,0.9934716620294453,0.15300518419297562,0.3125347585966547,1.0,0.4,0.1,0.9,36,10.96993455171623,42.17663566196632
23,25,1.0019510485136192,1.0475559771464151,1.0410365523159721,1.0221593092460373,0.9961642491097645,0.15832954967813515,0.30694291137841617,1.0,0.4,0.1,0.9,38,10.48585629268385,43.519346281569845
23,26,1.0013954408235914,1.043602781874057,1.0370517163472557,1.0190899384969343,0.9979783360573979,0.1585106461315501,0.3069870659750613,1.0,0.4,0.1,0.9,41,10.33431136863249,42.88810149280077
23,27,1.1738940292351319,1.2142754373500968,1.209222226060363,1.1924207938778668,1.1689548762063868,0.5872746060794212,0.32107927013377313,1.0,0.4,0.1,0.9,45,10.550310600665457,42.08617174327975
23,28,1.1738058685776076,1.214153969842465,1.2091004494886732,1.1931022749471407,1.1670493184612694,0.586984291599425,0.32141962878821484,1.0,0.4,0.1,0.9,46,10.546270773022126,42.18866282289142
23,29,1.28178951296121,1.3220977074588434,1.3173467121984441,1.3017614691851627,1.2751661095985742,0.8568457284391766,0.32204850639390814,1.0,0.4,0.1,0.9,48,10.555477790318273,42.35616932350322
23,30,1.172087913223911,1.2111560255407092,1.2063935710718483,1.1913655322734837,1.1696855100391175,0.5821652130689868,0.32600168147579484,1.0,0.4,0.1,0.9,49,10.26028196033472,40.84210458630589
23,31,1.0004675675748622,1.0378707305832173,1.0324869020645813,1.0189059957635596,0.9949550583449872,0.157857108751002,0.30970429074436073,1.0,0.4,0.1,0.9,55,9.817552253756892,46.02914599293948
23,32,1.0001801563240125,1.0375888506595896,1.0322050947534556,1.0206750662459392,0.993828968960379,0.15723014710502398,0.3093423581879233,1.0,0.4,0.1,0.9,58,9.799098124406132,47.82987063066033
23,33,0.998461023669494,1.0347818206144328,1.0299939289569,1.0190414664098129,0.9944734341039281,0.15062986890245894,0.32080489066483153,1.0,0.4,0.1,0.9,60,10.02789584241352,39.18981567202896
23,34,1.0001172705628896,1.031556233742776,1.0267232679145804,1.0159361165553193,1.0031193086290568,0.15981320881723232,0.309220792203545,1.0,0.4,0.1,0.9,62,9.599595515716592,44.724090127709815
23,35,0.9985541293840441,1.0281573212877242,1.0233074449393098,1.015142844736801,0.99670449354732,0.15669105992550586,0.3092513620161736,1.0,0.4,0.1,0.9,64,9.634104281082427,42.74629765270558
23,36,0.998427593757103,1.027664644494174,1.023417284364769,1.0159661537724873,0.9944910155740435,0.1566120016800509,0.3092404449593204,1.0,0.4,0.1,0.9,66,9.554402782920826,41.67553559232708
23,37,0.9985613080313394,1.0275036277931966,1.0232535521647617,1.015169528270135,0.9947482468503658,0.15706997150143712,0.30925096871917995,1.0,0.4,0.1,0.9,67,9.541725620342984,41.44633404213982
23,38,1.0017309944882995,1.0292566265413827,1.0243876717966098,1.017074166030819,1.0013375827621256,0.16550815210451345,0.3093215869233682,1.0,0.4,0.1,0.9,68,9.505956600894487,36.04906925977148
23,39,0.9983874080051242,1.0246329155249296,1.0203580621720019,1.0171699653303943,0.9944470846842667,0.15648983878138217,0.31442533235748205,1.0,0.4,0.1,0.9,80,9.50997274941916,1313.483928667473
23,40,1.0024507222245533,1.0275560217522506,1.0232707068882614,1.021929613347464,1.000207933560497,0.16830636100952223,0.3097074872115109,1.0,0.4,0.1,0.9,82,9.385647240795432,43.58502642739869
23,41,1.0025947451283863,1.0275529850012552,1.0235693796665917,1.0227908748550107,0.9988762830574038,0.1687425358304579,0.30980109759126473,1.0,0.4,0.1,0.9,84,9.373373171363903,43.59114253033127
23,42,1.0024933888279637,1.0274280386971861,1.0237471353649878,1.0235371211608135,0.998585835069375,0.1685511129672557,0.3097436234770998,1.0,0.4,0.1,0.9,86,9.36895420633866,43.63983324734912
23,43,1.0013888826451334,1.0259237069789793,1.0228450896482038,1.0240478347036335,0.9993383702818998,0.16487142012982053,0.31438786036420197,1.0,0.4,0.1,0.9,87,9.256172545317968,42.40550559301953
23,44,1.0022518582959201,1.0247054300469125,1.0216077866185835,1.0250624897768041,0.9997622779633589,0.16787148460033208,0.3144774202474686,1.0,0.4,0.1,0.9,93,9.170891778194555,43.8587647342906
23,45,1.0019888621535176,1.0238697095833278,1.020766788936369,1.0251979323981755,0.9990691689895668,0.16744912619972327,0.3144827428644922,1.0,0.4,0.1,0.9,96,9.501625523723364,45.08472692822704
23,46,1.0019504410604347,1.02368793985639,1.020886710638927,1.0259036969123518,0.998819286935671,0.16744912619972327,0.3144827428644922,1.0,0.4,0.1,0.9,98,9.47044004031169,45.2026918682913
23,47,1.0031994196559664,1.024531750482436,1.0214238299968366,1.02782841846401,1.0002580090025204,0.16793639537036303,0.32554238453173234,1.0,0.4,0.1,0.9,100,9.246383100442644,41.67370170667078
23,48,1.0031769901094014,1.0240610470111018,1.0218578509280891,1.0283945040507194,1.0006273865228938,0.17097334031623007,0.3143489762786587,1.0,0.4,0.1,0.9,103,9.480876730241016,46.25336222554069
23,49,1.002810814061181,1.023063068647524,1.0211571528132795,1.0275915185557085,1.0019971318550631,0.17035329781295463,0.31434780337408685,1.0,0.4,0.1,0.9,104,9.455385818468995,46.73769851565677
23,50,1.0027817907908394,1.022766066758103,1.020554641505874,1.0280671861387454,0.9998742556661542,0.17035329781295463,0.31434780337408685,1.0,0.4,0.1,0.9,106,9.459047084123878,46.75277798989341
23,51,1.0028551864045672,1.0227950059823647,1.0208862027698296,1.029008616234516,0.9998966788701925,0.17059212787290293,0.314345493093726,1.0,0.4,0.1,0.9,108,9.453027380716136,46.15005908049643
23,52,1.0026530445885675,1.0202012386380284,1.0179676080426088,1.0253842843053926,1.0075510376699781,0.17098811745995954,0.31446903273173277,1.0,0.4,0.1,0.9,109,9.401133026953802,46.051203752945845
23,53,1.0027661548838633,1.0199674901189153,1.0183366474906035,1.035912698860557,1.0001202471946014,0.17150155081459442,0.3143944056548976,1.0,0.4,0.1,0.9,131,9.992173407206108,114.30710216883008
23,54,1.0053050309198306,1.0214461344227586,1.0204116291406096,1.0375281395059508,1.0069231055708723,0.17820548013960497,0.3149527728801016,1.0,0.4,0.1,0.9,132,9.02938059498152,39.1434820666322
23,55,1.0446257429997667,1.0588642976347948,1.0575094684746078,1.0766531690766734,1.0454154486723477,0.2770627147999692,0.3156127616887556,1.0,0.4,0.1,0.9,134,10.75090864611542,189.7428531697288
23,56,1.0040641717292993,1.0171037835732752,1.0157380570138348,1.0351845078727973,1.0060097719670815,0.17617823721786474,0.31542349184016627,1.0,0.4,0.1,0.9,135,10.784906086069768,189.31002432134616
23,57,1.0039594531937814,1.0168668317026583,1.0154998764317034,1.0359755172977612,1.002150341220966,0.1762550907993818,0.31427683489399405,1.0,0.4,0.1,0.9,137,10.813081483019594,187.88338340209447
23,58,1.0036004554625937,1.0162032848270992,1.0145306787200774,1.0349881785693702,1.0023196792098046,0.1761698119076288,0.31136473465152736,1.0,0.4,0.1,0.9,138,10.776751316103608,188.05309384882457
23,59,1.003803570655468,1.0160299037058698,1.0152627656429365,1.0360494058582537,1.0040644022887242,0.1760274897782022,0.31497825951802516,1.0,0.4,0.1,0.9,139,10.753227649294733,188.4567907286903
23,60,1.003438766174785,1.0130529051640544,1.0119591541207353,1.0378684392274522,1.0025823612492197,0.17780621606997749,0.30813635378154236,1.0,0.4,0.1,0.9,152,9.713401557751736,110.06556395886466
23,61,1.0031911768609993,1.0126619950484945,1.01156693573852,1.03816501241192,1.0019487306059163,0.177245168894612,0.3081256513182008,1.0,0.4,0.1,0.9,154,9.70906238858942,109.60550879291522
23,62,1.0032814622198274,1.0123159939772144,1.0115199482147046,1.0398770778275725,1.0027567386136038,0.1776773064381011,0.30811067173103085,1.0,0.4,0.1,0.9,156,9.697957724862286,109.2738643112822
23,63,1.0024675519335249,1.0098371041505407,1.008722992496386,1.039757917395886,1.002356704467388,0.17626337626411512,0.30804222035596324,1.0,0.4,0.1,0.9,161,9.640201237019848,108.74857860568927
24,0,0.9410941208169114,0.8883139293270864,0.8874373353542832,0.8835090406200891,0.0,0.0,0.0,0.0,0.4,0.1,0.9,1,231.02656801260332,1353.033786490156
24,1,0.9059859405761203,0.9043704314343927,0.9033356129574331,0.8991106363757436,0.06526384569361475,0.09028194294031328,8.370552690093721e-05,0.00010370647492360999,0.4,0.1,0.9,3,214.63187305994668,1265.4329777445816
24,2,0.8693193049596762,0.9088238675908966,0.9076482865785442,0.9034797026836822,0.11028548491219309,0.140768914484866,0.0010876100402474702,0.00242670873528536,0.4,0.1,0.9,4,201.3489914607155,1114.7806963910575
24,3,1.2821513242590483,1.5928817671071118,1.5894659967688227,1.576738693451305,1.8509461647759897,0.2377660728630763,0.32976188236364135,1.0,0.4,0.1,0.9,5,74.89022137082044,233.0599791918609
24,4,1.1653886466850747,1.4746849564250375,1.470683685401554,1.456825326223967,1.0965283003087856,0.1338539715450305,0.3093801372170669,1.0,0.4,0.1,0.9,7,56.87671388048126,236.9870197345413
24,5,1.1003933205855507,1.3486106966732838,1.3436997696287865,1.3252652713806063,1.2310450846584526,0.1992336646495418,0.3321122242744863,1.0,0.4,0.1,0.9,9,30.633206699223024,109.41987664067732
24,6,1.0663275318498562,1.2762629760193667,1.2708457463308636,1.251455557501467,1.0980521549361408,0.18400271555402742,0.31460929828582535,1.0,0.4,0.1,0.9,11,27.026968846124,144.98711055537387
24,7,1.054425375689808,1.2271886196255315,1.2213397767995526,1.2002994663997213,1.090184560973651,0.1943458532775875,0.3324239562593583,1.0,0.4,0.1,0.9,13,19.68053324008248,77.41741376639891
24,8,1.0421727700999524,1.1831245715696876,1.176934108361892,1.1549547764711567,1.0731695710570126,0.19297817863383654,0.33252235318233814,1.0,0.4,0.1,0.9,15,16.768867984811685,76.5627867267736
24,9,1.0403276450249506,1.1775069202765118,1.1712772053312583,1.1495956402464609,1.024220560694859,0.1917046520943295,0.3314213475332606,1.0,0.4,0.1,0.9,16,16.352836848686323,79.50714120840153
24,10,1.032851335519339,1.1460428767681414,1.139568993866715,1.1169538738250389,1.099202492729834,0.19048918337845305,0.33291201816342825,1.0,0.4,0.1,0.9,17,14.707960756449737,68.69702033526188
24,11,0.9748866450414384,1.0869427535710723,1.0804573278859402,1.0586505154637813,0.9563545008885612,0.19379200863917043,0.29925763226587504,0.9382398160941999,0.4,0.1,0.9,18,14.675854661395492,48.19439516501638
24,12,1.02772073773081,1.1229766735317301,1.1163252306634968,1.093650145814836,1.0697507304485567,0.18936649939953007,0.3329728356793525,1.0,0.4,0.1,0.9,19,13.384653140189492,68.43171249715729
24,13,0.9673894064133693,1.0510177801311513,1.0442531083839925,1.022022554911028,0.9931867229207985,0.1925272700795791,0.2993184497817992,0.9384039697951758,0.4,0.1,0.9,20,12.913172635734815,43.09249738310041
24,14,0.9627051514543105,1.026126021264761,1.0191681164909665,0.9966778249718926,0.9866950890065896,0.1912030380490614,0.2995109280141046,0.938674105843021,0.4,0.1,0.9,22,11.853721778446571,38.58262352263065
24,15,0.961419649954371,1.0175107029663735,1.0104835973137658,0.9884016537280269,0.9641159393353707,0.19127085341145175,0.2995704132187083,0.9388565354278808,0.4,0.1,0.9,24,11.415875585925289,40.23054363280144
24,16,0.9604433949085124,1.015116711460743,1.008076316956755,0.9864361935328524,0.9556195160521707,0.1900019784294876,0.2995523081355072,0.9386485621038216,0.4,0.1,0.9,25,11.497642925374365,38.24048525797525
24,17,0.9598049541892255,1.0101371587274037,1.0030560419920354,0.9817066293397678,0.9658964478071016,0.18983877009663822,0.29958961662451766,0.938947483434483,0.4,0.1,0.9,26,11.109467051603652,38.93835360474707
24,18,0.9585660288170224,1.001905176775998,0.9947587752129073,0.9741238982556978,0.9570219743837204,0.19303215314615327,0.2990803713834787,0.9376772204264933,0.4,0.1,0.9,30,10.514662070671388,37.42752936537831
24,19,0.9584784843407841,1.0014346674199555,0.9945876463990833,0.9742638797972716,0.9518373027292819,0.19303215314615327,0.2990803713834787,0.9376772204264936,0.4,0.1,0.9,32,10.502382293172284,37.06912678127128
24,20,0.9584779281138439,1.001521069567721,0.9949777547817233,0.9752623363241417,0.9510355011292991,0.19303215314615324,0.2990803713834787,0.9376772204264933,0.4,0.1,0.9,34,10.50148969524569,37.09878627658799
24,21,0.9559609661383068,0.9944242758399701,0.9872326134385588,0.9692286566469289,0.9568195883044441,0.1922323802316498,0.29846488971453866,0.9361989402234675,0.4,0.1,0.9,36,10.496691728405942,36.33653382205547
24,22,0.9636435197332089,1.0015464273308585,0.9943495687711555,0.9770932170315503,0.9580593043858247,0.21192077085609634,0.2987613223040213,0.936064606520844,0.4,0.1,0.9,38,10.383785827181502,33.68380709950227
24,23,0.9615287863055184,0.9953291077909573,0.988094306061491,0.9702251623706571,0.969646641417172,0.20856873445843868,0.2988185376560541,0.9360111608980946,0.4,0.1,0.9,39,10.115133533101202,29.32964662489968
24,24,0.9580322982681145,0.9918926507498248,0.9849613069378164,0.9682202164349303,0.9522806136520757,0.2000078616916102,0.2984302459369872,0.9359802026554196,0.4,0.1,0.9,41,10.27066661356544,37.9875757188348
24,25,1.0158447640796142,1.04708739233357,1.040737782923349,1.0270262322091372,1.0114780645684096,0.2078092153842785,0.3206268666075907,0.994827094516334,0.4,0.1,0.9,51,9.70787871242525,41.134569939236
24,26,1.0144019755693323,1.0442782574552307,1.0379160675385894,1.0261539481856534,1.010865003720393,0.20483543097923418,0.32062163017044637,0.9948093664249213,0.4,0.1,0.9,54,9.714361470802125,41.06903150851754
24,27,1.0152096973762363,1.04432190583046,1.0382557267170887,1.0269337276213897,1.0117223506310522,0.20723051568252876,0.320686214948922,0.9947986751506799,0.4,0.1,0.9,56,9.67276306462722,41.36788085976267
24,28,1.0090718009870143,1.0343817620188696,1.028583584546424,1.0147232457581683,1.011376401833063,0.21288898629316813,0.3166586441545104,0.9866483563005459,0.4,0.1,0.9,58,9.452450567859811,46.68945982336969
24,29,1.0088524902544331,1.032942107107114,1.0274356653444423,1.0139908925538292,1.0070030105992462,0.21288898629316813,0.3166586441545104,0.9866483563005459,0.4,0.1,0.9,60,9.384249319442574,46.74435708191103
24,30,1.0055263180682692,1.0286538909757241,1.0231386494857522,1.0152330308343958,1.0019336738816222,0.21256451729933187,0.31521870098946186,0.9834353188841977,0.4,0.1,0.9,71,9.417198293927465,45.993550317823534
24,31,0.9752729295179232,0.9976778511808793,0.9924590200761186,0.9841533788175443,0.9742519469460218,0.21308589283892326,0.30439756902083087,0.9509411145775571,0.4,0.1,0.9,72,9.506908066088275,46.31519652641332
24,32,1.0175048491236809,1.0400527993520172,1.0354411192229802,1.0281168798963736,1.0138276719468224,0.21522504108906984,0.31925089232220805,0.9952718137394887,0.4,0.1,0.9,74,9.289310083173746,45.87497008977823
24,33,1.01744293790011,1.0384297957122144,1.034106814456372,1.0281853310303575,1.0167365050988246,0.21571703206758194,0.3192573002030194,0.9952859539773572,0.4,0.1,0.9,76,9.240176644840307,45.68280172760456
24,34,1.0187714188770052,1.0391802663340277,1.0345490381290952,1.0293222806678624,1.0170239976265156,0.2189826081538313,0.3193497284968182,0.9953898618488504,0.4,0.1,0.9,77,9.279873411553035,45.831639742725
24,35,1.0223914652716488,1.0414000616030936,1.0370589855685661,1.0313861880805637,1.0242308380738194,0.21462419676144892,0.3339240707494252,1.0,0.4,0.1,0.9,78,9.230673509182033,66.41142102112829
24,36,1.0219100101660727,1.0401458464110738,1.0357977170179602,1.0307334137089512,1.0201808482008974,0.21386948972760456,0.3333837576478812,1.0,0.4,0.1,0.9,80,9.239329600469718,66.76026151703614
24,37,1.021804994962385,1.039382149598965,1.0350280070848863,1.0302585150626007,1.0210938024331906,0.21387700897791012,0.3333698508836255,1.0,0.4,0.1,0.9,81,9.212271136114198,66.67655814929319
24,38,1.0183212982161678,1.0336703874433764,1.0299019303776782,1.026116568986241,1.0238745101787943,0.21602070087552624,0.32266517274792994,0.9967956205510757,0.4,0.1,0.9,82,9.061826916607457,45.844853404631
24,39,1.0129226502922446,1.026824941320809,1.0227403788506217,1.0193347541573416,1.011690352845249,0.21549911382458814,0.3203744356249727,0.9915232988332836,0.4,0.1,0.9,86,9.021988043997077,45.295986080788026
24,40,1.0129527510219976,1.0268023272151328,1.0230202356267057,1.021094623594723,1.0107901341779666,0.2157374603512793,0.3203553380763986,0.9914780591017196,0.4,0.1,0.9,89,9.027844909346944,45.280451705550966
24,41,1.0129299652809938,1.0265011251385023,1.0230194343172578,1.021013931936293,1.011106243271723,0.21602148977946758,0.32032455034008683,0.9913947213036852,0.4,0.1,0.9,92,9.029443376445986,45.85588714605011
24,42,0.9752744486879042,0.9885361301123773,0.9844457564727669,0.9887545585011775,0.9731192943101613,0.2117418090272591,0.3049374709930084,0.953189774907865,0.4,0.1,0.9,104,9.223510933495676,46.79434344276751
24,43,1.0049679465486294,1.0150265924383126,1.0106041116652993,1.0161997342517446,1.0084323083578437,0.2102725501785984,0.3159951965969146,0.986149235077527,0.4,0.1,0.9,106,9.133596347714798,46.7085967066234
24,44,1.0049622973084045,1.015164589764856,1.011349358826695,1.0188049431202295,1.0032730915594223,0.2102725501785984,0.3159951965969146,0.986149235077527,0.4,0.1,0.9,110,9.128549395774312,46.66655378044874
24,45,1.0053180056410242,1.015429989157029,1.011311015978782,1.0181445862417209,1.0035996850685935,0.20992673591010197,0.31613058810282346,0.9866831722265619,0.4,0.1,0.9,111,9.084848237253086,46.26153004209654
24,46,1.0067225717680008,1.0167159837825592,1.0128988712037135,1.019688397238559,1.005730339497552,0.21409803319100001,0.3160047498415254,0.9864399117054748,0.4,0.1,0.9,112,9.034023661093324,46.27367416057543
24,47,1.0073218618066349,1.0161299687066403,1.01199916812102,1.0197674358734286,1.0094503708678877,0.2137660770085254,0.3159694456160767,0.9874458100513996,0.4,0.1,0.9,113,9.058951957635736,46.43845475800892
24,48,1.0219798391538892,1.0300449225011103,1.0253014413836168,1.0234494500522746,1.0207197757575701,0.2196568349023607,0.3268674192456361,1.0,0.4,0.1,0.9,124,9.149308912350268,45.42330892038461
24,49,1.0204111917554446,1.0261970838345664,1.0232508143667172,1.037135691175092,1.0205833317082544,0.2170027854779059,0.326110717895525,1.0,0.4,0.1,0.9,132,9.042050044275769,48.91249720995104
24,50,1.0193298342641022,1.0248854442549045,1.0222400224051718,1.03643355545708,1.0194425088371297,0.2144335345775667,0.326060278038622,1.0,0.4,0.1,0.9,133,8.993940534534051,48.69348636186894
24,51,1.0203229419789648,1.0256508493062375,1.0227004264326232,1.037962572724363,1.0196217194332586,0.2169486775548969,0.3261394664481431,1.0,0.4,0.1,0.9,135,9.043671805691876,49.02435857027204
24,52,1.0217619647581277,1.0271082275478214,1.0250669250614939,1.041265634835633,1.0217061368336338,0.2206657627321654,0.32604267502415707,1.0,0.4,0.1,0.9,136,8.992412106475664,48.07573047105368
24,53,1.0204778249198183,1.0239088669231229,1.0221532102864086,1.0389296203691882,1.0232134021826493,0.21832933896566448,0.3255675062596526,1.0,0.4,0.1,0.9,138,8.944065338006622,48.16604095335592
24,54,1.0216034212346619,1.024492866857982,1.0227322749549226,1.0401970918628733,1.0219924791972839,0.2209542577102229,0.3271344106378709,1.0,0.4,0.1,0.9,140,8.968705961706378,47.98294318989474
24,55,1.0215709575876117,1.024489379832489,1.02303204067177,1.0418579913362636,1.0211223083148029,0.22117325663334547,0.3260248988573365,1.0,0.4,0.1,0.9,144,8.98838371022741,47.8996388535728
24,56,1.0207641447316584,1.0232084143079792,1.0223527762098326,1.0469909341985109,1.0206033974631985,0.2189089024034408,0.3279903204628466,1.0,0.4,0.1,0.9,153,9.16160394653114,48.717997319249
24,57,1.020503936334764,1.0228419040559105,1.021682343390581,1.0476871090212614,1.0201227946679923,0.21831945794717647,0.3277702740661633,1.0,0.4,0.1,0.9,156,9.079852630026302,48.94911167551304
24,58,1.0206352038055966,1.0227533031359821,1.0218947318957488,1.047918217789055,1.0213079072504376,0.2187597814253722,0.3277827156045461,1.0,0.4,0.1,0.9,157,9.083568901057593,48.78339228511697
24,59,1.020607880230803,1.0226500007393386,1.0217907196489484,1.0485098931143315,1.020517768273151,0.21871860667498413,0.327787201755955,1.0,0.4,0.1,0.9,158,9.08548877236478,48.7217908658314
24,60,1.0204043076113487,1.0224142005866559,1.0215546411065675,1.0489709784348324,1.0201738763470598,0.21857761285649172,0.3263632192895607,1.0,0.4,0.1,0.9,159,9.106180288558466,48.80024860458242
25,0,0.944770449279811,0.8893124322758343,0.8884436072502557,0.8845453241988901,0.0,0.0,0.0,0.0,0.4,0.1,0.9,1,227.423601739274,1347.3619939317666
25,1,0.9110766255738005,0.9069039120729944,0.9058773935715169,0.9016842338872639,0.06664832758492065,0.09395699939301431,8.413625095935061e-05,0.00010707645313331,0.4,0.1,0.9,3,211.0067590550981,1259.901820133312
25,2,0.8757180731333608,0.9121982660402516,0.9110335357602383,0.9069064101953873,0.11135635038696133,0.14554406705128212,0.0010897457324875602,0.0025194280875505603,0.4,0.1,0.9,4,197.9809902187582,1105.3760480191963
25,3,1.3127480990535294,1.621768957155119,1.618528455200348,1.6064752172496566,1.8001974234204765,0.25417069779935847,0.32977779901661847,1.0,0.4,0.1,0.9,5,75.54881910038502,211.7719783135556
25,4,0.5201182046619599,0.8312872863683688,0.8278140677322716,0.8154671952973436,0.30118912210773696,0.1687319105725592,0.07729489398216638,0.22064493832612025,0.4,0.1,0.9,8,68.54209479574817,288.9160215138013
25,5,0.7176695019677406,1.0248059598055135,1.0208254295642287,1.006841193347146,0.6251254048717101,0.1694062385820298,0.1739135114598744,0.4964511112337706,0.4,0.1,0.9,10,54.69765904110849,201.78360219723385
25,6,0.6740534694519547,0.9673819670220087,0.9629713805283596,0.9480843546823244,0.6083007975803805,0.16239143378022086,0.17398884766304015,0.49664182195461903,0.4,0.1,0.9,12,44.22003842728245,168.18613253336446
25,7,0.3965541412330514,0.677829121658627,0.6737645790093681,0.6590625444440569,0.3688840397255386,0.12654833773797178,0.08211637639843243,0.23786478545786177,0.4,0.1,0.9,13,37.381597390018925,167.59564159219636
25,8,0.6380970791364117,0.9090877941824034,0.9042318567416882,0.8880066395559136,0.5953267359311394,0.15715851146416038,0.17421485627253738,0.49721395411716474,0.4,0.1,0.9,14,35.48930063742552,140.2954426097146
25,9,0.5943317392367988,0.8001297999745018,0.7949651436598977,0.776490110325327,0.8718277356475528,0.13799098180066924,0.17873499387614045,0.513670958365512,0.4,0.1,0.9,15,23.026382158593865,96.23622201886766
25,10,0.5799240341788001,0.7578261720709405,0.7523374622419325,0.7332766665279367,0.5938508080992269,0.135110500375981,0.17881292938282864,0.5138141450837049,0.4,0.1,0.9,17,19.56717118314682,81.67335002360994
25,11,0.5800965888038172,0.7579619989216143,0.7524728594383838,0.7334107449014878,0.5347641483514189,0.13474000905342506,0.1789278469985419,0.5141821966439224,0.4,0.1,0.9,18,19.582225734518616,80.55536071236642
25,12,0.5719192581022499,0.7311843880539672,0.725490979454853,0.706315026352493,0.6087656510116006,0.1333305574942646,0.17887216685893612,0.5139802070315412,0.4,0.1,0.9,19,17.46023197037951,75.58657099371088
25,13,0.5668636608461654,0.7137534446488054,0.7079282325463288,0.68871254624277,0.5573787756570424,0.13072600935752554,0.1791059733790007,0.5144097671861203,0.4,0.1,0.9,21,16.295569817060866,68.53313270310974
25,14,0.5503520454665225,0.6779192094037757,0.671893548494362,0.6523764553299979,0.5596617997843591,0.13145179506454388,0.17428478267702718,0.5031760160173581,0.4,0.1,0.9,23,14.895794290557037,59.86885302243519
25,15,0.5479693139787933,0.6713531481086252,0.6652848889590374,0.64631591877475,0.5295523453994083,0.12830138733091553,0.17432825123826612,0.5033070960984377,0.4,0.1,0.9,25,14.559026820609205,59.68407214145476
25,16,0.5381732336400776,0.6534249291866765,0.6466687448310773,0.6257127597157803,0.5436973590943914,0.13895224420384716,0.17128746786379717,0.49055787495899345,0.4,0.1,0.9,26,13.968622078827336,53.69510039566058
25,17,0.5332056936438013,0.6320067279401503,0.6250870787700947,0.6047356001730653,0.5336277124788783,0.137250823830731,0.17131867495868316,0.49065209795496506,0.4,0.1,0.9,29,12.941858511528231,51.9274987312776
25,18,0.5307951983284653,0.6205743234197538,0.6135664343977623,0.5936018135051446,0.5296431198961855,0.1363868166673978,0.17139642495215365,0.49082023850499035,0.4,0.1,0.9,31,12.408249873947526,50.25428247596221
25,19,0.5291377037004592,0.6180287016033009,0.6116179938454417,0.5930490088889794,0.5133335594821965,0.1364519522852428,0.1707898980661224,0.48930676105029774,0.4,0.1,0.9,34,11.835671073568085,46.22869606461868
25,20,0.5275109683047892,0.6094796462348009,0.602699033398779,0.5845170448131116,0.5362199862519206,0.13548788053298041,0.1708294196525344,0.4896930627127453,0.4,0.1,0.9,35,11.46625499721024,44.25214133686894
25,21,0.4377909037113489,0.5163649096304219,0.5098545091527257,0.4926294723097694,0.4353891456029605,0.1407022209643579,0.13754717292885163,0.3922633848419129,0.4,0.1,0.9,36,11.3595962326164,50.50912658476016
25,22,0.5154595183444111,0.5933740293259195,0.586857261909113,0.5691458260412205,0.5032163861174435,0.13643086283804756,0.16456501560147224,0.4776226990419186,0.4,0.1,0.9,37,11.260137383256868,45.10410585497157
25,23,0.4337240296139615,0.5000556266318363,0.4934282280609156,0.47630560090268625,0.46229014105558597,0.1368870071653187,0.1375962382944259,0.39239086071670043,0.4,0.1,0.9,38,10.841075057931064,50.56631116320783
25,24,0.43234253884038015,0.4934651864559104,0.486788439718397,0.47053747959882053,0.43042339228888105,0.1359109148073369,0.1376148195036427,0.3924858107802148,0.4,0.1,0.9,40,10.545091939453574,47.81658637221803
25,25,0.4319730763625772,0.4894755843325013,0.48276469179897785,0.4671957441470196,0.42799675806376397,0.13665808250624104,0.13763569619604374,0.3925538032415017,0.4,0.1,0.9,42,10.409272513900849,41.61307121937337
25,26,0.4329478237065852,0.4896533262203048,0.4829349334772609,0.46760189312524425,0.42561457389260304,0.139820568344435,0.13762930068843057,0.3924088299013044,0.4,0.1,0.9,43,10.277475311761036,38.01185020638288
25,27,0.432056631966692,0.4875817091629613,0.4805493255830543,0.46065078041571467,0.42312617398228747,0.13998884523563845,0.13736008459870414,0.39161440652300616,0.4,0.1,0.9,47,10.184554904304832,43.31804492608003
25,28,0.4388724063066912,0.4900308752140706,0.48356332587639606,0.47066033534276847,0.43511269137562825,0.13796451974106355,0.14786621476741812,0.39990828111723736,0.4,0.1,0.9,50,10.168573861411804,42.316447427528026
25,29,0.43638857822559607,0.4861005141751924,0.4796194267656024,0.46721481002718024,0.4301706197741585,0.13575996405962332,0.14768770207978804,0.39845757776239416,0.4,0.1,0.9,52,10.036771208355162,39.71587881292856
25,30,0.42926433927143737,0.47539955033933656,0.4688850592700414,0.4562997229064768,0.43351098222230483,0.13872147152169395,0.14471108722029802,0.3903114412884632,0.4,0.1,0.9,53,9.857166331945262,39.14426322754263
25,31,0.23720736808997747,0.28415035104167635,0.2806728388150078,0.27900305790759383,0.22921057613687787,0.12373800474760725,0.06941730537888297,0.19195914973407055,0.4,0.1,0.9,83,9.782930312549937,437.25636723777967
25,32,0.2393597355332794,0.28445548772105056,0.28096078718654416,0.28082073396701646,0.2348583403576133,0.12641766526493695,0.06869447413535935,0.19362413033343484,0.4,0.1,0.9,85,9.640757684397329,437.51171373675913
25,33,0.23578908605130497,0.27928433519517737,0.27607765063900513,0.2764461232696236,0.23036641101119007,0.1228088058720516,0.06932970950857563,0.1915383653405128,0.4,0.1,0.9,88,9.67852652184714,444.6879669091701
25,34,0.23421184955121988,0.2752019527005482,0.2695484331998501,0.2605608690720884,0.23328185571021393,0.1241972091976817,0.06873594577142943,0.18959915297732738,0.4,0.1,0.9,89,9.68126298734204,449.4547695527295
25,35,0.23865548578364598,0.28034754243802984,0.277124136136572,0.2787231014456045,0.2317013018402654,0.1272050537234926,0.06870202558551326,0.19320720127418364,0.4,0.1,0.9,90,9.46660723172233,436.9761826040231
25,36,0.22834438421467898,0.26628174253010944,0.26029699008070817,0.2522068591744849,0.23188681556589402,0.12849678951041876,0.0664703776611452,0.1820177422125172,0.4,0.1,0.9,91,9.545349310514217,470.0061080987308
25,37,0.2354015331293835,0.272278601042462,0.2665869505001857,0.25894606368320927,0.23108083284002018,0.12900650981480893,0.06878076889314365,0.18960517997611087,0.4,0.1,0.9,93,9.458637124311355,464.8387659775959
25,38,0.2373715659354079,0.27337518968039604,0.26767546213654614,0.2603115549938107,0.2342177945590781,0.12902118344436803,0.06951590235164956,0.1918791359990118,0.4,0.1,0.9,94,9.489798046674604,463.8617672415048
25,39,0.2531872615773288,0.28856822914777946,0.2846804963305971,0.2871278787959245,0.2512197674228864,0.13433460526242147,0.07369810030572446,0.20685533328460948,0.4,0.1,0.9,95,9.22883279371471,443.68395717356617
25,40,0.2457415398637563,0.28089771238197775,0.2773108218520605,0.2803471247266667,0.24041729000861206,0.13374581908141336,0.07106158241237034,0.19919880757875058,0.4,0.1,0.9,97,9.276310262370872,448.4678637174063
25,41,0.24571206355345038,0.28068639594626965,0.2774007904278583,0.28102816737020775,0.2403628457743644,0.1336840094878364,0.07108272105014796,0.19924452156564712,0.4,0.1,0.9,99,9.293342162125017,448.7263599936075
25,42,1.3123985368907114,1.3460396282085623,1.3421358550357578,1.3464282733252566,1.3107034236497646,1.0,0.0679151850824672,1.0,0.4,0.1,0.9,100,9.301335956671393,473.06621397500106
25,43,0.24046978076870548,0.2731694229838166,0.2683480519370921,0.2667577618456067,0.23523256433583745,0.1435275826150743,0.06596223621185897,0.18996993820271613,0.4,0.1,0.9,109,9.235324797094966,473.3468380076535
25,44,0.24227939862308345,0.2735010199207025,0.26866605065750016,0.2676711696037977,0.2395480603136754,0.1440381676291078,0.06691487641562449,0.19193385505012012,0.4,0.1,0.9,111,9.159082215496076,471.1206451203722
25,45,0.24176380424561703,0.27279377531937177,0.26825997711911054,0.26592626301808714,0.23705682121603222,0.14376100298862962,0.06666866296668322,0.19156577406430114,0.4,0.1,0.9,113,9.1655854703967,473.0450160382636
25,46,0.24306814826314957,0.27372326457067153,0.26948894024645775,0.2689756467660492,0.2387616914907872,0.1474213479553892,0.06671060688076862,0.19147402630279484,0.4,0.1,0.9,115,9.12776629616592,452.5479255641637
25,47,0.2484640471539477,0.2749917278599964,0.2710225132640934,0.27026287820066264,0.2582959737542653,0.1462494708312853,0.06820750060957355,0.19862394027611624,0.4,0.1,0.9,116,8.987948617341617,420.8791829933799
25,48,0.24784529975254996,0.27300702331520144,0.26902525798411997,0.26985113926763393,0.24484614528963383,0.14804936032260435,0.06755484417466194,0.1974652239022599,0.4,0.1,0.9,120,8.942281644403893,451.6720927148591
25,49,0.25023220883829606,0.27466261518838286,0.2706741612796029,0.2714745368760413,0.24867437052990865,0.151399620886575,0.06805846223748249,0.1987090891427846,0.4,0.1,0.9,121,8.903504558250493,431.80456901806417
25,50,0.24880311328207239,0.27197016520032685,0.2679701206367695,0.26905260760867356,0.2492158045910849,0.15132610953002776,0.06761487380918785,0.19743626340094125,0.4,0.1,0.9,122,8.858345991818023,431.9763930346871
25,51,0.2495933310041311,0.2727504376719073,0.2687502935405518,0.2698324350584154,0.24578760336660233,0.15324578602478922,0.06765462255514429,0.19745851820324817,0.4,0.1,0.9,125,8.853773712674785,421.1579580445537
25,52,0.2487627847738751,0.2716868752036398,0.26768464898525496,0.2687585231407481,0.2457669988671643,0.15132610966915203,0.06761487381195073,0.19743626340154088,0.4,0.1,0.9,126,8.846574044203738,431.0498768275691
25,53,0.24829039841664546,0.27223959589223734,0.2721851289878818,0.2767045326870045,0.245023519063232,0.15132448715748884,0.06745076808116461,0.1969570726486406,0.4,0.1,0.9,127,8.843325343880974,430.8693103544626
25,54,0.237386821307772,0.2598675684452994,0.25798198949016987,0.274966608097243,0.23399450894743762,0.129894549729834,0.07348974991292394,0.19386625603432747,0.4,0.1,0.9,142,8.591157058734135,277.26320885694423
25,55,0.24119564409911742,0.26321805822944216,0.2613282591889762,0.27897138278974287,0.2384390027150115,0.1354911677234289,0.07418269333701136,0.195617748254882,0.4,0.1,0.9,144,8.455800316251706,276.3559961543625
25,56,0.2357238917093841,0.2569127455114394,0.255015336031952,0.2729668746051179,0.23514083970141078,0.1304798368676161,0.07282806188957114,0.19206839964655492,0.4,0.1,0.9,145,8.463415524253255,277.7033698296179
25,57,0.2461140686883288,0.2664607840412957,0.2636467652287826,0.27263250857690313,0.24291189509646768,0.14113884051298145,0.0640921765928173,0.1999506598903888,0.4,0.1,0.9,166,8.727946805582212,413.1904746818884
25,58,0.23790940619451134,0.2557061631240667,0.25317187248130585,0.2633451824743563,0.23946065245396753,0.1431438197681721,0.0626398031395562,0.19058045765056325,0.4,0.1,0.9,168,8.584491539520975,413.42182032053415
26,0,1.0,0.9038802035539674,0.9031258517037523,0.8996643437294283,0.0,0.0,0.0,0.0,0.4,0.1,0.9,1,174.95909586692204,1337.0014691661363
26,1,0.9613408065948148,0.9207230325369407,0.9198102827981118,0.9160518404843583,0.06607703037820907,0.09224490199072938,8.535645514831991e-05,0.00011709881642790001,0.4,0.1,0.9,3,162.49038299385842,1249.800160671014
26,2,0.9338624737003187,1.2705306755529417,1.2705306755529417,1.2705306755529417,0.5137097271398093,0.2396400422998099,0.01820586994174545,0.1920600795987146,0.4,0.1,0.9,4,182.57916154741136,565.3336360984604
26,3,0.3588360933958903,0.6692047950009229,0.6658729955484526,0.6537397984995762,0.4173917597114175,0.0988515610370245,0.007894390611372938,0.059303881769189645,0.4,0.1,0.9,6,82.69459941526598,240.5275586572607
26,4,0.33318868028771453,0.643989583914116,0.6408724119564264,0.6284644385902506,0.11026870112961265,0.09944699538290527,0.003905441198880027,0.04398376301756613,0.4,0.1,0.9,7,78.85209198311482,306.139080849297
26,5,0.3169985914807441,0.6292986750058416,0.625647303919369,0.6130640246212495,0.181662961720961,0.1004431749580027,0.007967228127051586,0.05949186199512074,0.4,0.1,0.9,8,69.98319235456259,207.92212072870385
26,6,0.29132316659495266,0.602152349632547,0.5987013991538065,0.5858446592716091,0.11584524880937244,0.10072430302588661,0.0039782787145586345,0.04417174324349723,0.4,0.1,0.9,9,65.70605168216082,247.2270605246917
26,7,0.2819043932411084,0.5901471418356948,0.5861804208123444,0.5727808794295907,0.17624852978013844,0.10169015611850118,0.00818574067408755,0.06005580267291403,0.4,0.1,0.9,10,59.25733303699258,180.5237725602408
26,8,0.253560166106576,0.5579354613578572,0.5544274159520728,0.541147537509813,0.13570414280089524,0.1022804709963353,0.004410560770607613,0.04528738369066121,0.4,0.1,0.9,11,52.74840482199474,163.14157909179482
26,9,1.4291639606548896,1.7225362554969879,1.7179943597264944,1.7032131862227735,1.4831698411078489,1.0,0.012116077329662769,1.0,0.4,0.1,0.9,12,40.61638586915468,99.35645460688497
26,10,0.19061943194859127,0.4691731647357085,0.46461902534151706,0.44854590802147815,0.2181928165777645,0.10553418924497479,0.00647082618405904,0.05016909798125894,0.4,0.1,0.9,13,32.34536844464703,79.36301995436666
26,11,0.1543490703890514,0.3730312184003199,0.36802563171199937,0.3500854040834891,0.20602455141392415,0.10553418924497482,0.00647082618405904,0.05016909798125894,0.4,0.1,0.9,15,23.011096967516,97.17437446861427
26,12,0.16135927758106788,0.36873524953030523,0.363589733261819,0.3451150241633387,0.15291695130775138,0.1038875935051301,0.010459775596552003,0.06548921673288242,0.4,0.1,0.9,16,23.593553299019423,110.11469479885872
26,13,0.09670995947016857,0.2295399393822392,0.22386963189570913,0.20271508817310507,0.22080546122309852,0.1022920592256148,0.0030039224083755955,0.029562450522240193,0.4,0.1,0.9,18,15.86327489096108,46.40262603575394
26,14,0.08939892897134907,0.19521181186216402,0.18896723906162557,0.1681269104913091,0.08025171327604975,0.1010291254214292,0.002276845379520209,0.03045424412184018,0.4,0.1,0.9,26,14.223181297120163,56.1132755185056
26,15,0.08464072277554133,0.16549653460609962,0.1590080942711617,0.13795473546955356,0.11418965320828285,0.10046316312341533,0.002990866353913811,0.03213575905586273,0.4,0.1,0.9,28,13.141790501454643,52.7530014825547
26,16,0.07918845525757706,0.14177719190188975,0.1351142785216622,0.114062228950485,0.0999643116113378,0.1002355903660869,0.002431893841000877,0.03063896806199138,0.4,0.1,0.9,30,11.740161413402204,49.05478726887725
26,17,0.1826248389881069,0.2421835996750437,0.23549205980088303,0.21530059383244446,0.17724232095565132,0.10124857770512954,0.002618835470547766,0.1457861947436191,0.4,0.1,0.9,32,11.72135315347976,48.67558461431944
26,18,0.19459045930436325,0.2490792038002665,0.24264290342276598,0.22279641389221422,0.19383054578659412,0.10183537386613777,0.0022841413547407476,0.1599956116614604,0.4,0.1,0.9,34,11.350180824130314,47.79205170690064
26,19,0.22728691488550917,0.2778340012673073,0.2713607287631865,0.25218283558847443,0.22520761056023242,0.1018078427906968,0.00196640790518756,0.1972251052654611,0.4,0.1,0.9,36,11.002840787599895,52.47953704570034
26,20,0.22726425096483727,0.27649565654772046,0.27001005970035363,0.2510551406408733,0.22317222814818954,0.10260070082875354,0.0019595114179972355,0.19712893753087318,0.4,0.1,0.9,37,10.948140349223095,44.53925441931252
26,21,0.23361942542505573,0.2788481629740031,0.27262815972080207,0.25389063492743624,0.23279598115691447,0.10222385639673082,0.0019570864116557588,0.2052184568648315,0.4,0.1,0.9,39,10.814786368702462,43.786653153677385
26,22,0.09282457083381379,0.1373774989197653,0.13115117036455629,0.11259610559891775,0.08589287112422764,0.09870188515812243,0.001884133823352671,0.0504948931660799,0.4,0.1,0.9,42,10.768561484164076,40.437864472786266
26,23,0.09186018211079262,0.13271424059838144,0.12675655956403808,0.10823230523716038,0.09130561621742758,0.0996200363507344,0.001886942523359823,0.04979088522238439,0.4,0.1,0.9,44,10.544333596909658,40.55353767078352
26,24,0.43684073110119814,0.4767881412563506,0.4705190184423559,0.4528490650987051,0.4327594027549666,0.10242737864288812,0.0018582474923694013,0.43202353071981225,0.4,0.1,0.9,45,10.542404411352583,43.2217514138193
26,25,0.4821451890485106,0.5210197025799476,0.514740628969452,0.4973170792836012,0.479131326242736,0.10239641431163726,0.001878135597003281,0.4825897528635177,0.4,0.1,0.9,46,10.530846730739626,44.32718585387931
26,26,0.0919668688576139,0.12884637616719838,0.12285185576329925,0.10565292275803087,0.09276496615361512,0.09954229158649311,0.0019303901012015742,0.05073797406034297,0.4,0.1,0.9,47,10.425337132161127,41.30381920581957
26,27,0.3234770348557229,0.358728509696682,0.35241587714185385,0.3354330204649462,0.3226818733137569,0.10154432085214889,0.001867915579904878,0.3073933328029868,0.4,0.1,0.9,48,10.291104307468617,47.42325329774405
26,28,0.09138224377756587,0.1266709944453258,0.12066173481537217,0.10399246669170227,0.08555290812469543,0.09877169205179595,0.00197970754540752,0.05074054826717237,0.4,0.1,0.9,49,10.242164726658718,40.52591884551084
26,29,0.3226400947947418,0.3560691604403502,0.3497397119032897,0.3332612660084311,0.32294446181945086,0.10079842693205543,0.0018531529719545414,0.3071544223655024,0.4,0.1,0.9,50,10.252726803157758,47.10561775800266
26,30,0.09444291329741152,0.12705831156741448,0.1207213969132179,0.10559080424380868,0.09164632894296967,0.09913093336709412,0.0019393138200327878,0.05449222341474863,0.4,0.1,0.9,51,10.237701238248736,39.617228399073625
26,31,0.5046859388982193,0.5366071442595584,0.5302637850239377,0.514301018255767,0.5016043182300904,0.1051795003343472,0.0018494431062058149,0.5077744273540968,0.4,0.1,0.9,52,10.1476768168858,40.933601818692594
26,32,0.5095549956608051,0.5394060875604735,0.5333467022244898,0.5179502077838797,0.5081511735689465,0.10731630219536407,0.0018773410504797042,0.5126482568437841,0.4,0.1,0.9,54,10.05801602866276,41.839482096233446
26,33,0.5090481544346716,0.5364686196763679,0.5303868596328389,0.5154907545149261,0.5085112459387161,0.10678480018901097,0.001934733844139109,0.512778129033482,0.4,0.1,0.9,56,9.933762197867765,41.73079135993527
26,34,0.5612938265638081,0.5874786478259204,0.5813855463481491,0.567031844835179,0.5589461932986493,0.10724755651653639,0.0019494502360343387,0.5708547934212517,0.4,0.1,0.9,58,9.884597726146776,41.21217997610536
26,35,0.5087087478075105,0.534234113190173,0.5281349544394282,0.5143439681461259,0.5055007390612012,0.10586716150944948,0.0019628807260190684,0.5131628151130512,0.4,0.1,0.9,60,9.862426279340545,41.24895817576235
26,36,0.09336221239980177,0.11895579231665077,0.11316022544458573,0.10125398046361027,0.0890848758597431,0.09875238635038648,0.0019409233114577034,0.054835433869025264,0.4,0.1,0.9,62,9.807396991565833,40.07549716674978
26,37,0.09299163627575176,0.11647578621399096,0.11066089765796258,0.09898131978733835,0.09612876494860365,0.09915498101146167,0.0019526643362741869,0.05463672948436936,0.4,0.1,0.9,63,9.705169255393226,39.75925017251306
26,38,0.5082051636431528,0.5298960302911377,0.52497358463571,0.5211645558907415,0.5049331112642061,0.10397663223755582,0.002529587301336627,0.5141587000155978,0.4,0.1,0.9,83,9.706711114474553,40.54192823497789
26,39,0.5077967046980448,0.5293416549272916,0.5244178906445449,0.521229690164212,0.5044469025672447,0.10469688592608302,0.0025726029730984397,0.5134067146875263,0.4,0.1,0.9,85,9.717443147927616,40.64957871846968
26,40,0.531631050422505,0.552999003736634,0.5486794907778295,0.547854783856886,0.5283352732424326,0.10508210186578489,0.0030374667852650053,0.5397319257465975,0.4,0.1,0.9,90,9.728731886182416,40.754071243792936
26,41,0.5302538638387043,0.5505712589157896,0.5459392171662079,0.546085799010377,0.5300991680727357,0.10500858911734663,0.0030886537706616333,0.5384040825236014,0.4,0.1,0.9,91,9.726898986777838,40.61991313679498
26,42,0.5307498982059916,0.5509006232678374,0.546873005925616,0.549155422099164,0.5276612448924721,0.10487597079361799,0.0027396467025634216,0.5391160214151666,0.4,0.1,0.9,96,9.68596186840622,42.13029389934095
26,43,0.5309980342886036,0.5511438286885537,0.547419124049215,0.5493055093987859,0.5280110027729574,0.10650817560236878,0.0028754144570030294,0.5386684953927084,0.4,0.1,0.9,97,9.691999595853824,42.450308836629205
26,44,0.5301565862532505,0.5498535832972429,0.5458218438256952,0.548735884283966,0.5281126806505478,0.10518899945962415,0.0028072391523619815,0.5383925714311019,0.4,0.1,0.9,98,9.614213994325118,42.7532070341594
26,45,0.5301942720787819,0.5499527197271128,0.5462245085716582,0.5497304212798811,0.5269759842776816,0.10518083714655588,0.0028033223252963125,0.5384436958446935,0.4,0.1,0.9,102,9.610615132746736,42.62891609184888
26,46,0.5299727535452747,0.5493285325190486,0.5455966035449816,0.5494156548931898,0.5272588307084435,0.10573485996605363,0.0028891521074224423,0.5380165876931924,0.4,0.1,0.9,105,9.462541366339366,42.21305291560073
26,47,0.5315513670819181,0.5498493495783208,0.5467137179251021,0.5513518991799775,0.5326894372425757,0.10900591225588244,0.002836153525125874,0.538544229932412,0.4,0.1,0.9,106,9.508383910904332,43.50872383301062
27,0,0.9092004231843308,0.8794886047608902,0.878542809802683,0.8743497610897583,0.0,0.0,0.0,0.0,0.4,0.1,0.9,1,261.43796362838856,1352.5917196050896
27,1,0.8773483699143476,0.8963188431221858,0.8952151895570097,0.8907275560596013,0.06587830948801604,0.09204326775188801,8.27212703444588e-05,0.00010824607087413999,0.4,0.1,0.9,3,242.4378264784744,1259.0083046588545
27,2,0.7283104456328189,0.9667724338393299,0.9645731885145244,0.9561139195606828,0.6514013162977853,0.09946436003633861,0.07520488956347723,0.2218520798158905,0.4,0.1,0.9,4,167.80605665234967,705.6750147090984
27,3,0.713487399402052,0.9586518624987553,0.9566918743522749,0.9480769075472519,0.2581348600496921,0.09946436003633861,0.07520488956347722,0.2218520798158905,0.4,0.1,0.9,6,163.69505922435195,718.2487328224253
27,4,0.5308599964426026,0.8421111335623586,0.8386258513683712,0.8262326657665521,0.5100985637141957,0.1680124661709043,0.07340272317505862,0.23513665460573258,0.4,0.1,0.9,8,70.04733248971966,297.0816066596583
27,5,0.7471646598652053,1.0545691534916166,1.050601029663625,1.0366642446845977,0.6488041953821995,0.16868391782574357,0.16515612714388198,0.5290574728628981,0.4,0.1,0.9,10,53.5727755502709,201.4262404023248
27,6,0.38623432801816293,0.6563173706539824,0.6517480980836858,0.6350288182286137,0.44320887459148617,0.13371695373590042,0.07541685222863334,0.24006269916182715,0.4,0.1,0.9,12,37.33290296014915,158.2339812427665
27,7,0.42688450595360605,0.6335806550192291,0.6284269668035527,0.6084873910963723,0.5305367725350272,0.1339138827542986,0.10586459045555,0.336982233803333,0.4,0.1,0.9,14,22.78551243364671,88.77379469608076
27,8,0.5800191398411397,0.7450214667231917,0.7396931082875631,0.7181217091876185,0.6276059868707076,0.13937996607846478,0.16289648591204836,0.5196769421656184,0.4,0.1,0.9,16,16.56114765393529,77.02896286865187
27,9,0.5676320139406649,0.7008726684146782,0.6952081024954636,0.6729627199494385,0.600157430369993,0.13562192201587012,0.16300817280891114,0.5198707827389925,0.4,0.1,0.9,18,14.038950492979566,61.444863820124965
27,10,0.5504684320361285,0.664618823589197,0.6584574034010553,0.6361536354002638,0.5623060475495875,0.1374342072006805,0.15785337894028564,0.5067828254659391,0.4,0.1,0.9,20,13.170625458705963,51.02268496024505
27,11,0.549049469726989,0.649550401221546,0.6435562168286453,0.6211596607970219,0.5541674613073672,0.13866259916386492,0.15854511575265803,0.5086443638393575,0.4,0.1,0.9,22,12.19041210440598,50.113358712060254
27,12,0.5463585384294133,0.6389124382220629,0.6331432160108703,0.6095728471460411,0.5380650836300276,0.1358321435256212,0.15881321484753572,0.5091096688591804,0.4,0.1,0.9,25,11.661609334427125,44.657309774235614
27,13,0.4515945760296993,0.5440107540297117,0.5376343245238875,0.5160818564678477,0.4336550826256227,0.14456691626732202,0.12566929117630768,0.4036173180825372,0.4,0.1,0.9,26,12.445584941668695,38.27905292002033
27,14,0.4759174558163608,0.5593890542029563,0.5532287420964135,0.5316349035233734,0.4761218357741168,0.14678362943540513,0.13413991830565664,0.43108401169299154,0.4,0.1,0.9,28,11.812738770735134,46.2579488380218
27,15,0.4726408930907159,0.5416192364013173,0.5350170044751279,0.5135288489938417,0.5107538622866449,0.1472927771690502,0.1341306746642211,0.43077019178066117,0.4,0.1,0.9,29,10.919154525384023,45.022210267693104
27,16,0.4722999770667369,0.5403023690998578,0.5339937666910265,0.5125520626484599,0.46362898941900016,0.14217470442292016,0.1348520496891718,0.4328372841921945,0.4,0.1,0.9,30,10.60775993994928,43.56939944259694
27,17,0.4718531372450365,0.5382408337588654,0.5316138187773318,0.5109867219682535,0.4654423906702626,0.1421413710801117,0.134805317850197,0.43273949528461114,0.4,0.1,0.9,31,10.422080386361165,41.57477098442676
27,18,0.4741165132031269,0.5370658094040338,0.53070931171819,0.5098059135725345,0.4747490708158043,0.1489259862517368,0.1349115002167282,0.43302158337714414,0.4,0.1,0.9,32,10.38774638390204,44.73888765456458
27,19,0.46940018612152884,0.5297246596563696,0.5230403776072425,0.5029183346972279,0.46744848711165515,0.14325254962050787,0.13419347083987287,0.4309627723313615,0.4,0.1,0.9,33,10.372577534058706,39.97006476075229
27,20,0.47019362784944585,0.5297168985318484,0.5230250577404265,0.5031267433005733,0.46226836078521827,0.14030105645541202,0.13485959564111044,0.4332594601762552,0.4,0.1,0.9,34,10.068357058656268,41.01231493856199
27,21,0.46403872953692293,0.5163786827041819,0.5096192508199421,0.4897161374570774,0.4796897271402273,0.14240222679687864,0.13326056827951113,0.4272522185069558,0.4,0.1,0.9,35,10.104895988748057,37.56102917263856
27,22,0.4622131179923926,0.510743754538836,0.5039487201433517,0.48441454233903763,0.46022686672849134,0.14448468997104055,0.1325315564941718,0.42518975333030024,0.4,0.1,0.9,37,9.823511792030114,38.205038473683736
27,23,0.47021445220680175,0.5182825690176136,0.5117861054453534,0.49283561179003593,0.4627749933545967,0.14363529053200821,0.13520198136251235,0.4342781069036817,0.4,0.1,0.9,39,9.752270912414112,38.8098524618836
27,24,0.4700744559526365,0.5174031656723475,0.5108998006081047,0.4926869386207374,0.46435453671709925,0.14363529053200821,0.13520198136251238,0.4342781069036817,0.4,0.1,0.9,40,9.712818168566914,38.98404423922832
27,25,0.47007121900927695,0.5174727796103236,0.5112730364970418,0.4934380825796848,0.46188314694178356,0.14363529053200821,0.13520198136251235,0.4342781069036817,0.4,0.1,0.9,41,9.71325332207208,38.9418328267075
27,26,0.47191743776433703,0.5164997130993636,0.5102736801305645,0.4936215192977265,0.4666138965434903,0.14890485455392893,0.1352860417394881,0.4345667934048345,0.4,0.1,0.9,45,9.722940963753109,38.441076460497
27,27,0.46660682241204254,0.5091872480125894,0.5026396113595905,0.4861302902263166,0.4657782015808605,0.14819837489203383,0.1332364981721771,0.4296020812327092,0.4,0.1,0.9,46,9.694075750408109,38.03997367497095
27,28,0.47816729272720593,0.5207368706312302,0.514492086235512,0.49838459765473214,0.4709959113210076,0.14699432692420392,0.1374137165004828,0.44253870930200245,0.4,0.1,0.9,48,9.696131391272996,37.53895859439409
27,29,0.4736760202543828,0.514487485607205,0.508226367784361,0.49235758793444956,0.4726583025580774,0.14565449113800538,0.14161706796479182,0.43803594560868364,0.4,0.1,0.9,49,9.454995861720093,38.10331304533258
27,30,0.4737870608503729,0.5136776748218443,0.5077110331436826,0.49305480337545204,0.4678110680256826,0.14450437766969054,0.14097844851559202,0.4389459922969981,0.4,0.1,0.9,53,9.299166437602995,38.85464782972649
27,31,0.4739639330867881,0.5113492299747708,0.5053593499594766,0.4911551661346373,0.47610586004256444,0.14773888281820136,0.13538068397789485,0.4388298885598553,0.4,0.1,0.9,54,9.254307933605286,37.58638132311022
27,32,0.4741932952868501,0.510821997750391,0.5048251254241916,0.4917178342578854,0.46923132023890995,0.14651973155896367,0.13528813078003124,0.4397874795825065,0.4,0.1,0.9,56,9.205446455488833,38.03133797111128
27,33,0.4733835057705688,0.5097764528967414,0.5040803548674873,0.49031031261276076,0.4682999605480092,0.14755589093592564,0.1354205240249918,0.438477121345805,0.4,0.1,0.9,57,9.132322023299867,37.18869613269512
27,34,0.473939075987161,0.5095287162744833,0.5038252038248193,0.4911628860855181,0.4692563262956421,0.14725895080490484,0.13542922535473947,0.43938439877783564,0.4,0.1,0.9,59,9.099883430068624,37.52764257333948
27,35,0.4739365117878411,0.5095117522719209,0.5038080591941207,0.49170055510145033,0.46794141052657934,0.14725895080490484,0.13542922535473947,0.43938439877783564,0.4,0.1,0.9,60,9.098952741128354,37.509897133816544
27,36,0.4716832290107604,0.5072585298141254,0.5018577597998716,0.4896501927927631,0.46596031849640795,0.1468460664540035,0.13156247260361684,0.4375116385596175,0.4,0.1,0.9,61,9.096775683816292,37.65042726749789
27,37,0.4715111110549249,0.506891808423686,0.5017922870080961,0.4897745141882152,0.46601668687289066,0.14658206873619928,0.13127020768625688,0.4375263576817311,0.4,0.1,0.9,63,9.081671792243252,37.91023057124017
27,42,0.45820567035597104,0.48702911051594133,0.4812632028307121,0.4745136999485341,0.4559881243235884,0.1465595868045657,0.13966053391263453,0.42305764175991295,0.4,0.1,0.9,75,8.90357989958513,272101.12834511715
27,43,0.45934702555255547,0.48691040723788437,0.48143582099868176,0.4752156723823142,0.45926864915276755,0.14953851286577516,0.14159035436341308,0.42304381382767187,0.4,0.1,0.9,76,8.862002211684093,366000.1742471719
27,44,1.31473714699595,1.338515740244587,1.3345213145509052,1.327116647550386,1.3179382950893332,1.0,0.10816776226555014,1.0,0.4,0.1,0.9,78,8.942744149539772,26.818114010962454
27,45,1.3147547031630362,1.3380022442926467,1.3367295738731104,1.3431299321176584,1.3111980404760606,1.0,0.1105716758019646,1.0,0.4,0.1,0.9,110,9.037471513688883,29.518289791206723
27,46,1.3144000868217496,1.3356220547395927,1.3343308595861094,1.3413449200807834,1.314435975081217,1.0,0.11036204932718552,1.0,0.4,0.1,0.9,112,8.921429506858344,29.15402885833418
27,47,1.3145945454957693,1.3357482313695181,1.3347594459435235,1.349275499058065,1.3112920163088555,1.0,0.11256606488793523,1.0,0.4,0.1,0.9,127,8.885147803853387,29.08960418596434
27,48,1.3140794463814844,1.3321143699540365,1.3317030023936796,1.3470574418518306,1.316796196799303,1.0,0.11277125231511241,1.0,0.4,0.1,0.9,129,8.726577277393941,29.040604559733048
28,0,0.9396226400660435,0.8879234935789931,0.8870438252592026,0.8831044463094554,0.0,0.0,0.0,0.0,0.4,0.1,0.9,1,243.82029849412888,1418.420251216742
28,1,0.912641783733062,0.90969187568462,0.9086616834099474,0.904455013444084,0.06861370243053815,0.10209641441425385,8.379317079143167e-05,0.0001174470044271,0.4,0.1,0.9,3,227.3753486041692,1335.9565588197515
28,2,0.8001935313552313,1.0325354845641368,1.0303748319202408,1.0220591809281765,0.7228883233181778,0.09955615180706254,0.08225497424405649,0.288625568078836,0.4,0.1,0.9,4,136.85606616400457,763.7144546850803
28,3,0.5266762805211482,0.837578947395738,0.8344705145252983,0.8216342985840994,0.4255677125067193,0.09953067024134932,0.0239016163787703,0.2555708625629268,0.4,0.1,0.9,7,74.19077801661473,425.4961881601448
28,4,0.5660401370825832,0.8771833176806288,0.8740289791894955,0.8611819380609326,0.33401376294712665,0.09985311175679393,0.02876344913021036,0.305398493297486,0.4,0.1,0.9,8,71.42707388363819,376.188542087818
28,5,0.48612392371729907,0.7974880746142077,0.7940615718801266,0.7808914462636434,0.3735564011189423,0.10017966783179369,0.023975530441273055,0.2557629941652836,0.4,0.1,0.9,9,62.44395010540244,385.1593388487704
28,6,0.4750993196297769,0.7838212404385589,0.7802072789389358,0.7670642297105357,0.35150999948712935,0.09781634436204503,0.026272935598911158,0.26790844531458957,0.4,0.1,0.9,10,53.43015872942779,341.9489839987472
28,7,0.45274828569536796,0.7592499851294338,0.7555214438374189,0.7417269489975189,0.31594224673089183,0.10045520892563291,0.024053619767858015,0.2559023835654318,0.4,0.1,0.9,11,54.19749442986485,348.718185732395
28,8,0.40389865989825935,0.6775248666085991,0.6733192028770294,0.6577397433452079,0.5756520018705835,0.09724516249309903,0.02862875246385747,0.27647012709465385,0.4,0.1,0.9,12,33.41798470812349,237.0397779772448
28,9,0.3826287099803114,0.6506487071925974,0.6466490637225052,0.6292600889739007,0.31205787532471696,0.10011417559756901,0.02539083069992336,0.2594419139445922,0.4,0.1,0.9,13,32.04305406448432,230.4307119733899
28,10,0.32161688898003676,0.49368465554008545,0.48843386655115084,0.4668410067134633,0.5082244378406883,0.09952192515263678,0.026964167891004986,0.2622503198674834,0.4,0.1,0.9,15,17.61836858132075,172.40135326543944
28,11,0.317492288578971,0.4785373972543918,0.47316603919041167,0.45171139967762675,0.3008708826216235,0.09960496806532392,0.027022220744281168,0.26243990242141507,0.4,0.1,0.9,17,16.671997879480454,160.9282603390384
28,12,0.31588258819472376,0.47275827537810616,0.4676447515252033,0.44673181246351173,0.2871369266703129,0.09955344643845464,0.027025312680986156,0.26243459866110885,0.4,0.1,0.9,19,16.23419401479421,163.6674116870352
28,13,0.4336387035603315,0.5828697869303221,0.577371972785796,0.5559146181716532,0.42895695335652445,0.1032068541971923,0.05998954995296681,0.3910069614780893,0.4,0.1,0.9,20,19.284590654148303,123.51492156355324
28,14,0.34879463342113076,0.487676001957662,0.48176697868172763,0.4610106749826809,0.3374245551313634,0.1000856041501856,0.031127283386375024,0.3051394366324089,0.4,0.1,0.9,22,14.590344695048838,140.222956295253
28,15,0.31789278176532665,0.44580172873641694,0.4403851702399676,0.41988465022454025,0.31150850573951305,0.10007588938503895,0.030398488251410442,0.27477469399614585,0.4,0.1,0.9,24,14.412963266908791,115.62089447362222
28,16,0.20756092323658618,0.3114616743845302,0.3058035655815188,0.2853284378410882,0.2313596156433563,0.10019444334174032,0.015818135457185207,0.16126954900307922,0.4,0.1,0.9,26,13.417657924038595,131.01487815141064
28,17,0.20575970472311075,0.3025058236846288,0.2970805770492357,0.2771781193784125,0.19959276945512203,0.1001944433417403,0.015818135457185207,0.16126954900307922,0.4,0.1,0.9,28,13.003011071749784,127.71035806589413
28,18,0.20517275505884902,0.29905843915603947,0.293302216443787,0.2732436606592403,0.1968571724544128,0.10040547438397576,0.01586427722817479,0.1612795240214831,0.4,0.1,0.9,29,12.778456338415346,126.27435157890172
28,19,0.20528770386555042,0.29904224151681025,0.29328473276442635,0.2739374938418142,0.18728270513552292,0.10050320721521569,0.015914719167858443,0.16139394237716523,0.4,0.1,0.9,31,12.837237043212555,126.83199301505744
28,20,0.20484843940173214,0.297162578569861,0.29139101881713464,0.272597168759214,0.18868144570033063,0.1009278398867062,0.016076510655320616,0.16108987166635932,0.4,0.1,0.9,34,12.71735548813076,124.9925423283202
28,21,0.2041548546665311,0.29308311536588655,0.2872785737619201,0.2690285082396194,0.1991878640781014,0.1003240129555201,0.0158987689145393,0.1615127448199441,0.4,0.1,0.9,35,12.586016289221227,123.07162749327723
28,22,0.2912862695996101,0.37855062302697506,0.3730329054915672,0.35923897358030765,0.2754105568352808,0.10214959116837083,0.023082153776516887,0.25717820923766094,0.4,0.1,0.9,43,11.359984900246982,450.8034192476996
28,23,0.21470180316149473,0.287939961027754,0.2822871821979147,0.2665552303311092,0.25081708618174753,0.10329181877404665,0.015927569723489594,0.1759054336292689,0.4,0.1,0.9,44,11.093169554764351,817.1629453293205
28,24,0.21306984828533757,0.28153544448908197,0.2758371393067937,0.2602159579394091,0.20898600051609872,0.10240936549021096,0.015956297226362656,0.17562268137723971,0.4,0.1,0.9,46,10.900034956159292,814.5788204511122
28,25,0.21238263522913198,0.27865048437983797,0.27323419613464583,0.25932648712382633,0.20439490523348494,0.10304103410917224,0.015958543568338132,0.17511264357197137,0.4,0.1,0.9,48,10.676925284253668,810.5755184929255
28,26,0.2005869415472496,0.25933309896680395,0.25384567399048186,0.24048640752737535,0.20322607145788504,0.10786303229977057,0.016541131351110197,0.1615138679302991,0.4,0.1,0.9,50,10.733631994448908,908.5404803148324
28,27,0.20210894381275527,0.2570673900867982,0.2518472299459485,0.2387811406497837,0.1991555845257163,0.10631237636565372,0.015525876687387767,0.16486425950309408,0.4,0.1,0.9,52,10.475833680756477,799.5899339083983
28,28,0.2011500762303474,0.2522107912554279,0.2472571070402403,0.23515763405487475,0.19685071518084157,0.10722943894402397,0.015524436525050485,0.16425451036031716,0.4,0.1,0.9,55,10.236036338662812,809.4848300398012
28,29,0.22950536220887835,0.2804124159692636,0.27576018342058173,0.26502175950303763,0.2209546195737794,0.10257314515478777,0.018460072230439037,0.19755579726321076,0.4,0.1,0.9,58,9.979347439239408,909.9265672262818
28,30,0.22875446093380053,0.2765294555115736,0.27184796737810035,0.261911028219128,0.22411042433086342,0.10220902641366698,0.018447468461511244,0.19754962597922776,0.4,0.1,0.9,61,9.67498401932338,912.992846445384
28,31,0.2267209296437373,0.27435272115685555,0.2696698803036792,0.26033621273194907,0.21875540151184614,0.102333265778168,0.01815963537280653,0.19529628512808953,0.4,0.1,0.9,63,9.68140540999689,904.4440268426026
28,32,0.227067947105758,0.27424528769122575,0.2698611344257835,0.2616359953975539,0.21989858600930054,0.10229793210732745,0.01819059478360335,0.1958083597402904,0.4,0.1,0.9,65,9.676097812945905,909.5772192903044
28,33,0.2499208365363381,0.29610770987024887,0.29232023560221454,0.2859376692129043,0.24271552448675135,0.10269820197138976,0.015859130602425282,0.22152854540002215,0.4,0.1,0.9,71,10.21948239932819,152.55299708595456
28,34,0.25064199218342526,0.2926090043521792,0.2890852417365868,0.2824731802878494,0.2582582768729279,0.10274157332824785,0.016049245234317826,0.22317518130171626,0.4,0.1,0.9,72,9.89235146199776,125.55633682324712
28,35,0.24950971120477172,0.2887864300789044,0.2849347503429647,0.27856969817230626,0.25174131020689994,0.10270357203061682,0.015910352952514587,0.2224741006953112,0.4,0.1,0.9,73,9.81914203001885,150.82009611243774
28,36,0.24951011253124888,0.28679046799092467,0.2829203023421946,0.27744687652232725,0.24665239585959875,0.10267793218245069,0.01573712350373908,0.2229038789930545,0.4,0.1,0.9,75,9.735792359078465,149.95859018875046
28,37,0.19754920999924477,0.2328273004728583,0.22954448156078205,0.2312213137482619,0.1923028131477967,0.10149517136638837,0.014435628673901758,0.16627092412782568,0.4,0.1,0.9,87,9.701255182340164,826.0106323517515
28,38,0.2526790791505116,0.28526556657247304,0.28135205773131866,0.281157143640853,0.2557813084880786,0.10291453357017946,0.01406264539262684,0.2274278550418556,0.4,0.1,0.9,88,9.547110475704727,741.3551882184796
28,39,0.2541652234551987,0.2859296242170679,0.2820085290762432,0.28340305533847976,0.24957761371766807,0.10267211174102682,0.013317121386542417,0.22942792817974592,0.4,0.1,0.9,92,9.456243504159588,734.8419627304169
28,40,0.19904328909867022,0.23098678409724377,0.2288850245878763,0.23438580173905982,0.19394870879371678,0.10342273119495349,0.01586202449054998,0.16763464703830028,0.4,0.1,0.9,102,9.606731544980976,775.0143874974802
28,41,0.19855005184188515,0.22616698481703917,0.22372254692919452,0.22916965495231212,0.20121176687117748,0.10404308580194987,0.016226005613583134,0.16757778483274857,0.4,0.1,0.9,104,9.570830318533478,776.1895220736442
28,42,0.25076429526319755,0.27763898367245704,0.2745818045060979,0.28285351043573626,0.2473166868581318,0.10307177225306477,0.015507836858098508,0.2262109158544213,0.4,0.1,0.9,106,9.40243032300388,739.0061891191364
28,43,0.20036941638705574,0.22732164118412068,0.22547701306617046,0.23241927454634073,0.19649894257486014,0.10617952659643967,0.016342972639316868,0.16879573054065589,0.4,0.1,0.9,108,9.58495055600497,772.5410244729578
28,44,0.2496768751536304,0.27543335450217304,0.27266886951420083,0.2798349407900788,0.24626474182931274,0.10268896583519885,0.012847403017287184,0.2256948030004197,0.4,0.1,0.9,112,9.38904468777509,736.1674085434595
28,45,0.24053162608755108,0.2637904812901444,0.26130605144136393,0.27000446948151735,0.23967373137557324,0.1049279712672824,0.012211665378893647,0.21508909269846832,0.4,0.1,0.9,115,9.312509065756378,794.6521750286494
28,46,0.24170008146845037,0.2645735300880947,0.2623885021049387,0.2740685120689246,0.23833923314254146,0.10504960760466327,0.011585692143953486,0.216490395368156,0.4,0.1,0.9,120,9.30200651117466,798.2041846828839
28,47,0.2415883185272103,0.2641137988333623,0.26131975482843106,0.26536010706866797,0.2380486396260942,0.10501609140917631,0.011755856791364516,0.21639307960181905,0.4,0.1,0.9,125,9.30933181524952,798.1945476420673
28,48,0.25527102401044643,0.27746120906228794,0.2764818715639909,0.2976876555752072,0.2519589163551312,0.10630441078291857,0.016387270788084607,0.2306693902200021,0.4,0.1,0.9,140,9.519299832271448,802.2367837072451
28,49,0.25644987022071486,0.27640956344796497,0.2766216967784995,0.30748520117969236,0.25384824025511143,0.10361433273166136,0.0135711261804754,0.2339585093811709,0.4,0.1,0.9,158,9.211905226501909,762.5973474015638
28,50,0.2564424311614102,0.2762066305359544,0.27671993804641504,0.3104463283017581,0.25354090798688506,0.10365354451436697,0.013596791900085132,0.2339814191164482,0.4,0.1,0.9,165,9.220803396152707,762.5934632454641
28,51,0.2564538658376232,0.2764870974715753,0.2779117427283226,0.3173233508177116,0.25341616622854607,0.10365330039115712,0.013597205247652937,0.23399436156573042,0.4,0.1,0.9,181,9.220852247172203,762.6120910227456
28,52,0.25759064750827493,0.277205946875501,0.2789297493995195,0.31982433688287193,0.2552013862857885,0.10325788346047302,0.013785788238925496,0.2355035708049631,0.4,0.1,0.9,184,9.178200207721677,765.8672318803967
29,0,0.9174146813137899,0.8817897321550998,0.8808618705635719,0.876738020817791,0.0,0.0,0.0,0.0,0.4,0.1,0.9,1,254.215718575625,1329.6230879536738
29,1,0.8866275694346663,0.8986990921348572,0.8976189179805519,0.8932209327570961,0.06429280632680635,0.0905241497350486,8.303048676564244e-05,0.00011264470922666,0.4,0.1,0.9,3,236.7344804211289,1295.6646055817412
29,2,0.847786376658696,0.9006295403047808,0.8994051938508195,0.8950501596630974,0.10956844356572353,0.13520887986448651,0.0010565929996729263,0.0027023948869567198,0.4,0.1,0.9,4,219.67551663115265,1122.551631309744
29,3,1.284519130330502,1.59449275464396,1.5911570997804492,1.5787376015572923,1.7958922060802929,0.21935479983193668,0.3175218831553473,1.0,0.4,0.1,0.9,5,75.15226291312791,298.35412428823224
29,4,1.1510278430369847,1.4552160659497648,1.4510794586601758,1.4367004847642502,1.1308160123556132,0.13140314519342441,0.29695779542334805,1.0,0.4,0.1,0.9,7,55.74856918381968,296.8605302562919
29,5,1.1215015045440682,1.4146425548926649,1.4101893329494728,1.3953226977284459,1.041683189807519,0.13079173848803316,0.297035376124468,1.0,0.4,0.1,0.9,9,48.70843885605306,268.0611285600661
29,6,1.1134935168672486,1.3836446581885862,1.3790764002113625,1.3629297558184819,1.1509226310827665,0.18011154673781568,0.3223396229511863,1.0,0.4,0.1,0.9,10,35.22416717540425,124.11120430706448
29,7,1.0857717800155688,1.327341264773022,1.3226385543266357,1.3056236750188173,1.0841886815930606,0.17875532691384027,0.3222678941708661,1.0,0.4,0.1,0.9,12,28.533067558401346,107.46300630575654
29,8,1.0637269775164542,1.272952262241903,1.2678293085527765,1.2499046609570987,1.0800552377708947,0.17659478678342888,0.3225006362742259,1.0,0.4,0.1,0.9,14,23.39639876420292,92.6267322815662
29,9,1.0487539159110968,1.2290196785306866,1.223557542578785,1.204801185614754,1.0644352034186346,0.1746914499147274,0.32288853977982557,1.0,0.4,0.1,0.9,16,20.042353565174203,82.63309962997805
29,10,1.0389323742235723,1.1953177500330319,1.1895933455199328,1.1707405430684878,1.0500325434874052,0.17394981338121884,0.3229844611502739,1.0,0.4,0.1,0.9,18,18.04626532728773,82.72209644648456
29,11,1.0341667695119259,1.1787250097149904,1.1728752879170552,1.1540223950252169,1.0242930962991372,0.17228066446577572,0.3235275260581134,1.0,0.4,0.1,0.9,20,17.294804653953797,78.44260815422284
29,12,1.0085331644548268,1.1403996613506888,1.134418010341557,1.117739222963959,0.9918355874259257,0.17015341007440857,0.29158912662898273,0.9805710351829587,0.4,0.1,0.9,24,15.50589789850599,67.63907406588243
29,13,1.0195837177326885,1.1461027151590055,1.1400663556848953,1.1236841433508735,1.0024687646510888,0.16725004978011812,0.29616245720146317,0.9954422620975825,0.4,0.1,0.9,26,15.35842848352114,74.42655973158486
29,14,1.0195837194298565,1.1461927210586111,1.1404600925608053,1.1244493029078813,0.9924143801271332,0.16725004978011812,0.29616245720146317,0.9954422620975825,0.4,0.1,0.9,28,15.358427789015469,74.42655132293812
29,15,0.9926637879549163,1.1186407716689475,1.1129017082417116,1.0973744616220626,0.9680494187945872,0.16820844056004364,0.28672668533909756,0.9663636218008683,0.4,0.1,0.9,29,15.121352253727157,68.13352195750907
29,16,1.0192583848148464,1.1413475047010628,1.1358717793965059,1.1210785975451052,1.008292623259448,0.16956940008156124,0.29621193878372387,0.9955565854172204,0.4,0.1,0.9,30,14.997221518313818,63.52004608686556
29,17,1.0167266361664573,1.1316936875308876,1.1264490937167493,1.1107469970953443,1.019673244567931,0.17150266085635396,0.29575409421277316,0.9942152080885205,0.4,0.1,0.9,31,14.20584293366475,61.57775874483491
29,18,0.5859355233659657,0.7014307625586351,0.6970989565644182,0.6777119169149995,0.5626175411466929,0.15465335789801987,0.16084848174155544,0.538126475471341,0.4,0.1,0.9,34,13.663143153906242,56.40403348917128
29,19,0.5824061481859522,0.6842133547144804,0.6800494377457142,0.6615131142001507,0.5864090797775283,0.15465335789801987,0.16084848174155544,0.538126475471341,0.4,0.1,0.9,36,12.761343529302316,58.28163306355393
29,20,0.6092920154072792,0.7005719801497554,0.6963048996492083,0.678022919587787,0.6296793562104835,0.1579877499465182,0.1685255730801722,0.5685742876029308,0.4,0.1,0.9,37,11.993190326911394,42.19175434879733
29,21,1.0342698782899573,1.1198918914124851,1.1155699111571205,1.0963118288883968,1.0382230092005147,0.20853478894362598,0.34667679441388227,1.0,0.4,0.1,0.9,38,12.008403416419632,50.087591497404574
29,22,1.031155721134653,1.1127028119627416,1.10834145596173,1.0896988974762627,1.0231366332073193,0.20308784217379347,0.3467213122905999,1.0,0.4,0.1,0.9,40,11.91009623393292,49.90255113545809
29,23,1.0306757010838492,1.1062220438005035,1.1021059176658374,1.0841886942175987,1.0275348952043424,0.20521261037010846,0.3470646979194818,1.0,0.4,0.1,0.9,42,11.6622778445904,45.92387547640222
29,24,1.0318720565083357,1.1055802451136763,1.1011436484586292,1.0840576988590032,1.0245066666110207,0.20711211584591122,0.3552565901190056,1.0,0.4,0.1,0.9,43,11.549958290698685,50.32356513040788
29,25,1.0298468433930064,1.1023341004792067,1.098188729722491,1.0809504304243105,1.0212680236579676,0.2048000173440651,0.3471230418210609,1.0,0.4,0.1,0.9,44,11.53763854473505,48.6149780417606
29,26,1.0305586755088425,1.0945547377910234,1.0900257422463846,1.073164180856397,1.0484168422309053,0.20888177804814564,0.3556583196494667,1.0,0.4,0.1,0.9,45,11.17267059594606,49.51462505280524
29,27,1.0299251452874567,1.090746559979552,1.0861875013449938,1.0695001542061207,1.0301625597834692,0.20893034802274882,0.35563301104093115,1.0,0.4,0.1,0.9,46,11.000443761785151,45.7059250320314
29,28,1.0292891208369368,1.0884100467384386,1.0838349759077122,1.068185361270016,1.0218044717178838,0.20819879160806282,0.3556519882076494,1.0,0.4,0.1,0.9,48,11.02561647720046,42.851664191293565
29,29,1.02783862727169,1.0850375172275077,1.080747250241252,1.0652167458969666,1.0247234977670698,0.2069251790472967,0.3502495213577477,1.0,0.4,0.1,0.9,49,11.038979243843515,39.91396149999683
29,30,1.0296318359563545,1.0867823427039451,1.082491534629808,1.067784653161327,1.019776612029902,0.21099073967808818,0.3521140937014485,1.0,0.4,0.1,0.9,51,10.831485658892731,42.44579221609612
29,31,1.029556498175495,1.0854333349954006,1.081130625289601,1.066970945915191,1.0240118753566576,0.21166086662686018,0.35111178821047917,1.0,0.4,0.1,0.9,52,10.593730151268376,42.606688750129386
29,32,1.0277205467722645,1.082571892720005,1.078259549729599,1.064299573946977,1.0199082023581174,0.20526543727750468,0.36035908698859165,1.0,0.4,0.1,0.9,54,11.00766312504764,45.12469603817389
29,33,1.0276967775318528,1.0816619784251562,1.0764324968797037,1.059341112826523,1.020375858180364,0.20540206892211846,0.3607766747329651,1.0,0.4,0.1,0.9,55,10.902900349392844,45.19585699110675
29,34,0.6212904965954845,0.6721044672115812,0.6683602177596735,0.6540625310891316,0.624907023717767,0.15710554103850016,0.17037367735275843,0.5918342465748515,0.4,0.1,0.9,56,10.512572904835014,44.14161434834775
29,35,0.6212877712581796,0.6722676845293954,0.669130812746183,0.655590781317384,0.612540160584824,0.15710554100280966,0.1703736445398332,0.5918342432681423,0.4,0.1,0.9,61,10.510342089880114,44.147187745992
29,36,0.6212248396491769,0.6721316394050496,0.6692970774804885,0.6562421233658206,0.6127788162289302,0.1572605243307789,0.1703454673744774,0.5917333545658825,0.4,0.1,0.9,63,10.501660157380089,42.88998474706275
29,37,0.6162047076115261,0.6611766090083574,0.6570748093014447,0.6458890130300509,0.6276406231117977,0.159919611089509,0.17518874089330141,0.585606786462813,0.4,0.1,0.9,64,10.173379051135232,35.30384805443104
29,38,0.6129187490577024,0.657607057902373,0.6535026175227983,0.6444192185807295,0.6057932721646002,0.16169083854345412,0.17238443000243928,0.5815397280582408,0.4,0.1,0.9,66,10.273777053682124,32.70964998006579
29,39,0.6154541657114458,0.6580292103965198,0.6539051251891967,0.6438124391809763,0.6154260238574968,0.15898496010834634,0.17521327120301475,0.5856784179854884,0.4,0.1,0.9,67,10.102092007911883,35.29375394179751
29,40,0.6151639915605933,0.6563445961711227,0.6525105603428307,0.6437898963298208,0.6132701075282962,0.15890109437526934,0.1752077180600196,0.5856961012861873,0.4,0.1,0.9,68,10.090392384521076,33.06157750367734
29,41,0.61040921542919,0.6494030548467107,0.6458516625314673,0.6384984935862071,0.607742206950561,0.1584815812630472,0.17230834868862704,0.5813805459223949,0.4,0.1,0.9,70,10.060158741648475,33.96175580580123
29,42,0.6021370294466426,0.639896670162475,0.6360309560208257,0.6287132972493439,0.5977448606950396,0.16169249535579355,0.1693703545019163,0.5713171766982297,0.4,0.1,0.9,72,9.891208573034742,41.237711265531686
29,43,0.5999162174918744,0.6364820104193188,0.6326052301161403,0.6268340495428256,0.59582038050959,0.1599700327602956,0.16927899483116715,0.5698623793730258,0.4,0.1,0.9,74,9.80128719378826,45.90653580869825
29,44,0.6011812839826385,0.6373980529310428,0.6341239213028989,0.6284605536810329,0.5960487179946561,0.1594169690105519,0.1694798145213557,0.5715960146242586,0.4,0.1,0.9,76,9.786271662291131,46.194177662756985
29,45,0.6014255329690703,0.637036109059939,0.6337563472981383,0.6283923778002719,0.5975601897162041,0.16046049666779977,0.1694751361089689,0.5715236052512178,0.4,0.1,0.9,77,9.787399374482764,42.67061238994052
29,46,0.6014241325321067,0.6371167100462067,0.6341407408038792,0.629302939908072,0.5955163661997971,0.1604604966677997,0.1694751361089689,0.5715236052512178,0.4,0.1,0.9,79,9.784518187078884,42.63885892264492
29,47,0.607598661820538,0.6432725766243113,0.6402964476696229,0.6357817164074102,0.6017443144461165,0.16128830992664228,0.1723414145756438,0.5777014802784215,0.4,0.1,0.9,80,9.766571036153428,41.42532493793595
29,48,0.5954916372190069,0.630105198589374,0.6271193073120785,0.623820102218789,0.5933573046725436,0.15945498123958696,0.16821976535593924,0.5657300576889462,0.4,0.1,0.9,81,9.58244175973206,43.38705217545812
29,49,0.6264800326970259,0.6587276174876491,0.6557198672471811,0.6504371520514901,0.6251740957797536,0.15711713919875517,0.18171222620372443,0.6001619865986298,0.4,0.1,0.9,83,9.727544171516769,38.23720034669288
29,50,0.6264501047418004,0.6584523382213942,0.6557452395804312,0.6509774544845626,0.6217572327358468,0.1571477881578483,0.18167896007204073,0.6001833266974068,0.4,0.1,0.9,85,9.72210333757806,38.23061697249388
29,51,0.6390220321835182,0.6711028298188841,0.6686993969798511,0.6641317109725001,0.6338028405689182,0.1579089866327707,0.18769575324291435,0.6131474236324633,0.4,0.1,0.9,86,9.835333355783964,39.53709651804003
29,52,0.6363089154262488,0.6661434147349437,0.6634163875456829,0.6594958851109033,0.6387101494609277,0.15462503281093415,0.18576144427681657,0.6122207910661049,0.4,0.1,0.9,87,9.6831318056778,43.99135478279687
29,53,0.6409276437014223,0.6703276903224227,0.6678995874734918,0.6644938026436031,0.6370191765731353,0.15507003983870196,0.18738436582919868,0.6170745360238816,0.4,0.1,0.9,89,9.656047204069964,43.53450710228171
29,54,0.6419331647592081,0.6711653074828186,0.6687356677614334,0.665323960999474,0.6377340751018408,0.15529272922438506,0.18727936179332239,0.6181363871638129,0.4,0.1,0.9,90,9.656500968167308,43.70909139222855
29,55,0.6387446471337613,0.664357386790031,0.6621974568592077,0.6592582372437106,0.6471105157607376,0.15651089822343986,0.1882966935505845,0.6146375238160057,0.4,0.1,0.9,91,9.635843156777437,39.57788080320688
29,56,0.6402941153699689,0.6659707371236049,0.664114422803182,0.6617182843270664,0.636205606616718,0.15651258243043492,0.18880797880655034,0.616306459673374,0.4,0.1,0.9,93,9.630573615888512,39.73853516208821
29,57,0.642185789840284,0.6661557976018704,0.6642838281270003,0.6625905857561354,0.6402552557150415,0.155926443644908,0.18950847904836546,0.6189082791895322,0.4,0.1,0.9,96,9.567873936184691,38.568061267439255
29,58,0.6366750839935837,0.6559279562122525,0.6540128862304843,0.6527312608727975,0.6415141825363799,0.15635365475682284,0.1892177477125847,0.613488698307829,0.4,0.1,0.9,98,9.380851537129924,39.27837204474098
29,59,0.5958416541284732,0.615023234579914,0.6152282563201275,0.6388416475909314,0.592921498486181,0.1621562859924086,0.17341572714207104,0.5674216156594769,0.4,0.1,0.9,160,8.970338855002767,43.65570050831197
29,60,0.5949517477799088,0.6141778739028798,0.614686252380965,0.639016723233415,0.5920762043132921,0.16195513037856832,0.17465744930807892,0.5663923504195834,0.4,0.1,0.9,162,8.945642777962226,43.53560447902684
29,61,0.6024664662274339,0.6212073406215275,0.6220142410420558,0.6469781363835758,0.6005696585196294,0.16158530795978626,0.18157789213693,0.5742405260193657,0.4,0.1,0.9,164,9.130912192384528,44.15484188464142
29,62,0.5992747406432004,0.6174739771969925,0.6179730464373746,0.6421957191275633,0.5980006855101125,0.1625760195759928,0.17911059552403047,0.5706088341646358,0.4,0.1,0.9,165,8.969832490212541,42.9961866115092
29,63,0.6045006268252038,0.622839309562465,0.6239455560251976,0.6489139052055687,0.6018580640941472,0.16359330460204727,0.18156268598328018,0.5756980674679577,0.4,0.1,0.9,166,8.986516234116985,42.28776963328371
29,64,0.5974948075752482,0.6149601153896093,0.6151495160677598,0.6404373907336395,0.5968307417240378,0.16118224162176134,0.17845296548214368,0.5694386133325212,0.4,0.1,0.9,167,8.943479336506847,43.03718335214072
29,65,0.6024577756849374,0.6198822198890807,0.6209801466647136,0.6473220240879364,0.6008659266417944,0.16346759009716644,0.18135196263452355,0.5736705849600405,0.4,0.1,0.9,168,8.976670466135639,42.26997326540408
29,66,0.5974631609094034,0.6127930390554253,0.6138719087581053,0.6423228821160494,0.5965644815356302,0.16408983942334182,0.17946147406327567,0.5684252448065373,0.4,0.1,0.9,173,8.823363470488111,36.68755584644652
29,67,0.5959169372680594,0.6101338707401212,0.609687766813013,0.6221277955768054,0.5959362319301295,0.1643981883282326,0.17899166099724256,0.5667388868754182,0.4,0.1,0.9,174,8.78248438740551,35.79685515566198
29,68,0.5954418642897038,0.6096637400233712,0.610126570223523,0.625193452362009,0.593378718015352,0.16420049735510409,0.17923319854567482,0.5663185628753274,0.4,0.1,0.9,184,8.791870499931333,35.74424972022741
29,69,0.5969331168643466,0.6113801749429817,0.6130569192719089,0.646512562141176,0.5952526856454139,0.16429905564888853,0.1801574009153355,0.5678526425962575,0.4,0.1,0.9,185,8.865906221514942,36.77946486125777
30,0,0.922988561076214,0.8833398728244766,0.8824242090530998,0.8783467719929454,0.0,0.0,0.0,0.0,0.4,0.1,0.9,1,248.2266192396678,1343.3165830443804
30,1,0.8898738665770645,0.8997058790946328,0.8986332051498478,0.8942636831779771,0.06519783952535889,0.09065457929492052,8.330005125398515e-05,0.00011092391905210999,0.4,0.1,0.9,3,230.0176748585822,1261.7682022550327
30,2,0.8565931626363302,0.9050462264451279,0.9038381279302212,0.8995453215323029,0.10870901591653656,0.14119543046186328,0.0010632609335538197,0.0026482431281599503,0.4,0.1,0.9,4,214.9394973086972,1103.1760186769295
30,3,0.8314052906501104,0.8839578868194002,0.882734639135834,0.877994782248641,0.045380242824237166,0.09844855322138708,0.00033320020501596137,0.00044369567620843996,0.4,0.1,0.9,5,213.37947700651569,1172.4929502908365
30,4,0.8637173452347284,1.1716696769677806,1.1680270445211764,1.1528779925140547,1.674374072982488,0.21542829189613322,0.17248277261513867,0.6343938655139121,0.4,0.1,0.9,6,54.48907297915811,195.304811616364
30,5,0.8188134380983967,1.1137283766913066,1.109658287931016,1.0936088474317174,0.7493717778954512,0.2063132970919641,0.172557503749048,0.6345778214983614,0.4,0.1,0.9,8,44.00343374492778,168.9801393466609
30,6,0.7920705518467507,1.0738318940516347,1.0694693684405385,1.0526701861472787,0.7226033914901113,0.19840363694112984,0.17278169715077596,0.6351296894517093,0.4,0.1,0.9,10,37.17134968632588,119.54415048809874
30,7,1.37010107508532,1.562345709058743,1.5570205388705598,1.5357815337245928,1.5499569965779705,1.0,0.1804420757751306,1.0,0.4,0.1,0.9,12,21.08792542748572,56.29043646274236
30,8,0.7145179553171043,0.9046031895301979,0.8998585447439058,0.8792446034926931,0.6668436298403506,0.17367455699463458,0.17502624280348897,0.6406547977109699,0.4,0.1,0.9,15,20.08969702958141,73.68107155887587
30,9,0.7017225360709536,0.8663146293335136,0.8612844366138679,0.8392132481183388,0.714096606973918,0.16728985920920647,0.175324554135727,0.6413384362769246,0.4,0.1,0.9,17,17.710080242410033,55.59221298647351
30,10,0.6986927017020548,0.8564508616704914,0.8510440999298237,0.8298452621322504,0.6700804811583587,0.17003503882865406,0.1746702197859399,0.6396519233279873,0.4,0.1,0.9,20,16.73655176237313,56.513225803373786
30,11,0.6936437688379202,0.8337426581293554,0.828149133092536,0.8068718359560443,0.6965469739605494,0.17233394265527607,0.17471916193288342,0.6398310834163544,0.4,0.1,0.9,22,15.442801695096852,45.85321682900292
30,12,0.6908856966203256,0.8245773755902851,0.8186145367547136,0.7977130316236402,0.6855526732296453,0.16923224836879652,0.17482936916917488,0.6403804489371845,0.4,0.1,0.9,23,14.866390150188662,43.866691845150434
30,13,0.744599274718432,0.8510519663669751,0.84511660562574,0.8229976578028129,0.8245555807853984,0.17836588271685555,0.19055706148226548,0.7030014832845161,0.4,0.1,0.9,24,12.918415964436422,43.14145301080793
30,14,0.7408821630268098,0.8353772985908472,0.8293241606051622,0.8072195252530603,0.7440797139134483,0.17263604042116917,0.1912601540806077,0.7047321955636046,0.4,0.1,0.9,26,12.328501214469552,41.28097749951292
30,15,0.7403254789771246,0.8343927519525121,0.8280325199997647,0.8065407620921006,0.723152494934582,0.16952012235294178,0.19136903791283538,0.7055768665282147,0.4,0.1,0.9,27,12.257026576981914,39.74991574377948
30,16,0.7405096353004099,0.8335683909601044,0.8278040940622237,0.8059293278290619,0.7267035973792316,0.17263604042116917,0.1912601540806077,0.7047321955636041,0.4,0.1,0.9,28,12.255028864551008,40.69030560713761
30,17,0.6609073017365532,0.7523097999823245,0.745923504565992,0.7252612166947512,0.6485810694605969,0.17048241803176942,0.16912105158242638,0.6201076907097549,0.4,0.1,0.9,29,12.236200739407243,47.77246258537425
30,18,1.333416935224163,1.4247571947562911,1.4192790837861955,1.4003165176390397,1.3159240886973493,1.0,0.15786155560831214,1.0,0.4,0.1,0.9,37,11.974789043673391,38.56827916906881
30,19,0.6084956651862125,0.6942528460349818,0.688720525448608,0.6707025149637249,0.612113872884076,0.16619519609111946,0.15331550326462975,0.5670918665183703,0.4,0.1,0.9,38,11.903414548047776,44.87624526699887
30,20,0.6074049405259153,0.6920607985567437,0.6865177844354855,0.6690190144360227,0.5933335994633717,0.16070832981898675,0.15390412185366525,0.5685407929075054,0.4,0.1,0.9,40,12.224014894953145,44.70736803848595
30,21,1.3335895813542524,1.4173977453039501,1.411543588106435,1.3915569493945403,1.3181597066194024,1.0,0.1771814521141283,1.0,0.4,0.1,0.9,46,11.65278425308568,43.72500290455149
30,22,1.3313940837638805,1.41410561044467,1.408846708116516,1.3920757663512866,1.3203788966393435,1.0,0.15819080179131534,1.0,0.4,0.1,0.9,47,11.63936607033698,46.3153448893122
30,23,1.0172651303425024,1.0997872911657636,1.0939206993955013,1.081453950119553,1.001695101928326,0.22801430173398848,0.10484984297496196,1.0,0.4,0.1,0.9,49,11.773526804583794,42.26660577282831
30,24,1.013788201319766,1.091441649341818,1.0855281647207162,1.0729144762923415,1.007919015797515,0.2216427529431017,0.10659378788240742,1.0,0.4,0.1,0.9,51,11.659890858212991,39.030539663399566
30,25,1.0125502756614193,1.0829824163544712,1.0769999045400533,1.0649754050225644,1.0123465121095079,0.22237252519244968,0.10711147888835955,1.0,0.4,0.1,0.9,53,11.356096913278344,39.43878189466552
30,26,1.0101749962838025,1.076235329400931,1.0705141585081552,1.0585023813072625,1.013815146648227,0.21968341262445817,0.10357261542893426,1.0,0.4,0.1,0.9,54,10.90476852128311,38.9402551458069
30,27,1.0113157157935322,1.0746402860054205,1.068590198187621,1.0571608237601986,1.0045267719466773,0.22240563683180467,0.10959071178361164,1.0,0.4,0.1,0.9,56,11.011512904863867,38.918978603898765
30,28,1.0989695848265888,1.1594173892846054,1.1542489455262421,1.1428212739894417,1.0991447286353169,0.3766660783989463,0.3755259968888916,1.0,0.4,0.1,0.9,57,10.396227945603297,35.557273270357975
30,29,1.0193791154259233,1.077180849401418,1.0722904315961013,1.0633703448381346,1.0115479697612946,0.24487353500436923,0.1123004452725294,1.0,0.4,0.1,0.9,61,10.44264869093874,37.16578799279266
30,30,1.0193200284417858,1.0769155781074637,1.0723261268986404,1.063875454466134,1.0096910933133967,0.2448735350043692,0.11230044527252953,1.0,0.4,0.1,0.9,63,10.431561655933344,37.06449505887242
30,31,1.010518121120638,1.0653702740176025,1.0604521631444963,1.0511182468733544,1.010069085887326,0.22461885694272202,0.1105582985533688,1.0,0.4,0.1,0.9,64,10.373181528134907,35.24242479059861
30,32,0.31068212636947234,0.3648479468751301,0.35901452870168415,0.352426940633198,0.3013878011027639,0.12268819273052478,0.10865902836687368,0.268008684764946,0.4,0.1,0.9,70,10.58787166317742,33.11456471877938
30,33,0.3166008353674007,0.3641401855826999,0.3585476543862317,0.3510210195467124,0.33145193481183044,0.12683079161080943,0.11178132985396041,0.2738353687097737,0.4,0.1,0.9,71,10.319612391502217,34.580283908858405
30,34,0.31329902543344273,0.3510689477531754,0.3447796221278786,0.3379967507661224,0.33956982842455385,0.12317171140382059,0.1120514590818924,0.2737294605069869,0.4,0.1,0.9,72,9.873510622064128,31.95836421485843
30,35,0.3124564091174464,0.34834339326930597,0.34233964952340523,0.3366049020611212,0.3085767223736816,0.12279353360588621,0.11124407657746847,0.27344358800347834,0.4,0.1,0.9,75,9.74806886654292,32.05182098951771
30,36,0.31234860965397737,0.3477183620660888,0.3420127676359863,0.33739140970167797,0.30737008176390945,0.12279353360588621,0.11124407657746847,0.27344358800347834,0.4,0.1,0.9,77,9.728881569220976,32.00934374100385
30,39,1.0030572403151168,1.0344859172325025,1.0299557692681638,1.0282921485483776,0.9984578032313091,0.21695442412972982,0.11022963946777034,1.0,0.4,0.1,0.9,109,9.255310575369734,35.58016193370408
30,41,1.0019005316788663,1.0294946424540257,1.0252321454294524,1.0249469977680947,1.0043321459707857,0.21582052820235523,0.10994244261769467,1.0,0.4,0.1,0.9,112,9.03083758098724,33.33575513493418
30,42,1.0018389219847146,1.029240933341222,1.0249767240403187,1.024684786981018,0.9979412194316069,0.2157534086082483,0.10992134046463407,1.0,0.4,0.1,0.9,113,9.020785312919774,33.351021357774485
30,43,1.0017740081691051,1.0290130538170341,1.0247473177033006,1.024449697807567,0.9973661779936462,0.2156665470872606,0.10989646392627679,1.0,0.4,0.1,0.9,118,9.011845763946075,33.3686258448438
