Dataset,Run,Method,Weight,Metric,Test_Metric,Spearman
561_cpu,1,MVP,w0.8_0.8_0.7,MSE_Train,MSE_Test_Interpolation,0.6446332565284179
561_cpu,1,MVP,w0.8_0.8_0.7,AIC_Train,MSE_Test_Interpolation,-0.15260176651305685
561_cpu,1,MVP,w0.8_0.8_0.7,BIC_Train,MSE_Test_Interpolation,-0.11583141321044547
561_cpu,1,MVP,w0.8_0.8_0.7,MDL_Train,MSE_Test_Interpolation,0.44186827956989255
561_cpu,1,MVP,w0.8_0.8_0.7,PSM_Train,MSE_Test_Interpolation,0.13028033794162827
561_cpu,1,MVP,w0.8_0.8_0.7,MSE_Train,MSE_Test_Extrapolation,0.5404665898617512
561_cpu,1,MVP,w0.8_0.8_0.7,AIC_Train,MSE_Test_Extrapolation,-0.2780817972350231
561_cpu,1,MVP,w0.8_0.8_0.7,BIC_Train,MSE_Test_Extrapolation,-0.2550403225806452
561_cpu,1,MVP,w0.8_0.8_0.7,MDL_Train,MSE_Test_Extrapolation,0.6087749615975422
561_cpu,1,MVP,w0.8_0.8_0.7,PSM_Train,MSE_Test_Extrapolation,0.057699692780337944
561_cpu,2,MVP,w0.8_0.8_0.7,MSE_Train,MSE_Test_Interpolation,0.04277538820441787
561_cpu,2,MVP,w0.8_0.8_0.7,AIC_Train,MSE_Test_Interpolation,-0.6240249325654297
561_cpu,2,MVP,w0.8_0.8_0.7,BIC_Train,MSE_Test_Interpolation,-0.6112670408981555
561_cpu,2,MVP,w0.8_0.8_0.7,MDL_Train,MSE_Test_Interpolation,0.6694977035794998
561_cpu,2,MVP,w0.8_0.8_0.7,PSM_Train,MSE_Test_Interpolation,-0.14556754392359844
561_cpu,2,MVP,w0.8_0.8_0.7,MSE_Train,MSE_Test_Extrapolation,-0.3141721950863891
561_cpu,2,MVP,w0.8_0.8_0.7,AIC_Train,MSE_Test_Extrapolation,-0.7116169716410293
561_cpu,2,MVP,w0.8_0.8_0.7,BIC_Train,MSE_Test_Extrapolation,-0.6999343879857112
561_cpu,2,MVP,w0.8_0.8_0.7,MDL_Train,MSE_Test_Extrapolation,0.6726689509367937
561_cpu,2,MVP,w0.8_0.8_0.7,PSM_Train,MSE_Test_Extrapolation,-0.10625501202886928
561_cpu,3,MVP,w0.8_0.8_0.7,MSE_Train,MSE_Test_Interpolation,0.6662580864828057
561_cpu,3,MVP,w0.8_0.8_0.7,AIC_Train,MSE_Test_Interpolation,0.6181477698331632
561_cpu,3,MVP,w0.8_0.8_0.7,BIC_Train,MSE_Test_Interpolation,0.5925434116445354
561_cpu,3,MVP,w0.8_0.8_0.7,MDL_Train,MSE_Test_Interpolation,-0.5457780047667689
561_cpu,3,MVP,w0.8_0.8_0.7,PSM_Train,MSE_Test_Interpolation,0.37931562819203274
561_cpu,3,MVP,w0.8_0.8_0.7,MSE_Train,MSE_Test_Extrapolation,-0.11426625808648283
561_cpu,3,MVP,w0.8_0.8_0.7,AIC_Train,MSE_Test_Extrapolation,-0.11779026217228467
561_cpu,3,MVP,w0.8_0.8_0.7,BIC_Train,MSE_Test_Extrapolation,-0.08638066053796392
561_cpu,3,MVP,w0.8_0.8_0.7,MDL_Train,MSE_Test_Extrapolation,-0.05931222335716719
561_cpu,3,MVP,w0.8_0.8_0.7,PSM_Train,MSE_Test_Extrapolation,-0.015236636023152877
561_cpu,4,MVP,w0.8_0.8_0.7,MSE_Train,MSE_Test_Interpolation,0.5503419972640219
561_cpu,4,MVP,w0.8_0.8_0.7,AIC_Train,MSE_Test_Interpolation,0.6855188587062732
561_cpu,4,MVP,w0.8_0.8_0.7,BIC_Train,MSE_Test_Interpolation,0.686593707250342
561_cpu,4,MVP,w0.8_0.8_0.7,MDL_Train,MSE_Test_Interpolation,-0.43599765487590386
561_cpu,4,MVP,w0.8_0.8_0.7,PSM_Train,MSE_Test_Interpolation,0.4244088333007622
561_cpu,4,MVP,w0.8_0.8_0.7,MSE_Train,MSE_Test_Extrapolation,0.29601328903654484
561_cpu,4,MVP,w0.8_0.8_0.7,AIC_Train,MSE_Test_Extrapolation,0.47662692984170413
561_cpu,4,MVP,w0.8_0.8_0.7,BIC_Train,MSE_Test_Extrapolation,0.4755911666992379
561_cpu,4,MVP,w0.8_0.8_0.7,MDL_Train,MSE_Test_Extrapolation,-0.09894469415673246
561_cpu,4,MVP,w0.8_0.8_0.7,PSM_Train,MSE_Test_Extrapolation,0.2686535079147938
561_cpu,5,MVP,w0.8_0.8_0.7,MSE_Train,MSE_Test_Interpolation,-0.025878303128480308
561_cpu,5,MVP,w0.8_0.8_0.7,AIC_Train,MSE_Test_Interpolation,0.5086362255745671
561_cpu,5,MVP,w0.8_0.8_0.7,BIC_Train,MSE_Test_Interpolation,0.47834362660726937
561_cpu,5,MVP,w0.8_0.8_0.7,MDL_Train,MSE_Test_Interpolation,-0.11187607573149742
561_cpu,5,MVP,w0.8_0.8_0.7,PSM_Train,MSE_Test_Interpolation,0.12884479092841958
561_cpu,5,MVP,w0.8_0.8_0.7,MSE_Train,MSE_Test_Extrapolation,-0.45928925787182345
561_cpu,5,MVP,w0.8_0.8_0.7,AIC_Train,MSE_Test_Extrapolation,0.04551989470486991
561_cpu,5,MVP,w0.8_0.8_0.7,BIC_Train,MSE_Test_Extrapolation,0.025088589652728564
561_cpu,5,MVP,w0.8_0.8_0.7,MDL_Train,MSE_Test_Extrapolation,-0.47315986635618107
561_cpu,5,MVP,w0.8_0.8_0.7,PSM_Train,MSE_Test_Extrapolation,-0.13101144072086668
561_cpu,6,MVP,w0.8_0.8_0.7,MSE_Train,MSE_Test_Interpolation,-0.10604088829184331
561_cpu,6,MVP,w0.8_0.8_0.7,AIC_Train,MSE_Test_Interpolation,0.8423659795978338
561_cpu,6,MVP,w0.8_0.8_0.7,BIC_Train,MSE_Test_Interpolation,0.7292515007766255
561_cpu,6,MVP,w0.8_0.8_0.7,MDL_Train,MSE_Test_Interpolation,-0.6353217749044959
561_cpu,6,MVP,w0.8_0.8_0.7,PSM_Train,MSE_Test_Interpolation,-0.04281936106796523
561_cpu,6,MVP,w0.8_0.8_0.7,MSE_Train,MSE_Test_Extrapolation,-0.5138953024642122
561_cpu,6,MVP,w0.8_0.8_0.7,AIC_Train,MSE_Test_Extrapolation,0.0943915032954116
561_cpu,6,MVP,w0.8_0.8_0.7,BIC_Train,MSE_Test_Extrapolation,-0.1233575416649175
561_cpu,6,MVP,w0.8_0.8_0.7,MDL_Train,MSE_Test_Extrapolation,-0.5118592838251962
561_cpu,6,MVP,w0.8_0.8_0.7,PSM_Train,MSE_Test_Extrapolation,-0.47848537005163505
561_cpu,7,MVP,w0.8_0.8_0.7,MSE_Train,MSE_Test_Interpolation,0.26309497298374335
561_cpu,7,MVP,w0.8_0.8_0.7,AIC_Train,MSE_Test_Interpolation,0.7050088198012517
561_cpu,7,MVP,w0.8_0.8_0.7,BIC_Train,MSE_Test_Interpolation,0.6989023611369494
561_cpu,7,MVP,w0.8_0.8_0.7,MDL_Train,MSE_Test_Interpolation,-0.5295624095403261
561_cpu,7,MVP,w0.8_0.8_0.7,PSM_Train,MSE_Test_Interpolation,0.14926247809959836
561_cpu,7,MVP,w0.8_0.8_0.7,MSE_Train,MSE_Test_Extrapolation,-0.29846635294905943
561_cpu,7,MVP,w0.8_0.8_0.7,AIC_Train,MSE_Test_Extrapolation,-0.7774964838255978
561_cpu,7,MVP,w0.8_0.8_0.7,BIC_Train,MSE_Test_Extrapolation,-0.7608063759962495
561_cpu,7,MVP,w0.8_0.8_0.7,MDL_Train,MSE_Test_Extrapolation,0.5481012658227848
561_cpu,7,MVP,w0.8_0.8_0.7,PSM_Train,MSE_Test_Extrapolation,-0.30654008438818564
561_cpu,8,MVP,w0.8_0.8_0.7,MSE_Train,MSE_Test_Interpolation,0.7470919324577863
561_cpu,8,MVP,w0.8_0.8_0.7,AIC_Train,MSE_Test_Interpolation,0.7311444652908068
561_cpu,8,MVP,w0.8_0.8_0.7,BIC_Train,MSE_Test_Interpolation,0.7470919324577863
561_cpu,8,MVP,w0.8_0.8_0.7,MDL_Train,MSE_Test_Interpolation,0.09737335834896811
561_cpu,8,MVP,w0.8_0.8_0.7,PSM_Train,MSE_Test_Interpolation,0.4658536585365854
561_cpu,8,MVP,w0.8_0.8_0.7,MSE_Train,MSE_Test_Extrapolation,0.03414634146341464
561_cpu,8,MVP,w0.8_0.8_0.7,AIC_Train,MSE_Test_Extrapolation,0.010318949343339589
561_cpu,8,MVP,w0.8_0.8_0.7,BIC_Train,MSE_Test_Extrapolation,-0.000375234521575985
561_cpu,8,MVP,w0.8_0.8_0.7,MDL_Train,MSE_Test_Extrapolation,0.4637898686679175
561_cpu,8,MVP,w0.8_0.8_0.7,PSM_Train,MSE_Test_Extrapolation,0.06885553470919327
561_cpu,9,MVP,w0.8_0.8_0.7,MSE_Train,MSE_Test_Interpolation,0.8309829583231271
561_cpu,9,MVP,w0.8_0.8_0.7,AIC_Train,MSE_Test_Interpolation,0.7960178114013934
561_cpu,9,MVP,w0.8_0.8_0.7,BIC_Train,MSE_Test_Interpolation,0.7965602008895558
561_cpu,9,MVP,w0.8_0.8_0.7,MDL_Train,MSE_Test_Interpolation,0.9461547210118065
561_cpu,9,MVP,w0.8_0.8_0.7,PSM_Train,MSE_Test_Interpolation,0.7900165341614014
561_cpu,9,MVP,w0.8_0.8_0.7,MSE_Train,MSE_Test_Extrapolation,0.8142212268607621
561_cpu,9,MVP,w0.8_0.8_0.7,AIC_Train,MSE_Test_Extrapolation,0.7994821055515928
561_cpu,9,MVP,w0.8_0.8_0.7,BIC_Train,MSE_Test_Extrapolation,0.7977499584764932
561_cpu,9,MVP,w0.8_0.8_0.7,MDL_Train,MSE_Test_Extrapolation,0.925823863423262
561_cpu,9,MVP,w0.8_0.8_0.7,PSM_Train,MSE_Test_Extrapolation,0.7846276321499799
561_cpu,10,MVP,w0.8_0.8_0.7,MSE_Train,MSE_Test_Interpolation,0.3162545151430954
561_cpu,10,MVP,w0.8_0.8_0.7,AIC_Train,MSE_Test_Interpolation,0.22048097363858296
561_cpu,10,MVP,w0.8_0.8_0.7,BIC_Train,MSE_Test_Interpolation,0.14712624516903552
561_cpu,10,MVP,w0.8_0.8_0.7,MDL_Train,MSE_Test_Interpolation,-0.11330925257015839
561_cpu,10,MVP,w0.8_0.8_0.7,PSM_Train,MSE_Test_Interpolation,0.18827452070019451
561_cpu,10,MVP,w0.8_0.8_0.7,MSE_Train,MSE_Test_Extrapolation,-0.06712975826618506
561_cpu,10,MVP,w0.8_0.8_0.7,AIC_Train,MSE_Test_Extrapolation,-0.17669042361282283
561_cpu,10,MVP,w0.8_0.8_0.7,BIC_Train,MSE_Test_Extrapolation,-0.13495602885476968
561_cpu,10,MVP,w0.8_0.8_0.7,MDL_Train,MSE_Test_Extrapolation,0.38655181994998616
561_cpu,10,MVP,w0.8_0.8_0.7,PSM_Train,MSE_Test_Extrapolation,-0.11564323423173106
561_cpu,11,MVP,w0.8_0.8_0.7,MSE_Train,MSE_Test_Interpolation,-0.27204116638078896
561_cpu,11,MVP,w0.8_0.8_0.7,AIC_Train,MSE_Test_Interpolation,0.22919763674480653
561_cpu,11,MVP,w0.8_0.8_0.7,BIC_Train,MSE_Test_Interpolation,0.2821802935010482
561_cpu,11,MVP,w0.8_0.8_0.7,MDL_Train,MSE_Test_Interpolation,-0.48076996378883163
561_cpu,11,MVP,w0.8_0.8_0.7,PSM_Train,MSE_Test_Interpolation,-0.2350676577091671
561_cpu,11,MVP,w0.8_0.8_0.7,MSE_Train,MSE_Test_Extrapolation,-0.09769392033542976
561_cpu,11,MVP,w0.8_0.8_0.7,AIC_Train,MSE_Test_Extrapolation,0.3164856108252334
561_cpu,11,MVP,w0.8_0.8_0.7,BIC_Train,MSE_Test_Extrapolation,0.38913664951400795
561_cpu,11,MVP,w0.8_0.8_0.7,MDL_Train,MSE_Test_Extrapolation,-0.40964360587002085
561_cpu,11,MVP,w0.8_0.8_0.7,PSM_Train,MSE_Test_Extrapolation,-0.12468076996378881
561_cpu,12,MVP,w0.8_0.8_0.7,MSE_Train,MSE_Test_Interpolation,0.6298783712321522
561_cpu,12,MVP,w0.8_0.8_0.7,AIC_Train,MSE_Test_Interpolation,0.6668958223162347
561_cpu,12,MVP,w0.8_0.8_0.7,BIC_Train,MSE_Test_Interpolation,0.6743521946060285
561_cpu,12,MVP,w0.8_0.8_0.7,MDL_Train,MSE_Test_Interpolation,-0.8090957165520888
561_cpu,12,MVP,w0.8_0.8_0.7,PSM_Train,MSE_Test_Interpolation,0.3471708090957165
561_cpu,12,MVP,w0.8_0.8_0.7,MSE_Train,MSE_Test_Extrapolation,-0.35531464833421467
561_cpu,12,MVP,w0.8_0.8_0.7,AIC_Train,MSE_Test_Extrapolation,-0.4035959809624537
561_cpu,12,MVP,w0.8_0.8_0.7,BIC_Train,MSE_Test_Extrapolation,-0.4117398202009518
561_cpu,12,MVP,w0.8_0.8_0.7,MDL_Train,MSE_Test_Extrapolation,0.5295081967213113
561_cpu,12,MVP,w0.8_0.8_0.7,PSM_Train,MSE_Test_Extrapolation,-0.11470121628767845
561_cpu,13,MVP,w0.8_0.8_0.7,MSE_Train,MSE_Test_Interpolation,0.45841046525978035
561_cpu,13,MVP,w0.8_0.8_0.7,AIC_Train,MSE_Test_Interpolation,0.5266259410095028
561_cpu,13,MVP,w0.8_0.8_0.7,BIC_Train,MSE_Test_Interpolation,0.5280451684561275
561_cpu,13,MVP,w0.8_0.8_0.7,MDL_Train,MSE_Test_Interpolation,-0.7233740589904973
561_cpu,13,MVP,w0.8_0.8_0.7,PSM_Train,MSE_Test_Interpolation,0.17798963346908556
561_cpu,13,MVP,w0.8_0.8_0.7,MSE_Train,MSE_Test_Extrapolation,0.23420338146365546
561_cpu,13,MVP,w0.8_0.8_0.7,AIC_Train,MSE_Test_Extrapolation,0.20822534863630754
561_cpu,13,MVP,w0.8_0.8_0.7,BIC_Train,MSE_Test_Extrapolation,0.2091509317536715
561_cpu,13,MVP,w0.8_0.8_0.7,MDL_Train,MSE_Test_Extrapolation,-0.2506479081821548
561_cpu,13,MVP,w0.8_0.8_0.7,PSM_Train,MSE_Test_Extrapolation,0.06642601505615206
561_cpu,14,MVP,w0.8_0.8_0.7,MSE_Train,MSE_Test_Interpolation,0.3367155730769475
561_cpu,14,MVP,w0.8_0.8_0.7,AIC_Train,MSE_Test_Interpolation,0.572389001632136
561_cpu,14,MVP,w0.8_0.8_0.7,BIC_Train,MSE_Test_Interpolation,0.5041429197169112
561_cpu,14,MVP,w0.8_0.8_0.7,MDL_Train,MSE_Test_Interpolation,-0.8973017242973437
561_cpu,14,MVP,w0.8_0.8_0.7,PSM_Train,MSE_Test_Interpolation,0.12361600663487456
561_cpu,14,MVP,w0.8_0.8_0.7,MSE_Train,MSE_Test_Extrapolation,0.41010475899211585
561_cpu,14,MVP,w0.8_0.8_0.7,AIC_Train,MSE_Test_Extrapolation,0.40459467444886194
561_cpu,14,MVP,w0.8_0.8_0.7,BIC_Train,MSE_Test_Extrapolation,0.4770862382658006
561_cpu,14,MVP,w0.8_0.8_0.7,MDL_Train,MSE_Test_Extrapolation,-0.0708276530564641
561_cpu,14,MVP,w0.8_0.8_0.7,PSM_Train,MSE_Test_Extrapolation,0.3919665974681355
561_cpu,15,MVP,w0.8_0.8_0.7,MSE_Train,MSE_Test_Interpolation,0.16090669646420308
561_cpu,15,MVP,w0.8_0.8_0.7,AIC_Train,MSE_Test_Interpolation,0.3480724718652726
561_cpu,15,MVP,w0.8_0.8_0.7,BIC_Train,MSE_Test_Interpolation,0.3451592305850428
561_cpu,15,MVP,w0.8_0.8_0.7,MDL_Train,MSE_Test_Interpolation,-0.08228908931279433
561_cpu,15,MVP,w0.8_0.8_0.7,PSM_Train,MSE_Test_Interpolation,-0.0019554633250858013
561_cpu,15,MVP,w0.8_0.8_0.7,MSE_Train,MSE_Test_Extrapolation,-0.0025540745470508425
561_cpu,15,MVP,w0.8_0.8_0.7,AIC_Train,MSE_Test_Extrapolation,-0.2171362439141193
561_cpu,15,MVP,w0.8_0.8_0.7,BIC_Train,MSE_Test_Extrapolation,-0.2166174475217496
561_cpu,15,MVP,w0.8_0.8_0.7,MDL_Train,MSE_Test_Extrapolation,0.3699018277595978
561_cpu,15,MVP,w0.8_0.8_0.7,PSM_Train,MSE_Test_Extrapolation,0.030130098172240407
561_cpu,16,MVP,w0.8_0.8_0.7,MSE_Train,MSE_Test_Interpolation,0.12807342470263816
561_cpu,16,MVP,w0.8_0.8_0.7,AIC_Train,MSE_Test_Interpolation,-0.20854426472404
561_cpu,16,MVP,w0.8_0.8_0.7,BIC_Train,MSE_Test_Interpolation,-0.2154257727291435
561_cpu,16,MVP,w0.8_0.8_0.7,MDL_Train,MSE_Test_Interpolation,0.4510927274972218
561_cpu,16,MVP,w0.8_0.8_0.7,PSM_Train,MSE_Test_Interpolation,-0.19678972712680573
561_cpu,16,MVP,w0.8_0.8_0.7,MSE_Train,MSE_Test_Extrapolation,0.3201629830843314
561_cpu,16,MVP,w0.8_0.8_0.7,AIC_Train,MSE_Test_Extrapolation,0.416602872782648
561_cpu,16,MVP,w0.8_0.8_0.7,BIC_Train,MSE_Test_Extrapolation,0.3919084660657694
561_cpu,16,MVP,w0.8_0.8_0.7,MDL_Train,MSE_Test_Extrapolation,-0.4283738733176935
561_cpu,16,MVP,w0.8_0.8_0.7,PSM_Train,MSE_Test_Extrapolation,0.4343663826809894
561_cpu,17,MVP,w0.8_0.8_0.7,MSE_Train,MSE_Test_Interpolation,-0.1022583559168925
561_cpu,17,MVP,w0.8_0.8_0.7,AIC_Train,MSE_Test_Interpolation,-0.010230352303523035
561_cpu,17,MVP,w0.8_0.8_0.7,BIC_Train,MSE_Test_Interpolation,-0.02981029810298103
561_cpu,17,MVP,w0.8_0.8_0.7,MDL_Train,MSE_Test_Interpolation,-0.38642728093947604
561_cpu,17,MVP,w0.8_0.8_0.7,PSM_Train,MSE_Test_Interpolation,-0.08943089430894308
561_cpu,17,MVP,w0.8_0.8_0.7,MSE_Train,MSE_Test_Extrapolation,0.2722673893405601
561_cpu,17,MVP,w0.8_0.8_0.7,AIC_Train,MSE_Test_Extrapolation,0.2521454381210479
561_cpu,17,MVP,w0.8_0.8_0.7,BIC_Train,MSE_Test_Extrapolation,0.22567750677506773
561_cpu,17,MVP,w0.8_0.8_0.7,MDL_Train,MSE_Test_Extrapolation,0.02260614272809395
561_cpu,17,MVP,w0.8_0.8_0.7,PSM_Train,MSE_Test_Extrapolation,0.3860885275519422
561_cpu,18,MVP,w0.8_0.8_0.7,MSE_Train,MSE_Test_Interpolation,0.3545062411726533
561_cpu,18,MVP,w0.8_0.8_0.7,AIC_Train,MSE_Test_Interpolation,0.05796520561020532
561_cpu,18,MVP,w0.8_0.8_0.7,BIC_Train,MSE_Test_Interpolation,0.18611087254037278
561_cpu,18,MVP,w0.8_0.8_0.7,MDL_Train,MSE_Test_Interpolation,-0.11241745238004348
561_cpu,18,MVP,w0.8_0.8_0.7,PSM_Train,MSE_Test_Interpolation,0.014009237698973161
561_cpu,18,MVP,w0.8_0.8_0.7,MSE_Train,MSE_Test_Extrapolation,0.20139710653891663
561_cpu,18,MVP,w0.8_0.8_0.7,AIC_Train,MSE_Test_Extrapolation,-0.14541880195724544
561_cpu,18,MVP,w0.8_0.8_0.7,BIC_Train,MSE_Test_Extrapolation,-0.038764350541431354
561_cpu,18,MVP,w0.8_0.8_0.7,MDL_Train,MSE_Test_Extrapolation,-0.07184028705576974
561_cpu,18,MVP,w0.8_0.8_0.7,PSM_Train,MSE_Test_Extrapolation,-0.09138450967668053
561_cpu,19,MVP,w0.8_0.8_0.7,MSE_Train,MSE_Test_Interpolation,0.4520521108825546
561_cpu,19,MVP,w0.8_0.8_0.7,AIC_Train,MSE_Test_Interpolation,0.7354839411847934
561_cpu,19,MVP,w0.8_0.8_0.7,BIC_Train,MSE_Test_Interpolation,0.713542516951274
561_cpu,19,MVP,w0.8_0.8_0.7,MDL_Train,MSE_Test_Interpolation,-0.5731435225998847
561_cpu,19,MVP,w0.8_0.8_0.7,PSM_Train,MSE_Test_Interpolation,0.5289341648436565
561_cpu,19,MVP,w0.8_0.8_0.7,MSE_Train,MSE_Test_Extrapolation,0.28751319641710477
561_cpu,19,MVP,w0.8_0.8_0.7,AIC_Train,MSE_Test_Extrapolation,0.32543180853495285
561_cpu,19,MVP,w0.8_0.8_0.7,BIC_Train,MSE_Test_Extrapolation,0.3486357353533375
561_cpu,19,MVP,w0.8_0.8_0.7,MDL_Train,MSE_Test_Extrapolation,-0.11293956313057107
561_cpu,19,MVP,w0.8_0.8_0.7,PSM_Train,MSE_Test_Extrapolation,0.27800089245872384
561_cpu,20,MVP,w0.8_0.8_0.7,MSE_Train,MSE_Test_Interpolation,-0.21404494382022476
561_cpu,20,MVP,w0.8_0.8_0.7,AIC_Train,MSE_Test_Interpolation,0.3906537282941777
561_cpu,20,MVP,w0.8_0.8_0.7,BIC_Train,MSE_Test_Interpolation,0.37693224378617646
561_cpu,20,MVP,w0.8_0.8_0.7,MDL_Train,MSE_Test_Interpolation,-0.8814606741573034
561_cpu,20,MVP,w0.8_0.8_0.7,PSM_Train,MSE_Test_Interpolation,-0.18888321416411308
561_cpu,20,MVP,w0.8_0.8_0.7,MSE_Train,MSE_Test_Extrapolation,0.39879128362274435
561_cpu,20,MVP,w0.8_0.8_0.7,AIC_Train,MSE_Test_Extrapolation,0.6170411985018728
561_cpu,20,MVP,w0.8_0.8_0.7,BIC_Train,MSE_Test_Extrapolation,0.6179945522642153
561_cpu,20,MVP,w0.8_0.8_0.7,MDL_Train,MSE_Test_Extrapolation,-0.03232890704800818
561_cpu,20,MVP,w0.8_0.8_0.7,PSM_Train,MSE_Test_Extrapolation,0.4295880149812734
561_cpu,21,MVP,w0.8_0.8_0.7,MSE_Train,MSE_Test_Interpolation,0.05823970037453184
561_cpu,21,MVP,w0.8_0.8_0.7,AIC_Train,MSE_Test_Interpolation,-0.01613891726251277
561_cpu,21,MVP,w0.8_0.8_0.7,BIC_Train,MSE_Test_Interpolation,-0.03827034388832142
561_cpu,21,MVP,w0.8_0.8_0.7,MDL_Train,MSE_Test_Interpolation,0.09250936329588015
561_cpu,21,MVP,w0.8_0.8_0.7,PSM_Train,MSE_Test_Interpolation,-0.022676200204290096
561_cpu,21,MVP,w0.8_0.8_0.7,MSE_Train,MSE_Test_Extrapolation,0.260742254000681
561_cpu,21,MVP,w0.8_0.8_0.7,AIC_Train,MSE_Test_Extrapolation,-0.21290432414027924
561_cpu,21,MVP,w0.8_0.8_0.7,BIC_Train,MSE_Test_Extrapolation,-0.16285325161729658
561_cpu,21,MVP,w0.8_0.8_0.7,MDL_Train,MSE_Test_Extrapolation,0.4802689819543753
561_cpu,21,MVP,w0.8_0.8_0.7,PSM_Train,MSE_Test_Extrapolation,0.01571331290432414
561_cpu,22,MVP,w0.8_0.8_0.7,MSE_Train,MSE_Test_Interpolation,-0.3823164048227987
561_cpu,22,MVP,w0.8_0.8_0.7,AIC_Train,MSE_Test_Interpolation,-0.3672999634636464
561_cpu,22,MVP,w0.8_0.8_0.7,BIC_Train,MSE_Test_Interpolation,-0.3721592985020095
561_cpu,22,MVP,w0.8_0.8_0.7,MDL_Train,MSE_Test_Interpolation,0.6168797953964195
561_cpu,22,MVP,w0.8_0.8_0.7,PSM_Train,MSE_Test_Interpolation,-0.166678845451224
561_cpu,22,MVP,w0.8_0.8_0.7,MSE_Train,MSE_Test_Extrapolation,0.2820606503470954
561_cpu,22,MVP,w0.8_0.8_0.7,AIC_Train,MSE_Test_Extrapolation,0.2367921081476069
561_cpu,22,MVP,w0.8_0.8_0.7,BIC_Train,MSE_Test_Extrapolation,0.24139568871026673
561_cpu,22,MVP,w0.8_0.8_0.7,MDL_Train,MSE_Test_Extrapolation,0.3348922177566679
561_cpu,22,MVP,w0.8_0.8_0.7,PSM_Train,MSE_Test_Extrapolation,0.2606503470953599
561_cpu,23,MVP,w0.8_0.8_0.7,MSE_Train,MSE_Test_Interpolation,0.5632078918523933
561_cpu,23,MVP,w0.8_0.8_0.7,AIC_Train,MSE_Test_Interpolation,0.8154914139568873
561_cpu,23,MVP,w0.8_0.8_0.7,BIC_Train,MSE_Test_Interpolation,0.8227621483375961
561_cpu,23,MVP,w0.8_0.8_0.7,MDL_Train,MSE_Test_Interpolation,-0.7793204238217027
561_cpu,23,MVP,w0.8_0.8_0.7,PSM_Train,MSE_Test_Interpolation,0.2339788089148703
561_cpu,23,MVP,w0.8_0.8_0.7,MSE_Train,MSE_Test_Extrapolation,0.08366824990865913
561_cpu,23,MVP,w0.8_0.8_0.7,AIC_Train,MSE_Test_Extrapolation,-0.07446108878333943
561_cpu,23,MVP,w0.8_0.8_0.7,BIC_Train,MSE_Test_Extrapolation,-0.12195834855681405
561_cpu,23,MVP,w0.8_0.8_0.7,MDL_Train,MSE_Test_Extrapolation,-0.021666057727438803
561_cpu,23,MVP,w0.8_0.8_0.7,PSM_Train,MSE_Test_Extrapolation,-0.11768359517720133
561_cpu,24,MVP,w0.8_0.8_0.7,MSE_Train,MSE_Test_Interpolation,0.2873301628334127
561_cpu,24,MVP,w0.8_0.8_0.7,AIC_Train,MSE_Test_Interpolation,0.3853270582996802
561_cpu,24,MVP,w0.8_0.8_0.7,BIC_Train,MSE_Test_Interpolation,0.34998979585526196
561_cpu,24,MVP,w0.8_0.8_0.7,MDL_Train,MSE_Test_Interpolation,-0.08167644821551154
561_cpu,24,MVP,w0.8_0.8_0.7,PSM_Train,MSE_Test_Interpolation,0.07170090198210524
561_cpu,24,MVP,w0.8_0.8_0.7,MSE_Train,MSE_Test_Extrapolation,0.2669095046969987
561_cpu,24,MVP,w0.8_0.8_0.7,AIC_Train,MSE_Test_Extrapolation,0.2583998664184689
561_cpu,24,MVP,w0.8_0.8_0.7,BIC_Train,MSE_Test_Extrapolation,0.27650758508092194
561_cpu,24,MVP,w0.8_0.8_0.7,MDL_Train,MSE_Test_Extrapolation,-0.07476236711420603
561_cpu,24,MVP,w0.8_0.8_0.7,PSM_Train,MSE_Test_Extrapolation,0.13808329648580694
561_cpu,25,MVP,w0.8_0.8_0.7,MSE_Train,MSE_Test_Interpolation,-0.27904091213950366
561_cpu,25,MVP,w0.8_0.8_0.7,AIC_Train,MSE_Test_Interpolation,0.647887323943662
561_cpu,25,MVP,w0.8_0.8_0.7,BIC_Train,MSE_Test_Interpolation,0.5950033534540576
561_cpu,25,MVP,w0.8_0.8_0.7,MDL_Train,MSE_Test_Interpolation,-0.8159624413145539
561_cpu,25,MVP,w0.8_0.8_0.7,PSM_Train,MSE_Test_Interpolation,-0.12290409121395035
561_cpu,25,MVP,w0.8_0.8_0.7,MSE_Train,MSE_Test_Extrapolation,0.49382964453386985
561_cpu,25,MVP,w0.8_0.8_0.7,AIC_Train,MSE_Test_Extrapolation,-0.5710932260228034
561_cpu,25,MVP,w0.8_0.8_0.7,BIC_Train,MSE_Test_Extrapolation,-0.5031522468142186
561_cpu,25,MVP,w0.8_0.8_0.7,MDL_Train,MSE_Test_Extrapolation,0.829778672032193
561_cpu,25,MVP,w0.8_0.8_0.7,PSM_Train,MSE_Test_Extrapolation,0.15318578135479544
561_cpu,26,MVP,w0.8_0.8_0.7,MSE_Train,MSE_Test_Interpolation,0.3069915591654722
561_cpu,26,MVP,w0.8_0.8_0.7,AIC_Train,MSE_Test_Interpolation,-0.6605616362595608
561_cpu,26,MVP,w0.8_0.8_0.7,BIC_Train,MSE_Test_Interpolation,-0.6762170577257681
561_cpu,26,MVP,w0.8_0.8_0.7,MDL_Train,MSE_Test_Interpolation,0.6543239369326326
561_cpu,26,MVP,w0.8_0.8_0.7,PSM_Train,MSE_Test_Interpolation,-0.01477942347507565
561_cpu,26,MVP,w0.8_0.8_0.7,MSE_Train,MSE_Test_Extrapolation,0.31085487679366
561_cpu,26,MVP,w0.8_0.8_0.7,AIC_Train,MSE_Test_Extrapolation,-0.6379490201387175
561_cpu,26,MVP,w0.8_0.8_0.7,BIC_Train,MSE_Test_Extrapolation,-0.6507059301316303
561_cpu,26,MVP,w0.8_0.8_0.7,MDL_Train,MSE_Test_Extrapolation,0.5204113728794749
561_cpu,26,MVP,w0.8_0.8_0.7,PSM_Train,MSE_Test_Extrapolation,0.09083488945321821
561_cpu,27,MVP,w0.8_0.8_0.7,MSE_Train,MSE_Test_Interpolation,0.25174379859311363
561_cpu,27,MVP,w0.8_0.8_0.7,AIC_Train,MSE_Test_Interpolation,0.40730099962976674
561_cpu,27,MVP,w0.8_0.8_0.7,BIC_Train,MSE_Test_Interpolation,0.2886486486486486
561_cpu,27,MVP,w0.8_0.8_0.7,MDL_Train,MSE_Test_Interpolation,-0.0421917808219178
561_cpu,27,MVP,w0.8_0.8_0.7,PSM_Train,MSE_Test_Interpolation,0.14378378378378376
561_cpu,27,MVP,w0.8_0.8_0.7,MSE_Train,MSE_Test_Extrapolation,0.6690410958904108
561_cpu,27,MVP,w0.8_0.8_0.7,AIC_Train,MSE_Test_Extrapolation,0.20586449463161788
561_cpu,27,MVP,w0.8_0.8_0.7,BIC_Train,MSE_Test_Extrapolation,0.2415253609774157
561_cpu,27,MVP,w0.8_0.8_0.7,MDL_Train,MSE_Test_Extrapolation,0.7157497223250646
561_cpu,27,MVP,w0.8_0.8_0.7,PSM_Train,MSE_Test_Extrapolation,0.6113735653461679
561_cpu,28,MVP,w0.8_0.8_0.7,MSE_Train,MSE_Test_Interpolation,0.011889450970304952
561_cpu,28,MVP,w0.8_0.8_0.7,AIC_Train,MSE_Test_Interpolation,0.8703946726011725
561_cpu,28,MVP,w0.8_0.8_0.7,BIC_Train,MSE_Test_Interpolation,0.8647071572689201
561_cpu,28,MVP,w0.8_0.8_0.7,MDL_Train,MSE_Test_Interpolation,-0.8947859803557308
561_cpu,28,MVP,w0.8_0.8_0.7,PSM_Train,MSE_Test_Interpolation,0.00023817009155258317
561_cpu,28,MVP,w0.8_0.8_0.7,MSE_Train,MSE_Test_Extrapolation,0.48500004763401827
561_cpu,28,MVP,w0.8_0.8_0.7,AIC_Train,MSE_Test_Extrapolation,-0.12807389006555053
561_cpu,28,MVP,w0.8_0.8_0.7,BIC_Train,MSE_Test_Extrapolation,-0.12150990670889758
561_cpu,28,MVP,w0.8_0.8_0.7,MDL_Train,MSE_Test_Extrapolation,0.15590614193032093
561_cpu,28,MVP,w0.8_0.8_0.7,PSM_Train,MSE_Test_Extrapolation,0.4017548372345594
561_cpu,29,MVP,w0.8_0.8_0.7,MSE_Train,MSE_Test_Interpolation,0.7530709370377517
561_cpu,29,MVP,w0.8_0.8_0.7,AIC_Train,MSE_Test_Interpolation,0.6258601839346584
561_cpu,29,MVP,w0.8_0.8_0.7,BIC_Train,MSE_Test_Interpolation,0.6318412759663001
561_cpu,29,MVP,w0.8_0.8_0.7,MDL_Train,MSE_Test_Interpolation,-0.6929706090423823
561_cpu,29,MVP,w0.8_0.8_0.7,PSM_Train,MSE_Test_Interpolation,0.4892276030612902
561_cpu,29,MVP,w0.8_0.8_0.7,MSE_Train,MSE_Test_Extrapolation,-0.023763586082706286
561_cpu,29,MVP,w0.8_0.8_0.7,AIC_Train,MSE_Test_Extrapolation,-0.17261560228953632
561_cpu,29,MVP,w0.8_0.8_0.7,BIC_Train,MSE_Test_Extrapolation,-0.08910540870795552
561_cpu,29,MVP,w0.8_0.8_0.7,MDL_Train,MSE_Test_Extrapolation,0.03813750080391022
561_cpu,29,MVP,w0.8_0.8_0.7,PSM_Train,MSE_Test_Extrapolation,-0.008778699594829251
561_cpu,30,MVP,w0.8_0.8_0.7,MSE_Train,MSE_Test_Interpolation,0.6745660454533835
561_cpu,30,MVP,w0.8_0.8_0.7,AIC_Train,MSE_Test_Interpolation,0.7345814837212801
561_cpu,30,MVP,w0.8_0.8_0.7,BIC_Train,MSE_Test_Interpolation,0.7343988810118208
561_cpu,30,MVP,w0.8_0.8_0.7,MDL_Train,MSE_Test_Interpolation,-0.04275094633861304
561_cpu,30,MVP,w0.8_0.8_0.7,PSM_Train,MSE_Test_Interpolation,0.6506597423845679
561_cpu,30,MVP,w0.8_0.8_0.7,MSE_Train,MSE_Test_Extrapolation,0.7619157180473233
561_cpu,30,MVP,w0.8_0.8_0.7,AIC_Train,MSE_Test_Extrapolation,0.7699844970312506
561_cpu,30,MVP,w0.8_0.8_0.7,BIC_Train,MSE_Test_Extrapolation,0.770736820194223
561_cpu,30,MVP,w0.8_0.8_0.7,MDL_Train,MSE_Test_Extrapolation,-0.1574692725293283
561_cpu,30,MVP,w0.8_0.8_0.7,PSM_Train,MSE_Test_Extrapolation,0.775742369959718
