Run,Equation_Index,Hybrid_MSE_Train,Hybrid_AIC_Train,Hybrid_BIC_Train,Hybrid_MDL_Train,Hybrid_PSM_Train,Extrapolation_Divergence,Sensitivity_Interpolation,Sensitivity_Extrapolation,Lambda1,Lambda2,Lambda3,Complexity,MSE_Test_Interpolation,MSE_Test_Extrapolation
1,0,0.871215746469741,0.8312552169956254,0.8249598445385407,0.47404566020169053,0.0,0.0,0.0,0.0,0.5,0.5,0.8,1,10286.624177713587,158278.9699778364
1,1,1.9032507679884143,2.159484364734946,2.1497767075077396,1.8088728185967142,1.573370614462553,0.12828101628117744,1.0,1.0,0.5,0.5,0.8,2,11427.059340302818,161249.52647437155
1,2,2.194340379779824,2.5555650079933683,2.544373347623069,2.215397803651751,1.8454331685151555,1.0,1.0,1.0,0.5,0.5,0.8,5,11151.08105462072,33309737.99954164
1,3,1.3484618652000777,1.8507319924350052,1.8399615163400023,1.5326867410050486,1.6061730255502578,0.10365018004061122,0.6863261885648526,1.0,0.5,0.5,0.8,6,2149.4440052956274,43591.50640074312
1,4,1.4090845300949297,1.9102784270917363,1.8978868629643604,1.6124378542793025,1.5747139444418667,0.1070866752768013,1.0,1.0,0.5,0.5,0.8,8,1602.463686924459,26487.14000757375
1,5,1.4022344271007001,1.896574956792382,1.8836723868599912,1.599998444756052,1.4107021908078157,0.10707660986201786,1.0,1.0,0.5,0.5,0.8,9,1113.605029891313,23934.41692252201
1,6,1.3788502303313248,1.8295478741295426,1.8161734709820443,1.5532563245982822,1.65927379062853,0.10943276106252935,1.0,1.0,0.5,0.5,0.8,10,261.05886586369587,18140.84416516063
1,7,1.3755649148549667,1.811842197397669,1.7936562234924627,1.529542372192338,1.3881613484117068,0.10974481742246475,1.0,1.0,0.5,0.5,0.8,12,804.2788151999499,40989.641696839855
1,8,1.374907236666381,1.8091830017831272,1.7909028562568579,1.5317786264128772,1.360265596223033,0.10947419541243153,1.0,1.0,0.5,0.5,0.8,14,812.007567273187,41224.99079373278
1,9,1.3688244304741732,1.789874908115344,1.7771743118455454,1.5327900296991293,1.3987183947039763,0.1050737626208641,1.0,1.0,0.5,0.5,0.8,16,575.9555698534022,12461.227427205577
1,10,1.3648329239732222,1.76358889802014,1.7519803297516403,1.5258498622701873,1.3827878226033887,0.1050673062957587,1.0,1.0,0.5,0.5,0.8,20,531.5980440429088,8434.067362305748
1,11,1.3602205920941017,1.7224913267606838,1.709364868807199,1.497449362447239,1.441722048253481,0.10424601444792518,1.0,1.0,0.5,0.5,0.8,22,584.2715181412958,6892.8928143255125
1,12,1.3590260756076933,1.7034890640619005,1.6896445998059435,1.48694333348186,1.3940739268635394,0.10473554962982694,1.0,1.0,0.5,0.5,0.8,24,550.1115604664066,6306.17332446121
1,13,1.3579090047635554,1.6791597205902347,1.666463184620516,1.4771054720940897,1.40992287091239,0.10564753131378912,1.0,1.0,0.5,0.5,0.8,26,469.64364409541344,6574.683707900798
1,14,1.3578215047206341,1.6745552977023366,1.6616810979305727,1.491595652733291,1.3738418649389126,0.10596340510985743,1.0,1.0,0.5,0.5,0.8,27,265.54922018841006,7442.874214494483
1,15,1.3560072864669488,1.658870327818172,1.6475235474773053,1.489986410640906,1.386815510357433,0.10381702570795251,1.0,1.0,0.5,0.5,0.8,29,460.5429291724453,5187.1709011385055
1,16,1.356354226473095,1.6577694840885597,1.646366020061555,1.496003441763444,1.356034180287061,0.10465479073573361,1.0,1.0,0.5,0.5,0.8,31,441.6534957443611,6164.610997686485
1,17,1.3562590561609715,1.6545993747139913,1.6451469453457233,1.50463645360937,1.3717993391072456,0.10482932786897377,1.0,1.0,0.5,0.5,0.8,32,375.108214039359,8242.151996789195
1,18,1.3560521104176155,1.649874981720083,1.6381763386445367,1.499263997469083,1.3676278836503037,0.10469187273691882,1.0,1.0,0.5,0.5,0.8,33,429.9647283058075,6022.958989457219
1,19,1.3559576679278909,1.648272529526915,1.6406568349622708,1.5222663138787063,1.3584643467396424,0.10481920247008525,1.0,1.0,0.5,0.5,0.8,36,381.1814466261596,7974.155222302194
1,20,1.356576032446802,1.6382476090545854,1.6219370769524284,1.4877580561689745,1.3653532332110014,0.10645804804699202,1.0,1.0,0.5,0.5,0.8,38,475.14779107922175,6020.193991531305
1,21,1.3564827391961942,1.6296691495485556,1.6130309102669809,1.4769084003711326,1.392213419415512,0.1068698092747363,1.0,1.0,0.5,0.5,0.8,39,465.34484020068857,9440.263989288327
1,22,1.3559069128858947,1.6112156776885649,1.5938902918764937,1.466878454296406,1.3935901391662155,0.10680117876151132,1.0,1.0,0.5,0.5,0.8,41,405.9479462656321,7461.943895662888
1,23,1.3557427576250785,1.6049922140514101,1.5874347111751528,1.4712173111280402,1.3670193388447673,0.10679690377608138,1.0,1.0,0.5,0.5,0.8,43,375.4818255992956,7183.344706892895
1,24,1.3556086956981424,1.5996218506846218,1.5818640836621993,1.4730086355254435,1.365151556410277,0.10679261074753577,1.0,1.0,0.5,0.5,0.8,45,346.75881560812775,6916.645330855716
1,25,1.3558704680031397,1.5986017542931328,1.582866400398919,1.4996431775191852,1.3654259985948558,0.1074422985798903,1.0,1.0,0.5,0.5,0.8,46,377.5203890609821,8230.190318264858
1,26,1.3558055862476777,1.5945416261715541,1.5786537328339776,1.5065561610184246,1.3627045045343869,0.10749910765940171,1.0,1.0,0.5,0.5,0.8,48,369.33173413673904,8013.847901537985
1,27,1.3557123239846545,1.590839558887651,1.5748140095115113,1.5067386777840142,1.3618167140690682,0.10747446365722571,1.0,1.0,0.5,0.5,0.8,50,372.97486824512026,8251.646590563685
1,28,1.355647515466297,1.5878526091972456,1.5717156372675678,1.5146173678638533,1.3602758882580939,0.107471559694674,1.0,1.0,0.5,0.5,0.8,52,344.18736390039885,7976.457144598159
1,29,1.3556365228283789,1.5876720681044278,1.571528722255891,1.517976931107484,1.3544870743385413,0.10745680885351164,1.0,1.0,0.5,0.5,0.8,53,348.9512392484472,8041.0892180529745
1,30,1.3555736015287931,1.5848450868356545,1.5685964723698043,1.5189486680392195,1.3660810289505163,0.10744703456612943,1.0,1.0,0.5,0.5,0.8,54,348.1895504843878,8219.758979304483
1,31,1.3555173338758335,1.5821056857784765,1.5657549214896078,1.523527809090667,1.3597202238601,0.10744407531391069,1.0,1.0,0.5,0.5,0.8,56,320.53660638812585,7950.396880738066
1,32,1.355413026789475,1.5756259796793897,1.5590327124768195,1.5049820751790126,1.3679747060846217,0.10748371392481379,1.0,1.0,0.5,0.5,0.8,58,310.2269707501366,14147.796466003902
1,33,1.3551217425267295,1.5730497380343458,1.556369654684362,1.5294296921621786,1.3560411904079088,0.10698616694398651,1.0,1.0,0.5,0.5,0.8,62,255.6430913755837,7338.707077775545
1,34,1.3583098429962344,1.5759578487633035,1.5758408296241684,1.6209859445318686,1.3601197677270327,0.11374246534254959,1.0,1.0,0.5,0.5,0.8,77,1021.5917873519608,9749.206007293868
1,35,1.358193057601917,1.5657562627741675,1.565257151841989,1.623739279639052,1.4019729582568274,0.11382452909703619,1.0,1.0,0.5,0.5,0.8,78,821.5340561066191,8745.243536839513
1,36,1.3581151641023617,1.5599708833356354,1.559255772802779,1.6144861345844839,1.3824622106479658,0.1138337131550982,1.0,1.0,0.5,0.5,0.8,79,820.0922622263712,8509.148891515299
1,37,1.3580925419501273,1.5593301404010524,1.5585916396505164,1.6217941382800207,1.3596534747305267,0.11380566320679537,1.0,1.0,0.5,0.5,0.8,80,837.1423913126135,8478.132442885637
1,38,1.3581496581647907,1.5557330352709244,1.5569283306113149,1.6294307468450553,1.3785860157845282,0.114050974278545,1.0,1.0,0.5,0.5,0.8,81,758.263251582437,8472.410755215125
1,39,1.3581068735961854,1.5519719386129114,1.5530267384466938,1.6260502431959851,1.3652908560158257,0.1140615484646977,1.0,1.0,0.5,0.5,0.8,83,764.2396632278175,8278.261862189907
1,40,1.3580134236596209,1.5487046564428937,1.5517115299002946,1.6258842632413602,1.366961263511805,0.11398592192602383,1.0,1.0,0.5,0.5,0.8,85,772.9378900243977,8465.54816663752
1,41,1.3579910944813551,1.5483527744096623,1.5513472143227123,1.6499327226869709,1.3577051912588187,0.11394922038362951,1.0,1.0,0.5,0.5,0.8,87,795.4212364902066,8428.077984822608
1,42,1.3580013424278925,1.5469098095553164,1.5498493742706982,1.6527031862435626,1.3602224594108452,0.11400447417461068,1.0,1.0,0.5,0.5,0.8,89,719.465542531803,8467.779876659371
1,43,1.3585527341588572,1.5431678474916526,1.5480173738951326,1.7179737951499288,1.3596937365789687,0.1152369201091703,1.0,1.0,0.5,0.5,0.8,101,799.2798168614581,26407.47935432817
1,44,1.3585524459406342,1.5444691216953021,1.5514398266978364,1.7564173244147898,1.3576467225055886,0.11523692010917037,1.0,1.0,0.5,0.5,0.8,105,804.2589964566322,26443.11102438246
1,45,1.3584681986743448,1.5451360410840016,1.556279111090647,1.7630585260532545,1.3617709282236006,0.11511065834354184,1.0,1.0,0.5,0.5,0.8,107,809.6929880879884,25614.4243343959
1,46,1.3584333561169077,1.5402932773419853,1.5491830322435616,1.7725464860384612,1.361410335046012,0.11511608947672117,1.0,1.0,0.5,0.5,0.8,111,831.9769690831102,25896.778002402647
1,47,1.3584292698288136,1.5412918434754528,1.5522914182463783,1.7895206387444822,1.3582760972632701,0.11511478861957063,1.0,1.0,0.5,0.5,0.8,113,816.8365575446666,25560.267805180123
1,48,1.3574033313325247,1.5379833077065903,1.5468247910374708,1.799736067949647,1.3570129778458022,0.11308306306949163,1.0,1.0,0.5,0.5,0.8,122,755.6613302643258,17347.636948770563
1,49,1.3573766924630624,1.536351903014113,1.5451328922943866,1.806410746784709,1.3601051215848579,0.11306329229286649,1.0,1.0,0.5,0.5,0.8,124,759.4304375471365,17786.11069787879
1,50,1.356666359328659,1.534010064322625,1.5427295546216393,1.8242322763690901,1.3594244528724548,0.11167571715111643,1.0,1.0,0.5,0.5,0.8,126,681.0302917994343,18538.745607075933
1,51,1.3565678861729826,1.5259051415886833,1.5363951815333123,1.8503070177265901,1.3970931767702894,0.11165886711356272,1.0,1.0,0.5,0.5,0.8,127,689.2223023278217,21560.368116979487
1,52,1.3565624442930542,1.5216149750348629,1.5340158488739228,1.855769152060826,1.3682761837491737,0.1117483214893128,1.0,1.0,0.5,0.5,0.8,129,714.7311400620987,21614.26331264874
1,53,1.3565114596656778,1.5168202614053432,1.5248983647079541,1.832651814678225,1.3604538930845615,0.11168223657807841,1.0,1.0,0.5,0.5,0.8,131,697.520806808772,21104.763856838286
1,54,1.356507873325278,1.5168653914011674,1.529089626332101,1.8409644909670198,1.361613768232985,0.11171878483139072,1.0,1.0,0.5,0.5,0.8,133,690.606319061827,21720.660209336595
1,55,1.3565199298162836,1.5134333728649039,1.5234559064007485,1.861798012573504,1.3652373353411487,0.11177756702886954,1.0,1.0,0.5,0.5,0.8,134,698.7462052450098,22292.727297837435
1,56,1.3562551628145643,1.508293116469666,1.5284933870631296,1.981047708357923,1.3587007498138244,0.11142400424892743,1.0,1.0,0.5,0.5,0.8,151,636.1082280310703,19020.237885662027
1,57,1.3561818108512975,1.4976330634797186,1.515363395067189,1.9536406774527182,1.3965429230188326,0.11140461267160824,1.0,1.0,0.5,0.5,0.8,152,649.8108362235711,19116.127675067342
1,58,1.3561788411456908,1.4988553494566719,1.5187039505347535,1.9939763430791186,1.35584838633027,0.11139999416794419,1.0,1.0,0.5,0.5,0.8,155,654.9193266735008,19718.07460839653
1,59,1.3561838643078288,1.497587118149743,1.5173879096033045,1.9842641291862273,1.3613317765418007,0.1114266265427287,1.0,1.0,0.5,0.5,0.8,156,660.5139928052162,19010.06196992295
1,60,1.3562230703982063,1.4948090487970755,1.5145040719628544,1.9946240008459417,1.3681830875243586,0.1115409243578758,1.0,1.0,0.5,0.5,0.8,157,690.5714690058016,19371.84903533944
1,61,1.3562659777473538,1.4975475953496247,1.523560624040887,2.0904966166407104,1.3561548587019314,0.11164279297038919,1.0,1.0,0.5,0.5,0.8,174,660.1484965818973,19524.96141752148
1,62,1.3562929888196842,1.4974283921680067,1.5234359321417061,2.0990325825809935,1.3564945105550066,0.11169862647689051,1.0,1.0,0.5,0.5,0.8,175,681.0237050878505,19302.12113134041
2,0,0.4813338179857977,0.7681299901840379,0.7594796628731127,0.4169201092736187,0.0,0.0,0.0,0.0,0.5,0.5,0.8,1,22969.17131771125,128048.94307720996
2,1,0.4796841795824958,0.7677860082217846,0.7591228554725568,0.4182656292067485,0.0007482182416398234,0.0,0.0,0.0,0.5,0.5,0.8,3,22982.411558226275,120405.70483524496
2,2,1.5988339425188658,1.9725397293554354,1.9637749614797704,1.6336149300685494,1.2961800641720544,0.11564323775222218,0.6993123408696587,1.0,0.5,0.5,0.8,4,10078.72090323426,78912.1343973389
2,3,1.6476834480063758,2.090849735043281,2.08280809066655,1.7659490074960207,1.4990634592553052,0.12391987365290824,1.0,1.0,0.5,0.5,0.8,5,8805.809126726605,57724.79927382822
2,4,1.3845163716725097,1.8475198588196209,1.8327016280451867,1.552834674055285,2.3558323579259444,0.11166471585188839,1.0,1.0,0.5,0.5,0.8,6,764.0981457059149,20486.942948758235
2,5,1.3843000882716763,1.8453664311103917,1.8283953862464464,1.5429302213399445,1.3590799734538028,0.11166063244925792,1.0,1.0,0.5,0.5,0.8,7,756.8293375660895,20425.887198448843
2,6,1.3808860316609657,1.8319386569499259,1.81446814517601,1.5316332618556878,1.4104452589793302,0.11158026416897937,1.0,1.0,0.5,0.5,0.8,8,630.7485773659342,19263.55375076328
2,7,1.378625851482943,1.8238589177749824,1.8081594095234352,1.5428924622478881,1.3967240614572607,0.11158728993956471,1.0,1.0,0.5,0.5,0.8,9,500.83386864079455,12105.163830870382
2,8,1.3764298478620742,1.8143312714417947,1.7982609773648914,1.5282560364631252,1.408659321993293,0.11240939111645491,1.0,1.0,0.5,0.5,0.8,10,270.7205936652667,9942.354626126946
2,9,1.3727662987777216,1.793859564910095,1.7790982238994606,1.515710879822778,1.3993743933308802,0.11240939111645491,1.0,1.0,0.5,0.5,0.8,12,149.1908695765097,9477.278531549826
2,10,1.3724577153830129,1.7919947454169654,1.7771636492164595,1.521592724836581,1.360296160103929,0.11241397364882752,1.0,1.0,0.5,0.5,0.8,14,145.39726070352154,9320.097054185908
2,11,1.3713762369488964,1.7895950498254964,1.7747051285133417,1.5283342551670014,1.3588935022878028,0.11077490661744585,1.0,1.0,0.5,0.5,0.8,16,176.3296054569292,9492.71558780755
2,12,1.3719837212811,1.7891748943298709,1.7763025584861385,1.5405650679605296,1.3686131599401956,0.11287958674532732,1.0,1.0,0.5,0.5,0.8,17,85.35215990816467,9410.124618498305
2,13,1.3706715155591742,1.7820545196712527,1.7689251395914813,1.5373149010588048,1.3717735851405766,0.11242031352954715,1.0,1.0,0.5,0.5,0.8,19,68.75962024454924,9419.357191348305
2,14,1.3685789923387532,1.7737330093325097,1.7582677774135602,1.5307318581424927,1.380353721903473,0.10989157109693175,1.0,1.0,0.5,0.5,0.8,20,264.76804346275105,10711.576822910822
2,15,1.3721857276827212,1.765238434958646,1.7492559303440514,1.5272574013398488,1.4198699965428254,0.1206291832020642,1.0,1.0,0.5,0.5,0.8,21,256.071959041618,2578811.553385981
2,16,1.3655786815722188,1.7065153705032754,1.6904609623868696,1.4815523057580426,1.487835522289973,0.11815469096940816,1.0,1.0,0.5,0.5,0.8,23,195.4020730431737,2496517.703707229
2,17,1.3653719122215602,1.7024776547345988,1.6862702289554525,1.4866755912513545,1.3681727346014756,0.11828249201186165,1.0,1.0,0.5,0.5,0.8,25,200.0383086831805,2489470.538080929
2,18,1.3643839408606016,1.685857716247819,1.6731699259106407,1.5048630277836286,1.3876068442492406,0.11857251200047406,1.0,1.0,0.5,0.5,0.8,28,158.76668335359963,2489931.9475663924
2,19,1.3641637162822982,1.6813169172087266,1.6684591762095229,1.5078166831255968,1.369280024219933,0.1186032764079858,1.0,1.0,0.5,0.5,0.8,30,145.01643448782517,2491481.163699562
2,20,1.367566018493723,1.6807727025787593,1.6656897203640868,1.5089251518186266,1.3650021761404356,0.12570139101277936,1.0,1.0,0.5,0.5,0.8,36,84.73656511793459,4030471.1398884966
2,21,1.3673439195736643,1.6801731791365304,1.6671457688945548,1.5167536443587446,1.3697440495794124,0.1254135803768914,1.0,1.0,0.5,0.5,0.8,37,80.55414186588344,3928505.354504824
2,22,1.3670933516667074,1.6746523679095051,1.6614186242042681,1.5153652720278212,1.3869558647576945,0.12543220130830718,1.0,1.0,0.5,0.5,0.8,38,79.12742994596788,3924633.9277733406
2,23,1.3664391249622687,1.6596531854534684,1.6458605579727705,1.509015041575542,1.3955182578095617,0.12539445467424087,1.0,1.0,0.5,0.5,0.8,40,71.0827181837418,3928437.848496521
2,24,1.3651895246309356,1.6317735320469882,1.6190232387034236,1.4852744280666692,1.4891432749891291,0.12486766561197712,1.0,1.0,0.5,0.5,0.8,41,81.34344864429465,3754460.865751624
2,25,1.3652244159761786,1.6309944626770534,1.6182129075892522,1.4918624635342976,1.3643293362786586,0.12498649969797812,1.0,1.0,0.5,0.5,0.8,43,90.6533062751404,3750516.699728715
2,26,1.364955393015906,1.6288058908693035,1.6159505779997474,1.5007968663558178,1.3709387247431757,0.1245624752134528,1.0,1.0,0.5,0.5,0.8,44,95.23201255397656,2317586.0229312214
2,27,1.364599477277208,1.6074315258925007,1.595842778240039,1.4905744371638712,1.412956659944406,0.12502512229717183,1.0,1.0,0.5,0.5,0.8,46,80.37899073401375,2312804.382344449
2,28,1.3644781653243627,1.6029358731098673,1.5911802133499053,1.4939260440088924,1.3724119741578282,0.12498318069945431,1.0,1.0,0.5,0.5,0.8,48,78.02617973288083,2317884.365142873
2,29,1.3644668404029583,1.5954475548693152,1.5854786498634956,1.4925754923564667,1.4013527568849837,0.1253265416210675,1.0,1.0,0.5,0.5,0.8,49,103.6702284870032,2312257.5549238967
2,30,1.364234982283313,1.5837683162478289,1.573364152150026,1.497076389845907,1.3797573485625771,0.1253008323744536,1.0,1.0,0.5,0.5,0.8,52,103.55220298479271,2321919.217882198
2,31,1.364176023429811,1.5826882884237004,1.572245407098327,1.518607961841795,1.3635200604651618,0.12521933188529633,1.0,1.0,0.5,0.5,0.8,57,95.28259536217696,2322253.619401275
2,32,1.3641109739325914,1.5809507492614903,1.5745876210189018,1.5242215348868653,1.3829141769701074,0.12524702042426575,1.0,1.0,0.5,0.5,0.8,58,47.24857459268158,2342288.878755333
2,33,1.3636066394856625,1.559380863107968,1.5542919975544698,1.5143272112337471,1.4116225320495868,0.12490715921335771,1.0,1.0,0.5,0.5,0.8,60,31.95035657383368,2367973.6034291377
2,34,1.3635831364122688,1.5559727437173407,1.5507559606012757,1.5221452083940645,1.3699839680714276,0.12494965827673354,1.0,1.0,0.5,0.5,0.8,62,34.44638387944184,2363333.936107036
2,35,1.3633429425320422,1.5551399879632763,1.5499007981090938,1.525356182025746,1.3648669070160442,0.12448460006975233,1.0,1.0,0.5,0.5,0.8,63,37.01900260841847,2359310.899985998
2,36,1.3635686501057318,1.555067764723229,1.5518892865675362,1.5321029569008404,1.3697401517114158,0.12497788934256844,1.0,1.0,0.5,0.5,0.8,64,45.06409965642364,2351892.3256924027
2,37,1.3632767484737491,1.5450073601577226,1.5393880390813746,1.524204796908446,1.3996868251997912,0.12459926305741147,1.0,1.0,0.5,0.5,0.8,65,41.78899512237284,2356152.555457276
2,38,1.3633405630009927,1.5350557470688684,1.531130684671276,1.5331921330349596,1.387599462708231,0.12497622825389756,1.0,1.0,0.5,0.5,0.8,67,44.90441223639053,2344087.961351537
2,39,1.3633385343371416,1.5361847872518513,1.534374451522044,1.556441513318632,1.3629215538657382,0.12497622825389758,1.0,1.0,0.5,0.5,0.8,69,45.362787585662566,2343819.83393612
2,40,1.363428720732791,1.5341062884185979,1.5301421173113092,1.557061497748303,1.3638279882483126,0.12517393205159488,1.0,1.0,0.5,0.5,0.8,72,53.87960697244855,2351720.4801451745
2,41,1.3633039194638812,1.532513324188912,1.5284938177281928,1.5510430762303757,1.3657256727147176,0.12495422016451423,1.0,1.0,0.5,0.5,0.8,74,40.45036565739774,2344856.58519215
2,42,1.3633535905002723,1.5330742154990324,1.531146072831814,1.5658511333142329,1.3661447006586998,0.1250699811155925,1.0,1.0,0.5,0.5,0.8,75,51.46929319122008,2340802.1552802688
2,43,1.363406669884557,1.5289940500316175,1.5248381339557084,1.5715182335938804,1.3750295870104947,0.1252315670692603,1.0,1.0,0.5,0.5,0.8,76,44.50483600830288,2346319.7812623745
2,44,1.363403376008252,1.5299784816883115,1.5279318461873386,1.5827973536631854,1.3633653979861484,0.1252315670692603,1.0,1.0,0.5,0.5,0.8,78,44.68764184891281,2346132.03055254
2,45,1.3637117319016445,1.530533745763474,1.5367848408697344,1.6319606285988475,1.3646938870587446,0.1259439964530962,1.0,1.0,0.5,0.5,0.8,91,43.74625250816721,2343773.6123031066
2,46,1.3607101916130109,1.5060957596324787,1.492890814691351,1.6274203428691496,1.368547016718383,0.12010951658998317,1.0,1.0,0.5,0.5,0.8,96,679.5512807439305,12824839.538624687
2,47,1.360684510102824,1.5062152513432494,1.4950879248576217,1.638958565155961,1.3626356186971096,0.12007767295080571,1.0,1.0,0.5,0.5,0.8,98,701.9723487077001,12835648.199372243
2,48,1.3608407782749592,1.5040565080355917,1.4928421434612704,1.6370061256866635,1.3700277045870812,0.12042646448994972,1.0,1.0,0.5,0.5,0.8,99,693.6175142327736,12826078.9047046
2,49,1.3606468452163374,1.5027154819675197,1.4935301710741415,1.6471995247264541,1.3708702085031592,0.1200776729508057,1.0,1.0,0.5,0.5,0.8,100,709.5499100663984,12837632.930726023
2,50,1.3606073384402304,1.500943447997213,1.4896208010055032,1.6461221022364672,1.3617911102369915,0.12000501977292441,1.0,1.0,0.5,0.5,0.8,101,704.1745238559167,12835050.517324004
2,51,1.3606317468757048,1.4990028030406424,1.4896784856829903,1.6519138919453829,1.3745852712006732,0.12010455549831556,1.0,1.0,0.5,0.5,0.8,102,729.5112918486755,12841528.663889894
2,52,1.3606302582353602,1.4988043207496575,1.4894725796565456,1.6517331903040713,1.360920640156702,0.12010455549831553,1.0,1.0,0.5,0.5,0.8,103,730.6904175513288,12841816.179071764
2,53,1.3613503000339167,1.495471268091177,1.4859872047047988,1.6649194372309493,1.378687209685644,0.12160465973790442,1.0,1.0,0.5,0.5,0.8,104,711.2976450317823,11347259.02163041
2,54,1.3612900712165061,1.4932318189488036,1.4836658668911293,1.6709532622044432,1.3655643474818793,0.1215154606111187,1.0,1.0,0.5,0.5,0.8,106,727.6526772373264,11350506.79475388
2,55,1.3598114870339253,1.4871049808801104,1.4773644115602227,1.673345689849396,1.3695617785388259,0.11862269539564965,1.0,1.0,0.5,0.5,0.8,108,702.3081018047154,11408330.775804356
2,56,1.3607427492396904,1.4880261038799052,1.4782851681098101,1.6903827026762084,1.360287524268496,0.12048535671659766,1.0,1.0,0.5,0.5,0.8,109,811.6466017030335,11356125.415296309
2,57,1.3603241419814354,1.4802333724327976,1.4660710412557973,1.6710821385545755,1.3806634444809638,0.1197104803492991,1.0,1.0,0.5,0.5,0.8,110,747.9686174581553,11340532.73056074
2,58,1.360277097780842,1.4814029706998668,1.4693585591390612,1.7002547747900105,1.3599720480315316,0.11961782324638497,1.0,1.0,0.5,0.5,0.8,113,798.2977703175831,11352149.939573113
2,59,1.360306013263152,1.477551831516033,1.4653617636584402,1.7007730212262007,1.3769630697157915,0.11972464833785482,1.0,1.0,0.5,0.5,0.8,114,770.7235567378372,11344437.162985578
2,60,1.360001291382349,1.4629276522932226,1.4502003044456475,1.6700410334662186,1.391181602740264,0.1192802019862906,1.0,1.0,0.5,0.5,0.8,116,754.8745900882346,11345590.805909496
2,61,1.3597844073860537,1.4570930389589989,1.4462273352166373,1.6865999962071165,1.374749426820643,0.11891822788911029,1.0,1.0,0.5,0.5,0.8,118,794.218219753274,11303978.63509874
2,62,1.3597877268535907,1.4574563506440128,1.4486764800672902,1.6951207138227122,1.363751602054354,0.11893452769695315,1.0,1.0,0.5,0.5,0.8,119,802.4241045926552,11320129.082905456
2,63,1.361156913104558,1.4520838590613159,1.4430512727589335,1.7188968573621095,1.3905161438556775,0.12173721659555348,1.0,1.0,0.5,0.5,0.8,120,785.6124823249669,11354003.908095002
2,64,1.3611516338886007,1.4481900609515832,1.4390117459045975,1.723532283529897,1.3694475610634873,0.12176188334924498,1.0,1.0,0.5,0.5,0.8,122,777.8000487419598,11352563.26802216
2,65,1.3610294758444614,1.4455298370175105,1.4341840756605393,1.700473964697569,1.366056868645599,0.12152817203972696,1.0,1.0,0.5,0.5,0.8,123,766.9399087619007,11351859.127947532
2,66,1.361127700189383,1.4411217606201836,1.4296071609216519,1.7045720517686467,1.3807074143414344,0.12176321677987448,1.0,1.0,0.5,0.5,0.8,124,799.2399231466546,11356119.588894472
2,67,1.3611277001935873,1.4411217606243973,1.4296071609258658,1.7126297943363324,1.360881794744099,0.12176321678830218,1.0,1.0,0.5,0.5,0.8,125,799.2399235486749,11356119.588922467
2,68,1.3610680405229436,1.4384989393164727,1.426888324482296,1.7142868989592925,1.3721026372719742,0.12166507061607543,1.0,1.0,0.5,0.5,0.8,126,786.7715638987005,10865884.719879167
2,69,1.363847213997223,1.4425945531607014,1.43310563507149,1.743170230601886,1.363622013419128,0.12722353198109596,1.0,1.0,0.5,0.5,0.8,132,1093.1058139652716,11379664.625426266
2,70,1.3653916660380956,1.437830918888063,1.4322505262335996,1.7479832542594322,1.4045886291662435,0.13038227931740015,1.0,1.0,0.5,0.5,0.8,133,1081.6358859083066,11376465.346966214
2,71,1.3654470201147126,1.4377737225866862,1.4321890926476906,1.789407444246762,1.365302388708825,0.13049383247364904,1.0,1.0,0.5,0.5,0.8,142,1080.649209607972,11379873.150022443
2,72,1.3651505597329274,1.4307216774450628,1.4269565519205398,1.816890297422568,1.4005064304655472,0.129958639707555,1.0,1.0,0.5,0.5,0.8,143,1087.1432557484106,11380036.38884865
2,73,1.3651026282661565,1.4275439536339045,1.4236616541719374,1.8098412226417178,1.3718216438373863,0.12988390089061358,1.0,1.0,0.5,0.5,0.8,145,1077.550242202892,11378447.231490336
2,74,1.365344659773509,1.4277548186294293,1.4259437501542025,1.8357766505019333,1.3681729346188956,0.13037692248005756,1.0,1.0,0.5,0.5,0.8,147,1075.494996493066,11379079.997840794
2,75,1.3653405764592588,1.4268445566270875,1.4249995739639836,1.8307335172612034,1.3671762799026372,0.13037465828715375,1.0,1.0,0.5,0.5,0.8,149,1080.5623533576793,11382139.984422348
2,76,1.3653404049221154,1.429446132876227,1.4318433987520676,1.8721190968355501,1.3652452346204207,0.13037465828715375,1.0,1.0,0.5,0.5,0.8,153,1080.936387567261,11382210.721983723
2,77,1.3651059037274487,1.432645164413859,1.4413881442715804,1.9479304805036473,1.3651267700326173,0.12990920374016793,1.0,1.0,0.5,0.5,0.8,167,1059.6578342687856,11376591.650841376
2,78,1.3647337072206707,1.432781934318871,1.4436163985231008,1.9570829770448068,1.3663864411722013,0.12917007880026998,1.0,1.0,0.5,0.5,0.8,169,1053.1304601465504,11374292.483534208
2,79,1.364963781296596,1.432520081327267,1.4433361291888285,1.9814255653007231,1.3652476935730973,0.12963335638892567,1.0,1.0,0.5,0.5,0.8,174,1054.504899104184,11377150.31799974
2,80,1.3646906217290216,1.4343804784969632,1.449421206721099,1.9883598651547374,1.366835024640229,0.12909034605206726,1.0,1.0,0.5,0.5,0.8,175,1063.7561339375104,11376433.15298728
2,81,1.3646604828960953,1.4335399684148689,1.448550379355564,2.0067191440565377,1.3662979221419973,0.12903517939717324,1.0,1.0,0.5,0.5,0.8,177,1064.2668130455447,11376556.719772706
2,82,1.3647337201522833,1.428229850080735,1.4430388232864133,2.035786756063019,1.367986090515182,0.12921456671433224,1.0,1.0,0.5,0.5,0.8,184,1094.4727484969062,11377657.627132175
2,83,1.3645762067937401,1.4252667418544172,1.4378983230930902,2.0367849037767742,1.3677798923066882,0.12890847759740273,1.0,1.0,0.5,0.5,0.8,186,1054.8923031259512,11373889.794904169
2,84,1.3645686018817131,1.4239196546974813,1.4385735241319966,2.049539114821678,1.3702322097724347,0.12890847759740273,1.0,1.0,0.5,0.5,0.8,188,1059.9352721282926,11374845.01687715
2,85,1.3646709168970763,1.42458200641078,1.4413292570987026,2.07742902993236,1.3650401730507205,0.12911746750912595,1.0,1.0,0.5,0.5,0.8,195,1060.120186185593,11376069.73034076
2,86,1.3645655478928207,1.4257046789794856,1.446642768785863,2.0982590720425494,1.3675926732728294,0.1289147563734862,1.0,1.0,0.5,0.5,0.8,197,1061.5818351370729,11374733.84310725
3,0,0.655981339199184,0.8096563740906726,0.8025552586788254,0.4546992613641596,0.0,0.0,0.0,0.0,0.5,0.5,0.8,1,36207.57608657014,163847.4660444819
3,1,1.1674527049525945,1.3700284868742298,1.360519221035561,1.0188341330786619,0.6096455603487978,0.08353130833331296,0.09094446250040047,0.6026619072591327,0.5,0.5,0.8,2,31572.2820258114,146505.51596146805
3,2,0.42640080167603206,0.7573946096503467,0.7504163556161608,0.4085270285695306,0.14748350587624856,0.0,0.0,0.0,0.5,0.5,0.8,3,27485.799891121114,125339.9143317226
3,3,1.6617313031376117,2.0770463606043643,2.0668666568112544,1.7450510713309524,1.4863079335852671,0.09982439802236313,1.0,1.0,0.5,0.5,0.8,4,14222.487103164429,143811.66364551964
3,4,1.4953854225791265,1.9980991003168707,1.987334251446818,1.6683754475443004,1.4970511322234634,0.08441067357685808,1.0,1.0,0.5,0.5,0.8,6,4267.667472928242,40846.6913587874
3,5,1.452064061353846,1.966131372725407,1.9562064955665879,1.645469729091166,1.4177904968181954,0.0865550768930703,1.0,1.0,0.5,0.5,0.8,8,2993.989549994183,32551.939631327044
3,6,1.4498635783225828,1.9641059266400165,1.954104204846374,1.6499072793154088,1.3478281548623758,0.08662240871409149,1.0,1.0,0.5,0.5,0.8,10,2985.257581624023,32718.8902921485
3,7,1.4720724685961375,1.9853002930345387,1.973028217175559,1.6865444633658062,1.3876829396665984,0.13961220218439713,1.0,1.0,0.5,0.5,0.8,11,3296.552662167086,235065.16723915708
3,8,1.459489036438909,1.971057124350382,1.957986451652148,1.6673664592155073,1.4703435593933067,0.15393938612645935,1.0,1.0,0.5,0.5,0.8,12,175442.77029969022,331141.73196384136
3,9,1.377816451180959,1.8521521019474527,1.8379712831394068,1.560951775245519,1.533274696628944,0.08675638454894959,1.0,1.0,0.5,0.5,0.8,14,1263.6197241088378,19114.083841578667
3,10,1.3729939138745046,1.8299404575749272,1.8148230561712664,1.548491182924578,1.456262965798176,0.09254279639498333,1.0,1.0,0.5,0.5,0.8,15,977.5243352321156,17485.28645635026
3,11,1.3761486543875125,1.8314338022686745,1.8162316183414724,1.5797852101936327,1.3517075783374277,0.10007448720648704,1.0,1.0,0.5,0.5,0.8,21,1250.1586246876168,23009.771155598573
3,12,1.3722831296540339,1.8072191108328388,1.7910294323577607,1.5612316899460617,1.4679073693093856,0.10458527314440916,1.0,1.0,0.5,0.5,0.8,22,849.0389562717642,30040.480660135865
3,13,1.3710084933619355,1.800893024962346,1.7844691720366421,1.5672022233990726,1.3796199854215863,0.1044894961970142,1.0,1.0,0.5,0.5,0.8,23,562.7580261026204,27265.18597139953
3,14,1.368748304270384,1.7881873276499114,1.7712891403515787,1.5645344364228349,1.3800789001636673,0.10450619445586243,1.0,1.0,0.5,0.5,0.8,25,815.653742719482,29133.66654586151
3,15,1.3655254303062345,1.7663551597966327,1.7507049000366246,1.5412080774571135,1.403840170169084,0.1050501029664522,1.0,1.0,0.5,0.5,0.8,27,569.3938224995405,119014.7661059108
3,16,1.3649555431527922,1.761755581916613,1.74593270677039,1.5460202160494068,1.3626868870916309,0.10510654099433865,1.0,1.0,0.5,0.5,0.8,29,538.9343024316863,119027.45544247632
3,17,1.3639840786404644,1.754544209336851,1.7384562189548465,1.55686491997114,1.3835731017149135,0.1048957759747575,1.0,1.0,0.5,0.5,0.8,30,426.8766975356768,1380885.7662907876
3,18,1.3634803375202207,1.7500091949833303,1.7358177468447988,1.540028741273244,1.3791206238806748,0.10526799542234748,1.0,1.0,0.5,0.5,0.8,31,457.5962683745639,119133.19541266274
3,19,1.3626308144866115,1.742476707820505,1.7279992925073906,1.5367188321005933,1.393486689621085,0.10553314514691323,1.0,1.0,0.5,0.5,0.8,32,270.6372629639752,2488113.103665824
3,20,1.3615296824342094,1.735630767542897,1.7209167176470463,1.533805378261532,1.3790641935400112,0.10452711844691805,1.0,1.0,0.5,0.5,0.8,33,278.4618884893173,2472752.448494743
3,21,1.3610374443588862,1.7239158235254277,1.7087469407700393,1.5231526109789353,1.3999745617555979,0.10547992922105749,1.0,1.0,0.5,0.5,0.8,34,230.08546963816087,1505463.1194136646
3,22,1.360648116800157,1.719136763183515,1.7037892719719328,1.5287972723939005,1.3632322874280112,0.1054962702016132,1.0,1.0,0.5,0.5,0.8,36,220.2503803717337,1505933.4859701816
3,23,1.3573928044628691,1.6852497393055401,1.6707442977349547,1.5161526155300984,1.5021314832970134,0.10369044478277092,1.0,1.0,0.5,0.5,0.8,37,159.1786799640394,2488031.719449509
3,24,1.3562344003494964,1.6727505099745008,1.6577978365034007,1.508295099615357,1.4038510131074793,0.10267091524068157,1.0,1.0,0.5,0.5,0.8,38,163.97234298581762,2472806.1465107314
3,25,1.3558761905126553,1.6667438946684683,1.6515695504525543,1.50633668532249,1.3773069880543884,0.10254199408097926,1.0,1.0,0.5,0.5,0.8,39,177.37804034106412,2460987.748918953
3,26,1.3557892106878071,1.6632438637986058,1.6500060809875492,1.5118951475865114,1.3732148274899951,0.10283360461977135,1.0,1.0,0.5,0.5,0.8,40,140.02712067770253,2580040.7477631182
3,27,1.356939128561463,1.66473521389874,1.6535808642043632,1.5293379732455832,1.3549638243499103,0.10523074155504501,1.0,1.0,0.5,0.5,0.8,42,229.69575246550485,2456749.6258377223
3,28,1.3568013651903752,1.6612803182148415,1.6499964918633396,1.526225358795818,1.3678364039532904,0.1052631316072719,1.0,1.0,0.5,0.5,0.8,43,218.99297285110143,2477148.6185736274
3,29,1.3564115235135425,1.6535389499631366,1.6419688909884116,1.514847852912979,1.3859717279207975,0.10512348126287799,1.0,1.0,0.5,0.5,0.8,44,225.30037169061947,1484238.236163366
3,30,1.3559996731888209,1.6416986744470374,1.6296854591915542,1.522391910608369,1.378621028413321,0.10520393389648545,1.0,1.0,0.5,0.5,0.8,46,194.7745400383781,1535514.6635187604
3,31,1.355931581246208,1.638752958923535,1.6266284135255962,1.5270254488043293,1.3591718145833767,0.10527831342421996,1.0,1.0,0.5,0.5,0.8,48,202.35910474738083,1532908.5482144912
3,32,1.354710169281181,1.616116032412195,1.601095706735784,1.5077723246666137,1.4429468668351435,0.10413784844037337,1.0,1.0,0.5,0.5,0.8,49,302.2046271112104,12197.942989620156
3,33,1.3541245398267743,1.588578661062702,1.5745989935659224,1.4922116914979167,1.4156601763739634,0.10438603420095718,1.0,1.0,0.5,0.5,0.8,51,204.05269579520748,872948.6104131882
3,34,1.354122602270251,1.5871749281401017,1.5731418526250716,1.498345796803454,1.3553566185573016,0.10444214122899542,1.0,1.0,0.5,0.5,0.8,53,218.70681955498347,872334.524981459
3,35,1.3538531289952265,1.576640222392014,1.558073158933637,1.4881001522077535,1.36913825220749,0.10421434244437122,1.0,1.0,0.5,0.5,0.8,55,165.82744752669993,302416.7242713079
3,36,1.3546666597283306,1.5832861954805575,1.5773707144421716,1.5647457541231926,1.3543577926976964,0.10592618365997228,1.0,1.0,0.5,0.5,0.8,62,196.0619126054955,1557836.218331743
3,37,1.3539016237924266,1.5681687070431782,1.5617081879888421,1.554839290750072,1.4161458627456405,0.10490504557003857,1.0,1.0,0.5,0.5,0.8,63,249.70446847167185,1544905.1643624392
3,38,1.353849792695784,1.568243047793014,1.5638591057244675,1.5760058148338838,1.3578002125773612,0.10484106747222663,1.0,1.0,0.5,0.5,0.8,64,240.725240650528,1481234.7360645137
3,39,1.35370537623605,1.5596005072767496,1.5528227193770612,1.5623531989181196,1.3845960700059776,0.10477979357226821,1.0,1.0,0.5,0.5,0.8,65,216.9521778388017,927210.3503707084
3,40,1.3537120420178526,1.5542651369122344,1.5472851551356095,1.5692326283528004,1.364184888320381,0.10494837328686155,1.0,1.0,0.5,0.5,0.8,67,248.1828877082405,921776.9987883932
3,41,1.3536051407985716,1.5540610860502473,1.5470774311220685,1.569045178313496,1.3528416960357723,0.10473761966935198,1.0,1.0,0.5,0.5,0.8,68,194.1081466072752,762766.3591736967
3,42,1.3535935863874187,1.5492641854284774,1.5441714051214683,1.575256185462727,1.3795313836243943,0.10488379001692057,1.0,1.0,0.5,0.5,0.8,69,180.83662582359543,940016.2157769653
3,43,1.3535153385534306,1.5505059437573814,1.5475349847409983,1.606659179558482,1.3523703564380019,0.10472749220463196,1.0,1.0,0.5,0.5,0.8,74,201.2090595143553,927298.4644816974
3,44,1.3534413373137664,1.5465858475151424,1.5393254355800412,1.6076993565229132,1.3596521016945284,0.10462357233047641,1.0,1.0,0.5,0.5,0.8,75,202.4112127188808,798521.0158258675
3,45,1.353393251452236,1.5429046773531128,1.537579069137772,1.6232894658368877,1.362578739465258,0.10464671754736751,1.0,1.0,0.5,0.5,0.8,77,201.20590532421795,922857.2214822096
3,46,1.353340294368754,1.5388398718736136,1.5333627523029516,1.6321524011310415,1.361114899206215,0.10463875889592185,1.0,1.0,0.5,0.5,0.8,79,176.4391518315781,924047.6949394244
3,47,1.3532946243154451,1.5358244463864246,1.5302352859132773,1.62940957176085,1.36515373691322,0.10461649345532031,1.0,1.0,0.5,0.5,0.8,80,177.81082350780775,799125.1931515743
3,48,1.3532401514198322,1.5297579716479826,1.523941758799682,1.6201172710116971,1.3810272176807095,0.10465472110115695,1.0,1.0,0.5,0.5,0.8,81,201.73019761920185,620936.0330263993
3,49,1.3530321118977442,1.5144188888732257,1.5080326148200909,1.6226361511931222,1.3846918924295657,0.10453756250658383,1.0,1.0,0.5,0.5,0.8,83,155.20890593015997,623746.9829061436
3,50,1.353052953919731,1.5135485465893257,1.5092008427518508,1.6292188148083682,1.3572160500859747,0.10462072765998318,1.0,1.0,0.5,0.5,0.8,85,178.055396626409,621097.6642551501
3,51,1.353052768344776,1.5119309853262195,1.5075223976371892,1.6357386522328707,1.3559036405671796,0.1046500312216189,1.0,1.0,0.5,0.5,0.8,87,164.3851429264007,623485.2837486928
3,52,1.3530154101359106,1.5109691388558062,1.5065257361346993,1.6388497635001937,1.3563701176819989,0.10459199080286848,1.0,1.0,0.5,0.5,0.8,88,171.74773493836884,622246.301341593
3,53,1.3530005479732177,1.5104837649679745,1.5060226391806708,1.658344924368277,1.3543647814569073,0.10457071749673183,1.0,1.0,0.5,0.5,0.8,89,169.9068875601892,621888.7819159596
3,54,1.3529727708644463,1.5090149059291025,1.504499598800659,1.6450617232744662,1.3586410527284547,0.10454080548850331,1.0,1.0,0.5,0.5,0.8,90,167.7689681012654,622071.8800660388
3,55,1.3530484906250735,1.5107451138441594,1.5104363177339413,1.6932153800033678,1.3529863329327927,0.10470981784183082,1.0,1.0,0.5,0.5,0.8,97,166.43599018604857,622168.0786988644
3,56,1.3530580345070922,1.510133361885101,1.5098011755572034,1.696696276477654,1.355119903510857,0.10473974984457726,1.0,1.0,0.5,0.5,0.8,98,168.04477969793192,621869.4866311783
3,57,1.353053232394542,1.510017231641404,1.5096808491407425,1.72076232897579,1.3525283759411204,0.10473205789212617,1.0,1.0,0.5,0.5,0.8,101,167.2132152021737,621870.5817085203
3,58,1.3533444194494573,1.5035074482012747,1.4987708717202208,1.737461602889182,1.3553086482762202,0.10538484235987203,1.0,1.0,0.5,0.5,0.8,108,169.54242758935715,716054.8079652091
3,59,1.3533437845257195,1.5047576435949381,1.5021403369373165,1.7509655912940227,1.352861173724169,0.10538484235987203,1.0,1.0,0.5,0.5,0.8,110,169.6712048304581,716025.6923691066
3,60,1.3533429799417638,1.5001399546830083,1.4932046096778762,1.7299969209230082,1.361372435445627,0.10541550902415726,1.0,1.0,0.5,0.5,0.8,111,187.75206770365023,633110.8047825263
3,61,1.3532912428930661,1.5004130191464833,1.495562094705125,1.7427262604402554,1.3570904963355601,0.10532827690991584,1.0,1.0,0.5,0.5,0.8,112,187.9241999081028,703840.6756377707
3,62,1.3532887744034905,1.4992990120448901,1.4944062487152534,1.749783731934508,1.3551264910652947,0.1053411682785366,1.0,1.0,0.5,0.5,0.8,114,170.5263758962833,634907.1656497696
3,63,1.3532966026503588,1.4963386789502668,1.4913343550305258,1.7551728854891537,1.3592512884644123,0.10540340644500852,1.0,1.0,0.5,0.5,0.8,116,186.128468845798,633241.5665796184
3,64,1.353397316474363,1.4962479412342584,1.4912363855879982,1.7671897505306946,1.3532271681166468,0.10560779678930184,1.0,1.0,0.5,0.5,0.8,118,177.30691202770754,633318.0471651619
3,65,1.3534000042997572,1.4968556358306209,1.4939390663260423,1.7926871776083493,1.354405428454914,0.10562427193129913,1.0,1.0,0.5,0.5,0.8,120,176.88239808644445,714693.2425391516
3,66,1.3533403578951861,1.4952907891948213,1.4902454204463669,1.7784153977792279,1.3535625452827695,0.10550778287638748,1.0,1.0,0.5,0.5,0.8,121,178.73892539910702,633293.8344844253
3,67,1.3534061397462804,1.4957422285620672,1.492783553014272,1.7957541688231435,1.3569587967515908,0.10565359344383751,1.0,1.0,0.5,0.5,0.8,122,184.34593759864435,632862.4288398764
3,68,1.353287319458739,1.49428100839916,1.4912718781633325,1.7985022080409467,1.355685980135866,0.10543618319801418,1.0,1.0,0.5,0.5,0.8,124,179.35974783060604,633067.9258075659
3,69,1.3533535351018786,1.49324180888198,1.4901911399300376,1.8057068911728662,1.3576594195025886,0.10558499850804262,1.0,1.0,0.5,0.5,0.8,125,185.1700227441044,632693.933932494
3,70,1.3533528295022688,1.4924696178719206,1.4893899563159145,1.8090790629744864,1.3562010575237702,0.10559493535928344,1.0,1.0,0.5,0.5,0.8,126,181.3889128421744,632868.6093371469
3,71,1.3533476753451321,1.4916136326602747,1.488501992539467,1.8123769602828184,1.3565521745781766,0.10559704179829957,1.0,1.0,0.5,0.5,0.8,127,186.81112047610205,632409.584395465
3,72,1.3536734233073835,1.4931393410817848,1.4921450122224182,1.8227386750914223,1.3536872708281615,0.10625038750032471,1.0,1.0,0.5,0.5,0.8,128,204.31402215835303,622886.1448081447
3,73,1.3533065973651452,1.490222658828305,1.4891325153234822,1.8447284564059163,1.3565265098103605,0.10555325860496845,1.0,1.0,0.5,0.5,0.8,131,163.98119924296668,716392.7766044223
3,74,1.3534012561872335,1.4882638049417538,1.4850242868823231,1.852385455782511,1.3539437890184653,0.10575280266550854,1.0,1.0,0.5,0.5,0.8,134,181.44573098197225,715090.0280638726
3,75,1.353494365918614,1.4888325793422763,1.4876831628757126,1.880471539071871,1.3539144673041545,0.10595092263134617,1.0,1.0,0.5,0.5,0.8,138,196.5713860155368,633775.0817280113
3,76,1.3519095419501497,1.4879931593227242,1.4930884573372492,1.9640016131338598,1.3523070605922267,0.10282567327663358,1.0,1.0,0.5,0.5,0.8,154,148.61887776294887,1023309.0794189794
3,77,1.3519031738126526,1.4883558148229663,1.4955372107624763,1.9782768479143276,1.353509254413966,0.10282567327663358,1.0,1.0,0.5,0.5,0.8,156,149.48488402432085,1022890.0513551808
3,78,1.3518278210348207,1.4829139690115296,1.481604838348229,1.880518267308523,1.3515937076748639,0.10267574192385201,1.0,1.0,0.5,0.5,0.8,157,148.9601048988014,1022930.2091633189
3,79,1.35190125734032,1.4893928240334762,1.4986854870584863,1.9931100068519019,1.3524266586197715,0.10282567327663358,1.0,1.0,0.5,0.5,0.8,158,149.14167340322282,1023014.4595721049
3,80,1.3517961850437075,1.4785257569977057,1.4811975340932784,1.9466956024901176,1.3812416514445855,0.10270261510022435,1.0,1.0,0.5,0.5,0.8,159,145.69100432006607,854347.0532042043
3,81,1.351793957734504,1.4794904214384812,1.48427081405856,1.970131473878601,1.3521442260737127,0.10270261510022435,1.0,1.0,0.5,0.5,0.8,161,146.12341450024823,854186.053387686
3,82,1.3517662760748066,1.4806811616471172,1.4875795648907646,1.9865925296741238,1.3515642292215815,0.10264859628734443,1.0,1.0,0.5,0.5,0.8,163,146.05821563577754,854197.2505678666
3,83,1.3517721552788877,1.4804462152690951,1.4873355666223826,1.990527925172992,1.3523932058759673,0.10266332437402267,1.0,1.0,0.5,0.5,0.8,164,149.86667711245988,853710.3782770762
3,84,1.3529683818486353,1.4743748305166298,1.4706300290956347,1.9156724605713176,1.35292590718253,0.10506355486248983,1.0,1.0,0.5,0.5,0.8,171,142.01274768709152,855149.6091247319
3,85,1.352209094419035,1.4814524322323859,1.4945799929365284,2.0686758492910258,1.3640703609590876,0.10357851579076875,1.0,1.0,0.5,0.5,0.8,172,167.7778314472337,1019698.00117504
3,86,1.352091009478444,1.4761394581794702,1.4890720910700133,2.0893992798121426,1.3574220387534341,0.10340253878551102,1.0,1.0,0.5,0.5,0.8,176,161.39960510493148,852892.6309801255
3,87,1.3521215125225432,1.4739425754172069,1.4867916347017622,2.094771063824635,1.3550145775238764,0.10348839704873876,1.0,1.0,0.5,0.5,0.8,179,157.4718531942839,853708.9173509157
3,88,1.3522665418984645,1.4735097353826683,1.4925540795475516,2.2006649910113,1.353029634414255,0.1038276260057085,1.0,1.0,0.5,0.5,0.8,197,163.1531467109028,850171.3031632307
4,0,0.6613177079514263,0.799741089978058,0.792270077111153,0.44540925778114493,0.0,0.0,0.0,0.0,0.5,0.5,0.8,1,6684.8808261776,126497.49233665376
4,1,1.8920909598794202,2.1528508460921163,2.143059411078668,1.8024500616274948,1.4543243304516453,0.11950453956257043,1.0,1.0,0.5,0.5,0.8,2,12030.081635000812,161249.52647437155
4,2,1.8548253332652667,2.3525638228619323,2.3525638228619323,1.9835786900394945,1.377914790634975,0.10512764572386524,1.0,1.0,0.5,0.5,0.8,3,10121.545958754365,44705.184299540975
4,3,1.6280714858339385,2.06473028038498,2.054033722225804,1.728935894611583,1.611409652627879,0.10289890716781576,1.0,1.0,0.5,0.5,0.8,4,3150.3705696536404,45978.71982736994
4,4,1.3203577595023126,1.8145759000166133,1.806458111079359,1.5020586774966391,1.240460874306794,0.10328980214474974,0.5832761762724511,1.0,0.5,0.5,0.8,6,1763.7550304910071,48193.45475939316
4,5,1.3716238840239934,1.8381724638148722,1.8256114722629126,1.5542093269731134,1.7269476046160854,0.08307222158983509,1.0,1.0,0.5,0.5,0.8,8,738.7323961748367,25254.531953485504
4,6,1.3660262826530356,1.816736223178655,1.8033625273785905,1.5424856400802138,1.3895978456990066,0.08377122093979734,1.0,1.0,0.5,0.5,0.8,10,830.5573281182235,26582.88535265288
4,7,1.3626231186234499,1.7965011680138634,1.7823227176390188,1.5306033656531837,1.437776617333376,0.08644322137864405,1.0,1.0,0.5,0.5,0.8,11,485.4034230892795,16315.096987512845
4,8,1.361290465518,1.7866826022692752,1.7679915182585355,1.5083497552252263,1.37470975644148,0.08650233826226741,1.0,1.0,0.5,0.5,0.8,12,587.1617091775979,17118.7297159334
4,9,1.3509086257128888,1.7283387487128374,1.7116979516644226,1.4771640060124778,1.601595447169542,0.0821194759684431,1.0,1.0,0.5,0.5,0.8,13,397.0661475138871,41393.214585064445
4,10,1.3547227689884536,1.7179387303752613,1.7007150674203861,1.4765975313785713,1.379410717429585,0.09257189373947829,1.0,1.0,0.5,0.5,0.8,15,510.3894191462345,888674.894831191
4,11,1.359588057016394,1.726475203692068,1.7135335522435398,1.5176033977102306,1.35119879065549,0.10230942097737797,1.0,1.0,0.5,0.5,0.8,19,553.074503579956,7699.143392369876
4,12,1.3585070355664004,1.7116217248163468,1.698125116130476,1.4941314378464847,1.4109251605970978,0.10235050291963936,1.0,1.0,0.5,0.5,0.8,20,447.1596294102456,8678.518845615014
4,13,1.3573448689183056,1.6935629096199238,1.6773201099628479,1.4823755455843342,1.4244746950354181,0.10234741398348586,1.0,1.0,0.5,0.5,0.8,21,477.254936785869,16267.955093265278
4,14,1.3551621331896295,1.650319232244214,1.6324611760463248,1.452419426107979,1.446037270150456,0.10245358909014154,1.0,1.0,0.5,0.5,0.8,23,143.6605444639202,13510.576424723651
4,15,1.3550552861053111,1.6474507224270498,1.6294852915401585,1.4624663445617174,1.3575414190870951,0.10247385210524881,1.0,1.0,0.5,0.5,0.8,25,154.52033408459687,13594.721281707569
4,16,1.355045501643351,1.6472868733807615,1.6293154699672148,1.4623186769201768,1.3519363446258916,0.10246712823180759,1.0,1.0,0.5,0.5,0.8,26,147.2922423973356,13529.679512806786
4,17,1.3551215022098604,1.6467971565806514,1.6288037839233016,1.4712613078603587,1.3539138241643323,0.10266611234777645,1.0,1.0,0.5,0.5,0.8,27,148.59385198417948,13558.844356964628
4,18,1.3550688590883326,1.6420119204644474,1.6259054712449355,1.47370799364378,1.37926077430819,0.10304859535668034,1.0,1.0,0.5,0.5,0.8,28,182.45060211978569,6934.338382969487
4,19,1.354705690808755,1.6308515140477233,1.6143274905821903,1.4671133820014968,1.4006348999970213,0.1031128583400244,1.0,1.0,0.5,0.5,0.8,29,191.93492555291672,6958.266903133316
4,20,1.3545468172229085,1.6280357192180133,1.6114092241969713,1.4548910752664876,1.363334108664453,0.10297299012602017,1.0,1.0,0.5,0.5,0.8,30,268.3563434638502,7920.383865312409
4,21,1.354360958978147,1.6211026467026355,1.6042162856544204,1.4520347617404157,1.382028431396623,0.10303770950062907,1.0,1.0,0.5,0.5,0.8,31,283.585064280688,7964.144726527707
4,22,1.3541476020069219,1.6135167386472165,1.5963471116625445,1.4485888332390173,1.3847888994540813,0.10305327221685874,1.0,1.0,0.5,0.5,0.8,32,184.4135789395412,11724.76450577426
4,23,1.353868841392793,1.6029711767858739,1.585408055443383,1.4425001385188412,1.3979687583468148,0.10305943880178522,1.0,1.0,0.5,0.5,0.8,33,212.257287976596,7713.828230758411
4,24,1.3536369583223404,1.5927195122314415,1.5747734588308009,1.4366260290059345,1.3962707134465484,0.10308468747697574,1.0,1.0,0.5,0.5,0.8,34,207.8937328127172,7420.930249541499
4,25,1.3535018841638515,1.5856264296419873,1.5674149636156989,1.4336219175773044,1.3827190609769224,0.10312670507400915,1.0,1.0,0.5,0.5,0.8,35,213.18401495130283,7393.533832772336
4,26,1.3534153463541923,1.5809027526311876,1.562514574862252,1.4327527561261557,1.3723125931465787,0.10314938672777882,1.0,1.0,0.5,0.5,0.8,36,212.6029392623552,7219.456338438063
4,27,1.3533536063136866,1.5768754418652868,1.558336397197895,1.4325142545371774,1.3693130704222438,0.10318595654785272,1.0,1.0,0.5,0.5,0.8,37,219.2614604713135,7243.180579068764
4,28,1.3533191848939825,1.574236436972293,1.555598329334952,1.4335270602003884,1.3632402760589997,0.10321868476317472,1.0,1.0,0.5,0.5,0.8,38,225.673649535939,7265.881716712856
4,29,1.3533050278165373,1.5727067652621352,1.5540110393628166,1.4355397317085896,1.3583888280297316,0.10324821186966056,1.0,1.0,0.5,0.5,0.8,39,231.82847470001823,7287.563723988283
4,30,1.3533061022846848,1.572054005753072,1.5533334234485399,1.4383427813434042,1.3545553639969588,0.10327503560971203,1.0,1.0,0.5,0.5,0.8,40,237.7263079898929,7308.256690424586
4,31,1.353250368372515,1.5693949618090643,1.5505754321030547,1.4393335632427955,1.363243858272403,0.10326015149726735,1.0,1.0,0.5,0.5,0.8,41,217.86638513950464,7146.148085950691
4,32,1.3532383970531097,1.5679863808916272,1.549113829169015,1.4414550979484302,1.357871425670984,0.10328695734607345,1.0,1.0,0.5,0.5,0.8,42,223.16262173034207,7165.537901614038
4,33,1.3531160900625743,1.5656191355987386,1.5487330453091683,1.4451344458684763,1.3675087441995148,0.10316884079587982,1.0,1.0,0.5,0.5,0.8,43,181.08061065147825,6795.482031037089
4,34,1.3530208409606095,1.558047031327408,1.5408773485777063,1.4417689762454358,1.3849103030262735,0.10322837574264492,1.0,1.0,0.5,0.5,0.8,44,187.10158748534772,6776.470787826756
4,35,1.352994562786243,1.5555236667515082,1.5382593389525492,1.4429538357636162,1.3627393437684017,0.10325509698795372,1.0,1.0,0.5,0.5,0.8,45,191.49713684197465,6790.873567630053
4,36,1.3529424259552725,1.5520976376830191,1.534705496214594,1.4469463150005724,1.3666321984351244,0.10325472854894654,1.0,1.0,0.5,0.5,0.8,46,190.11093301193563,6816.770162287491
4,37,1.352933944044607,1.5506264734620474,1.5331789525276538,1.4491444974782546,1.3581439881415265,0.10328169518013426,1.0,1.0,0.5,0.5,0.8,47,194.7870149015904,6831.423384609954
4,38,1.352936758813314,1.5519169358730716,1.5365899965808811,1.4669469513879465,1.3516883553631613,0.10328850722106128,1.0,1.0,0.5,0.5,0.8,51,189.621921049907,6700.527080151663
4,39,1.3524706919566531,1.5458936652628268,1.5282845475983489,1.4624567207586259,1.370040188446227,0.10247970926340415,1.0,1.0,0.5,0.5,0.8,52,202.5148661339938,6406.968960072109
4,40,1.3528609416763946,1.5427370458447849,1.5229218463954668,1.4845012004801872,1.35494658958047,0.10332276968206804,1.0,1.0,0.5,0.5,0.8,55,159.55282081167638,7342.717511012118
4,41,1.3528551927625196,1.5423176046604563,1.522486770346367,1.487581408085916,1.3534985712172647,0.10332277879224627,1.0,1.0,0.5,0.5,0.8,56,166.1417361706896,7332.028932783253
4,42,1.3528264224763695,1.5390799570709102,1.5191277931532021,1.4881226087182602,1.3659238893474879,0.10335284196665129,1.0,1.0,0.5,0.5,0.8,57,165.31368192356007,7358.36876982994
4,43,1.352826146562943,1.53905905568318,1.519106107977569,1.4915619582847852,1.3517677216629442,0.10335284199206836,1.0,1.0,0.5,0.5,0.8,58,166.40055625724176,7355.192336085871
4,44,1.3528084783703287,1.5357212481370535,1.5156427601973923,1.49201433544417,1.36643655792583,0.10340512845875553,1.0,1.0,0.5,0.5,0.8,59,174.24637040123514,7394.708217453605
4,45,1.3523141364750195,1.5332467274597625,1.5130934754881011,1.4931955034071387,1.3600189253963748,0.10246729268520427,1.0,1.0,0.5,0.5,0.8,60,181.55374271816223,6533.223568174018
4,46,1.3534697734072367,1.5294505080369105,1.5091101584730864,1.5101037928281693,1.3634305491150707,0.10490128803506635,1.0,1.0,0.5,0.5,0.8,62,187.00147288446624,6841.977844326045
4,47,1.3533014572407924,1.5242743131131182,1.5037449542648544,1.5090181791302224,1.37455771219522,0.10468267484653919,1.0,1.0,0.5,0.5,0.8,63,188.89735143303787,6958.463600253484
4,48,1.3532313652981465,1.5201651937258895,1.4994835007997518,1.5088954755622244,1.3702038999058643,0.10463323805039118,1.0,1.0,0.5,0.5,0.8,64,192.68607795678045,6965.096681548476
4,49,1.3532418712039491,1.5165576398006895,1.495739512723385,1.5092272462193772,1.3683662518951687,0.10473232414254685,1.0,1.0,0.5,0.5,0.8,65,192.2169495155454,6881.796038160191
4,50,1.353196684339765,1.5138461650874413,1.4929275353975173,1.5103651268715608,1.3641492036591991,0.10469772334379476,1.0,1.0,0.5,0.5,0.8,66,195.3920667451696,6885.824286872261
4,51,1.3531643190338811,1.5120840331688759,1.4911002032042133,1.5123590125753164,1.359987298552681,0.10466836809159334,1.0,1.0,0.5,0.5,0.8,67,198.50856727651865,6890.130289028039
4,52,1.3531839280222344,1.5102881373454595,1.489235919251422,1.5143264248655184,1.3604021434263442,0.10474404310307794,1.0,1.0,0.5,0.5,0.8,68,195.05915419512863,6855.824279515989
4,53,1.3531566691463361,1.508760662090146,1.4876519011288336,1.516532327925587,1.3589955210482243,0.10471914755057696,1.0,1.0,0.5,0.5,0.8,69,197.89748663258865,6859.001773138051
4,54,1.3531382594600525,1.5079490558951456,1.4868103585833887,1.519383763886906,1.3558574535727272,0.10469780876859272,1.0,1.0,0.5,0.5,0.8,70,200.67793270117107,6862.395028561958
4,55,1.353056341937218,1.5064011706294824,1.4852072727816181,1.5215680227778687,1.3587644649799158,0.10456225983423806,1.0,1.0,0.5,0.5,0.8,71,199.5921742273388,6935.6645847405125
4,56,1.3512796767960937,1.5031871062350377,1.4819391173641132,1.523728664898287,1.353698103328548,0.10103626619226418,1.0,1.0,0.5,0.5,0.8,73,114.47084687171196,11358.643266638252
4,57,1.3514141747670632,1.5003596144368707,1.4790000535189445,1.5352956826400532,1.3638106165623398,0.10136046034536864,1.0,1.0,0.5,0.5,0.8,74,115.80641671213507,11384.512589398337
4,58,1.3517136397730065,1.4844326865805009,1.4624626719870828,1.5322363296288992,1.3869537626971506,0.10223301287562303,1.0,1.0,0.5,0.5,0.8,76,47.81308456395616,42421.22835571209
4,59,1.3518621689710772,1.4829123677766438,1.460879648369299,1.5345177297938455,1.3586165397025995,0.10255563743534939,1.0,1.0,0.5,0.5,0.8,77,47.83997657403217,42290.85454950097
4,60,1.3517031352100073,1.4813518077536512,1.4592664118247618,1.5367405697338867,1.357317154785693,0.10225879887030605,1.0,1.0,0.5,0.5,0.8,78,49.00785606119905,42278.57925706689
4,61,1.3515844553389245,1.4805781094365937,1.4584680833390127,1.5396761014554774,1.353910091739536,0.10203126896464931,1.0,1.0,0.5,0.5,0.8,79,50.34619727944367,42267.45868084981
4,62,1.3515354491919587,1.4730793464757475,1.4506894185280261,1.5420203903155874,1.383914653065002,0.10204046247863804,1.0,1.0,0.5,0.5,0.8,80,46.13740465025885,43229.12982779467
4,63,1.3507214993804988,1.4748456644472645,1.4566971087553866,1.5793853703214844,1.3502240205950815,0.10041345000105042,1.0,1.0,0.5,0.5,0.8,96,159.6658940116548,7844.086083134355
4,64,1.35071075266813,1.4746991868133354,1.4565455549504067,1.5828956023327434,1.3507961188256865,0.10039383320249162,1.0,1.0,0.5,0.5,0.8,97,162.77256721241858,7860.007736916386
4,65,1.3508569623938527,1.4719863712922767,1.4537253403977215,1.6113041555777257,1.3566658437086154,0.10072516075708975,1.0,1.0,0.5,0.5,0.8,99,164.1750775657705,7804.207097671325
4,66,1.350470631531344,1.4668873347096887,1.4484493272039034,1.615296643382428,1.3603955702499775,0.1000142170482613,1.0,1.0,0.5,0.5,0.8,101,93.41308977612309,3320.4428296396195
4,67,1.3501984437991632,1.4622399695270507,1.4436377387872263,1.622182979932743,1.354584456193135,0.09952456617696573,1.0,1.0,0.5,0.5,0.8,105,96.07632574014283,3404.3207587287484
4,68,1.3501796743645555,1.4638682832972598,1.4494724494950142,1.6644771168430725,1.350383286614633,0.09949926878265733,1.0,1.0,0.5,0.5,0.8,112,163.572843171991,7480.952184482062
4,69,1.3501740965933058,1.4634328929108658,1.4490208726940077,1.6678863929708276,1.3516407148928649,0.09949330370630226,1.0,1.0,0.5,0.5,0.8,113,163.2591076216966,7484.318880591025
4,70,1.3500762360339404,1.4592664883100714,1.4426294962349222,1.6640697563638707,1.3617520474819154,0.09933018762800325,1.0,1.0,0.5,0.5,0.8,114,156.5305747483182,6833.52079765778
4,71,1.350029214421614,1.4551638036635746,1.4404469786832321,1.6691659851446499,1.3733509128489887,0.09929750894595822,1.0,1.0,0.5,0.5,0.8,115,162.6261854762678,6877.778326205144
4,72,1.3500081452862296,1.4557771312336503,1.4431564013279796,1.680215342726685,1.3526835651199598,0.09926303191314712,1.0,1.0,0.5,0.5,0.8,116,168.05021227638,6910.737973381107
4,73,1.3499371303996914,1.4539782822656222,1.4392204244345264,1.671988008688502,1.351327200536412,0.099125406894624,1.0,1.0,0.5,0.5,0.8,117,165.40968991439672,6895.686463619776
4,74,1.3500184351812419,1.4521879202087737,1.435287543432898,1.6769375923858063,1.3508454572502944,0.09929397275103756,1.0,1.0,0.5,0.5,0.8,119,162.26523021945516,6902.8931722959205
4,75,1.3500077211637342,1.4472923123406622,1.4302087069072982,1.6763775827468628,1.37117247287914,0.09932455191771657,1.0,1.0,0.5,0.5,0.8,120,163.7586084402907,7098.736301790513
4,76,1.3497835034115282,1.4461137910683592,1.4289944162571655,1.6829982252668811,1.3515447871115902,0.09888598248854252,1.0,1.0,0.5,0.5,0.8,122,159.92652348064857,7119.243390304071
4,77,1.3497318985556923,1.446121326194152,1.4310764721085485,1.6999758267582503,1.3521898254975122,0.09879573560613589,1.0,1.0,0.5,0.5,0.8,124,156.12995700718702,6759.436903337805
4,78,1.3497589257025502,1.4476248482221552,1.4367800439186087,1.7301263866274197,1.3520235658961774,0.0988616771756496,1.0,1.0,0.5,0.5,0.8,126,151.62912617193842,6760.242005352768
4,79,1.3497527989677913,1.4473465456299426,1.4364915368023337,1.7337740915966293,1.350625632845215,0.09885215399572209,1.0,1.0,0.5,0.5,0.8,127,153.56759510326796,6767.903262320168
4,80,1.3496119746440027,1.4427442452767918,1.4275772878779762,1.7172613071134144,1.3572442038783792,0.09858841087307033,1.0,1.0,0.5,0.5,0.8,128,147.25728906690674,6924.690953964147
4,81,1.3494169370251519,1.4386337375286284,1.4233199861780528,1.7173895608104988,1.366351337362792,0.09823604352317614,1.0,1.0,0.5,0.5,0.8,129,138.97174303359384,6865.406923323108
4,82,1.3494101774224585,1.4382432037068404,1.4229151321766769,1.7208880387456438,1.3508017653505873,0.0982261403399607,1.0,1.0,0.5,0.5,0.8,130,140.8748081498004,6873.6362226741085
4,83,1.349402661598283,1.4381243724536026,1.4227920722293912,1.7246322063085593,1.3495962624962128,0.09821215522344776,1.0,1.0,0.5,0.5,0.8,131,138.1627915450827,6858.2025267181325
4,84,1.3494995313499931,1.437084749564402,1.4217098591852924,1.7314069057664934,1.3517087534455932,0.09841650896270995,1.0,1.0,0.5,0.5,0.8,133,140.9244303687934,6855.494656229802
5,0,0.46548864924325534,0.7650486538829759,0.7562834037952797,0.41419702504863926,0.0,0.0,0.0,0.0,0.5,0.5,0.8,1,28326.539019429303,137904.0790726624
5,1,1.8052148331864435,2.134856431654655,2.124350760196614,1.7899292285554225,1.3710504158747208,0.12180610413261266,1.0,1.0,0.5,0.5,0.8,3,13289.236764207018,165493.05126384654
5,2,1.6332817505328872,2.0997419484346462,2.091894069159503,1.7744552728799952,1.4761264353909596,0.1313171145495608,1.0,1.0,0.5,0.5,0.8,5,7465.065715287252,50929.986465288704
5,3,1.6124895316251644,2.1166513310744355,2.1114247882143173,1.8151774884322285,1.3874280840471205,0.13571529540897012,1.0,1.0,0.5,0.5,0.8,7,5008.538490485058,50247.56281826504
5,4,1.2282192438881616,1.7427439144416654,1.7308528334206992,1.427819595552522,1.4605272187561793,0.11503006605039541,0.519045146140032,1.0,0.5,0.5,0.8,8,6881.890054591624,48104.634327987405
5,5,1.3798872519201377,1.82231017090933,1.80441348376578,1.5231620328838762,1.706511718130797,0.1151703050569038,1.0,1.0,0.5,0.5,0.8,10,1176.062261951989,17990.998474767148
5,6,1.3770473530671772,1.8083805688544394,1.7899630928213985,1.5105419449171045,1.4172048818000276,0.11523115924744809,1.0,1.0,0.5,0.5,0.8,11,944.1814358026644,17621.687549778104
5,7,1.3653658062836644,1.7459765777576277,1.7294707883809044,1.481901484520901,1.6291339887598704,0.11016000897914176,1.0,1.0,0.5,0.5,0.8,12,489.7131221579068,6847.084883347373
5,8,1.36505978790671,1.7442983087208772,1.7298025373415988,1.496234015982881,1.361556856369722,0.11016000897914176,1.0,1.0,0.5,0.5,0.8,14,490.95324077990153,6755.985071441131
5,9,1.3639750790640595,1.732498292268729,1.715492457172916,1.4825318828848675,1.4006850637891728,0.11000940305039564,1.0,1.0,0.5,0.5,0.8,15,373.5376079180916,124767.09160214794
5,10,1.3631861023550698,1.7301114573268315,1.7130402453968896,1.4675031818539674,1.3619187840431537,0.10874506209756951,1.0,1.0,0.5,0.5,0.8,16,523.3958068554567,46014.973765561794
5,11,1.3635558135732204,1.7266311888859738,1.7073343367941929,1.4715948483273043,1.3673132428783559,0.10998500334754088,1.0,1.0,0.5,0.5,0.8,17,363.2326661027617,123869.7025123148
5,12,1.3628006227946514,1.7262293284763477,1.709014929493276,1.471861546357203,1.358809293055485,0.10865323862108982,1.0,1.0,0.5,0.5,0.8,18,501.9776955431721,46013.69797854238
5,13,1.360568985757575,1.7011969932390525,1.6830570367888569,1.4575098794405534,1.4694953492130565,0.1082091408926689,1.0,1.0,0.5,0.5,0.8,19,222.79446635285063,2165975.457099075
5,14,1.3595391542163404,1.6841944331010448,1.667492785434531,1.4439990012661734,1.3908881084616196,0.1082091408926689,1.0,1.0,0.5,0.5,0.8,21,249.23285444194832,2170305.2873034766
5,15,1.3594237643306277,1.6824020023679913,1.6656339484007192,1.4424141011884786,1.3622063598845424,0.10818497071364705,1.0,1.0,0.5,0.5,0.8,22,195.12396933414612,2160618.4431214
5,16,1.3593561301784038,1.6814389674582115,1.664635712650567,1.4478262499735646,1.3578879850505912,0.10814553582978186,1.0,1.0,0.5,0.5,0.8,23,252.84592376588176,2172724.906351974
5,17,1.3581033911174443,1.6695959911725788,1.6565161531136754,1.456208200990786,1.4146708960508672,0.10706663518849131,1.0,1.0,0.5,0.5,0.8,24,302.5272224167363,52830.465658626206
5,18,1.3589303004509543,1.668346926836842,1.6531157137259198,1.4508416227656245,1.3578470900263273,0.1087951261436515,1.0,1.0,0.5,0.5,0.8,25,206.4627837407372,1864224.3457421723
5,19,1.3578929436301022,1.6649761714101872,1.6517238385180768,1.4610726918463708,1.3703436263315716,0.10707594637087384,1.0,1.0,0.5,0.5,0.8,26,290.848811666722,53096.33947382598
5,20,1.3570341357061937,1.6395612057276536,1.6253544928262649,1.4381915824570632,1.4657939656403727,0.10740924072541772,1.0,1.0,0.5,0.5,0.8,27,158.7367367767251,1449603.178037968
5,21,1.356844121877139,1.6359969621379218,1.6216595708486303,1.4374163519955654,1.370050481500872,0.1072875834836132,1.0,1.0,0.5,0.5,0.8,28,162.67680145495214,3790849.888948887
5,22,1.3562125038953865,1.6263623945987997,1.613749222597217,1.43500218049667,1.3989590506300646,0.10669360665752721,1.0,1.0,0.5,0.5,0.8,29,141.80105444366274,1026362.6368359022
5,23,1.3560306982612684,1.6221730736503859,1.609405782651674,1.4338382478467004,1.3623418161400762,0.1065768508828219,1.0,1.0,0.5,0.5,0.8,31,132.53335879777694,1485352.3937396589
5,24,1.3553959590319087,1.588076832642567,1.5761011094467778,1.4154833186497862,1.5097341297008342,0.10706037573240312,1.0,1.0,0.5,0.5,0.8,32,92.451339541992,2046487.88615694
5,25,1.355176273510515,1.5762152047271514,1.563796610082453,1.417918086059554,1.3795727731633,0.10707900445689926,1.0,1.0,0.5,0.5,0.8,34,106.34090036780697,1493949.5937086442
5,26,1.3552223125542375,1.5761771027634741,1.5637553613759076,1.417885336492184,1.3539372164732058,0.1071739813788715,1.0,1.0,0.5,0.5,0.8,35,85.17106691871771,1532864.9339349512
5,27,1.3545011360532484,1.5529942828223544,1.5397206976620013,1.3969767603398617,1.453568365921809,0.1064732837032473,1.0,1.0,0.5,0.5,0.8,36,80.58906417918644,1511503.6022829567
5,28,1.3543850772125792,1.5418773788278588,1.5281877412876914,1.393868615504908,1.3776298113862178,0.10654418645649462,1.0,1.0,0.5,0.5,0.8,38,81.17593611611005,1513203.8279238334
5,29,1.3543955615093264,1.5410531581181446,1.5273320225189089,1.3931055005165396,1.3567698736004612,0.10658551794537581,1.0,1.0,0.5,0.5,0.8,39,75.99157426468503,1084030.042061475
5,30,1.3540421873173387,1.5359201098484037,1.5199464056195344,1.3996272337238058,1.368588744634259,0.10596817215632903,1.0,1.0,0.5,0.5,0.8,40,89.0405952544758,1513206.7434425924
5,31,1.3539271415148257,1.5239962110431227,1.507576790610174,1.3959246186671113,1.3791520247630733,0.10601537401128239,1.0,1.0,0.5,0.5,0.8,42,89.53698477451526,1515617.0489573567
5,32,1.3539121996216532,1.5239091623812193,1.5095590508869567,1.4048132269842561,1.3560218563592157,0.10601537401128239,1.0,1.0,0.5,0.5,0.8,44,88.11502775653688,1515464.359249951
5,33,1.3538797455597216,1.5178324410649655,1.5053265523789439,1.3873724824063913,1.3611861145055695,0.10610480516578955,1.0,1.0,0.5,0.5,0.8,48,86.05892301933072,1517953.382987519
5,34,1.3542857373295027,1.5207515545419423,1.5124845384398258,1.415951810578867,1.3535224554155256,0.10691964786787105,1.0,1.0,0.5,0.5,0.8,58,61.82322565876313,1511547.3831744862
5,35,1.3520017504826907,1.5007873600421668,1.4897822201944075,1.4610806986848506,1.3768083534782287,0.10267148866706591,1.0,1.0,0.5,0.5,0.8,61,304.4231654791247,15917364.633818263
5,36,1.3518973094730569,1.4878750743488636,1.4784607895282191,1.4592013128659538,1.3804755117436462,0.10267148866706591,1.0,1.0,0.5,0.5,0.8,63,313.32409839601024,15920539.902658278
5,37,1.3518534308084078,1.4870372373556449,1.4775931211536555,1.461774300304935,1.353049430528451,0.10259541991960516,1.0,1.0,0.5,0.5,0.8,65,321.07531130524586,15934164.479322152
5,38,1.351905356803214,1.4843269370259822,1.474779027178051,1.4671356849593415,1.3635561682226973,0.10273920952815022,1.0,1.0,0.5,0.5,0.8,66,304.6724274107096,15919436.161646042
5,39,1.3518624825013914,1.4829123746405406,1.4733129382065862,1.4658559074869015,1.3573854950109883,0.10267287723459362,1.0,1.0,0.5,0.5,0.8,67,333.6484002947828,15913598.8684967
5,40,1.3518628187162591,1.4821350816678247,1.4725064190131565,1.469054072584555,1.3547724689745715,0.10268443808480096,1.0,1.0,0.5,0.5,0.8,68,299.20577354130296,15912617.279420368
5,41,1.3518026169742239,1.4788738941574615,1.4691249767979362,1.4700087614372916,1.3654206431990932,0.10260795774345696,1.0,1.0,0.5,0.5,0.8,69,352.93961218301183,15916934.417047588
5,42,1.3518346520261655,1.4785788570050529,1.4688176932096972,1.4736464248827192,1.3527816366911587,0.10267643957880894,1.0,1.0,0.5,0.5,0.8,70,335.53529685135163,15914520.537837924
5,43,1.3518472971621567,1.477362362251627,1.4696272527106915,1.4826814705047888,1.3626600848797035,0.10273573954128501,1.0,1.0,0.5,0.5,0.8,71,303.62649326483074,15919634.79723397
5,44,1.3517897425714231,1.473524182929132,1.4656471369444455,1.4752686299973452,1.3679808950540906,0.10266919193264723,1.0,1.0,0.5,0.5,0.8,72,332.40719037531545,15913879.54084825
5,45,1.3517881861107877,1.4732751889204212,1.465388842256642,1.4789853151631653,1.3518791816628348,0.10266919193264723,1.0,1.0,0.5,0.5,0.8,74,333.564434910527,15914207.64441358
5,46,1.351787057165652,1.4720061090369594,1.4640721540373798,1.477842219713788,1.3569302790285436,0.10268278530916689,1.0,1.0,0.5,0.5,0.8,75,298.60215557983537,15912717.932261596
5,47,1.3517454092501002,1.4713937371689498,1.4634383554141024,1.4806833273835598,1.3525623425596014,0.10260656542591899,1.0,1.0,0.5,0.5,0.8,77,306.2216183369953,15926335.763969664
5,48,1.3516922393776887,1.4696409421611996,1.4616217863926155,1.471758670174722,1.3587477706732518,0.10252102781703465,1.0,1.0,0.5,0.5,0.8,78,316.0157470806243,15919790.246328672
5,49,1.3516769167394878,1.4695700171475092,1.4615487879377569,1.4721147013135336,1.3514908863539488,0.10249105699122552,1.0,1.0,0.5,0.5,0.8,79,285.0764055379052,15917391.745929344
5,50,1.3518572668989624,1.4690434652697557,1.4609957008057535,1.486548528437386,1.3517761850151158,0.10286030163686843,1.0,1.0,0.5,0.5,0.8,88,320.4314262968128,15920911.385409163
5,51,1.3531547701391786,1.4697855979359251,1.4617169611831504,1.5309948348323879,1.3535470793024942,0.10546198176086105,1.0,1.0,0.5,0.5,0.8,91,118.89901454832057,128184.36471046253
5,52,1.3533737294341552,1.4686380179735474,1.4605181317587603,1.537705394456457,1.358984274016481,0.10591616612555348,1.0,1.0,0.5,0.5,0.8,92,108.3288704571792,139689.06162806
5,53,1.353375415094407,1.4666278278617875,1.4584324436385865,1.539959462111877,1.361829156820914,0.1059430423481611,1.0,1.0,0.5,0.5,0.8,93,92.96431864245604,129511.17775778216
5,54,1.3532622033503507,1.465212491388848,1.4569682416137488,1.5508866822757632,1.358609291153854,0.10573160652465977,1.0,1.0,0.5,0.5,0.8,94,109.1846786138701,140351.0846330849
5,55,1.353259008521776,1.4646464928068217,1.456381116860444,1.5544408347879748,1.3541017303219367,0.10573160652465977,1.0,1.0,0.5,0.5,0.8,96,110.06300588029504,140419.4793559943
5,56,1.3532645109900587,1.4632611134359164,1.4549435593439906,1.5694763657002355,1.3559464944748516,0.1057583139012132,1.0,1.0,0.5,0.5,0.8,98,111.78590769812128,140670.04858902103
5,57,1.3532613009207795,1.4626809780539811,1.454341785041228,1.5689482158811034,1.3541457918403828,0.10575831390121315,1.0,1.0,0.5,0.5,0.8,100,112.58614511900105,140735.90078714406
5,58,1.3533948701572893,1.4592275475131224,1.4569707657024704,1.557989895774412,1.3865077424074461,0.10610683119337594,1.0,1.0,0.5,0.5,0.8,101,114.507317066157,137665.9410009898
5,59,1.3534250718375551,1.457771655972488,1.459603771243474,1.6118032567527478,1.3576306643493337,0.10620873840787448,1.0,1.0,0.5,0.5,0.8,105,114.89953248524314,137525.38186205536
5,60,1.3534542753833627,1.455640185025055,1.4573913039876965,1.601518212926917,1.3578989245942767,0.10628826498703332,1.0,1.0,0.5,0.5,0.8,107,107.035400117129,136581.38637743416
5,61,1.3532328696883595,1.456001043507671,1.4598463741038692,1.604807334573302,1.3545652956052274,0.10585262766287411,1.0,1.0,0.5,0.5,0.8,109,118.5047357857103,135812.63116950294
5,62,1.3532918795919024,1.4532820955139978,1.4528785909067752,1.6090367558176792,1.3535296117354947,0.10597183075719945,1.0,1.0,0.5,0.5,0.8,110,104.19554742962512,135725.2350330453
5,63,1.3529425210200847,1.4552235094600914,1.4590505776956806,1.616413726850137,1.354243394905505,0.10527660384793988,1.0,1.0,0.5,0.5,0.8,111,120.040722061017,143128.40863102092
5,64,1.3531916191936517,1.4514825146447357,1.4510153154650158,1.6074043423137028,1.3587660945845514,0.10578745556859118,1.0,1.0,0.5,0.5,0.8,112,109.1728952225662,134313.85854329556
5,65,1.353193749067538,1.4551871269382899,1.4610757648143862,1.636342360878527,1.3541273534324847,0.10579434387331126,1.0,1.0,0.5,0.5,0.8,113,108.70361347797773,134233.85961045214
5,66,1.3531880892033732,1.455027374289666,1.4609102202752662,1.636197920280179,1.353570502731118,0.10578447094999963,1.0,1.0,0.5,0.5,0.8,114,108.8596791362928,134236.77826223787
5,67,1.3531876132107845,1.4560716309405186,1.4640659527897035,1.656999257953357,1.3535148385635223,0.10578616574824593,1.0,1.0,0.5,0.5,0.8,116,111.24251742449025,134240.59084245528
5,68,1.3537331972083824,1.4555788674521515,1.4656066353499906,1.7193941947133404,1.354546763331714,0.10689920418606973,1.0,1.0,0.5,0.5,0.8,128,124.3369952760963,132260.44301837884
5,69,1.3537275289434367,1.440983157956842,1.4442471873559741,1.667068096188308,1.4000240928524321,0.10697971043033101,1.0,1.0,0.5,0.5,0.8,129,103.09069444410252,129839.2243991012
5,70,1.3536721263271931,1.4410065421020164,1.448418278883937,1.6989192426819384,1.3590882953285266,0.10688972847285041,1.0,1.0,0.5,0.5,0.8,131,107.69015915425597,131596.32285107631
5,71,1.3536657306563908,1.4407842566639864,1.448187906668904,1.6987168997686624,1.3539397624658918,0.1068786591229371,1.0,1.0,0.5,0.5,0.8,133,108.30416374267284,131669.42817686292
5,72,1.3536654590994548,1.4407818870621025,1.448185440469932,1.6987147384290617,1.353442264677645,0.1068781326045288,1.0,1.0,0.5,0.5,0.8,136,108.31236586413158,131671.36770232665
5,73,1.3536839052474443,1.4392665630039454,1.4445403247952635,1.7028675312178607,1.353773892377287,0.10691666881227782,1.0,1.0,0.5,0.5,0.8,139,106.24395645684186,131351.99008321727
5,74,1.3538454776590123,1.4406921906166539,1.4543028169752934,1.7732332106348696,1.3557881437709887,0.10727134086982752,1.0,1.0,0.5,0.5,0.8,146,94.59992600398814,80211.08685425963
5,75,1.3537267325937061,1.4386167795927576,1.4500817427685773,1.7681942353766469,1.354905331618814,0.10703864025925217,1.0,1.0,0.5,0.5,0.8,148,91.99994048515704,80126.64964079716
5,76,1.3537543989726313,1.44049906565806,1.456178254286597,1.7892637380561598,1.3570653423496124,0.10710001891916329,1.0,1.0,0.5,0.5,0.8,149,88.63043403659896,79452.56502114405
5,77,1.3537098013897197,1.4382147921685473,1.451737727281907,1.7883970533219982,1.3555120423517162,0.10701765779547143,1.0,1.0,0.5,0.5,0.8,151,96.56024987013907,79614.11869868344
5,78,1.3538654706941853,1.4381787329630433,1.4537668819280078,1.8274067763717095,1.354185921970773,0.10734023559739274,1.0,1.0,0.5,0.5,0.8,164,87.86177581456984,141229.82110933345
5,79,1.3539021364230566,1.4383836804854666,1.4560505081285513,1.8484670015325075,1.3588061850272126,0.107422027263265,1.0,1.0,0.5,0.5,0.8,165,89.09625645167263,140589.69256634195
5,80,1.3537981693825443,1.4243163042336353,1.4393880209614136,1.8599674680196376,1.3615865924135253,0.10730017416420026,1.0,1.0,0.5,0.5,0.8,172,93.2528334186939,135502.11919721152
5,81,1.353738538266893,1.431860260257778,1.4596511067738742,2.02366839246754,1.3536549478659743,0.10718320853853891,1.0,1.0,0.5,0.5,0.8,197,89.91641952822823,135959.34604943212
5,82,1.35397703650661,1.4279672183767624,1.4535310146088627,2.0114790989962055,1.3661653971406678,0.10767780595638872,1.0,1.0,0.5,0.5,0.8,198,92.43884128551092,136529.80609180473
5,83,1.3539958868221442,1.4288419282063036,1.4565101837166787,2.0346417923471503,1.35489463312688,0.10771841460986305,1.0,1.0,0.5,0.5,0.8,200,91.01055913901978,136578.87292205566
6,0,1.0,0.8479267572801785,0.842253334768916,0.48913730169865177,0.0,0.0,0.0,0.0,0.5,0.5,0.8,1,5048.503043230915,163434.52369063583
6,1,1.9665691418243432,2.1635887998831063,2.1543474866552614,1.8117457249488604,1.5706383494769847,0.11148970531050759,1.0,1.0,0.5,0.5,0.8,2,5040.776672930765,161249.52647437155
6,2,1.889693225167018,2.140045141224711,2.1300017704742054,1.793812020704859,1.410668075428335,0.10740078138083686,1.0,1.0,0.5,0.5,0.8,3,5124.849300299999,165493.05126384654
6,3,1.8064373147114825,2.1429929379153254,2.135053591344372,1.7970416992134546,1.4314163237001287,0.11160935630187621,1.0,1.0,0.5,0.5,0.8,4,4954.877041093668,159737.4665447058
6,4,1.7988447209313962,2.1394623302539633,2.129318562078412,1.794989426924598,1.36321879392634,0.11161702701268687,1.0,1.0,0.5,0.5,0.8,5,4943.993310767675,159603.20249344944
6,5,1.6184523164113795,2.065164083838473,2.0563940994075987,1.7409879646496813,1.5836459671764787,0.11159514171031751,1.0,1.0,0.5,0.5,0.8,6,3540.652327289456,117680.2816422966
6,6,1.5495754656087284,2.0428157696035587,2.0303716127294775,1.7265053296692514,1.5578092742431444,0.15276081813594217,1.0,1.0,0.5,0.5,0.8,7,1562.1395644016488,111143.48328419364
6,7,1.543797323471343,2.0394170950445867,2.026848316348329,1.731615507293884,1.383634200120537,0.15264219557668174,1.0,1.0,0.5,0.5,0.8,9,1506.88819857521,108964.5739180017
6,8,1.460770208192671,1.9755129320859401,1.9655010374068722,1.6738334490779474,1.5550838391259936,0.10998099020185644,1.0,1.0,0.5,0.5,0.8,10,1277.8634886303134,75041.99401405052
6,9,1.4597373406379606,1.974111725435441,1.9640477330439479,1.6600915560902394,1.3592390390859261,0.1099720733734029,1.0,1.0,0.5,0.5,0.8,11,1106.945005644508,79701.7566647456
6,10,1.398975320497215,1.8885934050666522,1.8753503865556123,1.602734826375252,1.7290376804127385,0.1093630214150298,1.0,1.0,0.5,0.5,0.8,12,490.0805475102042,32392.926708421543
6,11,1.3948537515161585,1.879960294323431,1.8684679096079895,1.5859014320521978,1.3970501868094212,0.10935487563629524,1.0,1.0,0.5,0.5,0.8,13,362.6084950754572,37854.71864033256
6,12,1.378517199993035,1.8320355453669859,1.8167129806763203,1.5593683812635029,1.565723387079224,0.10773456182225158,1.0,1.0,0.5,0.5,0.8,14,201.53869446045573,29317.159407540003
6,13,1.3606832921196652,1.7647070065280261,1.7491937597283045,1.5009980667554195,1.4775843949344742,0.09440881747828625,1.0,1.0,0.5,0.5,0.8,16,154.89796064655715,4278.531926580475
6,14,1.3560258155720053,1.7256264529523002,1.7086650397162388,1.4736791073522084,1.431757927013539,0.09389058000648107,1.0,1.0,0.5,0.5,0.8,18,144.77506933434455,4506.142155643308
6,15,1.353722916129883,1.7011092167805284,1.6832445480648348,1.4576657504798174,1.399597399268152,0.09327428279164028,1.0,1.0,0.5,0.5,0.8,20,138.66853724547423,5691.981834017198
6,16,1.3531381773784859,1.6927960028563345,1.674621428947597,1.4593788608664982,1.3648315838491434,0.09326673666080944,1.0,1.0,0.5,0.5,0.8,22,129.36939427833724,5517.638026174189
6,17,1.3531831696132373,1.689629555901355,1.6713265100727925,1.456587743963381,1.3623678812709312,0.09382158331391892,1.0,1.0,0.5,0.5,0.8,23,128.801846387554,22141.1340420214
6,18,1.3527826974601815,1.6873855082516487,1.66900908986957,1.4637077300435406,1.3548599631412694,0.09326149305968277,1.0,1.0,0.5,0.5,0.8,24,124.57975495446442,5436.028714171842
6,19,1.352691203934485,1.682760423978081,1.666273039678239,1.4578158365640412,1.3745653037351853,0.09385491196086744,1.0,1.0,0.5,0.5,0.8,25,114.13687703490784,23495.69290181946
6,20,1.350289619730933,1.6619699039679825,1.6488973770768378,1.4498371973012933,1.394327759042282,0.09142332914628876,1.0,1.0,0.5,0.5,0.8,27,173.4131841623749,338077.1623223231
6,21,1.3497724325258904,1.6437452800359504,1.6299821824448413,1.4527653659913051,1.3662399810257475,0.09199775264480714,1.0,1.0,0.5,0.5,0.8,31,153.04097676571223,255938.1142849221
6,22,1.3481950294739562,1.6148139597839941,1.5979228925957631,1.4347526597540097,1.4044780989013865,0.09071568920668692,1.0,1.0,0.5,0.5,0.8,33,92.45983031384732,745041.0005094374
6,23,1.3481173954062466,1.6135013842417356,1.5986338914059004,1.441789078814891,1.3510625839441524,0.09071568920668692,1.0,1.0,0.5,0.5,0.8,35,100.30413553338828,745870.9638729455
6,24,1.3479995984659146,1.6080896022466162,1.590947676313092,1.4329228227042616,1.3632574393361767,0.0907156480899731,1.0,1.0,0.5,0.5,0.8,36,82.48290035087697,748744.3472608342
6,25,1.3474957313890954,1.5901242649481686,1.5743849234659226,1.4285672318994478,1.3875758344813618,0.0906977111184055,1.0,1.0,0.5,0.5,0.8,38,83.77910041136059,747490.9910582715
6,26,1.3474295502422853,1.5869442643006382,1.571086117809394,1.4326179661422724,1.3523349424730475,0.09071125973299252,1.0,1.0,0.5,0.5,0.8,40,81.56564783556517,750471.9335462024
6,27,1.3476487859942696,1.5871199489636494,1.5712600417024223,1.4419606207188722,1.346056422892121,0.0911546600314883,1.0,1.0,0.5,0.5,0.8,41,80.47183063393443,745312.8845562903
6,28,1.3472276124864861,1.5844867687703679,1.5685425414277168,1.4373043812491217,1.3548302574644107,0.09041013129945592,1.0,1.0,0.5,0.5,0.8,42,84.24193738284055,749753.1959215236
6,29,1.3472339104906825,1.5733391796177711,1.5590416281459354,1.4418696632227943,1.4013558403933932,0.0909498949995598,1.0,1.0,0.5,0.5,0.8,43,64.20619921137215,740929.5335832501
6,30,1.347078417537205,1.5644152896536978,1.547712744576218,1.4357912041908216,1.3620383250930839,0.09092120705057798,1.0,1.0,0.5,0.5,0.8,45,67.01734332535727,746747.4231036762
6,31,1.3468949378878672,1.5652100534455715,1.5506163417571086,1.4490824473816597,1.3460620472850504,0.09056698540673502,1.0,1.0,0.5,0.5,0.8,47,66.2255981266547,743529.2221336296
6,32,1.3472202204993045,1.5634853119854863,1.5488137288686303,1.4548575120676666,1.3502345208474373,0.0912917065857428,1.0,1.0,0.5,0.5,0.8,49,79.9475581898962,750257.7755177907
6,33,1.3471365457125148,1.5669308337593786,1.5606800403965457,1.504059278175852,1.3462516729623866,0.09118693798834694,1.0,1.0,0.5,0.5,0.8,61,46.639100254001214,748442.435955829
6,34,1.346523518714543,1.5532548345228823,1.5465087485599265,1.4954416595882098,1.403362638139574,0.0903884674955448,1.0,1.0,0.5,0.5,0.8,62,44.96704771682101,750563.3687597658
6,35,1.34654378836068,1.551166430908955,1.548484184224467,1.5174120545646625,1.3664765403959043,0.09057114150951384,1.0,1.0,0.5,0.5,0.8,63,34.25226778002664,751471.2735610701
6,36,1.346557496261617,1.5479386681627205,1.5430618810681442,1.5157260208085428,1.3537974739900265,0.0906534606557201,1.0,1.0,0.5,0.5,0.8,64,42.66327449604184,751196.356482426
6,37,1.3466199532123804,1.545821774130308,1.5408625296336256,1.521330053446448,1.350259969210844,0.09083983270453394,1.0,1.0,0.5,0.5,0.8,66,43.54099142919365,751362.1861973641
6,38,1.3466386760671853,1.5463993836855612,1.543533206476629,1.5283300583785575,1.3465870182607795,0.09089861943700513,1.0,1.0,0.5,0.5,0.8,69,43.97990940651598,750374.0572990234
6,39,1.346596759913599,1.5414079135800671,1.5383545505538951,1.5314449092287874,1.3674453733009955,0.0909482704232625,1.0,1.0,0.5,0.5,0.8,70,38.39649569890744,747179.5255939206
6,40,1.344308125654134,1.5286542177590143,1.5231336025914235,1.5133251702624997,1.3635695218738182,0.08660030619782373,1.0,1.0,0.5,0.5,0.8,72,35.88430573279837,832484.9614972023
6,41,1.3443239270748946,1.5265440736151432,1.5209431886513773,1.5343976212167325,1.345700645910747,0.08668230384682926,1.0,1.0,0.5,0.5,0.8,76,35.351032827967494,832142.586670609
6,42,1.3465697332345123,1.5309043554211066,1.5295272989635533,1.5672514408562912,1.3479585097297142,0.09118637447962155,1.0,1.0,0.5,0.5,0.8,77,37.562651058411454,747420.1838491902
6,43,1.3442658014492372,1.5238889352725027,1.5181900565385975,1.539795545874625,1.3524426235308658,0.08662597492368253,1.0,1.0,0.5,0.5,0.8,78,33.88242268934807,832509.0110061314
6,44,1.344278652570574,1.5164209936979756,1.5125120535550751,1.5395616270492214,1.3824053552195152,0.08684352607927898,1.0,1.0,0.5,0.5,0.8,79,32.87728012768968,832211.5319658903
6,45,1.344222008470305,1.5157677227493283,1.5118363109939745,1.5505971743224056,1.3446915595616722,0.08674262232665085,1.0,1.0,0.5,0.5,0.8,81,32.90386451970988,831993.8655652038
6,46,1.3441473944301658,1.5137033877856811,1.5096969925618757,1.5563700370850222,1.3521210570093873,0.08663415044336638,1.0,1.0,0.5,0.5,0.8,82,33.72189134809808,833051.6491235902
6,47,1.3442065611399596,1.5129350149912058,1.508897450434246,1.5560180477948806,1.3470461930357327,0.08676919283676668,1.0,1.0,0.5,0.5,0.8,83,31.73590410690221,834587.5273580548
6,48,1.3460433916877084,1.5215389075895087,1.5281166440628522,1.6382657911169112,1.3452316409173406,0.09044348327587723,1.0,1.0,0.5,0.5,0.8,97,35.059988856727706,754586.7087270695
6,49,1.3761810814513666,1.5464263352131136,1.5465900587080457,1.6856675737419045,1.377002369138605,0.15074097844611448,1.0,1.0,0.5,0.5,0.8,100,26.284964875579224,78011.60003148054
6,50,1.3760388024921264,1.5445492299677865,1.5446475758551803,1.687906140815839,1.3829186033118313,0.1504905879901901,1.0,1.0,0.5,0.5,0.8,101,26.922481629419675,77357.44186666296
6,51,1.3759751760831693,1.5411413510439247,1.5411137471264058,1.6887761345560985,1.390004071781111,0.1504275217344852,1.0,1.0,0.5,0.5,0.8,102,26.017238687796898,78365.71972000551
6,52,1.3758910313192083,1.5353723897856852,1.5351307617078596,1.6993465348528702,1.3814638025510892,0.1503634148873404,1.0,1.0,0.5,0.5,0.8,106,24.763812686670008,78703.8192407356
6,53,1.3759712406205469,1.5343158799711447,1.5340314740247223,1.702347970807369,1.380297785521945,0.15054395939706272,1.0,1.0,0.5,0.5,0.8,107,24.74680240244771,77639.30393309821
6,54,1.3760597685205698,1.5342612462573026,1.536043578533521,1.7103601494517409,1.3818654667768588,0.15074667372553435,1.0,1.0,0.5,0.5,0.8,108,22.149124322119025,63498.084282918135
6,55,1.3756016997333775,1.5312798560187593,1.5329672511429795,1.7195904492557954,1.3860844597962267,0.1498737083079148,1.0,1.0,0.5,0.5,0.8,109,22.83497473318516,79120.38126594407
6,56,1.3757286698944957,1.5292520905330271,1.530858439150708,1.7098029381448667,1.3798398875035875,0.15016364329813509,1.0,1.0,0.5,0.5,0.8,111,22.285878544986065,79017.50658493953
6,57,1.3759870964787404,1.5203886177714696,1.5112910193811095,1.702489070212311,1.3808933592916777,0.1507213724996083,1.0,1.0,0.5,0.5,0.8,113,22.418851680437864,62262.91973365308
6,58,1.3760232331824929,1.5185301767773862,1.509361324656568,1.7047566732275123,1.3837280461121813,0.1508236948558868,1.0,1.0,0.5,0.5,0.8,114,21.813238227767577,61509.19180410264
6,59,1.375967928047755,1.5104349402918613,1.5009638751879906,1.7013908907781448,1.4108574556195104,0.15083488572542644,1.0,1.0,0.5,0.5,0.8,115,17.212035683027743,59925.4979392801
6,60,1.3740153653605147,1.5228848336255392,1.5367492741298139,1.8046555501497432,1.3736336930557407,0.14693894262990487,1.0,1.0,0.5,0.5,0.8,132,27.000446236425564,22277.52953153512
6,61,1.3744837239168093,1.5225955385339578,1.5364316141470113,1.8001773814118602,1.3753647679539958,0.14788032172978496,1.0,1.0,0.5,0.5,0.8,133,29.24197344774733,20572.75929360305
6,62,1.3739530069294685,1.5133614507711441,1.5268706106754006,1.7959908593665357,1.4118539673971267,0.14693894262990487,1.0,1.0,0.5,0.5,0.8,134,24.64870484384346,22344.897072438984
6,63,1.3743554045626376,1.513026589174242,1.5285803053958347,1.811272790661292,1.3784407549276454,0.14777071771410472,1.0,1.0,0.5,0.5,0.8,136,25.222066310519807,22706.18397306812
6,64,1.3738052945653152,1.5046019292936443,1.5177877826740893,1.7964606246346388,1.3878106269105794,0.1467523454818473,1.0,1.0,0.5,0.5,0.8,138,23.288232641073268,22209.98838219294
6,65,1.3738416237462152,1.5032123465707528,1.5163446801637763,1.7952282449562103,1.3766354143378638,0.14684250484508257,1.0,1.0,0.5,0.5,0.8,140,23.56150524264761,22020.247473195595
6,66,1.374310330461371,1.5027648168277608,1.5158627731856114,1.7948485834210126,1.3777657106245491,0.1477903331775963,1.0,1.0,0.5,0.5,0.8,141,23.179767654502754,22021.559898983167
6,67,1.3738267866263287,1.5006356413678716,1.5136718258064579,1.7928828314400553,1.3806728736249747,0.14684250484508257,1.0,1.0,0.5,0.5,0.8,142,22.3876719846842,22065.157856041653
6,68,1.3740584832734557,1.5006601718667334,1.515760883462051,1.8433564973953807,1.3745520567876177,0.1473245002766927,1.0,1.0,0.5,0.5,0.8,150,23.265448849482883,24247.28124248465
6,69,1.3736447865219072,1.4988639403231017,1.5201297003602552,1.870196506567918,1.3810567949481336,0.14655599461765131,1.0,1.0,0.5,0.5,0.8,153,20.55725147912701,23105.978240725137
6,70,1.373997813371017,1.4994686312572192,1.522816137164885,1.874846455725758,1.3783077505037045,0.1472734644569645,1.0,1.0,0.5,0.5,0.8,154,21.451826826355795,21353.14140180309
6,71,1.3737083967777535,1.4990054344261416,1.522346412155421,1.8830386247785889,1.3741104738135443,0.14669648064012236,1.0,1.0,0.5,0.5,0.8,155,20.620764769167923,23139.60151968044
6,72,1.3740646825154188,1.4957033563226747,1.5147624910945698,1.8642855929865727,1.378130915238665,0.14741972352408264,1.0,1.0,0.5,0.5,0.8,156,20.630483603554453,22423.10494260449
6,73,1.373990267284774,1.4956313302760695,1.5167629005477794,1.8769064343505437,1.379483347292264,0.14728482592021158,1.0,1.0,0.5,0.5,0.8,157,21.25739740057389,22465.61171893748
6,74,1.3739878331883921,1.495159469009196,1.5162734348680664,1.876476859565823,1.3757005305627832,0.14728482592021158,1.0,1.0,0.5,0.5,0.8,158,21.080660620231946,22473.089108581084
6,75,1.375147471758626,1.487841882230953,1.508638010126956,1.8838810970573932,1.4121856414917544,0.14968850640637027,1.0,1.0,0.5,0.5,0.8,159,22.12318158100848,22851.79046980078
6,76,1.3767712006361141,1.490736866421765,1.5136529912585481,1.9352325534817676,1.3764998480496944,0.1529364432261508,1.0,1.0,0.5,0.5,0.8,166,16.379427491605952,24356.256868800898
6,77,1.3766926407131292,1.4892439876233894,1.5100347627202724,1.9210681625936201,1.3765815705239461,0.15278015195386124,1.0,1.0,0.5,0.5,0.8,168,16.41053109757007,24295.660081679664
6,78,1.3766131200541938,1.4873743334158744,1.5080980262006132,1.928143906582293,1.38419718581459,0.15263799075691337,1.0,1.0,0.5,0.5,0.8,169,15.813531069542806,24297.05870756429
6,79,1.3767886649249732,1.489305401895205,1.514239553880731,1.9581918912243748,1.3804540710102353,0.1529974418653649,1.0,1.0,0.5,0.5,0.8,170,15.6296761577603,24412.339962168386
6,80,1.376672073641477,1.4870419725024162,1.5098233393388871,1.9354197283415393,1.3772877630715574,0.15277181584519556,1.0,1.0,0.5,0.5,0.8,174,15.752831029193588,24080.179392113776
6,81,1.376654217558809,1.4872044511244549,1.5141372874096386,1.975523813550628,1.3872673866580825,0.15275854306279896,1.0,1.0,0.5,0.5,0.8,175,15.510996349902348,24419.87263620341
6,82,1.3766332737470772,1.4864990818022488,1.513406263024822,1.9748840074720722,1.3793709321441772,0.15272276010924052,1.0,1.0,0.5,0.5,0.8,176,15.316524935784727,24518.27922118006
7,0,0.6447111493916383,0.8020589580708589,0.794674379342373,0.4477463338705106,0.0,0.0,0.0,0.0,0.5,0.5,0.8,1,26321.969745975173,154548.78968468192
7,1,0.6124915468618645,0.7953673504165556,0.7877331226588603,0.4433319410273426,0.02234809222366698,0.0,0.0,0.0,0.5,0.5,0.8,2,25609.822589643347,151040.83813272958
7,2,0.4870202463511615,0.7693083268870471,0.76070195023504,0.41798911841195374,0.09992051012575576,0.0,0.0,0.0,0.5,0.5,0.8,3,22939.33050238998,117963.01767675256
7,3,1.8325607767821361,2.1613469208174223,2.151514047375011,1.8244387608217905,1.3912170437410416,0.13872001472493076,1.0,1.0,0.5,0.5,0.8,4,7146.441871255077,156090.67223049575
7,4,1.648692555011887,2.1224061827263956,2.1153248543716616,1.7952076641146246,1.585728964076789,0.13554808300131146,1.0,1.0,0.5,0.5,0.8,5,5955.824411174122,49022.28504721524
7,5,1.5941356222613174,2.0649936106450237,2.0579150682796605,1.7532942035365453,1.4110374258202159,0.1316860433705625,1.0,1.0,0.5,0.5,0.8,7,15751.637810856077,67324.7928599279
7,6,1.5370036880517155,2.0305923189161525,2.023205739736014,1.7243554094537124,1.403256403789321,0.07939799665454517,1.0,1.0,0.5,0.5,0.8,8,8864.843052069875,50909.25800897463
7,7,1.544523196167129,2.0650923878747287,2.0575247039790545,1.769638937499516,1.4557015790721333,0.15810432366674884,1.0,1.0,0.5,0.5,0.8,9,3350.974284859142,102015.7379190014
7,8,1.4860835364467722,2.0223754046044986,2.012945970833739,1.7290896671005531,1.6062332050717534,0.1724819974321434,1.0,1.0,0.5,0.5,0.8,10,3663.8415232156,43724.45397634948
7,9,1.4788907956101933,2.0399505452563274,2.0303605617056717,1.7578310248728584,1.5578746380158837,0.21623928100469744,1.0,1.0,0.5,0.5,0.8,11,1318.8931972879034,145848.55188434967
7,10,1.4630738197230366,1.99607948238538,1.9869618202589197,1.7312133612235874,1.4583221437013925,0.21428995084981978,1.0,1.0,0.5,0.5,0.8,13,1028.9018446988823,153248.74511128862
7,11,1.4069378044613587,1.8974685600273558,1.888361778459223,1.6389148239626419,1.4766157047236197,0.12759552178375938,1.0,1.0,0.5,0.5,0.8,14,2394.5184364411457,62751.59478300454
7,12,1.4064241270830697,1.896240767182063,1.887087165252039,1.6378068137880823,1.3693098542649484,0.12765085859390013,1.0,1.0,0.5,0.5,0.8,15,2284.451620632122,61423.21675652875
7,13,1.3962034954275193,1.872610902375684,1.8626384905598747,1.6218578691724923,1.410699400034753,0.12428731042895388,1.0,1.0,0.5,0.5,0.8,17,769.8700964875998,107936.96739355716
7,14,1.3791414961207633,1.8038560206362637,1.7933822495150589,1.5770670203459205,1.515902751115259,0.12476697238074216,1.0,1.0,0.5,0.5,0.8,19,314.43496735206867,69342.92143434726
7,15,1.378457675617009,1.794057455227767,1.7811147340606084,1.572585917678647,1.3835794246193391,0.1264191125970284,1.0,1.0,0.5,0.5,0.8,21,344.91727039237105,56843.57785904915
7,16,1.3770507343520917,1.7701470706678637,1.7603628780061036,1.5675594407031592,1.4301354224536675,0.13149022843153893,1.0,1.0,0.5,0.5,0.8,23,288.10779082031337,71656.03060129365
7,17,1.4065269685627846,1.79436440486724,1.7843570700952425,1.5956666570558382,1.4101030600634612,0.19188584475092824,1.0,1.0,0.5,0.5,0.8,25,220.83344491090605,52574.4209056523
7,18,1.4043183162385078,1.738747204849275,1.7286411291652877,1.5634480378451043,1.6559151682927213,0.1970565285998928,1.0,1.0,0.5,0.5,0.8,26,212.5245622129044,46946.698569900815
7,19,1.4039216665597145,1.7332377990201175,1.7229291844600771,1.5686735320500464,1.4103694778031464,0.1968973716933797,1.0,1.0,0.5,0.5,0.8,28,196.7797045363992,47169.19569971391
7,20,1.4036980553572374,1.715160397293742,1.7041495358416623,1.5593763493989825,1.4814826561512229,0.19839068919460262,1.0,1.0,0.5,0.5,0.8,29,112.47730139195303,216357.3774985784
7,21,1.4029507057551471,1.7138675952289804,1.704905006366446,1.5603307200559562,1.4084111384287394,0.197104860524899,1.0,1.0,0.5,0.5,0.8,30,125.96634468581478,48697.98930599271
7,22,1.4038049636984473,1.7080894199030028,1.6988684204081055,1.5651314353299783,1.428867722256371,0.199404356073634,1.0,1.0,0.5,0.5,0.8,31,61.381303880633006,60385.52378823913
7,23,1.4024294563907425,1.6921725433110266,1.682386289341053,1.5474335004628412,1.4660222315412608,0.19787163855002282,1.0,1.0,0.5,0.5,0.8,32,138.404637673702,47567.882095965615
7,24,1.4021215710220494,1.6859758675871241,1.6759617212543587,1.5484847440609912,1.412411784808441,0.1976976670670348,1.0,1.0,0.5,0.5,0.8,34,125.45223698018675,47833.436887330245
7,25,1.4014728585622511,1.6534497808805395,1.642210415867381,1.5264107688238002,1.5424096936832268,0.19832757743923551,1.0,1.0,0.5,0.5,0.8,35,36.47302259631143,2108383.3581202915
7,26,1.4011078352395683,1.648985774305423,1.6375897624812719,1.5223468496385184,1.417012369483067,0.1977991728171144,1.0,1.0,0.5,0.5,0.8,36,31.80464854771541,2118194.391666073
7,27,1.4013397792990632,1.650045730823548,1.6407527544122618,1.5327105904017544,1.4011488920865216,0.1982848879865306,1.0,1.0,0.5,0.5,0.8,37,30.34853103760204,2111364.69521036
7,28,1.4006974674449375,1.6346572227125233,1.6227302333361953,1.5195656391539147,1.4589186487988717,0.19760969601521766,1.0,1.0,0.5,0.5,0.8,38,28.24305866458962,2124478.6099213767
7,29,1.4002374973772183,1.626724297986049,1.614512792063885,1.533577660042567,1.4068492414871145,0.19699384857747124,1.0,1.0,0.5,0.5,0.8,42,23.095271292283705,2130169.0178386443
7,30,1.400625648309864,1.6201341132430287,1.6076573960680525,1.5268464476856682,1.4146139434978737,0.19803380358891326,1.0,1.0,0.5,0.5,0.8,44,18.49863496877747,2114815.907400246
7,31,1.3994643933096924,1.6070603471337417,1.5962034307792243,1.5432808222497332,1.4128082627579897,0.19616057454458552,1.0,1.0,0.5,0.5,0.8,48,21.312327917291288,2119921.6973103457
7,32,1.3994158449865868,1.6079831510294806,1.5992348187793057,1.5614964277651846,1.399679018781343,0.19607515217773253,1.0,1.0,0.5,0.5,0.8,49,23.50642113527213,2120439.632148323
7,33,1.399351710396913,1.603551497472699,1.5925658899552575,1.5471593166031261,1.4114888073264207,0.1960409854726076,1.0,1.0,0.5,0.5,0.8,50,21.011837861921027,2122720.8262972543
7,34,1.3997560300218181,1.592281515974738,1.580854063801957,1.5405985795598114,1.4505997763909106,0.1971869269246378,1.0,1.0,0.5,0.5,0.8,51,16.030053082494977,2135280.431656701
7,35,1.399636869449209,1.5864986358937916,1.5769291266168606,1.5529249999871817,1.4294537691144353,0.197130709244456,1.0,1.0,0.5,0.5,0.8,52,18.79546965202374,2135892.2226764136
7,36,1.3998565849080906,1.579043410262878,1.5691840865211333,1.5354793165620606,1.4328973599943284,0.19775631753639006,1.0,1.0,0.5,0.5,0.8,53,14.288397721986607,2142619.589146548
7,37,1.3993604356429095,1.5735923881628109,1.563546116902424,1.54571143459924,1.409412875738533,0.1968766568728218,1.0,1.0,0.5,0.5,0.8,55,11.907644451960769,2143170.8770004287
7,38,1.3997335643946087,1.5735440070217424,1.5634818306567597,1.5556047664409096,1.4006826961795615,0.19763223425739868,1.0,1.0,0.5,0.5,0.8,56,12.084591689026338,2147712.634259044
7,39,1.3992766907362337,1.5700039552931622,1.5598255264874954,1.5679699804089795,1.4052184053914702,0.19678544689531752,1.0,1.0,0.5,0.5,0.8,58,10.258261895746555,2148265.9194370406
7,40,1.3992933051774519,1.5693284890091443,1.5591239468847555,1.5574365427150823,1.3999691003141694,0.1968336119457741,1.0,1.0,0.5,0.5,0.8,60,11.515456118166332,2107766.377604964
7,41,1.3993087168368463,1.5630486278434372,1.5505347288208822,1.5688209101793316,1.4094630297124393,0.19696711566895983,1.0,1.0,0.5,0.5,0.8,62,9.502441346336033,2105662.008100436
7,42,1.3992240688156148,1.5607186573372958,1.5481201396582152,1.5702946670891276,1.4033819601813753,0.19684253551226696,1.0,1.0,0.5,0.5,0.8,64,9.181819283273333,2110680.776918846
7,43,1.3992787883684241,1.562863027349753,1.5544874354330351,1.5785589455215803,1.4009775605862966,0.19696306641332315,1.0,1.0,0.5,0.5,0.8,65,10.600233649814273,2106355.586456133
7,44,1.3992253776326677,1.55817634428254,1.5475541312058052,1.5791963440006533,1.413258717783914,0.1969207173373972,1.0,1.0,0.5,0.5,0.8,66,8.112172861784165,2112154.772958421
7,45,1.3991884201915226,1.5545491635832254,1.5437917828511996,1.5778742628289781,1.406302557475852,0.19691282286284847,1.0,1.0,0.5,0.5,0.8,68,9.608981440527604,2105749.7418721383
7,46,1.3991668846741128,1.5536312567540698,1.544912253539469,1.5920954479969003,1.4033724478821967,0.19690993240189567,1.0,1.0,0.5,0.5,0.8,70,10.156323845714862,2105677.0592778246
7,47,1.3992431563865093,1.5471500404019052,1.5381842780176869,1.5899156749272891,1.4130884469693803,0.19717581780602508,1.0,1.0,0.5,0.5,0.8,72,7.302228973871879,2101989.9188710265
7,48,1.3991665886794216,1.5485763348048402,1.5458836055873908,1.639192291786104,1.4022789152638349,0.19706462043500408,1.0,1.0,0.5,0.5,0.8,75,11.31610195616487,2449976.1847619507
7,49,1.3994258495795537,1.543506041089755,1.542685135747131,1.6490200063556206,1.4279086184727983,0.1976867149801827,1.0,1.0,0.5,0.5,0.8,76,4.267292871268194,2216699.187322556
7,50,1.3990334053388425,1.5335678400878572,1.5303159981602437,1.6490164137852887,1.416637235358016,0.19702169746692436,1.0,1.0,0.5,0.5,0.8,78,5.778145254290944,2218899.604263908
7,51,1.3990334053388425,1.5348951600288747,1.533765402554172,1.6696666664667985,1.398510932605076,0.19702169746692436,1.0,1.0,0.5,0.5,0.8,80,5.778145254290944,2218899.6042639087
7,52,1.3990282091479633,1.5355142633511791,1.5364801732325537,1.6818866545210232,1.4000784512539264,0.19702121258942867,1.0,1.0,0.5,0.5,0.8,82,6.002829278110148,2251718.506714892
7,53,1.3986604994660505,1.5367526101630768,1.5419233499021652,1.7191070289039354,1.3988087625814218,0.1963002349856912,1.0,1.0,0.5,0.5,0.8,89,5.739030891623365,116997450.07245895
7,54,1.398642624585313,1.532753218104906,1.5377744253165195,1.7248032668279105,1.4040042877483865,0.19631802908245038,1.0,1.0,0.5,0.5,0.8,92,5.688043549424367,59206547.45429
7,55,1.398786390438028,1.53239639946859,1.5394710516260626,1.7304263315131054,1.406372478058033,0.19662945157627984,1.0,1.0,0.5,0.5,0.8,93,3.8374779586309766,123657906.45050377
7,56,1.3987820075830117,1.5314534536567406,1.5384928656524863,1.7425818794924965,1.4003858744384354,0.19663278731003503,1.0,1.0,0.5,0.5,0.8,95,3.866694369830255,117001773.01357225
7,57,1.3987806323377812,1.532564427900585,1.5417178593259186,1.7637577845460748,1.3987895799913594,0.19663278731003503,1.0,1.0,0.5,0.5,0.8,97,3.8550254277945455,117001143.26838592
7,58,1.3988147695191344,1.5307268148501918,1.5398099725279173,1.7830304177889273,1.4066283932791361,0.19672483610531807,1.0,1.0,0.5,0.5,0.8,98,3.8001267470438207,53474524.09426421
7,59,1.398800855204236,1.529944252626411,1.5389985531225747,1.7773462707807672,1.4017254143922095,0.1967065773165571,1.0,1.0,0.5,0.5,0.8,99,3.5419732908740507,124916716.91333774
7,60,1.3986555822644768,1.5296580634266106,1.5407793373591268,1.794109797739932,1.4046887063905613,0.1964341907224732,1.0,1.0,0.5,0.5,0.8,100,5.107259435722558,53886337.5405392
7,61,1.3988934445210912,1.5262658823949418,1.5351786402409564,1.7873809375187424,1.4086154130847475,0.1969378553445528,1.0,1.0,0.5,0.5,0.8,101,3.1561196997533285,53862821.846782334
7,62,1.3987659847599387,1.5248988046528253,1.5358373632574591,1.806713310296604,1.4040135376509886,0.1967133261501663,1.0,1.0,0.5,0.5,0.8,103,4.226052214248223,53862389.44718549
7,63,1.398824962361148,1.519051746845499,1.5214794920585029,1.7436823500042642,1.398856769266275,0.19683822336480103,1.0,1.0,0.5,0.5,0.8,109,6.563132873412287,2210083.710476612
7,64,1.3987371824613337,1.5146171017600913,1.5168817509290151,1.7436203538149915,1.4079297843127772,0.1967120376052712,1.0,1.0,0.5,0.5,0.8,111,6.699135101623324,2212493.1312709143
7,65,1.3993462284867781,1.5140075108059565,1.5162264974245803,1.766846051122677,1.400760795132323,0.19794358540499224,1.0,1.0,0.5,0.5,0.8,114,4.430064263676255,77666785.06443259
7,66,1.399310867863782,1.5059691125710772,1.505815595301346,1.766921498482152,1.4136692557181434,0.19794369247863275,1.0,1.0,0.5,0.5,0.8,116,4.320306308857651,80473160.83092079
7,67,1.3993099247216745,1.5070751277080152,1.5090354802651715,1.7807413970047221,1.3994567335512307,0.19794406293867908,1.0,1.0,0.5,0.5,0.8,118,4.231888878440195,221443843386.99292
7,68,1.399309555971952,1.5043528575041005,1.502066489906714,1.7384769665643485,1.3992691157203287,0.1979440132923299,1.0,1.0,0.5,0.5,0.8,119,4.1855408946652,761635759.4492731
7,69,1.3993044534691867,1.5059061077437486,1.5078227877830015,1.7877456774423002,1.40379749889981,0.1979449545297453,1.0,1.0,0.5,0.5,0.8,120,4.3054345948717,225709742430.1668
7,70,1.3993014959092815,1.5067326434190198,1.510752774006594,1.7993805665430187,1.3997026680870608,0.1979440607975357,1.0,1.0,0.5,0.5,0.8,123,4.232416493207412,219958495423.20792
7,71,1.3993008002356762,1.5079210249711836,1.5140580778177808,1.821576812931726,1.399276290922343,0.19794405922720687,1.0,1.0,0.5,0.5,0.8,125,4.266264067797995,219114192313.2397
7,72,1.3993007934188793,1.5079198091450488,1.514056810498979,1.8215757092745588,1.3989773897444955,0.19794405797033668,1.0,1.0,0.5,0.5,0.8,126,4.291214446360658,218712759227.17792
7,73,1.3993283252701025,1.5063449865411087,1.5144942353245978,1.8369358667277014,1.4022394914440082,0.1980281348550868,1.0,1.0,0.5,0.5,0.8,130,4.495915656219737,218562319694.98813
7,74,1.3992596007539877,1.5062487498059927,1.5164693020240385,1.931341819441798,1.3993489446463314,0.1979037934692298,1.0,1.0,0.5,0.5,0.8,145,4.328111445284461,1.922429904730394e+16
7,75,1.3980693412332652,1.5088291155072642,1.5274803630164677,2.0092255069719887,1.3983349802966356,0.1955379953844536,1.0,1.0,0.5,0.5,0.8,157,9.937065768930822,2230036.9180273064
7,76,1.3980666377079567,1.5100142985465796,1.5307824451574175,2.006660707654924,1.3983987789082128,0.19553394617064784,1.0,1.0,0.5,0.5,0.8,158,10.11982161488598,2247056.9132725187
7,77,1.3980670275817175,1.5098201853648061,1.530581024002008,2.0174303315471054,1.398607426709967,0.19553652738739086,1.0,1.0,0.5,0.5,0.8,159,10.657097832972733,2229985.06431272
7,78,1.3983121282995088,1.5110215956419464,1.5338906306755447,2.034555131168153,1.3988230462112827,0.1960301913419389,1.0,1.0,0.5,0.5,0.8,161,7.039630068917956,2233432.5152376047
7,79,1.3979697426165696,1.509461800901517,1.5322852112183452,2.0395858744825173,1.3994645713733322,0.19535679483099117,1.0,1.0,0.5,0.5,0.8,164,11.259013386786483,2230316.41174931
8,0,0.6867768178960398,0.8035005065956677,0.7961696935518028,0.4487975726723143,0.0,0.0,0.0,0.0,0.5,0.5,0.8,1,4364.309820457238,126050.5425673244
8,1,1.8321111357307336,2.126358989281675,2.1158409586267495,1.7813525815859466,1.4310969352354461,0.10547423125172166,1.0,1.0,0.5,0.5,0.8,3,10166.871848628642,165493.05126384654
8,2,1.779886092020122,2.1293315897761715,2.1190075812994627,1.7936761477171628,1.3985173240062005,0.10101733992951742,1.0,1.0,0.5,0.5,0.8,4,10158.480925113276,156090.67223049575
8,3,1.5432791117822342,2.029662736874198,2.019717891248697,1.716457059700615,1.7036678056239103,0.10357517240974642,1.0,1.0,0.5,0.5,0.8,5,3017.902458442791,36660.03798858867
8,4,1.4720551497180385,1.9849650736842992,1.9754186711482313,1.6870414330635393,1.4535808385780111,0.10393240382870048,1.0,1.0,0.5,0.5,0.8,7,2433.622146778407,23924.834742750376
8,5,1.4172478637241646,1.925145772693216,1.9154173332842441,1.6448550384788965,1.4872631822294542,0.10516011952732482,1.0,1.0,0.5,0.5,0.8,9,1450.6330586580873,23685.76339873175
8,6,1.39154124382505,1.8738683705976675,1.8622007217424348,1.6013680308666531,1.4673368067237487,0.10656823301132272,1.0,1.0,0.5,0.5,0.8,11,765.9197252971892,68240.3523994772
8,7,1.3910826637923952,1.873940391314682,1.8643481061232063,1.6107531869109324,1.355901513240048,0.10656823301132272,1.0,1.0,0.5,0.5,0.8,13,764.5215413069312,68197.7561403685
8,8,1.3720763876460222,1.8059076348385117,1.7937868423514336,1.5556157083682107,1.649919626119066,0.10605494498267902,1.0,1.0,0.5,0.5,0.8,14,373.8934050782378,54988.01143426622
8,9,1.3711978209999445,1.8014000436808328,1.7891124235120304,1.5572861580184392,1.3627775009538736,0.10598475192315089,1.0,1.0,0.5,0.5,0.8,16,356.7780834558608,55533.42075928144
8,10,1.3632529551086914,1.7576258998345802,1.7458311792081236,1.5223392753895626,1.5424218769517526,0.10312213369986849,1.0,1.0,0.5,0.5,0.8,17,279.35225801602763,29667.188766084048
8,11,1.360252505614907,1.7348743429393227,1.7201873224877129,1.5026587205349924,1.4412094917239602,0.10156413331788143,1.0,1.0,0.5,0.5,0.8,18,217.33057728913235,10371.537329039566
8,12,1.3576493972492807,1.6971785442397667,1.6831369184679745,1.4798149972412893,1.4380292175429297,0.1026828413421037,1.0,1.0,0.5,0.5,0.8,20,268.8568700243113,26636.06857437993
8,13,1.3556602712788504,1.682311574502993,1.6677583238038294,1.4723225200688475,1.4104982546910119,0.10037785827175942,1.0,1.0,0.5,0.5,0.8,21,82.2250152294481,20015.00949651565
8,14,1.3566338453263986,1.6800027104877437,1.6673896628997062,1.472295778473139,1.3725481745564059,0.10285834304595234,1.0,1.0,0.5,0.5,0.8,22,240.574334663813,24614.15530462429
8,15,1.3562807384490592,1.6759500822544493,1.6631912958434991,1.4779145876634874,1.3598377900521061,0.1025656736052408,1.0,1.0,0.5,0.5,0.8,24,227.89582746987685,24485.695108861983
8,16,1.3551659711745243,1.6745293065191558,1.6617584986144252,1.4958947070561908,1.3516007454377226,0.10036963515284367,1.0,1.0,0.5,0.5,0.8,25,78.62636102998974,19907.709885767053
8,17,1.3562387769472957,1.674948870860629,1.6642222120138483,1.4985264650248085,1.3606101167836582,0.10273132554059308,1.0,1.0,0.5,0.5,0.8,26,240.97907205832536,22772.83157725831
8,18,1.35629657275754,1.6734643785852443,1.6606072285664724,1.5016143292667317,1.351731894381731,0.10286757617898368,1.0,1.0,0.5,0.5,0.8,29,252.2200447386641,21221.318596569075
8,19,1.3559034052809213,1.6706403072602736,1.6597577207345413,1.5247763433117196,1.359892928157715,0.10247297622527654,1.0,1.0,0.5,0.5,0.8,31,234.087479486972,24790.079768868647
8,20,1.3532222345398233,1.6737148425620885,1.6713342776991411,1.5539030663459308,1.352363665647378,0.09727453070718224,1.0,1.0,0.5,0.5,0.8,33,250.8792657816497,22292.92454512989
8,21,1.3526654056070622,1.6593856765575992,1.656470443944309,1.540869975909362,1.375890632863455,0.09727801367455127,1.0,1.0,0.5,0.5,0.8,35,230.31531667925748,22571.19244823317
8,22,1.3525425693950806,1.657709796874116,1.6568047187818915,1.548702704485281,1.3614085303149182,0.0972745290367264,1.0,1.0,0.5,0.5,0.8,36,229.50350722013664,22444.13803687727
8,23,1.3524240243715475,1.6546353877354858,1.653615502846788,1.5458935091934463,1.3617069462165454,0.09727801367455126,1.0,1.0,0.5,0.5,0.8,37,219.918571259196,22730.2000809764
8,24,1.351874976832138,1.6517462930625435,1.6485648997762294,1.5446480056617469,1.3528052573489864,0.09626420944409896,1.0,1.0,0.5,0.5,0.8,38,192.470511543194,53397.33281145484
8,25,1.3522686235309946,1.6513205203413777,1.6501779915505828,1.5538308086836383,1.3583401670064434,0.09722411870642744,1.0,1.0,0.5,0.5,0.8,39,210.67291566346765,22883.65975387772
8,26,1.3517179074155876,1.6473806206012722,1.6440360497115143,1.5478804990063084,1.3575714710802016,0.09628633861988056,1.0,1.0,0.5,0.5,0.8,40,197.102239617833,53019.248161219526
8,27,1.3519189113020311,1.6479355066710122,1.6487459140185639,1.5605232943939409,1.3591165309335038,0.09686952508940114,1.0,1.0,0.5,0.5,0.8,41,180.2374119206616,24625.73310695
8,28,1.351696643894721,1.6447153842444806,1.6454097914367924,1.5648889551968468,1.3550881756966802,0.09664817598537792,1.0,1.0,0.5,0.5,0.8,43,169.6079777377705,25123.123063687235
8,29,1.3514285544236617,1.6383553435981673,1.636743561178505,1.5676957552101136,1.3589590356965704,0.09645224624070452,1.0,1.0,0.5,0.5,0.8,45,192.7662169303873,24442.64932121981
8,30,1.350708253130161,1.623672522552297,1.623593951454028,1.5643417480556685,1.3825789023354118,0.09600053214145224,1.0,1.0,0.5,0.5,0.8,47,156.07159148107596,25989.21273077944
8,31,1.3521046850487486,1.6139118340658019,1.6134053675278581,1.5594115703052334,1.3999573942153614,0.09941965734729108,1.0,1.0,0.5,0.5,0.8,48,130.9104208454004,30527.11033046327
8,32,1.3507458408197566,1.6035693019346045,1.6027192440677966,1.5715209327993538,1.368740287627047,0.09715488387279439,1.0,1.0,0.5,0.5,0.8,50,129.06634135232866,26951.505116407217
8,33,1.350613695899467,1.6026887018881277,1.6018100306439544,1.5750533042815094,1.350134545301397,0.09692629111896243,1.0,1.0,0.5,0.5,0.8,52,123.60332396107344,27526.772024254376
8,34,1.3492857407707182,1.599036700892629,1.5980693205867962,1.570934570585236,1.3576049325256088,0.09437986913627791,1.0,1.0,0.5,0.5,0.8,53,123.43591383076368,33821.17543332917
8,35,1.3504911472141106,1.5983204696398114,1.5972797051892076,1.5785128794104653,1.3570638721996537,0.09687938132163935,1.0,1.0,0.5,0.5,0.8,54,123.30108449267554,27261.22870119662
8,36,1.3504878053477944,1.5948228593917293,1.5936488280761503,1.5864637286134473,1.3563412652122468,0.09702928026138355,1.0,1.0,0.5,0.5,0.8,56,117.2990846188508,27401.217168495863
8,37,1.350290662628771,1.589417534920662,1.5880450237981159,1.581581377939676,1.3717229785176117,0.09685784920828776,1.0,1.0,0.5,0.5,0.8,57,109.01493791597976,27837.53689301408
8,38,1.3501658968819572,1.5863701159090315,1.5848863353072384,1.5788297612643214,1.3548999729920514,0.09672825466750616,1.0,1.0,0.5,0.5,0.8,59,105.81890075509315,27484.51020953365
8,39,1.350170653264256,1.585174682921155,1.5836452070544262,1.5888476138838095,1.3510690831687127,0.09678585003070424,1.0,1.0,0.5,0.5,0.8,61,105.89723144061398,27652.777009975103
9,0,0.22762657506762077,0.6936174697793497,0.6821873870132846,0.34974670049973394,0.0,0.0,0.0,0.0,0.5,0.5,0.8,1,45375.61633830325,126990.70514970676
9,1,1.950453676371124,2.5220027057591983,2.509558982473136,2.179776950388991,1.890186972185321,1.0,1.0,1.0,0.5,0.5,0.8,3,1.0653289496906507e+74,1.9277380994402246e+74
9,2,1.4218699694783719,1.8659006614333205,1.846027710496604,1.5509995168678803,2.209668907264536,0.19718783006480362,1.0,1.0,0.5,0.5,0.8,4,797333.7612435357,1424873.8853018023
9,3,1.420273859785775,1.8630760829804314,1.843143301421356,1.5567066041967335,1.4009003475869195,0.1947479292712976,1.0,1.0,0.5,0.5,0.8,6,797607.9519627135,1425337.8149280483
9,4,1.393383174244021,1.8237411755898363,1.8032138595308278,1.5342956686547946,1.409765179240684,0.1479514539477676,1.0,1.0,0.5,0.5,0.8,8,867208.940914165,882139.4717574973
9,5,1.3925384955749134,1.8203495588093983,1.8017682491499147,1.545603131346715,1.3835916677629312,0.14795145394776757,1.0,1.0,0.5,0.5,0.8,10,867963.876490814,882958.4837817444
9,6,1.3909093581971002,1.8032057608992387,1.7839267302382773,1.5229243789919413,1.4569048706155356,0.1510707218314009,1.0,1.0,0.5,0.5,0.8,11,415176.9425837812,1344688.956681024
9,7,1.3903350556779848,1.8007530864637704,1.783454913554995,1.526852803927182,1.3838318918088284,0.15108206285428474,1.0,1.0,0.5,0.5,0.8,13,441940.3720491511,1425400.7503050126
9,8,1.383408057798628,1.767335358043491,1.7489015277590483,1.5211475288284273,1.506181138398584,0.145126552541787,1.0,1.0,0.5,0.5,0.8,14,420043.4100760648,1349254.27164808
9,9,1.3743962828399336,1.7290073341343446,1.709365556258602,1.4860236386441845,1.4376585475797867,0.13322871420421528,1.0,1.0,0.5,0.5,0.8,16,428482.8261254252,1360218.1787177462
9,10,1.3727666193722894,1.7200779346764685,1.7001415645466107,1.4778386165797786,1.3826148451862266,0.13116440688640407,1.0,1.0,0.5,0.5,0.8,18,431663.0014443521,1366556.3504029724
9,11,1.374269585250348,1.718551502705429,1.7005617139849147,1.4933095864389094,1.3885556733973532,0.13486577378676332,1.0,1.0,0.5,0.5,0.8,19,435613.1332589325,1381593.7984194097
9,12,1.3734008749264475,1.7083383637485723,1.692044587870078,1.4916528769005792,1.3920755861824878,0.1346325170655715,1.0,1.0,0.5,0.5,0.8,21,404451.4980485649,1288340.8433051934
9,13,1.0692848277666473,1.3883124613090938,1.3693183819517443,1.186804398054223,1.0986272879162318,0.08903941986227189,0.439192060951065,1.0,0.5,0.5,0.8,23,118.71791587507748,332650.6427382886
9,14,1.0697716869652687,1.3797166351691255,1.3603654149531528,1.1857850669549452,1.086021244700209,0.089432711847011,0.4407497209871115,1.0,0.5,0.5,0.8,25,109.43417913505644,333244.49720841664
9,15,1.0744304760757992,1.3300324609356409,1.3106470662587981,1.1497697665775748,1.1981622369237126,0.09178254782561832,0.4519815703260567,1.0,0.5,0.5,0.8,27,72.971281425944,337126.63067991554
9,16,1.0809478700587696,1.3102340243665531,1.2898428671073945,1.1393709705314956,1.1378405730087053,0.08929564018832384,0.4687879014405139,1.0,0.5,0.5,0.8,29,74.23180432935739,342202.9734810529
9,17,1.0775681118570701,1.300677892675663,1.2800515476632146,1.140610446073071,1.0896026431565684,0.08913377870526476,0.4624450136519595,1.0,0.5,0.5,0.8,31,65.83831784377037,341745.6028463839
9,18,1.1084235496426973,1.3314353986651828,1.3128769570670946,1.2244240737751797,1.107204709871389,0.0933697867999027,0.5199764546052215,1.0,0.5,0.5,0.8,43,49709.25896321982,461341.9240337102
9,19,1.1092821256520404,1.3245281370556872,1.3056744878804274,1.2284623367681728,1.1249968030459285,0.09293028727625684,0.5224262214371345,1.0,0.5,0.5,0.8,45,49841.83759635368,463345.8826573468
9,20,1.109996127562308,1.3200399800476323,1.3030605674885318,1.2482200213459003,1.1230527386244697,0.09201898388680474,0.5249943527110167,1.0,0.5,0.5,0.8,47,49893.18170379162,465064.2327776211
9,21,1.1084131636162151,1.3181101431529387,1.3011175743366186,1.2506581870016165,1.1084727790707167,0.09275215460208655,0.521106970977733,1.0,0.5,0.5,0.8,48,49857.08561108057,463021.4375479735
9,22,1.1112508421737848,1.317619915583399,1.3005011328079983,1.253081898717511,1.1246387231876582,0.09208028026758001,0.5275646109662377,1.0,0.5,0.5,0.8,49,50109.79009128024,467389.4993428185
9,23,1.1095981312224903,1.3151419542955998,1.2979918859292792,1.2551496688064254,1.1118561462930052,0.09254733495075902,0.5238189305860504,1.0,0.5,0.5,0.8,50,50052.91153337476,465383.3219340621
9,24,1.1112277712483862,1.314316589236538,1.297073478422879,1.2616162611006272,1.1207769458450771,0.09205540710864536,0.5276485148681557,1.0,0.5,0.5,0.8,51,50262.85182217209,466593.7883384355
9,25,1.1125640004937742,1.3144639389602357,1.297175772463206,1.2689277825236485,1.1138511641977078,0.09211635817945343,0.5302972661403569,1.0,0.5,0.5,0.8,53,50480.774426401535,468929.7702544133
9,26,1.1017162865866945,1.3011128655049284,1.2837298638493506,1.251105024672884,1.1115303902715163,0.09107943442137309,0.5097157010456097,1.0,0.5,0.5,0.8,54,51425.9154674106,655599.6572257945
9,27,1.0962217070981717,1.2919437735748045,1.2744216570732574,1.2492385637928556,1.1113896036085789,0.09408835295671993,0.49582764415839947,1.0,0.5,0.5,0.8,55,50556.45732559272,489103.7381601938
9,28,1.097159338094281,1.285444867546592,1.2676414229339033,1.2503877583642644,1.112473199048813,0.09263840414337352,0.499361356529317,1.0,0.5,0.5,0.8,57,49829.45376438893,551822.6146813101
9,29,1.0982994681147606,1.281329633118835,1.2612556229645437,1.2359460589253992,1.1059078005306018,0.09369958109488764,0.5006845436441495,1.0,0.5,0.5,0.8,59,50910.89164732612,493431.8548503976
9,30,1.0966116645015225,1.2793343122708407,1.259248688487334,1.2494844490557864,1.096869775374114,0.09395451888416638,0.4970619555130343,1.0,0.5,0.5,0.8,60,50790.92823219234,491010.4937217881
9,31,1.099321346247335,1.2808781399880864,1.262820379140822,1.2603216400559567,1.1093030125649568,0.09326685956765182,0.5032326679700951,1.0,0.5,0.5,0.8,61,51047.72153212295,495390.6266071217
9,32,1.6101585080169252,1.777079148782784,1.7626130540957778,1.802848069690904,1.6284577313120812,0.6185739185107313,1.0,1.0,0.5,0.5,0.8,65,1.058278157454995e+22,1.915026824644192e+22
9,33,1.6094417392430933,1.7696270266631504,1.7549070989454836,1.80784497839278,1.6235152766411574,0.6172776201413743,1.0,1.0,0.5,0.5,0.8,67,1.058278157483702e+22,1.9150268246539834e+22
9,34,1.6068691995691893,1.762922341667248,1.7480467700854747,1.8093406780487424,1.615230944536536,0.612212202623025,1.0,1.0,0.5,0.5,0.8,69,1.0582781575047657e+22,1.915026824692099e+22
9,35,1.608288918646673,1.7630982398625856,1.7481758333520168,1.8135390376448985,1.6130376947429377,0.6150750025276066,1.0,1.0,0.5,0.5,0.8,70,1.0582781574873686e+22,1.9150268246599058e+22
9,36,1.6082876593234405,1.7642888905689538,1.7514834716876848,1.8332520727405333,1.6078359303355707,0.6150750025276065,1.0,1.0,0.5,0.5,0.8,72,1.058278157487055e+22,1.9150268246593383e+22
9,37,1.6090147604314267,1.7668434207669388,1.7582510611296631,1.8614257297151136,1.609503602062517,0.6165447078387174,1.0,1.0,0.5,0.5,0.8,75,1.0582781574992311e+22,1.9150268247342745e+22
9,38,1.6205969728606764,1.763805183772638,1.7505183184374618,1.8453909582559829,1.6727917792167069,0.6399170918701029,1.0,1.0,0.5,0.5,0.8,76,1.058273607863026e+22,1.915018591764588e+22
9,39,1.6192509897889942,1.756948614650109,1.743454593322471,1.8468751093737954,1.6308189088990719,0.6373127239053273,1.0,1.0,0.5,0.5,0.8,78,1.0582736078731336e+22,1.9150185917795065e+22
9,40,1.6173612559899377,1.7526347162918157,1.739049528771178,1.8505989352196413,1.6221350757689152,0.6335702649819039,1.0,1.0,0.5,0.5,0.8,80,1.058273607894197e+22,1.915018591817621e+22
9,41,1.6225668353909546,1.7348220136700858,1.7162277932667953,1.835297957127281,1.6670298228405156,0.6442587175168092,1.0,1.0,0.5,0.5,0.8,82,1.0582736078495596e+22,1.915018591753136e+22
9,42,1.6221682371356454,1.7300506295471485,1.7112922781275488,1.8385917035565775,1.6314913584077355,0.6435144666973351,1.0,1.0,0.5,0.5,0.8,84,1.0582736078511131e+22,1.9150185918232086e+22
9,43,1.6186118569113388,1.7220039069619302,1.7030770878369834,1.8385828862374718,1.6280463335209108,0.6364527758985014,1.0,1.0,0.5,0.5,0.8,86,1.0582736078573731e+22,1.9150185918698548e+22
9,44,1.6192443997521457,1.7215341716832744,1.7025660071456254,1.8496155280828261,1.6236607655065918,0.637729987972179,1.0,1.0,0.5,0.5,0.8,87,1.058273607934627e+22,1.9150185919017063e+22
9,45,1.61860292409973,1.7217003505764936,1.704834758404414,1.8500758166314215,1.6205148658876067,0.6364527758985014,1.0,1.0,0.5,0.5,0.8,88,1.0582736078550948e+22,1.915018591865732e+22
9,46,1.617203224901393,1.7196849295605685,1.7027962625150548,1.8750804653193083,1.6172175080033888,0.6336601393096755,1.0,1.0,0.5,0.5,0.8,95,1.0582734005109996e+22,1.91501821666399e+22
9,47,1.6001736555414268,1.7013702232779213,1.6865056962056069,1.876781011156054,1.6026907670166066,0.5996292244926809,1.0,1.0,0.5,0.5,0.8,99,1.058278405217314e+22,1.9150272729686173e+22
9,48,1.599356317361027,1.6992677333973925,1.6843549643000162,1.8942970373718584,1.6018335420897971,0.5980081601075234,1.0,1.0,0.5,0.5,0.8,101,1.058278405218643e+22,1.9150272729631454e+22
9,49,1.362583389810029,1.4339128424205199,1.4179289524662566,1.7136505083790945,1.3724342004229324,0.12472351762100567,1.0,1.0,0.5,0.5,0.8,114,842037.6814609701,2345585.660637249
9,50,1.362537851594772,1.4268684281218726,1.4106223949308405,1.7111829481690997,1.37200111216772,0.12468553394864663,1.0,1.0,0.5,0.5,0.8,117,841690.0124574249,2344946.460362568
9,51,1.36243013056244,1.4218076784181273,1.4033038317682118,1.7234087839965493,1.37056354710863,0.1244962504083893,1.0,1.0,0.5,0.5,0.8,119,841865.1109275818,2345249.5625235224
9,52,1.3624276813160223,1.4224324520622391,1.4060244623817497,1.7305656649886434,1.3637509763078401,0.1244962504083893,1.0,1.0,0.5,0.5,0.8,121,842057.8396021869,2345797.559837173
9,53,1.362662634892461,1.423230000869105,1.4089155295457014,1.7528360771225064,1.3664194013220456,0.12497150283506744,1.0,1.0,0.5,0.5,0.8,122,841683.503620652,2344564.272259574
9,54,1.3625736397665347,1.4231821364798767,1.4109415882107976,1.7664460842628358,1.3694183414875112,0.1248024571287167,1.0,1.0,0.5,0.5,0.8,123,841983.6957724111,2345645.236635465
9,55,1.3629635946595071,1.415128385966332,1.406716665151522,1.7807569600331277,1.4055754838912469,0.12565457925423806,1.0,1.0,0.5,0.5,0.8,124,844154.753203191,2342364.868082304
9,56,1.3626824009038654,1.4105190645802899,1.395728104707377,1.7768818122027303,1.3626107383645478,0.12509430110716543,1.0,1.0,0.5,0.5,0.8,131,842802.5564444581,2341390.343785929
9,57,1.3621487728418646,1.4108036838101858,1.4001881842757018,1.7859410343593236,1.3658871142273878,0.12403817213674302,1.0,1.0,0.5,0.5,0.8,134,842383.2808920749,2340911.10588619
9,58,1.3626436021615709,1.409395804972418,1.3987090756633953,1.8038678860065966,1.3678870549774076,0.1250391884102524,1.0,1.0,0.5,0.5,0.8,135,843103.4301182767,2340702.901935331
9,59,1.3625696445893134,1.4053020778629088,1.394464968465293,1.8082212725829956,1.3727831399669816,0.1249144899169321,1.0,1.0,0.5,0.5,0.8,137,842964.7496351633,2339311.171671356
9,60,1.3620976034937242,1.401711363780487,1.3886851513910314,1.8068503701905658,1.3627704316042715,0.12398047414048603,1.0,1.0,0.5,0.5,0.8,140,842522.5363425376,2341558.2471292904
9,61,1.3621040812781224,1.4005794187793028,1.389583061123779,1.8321291574717926,1.367380309976872,0.12400698876290095,1.0,1.0,0.5,0.5,0.8,143,842090.1099768656,2339115.3818642013
9,62,1.362104138762283,1.4019282072130186,1.3930547565144855,1.8402064426877283,1.3626570625792445,0.12400698876290095,1.0,1.0,0.5,0.5,0.8,145,842282.7781471752,2339662.1262352616
9,63,1.362399526373009,1.3973119198855484,1.3882547280825672,1.8603235716414013,1.3684486963321372,0.12462375349205994,1.0,1.0,0.5,0.5,0.8,148,843734.521656706,2341043.3079677336
9,64,1.3624680142235688,1.3941630428730551,1.3849855039541343,1.8654645006651833,1.3697869500453748,0.12477707898997561,1.0,1.0,0.5,0.5,0.8,150,843185.346877302,2341693.947658285
9,65,1.3625005650716553,1.3916562539448232,1.3823837910370997,1.871196083739865,1.3668732050464854,0.12485477443021879,1.0,1.0,0.5,0.5,0.8,152,842566.0650219606,2340306.527820774
9,66,1.3623616139605899,1.3917620235210568,1.3866436114615794,1.896605633934407,1.3661030049637435,0.12458841683390272,1.0,1.0,0.5,0.5,0.8,155,842279.0970991972,2339824.3154498064
9,67,1.3623616139605899,1.3930893434620744,1.390093015855508,1.9123062842628802,1.3622946744929796,0.12458841683390272,1.0,1.0,0.5,0.5,0.8,157,842279.0970991972,2339824.3154498064
9,68,1.3617880581677948,1.3905842054270516,1.3854432031017636,1.9078137226686223,1.3625999364029404,0.12344417072633881,1.0,1.0,0.5,0.5,0.8,158,897281.4482973092,2195559.9858280392
9,69,1.3622132241258353,1.3893254086558833,1.384121426292308,1.9190477230932832,1.3736037299083521,0.12430239639434142,1.0,1.0,0.5,0.5,0.8,159,842216.4559627622,2339470.6589137907
10,0,0.9477278442745691,0.8413828366530036,0.8354653200830178,0.48321502418793505,0.0,0.0,0.0,0.0,0.5,0.5,0.8,1,7661.37682326048,161796.07388494074
10,1,0.7697408318471896,0.8155444120126182,0.8086629091857358,0.4614123869092405,0.09068268614073968,0.0,0.0,0.0,0.5,0.5,0.8,2,4799.349730268837,143210.9342088247
10,2,0.7222396710583265,0.8099759710857479,0.8049593543844423,0.4574261901228905,0.02776739567563015,0.0,0.0,0.0,0.5,0.5,0.8,3,4240.377704560557,135663.17236711146
10,3,1.8212642356556479,2.181430703795299,2.173037071232702,1.8366461626867616,1.6481044660537993,0.2128400423897047,1.0,1.0,0.5,0.5,0.8,4,6865.10119878541,159345.6239174155
10,4,1.681061510299752,2.1203392073973477,2.1117409861096226,1.7942887797811822,1.4961978042722195,0.21273435228913867,1.0,1.0,0.5,0.5,0.8,6,4500.263997904639,116618.21938442938
10,5,1.6324824558269295,2.0957310656214494,2.0865657534216044,1.7751151535778265,1.4304802694857446,0.1939202088463145,1.0,1.0,0.5,0.5,0.8,8,2855.775407551702,81748.05533408617
10,6,1.1789464454741192,1.6601108707001933,1.6503560203184007,1.340973472066005,1.0444661540019247,0.09353769975972456,0.31171807376824423,0.9681450923638714,0.5,0.5,0.8,9,1171.9171853092637,22227.217386822053
10,7,1.40296088909364,1.865227953881834,1.8483351839314885,1.571645786510758,2.211850769104509,0.14718460284670665,1.0,1.0,0.5,0.5,0.8,10,1007.0785352760454,21395.94080687036
10,8,1.4029685518207704,1.8464447542369362,1.8306608817914267,1.5612097565598186,1.4400177007009793,0.16128387301884284,1.0,1.0,0.5,0.5,0.8,12,806.1499506218106,23196.303456077258
10,9,1.4018121623702888,1.8425429001867892,1.8286862278038358,1.5547290028886593,1.3882596490051122,0.1612703923067476,1.0,1.0,0.5,0.5,0.8,15,847.1051765563728,28002.07564467655
10,10,1.4011542411034894,1.8388025082570887,1.8248001936483103,1.5651189385388466,1.3979162363480522,0.16159798278786378,1.0,1.0,0.5,0.5,0.8,16,816.602964840747,25659.25764587272
10,11,1.3858242529437743,1.8031865791832071,1.78825205157584,1.5509982267999443,1.4269283427312462,0.14034623387908254,1.0,1.0,0.5,0.5,0.8,18,439.35487051365664,19799.07423096413
10,12,1.3796183494464906,1.7632203543317788,1.7468391266940801,1.5211014388600597,1.4522013378726395,0.1379735343331993,1.0,1.0,0.5,0.5,0.8,20,286.6497368982671,16967.61537094595
10,13,1.372278812906663,1.6908583079802364,1.6718460649774896,1.4620428943804527,1.5222995612778205,0.13429290192014726,1.0,1.0,0.5,0.5,0.8,22,278.7937320320305,3023.781809397211
10,14,1.3696700946962668,1.6538712150448331,1.6335172196699872,1.4371476004830361,1.4438747083413548,0.13225566543566825,1.0,1.0,0.5,0.5,0.8,24,35.53379312574731,671.3440140577595
10,15,1.3696700946944103,1.6538712150990578,1.6335172197242116,1.4285211473585822,1.3661279161032014,0.13225566554411713,1.0,1.0,0.5,0.5,0.8,25,35.53378814307834,671.3440055469774
10,16,1.3689588486046644,1.6292081923741224,1.607930041282298,1.4214047957275127,1.4747228880024044,0.13246804547590252,1.0,1.0,0.5,0.5,0.8,26,35.41644827512117,577.0183061103485
10,17,1.3716131939770804,1.600557417493214,1.578081617207939,1.3992112232032445,1.5111325419074082,0.13937997257252926,1.0,1.0,0.5,0.5,0.8,27,56.95283330142993,1633.9799269405755
10,18,1.3701493662161464,1.5862671630640313,1.5653744697489762,1.400728116446625,1.4012591326743036,0.1370357440814988,1.0,1.0,0.5,0.5,0.8,29,35.073337310923606,1246.9127925937923
10,19,1.370031151158879,1.5802572003061952,1.5612129100015322,1.4135435239083853,1.3833255572080847,0.1370357440814988,1.0,1.0,0.5,0.5,0.8,31,35.841562082056974,1241.346142780923
10,20,1.3699562955628846,1.5742838150611218,1.552944065497175,1.374164025628154,1.3883673936226688,0.1370357442054896,1.0,1.0,0.5,0.5,0.8,32,38.81582054507084,1235.7212318877962
10,21,1.3699108311791164,1.5713346257392118,1.54988480124002,1.3779849514372196,1.374981193084821,0.13703868964513438,1.0,1.0,0.5,0.5,0.8,34,38.39159461223012,1268.199556189807
10,22,1.370273128124919,1.5694544931664822,1.556207007556478,1.4576900695008987,1.3717959122123533,0.13799460677301129,1.0,1.0,0.5,0.5,0.8,46,75.63072178844538,6055.420978538963
10,23,1.3705456446415094,1.5682154328837878,1.5549107135256293,1.4669481068870909,1.372650371559042,0.13858380722854535,1.0,1.0,0.5,0.5,0.8,48,76.48136414798225,5972.3856626747165
10,24,1.3702432697532256,1.566149069246651,1.55277761486182,1.4724577328482067,1.3768551651644594,0.1380297561673156,1.0,1.0,0.5,0.5,0.8,49,82.15551231525146,5912.871794177158
10,25,1.370592257868567,1.5649048961136076,1.5514731598437295,1.475068581635447,1.3764602152231775,0.13877270159845928,1.0,1.0,0.5,0.5,0.8,50,69.81618074650146,6240.411423028299
10,26,1.368788690230729,1.5535209435057393,1.5397270420855587,1.4683442789055925,1.4102391219606887,0.13542106320546402,1.0,1.0,0.5,0.5,0.8,51,85.32947161511049,6075.985177897919
10,27,1.3687911079011192,1.547607994982102,1.53359065425517,1.4704520771629692,1.3811058705382686,0.13557369393888483,1.0,1.0,0.5,0.5,0.8,53,58.69666302799076,5535.592237027843
10,28,1.3688228219431293,1.542482574054214,1.528270629145824,1.4769273838418544,1.3792200102753882,0.13575605345542363,1.0,1.0,0.5,0.5,0.8,55,52.64553333101014,5799.812712798406
10,29,1.36869174185259,1.5393444780605972,1.5250190811608022,1.4740980715281586,1.3745282286556162,0.13556176392986047,1.0,1.0,0.5,0.5,0.8,57,57.39982892738543,5561.7798182175375
10,30,1.3688868720273137,1.5370052381863517,1.5225842950905109,1.483072003511401,1.3788035074069078,0.13600485640739418,1.0,1.0,0.5,0.5,0.8,58,58.76069789922739,5830.835801310558
10,31,1.368645700932365,1.5362374605814773,1.523868733550675,1.4847206222383744,1.3759822774294452,0.13556176392986047,1.0,1.0,0.5,0.5,0.8,59,60.83969577774222,5532.708756596835
10,32,1.3686456958503106,1.5375642944434147,1.527317642283156,1.4957368066372692,1.3677820974378787,0.13556176392986044,1.0,1.0,0.5,0.5,0.8,61,60.76840415041429,5533.1541574239
10,33,1.3686456958503088,1.5375642944434147,1.527317642283156,1.5145120914386114,1.3677809193642037,0.13556176392986044,1.0,1.0,0.5,0.5,0.8,62,60.76840416984535,5533.154157301969
10,34,1.3687304689560427,1.5355463629189035,1.5252204750269307,1.5091394431349876,1.3771925698256462,0.13577496115833015,1.0,1.0,0.5,0.5,0.8,63,54.71381444141856,5840.557119313879
10,35,1.3685361697729688,1.5287042249757932,1.516055756767744,1.5117581708851935,1.391283086751831,0.1354926956384748,1.0,1.0,0.5,0.5,0.8,64,51.37999671577111,5514.176798967186
10,36,1.3683775212602827,1.5276453037636737,1.5170350343365406,1.528662095296811,1.3695794174770315,0.1352182271118136,1.0,1.0,0.5,0.5,0.8,69,64.37898024526095,5529.613930879284
10,37,1.3676376266907948,1.5221009248951631,1.5113097340617132,1.5351336953299382,1.388491615951207,0.13382893437590362,1.0,1.0,0.5,0.5,0.8,70,65.12894313943107,5510.88448882764
10,38,1.3677454116433656,1.5163822689414985,1.5095161305771674,1.5391166705220325,1.3856622253928268,0.1341901389633241,1.0,1.0,0.5,0.5,0.8,72,66.709290897835,5608.732660922176
10,39,1.3677428947555061,1.5174025894369298,1.512647127564372,1.558396284331176,1.3677659605217092,0.1341901389633241,1.0,1.0,0.5,0.5,0.8,74,64.96679657752803,5618.763565089204
10,40,1.3677900797345897,1.5152615614954086,1.5104237548976824,1.5644460456687537,1.3719915674054344,0.1343203039022807,1.0,1.0,0.5,0.5,0.8,76,59.94727256988376,5877.63549012833
10,41,1.367711585657231,1.5121876882707492,1.5072372707452555,1.5696437681806295,1.3737179196565243,0.13421103685015595,1.0,1.0,0.5,0.5,0.8,78,67.44687356082349,5736.952487009604
10,42,1.3675512243499859,1.5077774958945365,1.5047395079812054,1.5883830678327058,1.370064575691138,0.13397537574212776,1.0,1.0,0.5,0.5,0.8,86,61.45911795389333,7108.271203899804
10,43,1.3675685089317495,1.5061054322107608,1.5030039639834953,1.590866729015969,1.370744933330832,0.13403477409247372,1.0,1.0,0.5,0.5,0.8,88,59.64847563262534,7206.455261102153
10,44,1.3674807528061812,1.4999730946110714,1.4966445335861782,1.593310139433155,1.3803061744333118,0.13394467856937553,1.0,1.0,0.5,0.5,0.8,90,53.88230223187143,7342.168398805162
10,45,1.367477925091276,1.5008825485696813,1.49966049581237,1.6051860350431886,1.3678844053392938,0.13394467856937553,1.0,1.0,0.5,0.5,0.8,92,53.23633349618335,7346.77956806633
10,46,1.3665819395611836,1.4961470743167566,1.498925370639022,1.6558861100526177,1.3756644620352736,0.13223843830002696,1.0,1.0,0.5,0.5,0.8,95,53.13818250813858,5652.047583614748
10,47,1.3665475270147684,1.4969781455834834,1.5018611856040467,1.6597635245104527,1.3671038908328463,0.13217548617869385,1.0,1.0,0.5,0.5,0.8,97,53.6967478814863,5641.869226125298
10,48,1.367043280202704,1.4923516613621195,1.5053315640868288,1.7694320514194077,1.3686449074689768,0.13329277186742555,1.0,1.0,0.5,0.5,0.8,120,52.50496346138887,6678.110627354663
10,49,1.3670432802048642,1.4936789813099431,1.5087809547191897,1.7784047104677567,1.366646420108236,0.13329277188103772,1.0,1.0,0.5,0.5,0.8,122,52.50496338200554,6678.108268673694
10,50,1.3670439172327091,1.4950039982277636,1.5122279702604366,1.795953263401855,1.3666535660305197,0.13329407979678315,1.0,1.0,0.5,0.5,0.8,124,52.50406864752307,6678.297517749959
10,51,1.3669300667774105,1.4938449906788942,1.511029750713948,1.7949014031144213,1.371148657234448,0.13307827570670183,1.0,1.0,0.5,0.5,0.8,125,55.68572577651737,6436.344290835511
10,52,1.3673807683568164,1.4915040068781356,1.506511740597861,1.8228058317635358,1.367642524015811,0.1339961011327122,1.0,1.0,0.5,0.5,0.8,135,47.86201986424792,5721.094424032281
10,53,1.3728849514527555,1.4951348056400264,1.5121445787685366,1.839826803800794,1.386615933945458,0.1450395559249619,1.0,1.0,0.5,0.5,0.8,136,66.15310967228608,6130.412861797484
10,54,1.367321148327438,1.4906574093008846,1.509780209704821,1.86000135913097,1.3673151579678633,0.13391458218100608,1.0,1.0,0.5,0.5,0.8,139,48.03182668556428,6086.760722880421
10,55,1.3670605069648367,1.4885112392242614,1.507563365093564,1.8623645100772452,1.3750194619516387,0.13341341581192706,1.0,1.0,0.5,0.5,0.8,140,48.26085226104121,6361.596917154643
10,56,1.3670605069670159,1.4911658791078592,1.514462173882984,1.8753255840801126,1.3667067171538299,0.13341341581505256,1.0,1.0,0.5,0.5,0.8,144,48.26085236466662,6361.596917044726
10,57,1.3670104957259457,1.4942565012649758,1.5238875345706213,1.8323429996355538,1.3703594018692131,0.13332221466826966,1.0,1.0,0.5,0.5,0.8,145,47.69704781417924,6718.123423461892
10,58,1.3669173829989312,1.4885612238897048,1.5117652048226633,1.8772823594043484,1.3737037748267564,0.1331527954786615,1.0,1.0,0.5,0.5,0.8,146,50.43819433825003,6402.954119091753
10,59,1.3669135449799663,1.4891333389668207,1.5144312438350744,1.8992367741011988,1.368224118166067,0.1331527954786615,1.0,1.0,0.5,0.5,0.8,148,48.96095028562831,6412.898001062528
11,0,0.6613894112208728,0.799751702704637,0.7922810918099934,0.44541849415674134,0.0,0.0,0.0,0.0,0.5,0.5,0.8,1,6632.029748301574,126113.1727563216
11,1,0.6604798990520113,0.8009418673319253,0.795588186294906,0.45684749941866337,0.00029989945288113164,0.0,0.0,0.0,0.5,0.5,0.8,3,6616.265463953991,124974.59545673092
11,2,0.6666447435182012,0.8816007221226614,0.873577971982508,0.5353610084205552,0.1608758375021283,0.00768743383002545,0.18128704488537878,0.00270249612524967,0.5,0.5,0.8,4,6401.431282811146,111000.32696045084
11,3,0.9567812918799214,1.2724646265795558,1.2617941289290842,0.9341805465382859,0.6022502692304849,0.00043851429213076005,1.0,0.00338806085250123,0.5,0.5,0.8,5,12245.02946654574,163643.2542319127
11,4,0.985734920370944,1.4851856024102938,1.474595889141718,1.1689895478144172,1.2758180516453055,0.04146880335705279,0.668304652907292,0.5871377936783528,0.5,0.5,0.8,6,1631.6428298018614,46384.90078243079
11,5,1.3417639769774727,1.7892767258312456,1.7716320231100018,1.5002881413690163,1.7319554280883291,0.035596411453098,1.0,1.0,0.5,0.5,0.8,8,797.0987270991875,27370.274160940287
11,6,1.3339180176700118,1.7543423331971792,1.7354258968088236,1.4739802385833751,1.3916270347456337,0.033903619703262576,1.0,1.0,0.5,0.5,0.8,10,531.174679509326,10324.165024034048
11,7,1.3406887166793304,1.7531595852806579,1.7338881430207027,1.481140197200515,1.3461432576323142,0.05057168443067054,1.0,1.0,0.5,0.5,0.8,12,81.63841015803443,6287.992978450294
11,8,1.3285127446034941,1.6870926232991108,1.6676125208802772,1.4361799539304816,1.4571607156137458,0.04073396077525644,1.0,1.0,0.5,0.5,0.8,14,414.9967950567335,8683.96170187793
11,9,1.1893112777147272,1.467647882070954,1.4470668013037296,1.234462620250968,1.3752039810112489,0.04307677701294585,1.0,0.8305636627170404,0.5,0.5,0.8,16,188.03392379106324,3625.280003200173
11,10,1.198061784497618,1.470881871006683,1.4521586991010795,1.2322675827995366,1.210484242052413,0.04344961238791387,1.0,0.8415683123584913,0.5,0.5,0.8,18,176.3139829699683,3454.763383023428
11,11,1.3267925032685048,1.5940641635161892,1.575126941594709,1.361542442745033,1.3501778103274118,0.047800634390226235,1.0,1.0,0.5,0.5,0.8,19,154.08516404684232,146949.25566042756
11,12,1.2331264638488926,1.4868970252175946,1.4674414981079487,1.269765388577834,1.2903155291404884,0.04483314277611628,1.0,0.8852616433825601,0.5,0.5,0.8,20,143.5686752352829,2921.498168421537
11,13,1.1791233624126671,1.418705696694531,1.4028500740244974,1.2037977412970116,1.252784991377568,0.04561650626520139,1.0,0.8178001880721799,0.5,0.5,0.8,21,133.22243315234454,3672.8148968431287
11,14,1.2301864818097925,1.458795364453979,1.4383783792880047,1.2568521215097364,1.265528532645226,0.04354790069728861,1.0,0.8831515195541213,0.5,0.5,0.8,22,118.6881557619819,2525.406481976853
11,15,1.1786423708352198,1.4068220598312218,1.3863886879537985,1.2075717265877701,1.1787826898137364,0.04573297963707896,1.0,0.8173676230336259,0.5,0.5,0.8,23,124.1722358410126,3582.5999355243057
11,16,1.2915599101900832,1.4862451701198949,1.4645400849253307,1.290845045424207,1.4393901695952205,0.04572117160457142,1.0,0.9592643425628576,0.5,0.5,0.8,24,79.53053181652422,1740.6643642998813
11,17,1.2711929712871477,1.4575589234124604,1.435538956476781,1.2787303226242472,1.2826362946554264,0.04448926600792939,1.0,0.9347269228735264,0.5,0.5,0.8,27,72.92031773588045,2081.55302575135
11,18,1.2711124994601288,1.4525033769281306,1.432367411629471,1.2824134815776707,1.2835745303624775,0.04448926600792939,1.0,0.9347269228735264,0.5,0.5,0.8,29,71.9555182351877,2069.04547189993
11,19,1.269605703692111,1.4477338720566162,1.4295466022242955,1.2897897443370374,1.278792154858842,0.04454487989885006,1.0,0.9328804870469127,0.5,0.5,0.8,31,67.34023166430198,2009.9567970617409
11,20,1.2696054921721065,1.4477159681438385,1.4295280493409375,1.2965531621297992,1.2686542021911307,0.04454487989885006,1.0,0.9328804870469141,0.5,0.5,0.8,32,67.33779824579324,2009.9272913933632
11,21,1.3241882706922055,1.4681546743909366,1.4486798880210934,1.3235101377435918,1.4745282086694798,0.04702027548718325,1.0,1.0,0.5,0.5,0.8,33,42.87504339241031,1460.8117460922667
11,22,1.323390858205682,1.4614402687128045,1.4438150945734958,1.3231352326347916,1.3387691203572358,0.045545282891716596,1.0,1.0,0.5,0.5,0.8,35,45.12679984635574,1361.8040851172238
11,23,1.3236230781238416,1.4516513043368797,1.431577200003971,1.3247977326782059,1.342267954639267,0.046142390406429326,1.0,1.0,0.5,0.5,0.8,37,32.456141995619646,914.6214197936952
11,24,1.3235526004607543,1.451373166405782,1.4333634825542074,1.3406247402142664,1.3263884960537884,0.046023585716200396,1.0,1.0,0.5,0.5,0.8,39,34.832264843906444,961.2182873265688
11,25,1.323311884245081,1.438561154308295,1.4283684135496992,1.4010954397392124,1.3275270845208968,0.045776940154267344,1.0,1.0,0.5,0.5,0.8,56,29.092242529842075,755.5535822519722
11,26,1.323458141311649,1.4316039533249811,1.421144678643083,1.4022295649634025,1.3387069115788237,0.04615139983539694,1.0,1.0,0.5,0.5,0.8,58,29.635473040074,760.1409712310033
11,27,1.3232905164592554,1.4257509883122987,1.4130061666832017,1.3977178087083937,1.3421272240975317,0.04586362942471049,1.0,1.0,0.5,0.5,0.8,59,25.62196305084124,749.1202732890009
11,28,1.3229334330658458,1.418697700443877,1.4057017707848118,1.3986158935899051,1.352096296670531,0.04521844671516776,1.0,1.0,0.5,0.5,0.8,60,22.595200886937544,810.7115641309803
11,29,1.3229334330682283,1.4200250203848945,1.4091511820629272,1.4065443837793352,1.3226093017682028,0.04521844671516776,1.0,1.0,0.5,0.5,0.8,62,22.59520092391816,810.711566023276
11,30,1.322382995666242,1.4111399405569298,1.397881347615535,1.409960465806384,1.352923358290339,0.04418488092732678,1.0,1.0,0.5,0.5,0.8,63,21.25858300735049,453.5904872847306
11,31,1.3230130263736377,1.4112199822128382,1.4000131269237515,1.4060180784364724,1.3310086737626556,0.045462217004437026,1.0,1.0,0.5,0.5,0.8,64,19.348004151958275,695.4419829267291
11,32,1.3229351823096485,1.4108670999069841,1.4017222633439745,1.4199456644953092,1.326176907335987,0.04532095223092555,1.0,1.0,0.5,0.5,0.8,66,20.188065020818595,715.7545197370309
11,33,1.3226669800651094,1.4057551674963555,1.396428828624907,1.4228158446204682,1.3330677757632041,0.0448268513400975,1.0,1.0,0.5,0.5,0.8,68,22.060111816050725,685.6763173187379
11,34,1.3226081919026875,1.4011559451843567,1.3916595314078104,1.4386005414484462,1.3290302884996799,0.04474708822983562,1.0,1.0,0.5,0.5,0.8,71,23.68877133067166,673.1142667505987
11,35,1.3226263930689894,1.3979165217104437,1.388298086457517,1.4433865019826595,1.3295677231249345,0.04480956948742447,1.0,1.0,0.5,0.5,0.8,73,20.9716402881828,718.9100744286976
11,36,1.3227376087288576,1.3964649370977593,1.3867879736522295,1.449803581721807,1.3294368691916323,0.04504428376275403,1.0,1.0,0.5,0.5,0.8,74,19.58751959664606,689.0036839815225
11,37,1.3227108335528028,1.3974080672043925,1.3919122279454144,1.4642205146881686,1.3261961352589817,0.04500364548986891,1.0,1.0,0.5,0.5,0.8,76,20.941481164259745,663.8791434743774
11,38,1.3225933753286396,1.3948239264764237,1.3913080879353816,1.4728169401893676,1.3307417224565374,0.04479709725582831,1.0,1.0,0.5,0.5,0.8,78,15.349256123486809,668.8168715429084
11,39,1.1966098476537808,1.2664355411828798,1.262829675095694,1.3481199378882576,1.1981809356191908,0.049573012746700014,0.7432744032387882,1.0,0.5,0.5,0.8,84,23.663275161399767,757.7375072255775
11,40,1.197149821246886,1.2639417500071861,1.2581499147853017,1.3605494398041185,1.199469689152042,0.04952978859596946,0.7444096791307621,1.0,0.5,0.5,0.8,87,22.98783819314768,760.6580054577909
11,41,1.1892083156804283,1.2527791207892296,1.2489391121926439,1.3689978399230736,1.1957086603954532,0.04943104225970944,0.728656687204869,1.0,0.5,0.5,0.8,90,22.60122937928629,776.6898438526563
11,42,1.1189121868029566,1.1868909740135585,1.1915055873286893,1.4160755941561705,1.118998182615581,0.05157496703288374,0.5859265285955727,1.0,0.5,0.5,0.8,106,49.39778510188453,940.3605374140146
11,43,1.1177496568542264,1.1793949971970357,1.1837725813372977,1.4092033994844626,1.13152303574994,0.05121980489779264,0.5839974645114372,1.0,0.5,0.5,0.8,108,47.49806701399975,885.1387950014154
11,44,1.1190275589982024,1.1787989433862656,1.181033995502668,1.3401413510511437,1.1193685088944192,0.05121886825713322,0.5865576088301669,1.0,0.5,0.5,0.8,113,47.50655839532505,884.4327768486152
11,45,1.2152827374010329,1.2766657654224183,1.287250818702684,1.5728372540774473,1.220570389830128,0.050513924818052114,0.7797954466131805,1.0,0.5,0.5,0.8,116,45.63486933641318,921.0267295723924
11,46,1.215359107358704,1.275153355711918,1.2836065424466794,1.4875863312378357,1.2163780740472787,0.05051442497566091,0.7799492462438854,1.0,0.5,0.5,0.8,117,46.244893163454776,924.139839909484
11,47,1.2152819557951742,1.277730278607536,1.2904276230686904,1.5773841903925963,1.2151583612875847,0.050513924818052114,0.7797954466131802,1.0,0.5,0.5,0.8,118,46.06386957355198,923.7238201873764
11,48,1.3259034840823467,1.3795058125431834,1.3939446289308197,1.778541448376842,1.3321887258789746,0.051610102986437076,1.0,1.0,0.5,0.5,0.8,125,43.65097378154906,1026.1773237912284
11,49,1.3259034840822579,1.380833132484201,1.397394033324748,1.8055356532130895,1.325805062342907,0.05161010298643709,1.0,1.0,0.5,0.5,0.8,127,43.65097372061906,1026.1773232717233
11,50,1.3259403800684217,1.3807544302792205,1.3993834849199225,1.8314425196355757,1.3279580645354654,0.05169160644427767,1.0,1.0,0.5,0.5,0.8,130,45.73486357232959,961.0398073575776
11,51,1.3258803984364538,1.3835824970821053,1.4085369075440517,1.8917631389168592,1.3261890748782257,0.051577414278632994,1.0,1.0,0.5,0.5,0.8,142,44.09314767187351,1039.303725224784
11,52,1.3256209224118454,1.3783506986164047,1.3969018068760688,2.0197135756423066,1.3256740851701907,0.051063856114063576,1.0,1.0,0.5,0.5,0.8,174,39.39418199571549,964.2812056127432
11,53,1.325362170730438,1.37696645408895,1.3975478972015742,2.0577545367368026,1.326600760899865,0.05055871328181923,1.0,1.0,0.5,0.5,0.8,182,41.446229971002985,937.2090029942138
12,0,0.6981872336709953,0.8051582792978799,0.7978893634082345,0.45030730416381115,0.0,0.0,0.0,0.0,0.5,0.5,0.8,1,4125.504450524603,129979.92267241684
12,1,0.6869382099536446,0.803524000417866,0.7961941324148545,0.4488196408698578,0.007080608690317976,0.0,0.0,0.0,0.5,0.5,0.8,2,4264.396257075576,125046.86797183185
12,2,0.5888432715338736,0.845433991057498,0.8391973847277888,0.5154053242998191,0.1285540771969428,0.04621147780362223,0.03299675551573072,0.03569338923773679,0.5,0.5,0.8,4,3064.577187087332,101933.4919406974
12,3,1.3633294804078544,1.8524602492426492,1.8371609312548598,1.5463760479652229,1.8501288619225316,0.03622435984485052,1.0,1.0,0.5,0.5,0.8,6,814.31942175923,23716.35522439123
12,4,1.338336814239268,1.7777533069924432,1.7638343522270317,1.490112000363823,1.4856446275527673,0.03503186540827739,1.0,1.0,0.5,0.5,0.8,8,783.4316204042201,17054.171578635087
12,5,1.332258325184149,1.7205063995875176,1.704320849542214,1.4516333473329908,1.454075722554705,0.04205101548192698,1.0,1.0,0.5,0.5,0.8,10,115.56863996946328,287615.7506372621
12,6,1.327429685641317,1.7104701827167665,1.6940660731223423,1.4504455601754203,1.3425323486567797,0.03369811038468021,1.0,1.0,0.5,0.5,0.8,11,118.51325198121305,248975.3475495237
12,7,1.325645381825876,1.6932335077438827,1.6761894214685649,1.434897517354853,1.391891107484256,0.033532059876304386,1.0,1.0,0.5,0.5,0.8,12,108.65232028536457,251295.62486891623
12,8,1.3282836719548077,1.67884968524764,1.661112961740497,1.4304983218834373,1.402465001650579,0.04189437553855309,1.0,1.0,0.5,0.5,0.8,13,112.06410191350582,286288.64528607595
12,9,1.327004337175976,1.6615777396213223,1.6452694338183935,1.4220565416623603,1.3615819263232196,0.04188834723357175,1.0,1.0,0.5,0.5,0.8,15,118.9607676109758,290000.30078768206
12,10,1.3262533395503302,1.6479410221808086,1.629052412233551,1.4083561916322143,1.3747165693957912,0.04183242435596342,1.0,1.0,0.5,0.5,0.8,16,113.03150074696109,282581.06666111475
12,11,1.3222072052563603,1.5991858747167547,1.5826940135370684,1.3753693002355887,1.5360650615721583,0.0380579432605398,1.0,1.0,0.5,0.5,0.8,17,52.95467599485897,276029.94220704486
12,12,1.3220405108876632,1.5949607870940103,1.5783123631424028,1.3835037167197406,1.3281692802838432,0.0380002473833232,1.0,1.0,0.5,0.5,0.8,19,53.60936119853976,274750.96042965254
12,13,1.3220222642683468,1.5943105904358945,1.5776378013775307,1.3804261784714986,1.321745001243695,0.03800400423863124,1.0,1.0,0.5,0.5,0.8,20,52.19621009323683,275940.19221662777
12,14,1.3223926249128426,1.589151137525804,1.5722648609033651,1.384867013133866,1.346756018323461,0.03913031643524673,1.0,1.0,0.5,0.5,0.8,21,54.57161269937905,273398.22015608626
12,15,1.3221148081808896,1.5803044172573069,1.5651607243607524,1.381398935004144,1.3407795376339027,0.03913031643524673,1.0,1.0,0.5,0.5,0.8,23,52.67496756841749,274093.4135096188
12,16,1.3220800729618545,1.5731020328550946,1.5576836869303037,1.3815591343879423,1.3358465263649122,0.03944839688380587,1.0,1.0,0.5,0.5,0.8,25,52.55799940213318,271357.41071831
12,17,1.3214373648349045,1.5695010056037102,1.5539694527861834,1.384185271338815,1.3324465037178055,0.03831455361528855,1.0,1.0,0.5,0.5,0.8,26,47.1702045754282,1712722.1653838586
12,18,1.3213053801159638,1.561866275691818,1.5460480525382798,1.380696236398321,1.3528656564217296,0.038414428220837446,1.0,1.0,0.5,0.5,0.8,27,45.316796662549024,272695.8675341079
12,19,1.3216845446235101,1.5630408681959262,1.5513958585995016,1.4026884002473503,1.3210189675673787,0.03925863138431013,1.0,1.0,0.5,0.5,0.8,33,42.60695888194969,269073.3694865083
12,20,1.322238217432465,1.5542095400545057,1.5442784045962168,1.4634612806975695,1.3244086122413026,0.040828990111064827,1.0,1.0,0.5,0.5,0.8,45,48.59251039974022,1233735.501489052
12,21,1.3223028499820968,1.5489076325850002,1.538772237213855,1.4623406750285344,1.3325721039621283,0.04117143301326841,1.0,1.0,0.5,0.5,0.8,47,46.24923378816006,1230412.4789790034
12,22,1.322366018873834,1.5483201385442384,1.542303339382577,1.4660702876408793,1.3280874479166616,0.041423249057795,1.0,1.0,0.5,0.5,0.8,49,62.91137340372417,301685.76821056136
12,23,1.3220845441119216,1.5358977583383018,1.5273483278306212,1.4676349123791135,1.3688212616123612,0.04124189812367769,1.0,1.0,0.5,0.5,0.8,50,46.01795675735677,28070852.94186277
12,24,1.3225041121807641,1.5369423821828874,1.5304884028730714,1.4596098239021953,1.3242133103862783,0.04210460626774384,1.0,1.0,0.5,0.5,0.8,51,59.88640254980898,298854.32789141533
12,25,1.3220657106367606,1.5261492168397404,1.5193028439264364,1.4606159381614914,1.3668455021971755,0.041552780674566046,1.0,1.0,0.5,0.5,0.8,52,57.50152768587593,298163.4457641846
12,26,1.322047332603597,1.526205764039376,1.5214340848892203,1.4702875843585672,1.3235417745935454,0.041552780674566046,1.0,1.0,0.5,0.5,0.8,54,55.204579946160095,297967.36798329366
12,27,1.3221140289250446,1.521564712694491,1.5124711495877707,1.4729618328293237,1.325448228893931,0.041745979516864616,1.0,1.0,0.5,0.5,0.8,56,38.57131352748553,28032604.795045465
12,28,1.3222751167206779,1.5212557350581857,1.512144378227866,1.4799905812939078,1.3221043678726554,0.04208187342550049,1.0,1.0,0.5,0.5,0.8,58,37.50577669784,28015492.982381865
12,29,1.3213551564269252,1.502759899441346,1.4950562562979626,1.4737040945846487,1.362269675474686,0.0407325988355096,1.0,1.0,0.5,0.5,0.8,60,30.80920574255809,1246239.1319714251
12,30,1.3214177183817726,1.5041396786812946,1.5006297032475708,1.4838682395450706,1.326802890079164,0.04089122917170811,1.0,1.0,0.5,0.5,0.8,61,19.70894089295019,2627042.432410242
12,31,1.3205550536600255,1.4975118750453866,1.4917123979003044,1.4789718064468835,1.338860195034929,0.03926433476937416,1.0,1.0,0.5,0.5,0.8,62,25.61060156396104,3137747.082553457
12,32,1.3209731151073547,1.4852585187457894,1.481053508897694,1.4706362397217296,1.3821439808602656,0.04038962522794115,1.0,1.0,0.5,0.5,0.8,63,15.655176010747656,3592379.3083309582
12,33,1.320862623803977,1.4771784741479326,1.4706012884229815,1.4722509075480072,1.334829862759193,0.04029201922958786,1.0,1.0,0.5,0.5,0.8,65,16.07654056777891,3584836.849439225
12,34,1.320773000910386,1.4711115600780653,1.464309456082338,1.4667767428387126,1.3465389626834112,0.0402169219187424,1.0,1.0,0.5,0.5,0.8,66,14.357774801511027,3588043.679876126
12,35,1.3207676262581045,1.471789802420973,1.4670855732412837,1.4777469936354053,1.3215189865796892,0.0402169219187424,1.0,1.0,0.5,0.5,0.8,68,14.735256700582855,3587495.974428459
12,36,1.3207162371311991,1.4610419029856323,1.4580076651602663,1.474561773312769,1.3732288561640122,0.04030392534337529,1.0,1.0,0.5,0.5,0.8,69,13.764874246626809,2636835.583742071
12,37,1.320715307307591,1.456065568233079,1.4528443788964178,1.4778768030490959,1.3311623748290367,0.04037404444073505,1.0,1.0,0.5,0.5,0.8,71,12.29966128237612,2635171.5124810943
12,38,1.320659435893004,1.4535820194201237,1.4481974042105024,1.4885358260581847,1.322586241840247,0.04027786426194793,1.0,1.0,0.5,0.5,0.8,73,12.432515544358251,2634558.147327923
12,39,1.3206824898004257,1.4527223806478973,1.4473045695839095,1.491651079856013,1.3240200226065302,0.040336096899738286,1.0,1.0,0.5,0.5,0.8,74,14.524761645246254,2638069.7625664445
12,40,1.3206907590231158,1.4487752481531948,1.443208873171801,1.4958967311230869,1.3289277265972763,0.04040623763551846,1.0,1.0,0.5,0.5,0.8,76,13.443598587253131,2636404.145579044
12,41,1.320688759862628,1.44873510263417,1.443167295995412,1.4958605269285448,1.3203697097345546,0.04040274709210279,1.0,1.0,0.5,0.5,0.8,77,13.4302334391168,2636480.7453104733
12,42,1.3206870674862912,1.4495395264932558,1.4460742782332203,1.5073348550437746,1.3224937668543255,0.04040623763551846,1.0,1.0,0.5,0.5,0.8,78,13.578558688706512,2636242.465037176
12,43,1.320153566795271,1.4332595265225172,1.4292032448684275,1.5083904122415932,1.3428960184841512,0.0395313025213956,1.0,1.0,0.5,0.5,0.8,81,9.481470441316628,2640012.806975753
12,44,1.3202534351948185,1.4340281063861826,1.4320692043662566,1.4881879481212335,1.320842530315062,0.03973846887276895,1.0,1.0,0.5,0.5,0.8,84,11.10502725031642,2643390.4940354326
12,45,1.3203796484562464,1.433883135251791,1.4339863509506219,1.5187370527337547,1.3270293259032389,0.040008570717282185,1.0,1.0,0.5,0.5,0.8,85,11.459477144366224,2643127.601683952
12,46,1.3205071712584704,1.4334983814873141,1.4335823628279925,1.4984668658256377,1.3223878337231616,0.04026922678512929,1.0,1.0,0.5,0.5,0.8,86,12.01978545498824,2642240.041229183
12,47,1.3203911925542622,1.4287298217488495,1.4307116357006806,1.537264020130868,1.3463813523483277,0.04010071448221668,1.0,1.0,0.5,0.5,0.8,87,10.552682523035118,2642800.332596797
12,48,1.320386512109955,1.4240485014568547,1.4258549658512358,1.5493740708873518,1.3269315444582346,0.04013835722562165,1.0,1.0,0.5,0.5,0.8,90,9.817852362967724,2629126.681319543
12,49,1.3204204217627638,1.4253623329463296,1.4292891441559068,1.5781294863027204,1.3201741423738,0.04020665182220912,1.0,1.0,0.5,0.5,0.8,93,9.965816280424855,2629330.261073351
12,50,1.3204200340240153,1.4242300424743897,1.4281144254964335,1.5772181292749048,1.3226008653409997,0.04021692097255345,1.0,1.0,0.5,0.5,0.8,95,10.026631318431148,2629082.46404783
12,51,1.3204092002044845,1.4242587449278536,1.4281445957344934,1.585556923852347,1.3200988356105592,0.04019525701580755,1.0,1.0,0.5,0.5,0.8,96,12.24721466953564,2625082.75675352
12,52,1.3204101247568196,1.425128934615286,1.4311197181283948,1.5892831272242858,1.3219374640086703,0.040201144207006365,1.0,1.0,0.5,0.5,0.8,97,9.92886662160686,2628991.125008879
12,53,1.320421251158132,1.4246214906279167,1.4305928321059076,1.6013807169756453,1.3212593624744469,0.04022840977970692,1.0,1.0,0.5,0.5,0.8,99,10.027032908902438,2628868.617430982
12,54,1.320397757815102,1.424026905622971,1.4299768291295316,1.6133892221351207,1.3225972875507108,0.040186872477607424,1.0,1.0,0.5,0.5,0.8,100,9.142049858793488,2630032.737622143
12,55,1.3206690592493733,1.4202652620663934,1.4260640167119207,1.6222384126920806,1.3233448478217547,0.04076725274604645,1.0,1.0,0.5,0.5,0.8,106,10.941466107367336,2618271.694789988
12,56,1.3203322373622406,1.420246582655209,1.428129606883222,1.6506130877399023,1.3211561051122624,0.04010277089734633,1.0,1.0,0.5,0.5,0.8,110,10.630233157418177,2623232.0576028414
12,57,1.3206795101597537,1.4182391911298096,1.4239616400231,1.6452895041723623,1.3226662180810305,0.040806600515282856,1.0,1.0,0.5,0.5,0.8,112,12.226755266816118,2629383.9371312987
12,58,1.3206618824916279,1.419202656318253,1.4311789652885465,1.6645814278439133,1.3247985741827177,0.04079788298257912,1.0,1.0,0.5,0.5,0.8,115,11.538410166944267,2628834.94054778
12,59,1.32033599514154,1.4178274972480096,1.4297644856456362,1.6661763782605588,1.3212319458800297,0.040155203732809716,1.0,1.0,0.5,0.5,0.8,119,11.697623970884155,2626740.437729952
12,60,1.3203401596114552,1.4102780163396005,1.4219320412844096,1.6912586627132264,1.3533311088295408,0.04022620290936057,1.0,1.0,0.5,0.5,0.8,120,10.110413286382604,2631021.6866257424
13,0,0.44790884782200574,0.7610628864404636,0.7521488989018621,0.41058121833856215,0.0,0.0,0.0,0.0,0.5,0.5,0.8,1,30060.02565470241,138189.05267274752
13,1,0.43256305271999596,0.7588267606462762,0.7519019631222378,0.4112815700946795,0.007597532354714687,0.0,0.0,0.0,0.5,0.5,0.8,3,28655.321512792565,132579.1503790081
13,2,1.303271839230446,1.6554453459402305,1.6460827152188429,1.3127865867821251,0.9439500205497693,0.12199119933896281,0.09082458848439452,1.0,0.5,0.5,0.8,4,25960.047936858144,122320.13693915607
13,3,1.3006083517946525,1.6544443332304102,1.6450611000482478,1.320212655474212,0.9071804376348728,0.12100329614512342,0.09091726832366764,1.0,0.5,0.5,0.8,6,25861.861589593627,122010.4021811812
13,4,0.4933231713066919,0.8929097023927663,0.8871833712768915,0.5589048633182823,0.22787698135642065,0.10295995806321596,0.029860201646415417,0.11387855713003252,0.5,0.5,0.8,7,22345.917287956545,110818.64664916458
13,5,1.460981147510371,1.9752474561391846,1.9652349343524531,1.6554945815093283,1.605408459027085,0.10948292965942297,1.0,1.0,0.5,0.5,0.8,9,3287.2149450790434,27463.35991662694
13,6,1.246149426059949,1.776585536811918,1.7668638533920364,1.4687260666866573,1.1840213749983572,0.10225725427657384,0.5943093920012796,1.0,0.5,0.5,0.8,10,3448.1192395684257,67263.79051297311
13,7,1.4049007339033963,1.9300262054534445,1.920446318286508,1.6219933999821001,1.6334010702094288,0.10695706540167657,1.0,1.0,0.5,0.5,0.8,11,1009.2976326737214,22338.11278552208
13,8,1.375414059921534,1.8267596959148202,1.813349247282485,1.535409530082036,1.5319675053165873,0.10578403223785574,1.0,1.0,0.5,0.5,0.8,13,720.9078485130728,21446.942467919755
13,9,1.3690806202586097,1.7902107163737968,1.7775123828559267,1.50818754741448,1.4230961595620213,0.10562337328869931,1.0,1.0,0.5,0.5,0.8,15,704.8682683108864,23659.501880425963
13,10,1.3674805866802286,1.781593293065738,1.7706488129208553,1.5192216805017718,1.3739769497503667,0.10547501646506277,1.0,1.0,0.5,0.5,0.8,17,609.322909888808,19880.320014181376
13,11,1.3651715169211214,1.7613692092223263,1.7475861949369116,1.5071445039297968,1.4371524556371629,0.10608886513714999,1.0,1.0,0.5,0.5,0.8,18,379.4776492506668,15279.191611856417
13,12,1.3625551174659791,1.742079189787977,1.729662257953064,1.491684766496013,1.4414600667210695,0.1053857284427275,1.0,1.0,0.5,0.5,0.8,19,378.06043772255305,13004.823401497702
13,13,1.36214442263018,1.737998035014943,1.7254291545237468,1.4930608445216886,1.3705214142530053,0.10536848401323111,1.0,1.0,0.5,0.5,0.8,20,382.7533998578452,13581.724859666108
13,14,1.359830356310393,1.7100415393554655,1.696427990432917,1.4711067158269608,1.4753914853857923,0.10546249644571234,1.0,1.0,0.5,0.5,0.8,21,229.0862558353577,19506.36462348254
13,15,1.3597982007621054,1.7096084458579697,1.6959787028380915,1.4758870703504225,1.3546250794498471,0.10546120616033403,1.0,1.0,0.5,0.5,0.8,22,222.81758040549423,19170.99713003656
13,16,1.3595751931118452,1.7061915809565946,1.692433559211068,1.4794450441680014,1.3678216866219406,0.105506791549933,1.0,1.0,0.5,0.5,0.8,23,225.7040967319301,19223.75064693601
13,17,1.3592785418943274,1.7015949401657204,1.6876645760812208,1.4753239841137646,1.373177719531438,0.10555257706739145,1.0,1.0,0.5,0.5,0.8,24,230.1085229884905,94524.29330259778
13,18,1.3590064551515653,1.6976277701815627,1.683549806494483,1.4783885147547133,1.3614871874711172,0.10553160452086534,1.0,1.0,0.5,0.5,0.8,26,235.5780834302615,94077.74452229262
13,19,1.3588352140963607,1.6890134818418514,1.6787384564338381,1.4873707845095225,1.4060365899582035,0.10664878650374657,1.0,1.0,0.5,0.5,0.8,27,87.62932338575656,7233.673429178309
13,20,1.356530527257798,1.639044228010301,1.6248370694108174,1.4310296590082445,1.5645242078506914,0.10640234369283046,1.0,1.0,0.5,0.5,0.8,28,180.19316124339025,8480.226748626415
13,21,1.3564767659718222,1.6366096286355187,1.622310432628586,1.4264527200147081,1.3640573270868224,0.10646636152580509,1.0,1.0,0.5,0.5,0.8,29,220.39453691230645,6695.667996321242
13,22,1.355750811751453,1.6130632127677633,1.5978858664500244,1.4142548844294947,1.4563272839216717,0.10645158489554016,1.0,1.0,0.5,0.5,0.8,30,194.90355854126696,7769.328849271558
13,23,1.355680097050865,1.609642250052758,1.59433638351665,1.4178432670320578,1.36104995059788,0.106499506371278,1.0,1.0,0.5,0.5,0.8,32,227.7706783055688,7263.020569618341
13,24,1.35550417803407,1.60289851083141,1.587341311323284,1.4244667341951063,1.367936565984953,0.10648646407786162,1.0,1.0,0.5,0.5,0.8,34,202.71856657988664,7261.782902393114
13,25,1.35486245755714,1.597893071486342,1.5904547676152647,1.4675086928484775,1.359999571865691,0.1056595635245368,1.0,1.0,0.5,0.5,0.8,40,122.4456196479793,5270.171500870473
13,26,1.354573404466528,1.5874543484103532,1.5775577457914776,1.4555733969412312,1.3724402282071986,0.10546202777684259,1.0,1.0,0.5,0.5,0.8,42,118.55173231962,5278.463325943849
13,27,1.354591953785846,1.5832091883284862,1.5731501709640416,1.4555091169876295,1.3627860804550629,0.10567851811975673,1.0,1.0,0.5,0.5,0.8,44,97.896600276156,4936.987149702919
13,28,1.3545243904935265,1.5744252290524334,1.564034936023528,1.4614742578781483,1.3726173128014167,0.10587508866349989,1.0,1.0,0.5,0.5,0.8,46,98.28852416345993,4982.285007428804
13,29,1.3543852383867516,1.5661255159002783,1.5554256466227165,1.4577223885370207,1.3707546522070027,0.10587234646542865,1.0,1.0,0.5,0.5,0.8,48,102.10916844520084,5064.260933219695
13,30,1.3543179256498163,1.5630956229701778,1.554355272612022,1.4678633008572648,1.3622012318282612,0.10587234646876001,1.0,1.0,0.5,0.5,0.8,50,104.76660481201372,5129.456639388236
13,31,1.3543052925425885,1.5636051958723385,1.5569564143957038,1.4737053039046133,1.3547196251094262,0.10587234646876001,1.0,1.0,0.5,0.5,0.8,52,107.20221414221756,5172.63511910345
13,32,1.354993720320698,1.5524479336029917,1.5453507000447442,1.4880790709550213,1.3801831393233068,0.10759977930409056,1.0,1.0,0.5,0.5,0.8,54,136.5948598111487,10534.521428884304
13,33,1.3548858401168602,1.5289258064840745,1.5209443120769197,1.4745129403029342,1.4058337694583676,0.10796087341867695,1.0,1.0,0.5,0.5,0.8,56,173.253069968212,10523.068282614826
13,34,1.354846156432856,1.5280319208568085,1.52001823142405,1.4960781154302472,1.3558410876299187,0.10790006012207205,1.0,1.0,0.5,0.5,0.8,58,172.56229725781267,10606.59521337266
13,35,1.354791448157867,1.5254069793315759,1.5172963691277888,1.4937143888950797,1.359617221466586,0.10784555230460535,1.0,1.0,0.5,0.5,0.8,60,175.84111192565928,10784.183715080377
13,36,1.354808215140372,1.5252855162990027,1.5171696882226549,1.5011070133662843,1.3542429868560613,0.10788195968407735,1.0,1.0,0.5,0.5,0.8,62,174.16737521645982,10721.294743430855
13,37,1.3546980196359328,1.5229455707290915,1.5168177546990966,1.532191950395303,1.3591236710415906,0.10773516103080527,1.0,1.0,0.5,0.5,0.8,65,130.2064914509344,8476.714101806785
13,38,1.3546024291438112,1.515956304483789,1.509568804248016,1.5220798353021245,1.3843004078322165,0.10767882453530575,1.0,1.0,0.5,0.5,0.8,66,137.10488389063013,8634.80267286758
13,39,1.3545378157943868,1.5093601628238926,1.5027267676395282,1.5199917767986582,1.3682814430968875,0.10766908687727528,1.0,1.0,0.5,0.5,0.8,68,127.96514594349117,8537.135032640115
13,40,1.3544555492055101,1.5016040792578205,1.4946819576705983,1.520699413771438,1.370761934406796,0.10763497386201629,1.0,1.0,0.5,0.5,0.8,70,132.6634331104112,8895.457116790445
13,41,1.3541069848380647,1.4957967643117107,1.488669376561387,1.5115871108993146,1.3776337657835036,0.10702468826106737,1.0,1.0,0.5,0.5,0.8,71,75.065297257223,8311.103637539865
13,42,1.3540348025085043,1.4891964123955308,1.4818236381509218,1.513367292868355,1.368115004884931,0.1069793906751719,1.0,1.0,0.5,0.5,0.8,73,70.77430939444325,8323.887565592442
13,43,1.3540939856554162,1.4866835254447435,1.4771419242295103,1.50753818746333,1.3585690350905983,0.10711407532601887,1.0,1.0,0.5,0.5,0.8,74,74.71130448775457,8222.09983838514
13,44,1.3540451551472295,1.4874694833231863,1.4800314622957085,1.519493645329621,1.3557885563422576,0.10702376265579275,1.0,1.0,0.5,0.5,0.8,75,77.55016436875229,8591.268073848481
13,45,1.354026464989003,1.4842477958280484,1.4766894478412498,1.5161238697790345,1.3675377445447103,0.10703081908297918,1.0,1.0,0.5,0.5,0.8,76,78.04490490735341,8623.43456406256
13,46,1.354021615929819,1.4847822571870433,1.4793164528616058,1.5235677319137673,1.3570145333541905,0.1070319880886513,1.0,1.0,0.5,0.5,0.8,77,83.97368392524837,8906.6556912251
13,47,1.3539703916237715,1.4788603683388901,1.471101786247502,1.518874146497282,1.3735082591490144,0.10699004842747395,1.0,1.0,0.5,0.5,0.8,78,77.19357708265682,8754.80177754724
13,48,1.3539345788847563,1.4721765904852195,1.464168435805092,1.5204525796421526,1.368150609461377,0.10700214344882034,1.0,1.0,0.5,0.5,0.8,80,71.0982185410371,8533.624243605704
13,49,1.3539981346990189,1.4746096158026796,1.4708349761161528,1.5401599311971084,1.353881212417307,0.1071327306735657,1.0,1.0,0.5,0.5,0.8,84,72.54403492978012,8421.440964522459
13,50,1.3539912802528988,1.47043908399593,1.4685804509719729,1.5558822276464896,1.3656989374461812,0.10718390338879906,1.0,1.0,0.5,0.5,0.8,86,72.41633275163105,8462.696171432934
13,51,1.3538449275045745,1.4683780572119884,1.4685198004158044,1.581646626065247,1.3616030531225922,0.10693282158737685,1.0,1.0,0.5,0.5,0.8,88,27.74292713210568,8179.314923342502
13,52,1.353764421416124,1.4557367167738537,1.455407493272185,1.5783656330293159,1.3806066185085104,0.10690000459883846,1.0,1.0,0.5,0.5,0.8,90,30.83129774917407,8525.322066156168
13,53,1.3537339934035755,1.450356226424569,1.451898829798496,1.5928157340615152,1.3676302108838734,0.10690000459883846,1.0,1.0,0.5,0.5,0.8,92,29.433563741141832,8465.863346985872
13,54,1.3537806197150615,1.4479411399393567,1.4493914727851256,1.5988691968098174,1.3589353525432646,0.1070155242406722,1.0,1.0,0.5,0.5,0.8,94,43.31946421155466,8950.543620486957
13,55,1.3537314063132466,1.4346980027957401,1.4335816973939415,1.5922434385717728,1.3796302532930986,0.10701683320511439,1.0,1.0,0.5,0.5,0.8,96,34.2112401659744,8072.558443079288
13,56,1.3537243289416045,1.4341934932173293,1.4351309836276882,1.6114169930306814,1.357483078401684,0.10701683320511439,1.0,1.0,0.5,0.5,0.8,98,33.48905689223859,8036.836949289736
13,57,1.353599761541635,1.4260379156446081,1.4266746405065391,1.6123505314223665,1.3710676629999634,0.10682754391796796,1.0,1.0,0.5,0.5,0.8,100,36.59361152182931,8299.892491360652
13,58,1.353653210945089,1.43344104510725,1.4467873646632248,1.7446758389618096,1.3535979637793458,0.1069388221241857,1.0,1.0,0.5,0.5,0.8,121,30.63014838135324,8135.715178458742
13,59,1.3536083673550992,1.4333585866792924,1.446703508006954,1.7618825077784992,1.3534671793495359,0.10684940955202468,1.0,1.0,0.5,0.5,0.8,125,27.80886905841249,8174.268089989245
13,60,1.3533050176028065,1.4352504250704707,1.4528223298258724,1.7654881456010012,1.3541362811230249,0.10624597959818047,1.0,1.0,0.5,0.5,0.8,127,36.41213826803416,8217.490267239571
13,61,1.3537205507431214,1.4266962006619321,1.4356427066494482,1.7577168226397355,1.3696304120566325,0.10710244648425635,1.0,1.0,0.5,0.5,0.8,128,29.697416873103084,8126.765449926138
13,62,1.3536847315726543,1.4266636548856941,1.4376826833036294,1.7829776328382878,1.3549767149861092,0.10703978532718017,1.0,1.0,0.5,0.5,0.8,132,28.48311837635816,8180.117800549437
13,63,1.353626408025491,1.4253939392005814,1.4363676108552155,1.7910938713414553,1.3587891615248069,0.10693123543584686,1.0,1.0,0.5,0.5,0.8,133,31.25731725467521,8185.563288461118
13,64,1.3536432037089914,1.427842873677125,1.4430524033170584,1.795256925410694,1.3538162797341111,0.10696628825980928,1.0,1.0,0.5,0.5,0.8,136,29.89366775550145,8113.740095294999
13,65,1.3536260656965946,1.4275806324617988,1.4427809840686505,1.8037251385703559,1.3540488258446381,0.10693363684489934,1.0,1.0,0.5,0.5,0.8,138,32.971959541952124,8461.674491096366
13,66,1.3533712577837467,1.4334871889817085,1.4592802197144157,1.893514797400581,1.353354415400207,0.10642715661624971,1.0,1.0,0.5,0.5,0.8,152,38.87069169190702,8277.427748839695
13,67,1.353364457808203,1.4330419937394088,1.4608910633755248,1.9058170567657504,1.357093777389973,0.1064250756502817,1.0,1.0,0.5,0.5,0.8,154,35.96645792919621,8209.038165642622
13,68,1.3533637024979817,1.4341338083661845,1.4640961755175506,1.919499107262676,1.3537263822558332,0.1064250756502817,1.0,1.0,0.5,0.5,0.8,156,36.038507173122696,8213.783463639938
13,69,1.3533622284493916,1.431736000938549,1.459536292836018,1.9041606562864273,1.3555705774438493,0.10642900563055997,1.0,1.0,0.5,0.5,0.8,158,38.64184247540399,8326.713790248086
13,70,1.3527429677369929,1.4130865926293557,1.4132706507614676,1.6793848580497226,1.3527189463254035,0.1051953934422493,1.0,1.0,0.5,0.5,0.8,186,79.64876380141098,4236.760926110471
13,71,1.352761230042913,1.4109569409535037,1.4131330162035591,1.7283969859471058,1.367890931729971,0.10525352549195237,1.0,1.0,0.5,0.5,0.8,187,83.94062772099676,4455.920740069401
13,72,1.3527481062987845,1.4100710682501103,1.4122144857298553,1.7191699469787727,1.3535838123396116,0.1052326369311906,1.0,1.0,0.5,0.5,0.8,191,79.53355015318441,4186.311573060925
14,0,0.9614366020988636,0.8844564535129463,0.8763044750948168,0.5279247626301768,0.0474125207540477,0.09422813485693995,5.742992437782e-05,0.00033717295423601,0.5,0.5,0.8,1,12912.394790085264,162865.23873615637
14,1,0.8905398322441712,0.8506809480752549,0.842369412829922,0.4998352357734256,0.03812118830429878,0.02557329657092704,0.00695221293016386,0.00206479685332596,0.5,0.5,0.8,2,12852.208220346962,162978.0756221277
14,2,1.119428559123937,1.3656753692482901,1.355988375338419,1.0185936395634454,0.7712738026136879,0.00869772549733705,1.0,0.08178706742328354,0.5,0.5,0.8,3,12585.116332730851,101394.94768958417
14,3,0.9366437230148935,1.3107913410222953,1.3004131652754092,0.9753180313775116,0.6684538841613946,0.00452804644771116,1.0,0.038947420578093875,0.5,0.5,0.8,4,12487.696443493538,156090.67223049575
14,4,1.1573930514223838,1.5502809907546875,1.5415452260573372,1.2097305482913727,0.8184551423128945,0.00689201530708346,1.0,0.35124505705916387,0.5,0.5,0.8,5,11643.35885259804,163120.17486938243
14,5,1.0110252881812776,1.4281868831722493,1.4212009483259749,1.0888877636672145,0.7112780518617116,0.01273728045209872,1.0,0.2057869609992467,0.5,0.5,0.8,6,9969.326703636843,69036.56460499507
14,6,0.9787230186506432,1.4109203010806421,1.4032902219093404,1.0732494856085761,0.714499891646717,0.01273728045209871,1.0,0.205786960999247,0.5,0.5,0.8,7,9132.083393241644,66267.14771095551
14,7,1.1808244142402424,1.660762628105081,1.652492946469926,1.3267732128611214,1.0411777313392259,0.012744892396673441,1.0,0.5395165414829318,0.5,0.5,0.8,8,8466.653731630937,51119.53918652461
14,8,0.8582216514565278,1.3465085360721178,1.3364754917389137,1.0167100984697306,0.7276580966267695,0.01273728044914437,1.0,0.2057868998777977,0.5,0.5,0.8,10,5629.846985346466,48809.09770206225
14,9,0.8593657525552117,1.349735499854057,1.3396120537576683,1.0240275792816969,0.6819522763953885,0.01319792625512023,1.0,0.2125602647793281,0.5,0.5,0.8,12,5532.888136577775,48195.350202423615
14,10,1.173628403678748,1.691132611743829,1.682768943960712,1.4205469042335674,1.3824635391571651,0.03173242434527984,1.0,0.7076479688545738,0.5,0.5,0.8,13,2575.618590405756,244297882.9571297
14,11,1.3705541462168616,1.8717194137159507,1.8611492878105882,1.5960574107908052,1.4585995498195126,0.04343773780463077,1.0,1.0,0.5,0.5,0.8,15,1425.3944574998177,181313.53901372905
14,12,1.3794010280803284,1.8752058592235628,1.868486898668719,1.6342850250183543,1.3388378384968016,0.06616979867131806,1.0,1.0,0.5,0.5,0.8,19,1902.3902147150573,214214074.2866305
14,13,1.3654752100384338,1.8496704313284702,1.8442453786020885,1.6284068582789657,1.3768609233242686,0.05684098387291072,1.0,1.0,0.5,0.5,0.8,21,992.1250151493368,218810700.9973352
14,14,1.3639176211100503,1.837746526559428,1.8255652991993687,1.6161808862328535,1.3477381741885572,0.061856712129358137,1.0,1.0,0.5,0.5,0.8,24,937.6522247568296,445138.755935982
14,15,1.345290669572329,1.8011058446921757,1.7919836417421826,1.6022542825415966,1.5011934598385137,0.046808756358879176,1.0,1.0,0.5,0.5,0.8,25,627.977904334186,237998.8657745596
14,16,1.3406736771604006,1.7615415563249994,1.7467699492444477,1.5592340000927805,1.3850100294281495,0.04831762048946197,1.0,1.0,0.5,0.5,0.8,27,547.4313057389983,270037.8662559826
14,17,1.3358416721944746,1.7480691135251543,1.7329137103587793,1.5467983669828431,1.3663071012762953,0.04194846234458347,1.0,1.0,0.5,0.5,0.8,28,319.1032744230495,132326.7177214991
14,18,1.3356851407254384,1.7470079142780377,1.733877284168945,1.5569552362174839,1.3267661141505003,0.04239385760343201,1.0,1.0,0.5,0.5,0.8,30,308.4949116302162,138904.52832349637
14,19,1.339602383667641,1.7531144510335663,1.7462717017806355,1.6135402650981676,1.3269676077659445,0.050845003088299735,1.0,1.0,0.5,0.5,0.8,36,329.28882205654617,317408.05715569283
14,20,1.3376152639559027,1.7357644902025697,1.7323932257606236,1.6170154754122872,1.4167876581989454,0.052258002619398836,1.0,1.0,0.5,0.5,0.8,37,511.3160887179397,296231.11946959014
14,21,1.3373593881512027,1.7335661749045048,1.7301129657007646,1.618619589357426,1.3309420710917172,0.05225536487976966,1.0,1.0,0.5,0.5,0.8,39,507.4869419428442,296543.88134558155
14,22,1.3334867288430776,1.718359434530885,1.7102984925467655,1.6142116465304017,1.366131329059201,0.046642286897655774,1.0,1.0,0.5,0.5,0.8,40,317.160612576692,315401.2963739615
14,23,1.3332968491622503,1.7178108942891472,1.7118020677803254,1.6342785492014433,1.3273640816966286,0.046642286897655774,1.0,1.0,0.5,0.5,0.8,42,315.1221932184057,315438.8098752929
14,24,1.3369845033361558,1.7202481940436154,1.716254533571048,1.650235720719239,1.3398366608255137,0.054592794824594615,1.0,1.0,0.5,0.5,0.8,43,553.5300223925417,375708.2383260663
14,25,1.3297841767903,1.6926236903451146,1.6877939249417486,1.6248238830601054,1.420249857374496,0.04416627357545314,1.0,1.0,0.5,0.5,0.8,44,383.83696261257165,468006.80929579807
14,26,1.3295205667642955,1.6889500798827028,1.683982433692076,1.6251588472215988,1.3383025668743076,0.0442129635622988,1.0,1.0,0.5,0.5,0.8,45,370.94822051628057,467841.665738364
14,27,1.3287059818745788,1.6563962738398117,1.643953860305314,1.5565071220141133,1.3883201604258688,0.04649729943883487,1.0,1.0,0.5,0.5,0.8,47,212.9980906041331,311797.5492789137
14,28,1.3288335529214241,1.6596059126142444,1.6534941851479004,1.597377342427658,1.3255183115306686,0.04685970759864766,1.0,1.0,0.5,0.5,0.8,49,214.10491675142904,311238.8461465067
14,29,1.3286882912400046,1.657217885106947,1.6510175687452464,1.598747170851118,1.3286153597458226,0.04683183506348629,1.0,1.0,0.5,0.5,0.8,51,212.67831368031332,310691.8739287863
14,30,1.3280613502003478,1.6536391971706272,1.6493922907872927,1.6060024106601376,1.3329373030864167,0.04606137627519362,1.0,1.0,0.5,0.5,0.8,53,201.24058850311613,309823.58241381234
14,31,1.3280961572471428,1.6511533566377647,1.6447374021410568,1.6121330758472285,1.3286341402638895,0.04626141459390943,1.0,1.0,0.5,0.5,0.8,54,192.17702736293336,310718.8592687691
14,32,1.3281129592267196,1.6484711558211282,1.6440191504199462,1.6157070815980146,1.3419312344286056,0.04672315681306705,1.0,1.0,0.5,0.5,0.8,55,182.7573154272088,310546.1497018999
14,33,1.3272194823833139,1.6405181278906857,1.6357895927109867,1.612071367565452,1.3390558967315038,0.04564235086467749,1.0,1.0,0.5,0.5,0.8,57,170.2341971091956,307752.9963053766
14,34,1.3270150423615017,1.639579558011222,1.6368926041490768,1.6220337975557018,1.3274457055079727,0.04542954587554174,1.0,1.0,0.5,0.5,0.8,59,172.23311712782666,306884.16224915255
14,35,1.3265703325959342,1.6338512323586463,1.6309580488422246,1.6204911100714348,1.3467074501787049,0.04502260624245702,1.0,1.0,0.5,0.5,0.8,60,156.07301404910174,305009.5939485828
14,36,1.3246110984404615,1.6044466275108515,1.596348480048702,1.5817287387863732,1.349751584198431,0.043033610599081965,1.0,1.0,0.5,0.5,0.8,64,183.3018681699898,132423.97796815453
14,37,1.3246380501854793,1.601423706381374,1.5932079387036284,1.5908686762884867,1.3285656767113392,0.0432914038754402,1.0,1.0,0.5,0.5,0.8,66,185.57132718655336,132898.26701914813
14,38,1.3245612983195445,1.6012495323787177,1.5930300549262448,1.5943852125098166,1.321855470916603,0.0431420242401921,1.0,1.0,0.5,0.5,0.8,67,181.6551425850168,132477.537633057
14,39,1.324446133667358,1.593114997907036,1.5845869451439063,1.5907789081076922,1.3580532245540144,0.04341698083607183,1.0,1.0,0.5,0.5,0.8,68,176.40913272694138,133714.9786216038
14,40,1.3243236240843457,1.5866363179403913,1.577864247172303,1.5923382522879546,1.3360762535607154,0.04354114312909242,1.0,1.0,0.5,0.5,0.8,70,168.32541583057937,134538.34511292796
14,41,1.3241604528715443,1.5910987226052014,1.5928600857313269,1.64201644338301,1.3261444787963037,0.04332555941273805,1.0,1.0,0.5,0.5,0.8,72,169.64084768269768,132252.07630873178
14,42,1.3243626330515772,1.5899910757958438,1.5917022301311365,1.6533429479836084,1.327794774573369,0.043801523633415204,1.0,1.0,0.5,0.5,0.8,73,92.34865656634464,133022.14641558667
14,43,1.3243083353838878,1.5855789094786683,1.5871231756623805,1.6571681247406236,1.3317590515897757,0.04392412457121374,1.0,1.0,0.5,0.5,0.8,75,89.29308629252316,133908.4351457836
14,44,1.3241666933221194,1.5838934674258833,1.5874499211744761,1.6700401453139437,1.3283425858550384,0.04378744863735391,1.0,1.0,0.5,0.5,0.8,77,116.70625036454494,155006.13986600318
14,45,1.3249545994132548,1.5804728688372696,1.5838684674307935,1.6891220097907986,1.33222815749704,0.04557026649682084,1.0,1.0,0.5,0.5,0.8,79,74.80952984071911,82777.69362234965
14,46,1.32499340245136,1.576720059120951,1.5799708715310172,1.6987574365612654,1.3314130118113912,0.045826681865744304,1.0,1.0,0.5,0.5,0.8,81,76.68531636992898,82804.25678507356
14,47,1.3249219012564577,1.5730084735697547,1.5761204445677985,1.7032113669977953,1.3310780027663367,0.04584878403113733,1.0,1.0,0.5,0.5,0.8,83,77.26738407247264,83090.89495625923
14,48,1.324557920206908,1.5719073760256732,1.5770626763598838,1.7283083174681098,1.3321489895215746,0.04521459904175309,1.0,1.0,0.5,0.5,0.8,84,68.38774570772553,67790.27945641152
14,49,1.3238774470746324,1.5568140396242365,1.563492499334128,1.7162816093612876,1.3922658851903875,0.04448253619464641,1.0,1.0,0.5,0.5,0.8,85,63.4757515191434,75149.06352256841
14,50,1.3238258502190003,1.55343534662132,1.5599874648256995,1.7212119602747804,1.3296691400273777,0.04450012040533028,1.0,1.0,0.5,0.5,0.8,87,65.5005279704395,75533.95708639175
14,51,1.3238702187577092,1.5526664480275716,1.5591876336254544,1.7285151877148297,1.3241680097440272,0.04461847565644575,1.0,1.0,0.5,0.5,0.8,89,60.94320996945,76006.37548910521
14,52,1.3238306125929848,1.54896597061455,1.5532764521332956,1.718400579639314,1.3275014571403037,0.04462066724459105,1.0,1.0,0.5,0.5,0.8,91,60.99327920991805,74362.85433852382
14,53,1.3235049907743204,1.529799416449185,1.5333960477183375,1.7130663822627281,1.3641519160717275,0.04455972439332706,1.0,1.0,0.5,0.5,0.8,93,56.587129430757805,207923.0613430125
14,54,1.3234636125074126,1.5183617638524283,1.5235995072380724,1.7216751322105739,1.3788805335247545,0.04481562640434774,1.0,1.0,0.5,0.5,0.8,94,46.4110322389806,262120.05277996144
14,55,1.3233942607438909,1.5128453969758149,1.5178774338125092,1.734537597844393,1.3344780329664405,0.04480886746144994,1.0,1.0,0.5,0.5,0.8,96,45.17439311765522,261622.64188895692
14,56,1.3233942607438909,1.5141727169168324,1.5213268657431849,1.7564028843294563,1.3224045171405328,0.04480886746144994,1.0,1.0,0.5,0.5,0.8,98,45.17439311765525,261622.64188895692
14,57,1.3232728301751986,1.512479437392943,1.5195742739362,1.768800981591053,1.3257833971992667,0.044602723833865696,1.0,1.0,0.5,0.5,0.8,100,40.22247709952276,261185.83962066827
14,58,1.3232550791101958,1.5101353032333447,1.517142358515831,1.7747495680667624,1.3274652759269108,0.04462051114050551,1.0,1.0,0.5,0.5,0.8,102,41.052460427925,261854.55759137185
14,59,1.3232913855557786,1.5082155726938615,1.515148822391991,1.7810800978900883,1.3266984140694156,0.04473692364063414,1.0,1.0,0.5,0.5,0.8,104,38.58709371759473,262696.6616786383
14,60,1.3238009118139091,1.5084264154430003,1.5153484080771644,1.8240587060213078,1.323078895341364,0.045762886448484766,1.0,1.0,0.5,0.5,0.8,111,104.01143185568938,77015.7911306312
14,61,1.324094773507078,1.5070390741716804,1.5138976547537208,1.8307289060088618,1.3306679070476362,0.04638759795156295,1.0,1.0,0.5,0.5,0.8,112,106.92271835227434,76471.37539296735
14,62,1.322975239048324,1.5042284706116293,1.5110232968406103,1.8324699551975614,1.3296202452326407,0.04418514702719694,1.0,1.0,0.5,0.5,0.8,113,93.48820778291628,72752.59345122913
14,63,1.3229166225369222,1.5002573928863956,1.5069047157231796,1.8366760467252825,1.3306897520583,0.04414939186503903,1.0,1.0,0.5,0.5,0.8,115,93.19287071736196,72530.28131800836
14,64,1.3231988652588922,1.4920720361274784,1.4984003744533485,1.80993107552929,1.3411448899956908,0.04488007456480454,1.0,1.0,0.5,0.5,0.8,117,86.8071162546106,67870.5196489226
14,65,1.3226445213923261,1.4850237930159544,1.4911076656550053,1.826636293960449,1.3315124442008748,0.04388957654842498,1.0,1.0,0.5,0.5,0.8,120,85.27629810706948,66570.06254480113
14,66,1.3226380106215965,1.485429170352049,1.493600689629745,1.8022979356649154,1.3260003450715556,0.0438926298160764,1.0,1.0,0.5,0.5,0.8,121,84.10608435212676,66725.73151272099
14,67,1.322907484173049,1.4812483672196821,1.487180263859055,1.8390410932525898,1.3360362001972477,0.04448516729651143,1.0,1.0,0.5,0.5,0.8,122,85.00018556570805,66536.47092258488
14,68,1.322924106709218,1.4805667837966872,1.4864724286940665,1.8462308112421506,1.3238187902678895,0.044530252558352426,1.0,1.0,0.5,0.5,0.8,124,82.52138081980868,66887.92321932992
14,69,1.3228017698478518,1.4789899784962584,1.4848408989839055,1.8487089689619713,1.3286907926988745,0.04431021021824888,1.0,1.0,0.5,0.5,0.8,125,71.66760897047159,66613.66414492534
14,70,1.3227153426755769,1.480072116569846,1.4880391625587701,1.8642466670083737,1.3223492784503073,0.044139443478464664,1.0,1.0,0.5,0.5,0.8,127,74.36931078549364,66729.223564227
14,71,1.322729795105774,1.4786869295656337,1.4886735031184164,1.8894410807114757,1.3281268920148652,0.04421271310100021,1.0,1.0,0.5,0.5,0.8,129,69.99413681601796,66584.3827087242
14,72,1.3227012906171518,1.475911756731898,1.4837228739407506,1.8723277139364618,1.328355423074337,0.044178311819762776,1.0,1.0,0.5,0.5,0.8,130,72.794801152233,66689.62313674556
14,73,1.3230965296792294,1.4759127875914226,1.4837090776793267,1.880204717954355,1.3242334735083348,0.04497503182137103,1.0,1.0,0.5,0.5,0.8,131,77.39920892809437,73109.7303380254
14,74,1.3226621539426757,1.474752626815562,1.4845938149165594,1.901844889602198,1.3238831442722372,0.04413830463487506,1.0,1.0,0.5,0.5,0.8,136,70.78888995644145,67166.57021285976
14,75,1.3227443436761512,1.4741556609838964,1.4839713174668248,1.909286035184586,1.3236507793933927,0.04431309064753828,1.0,1.0,0.5,0.5,0.8,138,77.21075880171098,67467.28050261739
14,76,1.3225519460572739,1.4723508951460842,1.4800337311495806,1.9046008639507719,1.3232269741986062,0.04393266331328468,1.0,1.0,0.5,0.5,0.8,139,75.9039617853588,66693.54374490639
14,77,1.3225405383610562,1.4743217225724214,1.4882957035087125,1.9469773618277009,1.3309141111607214,0.04394048017182297,1.0,1.0,0.5,0.5,0.8,140,68.175428389863,65513.46666777672
14,78,1.3224193555117996,1.482043872646559,1.508745869822572,2.08766050437496,1.3219515624250093,0.04369949448878861,1.0,1.0,0.5,0.5,0.8,144,63.38848490133861,173164.7477213153
14,79,1.3226762288057161,1.480750529354998,1.5115387146666845,2.1431010870392715,1.3283376931271866,0.04427491434718272,1.0,1.0,0.5,0.5,0.8,147,55.74566506848762,180012.85796745293
14,80,1.322673599960181,1.4796261726742517,1.510372220800026,2.1118379332719215,1.3245967859451016,0.04428549654935527,1.0,1.0,0.5,0.5,0.8,149,63.9285569994891,174598.82764974583
14,81,1.3226735999590469,1.4796261726742517,1.510372220800026,2.1118379332719215,1.3221429692804019,0.04428549654935527,1.0,1.0,0.5,0.5,0.8,150,63.92855689294902,174598.82765725235
14,82,1.3222540692106879,1.475407375990204,1.5018662230723485,2.1245502897131754,1.326790785538009,0.04346257500841227,1.0,1.0,0.5,0.5,0.8,151,57.35760765064232,172692.03731570233
14,83,1.322315534571291,1.4738031058189818,1.5022716330021146,2.136592677722785,1.3349943247332035,0.04362669436228742,1.0,1.0,0.5,0.5,0.8,152,46.54467009475712,169083.779835278
14,84,1.3222219219348348,1.4616655430530863,1.489681893510386,2.145266096634601,1.3748876089633182,0.04359330470638543,1.0,1.0,0.5,0.5,0.8,153,43.03190866727424,171154.61711702443
14,85,1.322221752134479,1.461637066923752,1.489652332815807,2.1452401714162033,1.321921705164729,0.04359330471325232,1.0,1.0,0.5,0.5,0.8,154,43.345972564946685,171124.31641679924
14,86,1.3222217521312043,1.4616370669203185,1.4896523328123736,2.1581028991932207,1.3217967499884435,0.04359330470638543,1.0,1.0,0.5,0.5,0.8,155,43.3459726474067,171124.31637487205
14,87,1.322295044459325,1.4613966840717105,1.4914724496059324,2.1645254485432446,1.3292932217186462,0.04375991533049965,1.0,1.0,0.5,0.5,0.8,156,46.280911582571946,164844.41494313846
14,88,1.3221205943160637,1.457063489766382,1.486983251567888,2.174538755956279,1.3398775936713516,0.043458623633276836,1.0,1.0,0.5,0.5,0.8,157,40.68322798056789,181820.87538796748
14,89,1.322408328082386,1.455157819482358,1.4870675584989264,2.1739942671721986,1.3375316373860038,0.04407319511464724,1.0,1.0,0.5,0.5,0.8,158,39.74786938540919,165030.6921608722
14,90,1.3223846110067121,1.4465893007465263,1.4740339264312754,2.1745763795343462,1.330689559070892,0.04408818709807969,1.0,1.0,0.5,0.5,0.8,161,33.94774169281951,172693.1802783703
14,91,1.3223601963565634,1.4460951911579407,1.4735222489437871,2.182703394563948,1.3230551582862473,0.04404417653373553,1.0,1.0,0.5,0.5,0.8,163,35.265670870246005,171715.2222808605
14,92,1.322290686081418,1.4472745035337273,1.4768207133974158,2.190665219096748,1.3221298118693103,0.04390597507790146,1.0,1.0,0.5,0.5,0.8,165,37.73368230985129,167070.98232803127
14,93,1.3223595773725068,1.444579275425905,1.4740218419356463,2.1968860142816538,1.3342094630373698,0.044071645785768346,1.0,1.0,0.5,0.5,0.8,166,46.575630657371725,169504.81505183637
14,94,1.3223595773743182,1.444579275427945,1.474021841937686,2.196886014283029,1.3220359406197355,0.04407164578984788,1.0,1.0,0.5,0.5,0.8,167,46.575630580767,169504.8150798957
14,95,1.3223850885876407,1.4408002788780223,1.4701002207613145,2.2021196461883443,1.3388147369649759,0.04415975763099258,1.0,1.0,0.5,0.5,0.8,168,36.48489054069245,170159.21190157556
14,96,1.32237390836698,1.4404388899563754,1.4697257130041521,2.2147533075989605,1.322840579340572,0.04414074128230433,1.0,1.0,0.5,0.5,0.8,170,37.04873224572511,170413.82833831836
14,97,1.322372151557409,1.4415571955481614,1.4729583078786455,2.222669171736406,1.3229812972241515,0.04413920134218923,1.0,1.0,0.5,0.5,0.8,171,38.63703577878089,170073.26934746886
14,98,1.3222171406075671,1.4348127430394801,1.4597498337883201,2.2207005319002917,1.32320175787431,0.04385366237384739,1.0,1.0,0.5,0.5,0.8,180,34.31140810603994,174707.00841624895
14,99,1.322472208195026,1.4400363869746404,1.4734490924769776,2.271841930224931,1.3236839016236281,0.044366952086975144,1.0,1.0,0.5,0.5,0.8,181,36.47045643689244,176260.4224089884
14,100,1.3222107483773349,1.4346642467623707,1.4616683677273556,2.236243132304588,1.3268929769233484,0.0438543932561055,1.0,1.0,0.5,0.5,0.8,182,34.20696780176232,174874.3021636472
14,101,1.322331871069063,1.4369322879363673,1.4723062806174585,2.2890722195652216,1.3267002425334193,0.044125050664248086,1.0,1.0,0.5,0.5,0.8,185,36.16703765983719,179007.7545121737
14,102,1.322471202921919,1.436671064722093,1.4741024395455278,2.3222094465186585,1.3241143825738066,0.04441889303731656,1.0,1.0,0.5,0.5,0.8,189,35.391563543204306,180546.0685534245
14,103,1.3225184322915866,1.4310891446152225,1.4600201544594025,2.2881064970327314,1.322620404426143,0.04451620889542623,1.0,1.0,0.5,0.5,0.8,193,35.04961624035425,168855.90748295246
14,104,1.3224981500630404,1.4303396749905835,1.4592433686841442,2.2961852802010365,1.3238163473098776,0.04448182591407527,1.0,1.0,0.5,0.5,0.8,195,36.87778738787432,168597.03844511084
15,0,0.7026160653830938,0.8294141496808649,0.8204014323639444,0.4752421912574442,0.015442284505105404,0.03069494424089959,8.537174273608e-05,6.515814160946e-05,0.5,0.5,0.8,1,33113.883336620966,162865.23873615637
15,1,0.6598347446230172,0.8085516783682778,0.8014093169482348,0.4536781347546298,0.017697522035077805,0.0,0.0,0.0,0.5,0.5,0.8,2,32359.980176562007,161027.03337403666
15,2,0.643771496964435,0.838699147825107,0.8310435094761094,0.4890440579369434,0.08544161920268727,0.08761601120698978,3.673742426029e-05,9.945437442753001e-05,0.5,0.5,0.8,3,30872.63023965941,155909.61561150508
15,3,1.8276319107922263,2.171125507079644,2.1631224592453595,1.8253444312980547,1.5187771674688224,0.17129065840448998,1.0,1.0,0.5,0.5,0.8,4,11039.908707201594,160404.445689424
15,4,0.4760004179359257,0.8132513604058023,0.8062011534723836,0.47171419640218587,0.08188224154055976,0.10514951538052586,0.00127525762708111,0.00571671135060402,0.5,0.5,0.8,5,24517.713332551284,123613.41502102856
15,5,1.394882959307271,1.7863223108293482,1.778878267262296,1.4536259145339252,1.1147179841479602,0.10543825466033005,0.3773862199035455,1.0,0.5,0.5,0.8,6,14396.9980634406,88305.43769940993
15,6,1.5362443944253208,2.033408458425799,2.025638042459895,1.718963617686327,1.495702963649199,0.10560454489141018,1.0,1.0,0.5,0.5,0.8,8,3824.694519694882,41766.2222901964
15,7,1.5362180938310854,2.0347160921640786,2.029067124734463,1.7382684039364122,1.3528335383785008,0.10560454489141018,1.0,1.0,0.5,0.5,0.8,10,3824.195045175583,41763.49107320489
15,8,1.5221318112471809,2.088150347769817,2.0825125568640495,1.7927983578121245,1.3599191940660678,0.10075831128691155,1.0,1.0,0.5,0.5,0.8,13,3991.913460970618,1242861455.25889
15,9,1.1636578272388483,1.6778007628922167,1.6672276939305388,1.3870634991809039,1.34730364925646,0.10361788192807472,0.44102560669877244,1.0,0.5,0.5,0.8,14,6143.411082246365,42706.50626169505
15,10,1.4207875952288223,1.924472944018737,1.9123052129917142,1.6380376318283552,1.4566084934259729,0.12347538880468863,1.0,1.0,0.5,0.5,0.8,16,3309.69076213241,2860752555.4092
15,11,1.4152459866539755,1.9132508119826503,1.9006240922365631,1.6307260577667773,1.4145289454290708,0.12563709586565658,1.0,1.0,0.5,0.5,0.8,17,690.0043634160278,6596360142.474134
15,12,1.3835585858222423,1.8392319175331426,1.8240508186654512,1.576963350139368,1.5070715821562306,0.11454009779543055,1.0,1.0,0.5,0.5,0.8,19,883.3817241595593,1228491526.6633756
15,13,1.3687169289033976,1.7658285245908032,1.7479533890736507,1.518927651534343,1.5142963933341036,0.11216166488728337,1.0,1.0,0.5,0.5,0.8,21,743.4982428114643,1230817179.6342294
15,14,1.3683650004602554,1.7643420137510981,1.7484840910321466,1.5248026020774423,1.362156650669606,0.11216166488728337,1.0,1.0,0.5,0.5,0.8,23,769.7367054922768,1230776904.457457
15,15,1.3670230743525746,1.7528031650855127,1.7365129336040264,1.5205996477689308,1.4077781800917213,0.11225989403600367,1.0,1.0,0.5,0.5,0.8,24,648.8960802944188,1231034683.0957708
15,16,1.3665350988492482,1.7494952945438855,1.7351544259496392,1.527656774504864,1.3755989893295801,0.11225029170215935,1.0,1.0,0.5,0.5,0.8,25,653.6018941160712,1231008587.722605
15,17,1.3659695267713157,1.745782714033948,1.7333777474089644,1.5353664644401077,1.3669669202984112,0.11215018039095874,1.0,1.0,0.5,0.5,0.8,27,595.139985801184,1231145131.0733316
15,18,1.3607086792733498,1.6819250691391125,1.6671573500944927,1.4835360762999579,1.4942546063349538,0.11110207602235052,1.0,1.0,0.5,0.5,0.8,29,347.9362841650368,1231150308.2676554
15,19,1.3603426711045268,1.6752149551822553,1.6601977122341447,1.4925721118336122,1.3701760578975897,0.11106214694276324,1.0,1.0,0.5,0.5,0.8,31,260.2486743741309,1231417080.5123992
15,20,1.36034267101738,1.676542356080359,1.6636471716454737,1.5137097971332851,1.3555310863512582,0.11106214683057566,1.0,1.0,0.5,0.5,0.8,34,260.2486130497164,1231417080.769009
15,21,1.3602151861596585,1.6578888636664475,1.644269595433335,1.4878703240100908,1.4413434206664975,0.11257246517039635,1.0,1.0,0.5,0.5,0.8,35,206.6799946642224,1231538363.2755868
15,22,1.3597439016498714,1.6490924042794104,1.6372204540541235,1.491980279329572,1.3781973536240395,0.11241617515273591,1.0,1.0,0.5,0.5,0.8,37,167.08818315816492,1231684694.4447618
15,23,1.3596203093387569,1.6454516044828729,1.6355142465010806,1.5111018435687429,1.36727575671028,0.11253383334120995,1.0,1.0,0.5,0.5,0.8,39,146.93979717891392,1231729340.0863457
15,24,1.359439243418796,1.6425172521073212,1.6304026141461678,1.4995229721499406,1.3625972497971204,0.11227529130467387,1.0,1.0,0.5,0.5,0.8,40,158.12626027681125,1231699138.0611606
15,25,1.3593317316986302,1.6390011787623728,1.628825730803034,1.5088624367657757,1.3776738995241502,0.11239385396010496,1.0,1.0,0.5,0.5,0.8,41,136.34167915757922,1231845370.2353687
15,26,1.3568029052108694,1.5578671437108884,1.5405473291653848,1.438040042934108,1.6959572332843666,0.11091734095516456,1.0,1.0,0.5,0.5,0.8,42,158.67936615935557,1231415866.9537003
15,27,1.3568068949337913,1.555891080955597,1.5384962789489884,1.4398478017858505,1.3598958869911437,0.11098581855449134,1.0,1.0,0.5,0.5,0.8,44,148.74829104245865,1231454716.0432527
15,28,1.3567171170193146,1.5529513039310219,1.5375204344692686,1.445627117525372,1.3647492046222505,0.11092989694919171,1.0,1.0,0.5,0.5,0.8,46,134.14723395638845,1231545558.6546123
15,29,1.3566993193767174,1.5509872740483712,1.5334108731362355,1.459847115697003,1.3568318129314596,0.11091218135582862,1.0,1.0,0.5,0.5,0.8,48,123.0096188056548,1231487808.7460885
15,30,1.3566946235986626,1.5519823589382344,1.5365156413718266,1.4700792596895407,1.35618225650641,0.11091218135582862,1.0,1.0,0.5,0.5,0.8,50,120.41679713391848,1231494205.0245168
15,31,1.3565517488083416,1.551376500536787,1.537964157398304,1.4651902269614447,1.3632946533836727,0.11067732147729807,1.0,1.0,0.5,0.5,0.8,51,137.107563271261,1231457684.6656692
15,32,1.3567297355674715,1.5499892213133486,1.5344457638878644,1.4758089269436554,1.356655718650297,0.11104048450475942,1.0,1.0,0.5,0.5,0.8,52,118.69455709022368,1231500259.2548983
15,33,1.3562951209278458,1.5456445945547035,1.5361686619257506,1.4758701605241928,1.3939923507319005,0.11040588539516723,1.0,1.0,0.5,0.5,0.8,53,145.5565050103503,1231424840.619499
15,34,1.3562470916142457,1.5308814218438753,1.5187782700112644,1.4677026639180903,1.3830613426132374,0.11061129601803583,1.0,1.0,0.5,0.5,0.8,55,158.66493921603723,1231407252.890057
15,35,1.3561280375161329,1.5293597282699876,1.5213477387506509,1.474502521521831,1.3642161883917812,0.11046283384415709,1.0,1.0,0.5,0.5,0.8,57,133.63285042663924,1231476765.352179
15,36,1.356325916773548,1.5265142580430677,1.518387537755901,1.4790391752228844,1.3689432560756094,0.11092346718678261,1.0,1.0,0.5,0.5,0.8,58,139.04468716464334,1231451816.3455772
15,37,1.3560948324698656,1.5231767198627653,1.5149329312124324,1.4798585755276679,1.3690004545398247,0.11052537302527317,1.0,1.0,0.5,0.5,0.8,59,114.17919702506816,1231442979.0432675
15,38,1.3563043154069985,1.5225834268132212,1.5143093608059806,1.4825375130270402,1.3590342414351766,0.11096058977647968,1.0,1.0,0.5,0.5,0.8,60,124.21673378483024,1231441159.126442
15,39,1.3563160497040685,1.518360699929917,1.5099271111297021,1.4904298251020804,1.3742618021266346,0.11106753539545118,1.0,1.0,0.5,0.5,0.8,61,110.44856255532297,1231453774.6891086
15,40,1.3563117739683692,1.5173754084725686,1.508904884690978,1.4973364944420928,1.3577068895370172,0.11107780574478135,1.0,1.0,0.5,0.5,0.8,63,92.5857286293434,1231480868.2963307
15,41,1.3575609566077975,1.516448652947628,1.5037519757317421,1.5177110806447751,1.3571383855359545,0.11356700620846513,1.0,1.0,0.5,0.5,0.8,71,132.9030086299842,1231445302.0583858
15,42,1.3568105685987568,1.5058300914188647,1.49483405445819,1.5154147782210272,1.3822995356368961,0.11226925207689922,1.0,1.0,0.5,0.5,0.8,73,153.49087563871316,1231419893.5350287
15,43,1.356784079330342,1.501781884932826,1.4906345667367695,1.5234744601734684,1.3625866725374685,0.11228371665943575,1.0,1.0,0.5,0.5,0.8,75,130.83834361799407,1231446983.465239
15,44,1.3560315055315968,1.4575561638336456,1.4468485662897401,1.5058032143174112,1.4271748552681476,0.11136944583971795,1.0,1.0,0.5,0.5,0.8,77,93.34971066495504,1231649324.2274902
15,45,1.3564689125898792,1.463581179277714,1.4510108068578091,1.532011494899667,1.3579113433527803,0.11217176884388332,1.0,1.0,0.5,0.5,0.8,81,97.44953953224956,1231615956.4529667
15,46,1.356428876884436,1.4604459164664834,1.451904075010746,1.5546433274902665,1.3755059515870105,0.11215197715019916,1.0,1.0,0.5,0.5,0.8,83,122.22849410701824,1231555392.0406425
15,47,1.3562042206990568,1.4575182618387967,1.4488750381839788,1.5559433560832785,1.3613674428080063,0.1117309509956264,1.0,1.0,0.5,0.5,0.8,86,126.37847290874149,1231615546.591671
15,48,1.35596672913343,1.4271329693907815,1.415287717966451,1.5218403622545862,1.4585105832198348,0.11151196620914221,1.0,1.0,0.5,0.5,0.8,87,114.78543136523348,1231456590.057698
15,49,1.3559976568731151,1.4312511238568952,1.4216313018576736,1.5366420200500377,1.3586508749819413,0.1115524147609422,1.0,1.0,0.5,0.5,0.8,89,124.33991336494071,1231403302.652835
15,50,1.3559278878075771,1.4414683422705503,1.4322338799403054,1.5697818451823955,1.3635611665042442,0.11132792359758707,1.0,1.0,0.5,0.5,0.8,92,169.89700132342625,1231236309.115525
15,51,1.355479763356766,1.4170781221886743,1.404874627554328,1.531647597500088,1.3929605523910074,0.1106078233465055,1.0,1.0,0.5,0.5,0.8,93,144.0528798497616,1231713944.0452156
15,52,1.3555239162608128,1.4124331441477396,1.4000541207234924,1.5274684575343103,1.367492096457445,0.11072795318680909,1.0,1.0,0.5,0.5,0.8,94,136.92805457163183,1231732312.269621
15,53,1.3555239162583668,1.4124331036411495,1.4000540794183718,1.535264856046672,1.3553641516923647,0.11072795318680909,1.0,1.0,0.5,0.5,0.8,95,136.9280538512838,1231732312.272015
15,54,1.3555436093494688,1.420510109803934,1.4146499316663326,1.5339321424687287,1.356212145523983,0.11073976534590424,1.0,1.0,0.5,0.5,0.8,96,147.66173588979203,1231690057.9010122
15,55,1.3556635227162035,1.4157460032619877,1.403485763370527,1.5509786481057533,1.356766565772328,0.1109857924282572,1.0,1.0,0.5,0.5,0.8,97,151.6045677669048,1231685882.8295217
15,56,1.3554614793089077,1.4247136543547168,1.4231587139900106,1.6083933358372384,1.3555162237669096,0.11056415613257231,1.0,1.0,0.5,0.5,0.8,104,160.0951564268277,1231506102.5399995
15,57,1.3556927399328422,1.4215105366376897,1.415682226892781,1.611096403286044,1.3591741949880531,0.11103213206052749,1.0,1.0,0.5,0.5,0.8,106,161.25496099299446,1231396856.726092
15,58,1.355865418077438,1.4115647504722806,1.409502539932857,1.6339012784356541,1.3572799674112463,0.11146093364118084,1.0,1.0,0.5,0.5,0.8,113,150.27315197674028,1231907959.9573717
15,59,1.3564375604918384,1.4126389114991742,1.408523084464159,1.635444947182209,1.3700134001243442,0.11259391751010658,1.0,1.0,0.5,0.5,0.8,114,131.70297730861358,1231807181.718146
15,60,1.3567686367004743,1.4139407440345744,1.4119336445117092,1.6444251061540482,1.3612840535782342,0.11325828907821649,1.0,1.0,0.5,0.5,0.8,115,107.06842471782346,1231845304.8370438
15,61,1.3567686367650889,1.4152680640396866,1.415383062738106,1.6491377324462375,1.3566293878653921,0.11325828920640583,1.0,1.0,0.5,0.5,0.8,116,107.06842069739112,1231845304.8323872
15,62,1.3557240904508685,1.4068604951760149,1.402555115182789,1.6343040885639735,1.3566019474461872,0.11119808195132319,1.0,1.0,0.5,0.5,0.8,117,130.9969417127841,1231606079.1839197
15,63,1.3557132171499577,1.4076951050636946,1.4054938017345706,1.6420748531076994,1.3602958055845495,0.1111791490819728,1.0,1.0,0.5,0.5,0.8,119,131.89424331619014,1231603464.1679058
15,70,1.355416472394932,1.3964460950904536,1.4000524182027574,1.7384314799786704,1.3581907794521941,0.11066713402763395,1.0,1.0,0.5,0.5,0.8,145,135.41416872083303,1231600357.88525
15,72,1.3553979480322256,1.396988983876894,1.4026887201838316,1.7685390771692586,1.3568171536547569,0.11063395755844134,1.0,1.0,0.5,0.5,0.8,150,135.45446791331847,1231600383.7727177
15,74,1.3553948520619037,1.3957273122907499,1.401379995115087,1.7673903163000872,1.357188495853224,0.11063401291659816,1.0,1.0,0.5,0.5,0.8,153,136.8653755856516,1231595200.4180417
16,0,0.7081702426551888,0.8165164891593631,0.8096713048645592,0.46087204019221917,0.0,0.0,0.0,0.0,0.5,0.5,0.8,2,28648.0432424341,161513.5125226812
16,1,0.46979394945788144,0.7670405249394819,0.7604221080426302,0.4186827001614551,0.17889064339745012,0.0,0.0,0.0,0.5,0.5,0.8,3,23819.291747568142,127050.37013446286
16,2,1.6428931909241449,2.063646511400778,2.053247640720798,1.72369624460739,1.537128945912275,0.08477371705696454,1.0,1.0,0.5,0.5,0.8,4,7874.458186789122,128341.45480798642
16,3,1.6386333056405085,2.0622642266751727,2.051811670550342,1.7273754067265388,1.3455959703907334,0.08488689778549115,1.0,1.0,0.5,0.5,0.8,6,7817.696664287352,127415.6646846429
16,4,1.1950114006059742,1.7188279509028557,1.7068969465441832,1.3959197112173718,1.5636103563695396,0.10207931614857316,0.4863048232587496,1.0,0.5,0.5,0.8,7,3258.0545642495463,58767.63184624091
16,5,1.4085321502098107,1.9118458272982737,1.8976797065540414,1.5981157626242677,1.562823730161942,0.09424502848966888,1.0,1.0,0.5,0.5,0.8,8,1121.231905743746,60946.31862769336
16,6,1.40817558560834,1.9112655298899783,1.8970777532624228,1.5975874708165334,1.34965464511316,0.09424502848966888,1.0,1.0,0.5,0.5,0.8,9,1125.6135446906624,60435.07369878687
16,7,1.4009654602770796,1.8986933884507653,1.884032262417967,1.5925200547437854,1.4028157157845416,0.09447780019156424,1.0,1.0,0.5,0.5,0.8,10,999.0327514809084,53594.244265895104
16,8,1.3879039655880523,1.870822360900781,1.8551151794969836,1.5699032149857908,1.4702248689401634,0.09481501259958712,1.0,1.0,0.5,0.5,0.8,11,948.2125250298684,4525083.746415601
16,9,1.370967220192098,1.8191079656600764,1.8035509648694454,1.5270484698305085,1.4629839222041006,0.09444697702086233,1.0,1.0,0.5,0.5,0.8,13,585.903089428362,4602298.518273379
16,10,1.3705377835574373,1.8166442701038015,1.8009859591752015,1.533879616348636,1.3537628094417464,0.09494795504697352,1.0,1.0,0.5,0.5,0.8,15,845.595968116143,5527332.407276563
16,11,1.3611681469062074,1.7714276179944344,1.7541224351070677,1.4937034477900124,1.5390685830337825,0.09280427262266426,1.0,1.0,0.5,0.5,0.8,16,181.047321143578,6318126.297725106
16,12,1.3577668401039644,1.7384353358065903,1.7198654414020154,1.4736346079682003,1.4215573053949253,0.09462271708458217,1.0,1.0,0.5,0.5,0.8,18,231.88296021078435,5878271.20263298
16,13,1.3564628956475264,1.7286099046575771,1.7096858680223714,1.4676381092184467,1.3887394510350837,0.09395551122813064,1.0,1.0,0.5,0.5,0.8,19,192.22246992286009,5703235.01850411
16,14,1.3564677240819885,1.7242724266766292,1.705169556836532,1.4666355268974594,1.368349808118079,0.09486943727665456,1.0,1.0,0.5,0.5,0.8,20,217.23183951880227,6396649.288595324
16,15,1.3530463861539497,1.6818531514548591,1.661176845705259,1.4334312662316766,1.5319489721015433,0.09438326807984324,1.0,1.0,0.5,0.5,0.8,21,218.96828362461343,5847713.666829244
16,16,1.3517009073613984,1.6601235988484957,1.6386431496611658,1.419751710462048,1.3941622296467342,0.09403500254806843,1.0,1.0,0.5,0.5,0.8,23,217.3538691011805,5860582.8426620085
16,17,1.3512316328540241,1.651110543575148,1.6292956708203743,1.4175958347957072,1.3667027038456694,0.09393629860218936,1.0,1.0,0.5,0.5,0.8,25,212.24114631120543,5876135.551711909
16,18,1.3508642577534964,1.648818365355586,1.6269284973477531,1.4295589279726015,1.3552904678264317,0.09337473262883463,1.0,1.0,0.5,0.5,0.8,26,238.04452936272264,5877158.974412764
16,19,1.3507435775874108,1.6458761272700573,1.6238762517902592,1.4332314384610583,1.3531642727985957,0.09338752988224211,1.0,1.0,0.5,0.5,0.8,28,247.5185537532276,5880051.683856882
16,20,1.3507176835690533,1.6431042973171106,1.623067988730491,1.4238135746312004,1.3654304974472569,0.09368783672837769,1.0,1.0,0.5,0.5,0.8,29,245.77113130372223,5892658.31542227
16,21,1.349489568862346,1.6368295349802398,1.6165972673819722,1.428584298758119,1.368851079323954,0.09164750378978476,1.0,1.0,0.5,0.5,0.8,30,348.6760632623411,5910419.063729505
16,22,1.3490102266131956,1.6020206044538572,1.5804646294416562,1.40194660883835,1.5018835896694567,0.09298795290902247,1.0,1.0,0.5,0.5,0.8,31,205.99412602864905,5873421.625801383
16,23,1.3487086306386136,1.5946597783578969,1.5749046223629122,1.4060653090826323,1.3656567266477984,0.09283830342893709,1.0,1.0,0.5,0.5,0.8,33,284.02976136227966,4520587.421738016
16,24,1.3486503872154456,1.5867538122726943,1.564627305821588,1.3977103796190793,1.3757626209034552,0.09304073262697587,1.0,1.0,0.5,0.5,0.8,34,239.796262086115,5883787.965584141
16,25,1.3478812631230657,1.5661935479762905,1.5474560396658967,1.3885455162074096,1.3972118126486217,0.09246114361935874,1.0,1.0,0.5,0.5,0.8,36,168.05486465210095,4498169.66166005
16,26,1.3475052934190952,1.549093743289642,1.5297219294424904,1.3832083499374472,1.382229077059239,0.09226446716621664,1.0,1.0,0.5,0.5,0.8,38,114.69865364830056,4485726.114554681
16,27,1.3474367528569613,1.5439568182608003,1.524393044194583,1.3853532843144623,1.3574078150451547,0.09228269352129939,1.0,1.0,0.5,0.5,0.8,40,116.27344494846923,4489285.271617814
16,28,1.34740990049673,1.5427739278770658,1.5231664284806852,1.3910659448824987,1.3512705132385485,0.09226329748598924,1.0,1.0,0.5,0.5,0.8,41,115.5412946870493,4148955.009720401
16,29,1.3473958147106635,1.542041883488551,1.5224071490890885,1.3904068173555006,1.349319608262051,0.09225623075114704,1.0,1.0,0.5,0.5,0.8,42,127.13039564982496,4493412.601545714
16,30,1.3470888214698,1.5382829255191175,1.5185175690156028,1.4038535435539747,1.3535934167072063,0.09174222827545936,1.0,1.0,0.5,0.5,0.8,44,122.99525048227284,4164223.777774372
16,31,1.3469925327587435,1.5351448238020078,1.5173363219896512,1.4201964317337823,1.3554829490600702,0.09166969011244108,1.0,1.0,0.5,0.5,0.8,46,137.25374736642914,4156751.5905163847
16,32,1.3468457909728007,1.5286333514383033,1.508512382910675,1.4119321271053846,1.3681111717795569,0.09150880290673928,1.0,1.0,0.5,0.5,0.8,47,129.1907289516364,4165998.866148129
16,33,1.347152047436503,1.5281590099337268,1.5121524360715766,1.4095377182213091,1.3511816897228734,0.09220784696547908,1.0,1.0,0.5,0.5,0.8,50,115.14605314817663,4491194.552532322
16,34,1.3471332616066458,1.5253368100630398,1.5092243726104912,1.4105171542257657,1.3585473521582174,0.09223866352220732,1.0,1.0,0.5,0.5,0.8,51,144.15591196544565,4496082.455718243
16,35,1.3471025584081364,1.5251204250358095,1.5090010063266517,1.4138410452768408,1.3469130768223492,0.09218171360973716,1.0,1.0,0.5,0.5,0.8,52,123.02425918860746,4494851.553979794
16,36,1.3469954917485594,1.5174498671265015,1.501044995589371,1.4104531671235774,1.3795926833004226,0.09214228621516052,1.0,1.0,0.5,0.5,0.8,53,125.02378172860344,4492091.33039521
16,37,1.3469190482612938,1.5142449745699915,1.4977221173589403,1.4181326997391461,1.35296375312529,0.09205784816969192,1.0,1.0,0.5,0.5,0.8,55,107.3143538125652,4487890.03061949
16,38,1.3479469983774233,1.509802971853732,1.4930739099110868,1.4249564948919589,1.359206596147761,0.09422801013413992,1.0,1.0,0.5,0.5,0.8,57,104.0271834164367,4511251.422655182
16,39,1.3474909537280224,1.5025099546186245,1.4834512471734593,1.422901873065586,1.358896632640151,0.09342482898944073,1.0,1.0,0.5,0.5,0.8,59,144.6466971075647,4489882.042624791
16,40,1.3478595378421951,1.5022176634763493,1.4852061642962195,1.447116103924796,1.3514957920884347,0.09419980989154592,1.0,1.0,0.5,0.5,0.8,61,104.693165581294,4508798.638728663
16,41,1.347883081224544,1.5034226979425456,1.4885278066690764,1.4618327759521352,1.347339218194343,0.09424964083800058,1.0,1.0,0.5,0.5,0.8,64,122.51837940216392,4513751.410767494
16,42,1.3462640985918282,1.494004243196517,1.4788157522349201,1.4605900676930577,1.3800509181570917,0.09115262006056828,1.0,1.0,0.5,0.5,0.8,65,115.7116582349329,4519670.717246039
16,43,1.3453530128958486,1.4919642615436843,1.4788054545648168,1.4915959216926153,1.345775284761922,0.08937270194810505,1.0,1.0,0.5,0.5,0.8,75,466.6633683347145,3507719.632282929
16,44,1.3453422450047536,1.491990752853542,1.4809055101615092,1.5173109631077206,1.3475146073792033,0.08937270194810507,1.0,1.0,0.5,0.5,0.8,77,469.0241560308017,3508249.854442324
16,45,1.345336288987093,1.4914621610532395,1.4803572702461854,1.520778584778434,1.3469932207245958,0.08936949981921842,1.0,1.0,0.5,0.5,0.8,78,456.6314060516687,3508300.9950855067
16,46,1.3453224803190666,1.4886483778079138,1.47951032537592,1.524690865001027,1.3629313341141478,0.08940904830866968,1.0,1.0,0.5,0.5,0.8,79,504.39677927492704,3510956.7096667304
16,47,1.34529720353255,1.4822842291333442,1.4687635070873797,1.509822134380424,1.352839932301304,0.08941610386772755,1.0,1.0,0.5,0.5,0.8,81,471.1841657033061,3533663.5954653104
16,48,1.3453326989655228,1.47968959817213,1.4660699453004793,1.5151963333929341,1.350574764739925,0.08952696722002984,1.0,1.0,0.5,0.5,0.8,83,416.1987167876613,3549442.549673729
16,49,1.3452378297275105,1.4808844785920405,1.4714577379774236,1.541602746283448,1.3507153365865012,0.08935752170384842,1.0,1.0,0.5,0.5,0.8,84,272.24491875435064,3498819.969317945
16,50,1.3452727923242063,1.472241894546558,1.4604169352845293,1.534750923103954,1.3771567943376393,0.08953166605969579,1.0,1.0,0.5,0.5,0.8,85,330.4492751555427,3498516.145044612
16,51,1.3451917960217572,1.4724079254467248,1.4626644712517813,1.5457865053297093,1.3470767225825213,0.0893843728740064,1.0,1.0,0.5,0.5,0.8,87,305.7882706788919,3495077.298901638
16,52,1.3451747075022396,1.4713001921344357,1.4615157759394937,1.5526720792144078,1.3494879794632757,0.08936484950633845,1.0,1.0,0.5,0.5,0.8,88,295.41212261550885,3493935.003295167
16,53,1.3477280534806138,1.4741534873454842,1.4685248578209689,1.557192331827498,1.3576325341436315,0.09450264639169968,1.0,1.0,0.5,0.5,0.8,89,469.128928226692,3561451.352373813
16,54,1.3473604943194908,1.4675525386963828,1.461689847810005,1.5554145009188804,1.3743979612364154,0.09384636913414815,1.0,1.0,0.5,0.5,0.8,90,415.88751905587054,3560709.213277378
16,55,1.3473007145624027,1.4665443260164879,1.4606460680328832,1.566585430773266,1.3482625057255186,0.0937383712554712,1.0,1.0,0.5,0.5,0.8,93,431.5722754567096,3562258.8997764653
16,56,1.3473346032045568,1.46419245838959,1.4582046315277788,1.5765568968682138,1.3574290645544287,0.09383474792948468,1.0,1.0,0.5,0.5,0.8,94,466.4580468939691,3567192.751595222
16,57,1.3474240534254425,1.4628346092631512,1.4567924740348315,1.5753424801853018,1.350203923574568,0.09403066336558255,1.0,1.0,0.5,0.5,0.8,96,455.5663959732887,3568666.309429265
16,58,1.3472524206507446,1.4616744823539587,1.4555952888930748,1.582528928978642,1.3512041628457478,0.09369887805014412,1.0,1.0,0.5,0.5,0.8,97,471.5117688126551,3567983.3740834147
16,59,1.3472100446482873,1.4588168086489257,1.45263201305363,1.5880879128223102,1.3592244812863405,0.09364618989528121,1.0,1.0,0.5,0.5,0.8,98,437.3724706710841,3562198.011178102
16,60,1.3472153583487203,1.4583793134071978,1.4521778502863782,1.5958333729874739,1.347805034641223,0.09366177729949617,1.0,1.0,0.5,0.5,0.8,100,444.5071366603322,3565974.590354879
16,61,1.347258410386214,1.459259614175014,1.4572341864024418,1.61916561965731,1.3488852370025095,0.09376800868647665,1.0,1.0,0.5,0.5,0.8,104,436.1491586345885,3566717.6716858475
16,62,1.3476851118263258,1.451828115248076,1.4495079776691506,1.6038796314876405,1.3560199745201735,0.09470444423452096,1.0,1.0,0.5,0.5,0.8,108,457.831309057161,3564251.57084521
16,63,1.3477196165578915,1.4480615665488452,1.447671266194797,1.6245163812366976,1.3586649307750382,0.0948239328314486,1.0,1.0,0.5,0.5,0.8,110,454.6532758086141,3567237.2732587266
16,64,1.347637332726435,1.4456316056067964,1.4451532834911407,1.6347751488474453,1.3525586518834145,0.09468189449746704,1.0,1.0,0.5,0.5,0.8,112,444.6032317428828,3557539.7429191563
16,65,1.347951256435798,1.4471540444262896,1.448793356212333,1.6773483645368936,1.3477149946971485,0.0953106350563198,1.0,1.0,0.5,0.5,0.8,119,474.9965089028681,3557607.4493535063
16,66,1.3482343284496205,1.4426677783981816,1.4420559959207853,1.6604965344709586,1.363103330590472,0.09590851400548513,1.0,1.0,0.5,0.5,0.8,120,438.4088901485316,3571810.5263832984
16,67,1.3483315170591363,1.441340088793817,1.4386025821410064,1.641059885683726,1.348506956788494,0.09610382657437556,1.0,1.0,0.5,0.5,0.8,121,404.9691448670512,3561102.226705695
16,68,1.3481869869802439,1.439591696653002,1.4388664503995934,1.665935270687576,1.3607888452627086,0.09584084539855596,1.0,1.0,0.5,0.5,0.8,122,407.1473652013675,3568221.682796969
16,69,1.3482926368588761,1.436608817743946,1.4336954719415258,1.6487486445766488,1.351910668727107,0.09606749201962612,1.0,1.0,0.5,0.5,0.8,124,410.6128638883356,3561998.5074249664
16,70,1.3483160740897875,1.437428624839713,1.4366174753702867,1.6711460580362032,1.350389194745943,0.0961189238305628,1.0,1.0,0.5,0.5,0.8,125,412.6374201201744,3567181.2167408904
16,71,1.3483076078980378,1.4326193891315944,1.4295560402650391,1.6650903285681278,1.3531607136342236,0.09613129925198226,1.0,1.0,0.5,0.5,0.8,128,397.06680670501686,3566236.987215355
16,72,1.3483047122900964,1.4347003211348426,1.4358597635159165,1.6943716103163264,1.348483119302775,0.09613021999131979,1.0,1.0,0.5,0.5,0.8,134,422.3856383144501,3567252.6604145924
16,73,1.3483031623887434,1.4329933734323743,1.4320165492175154,1.7001086525272182,1.3488942347117274,0.09613021999131978,1.0,1.0,0.5,0.5,0.8,136,420.167414092857,3566838.901076048
16,74,1.3483516268263478,1.432860387998978,1.433949121231132,1.7209535387728632,1.3498759191191598,0.09624015027969832,1.0,1.0,0.5,0.5,0.8,140,418.7126748700167,3567394.899018514
16,75,1.348180467841434,1.4320168219576366,1.4330803642755954,1.7637827269720645,1.3492351248265697,0.09590253574935134,1.0,1.0,0.5,0.5,0.8,142,402.8104327769105,3572490.8463451304
16,76,1.3481280754287384,1.4294502434637517,1.430419691181174,1.784903730358201,1.3494911604417061,0.0958177150728916,1.0,1.0,0.5,0.5,0.8,149,412.8319562193965,3573307.459995128
16,77,1.3481732715518393,1.4283418650880741,1.4292681056212437,1.7922069901337132,1.350507097595841,0.0959171251375578,1.0,1.0,0.5,0.5,0.8,151,413.27143422368,3573069.377421404
16,78,1.3481820076076518,1.4293829744613795,1.4324202447733345,1.8062399858696605,1.3486036215965997,0.09593682933470762,1.0,1.0,0.5,0.5,0.8,153,400.8441802294606,3573674.520704914
16,79,1.3485725089062757,1.4307635496585296,1.4359102823668157,1.8314296431599895,1.3487341283773113,0.09672044800536062,1.0,1.0,0.5,0.5,0.8,157,400.1033022237754,3572721.2788548823
16,80,1.3481686355106537,1.4311031588226322,1.4383501034463513,1.840746706954205,1.3504958238535434,0.09591712513968029,1.0,1.0,0.5,0.5,0.8,158,411.5558928640156,3572766.444845233
16,81,1.3481947642305445,1.4333596575880023,1.4448349060235963,1.8906032633998915,1.3484523380863935,0.0959726154808046,1.0,1.0,0.5,0.5,0.8,162,398.7351521278648,3571924.4752745302
16,82,1.34855747856653,1.427511104332552,1.430464194886005,1.8334763086682513,1.3503362837874047,0.09670487509726436,1.0,1.0,0.5,0.5,0.8,164,416.7130455832543,3579406.7374323034
16,83,1.3479517721799765,1.4295778749904413,1.4388482445572082,1.9072113936872805,1.349205771082833,0.09550337445773475,1.0,1.0,0.5,0.5,0.8,168,398.4368799875805,3557239.784339299
16,84,1.347946771456101,1.429532669636005,1.4408739233999819,1.920473733519979,1.3507278811282943,0.09550337445773478,1.0,1.0,0.5,0.5,0.8,170,401.9140816847124,3557982.950217564
16,85,1.3479065048809455,1.430273670214418,1.443716573334259,1.924295746349475,1.348916218850711,0.09542684405784167,1.0,1.0,0.5,0.5,0.8,172,397.6618218783056,3547436.169153984
16,86,1.3478473541541385,1.4288597497019375,1.4401795297065751,1.9562568731214276,1.3476735255327372,0.09530873187731168,1.0,1.0,0.5,0.5,0.8,178,412.9068744398133,3546307.771580096
16,87,1.3477789654460948,1.4253167479816082,1.4385788401698307,1.9606281024015944,1.3687097756135906,0.0952061455652936,1.0,1.0,0.5,0.5,0.8,179,398.6514570153101,3558056.015593406
16,88,1.3477828681810236,1.4261527520596549,1.4415183618727738,1.9748593903929168,1.3486968161898565,0.09521738353151536,1.0,1.0,0.5,0.5,0.8,181,402.5620517283338,3558676.3199003763
16,89,1.3478659861921738,1.4252612683671244,1.4426628113176974,1.9861188932302885,1.3510804786290085,0.09539939082720263,1.0,1.0,0.5,0.5,0.8,184,409.4127163299208,3558685.2165029724
17,0,0.6961693162618255,0.8048536697411034,0.7975733792352551,0.4500206077936231,0.0,0.0,0.0,0.0,0.5,0.5,0.8,1,4292.305118531031,118031.41107843078
17,1,1.1240265653259476,1.333437416003398,1.3240809826185997,0.9818928449453894,0.5968763536116248,0.00544078070009282,1.0,0.03244767666605089,0.5,0.5,0.8,2,6418.969243577378,161249.52647437155
17,2,0.9121368209589312,1.2745991636375396,1.265120263512971,0.932284726590464,0.6245530631986999,0.00544078070009282,1.0,0.03244767666605078,0.5,0.5,0.8,4,3117.736612279364,136290.00738613546
17,3,0.8625738541855186,1.3190992915971418,1.3100955179438805,0.9847054170384953,0.712213038467084,0.00544725900739526,1.0,0.1415934868300332,0.5,0.5,0.8,6,2655.0932758403583,134977.32619749228
17,4,0.8716692276131945,1.343986874353803,1.3323809562374291,1.029557133508237,0.6833317022625649,0.03618918107905647,1.0,0.17123378332805167,0.5,0.5,0.8,8,1040.795645827218,117339.74684104053
17,5,0.9939068825249404,1.4856395895999288,1.4754580371372277,1.1637297217419886,0.8952142439552813,0.015836735780080997,1.0,0.3827390829215172,0.5,0.5,0.8,9,1763.638654657124,118217.96212908402
17,6,0.7852638971017091,1.297443784395674,1.2856758462328588,0.9946363757495941,0.8562116913998453,0.024839723879416402,1.0,0.1950229404428362,0.5,0.5,0.8,10,978.219639671622,117279.06550001205
17,7,1.346466065851133,1.807507749371749,1.7905506875643453,1.5140863749984859,1.6214071506092775,0.03519373503067043,1.0,1.0,0.5,0.5,0.8,12,408.9655817891674,104614.15502872287
17,8,1.345666883465424,1.805295775442703,1.788264582023209,1.517328036547553,1.3217214817776517,0.03474267351947184,1.0,1.0,0.5,0.5,0.8,14,397.8842020398585,104814.55166262604
17,9,1.3462529121307398,1.8047738552127548,1.7897387005334648,1.5248936815969025,1.3336104909754363,0.03780312278441837,1.0,1.0,0.5,0.5,0.8,15,395.4002078236373,102599.44241077056
17,10,1.3451642578012883,1.7971717352842729,1.7797505519161982,1.526928291984083,1.3506840893944738,0.03940117848451756,1.0,1.0,0.5,0.5,0.8,16,370.6056650538396,95187.8396380568
17,11,1.3331918342450553,1.7538648310949079,1.7370220131842344,1.4816345617037703,1.4976999902292802,0.03289223032544426,1.0,1.0,0.5,0.5,0.8,17,409.999216701814,3696455.003512327
17,12,1.330397307452511,1.7330692274670123,1.7154335361524176,1.4706544412109497,1.3634577425910868,0.0338076664542124,1.0,1.0,0.5,0.5,0.8,19,336.4704817912128,130018064.34851584
17,13,1.329477619005527,1.727666185941521,1.7098373885742282,1.4717079278627538,1.3280113997444918,0.03335263741103031,1.0,1.0,0.5,0.5,0.8,21,325.8793037076581,130013631.61634864
17,14,1.1837827771968428,1.5791877079491459,1.5612398600874813,1.3294813596653692,1.1853476552295146,0.03192758459055245,1.0,0.8192828647029218,0.5,0.5,0.8,22,355.3645682999269,104413034.76360434
17,15,1.3269780115896912,1.7127559778428856,1.6964665457332107,1.4735049086709777,1.3704988861875642,0.03211934203815292,1.0,1.0,0.5,0.5,0.8,23,284.9795872002675,186141364.87959868
17,16,1.3298592051666744,1.7101887736038557,1.6916047516338117,1.4812647168082078,1.3396982605475367,0.03888820009657422,1.0,1.0,0.5,0.5,0.8,24,160.73059838283697,130131036.83369316
17,17,1.329406227889337,1.7062588862986985,1.6875300378319595,1.4841978342502482,1.3278970226533418,0.03879175649870077,1.0,1.0,0.5,0.5,0.8,26,158.90102498129167,130126598.7458523
17,18,1.3294631160655437,1.7055279044419633,1.6867662745670202,1.4868027122184126,1.3234146605480661,0.03908551042205499,1.0,1.0,0.5,0.5,0.8,27,145.47033054206318,130730312.67123772
17,19,1.3252234632594302,1.6896230844606852,1.674516291666988,1.4698010483564072,1.3859924239895713,0.03356772586830918,1.0,1.0,0.5,0.5,0.8,28,197.68055830213208,107403402.26457907
17,20,1.3249553009276338,1.6867782571407877,1.6715663280673922,1.47047864703109,1.3229423115491843,0.03351302397615915,1.0,1.0,0.5,0.5,0.8,30,193.9309656645867,107515159.2775292
17,21,1.3271357451407373,1.680284075104484,1.6647202547677786,1.471400784297475,1.3610694651131259,0.03938890291781581,1.0,1.0,0.5,0.5,0.8,31,125.44846228066902,109878467.26086394
17,22,1.3268467300724378,1.6767730702011354,1.6610793111518922,1.471474942631569,1.3273074998520382,0.039334998748740815,1.0,1.0,0.5,0.5,0.8,33,125.79547124737218,109874277.72217616
17,23,1.326395752550121,1.6724626578687614,1.6586826227668934,1.468990894159869,1.3439402398548808,0.0392304415912953,1.0,1.0,0.5,0.5,0.8,34,134.09890194941704,109856615.75426392
17,24,1.3255190874698564,1.667386715051543,1.6513695050787978,1.4755065341996607,1.3257149033181603,0.03790170138997756,1.0,1.0,0.5,0.5,0.8,36,141.41544391821031,109071725.63542792
17,25,1.325272079940646,1.6644159141045882,1.6482898139648792,1.479458902945158,1.3252922946363728,0.03779709911461747,1.0,1.0,0.5,0.5,0.8,38,144.09500902532423,109067569.7169336
17,26,1.3257203718952137,1.6623713678575318,1.648215020101747,1.4798044725208208,1.3374822031304425,0.03921917122911908,1.0,1.0,0.5,0.5,0.8,39,145.4531217947019,109865469.79237495
17,27,1.324998197434152,1.6594390461962472,1.6451947647946947,1.5064618000996142,1.3210966103578352,0.03806836079766611,1.0,1.0,0.5,0.5,0.8,44,139.81577268087338,109486117.9834366
17,28,1.3247511624921007,1.6547618007899207,1.640341720938701,1.5057715492980668,1.3293939318252146,0.03814153576724537,1.0,1.0,0.5,0.5,0.8,46,135.90933444605767,109491139.90720376
17,29,1.324369105166645,1.6518701445753714,1.6394202107083258,1.512007616475121,1.3278397532980688,0.03784621817728332,1.0,1.0,0.5,0.5,0.8,48,147.58582664101343,109481883.12136357
17,30,1.323615447934542,1.6556198665411572,1.651626455872085,1.580492690061037,1.3185923590561437,0.03643502244134257,1.0,1.0,0.5,0.5,0.8,58,271.1001931343084,232958.3677817509
17,31,1.324787700687596,1.6510692695980407,1.6447802639445945,1.5786313029490455,1.3400590299024469,0.03928878150042684,1.0,1.0,0.5,0.5,0.8,59,277.5587802295869,232821.7814197352
17,32,1.3244112686958396,1.6488724868183593,1.6425117895283143,1.5843276839097493,1.3235835430899145,0.038739291331767026,1.0,1.0,0.5,0.5,0.8,61,279.0539191057476,232742.5902022014
17,33,1.3247625866571875,1.648814836137102,1.6424380132048904,1.5881589817262642,1.321596613104541,0.03948613223074587,1.0,1.0,0.5,0.5,0.8,62,272.63007246167194,232612.0466975837
17,34,1.3243571524370736,1.649147931630338,1.6448701053918764,1.601277696977817,1.3220685172113988,0.038739291331767026,1.0,1.0,0.5,0.5,0.8,63,276.5337340573064,232672.7803801472
17,35,1.3224163121845502,1.6340945491785812,1.6293026702085687,1.5994089193452146,1.3784406573446395,0.03619045581400638,1.0,1.0,0.5,0.5,0.8,64,211.99657098683903,236095.84453624504
17,36,1.3223929174856888,1.6344588747470123,1.631752435342389,1.6136357370423846,1.3191930342416902,0.03623195315816163,1.0,1.0,0.5,0.5,0.8,68,206.52278378138308,236728.0015564869
17,37,1.3223256216262227,1.6299702914236702,1.6270912757859552,1.6215624053824211,1.3283745643343536,0.03650082074416387,1.0,1.0,0.5,0.5,0.8,70,204.14691579016764,236217.65554086567
17,38,1.3215036028396168,1.6156039778644347,1.6121988929608035,1.6125734798512896,1.3797688028202466,0.0359781170840349,1.0,1.0,0.5,0.5,0.8,71,207.15593610118648,234630.9321281044
17,39,1.3215036028481795,1.6169312978054522,1.6156482835863586,1.6239480958836179,1.3179891110158273,0.0359781170840349,1.0,1.0,0.5,0.5,0.8,73,207.1559351379628,234630.9320493018
17,40,1.3213856524520522,1.6131154663291605,1.611689285600261,1.6285749924202009,1.3264212307839713,0.03602099469861922,1.0,1.0,0.5,0.5,0.8,75,201.8161885477789,235194.57839174644
17,41,1.3208742847372061,1.6112402043702772,1.6097613151786065,1.6550349349473557,1.318578800072853,0.03509799278899422,1.0,1.0,0.5,0.5,0.8,81,200.45169475442583,236859.12244675952
17,42,1.320870597665539,1.611016419081906,1.6136706069522,1.6678548393135102,1.3241759066775303,0.03529674536224226,1.0,1.0,0.5,0.5,0.8,83,191.7313231166392,234613.9412332509
17,43,1.320422407566044,1.6074475272081683,1.6058395511603216,1.6596508158368681,1.3182822585650866,0.03443343240528266,1.0,1.0,0.5,0.5,0.8,85,154.83878752865576,240395.22577150352
17,44,1.3204545926491646,1.6064824693803719,1.6048359846896867,1.6628191395754883,1.3218226714843415,0.034567694602290075,1.0,1.0,0.5,0.5,0.8,86,155.57346473220366,239530.77996316407
17,45,1.3202664712694012,1.6055462861821135,1.603870918866122,1.6659826520681509,1.320478799404214,0.034242679943653945,1.0,1.0,0.5,0.5,0.8,87,160.40269759453824,240012.3812596687
17,46,1.32021146641855,1.6037823972081715,1.602041073475522,1.672453480624943,1.3210023426552011,0.03424950703889697,1.0,1.0,0.5,0.5,0.8,89,159.31474895877264,241352.8657324172
17,47,1.3201607629116008,1.6056294052992957,1.6081031037771099,1.704025233116349,1.3187970774381523,0.03419860796275468,1.0,1.0,0.5,0.5,0.8,91,164.29549412016905,241449.82429506604
17,48,1.320039959908332,1.601435989158764,1.60582376525767,1.7236627205384307,1.3293662354450932,0.034308924078515005,1.0,1.0,0.5,0.5,0.8,93,166.42696174498718,240801.331728174
17,49,1.319594371337907,1.5930637202992417,1.5950756364087828,1.7214410523504708,1.3318049483678487,0.03382113916245597,1.0,1.0,0.5,0.5,0.8,95,166.4417354292338,239579.0225736897
17,50,1.3195934103935285,1.594357419770562,1.5984901930492557,1.7338442647727823,1.316984096642729,0.03382113916245597,1.0,1.0,0.5,0.5,0.8,97,166.39365590781668,239584.7899758501
17,51,1.3195122721864045,1.594123613569173,1.5982505348742189,1.7543585747206578,1.3169715732566616,0.03366785789805374,1.0,1.0,0.5,0.5,0.8,102,168.52160511335853,241102.8685693745
17,52,1.3195444266479788,1.5840027700963586,1.581526615056943,1.7183516795282927,1.33094209012187,0.034083883745390495,1.0,1.0,0.5,0.5,0.8,104,215.5868025346422,893429.3595221358
17,53,1.3198626040729753,1.5823302508290424,1.5797778181793152,1.7248561167355962,1.3218933738280714,0.03482887661592251,1.0,1.0,0.5,0.5,0.8,106,200.4821328757824,896670.7260031136
17,54,1.3200677669030831,1.5784696382159447,1.5757615231792874,1.7253957401523274,1.3268681380928344,0.03545411527176272,1.0,1.0,0.5,0.5,0.8,108,189.96318634656328,898649.7553345151
17,55,1.3200575580278384,1.5793902719933937,1.5787890508392615,1.7500401942235724,1.3186158005822606,0.03545411527176272,1.0,1.0,0.5,0.5,0.8,110,188.61950019729483,898800.4961180222
17,56,1.3198940030831117,1.580072357921793,1.5857174464705401,1.76577299077255,1.331753219372154,0.03528616586851977,1.0,1.0,0.5,0.5,0.8,111,190.31637675420075,684397.7822109265
17,57,1.3195594011083784,1.57576300714041,1.581256203510077,1.7702333863410387,1.3263265836812472,0.03481099017190528,1.0,1.0,0.5,0.5,0.8,113,193.0457822652504,684211.6991472451
17,58,1.3196392380596964,1.5622364728756148,1.56721071280018,1.7622718890048077,1.3788041483857858,0.03557728055990731,1.0,1.0,0.5,0.5,0.8,114,176.48312733607952,683693.2319763143
17,59,1.3196263229190754,1.5605934432156987,1.5675772386955913,1.7679460353620322,1.3243825829531857,0.03567092908305419,1.0,1.0,0.5,0.5,0.8,116,168.04344489971896,683208.9497901173
17,60,1.3193083104591588,1.5586432347000032,1.5655649689401874,1.7791000723285344,1.3211963935363533,0.03509991070986631,1.0,1.0,0.5,0.5,0.8,118,174.56910246448444,683876.7372661218
17,61,1.3193033316710134,1.5578792192548045,1.5647720102064737,1.7826312491254876,1.3209490704716864,0.03511979864960965,1.0,1.0,0.5,0.5,0.8,119,174.23026226963,683650.0658497049
17,62,1.319308001186967,1.5574149472445205,1.5642899695045087,1.7864324382371644,1.3196674628209888,0.035147453192507574,1.0,1.0,0.5,0.5,0.8,120,170.8718093060983,685180.831053459
17,63,1.3196248154270727,1.5536510670122214,1.5582992481530031,1.7922162312171444,1.33064295802827,0.03589032827347096,1.0,1.0,0.5,0.5,0.8,121,178.761424356287,901908.2735958438
17,64,1.319616181204419,1.5511060960443603,1.555657927044574,1.7940717560765382,1.3288916179286065,0.03596440947009024,1.0,1.0,0.5,0.5,0.8,122,177.42620031952737,961990.9543582242
17,65,1.3195307383572774,1.548974641768255,1.5555203807076552,1.7999591531437846,1.3330032045057112,0.0359158065411545,1.0,1.0,0.5,0.5,0.8,123,170.10617122807892,903354.9279980612
17,66,1.3192919266476197,1.5447237794541768,1.5511172849054444,1.798764459794369,1.3267380871941403,0.035578266140047624,1.0,1.0,0.5,0.5,0.8,125,170.04531561150986,1142189.435577593
17,67,1.3193539495087212,1.5431210797925285,1.5494514182903412,1.8107721272730124,1.3215793882864162,0.03575856963505,1.0,1.0,0.5,0.5,0.8,127,166.09685690849943,904269.8343546196
17,68,1.3192260596360805,1.5412177767883857,1.5474808249945,1.8038908169734669,1.3217325388346057,0.03556182991410557,1.0,1.0,0.5,0.5,0.8,129,170.16398394603087,906176.0255254508
17,69,1.3192666451113833,1.5402922348989867,1.5465186595845546,1.811352766182582,1.322135917366591,0.03567466764471588,1.0,1.0,0.5,0.5,0.8,130,166.7771158376163,1145113.853730427
17,70,1.319105575440713,1.5368353934993029,1.5450086889987744,1.8342084168520159,1.322893017777732,0.03549982318358813,1.0,1.0,0.5,0.5,0.8,134,169.2334798128629,906645.7084081182
17,71,1.3190377429400575,1.5334846407347549,1.5436054624910711,1.8478180940836897,1.3280017868585225,0.03550418362847422,1.0,1.0,0.5,0.5,0.8,136,162.2972746650763,662899.4862473974
17,72,1.3191837670426434,1.5362642653761567,1.5506284488996505,1.8880994718170632,1.317924579858575,0.03579692810624445,1.0,1.0,0.5,0.5,0.8,140,163.0053904148616,658104.9643575294
17,73,1.3191743400875877,1.5367499877084254,1.553204670030984,1.8959806783911055,1.319748736303319,0.035802614652076445,1.0,1.0,0.5,0.5,0.8,142,162.42040065905783,658288.1520570577
17,74,1.3191374081639258,1.5336376972674914,1.5479041193681453,1.8986943700098153,1.325671308768022,0.035779754725089694,1.0,1.0,0.5,0.5,0.8,143,159.98527817705775,657385.1547474499
17,75,1.3191608887226216,1.5342895524356823,1.550651663234268,1.8980880879956,1.3210261656093365,0.03584679886886731,1.0,1.0,0.5,0.5,0.8,144,159.066529969374,659592.5416474672
17,76,1.3192097311439654,1.533946974928543,1.5502943070980766,1.9246133367258744,1.3188392090347167,0.03595557301852747,1.0,1.0,0.5,0.5,0.8,146,156.82637118892754,660509.1748327388
17,77,1.3192078719828746,1.535141878826861,1.5536062893555997,1.9383564147412493,1.318267152254304,0.03595557301852747,1.0,1.0,0.5,0.5,0.8,148,156.8586835637309,660480.8285876997
17,78,1.3190688407741202,1.531423791467149,1.5497528412305366,1.9569200836286949,1.3210715745551052,0.03577777416064349,1.0,1.0,0.5,0.5,0.8,153,161.9639171580453,657466.0197929939
17,79,1.3190591664182825,1.5320306611984822,1.5524549533816492,1.9835123327771593,1.319458305577347,0.03577777416064349,1.0,1.0,0.5,0.5,0.8,155,161.55369387904508,657547.3730320268
17,80,1.3190184547143833,1.5300901068115564,1.552514472848094,1.9946568270816523,1.3226687206423424,0.03578294864427205,1.0,1.0,0.5,0.5,0.8,158,156.92839039440236,657514.7349637958
18,0,0.42242680360293655,0.7551356381394011,0.7460005628511109,0.4052003729662131,0.0,0.0,0.0,0.0,0.5,0.5,0.8,1,28212.231297868293,128035.27273981062
18,1,0.5187197393764866,0.8585788426279366,0.8493603230705035,0.5154990785742997,0.10894386427883858,0.10409422934471738,0.00630734378957062,0.06309807837799875,0.5,0.5,0.8,4,27570.511469342146,79722.46140163952
18,2,1.7235925443443207,2.125047781711075,2.1163121170234085,1.7861183100066764,1.4138269254165685,0.1184089390910801,1.0,1.0,0.5,0.5,0.8,5,10682.65097462742,63896.16316780004
18,3,1.117052499179332,1.605737856712111,1.5956877664252158,1.2857852772347138,1.2228467566172698,0.10701128026246025,0.15435588967787647,1.0,0.5,0.5,0.8,6,13938.988859114308,72427.91395193081
18,4,1.2931620684654843,1.7827825200717173,1.767516928146281,1.4766120287422138,1.5537067346614084,0.10707007712165226,0.7879933646519945,1.0,0.5,0.5,0.8,8,3934.342883601402,31153.4064377405
18,5,1.3651081216945244,1.7407609210915818,1.7219821893658018,1.4616864286573534,1.6860675819127935,0.11046942305062109,1.0,1.0,0.5,0.5,0.8,10,385.9641163540962,7555.890921940366
18,6,1.3629644925591862,1.7162654010222482,1.6965707500181886,1.4413968745316912,1.4092004279963557,0.11058209156976335,1.0,1.0,0.5,0.5,0.8,12,533.4587805912182,1750.7048374654516
18,7,1.3624827321208643,1.710103307920167,1.690179116351034,1.443182543492249,1.3688283396929828,0.11056348335393155,1.0,1.0,0.5,0.5,0.8,14,502.8120337332686,1727.6989940027158
18,8,1.361667000884529,1.6760232326188966,1.6589108396620889,1.435056964864983,1.5356098624835823,0.11388725643519285,1.0,1.0,0.5,0.5,0.8,15,124.06012674954354,12750.37441050512
18,9,1.3611527285437042,1.661706259397682,1.6419871679452747,1.4109794837224339,1.3811578764281007,0.11388725643519282,1.0,1.0,0.5,0.5,0.8,17,117.78145025178314,12949.985721499004
18,10,1.3608581342579789,1.6590630047740949,1.6433932251554282,1.438605696051173,1.3681763109439027,0.11374054737954212,1.0,1.0,0.5,0.5,0.8,19,102.9415257867094,11188.81880141769
18,11,1.3606664595099391,1.6557751532307692,1.6399852415532563,1.43561518710532,1.369974439989039,0.11360458197059382,1.0,1.0,0.5,0.5,0.8,20,97.3825978703961,9861.970576423444
18,12,1.3589856685678174,1.641495157988369,1.6210755153713385,1.4163391411498543,1.3996385327513514,0.11101936130810804,1.0,1.0,0.5,0.5,0.8,21,86.27963197424504,58919.423399728745
18,13,1.358889107795734,1.6401129921244957,1.6217144367459397,1.4192591770590564,1.36136342156045,0.11101936130810804,1.0,1.0,0.5,0.5,0.8,23,83.90308400418758,59145.89349935549
18,14,1.3579783381882304,1.6405817445899242,1.6263763984715638,1.456220401301723,1.3659474788234356,0.10937870279884443,1.0,1.0,0.5,0.5,0.8,24,111.64388744448232,9497.703134085685
18,15,1.3584301104951695,1.622198231730263,1.603126520863059,1.4151616423873474,1.423415169543804,0.11127780965329763,1.0,1.0,0.5,0.5,0.8,25,137.8900503661214,57211.4139916566
18,16,1.3584209131652756,1.6212620829904565,1.6021546886841442,1.417637873233311,1.3577506061195388,0.1113159649842971,1.0,1.0,0.5,0.5,0.8,27,134.55252956558812,58187.49445350532
18,17,1.3573249233603493,1.6200360422132323,1.6071369391642987,1.452585521034841,1.373277655817264,0.10936875756756956,1.0,1.0,0.5,0.5,0.8,28,101.15107377490104,9645.931050418065
18,18,1.3570621196257533,1.6124199239489694,1.601310100248798,1.4612794815583499,1.3741973867054258,0.10932470999791129,1.0,1.0,0.5,0.5,0.8,30,96.93165255639492,10991.617770559164
18,19,1.3573532191541835,1.6025589832207412,1.5889896193088142,1.4568439473470343,1.3947692437117736,0.1103528153464332,1.0,1.0,0.5,0.5,0.8,31,102.25059979952115,9785.757626878123
18,20,1.3565939482356297,1.5896309308124659,1.5776687767229975,1.4508633044070844,1.415160543304634,0.10944147878175718,1.0,1.0,0.5,0.5,0.8,32,101.34016855947954,10903.034791353684
18,21,1.356450242585316,1.5729603080766614,1.5603697046100882,1.442767696656558,1.391785204800731,0.1097898072500875,1.0,1.0,0.5,0.5,0.8,34,98.14688185594774,10081.64674152966
18,22,1.3561786707228112,1.5653715965355397,1.5545751658596179,1.4415417086780589,1.3740203483283442,0.10953809042353228,1.0,1.0,0.5,0.5,0.8,36,138.82366640559803,10352.857794721886
18,23,1.3561786707306873,1.5653716370417363,1.5545752691220258,1.4380188098013087,1.354769094192016,0.10953809042274525,1.0,1.0,0.5,0.5,0.8,37,138.8236672748791,10352.857769138596
18,24,1.3561709172025136,1.5662664718211967,1.5575760531298628,1.4622631617129571,1.3566573467821188,0.10953623451928444,1.0,1.0,0.5,0.5,0.8,38,134.71706792126452,10377.114507827911
18,25,1.3561143878279398,1.5593036326870398,1.5482797091408793,1.4431196837760196,1.3796164148701637,0.10959707671099066,1.0,1.0,0.5,0.5,0.8,39,142.00851964819853,10178.682492104992
18,26,1.3561515298288056,1.549084076927792,1.5376720362747938,1.4444976836082923,1.4005561078427737,0.10996603844752913,1.0,1.0,0.5,0.5,0.8,40,105.35696336832184,10966.788099854351
18,27,1.35603355479122,1.5409157265165254,1.5291994922370935,1.4441765546760088,1.3728297496907262,0.10994045027175706,1.0,1.0,0.5,0.5,0.8,42,99.13551823384346,10574.10759249242
18,28,1.3560298545330407,1.540591577285586,1.528863232900592,1.4510891731253057,1.3563915890506293,0.10994106738162801,1.0,1.0,0.5,0.5,0.8,43,99.20671021892976,10513.605135753942
18,29,1.3559491952378078,1.5349508364146907,1.5230125369075485,1.4458433965577018,1.3796064486909758,0.10991474673636836,1.0,1.0,0.5,0.5,0.8,44,94.33919588668888,10193.326897863288
18,30,1.3555912136257002,1.526867934425597,1.5167102083678572,1.455568266393851,1.3747490822282693,0.10940271446247325,1.0,1.0,0.5,0.5,0.8,46,35.67319962725148,9489.945904684717
18,31,1.355280909087837,1.503945981901049,1.4908644486793088,1.4287977489648698,1.448913978927472,0.10919393876975454,1.0,1.0,0.5,0.5,0.8,47,62.557392150892994,8855.9886055772
18,32,1.3551381700904694,1.4885748590744903,1.4769928799536582,1.4392588088101674,1.3910430055742795,0.10917108083846586,1.0,1.0,0.5,0.5,0.8,49,55.68040447718676,9403.594558958768
18,33,1.3550759905325696,1.4862813581076018,1.476687757676682,1.447243789306673,1.362459477702584,0.10909813329394029,1.0,1.0,0.5,0.5,0.8,51,51.01211802460647,9539.50970052717
18,34,1.355025840605594,1.4809123263668518,1.4711189116738672,1.4534874854441693,1.366215658742954,0.1090704172735136,1.0,1.0,0.5,0.5,0.8,53,50.03140850880393,9187.574639858509
18,35,1.3547476892811336,1.4764802277671558,1.4727476496246021,1.5035401010906497,1.3582896682106957,0.10861814260559235,1.0,1.0,0.5,0.5,0.8,62,49.90037023759314,9891.589576761304
18,36,1.3546405347847235,1.4726538650467738,1.4749985742419045,1.5120890918982308,1.3881786310405855,0.10849478211344712,1.0,1.0,0.5,0.5,0.8,63,47.95462712844272,9627.825083312557
18,37,1.3545079807125118,1.4665733946661854,1.4624780693700872,1.506327505753727,1.3628170659101744,0.10825185228751029,1.0,1.0,0.5,0.5,0.8,64,47.60276827478832,8902.133754622913
18,38,1.3530737501393317,1.4580388120934533,1.457821742557913,1.5158863647440934,1.3973106275163643,0.10549042486074185,1.0,1.0,0.5,0.5,0.8,65,52.60730526954606,9100.899439009358
18,39,1.353051551340684,1.4545266071945946,1.45625112222935,1.535421760088858,1.3627010017682457,0.10549042486074185,1.0,1.0,0.5,0.5,0.8,67,50.79746080106743,9118.766307933613
18,40,1.355168383190478,1.4473088925044735,1.436249472152421,1.480353616597465,1.3605504323315318,0.109736391747518,1.0,1.0,0.5,0.5,0.8,68,38.124687041699616,8485.190948351536
18,41,1.3530356566943764,1.451061470953312,1.4526566542516954,1.5484272565086954,1.3618989725524824,0.10549042486074185,1.0,1.0,0.5,0.5,0.8,69,48.74520402446157,9142.172329035446
18,42,1.3550369618409484,1.4335682368412392,1.4199264747283322,1.472240318252737,1.3997053510497244,0.10958293237562011,1.0,1.0,0.5,0.5,0.8,70,35.62280167941674,8556.9520183383
18,43,1.355069744333222,1.43203174767856,1.418331219957098,1.4783525491436946,1.3582657035197938,0.10966144776519834,1.0,1.0,0.5,0.5,0.8,72,31.99626662727903,8563.79785433223
18,44,1.3549804667007106,1.4287598331782592,1.4149400939028274,1.4838352604620813,1.368755708741146,0.10950866752112305,1.0,1.0,0.5,0.5,0.8,73,36.78266632171883,8506.738547517292
18,45,1.3549343438413481,1.4293917711712791,1.41766976980156,1.487003895463552,1.356136119820368,0.10942156771758767,1.0,1.0,0.5,0.5,0.8,75,31.98001938553718,8555.557753908703
18,46,1.3962402039262907,1.4818537367214493,1.491273437526971,1.6699213552328156,1.3978864075423965,0.1920498615518485,1.0,1.0,0.5,0.5,0.8,80,69.21697474616911,9216.810587963644
18,47,1.3962402039263548,1.4818537367214493,1.491273437526971,1.6786643606055454,1.396025157242166,0.1920498615518485,1.0,1.0,0.5,0.5,0.8,81,69.21697480515007,9216.810587188436
18,48,1.3795271148942132,1.460140508093069,1.4631557765307006,1.6386065395216343,1.3837925557270778,0.15863152951197532,1.0,1.0,0.5,0.5,0.8,82,40.08723113989959,8675.051168372693
18,49,1.3585176513486212,1.4420712186437223,1.4514137646480636,1.6473802269114066,1.3628918723782375,0.11662054823507569,1.0,1.0,0.5,0.5,0.8,83,53.95663144006036,45601.8110765927
18,50,1.3794055478063934,1.4586438363678935,1.4616076265180462,1.6453077940614869,1.3806685640541245,0.1583988721962713,1.0,1.0,0.5,0.5,0.8,84,33.07946155639899,8759.084658759282
18,51,1.353326563674977,1.4291430466582695,1.4340510626680505,1.6205758547735107,1.3740165248774803,0.10627595986393257,1.0,1.0,0.5,0.5,0.8,85,46.66891353124471,8809.776587142547
18,52,1.3533251206410388,1.4313937551748763,1.4405309415039138,1.662727129613505,1.3534909235610564,0.10627596056397393,1.0,1.0,0.5,0.5,0.8,90,47.22662148414189,8802.944278462794
18,53,1.3533249594561227,1.4326759507746374,1.4439335196593976,1.6883896327533785,1.3533351473877073,0.10627596056397393,1.0,1.0,0.5,0.5,0.8,91,47.391128946300135,8801.003667909126
18,54,1.3555184519566608,1.4382397565590561,1.457913116568378,1.8233663478004931,1.3556133879724437,0.1106767237452105,1.0,1.0,0.5,0.5,0.8,122,50.0073596044096,8581.49086517486
18,55,1.3555153060712863,1.4370772311287987,1.4567071959375806,1.835276014608094,1.3578856744020535,0.11067853344047632,1.0,1.0,0.5,0.5,0.8,124,49.52913615273607,8564.84971982361
18,56,1.355517334041176,1.4388366637788468,1.4626772011546474,1.8484395000237617,1.3573164507894733,0.11068879892822292,1.0,1.0,0.5,0.5,0.8,126,59.806580162905625,8419.883983576909
18,57,1.3555154560830553,1.43841927965126,1.462244259207937,1.8707868433922463,1.3559525481720556,0.11068789933472531,1.0,1.0,0.5,0.5,0.8,129,52.96962621479332,8434.6816007524
18,58,1.3581353661245805,1.4302337962632266,1.4474371215521131,1.979703906922481,1.3587790329836413,0.11597313279504666,1.0,1.0,0.5,0.5,0.8,167,1631.4375062150573,65586.03834449893
18,59,1.3581562536754999,1.429410412220106,1.446582103943307,1.9776256796152045,1.3615940522611616,0.1160201072629345,1.0,1.0,0.5,0.5,0.8,168,1613.5242530652722,65826.60371822935
18,60,1.3581815206802177,1.4282297209164192,1.4474287152170642,1.981133171999549,1.3691799088675238,0.11608652763361357,1.0,1.0,0.5,0.5,0.8,169,1626.856449198946,65427.713137756735
18,61,1.3581159098013929,1.4257146435824453,1.4427495374024533,1.9889418253445548,1.3629087388268184,0.11596220709336699,1.0,1.0,0.5,0.5,0.8,170,1656.901091019825,66041.3892196359
18,62,1.3581337134022053,1.4240782011081181,1.4410511949664888,1.9963677919761873,1.3616726891826145,0.11600794604997682,1.0,1.0,0.5,0.5,0.8,172,1637.9979986369713,66266.33964153814
18,63,1.3579706113579941,1.4215683851957486,1.4363811282593053,2.037965071211692,1.3589871633275372,0.11568796980985471,1.0,1.0,0.5,0.5,0.8,176,1640.319219108276,68080.26263187452
18,64,1.3579627849107765,1.4201845585616852,1.437018259745345,2.0639174071441886,1.3636976787393658,0.11568796980985471,1.0,1.0,0.5,0.5,0.8,178,1643.4246695251768,68089.78394075575
18,65,1.3579625789884622,1.4214405464048459,1.4403937142120624,2.0816251874702174,1.358000179698467,0.11568796982410945,1.0,1.0,0.5,0.5,0.8,180,1642.9520297880583,68088.39641146435
18,66,1.3578811142449387,1.4203381473651706,1.4413255448155922,2.0749994383841166,1.3612284849980303,0.11553855713438052,1.0,1.0,0.5,0.5,0.8,183,1609.7339391160597,68548.25744618438
18,67,1.3584059248542477,1.4230807958833083,1.4482960174384019,2.1216536002827455,1.3585610921660616,0.11659056992185779,1.0,1.0,0.5,0.5,0.8,190,1639.688516851519,67028.26354708581
19,0,0.7481752938392214,0.8121619497215192,0.8051543145539143,0.45665009521797506,0.0,0.0,0.0,0.0,0.5,0.5,0.8,1,5705.1643031646045,108578.37480441776
19,1,0.9855635522110806,1.197801432332677,1.1917530160386869,0.8442831450872852,0.3989134372348404,0.054272435669354205,0.27320074371912,0.2452379534478069,0.5,0.5,0.8,3,5295.174568587348,94208.1266826675
19,2,0.6397186118083178,1.0754005629964467,1.066858378517282,0.7453331935926948,0.5352971172124685,0.054272435669354205,0.27320074371912023,0.2452379534478085,0.5,0.5,0.8,5,383.5953583150181,63499.6806233938
19,3,0.9983725820734877,1.502434857389826,1.493753767168245,1.184739385521671,0.978964246213869,0.05433204986407088,0.6724089774668655,0.6035862101584997,0.5,0.5,0.8,7,479.1933966214263,39942.1354163227
19,4,1.426600825555659,1.9400214578586423,1.9302915912580216,1.631766803655963,1.3735075192475195,0.054354677740901844,1.0,0.9809518137912285,0.5,0.5,0.8,9,969.1844237378356,28762.3412469072
19,5,1.4265619791737523,1.9413149953036024,1.9337060102147587,1.63875872938879,1.312012591857497,0.054354677740901844,1.0,0.9809518137912285,0.5,0.5,0.8,11,966.8102134101875,28741.29381690707
19,6,1.1759352934941898,1.6893909598156829,1.680261826089227,1.3944716964488744,1.192563966879824,0.03071944587618673,1.0,0.7317525857406446,0.5,0.5,0.8,13,286.8556725534907,29176.54760504515
19,7,1.25436402504906,1.7294199300840618,1.7173283648118223,1.449726646992286,1.3915408731395842,0.032021672145888844,1.0,0.8802352932801428,0.5,0.5,0.8,15,420.2918123620088,18444.90746270534
19,8,1.2356255822111892,1.6981368162574753,1.6874149831273135,1.4289773616955777,1.251927348282757,0.03214988888663027,1.0,0.8646029108893531,0.5,0.5,0.8,17,341.5187259020135,8255.816066754387
19,9,1.2345728355199186,1.69388585367904,1.6829993308800681,1.4251618143163438,1.217588419749871,0.03229364259715042,1.0,0.8647172705530828,0.5,0.5,0.8,19,340.7076945649389,7945.552604481665
19,10,1.2781238703564997,1.7217395955493136,1.710078024902009,1.475918038877057,1.3480811848944847,0.03215995760530196,1.0,0.9255877885225756,0.5,0.5,0.8,20,262.0911402745646,11180.366737490442
19,11,1.2781238048013057,1.721739531358521,1.7100779607112169,1.4759179744719477,1.2565501987665169,0.03215995704939509,1.0,0.925587708631527,0.5,0.5,0.8,21,262.0910303265364,11180.36483466033
19,12,1.0901236080155607,1.4583984273619572,1.4455179128489601,1.234896895572189,1.4731725497898902,0.030554266753295572,1.0,0.7077016713229962,0.5,0.5,0.8,22,79.07825985488743,5031.722831420574
19,13,1.1665357324602414,1.5207702711202353,1.507317738219001,1.3074037381289756,1.2280027858590215,0.033037954888051405,1.0,0.8032812817242917,0.5,0.5,0.8,23,57.055792471683255,8127.48755573368
19,14,1.2217183425240532,1.5614671137580873,1.5494953970759549,1.3491142016890656,1.3033010974887245,0.029915922439893577,1.0,0.8759308722398499,0.5,0.5,0.8,24,37.09456152750297,3822.220598562762
19,15,1.1854801914413775,1.515840041067357,1.5014337468924963,1.314025162071995,1.2024577617036785,0.03319052578264143,1.0,0.8289783811317084,0.5,0.5,0.8,25,46.20899816685958,6857.161985439257
19,16,1.1715099956040866,1.4741057871204242,1.4606776595779476,1.2746743639925096,1.3033437407041641,0.029368616272286967,1.0,0.8158702781320836,0.5,0.5,0.8,26,45.50680954522763,5654.063369190158
19,17,1.1504445470619316,1.4289410410999748,1.414578605885123,1.2384078608975568,1.2013643317756095,0.030150681289457533,1.0,0.7902304654510236,0.5,0.5,0.8,28,42.16717008256955,3842.022649414628
19,18,1.1269704995260525,1.3375632723495894,1.3206046888744905,1.1603459804249143,1.2777917578930473,0.0289256345547576,1.0,0.7637611018751899,0.5,0.5,0.8,30,28.112650122973992,6863.774780648401
19,19,1.1166399092539105,1.321079937804721,1.3038880285412353,1.154219795873884,1.1289980537183633,0.028788353667253307,1.0,0.7510611137170414,0.5,0.5,0.8,32,24.319607491150794,6672.723127109207
19,20,1.1134112992764913,1.310229390295342,1.2927487586216515,1.144125325481962,1.1290478086928628,0.028873845386463,1.0,0.747118027662677,0.5,0.5,0.8,34,23.516558940278543,6639.477789958791
19,21,1.1146576825303174,1.3062924746221474,1.2906875263940627,1.1626838167648559,1.1281138293897022,0.02885914456048012,1.0,0.7488028224346014,0.5,0.5,0.8,36,20.004574235749875,7259.109944446543
19,22,1.1104526456989048,1.2953726434769566,1.2774419640039214,1.1499016275214584,1.1211288207443753,0.02881572962230821,1.0,0.743662804750428,0.5,0.5,0.8,38,18.8942581558656,6675.108456391384
19,23,1.1003778523841832,1.280490282209367,1.2623779517329596,1.1419831836111232,1.1100068198898738,0.028676930104401997,1.0,0.7312327686449002,0.5,0.5,0.8,40,17.41597198534372,6436.782091647918
19,24,1.10352253671588,1.2771057344932442,1.260818888749919,1.1518615938708738,1.119944257167309,0.02879892626735498,1.0,0.7352044213617495,0.5,0.5,0.8,42,15.456881313147282,6623.064599968141
19,25,1.0935732835613197,1.2632824999440342,1.2468495135988875,1.1450625804462367,1.1012516088596822,0.028659742998779297,1.0,0.7229093612825312,0.5,0.5,0.8,44,14.109176664882336,6385.519134296522
19,26,1.131317635363009,1.3034157717311556,1.2912169411715313,1.2044482103230936,1.131612376781026,0.030496861382008973,1.0,0.7689453530719199,0.5,0.5,0.8,45,16.240598583555453,3539.070651395139
19,27,1.1225687711783372,1.2817063915750695,1.2669469781232476,1.1817092320951477,1.173357623226163,0.03099372639423032,1.0,0.7578495849611616,0.5,0.5,0.8,46,19.792129385584538,2883.237184675571
19,28,1.1232694941978338,1.2777459974730925,1.262811025988325,1.1853112658021474,1.1434610916719659,0.030948285051198322,1.0,0.7588102146050938,0.5,0.5,0.8,47,17.397733943069714,150227.91831879862
19,29,1.120819277329543,1.2722494763093408,1.2571998511023912,1.1800573510843329,1.1331321350915264,0.03092326537323121,1.0,0.7557967948111997,0.5,0.5,0.8,48,19.34410891881758,3156.507564564995
19,30,1.122535628535898,1.2718676404545985,1.2567390445778701,1.190433229367537,1.130995446708536,0.030939470766667844,1.0,0.757955211447232,0.5,0.5,0.8,49,17.259978415271426,2764.157292044474
19,31,1.1111603767876372,1.2559404275294799,1.2406405415510922,1.1787774637466875,1.1306620522070805,0.030006029261615517,1.0,0.7443687218019609,0.5,0.5,0.8,50,17.363496063655095,3283.991881830161
19,32,1.1162658902516363,1.261547017435731,1.2504103421658188,1.1527647019652503,1.1250782997347808,0.03006226707449236,1.0,0.7507377560283985,0.5,0.5,0.8,51,16.486054766484493,3322.2600517289634
19,33,1.1039863112169495,1.2445500754121728,1.2311638147751849,1.1811626704737064,1.1184336849730268,0.02991974089857944,1.0,0.7355118854324261,0.5,0.5,0.8,52,16.746415274484345,2998.07351238128
19,34,1.1146405988984016,1.2514540969056736,1.2358546092761054,1.1894061687682316,1.119343154400152,0.030598433531613838,1.0,0.7484291521526669,0.5,0.5,0.8,54,15.35403118257849,3125.5999498214915
19,35,1.106380090968214,1.2440293355856546,1.2326057005751716,1.1360057069333687,1.113823463689164,0.029921872255839123,1.0,0.7385438548109189,0.5,0.5,0.8,55,14.88961769866724,3237.9935828698653
19,36,1.1144125239672094,1.2490885867322055,1.2354809872704402,1.215409691672695,1.1174728681370736,0.030850336855308857,1.0,0.7480196524055633,0.5,0.5,0.8,57,13.47875187830803,2862.532357813945
19,37,1.1047996107584057,1.2387929314137616,1.2251596283974893,1.186969820140253,1.1072474496888258,0.03046184703137827,1.0,0.7362526924033863,0.5,0.5,0.8,58,13.941507655891622,3038.121872613759
19,38,1.130949563285913,1.2622799514587006,1.248546553198432,1.2325908094500915,1.1363096309693328,0.03100627942754185,1.0,0.7686244339983742,0.5,0.5,0.8,60,12.27932627033189,5723.058472202586
19,39,1.1286584174726495,1.2520881841999212,1.23805800109507,1.2450482385433657,1.133990845093236,0.03060788276692747,1.0,0.7660783944814411,0.5,0.5,0.8,66,12.743889227817236,6029.217711865868
19,40,1.118839725814901,1.2390307365068964,1.224878935494987,1.2395939493613812,1.1254860428518514,0.03047077729285564,1.0,0.7539172387401407,0.5,0.5,0.8,68,11.974407247197624,5834.532342742033
19,41,1.134426785748127,1.2514429201099078,1.2392442410503923,1.2712928481626662,1.1537284359617122,0.03045818782991534,1.0,0.7734443118129581,0.5,0.5,0.8,69,12.666985927733036,6641.712273835852
19,42,1.1344120633022072,1.252249003748731,1.2421533720800406,1.2708174945539907,1.1361901875155591,0.03070160781844698,1.0,0.7732776457033217,0.5,0.5,0.8,70,12.176518384681858,6586.20411940431
19,43,1.1392934525890888,1.2538031892083543,1.2415104237520826,1.2813983607509827,1.1476765028403682,0.030879584436283643,1.0,0.7792833462408804,0.5,0.5,0.8,71,12.72241122933183,6802.413134064007
19,44,1.1348626122306191,1.2457076646682665,1.2332773790918743,1.2774181878963617,1.1506044582987358,0.03047084936768022,1.0,0.7740273283952172,0.5,0.5,0.8,72,11.928583662576248,6638.206441000111
19,45,1.111286637103278,1.2213258902038748,1.2088653635911593,1.2728080609649748,1.1113933077218965,0.029710184298778492,1.0,0.745038595798613,0.5,0.5,0.8,79,16.115000265093634,5064.531324834942
19,46,1.1116629319133247,1.215277498559528,1.2025759685404593,1.283446620586294,1.1254501884261185,0.03018456043051601,1.0,0.7452572174755703,0.5,0.5,0.8,81,15.04633715333827,5090.264135988425
19,47,1.1126914972177941,1.2164670367322723,1.2058438365087907,1.3034695477224794,1.1148961765246548,0.03037159780722034,1.0,0.7464338228638253,0.5,0.5,0.8,83,15.015008174190587,5091.9527017710425
19,48,1.106844929653883,1.2084287779197211,1.1977233990152056,1.2871623495810431,1.1161813376203393,0.03015658276297356,1.0,0.7392744774379154,0.5,0.5,0.8,84,14.505514942946728,5320.115047352434
19,49,1.106839588405077,1.2087126075958292,1.2000903889541044,1.306404081875829,1.108767145065762,0.03015658276297356,1.0,0.7392744774379154,0.5,0.5,0.8,86,14.41058811028327,5309.267175858832
19,50,1.1037215872989254,1.203847831626459,1.1930877724247493,1.3029275768581376,1.1053506459767326,0.030047569532516673,1.0,0.7354479839403194,0.5,0.5,0.8,87,14.601250950023251,5106.263581831436
19,51,1.1062482248282517,1.2067789633749397,1.198106411396721,1.3085018041208794,1.109854165477572,0.030277233492484328,1.0,0.7384684566971418,0.5,0.5,0.8,88,14.448722583495297,5091.137670316171
19,52,1.0997998873673756,1.2018342304211291,1.1994350175900301,1.3374596728258519,1.1016650085483954,0.030327598071780693,1.0,0.7303921519041119,0.5,0.5,0.8,93,13.739869361196144,4799.053152854991
19,53,1.096336172073971,1.192516041203425,1.1857527116246445,1.321783507063083,1.1030570372412476,0.03006797046009052,1.0,0.7262442488842719,0.5,0.5,0.8,95,14.402361778015395,4250.593144386261
19,54,1.0963002729081899,1.1899952802359075,1.1810664231169574,1.3128180924365411,1.1010932418132104,0.02992841143781092,1.0,0.7262935041382972,0.5,0.5,0.8,96,13.803396241813717,4265.807575691941
19,55,1.086598677018723,1.1749463545431889,1.1658171169110714,1.2973674735594152,1.1098542784885952,0.02980129853360674,1.0,0.7142768231774952,0.5,0.5,0.8,97,13.806108158492275,4171.264667086286
19,56,1.0865978098056859,1.1747520039646049,1.1656155066573954,1.3127834044584699,1.0871718691909948,0.029801298533306396,1.0,0.7142768232279593,0.5,0.5,0.8,98,13.733362450125014,4167.892881510821
19,57,1.0886311627986167,1.1773839788015001,1.1703422906057614,1.334990868943502,1.0891602613492881,0.02980358443649115,1.0,0.7168211557598705,0.5,0.5,0.8,102,13.916027903949852,4315.712585473205
19,58,1.1077743314161612,1.1958035413359174,1.1908071037258694,1.4145791175414537,1.1082627847838817,0.02790512394333658,1.0,0.7419479501027054,0.5,0.5,0.8,114,12.068156059800916,4844.49553832258
19,59,1.1068820594361442,1.187745306260315,1.180408034950771,1.4053019448814115,1.1195310314731204,0.028812893637739822,1.0,0.7402962631527441,0.5,0.5,0.8,116,10.2203053822082,4773.490970906608
19,60,1.098648774613097,1.176631711646195,1.1712589235487005,1.4125172177010104,1.10763217253377,0.02823465437420881,1.0,0.7303871104702341,0.5,0.5,0.8,118,10.523512864915872,4713.074667149736
19,61,1.1157304423637793,1.1934953172885212,1.1881143579882476,1.4576130741404385,1.1158359911433116,0.02814562864325242,1.0,0.7517959312536557,0.5,0.5,0.8,121,9.8751904835304,5210.152067868729
19,62,1.1006011334520625,1.1784981332055728,1.1751944981650553,1.4430075614565796,1.1056204084955779,0.02824030113979405,1.0,0.7328309380412318,0.5,0.5,0.8,122,10.640876824032809,4878.897390816033
19,63,1.094907909869673,1.1705430279349918,1.1650823122773857,1.438891868136848,1.0957225229293122,0.02796010923664451,1.0,0.7258940427323928,0.5,0.5,0.8,126,10.625129920699392,4713.195239917621
19,64,1.0968568515425359,1.170092843588131,1.1645422852065461,1.4548168951138765,1.1019968594468073,0.02796633605903595,1.0,0.7283378703033898,0.5,0.5,0.8,128,10.51905516558664,4854.1091269041535
19,65,1.0968530671649617,1.1703822631736587,1.166915057862336,1.4678926188093562,1.0988814095324966,0.02796633605903594,1.0,0.7283378703033898,0.5,0.5,0.8,130,10.462913897493465,4859.628329283037
19,66,1.096848624040828,1.1704910233678005,1.1691004429541065,1.4889851209119183,1.0992991726905843,0.02796633605903595,1.0,0.72833787030339,0.5,0.5,0.8,132,10.49979224385096,4885.815153052357
19,67,1.0968478750530726,1.1702855739433367,1.1688873360682956,1.5028273267230579,1.0975513691237224,0.02796633605903595,1.0,0.7283378703033906,0.5,0.5,0.8,133,10.42262626715352,4874.2437403734
19,68,1.095573157036029,1.1703338171905608,1.1710574949168788,1.5098415279132924,1.0953986125696378,0.027897218236513237,1.0,0.7267876914648752,0.5,0.5,0.8,134,10.429449245885928,4822.164359756374
19,69,1.0923382775915025,1.1619514247828688,1.158337608635653,1.496464454872455,1.0958065175788638,0.0283570914544276,1.0,0.7224679419605534,0.5,0.5,0.8,137,9.953083224644796,4468.79991877645
19,70,1.095116752244635,1.1637919781608124,1.160143029435035,1.5065344019590285,1.0969953146429143,0.028437686875723574,1.0,0.7258948260843696,0.5,0.5,0.8,139,9.746150976861935,4515.95471473925
19,71,1.0951167522450134,1.1651192981018297,1.16359244071315,1.5209503996740774,1.0949348365265346,0.028437686875723577,1.0,0.7258948260843694,0.5,0.5,0.8,141,9.746150991004006,4515.954716762983
19,72,1.0951162948709547,1.1663166729021377,1.1669070527300214,1.5352032207568147,1.0952189613129484,0.028437686875723574,1.0,0.7258948260843696,0.5,0.5,0.8,143,9.725499261428464,4512.224884768865
19,73,1.0951162551620257,1.1676326915045458,1.1703447746589926,1.5495242882385019,1.0949592536905248,0.028437686875723577,1.0,0.7258948260843696,0.5,0.5,0.8,145,9.721923103942474,4511.259205974912
19,74,1.0979258098483475,1.169555788654686,1.1722346288414576,1.6018189742851625,1.099217373019253,0.02959207069920667,1.0,0.7286911388572819,0.5,0.5,0.8,149,9.809651142409658,4885.135528771949
19,75,1.0978980777115388,1.1621124191966308,1.1665861329398894,1.617002842632745,1.115982744461503,0.02959207069920668,1.0,0.728691138857282,0.5,0.5,0.8,151,9.208786230903694,4855.301762580179
19,76,1.0968527683062566,1.1597874800801193,1.1662857090306218,1.6284103955110336,1.0998309562078221,0.02948699843768516,1.0,0.7274613796763193,0.5,0.5,0.8,155,9.721755423017372,4892.659608635072
19,77,1.09761757033952,1.1594620459526517,1.1659194590091442,1.63668895979387,1.0996921802475952,0.029598456417325968,1.0,0.7283516181262037,0.5,0.5,0.8,157,10.097679562985324,4991.760533718809
19,78,1.096832501254587,1.1541233625876766,1.1624828842560309,1.6453330246362448,1.1218744134332748,0.02948699843768516,1.0,0.7274613796763193,0.5,0.5,0.8,158,9.2537117785739,4859.075914362523
19,79,1.1005987302873859,1.1625010257163548,1.18139524369803,1.7739716704015773,1.1008717615349726,0.029534123145015263,1.0,0.7321470065417802,0.5,0.5,0.8,181,9.77104949286595,4889.573436764415
19,80,1.0993251095289458,1.1589896872050156,1.1757277618436226,1.7833858968136314,1.100545809691198,0.029474853008858798,1.0,0.7305952497039002,0.5,0.5,0.8,184,10.774129781073894,4795.070813940145
19,81,1.0978144495995923,1.159111758310575,1.1800557839111978,1.8022700319492537,1.0988267032620196,0.029410299699142273,1.0,0.7287508548272922,0.5,0.5,0.8,188,9.47492750188385,4933.725045158305
20,0,0.6832173594063788,0.8030144275157053,0.7956654957123908,0.44838013877589056,0.0,0.0,0.0,0.0,0.5,0.5,0.8,1,6336.536716243177,132585.57494830334
20,1,1.0389770689199493,1.295086857539559,1.285342391969641,0.9445637834192069,0.604693006200324,0.0010444540385817001,1.0,0.00025989940516833,0.5,0.5,0.8,2,11503.941328126522,161249.52647437155
20,2,0.8259949339261193,1.2298798350416724,1.2197752630252428,0.8891583702761698,0.6104952738106282,0.0010444540385817001,1.0,0.00025989940516833,0.5,0.5,0.8,4,6270.547410782484,131081.95476211526
20,3,0.6949701182888728,1.1163715855976648,1.1081399056639871,0.7767152002558708,0.42434493937332335,0.0645243911503455,0.2410973839481006,0.299704134141052,0.5,0.5,0.8,5,2517.312790884315,72389.14542254568
20,4,0.6960433316914647,1.179425704066144,1.1674156121518697,0.8487013668076485,0.5972873429765957,0.0010456468093910701,1.0,0.00103959762067332,0.5,0.5,0.8,7,6190.659988073422,130398.86976811472
20,5,0.812447096367517,1.3201396721151646,1.306454863394222,1.0051334913246004,1.1882924827736636,0.026997456240898637,1.0,0.2862715677317901,0.5,0.5,0.8,8,1949.5841872511307,66628.50748775394
20,6,0.9803782728170541,1.497814552314067,1.4861751867929338,1.1867358871649984,0.9561846988179644,0.03155917998104145,1.0,0.5064220458576086,0.5,0.5,0.8,10,2167.7301253989344,57671.11120014692
20,7,0.9003548151336875,1.383984561280231,1.3703198773195056,1.0845862583279784,0.9531232474468976,0.02412466905887081,1.0,0.43664252547875726,0.5,0.5,0.8,12,2447.6242221144976,42154.41913000384
20,8,0.852403817273149,1.2963220023498432,1.2805593997860094,1.0048107924843683,1.0690351365369197,0.02489925297092253,1.0,0.39687382915418895,0.5,0.5,0.8,13,2961.035553259268,3185234.0979971103
20,9,0.8648300411262708,1.252099426293736,1.2338061259368351,0.9743904009444759,1.0022649874282277,0.02746990276451249,1.0,0.42478251173474124,0.5,0.5,0.8,15,1563.5142900169828,2318238.481212952
20,10,1.3314492691345632,1.7144890533459765,1.6960034588662067,1.4496735607291318,1.3578457168909805,0.04220896861426357,1.0,1.0,0.5,0.5,0.8,16,1424.0488503560944,2377887.028261586
20,11,0.948166308671146,1.3232366727117788,1.3064983966265395,1.0551017008793258,0.970854178829375,0.03165314860619321,1.0,0.5284315262151306,0.5,0.5,0.8,17,1553.1528673625005,2789734.448928528
20,12,0.9024855116010555,1.270652392988394,1.253632056496776,1.0089087554597682,0.9087357611132225,0.02888463660869728,1.0,0.473882089071505,0.5,0.5,0.8,19,1736.22845833744,2783185.25997182
20,13,1.3257724130802848,1.666077085441642,1.647928315290448,1.4102010984654325,1.4518359036589588,0.03844584482257119,1.0,1.0,0.5,0.5,0.8,20,1491.716070409735,11469555.517500464
20,14,1.3255876849929615,1.6606262258795061,1.6422672478247777,1.4110327416801387,1.3316994691399748,0.03881305903542962,1.0,1.0,0.5,0.5,0.8,22,1488.1912916734454,11516287.488792976
20,15,1.3253631606697465,1.6562331040106024,1.6377082261842757,1.4153100165164298,1.3291862800187033,0.03891817382829598,1.0,1.0,0.5,0.5,0.8,24,1359.7450086794456,11355918.653333535
20,16,1.3255731127178723,1.6529630085060663,1.634300004213752,1.420841419575933,1.3279981391276914,0.03978145328613193,1.0,1.0,0.5,0.5,0.8,26,942.179596213152,10000274.355427075
20,17,1.3250343821554131,1.6480396061769387,1.629203045643562,1.4337881706692932,1.3298059362701813,0.039238202218358983,1.0,1.0,0.5,0.5,0.8,28,1285.6575708334003,11520135.45051289
20,18,1.3250641554649052,1.6371062719363059,1.6178379540809982,1.4215168712183597,1.3456109775175062,0.04052364234206618,1.0,1.0,0.5,0.5,0.8,30,930.70946748021,10038281.1302013
20,19,1.322273190691042,1.5990216181277472,1.5783791920336119,1.4042299727730123,1.3998061219039857,0.03802059145142261,1.0,1.0,0.5,0.5,0.8,32,1637.3547130631944,11265829.627110396
20,20,1.3221787751946523,1.5963788011883184,1.5756378456607005,1.4086206386221816,1.324732549701448,0.0380097257219576,1.0,1.0,0.5,0.5,0.8,34,1588.7035271880916,11256630.55043839
20,21,1.3221248997526136,1.5947297779095457,1.5739274006145476,1.4071197354437626,1.3225474043391365,0.0380097257219576,1.0,1.0,0.5,0.5,0.8,36,1596.2439104620405,11257862.8359838
20,22,1.3214983405587826,1.5849120100989984,1.5658266941915941,1.3994351432549827,1.3424902748047827,0.0374361052743116,1.0,1.0,0.5,0.5,0.8,38,1573.3218671541683,11269735.20623612
20,23,1.3213768763385652,1.5808204929597214,1.5615826214449893,1.4061167205245568,1.3366133020559212,0.03743037935796646,1.0,1.0,0.5,0.5,0.8,39,1530.1904248657097,11263185.147197695
20,24,1.3214438766205925,1.5791538223364359,1.5577781720511685,1.395447830976025,1.320634387037527,0.03758822009004576,1.0,1.0,0.5,0.5,0.8,40,1550.3883672792915,11262812.14744438
20,25,1.3215391941163848,1.5790541797266735,1.559742228697696,1.4175735171158814,1.3257853615683342,0.03786675060612426,1.0,1.0,0.5,0.5,0.8,41,1546.2313774360878,11266523.510441218
20,26,1.3206302939906522,1.5634363249360959,1.5435610165322933,1.4034547653293594,1.3845968832989195,0.03683040514441799,1.0,1.0,0.5,0.5,0.8,42,1545.8462084106595,11280224.201847678
20,27,1.3201378251239757,1.5538374412834732,1.5336145186089527,1.4018077115514167,1.3385226194905488,0.03627109712079417,1.0,1.0,0.5,0.5,0.8,44,1569.8265303368662,11276110.651281478
20,28,1.3203508058949551,1.5533753701363289,1.5331267285167454,1.404958528250895,1.3215219848511208,0.036728391571758515,1.0,1.0,0.5,0.5,0.8,45,1519.927423070537,11267469.440225711
20,29,1.320172873017566,1.5502889476994168,1.529929426208183,1.405667595673902,1.3311316756837694,0.036498025476835824,1.0,1.0,0.5,0.5,0.8,46,1571.6620130185893,11280311.354144229
20,30,1.3200393795542693,1.5483680893625422,1.5279404612704235,1.4102729904389872,1.3261491817448334,0.03630708674632499,1.0,1.0,0.5,0.5,0.8,47,1596.0903218416647,11269450.276556524
20,31,1.3201771727042446,1.5458529207737848,1.5253242400070306,1.4087259180328726,1.3302098294001548,0.03669296673047192,1.0,1.0,0.5,0.5,0.8,48,1588.7431238275055,11287132.862979287
20,32,1.3206274427904188,1.5249551517936404,1.5098307393995432,1.403621914444027,1.4322595060241912,0.038506499508096856,1.0,1.0,0.5,0.5,0.8,49,1442.1613074475003,10904416.536252284
20,33,1.3205227436499012,1.5182721938664563,1.5028986713257368,1.404759874872383,1.3338541774543617,0.038497064612937844,1.0,1.0,0.5,0.5,0.8,51,1395.705300235966,10895703.750502272
20,34,1.32045752808865,1.5140027910081175,1.4984701453603293,1.4080759538345178,1.328576490977725,0.03848756952554186,1.0,1.0,0.5,0.5,0.8,53,1349.6782550809023,10886874.38977066
20,35,1.3193328835701648,1.4905990807932716,1.472152487615666,1.3595184351408687,1.3424780679100734,0.03678642441322856,1.0,1.0,0.5,0.5,0.8,57,1602.22831378492,10999667.594224926
20,36,1.3193381693728672,1.4864372429375627,1.4678336169473163,1.35574755684208,1.3354813819079234,0.03688196241948072,1.0,1.0,0.5,0.5,0.8,58,1585.0041500643522,11005593.955517158
20,37,1.3192492022240907,1.4826608963606966,1.4639184449290408,1.3665946795764925,1.3255479851085141,0.03677292226993399,1.0,1.0,0.5,0.5,0.8,60,1537.7522764819853,11008112.236314995
20,38,1.319089514389911,1.4654738118439599,1.4460900141409638,1.3582710493019676,1.3936890085704676,0.036780746825806634,1.0,1.0,0.5,0.5,0.8,61,1588.1469805743616,11003114.150371572
20,39,1.3192352649737336,1.461345492470147,1.4418008672580656,1.372501501963764,1.3375084654581542,0.03714601677219486,1.0,1.0,0.5,0.5,0.8,62,1514.038563208767,10999450.839218728
20,40,1.3192934909319307,1.4588727978449345,1.439232964139911,1.3627430286017117,1.3298741920623023,0.03730470090091585,1.0,1.0,0.5,0.5,0.8,63,1526.1802981110332,11003432.976118067
20,41,1.3192958670037123,1.456719816602628,1.4369989056601962,1.3717347943941678,1.3282185017147359,0.037344528430707694,1.0,1.0,0.5,0.5,0.8,64,1531.823682936928,11006177.755099062
20,42,1.3192697303713496,1.454210928390891,1.4343966852939718,1.376747445416524,1.3240983062427891,0.03733126018816768,1.0,1.0,0.5,0.5,0.8,66,1485.5518489899166,10997284.494691478
20,43,1.3197070706073466,1.450042939475455,1.4300555832215023,1.380276489110222,1.3259026409312755,0.03827623327055919,1.0,1.0,0.5,0.5,0.8,69,1511.7041660742325,11077617.51986606
20,44,1.3200999235753845,1.4495858438551654,1.4295665363798054,1.3797046448231356,1.3204874349456897,0.03907474166822756,1.0,1.0,0.5,0.5,0.8,73,637.4408204373162,10088263.94032657
20,45,1.3199971151071934,1.4476187984025308,1.4316738568740175,1.4383882641048977,1.3294110192958204,0.03893433595570573,1.0,1.0,0.5,0.5,0.8,75,730.4774722356191,10335011.2825694
20,46,1.3199314503202415,1.445436921638611,1.4294124789297435,1.4476449392919841,1.3240835665050112,0.03883260481415677,1.0,1.0,0.5,0.5,0.8,77,735.0339741731203,10331143.372792348
20,47,1.320060687384746,1.4440173282720072,1.4279347094471921,1.454643733118429,1.3263880168582574,0.03911234449752859,1.0,1.0,0.5,0.5,0.8,78,654.9531438760515,10302106.891973656
20,48,1.3201330601381014,1.4428087008671548,1.4287502080538128,1.4796006245603435,1.3311683987544594,0.03929221021206325,1.0,1.0,0.5,0.5,0.8,79,711.7369426404332,10341437.701220438
20,49,1.3200839280285543,1.4413934523347853,1.4272837020741247,1.4899840843265202,1.3226063969874566,0.039211867568572166,1.0,1.0,0.5,0.5,0.8,81,697.6352158161957,10339774.837982086
20,50,1.3197943674173491,1.4381648588689342,1.421872462254771,1.430370733257052,1.3264312310040909,0.03865365533811427,1.0,1.0,0.5,0.5,0.8,82,743.7485758937131,10000058.177054426
20,51,1.3195993059000266,1.4367630774578317,1.4224976287555122,1.4583200362308961,1.3303173803819086,0.03829571839356051,1.0,1.0,0.5,0.5,0.8,83,417.61688772631015,10103586.77533637
20,52,1.3200711060154948,1.4317116141537523,1.4172388558887383,1.4693017914549236,1.3318235341923184,0.03930666589602369,1.0,1.0,0.5,0.5,0.8,85,422.4444532322157,10110916.204927731
20,53,1.3198780757872748,1.4211779682582721,1.4042449528768217,1.4691832125773372,1.3593270588430215,0.03902298137973951,1.0,1.0,0.5,0.5,0.8,86,419.5068733442567,10122940.385206398
20,54,1.319903481273217,1.417850192442217,1.4028637456936202,1.4767310754729959,1.3298092409044673,0.03912295680094791,1.0,1.0,0.5,0.5,0.8,88,422.7618811139324,10126943.892610077
20,55,1.319949837661901,1.414778289834795,1.401747284872902,1.4966552888936413,1.3392011144362117,0.03926050849691898,1.0,1.0,0.5,0.5,0.8,89,374.4406862868327,10120668.607667187
20,56,1.3198358320182488,1.4077559805060296,1.3923936852268102,1.4713669251197357,1.3277302704450618,0.039085994359757445,1.0,1.0,0.5,0.5,0.8,92,464.03181498267486,10114128.800901322
20,57,1.3199155904608275,1.4012320915987293,1.3876946777916115,1.480419691917159,1.354554750115703,0.03931651978567214,1.0,1.0,0.5,0.5,0.8,93,687.8355638780724,10218354.137737451
20,58,1.3197003585880287,1.399907766842319,1.3863288026437153,1.4753057578968436,1.3218956052924435,0.03889557069631922,1.0,1.0,0.5,0.5,0.8,95,692.1288076989789,10207462.940305034
20,59,1.31976934553645,1.3934921414674974,1.3796702637924463,1.4814843376091156,1.3480439793177947,0.03908686457795132,1.0,1.0,0.5,0.5,0.8,96,646.8298470980867,10184602.023623284
20,60,1.3194345319887089,1.3972810531665603,1.39190316265574,1.5083530007897357,1.3218195828796158,0.038426619728872444,1.0,1.0,0.5,0.5,0.8,98,405.0681810772875,10175229.228219982
20,61,1.3193343484061906,1.3855023878958328,1.381759589281483,1.5046768536637862,1.347751817775111,0.0383221187165273,1.0,1.0,0.5,0.5,0.8,100,396.24148243718986,10179795.829089615
20,62,1.319234402837771,1.375895089406366,1.3635067573177198,1.4763535964222725,1.3283233524214366,0.03815064185328369,1.0,1.0,0.5,0.5,0.8,102,490.17893157387726,10197895.85158678
20,63,1.3192814724319855,1.374947531124912,1.36459438611011,1.4784519712302653,1.3242063372372914,0.038259872376600876,1.0,1.0,0.5,0.5,0.8,104,448.93174362975,10177410.66598552
20,64,1.3193189580445694,1.3703952316261971,1.3598703344543233,1.4662954191910282,1.3393481496596524,0.03836379850952039,1.0,1.0,0.5,0.5,0.8,105,366.6369024045407,10168395.404772827
20,65,1.31954202856826,1.3693531756638646,1.3629257964420347,1.5652265849635585,1.3222871366752411,0.03883362708415824,1.0,1.0,0.5,0.5,0.8,111,383.64986482002286,10183571.035063108
20,66,1.319442668842722,1.3631988611917565,1.3586173770456056,1.5338376227088535,1.335587260066227,0.03867713716536398,1.0,1.0,0.5,0.5,0.8,113,419.96924964535447,10200521.393938472
20,67,1.3194650145046716,1.3618856703758269,1.35725422911911,1.5162447335268276,1.325172744683466,0.03872905126409828,1.0,1.0,0.5,0.5,0.8,114,417.0392128167704,10200491.011167506
20,68,1.319437862210659,1.3614136547574143,1.3567655514556514,1.5322125279978245,1.3212799486279545,0.03867713716536398,1.0,1.0,0.5,0.5,0.8,115,417.3370894687237,10199896.636670943
20,69,1.3196647919978115,1.3597183867506888,1.3549983908261967,1.5266045088724338,1.3223876825924,0.03914128926919521,1.0,1.0,0.5,0.5,0.8,118,344.9559203341699,10082590.025653236
20,70,1.3197296637536025,1.3548374293697507,1.3478599976160117,1.5759662466346085,1.3356978581060939,0.03929004086867436,1.0,1.0,0.5,0.5,0.8,119,423.59472681188754,10181196.780328477
20,71,1.319629720185835,1.3546838548919196,1.3477044357198493,1.567659039074931,1.3195801150454842,0.039090234376503954,1.0,1.0,0.5,0.5,0.8,121,426.3189409454515,10184314.546343526
20,72,1.3194322857195493,1.3534841807332234,1.3464672677339244,1.5787746717006943,1.3237895066194243,0.03870049900203645,1.0,1.0,0.5,0.5,0.8,122,380.1614947107041,10150740.992735216
20,73,1.3195133818499531,1.3510902756717864,1.3439807907618098,1.5725436122104712,1.3302610043544223,0.03887498919331933,1.0,1.0,0.5,0.5,0.8,123,426.2586339317074,10173628.327923154
20,74,1.3193590770346657,1.3466312962620544,1.341433298596447,1.6010588384784807,1.3440255061999218,0.03859335941390873,1.0,1.0,0.5,0.5,0.8,124,374.0711049278851,10143797.324228046
20,75,1.319423664569558,1.3463871704978212,1.3411776274648086,1.6150501361424636,1.319632770729243,0.0387239675674146,1.0,1.0,0.5,0.5,0.8,129,379.3141502034979,10153224.989305971
20,76,1.3194153486123765,1.3452524811396955,1.3420732803397715,1.6429675522465172,1.324745261675149,0.03871858317926806,1.0,1.0,0.5,0.5,0.8,131,364.7105640653486,10148464.865046322
20,77,1.3194501134013492,1.3465507818447757,1.3454912893796025,1.6563577458882968,1.3194794663911797,0.03878846451860396,1.0,1.0,0.5,0.5,0.8,135,607.8277912555106,10323722.450840428
20,78,1.3197012754552842,1.3474564360176617,1.348493894064349,1.6468093400841082,1.3225388743816966,0.03929375938969633,1.0,1.0,0.5,0.5,0.8,136,447.9709392810311,10170318.753819725
20,79,1.3194713149708854,1.3447542550886094,1.3456992779415922,1.649277823801659,1.3302754209199,0.03884481172544953,1.0,1.0,0.5,0.5,0.8,137,438.18962213123774,10164825.469774602
20,80,1.3196170774076466,1.3424200259344068,1.3453447810559152,1.6630187232206637,1.3363335088089268,0.03915275002451992,1.0,1.0,0.5,0.5,0.8,138,412.54132294838365,10183866.383383378
20,81,1.319496788848257,1.3378912418749627,1.340651209024275,1.6674203801297478,1.3291176230242678,0.038930317289389636,1.0,1.0,0.5,0.5,0.8,140,413.80295867864345,10173933.185383696
20,82,1.3195155522369653,1.333382703649664,1.333900988681211,1.6738506865873106,1.3223199400105718,0.03898064100959242,1.0,1.0,0.5,0.5,0.8,145,421.9815120156632,10175179.221650653
20,83,1.319511106131959,1.3323649233752275,1.332845322685594,1.6729151103129616,1.320211680943783,0.03897559480408289,1.0,1.0,0.5,0.5,0.8,151,423.9406500050006,10175136.57383196
20,84,1.3194977735439006,1.331533838173764,1.331983642580738,1.672163485530954,1.323063911336741,0.03895207799288957,1.0,1.0,0.5,0.5,0.8,152,422.9213407050739,10174200.568964437
20,85,1.3194972540103582,1.331188053216473,1.3316249800872995,1.6718515659122957,1.320991062351186,0.03895236063545382,1.0,1.0,0.5,0.5,0.8,153,422.8289689235848,10174224.95529
20,86,1.3197269226343833,1.3294007382189652,1.3297622634851134,1.6788557599716616,1.324176153828744,0.03941939717714632,1.0,1.0,0.5,0.5,0.8,155,407.647244998117,10170615.19170586
20,87,1.319723518154659,1.3275433895478386,1.3278356274374739,1.6771650167483747,1.3277640904069439,0.039419397177146306,1.0,1.0,0.5,0.5,0.8,156,410.3158505367883,10171314.415443944
20,88,1.3197885772353888,1.3197885772353888,1.3197885772353888,1.6830481233084646,1.3255078734402925,0.0395771544707776,1.0,1.0,0.5,0.5,0.8,162,407.67741783087297,10201425.652831836
21,0,0.43372737865901945,0.7577625715138783,0.7487254616604495,0.407567461497833,0.0,0.0,0.0,0.0,0.5,0.5,0.8,1,26938.50615860401,126389.3930870752
21,1,1.479567785784216,1.9748868262030956,1.9720527935492642,1.6132775898091898,1.0533829847250755,0.107340478512439,0.394361078968665,1.0,0.5,0.5,0.8,3,17333.762256132293,75618.89421463257
21,2,1.6311776251790207,2.071384751218722,2.0606093028228902,1.7357918597082271,1.5601831961214456,0.12043722291005363,1.0,1.0,0.5,0.5,0.8,4,13317.796789618638,61308.98723475036
21,3,1.170583318261976,1.682844438973139,1.6711879469330764,1.3535957888744803,1.4066187131037744,0.107340478512439,0.394361078968666,1.0,0.5,0.5,0.8,5,8021.596544601409,44275.313795761766
21,4,1.482844952725136,1.9978158214494066,1.9882718581154208,1.6999844746783659,1.367747558968162,0.12949957950648625,1.0,1.0,0.5,0.5,0.8,7,3374.59028073486,19535.44956999016
21,5,1.1742220422629017,1.6872143430423117,1.6750628818409148,1.3728323442217243,1.1166265356702927,0.11251055532778831,0.4244661913195338,1.0,0.5,0.5,0.8,8,7038.436217501854,44656.69588655022
21,6,1.4397778409244055,1.956402463323028,1.9453788900121918,1.6649652656602338,1.5022576266849215,0.12599578426008579,1.0,1.0,0.5,0.5,0.8,9,2543.5175243119315,43964.76254335366
21,7,1.3844621580610985,1.8710764917971328,1.8556020423938724,1.5655098540620824,1.5930723445050634,0.11360666244353272,0.9692409062824405,1.0,0.5,0.5,0.8,10,2208.7818139675423,24867.393125474613
21,8,1.2357669115117291,1.640222726288102,1.6247286923703212,1.3695484767591404,1.472181413733464,0.10638362081649455,0.7380321435077424,1.0,0.5,0.5,0.8,12,512.5334796999471,11164.6987080971
21,9,1.262175590570725,1.5721076083970336,1.5548260481793985,1.3239961777961753,1.487453341256066,0.10934926921490755,0.8057745440132589,1.0,0.5,0.5,0.8,14,73.10899466314468,1931.694448535392
21,10,1.2618760349798315,1.5667701360463255,1.5513620630778804,1.326167899590784,1.2716639625658575,0.10934926921490755,0.8057745440132591,1.0,0.5,0.5,0.8,16,64.91674209029892,1894.5863276724267
21,11,1.2840332182449323,1.568327907429053,1.5500481736101657,1.3340220353505003,1.3686224260760074,0.10920593883046288,0.8518722145856918,1.0,0.5,0.5,0.8,17,67.79683757749707,147196.78995371147
21,12,1.2816844096556914,1.5554992116499398,1.5368143996922414,1.333862820579843,1.3023405163440764,0.10925324362435992,0.847884073289052,1.0,0.5,0.5,0.8,19,54.16627443713182,146827.9865766292
21,13,1.280019075444499,1.5446959887848242,1.5277302716452397,1.3284286565569758,1.3008728749209504,0.11000147338150994,0.8444800008658081,1.0,0.5,0.5,0.8,21,34.8939882668987,7250.469330020202
21,14,1.294635332589035,1.557603653597646,1.540572285803281,1.341503608245658,1.2996073487233337,0.10993572466168888,0.873881425934721,1.0,0.5,0.5,0.8,22,32.66741321889488,10949.427490996111
21,15,1.2779037809415161,1.533181685455892,1.5158551382262808,1.3273387113997095,1.3100576321499702,0.11005558958730297,0.8407409570156172,1.0,0.5,0.5,0.8,23,28.807295120930977,7238.856908355253
21,16,1.258425133529847,1.4978375314920607,1.4778326382427898,1.3039091233065385,1.2693519250997722,0.10639750114648343,0.8061856808610676,1.0,0.5,0.5,0.8,28,189.0343210967115,2060.5422999308694
21,17,1.2558380180249191,1.4843221885723619,1.4659720054863594,1.3062209549956703,1.2677394181440567,0.10651557363839168,0.8014394971934324,1.0,0.5,0.5,0.8,32,104.56232603321764,2021.8785304938813
21,18,1.2606505455474721,1.4741873348154098,1.4552687242691877,1.304236943486354,1.2925757606056036,0.10503443591635939,0.8131237110034887,1.0,0.5,0.5,0.8,34,105.50729868088072,2429.0866334995726
21,19,1.2472774668002704,1.4580983494319844,1.439076646501598,1.2947052012080784,1.2577237640749563,0.10691626411559003,0.78458998307114,1.0,0.5,0.5,0.8,35,241.66534654576023,1155.8489360585256
21,20,1.2626671021928075,1.4331075179682042,1.4125581044348268,1.2740720821826694,1.4408120502845305,0.10519055081950188,0.8182356039652264,1.0,0.5,0.5,0.8,36,61.744093262687365,1819.821510468968
21,21,1.259048985210912,1.4199416241512723,1.4011040767943757,1.28411577545957,1.2831519194470802,0.10441532070264156,0.8120172975786302,1.0,0.5,0.5,0.8,38,195.63792959638045,1891.1365594435904
21,22,1.2574674126551453,1.4078762857962368,1.388643869918364,1.2832563038117262,1.2797578640636074,0.10442953305993581,0.8090406663645506,1.0,0.5,0.5,0.8,40,221.77063057426824,1878.131336217572
21,23,1.2547522681432874,1.3866930911243949,1.3667660560768438,1.2638525773182196,1.3343602129244194,0.10434982628701013,0.8039928261624384,1.0,0.5,0.5,0.8,41,187.09485479904865,1946.199611969428
21,24,1.2550016735808316,1.3844894299343367,1.3644701766498244,1.2686805035514217,1.2598938216160394,0.10433840224174981,0.8045401090312607,1.0,0.5,0.5,0.8,43,182.52269809957224,1891.756710920375
21,25,1.255009442867744,1.3771456621681832,1.3589224243903735,1.2679554858455337,1.2928120668636354,0.1044142670278397,0.8046027687571595,1.0,0.5,0.5,0.8,44,191.51316616756,1698.876151116841
21,26,1.2562705984238876,1.376966657608024,1.3586893284204493,1.2748264826904712,1.2589041594598713,0.10436824529845126,0.8071901620650257,1.0,0.5,0.5,0.8,46,185.88939030658915,1634.7320758112637
21,27,1.2500430032629082,1.3644893389646955,1.3459773810630367,1.266414694212457,1.2770860671944677,0.10436759921788616,0.7948163025142627,1.0,0.5,0.5,0.8,47,208.6814909308395,1689.3229315740973
21,28,1.2503271847669468,1.3626413437671188,1.3440493258392525,1.2716931160870353,1.2545875719150164,0.10435605974963016,0.7954226336525541,1.0,0.5,0.5,0.8,49,203.4150270792857,1643.113122998612
21,29,1.2494308699647632,1.3563099489301944,1.3375139610740892,1.2728171209871209,1.2609991745555493,0.10534280747257926,0.7927080932649522,1.0,0.5,0.5,0.8,51,170.31263431670806,1770.896105274746
21,30,1.2505266899322733,1.3571072584282633,1.3383000769788194,1.287491507971434,1.2508099377366764,0.1044045567913177,0.7958415946588248,1.0,0.5,0.5,0.8,53,200.0388743193429,1620.9081209114745
21,31,1.25286505739186,1.3576484266918714,1.3408461182269535,1.3135685976596525,1.255911008104123,0.1041549513935331,0.8008034131266253,1.0,0.5,0.5,0.8,57,208.1406960114936,1750.8761906286263
21,32,1.2528597300504443,1.3580101505405433,1.3432938872134719,1.3313234506624254,1.2545829990409534,0.1041549513935331,0.8008034131266253,1.0,0.5,0.5,0.8,59,209.9442658174458,1759.2856119529777
21,33,1.2530603236696032,1.3571076444054375,1.3423500602016407,1.3416291048369589,1.2543067339062468,0.10415015956724032,0.8012215765904752,1.0,0.5,0.5,0.8,62,205.59296931563625,1747.2736989828384
21,34,1.2492076480448069,1.3480856950757185,1.3310618643675673,1.3306165402893142,1.265771776499619,0.10445201299360982,0.7932557192045463,1.0,0.5,0.5,0.8,63,218.23137669697448,1758.0707510184968
21,35,1.2618324402167744,1.3536382421497197,1.3384215806150768,1.350469658571079,1.2800125598220204,0.10410356232328019,0.8189387430097002,1.0,0.5,0.5,0.8,65,219.7810518587814,16781.773929113726
21,36,1.264176314762488,1.3550835374455914,1.3398331580272547,1.3594138362643169,1.265892749001582,0.10385581611007433,0.8238831066362501,1.0,0.5,0.5,0.8,67,184.22436905208048,16604.852906403394
21,37,1.2605527796272886,1.3509618798582723,1.3356928511699109,1.3553306323475587,1.2623578570279523,0.1041262313959199,0.8163702130014092,1.0,0.5,0.5,0.8,68,221.93959177897293,16839.094299197324
21,38,1.2632886099445533,1.3533666102181898,1.3401575185268413,1.3646323065558181,1.2702931866059117,0.10380262350755728,0.8221811998997944,1.0,0.5,0.5,0.8,69,202.25415485273504,11465.91008393547
21,39,1.263378088103616,1.3506661902903057,1.3352802042094178,1.3627325431320085,1.2695033046133108,0.1037385131337742,0.8224378634041172,1.0,0.5,0.5,0.8,70,202.29871761656176,11476.772363553562
21,40,1.2604238856362724,1.347188846528102,1.3338555964485777,1.3775506111198945,1.268384947218789,0.10382343190596102,0.816461717121301,1.0,0.5,0.5,0.8,71,194.3580897977651,16602.478087008225
21,41,1.262551944276489,1.3473179668899238,1.3318374523201333,1.3707292760360499,1.2637012088011705,0.10368451009530151,0.8208626320240751,1.0,0.5,0.5,0.8,73,198.8547162100193,16660.339193166215
21,42,1.26177142628764,1.3459779789060615,1.3325488401362036,1.392412070235382,1.2698026861495966,0.10383285190246083,0.8191701190327034,1.0,0.5,0.5,0.8,74,204.7947455645675,16457.684652933316
21,43,1.2625057143685248,1.3460506966264065,1.3367414900340753,1.3825587572012568,1.276847636402234,0.10390208721763824,0.8205983481191319,1.0,0.5,0.5,0.8,75,186.0972539108028,16770.083528027688
21,44,1.261051285778415,1.3432223638968956,1.3338617047634187,1.3918616464505225,1.2638187741049656,0.10390956054375582,0.8176936802709394,1.0,0.5,0.5,0.8,77,215.32008884167607,16554.58770230225
21,45,1.2614102257808046,1.3403727058751422,1.3288194697939888,1.3899348978932566,1.2694450192360427,0.10384301586318909,0.818493841478583,1.0,0.5,0.5,0.8,78,207.0099069191469,16632.97897195271
21,46,1.2605866292423233,1.3379957484604845,1.328456702013563,1.3948172208305611,1.2730425890385146,0.10394834829063752,0.8167648624835971,1.0,0.5,0.5,0.8,79,238.57842781853097,16775.38353028211
21,47,1.2622903100414098,1.3341544368867235,1.3202629486989594,1.3960000778143444,1.2748290332674872,0.10390246657938221,0.8202411040129729,1.0,0.5,0.5,0.8,80,211.68096222943123,16585.61788674413
21,48,1.2604670974724368,1.3339904220627319,1.3243058208165317,1.4220121002526798,1.261706579014205,0.10378323419827953,0.8167216221324676,1.0,0.5,0.5,0.8,83,211.5522127640961,16621.928799462046
21,49,1.2612139623380938,1.333041359228319,1.329510439683822,1.4347323705754012,1.2859501715368755,0.1036657986337085,0.818375404780868,1.0,0.5,0.5,0.8,84,213.10199276187828,7959.053998463743
21,50,1.262204103741674,1.329360004889965,1.319436949006425,1.4334138894504422,1.263535046579084,0.1039051786116852,0.8201213459524818,1.0,0.5,0.5,0.8,86,209.4427471757904,16654.916406794644
21,51,1.2619948842235695,1.3312998021762685,1.3256020451724813,1.4502022143837727,1.2625366579975228,0.1036613225253216,0.8199503689531638,1.0,0.5,0.5,0.8,89,215.72021890801693,16503.07748421735
21,52,1.2623835108248773,1.3306994464424404,1.3249646647443762,1.461531199483008,1.2643721069721257,0.1036337704234419,0.8207622755367738,1.0,0.5,0.5,0.8,91,215.28961319014329,16517.938080959575
21,53,1.2627977155691483,1.3307020318309142,1.324951837016006,1.465517742639714,1.2644234238049084,0.10363561838124676,0.821591770765493,1.0,0.5,0.5,0.8,92,215.3568509350739,16487.176184045944
21,54,1.2635047273924664,1.328479151713017,1.322619254002786,1.463590335968786,1.2762239386219563,0.10381675585217909,0.8228452147286125,1.0,0.5,0.5,0.8,93,218.496471747222,16574.626172815373
21,55,1.2648724028422729,1.3305842835140407,1.3268244070047737,1.4801925671269827,1.2672784744978391,0.10380913130831107,0.8255922275785611,1.0,0.5,0.5,0.8,94,208.3568929831885,16512.55163403521
21,56,1.2648450070779491,1.3262921611150542,1.3203002457706388,1.4696330161700493,1.277593552274192,0.10377199391014955,0.8255944410634898,1.0,0.5,0.5,0.8,95,211.6536748582283,16488.653071621437
21,57,1.2645163300750855,1.3268665724394573,1.3229808605926294,1.4937312327131957,1.2649777603083492,0.1039539205360551,0.8247579836997299,1.0,0.5,0.5,0.8,98,203.6336605326078,16501.512266637266
21,58,1.2724107308137627,1.325210386766953,1.3188948385684038,1.489128533177158,1.3084198583135636,0.1036875153956421,0.8408655585751555,1.0,0.5,0.5,0.8,99,212.1901507900132,16545.469980315203
21,59,1.270173817210689,1.324853826307056,1.322753471675351,1.5163349548769094,1.2708894729747522,0.10375470366086641,0.8363292353260874,1.0,0.5,0.5,0.8,103,206.87543886441367,16539.6613580893
21,60,1.2726592485447572,1.3245647357699788,1.3202881410064409,1.512394028067093,1.2788890591039903,0.10360257354414207,0.8414609315557685,1.0,0.5,0.5,0.8,104,208.60775907378425,16584.348388455634
21,61,1.272594035498334,1.3256867432365935,1.3235269914000756,1.5253827201397792,1.2727746126444992,0.10361805087407831,0.8413158639984248,1.0,0.5,0.5,0.8,106,209.7083440343336,16572.28560832351
21,62,1.2659303382706715,1.318069473804834,1.3158740429085656,1.525918320815675,1.2699949032472566,0.10356796087467737,0.828044217327139,1.0,0.5,0.5,0.8,107,206.129411716091,16579.53914000269
21,63,1.2645225138341367,1.317638851275585,1.3175524072544507,1.5537245514806235,1.2649131565203875,0.10374694334980641,0.8250516531688425,1.0,0.5,0.5,0.8,110,222.779878603955,16554.10073968439
21,64,1.272157801326058,1.3261627618380067,1.3281820321090052,1.5661404060147048,1.2729973488188087,0.10358324042236564,0.8404885025001839,1.0,0.5,0.5,0.8,112,214.4284274501397,16564.094653716846
21,65,1.2807873299130037,1.3328700056780272,1.3327449093036579,1.5741073717784997,1.2819748999109228,0.10373794337221554,0.8575963322668978,1.0,0.5,0.5,0.8,114,202.639766762814,16415.762976187405
21,66,1.281163535491013,1.3352395955866874,1.3393339465302492,1.5932516957691472,1.282497550275543,0.10375890389181848,0.8583316195834026,1.0,0.5,0.5,0.8,116,209.2306746870657,16450.882426330965
21,67,1.2776875096973141,1.3307169235997423,1.3368445557330597,1.6136057035639213,1.2801927111230875,0.1034765338013878,0.8516755554720408,1.0,0.5,0.5,0.8,120,202.5269392447163,16523.961971923087
21,68,1.2814569109764637,1.3333723365250196,1.339458278658344,1.628685531007517,1.2862017602840181,0.1037181871577703,0.8589789094440803,1.0,0.5,0.5,0.8,121,204.1010656922688,16497.53733723378
21,69,1.2547997369837247,1.310540313202597,1.3229866826606926,1.6813108029923014,1.2547543415533502,0.10368567373667059,0.8056979497389651,1.0,0.5,0.5,0.8,132,191.07036191271112,16547.40913472767
21,70,1.2629948753432898,1.3138080790791213,1.3239976794395774,1.7003534532288884,1.2708028298971406,0.10364290509619074,0.8221507036023917,1.0,0.5,0.5,0.8,134,191.25130532910865,16549.69331884039
21,71,1.2655022329479215,1.3168883162086398,1.3291717882131935,1.7291128222412755,1.2660689971382886,0.10387957281663429,0.8269327913953329,1.0,0.5,0.5,0.8,139,196.0775801974501,16608.97101304674
21,72,1.2561056027664133,1.3079557537702446,1.322329026287735,1.727513495874364,1.2598028323054735,0.10379417461725257,0.8082295144659957,1.0,0.5,0.5,0.8,140,193.4123969081748,16628.57979247572
21,73,1.2510356080486043,1.2996563704760675,1.3118364308436743,1.7277610247599466,1.2537311186716797,0.10369222182524165,0.7982014410657932,1.0,0.5,0.5,0.8,143,193.2427291150396,16609.377902670007
21,74,1.2583982547292176,1.308321853436051,1.3226230599906654,1.749507815715119,1.258362701012293,0.10361975795310222,0.8129993249629406,1.0,0.5,0.5,0.8,145,190.36381701511823,16608.865572983752
21,75,1.261278301552507,1.3098458547183252,1.3220239134032856,1.7523619759181768,1.2613171133411512,0.10365728938488775,0.8187220363487142,1.0,0.5,0.5,0.8,146,190.59804901245252,16609.098525590147
21,76,1.2589609502722916,1.3075091912818702,1.3196865102914657,1.7483826175491601,1.2589567109313138,0.103624289270049,0.8141204338906798,1.0,0.5,0.5,0.8,147,190.99055220538847,16608.521197993443
21,77,1.255336409841097,1.305001324892364,1.3213653404333197,1.7781025174961553,1.2575043852285586,0.10346140141613684,0.8070421569111517,1.0,0.5,0.5,0.8,150,198.89502239859704,6174.972572687894
21,78,1.255335649079779,1.3060285315080948,1.324503441901276,1.7921901890507552,1.255907358858794,0.10346140141613688,0.8070421569111517,1.0,0.5,0.5,0.8,152,198.4401425639015,6176.903918059269
21,79,1.245388748963141,1.2918936924705586,1.3039946093241817,1.7582305717977555,1.2462102718331818,0.10337507584799188,0.7872357292419376,1.0,0.5,0.5,0.8,153,198.45213844800853,16834.862013213926
21,80,1.248405974937124,1.2936867559597591,1.3057418763535265,1.755970754211977,1.2510281811209771,0.10374472990767596,0.7929067394881051,1.0,0.5,0.5,0.8,155,202.7678024575648,16651.947162771954
21,81,1.2638527692875756,1.3117164134675114,1.3280130316546663,1.7755269607215944,1.264057246298449,0.1034947097402876,0.8240506743145968,1.0,0.5,0.5,0.8,156,223.5112557459408,6727.698755106413
21,82,1.2532945427560163,1.3018384515302417,1.320232986939675,1.7894878953991644,1.2541639362823758,0.10337724300145253,0.8030549223612772,1.0,0.5,0.5,0.8,159,198.7371232211908,16738.67641047813
21,83,1.2548491628049137,1.3033860826089674,1.3238528032416574,1.8325677296632856,1.2554250171524433,0.10332586626015428,0.8062221386077448,1.0,0.5,0.5,0.8,168,199.8006581935585,16730.73095274435
21,84,1.2550342885183443,1.3048866485272606,1.3274750054350593,1.8527664785571185,1.2549852856806016,0.10329939818956035,0.8066189165078083,1.0,0.5,0.5,0.8,170,200.3991904850386,16732.588184331787
21,85,1.2572908317726061,1.305226970122467,1.3256712234379466,1.8386128265693813,1.2598010043117769,0.10366652266344181,0.8107677611916039,1.0,0.5,0.5,0.8,171,192.43565296898493,16597.151356008228
21,86,1.2546910354604954,1.3045638770768098,1.3292254716385317,1.8912846533329788,1.2562296208096329,0.10341374236653933,0.8058245178152503,1.0,0.5,0.5,0.8,173,202.82406009041304,16734.507535553734
21,87,1.254805778307349,1.3020584494897927,1.3245495911282303,1.8711130314928288,1.2603471891063527,0.10339478247722915,0.8060791170801016,1.0,0.5,0.5,0.8,174,200.8344802146404,16715.705758493372
21,88,1.2805196545559698,1.3329899062881971,1.3660384470734677,1.979027804618908,1.2807248884814748,0.10357262126645486,0.8573357702929897,1.0,0.5,0.5,0.8,197,199.16979988187703,16726.183809485803
22,0,0.7531317272528012,0.8129425927239388,0.8059640326024073,0.4573706427585803,0.0,0.0,0.0,0.0,0.5,0.5,0.8,1,2500.1678460091107,137538.8960366106
22,1,0.7135207460818567,0.807318252702873,0.8001298908360736,0.45225332090325415,0.023552958786538302,0.0,0.0,0.0,0.5,0.5,0.8,2,2520.6836483148904,129074.19424984942
22,2,1.9889953284545936,2.169003985259403,2.159839307501592,1.820546842512883,1.4134511745523364,0.11821189770561835,1.0,1.0,0.5,0.5,0.8,3,5439.637365378636,101394.94768958417
22,3,1.5823491996867585,2.04968860919804,2.03832118644407,1.7157500710596085,1.7973576633531894,0.10878006984128079,1.0,1.0,0.5,0.5,0.8,4,2425.856763378388,38177.207727910696
22,4,1.5559796793989216,2.038572415883399,2.0287650255036827,1.727289236329099,1.4162807502268988,0.11402702981315671,1.0,1.0,0.5,0.5,0.8,5,2203.1827681363143,39428.657704353296
22,5,1.54187356014422,2.0374809981549484,2.0271233251233847,1.7349182960160139,1.40340709146767,0.14134287548193952,1.0,1.0,0.5,0.5,0.8,7,1624.4177672603007,27111410.080129668
22,6,1.4687401534009004,1.982767772532975,1.9728902542319295,1.690709552500524,1.454776208878076,0.11728746520996272,1.0,1.0,0.5,0.5,0.8,9,652.1943085479918,330186.233216655
22,7,1.4381306748667895,1.9542560540807248,1.9436394322463844,1.669317963299023,1.446535617283669,0.09988854679856318,1.0,1.0,0.5,0.5,0.8,10,1384.631011911167,36632.84177037745
22,8,1.4337935556528345,1.9496553597626696,1.936795075990834,1.6513247746243915,1.3717975412273784,0.09985833621682488,1.0,1.0,0.5,0.5,0.8,11,1316.4591287383832,36441.27272575045
22,9,1.397554201777696,1.882935745090605,1.86935367292587,1.6034513471379115,1.686055118394956,0.11622414257905227,1.0,1.0,0.5,0.5,0.8,12,166.29598259412091,20087.917222065083
22,10,1.3787317846871547,1.810098876597948,1.7916829118568631,1.538929413538907,1.5126060226436642,0.11858708560719129,1.0,1.0,0.5,0.5,0.8,14,102.48751416386068,8551.654844493414
22,11,1.3657077473742492,1.7043690345415103,1.6820165357828756,1.4514939848904556,1.590150197949958,0.11816527714078595,1.0,1.0,0.5,0.5,0.8,16,66.74952680801539,7797.652261285045
22,12,1.3621299417288242,1.6494757953247043,1.6271730877394965,1.4112827530429182,1.4800678811023658,0.11682061105140329,1.0,1.0,0.5,0.5,0.8,18,13.659606388163937,950.3795560407988
22,13,1.3616912728362403,1.6405447311365466,1.6241252849115062,1.4381860486503624,1.3868015967191951,0.11689172222486348,1.0,1.0,0.5,0.5,0.8,20,15.055951860745097,982.2917997546512
22,14,1.3617441575179874,1.629983823294316,1.6069421688560528,1.4051538339408904,1.388779032717614,0.1174522740339284,1.0,1.0,0.5,0.5,0.8,21,16.00586617599443,7862.056309492285
22,15,1.361597348880484,1.6252597884382163,1.6020418689221625,1.4095153352915633,1.3690736098230136,0.11745406771527978,1.0,1.0,0.5,0.5,0.8,23,16.562454466712026,7976.783467327878
22,16,1.3612476458496001,1.6231658674902019,1.6019510811187199,1.4153016307033046,1.3672172575103314,0.11699299412532324,1.0,1.0,0.5,0.5,0.8,25,22.825801378888865,947.462126375671
22,17,1.3633611298971755,1.6168801642366497,1.5953437759367257,1.4130175166836774,1.395217380364016,0.12166281258448845,1.0,1.0,0.5,0.5,0.8,26,18.540506055764705,1894.7534575389448
22,18,1.3609544639841813,1.6117829966770927,1.5901434899440818,1.4304831526084807,1.3609066948317174,0.1169964928154272,1.0,1.0,0.5,0.5,0.8,31,16.65959918867398,937.3932544996298
22,19,1.360916513890142,1.6115037250547968,1.5898548889207107,1.430604988769681,1.3589932051264098,0.11693326415331724,1.0,1.0,0.5,0.5,0.8,33,38.52355553462109,1599.0901354524872
22,20,1.3609611465378109,1.6105091181803737,1.5888204792615894,1.4360456784688498,1.3632040520431667,0.11707826161822647,1.0,1.0,0.5,0.5,0.8,34,39.827341345938,1544.279803248583
22,21,1.3604571763457445,1.5979158143315104,1.5819791833751722,1.4680171563644118,1.430599660772227,0.11686072612637259,1.0,1.0,0.5,0.5,0.8,35,14.057990147264425,919.9698370299858
22,22,1.3602228135861347,1.5826256301170067,1.5599008115161341,1.4274151432167206,1.3831991963486678,0.11686356226362424,1.0,1.0,0.5,0.5,0.8,37,13.578961800096073,929.1780365967646
22,23,1.3600471139956138,1.573201656869221,1.5501252204389855,1.4255516922430662,1.379065039217945,0.11686608654171796,1.0,1.0,0.5,0.5,0.8,39,12.946986194808206,904.05235967145
22,24,1.3599173767900241,1.5656031452512345,1.5422431854212084,1.4286511796430215,1.3750716127148934,0.11686859410981147,1.0,1.0,0.5,0.5,0.8,41,12.82417290588042,890.5022937604675
22,25,1.3598448896817197,1.5610484041536317,1.5375184531549901,1.431179170657292,1.3684123575556746,0.11687139338712257,1.0,1.0,0.5,0.5,0.8,43,13.591817752541266,914.450374949988
22,26,1.359798103236097,1.5509288148566502,1.5290891764472054,1.4279607728816672,1.3839060557096212,0.11712417461985776,1.0,1.0,0.5,0.5,0.8,45,12.64485824809382,757.1281278342719
22,27,1.3597089291550526,1.5484447703020547,1.5265145295299998,1.4396478677531546,1.3638267126483448,0.11701355476991204,1.0,1.0,0.5,0.5,0.8,47,13.796141586118791,765.5312724831808
22,28,1.3597884606773887,1.5487554507864092,1.5289059029331378,1.4634341121455061,1.3602228267617478,0.11720303447607432,1.0,1.0,0.5,0.5,0.8,50,12.771874293160232,1060.6146026221638
22,29,1.3595132145500743,1.54656012831957,1.534925633629796,1.5040244189935317,1.3691177906331786,0.11684490158976475,1.0,1.0,0.5,0.5,0.8,53,12.214816835804706,873.5539728242906
22,30,1.3594536698997528,1.5376521906985743,1.5194676022503502,1.477461489515732,1.3692155504533219,0.11684747022149795,1.0,1.0,0.5,0.5,0.8,55,13.251771533145108,870.607512443121
22,31,1.3594400875452761,1.5364135193439603,1.5181826848543691,1.4835169622374513,1.361144285875707,0.116850021965058,1.0,1.0,0.5,0.5,0.8,57,14.797888546845908,879.2366630763472
22,32,1.3594272595867025,1.5363297233902498,1.5201681583246378,1.5044834045999502,1.3615237079108764,0.11685774257914361,1.0,1.0,0.5,0.5,0.8,59,10.270663862284485,886.2421758195721
22,33,1.3594077689842576,1.5335336928166585,1.5172673373531114,1.5056054844442577,1.3645927146542651,0.11688370242498762,1.0,1.0,0.5,0.5,0.8,61,13.427589039801012,867.363179685452
22,34,1.3594065528115706,1.5347541968798541,1.5206059614134544,1.5127936020997756,1.358675717557885,0.1168837024249876,1.0,1.0,0.5,0.5,0.8,63,13.38499171516048,870.8048152089939
22,35,1.359722293548431,1.53537645638889,1.52538382227481,1.5578878212813891,1.369290361602863,0.11756914948792241,1.0,1.0,0.5,0.5,0.8,64,12.11444230931864,8651.537843368207
22,36,1.359325047512045,1.526535913393647,1.507936689353479,1.5140450934844412,1.3630243154945099,0.11684363599104693,1.0,1.0,0.5,0.5,0.8,67,106.16996772380362,1560.0159892276267
22,37,1.359243846966974,1.5253065969924056,1.5170243677676924,1.5503366585538405,1.3928470520986775,0.11684399624091461,1.0,1.0,0.5,0.5,0.8,68,18.80137314549324,887.1160042206052
22,38,1.3592681372574569,1.5206214054616494,1.508017561032371,1.5498656565920674,1.3607431573122195,0.1169335222072718,1.0,1.0,0.5,0.5,0.8,72,357.4263727283362,1845.5780726210069
22,39,1.3593884858473548,1.5150066789350252,1.495970547382119,1.5301881098917556,1.3663418178072853,0.11720834577903556,1.0,1.0,0.5,0.5,0.8,73,14.996052570501154,2197.5448200732435
22,40,1.3594868812057863,1.5135105070247468,1.4944142953714543,1.5398037090118621,1.3605326357514034,0.11743659991594999,1.0,1.0,0.5,0.5,0.8,77,17.11740571596235,9056.981613498934
22,41,1.3590362478540465,1.5027644020848796,1.4936415024989786,1.5712811735078722,1.4330189772833692,0.1168301549308639,1.0,1.0,0.5,0.5,0.8,78,100.93180402222175,2515.3917662410668
22,42,1.358982422671399,1.4948391848330607,1.4812759507789652,1.5590270515423916,1.381430759342598,0.11680378183586426,1.0,1.0,0.5,0.5,0.8,79,455.1764174416031,2174.791321158987
22,43,1.3589408752881131,1.4889188024587956,1.475134643227555,1.5499455804863003,1.3843639319298129,0.11680730602878009,1.0,1.0,0.5,0.5,0.8,80,2056.142411500268,2697.85361070165
22,44,1.3589310884083252,1.487569579851745,1.4737350576542605,1.5599790289129745,1.364294310500828,0.11680668072165076,1.0,1.0,0.5,0.5,0.8,81,453.2021915761181,2221.9857724580093
22,45,1.3588788832203091,1.4860299098107776,1.4721395473863839,1.566094809379852,1.3616504062323278,0.1167231270227044,1.0,1.0,0.5,0.5,0.8,83,445.8555246469842,2316.934273389244
22,46,1.3589312259498267,1.4891935525594453,1.4816367411149944,1.6009187860740515,1.36223880312949,0.1168397801153593,1.0,1.0,0.5,0.5,0.8,84,452.16401874171015,2186.548869546656
22,47,1.4894446289288557,1.609649873966603,1.5954986204277648,1.6866437447701648,1.5023665656117546,0.37794763147805577,1.0,1.0,0.5,0.5,0.8,86,39.03140102599493,107364.76279322532
22,48,1.5805776891319647,1.700386077265293,1.690364467835114,1.8042618435932185,1.5834890102787138,0.5602526105262315,1.0,1.0,0.5,0.5,0.8,90,42.99666987917527,110282.9942160317
22,49,1.5805770726798134,1.7016143585937682,1.693711118857237,1.8324882580165345,1.5803432633202168,0.5602526105262315,1.0,1.0,0.5,0.5,0.8,92,42.80875887133131,110269.40645669926
22,50,1.3587622018003676,1.4643695256768847,1.4538150138641777,1.5966122534834741,1.4205266730104658,0.11678742805014983,1.0,1.0,0.5,0.5,0.8,93,470.5542128021673,2675.343815472009
22,51,1.3587295329239504,1.4637673682090018,1.453191530424121,1.6169289658075008,1.3590057149044301,0.11672839643995561,1.0,1.0,0.5,0.5,0.8,97,466.23965256043886,2695.604714105273
22,52,1.3587624005556516,1.4632020823340368,1.4546760928931668,1.625174496538885,1.3668261688427643,0.11681456164035149,1.0,1.0,0.5,0.5,0.8,98,459.9899365915907,2610.415807899258
22,53,1.3587615053463642,1.4630456137159396,1.4545137943576913,1.632735995119653,1.3587497809710805,0.11681441629211316,1.0,1.0,0.5,0.5,0.8,100,469.088542914978,2626.000610745222
22,54,1.3587599568352502,1.4627352109290859,1.4541917979048886,1.6517126621198568,1.3587472236011569,0.11681457674305795,1.0,1.0,0.5,0.5,0.8,104,467.9131539701705,2621.3108244962705
22,55,1.3587048142090339,1.4531181078024962,1.444216200081369,1.650794856954486,1.3794464460901632,0.11680026136431496,1.0,1.0,0.5,0.5,0.8,106,601.6606344316075,1490.2405712856662
22,56,1.3586633537499444,1.454812756374258,1.45012062534505,1.667370831000024,1.36038498047427,0.11672608303674595,1.0,1.0,0.5,0.5,0.8,108,1873.798415004,1471.803568347665
22,57,1.358656778708685,1.4539011132971145,1.4491750640873762,1.6840509982435177,1.360351882342789,0.11672146176013849,1.0,1.0,0.5,0.5,0.8,110,2330.405960342921,1474.5506107110336
22,58,1.358655384402898,1.4549259045409726,1.4523106471981264,1.7066350074169645,1.3590227135930433,0.11672149180719289,1.0,1.0,0.5,0.5,0.8,112,2292.0560288225406,1481.2511385565692
22,59,1.3586144757768972,1.4498726717206183,1.4429248615553776,1.688032369250264,1.3687070027160457,0.11666147061750902,1.0,1.0,0.5,0.5,0.8,113,2130.1474935177466,1410.008137660593
22,60,1.358613139808761,1.4509051846996388,1.446068477256941,1.7014897914510774,1.3589752189415227,0.11666147061750902,1.0,1.0,0.5,0.5,0.8,115,2128.206850527782,1413.519734919729
22,61,1.3586049373387592,1.4501074917176433,1.4473135626413292,1.715694881133786,1.3598856847060192,0.11666415064207485,1.0,1.0,0.5,0.5,0.8,121,2134.2486880871984,1469.731411312221
22,62,1.3586143129487311,1.4439618215097145,1.4388648858848787,1.7094207993688355,1.3795983033584873,0.11672488977986387,1.0,1.0,0.5,0.5,0.8,122,2117.6294015084,1454.5427862898553
22,63,1.3585461167430726,1.4415350895023975,1.4363498144602322,1.7151974621608073,1.3617603965865688,0.1166082663994642,1.0,1.0,0.5,0.5,0.8,125,2124.6702178517494,1459.5736802471436
22,64,1.3585799261064433,1.448182851751361,1.4536071789493792,1.7985214251728288,1.3584948818367457,0.11667676899981254,1.0,1.0,0.5,0.5,0.8,128,1783.2231061942914,1484.0819097153824
22,65,1.35855289399486,1.4449969471550874,1.446158229747384,1.7852371517993035,1.3592369386345238,0.1166261752026371,1.0,1.0,0.5,0.5,0.8,130,1567.640987969355,1460.8018393293253
22,66,1.3585483517209407,1.4444206142333016,1.4455604586975488,1.7545819977106267,1.3608256258892792,0.11662179017229697,1.0,1.0,0.5,0.5,0.8,131,34.235118294513235,1496.8817498458538
22,67,1.358518004433738,1.4381216596998647,1.4328095730273527,1.7599651863421295,1.368350920972392,0.11657962779357374,1.0,1.0,0.5,0.5,0.8,132,2241.4615631072534,1431.8637131023174
22,68,1.3585292283793415,1.438400030080801,1.4351703198831764,1.7776550771221569,1.3598579106272046,0.11661051200410724,1.0,1.0,0.5,0.5,0.8,135,2322.446252845751,1446.3749482793496
23,0,0.9260772088402741,0.8399379665878152,0.8339665637802006,0.48358824029367836,0.0,0.0,0.0,0.0,0.5,0.5,0.8,1,12748.669804114415,164312.46491930238
23,1,0.6781185423613374,0.8022951114905409,0.7949193875497005,0.4477395422192069,0.1358540951562218,0.0,0.0,0.0,0.5,0.5,0.8,2,7420.891384263719,134092.06007344238
23,2,1.7782958972037393,2.0800020750662043,2.0694626577758966,1.7350714207391076,1.4655065171172958,0.01390625323861241,1.0,1.0,0.5,0.5,0.8,3,10882.071232837783,165493.05126384654
23,3,1.4699027928499444,1.862085251918876,1.8514073065770247,1.531721760505105,1.1413340344450447,0.010633880456905189,1.0,0.734291360534523,0.5,0.5,0.8,5,11674.511147024648,162630.20131611716
23,4,1.6286820604633723,2.0349933396175386,2.0248474135979224,1.699283012853677,1.376222983470572,0.013906253238612401,1.0,1.0,0.5,0.5,0.8,6,5999.591273557884,140060.3801607375
23,5,1.5419303966487266,2.0111054401402146,1.9995843566452265,1.6884558012847075,1.4007606615086297,0.039851475920113136,1.0,1.0,0.5,0.5,0.8,8,5562.65160808951,134158.50624577366
23,6,1.3729400774814704,1.8484888881203547,1.8367637544573574,1.5278113425831106,1.186666479339551,0.01024736518329783,1.0,0.822069594110107,0.5,0.5,0.8,9,6897.245614271218,157469.63287128275
23,7,1.473724827381786,1.9762668842962365,1.965493582610799,1.6894993556821951,1.4585206429397872,0.04119732292179511,1.0,1.0,0.5,0.5,0.8,10,4000.736661268118,113048.09586424576
23,8,1.4149303877286874,1.9283420278616792,1.9157890697578834,1.643434799385215,1.425338631883649,0.040757156184035484,1.0,1.0,0.5,0.5,0.8,12,2599.132731250264,87479.02294701026
23,9,1.374057736132277,1.8742966304827584,1.8617984792535844,1.6094569264849208,1.4437079369985548,0.04083677961744467,1.0,1.0,0.5,0.5,0.8,14,1774.1678841441562,49043.6452230868
23,10,1.3475631133815895,1.8071577359779052,1.7880100545995805,1.541769162435688,1.4681749506424984,0.04082164773229456,1.0,1.0,0.5,0.5,0.8,16,1135.4868243703595,19076.084771728227
23,11,1.3341833774173875,1.7447126062218012,1.725355609821714,1.4920564735137496,1.4466848396142056,0.038264692564203576,1.0,1.0,0.5,0.5,0.8,18,645.2278537339995,53850.188991292125
23,12,1.3292646928610716,1.711402693674466,1.6908276889786502,1.4732849482618124,1.389975838337079,0.03693906014909301,1.0,1.0,0.5,0.5,0.8,20,405.291447751228,55132.209952636455
23,13,1.3324806922665755,1.7050390252916987,1.6902668690295357,1.487577884582005,1.3894424852301361,0.046460373005241216,1.0,1.0,0.5,0.5,0.8,21,412.5492253966384,17963.6276944686
23,14,1.3273011856854788,1.6932903529312215,1.6741129217515525,1.4795149141177224,1.3216144397258534,0.036903614271250426,1.0,1.0,0.5,0.5,0.8,27,367.8439146936231,55072.35577970455
23,15,1.3289978746770807,1.685513260673011,1.6659492036310777,1.5142651168557006,1.343669448501561,0.04207535564534931,1.0,1.0,0.5,0.5,0.8,29,138.67462373535963,92438.44939749889
23,16,1.3324397139755955,1.6822848749145016,1.6603822088981186,1.4893046717470857,1.3504034291339402,0.04988127851895011,1.0,1.0,0.5,0.5,0.8,30,240.9396143211508,26392.70083655633
23,17,1.3239853163567026,1.591449266368734,1.5704486459934262,1.4383140848248834,1.7134043201037419,0.042072284985634215,1.0,1.0,0.5,0.5,0.8,31,134.18184411073452,56503.20654556168
23,18,1.3241331034851602,1.5897439793676191,1.5686719727308855,1.4434481503862022,1.325512994571779,0.04248877360630924,1.0,1.0,0.5,0.5,0.8,33,126.39364585985128,65598.31106390592
23,19,1.3238645251963053,1.557138873135264,1.5348282239941538,1.4174137361914387,1.4671018726502372,0.04368417363749319,1.0,1.0,0.5,0.5,0.8,34,83.42815693876389,50201.65597539825
23,20,1.3238408960357329,1.5499776930835354,1.529465883139912,1.4303906692881116,1.3429220401068842,0.04403759412944313,1.0,1.0,0.5,0.5,0.8,36,71.30140915250836,49545.10109796942
23,21,1.3237325981883246,1.544584273653812,1.5218001043562568,1.4327241042047398,1.3272091261162136,0.0439616698233293,1.0,1.0,0.5,0.5,0.8,39,75.07293406571121,55430.39097954886
23,22,1.3235833247060111,1.5374289060506343,1.5164503683923565,1.4460906208681004,1.3396207718744577,0.0439616698233293,1.0,1.0,0.5,0.5,0.8,41,69.47696703107768,55314.92319888247
23,23,1.3234073178712222,1.5329674827963993,1.5118262208313737,1.453219018392167,1.3314431283702381,0.04376167443114602,1.0,1.0,0.5,0.5,0.8,43,65.64513615835756,55229.427179681705
23,24,1.3234274303686342,1.5343282898351016,1.515309576967344,1.4609367562386821,1.3221545026494546,0.043803858593437286,1.0,1.0,0.5,0.5,0.8,44,55.09390736327356,62083.381038873056
23,25,1.3234634108156396,1.5320136975446819,1.5129058696503506,1.4580890769623727,1.3321395143616996,0.0439538845399691,1.0,1.0,0.5,0.5,0.8,45,62.670867522644144,55018.83794068295
23,26,1.322603803327079,1.4950392016906213,1.4766370678195924,1.427794574816735,1.4879089448568554,0.04328423061067157,1.0,1.0,0.5,0.5,0.8,46,41.02893842138161,88876.04015347082
23,27,1.3224677784598757,1.490970728317544,1.4724202492762664,1.4389190647755017,1.330254876118384,0.04310067179722315,1.0,1.0,0.5,0.5,0.8,48,39.13156155861889,88863.33297582746
23,28,1.3224423647079053,1.4868320087194797,1.466054374206633,1.4356676788102405,1.3338808928024668,0.04311039483537469,1.0,1.0,0.5,0.5,0.8,49,38.6639543153584,90493.15261057374
23,29,1.322378922258324,1.482878611162499,1.4640263772009279,1.4387975606888816,1.344667583924934,0.043092582176024366,1.0,1.0,0.5,0.5,0.8,50,39.15578404313672,88666.33621844916
23,30,1.3223677612666733,1.4800540385428016,1.4610958206311764,1.4505921584427273,1.325716099726388,0.04312667353955087,1.0,1.0,0.5,0.5,0.8,53,37.89640201543912,89996.66570001787
23,31,1.3223299553806735,1.4783838666563307,1.4593641457707929,1.445488655002722,1.328718857995744,0.04308283707373486,1.0,1.0,0.5,0.5,0.8,54,37.31326904607836,89622.64060517715
23,32,1.322724961004591,1.4791143248235106,1.4683956648998828,1.5420379677156135,1.3230831033702493,0.04396702057971892,1.0,1.0,0.5,0.5,0.8,74,34.1444671296535,60847.99464523109
23,33,1.3219512209953328,1.4823736575553552,1.4800953522602314,1.7736349858344174,1.3213624781640931,0.04244294057316911,1.0,1.0,0.5,0.5,0.8,114,43.177236512526974,57838.45142126394
23,34,1.3219511716007992,1.4836955091067232,1.483539063431697,1.8001783847017803,1.321233430427494,0.0424429405731691,1.0,1.0,0.5,0.5,0.8,116,43.15942369562232,57837.48985627723
23,35,1.3219396982687566,1.4829999519213746,1.4828177608656583,1.7955699785045343,1.3227329188265209,0.04243245281592546,1.0,1.0,0.5,0.5,0.8,118,45.01808622907095,58188.41454058051
23,36,1.3219347438346851,1.4811161119403902,1.4787910623371392,1.7922187062356618,1.3236442661015455,0.04243245281592546,1.0,1.0,0.5,0.5,0.8,119,45.643673680672094,58233.476238076975
23,37,1.321983251006742,1.480738023638819,1.4783969231275729,1.795825589451956,1.3231533749742215,0.042537122263396746,1.0,1.0,0.5,0.5,0.8,120,44.42287334058779,58120.90486916999
23,38,1.3219518134732124,1.4793019977644928,1.4769080338165341,1.798476018785712,1.3274604997885462,0.042499235603645755,1.0,1.0,0.5,0.5,0.8,121,42.314042089672405,57709.73807727235
23,39,1.3218971081964566,1.4791651353762036,1.478840195753555,1.805035844787416,1.3274310766543724,0.042414514575992414,1.0,1.0,0.5,0.5,0.8,122,43.47749976215056,58402.341238634806
23,40,1.3218897392005653,1.4784635578273368,1.4781125050793185,1.8122937557679706,1.322742279312672,0.042411834320810735,1.0,1.0,0.5,0.5,0.8,124,41.59329990370966,58152.61490223132
23,41,1.322165899251329,1.4650316258430431,1.457948458192931,1.8029415230021837,1.3645847627639704,0.04312437074301504,1.0,1.0,0.5,0.5,0.8,125,32.59431387000228,61049.20694097477
23,42,1.3221091649128063,1.4577725903547325,1.450418696601207,1.8043631688971262,1.3374228276695792,0.04311932488319361,1.0,1.0,0.5,0.5,0.8,127,29.28242932098928,60764.80482814358
23,43,1.3221380173995532,1.457301515617985,1.4520010556308889,1.8297357725704428,1.324291632704717,0.0432033693606793,1.0,1.0,0.5,0.5,0.8,130,26.993914594653887,58651.493344399736
23,44,1.3221224487894214,1.4549877180613369,1.4516731682349104,1.8576760812538378,1.325602787741791,0.0432229332913642,1.0,1.0,0.5,0.5,0.8,134,29.865883987966992,60911.52673395808
23,45,1.3223010018687,1.4544732590425644,1.4511326723378852,1.8775813895407742,1.3225599762112448,0.0435895482923918,1.0,1.0,0.5,0.5,0.8,138,31.159533808424587,61341.53436921073
23,46,1.3221505032014789,1.4531450006828979,1.4497601932728288,1.884507789897888,1.3242481989501544,0.04330453039101573,1.0,1.0,0.5,0.5,0.8,140,29.825805383310072,61096.86602568275
23,47,1.32214871296113,1.4542042480113162,1.4529315040577886,1.8995820697808024,1.3222382616807082,0.04330453039101572,1.0,1.0,0.5,0.5,0.8,142,29.90187208706837,61109.507992611456
23,48,1.321734233009499,1.4485836613477105,1.4408986644964608,1.8797672031748154,1.322325449871022,0.04249194068485931,1.0,1.0,0.5,0.5,0.8,147,33.9776661059646,57789.86303805205
23,49,1.3217271055906732,1.4485100229573553,1.4428947858115384,1.8942879783464919,1.32329668964391,0.04249607753755732,1.0,1.0,0.5,0.5,0.8,150,33.700898664350426,57712.47406690783
23,50,1.3218881452877156,1.4477850500939407,1.4483533223411076,1.9460100338281205,1.343002845124622,0.04288067527168604,1.0,1.0,0.5,0.5,0.8,151,26.43464361773976,59350.134944403646
23,51,1.322113674784635,1.4455443006933115,1.4460199840673045,1.9398858385748519,1.3324440928456043,0.043361800837304745,1.0,1.0,0.5,0.5,0.8,152,24.10785628316129,60429.53136499429
23,52,1.3219671929835786,1.4394022266443527,1.4355083592398903,1.9614834642241858,1.3252786468225404,0.043109244152978524,1.0,1.0,0.5,0.5,0.8,156,22.78961804086207,58921.38570945642
23,53,1.321862540268361,1.4183587996519122,1.415752019878901,1.9455402487649605,1.4194325623273998,0.04313368923428716,1.0,1.0,0.5,0.5,0.8,157,27.352644304984786,61284.93719329966
23,54,1.3215719198500402,1.4137647715254877,1.4109967104758745,1.9413725161646505,1.3276078497044508,0.04259192664263078,1.0,1.0,0.5,0.5,0.8,160,23.843312711760767,60711.97780873102
23,55,1.3218060998709142,1.4108050950641091,1.4079173363650783,1.9590763946718737,1.3285698146548468,0.04308849352265834,1.0,1.0,0.5,0.5,0.8,162,27.01637793934752,61113.10040220845
23,56,1.3219511911701216,1.4114471488258051,1.4106503642285626,1.97461198346086,1.3235194615123378,0.04338586051372636,1.0,1.0,0.5,0.5,0.8,164,23.87945790049432,61176.82237186219
23,57,1.3219093154929924,1.4052992131845916,1.402201313742717,1.970272498711975,1.3321904149571444,0.04334234156037383,1.0,1.0,0.5,0.5,0.8,166,22.736603693836965,60539.49603746215
23,58,1.321945021078975,1.405704033596277,1.404692329777595,1.9984772254691057,1.3227736637362595,0.043421648566100576,1.0,1.0,0.5,0.5,0.8,170,22.484709983665244,60763.23615171985
23,59,1.3219720405695718,1.4020349244804642,1.4008847768426627,1.995169906504578,1.3379786988301525,0.043505128766882326,1.0,1.0,0.5,0.5,0.8,171,24.15999099457995,60805.89096653374
23,60,1.3218850294453337,1.401219028045571,1.4000415892049527,1.9985682612705145,1.3248535789262046,0.04333675798050294,1.0,1.0,0.5,0.5,0.8,172,24.524915485903083,59881.99569424473
23,61,1.3219688404010017,1.4038595438436752,1.4069226423650352,2.03583462165495,1.3218937607219168,0.0435051288004858,1.0,1.0,0.5,0.5,0.8,175,23.49676605087614,60761.88711828523
23,62,1.3219170812051146,1.399692425532836,1.3963842350561229,2.0182546186946198,1.3222854774665798,0.04340264139797191,1.0,1.0,0.5,0.5,0.8,176,22.689986063693205,59414.30701395139
23,63,1.3219144245932197,1.400996510359061,1.399809618454353,2.0353172143476765,1.3217443615745559,0.04339748789018391,1.0,1.0,0.5,0.5,0.8,178,22.60417681400688,59431.67249040237
23,64,1.3218905826652279,1.3980832744854683,1.3967881927678067,2.036798841820344,1.3343901818384278,0.04337188388327095,1.0,1.0,0.5,0.5,0.8,179,21.13492550160656,59240.63457038511
23,65,1.321875941816396,1.392425734991721,1.3909193694798807,2.0399174985690154,1.3340952807379014,0.04338390569614223,1.0,1.0,0.5,0.5,0.8,181,20.321987175153208,59306.56003568616
23,66,1.3219484347637773,1.3902678522739071,1.3907503790000586,2.1119194844717106,1.3228234453302055,0.04355384003676769,1.0,1.0,0.5,0.5,0.8,196,19.47057857550021,59328.76047866561
23,67,1.322042802887498,1.3891036310594647,1.3895390337548497,2.1343537344153933,1.3273475619970463,0.04375106450736801,1.0,1.0,0.5,0.5,0.8,197,18.095086425826,59447.40341906544
23,68,1.3219044672793163,1.3901357105857317,1.3926873814757863,2.1505147886623632,1.3220903606854297,0.04347548190850266,1.0,1.0,0.5,0.5,0.8,199,21.15239063511364,60044.61123336092
24,0,0.4994957859006248,0.7718740142974491,0.7633633768423116,0.4203185216945202,0.0,0.0,0.0,0.0,0.5,0.5,0.8,1,22276.256776514023,116719.0209148599
24,1,1.5925281648351453,2.1276627409659055,2.12710272391483,1.760150647648417,1.1654868269401093,0.11223944247208059,0.5731085518072523,1.0,0.5,0.5,0.8,3,13298.545545307989,61967.367141078284
24,2,1.550225359371864,2.04730177378591,2.0352629197993375,1.7152825991532648,1.7686041260913337,0.14000185109912197,1.0,1.0,0.5,0.5,0.8,4,4678.068479044784,35270.91763642866
24,3,1.2714032757630758,1.7835995641190105,1.7706887985091004,1.457548737899741,1.5064915411013196,0.11225325064774197,0.6582012788098757,1.0,0.5,0.5,0.8,5,4423.783739396671,33952.73502012139
24,4,1.3067873119078957,1.8189459344599002,1.8060096944235389,1.4962283579923281,1.2228879920069193,0.1122630036220605,0.7302478803629914,1.0,0.5,0.5,0.8,7,4235.939743613789,30368.92401380453
24,5,1.3846542700821696,1.8520361540286652,1.835420002468618,1.5447741687287042,1.7847606124314597,0.10597235067431343,1.0,1.0,0.5,0.5,0.8,8,951.5516957042232,37201.88527584983
24,6,1.3841942119517903,1.8505856387147934,1.8339153799677208,1.5497210356845241,1.3561650151960887,0.10597369823302587,1.0,1.0,0.5,0.5,0.8,10,953.0626555657173,36411.01378851864
24,7,1.3809841615672136,1.839891723233087,1.8228232107302198,1.5425689763766697,1.399721526405707,0.10593413640884512,1.0,1.0,0.5,0.5,0.8,11,968.7256374221796,74894.52640093406
24,8,1.380929458833279,1.8396981017329017,1.8226223990019887,1.5492006939221095,1.3538140355382775,0.10593413640884511,1.0,1.0,0.5,0.5,0.8,12,952.559411611136,74866.60632852133
24,9,1.3754636035484205,1.8206374957348759,1.802878078628241,1.531956160726765,1.432527378568997,0.1044650693319239,1.0,1.0,0.5,0.5,0.8,13,985.6057771714512,28200612.32056687
24,10,1.3905512873386436,1.8312824099651506,1.8194850805728868,1.5578467716305098,1.4171750579165432,0.13946524432189503,1.0,1.0,0.5,0.5,0.8,14,938.3113257840456,17002.833556975802
24,11,1.3869450492005235,1.8055717631185046,1.7927631003961784,1.5427146231388402,1.4304959068110406,0.1422586187858586,1.0,1.0,0.5,0.5,0.8,16,970.467752606491,14953.629557120325
24,12,1.3856420796446947,1.7986265382508977,1.7855686406429354,1.5498420981283867,1.3855152606560412,0.14173032093245286,1.0,1.0,0.5,0.5,0.8,18,775.2939663338667,17359.276458560642
24,13,1.3854675298577808,1.7925399506614255,1.7792199162890554,1.5551273258938447,1.4056058931327722,0.14361082613974382,1.0,1.0,0.5,0.5,0.8,19,597.5846538563949,15396.979922497943
24,14,1.3858293962695476,1.7904216281957142,1.7769985119041944,1.5510358228408618,1.3814998821852533,0.14490268263745448,1.0,1.0,0.5,0.5,0.8,20,874.2439598203458,18625.6424016635
24,15,1.382412334281214,1.7693099242153862,1.7571981716635872,1.5416105383102732,1.46903686802667,0.14348707167688896,1.0,1.0,0.5,0.5,0.8,21,550.1673926328654,13509.5268374221
24,16,1.3776251106458455,1.735043593893201,1.7217209795478858,1.5192704803027688,1.4399594720680167,0.1398671936606675,1.0,1.0,0.5,0.5,0.8,23,581.3315829116921,11120.978861080494
24,17,1.377348675492525,1.733654331244637,1.7202864439566186,1.5180344264795727,1.3754060529107686,0.13951663336795236,1.0,1.0,0.5,0.5,0.8,24,398.2731130022588,8605.61000164063
24,18,1.3764053928761375,1.7227201430876518,1.7110188505463562,1.5262883060664483,1.422852713418219,0.13941082759570206,1.0,1.0,0.5,0.5,0.8,25,641.1398002883574,7998.660270888927
24,19,1.3766016273685104,1.6907422042950482,1.6777657942304098,1.5046484273714538,1.4471987779289643,0.14381500547373777,1.0,1.0,0.5,0.5,0.8,27,313.9640375952553,3930.814369987598
24,20,1.3730747990356953,1.6371046006874586,1.6221844674573105,1.4561813707718922,1.4852222994746789,0.14074413521003518,1.0,1.0,0.5,0.5,0.8,29,136.16697313999413,6688.162426852962
24,21,1.374234376457234,1.6215419233158888,1.6059814198045974,1.4491668727735485,1.4085037440803752,0.1439492496737657,1.0,1.0,0.5,0.5,0.8,31,174.8469617263108,11957.6525325492
24,22,1.3739806940432733,1.6065269557511286,1.5904029621406923,1.4460126097482076,1.4051159364385568,0.14412515971809395,1.0,1.0,0.5,0.5,0.8,33,151.65621303380104,11618.708311716951
24,23,1.3713671656956705,1.6023985219544121,1.590360005828856,1.4700114249219598,1.3721719008594797,0.1390710671825334,1.0,1.0,0.5,0.5,0.8,40,126.8656073724914,8333.22142737173
24,24,1.3699877990819285,1.5571896717026161,1.5517768607330353,1.4529383761261219,1.4127715807006749,0.13789270598243325,1.0,1.0,0.5,0.5,0.8,45,41.95551504657604,8093.287206109139
24,25,1.370014241396202,1.5434626649989185,1.537530833315079,1.45214108635219,1.399650551816533,0.1382617780989102,1.0,1.0,0.5,0.5,0.8,47,45.95521560100462,8968.95617713164
24,26,1.3707270465811545,1.528178774896898,1.5216443542640532,1.443278724963392,1.4402121680479827,0.14000035279959555,1.0,1.0,0.5,0.5,0.8,48,43.78999369122927,9583.96266884804
24,27,1.370509844584774,1.520068550830772,1.5132370862929494,1.4464936691682428,1.3872960854824383,0.13970369330055443,1.0,1.0,0.5,0.5,0.8,50,54.82742135081978,9664.337004134197
24,28,1.3703988167048626,1.512645999732132,1.5055395724956577,1.448269204712306,1.385933528264185,0.13959958730857655,1.0,1.0,0.5,0.5,0.8,52,50.60210853965305,10319.837293727114
24,29,1.3703150377136357,1.508073075963133,1.4987256918265905,1.4134138428503085,1.3836925953614414,0.13948039031184162,1.0,1.0,0.5,0.5,0.8,53,37.50479737580054,10391.81134558697
24,30,1.3704207059604774,1.504602968374431,1.4971934230154622,1.4486295414117607,1.3915159157099246,0.13976371532858034,1.0,1.0,0.5,0.5,0.8,54,39.42222388390728,10050.043067108609
24,31,1.3701747499618544,1.4995725501724144,1.491983268671352,1.45167971051843,1.3802209510221504,0.13933866756618346,1.0,1.0,0.5,0.5,0.8,56,43.27201179177105,10401.31001599243
24,32,1.37008054572701,1.4974701197984275,1.4877331921848087,1.4255058697992071,1.371081208041653,0.13915951375845842,1.0,1.0,0.5,0.5,0.8,58,48.15304532479876,10558.230505021513
24,33,1.3702379973741698,1.4964938197577027,1.4867142755535583,1.4248374196289546,1.3747504670344135,0.13948970306287276,1.0,1.0,0.5,0.5,0.8,59,34.269741445733054,10138.61975926462
24,34,1.370588172510284,1.4938051170230546,1.4880559575693215,1.4790513891412518,1.3827257662448629,0.14026435746912186,1.0,1.0,0.5,0.5,0.8,61,46.62030373151017,10223.57267061749
24,35,1.37046148018542,1.494400173144837,1.4907504073725788,1.4822941896804747,1.3729322735848428,0.1400193212290976,1.0,1.0,0.5,0.5,0.8,62,35.77001520109023,9901.356718996814
24,36,1.3701864997839135,1.489928607089935,1.4881936190994265,1.488284947903753,1.381767541119176,0.13953582841378015,1.0,1.0,0.5,0.5,0.8,64,60.2687613155892,10316.246252909776
24,37,1.37017217114759,1.482909149894164,1.4809113144043389,1.4824002195811938,1.3852919698727795,0.1395877794580907,1.0,1.0,0.5,0.5,0.8,66,51.36107286829843,10353.695068803914
24,38,1.3701585934924143,1.4803753411700895,1.478282959430335,1.4875592637276214,1.3807523488893587,0.1395877794580907,1.0,1.0,0.5,0.5,0.8,67,49.84806817101482,10317.242600707685
24,39,1.369868426480747,1.4757252542416026,1.467252416044944,1.498610512140336,1.3700605065322549,0.1390115098887434,1.0,1.0,0.5,0.5,0.8,70,96.2310754001042,7510.395842924598
24,40,1.3698891894155532,1.4727602727726066,1.4621031490814689,1.4974376506201386,1.3768381119993758,0.13907068932132882,1.0,1.0,0.5,0.5,0.8,71,96.75772670983903,7568.902917774064
24,41,1.369818311769921,1.4727117944436943,1.4641278197946979,1.503498609659997,1.3752195673423677,0.1389426236023867,1.0,1.0,0.5,0.5,0.8,72,98.1754303072758,7796.6748416223745
24,42,1.3700155291961016,1.4716340687533442,1.4609299558487632,1.5080354970894252,1.3700471303037465,0.1393379532069695,1.0,1.0,0.5,0.5,0.8,73,89.78860765958066,7805.369895770367
24,43,1.369935326922043,1.4639534719409366,1.4550367289202017,1.5032277928145898,1.4083316512407968,0.13926508083149455,1.0,1.0,0.5,0.5,0.8,74,90.972829992434,7511.103756781678
24,44,1.3699334198649606,1.463547919961888,1.4546160638031196,1.5113820139506597,1.3713992256997283,0.13926508083149453,1.0,1.0,0.5,0.5,0.8,75,90.551106634075,7506.049325564641
24,45,1.3698238043903759,1.4590023691025102,1.44990424851235,1.5063550303735747,1.389061226149229,0.139086968162471,1.0,1.0,0.5,0.5,0.8,76,94.74552334851262,7564.796985384265
24,46,1.369772718470184,1.4540934090755848,1.4427409235386333,1.5114182192474914,1.374685687540346,0.1390162298727476,1.0,1.0,0.5,0.5,0.8,79,86.91470734898219,8044.545022140384
24,47,1.3697500635117574,1.4551966640855443,1.4459587091306685,1.5233284560733338,1.3699295982254853,0.1389726798315206,1.0,1.0,0.5,0.5,0.8,81,88.3104864789529,8276.595956198538
24,48,1.3697499618846407,1.4565006117241337,1.4493839087238956,1.5472686296057974,1.369537513919624,0.13897267983152065,1.0,1.0,0.5,0.5,0.8,83,87.64438005319715,8266.053489627566
24,49,1.3705018109687004,1.4554325647464794,1.4503200263914504,1.5415622874234165,1.3840958385570277,0.14050340442908882,1.0,1.0,0.5,0.5,0.8,84,93.22358639148833,8685.057697149165
24,50,1.3697302906153845,1.4531530780924653,1.447984052548834,1.5509466178906717,1.3717004784902809,0.13897302784194718,1.0,1.0,0.5,0.5,0.8,87,74.29773462350042,7521.300261907235
24,51,1.3704800606589478,1.454271835509744,1.45118900927937,1.567638068328986,1.3744695211263764,0.14048053291158066,1.0,1.0,0.5,0.5,0.8,88,83.40959215299104,8732.338699501883
24,52,1.3696088311446273,1.4486327396359426,1.445371308942028,1.5540434381781325,1.390332678674975,0.13877639776245906,1.0,1.0,0.5,0.5,0.8,89,66.66566074954318,7626.932057517879
24,53,1.3704585606958555,1.4490180283949252,1.447811582879281,1.5780278150648321,1.3781258607439115,0.14048980666919145,1.0,1.0,0.5,0.5,0.8,90,84.72542602472659,8496.962177744896
24,54,1.3704388999190638,1.4467857400717825,1.4434240494683253,1.5893722125484864,1.3721797629635537,0.14045729907400395,1.0,1.0,0.5,0.5,0.8,92,73.44248456703075,8519.502173157425
24,55,1.370382250966301,1.444081196438126,1.438547972725498,1.5675822666680457,1.375970988986116,0.14035400800402137,1.0,1.0,0.5,0.5,0.8,93,77.37070486474974,8565.632420167105
24,56,1.3703664721115718,1.443316261123413,1.4398273759728468,1.577783105625456,1.3792983121900353,0.1403379496559582,1.0,1.0,0.5,0.5,0.8,94,76.64191516298904,8553.91964869091
24,57,1.3703723566868198,1.440871692303801,1.4352186463960943,1.5687195105118183,1.3751164448616826,0.14035796768481557,1.0,1.0,0.5,0.5,0.8,95,73.46665250155688,8781.645938572856
24,58,1.3702919279744636,1.4404727463681295,1.434807767191719,1.5804379407582498,1.3714999139619126,0.140199431829983,1.0,1.0,0.5,0.5,0.8,96,87.64377335382152,8835.537216349216
24,59,1.3702919279744636,1.4404727463681295,1.434807767191719,1.5804379407582498,1.3700997426854107,0.140199431829983,1.0,1.0,0.5,0.5,0.8,98,87.64377335382152,8835.537216349216
24,60,1.3704327171635051,1.439265892131799,1.4335504789199165,1.5874227465271527,1.37616892719767,0.14049075343731282,1.0,1.0,0.5,0.5,0.8,99,84.4026836063253,8853.774392870913
24,61,1.3702755200114405,1.4373360741732508,1.4315543032617435,1.5896965702686772,1.3778869160979714,0.1401889733460021,1.0,1.0,0.5,0.5,0.8,100,75.78313390608365,8746.806401348107
24,62,1.3704280495334342,1.4370885516500085,1.4312917895571844,1.6184499355238824,1.3706881578703092,0.1404968499264359,1.0,1.0,0.5,0.5,0.8,104,86.99717592395218,8873.243752911332
24,63,1.3703047387282035,1.4356473784329522,1.4298012911284097,1.6113830900774084,1.3720602362683687,0.1402594217927589,1.0,1.0,0.5,0.5,0.8,107,75.99544324194082,8803.471625517253
24,64,1.3702351982829268,1.437445922696397,1.435814552638971,1.6407768050561633,1.3709273723248767,0.14012577236775653,1.0,1.0,0.5,0.5,0.8,111,83.14768886205958,8839.482797182074
24,65,1.370034054611201,1.4319288749833294,1.4238812796963476,1.654488350581563,1.371331970083177,0.1397325961074402,1.0,1.0,0.5,0.5,0.8,115,76.20078000195117,9285.990013970755
24,66,1.369987600822721,1.4292819598585569,1.419064613103421,1.6439008246805733,1.3754513485867805,0.13964831839739278,1.0,1.0,0.5,0.5,0.8,116,76.25182474142066,9243.927558419886
24,67,1.3700097993814497,1.4283605572995193,1.4201803545831568,1.6633564961790845,1.3748277815246854,0.13970770274557065,1.0,1.0,0.5,0.5,0.8,118,76.26105408232102,9259.538113123335
24,68,1.3699652995285874,1.4310530630959124,1.4291924891846337,1.7233588514431475,1.370424015034787,0.13962683609735915,1.0,1.0,0.5,0.5,0.8,127,91.7894158234489,9179.88794239894
24,69,1.3699889716163258,1.4313493961100736,1.4315714961476642,1.7555979991177875,1.3721460126969687,0.13968092650508274,1.0,1.0,0.5,0.5,0.8,129,92.9983577596722,9205.241451560403
24,70,1.370095023184744,1.4325980797316014,1.4349353417541733,1.7918043385100688,1.3707570362600392,0.13989420815139458,1.0,1.0,0.5,0.5,0.8,130,87.72507132109546,9422.751877519057
24,71,1.3700567907665289,1.4277804865838277,1.427866445976701,1.7802165686067812,1.3850875097007487,0.13983939748236782,1.0,1.0,0.5,0.5,0.8,131,90.52836521244,9458.407749879516
24,72,1.3700528484075698,1.4287473304584504,1.4309420732354987,1.7852702206552054,1.3714863990148936,0.13983371071574274,1.0,1.0,0.5,0.5,0.8,132,91.0715803055145,9423.758861224916
24,73,1.3701273080029241,1.4277496067081912,1.4299042230684003,1.7928963921084347,1.3723728487643034,0.1399892441572385,1.0,1.0,0.5,0.5,0.8,134,77.3017441480832,9154.683389439811
24,74,1.370128176435196,1.4270818447370281,1.4292114411275967,1.7965411525579764,1.372894891131343,0.1399949744228886,1.0,1.0,0.5,0.5,0.8,135,74.81177502727004,9162.64082777898
24,75,1.3700622421201878,1.4246347281659473,1.4246027944893354,1.7858226877888073,1.374556679930407,0.13986942009469905,1.0,1.0,0.5,0.5,0.8,136,76.25942775458918,9278.760378827468
24,76,1.3699726422416922,1.4224286359226954,1.4243899515230847,1.8178498893391986,1.3849827742711476,0.13971042755786708,1.0,1.0,0.5,0.5,0.8,137,91.94843081995396,9268.51270731565
24,77,1.3699646293781886,1.4211959605411046,1.4251838791634577,1.8112891861257385,1.3754596398024135,0.1397089306378352,1.0,1.0,0.5,0.5,0.8,139,84.85229530676956,8748.25582067459
24,78,1.3699643571957578,1.4224260241595397,1.4285323820318232,1.8338449631656804,1.3700674159162376,0.13970893063783524,1.0,1.0,0.5,0.5,0.8,141,84.46951453051228,8742.927875123441
24,79,1.3700082243338318,1.4173797815139744,1.419150881913141,1.8175581721864869,1.3806014743445294,0.13981017175895805,1.0,1.0,0.5,0.5,0.8,142,79.101409929872,9017.473202485757
24,80,1.370004476496006,1.4183750947179217,1.4222559942246402,1.8228194056309746,1.3713436211593337,0.13980447138544627,1.0,1.0,0.5,0.5,0.8,143,79.34516622078112,8980.607109364732
24,81,1.369757498241579,1.4227547752546277,1.4350985405170102,1.9385797419641293,1.3698714951065942,0.13931423364625248,1.0,1.0,0.5,0.5,0.8,157,69.41050448790476,9522.214466974512
24,82,1.3697533648016595,1.4185767922133548,1.4286919807277028,1.9301645247335166,1.3821581679163322,0.1393211771212814,1.0,1.0,0.5,0.5,0.8,158,71.72521520277523,9560.978093638118
24,83,1.3697576545167447,1.4195443545981177,1.431768015943579,1.9400677175167254,1.3704663978454792,0.13933167177369574,1.0,1.0,0.5,0.5,0.8,160,72.2881003086506,9565.34724349761
24,84,1.3697572503002524,1.4207170203785273,1.4350570050172733,1.9544793816266581,1.3700040040478632,0.13933167177369574,1.0,1.0,0.5,0.5,0.8,162,71.90575229777683,9558.349392056803
24,85,1.3697602908005915,1.4189073589371692,1.4331795182009308,1.970503480267151,1.3776343440147962,0.1393471672377588,1.0,1.0,0.5,0.5,0.8,163,71.44358196857138,9240.312294535144
24,86,1.369638467030069,1.41738925881148,1.4336817053618476,1.9692451403310192,1.3755382089787542,0.13911734455454403,1.0,1.0,0.5,0.5,0.8,165,65.8222735164773,9781.679710618571
24,87,1.369649917281246,1.4183420743265451,1.4367421624201093,2.0013343558380114,1.3701359273863878,0.1391421735979395,1.0,1.0,0.5,0.5,0.8,168,62.40806310376564,9695.89941125616
24,88,1.3699507441437981,1.4171619174946333,1.433434130648499,2.028328646470451,1.3700969813418278,0.13974459293966685,1.0,1.0,0.5,0.5,0.8,171,76.37760817299848,8835.699449006215
24,89,1.3700141356530946,1.406775535942304,1.4102222094296168,1.9812154736887986,1.3713062300534364,0.13988359996043398,1.0,1.0,0.5,0.5,0.8,179,82.23147643287928,9792.790133516795
24,90,1.3700514514973798,1.4064362435065996,1.4098688658689131,1.9851683004729843,1.3708068614958289,0.139960057926567,1.0,1.0,0.5,0.5,0.8,181,81.46345323034167,9840.21634990712
24,91,1.3700537129007584,1.4056515372523222,1.4090547021728632,2.0099869213900705,1.3711374635402511,0.13996837709839066,1.0,1.0,0.5,0.5,0.8,184,82.82077047049071,9737.675427562888
24,92,1.369975687421793,1.4038359805214298,1.4071741901566646,1.9998324086944033,1.3775348754746735,0.13982058733679684,1.0,1.0,0.5,0.5,0.8,185,81.86478613207012,9789.353924979505
24,93,1.3701474714631707,1.401175933269648,1.4023357699631447,2.0156764280079056,1.376744268704107,0.14017125340643566,1.0,1.0,0.5,0.5,0.8,186,82.12059487976069,9777.892271545605
24,94,1.3701356406385095,1.400923270529769,1.4041465739640246,2.0300605911805354,1.3734928505320514,0.1401547614547601,1.0,1.0,0.5,0.5,0.8,188,83.79898150093555,9802.914957802332
24,95,1.3701253089503178,1.4000983826601532,1.4032912312954644,2.026255470476001,1.3736440820972933,0.14013780635830253,1.0,1.0,0.5,0.5,0.8,189,83.16276611553675,9808.688316153895
24,96,1.370042585239685,1.3989318376366995,1.4020841478046004,2.0337037152925785,1.3747469436165964,0.13997724675928716,1.0,1.0,0.5,0.5,0.8,190,82.11592084106421,9791.540353325932
24,97,1.3699766954698358,1.3996419906622504,1.4048957728532154,2.0662815611993572,1.3707305383517423,0.13984793270346865,1.0,1.0,0.5,0.5,0.8,193,78.46620052863739,9762.42507300552
24,98,1.3700048815664578,1.3991153121611872,1.4084933205940036,2.075146203914326,1.373481507296665,0.13991839053421576,1.0,1.0,0.5,0.5,0.8,197,86.1591634293636,9348.322558090158
25,0,0.9170709748475102,0.8387755084680849,0.832760729624666,0.482536727595232,0.0,0.0,0.0,0.0,0.5,0.5,0.8,1,13257.934649957177,164083.5992341523
25,1,0.9056514238344034,0.9222200761057623,0.913659366057945,0.5684480980958642,0.1505145784427438,0.00835054639965393,0.18123723425954463,0.0016731956159983501,0.5,0.5,0.8,2,12743.67513212305,146505.51596146805
25,2,1.3292693831696254,1.7113828691569917,1.7072047076513166,1.3531978074736561,1.028304723253212,0.05431435328238898,0.5795005162283506,0.6330845616988465,0.5,0.5,0.8,3,8882.350873756151,67162.12416000954
25,3,0.9744775742946257,1.4775695961925193,1.466741302749059,1.1535440862598554,1.086648441208877,0.05431435328238897,0.5795005162283495,0.6330845616988465,0.5,0.5,0.8,5,1203.434413901409,42166.13674750603
25,4,0.9734874862933928,1.4769133894345703,1.4660606632026008,1.1508029001154099,0.8262383664831604,0.05431435328238898,0.5795005162283486,0.6330845616988477,0.5,0.5,0.8,6,1204.9811839739998,40895.65073718331
25,5,1.4054056719261214,1.9193750554376399,1.9094866367471162,1.6048698536807917,1.4314711729558414,0.05433735548669205,0.9367481324549146,1.0,0.5,0.5,0.8,7,1445.920956748729,29334.448433033045
25,6,1.089264883698617,1.594645826524091,1.5806920882102449,1.2959003473831507,1.2523860694147875,0.039126866750559805,0.9796246115489644,0.6435679790357864,0.5,0.5,0.8,8,1215.8546039293783,40890.37289231234
25,7,1.0553451462346104,1.5037220879444202,1.4861200417402345,1.230029278795069,1.2452718303303523,0.02969802853697421,1.0,0.6453139169360058,0.5,0.5,0.8,10,1192.9119046256128,37495.00882260994
25,8,1.1449973434333707,1.5820683745005124,1.563919940628076,1.3090034712226357,1.1561680761071145,0.03502542669431402,1.0,0.7582247122307204,0.5,0.5,0.8,12,1014.16993487227,48184.91400648378
25,9,1.1463738303647804,1.5832626545076236,1.5651055628410186,1.3159583658810496,1.1260237150001278,0.0352688868835668,1.0,0.7598542116080041,0.5,0.5,0.8,14,990.2740699473396,48315.82692911702
25,10,1.3386370928140918,1.7694915282008883,1.7531124777904639,1.5186126678334377,1.3398375895890755,0.03928251757096425,1.0,1.0,0.5,0.5,0.8,16,816.5134196605329,4073555.849602715
25,11,1.34036504525876,1.7655816317084954,1.7468792457227216,1.5227481302552006,1.347858908652152,0.04490783396430088,1.0,1.0,0.5,0.5,0.8,17,809.3687574434817,1377204.417157903
25,12,1.3399912733361254,1.7369251025423287,1.7190417800451363,1.507908075309564,1.4033358198926016,0.054795694515859805,1.0,1.0,0.5,0.5,0.8,19,562.7281086417958,2611479.3079383774
25,13,1.3394464429579984,1.7337638872457926,1.7178351886290564,1.5128343323960718,1.336909610162593,0.054795694515859805,1.0,1.0,0.5,0.5,0.8,21,540.9722493404813,2613144.721840929
25,14,1.327188057001711,1.6791347997404684,1.661453911862403,1.447496592160599,1.5254931603894712,0.03947068144436093,1.0,1.0,0.5,0.5,0.8,22,312.506772880694,8398.237580360239
25,15,1.3246004948854895,1.62183687975238,1.601989331964056,1.4046203993774125,1.4476776278494672,0.04103186299593783,1.0,1.0,0.5,0.5,0.8,24,145.94621689052346,4755.299390879071
25,16,1.3242705390548908,1.6120520272929098,1.5918367927036112,1.4021325271245393,1.3421946728836776,0.04117460908579584,1.0,1.0,0.5,0.5,0.8,26,136.11136837088964,4019.9178521585272
25,17,1.3243234611055783,1.6086411769642746,1.5882916751520588,1.4053963845218842,1.3286833646970688,0.04155481810360931,1.0,1.0,0.5,0.5,0.8,28,127.15398140760108,3930.1975368165945
25,18,1.3256261557315816,1.6091630907389236,1.5887833277337657,1.400001621355803,1.325645446345932,0.04422020546366248,1.0,1.0,0.5,0.5,0.8,29,105.5760640101546,22692.053824946302
25,19,1.3241742029424444,1.605594160231151,1.5851323634657124,1.412115446920196,1.330350940839669,0.04147698541005785,1.0,1.0,0.5,0.5,0.8,30,126.53237198321312,3930.4889852785855
25,20,1.3254145220492428,1.5958659247083098,1.57498045263188,1.4064640966783997,1.3720530734980136,0.04473401761286216,1.0,1.0,0.5,0.5,0.8,31,81.63533180111038,169500.14594831815
25,21,1.3251515832925231,1.5938904743218438,1.5729389815595989,1.414077604370278,1.3260353244396355,0.04432144848933704,1.0,1.0,0.5,0.5,0.8,33,86.25186401306607,169122.74787745846
25,22,1.326360783677991,1.5969524219795428,1.5802138537280843,1.4479063014743057,1.324719987945877,0.04681546726193539,1.0,1.0,0.5,0.5,0.8,37,117.14210830372193,14957.510698856157
25,23,1.330672536362949,1.598072723075743,1.5874248342380788,1.4978729273060265,1.3323518247080177,0.05586652344369012,1.0,1.0,0.5,0.5,0.8,44,141.9872836494867,2099447.8489316697
25,24,1.3301441322844068,1.5897492127435018,1.5788020852081526,1.5083650391959535,1.3364535038188792,0.05526189470792932,1.0,1.0,0.5,0.5,0.8,48,136.90943849101623,1966637.9240163064
25,25,1.3269523657398734,1.5836405780499998,1.572581702816026,1.498902322542707,1.3310228425136463,0.04903603606054287,1.0,1.0,0.5,0.5,0.8,50,122.60091600945914,1217246.8545499444
25,26,1.3288819952638302,1.5190285809858006,1.507511211741574,1.4617059789875853,1.4791531660688713,0.05550182723547068,1.0,1.0,0.5,0.5,0.8,52,71.5340785356151,1959047.5877477005
25,27,1.3306567133374545,1.5174640896853933,1.503748588909709,1.4689824357969608,1.3384724228785503,0.05910390570761668,1.0,1.0,0.5,0.5,0.8,53,74.16585442630769,2055426.012704668
25,28,1.3286333321607953,1.5113248825695114,1.499525844812858,1.462146810298989,1.3517649171060964,0.05519447702192655,1.0,1.0,0.5,0.5,0.8,54,67.8105195793007,1960434.8305499328
25,29,1.3309028554718512,1.510059524054275,1.4960550437917575,1.4698576814228095,1.3397397907078856,0.05978732992148369,1.0,1.0,0.5,0.5,0.8,55,73.16901894400968,2065634.0392743845
25,30,1.3300595868998657,1.4846960502066098,1.4697671195103081,1.4542937422801077,1.437770963225697,0.05861962799506794,1.0,1.0,0.5,0.5,0.8,56,42.03112526397352,2085302.5588387544
25,31,1.3299664568195269,1.4720064332711518,1.4566034901280647,1.4466740757318837,1.3851127004544672,0.05865398564865045,1.0,1.0,0.5,0.5,0.8,57,40.93508701893527,2079786.998736504
25,32,1.3294400520050083,1.464638516219852,1.448978327661243,1.4400516320519716,1.3589150826947862,0.05770886315002627,1.0,1.0,0.5,0.5,0.8,58,38.150142142735,2084443.1589478943
25,33,1.3293843612747427,1.4603836809362591,1.4445656474418282,1.4437202769675888,1.3381000637115847,0.05766029011456727,1.0,1.0,0.5,0.5,0.8,60,35.75967241901583,2079353.3165976536
25,34,1.3293611773492255,1.4586737829169483,1.4427923938475966,1.4459228163242805,1.3362455461793266,0.05763834887124347,1.0,1.0,0.5,0.5,0.8,61,39.77756960326167,2082846.0789294504
25,35,1.3275944960318764,1.447583698835389,1.4334243311761532,1.449570384490604,1.336519372957512,0.054250159965834197,1.0,1.0,0.5,0.5,0.8,66,38.394411984557294,1595316.4850013624
25,36,1.3264872864885153,1.4392362634243863,1.4268774082219584,1.4679854257766283,1.3449520406878164,0.0521416311885229,1.0,1.0,0.5,0.5,0.8,68,28.4621450541163,1474551.3699005884
25,37,1.3264872865871495,1.4405636239057409,1.4303268677231282,1.487567080154621,1.3260710137768372,0.052141631256017076,1.0,1.0,0.5,0.5,0.8,70,28.46212813179696,1474551.3869184454
25,38,1.3264504527596759,1.4379259331942298,1.4275915738409573,1.4969016059766191,1.3318564720942518,0.052098729102430706,1.0,1.0,0.5,0.5,0.8,72,32.4204600459292,1474651.2503289697
25,39,1.3265844906145157,1.4365490208200167,1.4282302528260011,1.5222713852988345,1.329285003266285,0.05239861516068887,1.0,1.0,0.5,0.5,0.8,76,29.49692634521137,1477109.5448413673
25,40,1.3266072535830413,1.4378011001535032,1.4316007527406238,1.5340365572164023,1.3264386524919018,0.052445239012551735,1.0,1.0,0.5,0.5,0.8,78,29.4921465643783,1477070.017532893
25,41,1.3279685709105218,1.4199715161598034,1.4109792543688575,1.4952499100646686,1.4063169441240397,0.055350532058035404,1.0,1.0,0.5,0.5,0.8,79,19.51454475005046,2367367.959333978
25,42,1.3282105168269753,1.4177563118301317,1.408671962130953,1.5133900790629478,1.3333364084554578,0.05585706658751072,1.0,1.0,0.5,0.5,0.8,81,18.78451568878902,2368871.639343951
25,43,1.328090929236013,1.4062965854645422,1.394714985290698,1.499730131437919,1.3718953485183334,0.055704504790434387,1.0,1.0,0.5,0.5,0.8,82,16.896373766228553,2377190.2107074363
25,44,1.328076318431546,1.4070386269322377,1.3975577229788605,1.5155466577609094,1.329094711098136,0.05567996028798178,1.0,1.0,0.5,0.5,0.8,84,17.06019254646377,2376612.027711808
25,45,1.3283294565317125,1.4060635295478776,1.3965366291403976,1.5311357935441734,1.3307988250644291,0.05619621178417158,1.0,1.0,0.5,0.5,0.8,86,16.70524799219,2378204.459579504
25,46,1.3285123487376653,1.4073553585125178,1.3999424123577013,1.5383518632024382,1.3285326481932427,0.0565638351879029,1.0,1.0,0.5,0.5,0.8,90,17.809503686566547,2360168.1349516204
25,47,1.3281659363009646,1.4047896879034731,1.399365981574709,1.5515045653676078,1.335728021774226,0.05589899362240876,1.0,1.0,0.5,0.5,0.8,92,18.57100029003993,2366421.8725635386
25,48,1.3281644667988326,1.4057357598194402,1.4024199445118999,1.5840619771584277,1.3287828633151373,0.055898993622408744,1.0,1.0,0.5,0.5,0.8,94,18.427262617943487,2366535.7140882285
25,49,1.3282225131894656,1.402053711969359,1.3965254242140968,1.5739030794626419,1.3333514897273624,0.05603363988882796,1.0,1.0,0.5,0.5,0.8,96,16.69481651075041,2367798.531560988
25,50,1.326229167201963,1.402178156689793,1.4008739706813378,1.5889657112112932,1.3263129311482622,0.052050886885902516,1.0,1.0,0.5,0.5,0.8,104,25.77025759215384,2346257.9965442186
25,51,1.327464323374555,1.3947627514973227,1.3848450494047857,1.5966198907095537,1.3346172528244704,0.05454587922714408,1.0,1.0,0.5,0.5,0.8,106,15.333091082848012,2571606.44639411
25,52,1.3274639692318635,1.3973193249249751,1.391642178753974,1.5447010975864561,1.3274159704725979,0.05454587922714406,1.0,1.0,0.5,0.5,0.8,109,15.363925983459096,2571575.0379047967
25,53,1.32808064991162,1.3994565204017273,1.4021258947479185,1.6634851152839558,1.3446899304787217,0.05580641785852116,1.0,1.0,0.5,0.5,0.8,110,16.30213952950437,2359330.097158722
25,54,1.3280300564849945,1.3944475275252624,1.396931304475933,1.6713887883669074,1.3387018589041024,0.055738794925142866,1.0,1.0,0.5,0.5,0.8,112,15.905937384614775,2359152.016267711
25,55,1.3280405894748606,1.3950780851386515,1.3996574898214562,1.6777697555609807,1.329436280706244,0.05576454017019676,1.0,1.0,0.5,0.5,0.8,114,15.873332405384357,2355747.810013856
25,56,1.3280411546928854,1.3950304851035114,1.3996080697317117,1.6914523960621102,1.3279536026700256,0.05576598882364862,1.0,1.0,0.5,0.5,0.8,117,16.01090851291415,2356302.3786559617
25,57,1.3271109727977655,1.3898851817535292,1.3880877434596577,1.6765826949991685,1.327099174914524,0.053907152884253726,1.0,1.0,0.5,0.5,0.8,124,18.87396136735152,2739952.48801348
25,58,1.3267798126077524,1.3877474390364695,1.385882382935342,1.6828413209760118,1.3345668501055243,0.053256602188954595,1.0,1.0,0.5,0.5,0.8,125,18.427518262578133,2741297.5941200526
25,59,1.3267798125959953,1.389074758966049,1.3893317873178324,1.700789303658655,1.3266283493584905,0.053256602166078325,1.0,1.0,0.5,0.5,0.8,128,18.42751828632265,2741297.5960639445
25,60,1.327088311916139,1.3880617938162787,1.3924142305497056,1.8011812280164632,1.3279770812593028,0.05389875993645192,1.0,1.0,0.5,0.5,0.8,145,16.79788853324999,2741775.7809704267
25,61,1.327068807017218,1.3869865009089895,1.3912994314490539,1.79606490171442,1.3315726425641228,0.053866263712809746,1.0,1.0,0.5,0.5,0.8,146,17.06913141984007,2740788.0101425583
25,62,1.3270683923918578,1.3879069518329692,1.3943267769448529,1.8062144636309754,1.3287199876188538,0.05386792333537138,1.0,1.0,0.5,0.5,0.8,147,16.70070505921686,2741162.5092655136
25,63,1.3450787834917128,1.4082163692318233,1.420939513457868,1.864663694552285,1.3486474094226675,0.08989890073685329,1.0,1.0,0.5,0.5,0.8,149,15.59691415112962,2743048.297956731
25,64,1.3270074132154828,1.3880961093811621,1.4007425730327512,1.852990908876852,1.3298787849596652,0.05376834168297406,1.0,1.0,0.5,0.5,0.8,152,15.532082871312417,2719185.6918738848
25,65,1.3270096782536502,1.3883648123818566,1.4030936673778263,1.8693149907852198,1.3292206107736333,0.05377908100122343,1.0,1.0,0.5,0.5,0.8,154,15.625089948588364,2722711.423250349
25,66,1.326980528202235,1.3868902933629492,1.39949263012394,1.928740257211143,1.3268971229901592,0.053721484370565876,1.0,1.0,0.5,0.5,0.8,169,16.971588821299786,2737826.838029257
25,67,1.3270260498452782,1.3880407843796632,1.402756899464226,1.9481846794575506,1.3272292142276578,0.053813804077823824,1.0,1.0,0.5,0.5,0.8,172,16.58495368755179,2720859.3433988616
25,68,1.3270255555316413,1.3891967614449938,1.4060285816923677,1.9719648809440964,1.327281044092493,0.053813804077823824,1.0,1.0,0.5,0.5,0.8,174,16.622500273276213,2720812.9917828585
25,72,1.326811966403119,1.3840901471063307,1.3965940440123825,1.982544950583286,1.3267857732634596,0.053399443573461144,1.0,1.0,0.5,0.5,0.8,189,16.229281801114542,2741101.2326099207
25,74,1.326830007709633,1.3844208490836163,1.401081339302798,2.0020572155684935,1.3270058877933733,0.05344863092681988,1.0,1.0,0.5,0.5,0.8,194,15.354834606596194,2741850.442525519
26,0,0.5016894984609238,0.7725960037575533,0.7641123075215799,0.4210106761251869,0.0,0.0,0.0,0.0,0.5,0.5,0.8,1,26531.05695083276,140195.75731795054
26,1,1.8542935505994287,2.1535394365204796,2.1435234892011703,1.8037597126905827,1.3786667379171367,0.13291882072912908,1.0,1.0,0.5,0.5,0.8,2,15993.303867818917,161249.52647437155
26,2,1.796328968625697,2.1323494066491504,2.1217816456161236,1.7875880660060584,1.4087557524270904,0.12012153379298722,1.0,1.0,0.5,0.5,0.8,3,14005.534148890723,165493.05126384654
26,3,1.7522105217862458,2.1184870017904993,2.109942630674408,1.777403527536587,1.380262722163056,0.1094504400297313,0.9855845592656298,1.0,0.5,0.5,0.8,4,10062.444116829163,158304.2258657997
26,4,1.6101148863977164,2.0848319903102936,2.0745676686591885,1.7576518581228693,1.5696155209729894,0.11993093727663151,1.0,1.0,0.5,0.5,0.8,5,9638.224411218958,52499.10090073368
26,5,1.5053611945961478,2.010132653409879,1.999183259297504,1.7088788787241318,1.4762064343479269,0.11836819282923153,1.0,1.0,0.5,0.5,0.8,7,11733.626166757957,53281.450351135616
26,6,1.427077920552493,1.9338714651501998,1.9200452944152677,1.6532673020560975,1.529683609757075,0.12007222732756857,1.0,1.0,0.5,0.5,0.8,9,2728.4743180049045,48888.35897922426
26,7,1.4160078826349178,1.9190910116226816,1.9109057643864662,1.6640774720136857,1.4026206313215757,0.12143664349790484,1.0,1.0,0.5,0.5,0.8,11,3345.179533663199,55387.59455471119
26,8,1.412432045097046,1.9168125806896166,1.902298158290499,1.654557152254199,1.3789543010873693,0.12285320744543371,1.0,1.0,0.5,0.5,0.8,13,2373.376258802205,63871.36101104827
26,9,1.3782269736981307,1.8007314687319995,1.7901585380437575,1.5707355059337214,1.6089568287667437,0.12383281925888348,1.0,1.0,0.5,0.5,0.8,15,616.2890823114512,91669.62322735893
26,10,1.3692147922847204,1.7406555032787272,1.7217025243217685,1.5041665608240269,1.4779953723306067,0.11960151342087051,1.0,1.0,0.5,0.5,0.8,17,688.8035114923108,65765.67365575429
26,11,1.368894863289399,1.7374617465499103,1.7183903236629194,1.5098317037637572,1.3667376899738768,0.11956348895842658,1.0,1.0,0.5,0.5,0.8,19,689.4036724205989,65679.27763680178
26,12,1.3680765009806106,1.7322950757998132,1.7192488307534746,1.5327403736989142,1.3797986097456185,0.11955560130115588,1.0,1.0,0.5,0.5,0.8,21,525.4837033732472,62455.78644977155
26,13,1.3667464010680013,1.7250969117430675,1.7180167805721975,1.5400281363893875,1.3831046123151296,0.11864553726122332,1.0,1.0,0.5,0.5,0.8,23,292.67713457501526,52515.25150662632
26,14,1.3667330374081872,1.7262397646732395,1.7212748596472711,1.5597835568305138,1.3597068284979064,0.11864553726122332,1.0,1.0,0.5,0.5,0.8,25,292.58688202435866,52518.67712029789
26,15,1.3681419414443639,1.7136591171157103,1.7081329046961073,1.586484127087663,1.383589821789085,0.12357480556488229,1.0,1.0,0.5,0.5,0.8,28,1523.7410959881993,3044452042.337336
26,16,1.368141941535059,1.713659117123669,1.7081329047040663,1.5864841271004142,1.3617876398208226,0.12357480558079983,1.0,1.0,0.5,0.5,0.8,29,1523.7410878620017,3044452042.3661747
26,17,1.3675958118188323,1.706216617855011,1.700415829234346,1.579764124893,1.3939257420133324,0.12341184616466752,1.0,1.0,0.5,0.5,0.8,30,1622.977704211552,3044147258.137847
26,18,1.3670560974627488,1.6971657788937653,1.691000008122848,1.5965005794019151,1.4137896112245008,0.12487533728974583,1.0,1.0,0.5,0.5,0.8,32,1515.0154148607749,3047026522.223237
26,19,1.3703856526015399,1.6853863097580586,1.6807242930601143,1.6141350917424542,1.3690814575984658,0.1318094359152585,1.0,1.0,0.5,0.5,0.8,36,1686.925338693832,33757305304.81783
26,20,1.3699570516171378,1.6805009490912497,1.675664717103353,1.6169964304070983,1.3759165174076102,0.13137840005040005,1.0,1.0,0.5,0.5,0.8,38,1705.659724406015,33756828757.199528
26,21,1.3684643185928844,1.6707017528521306,1.6676122444790318,1.6181869828824615,1.4090150388587106,0.12925179604869305,1.0,1.0,0.5,0.5,0.8,39,1739.2138936598428,33756990859.45644
26,22,1.3683282037170819,1.668518123598579,1.6674197626167986,1.626323836824465,1.372160128584158,0.12925179604869305,1.0,1.0,0.5,0.5,0.8,41,1717.983214262732,33757101188.74682
26,23,1.36800605786136,1.6622936412457467,1.6568250495065926,1.6302445022369345,1.371827230205021,0.12886569384409735,1.0,1.0,0.5,0.5,0.8,43,1585.4035917932945,33754660738.90637
26,24,1.3684364884727054,1.662365694168433,1.6589539936598698,1.6402558604717563,1.3687628672883276,0.12985703552584435,1.0,1.0,0.5,0.5,0.8,45,1365.7509809366816,33758874498.235443
26,25,1.3774745321203898,1.6380310800962057,1.6312628775753433,1.5684029940187543,1.52013405444095,0.15001498484047668,1.0,1.0,0.5,0.5,0.8,46,10445.102194313493,4.258396575606977e+27
26,26,1.3773787577455354,1.629666101403086,1.6225813529682134,1.5680395732604007,1.3936828634791172,0.15025356205664758,1.0,1.0,0.5,0.5,0.8,48,10347.289972088667,4.258396575607045e+27
26,27,1.3773148986771826,1.6282961685293917,1.6232328724046132,1.5769560724298362,1.3809552658145348,0.15025356205664755,1.0,1.0,0.5,0.5,0.8,50,10396.987473427747,4.258396575606995e+27
26,28,1.3772658962671178,1.6265339371893681,1.6193338520275038,1.5842720714744725,1.3768288778236395,0.1501743468821943,1.0,1.0,0.5,0.5,0.8,51,10349.145987834869,4.258396575607039e+27
26,29,1.3772913406353555,1.6221733559470737,1.6168772359907326,1.57873447467139,1.4008476244689463,0.15049295907402782,1.0,1.0,0.5,0.5,0.8,52,10302.3543463589,4.2583965756070623e+27
26,30,1.377241098205312,1.6203315674749499,1.6128955910116627,1.5860873495527732,1.3772897782721896,0.1504135774945219,1.0,1.0,0.5,0.5,0.8,53,10254.804050295465,4.258396575607105e+27
26,31,1.3773249443394073,1.6183253193968972,1.612881222401692,1.5825642024357536,1.390665124930591,0.15073318012540235,1.0,1.0,0.5,0.5,0.8,54,10210.83841533834,4.2583965756071294e+27
26,32,1.3773211765702085,1.6194759900989384,1.6161472871334246,1.5940302101331796,1.3757530093783181,0.15073318012540232,1.0,1.0,0.5,0.5,0.8,56,10201.172788932628,4.258396575607138e+27
26,33,1.3771704535319875,1.617183456351122,1.6117016419062309,1.5968460232839503,1.3788788215843026,0.15046708728159638,1.0,1.0,0.5,0.5,0.8,57,10249.563820200734,4.258396575607134e+27
26,34,1.3787431364230869,1.6177628522801584,1.612243164092047,1.604924155240339,1.3812735626148145,0.15365517828533254,1.0,1.0,0.5,0.5,0.8,58,10239.692617122317,4.965384923822373e+27
26,35,1.377004420842403,1.61395563124434,1.608357238415147,1.609382604620068,1.38438271945913,0.15026524949764927,1.0,1.0,0.5,0.5,0.8,59,10308.396778505748,4.258396575607161e+27
26,36,1.3791933605525186,1.6180412504252621,1.6208012134062888,1.6551962177410355,1.3926470520017842,0.1547834415472154,1.0,1.0,0.5,0.5,0.8,60,10702.864277124025,6.244930721246748e+27
26,37,1.378555201166713,1.60539027990596,1.6056219244674392,1.6531628107206144,1.4246569751693423,0.15391548066062558,1.0,1.0,0.5,0.5,0.8,61,10781.791020060557,6.24493072125168e+27
26,38,1.378750304686542,1.5986129884184865,1.5985800043355736,1.647085104467045,1.4083469359202918,0.15454865488480302,1.0,1.0,0.5,0.5,0.8,62,11641.941813368498,6.24493072125245e+27
26,39,1.3787503046858884,1.5986129884184865,1.5985800043355736,1.6509833219799221,1.3772745037102254,0.15454865488480304,1.0,1.0,0.5,0.5,0.8,63,11641.94181430641,6.24493072125245e+27
26,40,1.4011885004765392,1.6162254607886857,1.613937697422056,1.6741693458467495,1.4153434622096874,0.19954046759206762,1.0,1.0,0.5,0.5,0.8,64,10828.564806077977,8.826758275591217e+28
26,41,1.3786074948404434,1.5931574730378852,1.5929230147060185,1.653859810533108,1.3853033929687766,0.1544367620299469,1.0,1.0,0.5,0.5,0.8,65,11685.444327542393,6.244930721252399e+27
26,42,1.3780888059726482,1.5917635351427888,1.5914959179664336,1.6603601888184358,1.378691793379386,0.15342753060651673,1.0,1.0,0.5,0.5,0.8,67,11090.67128729356,6.244930721251455e+27
26,43,1.3781650394962601,1.5864771667497126,1.5860064316948326,1.6625496731591198,1.3847975175493514,0.15374385635650428,1.0,1.0,0.5,0.5,0.8,70,10729.72437142286,6.244930721225125e+27
26,44,1.376568377444519,1.5737748646373801,1.5853156545017697,1.7201538725354157,1.4179685153776316,0.15106766180544462,1.0,1.0,0.5,0.5,0.8,72,10619.742026782573,4.85861237885166e+27
26,45,1.376533511896191,1.5721270565563072,1.5856789330378942,1.730554147170309,1.3819439675818908,0.1510676618054446,1.0,1.0,0.5,0.5,0.8,74,10664.104645935802,4.8586123788516106e+27
26,46,1.368241225752282,1.5598398720622741,1.5732410059977133,1.746572470133593,1.3849892983175962,0.13457605879853424,1.0,1.0,0.5,0.5,0.8,75,10578.2991291671,4.858612378818972e+27
26,47,1.3680887814859426,1.5497416370420023,1.5627676965682389,1.7454419562591899,1.3892626542818505,0.13448673597971847,1.0,1.0,0.5,0.5,0.8,77,10650.448107687973,4.858612378819217e+27
26,48,1.3680484136028186,1.546666508756633,1.5616502790163946,1.7509160960576229,1.386542516076962,0.13449380514122428,1.0,1.0,0.5,0.5,0.8,78,10769.563332359594,4.8586123788183097e+27
26,49,1.367939247685658,1.5378604940144984,1.5525167774390614,1.7604574182813573,1.3864454630934988,0.13443927607792056,1.0,1.0,0.5,0.5,0.8,80,10795.02933219496,4.85861237881833e+27
26,50,1.3764319235986233,1.5440634888402025,1.5586335878228466,1.735981584697236,1.3858671468156776,0.15146544738437148,1.0,1.0,0.5,0.5,0.8,81,10899.309270046222,4.858612378852624e+27
26,51,1.3675237869327677,1.535628540679868,1.5543607278880975,1.7571263042846814,1.376466721123943,0.1336870692632531,1.0,1.0,0.5,0.5,0.8,82,10894.813118593898,6.244930721203266e+27
26,52,1.3674668400316907,1.5226892975077715,1.5409370158715339,1.7484254335849694,1.4237691650015192,0.13378084133279494,1.0,1.0,0.5,0.5,0.8,83,10813.86905929088,6.244930721208477e+27
26,53,1.3776943615882677,1.5241895192025994,1.540037083102522,1.7194319649309562,1.3934962597733702,0.15434340289467524,1.0,1.0,0.5,0.5,0.8,85,10975.42695854893,6.244930721248461e+27
26,54,1.3777101055995158,1.5232038340674459,1.5410860139148104,1.7428367633163662,1.3823387314248379,0.15440708370581097,1.0,1.0,0.5,0.5,0.8,87,10914.465320489044,6.244930721248417e+27
26,55,1.3777113575487734,1.5226055794815885,1.5404652312392968,1.7464064993792265,1.3798518180288486,0.15441775192918325,1.0,1.0,0.5,0.5,0.8,88,10933.768168279645,6.24493072124845e+27
26,56,1.3674952101680677,1.510660459115102,1.5284551763493013,1.768674737925901,1.37462931351007,0.13400872855372178,1.0,1.0,0.5,0.5,0.8,89,10987.77400238273,6.244930721212994e+27
26,57,1.3773869217442334,1.5194418427070837,1.539267094981843,1.768083402824196,1.3790642011723253,0.15382431024695095,1.0,1.0,0.5,0.5,0.8,94,11135.705716896777,6.244930721248248e+27
26,58,1.3674728521004367,1.5090286627582032,1.5309074615604459,1.7950320439883798,1.3696898860848976,0.1340196885752714,1.0,1.0,0.5,0.5,0.8,97,11009.750431484606,6.244930721212477e+27
26,59,1.3773420678184154,1.517030694926748,1.536767157101547,1.7700531855241262,1.37927102849131,0.15376502257765196,1.0,1.0,0.5,0.5,0.8,98,10967.512779726654,6.244930721248103e+27
26,60,1.3674026624093667,1.506780737744007,1.5285777967632392,1.7929970057776874,1.3741617325963458,0.13390681361090032,1.0,1.0,0.5,0.5,0.8,99,11083.456971111991,6.244930721212203e+27
26,61,1.3770174839590643,1.5078782297117237,1.5210664910423182,1.7286035147281997,1.3907258332185108,0.15317589232227594,1.0,1.0,0.5,0.5,0.8,100,11301.249038723156,6.244930721233687e+27
26,62,1.376940628113663,1.5033380891139472,1.516358853744855,1.736379441520724,1.3962037270724312,0.1530749499708698,1.0,1.0,0.5,0.5,0.8,101,11363.664444726215,6.244930721235137e+27
26,63,1.3769297205388527,1.5024377257320563,1.517497405275151,1.743414861428143,1.3814217620598295,0.15307846773872866,1.0,1.0,0.5,0.5,0.8,103,11309.706587888271,6.244930721235098e+27
26,64,1.367283384199269,1.4897616640033082,1.5047076979489962,1.777981486576167,1.3802541724410364,0.13381950757492234,1.0,1.0,0.5,0.5,0.8,104,11337.539542949571,6.244930721226008e+27
26,65,1.3774146099850946,1.4977694788083515,1.5147081556851738,1.754795494455856,1.3922546678986107,0.15411911414307794,1.0,1.0,0.5,0.5,0.8,105,11295.680853494176,6.244930721237384e+27
26,66,1.367286130652987,1.4805556039322234,1.495156269808451,1.7593162308576682,1.3923113871364472,0.13392132945672366,1.0,1.0,0.5,0.5,0.8,106,11276.255917210196,6.244930721226064e+27
26,67,1.3674248765907322,1.4800068915463482,1.49458179397827,1.7724702241255028,1.3686177617036595,0.13420566548294677,1.0,1.0,0.5,0.5,0.8,108,11316.426357560533,6.244930721226054e+27
26,68,1.3673889007638882,1.4802117708536526,1.496868041030508,1.7935077581965846,1.3694614641141136,0.1341444134690714,1.0,1.0,0.5,0.5,0.8,110,11265.049443949336,6.244930721225898e+27
26,69,1.3671557186819032,1.4801944772539573,1.4989311535591014,1.7964930258540974,1.3692903668097924,0.13368888178643318,1.0,1.0,0.5,0.5,0.8,112,11251.47393135776,6.244930721225886e+27
26,70,1.3768727375277008,1.4925829765716778,1.5176368236176772,1.80924963659214,1.3823353649837173,0.15313553723100604,1.0,1.0,0.5,0.5,0.8,113,10922.305273787031,6.244930721247818e+27
26,71,1.3768718300397436,1.4923919069866627,1.5174386072278603,1.8090756830821684,1.3769857736011621,0.15313553723100598,1.0,1.0,0.5,0.5,0.8,115,10916.550012843089,6.244930721247825e+27
26,72,1.3766715429559986,1.4918825694967044,1.5169177028101692,1.808598225022157,1.3770492091717936,0.1527379092889215,1.0,1.0,0.5,0.5,0.8,117,11154.268438981646,6.24493072124769e+27
26,73,1.3767515414666889,1.4915523691460733,1.518644517353144,1.8282075092106187,1.380280611561244,0.1529142937238151,1.0,1.0,0.5,0.5,0.8,119,11028.46273206785,6.244930721247658e+27
26,74,1.376626135229929,1.4855096299747765,1.5123799986686326,1.826969941628419,1.4023939024070071,0.1527171754925838,1.0,1.0,0.5,0.5,0.8,120,10991.985548946644,6.244930721247534e+27
26,75,1.376565676281473,1.4842291655146418,1.5131261884205394,1.8414911171167205,1.379110991689144,0.15261839913868416,1.0,1.0,0.5,0.5,0.8,124,11055.345765461185,6.244930721247434e+27
26,76,1.3765853016601186,1.4854527704397698,1.5164672536046306,1.8709340047160492,1.3766005174554807,0.15265870741132603,1.0,1.0,0.5,0.5,0.8,126,11049.384604137618,6.244930721247456e+27
26,77,1.3768721436234752,1.4841481854980862,1.5130306879526803,1.8709832359223202,1.3771972576068152,0.15323465171259315,1.0,1.0,0.5,0.5,0.8,128,10963.749138765455,6.244930721247754e+27
26,78,1.3671986069953168,1.472326726700395,1.4990563523092661,1.921511563853372,1.3679635985798393,0.13389458714621846,1.0,1.0,0.5,0.5,0.8,131,10975.068743300924,6.24493072121299e+27
26,79,1.3670034476050636,1.4717488512062717,1.4984641400848846,1.9233215893156916,1.3689706347294162,0.1335074892097527,1.0,1.0,0.5,0.5,0.8,132,11126.434342843238,6.244930721213016e+27
26,80,1.3671530706406445,1.4705540885528963,1.499291416922734,1.937940467818285,1.372587520965466,0.13382898895831227,1.0,1.0,0.5,0.5,0.8,134,10983.044043833685,6.244930721213052e+27
26,81,1.3671188275275439,1.4687683617420728,1.4995124565066242,1.9702136481688206,1.3679680382848725,0.13378541628585316,1.0,1.0,0.5,0.5,0.8,147,11010.017365161097,6.244930721212793e+27
26,82,1.366926051465496,1.470236826934493,1.5051878882752003,2.0129644831417197,1.3688979308401303,0.13340777342442928,1.0,1.0,0.5,0.5,0.8,149,11168.94062284113,6.244930721070184e+27
26,83,1.3672110944954836,1.4701733586963672,1.5071837990708805,2.0309690511919216,1.3743377168952404,0.1339909174708227,1.0,1.0,0.5,0.5,0.8,150,11029.092085191674,6.244930721070273e+27
26,84,1.3773057471955146,1.4771657012693777,1.509915154920551,1.9441532985396892,1.3777551455990698,0.15418372361294483,1.0,1.0,0.5,0.5,0.8,153,11111.70744364801,6.244930721105248e+27
26,85,1.3671569788917413,1.468635403552403,1.5055902370391898,2.041022233131618,1.3714823690334343,0.13389410485080475,1.0,1.0,0.5,0.5,0.8,154,11182.937183085902,6.24493072107009e+27
26,86,1.3770951319647744,1.4753045650571552,1.510064594971569,1.9887768882851848,1.3811616554324668,0.15378509791092324,1.0,1.0,0.5,0.5,0.8,156,11111.67735638988,6.244930721105171e+27
26,87,1.3770064071469563,1.4684513747731907,1.5050305573280107,1.9897708985432443,1.385727084082143,0.15366584282564552,1.0,1.0,0.5,0.5,0.8,160,11058.256646532484,6.244930721105111e+27
26,88,1.377015813523108,1.4683567954191479,1.5049320691127606,1.9896868892815127,1.3769952367072258,0.15368537406922378,1.0,1.0,0.5,0.5,0.8,163,11035.853201058288,6.244930721105139e+27
26,89,1.3770331036161694,1.4646176436956135,1.5010523193932261,1.9863141190802909,1.3851222332276107,0.15374534702057308,1.0,1.0,0.5,0.5,0.8,165,11070.080971278274,6.244930721105097e+27
26,90,1.3769589858995968,1.4645432838297276,1.5009779478519696,1.9947470097580626,1.3767989412322237,0.15359711336788096,1.0,1.0,0.5,0.5,0.8,169,11119.277114558174,6.244930721105096e+27
27,0,0.9372206375582429,0.8668077401847546,0.8586257219097847,0.5103554950616105,0.030569645527253938,0.06088099115512343,7.354376388012999e-05,0.0001154725846902,0.5,0.5,0.8,1,13285.392556290702,163435.0229973721
27,1,1.057974543899003,1.3249778906187943,1.3151468380295182,0.9746853164261406,0.7710873755833629,0.00694198979736844,1.0,0.03683952174587175,0.5,0.5,0.8,2,12680.763594581496,161249.52647437155
27,2,0.9715879043237823,1.3683590434516537,1.3595027002239524,1.0247981154371135,0.6844831663410994,0.01082797461161231,1.0,0.12542095285477922,0.5,0.5,0.8,4,10119.533826466764,72671.2836756909
27,3,1.2326119071042894,1.675652472526089,1.6673703267249502,1.3379902524488299,1.0119390536740422,0.01083742173694059,1.0,0.5597368163178426,0.5,0.5,0.8,6,7084.076533840936,54911.47766518387
27,4,0.8091701149435242,1.2895157204708594,1.2797906327126596,0.956980789055482,0.7440438764925132,0.01082797461161231,1.0,0.12542095285477872,0.5,0.5,0.8,7,5391.005392756073,47472.27116797124
27,5,0.8450278050186613,1.356279757008749,1.3469281843947203,1.0549171647513604,0.8207038890826619,0.01761611116588254,1.0,0.26156208362765254,0.5,0.5,0.8,9,3690.234767120777,36753.56726036038
27,6,1.390275047096261,1.9022608445889246,1.8892522295244503,1.6142157886614135,1.4875746229737028,0.013020587459361249,1.0,1.0,0.5,0.5,0.8,10,3842.41479636316,1416345.2211779817
27,7,1.0013019812957482,1.508955971170447,1.4972284951666879,1.2138780129692175,1.0323447634557752,0.022498631232688977,1.0,0.5289637826747762,0.5,0.5,0.8,11,2253.6519450787173,26924.255927089325
27,8,0.8566104061882006,1.3348621115503685,1.322954479996696,1.0596229321446655,0.9558835560171888,0.02177103252593102,1.0,0.38728098460862526,0.5,0.5,0.8,13,1859.844546520599,16202.25936095243
27,9,0.957246950160148,1.3609097605649152,1.347432572826897,1.1081327860923575,1.166407272182423,0.02325118975856644,1.0,0.5409531956166166,0.5,0.5,0.8,15,555.194491364894,18753.036719274307
27,10,1.2188176292896862,1.5839448176420023,1.5709349550101945,1.3485633680731692,1.3026707927095957,0.03847244509828552,1.0,0.8640200028370995,0.5,0.5,0.8,17,415.08152775424537,18991.895013677484
27,11,1.214592882126734,1.5770732672224455,1.5660242945883147,1.358324897240475,1.215616293783822,0.03871677158706652,1.0,0.8590197582746013,0.5,0.5,0.8,19,424.7040380269103,17879.13338350239
27,12,1.2574388413822928,1.5991273441047658,1.587240856030974,1.3891017191255095,1.300413752398806,0.03905505786187233,1.0,0.9144383846732069,0.5,0.5,0.8,21,335.35040970523613,20103.52683278712
27,13,1.2176140748927757,1.5512535101465081,1.5390466781589025,1.3453069700234863,1.2305298574044015,0.03809343407216776,1.0,0.8659306445777968,0.5,0.5,0.8,23,294.93279224116304,18939.68034475505
27,14,1.2275520104113864,1.5433861725439069,1.5304766072662246,1.3457676131060077,1.2639548877063567,0.037819207925293356,1.0,0.8798139396156239,0.5,0.5,0.8,25,240.870912246992,18255.386565257188
27,15,1.176157669335178,1.486871828855167,1.473761517025936,1.2962623145719618,1.183403629635249,0.03674435799257681,1.0,0.8165688092151528,0.5,0.5,0.8,27,227.47122819688832,16560.138678078096
27,16,1.15935552333843,1.4657111750647445,1.4524303535342824,1.2820371042164198,1.165069843894491,0.03604450668583401,1.0,0.796267739631673,0.5,0.5,0.8,29,213.0575246917916,16319.276341597571
27,17,1.0011187409111901,1.3064952327136399,1.2931762322581368,1.1326261328376583,1.001207488308098,0.03186131334486933,1.0,0.6011421132418465,0.5,0.5,0.8,30,173.80485802108493,15782.382289608406
27,18,1.0691303205646003,1.371905447117551,1.360555258577829,1.2001608745224712,1.0830236223360896,0.03322087769010021,1.0,0.6855313278180225,0.5,0.5,0.8,31,182.98253414848355,13525.560079859692
27,19,1.078298795545404,1.3743252580193712,1.366853533909055,1.2381814201821464,1.0960734356120434,0.03010063363862018,1.0,0.6994418964643083,0.5,0.5,0.8,33,187.6461279229687,8424.6156654365
27,20,1.0782674852686744,1.3719819873309698,1.3644205448489837,1.2500740513061457,1.0851944757474519,0.03002562828569146,1.0,0.6995648703612549,0.5,0.5,0.8,34,181.02722451858108,8539.726978706249
27,21,1.0877892601303194,1.3666078882899253,1.3626107685582993,1.2543553028308425,1.1708492259913914,0.03377319169232526,1.0,0.7099686384572508,0.5,0.5,0.8,35,142.1807994904465,5380.114701188392
27,22,1.067756508951798,1.3096220475546803,1.3042108114340396,1.2118713567087256,1.1457969114464697,0.0314488243298518,1.0,0.6875695241926081,0.5,0.5,0.8,37,155.38665299136554,6630.399484015303
27,23,1.0876471551072995,1.3278502255389504,1.3244471865626197,1.2436304939464269,1.0923554377450349,0.03239233983327617,1.0,0.7119233418648138,0.5,0.5,0.8,39,138.6325335144086,6392.663573842407
27,24,1.0876293624602054,1.326988285810406,1.3235530683842631,1.2464885347079298,1.0894785007603272,0.03239233983327617,1.0,0.7119233418648131,0.5,0.5,0.8,40,136.00666425404765,6396.602413893439
27,25,1.0588905471133379,1.2928401367377522,1.2912706053890548,1.2300613398714724,1.0873377664233983,0.03315363357809177,1.0,0.675696619441813,0.5,0.5,0.8,41,92.85737297302823,5631.7315224447975
27,26,1.0553385523532972,1.2887066004675902,1.2871149268375324,1.2333854335687233,1.0562186438088061,0.03331467310972336,1.0,0.6711704212602588,0.5,0.5,0.8,42,91.35055624413285,5442.4505004953935
27,27,1.0838529862313753,1.3145717064506817,1.314950890338237,1.2620381537772571,1.0998625822850407,0.033154414222961545,1.0,0.707008671028561,0.5,0.5,0.8,43,64.16777555944712,6759.721783093328
27,28,1.0467746821549626,1.261348668399727,1.259043369075421,1.2152940604816358,1.0673605330304488,0.03283817985280956,1.0,0.6611810444043552,0.5,0.5,0.8,46,71.74994987087588,5440.388598563904
27,29,1.3196417956312871,1.5200806421228756,1.5110244497014318,1.504930129632233,1.3248567528655462,0.03677373432694867,1.0,1.0,0.5,0.5,0.8,53,293.119417036715,23703094.784577467
27,30,1.3196089657933487,1.52170795386941,1.5189302497940103,1.5452332713749724,1.3234732902731379,0.03677373432694867,1.0,1.0,0.5,0.5,0.8,55,292.35642396140133,23706262.53340091
27,31,1.3209228126189052,1.5070700261110788,1.4974735039656986,1.508121889328947,1.3729908977521328,0.039720547100079,1.0,1.0,0.5,0.5,0.8,56,318.770420915082,23333528.32384353
27,32,1.3210240311271084,1.4941121590686666,1.4840227409005313,1.5038594842081485,1.34904736751023,0.04022904396017491,1.0,1.0,0.5,0.5,0.8,58,315.67415854508414,23321691.787319627
27,33,1.3199931406637786,1.4824091093195038,1.4719174216404958,1.500616989905673,1.3428094158010495,0.03838865297618464,1.0,1.0,0.5,0.5,0.8,60,335.4070296676963,23332498.557764445
27,34,1.320490546318957,1.479726237669353,1.471186871797518,1.509185339095512,1.3297012343558778,0.03946993853978487,1.0,1.0,0.5,0.5,0.8,62,375.6791558871079,23534177.10930121
27,35,1.3200771019978799,1.473147442259489,1.4664480906584665,1.529370575388933,1.335946207642981,0.03877825079159519,1.0,1.0,0.5,0.5,0.8,64,339.6591188221412,23487222.126800187
27,36,1.3195423863202973,1.4636388706748658,1.4586741567323513,1.5280963236227934,1.3650468971546437,0.03788075849928993,1.0,1.0,0.5,0.5,0.8,65,536.2443443810046,24115723.78775748
27,37,1.3196525426201404,1.4605283183288513,1.4575147592954925,1.5480721497004237,1.3288346097787218,0.03816849572749897,1.0,1.0,0.5,0.5,0.8,67,538.7616831916935,24123484.36625897
27,38,1.3195308450549668,1.4462111006080436,1.4405920365219669,1.5239050748127179,1.3757676326653856,0.03810489746109758,1.0,1.0,0.5,0.5,0.8,68,450.1179142437308,23860401.71552968
27,39,1.3194815963320567,1.4458292780332944,1.4401977289102004,1.5321003192843201,1.3204715092595696,0.0380107452310679,1.0,1.0,0.5,0.5,0.8,69,469.6297727728872,23906666.24576725
27,40,1.319464554496963,1.441193569520974,1.4353885712440406,1.5232300373617522,1.3393770557770002,0.03803550959752947,1.0,1.0,0.5,0.5,0.8,70,441.6443369532087,23864478.660060484
27,41,1.319464826855704,1.440090273215859,1.4363161722185662,1.5539089817249858,1.3243892486762634,0.03806593392646642,1.0,1.0,0.5,0.5,0.8,72,445.5944313553286,23860682.294472925
27,42,1.3194164525952519,1.4398248900622053,1.4360426298400935,1.5622682792726565,1.3199464107523697,0.03797182865932549,1.0,1.0,0.5,0.5,0.8,73,464.31929352891575,23906301.763292592
27,43,1.3195794549371238,1.4389634918990701,1.4351427825120935,1.5529072877527428,1.3236661015172797,0.0383101696584562,1.0,1.0,0.5,0.5,0.8,74,461.3203852453859,23873891.42555885
27,44,1.319415696388984,1.4376237441736808,1.4337588959181458,1.5556264007695326,1.3241787186374079,0.03799666412939487,1.0,1.0,0.5,0.5,0.8,75,436.903715270339,23864337.72216808
27,45,1.3194914912737545,1.437496912774165,1.4336244803036295,1.5467923620216517,1.3199713412816272,0.0381506596520919,1.0,1.0,0.5,0.5,0.8,76,440.8016007216185,23894775.22217229
27,46,1.319490325585881,1.438625102318758,1.4368673109049963,1.567970541896924,1.3195103024832457,0.0381506596520919,1.0,1.0,0.5,0.5,0.8,78,441.0297493001186,23894965.16294658
27,47,1.3195527286909656,1.4367438626743945,1.4328408676283972,1.5666810378412435,1.321861430500131,0.0382827269652043,1.0,1.0,0.5,0.5,0.8,79,439.7860075991106,23897400.2769358
27,48,1.319537076944668,1.436331700121954,1.4324138208726267,1.5781373465483335,1.3208729810505258,0.0382560576305419,1.0,1.0,0.5,0.5,0.8,80,437.96792897124215,23894581.73413422
27,49,1.319480999862455,1.438504182324622,1.4388144646897183,1.5994438468385277,1.3196993517736375,0.03814886171614163,1.0,1.0,0.5,0.5,0.8,83,441.625285078213,23895436.13101303
27,50,1.3194720853444668,1.4328540026234298,1.428808086359648,1.602599927406213,1.3322385446600613,0.03816523342708356,1.0,1.0,0.5,0.5,0.8,84,441.5808002070039,23895469.61537719
27,51,1.3194381360861662,1.4246869994166644,1.4244806428594925,1.6161124817263919,1.3349407843341956,0.038212578087368346,1.0,1.0,0.5,0.5,0.8,87,451.40009089227823,23891942.119076498
27,52,1.3194131611101367,1.422644407138118,1.4265070957540145,1.5955999788781647,1.3259596758820265,0.03820875652517996,1.0,1.0,0.5,0.5,0.8,90,452.0128973236096,23892013.665741
27,53,1.3193704726999083,1.4209686044449632,1.4247700585363576,1.6022251323896577,1.3226631227541665,0.0381389950604176,1.0,1.0,0.5,0.5,0.8,92,443.2076896969608,23895672.05527956
27,54,1.3192680435137452,1.4286406120443593,1.4451675291178674,1.8467966082524694,1.3189941241221712,0.037935932912969525,1.0,1.0,0.5,0.5,0.8,123,279.6714134668032,23642875.431593664
27,55,1.3192672458344827,1.4297982498798798,1.4484409323927026,1.8738496509799365,1.3193369800906547,0.037935932912969525,1.0,1.0,0.5,0.5,0.8,125,279.8020035341183,23643407.5643203
27,56,1.319253364421066,1.4215301625541783,1.433646461468307,1.85564227050176,1.3377837254276281,0.03794767243344901,1.0,1.0,0.5,0.5,0.8,126,268.49010912821313,23626255.87524495
27,57,1.3192125735661875,1.4220314497761335,1.436240411719396,1.8562812205869188,1.3223892790079148,0.03787317664934267,1.0,1.0,0.5,0.5,0.8,127,269.30426198729515,23635214.44755612
27,58,1.3197101959798077,1.4220334616235892,1.4362238322869758,1.8873667700260834,1.3199870488240855,0.03887285232637727,1.0,1.0,0.5,0.5,0.8,131,288.5666511195608,23648155.18823225
27,59,1.3191959349710867,1.4131705103281331,1.4291204707696834,1.8714390491535042,1.3402432631057533,0.03792664261530996,1.0,1.0,0.5,0.5,0.8,133,304.4954872576563,23645141.788279213
27,60,1.3191505873218405,1.4111547520656402,1.4291032864413864,1.882978925633952,1.322575753449461,0.037862341514617856,1.0,1.0,0.5,0.5,0.8,137,302.0855831980081,23645152.71446872
27,61,1.3191972711141307,1.4087343692514742,1.4245181260340778,1.8931876692913978,1.324047587015468,0.037964676076784346,1.0,1.0,0.5,0.5,0.8,138,297.6069509317363,23652462.371079244
27,62,1.3191435178524695,1.4106352145423404,1.430636966223714,1.9088662632742517,1.3218796367562424,0.037862341514617856,1.0,1.0,0.5,0.5,0.8,139,302.36595191496224,23646141.53046556
27,63,1.3191455196755995,1.4098259394338024,1.4318697098429287,1.939053059955251,1.322075371519758,0.03788260691563551,1.0,1.0,0.5,0.5,0.8,142,301.9259339755214,23624060.0692378
27,64,1.3193904307442161,1.4049878294010776,1.4226964373622346,1.9398166237698795,1.3298701207567263,0.03839047269401976,1.0,1.0,0.5,0.5,0.8,143,295.73696608668644,23635872.968104687
27,65,1.3193107935902455,1.4061773703859757,1.4280783239663597,1.9533152247145018,1.322166865293999,0.03824129534257138,1.0,1.0,0.5,0.5,0.8,145,285.9025610494145,23625460.67149823
27,66,1.318644780647012,1.397909328344727,1.4153808844695677,1.9894700660182856,1.3197500989636315,0.03694419548279736,1.0,1.0,0.5,0.5,0.8,162,301.1709161790076,23853023.886516
27,67,1.3186759530996661,1.4024420522075616,1.4283717387301262,2.058875530011959,1.3188630301533992,0.03701207639882108,1.0,1.0,0.5,0.5,0.8,172,324.5337331609426,23913374.95253735
27,68,1.3188743795830065,1.3945669804146048,1.4139772353520397,2.0446578161429834,1.3368078799883751,0.0374362952118392,1.0,1.0,0.5,0.5,0.8,173,289.1279691588205,23867118.487613898
27,69,1.3186101960866192,1.393094651457515,1.4124596778673737,2.056634382660012,1.3201838196892028,0.03691579468261239,1.0,1.0,0.5,0.5,0.8,176,296.3823177539098,23848482.64335056
27,70,1.3186605298966496,1.3991996813907046,1.4291534055081587,2.1079910876125036,1.319367351829373,0.03702021708888607,1.0,1.0,0.5,0.5,0.8,179,303.67075887632217,23890647.609497253
27,71,1.318766076129774,1.3981112717899797,1.4280202902077157,2.1389084218527357,1.3199330549711616,0.03723895761985127,1.0,1.0,0.5,0.5,0.8,183,320.2673028679671,23892493.38413935
27,72,1.3187023751594575,1.3969319759961276,1.4267992644873382,2.1515006639259298,1.320192108660314,0.03711859816901434,1.0,1.0,0.5,0.5,0.8,186,306.9249843684207,23894245.949127264
27,73,1.318876514704912,1.3913300899986365,1.4209812442651986,2.1601337786971104,1.3272098402809611,0.037502141308537816,1.0,1.0,0.5,0.5,0.8,189,294.73958672475044,23901397.45113688
28,0,0.6752532219658174,0.8018196451371575,0.7944261355672612,0.44728829279537724,0.0,0.0,0.0,0.0,0.5,0.5,0.8,1,6048.223969288652,118378.7349799152
28,1,0.6711373761996612,0.8025353155692222,0.7972410795396186,0.45067484240871947,0.001332585006775618,0.0,0.0,0.0,0.5,0.5,0.8,3,5882.20909955556,120702.4992903573
28,2,1.2565071233625829,1.6854712107404703,1.6757678424225781,1.3473999273722794,1.2809131783464613,0.01240954301882123,1.0,0.5492035227261286,0.5,0.5,0.8,4,10043.861629966152,167719.7820838908
28,3,1.3352555138374793,1.9277460123646062,1.917896817324193,1.6019221326621427,1.5223279274609784,0.029381276512360936,1.0,0.9157702966318488,0.5,0.5,0.8,6,1733.2361905858588,26858.104118900967
28,4,1.3353940020019484,1.9278487389699452,1.9179954443538563,1.6058393441767622,1.2478881440532517,0.02938413750053791,1.0,0.9160346391769012,0.5,0.5,0.8,7,1731.6449508854214,26847.90081822675
28,5,1.3438567644044626,1.8016088603578144,1.786534111671911,1.5117463763133898,1.8285112795719136,0.03359454420585392,1.0,1.0,0.5,0.5,0.8,8,531.9456952427159,16060.618365826696
28,6,1.3406021595766755,1.7904745144491256,1.7729462374245974,1.5011930513755627,1.3353822976107625,0.0317466826431403,1.0,1.0,0.5,0.5,0.8,10,533.79634955376,19694.78482835225
28,7,1.2793273930294182,1.6759454413876747,1.6580494421471133,1.4093627686129007,1.4128678782772188,0.03570183855022258,1.0,0.9361339976642732,0.5,0.5,0.8,12,326.69846262674537,7849.970053622274
28,8,1.3284559489870336,1.7200175035821748,1.7039697864122925,1.4607302566423663,1.3338397958302877,0.033684173350371646,1.0,1.0,0.5,0.5,0.8,14,295.6089711354007,7974.827934704372
28,9,1.2974496416981625,1.657910389792744,1.6385067380217797,1.413166263446624,1.3607788718788214,0.03252380998291643,1.0,0.9660924219432268,0.5,0.5,0.8,16,414.482230414346,12135.147152040796
28,10,1.2911030708980409,1.6494079485404602,1.631984837361902,1.4036817941256459,1.2912788931017194,0.03247212235485123,1.0,0.9585818595725248,0.5,0.5,0.8,18,400.3731323168944,12090.796795182876
28,11,1.2910735803599809,1.6472303196222877,1.6297199174895336,1.4100385910297293,1.2883960159623753,0.032542869014492035,1.0,0.958738461030233,0.5,0.5,0.8,20,384.4554457293987,11744.755622833723
28,12,1.2910735561355353,1.6472302953373155,1.6297198932045611,1.418526452895327,1.2832622759256647,0.03254286919420676,1.0,0.9587384305616957,0.5,0.5,0.8,21,384.4554612984805,11744.755351104275
28,13,1.322646091900824,1.6603727137443447,1.6421209738549976,1.4388939034005896,1.4033003558816197,0.03255701546003066,1.0,1.0,0.5,0.5,0.8,22,251.1614122592744,105917.59398490054
28,14,1.3223129761441652,1.6547073175847236,1.6341735029387214,1.4519636100536357,1.3210096759623826,0.03245205746616152,1.0,1.0,0.5,0.5,0.8,26,239.58691633076896,108092.84561491496
28,15,1.3246077088124446,1.6427195113866637,1.6216200486653356,1.4470898447060803,1.3854696027475555,0.03880065049986152,1.0,1.0,0.5,0.5,0.8,27,78.41307361687652,8807977.465104371
28,16,1.3233177544828405,1.609426371887845,1.5912169309813016,1.43093842677864,1.478730777517766,0.0395058631213496,1.0,1.0,0.5,0.5,0.8,28,73.54325793565526,8824950.660019942
28,17,1.322787897923209,1.5968047816356847,1.5760569218719847,1.4321847431195678,1.344060649071536,0.03923807385094136,1.0,1.0,0.5,0.5,0.8,30,69.55272592221873,8826457.813378438
28,18,1.3227878979548426,1.5968047816470765,1.5760569218833766,1.4252682519164908,1.3196190948454056,0.0392380738737251,1.0,1.0,0.5,0.5,0.8,32,69.55272675269188,8826457.805838779
28,19,1.3225664981936993,1.597355724637659,1.5787085371385066,1.4552587744239922,1.320677639138859,0.0388337628124462,1.0,1.0,0.5,0.5,0.8,34,75.55720074166369,8819224.77468943
28,20,1.3227962979866956,1.5940311404709304,1.5752468434144031,1.4487696379816124,1.3358559064555733,0.03953378611530176,1.0,1.0,0.5,0.5,0.8,35,66.86072329190937,8834106.643809324
28,21,1.324086583055511,1.5794694477513262,1.5621468270598333,1.441062342924114,1.3604746246714705,0.04315949260948519,1.0,1.0,0.5,0.5,0.8,37,58.801360500654496,8994916.589077525
28,22,1.3240582295168823,1.579705439144648,1.564464250853951,1.4610262567212229,1.3239023969249486,0.04315949260948519,1.0,1.0,0.5,0.5,0.8,39,58.76377559290452,8995238.065961134
28,23,1.3206769207761393,1.564261571270066,1.5547730496040002,1.433855542261497,1.3905200125807058,0.03720194273979718,1.0,1.0,0.5,0.5,0.8,40,56.03348301649826,5818.548024913403
28,24,1.3206769207761393,1.564261571270066,1.5547730496040002,1.4401022152209122,1.3186010660831524,0.03720194273979716,1.0,1.0,0.5,0.5,0.8,42,56.03348301649813,5818.548024913434
28,25,1.3206196976656748,1.5630685036276937,1.5535365895685054,1.4327764640790197,1.3236593103282985,0.03713958950999295,1.0,1.0,0.5,0.5,0.8,43,56.03591883147618,5818.920863142223
28,26,1.3207349826972146,1.5621050045837428,1.5525319696420767,1.439424777795375,1.3235420870249615,0.03741906639240096,1.0,1.0,0.5,0.5,0.8,44,58.676589637887936,5884.498151358897
28,27,1.2876429359464492,1.5277015131509106,1.5201498981914074,1.4407351914842317,1.2975029892893692,0.035255380854596306,1.0,0.9600606590616303,0.5,0.5,0.8,45,43.51905389745172,6105.026388021798
28,28,1.2840959813788768,1.5171783856730585,1.505217903161734,1.408660841880277,1.3015422433305317,0.03436140465271146,1.0,0.9563013898494612,0.5,0.5,0.8,46,35.76462622454581,5717.846873296839
28,29,1.2869826893605323,1.5208786655705273,1.5130922730086547,1.4421377460248994,1.29339193238317,0.03525560760196278,1.0,0.9593987427123402,0.5,0.5,0.8,47,36.26767922568215,6098.532569369661
28,30,1.2869650946738709,1.5107318458530488,1.4984169039513133,1.4105485548246628,1.3186506893340633,0.03460379965920879,1.0,0.9599687567148465,0.5,0.5,0.8,48,36.39934704901354,5733.905721122917
28,31,1.3095863210579812,1.530574170471247,1.5181536749269964,1.4417643383980638,1.3203488199993298,0.03392151380741615,1.0,0.9887367974803292,0.5,0.5,0.8,49,31.95173398882469,6156.05148162795
28,32,1.2900221474505136,1.5083373231322936,1.4958152728473468,1.4160995471891424,1.3003585463943466,0.03484536010607339,1.0,0.9637650271646766,0.5,0.5,0.8,50,37.61469010028045,5755.0839347312485
28,33,1.2964847107357191,1.5132669093881783,1.4986149785723493,1.4118607565638577,1.2958148487277517,0.0346528615171783,1.0,0.9719681441002435,0.5,0.5,0.8,51,34.43455146868995,5842.866194646584
28,34,1.3001849496952684,1.515460334256868,1.5048946300995363,1.43291839954182,1.3172219269257903,0.0347059050086714,1.0,0.9766515198995076,0.5,0.5,0.8,52,34.73582554261976,6022.53766771719
28,35,1.30330691183058,1.5165508356171833,1.505908007305425,1.4417159137195492,1.3063556886401755,0.03494479022879471,1.0,0.9804477903493376,0.5,0.5,0.8,54,36.51255846749629,6062.23082899048
28,36,1.297658722258581,1.5107194676279363,1.5000696860081422,1.4504821718960075,1.29706397957123,0.03511341528273424,1.0,0.9732863051294988,0.5,0.5,0.8,55,32.74933445243275,5841.609680308633
28,37,1.3071961000239116,1.517724757867407,1.5069789518321888,1.4506750189956779,1.3170060299447277,0.0351591826131536,1.0,0.9852316505243015,0.5,0.5,0.8,56,32.48408069395215,5958.362443069285
28,38,1.3005151101952113,1.510990095804396,1.5002422802945774,1.4586018344727676,1.2992937872607278,0.03516677328218671,1.0,0.9768766298485868,0.5,0.5,0.8,57,35.11984222463043,5838.589552051913
28,39,1.2946908105532196,1.5030670678541873,1.4922397192227885,1.4584969228948172,1.3026376912369475,0.03470148785187484,1.0,0.9699294376257027,0.5,0.5,0.8,58,30.397119750789173,5810.499897631484
28,40,1.3007910038490895,1.504168466369784,1.4931517378177328,1.463899016828137,1.32170606993032,0.03510036836687875,1.0,0.9774026478372315,0.5,0.5,0.8,59,30.93039019579733,5867.486577337544
28,41,1.3007815166893901,1.5022496986578917,1.4911606066689824,1.4732921146706772,1.3037357621703607,0.03503270908170296,1.0,0.9774689212321264,0.5,0.5,0.8,61,31.05205923632745,5888.230364676779
28,42,1.2960229321584298,1.495512240273833,1.4843483019201502,1.4670438586997923,1.303565427685255,0.035100879804420324,1.0,0.9715145330327484,0.5,0.5,0.8,62,28.23426661416924,5824.540350101767
28,43,1.304135293358114,1.50182580538302,1.4885218703087062,1.4671486597136854,1.3051050495302834,0.03507901523885544,1.0,0.9816777389329484,0.5,0.5,0.8,63,28.00871059109868,5937.413068988855
28,44,1.2951280483627752,1.491801149617219,1.4826025043124114,1.4927956742108313,1.3101034024268339,0.035118626119657895,1.0,0.9704586773621424,0.5,0.5,0.8,64,31.83199532301695,5905.606131812378
28,45,1.295577435449958,1.4893758134372486,1.4779965708523615,1.488149734125166,1.2978372741188813,0.035141263455023206,1.0,0.9710330846503089,0.5,0.5,0.8,66,29.27172454576174,5911.593947252904
28,46,1.3005471029334135,1.4911957097824602,1.4796973094477464,1.4902908993363897,1.3134244762700042,0.034981432515494335,1.0,0.9773984067658088,0.5,0.5,0.8,67,26.07511760780243,5956.185963312712
28,47,1.3112546160906904,1.500397078106245,1.4888417961841485,1.5073388310396014,1.3134624156941386,0.03572671716442587,1.0,0.9903417189546728,0.5,0.5,0.8,69,30.61053773540459,6035.035613718782
28,48,1.3013371595854926,1.4876012964869267,1.4759372118244123,1.4986819076260627,1.313027165587794,0.03512692721759494,1.0,0.9783661879160752,0.5,0.5,0.8,70,27.64426618277559,6005.65868376776
28,49,1.3061103753119523,1.492428241146013,1.4828381683429575,1.5100505211944,1.3106855552342127,0.03479896413445377,1.0,0.9845577567560252,0.5,0.5,0.8,71,25.81548852546626,5893.175043622947
28,50,1.318423242801063,1.497582407514869,1.4918660451144847,1.533055126081162,1.3609806056369633,0.03495137608546259,1.0,1.0,0.5,0.5,0.8,72,24.425685291524527,85467.03661067404
28,51,1.3178978161570492,1.490395655793263,1.4823560049308377,1.5159970778325635,1.340619448918566,0.03401820224275307,1.0,1.0,0.5,0.5,0.8,73,14.486211506877808,82296.37570158977
28,52,1.317895376850128,1.4773521040420328,1.4688210535793156,1.512048382869264,1.3459850884342077,0.03427545068973961,1.0,1.0,0.5,0.5,0.8,75,15.419911106498445,83409.71067900394
28,53,1.3179380860997432,1.4715365384821308,1.4627849409678462,1.5146140357101618,1.3301829497913316,0.03446770711094297,1.0,1.0,0.5,0.5,0.8,77,16.236572074364137,83814.52541311833
28,54,1.317935420057184,1.472558843800472,1.4659179687901494,1.5380720242096928,1.3179007660084183,0.03446770711094297,1.0,1.0,0.5,0.5,0.8,79,15.953340418713523,83857.30173951758
28,55,1.3178557802324344,1.4668535071759166,1.457928788821881,1.5220881573987204,1.3361986495633342,0.03438267642495796,1.0,1.0,0.5,0.5,0.8,80,15.943672502989862,83712.6317892856
28,56,1.317812508503255,1.4667039356565545,1.4598473736075024,1.528843692854053,1.3234727620072322,0.0343200918718157,1.0,1.0,0.5,0.5,0.8,81,13.010216247649554,83914.98590435772
28,57,1.3177342948923143,1.4629084374315249,1.4559120456155887,1.5333064775230643,1.3253200670090046,0.03422435382159752,1.0,1.0,0.5,0.5,0.8,83,12.371290954899033,83573.44634845034
28,58,1.3177299534451024,1.4600397315788176,1.450863480065164,1.5358597515452785,1.323908066100563,0.034240093093438964,1.0,1.0,0.5,0.5,0.8,84,14.254848170045026,84032.70905538308
28,59,1.3177436869607861,1.4527995809950778,1.4454228248362673,1.5164189603408904,1.3556543204448293,0.03439903557718937,1.0,1.0,0.5,0.5,0.8,85,15.367682592165972,45706.39998145487
28,60,1.3177080594683006,1.4488903710076595,1.4434403855706281,1.5316313972450133,1.3283757204717666,0.03439903557718937,1.0,1.0,0.5,0.5,0.8,87,14.092982599377589,45556.27018224546
28,61,1.3177264862413147,1.4464371430769987,1.4388220522286777,1.522601650923011,1.3222723286467675,0.03445147747646491,1.0,1.0,0.5,0.5,0.8,88,14.638143222697606,45721.0489020649
28,62,1.3178096553510266,1.4426867667975833,1.4369999262402449,1.5422127777571562,1.3406430590362965,0.03468748360703719,1.0,1.0,0.5,0.5,0.8,89,15.517319195142727,36632.25208894988
28,63,1.3178212264347777,1.4389933381689195,1.431095175292733,1.5318593015998725,1.3273158288504272,0.03473925653673512,1.0,1.0,0.5,0.5,0.8,90,15.022379823653742,36429.36611522005
28,64,1.3177440198548043,1.4314606618393597,1.4232826882296434,1.5250627247954482,1.350183939572339,0.03467487137751748,1.0,1.0,0.5,0.5,0.8,91,14.01848773372888,36717.88828541845
28,65,1.3177638414417445,1.4323004818327283,1.4262255566057196,1.5529538024514726,1.3184764387011394,0.03472039451060094,1.0,1.0,0.5,0.5,0.8,93,13.826970767041242,36579.609610124826
28,66,1.317682528550931,1.4314601453904419,1.4274290682255684,1.5674591493855368,1.3218861000424558,0.034581645480849035,1.0,1.0,0.5,0.5,0.8,95,13.488836989654075,36534.34108201851
28,67,1.3176879236251469,1.424677352753971,1.4183193182707452,1.5621972135801279,1.3253448735576625,0.03465260373035452,1.0,1.0,0.5,0.5,0.8,98,13.23633086951006,27598.733730432246
28,68,1.3177202410150524,1.420747753738401,1.4121688100467975,1.5473063482218374,1.3289739760983248,0.03474509235514101,1.0,1.0,0.5,0.5,0.8,99,13.249563718950284,36946.156430051815
28,69,1.3177314785354015,1.4197266413244884,1.4131813411709575,1.5698239471212958,1.322587570800171,0.03479187338663456,1.0,1.0,0.5,0.5,0.8,101,12.61295372726615,27594.56326963888
28,70,1.3176710227737654,1.4192883968172245,1.4127289266919845,1.5734521077895862,1.3190001708801236,0.03467480192136822,1.0,1.0,0.5,0.5,0.8,102,13.260183018715798,36903.55748425472
28,71,1.3177078716045978,1.4203110169027815,1.415860826251358,1.5899798805569716,1.3178821517292247,0.0347519889108939,1.0,1.0,0.5,0.5,0.8,105,13.341412658875756,37104.71735070882
28,72,1.3177447870882064,1.4175204693119798,1.41296428253919,1.5915319866033661,1.3298581758427939,0.03485396830585197,1.0,1.0,0.5,0.5,0.8,106,13.54215939762746,36766.24724319276
28,73,1.317732561782326,1.417417992965257,1.412858393614254,1.5955079836729626,1.3178132748112736,0.034830404122412464,1.0,1.0,0.5,0.5,0.8,107,13.6220271776312,36757.44224809009
28,74,1.3176631026385155,1.4165470195038865,1.4119573882813494,1.5987880080426913,1.3208780168601129,0.03469932327066675,1.0,1.0,0.5,0.5,0.8,108,14.730479859300775,36746.62590987325
28,75,1.319489361488064,1.4184578389129925,1.4159436991191172,1.6381761981382805,1.3205601179771227,0.03836395854605097,1.0,1.0,0.5,0.5,0.8,112,10.463205069077476,21810.400727260745
28,76,1.3194836791409505,1.418580128308193,1.4181431279519088,1.6626399447502542,1.3217997277150073,0.03836395854605097,1.0,1.0,0.5,0.5,0.8,114,10.130835644278095,21872.170007521778
28,77,1.3196883894463245,1.4179628358131644,1.4174950216970934,1.6663219418449837,1.3230069921595784,0.03878115128288638,1.0,1.0,0.5,0.5,0.8,115,12.404244973438878,22066.945349194066
28,78,1.3196710126388718,1.4178664378368486,1.4173956473424068,1.670451842153783,1.3197215407223748,0.03874714116304226,1.0,1.0,0.5,0.5,0.8,116,11.699821316799303,22101.24302187224
28,79,1.3195192666037714,1.4113039976739798,1.4105929674044695,1.6687435246950852,1.3474584896604407,0.03850206024543078,1.0,1.0,0.5,0.5,0.8,117,10.29617359223168,21979.967215205463
28,80,1.3176608800024767,1.3996048808484667,1.3985251869892545,1.6580191948308558,1.3607150320095913,0.03486788299885879,1.0,1.0,0.5,0.5,0.8,118,10.71960749570666,30217.880380452
28,81,1.3190410103121395,1.4020034539404,1.4071790698791709,1.660947617043809,1.3231692895499352,0.03765144659398116,1.0,1.0,0.5,0.5,0.8,121,13.564113586575248,23707.92332888337
28,82,1.3187867814734533,1.402335702754853,1.409605675937228,1.6646733798215896,1.3218324821296084,0.03714870632553719,1.0,1.0,0.5,0.5,0.8,122,13.178006057755214,23724.955992425766
28,83,1.3187487817889672,1.402551409608833,1.4119032831397202,1.6381725539780019,1.3209005789617587,0.03708091681837575,1.0,1.0,0.5,0.5,0.8,124,13.18307068957072,23755.61920208043
28,84,1.318998706111187,1.400586471453032,1.407782981049396,1.6964434144687015,1.320746000005229,0.03758748426959106,1.0,1.0,0.5,0.5,0.8,126,11.731375588265,30938.56337551924
28,85,1.318842180292532,1.389781961116731,1.394507421975581,1.7062464436095612,1.3596454933813158,0.03734147713498001,1.0,1.0,0.5,0.5,0.8,127,10.406271185719037,21603.377943979453
28,86,1.3173525402443522,1.3716881587078151,1.3737197974554767,1.7124268956990012,1.3396041589900927,0.034459281757557705,1.0,1.0,0.5,0.5,0.8,130,10.14475167309796,24815.842844394312
28,87,1.3175445087819961,1.366592813251256,1.3642817435561825,1.6915617328696488,1.321299589953089,0.03485855272004187,1.0,1.0,0.5,0.5,0.8,133,9.327910360107392,21046.31267246653
28,88,1.317784105586191,1.3590957289902497,1.3564952364217246,1.7059128667270098,1.3290012499425528,0.03538027146997136,1.0,1.0,0.5,0.5,0.8,136,8.826723565561087,21036.66289916816
28,89,1.3174468622069857,1.356349427016386,1.355731274551547,1.741551954161378,1.3197085695135318,0.034725207539210726,1.0,1.0,0.5,0.5,0.8,143,11.154908043310016,21927.17717184587
28,90,1.317310051000634,1.3551246555277912,1.3544658423362366,1.748943806415999,1.3220116064680303,0.034457106459712374,1.0,1.0,0.5,0.5,0.8,144,10.72470817555165,21785.24420716742
28,91,1.317405438160998,1.3504336013380582,1.3495957636470863,1.744718327245869,1.3383309626688877,0.034671414316406315,1.0,1.0,0.5,0.5,0.8,145,10.116571603233949,21452.36945097201
28,92,1.3175903517084873,1.3499911923053056,1.3491298746837526,1.7528451845685689,1.3188989460027898,0.03504424485712361,1.0,1.0,0.5,0.5,0.8,147,10.29966782542764,21465.02223909061
28,93,1.3172059252251582,1.3474257781624899,1.346482908774214,1.7760238270009079,1.3190601136353814,0.03428569789575481,1.0,1.0,0.5,0.5,0.8,152,9.169580935598896,21272.88872452592
28,94,1.3172111601149288,1.3480273450358766,1.3491792841538934,1.7897033941345577,1.3203490383008822,0.03429955816022004,1.0,1.0,0.5,0.5,0.8,153,9.130742288618505,21256.25577933993
28,95,1.3172348561596374,1.3456217271506548,1.3446103252333135,1.7829029088085993,1.3187887623068135,0.03435202966388095,1.0,1.0,0.5,0.5,0.8,156,9.420401146515172,21358.416130182024
28,96,1.317219670730343,1.3468919119244798,1.348001049629806,1.8144063557012202,1.3173455880752298,0.03432185101032944,1.0,1.0,0.5,0.5,0.8,157,9.424924632659614,23292.06424669027
28,97,1.3172216901215985,1.3494094036533664,1.3568300035337075,1.8784462942552185,1.3177028104799597,0.03433255907125032,1.0,1.0,0.5,0.5,0.8,169,10.19470268797092,24439.44703599346
28,98,1.3172055389547688,1.3488653444249092,1.356266234014075,1.8807558473226833,1.3183107597871713,0.03430263477141437,1.0,1.0,0.5,0.5,0.8,171,9.468846145920788,24369.13321650102
28,99,1.3171919354087693,1.3498722625666066,1.3593837639916835,1.895198254724783,1.3178113989315674,0.034276802222106564,1.0,1.0,0.5,0.5,0.8,173,9.362581801513434,24364.52260277418
28,100,1.3172759076084932,1.3483421210689377,1.3557207636009956,1.884642403240781,1.3184817056143963,0.03444602863403948,1.0,1.0,0.5,0.5,0.8,174,10.071035788174491,24503.8873356348
28,101,1.3171924571994316,1.3492239390473153,1.3587111518061052,1.903380425176963,1.3187301716872457,0.03428074077514347,1.0,1.0,0.5,0.5,0.8,175,9.668054798016511,24369.6870177234
28,102,1.3172232096079228,1.3491568441453792,1.3586404094989488,1.9120927886086252,1.317387661477395,0.0343426838800363,1.0,1.0,0.5,0.5,0.8,177,9.424734720879986,24436.456227871786
28,103,1.3172293674882158,1.3488256409539674,1.3582965999189813,1.9161775003426376,1.31865779204636,0.034356494510620686,1.0,1.0,0.5,0.5,0.8,178,9.477086378085607,24437.10353208256
28,104,1.3172213580505026,1.3469927343353882,1.3543229939142842,1.9138892754810792,1.319356612124154,0.03434267441439997,1.0,1.0,0.5,0.5,0.8,179,9.421537265886768,24443.72227949379
28,105,1.3172230934994258,1.3482692064265973,1.3577196028573693,1.9288261421480086,1.3172884253394712,0.034346376861954894,1.0,1.0,0.5,0.5,0.8,181,9.394040637089356,24443.11115630002
28,106,1.3172080592264659,1.3480994174829424,1.3575440302018773,1.9374416737456723,1.3175034826174024,0.03431699844084133,1.0,1.0,0.5,0.5,0.8,183,9.57489017585868,24546.169905044087
28,107,1.3172386101659417,1.3443477340637875,1.3495059500954403,1.9057830220374021,1.320407181151376,0.03438301706206743,1.0,1.0,0.5,0.5,0.8,186,10.081564464591263,21424.102396796046
29,0,0.673366781333448,0.801540797771619,0.7941369308808374,0.4470365157969905,0.0,0.0,0.0,0.0,0.5,0.5,0.8,1,5841.8171619832165,127914.9209414569
29,1,0.6705727205850277,0.8011245520528112,0.7937051546863003,0.4466575846596918,0.0018125875829078637,0.0,0.0,0.0,0.5,0.5,0.8,2,5840.410694660842,126336.57688565612
29,2,1.444682036499919,1.8544163355393852,1.8451367714575035,1.5152473771126536,1.250196522371544,0.029356482706134952,1.0,0.735594215162122,0.5,0.5,0.8,4,6050.916271883968,64288.621451799416
29,3,1.3484504875010006,1.8054354553038245,1.7882663206272134,1.50432655244625,1.8712648913872252,0.0424178884697039,1.0,1.0,0.5,0.5,0.8,6,608.8326346081732,16684.92032092327
29,4,1.342195547263072,1.7827620256975694,1.766838660389749,1.4987591584174362,1.3719680745125848,0.041396256506251936,1.0,1.0,0.5,0.5,0.8,8,491.86128162264754,16923.346016064366
29,5,1.3340292557048923,1.7311883785454603,1.7133154898096228,1.4497110491957286,1.435825686332927,0.042760987211126325,1.0,1.0,0.5,0.5,0.8,10,265.83831502003306,7630.376623982601
29,6,1.3317926821378645,1.7139850362685598,1.6954788351420098,1.4386985127560596,1.358329644588091,0.0423067643663449,1.0,1.0,0.5,0.5,0.8,12,276.63909174050417,5555.67204329839
29,7,1.3312846374152536,1.7061480532001365,1.6873366408492465,1.4391148743043367,1.3573335564319677,0.04299616437735547,1.0,1.0,0.5,0.5,0.8,13,276.8732376999355,117762.26280165634
29,8,1.3291216201364575,1.6818937505222553,1.664246376129157,1.4348075994573442,1.3778440300493267,0.04319770565099283,1.0,1.0,0.5,0.5,0.8,15,264.7151473124964,833243.953500641
29,9,1.327415782524976,1.663242511945912,1.6449138224526414,1.4231431724848211,1.3621039392734766,0.042417104224007254,1.0,1.0,0.5,0.5,0.8,17,220.65849608955887,841246.4985168593
29,10,1.3267248367082156,1.6522633447416262,1.6355966609954746,1.4300731727571345,1.3473486445256642,0.04247458755781614,1.0,1.0,0.5,0.5,0.8,19,228.6082959468748,1038427.2339032248
29,11,1.3248065289913158,1.6396841134257647,1.6225970218578505,1.4218712118250918,1.3447022827391057,0.039853181468553586,1.0,1.0,0.5,0.5,0.8,21,267.9942980914349,13060.227339471496
29,12,1.3253432470388247,1.6294090448417382,1.61603884264271,1.4158721819271785,1.341704124297747,0.042259425062608616,1.0,1.0,0.5,0.5,0.8,24,133.2602628155803,6881.448614700647
29,13,1.3226520700515354,1.5925574252649588,1.5757927516800847,1.3960818541465532,1.4693953269660553,0.039423761319459585,1.0,1.0,0.5,0.5,0.8,25,75.43874529792511,6008.154425613869
29,14,1.3222893519508276,1.5806263432408927,1.565488244854652,1.393288605953645,1.3487048365302505,0.0394719892410418,1.0,1.0,0.5,0.5,0.8,27,81.53924006476373,6493.0755511844845
29,15,1.3214982292599253,1.5391752659247837,1.5204139828828875,1.3605840685022024,1.4960527324426909,0.039699564943087066,1.0,1.0,0.5,0.5,0.8,28,75.38639008792256,180287.0642597631
29,16,1.321352918858889,1.537924056184054,1.5191207160026634,1.3688155534352706,1.3221845242907002,0.03944971693135349,1.0,1.0,0.5,0.5,0.8,30,73.641375815558,180609.5158599213
29,17,1.3209999200353573,1.5304578804155824,1.5134562453353508,1.3749535880948023,1.3383241522982061,0.03904067918506915,1.0,1.0,0.5,0.5,0.8,32,71.5521270183199,9672225.8705946
29,18,1.3209812865407582,1.523566418723759,1.5042324286149857,1.3769937141845254,1.331936602904911,0.03918489360050696,1.0,1.0,0.5,0.5,0.8,34,58.892805405011416,60377896.972857885
29,19,1.3209984901610925,1.5199304389849315,1.50045803928462,1.3835897594328075,1.3359158641648208,0.03933325533119955,1.0,1.0,0.5,0.5,0.8,35,75.3495820226555,11441947.668136524
29,20,1.3207068526253836,1.5178748925077787,1.5004075224722333,1.3841040361275576,1.3331686587201599,0.03884312746989458,1.0,1.0,0.5,0.5,0.8,36,75.87623280857211,15518885.749328531
29,21,1.3207372280349248,1.514418025937177,1.496818662223367,1.3809948116865587,1.334998065479163,0.03900540952206501,1.0,1.0,0.5,0.5,0.8,37,66.16294229705237,15544236.598663112
29,22,1.3206701155428848,1.5115371199634946,1.493831318834703,1.3855637316484755,1.3319731783467756,0.03895049002617953,1.0,1.0,0.5,0.5,0.8,38,64.49030246169878,15534738.27764977
29,23,1.3206881485712114,1.5091070052659252,1.4913086003944662,1.3905444902987967,1.324961158517168,0.03905369512971795,1.0,1.0,0.5,0.5,0.8,40,64.07989519455892,15532688.17085762
29,24,1.3206355234354157,1.5089676174401647,1.491165916248258,1.3975841629811339,1.3198614637384116,0.03895079909196339,1.0,1.0,0.5,0.5,0.8,41,61.42250882583427,13353451.225550365
29,25,1.3205015544957037,1.5033511881493469,1.4853422978385167,1.392524287482052,1.3437735267090019,0.03882727788286992,1.0,1.0,0.5,0.5,0.8,42,51.30938175112215,13364124.381235795
29,26,1.3201238393929577,1.494970613510199,1.4766594863696332,1.3992708246137482,1.3368608604350336,0.03826811649788352,1.0,1.0,0.5,0.5,0.8,44,45.507618296274345,14705085.152293092
29,27,1.319976439076366,1.4874421302339706,1.4688525154421912,1.3924814332110806,1.3354216039684328,0.03814074483375466,1.0,1.0,0.5,0.5,0.8,46,41.2321079824899,14696906.39866777
29,28,1.3199783332688177,1.4887504648597827,1.472282132971984,1.3852953970148145,1.3191633272396408,0.03814498207012043,1.0,1.0,0.5,0.5,0.8,47,41.199879205349895,14408474.230467066
29,29,1.3200354553648757,1.483739200216044,1.4670797553677093,1.3986055603535061,1.3420614465259608,0.03836908080143215,1.0,1.0,0.5,0.5,0.8,48,30.864305097127502,14725675.157997306
29,30,1.3192976503622504,1.4713779385599373,1.4646413323380514,1.505599995053871,1.3222678674975792,0.037236461318877416,1.0,1.0,0.5,0.5,0.8,70,25.59090213345927,634928.198807938
29,31,1.3192829425602994,1.4666922640799707,1.4577077940488743,1.4946841856749127,1.3333981310136396,0.03726353238319887,1.0,1.0,0.5,0.5,0.8,71,26.160950864581505,635273.0668357011
29,32,1.319282942551519,1.4680195840116075,1.4611572190859825,1.5182736907449033,1.3186318251116391,0.03726353236443722,1.0,1.0,0.5,0.5,0.8,73,26.16095066607489,635273.0666940446
29,33,1.3191247608542045,1.460042118993121,1.452885687944598,1.5070944968115731,1.353078131480355,0.037072065877467704,1.0,1.0,0.5,0.5,0.8,74,24.41357808821422,642370.7829191645
29,34,1.319105377924156,1.456130563267488,1.448827847713394,1.5115365668808147,1.327124448448485,0.03709175936821605,1.0,1.0,0.5,0.5,0.8,76,22.64114920456703,641956.8351773098
29,35,1.3191583592806366,1.4542318841618367,1.448928027760493,1.540616297197173,1.3215157863341829,0.03724525191884892,1.0,1.0,0.5,0.5,0.8,81,22.1927494993071,640277.068791918
29,36,1.319045728138946,1.4544357691836498,1.4512160580124829,1.5476507360707266,1.3192602588418312,0.03703432430686271,1.0,1.0,0.5,0.5,0.8,87,17.842602873160114,637125.7800964883
29,37,1.3188488897676307,1.4551860272359478,1.4540741144815694,1.5633585929347005,1.3201589048964544,0.036646504198984395,1.0,1.0,0.5,0.5,0.8,88,15.169770003996614,635584.8647832861
29,38,1.3190350840919447,1.4543075270272658,1.4531556346513308,1.5584936147826698,1.3230554145591946,0.03703327455061492,1.0,1.0,0.5,0.5,0.8,89,17.044199320669538,637133.028384186
29,39,1.318896151600908,1.44975250402641,1.4484347565714724,1.5665994767351141,1.3379476525893554,0.03681564025091695,1.0,1.0,0.5,0.5,0.8,90,14.94098100855968,638233.7100553592
29,40,1.3188866255656797,1.4496117031195808,1.4503612549353764,1.5775605103092971,1.3215912583982046,0.03681564025091695,1.0,1.0,0.5,0.5,0.8,92,14.930631281798084,637982.6115365796
29,41,1.3188428321988468,1.4488882550113558,1.4496122792017356,1.597458552539961,1.3198896135720117,0.03673705664456129,1.0,1.0,0.5,0.5,0.8,94,13.195286041218107,638351.3556804208
29,42,1.3189313126529008,1.4443847988505343,1.4449364297052159,1.5971907655818378,1.3285938044950218,0.03697228992296482,1.0,1.0,0.5,0.5,0.8,96,12.470344941229886,640644.0008757056
29,43,1.318907688947038,1.4426718262178566,1.4431600579902568,1.6037835205788276,1.3221936386104278,0.03694581971650684,1.0,1.0,0.5,0.5,0.8,98,12.655108907135675,640560.4821210641
29,44,1.3188958768337025,1.4421377075862383,1.444678613486437,1.614832326248095,1.32254352748327,0.03694452603378765,1.0,1.0,0.5,0.5,0.8,100,11.630797881371048,640559.2379859191
29,45,1.3188944141127932,1.4420971866988774,1.444636608953104,1.6147955503867664,1.318642161662099,0.0369420670436603,1.0,1.0,0.5,0.5,0.8,101,11.616259174733578,640554.9729794404
29,46,1.3189233924085912,1.4427935449931126,1.447430323421525,1.6352555665442963,1.3214016510103397,0.037007868757013,1.0,1.0,0.5,0.5,0.8,102,11.849857653188195,640213.38081315
29,47,1.3188857540601373,1.4422125024739392,1.446828908174811,1.626440094892169,1.3196708206558008,0.03693905658268165,1.0,1.0,0.5,0.5,0.8,104,10.946294247591227,640552.762396027
29,48,1.3188788520565295,1.4415732087588027,1.4461658806465876,1.6344275170909701,1.3212500062383863,0.03693270013103076,1.0,1.0,0.5,0.5,0.8,105,10.373723336885996,640545.8552361277
29,49,1.3190658675106701,1.4277620321184943,1.4276849535186722,1.6490225780286787,1.3249799839644987,0.03743293810072283,1.0,1.0,0.5,0.5,0.8,113,27.718526945010616,647413.1885041116
29,50,1.3190544368423387,1.4268349982998259,1.4287958891595116,1.6725637491415795,1.3235797006732448,0.03743293810072283,1.0,1.0,0.5,0.5,0.8,115,26.9510157496131,647537.5450711409
29,51,1.3190526608574342,1.4278120577571403,1.431882008133129,1.6980556104244249,1.31948190846619,0.03743293810072283,1.0,1.0,0.5,0.5,0.8,117,26.4862703542594,647641.3459649382
29,52,1.3190054023925875,1.4353820051029698,1.4521714999319122,1.803781436334645,1.3188404854630975,0.03734194988765721,1.0,1.0,0.5,0.5,0.8,126,14.470954112653994,656253.8703770126
29,53,1.3190051347555114,1.4366563424242713,1.4555659478628147,1.830528422552914,1.3187869249660868,0.03734194988765721,1.0,1.0,0.5,0.5,0.8,128,14.44995872400933,656266.7369318389
29,54,1.3189641876979339,1.4306890565241157,1.4452318329907745,1.7960514764978763,1.333050293184149,0.03729274071104856,1.0,1.0,0.5,0.5,0.8,129,14.259256980906574,656863.2368053342
29,55,1.3189317846421997,1.4316212723179924,1.4482725182282894,1.8180414055767615,1.3194128989963403,0.03723148901035063,1.0,1.0,0.5,0.5,0.8,131,14.087033003572287,656247.8613727206
29,56,1.3189887997146283,1.4298179096595618,1.4443271006642575,1.8171847776439967,1.3210218715238724,0.03735072186776145,1.0,1.0,0.5,0.5,0.8,132,14.3583328923336,656539.1829097206
29,57,1.3191183405853621,1.428441433615528,1.444966495003142,1.8152091141803568,1.3250891022404918,0.03763714125351953,1.0,1.0,0.5,0.5,0.8,134,16.641149240965177,655774.0580158511
29,58,1.3191155380789716,1.4265080945815671,1.4408884610938408,1.8186077510211467,1.3214340946674301,0.03763714125351953,1.0,1.0,0.5,0.5,0.8,135,15.863079200862623,656058.9084287282
29,59,1.3188797649112904,1.4260053790381404,1.4424480775277337,1.8315322041126878,1.3221058069075846,0.03718049344794369,1.0,1.0,0.5,0.5,0.8,137,20.8470369423534,650402.6395761902
29,60,1.318891394189794,1.4255021338281084,1.4419255556374242,1.840904457416489,1.3208484299612944,0.03720846032321959,1.0,1.0,0.5,0.5,0.8,138,23.34945739332716,655716.7845330102
29,61,1.3189679646587877,1.4239937624654264,1.4403577510519339,1.8425807846007756,1.3256370483163091,0.03737602165068988,1.0,1.0,0.5,0.5,0.8,139,24.278326892750545,655257.5788243866
29,62,1.318932734495973,1.4229994041459366,1.4393274645813718,1.8472859109843824,1.322871404720625,0.0373142034978618,1.0,1.0,0.5,0.5,0.8,140,20.830216786585808,654236.9656581839
29,63,1.3188991883568042,1.421381805347706,1.437650508395624,1.871746392369001,1.3209515841749293,0.03726120361155476,1.0,1.0,0.5,0.5,0.8,143,18.131796677925863,657067.7526271701
29,64,1.3188833898667858,1.4255819239981942,1.450298040170225,1.9205790910357674,1.3210428415549642,0.037239229707201074,1.0,1.0,0.5,0.5,0.8,145,21.31826393886588,658743.3902297145
29,65,1.3188779190819329,1.4150478935789046,1.4393696100603224,1.9200997122882757,1.3418526120714316,0.03731560884699009,1.0,1.0,0.5,0.5,0.8,147,20.054037486180487,659566.193615215
29,66,1.3188754104870024,1.4157191687883328,1.4421385263599011,1.9335915816960443,1.3200686049625516,0.03731560884699009,1.0,1.0,0.5,0.5,0.8,149,19.91515786731428,659592.4076534823
29,67,1.318959783578423,1.4120195008631637,1.4382971522201566,1.942316194925579,1.335336226902526,0.03751320293738505,1.0,1.0,0.5,0.5,0.8,150,16.407640176823282,657465.4665675514
29,68,1.318886995297432,1.4083828253278932,1.4345269911819907,1.9524486506852032,1.3265326966368245,0.03739388275255215,1.0,1.0,0.5,0.5,0.8,152,17.63520574272268,658242.8524326307
29,69,1.3188885037887497,1.4070271641580998,1.435192924023801,1.963475440547063,1.322711330651979,0.03741643118503424,1.0,1.0,0.5,0.5,0.8,155,15.49241468461006,638897.534090995
29,70,1.3185246537009614,1.4161840366922156,1.4612854957825339,2.135881462315761,1.318518888166209,0.03669604860055501,1.0,1.0,0.5,0.5,0.8,182,20.603852646263785,658511.7889388636
29,71,1.3185137813455818,1.411936799400237,1.454807204647914,2.1204661646137994,1.324740099678569,0.03669426668852198,1.0,1.0,0.5,0.5,0.8,184,20.44479735465431,658510.9246491852
30,0,0.6384929184428728,0.8066731447505829,0.7994606790396616,0.4520059008754444,0.0,0.0,0.0,0.0,0.5,0.5,0.8,1,36850.52971327466,163124.32526494635
30,1,1.7864845896290271,2.119832993871936,2.1096453073653976,1.7705409952755962,1.4907065495521978,0.07471454157557063,1.0,1.0,0.5,0.5,0.8,2,19440.22638653258,161249.52647437155
30,2,1.7221071616627206,2.112116115080399,2.1037118715328837,1.7674188719928643,1.3711239305940852,0.0747789293780205,1.0,1.0,0.5,0.5,0.8,4,13639.998787425038,160126.62908077668
30,3,1.564320454501492,2.034732240496931,2.025445434027922,1.7129125748217158,1.5727782945087283,0.07843763853237536,1.0,1.0,0.5,0.5,0.8,5,24996.74669314516,1780149.7331528943
30,4,1.511949511088787,2.015370451956544,2.006967937502017,1.716927906617424,1.4257395967943307,0.10341650717064407,1.0,1.0,0.5,0.5,0.8,7,18710.575077338774,1834823.72925628
30,5,1.477144417818884,1.9917295559646162,1.9822704637659532,1.7037249770808485,1.4179946163850556,0.11277864455933628,1.0,1.0,0.5,0.5,0.8,9,20889.28080581948,2371906.4299775115
30,6,1.4408098323148288,1.9546034658031681,1.9437442608153555,1.6757345416600509,1.4357478771977914,0.11358776792240599,1.0,1.0,0.5,0.5,0.8,11,26834.33509193244,5276595.158349812
30,7,1.4258734801900514,1.9372392752903351,1.9277995853072518,1.6728171088656123,1.3999705398936193,0.11387441747455702,1.0,1.0,0.5,0.5,0.8,13,15434.3530143977,4167545.763913936
30,8,1.4167031537194417,1.929293656322818,1.921890213636199,1.669383567038563,1.364060629932505,0.09993025030749252,1.0,1.0,0.5,0.5,0.8,14,25984.40479725497,1795500.8614818596
30,9,1.412260055586838,1.9174649466293288,1.911473948498991,1.66684262416857,1.428796418341169,0.11166295252170211,1.0,1.0,0.5,0.5,0.8,15,15488.718740697535,2059759.1013559487
30,10,1.405770347053751,1.9130259594870553,1.907087344287697,1.6682971511060338,1.354991352628271,0.0999751171022524,1.0,1.0,0.5,0.5,0.8,16,26144.23843129841,1992549.1389478403
30,11,1.3968902287529779,1.8941746080548933,1.8790208680237714,1.633690113428574,1.4900617219815384,0.11184842973510138,1.0,1.0,0.5,0.5,0.8,17,7050.158446250531,1453444.4829976093
30,12,1.384799476846235,1.860478251566174,1.8545641984058128,1.6319111614520645,1.4028215211356858,0.10467281344701476,1.0,1.0,0.5,0.5,0.8,19,10242.534112502062,1034704.3519368016
30,13,1.2674787165577253,1.7395159388671595,1.7354452684432853,1.5289981580268228,1.2549113600453408,0.10335105073834586,0.7716847303730113,1.0,0.5,0.5,0.8,21,2630.066502021145,82696.23704140056
30,14,1.3799224439596116,1.8465171845121962,1.8421616722040473,1.6371098466808196,1.3850896741145196,0.10430731251393222,1.0,1.0,0.5,0.5,0.8,22,7215.451512732454,1045539.5035923156
30,15,1.3732264416232725,1.818590910521815,1.811130242118107,1.5968798292750563,1.4663425661512566,0.10381317676557678,1.0,1.0,0.5,0.5,0.8,23,4466.243181068571,812782.4915807606
30,16,1.3666519417273133,1.7900822087313355,1.783664171854627,1.5858238915832639,1.4178466287959324,0.1020120882993154,1.0,1.0,0.5,0.5,0.8,25,4377.008315758686,637506.7716992395
30,17,1.3635723396212853,1.7667467739882259,1.7594578496699256,1.5646404363649387,1.398388203787726,0.10203024862801231,1.0,1.0,0.5,0.5,0.8,27,4953.466309936808,663377.7795933323
30,18,1.2927561455101644,1.6838732083510992,1.6781394083141445,1.501603506473136,1.3489798174724297,0.10171048253890147,0.8623110615656365,1.0,0.5,0.5,0.8,28,2863.647853949772,659925.6537166925
30,19,1.3475535438525557,1.700639783726291,1.6933479497172481,1.5292305348641613,1.4317978101930393,0.10039125124243091,0.980690786634163,1.0,0.5,0.5,0.8,30,3264.699610043755,673001.8187149873
30,20,1.3475367384362573,1.7017335426693865,1.6965550858101857,1.538943476866339,1.341052001669743,0.10039125124243091,0.9806907866341629,1.0,0.5,0.5,0.8,32,3246.552149599172,672559.100743886
30,21,1.3424249544631373,1.693780488557136,1.6884878238672,1.5313147608311564,1.3491948087028245,0.10041922990331795,0.9708775695500224,1.0,0.5,0.5,0.8,33,3085.3023738394304,664919.8035296169
30,22,1.3079925413592035,1.6489113468290753,1.645270683078975,1.4964155256742824,1.3579984819240292,0.10038683388664138,0.9037178121291969,1.0,0.5,0.5,0.8,34,2519.9121484562306,607232.7223117927
30,23,1.3128263702780805,1.6398485440089583,1.6335887868258476,1.466605541895335,1.3363749988770324,0.10033738172076287,0.9149436397794999,1.0,0.5,0.5,0.8,36,2506.220809793125,389731.1350948424
30,24,1.3141904828922808,1.63992788397741,1.633617479903974,1.4736005800754663,1.3120533941107664,0.10004689811198068,0.9181075549867763,1.0,0.5,0.5,0.8,38,2566.863302483885,390579.59203832864
30,25,1.3457601546822273,1.661724627218896,1.6571003353758866,1.5293877412374792,1.3923995917274483,0.10064172179251762,0.981821773992692,1.0,0.5,0.5,0.8,39,2908.877702980777,474172.578251407
30,26,1.3240267029022288,1.619082486537225,1.6157144069697829,1.4981317126495866,1.3713157741680124,0.10029449563618369,0.9406561399363053,1.0,0.5,0.5,0.8,41,2220.5586270734334,416784.2906054574
30,27,1.3296289406877495,1.6237745378619297,1.6203710235599966,1.506521405151565,1.3282705433721613,0.10029030634252034,0.951938033948552,1.0,0.5,0.5,0.8,43,2257.52388086078,417542.0434158646
30,28,1.3209677029293205,1.6137219479608795,1.610264737202898,1.5034978812345414,1.3236527139472738,0.10027232529015481,0.9347366866965541,1.0,0.5,0.5,0.8,44,2168.737240043414,416584.0190493832
30,29,1.3337017641264042,1.619933980131005,1.6141535893177992,1.5190107980312129,1.354104310476941,0.10060914892003303,0.9602518619908906,1.0,0.5,0.5,0.8,45,2339.3750056307063,417722.5047528998
30,30,1.3639561147465944,1.6553980431752722,1.6581022626128354,1.6225727660966935,1.3607615892062712,0.12137554081670143,1.0,1.0,0.5,0.5,0.8,50,3332.0319611237605,619633.0054235453
30,31,1.363990406064508,1.6543147808579768,1.6569758779237687,1.6326971441626401,1.3658299186741347,0.12152356273453246,1.0,1.0,0.5,0.5,0.8,51,3344.722276817702,626617.8190875882
30,32,1.3643930285768462,1.6522055772504491,1.6547696649334307,1.6426552273251112,1.3726376612132665,0.12250393330603575,1.0,1.0,0.5,0.5,0.8,52,3057.869564336876,622742.3258814069
30,33,1.363267838927979,1.6382087584816856,1.6402772381110617,1.6374834684714006,1.389657938742549,0.1210811605692175,1.0,1.0,0.5,0.5,0.8,54,3195.7180153212744,625482.4430078579
30,34,1.3632431172483432,1.6386741792007498,1.6428325794001286,1.6486320921643514,1.3624095772474267,0.12108116056921751,1.0,1.0,0.5,0.5,0.8,56,3205.850624021085,625719.0191473543
30,35,1.4002409185982736,1.6550970062656813,1.6584673278129363,1.6636833058104261,1.4443491930864176,0.19617470198673986,1.0,1.0,0.5,0.5,0.8,58,2762.861696133484,576227.7748552524
30,36,1.4011748544219456,1.6553915702902522,1.658737503161536,1.6678977377679414,1.4019179732897031,0.19807316505094028,1.0,1.0,0.5,0.5,0.8,59,2791.26813426684,573666.8226804761
30,37,1.4007629774286312,1.6529162685230663,1.656183419732742,1.669485973983021,1.407946723538068,0.1973465077082624,1.0,1.0,0.5,0.5,0.8,60,2522.879148920502,570250.3028429799
30,38,1.4000945180630557,1.651897829485387,1.6551515922249016,1.6761951915694664,1.399539333150627,0.1960253810781488,1.0,1.0,0.5,0.5,0.8,61,2786.831822451779,577337.3182290497
30,39,1.4004965291903004,1.6476943008901053,1.6507723693756426,1.6724711771525327,1.4192306830444037,0.1970382124045384,1.0,1.0,0.5,0.5,0.8,62,2547.270146574692,571375.9889724022
30,40,1.4005363740186643,1.6451593290491173,1.6481393197254444,1.6860599707242139,1.4043495549878016,0.1972293456445364,1.0,1.0,0.5,0.5,0.8,64,2657.0594759692817,579787.9646469383
30,41,1.4003464387162698,1.6433381831120437,1.6462559954082503,1.684392812038276,1.4057249099375708,0.1969185587712719,1.0,1.0,0.5,0.5,0.8,65,2737.484262599163,583482.7681482252
30,42,1.4001909849349512,1.641177764734664,1.644019166309534,1.6902377518999512,1.4073267778949252,0.19669148002795625,1.0,1.0,0.5,0.5,0.8,66,2631.374528298091,578549.519299466
30,43,1.4001563677176951,1.6406044906671078,1.6434254183195176,1.6897110916505533,1.4007139347274304,0.19664428074535906,1.0,1.0,0.5,0.5,0.8,67,2763.5532469090995,584629.7590218653
30,44,1.4007853983317577,1.6393168908663758,1.6420648445249344,1.7007547299556491,1.4075701411558232,0.19798039747399288,1.0,1.0,0.5,0.5,0.8,68,2583.1693454539823,578597.6921335926
30,45,1.4021390702892873,1.6405096803489785,1.6453231096177183,1.7129252453268107,1.4037096280335932,0.20074738649060922,1.0,1.0,0.5,0.5,0.8,70,2599.6992236745705,570857.8669172177
30,46,1.4001032996806824,1.6358821190481798,1.6385253587492725,1.7094219599312281,1.4039744952170319,0.196725310250708,1.0,1.0,0.5,0.5,0.8,71,2687.5245810915203,582242.4177621049
30,47,1.3998423690826383,1.612538990869787,1.6143061218692523,1.687834481348739,1.5014231344118913,0.19700636398211663,1.0,1.0,0.5,0.5,0.8,72,2711.5892213333595,581907.8952749893
30,48,1.284162787099077,1.4915145375613257,1.493079314506903,1.5803957427982858,1.2876431794539605,0.1007073415499768,0.8650994008799799,1.0,0.5,0.5,0.8,77,1707.4366248929002,408500.4877648303
30,49,1.310911366628665,1.5158697240074703,1.5173439307250156,1.6127524458148452,1.3203204568169316,0.10082755085473365,0.9185451704236172,1.0,0.5,0.5,0.8,78,2191.8978973714425,452455.1388328492
30,50,1.2874901880903145,1.4838894945499197,1.4850400421710566,1.581924984891585,1.324382037295936,0.1006125879278464,0.8721504292210241,1.0,0.5,0.5,0.8,79,1738.755483197445,409167.3072296907
30,51,1.2881805691318358,1.4763971890739402,1.477238662815071,1.583312002813131,1.3053242881480063,0.10059250975388134,0.8737553601207914,1.0,0.5,0.5,0.8,81,1743.3119665713637,410514.010179932
30,52,1.3522156125745681,1.5293628866549498,1.5297867043132278,1.64569949282389,1.4007536287965938,0.10266984974972333,1.0,1.0,0.5,0.5,0.8,82,1242.1278988844908,383535.389068466
30,53,1.3521061109447228,1.5196455293516764,1.5197073000170678,1.6450676983031294,1.3724840151928595,0.10264500192469843,1.0,1.0,0.5,0.5,0.8,84,1247.228256394693,384853.9063410516
30,54,1.3520315735271324,1.512884399596047,1.5126944031825806,1.6471008699306586,1.3660276126650628,0.10262026731901745,1.0,1.0,0.5,0.5,0.8,86,1253.643807381104,386184.3234263699
30,55,1.3519159198925832,1.5073453616177204,1.5069512747230074,1.654291929116829,1.3751175835643372,0.10248383145231983,1.0,1.0,0.5,0.5,0.8,87,1744.1974831383536,408776.903438488
30,56,1.351924837479871,1.5074941388796577,1.5091774201638866,1.6535987189116685,1.3530234757433406,0.10252198177385441,1.0,1.0,0.5,0.5,0.8,90,1261.4445893503475,386377.7217290996
30,57,1.279287650440613,1.4321934936849996,1.4296322911058659,1.580604533005844,1.2787148898407634,0.1168978784383482,0.8403500776362188,1.0,0.5,0.5,0.8,91,1338.7836393674588,379614.487103949
30,58,1.2792818974526137,1.4332402043850991,1.434862907386298,1.6040772108047294,1.2821233542655086,0.11701398469695416,0.8402489186318925,1.0,0.5,0.5,0.8,93,1340.1423658984015,379718.9326823741
30,59,1.290252457104552,1.4422511916242509,1.443800188832303,1.5969330154490085,1.2925023545119498,0.10041112963526808,0.8788250850128968,1.0,0.5,0.5,0.8,96,1398.555890300909,381582.4360592917
30,60,1.2707983980366735,1.4130103373504848,1.4183358709969682,1.6588397487491204,1.281241141694886,0.10019842144812836,0.8403197359910592,1.0,0.5,0.5,0.8,101,1346.414433302298,397987.6237323415
30,61,1.2719412071272393,1.409549708909276,1.4147022932657412,1.6684938987710862,1.278202169911859,0.10020940308601364,0.8426588078156001,1.0,0.5,0.5,0.8,104,1319.9421151558645,398936.8265088822
30,62,1.2797702864109628,1.412879566490398,1.4178631847655194,1.6258606544996237,1.2825998105180911,0.10037619881064348,0.8582102969873955,1.0,0.5,0.5,0.8,110,1346.9488863543977,398395.2005735759
30,63,1.2860969018597812,1.417281792099095,1.4201208635045153,1.6355857074905382,1.2882555797973156,0.10038670827868741,0.870860790157168,1.0,0.5,0.5,0.8,111,1493.497264873038,411540.3503094624
30,64,1.2787178932652417,1.4072491607250694,1.4120608859401402,1.6291211253834084,1.2958176028199129,0.10035937978140227,0.8561807435784685,1.0,0.5,0.5,0.8,112,1353.211152889132,398279.72880630137
30,65,1.2795918759246763,1.4079856297730935,1.4127921970895183,1.634090587633504,1.279751037051342,0.10033690611075068,0.8579528963680266,1.0,0.5,0.5,0.8,113,1351.629474342344,398387.3821581439
30,66,1.2796013848409413,1.4073890334403525,1.412172845632068,1.6293367048536667,1.281830500811822,0.10031578786402529,0.8580005563872557,1.0,0.5,0.5,0.8,114,1362.125299111431,399624.4463887682
30,67,1.2807529086897973,1.4080850782145857,1.412851794447768,1.638517147364594,1.282320958849603,0.10032988330962664,0.86029513360857,1.0,0.5,0.5,0.8,115,1368.0423291105071,399870.4013863695
30,68,1.2862049840852703,1.4136416060857053,1.4204845152026797,1.6644556870355047,1.2911579823276123,0.10055131350686905,0.8709928136006619,1.0,0.5,0.5,0.8,116,1460.5166383151443,407380.3855787402
30,69,1.2872020143646214,1.414467446129966,1.421303923968232,1.6394915477271002,1.2875280378712186,0.10050382722786147,0.8730364480095245,1.0,0.5,0.5,0.8,117,1417.4827054559614,408043.7571779575
30,70,1.2865816295368633,1.4104958432756716,1.4172065545341284,1.6485153471228842,1.300953423235443,0.10048025010174204,0.8718593033583945,1.0,0.5,0.5,0.8,118,1448.5889700271182,408550.2669044965
30,71,1.281508064569647,1.402783679372262,1.4073230994260943,1.6422519608168105,1.283982054851692,0.10050211596787353,0.8617055387080752,1.0,0.5,0.5,0.8,120,1382.7125922882117,409049.6817486838
30,72,1.2843619988389052,1.4055010492873272,1.4100353451741536,1.6494946270827828,1.2845632108183076,0.1005202726160171,0.8673968375834209,1.0,0.5,0.5,0.8,121,1406.4643642783874,409068.4732562669
30,73,1.2852756125926947,1.40593849665537,1.410454939038035,1.6499763348465004,1.285922525503316,0.10047624504484076,0.869273578717749,1.0,0.5,0.5,0.8,123,1416.1771254875378,410440.10544440086
30,74,1.2844904531389012,1.4068186417888842,1.4155421177150433,1.6612605407327814,1.2884577081803885,0.10054526879436292,0.8676455732245516,1.0,0.5,0.5,0.8,124,1416.9912357054704,409370.8985053369
30,75,1.2743274003383065,1.3879627859569306,1.3901432637393636,1.6551658255702852,1.294706170392402,0.10050231704158889,0.8474148192938922,1.0,0.5,0.5,0.8,125,1289.9066237201555,401983.4112963504
30,76,1.2751719278531177,1.388028567544234,1.3901798207030143,1.668077649991145,1.278264924351406,0.10043646712054717,0.8491782171588198,1.0,0.5,0.5,0.8,126,1292.5468351476986,402006.2679012012
30,77,1.2748082391026152,1.3899408085221936,1.3963220681885675,1.676307387627039,1.276093845843087,0.10053572751559918,0.8483556018343782,1.0,0.5,0.5,0.8,127,1282.6111688647063,402250.6113694077
30,78,1.2758315081786868,1.3879103727736197,1.390032446413169,1.6765573414891577,1.2773743343891304,0.10045230334933766,0.8504901938681201,1.0,0.5,0.5,0.8,128,1295.0936625082954,401937.18353921786
30,79,1.2700096068792912,1.3783178381468082,1.380298553546548,1.6118382035575711,1.277903369856604,0.10086473357433681,0.8384731786546927,1.0,0.5,0.5,0.8,130,1498.2962046742805,396977.3012239394
30,80,1.2717690934943926,1.379193635591403,1.3811411732003918,1.6127943321284701,1.2733669122070972,0.10084211380737824,0.8420237693085634,1.0,0.5,0.5,0.8,132,1542.8398448419423,399149.9963093679
30,81,1.2803592318005599,1.3876257912026602,1.3895674035916548,1.6929663838819848,1.280717727229895,0.10057329946749852,0.8594744665365335,1.0,0.5,0.5,0.8,133,1392.905308027407,405367.29279904894
30,82,1.2761849245258952,1.3829757705877213,1.3848995446446368,1.698285571265915,1.2779554009936644,0.10035681936470801,0.8513471849860924,1.0,0.5,0.5,0.8,134,1309.2904678850043,402533.32459547895
30,83,1.2690664658727966,1.3692953896737956,1.3709731654941972,1.6293155905841183,1.297639380609716,0.10083424070289879,0.836697137391232,1.0,0.5,0.5,0.8,135,1462.353567844035,397026.5272785052
30,84,1.2688564374674711,1.368352742570996,1.3700030583370288,1.6241967943584195,1.2717904625611025,0.10089593940516076,0.8362223159902171,1.0,0.5,0.5,0.8,136,1469.9022975974074,395338.73233893095
30,85,1.269703428831148,1.366961292537334,1.368527712057121,1.627471335926005,1.279259752131495,0.1008510796632243,0.8379819653917225,1.0,0.5,0.5,0.8,137,1478.2350376641557,396640.7007108671
30,86,1.268710788589193,1.3649322523034912,1.366459855905617,1.6338571024186914,1.272988945619296,0.1008557273805468,0.8360015189720938,1.0,0.5,0.5,0.8,138,1474.6327575286898,395323.7314918997
30,87,1.268710788589333,1.3649322523034912,1.366459855905617,1.6338571024186914,1.2684287088977548,0.1008557273805468,0.8360015189720938,1.0,0.5,0.5,0.8,139,1474.632758552242,395323.7315195905
30,88,1.2690680905803755,1.36514612470218,1.3666683270132889,1.6383390753926497,1.2694173432985334,0.10084696071565431,0.8367261943156017,1.0,0.5,0.5,0.8,140,1472.6420829792016,395428.3625024197
30,89,1.2696431594341415,1.3638612397756935,1.365313759319626,1.6457465295987483,1.2734619129240186,0.1008349467019086,0.8379050903904061,1.0,0.5,0.5,0.8,142,1464.9574297622958,395618.3111007381
30,90,1.2706463022187262,1.3618454030159444,1.3652571930772543,1.6860802041479306,1.2895266083491936,0.10068737787235156,0.8400968931868154,1.0,0.5,0.5,0.8,143,1468.0260708004755,394840.9115005813
30,91,1.2728099558815227,1.3592661513415916,1.3604278463962842,1.6887120140647078,1.2800743504598144,0.10080473392695546,0.8443354646815118,1.0,0.5,0.5,0.8,145,1505.790850093059,395855.0873500692
30,92,1.2726902794097465,1.3573362678615362,1.3584301679695252,1.6997296129308521,1.27511591957981,0.10076320621039998,0.8441524488506357,1.0,0.5,0.5,0.8,148,1514.039617870859,395976.0820499882
30,93,1.271883089713683,1.3559996859507604,1.3570737590138668,1.7112065449154117,1.273979235144094,0.10080679868363655,0.8424987475037253,1.0,0.5,0.5,0.8,149,1514.6095680982835,394612.04552681657
30,94,1.2724782814757982,1.357296525341815,1.3604692570088628,1.720747315296317,1.2749945975767614,0.10080642708438683,0.8436945103983925,1.0,0.5,0.5,0.8,150,1495.109155540776,394339.1311178195
30,95,1.272355716627155,1.3549741183298574,1.3580644711282714,1.7143518948450287,1.2818073483578045,0.10079791547576451,0.8434752895958985,1.0,0.5,0.5,0.8,151,1524.956065362422,395688.5492027315
30,96,1.2722958095540737,1.3546273703636118,1.35770697964614,1.7183214314035702,1.2733389334756207,0.10080404945712691,0.8433515823786205,1.0,0.5,0.5,0.8,152,1520.511881863976,395542.1115961186
30,97,1.2728287556422724,1.3536425360526356,1.3566653084654978,1.726062477957552,1.2759536165997936,0.10080115472312516,0.8444321192561348,1.0,0.5,0.5,0.8,154,1516.6594525934845,395767.8817114301
30,98,1.2726181762466133,1.3545143422004242,1.359650021831646,1.7351323192045407,1.2734848629686382,0.10078722406336019,0.8440267723320038,1.0,0.5,0.5,0.8,155,1509.0101837772288,395481.0279698169
30,99,1.2674885990727427,1.3470476560221365,1.3500234387256138,1.7238780537210605,1.2717200511875775,0.10051263635812999,0.8340499013788574,1.0,0.5,0.5,0.8,156,1529.7521337461565,395162.61202449433
30,100,1.2486095643191553,1.3288678169693482,1.3360145438964128,1.721410773143636,1.2570063865810315,0.10089817647115085,0.7959209780459667,1.0,0.5,0.5,0.8,157,1347.0332948875755,379151.0370023557
30,101,1.250902961844428,1.3309107333117678,1.3380480703427797,1.7234857039411378,1.2509831075862283,0.10105255829581043,0.8003552777143673,1.0,0.5,0.5,0.8,161,1340.8971854849242,379308.5056342427
30,102,1.2445435401702971,1.3231353095257377,1.3302196397122295,1.7288108609512767,1.2505729571945947,0.10095541676703253,0.7877440001043456,1.0,0.5,0.5,0.8,162,1348.1113712539188,378717.8830445846
30,103,1.2426607380029917,1.3207952245016386,1.3278624253005464,1.7404784285091406,1.2444650168570952,0.10093627788477662,0.7840008482677326,1.0,0.5,0.5,0.8,163,1369.2154511145288,378739.62556859583
30,104,1.254336917829072,1.3278775221629977,1.332700321542398,1.7438996736509567,1.26859678378829,0.10067194886449901,0.8076410521891976,1.0,0.5,0.5,0.8,164,1337.16743416147,377333.10479256784
30,105,1.2563758710486597,1.3299502085707011,1.3368466876961707,1.7544544040486607,1.2590450521134495,0.10076149804634896,0.8116384653199787,1.0,0.5,0.5,0.8,166,1328.8973515851053,377467.5940824972
30,106,1.2687608576215732,1.3458077004151445,1.35905142056659,1.8214872225758552,1.2691248496014484,0.10097248934274194,0.8362008433847083,1.0,0.5,0.5,0.8,170,1430.2501839153329,378002.8803290242
30,107,1.2643395718017323,1.3338200484139109,1.3405632791515227,1.7990038657312086,1.2681174218302453,0.10067736876170408,0.8276777398610292,1.0,0.5,0.5,0.8,174,1293.4645118839303,378914.8716100212
30,108,1.2546698820636837,1.323766585577774,1.330495451443202,1.8009299524186921,1.255355749721548,0.10084547857730279,0.8081728156621771,1.0,0.5,0.5,0.8,176,1284.7829765180893,378118.9591367429
30,109,1.2562859825870534,1.3236123569352816,1.330274953822103,1.8196997502208232,1.2587321955826762,0.10043119327023249,0.8118309906138086,1.0,0.5,0.5,0.8,179,1399.5623276169656,378836.3987360472
30,110,1.2592929353241722,1.3246645116055886,1.3312539517693964,1.815246797214159,1.2676984358141135,0.10043262906132615,0.8178560362595461,1.0,0.5,0.5,0.8,180,1372.7438906333325,377471.6288097796
30,111,1.2562750987749443,1.3230685016257928,1.3338560055570352,1.8400389196419709,1.2590191194303384,0.10067223806658454,0.8115891080212748,1.0,0.5,0.5,0.8,182,1363.2828927628643,377640.8512659441
30,112,1.2580709610085046,1.321612054305756,1.332277862788351,1.8344547117309915,1.2718665933965367,0.10060004052281586,0.8152727263625861,1.0,0.5,0.5,0.8,183,1374.1246970550003,377500.9404981736
30,113,1.2581028220963015,1.3212688930079781,1.3319206491803381,1.8429856277290473,1.259643461685757,0.10067506144358611,0.8152637522488624,1.0,0.5,0.5,0.8,184,1364.8963338185902,377644.0020504971
30,114,1.2559895161034458,1.316248588124753,1.3267915849548186,1.8558998589535867,1.268610994487072,0.10066161294165603,0.8110680006934718,1.0,0.5,0.5,0.8,185,1333.7846667034398,378257.57503339497
30,115,1.2578970568806964,1.31561842624247,1.3260664819278842,1.85110474730261,1.2689262856519519,0.1005857246741632,0.8149737853217658,1.0,0.5,0.5,0.8,186,1371.3893739259263,377680.11256595457
30,116,1.2594549982161949,1.316136062308177,1.3265452115644978,1.8561389612761656,1.2639098822748653,0.10064262041781558,0.8180387371734463,1.0,0.5,0.5,0.8,187,1352.4993779402887,378646.6718246352
30,117,1.255539555628177,1.3135724917061045,1.3281770547910479,1.9144838616357847,1.255905830759593,0.10045369619736726,0.8104041585200177,1.0,0.5,0.5,0.8,199,1382.0833570517468,378813.82238887605
