Run,Equation_Index,Hybrid_MSE_Train,Hybrid_AIC_Train,Hybrid_BIC_Train,Hybrid_MDL_Train,Hybrid_PSM_Train,Extrapolation_Divergence,Sensitivity_Interpolation,Sensitivity_Extrapolation,Lambda1,Lambda2,Lambda3,Complexity,MSE_Test_Interpolation,MSE_Test_Extrapolation
1,0,0.871215746469741,0.8312552169956254,0.8249598445385407,0.47404566020169053,0.0,0.0,0.0,0.0,0.7,1.0,0.6,1,10286.624177713587,158278.9699778364
1,1,2.22890697124465,2.4851405679911815,2.475432910763975,2.13452902185295,1.8990268177187883,0.12828101628117744,1.0,1.0,0.7,1.0,0.6,2,11427.059340302818,161249.52647437155
1,2,2.6943403797798235,3.055565007993368,3.044373347623069,2.715397803651751,2.3454331685151555,1.0,1.0,1.0,0.7,1.0,0.6,5,11151.08105462072,33309737.99954164
1,3,1.5123549954906261,2.014625122725554,2.003854646630551,1.6965798712955973,1.7700661558408064,0.10365018004061122,0.6863261885648526,1.0,0.7,1.0,0.6,6,2149.4440052956274,43591.50640074312
1,4,1.73050186515029,2.2316957621470968,2.2193041980197203,1.933855189334663,1.8961312794972272,0.1070866752768013,1.0,1.0,0.7,1.0,0.6,8,1602.463686924459,26487.14000757375
1,5,1.7236497490731035,2.2179902787647854,2.205087708832395,1.9214137667284557,1.7321175127802193,0.10707660986201786,1.0,1.0,0.7,1.0,0.6,9,1113.605029891313,23934.41692252201
1,6,1.7007367825438306,2.1514344263420484,2.13806002319455,1.8751428768107883,1.9811603428410356,0.10943276106252935,1.0,1.0,0.7,1.0,0.6,10,261.05886586369587,18140.84416516063
1,7,1.6975138783394597,2.133791160882162,2.1156051869769557,1.851491335676831,1.7101103118961998,0.10974481742246475,1.0,1.0,0.7,1.0,0.6,12,804.2788151999499,40989.641696839855
1,8,1.6968020757488675,2.1310778408656135,2.112797695339344,1.8536734654953637,1.6821604353055193,0.10947419541243153,1.0,1.0,0.7,1.0,0.6,14,812.007567273187,41224.99079373278
1,9,1.689839182998346,2.1108896606395167,2.0981890643697185,1.853804782223302,1.719733147228149,0.1050737626208641,1.0,1.0,0.7,1.0,0.6,16,575.9555698534022,12461.227427205577
1,10,1.6858463852323737,2.084602359279292,2.072993791010792,1.8468633235293388,1.7038012838625405,0.1050673062957587,1.0,1.0,0.7,1.0,0.6,20,531.5980440429088,8434.067362305748
1,11,1.6810697949836868,2.043340529650269,2.030214071696784,1.818298565336824,1.7625712511430658,0.10424601444792518,1.0,1.0,0.7,1.0,0.6,22,584.2715181412958,6892.8928143255125
1,12,1.6799731855336586,2.024436173987866,2.010591709731909,1.8078904434078251,1.7150210367895045,0.10473554962982694,1.0,1.0,0.7,1.0,0.6,24,550.1115604664066,6306.17332446121
1,13,1.679038511026313,2.0002892268529924,1.987592690883274,1.7982349783568474,1.7310523771751476,0.10564753131378912,1.0,1.0,0.7,1.0,0.6,26,469.64364409541344,6574.683707900798
1,14,1.6790141857426053,1.995747978724308,1.9828737789525444,1.8127883337552624,1.6950345459608842,0.10596340510985743,1.0,1.0,0.7,1.0,0.6,27,265.54922018841006,7442.874214494483
1,15,1.6767706916085392,1.9796337329597624,1.9682869526188957,1.8107498157824966,1.707578915499023,0.10381702570795251,1.0,1.0,0.7,1.0,0.6,29,460.5429291724453,5187.1709011385055
1,16,1.6772851846202417,1.9787004422357066,1.9672969782087018,1.8169343999105907,1.6769651384342077,0.10465479073573361,1.0,1.0,0.7,1.0,0.6,31,441.6534957443611,6164.610997686485
1,17,1.6772249217347661,1.9755652402877861,1.966112810919518,1.8256023191831647,1.6927652046810402,0.10482932786897377,1.0,1.0,0.7,1.0,0.6,32,375.108214039359,8242.151996789195
1,18,1.6769904849649993,1.9708133562674668,1.9591147131919207,1.8202023720164666,1.6885662581976875,0.10469187273691882,1.0,1.0,0.7,1.0,0.6,33,429.9647283058075,6022.958989457219
1,19,1.6769215084219078,1.969236370020932,1.9616206754562877,1.8432301543727232,1.6794281872336594,0.10481920247008525,1.0,1.0,0.7,1.0,0.6,36,381.1814466261596,7974.155222302194
1,20,1.6778676420562002,1.9595392186639837,1.943228686561827,1.8090496657783728,1.6866448428204,0.10645804804699202,1.0,1.0,0.7,1.0,0.6,38,475.14779107922175,6020.193991531305
1,21,1.6778567010511414,1.9510431114035027,1.9344048721219278,1.7982823622260797,1.7135873812704592,0.1068698092747363,1.0,1.0,0.7,1.0,0.6,39,465.34484020068857,9440.263989288327
1,22,1.677267148638197,1.9325759134408673,1.915250527628796,1.7882386900487082,1.714950374918518,0.10680117876151132,1.0,1.0,0.7,1.0,0.6,41,405.9479462656321,7461.943895662888
1,23,1.6771021383802944,1.9263515948066265,1.908794091930369,1.7925766918832564,1.6883787195999833,0.10679690377608138,1.0,1.0,0.7,1.0,0.6,43,375.4818255992956,7183.344706892895
1,24,1.6769672178476496,1.920980372834129,1.9032226058117065,1.7943671576749507,1.6865100785597842,0.10679261074753577,1.0,1.0,0.7,1.0,0.6,45,346.75881560812775,6916.645330855716
1,25,1.6773589277191174,1.920090214009111,1.9043548601148967,1.8211316372351631,1.686914458310834,0.1074422985798903,1.0,1.0,0.7,1.0,0.6,46,377.5203890609821,8230.190318264858
1,26,1.6773054077795582,1.9160414477034347,1.900153554365858,1.828055982550305,1.6842043260662671,0.10749910765940171,1.0,1.0,0.7,1.0,0.6,48,369.33173413673904,8013.847901537985
1,27,1.6772072167160994,1.9123344516190959,1.8963089022429567,1.8282335705154593,1.6833116068005132,0.10747446365722571,1.0,1.0,0.7,1.0,0.6,50,372.97486824512026,8251.646590563685
1,28,1.6771418274052317,1.9093469211361804,1.8932099492065029,1.836111679802788,1.6817702001970285,0.107471559694674,1.0,1.0,0.7,1.0,0.6,52,344.18736390039885,7976.457144598159
1,29,1.6771278845990811,1.90916342987513,1.8930200840265932,1.8394682928781863,1.6759784361092436,0.10745680885351164,1.0,1.0,0.7,1.0,0.6,53,348.9512392484472,8041.0892180529745
1,30,1.677063008442019,1.9063344937488802,1.89008587928303,1.8404380749524454,1.687570435863742,0.10744703456612943,1.0,1.0,0.7,1.0,0.6,54,348.1895504843878,8219.758979304483
1,31,1.6770061489386157,1.9035945008412587,1.88724373655239,1.8450166241534491,1.6812090389228822,0.10744407531391069,1.0,1.0,0.7,1.0,0.6,56,320.53660638812585,7950.396880738066
1,32,1.6769097695744377,1.8971227224643523,1.8805294552617822,1.8264788179639755,1.6894714488695843,0.10748371392481379,1.0,1.0,0.7,1.0,0.6,58,310.2269707501366,14147.796466003902
1,33,1.6765189759155268,1.8944469714231431,1.8777668880731593,1.850826925550976,1.6774384237967057,0.10698616694398651,1.0,1.0,0.7,1.0,0.6,62,255.6430913755837,7338.707077775545
1,34,1.6810583360647442,1.8987063418318133,1.8985893226926782,1.9437344376003787,1.6828682607955425,0.11374246534254959,1.0,1.0,0.7,1.0,0.6,77,1021.5917873519608,9749.206007293868
1,35,1.6809579634213239,1.8885211685935746,1.8880220576613964,1.9465041854584593,1.7247378640762348,0.11382452909703619,1.0,1.0,0.7,1.0,0.6,78,821.5340561066191,8745.243536839513
1,36,1.6808819067333811,1.882737625966655,1.8820225154337984,1.9372528772155033,1.7052289532789855,0.1138337131550982,1.0,1.0,0.7,1.0,0.6,79,820.0922622263712,8509.148891515299
1,37,1.6808536745914862,1.8820912730424113,1.8813527722918755,1.9445552709213798,1.6824146073718858,0.11380566320679537,1.0,1.0,0.7,1.0,0.6,80,837.1423913126135,8478.132442885637
1,38,1.6809598530204997,1.8785432301266334,1.8797385254670238,1.9522409417007642,1.7013962106402372,0.114050974278545,1.0,1.0,0.7,1.0,0.6,81,758.263251582437,8472.410755215125
1,39,1.680919183289125,1.874784248305851,1.8758390481396332,1.9488625528889245,1.6881031657087653,0.1140615484646977,1.0,1.0,0.7,1.0,0.6,83,764.2396632278175,8278.261862189907
1,40,1.6808106080448257,1.8715018408280986,1.8745087142854993,1.9486814476265648,1.6897584478970096,0.11398592192602383,1.0,1.0,0.7,1.0,0.6,85,772.9378900243977,8465.54816663752
1,41,1.680780938558081,1.8711426184863882,1.8741370583994383,1.972722566763697,1.6804950353355443,0.11394922038362951,1.0,1.0,0.7,1.0,0.6,87,795.4212364902066,8428.077984822608
1,42,1.6808022372628146,1.8697107043902386,1.8726502691056202,1.9755040810784847,1.6830233542457673,0.11400447417461068,1.0,1.0,0.7,1.0,0.6,89,719.465542531803,8467.779876659371
1,43,1.681600118180691,1.8662152315134866,1.8710647579169666,2.0410211791717625,1.6827411206008027,0.1152369201091703,1.0,1.0,0.7,1.0,0.6,101,799.2798168614581,26407.47935432817
1,44,1.6815998299624684,1.8675165057171363,1.8744872107196704,2.079464708436624,1.6806941065274228,0.11523692010917037,1.0,1.0,0.7,1.0,0.6,105,804.2589964566322,26443.11102438246
1,45,1.681490330343053,1.8681581727527101,1.8793012427593556,2.086080657721963,1.6847930598923089,0.11511065834354184,1.0,1.0,0.7,1.0,0.6,107,809.6929880879884,25614.4243343959
1,46,1.6814565740122518,1.8633164952373296,1.8722062501389058,2.0955697039338053,1.6844335529413565,0.11511608947672117,1.0,1.0,0.7,1.0,0.6,111,831.9769690831102,25896.778002402647
1,47,1.6814522275527275,1.864314801199367,1.8753143759702922,2.112543596468396,1.6812990549871842,0.11511478861957063,1.0,1.0,0.7,1.0,0.6,113,816.8365575446666,25560.267805180123
1,48,1.680019943946423,1.8605999203204884,1.869441403651369,2.1223526805635453,1.6796295904597005,0.11308306306949163,1.0,1.0,0.7,1.0,0.6,122,755.6613302643258,17347.636948770563
1,49,1.6799893509216357,1.8589645614726864,1.86774555075296,2.129023405243282,1.682717780043431,0.11306329229286649,1.0,1.0,0.7,1.0,0.6,124,759.4304375471365,17786.11069787879
1,50,1.679001502758882,1.8563452077528484,1.8650646980518628,2.146567419799313,1.681759596302678,0.11167571715111643,1.0,1.0,0.7,1.0,0.6,126,681.0302917994343,18538.745607075933
1,51,1.6788996595956949,1.848236915011396,1.8587269549560248,2.1726387911493026,1.7194249501930021,0.11165886711356272,1.0,1.0,0.7,1.0,0.6,127,689.2223023278217,21560.368116979487
1,52,1.6789121085909167,1.8439646393327256,1.8563655131717853,2.178118816358688,1.690625848047036,0.1117483214893128,1.0,1.0,0.7,1.0,0.6,129,714.7311400620987,21614.26331264874
1,53,1.6788479069812934,1.8391567087209588,1.84723481202357,2.1549882619938407,1.6827903404001772,0.11168223657807841,1.0,1.0,0.7,1.0,0.6,131,697.520806808772,21104.763856838286
1,54,1.6788516302915562,1.8392091483674453,1.851433383298379,2.1633082479332977,1.6839575251992631,0.11171878483139072,1.0,1.0,0.7,1.0,0.6,133,690.606319061827,21720.660209336595
1,55,1.6788754432220574,1.8357888862706777,1.8458114198065223,2.184153525979278,1.6875928487469225,0.11177756702886954,1.0,1.0,0.7,1.0,0.6,134,698.7462052450098,22292.727297837435
1,56,1.6785399636643499,1.8305779173194514,1.850778187912915,2.3033325092077086,1.68098555066361,0.11142400424892743,1.0,1.0,0.7,1.0,0.6,151,636.1082280310703,19020.237885662027
1,57,1.678462733385619,1.8199139860140403,1.8376443176015105,2.27592159998704,1.7188238455531542,0.11140461267160824,1.0,1.0,0.7,1.0,0.6,152,649.8108362235711,19116.127675067342
1,58,1.6784588399792795,1.8211353482902606,1.8409839493683422,2.3162563419127076,1.6781283851638586,0.11139999416794419,1.0,1.0,0.7,1.0,0.6,155,654.9193266735008,19718.07460839653
1,59,1.6784691896163744,1.819872443458289,1.8396732349118503,2.3065494544947733,1.6836171018503463,0.1114266265427287,1.0,1.0,0.7,1.0,0.6,156,660.5139928052162,19010.06196992295
1,60,1.6785312552697813,1.8171172336686507,1.8368122568344294,2.316932185717517,1.6904912723959336,0.1115409243578758,1.0,1.0,0.7,1.0,0.6,157,690.5714690058016,19371.84903533944
1,61,1.6785945363414316,1.8198761539437025,1.845889182634965,2.4128251752347882,1.6784834172960093,0.11164279297038919,1.0,1.0,0.7,1.0,0.6,174,660.1484965818973,19524.96141752148
1,62,1.678632714115062,1.819768117463385,1.8457756574370845,2.421372307876372,1.6788342358503847,0.11169862647689051,1.0,1.0,0.7,1.0,0.6,175,681.0237050878505,19302.12113134041
2,0,0.4813338179857977,0.7681299901840379,0.7594796628731127,0.4169201092736187,0.0,0.0,0.0,0.0,0.7,1.0,0.6,1,22969.17131771125,128048.94307720996
2,1,0.4796841795824958,0.7677860082217846,0.7591228554725568,0.4182656292067485,0.0007482182416398234,0.0,0.0,0.0,0.7,1.0,0.6,3,22982.411558226275,120405.70483524496
2,2,1.7716187605041394,2.145324547340709,2.136559779465044,1.8063997480538232,1.468964882157328,0.11564323775222218,0.6993123408696587,1.0,0.7,1.0,0.6,4,10078.72090323426,78912.1343973389
2,3,1.9724674227369574,2.415633709773863,2.4075920653971314,2.0907329822266023,1.8238474339858866,0.12391987365290824,1.0,1.0,0.7,1.0,0.6,5,8805.809126726605,57724.79927382822
2,4,1.7068493148428874,2.1698528019899985,2.1550345712155643,1.8751676172256624,2.678165301096322,0.11166471585188839,1.0,1.0,0.7,1.0,0.6,6,764.0981457059149,20486.942948758235
2,5,1.7066322147615276,2.1676985576002434,2.150727512736298,1.865262347829796,1.6814120999436546,0.11166063244925792,1.0,1.0,0.7,1.0,0.6,7,756.8293375660895,20425.887198448843
2,6,1.7032020844947615,2.1542547097837215,2.136784198009806,1.8539493146894839,1.732761311813126,0.11158026416897937,1.0,1.0,0.7,1.0,0.6,8,630.7485773659342,19263.55375076328
2,7,1.7009433094708557,2.1461763757628955,2.130476867511348,1.865209920235801,1.7190415194451738,0.11158728993956471,1.0,1.0,0.7,1.0,0.6,9,500.83386864079455,12105.163830870382
2,8,1.698911726085365,2.1368131496650857,2.1207428555881824,1.850737914686416,1.7311412002165838,0.11240939111645491,1.0,1.0,0.7,1.0,0.6,10,270.7205936652667,9942.354626126946
2,9,1.6952481770010128,2.116341443133386,2.101580102122752,1.8381927580460689,1.721856271554171,0.11240939111645491,1.0,1.0,0.7,1.0,0.6,12,149.1908695765097,9477.278531549826
2,10,1.6949405101127781,2.114477540146731,2.099646443946225,1.8440755195663465,1.6827789548336942,0.11241397364882752,1.0,1.0,0.7,1.0,0.6,14,145.39726070352154,9320.097054185908
2,11,1.6935312182723856,2.111750031148986,2.0968601098368307,1.8504892364904904,1.681048483611292,0.11077490661744585,1.0,1.0,0.7,1.0,0.6,16,176.3296054569292,9492.71558780755
2,12,1.6945596386301656,2.1117508116789363,2.098878475835204,1.8631409853095948,1.6911890772892613,0.11287958674532732,1.0,1.0,0.7,1.0,0.6,17,85.35215990816467,9410.124618498305
2,13,1.6931555782650838,2.1045385823771623,2.091409202297391,1.8597989637647139,1.6942576478464861,0.11242031352954715,1.0,1.0,0.7,1.0,0.6,19,68.75962024454924,9419.357191348305
2,14,1.6905573065581394,2.095711323551896,2.0802460916329464,1.852710172361879,1.702332036122859,0.10989157109693175,1.0,1.0,0.7,1.0,0.6,20,264.76804346275105,10711.576822910822
2,15,1.6963115643231337,2.089364271599059,2.0733817669844643,1.8513832379802615,1.7439958331832384,0.1206291832020642,1.0,1.0,0.7,1.0,0.6,21,256.071959041618,2578811.553385981
2,16,1.6892096197661006,2.030146308697157,2.0140919005807514,1.805183243951924,1.8114664604838544,0.11815469096940816,1.0,1.0,0.7,1.0,0.6,23,195.4020730431737,2496517.703707229
2,17,1.6890284106239326,2.026134153136971,2.0099267273578247,1.810332089653727,1.691829233003848,0.11828249201186165,1.0,1.0,0.7,1.0,0.6,25,200.0383086831805,2489470.538080929
2,18,1.6880984432606962,2.009572218647914,1.9968844283107354,1.8285775301837233,1.7113213466493353,0.11857251200047406,1.0,1.0,0.7,1.0,0.6,28,158.76668335359963,2489931.9475663924
2,19,1.6878843715638951,2.0050375724903238,1.99217983149112,1.8315373384071938,1.6930006795015302,0.1186032764079858,1.0,1.0,0.7,1.0,0.6,30,145.01643448782517,2491481.163699562
2,20,1.692706296696279,2.005912980781315,1.9908299985666424,1.8340654300211825,1.6901424543429915,0.12570139101277936,1.0,1.0,0.7,1.0,0.6,36,84.73656511793459,4030471.1398884966
2,21,1.6924266356490425,2.0052558952119086,1.992228484969933,1.8418363604341228,1.6948267656547906,0.1254135803768914,1.0,1.0,0.7,1.0,0.6,37,80.55414186588344,3928505.354504824
2,22,1.692179791928369,1.9997388081711667,1.9865050644659297,1.8404517122894828,1.7120423050193558,0.12543220130830718,1.0,1.0,0.7,1.0,0.6,38,79.12742994596788,3924633.9277733406
2,23,1.6915180158971168,1.9847320763883167,1.9709394489076186,1.83409393251039,1.7205971487444098,0.12539445467424087,1.0,1.0,0.7,1.0,0.6,40,71.0827181837418,3928437.848496521
2,24,1.6901630577533306,1.9567470651693837,1.943996771825819,1.8102479611890647,1.8141168081115242,0.12486766561197712,1.0,1.0,0.7,1.0,0.6,41,81.34344864429465,3754460.865751624
2,25,1.690221715915774,1.955991762616649,1.9432102075288475,1.8168597634738934,1.689326636218254,0.12498649969797812,1.0,1.0,0.7,1.0,0.6,43,90.6533062751404,3750516.699728715
2,26,1.6898678880585964,1.9537183859119938,1.940863073042438,1.8257093613985083,1.6958512197858662,0.1245624752134528,1.0,1.0,0.7,1.0,0.6,44,95.23201255397656,2317586.0229312214
2,27,1.6896045017366426,1.9324365503519352,1.9208478026994733,1.8155794616233054,1.7379616844038401,0.12502512229717183,1.0,1.0,0.7,1.0,0.6,46,80.37899073401375,2312804.382344449
2,28,1.6894748014642533,1.9279325092497581,1.9161768494897964,1.8189226801487832,1.6974086102977193,0.12498318069945431,1.0,1.0,0.7,1.0,0.6,48,78.02617973288083,2317884.365142873
2,29,1.6895321487271717,1.9205128631935287,1.9105439581877088,1.81764080068068,1.726418065209197,0.1253265416210675,1.0,1.0,0.7,1.0,0.6,49,103.6702284870032,2312257.5549238967
2,30,1.6892951487582035,1.9088284827227193,1.8984243186249166,1.8221365563207974,1.7048175150374676,0.1253008323744536,1.0,1.0,0.7,1.0,0.6,52,103.55220298479271,2321919.217882198
2,31,1.6892198898068704,1.9077321548007595,1.8972892734753861,1.8436518282188539,1.688563926842221,0.12521933188529633,1.0,1.0,0.7,1.0,0.6,57,95.28259536217696,2322253.619401275
2,32,1.6891603780174447,1.9060001533463433,1.8996370251037549,1.8492709389717183,1.7079635810549605,0.12524702042426575,1.0,1.0,0.7,1.0,0.6,58,47.24857459268158,2342288.878755333
2,33,1.688588071328334,1.8843622949506393,1.8792734293971414,1.8393086430764187,1.7366039638922581,0.12490715921335771,1.0,1.0,0.7,1.0,0.6,60,31.95035657383368,2367973.6034291377
2,34,1.6885730680676154,1.8809626753726874,1.8757458922566226,1.8471351400494114,1.694973899726774,0.12494965827673354,1.0,1.0,0.7,1.0,0.6,62,34.44638387944184,2363333.936107036
2,35,1.6882398625459927,1.8800369079772268,1.8747977181230442,1.8502531020396966,1.6897638270299944,0.12448460006975233,1.0,1.0,0.7,1.0,0.6,63,37.01900260841847,2359310.899985998
2,36,1.6885642279742452,1.8800633425917428,1.8768848644360498,1.8570985347693538,1.6947357295799295,0.12497788934256844,1.0,1.0,0.7,1.0,0.6,64,45.06409965642364,2351892.3256924027
2,37,1.6881966010852314,1.869927212769205,1.864307891692857,1.8491246495199283,1.7246066778112734,0.12459926305741147,1.0,1.0,0.7,1.0,0.6,65,41.78899512237284,2356152.555457276
2,38,1.6883358086517721,1.860050992719648,1.8561259303220554,1.8581873786857392,1.7125947083590103,0.12497622825389756,1.0,1.0,0.7,1.0,0.6,67,44.90441223639053,2344087.961351537
2,39,1.688333779987921,1.8611800329026305,1.8593696971728235,1.8814367589694116,1.6879167995165179,0.12497622825389758,1.0,1.0,0.7,1.0,0.6,69,45.362787585662566,2343819.83393612
2,40,1.6884635071431102,1.859141074828917,1.8551769037216284,1.8820962841586222,1.6888627746586313,0.12517393205159488,1.0,1.0,0.7,1.0,0.6,72,53.87960697244855,2351720.4801451745
2,41,1.688294763496784,1.8575041682218147,1.8534846617610956,1.8760339202632785,1.6907165167476204,0.12495422016451423,1.0,1.0,0.7,1.0,0.6,74,40.45036565739774,2344856.58519215
2,42,1.6883675867233907,1.8580882117221509,1.8561600690549325,1.8908651295373513,1.6911586968818182,0.1250699811155925,1.0,1.0,0.7,1.0,0.6,75,51.46929319122008,2340802.1552802688
2,43,1.6884529832984088,1.8540403634454696,1.8498844473695604,1.8965645470077326,1.7000759004243466,0.1252315670692603,1.0,1.0,0.7,1.0,0.6,76,44.50483600830288,2346319.7812623745
2,44,1.6884496894221042,1.8550247951021634,1.8529781596011907,1.9078436670770373,1.6884117114000006,0.1252315670692603,1.0,1.0,0.7,1.0,0.6,78,44.68764184891281,2346132.03055254
2,45,1.6889005311922638,1.855722545054093,1.8619736401603535,1.9571494278894668,1.689882686349364,0.1259439964530962,1.0,1.0,0.7,1.0,0.6,91,43.74625250816721,2343773.6123031066
2,46,1.6847320949310074,1.8301176629504754,1.8169127180093478,1.9514422461871463,1.6925689200363796,0.12010951658998317,1.0,1.0,0.7,1.0,0.6,96,679.5512807439305,12824839.538624687
2,47,1.6847000446929852,1.8302307859334106,1.8191034594477826,1.962974099746122,1.6866511532872708,0.12007767295080571,1.0,1.0,0.7,1.0,0.6,98,701.9723487077001,12835648.199372243
2,48,1.6849260711729492,1.8281418009335817,1.81692743635926,1.9610914185846533,1.694112997485071,0.12042646448994972,1.0,1.0,0.7,1.0,0.6,99,693.6175142327736,12826078.9047046
2,49,1.6846623798064981,1.8267310165576807,1.8175457056643025,1.9712150593166151,1.6948857430933204,0.1200776729508057,1.0,1.0,0.7,1.0,0.6,100,709.5499100663984,12837632.930726023
2,50,1.6846083423948155,1.8249444519517977,1.8136218049600883,1.970123106191052,1.6857921141915764,0.12000501977292441,1.0,1.0,0.7,1.0,0.6,101,704.1745238559167,12835050.517324004
2,51,1.6846526579753678,1.8230237141403052,1.8136993967826536,1.975934803045046,1.6986061823003364,0.12010455549831556,1.0,1.0,0.7,1.0,0.6,102,729.5112918486755,12841528.663889894
2,52,1.684651169335023,1.8228252318493205,1.8134934907562088,1.975754101403734,1.6849415512563652,0.12010455549831553,1.0,1.0,0.7,1.0,0.6,103,730.6904175513288,12841816.179071764
2,53,1.6856712319814973,1.819792200038758,1.8103081366523797,1.98924036917853,1.7030081416332248,0.12160465973790442,1.0,1.0,0.7,1.0,0.6,104,711.2976450317823,11347259.02163041
2,54,1.6855931633387295,1.8175349110710273,1.807968959013353,1.9952563543266666,1.689867439604103,0.1215154606111187,1.0,1.0,0.7,1.0,0.6,106,727.6526772373264,11350506.79475388
2,55,1.6835360261130554,1.8108295199592406,1.8010889506393526,1.9970702289285258,1.6932863176179556,0.11862269539564965,1.0,1.0,0.7,1.0,0.6,108,702.3081018047154,11408330.775804356
2,56,1.6848398205830102,1.812123175223225,1.8023822394531295,2.0144797740195277,1.6843845956118155,0.12048535671659766,1.0,1.0,0.7,1.0,0.6,109,811.6466017030335,11356125.415296309
2,57,1.6842662380512952,1.8041754685026574,1.7900131373256571,1.9950242346244353,1.7046055405508236,0.1197104803492991,1.0,1.0,0.7,1.0,0.6,110,747.9686174581553,11340532.73056074
2,58,1.6842006624301193,1.8053265353491437,1.7932821237883383,2.0241783394392874,1.6838956126808085,0.11961782324638497,1.0,1.0,0.7,1.0,0.6,113,798.2977703175831,11352149.939573113
2,59,1.6842509429307229,1.801496761183604,1.789306693326011,2.0247179508937716,1.7009079993833622,0.11972464833785482,1.0,1.0,0.7,1.0,0.6,114,770.7235567378372,11344437.162985578
2,60,1.683857331779607,1.7867836926904808,1.7740563448429056,1.9938970738634767,1.715037643137522,0.1192802019862906,1.0,1.0,0.7,1.0,0.6,116,754.8745900882346,11345590.805909496
2,61,1.6835680529638757,1.7808766845368207,1.770010980794459,2.0103836417849386,1.6985330723984648,0.11891822788911029,1.0,1.0,0.7,1.0,0.6,118,794.218219753274,11303978.63509874
2,62,1.6835746323929812,1.7812432561834033,1.772463385606681,2.018907619362103,1.6875385075937444,0.11893452769695315,1.0,1.0,0.7,1.0,0.6,119,802.4241045926552,11320129.082905456
2,63,1.6855043564236687,1.7764313023804266,1.767398716078044,2.04324430068122,1.7148635871747882,0.12173721659555348,1.0,1.0,0.7,1.0,0.6,120,785.6124823249669,11354003.908095002
2,64,1.6855040105584496,1.772542437621432,1.7633641225744463,2.0478846601997462,1.6937999377333361,0.12176188334924498,1.0,1.0,0.7,1.0,0.6,122,777.8000487419598,11352563.26802216
2,65,1.685335110252407,1.7698354714254556,1.7584897100684844,2.0247795991055146,1.690362503053544,0.12152817203972696,1.0,1.0,0.7,1.0,0.6,123,766.9399087619007,11351859.127947532
2,66,1.6854803435453576,1.7654744039761585,1.7539598042776268,2.028924695124622,1.705060057697409,0.12176321677987448,1.0,1.0,0.7,1.0,0.6,124,799.2399231466546,11356119.588894472
2,67,1.6854803435512475,1.7654744039820578,1.753959804283526,2.0369824376939927,1.6852344381017597,0.12176321678830218,1.0,1.0,0.7,1.0,0.6,125,799.2399235486749,11356119.588922467
2,68,1.6854010546461584,1.762831953439688,1.7512213386055109,2.0386199130825076,1.6964356513951895,0.12166507061607543,1.0,1.0,0.7,1.0,0.6,126,786.7715638987005,10865884.719879167
2,69,1.6892919203934422,1.7680392595569203,1.7585503414677088,2.068614936998105,1.6890667198153468,0.12722353198109596,1.0,1.0,0.7,1.0,0.6,132,1093.1058139652716,11379664.625426266
2,70,1.6914681219015755,1.7639073747515432,1.7583269820970795,2.074059710122912,1.7306650850297234,0.13038227931740015,1.0,1.0,0.7,1.0,0.6,133,1081.6358859083066,11376465.346966214
2,71,1.691545786609442,1.763872489081416,1.75828785914242,2.1155062107414917,1.6914011552035548,0.13049383247364904,1.0,1.0,0.7,1.0,0.6,142,1080.649209607972,11379873.150022443
2,72,1.6911422876744386,1.756713405386574,1.7529482798620508,2.142882025364079,1.726498158407058,0.129958639707555,1.0,1.0,0.7,1.0,0.6,143,1087.1432557484106,11380036.38884865
2,73,1.691079408444279,1.753520733812027,1.74963843435006,2.1358180028198404,1.697798424015509,0.12988390089061358,1.0,1.0,0.7,1.0,0.6,145,1077.550242202892,11378447.231490336
2,74,1.6914200442695204,1.7538302031254407,1.7520191346502139,2.1618520349979446,1.694248319114907,0.13037692248005756,1.0,1.0,0.7,1.0,0.6,147,1075.494996493066,11379079.997840794
2,75,1.6914155081166893,1.7529194882845185,1.751074505621414,2.156808448918634,1.6932512115600677,0.13037465828715375,1.0,1.0,0.7,1.0,0.6,149,1080.5623533576793,11382139.984422348
2,76,1.6914153365795461,1.7555210645336574,1.7579183304094985,2.198194028492981,1.6913201662778512,0.13037465828715375,1.0,1.0,0.7,1.0,0.6,153,1080.936387567261,11382210.721983723
2,77,1.6910877444754822,1.7586270051618924,1.7673699850196138,2.273912321251681,1.6911086107806508,0.12990920374016793,1.0,1.0,0.7,1.0,0.6,167,1059.6578342687856,11376591.650841376
2,78,1.6905677229807248,1.7586159500789247,1.7694504142831544,2.2829169928048607,1.692220456932255,0.12917007880026998,1.0,1.0,0.7,1.0,0.6,169,1053.1304601465504,11374292.483534208
2,79,1.690890452574381,1.7584467526050518,1.7692628004666138,2.307352236578508,1.6911743648508826,0.12963335638892567,1.0,1.0,0.7,1.0,0.6,174,1054.504899104184,11377150.31799974
2,80,1.690508690939435,1.7601985477073763,1.7752392759315123,2.314177934365151,1.6926530938506423,0.12909034605206726,1.0,1.0,0.7,1.0,0.6,175,1063.7561339375104,11376433.15298728
2,81,1.69046751877553,1.7593470042943036,1.7743574152349986,2.3325261799359724,1.692104958021432,0.12903517939717324,1.0,1.0,0.7,1.0,0.6,177,1064.2668130455447,11376556.719772706
2,82,1.6905766334951497,1.7540727634236015,1.7688817366292797,2.3616296694058856,1.6938290038580481,0.12921456671433224,1.0,1.0,0.7,1.0,0.6,184,1094.4727484969062,11377657.627132175
2,83,1.6903579023132207,1.751048437373898,1.7636800186125705,2.362566599296255,1.6935615878261685,0.12890847759740273,1.0,1.0,0.7,1.0,0.6,186,1054.8923031259512,11373889.794904169
2,84,1.6903502974011935,1.7497013502169616,1.7643552196514771,2.3753208103411585,1.6960139052919154,0.12890847759740273,1.0,1.0,0.7,1.0,0.6,188,1059.9352721282926,11374845.01687715
2,85,1.6904944103989012,1.7504054999126049,1.7671527506005278,2.403252523434185,1.6908636665525454,0.12911746750912595,1.0,1.0,0.7,1.0,0.6,195,1060.120186185593,11376069.73034076
2,86,1.6903484991675177,1.7514876302541826,1.7724257200605602,2.4240420233172464,1.6933756245475267,0.1289147563734862,1.0,1.0,0.7,1.0,0.6,197,1061.5818351370729,11374733.84310725
3,0,0.655981339199184,0.8096563740906726,0.8025552586788254,0.4546992613641596,0.0,0.0,0.0,0.0,0.7,1.0,0.6,1,36207.57608657014,163847.4660444819
3,1,1.1090988164176308,1.3116745983392661,1.3021653325005973,0.960480244543698,0.5512916718138341,0.08353130833331296,0.09094446250040047,0.6026619072591327,0.7,1.0,0.6,2,31572.2820258114,146505.51596146805
3,2,0.42640080167603206,0.7573946096503467,0.7504163556161608,0.4085270285695306,0.14748350587624856,0.0,0.0,0.0,0.7,1.0,0.6,3,27485.799891121114,125339.9143317226
3,3,1.9816961827420845,2.397011240208837,2.386831536415727,2.065015950935425,1.8062728131897399,0.09982439802236313,1.0,1.0,0.7,1.0,0.6,4,14222.487103164429,143811.66364551964
3,4,1.8122675572944984,2.314981235032242,2.3042163861621896,1.9852575822596719,1.813933266938835,0.08441067357685808,1.0,1.0,0.7,1.0,0.6,6,4267.667472928242,40846.6913587874
3,5,1.76937507673246,2.283442388104021,2.273517510945202,1.96278074446978,1.7351015121968092,0.0865550768930703,1.0,1.0,0.7,1.0,0.6,8,2993.989549994183,32551.939631327044
3,6,1.767188060065401,2.281430408382835,2.271428686589192,1.967231761058227,1.6651526366051943,0.08662240871409149,1.0,1.0,0.7,1.0,0.6,10,2985.257581624023,32718.8902921485
3,7,1.7999949090330167,2.313222733471418,2.3009506576124386,2.0144669038026857,1.7156053801034776,0.13961220218439713,1.0,1.0,0.7,1.0,0.6,11,3296.552662167086,235065.16723915708
3,8,1.7902769136642007,2.301845001575674,2.2887743288774396,1.9981543364407992,1.8011314366185984,0.15393938612645935,1.0,1.0,0.7,1.0,0.6,12,175442.77029969022,331141.73196384136
3,9,1.6951677280907487,2.1695033788572426,2.1553225600491968,1.8783030521553088,1.850625973538734,0.08675638454894959,1.0,1.0,0.7,1.0,0.6,14,1263.6197241088378,19114.083841578667
3,10,1.6915024731535016,2.148449016853924,2.133331615450263,1.866999742203575,1.7747715250771727,0.09254279639498333,1.0,1.0,0.7,1.0,0.6,15,977.5243352321156,17485.28645635026
3,11,1.69616355182881,2.151448699709972,2.1362465157827697,1.8998001076349302,1.6717224757787252,0.10007448720648704,1.0,1.0,0.7,1.0,0.6,21,1250.1586246876168,23009.771155598573
3,12,1.6932001842829156,2.128136165461721,2.1119464869866427,1.8821487445749434,1.7888244239382671,0.10458527314440916,1.0,1.0,0.7,1.0,0.6,22,849.0389562717642,30040.480660135865
3,13,1.6919063926013385,2.1217909242017488,2.105367071276045,1.888100122638475,1.700517884660989,0.1044894961970142,1.0,1.0,0.7,1.0,0.6,23,562.7580261026204,27265.18597139953
3,14,1.6896495431615564,2.109088566541084,2.092190379242751,1.8854356753140076,1.7009801390548396,0.10450619445586243,1.0,1.0,0.7,1.0,0.6,25,815.653742719482,29133.66654586151
3,15,1.686535450899525,2.087365180389923,2.071714920629915,1.8622180980504042,1.7248501907623743,0.1050501029664522,1.0,1.0,0.7,1.0,0.6,27,569.3938224995405,119014.7661059108
3,16,1.68597685135166,2.082776890115481,2.066954014969258,1.8670415242482745,1.6837081952904982,0.10510654099433865,1.0,1.0,0.7,1.0,0.6,29,538.9343024316863,119027.45544247632
3,17,1.6849632338354161,2.0755233645318025,2.059435374149798,1.8778440751660916,1.704552256909865,0.1048957759747575,1.0,1.0,0.7,1.0,0.6,30,426.8766975356768,1380885.7662907876
3,18,1.6845339366046899,2.0710627940678,2.0568713459292685,1.8610823403577137,1.7001742229651442,0.10526799542234748,1.0,1.0,0.7,1.0,0.6,31,457.5962683745639,119133.19541266274
3,19,1.683737443515994,2.0635833368498875,2.049105921536773,1.857825461129976,1.7145933186504676,0.10553314514691323,1.0,1.0,0.7,1.0,0.6,32,270.6372629639752,2488113.103665824
3,20,1.682435106123593,2.0565361912322806,2.04182214133643,1.8547108019509158,1.6999696172293945,0.10452711844691805,1.0,1.0,0.7,1.0,0.6,33,278.4618884893173,2472752.448494743
3,21,1.6821334302030975,2.045011809369639,2.0298429266142506,1.8442485968231468,1.7210705475998092,0.10547992922105749,1.0,1.0,0.7,1.0,0.6,34,230.08546963816087,1505463.1194136646
3,22,1.6817473708404793,2.0402360172238376,2.0248885260122553,1.849896526434223,1.6843315414683335,0.1054962702016132,1.0,1.0,0.7,1.0,0.6,36,220.2503803717337,1505933.4859701816
3,23,1.6781308934194232,2.005987828262094,1.991482386691509,1.8368907044866525,1.8228695722535675,0.10369044478277092,1.0,1.0,0.7,1.0,0.6,37,159.1786799640394,2488031.719449509
3,24,1.6767685833976325,1.993284693022637,1.9783320195515373,1.8288292826634933,1.7243851961556156,0.10267091524068157,1.0,1.0,0.7,1.0,0.6,38,163.97234298581762,2472806.1465107314
3,25,1.6763845893288511,1.987252293484664,1.97207794926875,1.8268450841386858,1.6978153868705843,0.10254199408097926,1.0,1.0,0.7,1.0,0.6,39,177.37804034106412,2460987.748918953
3,26,1.676355931611761,1.9838105847225602,1.9705728019115036,1.8324618685104657,1.6937815484139493,0.10283360461977135,1.0,1.0,0.7,1.0,0.6,40,140.02712067770253,2580040.7477631182
3,27,1.6779852768724717,1.985781362209749,1.9746270125153722,1.850384121556592,1.676009972660919,0.10523074155504501,1.0,1.0,0.7,1.0,0.6,42,229.69575246550485,2456749.6258377223
3,28,1.6778539915118293,1.9823329445362958,1.9710491181847938,1.8472779851172723,1.6888890302747446,0.1052631316072719,1.0,1.0,0.7,1.0,0.6,43,218.99297285110143,2477148.6185736274
3,29,1.677436219766118,1.9745636462157123,1.9629935872409874,1.8358725491655545,1.706996424173373,0.10512348126287799,1.0,1.0,0.7,1.0,0.6,44,225.30037169061947,1484238.236163366
3,30,1.6770404599681181,1.9627394612263345,1.9507262459708512,1.8434326973876662,1.6996618151926182,0.10520393389648545,1.0,1.0,0.7,1.0,0.6,46,194.7745400383781,1535514.6635187604
3,31,1.6769872439310518,1.9598086216083788,1.9476840762104404,1.848081111489173,1.6802274772682204,0.10527831342421996,1.0,1.0,0.7,1.0,0.6,48,202.35910474738083,1532908.5482144912
3,32,1.6755377389692554,1.9369436021002695,1.921923276423859,1.8285998943546882,1.7637744365232182,0.10413784844037337,1.0,1.0,0.7,1.0,0.6,49,302.2046271112104,12197.942989620156
3,33,1.6750017466669656,1.9094558679028935,1.8954762004061139,1.813088898338108,1.7365373832141549,0.10438603420095718,1.0,1.0,0.7,1.0,0.6,51,204.05269579520748,872948.6104131882
3,34,1.6750110305160502,1.9080633563859006,1.8940302808708704,1.8192342250492528,1.6762450468031007,0.10444214122899542,1.0,1.0,0.7,1.0,0.6,53,218.70681955498347,872334.524981459
3,35,1.6746959974841005,1.897483090880888,1.8789160274225112,1.8089430206966277,1.689981120696364,0.10421434244437122,1.0,1.0,0.7,1.0,0.6,55,165.82744752669993,302416.7242713079
3,36,1.6758518964603248,1.904471432212552,1.898555951174166,1.8859309908551873,1.675543029429691,0.10592618365997228,1.0,1.0,0.7,1.0,0.6,62,196.0619126054955,1557836.218331743
3,37,1.6748826329064346,1.8891497161571857,1.8826891971028497,1.8758202998640798,1.7371268718596484,0.10490504557003857,1.0,1.0,0.7,1.0,0.6,63,249.70446847167185,1544905.1643624392
3,38,1.6748180061902294,1.8892112612874592,1.8848273192189127,1.8969740283283292,1.6787684260718065,0.10484106747222663,1.0,1.0,0.7,1.0,0.6,64,240.725240650528,1481234.7360645137
3,39,1.6746613349505037,1.8805564659912033,1.8737786780915147,1.8833091576325733,1.7055520287204313,0.10477979357226821,1.0,1.0,0.7,1.0,0.6,65,216.9521778388017,927210.3503707084
3,40,1.6747017166752247,1.875254811569607,1.8682748297929819,1.8902223030101726,1.6851745629777533,0.10494837328686155,1.0,1.0,0.7,1.0,0.6,67,248.1828877082405,921776.9987883932
3,41,1.6745526647324418,1.8750086099841177,1.868024955055939,1.8899927022473664,1.6737892199696427,0.10473761966935198,1.0,1.0,0.7,1.0,0.6,68,194.1081466072752,762766.3591736967
3,42,1.6745703443908027,1.8702409434318614,1.8651481631248523,1.896232943466111,1.7005081416277785,0.10488379001692057,1.0,1.0,0.7,1.0,0.6,69,180.83662582359543,940016.2157769653
3,43,1.6744608369943568,1.8714514421983077,1.8684804831819246,1.9276046779994083,1.6733158548789282,0.10472749220463196,1.0,1.0,0.7,1.0,0.6,74,201.2090595143553,927298.4644816974
3,44,1.6743660517798613,1.8675105619812373,1.8602501500461361,1.9286240709890086,1.6805768161606234,0.10462357233047641,1.0,1.0,0.7,1.0,0.6,75,202.4112127188808,798521.0158258675
3,45,1.6743225949617093,1.863834020862586,1.8585084126472453,1.9442188093463613,1.6835080829747313,0.10464671754736751,1.0,1.0,0.7,1.0,0.6,77,201.20590532421795,922857.2214822096
3,46,1.6742680461479384,1.859767623652798,1.8542905040821358,1.9530801529102257,1.6820426509853994,0.10463875889592185,1.0,1.0,0.7,1.0,0.6,79,176.4391518315781,924047.6949394244
3,47,1.674217923006509,1.8567477450774885,1.8511585846043412,1.950332870451914,1.686077035604284,0.10461649345532031,1.0,1.0,0.7,1.0,0.6,80,177.81082350780775,799125.1931515743
3,48,1.6741710956400637,1.850688915868214,1.8448727030199135,1.9410482152319286,1.7019581619009405,0.10465472110115695,1.0,1.0,0.7,1.0,0.6,81,201.73019761920185,620936.0330263993
3,49,1.6739396243990612,1.8353264013745423,1.8289401273214079,1.943543663694439,1.7055994049308825,0.10453756250658383,1.0,1.0,0.7,1.0,0.6,83,155.20890593015997,623746.9829061436
3,50,1.6739770994517276,1.8344726921213224,1.8301249882838473,1.9501429603403646,1.6781401956179711,0.10462072765998318,1.0,1.0,0.7,1.0,0.6,85,178.055396626409,621097.6642551501
3,51,1.6739827745890996,1.8328609915705432,1.8284524038815126,1.9566686584771946,1.6768336468115033,0.1046500312216189,1.0,1.0,0.7,1.0,0.6,87,164.3851429264007,623485.2837486928
3,52,1.6739338082964843,1.8318875370163799,1.827444134295273,1.9597681616607674,1.6772885158425725,0.10459199080286848,1.0,1.0,0.7,1.0,0.6,88,171.74773493836884,622246.301341593
3,53,1.673914691472564,1.8313979084673209,1.8269367826800171,1.9792590678676234,1.6752789249562534,0.10457071749673183,1.0,1.0,0.7,1.0,0.6,89,169.9068875601892,621888.7819159596
3,54,1.673880931962147,1.8299230670268032,1.8254077598983596,1.965969884372167,1.6795492138261552,0.10454080548850331,1.0,1.0,0.7,1.0,0.6,90,167.7689681012654,622071.8800660388
3,55,1.6739904541934396,1.8316870774125253,1.8313782813023072,2.0141573435717337,1.6739282965011588,0.10470981784183082,1.0,1.0,0.7,1.0,0.6,97,166.43599018604857,622168.0786988644
3,56,1.6740059844760076,1.8310813118540161,1.8307491255261188,2.0176442264465697,1.6760678534797724,0.10473974984457726,1.0,1.0,0.7,1.0,0.6,98,168.04477969793192,621869.4866311783
3,57,1.6739996439729667,1.830963643219829,1.8306272607191674,2.041708740554215,1.6734747875195457,0.10473205789212617,1.0,1.0,0.7,1.0,0.6,101,167.2132152021737,621870.5817085203
3,58,1.6744213879214316,1.824584416673249,1.8198478401921951,2.0585385713611566,1.6763856167481945,0.10538484235987203,1.0,1.0,0.7,1.0,0.6,108,169.54242758935715,716054.8079652091
3,59,1.6744207529976936,1.8258346120669127,1.8232173054092908,2.0720425597659973,1.673938142196143,0.10538484235987203,1.0,1.0,0.7,1.0,0.6,110,169.6712048304581,716025.6923691066
3,60,1.6744260817465948,1.82122305648784,1.8142877114827076,2.0510800227278394,1.6824555372504584,0.10541550902415726,1.0,1.0,0.7,1.0,0.6,111,187.75206770365023,633110.8047825263
3,61,1.674356898275049,1.8214786745284663,1.816627750087108,2.0637919158222386,1.678156151717543,0.10532827690991584,1.0,1.0,0.7,1.0,0.6,112,187.9241999081028,703840.6756377707
3,62,1.6743570080591978,1.8203672457005973,1.8154744823709605,2.070851965590215,1.676194724721002,0.1053411682785366,1.0,1.0,0.7,1.0,0.6,114,170.5263758962833,634907.1656497696
3,63,1.6743772839393607,1.8174193602392688,1.8124150363195275,2.0762535667781554,1.6803319697534143,0.10540340644500852,1.0,1.0,0.7,1.0,0.6,116,186.128468845798,633241.5665796184
3,64,1.6745188758322231,1.8173695005921187,1.8123579449458584,2.088311309888555,1.674348727474507,0.10560779678930184,1.0,1.0,0.7,1.0,0.6,118,177.30691202770754,633318.0471651619
3,65,1.6745248586860169,1.8179804902168808,1.8150639207123023,2.1138120319946094,1.6755302828411738,0.10562427193129913,1.0,1.0,0.7,1.0,0.6,120,176.88239808644445,714693.2425391516
3,66,1.6744419144704632,1.8163923457700988,1.8113469770216444,2.099516954354505,1.6746641018580468,0.10550778287638748,1.0,1.0,0.7,1.0,0.6,121,178.73892539910702,633293.8344844253
3,67,1.6745368584350482,1.8168729472508347,1.8139142717030396,2.1168848875119113,1.6780895154403583,0.10565359344383751,1.0,1.0,0.7,1.0,0.6,122,184.34593759864435,632862.4288398764
3,68,1.6743745560983414,1.8153682450387625,1.8123591148029354,2.1195894446805497,1.676773216775469,0.10543618319801418,1.0,1.0,0.7,1.0,0.6,124,179.35974783060604,633067.9258075659
3,69,1.6744705348034872,1.8143588085835884,1.8113081396316462,2.1268238908744745,1.6787764192041972,0.10558499850804262,1.0,1.0,0.7,1.0,0.6,125,185.1700227441044,632693.933932494
3,70,1.6744718165741257,1.813588604943777,1.8105089433877715,2.130198050046343,1.6773200445956267,0.10559493535928344,1.0,1.0,0.7,1.0,0.6,126,181.3889128421744,632868.6093371469
3,71,1.674467083704792,1.8127330410199347,1.8096214008991267,2.1334963686424784,1.6776715829378364,0.10559704179829957,1.0,1.0,0.7,1.0,0.6,127,186.81112047610205,632409.584395465
3,72,1.6749235008074481,1.8143894185818494,1.813395089722483,2.143988752591487,1.6749373483282266,0.10625038750032471,1.0,1.0,0.7,1.0,0.6,128,204.31402215835303,622886.1448081447
3,73,1.6744172490861389,1.8113333105492986,1.8102431670444759,2.16583910812691,1.6776371615313543,0.10555325860496845,1.0,1.0,0.7,1.0,0.6,131,163.98119924296668,716392.7766044223
3,74,1.674551816720335,1.8094143654748556,1.8061748474154249,2.1735360163156128,1.6750943495515669,0.10575280266550854,1.0,1.0,0.7,1.0,0.6,134,181.44573098197225,715090.0280638726
3,75,1.6746845504448835,1.8100227638685453,1.8088733474019816,2.20166172359814,1.6751046518304236,0.10595092263134617,1.0,1.0,0.7,1.0,0.6,138,196.5713860155368,633775.0817280113
3,76,1.6724746766054763,1.808558293978051,1.8136535919925758,2.2845667477891864,1.6728721952475536,0.10282567327663358,1.0,1.0,0.7,1.0,0.6,154,148.61887776294887,1023309.0794189794
3,77,1.6724683084679794,1.808920949478293,1.8161023454178027,2.2988419825696544,1.6740743890692924,0.10282567327663358,1.0,1.0,0.7,1.0,0.6,156,149.48488402432085,1022890.0513551808
3,78,1.672362969419591,1.8034491173962999,1.8021399867329992,2.2010534156932935,1.6721288560596341,0.10267574192385201,1.0,1.0,0.7,1.0,0.6,157,148.9601048988014,1022930.2091633189
3,79,1.6724663919956466,1.8099579586888028,1.8192506217138131,2.3136751415072285,1.6729917932750982,0.10282567327663358,1.0,1.0,0.7,1.0,0.6,158,149.14167340322282,1023014.4595721049
3,80,1.6723367080637521,1.7990662800177506,1.8017380571133232,2.2672361255101623,1.7017821744646304,0.10270261510022435,1.0,1.0,0.7,1.0,0.6,159,145.69100432006607,854347.0532042043
3,81,1.6723344807545488,1.800030944458526,1.804811337078605,2.290671996898646,1.6726847490937575,0.10270261510022435,1.0,1.0,0.7,1.0,0.6,161,146.12341450024823,854186.053387686
3,82,1.6722959953322754,1.801210880904586,1.8081092841482334,2.307122248931593,1.6720939484790502,0.10264859628734443,1.0,1.0,0.7,1.0,0.6,163,146.05821563577754,854197.2505678666
3,83,1.672304820153692,1.8009788801438993,1.8078682314971872,2.3110605900477963,1.6729258707507717,0.10266332437402267,1.0,1.0,0.7,1.0,0.6,164,149.86667711245988,853710.3782770762
3,84,1.6739810928211334,1.7953875414891276,1.7916427400681325,2.2366851715438156,1.6739386181550278,0.10506355486248983,1.0,1.0,0.7,1.0,0.6,171,142.01274768709152,855149.6091247319
3,85,1.6729247975771888,1.8021681353905392,1.8152956960946822,2.3893915524491796,1.6847860641172412,0.10357851579076875,1.0,1.0,0.7,1.0,0.6,172,167.7778314472337,1019698.00117504
3,86,1.6727715172355464,1.7968199659365722,1.8097525988271155,2.4100797875692446,1.6781025465105364,0.10340253878551102,1.0,1.0,0.7,1.0,0.6,176,161.39960510493148,852892.6309801255
3,87,1.672819191932291,1.7946402548269544,1.80748931411151,2.415468743234383,1.675712256933624,0.10348839704873876,1.0,1.0,0.7,1.0,0.6,179,157.4718531942839,853708.9173509157
3,88,1.6730320670996064,1.79427526058381,1.8133196047486932,2.5214305162124417,1.6737951596153966,0.1038276260057085,1.0,1.0,0.7,1.0,0.6,197,163.1531467109028,850171.3031632307
4,0,0.6613177079514263,0.799741089978058,0.792270077111153,0.44540925778114493,0.0,0.0,0.0,0.0,0.7,1.0,0.6,1,6684.8808261776,126497.49233665376
4,1,2.2159918677919346,2.47675175400463,2.466960318991182,2.1263509695400087,1.7782252383641595,0.11950453956257043,1.0,1.0,0.7,1.0,0.6,2,12030.081635000812,161249.52647437155
4,2,2.17585086241004,2.6735893520067058,2.6735893520067058,2.3046042191842675,1.698940319779748,0.10512764572386524,1.0,1.0,0.7,1.0,0.6,3,10121.545958754365,44705.184299540975
4,3,1.9486512672675014,2.3853100618185428,2.374613503659367,2.049515676045146,1.931989434061442,0.10289890716781576,1.0,1.0,0.7,1.0,0.6,4,3150.3705696536404,45978.71982736994
4,4,1.4326538080674882,1.926871948581789,1.9187541596445343,1.6143547260618147,1.3527569228719694,0.10328980214474974,0.5832761762724511,1.0,0.7,1.0,0.6,6,1763.7550304910071,48193.45475939316
4,5,1.6882383283419604,2.1547869081328392,2.1422259165808795,1.8708237712910805,2.0435620489340525,0.08307222158983509,1.0,1.0,0.7,1.0,0.6,8,738.7323961748367,25254.531953485504
4,6,1.682780526840995,2.1334904673666144,2.12011677156655,1.8592398842681734,1.7063520898869657,0.08377122093979734,1.0,1.0,0.7,1.0,0.6,10,830.5573281182235,26582.88535265288
4,7,1.6799117628991787,2.113789812289592,2.099611361914748,1.8478920099289122,1.7550652616091047,0.08644322137864405,1.0,1.0,0.7,1.0,0.6,11,485.4034230892795,16315.096987512845
4,8,1.6785909331704536,2.103983069921729,2.085291985910989,1.8256502228776799,1.6920102240939334,0.08650233826226741,1.0,1.0,0.7,1.0,0.6,12,587.1617091775979,17118.7297159334
4,9,1.6673325209065775,2.0447626439065263,2.0281218468581113,1.7935879012061666,1.9180193423632304,0.0821194759684431,1.0,1.0,0.7,1.0,0.6,13,397.0661475138871,41393.214585064445
4,10,1.6732371477363492,2.036453109123157,2.0192294461682816,1.795111910126467,1.6979250961774808,0.09257189373947829,1.0,1.0,0.7,1.0,0.6,15,510.3894191462345,888674.894831191
4,11,1.6800499412118697,2.0469370878875437,2.0339954364390156,1.8380652819057062,1.6716606748509655,0.10230942097737797,1.0,1.0,0.7,1.0,0.6,19,553.074503579956,7699.143392369876
4,12,1.6789771361503285,2.0320918254002747,2.018595216714404,1.8146015384304128,1.7313952611810257,0.10235050291963936,1.0,1.0,0.7,1.0,0.6,20,447.1596294102456,8678.518845615014
4,13,1.677814351715003,2.0140323924166212,1.997789592759545,1.8028450283810313,1.7449441778321155,0.10234741398348586,1.0,1.0,0.7,1.0,0.6,21,477.254936785869,16267.955093265278
4,14,1.6756528510076576,1.9708099500622422,1.9529518938643529,1.7729101439260075,1.7665279879684843,0.10245358909014154,1.0,1.0,0.7,1.0,0.6,23,143.6605444639202,13510.576424723651
4,15,1.6755500565263608,1.9679454928480995,1.9499800619612082,1.782961114982767,1.6780361895081448,0.10247385210524881,1.0,1.0,0.7,1.0,0.6,25,154.52033408459687,13594.721281707569
4,16,1.675538927289712,1.967780299027123,1.9498088956135762,1.7828121025665382,1.6724297702722533,0.10246712823180759,1.0,1.0,0.7,1.0,0.6,26,147.2922423973356,13529.679512806786
4,17,1.6756547246794158,1.9673303790502068,1.9493370063928568,1.7917945303299136,1.6744470466338877,0.10266611234777645,1.0,1.0,0.7,1.0,0.6,27,148.59385198417948,13558.844356964628
4,18,1.6756785781596686,1.9626216395357834,1.9465151903162714,1.7943177127151162,1.699870493379526,0.10304859535668034,1.0,1.0,0.7,1.0,0.6,28,182.45060211978569,6934.338382969487
4,19,1.6753282624767598,1.9514740857157284,1.9349500622501954,1.7877359536695017,1.7212574716650262,0.1031128583400244,1.0,1.0,0.7,1.0,0.6,29,191.93492555291672,6958.266903133316
4,20,1.6751414152481123,1.9486303172432171,1.9320038222221751,1.7754856732916915,1.6839287066896573,0.10297299012602017,1.0,1.0,0.7,1.0,0.6,30,268.3563434638502,7920.383865312409
4,21,1.6749685008782729,1.941710188602761,1.9248238275545462,1.7726423036405414,1.7026359732967489,0.10303770950062907,1.0,1.0,0.7,1.0,0.6,31,283.585064280688,7964.144726527707
4,22,1.6747582564502936,1.9341273930905882,1.916957766105916,1.769199487682389,1.7053995538974531,0.10305327221685874,1.0,1.0,0.7,1.0,0.6,32,184.4135789395412,11724.76450577426
4,23,1.6744807291531503,1.9235830645462308,1.9060199432037401,1.7631120262791984,1.7185806461071715,0.10305943880178522,1.0,1.0,0.7,1.0,0.6,33,212.257287976596,7713.828230758411
4,24,1.6742538958177358,1.9133364497268364,1.8953903963261958,1.7572429665013298,1.7168876509419433,0.10308468747697574,1.0,1.0,0.7,1.0,0.6,34,207.8937328127172,7420.930249541499
4,25,1.6741272251786534,1.9062517706567892,1.8880403046305005,1.7542472585921063,1.7033444019917243,0.10312670507400915,1.0,1.0,0.7,1.0,0.6,35,213.18401495130283,7393.533832772336
4,26,1.674045223699748,1.9015326299767432,1.8831444522078078,1.7533826334717117,1.6929424704921345,0.10314938672777882,1.0,1.0,0.7,1.0,0.6,36,212.6029392623552,7219.456338438063
4,27,1.673990797623257,1.8975126331748573,1.8789735885074657,1.7531514458467479,1.689950261731814,0.10318595654785272,1.0,1.0,0.7,1.0,0.6,37,219.2614604713135,7243.180579068764
4,28,1.6739629218466172,1.894880173924928,1.876242066287587,1.7541707971530234,1.6838840130116344,0.10321868476317472,1.0,1.0,0.7,1.0,0.6,38,225.673649535939,7265.881716712856
4,29,1.673954670190469,1.893356407636067,1.8746606817367488,1.7561893740825218,1.6790384704036634,0.10324821186966056,1.0,1.0,0.7,1.0,0.6,39,231.82847470001823,7287.563723988283
4,30,1.6739611094066271,1.8927090128750144,1.8739884305704821,1.7589977884653463,1.6752103711189013,0.10327503560971203,1.0,1.0,0.7,1.0,0.6,40,237.7263079898929,7308.256690424586
4,31,1.6739023986719683,1.890046992108518,1.871227462402508,1.7599855935422486,1.6838958885718562,0.10326015149726735,1.0,1.0,0.7,1.0,0.6,41,217.86638513950464,7146.148085950691
4,32,1.6738957885223242,1.888643772360842,1.8697712206382295,1.7621124894176448,1.6785288171401986,0.10328695734607345,1.0,1.0,0.7,1.0,0.6,42,223.16262173034207,7165.537901614038
4,33,1.67374985822175,1.8862529037579145,1.8693668134683445,1.7657682140276525,1.688142512358691,0.10316884079587982,1.0,1.0,0.7,1.0,0.6,43,181.08061065147825,6795.482031037089
4,34,1.6736665161091384,1.878692706475937,1.8615230237262352,1.7624146513939647,1.7055559781748024,0.10322837574264492,1.0,1.0,0.7,1.0,0.6,44,187.10158748534772,6776.470787826756
4,35,1.6736455821838336,1.8761746861490987,1.8589103583501396,1.7636048551612067,1.6833903631659926,0.10325509698795372,1.0,1.0,0.7,1.0,0.6,45,191.49713684197465,6790.873567630053
4,36,1.6735933716650617,1.8727485833928084,1.8553564419243833,1.7675972607103616,1.6872831441449136,0.10325472854894654,1.0,1.0,0.7,1.0,0.6,46,190.11093301193563,6816.770162287491
4,37,1.673590283080634,1.8712828124980745,1.8538352915636804,1.7698008365142814,1.6788003271775533,0.10328169518013426,1.0,1.0,0.7,1.0,0.6,47,194.7870149015904,6831.423384609954
4,38,1.6735944602575263,1.872574637317284,1.8572476980250934,1.7876046528321585,1.6723460568073736,0.10328850722106128,1.0,1.0,0.7,1.0,0.6,51,189.621921049907,6700.527080151663
4,39,1.6729666338093336,1.8663896071155075,1.8487804894510296,1.7829526626113066,1.6905361302989075,0.10247970926340415,1.0,1.0,0.7,1.0,0.6,52,202.5148661339938,6406.968960072109
4,40,1.6735254956128083,1.8634015997811986,1.8435864003318807,1.8051657544166009,1.6756111435168837,0.10332276968206804,1.0,1.0,0.7,1.0,0.6,55,159.55282081167638,7342.717511012118
4,41,1.6735197485209685,1.8629821604189054,1.8431513261048158,1.808245963844365,1.674163126975714,0.10332277879224627,1.0,1.0,0.7,1.0,0.6,56,166.1417361706896,7332.028932783253
4,42,1.6734969908696997,1.8597505254642401,1.8397983615465323,1.8087931771115904,1.686594457740818,0.10335284196665129,1.0,1.0,0.7,1.0,0.6,57,165.31368192356007,7358.36876982994
4,43,1.6734967149613569,1.8597296240815937,1.8397766763759824,1.8122325266831987,1.6724382900613577,0.10335284199206836,1.0,1.0,0.7,1.0,0.6,58,166.40055625724176,7355.192336085871
4,44,1.6734895040620796,1.8564022738288046,1.8363237858891432,1.812695361135921,1.6871175836175811,0.10340512845875553,1.0,1.0,0.7,1.0,0.6,59,174.24637040123514,7394.708217453605
4,45,1.6728075950120602,1.8537401859968035,1.833586934025142,1.8136889619441794,1.6805123839334155,0.10246729268520427,1.0,1.0,0.7,1.0,0.6,60,181.55374271816223,6533.223568174018
4,46,1.67445003101425,1.8504307656439236,1.8300904160800995,1.8310840504351824,1.684410806722084,0.10490128803506635,1.0,1.0,0.7,1.0,0.6,62,187.00147288446624,6841.977844326045
4,47,1.6742379922101,1.8452108480824259,1.824681489234162,1.82995471409953,1.6954942471645276,0.10468267484653919,1.0,1.0,0.7,1.0,0.6,63,188.89735143303787,6958.463600253484
4,48,1.6741580129082245,1.8410918413359676,1.82041014840983,1.8298221231723026,1.6911305475159426,0.10463323805039118,1.0,1.0,0.7,1.0,0.6,64,192.68607795678045,6965.096681548476
4,49,1.6741883360324583,1.8375041046291987,1.8166859775518942,1.8301737110478866,1.6893127167236779,0.10473232414254685,1.0,1.0,0.7,1.0,0.6,65,192.2169495155454,6881.796038160191
4,50,1.6741362290085235,1.8347857097562001,1.8138670800662764,1.8313046715403196,1.6850887483279582,0.10469772334379476,1.0,1.0,0.7,1.0,0.6,66,195.3920667451696,6885.824286872261
4,51,1.6740979926521997,1.8330177067871944,1.812033876822532,1.833292686193635,1.6809209721709997,0.10466836809159334,1.0,1.0,0.7,1.0,0.6,67,198.50856727651865,6890.130289028039
4,52,1.67413273664285,1.831236945966075,1.8101847278720378,1.8352752334861342,1.6813509520469596,0.10474404310307794,1.0,1.0,0.7,1.0,0.6,68,195.05915419512863,6855.824279515989
4,53,1.6741004986564514,1.8297044916002614,1.8085957306389489,1.8374761574357024,1.6799393505583398,0.10471914755057696,1.0,1.0,0.7,1.0,0.6,69,197.89748663258865,6859.001773138051
4,54,1.6740778212137712,1.8288886176488641,1.8077499203371072,1.8403233256406244,1.6767970153264455,0.10469780876859272,1.0,1.0,0.7,1.0,0.6,70,200.67793270117107,6862.395028561958
4,55,1.6739687939040655,1.8273136225963302,1.8061197247484655,1.842480474744716,1.6796769169467636,0.10456225983423806,1.0,1.0,0.7,1.0,0.6,71,199.5921742273388,6935.6645847405125
4,56,1.6714869300345465,1.8233943594734905,1.802146370602566,1.8439359181367396,1.6739053565670008,0.10103626619226418,1.0,1.0,0.7,1.0,0.6,73,114.47084687171196,11358.643266638252
4,57,1.671686266836137,1.820631706505944,1.7992721455880178,1.8555677747091268,1.6840827086314136,0.10136046034536864,1.0,1.0,0.7,1.0,0.6,74,115.80641671213507,11384.512589398337
4,58,1.6721602423481312,1.8048792891556253,1.7829092745622073,1.852682932204024,1.7074003652722753,0.10223301287562303,1.0,1.0,0.7,1.0,0.6,76,47.81308456395616,42421.22835571209
4,59,1.6723732964581473,1.8034234952637136,1.781390775856369,1.8550288572809155,1.6791276671896695,0.10255563743534939,1.0,1.0,0.7,1.0,0.6,77,47.83997657403217,42290.85454950097
4,60,1.672154894984068,1.8018035675277124,1.779718171598823,1.857192329507948,1.677768914559754,0.10225879887030605,1.0,1.0,0.7,1.0,0.6,78,49.00785606119905,42278.57925706689
4,61,1.6719907091318542,1.8009843632295235,1.7788743371319424,1.860082355248407,1.6743163455324659,0.10203126896464931,1.0,1.0,0.7,1.0,0.6,79,50.34619727944367,42267.45868084981
4,62,1.6719435416876864,1.793487438971475,1.7710975110237537,1.862428482811315,1.7043227455607295,0.10204046247863804,1.0,1.0,0.7,1.0,0.6,80,46.13740465025885,43229.12982779467
4,63,1.6708041893807088,1.7949283544474746,1.7767797987555967,1.8994680603216945,1.6703067105952916,0.10041345000105042,1.0,1.0,0.7,1.0,0.6,96,159.6658940116548,7844.086083134355
4,64,1.6707895193086282,1.794777953453834,1.776624321590905,1.9029743689732417,1.6708748854661848,0.10039383320249162,1.0,1.0,0.7,1.0,0.6,97,162.77256721241858,7860.007736916386
4,65,1.6710019945452705,1.7921314034436948,1.7738703725491396,1.9314491877291435,1.6768108758600335,0.10072516075708975,1.0,1.0,0.7,1.0,0.6,99,164.1750775657705,7804.207097671325
4,66,1.6704734749409962,1.7868901781193407,1.7684521706135556,1.9352994867920805,1.68039841365963,0.1000142170482613,1.0,1.0,0.7,1.0,0.6,101,93.41308977612309,3320.4428296396195
4,67,1.6701033570345563,1.7821448827624438,1.7635426520226196,1.9420878931681358,1.674489369428528,0.09952456617696573,1.0,1.0,0.7,1.0,0.6,105,96.07632574014283,3404.3207587287484
4,68,1.6700795281210867,1.7837681370537912,1.7693723032515458,1.984376970599604,1.6702831403711644,0.09949926878265733,1.0,1.0,0.7,1.0,0.6,112,163.572843171991,7480.952184482062
4,69,1.670072757334566,1.783331553652126,1.7689195334352683,1.9877850537120882,1.6715393756341252,0.09949330370630226,1.0,1.0,0.7,1.0,0.6,113,163.2591076216966,7484.318880591025
4,70,1.669942273559541,1.779132525835672,1.7624955337605228,1.9839357938894713,1.681618085007516,0.09933018762800325,1.0,1.0,0.7,1.0,0.6,114,156.5305747483182,6833.52079765778
4,71,1.6698887162108056,1.7750233054527662,1.7603064804724236,1.9890254869338415,1.6932104146381803,0.09929750894595822,1.0,1.0,0.7,1.0,0.6,115,162.6261854762678,6877.778326205144
4,72,1.669860751668859,1.7756297376162795,1.7630090077106089,2.0000679491093143,1.672536171502589,0.09926303191314712,1.0,1.0,0.7,1.0,0.6,116,168.05021227638,6910.737973381107
4,73,1.6697622117786164,1.773803363644547,1.759045505813451,1.9918130900674265,1.671152281915337,0.099125406894624,1.0,1.0,0.7,1.0,0.6,117,165.40968991439672,6895.686463619776
4,74,1.6698772297314495,1.7720467147589813,1.7551463379831054,1.9967963869360137,1.670704251800502,0.09929397275103756,1.0,1.0,0.7,1.0,0.6,119,162.26523021945516,6902.8931722959205
4,75,1.6698726315472774,1.7671572227242054,1.7500736172908415,1.9962424931304064,1.691037383262683,0.09932455191771657,1.0,1.0,0.7,1.0,0.6,120,163.7586084402907,7098.736301790513
4,76,1.6695606999092365,1.7658909875660678,1.748771612754874,2.0027754217645897,1.6713219836092983,0.09888598248854252,1.0,1.0,0.7,1.0,0.6,122,159.92652348064857,7119.243390304071
4,77,1.6694910456769194,1.765880473315379,1.7508356192297758,2.0197349738794776,1.6719489726187393,0.09879573560613589,1.0,1.0,0.7,1.0,0.6,124,156.12995700718702,6759.436903337805
4,78,1.66953126113768,1.7673971836572853,1.7565523793537383,2.0498987220625495,1.6717959013313073,0.0988616771756496,1.0,1.0,0.7,1.0,0.6,126,151.62912617193842,6760.242005352768
4,79,1.6695232297669356,1.767116976429087,1.756261967601478,2.053544522395774,1.6703960636443593,0.09885215399572209,1.0,1.0,0.7,1.0,0.6,127,153.56759510326796,6767.903262320168
4,80,1.6693296568186167,1.762461927451406,1.7472949700525904,2.0369789892880283,1.6769618860529931,0.09858841087307033,1.0,1.0,0.7,1.0,0.6,128,147.25728906690674,6924.690953964147
4,81,1.669064145729787,1.7582809462332634,1.742967194882688,2.037036769515134,1.6859985460674274,0.09823604352317614,1.0,1.0,0.7,1.0,0.6,129,138.97174303359384,6865.406923323108
4,82,1.6690554054904507,1.7578884317748327,1.7425603602446689,2.040533266813636,1.6704469934185795,0.0982261403399607,1.0,1.0,0.7,1.0,0.6,130,140.8748081498004,6873.6362226741085
4,83,1.6690450926429725,1.757766803498292,1.742434503274081,2.0442746373532485,1.669238693540902,0.09821215522344776,1.0,1.0,0.7,1.0,0.6,131,138.1627915450827,6858.2025267181325
4,84,1.6691828331425351,1.7567680513569437,1.7413931609778341,2.051090207559035,1.671392055238135,0.09841650896270995,1.0,1.0,0.7,1.0,0.6,133,140.9244303687934,6855.494656229802
5,0,0.46548864924325534,0.7650486538829759,0.7562834037952797,0.41419702504863926,0.0,0.0,0.0,0.0,0.7,1.0,0.6,1,28326.539019429303,137904.0790726624
5,1,2.1295760540129662,2.4592176524811773,2.4487119810231364,2.114290449381945,1.6954116367012433,0.12180610413261266,1.0,1.0,0.7,1.0,0.6,3,13289.236764207018,165493.05126384654
5,2,1.9595451734427995,2.4260053713445586,2.418157492069415,2.100718695789907,1.8023898583008715,0.1313171145495608,1.0,1.0,0.7,1.0,0.6,5,7465.065715287252,50929.986465288704
5,3,1.9396325907069585,2.4437943901562296,2.438567847296111,2.1423205475140223,1.7145711431289143,0.13571529540897012,1.0,1.0,0.7,1.0,0.6,7,5008.538490485058,50247.56281826504
5,4,1.3107478301682565,1.8252725007217605,1.8133814197007943,1.510348181832617,1.5430558050362744,0.11503006605039541,0.519045146140032,1.0,0.7,1.0,0.6,8,6881.890054591624,48104.634327987405
5,5,1.7029213129315184,2.1453442319207108,2.127447544777161,1.8461960938952569,2.0295457791421776,0.1151703050569038,1.0,1.0,0.7,1.0,0.6,10,1176.062261951989,17990.998474767148
5,6,1.7000935849166665,2.131426800703929,2.1130093246708883,1.833588176766594,1.7402511136495171,0.11523115924744809,1.0,1.0,0.7,1.0,0.6,11,944.1814358026644,17621.687549778104
5,7,1.687397808079493,2.0680085795534557,2.0515027901767326,1.8039334863167293,1.9511659905556984,0.11016000897914176,1.0,1.0,0.7,1.0,0.6,12,489.7131221579068,6847.084883347373
5,8,1.6870917897025381,2.0663303105167055,2.051834539137427,1.8182660177787096,1.68358885816555,0.11016000897914176,1.0,1.0,0.7,1.0,0.6,14,490.95324077990153,6755.985071441131
5,9,1.6859769596741385,2.054500172878808,2.037494337782995,1.8045337634949465,1.7226869443992516,0.11000940305039564,1.0,1.0,0.7,1.0,0.6,15,373.5376079180916,124767.09160214794
5,10,1.6849351147745835,2.0518604697463454,2.0347892578164033,1.7892521942734811,1.6836677964626676,0.10874506209756951,1.0,1.0,0.7,1.0,0.6,16,523.3958068554567,46014.973765561794
5,11,1.6855528142427283,2.048628189555482,2.029331337463701,1.7935918489968126,1.689310243547864,0.10998500334754088,1.0,1.0,0.7,1.0,0.6,17,363.2326661027617,123869.7025123148
5,12,1.6845312705188693,2.047959976200566,2.030745577217494,1.793592194081421,1.6805399407797026,0.10865323862108982,1.0,1.0,0.7,1.0,0.6,18,501.9776955431721,46013.69797854238
5,13,1.6822108139361087,2.022838821417586,2.004698864967391,1.779151707619087,1.7911371773915898,0.1082091408926689,1.0,1.0,0.7,1.0,0.6,19,222.79446635285063,2165975.457099075
5,14,1.6811809823948742,2.005836261279579,1.9891346136130648,1.765640829444707,1.7125299366401534,0.1082091408926689,1.0,1.0,0.7,1.0,0.6,21,249.23285444194832,2170305.2873034766
5,15,1.681060758473357,2.0040389965107206,1.9872709425434487,1.764051095331208,1.683843354027272,0.10818497071364705,1.0,1.0,0.7,1.0,0.6,22,195.12396933414612,2160618.4431214
5,16,1.6809852373443603,2.003068074624168,1.9862648198165234,1.7694553571395208,1.6795170922165474,0.10814553582978186,1.0,1.0,0.7,1.0,0.6,23,252.84592376588176,2172724.906351974
5,17,1.6795167181551425,1.9910093182102773,1.9779294801513738,1.777621528028484,1.7360842230885654,0.10706663518849131,1.0,1.0,0.7,1.0,0.6,24,302.5272224167363,52830.465658626206
5,18,1.6806893256796847,1.9901059520655724,1.9748747389546502,1.7726006479943548,1.6796061152550577,0.1087951261436515,1.0,1.0,0.7,1.0,0.6,25,206.4627837407372,1864224.3457421723
5,19,1.6793081329042767,1.9863913606843617,1.9731390277922514,1.7824878811205456,1.6917588156057461,0.10707594637087384,1.0,1.0,0.7,1.0,0.6,26,290.848811666722,53096.33947382598
5,20,1.6785159838512773,1.961043053872737,1.9468363409713483,1.7596734306021466,1.787275813785456,0.10740924072541772,1.0,1.0,0.7,1.0,0.6,27,158.7367367767251,1449603.178037968
5,21,1.6783016385738616,1.9574544788346446,1.9431170875453527,1.7588738686922882,1.6915079981975945,0.1072875834836132,1.0,1.0,0.7,1.0,0.6,28,162.67680145495214,3790849.888948887
5,22,1.6775512252268916,1.9477011159303048,1.9350879439287225,1.756340901828175,1.7202977719615702,0.10669360665752721,1.0,1.0,0.7,1.0,0.6,29,141.80105444366274,1026362.6368359022
5,23,1.6773460684378327,1.9434884438269502,1.9307211528282386,1.7551536180232645,1.6836571863166405,0.1065768508828219,1.0,1.0,0.7,1.0,0.6,31,132.53335879777694,1485352.3937396589
5,24,1.6768080341783893,1.9094889077890476,1.8975131845932585,1.7368953937962668,1.8311462048473146,0.10706037573240312,1.0,1.0,0.7,1.0,0.6,32,92.451339541992,2046487.88615694
5,25,1.6765920744018947,1.897631005618531,1.8852124109738329,1.7393338869509338,1.70098857405468,0.10707900445689926,1.0,1.0,0.7,1.0,0.6,34,106.34090036780697,1493949.5937086442
5,26,1.6766571088300117,1.8976118990392483,1.885190157651682,1.7393201327679582,1.67537201274898,0.1071739813788715,1.0,1.0,0.7,1.0,0.6,35,85.17106691871771,1532864.9339349512
5,27,1.6757957927938976,1.8742889395630038,1.8610153544026509,1.7182714170805111,1.7748630226624584,0.1064732837032473,1.0,1.0,0.7,1.0,0.6,36,80.58906417918644,1511503.6022829567
5,28,1.6756939145038778,1.863186216119158,1.8494965785789903,1.715177452796207,1.6989386486775166,0.10654418645649462,1.0,1.0,0.7,1.0,0.6,38,81.17593611611005,1513203.8279238334
5,29,1.6757126650984016,1.8623702617072198,1.848649126107984,1.7144226041056148,1.6780869771895364,0.10658551794537581,1.0,1.0,0.7,1.0,0.6,39,75.99157426468503,1084030.042061475
5,30,1.6752358217486045,1.8571137442796695,1.8411400400508002,1.7208208681550716,1.6897823790655249,0.10596817215632903,1.0,1.0,0.7,1.0,0.6,40,89.0405952544758,1513206.7434425924
5,31,1.6751302163170823,1.845199285845379,1.8287798654124305,1.7171276934693673,1.7003550995653298,0.10601537401128239,1.0,1.0,0.7,1.0,0.6,42,89.53698477451526,1515617.0489573567
5,32,1.6751152744239097,1.8451122371834758,1.8307621256892133,1.7260163017865127,1.6772249311614722,0.10601537401128239,1.0,1.0,0.7,1.0,0.6,44,88.11502775653688,1515464.359249951
5,33,1.6751007065928794,1.8390534020981235,1.8265475134121019,1.708593443439549,1.6824070755387273,0.10610480516578955,1.0,1.0,0.7,1.0,0.6,48,86.05892301933072,1517953.382987519
5,34,1.6756696669030768,1.8421354841155164,1.8338684680133999,1.7373357401524414,1.6749063849890997,0.10691964786787105,1.0,1.0,0.7,1.0,0.6,58,61.82322565876313,1511547.3831744862
5,35,1.672536048216104,1.82132165777558,1.8103165179278204,1.7816149964182637,1.6973426512116419,0.10267148866706591,1.0,1.0,0.7,1.0,0.6,61,304.4231654791247,15917364.633818263
5,36,1.67243160720647,1.8084093720822767,1.7989950872616323,1.7797356105993671,1.7010098094770592,0.10267148866706591,1.0,1.0,0.7,1.0,0.6,63,313.32409839601024,15920539.902658278
5,37,1.6723725147923285,1.807556321339566,1.7981122051375764,1.782293384288856,1.6735685145123718,0.10259541991960516,1.0,1.0,0.7,1.0,0.6,65,321.07531130524586,15934164.479322152
5,38,1.672453198708844,1.804874778931612,1.7953268690836812,1.7876835268649716,1.6841040101283271,0.10273920952815022,1.0,1.0,0.7,1.0,0.6,66,304.6724274107096,15919436.161646042
5,39,1.6723970579483103,1.803446950087459,1.793847513653505,1.7863904829338204,1.677920070457907,0.10267287723459362,1.0,1.0,0.7,1.0,0.6,67,333.6484002947828,15913598.8684967
5,40,1.6723997063332194,1.8026719692847846,1.7930433066301168,1.7895909602015152,1.6753093565915314,0.10268443808480096,1.0,1.0,0.7,1.0,0.6,68,299.20577354130296,15912617.279420368
5,41,1.672324208522915,1.7993954857061527,1.7896465683466274,1.790530352985983,1.6859422347477846,0.10260795774345696,1.0,1.0,0.7,1.0,0.6,69,352.93961218301183,15916934.417047588
5,42,1.6723699399419272,1.7991141449208143,1.7893529811254587,1.7941817127984812,1.6733169246069202,0.10267643957880894,1.0,1.0,0.7,1.0,0.6,70,335.53529685135163,15914520.537837924
5,43,1.6723944450704136,1.7979095101598839,1.7901744006189486,1.803228618413046,1.6832072327879604,0.10273573954128501,1.0,1.0,0.7,1.0,0.6,71,303.62649326483074,15919634.79723397
5,44,1.6723235809579524,1.7940580213156614,1.786180975330975,1.795802468383875,1.6885147334406199,0.10266919193264723,1.0,1.0,0.7,1.0,0.6,72,332.40719037531545,15913879.54084825
5,45,1.672322024497317,1.7938090273069505,1.7859226806431714,1.7995191535496948,1.672413020049364,0.10266919193264723,1.0,1.0,0.7,1.0,0.6,74,333.564434910527,15914207.64441358
5,46,1.6723236142274853,1.7925426660987926,1.7846087110992133,1.7983787767756212,1.6774668360903768,0.10268278530916689,1.0,1.0,0.7,1.0,0.6,75,298.60215557983537,15912717.932261596
5,47,1.672266722335284,1.7919150502541337,1.783959668499286,1.8012046404687436,1.6730836556447848,0.10260656542591899,1.0,1.0,0.7,1.0,0.6,77,306.2216183369953,15926335.763969664
5,48,1.6721964449410955,1.7901451477246066,1.7821259919560224,1.7922628757381287,1.679251976236659,0.10252102781703465,1.0,1.0,0.7,1.0,0.6,78,316.0157470806243,15919790.246328672
5,49,1.6721751281377326,1.7900682285457545,1.7820469993360017,1.7926129127117787,1.6719890977521938,0.10249105699122552,1.0,1.0,0.7,1.0,0.6,79,285.0764055379052,15917391.745929344
5,50,1.672429327226336,1.7896155255971293,1.781567761133127,1.80712058876476,1.6723482453424894,0.10286030163686843,1.0,1.0,0.7,1.0,0.6,88,320.4314262968128,15920911.385409163
5,51,1.6742471664913507,1.7908779942880972,1.7828093575353225,1.85208723118456,1.6746394756546663,0.10546198176086105,1.0,1.0,0.7,1.0,0.6,91,118.89901454832057,128184.36471046253
5,52,1.674556962659266,1.7898212511986582,1.781701364983871,1.8588886276815675,1.6801675072415918,0.10591616612555348,1.0,1.0,0.7,1.0,0.6,92,108.3288704571792,139689.06162806
5,53,1.6745640235640393,1.7878164363314197,1.7796210521082187,1.861148070581509,1.683017765290546,0.1059430423481611,1.0,1.0,0.7,1.0,0.6,93,92.96431864245604,129511.17775778216
5,54,1.6744085246552824,1.7863588126937797,1.778114562918681,1.872033003580695,1.679755612458786,0.10573160652465977,1.0,1.0,0.7,1.0,0.6,94,109.1846786138701,140351.0846330849
5,55,1.6744053298267079,1.7857928141117534,1.7775274381653756,1.875587156092907,1.6752480516268684,0.10573160652465977,1.0,1.0,0.7,1.0,0.6,96,110.06300588029504,140419.4793559943
5,56,1.6744161737703012,1.784412776216159,1.776095222124233,1.890628028480478,1.6770981572550943,0.1057583139012132,1.0,1.0,0.7,1.0,0.6,98,111.78590769812128,140670.04858902103
5,57,1.6744129637010219,1.7838326408342238,1.7754934478214706,1.890099878661346,1.6752974546206252,0.10575831390121315,1.0,1.0,0.7,1.0,0.6,100,112.58614511900105,140735.90078714406
5,58,1.6746162363959645,1.7804489137517976,1.7781921319411453,1.8792112620130874,1.707729108646121,0.10610683119337594,1.0,1.0,0.7,1.0,0.6,101,114.507317066157,137665.9410009898
5,59,1.67466681951913,1.779013403654063,1.780845518925049,1.9330450044343226,1.6788724120309086,0.10620873840787448,1.0,1.0,0.7,1.0,0.6,105,114.89953248524314,137525.38186205536
5,60,1.6747119283807694,1.7768978380224616,1.7786489569851032,1.922775865924324,1.6791565775916832,0.10628826498703332,1.0,1.0,0.7,1.0,0.6,107,107.035400117129,136581.38637743416
5,61,1.674403395220934,1.7771715690402456,1.7810168996364437,1.9259778601058768,1.6757358211378022,0.10585262766287411,1.0,1.0,0.7,1.0,0.6,109,118.5047357857103,135812.63116950294
5,62,1.674486245743342,1.7744764616654378,1.7740729570582152,1.9302311219691188,1.6747239778869347,0.10597183075719945,1.0,1.0,0.7,1.0,0.6,110,104.19554742962512,135725.2350330453
5,63,1.6739978417896726,1.7762788302296793,1.7801058984652682,1.9374690476197252,1.6752987156750931,0.10527660384793988,1.0,1.0,0.7,1.0,0.6,111,120.040722061017,143128.40863102092
5,64,1.6743491103073698,1.7726400057584537,1.7721728065787339,1.928561833427421,1.6799235856982695,0.10578745556859118,1.0,1.0,0.7,1.0,0.6,112,109.1728952225662,134313.85854329556
5,65,1.6743526178422004,1.7763459957129522,1.7822346335890482,1.9575012296531895,1.6752862222071467,0.10579434387331126,1.0,1.0,0.7,1.0,0.6,113,108.70361347797773,134233.85961045214
5,66,1.674344983393373,1.7761842684796658,1.7820671144652662,1.957354814470179,1.6747273969211176,0.10578447094999963,1.0,1.0,0.7,1.0,0.6,114,108.8596791362928,134236.77826223787
5,67,1.6743448463604338,1.777228864090168,1.7852231859393526,1.978156491103006,1.6746720717131716,0.10578616574824593,1.0,1.0,0.7,1.0,0.6,116,111.24251742449025,134240.59084245528
5,68,1.675113038045596,1.7769587082893654,1.7869864761872045,2.0407740355505544,1.6759266041689278,0.10689920418606973,1.0,1.0,0.7,1.0,0.6,128,124.3369952760963,132260.44301837884
5,69,1.675123471029503,1.7623791000429083,1.7656431294420405,1.9884640382743743,1.721420034938498,0.10697971043033101,1.0,1.0,0.7,1.0,0.6,129,103.09069444410252,129839.2243991012
5,70,1.675050072021763,1.7623844877965862,1.7697962245785068,2.0202971883765084,1.6804662410230966,0.10688972847285041,1.0,1.0,0.7,1.0,0.6,131,107.69015915425597,131596.32285107631
5,71,1.6750414624809782,1.7621599884885737,1.7695636384934916,2.0200926315932497,1.675315494290479,0.1068786591229371,1.0,1.0,0.7,1.0,0.6,133,108.30416374267284,131669.42817686292
5,72,1.6750410856203604,1.7621575135830083,1.7695610669908377,2.0200903649499673,1.6748178911985505,0.1068781326045288,1.0,1.0,0.7,1.0,0.6,136,108.31236586413158,131671.36770232665
5,73,1.6750672390098997,1.760649896766401,1.765923658557719,2.024250864980316,1.6751572261397425,0.10691666881227782,1.0,1.0,0.7,1.0,0.6,139,106.24395645684186,131351.99008321727
5,74,1.675299745832978,1.7621464587906193,1.7757570851492588,2.094687478808835,1.6772424119449543,0.10727134086982752,1.0,1.0,0.7,1.0,0.6,146,94.59992600398814,80211.08685425963
5,75,1.6751344606455563,1.7600245076446077,1.7714894708204274,2.0896019634284975,1.6763130596706644,0.10703864025925217,1.0,1.0,0.7,1.0,0.6,148,91.99994048515704,80126.64964079716
5,76,1.675174402756464,1.761919069441893,1.7775982580704297,2.1106837418399924,1.6784853461334452,0.10710001891916329,1.0,1.0,0.7,1.0,0.6,149,88.63043403659896,79452.56502114405
5,77,1.675113332948814,1.7596183237276417,1.7731412588410014,2.1098005848810923,1.6769155739108106,0.10701765779547143,1.0,1.0,0.7,1.0,0.6,151,96.56024987013907,79614.11869868344
5,78,1.6753335178136637,1.7596467800825217,1.7752349290474863,2.148874823491188,1.6756539690902517,0.10734023559739274,1.0,1.0,0.7,1.0,0.6,164,87.86177581456984,141229.82110933345
5,79,1.6753865418757092,1.7598680859381197,1.7775349135812042,2.1699514069851604,1.6802905904798653,0.107422027263265,1.0,1.0,0.7,1.0,0.6,165,89.09625645167263,140589.69256634195
5,80,1.675258204215384,1.7457763390664756,1.7608480557942539,2.1814275028524777,1.6830466272463651,0.10730017416420026,1.0,1.0,0.7,1.0,0.6,172,93.2528334186939,135502.11919721152
5,81,1.6751751799746009,1.7532969019654856,1.781087748481582,2.3451050341752477,1.675091589573682,0.10718320853853891,1.0,1.0,0.7,1.0,0.6,197,89.91641952822823,135959.34604943212
5,82,1.6755125976978875,1.74950277956804,1.7750665758001403,2.3330146601874837,1.6877009583319453,0.10767780595638872,1.0,1.0,0.7,1.0,0.6,198,92.43884128551092,136529.80609180473
5,83,1.6755395697441169,1.750385611128276,1.7780538666386514,2.3561854752691227,1.676438316048853,0.10771841460986305,1.0,1.0,0.7,1.0,0.6,200,91.01055913901978,136578.87292205566
6,0,1.0,0.8479267572801785,0.842253334768916,0.48913730169865177,0.0,0.0,0.0,0.0,0.7,1.0,0.6,1,5048.503043230915,163434.52369063583
6,1,2.2888670828864446,2.4858867409452077,2.476645427717363,2.134043666010962,1.8929362905390863,0.11148970531050759,1.0,1.0,0.7,1.0,0.6,2,5040.776672930765,161249.52647437155
6,2,2.2111733814431855,2.461525297500878,2.451481926750373,2.1152921769810265,1.7321482317045023,0.10740078138083686,1.0,1.0,0.7,1.0,0.6,3,5124.849300299999,165493.05126384654
6,3,2.1287591859718575,2.4653148091757005,2.4573754626047473,2.11936357047383,1.753738194960504,0.11160935630187621,1.0,1.0,0.7,1.0,0.6,4,4954.877041093668,159737.4665447058
6,4,2.1211681263339335,2.4617857356565005,2.451641967480949,2.1173128323271353,1.6855421993288773,0.11161702701268687,1.0,1.0,0.7,1.0,0.6,5,4943.993310767675,159603.20249344944
6,5,1.940771344753443,2.3874831121805364,2.3787131277496623,2.0633069929917447,1.9059649955185423,0.11159514171031751,1.0,1.0,0.7,1.0,0.6,6,3540.652327289456,117680.2816422966
6,6,1.8801276292359166,2.3733679332307474,2.3609237763566657,2.05705749329644,1.888361437870333,0.15276081813594217,1.0,1.0,0.7,1.0,0.6,7,1562.1395644016488,111143.48328419364
6,7,1.8743257625866794,2.369945534159923,2.3573767554636653,2.06214394640922,1.714162639235873,0.15264219557668174,1.0,1.0,0.7,1.0,0.6,9,1506.88819857521,108964.5739180017
6,8,1.7827664062330424,2.2975091301263113,2.287497235447243,1.9958296471183186,1.877080037166365,0.10998099020185644,1.0,1.0,0.7,1.0,0.6,10,1277.8634886303134,75041.99401405052
6,9,1.781731755312641,2.2961061401101217,2.2860421477186286,1.98208597076492,1.6812334537606066,0.1099720733734029,1.0,1.0,0.7,1.0,0.6,11,1106.945005644508,79701.7566647456
6,10,1.7208479247802209,2.210466009349658,2.1972229908386183,1.9246074306582583,2.0509102846957443,0.1093630214150298,1.0,1.0,0.7,1.0,0.6,12,490.0805475102042,32392.926708421543
6,11,1.7167247266434176,2.20183126945069,2.1903388847352483,1.9077724071794568,1.71892116193668,0.10935487563629524,1.0,1.0,0.7,1.0,0.6,13,362.6084950754572,37854.71864033256
6,12,1.7000641123574853,2.1535824577314364,2.1382598930407704,1.880915293627953,1.8872702994436743,0.10773456182225158,1.0,1.0,0.7,1.0,0.6,14,201.53869446045573,29317.159407540003
6,13,1.6795650556153223,2.0835887700236833,2.068075523223962,1.8198798302510766,1.7964661584301314,0.09440881747828625,1.0,1.0,0.7,1.0,0.6,16,154.89796064655715,4278.531926580475
6,14,1.6748039315733014,2.0444045689535963,2.027443155717535,1.7924572233535048,1.7505360430148351,0.09389058000648107,1.0,1.0,0.7,1.0,0.6,18,144.77506933434455,4506.142155643308
6,15,1.6723777726882108,2.0197640733388567,2.001899404623163,1.7763206070381456,1.7182522558264801,0.09327428279164028,1.0,1.0,0.7,1.0,0.6,20,138.66853724547423,5691.981834017198
6,16,1.6717915247106476,2.0114493501884962,1.9932747762797587,1.7780322081986601,1.6834849311813054,0.09326673666080944,1.0,1.0,0.7,1.0,0.6,22,129.36939427833724,5517.638026174189
6,17,1.671947486276021,2.0083938725641386,1.9900908267355764,1.7753520606261648,1.681132197933715,0.09382158331391892,1.0,1.0,0.7,1.0,0.6,23,128.801846387554,22141.1340420214
6,18,1.6714349960721182,2.006037806863585,1.9876613884815062,1.7823600286554768,1.6735122617532059,0.09326149305968277,1.0,1.0,0.7,1.0,0.6,24,124.57975495446442,5436.028714171842
6,19,1.6714621863266585,2.0015314063702543,1.9850440220704124,1.7765868189562148,1.6933362861273586,0.09385491196086744,1.0,1.0,0.7,1.0,0.6,25,114.13687703490784,23495.69290181946
6,20,1.6685742855601906,1.98025456979724,1.9671820429060958,1.7681218631305509,1.7126124248715398,0.09142332914628876,1.0,1.0,0.7,1.0,0.6,27,173.4131841623749,338077.1623223231
6,21,1.6681719830548518,1.9621448305649118,1.948381732973803,1.7711649165202665,1.684639531554709,0.09199775264480714,1.0,1.0,0.7,1.0,0.6,31,153.04097676571223,255938.1142849221
6,22,1.6663381673152937,1.9329570976253314,1.9160660304371007,1.7528957975953472,1.7226212367427238,0.09071568920668692,1.0,1.0,0.7,1.0,0.6,33,92.45983031384732,745041.0005094374
6,23,1.6662605332475842,1.9316445220830727,1.9167770292472377,1.7599322166562281,1.6692057217854894,0.09071568920668692,1.0,1.0,0.7,1.0,0.6,35,100.30413553338828,745870.9638729455
6,24,1.666142728083909,1.9262327318646109,1.9090908059310867,1.7510659523222563,1.6814005689541713,0.0907156480899731,1.0,1.0,0.7,1.0,0.6,36,82.48290035087697,748744.3472608342
6,25,1.6656352736127764,1.9082638071718496,1.8925244656896036,1.7467067741231288,1.7057153767050428,0.0906977111184055,1.0,1.0,0.7,1.0,0.6,38,83.77910041136059,747490.9910582715
6,26,1.6655718021888837,1.9050865162472364,1.8892283697559926,1.750760218088871,1.6704771944196457,0.09071125973299252,1.0,1.0,0.7,1.0,0.6,40,81.56564783556517,750471.9335462024
6,27,1.6658797180005673,1.905350880969947,1.8894909737087198,1.76019155272517,1.6642873548984185,0.0911546600314883,1.0,1.0,0.7,1.0,0.6,41,80.47183063393443,745312.8845562903
6,28,1.6653096387463773,1.902568795030259,1.886624567687608,1.7553864075090129,1.672912283724302,0.09041013129945592,1.0,1.0,0.7,1.0,0.6,42,84.24193738284055,749753.1959215236
6,29,1.6654238894905946,1.8915291586176832,1.877231607145847,1.7600596422227062,1.7195458193933053,0.0909498949995598,1.0,1.0,0.7,1.0,0.6,43,64.20619921137215,740929.5335832501
6,30,1.6652626589473205,1.8825995310638133,1.8658969859863337,1.753975445600937,1.6802225665031996,0.09092120705057798,1.0,1.0,0.7,1.0,0.6,45,67.01734332535727,746747.4231036762
6,31,1.665008334969214,1.8833234505269183,1.8687297388384554,1.7671958444630067,1.6641754443663972,0.09056698540673502,1.0,1.0,0.7,1.0,0.6,47,66.2255981266547,743529.2221336296
6,32,1.6654785618164527,1.8817436533026348,1.8670720701857788,1.773115853384815,1.668492862164586,0.0912917065857428,1.0,1.0,0.7,1.0,0.6,49,79.9475581898962,750257.7755177907
6,33,1.665373933310184,1.885168221357048,1.8789174279942151,1.8222966657735213,1.6644890605600557,0.09118693798834694,1.0,1.0,0.7,1.0,0.6,61,46.639100254001214,748442.435955829
6,34,1.6646012122136518,1.8713325280219912,1.8645864420590352,1.8135193530873188,1.721440331638683,0.0903884674955448,1.0,1.0,0.7,1.0,0.6,62,44.96704771682101,750563.3687597658
6,35,1.6646580166625826,1.8692806592108577,1.8665984125263697,1.835526282866565,1.6845907686978068,0.09057114150951384,1.0,1.0,0.7,1.0,0.6,63,34.25226778002664,751471.2735610701
6,36,1.664688188392761,1.8660693602938645,1.8611925731992884,1.8338567129396868,1.6719281661211705,0.0906534606557201,1.0,1.0,0.7,1.0,0.6,64,42.66327449604184,751196.356482426
6,37,1.6647879197532873,1.8639897406712147,1.8590304961745323,1.8394980199873547,1.6684279357517506,0.09083983270453394,1.0,1.0,0.7,1.0,0.6,66,43.54099142919365,751362.1861973641
6,38,1.6648183999545862,1.864579107572962,1.86171293036403,1.8465097822659584,1.6647667421481804,0.09089861943700513,1.0,1.0,0.7,1.0,0.6,69,43.97990940651598,750374.0572990234
6,39,1.6647864139982516,1.8595975676647196,1.8565442046385479,1.84963456331344,1.685635027385648,0.0909482704232625,1.0,1.0,0.7,1.0,0.6,70,38.39649569890744,747179.5255939206
6,40,1.6616281868936986,1.845974278998579,1.840453663830988,1.8306452315020643,1.680889583113383,0.08660030619782373,1.0,1.0,0.7,1.0,0.6,72,35.88430573279837,832484.9614972023
6,41,1.6616603878442602,1.843880534384509,1.838279649420743,1.8517340819860983,1.6630371066801128,0.08668230384682926,1.0,1.0,0.7,1.0,0.6,76,35.351032827967494,832142.586670609
6,42,1.6648070081304365,1.849141630317031,1.8477645738594775,1.8854887157522153,1.6661957846256383,0.09118637447962155,1.0,1.0,0.7,1.0,0.6,77,37.562651058411454,747420.1838491902
6,43,1.6615909964339735,1.8412141302572391,1.8355152515233342,1.8571207408593615,1.6697678185156022,0.08662597492368253,1.0,1.0,0.7,1.0,0.6,78,33.88242268934807,832509.0110061314
6,44,1.6616473577864297,1.8337896989138316,1.8298807587709307,1.8569303322650774,1.699774060435371,0.08684352607927898,1.0,1.0,0.7,1.0,0.6,79,32.87728012768968,832211.5319658903
6,45,1.661570532935635,1.8331162472146585,1.8291848354593045,1.8679456987877359,1.662040084027002,0.08674262232665085,1.0,1.0,0.7,1.0,0.6,81,32.90386451970988,831993.8655652038
6,46,1.6614742245188392,1.8310302178743543,1.827023822650549,1.8736968671736953,1.6694478870980607,0.08663415044336638,1.0,1.0,0.7,1.0,0.6,82,33.72189134809808,833051.6491235902
6,47,1.6615603997073132,1.8302888535585589,1.8262512890015996,1.873371886362234,1.664400031603086,0.08676919283676668,1.0,1.0,0.7,1.0,0.6,83,31.73590410690221,834587.5273580548
6,48,1.6641320883428836,1.8396276042446842,1.8462053407180274,1.9563544877720864,1.6633203375725159,0.09044348327587723,1.0,1.0,0.7,1.0,0.6,97,35.059988856727706,754586.7087270695
6,49,1.7063292771405894,1.8765745309023365,1.8767382543972686,2.015815769431127,1.707150564827828,0.15074097844611448,1.0,1.0,0.7,1.0,0.6,100,26.284964875579224,78011.60003148054
6,50,1.7061369200901644,1.8746473475658245,1.8747456934532183,2.018004258413877,1.7130167209098692,0.1504905879901901,1.0,1.0,0.7,1.0,0.6,101,26.922481629419675,77357.44186666296
6,51,1.7060606804300664,1.8712268553908218,1.871199251473303,2.0188616389029956,1.7200895761280082,0.1504275217344852,1.0,1.0,0.7,1.0,0.6,102,26.017238687796898,78365.71972000551
6,52,1.7059637142966761,1.865445072763153,1.8652034446853274,2.029419217830338,1.711536485528557,0.1503634148873404,1.0,1.0,0.7,1.0,0.6,106,24.763812686670008,78703.8192407356
6,53,1.7060800324999592,1.864424671850557,1.864140265904135,2.0324567626867815,1.7104065774013573,0.15054395939706272,1.0,1.0,0.7,1.0,0.6,107,24.74680240244771,77639.30393309821
6,54,1.7062091032656763,1.8644105810024096,1.8661929132786277,2.0405094841968476,1.7120148015219656,0.15074667372553435,1.0,1.0,0.7,1.0,0.6,108,22.149124322119025,63498.084282918135
6,55,1.7055764413949603,1.8612545976803423,1.8629419928045623,2.049565190917378,1.7160592014578095,0.1498737083079148,1.0,1.0,0.7,1.0,0.6,109,22.83497473318516,79120.38126594407
6,56,1.7057613985541225,1.8592848191926543,1.860891167810335,2.0398356668044935,1.7098726161632145,0.15016364329813509,1.0,1.0,0.7,1.0,0.6,111,22.285878544986065,79017.50658493953
6,57,1.706131370978662,1.8505328922713913,1.8414352938810312,2.0326333447122327,1.7110376337915993,0.1507213724996083,1.0,1.0,0.7,1.0,0.6,113,22.418851680437864,62262.91973365308
6,58,1.7061879721536704,1.8486949157485633,1.8395260636277455,2.0349214121986896,1.7138927850833583,0.1508236948558868,1.0,1.0,0.7,1.0,0.6,114,21.813238227767577,61509.19180410264
6,59,1.7061349051928403,1.8406019174369463,1.8311308523330756,2.03155786792323,1.7410244327645956,0.15083488572542644,1.0,1.0,0.7,1.0,0.6,115,17.212035683027743,59925.4979392801
6,60,1.7034031538864958,1.8522726221515202,1.866137062655795,2.134043338675724,1.7030214815817217,0.14693894262990487,1.0,1.0,0.7,1.0,0.6,132,27.000446236425564,22277.52953153512
6,61,1.7040597882627662,1.8521716028799147,1.8660076784929682,2.1297534457578173,1.7049408322999526,0.14788032172978496,1.0,1.0,0.7,1.0,0.6,133,29.24197344774733,20572.75929360305
6,62,1.7033407954554494,1.8427492392971252,1.8562583992013812,2.1253786478925165,1.7412417559231077,0.14693894262990487,1.0,1.0,0.7,1.0,0.6,134,24.64870484384346,22344.897072438984
6,63,1.7039095481054582,1.842580732717063,1.8581344489386558,2.140826934204113,1.7079948984704663,0.14777071771410472,1.0,1.0,0.7,1.0,0.6,136,25.222066310519807,22706.18397306812
6,64,1.7031557636616843,1.833952398390014,1.8471382517704584,2.125811093731008,1.7171610960069486,0.1467523454818473,1.0,1.0,0.7,1.0,0.6,138,23.288232641073268,22209.98838219294
6,65,1.7032101247152318,1.8325808475397691,1.8457131811327927,2.124596745925227,1.7060039153068804,0.14684250484508257,1.0,1.0,0.7,1.0,0.6,140,23.56150524264761,22020.247473195595
6,66,1.70386839709689,1.8323228834632799,1.8454208398211307,2.1244066500565317,1.707323777260068,0.1477903331775963,1.0,1.0,0.7,1.0,0.6,141,23.179767654502754,22021.559898983167
6,67,1.7031952875953453,1.8300041423368882,1.8430403267754745,2.1222513324090717,1.7100413745939913,0.14684250484508257,1.0,1.0,0.7,1.0,0.6,142,22.3876719846842,22065.157856041653
6,68,1.7035233833287942,1.830125071922072,1.8452257835173898,2.1728213974507193,1.7040169568429562,0.1473245002766927,1.0,1.0,0.7,1.0,0.6,150,23.265448849482883,24247.28124248465
6,69,1.7029559854454375,1.8281751392466319,1.8494408992837856,2.1995077054914485,1.7103679938716638,0.14655599461765131,1.0,1.0,0.7,1.0,0.6,153,20.55725147912701,23105.978240725137
6,70,1.7034525062624097,1.828923324148612,1.8522708300562778,2.2043011486171507,1.7077624433950973,0.1472734644569645,1.0,1.0,0.7,1.0,0.6,154,21.451826826355795,21353.14140180309
6,71,1.7030476929057778,1.828344730554166,1.8516857082834455,2.2123779209066132,1.7034497699415687,0.14669648064012236,1.0,1.0,0.7,1.0,0.6,155,20.620764769167923,23139.60151968044
6,72,1.7035486272202354,1.825187301027491,1.8442464357993864,2.1937695376913893,1.7076148599434813,0.14741972352408264,1.0,1.0,0.7,1.0,0.6,156,20.630483603554453,22423.10494260449
6,73,1.7034472324688164,1.825088295460112,1.8462198657318218,2.206363399534586,1.7089403124763063,0.14728482592021158,1.0,1.0,0.7,1.0,0.6,157,21.25739740057389,22465.61171893748
6,74,1.7034447983724346,1.824616434193238,1.8457304000521089,2.205933824749865,1.7051574957468252,0.14728482592021158,1.0,1.0,0.7,1.0,0.6,158,21.080660620231946,22473.089108581084
6,75,1.7050851730399001,1.8177795835122268,1.8385757114082302,2.2138187983386675,1.7421233427730285,0.14968850640637027,1.0,1.0,0.7,1.0,0.6,159,22.12318158100848,22851.79046980078
6,76,1.707358489281344,1.821324155066995,1.844240279903778,2.2658198421269975,1.7070871366949243,0.1529364432261508,1.0,1.0,0.7,1.0,0.6,166,16.379427491605952,24356.256868800898
6,77,1.7072486711039017,1.8198000180141616,1.8405907931110446,2.2516241929843925,1.7071376009147183,0.15278015195386124,1.0,1.0,0.7,1.0,0.6,168,16.41053109757007,24295.660081679664
6,78,1.7071407182055762,1.817901931567257,1.8386256243519958,2.2586715047336754,1.7147247839659725,0.15263799075691337,1.0,1.0,0.7,1.0,0.6,169,15.813531069542806,24297.05870756429
6,79,1.7073881532980462,1.819904890268278,1.844839042253804,2.2887913795974475,1.7110535593833083,0.1529974418653649,1.0,1.0,0.7,1.0,0.6,170,15.6296761577603,24412.339962168386
6,80,1.7072264368105161,1.8175963356714555,1.8403777025079262,2.2659740915105786,1.7078421262405965,0.15277181584519556,1.0,1.0,0.7,1.0,0.6,174,15.752831029193588,24080.179392113776
6,81,1.7072059261713686,1.8177561597370149,1.8446889960221986,2.3060755221631877,1.717819095270642,0.15275854306279896,1.0,1.0,0.7,1.0,0.6,175,15.510996349902348,24419.87263620341
6,82,1.7071778257689254,1.8170436338240967,1.8439508150466701,2.30542855949392,1.7099154841660251,0.15272276010924052,1.0,1.0,0.7,1.0,0.6,176,15.316524935784727,24518.27922118006
7,0,0.6447111493916383,0.8020589580708589,0.794674379342373,0.4477463338705106,0.0,0.0,0.0,0.0,0.7,1.0,0.6,1,26321.969745975173,154548.78968468192
7,1,0.6124915468618645,0.7953673504165556,0.7877331226588603,0.4433319410273426,0.02234809222366698,0.0,0.0,0.0,0.7,1.0,0.6,2,25609.822589643347,151040.83813272958
7,2,0.4870202463511615,0.7693083268870471,0.76070195023504,0.41798911841195374,0.09992051012575576,0.0,0.0,0.0,0.7,1.0,0.6,3,22939.33050238998,117963.01767675256
7,3,2.160304779727122,2.489090923762408,2.4792580503199972,2.1521827637667768,1.7189610466860277,0.13872001472493076,1.0,1.0,0.7,1.0,0.6,4,7146.441871255077,156090.67223049575
7,4,1.9758021716121492,2.449515799326658,2.442434470971924,2.1223172807148867,1.9128385806770511,0.13554808300131146,1.0,1.0,0.7,1.0,0.6,5,5955.824411174122,49022.28504721524
7,5,1.92047283093543,2.3913308193191365,2.384252276953773,2.0796314122106576,1.7373746344943286,0.1316860433705625,1.0,1.0,0.7,1.0,0.6,7,15751.637810856077,67324.7928599279
7,6,1.8528832873826246,2.3464719182470617,2.3390853390669233,2.040235008784621,1.71913600312023,0.07939799665454517,1.0,1.0,0.7,1.0,0.6,8,8864.843052069875,50909.25800897463
7,7,1.876144060900479,2.3967132526080785,2.3891455687124044,2.1012598022328657,1.787322443805483,0.15810432366674884,1.0,1.0,0.7,1.0,0.6,9,3350.974284859142,102015.7379190014
7,8,1.8205799359332007,2.356871804090927,2.3474423703201674,2.0635860665869816,1.9407296045581819,0.1724819974321434,1.0,1.0,0.7,1.0,0.6,10,3663.8415232156,43724.45397634948
7,9,1.8221386518111329,2.383198401457267,2.373608417906611,2.1010788810737977,1.901122494216823,0.21623928100469744,1.0,1.0,0.7,1.0,0.6,11,1318.8931972879034,145848.55188434967
7,10,1.8059318098930004,2.338937472555344,2.3298198104288836,2.0740713513935516,1.8011801338713562,0.21428995084981978,1.0,1.0,0.7,1.0,0.6,13,1028.9018446988823,153248.74511128862
7,11,1.7324569088181105,2.2229876643841076,2.213880882815975,1.964433928319394,1.8021348090803717,0.12759552178375938,1.0,1.0,0.7,1.0,0.6,14,2394.5184364411457,62751.59478300454
7,12,1.7319542988018495,2.221770938900843,2.2126173369708186,1.9633369855068623,1.6948400259837282,0.12765085859390013,1.0,1.0,0.7,1.0,0.6,15,2284.451620632122,61423.21675652875
7,13,1.72106095751331,2.197468364461475,2.1874959526456657,1.9467153312582828,1.7355568621205437,0.12428731042895388,1.0,1.0,0.7,1.0,0.6,17,769.8700964875998,107936.96739355716
7,14,1.7040948905969118,2.1288094151124124,2.118335643991207,1.902020414822069,1.8408561455914074,0.12476697238074216,1.0,1.0,0.7,1.0,0.6,19,314.43496735206867,69342.92143434726
7,15,1.7037414981364147,2.1193412777471727,2.106398556580014,1.8978697401980527,1.7088632471387446,0.1264191125970284,1.0,1.0,0.7,1.0,0.6,21,344.91727039237105,56843.57785904915
7,16,1.7033487800383993,2.0964451163541713,2.086660923692411,1.893857486389467,1.7564334681399751,0.13149022843153893,1.0,1.0,0.7,1.0,0.6,23,288.10779082031337,71656.03060129365
7,17,1.74490413751297,2.132741573817426,2.1227342390454282,1.934043826006024,1.748480229013647,0.19188584475092824,1.0,1.0,0.7,1.0,0.6,25,220.83344491090605,52574.4209056523
7,18,1.7437296219584861,2.0781585105692533,2.0680524348852662,1.902859343565083,1.9953264740126997,0.1970565285998928,1.0,1.0,0.7,1.0,0.6,26,212.5245622129044,46946.698569900815
7,19,1.7433011408983905,2.0726172733587935,2.062308658798753,1.9080530063887222,1.7497489521418221,0.1968973716933797,1.0,1.0,0.7,1.0,0.6,28,196.7797045363992,47169.19569971391
7,20,1.7433761931961578,2.0548385351326623,2.0438276736805827,1.899054487237903,1.8211607939901433,0.19839068919460262,1.0,1.0,0.7,1.0,0.6,29,112.47730139195303,216357.3774985784
7,21,1.742371677860127,2.05328856733396,2.044325978471426,1.8997516921609359,1.7478321105337193,0.197104860524899,1.0,1.0,0.7,1.0,0.6,30,125.96634468581478,48697.98930599271
7,22,1.7436858349131739,2.0479702911177293,2.0387492916228322,1.9050123065447049,1.768748593471098,0.199404356073634,1.0,1.0,0.7,1.0,0.6,31,61.381303880633006,60385.52378823913
7,23,1.742003784100747,2.031746871021031,2.0219606170510573,1.887007828172846,1.8055965592512653,0.19787163855002282,1.0,1.0,0.7,1.0,0.6,32,138.404637673702,47567.882095965615
7,24,1.741661104435456,2.025515401000531,2.0155012546677655,1.8880242774743983,1.751951318221848,0.1976976670670348,1.0,1.0,0.7,1.0,0.6,34,125.45223698018675,47833.436887330245
7,25,1.7411383740500983,1.9931152963683867,1.9818759313552277,1.8660762843116472,1.8820752091710737,0.19832757743923551,1.0,1.0,0.7,1.0,0.6,35,36.47302259631143,2108383.3581202915
7,26,1.740667669802991,1.9885456088688458,1.9771495970446948,1.8619066842019412,1.7565722040464897,0.1977991728171144,1.0,1.0,0.7,1.0,0.6,36,31.80464854771541,2118194.391666073
7,27,1.7409967568963691,1.9897027084208543,1.980409732009568,1.8723675679990603,1.7408058696838276,0.1982848879865306,1.0,1.0,0.7,1.0,0.6,37,30.34853103760204,2111364.69521036
7,28,1.7402194066479812,1.974179161915567,1.9622521725392388,1.8590875783569585,1.798440588001915,0.19760969601521766,1.0,1.0,0.7,1.0,0.6,38,28.24305866458962,2124478.6099213767
7,29,1.7396362670927124,1.966123067701543,1.9539115617793792,1.8729764297580611,1.7462480112026086,0.19699384857747124,1.0,1.0,0.7,1.0,0.6,42,23.095271292283705,2130169.0178386443
7,30,1.7402324090276466,1.9597408739608113,1.947264156785835,1.8664532084034509,1.7542207042156566,0.19803380358891326,1.0,1.0,0.7,1.0,0.6,44,18.49863496877747,2114815.907400246
7,31,1.7386965082186094,1.9462924620426585,1.9354355456881414,1.88251293715865,1.7520403776669067,0.19616057454458552,1.0,1.0,0.7,1.0,0.6,48,21.312327917291288,2119921.6973103457
7,32,1.7386308754221331,1.9471981814650272,1.938449849214852,1.900711458200731,1.7388940492168894,0.19607515217773253,1.0,1.0,0.7,1.0,0.6,49,23.50642113527213,2120439.632148323
7,33,1.7385599074914349,1.9427596945672203,1.9317740870497793,1.8863675136976474,1.7506970044209424,0.1960409854726076,1.0,1.0,0.7,1.0,0.6,50,21.011837861921027,2122720.8262972543
7,34,1.7391934154067457,1.9317189013596656,1.9202914491868848,1.8800359649447391,1.7900371617758384,0.1971869269246378,1.0,1.0,0.7,1.0,0.6,51,16.030053082494977,2135280.431656701
7,35,1.7390630112981,1.9259247777426824,1.9163552684657517,1.8923511418360728,1.7688799109633262,0.197130709244456,1.0,1.0,0.7,1.0,0.6,52,18.79546965202374,2135892.2226764136
7,36,1.7394078484153686,1.9185946737701562,1.9087353500284112,1.8750305800693385,1.7724486235016066,0.19775631753639006,1.0,1.0,0.7,1.0,0.6,53,14.288397721986607,2142619.589146548
7,37,1.7387357670174737,1.912967719537375,1.9029214482769885,1.8850867659738042,1.7487882071130971,0.1968766568728218,1.0,1.0,0.7,1.0,0.6,55,11.907644451960769,2143170.8770004287
7,38,1.7392600112460883,1.913070453873222,1.9030082775082393,1.8951312132923892,1.7402091430310414,0.19763223425739868,1.0,1.0,0.7,1.0,0.6,56,12.084591689026338,2147712.634259044
7,39,1.7386337801152973,1.9093610446722256,1.8991826158665588,1.907327069788043,1.7445754947705336,0.19678544689531752,1.0,1.0,0.7,1.0,0.6,58,10.258261895746555,2148265.9194370406
7,40,1.7386600275666066,1.9086952113982991,1.8984906692739103,1.896803265104237,1.7393358227033242,0.1968336119457741,1.0,1.0,0.7,1.0,0.6,60,11.515456118166332,2107766.377604964
7,41,1.7387021399706382,1.9024420509772293,1.889928151954674,1.9082143333131234,1.7488564528462311,0.19696711566895983,1.0,1.0,0.7,1.0,0.6,62,9.502441346336033,2105662.008100436
7,42,1.738592575918068,1.900087164439749,1.8874886467606684,1.9096631741915808,1.7427504672838285,0.19684253551226696,1.0,1.0,0.7,1.0,0.6,64,9.181819283273333,2110680.776918846
7,43,1.738671401651089,1.9022556406324176,1.8938800487156997,1.917951558804245,1.740370173868961,0.19696306641332315,1.0,1.0,0.7,1.0,0.6,65,10.600233649814273,2106355.586456133
7,44,1.7386095211001469,1.8975604877500194,1.8869382746732843,1.918580487468133,1.7526428612513931,0.1969207173373972,1.0,1.0,0.7,1.0,0.6,66,8.112172861784165,2112154.772958421
7,45,1.7385709847640922,1.893931728155795,1.8831743474237692,1.9172568274015478,1.745685122048422,0.19691282286284847,1.0,1.0,0.7,1.0,0.6,68,9.608981440527604,2105749.7418721383
7,46,1.7385488711544919,1.8930132432344489,1.8842942400198481,1.9314774344772792,1.7427544343625758,0.19690993240189567,1.0,1.0,0.7,1.0,0.6,70,10.156323845714862,2105677.0592778246
7,47,1.7386783199477143,1.8865852039631101,1.8776194415788918,1.929350838488494,1.7525236105305853,0.19717581780602508,1.0,1.0,0.7,1.0,0.6,72,7.302228973871879,2101989.9188710265
7,48,1.7385795127664223,1.887989258891841,1.8852965296743918,1.9786052158731047,1.7416918393508354,0.19706462043500408,1.0,1.0,0.7,1.0,0.6,75,11.31610195616487,2449976.1847619507
7,49,1.7389631925755902,1.8830433840857914,1.8822224787431674,1.988557349351657,1.7674459614688347,0.1976867149801827,1.0,1.0,0.7,1.0,0.6,76,4.267292871268194,2216699.187322556
7,50,1.7384377448322272,1.8729721795812422,1.8697203376536282,1.9884207532786737,1.7560415748514009,0.19702169746692436,1.0,1.0,0.7,1.0,0.6,78,5.778145254290944,2218899.604263908
7,51,1.7384377448322272,1.8742994995222597,1.873169742047557,2.0090710059601835,1.7379152720984608,0.19702169746692436,1.0,1.0,0.7,1.0,0.6,80,5.778145254290944,2218899.6042639087
7,52,1.7384324516658491,1.874918505869065,1.8758844157504395,2.021290897038909,1.7394826937718122,0.19702121258942867,1.0,1.0,0.7,1.0,0.6,82,6.002829278110148,2251718.506714892
7,53,1.7379205464631888,1.876012657160215,1.8811833968993033,2.0583670759010735,1.73806880957856,0.1963002349856912,1.0,1.0,0.7,1.0,0.6,89,5.739030891623365,116997450.07245895
7,54,1.7379062304018027,1.872016823921396,1.8770380311330097,2.0640668726444003,1.7432678935648762,0.19631802908245038,1.0,1.0,0.7,1.0,0.6,92,5.688043549424367,59206547.45429
7,55,1.7381122807532838,1.871722289783846,1.8787969419413186,2.0697522218283613,1.7456983683732887,0.19662945157627984,1.0,1.0,0.7,1.0,0.6,93,3.8374779586309766,123657906.45050377
7,56,1.7381085650450188,1.8707800111187476,1.8778194231144933,2.0819084369545036,1.7397124319004424,0.19663278731003503,1.0,1.0,0.7,1.0,0.6,95,3.866694369830255,117001773.01357225
7,57,1.7381071897997882,1.871890985362592,1.8810444167879257,2.103084342008082,1.7381161374533662,0.19663278731003503,1.0,1.0,0.7,1.0,0.6,97,3.8550254277945455,117001143.26838592
7,58,1.7381597367401977,1.8700717820712556,1.879154939748981,2.122375385009991,1.7459733605001997,0.19672483610531807,1.0,1.0,0.7,1.0,0.6,98,3.8001267470438207,53474524.09426421
7,59,1.7381421706675475,1.8692855680897225,1.8783398685858859,2.116687586244079,1.741066729855521,0.1967065773165571,1.0,1.0,0.7,1.0,0.6,99,3.5419732908740507,124916716.91333774
7,60,1.7379424204089715,1.8689449015711053,1.8800661755036212,2.1333966358844267,1.743975544535056,0.1964341907224732,1.0,1.0,0.7,1.0,0.6,100,5.107259435722558,53886337.5405392
7,61,1.7382810155900015,1.8656534534638523,1.8745662113098671,2.1267685085876527,1.7480029841536582,0.1969378553445528,1.0,1.0,0.7,1.0,0.6,101,3.1561196997533285,53862821.846782334
7,62,1.738108649989972,1.8642414698828587,1.8751800284874922,2.146055975526637,1.7433562028810217,0.1967133261501663,1.0,1.0,0.7,1.0,0.6,103,4.226052214248223,53862389.44718549
7,63,1.738192607034108,1.858419391518459,1.8608471367314632,2.0830499946772245,1.738224413939235,0.19683822336480103,1.0,1.0,0.7,1.0,0.6,109,6.563132873412287,2210083.710476612
7,64,1.7380795899823882,1.8539595092811458,1.8562241584500692,2.0829627613360455,1.7472721918338316,0.1967120376052712,1.0,1.0,0.7,1.0,0.6,111,6.699135101623324,2212493.1312709143
7,65,1.7389349455677765,1.853596227886955,1.8558152145055784,2.1064347682036755,1.7403495122133217,0.19794358540499224,1.0,1.0,0.7,1.0,0.6,114,4.430064263676255,77666785.06443259
7,66,1.7388996063595084,1.8455578510668036,1.8454043337970725,2.1065102369778783,1.75325799421387,0.19794369247863275,1.0,1.0,0.7,1.0,0.6,116,4.320306308857651,80473160.83092079
7,67,1.7388987373094102,1.846663940295751,1.8486242928529073,2.120330209592458,1.7390455461389664,0.19794406293867908,1.0,1.0,0.7,1.0,0.6,118,4.231888878440195,221443843386.99292
7,68,1.7388983586304176,1.8439416601625664,1.84165529256518,2.0780657692228144,1.7388579183787947,0.1979440132923299,1.0,1.0,0.7,1.0,0.6,119,4.1855408946652,761635759.4492731
7,69,1.7388934443751358,1.8454950986496974,1.8474117786889503,2.1273346683482495,1.7433864898057592,0.1979449545297453,1.0,1.0,0.7,1.0,0.6,120,4.3054345948717,225709742430.1668
7,70,1.7388903080687887,1.846321455578527,1.8503415861661012,2.1389693787025257,1.739291480246568,0.1979440607975357,1.0,1.0,0.7,1.0,0.6,123,4.232416493207412,219958495423.20792
7,71,1.7388896120811177,1.847509836816625,1.853646889663222,2.1611656247771673,1.7388651027677846,0.19794405922720687,1.0,1.0,0.7,1.0,0.6,125,4.266264067797995,219114192313.2397
7,72,1.7388896050129468,1.847508620739116,1.8536456220930462,2.161164520868626,1.7385662013385628,0.19794405797033668,1.0,1.0,0.7,1.0,0.6,126,4.291214446360658,218712759227.17792
7,73,1.7389339522411196,1.8459506135121257,1.854099862295615,2.1765414936987186,1.7418451184150254,0.1980281348550868,1.0,1.0,0.7,1.0,0.6,130,4.495915656219737,218562319694.98813
7,74,1.7388403594478339,1.8458295084998384,1.8560500607178843,2.270922578135644,1.7389297033401774,0.1979037934692298,1.0,1.0,0.7,1.0,0.6,145,4.328111445284461,1.922429904730394e+16
7,75,1.7371769403101558,1.8479367145841548,1.8665879620933588,2.3483331060488792,1.7374425793735262,0.1955379953844536,1.0,1.0,0.7,1.0,0.6,157,9.937065768930822,2230036.9180273064
7,76,1.737173426942086,1.8491210877807092,1.8698892343915468,2.3457674968890534,1.7375055681423421,0.19553394617064784,1.0,1.0,0.7,1.0,0.6,158,10.11982161488598,2247056.9132725187
7,77,1.7371743330591958,1.8489274908422844,1.869688329479486,2.356537637024583,1.7377147321874453,0.19553652738739086,1.0,1.0,0.7,1.0,0.6,159,10.657097832972733,2229985.06431272
7,78,1.7375181665678965,1.8502276339103343,1.8730966689439326,2.373761169436541,1.7380290844796704,0.1960301913419389,1.0,1.0,0.7,1.0,0.6,161,7.039630068917956,2233432.5152376047
7,79,1.7370411015827676,1.8485331598677153,1.8713565701845436,2.378657233448716,1.7385359303395305,0.19535679483099117,1.0,1.0,0.7,1.0,0.6,164,11.259013386786483,2230316.41174931
8,0,0.6867768178960398,0.8035005065956677,0.7961696935518028,0.4487975726723143,0.0,0.0,0.0,0.0,0.7,1.0,0.6,1,4364.309820457238,126050.5425673244
8,1,2.153205981981078,2.4474538355320195,2.436935804877094,2.1024474278362906,1.7521917814857906,0.10547423125172166,1.0,1.0,0.7,1.0,0.6,3,10166.871848628642,165493.05126384654
8,2,2.1000895600060256,2.4495350577620747,2.439211049285366,2.113879615703066,1.7187207919921037,0.10101733992951742,1.0,1.0,0.7,1.0,0.6,4,10158.480925113276,156090.67223049575
8,3,1.8639941462641834,2.3503777713561473,2.340432925730646,2.0371720941825644,2.0243828401058597,0.10357517240974642,1.0,1.0,0.7,1.0,0.6,5,3017.902458442791,36660.03798858867
8,4,1.7928416304837786,2.305751554450039,2.2962051519139712,2.007827913829279,1.7743673193437512,0.10393240382870048,1.0,1.0,0.7,1.0,0.6,7,2433.622146778407,23924.834742750376
8,5,1.7382798876296293,2.246177796598681,2.236449357189709,1.9658870623843616,1.8082952061349191,0.10516011952732482,1.0,1.0,0.7,1.0,0.6,9,1450.6330586580873,23685.76339873175
8,6,1.7128548904273146,2.195182017199932,2.1835143683446994,1.9226816774689177,1.7886504533260132,0.10656823301132272,1.0,1.0,0.7,1.0,0.6,11,765.9197252971892,68240.3523994772
8,7,1.7123963103946598,2.1952540379169463,2.185661752725471,1.932066833513197,1.6772151598423126,0.10656823301132272,1.0,1.0,0.7,1.0,0.6,13,764.5215413069312,68197.7561403685
8,8,1.6932873766425578,2.1271186238350475,2.1149978313479694,1.8768266973647467,1.9711306151156016,0.10605494498267902,1.0,1.0,0.7,1.0,0.6,14,373.8934050782378,54988.01143426622
8,9,1.6923947713845746,2.122596994065463,2.1103093738966607,1.8784831084030693,1.683974451338504,0.10598475192315089,1.0,1.0,0.7,1.0,0.6,16,356.7780834558608,55533.42075928144
8,10,1.683877381848665,2.0782503265745538,2.0664556059480974,1.8429637021295364,1.8630463036917262,0.10312213369986849,1.0,1.0,0.7,1.0,0.6,17,279.35225801602763,29667.188766084048
8,11,1.6805653322784835,2.055187169602899,2.0405001491512893,1.8229715471985686,1.7615223183875366,0.10156413331788143,1.0,1.0,0.7,1.0,0.6,18,217.33057728913235,10371.537329039566
8,12,1.6781859655177014,2.0177151125081876,2.0036734867363952,1.8003515655097098,1.7585657858113501,0.1026828413421037,1.0,1.0,0.7,1.0,0.6,20,268.8568700243113,26636.06857437993
8,13,1.6757358429332023,2.002387146157345,1.9878338954581811,1.7923980917231992,1.7305738263453638,0.10037785827175942,1.0,1.0,0.7,1.0,0.6,21,82.2250152294481,20015.00949651565
8,14,1.677205513935589,2.000574379096934,1.9879613315088966,1.7928674470823291,1.6931198431655963,0.10285834304595234,1.0,1.0,0.7,1.0,0.6,22,240.574334663813,24614.15530462429
8,15,1.6767938731701073,1.9964632169754974,1.983704430564547,1.7984277223845355,1.6803509247731543,0.1025656736052408,1.0,1.0,0.7,1.0,0.6,24,227.89582746987685,24485.695108861983
8,16,1.675239898205093,1.9946032335497246,1.9818324256449937,1.8159686340867593,1.6716746724682916,0.10036963515284367,1.0,1.0,0.7,1.0,0.6,25,78.62636102998974,19907.709885767053
8,17,1.676785042055414,1.9954951359687478,1.9847684771219671,1.8190727301329268,1.6811563818917765,0.10273132554059308,1.0,1.0,0.7,1.0,0.6,26,240.97907205832536,22772.83157725831
8,18,1.6768700879933367,1.9940378938210412,1.9811807438022693,1.8221878445025284,1.6723054096175276,0.10286757617898368,1.0,1.0,0.7,1.0,0.6,29,252.2200447386641,21221.318596569075
8,19,1.6763980005259764,1.9911349025053289,1.9802523159795968,1.8452709385567752,1.68038752340277,0.10247297622527654,1.0,1.0,0.7,1.0,0.6,31,234.087479486972,24790.079768868647
8,20,1.6726771406812597,1.993169748703525,1.9907891838405773,1.873357972487367,1.6718185717888145,0.09727453070718224,1.0,1.0,0.7,1.0,0.6,33,250.8792657816497,22292.92454512989
8,21,1.6721210083419726,1.9788412792925092,1.9759260466792194,1.860325578644272,1.695346235598365,0.09727801367455127,1.0,1.0,0.7,1.0,0.6,35,230.31531667925748,22571.19244823317
8,22,1.671997475202426,1.9771647026814612,1.976259624589237,1.8681576102926263,1.6808634361222636,0.0972745290367264,1.0,1.0,0.7,1.0,0.6,36,229.50350722013664,22444.13803687727
8,23,1.6718796271064575,1.9740909904703958,1.973071105581698,1.8653491119283565,1.681162548951456,0.09727801367455126,1.0,1.0,0.7,1.0,0.6,37,219.918571259196,22730.2000809764
8,24,1.671127818720958,1.9709991349513634,1.967817741665049,1.8639008475505667,1.6720580992378062,0.09626420944409896,1.0,1.0,0.7,1.0,0.6,38,192.470511543194,53397.33281145484
8,25,1.67171344727228,1.9707653440826634,1.9696228152918684,1.8732756324249236,1.6777849907477287,0.09722411870642744,1.0,1.0,0.7,1.0,0.6,39,210.67291566346765,22883.65975387772
8,26,1.6709751751395636,1.9666378883252484,1.96329331743549,1.8671377667302842,1.6768287388041774,0.09628633861988056,1.0,1.0,0.7,1.0,0.6,40,197.102239617833,53019.248161219526
8,27,1.6712928163199114,1.9673094116888925,1.9681198190364437,1.879897199411821,1.678490435951384,0.09686952508940114,1.0,1.0,0.7,1.0,0.6,41,180.2374119206616,24625.73310695
8,28,1.6710262790917967,1.964045019441556,1.964739426633868,1.8842185903939224,1.6744178108937557,0.09664817598537792,1.0,1.0,0.7,1.0,0.6,43,169.6079777377705,25123.123063687235
8,29,1.6707190036718025,1.957645792846308,1.956034010426646,1.8869862044582546,1.6782494849447112,0.09645224624070452,1.0,1.0,0.7,1.0,0.6,45,192.7662169303873,24442.64932121981
8,30,1.6699083595584514,1.9428726289805875,1.9427940578823186,1.8835418544839588,1.7017790087637024,0.09600053214145224,1.0,1.0,0.7,1.0,0.6,47,156.07159148107596,25989.21273077944
8,31,1.671988616518207,1.93379576553526,1.933289298997316,1.8792955017746915,1.7198413256848193,0.09941965734729108,1.0,1.0,0.7,1.0,0.6,48,130.9104208454004,30527.11033046327
8,32,1.6701768175943155,1.9230002787091633,1.9221502208423553,1.890951909573913,1.6881712644016056,0.09715488387279439,1.0,1.0,0.7,1.0,0.6,50,129.06634135232866,26951.505116407217
8,33,1.6699989541232596,1.9220739601119199,1.9211952888677466,1.894438562505302,1.6695198035251897,0.09692629111896243,1.0,1.0,0.7,1.0,0.6,52,123.60332396107344,27526.772024254376
8,34,1.6681617145979737,1.9179126747198847,1.916945294414052,1.8898105444124913,1.6764809063528645,0.09437986913627791,1.0,1.0,0.7,1.0,0.6,53,123.43591383076368,33821.17543332917
8,35,1.6698670234784383,1.9176963459041394,1.9166555814535355,1.8978887556747934,1.6764397484639817,0.09687938132163935,1.0,1.0,0.7,1.0,0.6,54,123.30108449267554,27261.22870119662
8,36,1.6698936614000712,1.9142287154440059,1.913054684128427,1.9058695846657239,1.6757471212645236,0.09702928026138355,1.0,1.0,0.7,1.0,0.6,56,117.2990846188508,27401.217168495863
8,37,1.6696622324704284,1.9087891047623193,1.9074165936397733,1.9009529477813332,1.6910945483592692,0.09685784920828776,1.0,1.0,0.7,1.0,0.6,57,109.01493791597976,27837.53689301408
8,38,1.6695115478154587,1.9057157668425329,1.9042319862407395,1.8981754121978227,1.6742456239255525,0.09672825466750616,1.0,1.0,0.7,1.0,0.6,59,105.81890075509315,27484.51020953365
8,39,1.6695278232703967,1.9045318529272959,1.903002377060567,1.9082047838899503,1.6704262531748535,0.09678585003070424,1.0,1.0,0.7,1.0,0.6,61,105.89723144061398,27652.777009975103
9,0,0.22762657506762077,0.6936174697793497,0.6821873870132846,0.34974670049973394,0.0,0.0,0.0,0.0,0.7,1.0,0.6,1,45375.61633830325,126990.70514970676
9,1,2.450453676371124,3.0220027057591987,3.0095589824731364,2.6797769503889906,2.390186972185321,1.0,1.0,1.0,0.7,1.0,0.6,3,1.0653289496906507e+74,1.9277380994402246e+74
9,2,1.7613075354913326,2.205338227446281,2.185465276509565,1.8904370828808408,2.549106473277497,0.19718783006480362,1.0,1.0,0.7,1.0,0.6,4,797333.7612435357,1424873.8853018023
9,3,1.7592234456400346,2.2020256688346906,2.1820928872756156,1.895656190050993,1.739849933441179,0.1947479292712976,1.0,1.0,0.7,1.0,0.6,6,797607.9519627135,1425337.8149280483
9,4,1.7229734650335748,2.15333146637939,2.132804150320381,1.8638859594443482,1.7393554700302376,0.1479514539477676,1.0,1.0,0.7,1.0,0.6,8,867208.940914165,882139.4717574973
9,5,1.722128786364467,2.149939849598952,2.1313585399394683,1.8751934221362685,1.7131819585524846,0.14795145394776757,1.0,1.0,0.7,1.0,0.6,10,867963.876490814,882958.4837817444
9,6,1.7211235025633802,2.133419905265519,2.1141408746045576,1.8531385233582216,1.787119014981816,0.1510707218314009,1.0,1.0,0.7,1.0,0.6,11,415176.9425837812,1344688.956681024
9,7,1.7205514682488414,2.1309694990346273,2.113671326125852,1.8570692164980387,1.714048304379685,0.15108206285428474,1.0,1.0,0.7,1.0,0.6,13,441940.3720491511,1425400.7503050126
9,8,1.7124333683069852,2.0963606685518483,2.077926838267406,1.8501728393367847,1.8352064489069413,0.145126552541787,1.0,1.0,0.7,1.0,0.6,14,420043.4100760648,1349254.27164808
9,9,1.7010420256807768,2.0556530769751875,2.036011299099445,1.8126693814850277,1.7643042904206299,0.13322871420421528,1.0,1.0,0.7,1.0,0.6,16,428482.8261254252,1360218.1787177462
9,10,1.69899950074957,2.0463108160537495,2.0263744459238913,1.8040714979570596,1.7088477265635071,0.13116440688640407,1.0,1.0,0.7,1.0,0.6,18,431663.0014443521,1366556.3504029724
9,11,1.7012427400077006,2.0455246574627814,2.027534868742267,1.8202827411962619,1.7155288281547056,0.13486577378676332,1.0,1.0,0.7,1.0,0.6,19,435613.1332589325,1381593.7984194097
9,12,1.700327378339562,2.0352648671616866,2.0189710912831926,1.8185793803136936,1.7190020895956022,0.1346325170655715,1.0,1.0,0.7,1.0,0.6,21,404451.4980485649,1288340.8433051934
9,13,1.1066887422146343,1.4257163757570805,1.4067222963997312,1.2242083125022098,1.1360312023642183,0.08903941986227189,0.439192060951065,1.0,0.7,1.0,0.6,23,118.71791587507748,332650.6427382886
9,14,1.1080330898282265,1.4179780380320834,1.3986268178161105,1.224046469817903,1.124282647563167,0.089432711847011,0.4407497209871115,1.0,0.7,1.0,0.6,25,109.43417913505644,333244.49720841664
9,15,1.118777770803951,1.3743797556637927,1.3549943609869501,1.1941170613057266,1.2425095316518644,0.09178254782561832,0.4519815703260567,1.0,0.7,1.0,0.6,27,72.971281425944,337126.63067991554
9,16,1.1332009488166912,1.362487103124475,1.3420959458653163,1.1916240492894172,1.190093651766627,0.08929564018832384,0.4687879014405139,1.0,0.7,1.0,0.6,29,74.23180432935739,342202.9734810529
9,17,1.1266173744241028,1.3497271552426957,1.3291008102302473,1.1896597086401037,1.1386519057236009,0.08913377870526476,0.4624450136519595,1.0,0.7,1.0,0.6,31,65.83831784377037,341745.6028463839
9,18,1.1870857343052885,1.410097583327774,1.391539141729686,1.3030862584377711,1.18586689453398,0.0933697867999027,0.5199764546052215,1.0,0.7,1.0,0.6,43,49709.25896321982,461341.9240337102
9,19,1.189081293825859,1.4043273052295056,1.3854736560542458,1.3082615049419917,1.2047959712197471,0.09293028727625684,0.5224262214371345,1.0,0.7,1.0,0.6,45,49841.83759635368,463345.8826573468
9,20,1.1908971006951772,1.4009409531805015,1.3839615406214012,1.3291209944787696,1.203953711757339,0.09201898388680474,0.5249943527110167,1.0,0.7,1.0,0.6,47,49893.18170379162,465064.2327776211
9,21,1.1875170800254988,1.3972140595622227,1.3802214907459023,1.3297621034109004,1.1875766954800002,0.09275215460208655,0.521106970977733,1.0,0.7,1.0,0.6,48,49857.08561108057,463021.4375479735
9,22,1.1934492037104194,1.3998182771200338,1.382699494344633,1.3352802602541458,1.206837084724293,0.09208028026758001,0.5275646109662377,1.0,0.7,1.0,0.6,49,50109.79009128024,467389.4993428185
9,23,1.1900170635056675,1.3955608865787767,1.3784108182124561,1.3355686010896024,1.1922750785761822,0.09254733495075902,0.5238189305860504,1.0,0.7,1.0,0.6,50,50052.91153337476,465383.3219340621
9,24,1.193463110104193,1.3965519280923449,1.3793088172786858,1.3438515999564342,1.203012284700884,0.09205540710864536,0.5276485148681557,1.0,0.7,1.0,0.6,51,50262.85182217209,466593.7883384355
9,25,1.1961359051998435,1.398035843666305,1.380747677169275,1.3524996872297175,1.197423068903777,0.09211635817945343,0.5302972661403569,1.0,0.7,1.0,0.6,53,50480.774426401535,468929.7702544133
9,26,1.1747900239937739,1.3741866029120078,1.3568036012564302,1.3241787620799634,1.1846041276785957,0.09107943442137309,0.5097157010456097,1.0,0.7,1.0,0.6,54,51425.9154674106,655599.6572257945
9,27,1.1629531997687153,1.3586752662453483,1.3411531497438012,1.3159700564633992,1.1781210962791224,0.09408835295671993,0.49582764415839947,1.0,0.7,1.0,0.6,55,50556.45732559272,489103.7381601938
9,28,1.1653676971876141,1.353653226639925,1.3358497820272364,1.3185961174575975,1.1806815581421461,0.09263840414337352,0.499361356529317,1.0,0.7,1.0,0.6,57,49829.45376438893,551822.6146813101
9,29,1.167381656155813,1.350411821159887,1.330337811005596,1.3050282469664514,1.174989988571654,0.09369958109488764,0.5006845436441495,1.0,0.7,1.0,0.6,59,50910.89164732612,493431.8548503976
9,30,1.1639335460348728,1.3466561938041912,1.3265705700206842,1.3168063305891367,1.1641916569074642,0.09395451888416638,0.4970619555130343,1.0,0.7,1.0,0.6,60,50790.92823219234,491010.4937217881
9,31,1.169591052145913,1.3511478458866644,1.3330900850393999,1.3305913459545347,1.1795727184635347,0.09326685956765182,0.5032326679700951,1.0,0.7,1.0,0.6,61,51047.72153212295,495390.6266071217
9,32,2.0338732917190714,2.20079393248493,2.186327837797924,2.22656285339305,2.0521725150142274,0.6185739185107313,1.0,1.0,0.7,1.0,0.6,65,1.058278157454995e+22,1.915026824644192e+22
9,33,2.032897263271368,2.1930825506914253,2.1783626229737583,2.2313005024210546,2.046970800669432,0.6172776201413743,1.0,1.0,0.7,1.0,0.6,67,1.058278157483702e+22,1.9150268246539834e+22
9,34,2.0293116400937943,2.185364782191853,2.1704892106100795,2.231783118573347,2.037673385061141,0.612212202623025,1.0,1.0,0.7,1.0,0.6,69,1.0582781575047657e+22,1.915026824692099e+22
9,35,2.031303919152194,2.186113240368107,2.171190833857538,2.23655403815042,2.036052695248459,0.6150750025276066,1.0,1.0,0.7,1.0,0.6,70,1.0582781574873686e+22,1.9150268246599058e+22
9,36,2.031302659828962,2.187303891074475,2.174498472193206,2.2562670732460544,2.030850930841092,0.6150750025276065,1.0,1.0,0.7,1.0,0.6,72,1.058278157487055e+22,1.9150268246593383e+22
9,37,2.0323237019991702,2.190152362334682,2.181560002697407,2.284734671282857,2.0328125436302606,0.6165447078387174,1.0,1.0,0.7,1.0,0.6,75,1.0582781574992311e+22,1.9150268247342745e+22
9,38,2.048580391234697,2.1917886021466586,2.1785017368114823,2.273374376630003,2.1007751975907274,0.6399170918701029,1.0,1.0,0.7,1.0,0.6,76,1.058273607863026e+22,1.915018591764588e+22
9,39,2.04671353457006,2.1844111594311744,2.1709171381035364,2.274337654154861,2.0582814536801375,0.6373127239053273,1.0,1.0,0.7,1.0,0.6,78,1.0582736078731336e+22,1.9150185917795065e+22
9,40,2.0440753089863186,2.1793487692881963,2.1657635817675587,2.277312988216022,2.048849128765296,0.6335702649819039,1.0,1.0,0.7,1.0,0.6,80,1.058273607894197e+22,1.915018591817621e+22
9,41,2.0514185788943164,2.1636737571734477,2.145079536770157,2.2641497006306426,2.0958815663438775,0.6442587175168092,1.0,1.0,0.7,1.0,0.6,82,1.0582736078495596e+22,1.915018591753136e+22
9,42,2.0508711304751124,2.1587535228866153,2.139995171467016,2.2672945968960443,2.0601942517472027,0.6435144666973351,1.0,1.0,0.7,1.0,0.6,84,1.0582736078511131e+22,1.9150185918232086e+22
9,43,2.045902412091039,2.1492944621416306,2.1303676430166836,2.265873441417172,2.055336888700611,0.6364527758985014,1.0,1.0,0.7,1.0,0.6,86,1.0582736078573731e+22,1.9150185918698548e+22
9,44,2.0467903973465815,2.14908016927771,2.1301120047400612,2.2771615256772617,2.0512067631010273,0.637729987972179,1.0,1.0,0.7,1.0,0.6,87,1.058273607934627e+22,1.9150185919017063e+22
9,45,2.0458934792794303,2.1489909057561936,2.132125313584114,2.2773663718111217,2.047805421067307,0.6364527758985014,1.0,1.0,0.7,1.0,0.6,88,1.0582736078550948e+22,1.915018591865732e+22
9,46,2.043935252763328,2.1464169574225034,2.12952829037699,2.3018124931812434,2.0439495358653237,0.6336601393096755,1.0,1.0,0.7,1.0,0.6,95,1.0582734005109996e+22,1.91501821666399e+22
9,47,2.020099500439963,2.1212960681764574,2.106431541104143,2.29670685605459,2.0226166119151427,0.5996292244926809,1.0,1.0,0.7,1.0,0.6,99,1.058278405217314e+22,1.9150272729686173e+22
9,48,2.0189579493825316,2.118869365418897,2.1039565963215208,2.313898669393363,2.0214351741113017,0.5980081601075234,1.0,1.0,0.7,1.0,0.6,101,1.058278405218643e+22,1.9150272729631454e+22
9,49,1.68752809333423,1.7588575459447209,1.7428736559904578,2.0385952119032957,1.6973789039471332,0.12472351762100567,1.0,1.0,0.7,1.0,0.6,114,842037.6814609701,2345585.660637249
9,50,1.687474958384501,1.7518055349116017,1.7355595017205698,2.036120054958829,1.6969382189574493,0.12468553394864663,1.0,1.0,0.7,1.0,0.6,117,841690.0124574249,2344946.460362568
9,51,1.6873293806441176,1.7467069284998051,1.7282030818498897,2.048308034078227,1.6954627971903076,0.1244962504083893,1.0,1.0,0.7,1.0,0.6,119,841865.1109275818,2345249.5625235224
9,52,1.6873269313977,1.7473317021439168,1.7309237124634276,2.0554649150703215,1.6886502263895178,0.1244962504083893,1.0,1.0,0.7,1.0,0.6,121,842057.8396021869,2345797.559837173
9,53,1.6876569354594744,1.7482243014361183,1.7339098301127147,2.07783037768952,1.6914137018890592,0.12497150283506744,1.0,1.0,0.7,1.0,0.6,122,841683.503620652,2344564.272259574
9,54,1.6875341311922778,1.74814262790562,1.7359020796365408,2.091406575688579,1.6943788329132548,0.1248024571287167,1.0,1.0,0.7,1.0,0.6,123,841983.6957724111,2345645.236635465
9,55,1.6880945105103549,1.7402593018171797,1.7318475810023695,2.105887875883975,1.7307063997420946,0.12565457925423806,1.0,1.0,0.7,1.0,0.6,124,844154.753203191,2342364.868082304
9,56,1.6877012611252984,1.7355379248017226,1.7207469649288103,2.1019006724241636,1.687629598585981,0.12509430110716543,1.0,1.0,0.7,1.0,0.6,131,842802.5564444581,2341390.343785929
9,57,1.6869564072692134,1.7356113182375346,1.72499581870305,2.1107486687866723,1.6906947486547366,0.12403817213674302,1.0,1.0,0.7,1.0,0.6,134,842383.2808920749,2340911.10588619
9,58,1.6876514398436213,1.7344036426544682,1.7237169133454455,2.128875723688647,1.6928948926594578,0.1250391884102524,1.0,1.0,0.7,1.0,0.6,135,843103.4301182767,2340702.901935331
9,59,1.6875525425726998,1.7302849758462955,1.7194478664486792,2.133204170566382,1.6977660379503678,0.1249144899169321,1.0,1.0,0.7,1.0,0.6,137,842964.7496351633,2339311.171671356
9,60,1.6868936983218217,1.7265074586085842,1.7134812462191285,2.131646465018663,1.6875665264323687,0.12398047414048603,1.0,1.0,0.7,1.0,0.6,140,842522.5363425376,2341558.2471292904
9,61,1.6869054790307025,1.725380816531883,1.714384458876359,2.1569305552243727,1.692181707729452,0.12400698876290095,1.0,1.0,0.7,1.0,0.6,143,842090.1099768656,2339115.3818642013
9,62,1.686905536514863,1.7267296049655987,1.7178561542670656,2.1650078404403086,1.6874584603318246,0.12400698876290095,1.0,1.0,0.7,1.0,0.6,145,842282.7781471752,2339662.1262352616
9,63,1.6873242770714212,1.7222366705839605,1.713179478780979,2.1852483223398136,1.6933734470305493,0.12462375349205994,1.0,1.0,0.7,1.0,0.6,148,843734.521656706,2341043.3079677336
9,64,1.6874234300215636,1.7191184586710504,1.7099409197521296,2.1904199164631786,1.69474236584337,0.12477707898997561,1.0,1.0,0.7,1.0,0.6,150,843185.346877302,2341693.947658285
9,65,1.687471519957699,1.7166272088308672,1.7073547459231433,2.1961670386259087,1.6918441599325291,0.12485477443021879,1.0,1.0,0.7,1.0,0.6,152,842566.0650219606,2340306.527820774
9,66,1.6872792973273705,1.7166797068878372,1.71156129482836,2.2215233173011875,1.6910206883305237,0.12458841683390272,1.0,1.0,0.7,1.0,0.6,155,842279.0970991972,2339824.3154498064
9,67,1.6872792973273705,1.7180070268288548,1.7150106992222884,2.2372239676296606,1.6872123578597602,0.12458841683390272,1.0,1.0,0.7,1.0,0.6,157,842279.0970991972,2339824.3154498064
9,68,1.6864768923130624,1.7152730395723195,1.7101320372470314,2.23250255681389,1.687288770548208,0.12344417072633881,1.0,1.0,0.7,1.0,0.6,158,897281.4482973092,2195559.9858280392
9,69,1.6870737034047036,1.7141858879347516,1.7089819055711764,2.2439082023721513,1.6984642091872204,0.12430239639434142,1.0,1.0,0.7,1.0,0.6,159,842216.4559627622,2339470.6589137907
10,0,0.9477278442745691,0.8413828366530036,0.8354653200830178,0.48321502418793505,0.0,0.0,0.0,0.0,0.7,1.0,0.6,1,7661.37682326048,161796.07388494074
10,1,0.7697408318471896,0.8155444120126182,0.8086629091857358,0.4614123869092405,0.09068268614073968,0.0,0.0,0.0,0.7,1.0,0.6,2,4799.349730268837,143210.9342088247
10,2,0.7222396710583265,0.8099759710857479,0.8049593543844423,0.4574261901228905,0.02776739567563015,0.0,0.0,0.0,0.7,1.0,0.6,3,4240.377704560557,135663.17236711146
10,3,2.1638322441335887,2.52399871227324,2.515605079710643,2.179214171164703,1.9906724745317401,0.2128400423897047,1.0,1.0,0.7,1.0,0.6,4,6865.10119878541,159345.6239174155
10,4,2.0236083807575795,2.4628860778551758,2.45428785656745,2.13683565023901,1.838744674730047,0.21273435228913867,1.0,1.0,0.7,1.0,0.6,6,4500.263997904639,116618.21938442938
10,5,1.9712664975961922,2.434515107390712,2.4253497951908676,2.113899195347089,1.7692643112550077,0.1939202088463145,1.0,1.0,0.7,1.0,0.6,8,2855.775407551702,81748.05533408617
10,6,1.1598840038374119,1.641048429063486,1.6312935786816933,1.3219110304292976,1.0254037123652173,0.09353769975972456,0.31171807376824423,0.9681450923638714,0.7,1.0,0.6,9,1171.9171853092637,22227.217386822053
10,7,1.7323978096629813,2.1946648744511754,2.17777210450083,1.901082707080099,2.5412876896738505,0.14718460284670665,1.0,1.0,0.7,1.0,0.6,10,1007.0785352760454,21395.94080687036
10,8,1.7352253264245387,2.178701528840705,2.1629176563951953,1.8934665311635874,1.772274475304748,0.16128387301884284,1.0,1.0,0.7,1.0,0.6,12,806.1499506218106,23196.303456077258
10,9,1.734066240831638,2.1747969786481387,2.1609403062651853,1.8869830813500088,1.7205137274664617,0.1612703923067476,1.0,1.0,0.7,1.0,0.6,15,847.1051765563728,28002.07564467655
10,10,1.733473837661062,2.1711221048146614,2.157119790205883,1.8974385350964194,1.7302358329056249,0.16159798278786378,1.0,1.0,0.7,1.0,0.6,16,816.602964840747,25659.25764587272
10,11,1.7138934997195907,2.1312558259590233,2.1163212983516564,1.8790674735757609,1.7549975895070626,0.14034623387908254,1.0,1.0,0.7,1.0,0.6,18,439.35487051365664,19799.07423096413
10,12,1.7072130563131305,2.0908150611984184,2.07443383356072,1.8486961457266995,1.779796044739279,0.1379735343331993,1.0,1.0,0.7,1.0,0.6,20,286.6497368982671,16967.61537094595
10,13,1.6991373932906924,2.0177168883642658,1.998704645361519,1.788901474764482,1.8491581416618499,0.13429290192014726,1.0,1.0,0.7,1.0,0.6,22,278.7937320320305,3023.781809397211
10,14,1.6961212277834004,1.980322348131967,1.9599683527571208,1.76359873357017,1.7703258414284884,0.13225566543566825,1.0,1.0,0.7,1.0,0.6,24,35.53379312574731,671.3440140577595
10,15,1.6961212278032338,1.980322348207881,1.9599683528330352,1.7549722804674053,1.6925790492120245,0.13225566554411713,1.0,1.0,0.7,1.0,0.6,25,35.53378814307834,671.3440055469774
10,16,1.6954524576998447,1.9557018014693028,1.9344236503774788,1.7478984048226933,1.8012164970975846,0.13246804547590252,1.0,1.0,0.7,1.0,0.6,26,35.41644827512117,577.0183061103485
10,17,1.6994891884915861,1.92843341200772,1.9059576117224446,1.72708721771775,1.8390085364219142,0.13937997257252926,1.0,1.0,0.7,1.0,0.6,27,56.95283330142993,1633.9799269405755
10,18,1.697556515032446,1.9136743118803312,1.8927816185652757,1.7281352652629245,1.7286662814906033,0.1370357440814988,1.0,1.0,0.7,1.0,0.6,29,35.073337310923606,1246.9127925937923
10,19,1.697438299975179,1.907664349122495,1.888620058817832,1.740950672724685,1.7107327060243844,0.1370357440814988,1.0,1.0,0.7,1.0,0.6,31,35.841562082056974,1241.346142780923
10,20,1.6973634444039827,1.9016909639022197,1.8803512143382726,1.7015711744692519,1.7157745424637665,0.1370357442054896,1.0,1.0,0.7,1.0,0.6,32,38.81582054507084,1235.7212318877962
10,21,1.6973185691081434,1.8987423636682386,1.877292539169047,1.705392689366246,1.7023889310138478,0.13703868964513438,1.0,1.0,0.7,1.0,0.6,34,38.39159461223012,1268.199556189807
10,22,1.6978720494795212,1.8970534145210847,1.8838059289110802,1.7852889908555007,1.6993948335669553,0.13799460677301129,1.0,1.0,0.7,1.0,0.6,46,75.63072178844538,6055.420978538963
10,23,1.6982624060872187,1.8959321943294967,1.882627474971338,1.7946648683328,1.7003671330047507,0.13858380722854535,1.0,1.0,0.7,1.0,0.6,48,76.48136414798225,5972.3856626747165
10,24,1.6978492209866887,1.8937550204801141,1.8803835660952828,1.8000636840816697,1.7044611163979222,0.1380297561673156,1.0,1.0,0.7,1.0,0.6,49,82.15551231525146,5912.871794177158
10,25,1.698346798188259,1.8926594364332994,1.8792277001634212,1.8028231219551385,1.7042147555428695,0.13877270159845928,1.0,1.0,0.7,1.0,0.6,50,69.81618074650146,6240.411423028299
10,26,1.6958729028718214,1.880605156146832,1.8668112547266515,1.795428491546685,1.7373233346017813,0.13542106320546402,1.0,1.0,0.7,1.0,0.6,51,85.32947161511049,6075.985177897919
10,27,1.695905846688896,1.8747227337698789,1.860705393042947,1.7975668159507463,1.7082206093260455,0.13557369393888483,1.0,1.0,0.7,1.0,0.6,53,58.69666302799076,5535.592237027843
10,28,1.695974032634214,1.8696337847452988,1.8554218398369087,1.804078594532939,1.706371220966473,0.13575605345542363,1.0,1.0,0.7,1.0,0.6,55,52.64553333101014,5799.812712798406
10,29,1.6958040946385622,1.8664568308465692,1.8521314339467745,1.8012104243141307,1.701640581441588,0.13556176392986047,1.0,1.0,0.7,1.0,0.6,57,57.39982892738543,5561.7798182175375
10,30,1.6960878433087925,1.8642062094678304,1.8497852663719896,1.8102729747928796,1.7060044786883868,0.13600485640739418,1.0,1.0,0.7,1.0,0.6,58,58.76069789922739,5830.835801310558
10,31,1.695758053718337,1.8633498133674493,1.8509810863366472,1.8118329750243465,1.7030946302154173,0.13556176392986047,1.0,1.0,0.7,1.0,0.6,59,60.83969577774222,5532.708756596835
10,32,1.6957580486362827,1.8646766472293868,1.854429995069128,1.822849159423241,1.6948944502238508,0.13556176392986044,1.0,1.0,0.7,1.0,0.6,61,60.76840415041429,5533.1541574239
10,33,1.6957580486362809,1.8646766472293868,1.854429995069128,1.8416244442245833,1.6948932721501757,0.13556176392986044,1.0,1.0,0.7,1.0,0.6,62,60.76840416984535,5533.154157301969
10,34,1.6958854611877086,1.8627013551505693,1.852375467258597,1.8362944353666535,1.704347562057312,0.13577496115833015,1.0,1.0,0.7,1.0,0.6,63,54.71381444141856,5840.557119313879
10,35,1.6956347089006636,1.8558027641034882,1.843154295895439,1.8388567100128883,1.718381625879526,0.1354926956384748,1.0,1.0,0.7,1.0,0.6,64,51.37999671577111,5514.176798967186
10,36,1.6954211666826455,1.8546889491860363,1.844078679758903,1.855705740719174,1.696623062899394,0.1352182271118136,1.0,1.0,0.7,1.0,0.6,69,64.37898024526095,5529.613930879284
10,37,1.6944034135659756,1.8488667117703437,1.838075520936894,1.8618994822051187,1.7152574028263876,0.13382893437590362,1.0,1.0,0.7,1.0,0.6,70,65.12894313943107,5510.88448882764
10,38,1.6945834394360304,1.8432202967341635,1.8363541583698324,1.865954698314697,1.7125002531854916,0.1341901389633241,1.0,1.0,0.7,1.0,0.6,72,66.709290897835,5608.732660922176
10,39,1.694580922548171,1.8442406172295946,1.8394851553570368,1.8852343121238406,1.6946039883143738,0.1341901389633241,1.0,1.0,0.7,1.0,0.6,74,64.96679657752803,5618.763565089204
10,40,1.6946541405150457,1.8421256222758644,1.8372878156781387,1.8913101064492097,1.6988556281858904,0.1343203039022807,1.0,1.0,0.7,1.0,0.6,76,59.94727256988376,5877.63549012833
10,41,1.694553793027262,1.8390298956407802,1.8340794781152865,1.8964859755506605,1.7005601270265553,0.13421103685015595,1.0,1.0,0.7,1.0,0.6,78,67.44687356082349,5736.952487009604
10,42,1.6943462994984113,1.834572571042962,1.8315345831296308,1.9151781429811314,1.6968596508395635,0.13397537574212776,1.0,1.0,0.7,1.0,0.6,86,61.45911795389333,7108.271203899804
10,43,1.694375463750244,1.8329123870292552,1.8298109188019898,1.917673683834464,1.6975518881493263,0.13403477409247372,1.0,1.0,0.7,1.0,0.6,88,59.64847563262534,7206.455261102153
10,44,1.6942696885200563,1.8267620303249466,1.8234334693000536,1.92009907514703,1.7070951101471872,0.13394467856937553,1.0,1.0,0.7,1.0,0.6,90,53.88230223187143,7342.168398805162
10,45,1.6942668608051514,1.8276714842835564,1.8264494315262452,1.931974970757064,1.6946733410531687,0.13394467856937553,1.0,1.0,0.7,1.0,0.6,92,53.23633349618335,7346.77956806633
10,46,1.6930296272211889,1.8225947619767622,1.8253730582990273,1.9823337977126232,1.702112149695279,0.13223843830002696,1.0,1.0,0.7,1.0,0.6,95,53.13818250813858,5652.047583614748
10,47,1.692982624250507,1.8234132428192225,1.8282962828397857,1.9861986217461913,1.693538988068585,0.13217548617869385,1.0,1.0,0.7,1.0,0.6,97,53.6967478814863,5641.869226125298
10,48,1.693701834576189,1.8190102157356045,1.8319901184603138,2.096090605792893,1.695303461842462,0.13329277186742555,1.0,1.0,0.7,1.0,0.6,120,52.50496346138887,6678.110627354663
10,49,1.6937018345810717,1.8203375356861509,1.8354395090953974,2.1050632648439644,1.6933049744844433,0.13329277188103772,1.0,1.0,0.7,1.0,0.6,122,52.50496338200554,6678.108268673694
10,50,1.6937027331920658,1.8216628141871203,1.8388867862197933,2.1226120793612115,1.6933123819898763,0.13329407979678315,1.0,1.0,0.7,1.0,0.6,124,52.50406864752307,6678.297517749959
10,51,1.6935457219187509,1.8204606458202344,1.8376454058552882,2.1215170582557614,1.6977643123757886,0.13307827570670183,1.0,1.0,0.7,1.0,0.6,125,55.68572577651737,6436.344290835511
10,52,1.6941799885833588,1.818303227104678,1.8333109608244031,2.1496050519900782,1.6944417442423534,0.1339961011327122,1.0,1.0,0.7,1.0,0.6,135,47.86201986424792,5721.094424032281
10,53,1.7018928626377479,1.8241427168250186,1.841152489953529,2.1688347149857865,1.7156238451304504,0.1450395559249619,1.0,1.0,0.7,1.0,0.6,136,66.15310967228608,6130.412861797484
10,54,1.6941040647636392,1.8174403257370857,1.836563126141022,2.1867842755671716,1.6940980744040646,0.13391458218100608,1.0,1.0,0.7,1.0,0.6,139,48.03182668556428,6086.760722880421
10,55,1.693743190127222,1.815193922386647,1.8342460482559493,2.1890471932396305,1.701702145114024,0.13341341581192706,1.0,1.0,0.7,1.0,0.6,140,48.26085226104121,6361.596917154643
10,56,1.6937431901300264,1.81784856227087,1.8411448570459945,2.202008267243123,1.6933894003168404,0.13341341581505256,1.0,1.0,0.7,1.0,0.6,144,48.26085236466662,6361.596917044726
10,57,1.6936749386595995,1.8209209441986296,1.8505519775042751,2.159007442569208,1.697023844802867,0.13332221466826966,1.0,1.0,0.7,1.0,0.6,145,47.69704781417924,6718.123423461892
10,58,1.6935479420946633,1.815191782985437,1.8383957639183954,2.2039129185000808,1.7003343339224886,0.1331527954786615,1.0,1.0,0.7,1.0,0.6,146,50.43819433825003,6402.954119091753
10,59,1.6935441040756989,1.8157638980625528,1.8410618029308066,2.225867333196931,1.6948546772617994,0.1331527954786615,1.0,1.0,0.7,1.0,0.6,148,48.96095028562831,6412.898001062528
11,0,0.6613894112208728,0.799751702704637,0.7922810918099934,0.44541849415674134,0.0,0.0,0.0,0.0,0.7,1.0,0.6,1,6632.029748301574,126113.1727563216
11,1,0.6604798990520113,0.8009418673319253,0.795588186294906,0.45684749941866337,0.00029989945288113164,0.0,0.0,0.0,0.7,1.0,0.6,3,6616.265463953991,124974.59545673092
11,2,0.7582852535018458,0.973241232106306,0.9652184819661527,0.6270015184041998,0.25251634748577284,0.00768743383002545,0.18128704488537878,0.00270249612524967,0.7,1.0,0.6,4,6401.431282811146,111000.32696045084
11,3,1.4561913825678474,1.7718747172674818,1.7612042196170101,1.4335906372262117,1.1016603599184107,0.00043851429213076005,1.0,0.00338806085250123,0.7,1.0,0.6,5,12245.02946654574,163643.2542319127
11,4,1.21075344876033,1.7102041307996798,1.699614417531104,1.3940080762038032,1.5008365800346914,0.04146880335705279,0.668304652907292,0.5871377936783528,0.7,1.0,0.6,6,1631.6428298018614,46384.90078243079
11,5,1.6488832592680924,2.0963960081218653,2.0787513054006213,1.8074074236596358,2.039074710378949,0.035596411453098,1.0,1.0,0.7,1.0,0.6,8,797.0987270991875,27370.274160940287
11,6,1.6406987416106644,2.0611230571378316,2.042206620749476,1.7807609625240275,1.6984077586862858,0.033903619703262576,1.0,1.0,0.7,1.0,0.6,10,531.174679509326,10324.165024034048
11,7,1.6508030535654643,2.063273922166792,2.044002479906837,1.791254534086649,1.6562575945184483,0.05057168443067054,1.0,1.0,0.7,1.0,0.6,12,81.63841015803443,6287.992978450294
11,8,1.6366595367585455,1.995239415454162,1.9757593130353284,1.744326746085533,1.7653075077687972,0.04073396077525644,1.0,1.0,0.7,1.0,0.6,14,414.9967950567335,8683.96170187793
11,9,1.531813900573908,1.8101505049301352,1.7895694241629108,1.5769652431101493,1.7177066038704298,0.04307677701294585,1.0,0.8305636627170404,0.7,1.0,0.6,16,188.03392379106324,3625.280003200173
11,10,1.5384380445035026,1.8112581310125675,1.792534959106964,1.572643842805421,1.5508605020582975,0.04344961238791387,1.0,0.8415683123584913,0.7,1.0,0.6,18,176.3139829699683,3454.763383023428
11,11,1.63635263014655,1.9036242903942342,1.8846870684727541,1.6711025696230783,1.659737937205457,0.047800634390226235,1.0,1.0,0.7,1.0,0.6,19,154.08516404684232,146949.25566042756
11,12,1.5650407637276038,1.8188113250963058,1.7993557979866597,1.601679688456545,1.6222298290191997,0.04483314277611628,1.0,0.8852616433825601,0.7,1.0,0.6,20,143.5686752352829,2921.498168421537
11,13,1.5246866260512713,1.7642689603331352,1.7484133376631017,1.5493610049356157,1.5983482550161723,0.04561650626520139,1.0,0.8178001880721799,0.7,1.0,0.6,21,133.22243315234454,3672.8148968431287
11,14,1.5622657580384258,1.7908746406826124,1.7704576555166383,1.5889313977383694,1.597607808873859,0.04354790069728861,1.0,0.8831515195541213,0.7,1.0,0.6,22,118.6881557619819,2525.406481976853
11,15,1.5243154421559102,1.7524951311519124,1.7320617592744891,1.5532447979084607,1.5244557611344267,0.04573297963707896,1.0,0.8173676230336259,0.7,1.0,0.6,23,124.1722358410126,3582.5999355243057
11,16,1.608851275998426,1.8035365359282376,1.7818314507336734,1.6081364112325498,1.7566815354035632,0.04572117160457142,1.0,0.9592643425628576,0.7,1.0,0.6,24,79.53053181652422,1740.6643642998813
11,17,1.5931454399140281,1.7795113920393408,1.7574914251036615,1.6006827912511277,1.6045887632823068,0.04448926600792939,1.0,0.9347269228735264,0.7,1.0,0.6,27,72.92031773588045,2081.55302575135
11,18,1.5930649680870093,1.774455845555011,1.7543198802563515,1.604365950204551,1.6055269989893581,0.04448926600792939,1.0,0.9347269228735264,0.7,1.0,0.6,29,71.9555182351877,2069.04547189993
11,19,1.5919385822624985,1.7700667506270036,1.751879480794683,1.6121226229074246,1.6011250334292293,0.04454487989885006,1.0,0.9328804870469127,0.7,1.0,0.6,31,67.34023166430198,2009.9567970617409
11,20,1.5919383707424934,1.770048846714226,1.7518609279113249,1.6188860407001862,1.590987080761518,0.04454487989885006,1.0,0.9328804870469141,0.7,1.0,0.6,32,67.33779824579324,2009.9272913933632
11,21,1.633592325789642,1.7775587294883732,1.75808394311853,1.6329141928410285,1.7839322637669164,0.04702027548718325,1.0,1.0,0.7,1.0,0.6,33,42.87504339241031,1460.8117460922667
11,22,1.6324999147840251,1.7705493252911477,1.7529241511518392,1.6322442892131348,1.647878176935579,0.045545282891716596,1.0,1.0,0.7,1.0,0.6,35,45.12679984635574,1361.8040851172238
11,23,1.6328515562051273,1.7608797824181655,1.7408056780852568,1.6340262107594916,1.651496432720553,0.046142390406429326,1.0,1.0,0.7,1.0,0.6,37,32.456141995619646,914.6214197936952
11,24,1.6327573176039945,1.760577883549022,1.7425681996974474,1.649829457357506,1.6355932131970286,0.046023585716200396,1.0,1.0,0.7,1.0,0.6,39,34.832264843906444,961.2182873265688
11,25,1.6324672722759344,1.7477165423391483,1.7375238015805525,1.7102508277700657,1.6366824725517501,0.045776940154267344,1.0,1.0,0.7,1.0,0.6,56,29.092242529842075,755.5535822519722
11,26,1.6326884212787283,1.7408342332920608,1.7303749586101622,1.7114598449304816,1.647937191545903,0.04615139983539694,1.0,1.0,0.7,1.0,0.6,58,29.635473040074,760.1409712310033
11,27,1.6324632423441976,1.7349237141972407,1.7221788925681438,1.7068905345933354,1.6512999499824739,0.04586362942471049,1.0,1.0,0.7,1.0,0.6,59,25.62196305084124,749.1202732890009
11,28,1.6319771224088795,1.7277413897869103,1.7147454601278453,1.7076595829329388,1.6611399860135645,0.04521844671516776,1.0,1.0,0.7,1.0,0.6,60,22.595200886937544,810.7115641309803
11,29,1.6319771224112616,1.7290687097279278,1.7181948714059607,1.7155880731223685,1.631652991111236,0.04521844671516776,1.0,1.0,0.7,1.0,0.6,62,22.59520092391816,810.711566023276
11,30,1.6312199718517073,1.7199769167423953,1.7067183238010002,1.7187974419918493,1.6617603344758045,0.04418488092732678,1.0,1.0,0.7,1.0,0.6,63,21.25858300735049,453.5904872847306
11,31,1.6321054697745252,1.7203124256137254,1.7091055703246392,1.7151105218373597,1.640101117163543,0.045462217004437026,1.0,1.0,0.7,1.0,0.6,64,19.348004151958275,695.4419829267291
11,32,1.6319993727558333,1.7199312903531694,1.7107864537901598,1.729009854941494,1.6352410977821723,0.04532095223092555,1.0,1.0,0.7,1.0,0.6,66,20.188065020818595,715.7545197370309
11,33,1.631632350333129,1.714720537764375,1.7053941988929262,1.7317812148884877,1.6420331460312236,0.0448268513400975,1.0,1.0,0.7,1.0,0.6,68,22.060111816050725,685.6763173187379
11,34,1.6315576095486546,1.7101053628303235,1.7006089490537777,1.7475499590944135,1.637979706145647,0.04474708822983562,1.0,1.0,0.7,1.0,0.6,71,23.68877133067166,673.1142667505987
11,35,1.6315883069664743,1.7068784356079285,1.6972600003550018,1.7523484158801441,1.6385296370224194,0.04480956948742447,1.0,1.0,0.7,1.0,0.6,73,20.9716402881828,718.9100744286976
11,36,1.6317464654814082,1.70547379385031,1.6957968304047801,1.7588124384743575,1.638445725944183,0.04504428376275403,1.0,1.0,0.7,1.0,0.6,74,19.58751959664606,689.0036839815225
11,37,1.6317115626507768,1.7064087963023664,1.7009129570433883,1.7732212437861423,1.6351968643569554,0.04500364548986891,1.0,1.0,0.7,1.0,0.6,76,20.941481164259745,663.8791434743774
11,38,1.6315527947798052,1.7037833459275893,1.7002675073865472,1.7817763596405332,1.639701141907703,0.04479709725582831,1.0,1.0,0.7,1.0,0.6,78,15.349256123486809,668.8168715429084
11,39,1.3781616518225148,1.4479873453516139,1.444381479264428,1.5296717420569914,1.3797327397879249,0.049573012746700014,0.7432744032387882,1.0,0.7,1.0,0.6,84,23.663275161399767,757.7375072255775
11,40,1.3792606185314606,1.4460525472917611,1.4402607120698765,1.5426602370886933,1.3815804864366168,0.04952978859596946,0.7444096791307621,1.0,0.7,1.0,0.6,87,22.98783819314768,760.6580054577909
11,41,1.3634228677348044,1.4269936728436057,1.4231536642470202,1.5432123919774496,1.3699232124498293,0.04943104225970944,0.728656687204869,1.0,0.7,1.0,0.6,90,22.60122937928629,776.6898438526563
11,42,1.2221904445073197,1.2901692317179214,1.2947838450330522,1.5193538518605334,1.222276440319944,0.05157496703288374,0.5859265285955727,1.0,0.7,1.0,0.6,106,49.39778510188453,940.3605374140146
11,43,1.2199923500895036,1.2816376904323126,1.2860152745725746,1.5114460927197397,1.233765728985217,0.05121980489779264,0.5839974645114372,1.0,0.7,1.0,0.6,108,47.49806701399975,885.1387950014154
11,44,1.2225501370647123,1.2823215214527757,1.2845565735691782,1.4436639291176538,1.222891086960929,0.05121886825713322,0.5865576088301669,1.0,0.7,1.0,0.6,113,47.50655839532505,884.4327768486152
11,45,1.4152832456712336,1.4766662736926188,1.4872513269728849,1.7728377623476481,1.4205708981003289,0.050513924818052114,0.7797954466131805,1.0,0.7,1.0,0.6,116,45.63486933641318,921.0267295723924
11,46,1.415436615475779,1.4752308638289926,1.4836840505637543,1.6876638393549106,1.4164555821643536,0.05051442497566091,0.7799492462438854,1.0,0.7,1.0,0.6,117,46.244893163454776,924.139839909484
11,47,1.4152824640653745,1.4777307868777365,1.490428131338891,1.777384698662797,1.4151588695577852,0.050513924818052114,0.7797954466131802,1.0,0.7,1.0,0.6,118,46.06386957355198,923.7238201873764
11,48,1.6362255046796341,1.6898278331404706,1.704266649528107,2.0888634689741297,1.6425107464762618,0.051610102986437076,1.0,1.0,0.7,1.0,0.6,125,43.65097378154906,1026.1773237912284
11,49,1.6362255046795453,1.6911551530814881,1.7077160539220357,2.115857673810377,1.6361270829401944,0.05161010298643709,1.0,1.0,0.7,1.0,0.6,127,43.65097372061906,1026.1773232717233
11,50,1.636278701357277,1.691092751568076,1.709721806208778,2.141780840924431,1.638296385824321,0.05169160644427767,1.0,1.0,0.7,1.0,0.6,130,45.73486357232959,961.0398073575776
11,51,1.6361958812921804,1.693897979937832,1.7188523903997783,2.2020786217725856,1.6365045577339523,0.051577414278632994,1.0,1.0,0.7,1.0,0.6,142,44.09314767187351,1039.303725224784
11,52,1.635833693634658,1.6885634698392176,1.7071145780988815,2.3299263468651192,1.6358868563930034,0.051063856114063576,1.0,1.0,0.7,1.0,0.6,174,39.39418199571549,964.2812056127432
11,53,1.635473913386802,1.687078196745314,1.7076596398579382,2.3678662793931666,1.6367125035562284,0.05055871328181923,1.0,1.0,0.7,1.0,0.6,182,41.446229971002985,937.2090029942138
12,0,0.6981872336709953,0.8051582792978799,0.7978893634082345,0.45030730416381115,0.0,0.0,0.0,0.0,0.7,1.0,0.6,1,4125.504450524603,129979.92267241684
12,1,0.6869382099536446,0.803524000417866,0.7961941324148545,0.4488196408698578,0.007080608690317976,0.0,0.0,0.0,0.7,1.0,0.6,2,4264.396257075576,125046.86797183185
12,2,0.6074452670049161,0.8640359865285404,0.8577993801988313,0.5340073197708616,0.14715607266798525,0.04621147780362223,0.03299675551573072,0.03569338923773679,0.7,1.0,0.6,4,3064.577187087332,101933.4919406974
12,3,1.6705743523768244,2.159705121211619,2.14440580322383,1.8536209199341926,2.1573737338915016,0.03622435984485052,1.0,1.0,0.7,1.0,0.6,6,814.31942175923,23716.35522439123
12,4,1.6453431873209237,2.0847596800740984,2.070840725308687,1.7971183734454783,1.7926510006344225,0.03503186540827739,1.0,1.0,0.7,1.0,0.6,8,783.4316204042201,17054.171578635087
12,5,1.6406685282805342,2.028916602683903,2.0127310526385993,1.7600435504293763,1.7624859256510903,0.04205101548192698,1.0,1.0,0.7,1.0,0.6,10,115.56863996946328,287615.7506372621
12,6,1.634169307718253,2.0172098047937026,2.0008056951992783,1.7571851822523565,1.6492719707337158,0.03369811038468021,1.0,1.0,0.7,1.0,0.6,11,118.51325198121305,248975.3475495237
12,7,1.6323517938011367,1.9999399197191434,1.9828958334438256,1.7416039293301138,1.6985975194595166,0.033532059876304386,1.0,1.0,0.7,1.0,0.6,12,108.65232028536457,251295.62486891623
12,8,1.6366625470625182,1.9872285603553506,1.9694918368482073,1.7388771969911478,1.7108438767582896,0.04189437553855309,1.0,1.0,0.7,1.0,0.6,13,112.06410191350582,286288.64528607595
12,9,1.6353820066226903,1.969955409068037,1.9536471032651077,1.7304342111090745,1.6699595957699338,0.04188834723357175,1.0,1.0,0.7,1.0,0.6,15,118.9607676109758,290000.30078768206
12,10,1.6346198244215229,1.9563075070520015,1.9374188971047435,1.716722676503407,1.6830830542669837,0.04183242435596342,1.0,1.0,0.7,1.0,0.6,16,113.03150074696109,282581.06666111475
12,11,1.629818793908468,1.9067974633688625,1.8903056021891764,1.6829808888876965,1.8436766502242659,0.0380579432605398,1.0,1.0,0.7,1.0,0.6,17,52.95467599485897,276029.94220704486
12,12,1.6296405603643276,1.9025608365706748,1.8859124126190672,1.691103766196405,1.6357693297605076,0.0380002473833232,1.0,1.0,0.7,1.0,0.6,19,53.60936119853976,274750.96042965254
12,13,1.629623065116073,1.9019113912836207,1.885238602225257,1.688026979319225,1.6293458020914215,0.03800400423863124,1.0,1.0,0.7,1.0,0.6,20,52.19621009323683,275940.19221662777
12,14,1.630218688199892,1.8969772008128536,1.8800909241904145,1.6926930764209152,1.6545820816105103,0.03913031643524673,1.0,1.0,0.7,1.0,0.6,21,54.57161269937905,273398.22015608626
12,15,1.6299408714679386,1.8881304805443562,1.8729867876478017,1.6892249982911935,1.648605600920952,0.03913031643524673,1.0,1.0,0.7,1.0,0.6,23,52.67496756841749,274093.4135096188
12,16,1.6299697523386159,1.880991712231856,1.8655733663070646,1.6894488137647032,1.6437362057416731,0.03944839688380587,1.0,1.0,0.7,1.0,0.6,25,52.55799940213318,271357.41071831
12,17,1.6291002755579624,1.8771639163267682,1.861632363509241,1.6918481820618725,1.6401094144408632,0.03831455361528855,1.0,1.0,0.7,1.0,0.6,26,47.1702045754282,1712722.1653838586
12,18,1.628988265760131,1.8695491613359856,1.8537309381824474,1.6883791220424884,1.660548542065897,0.038414428220837446,1.0,1.0,0.7,1.0,0.6,27,45.316796662549024,272695.8675341079
12,19,1.6295362709003722,1.8708925944727883,1.8592475848763637,1.7105401265242124,1.6288706938442408,0.03925863138431013,1.0,1.0,0.7,1.0,0.6,33,42.60695888194969,269073.3694865083
12,20,1.6304040154546775,1.8623753380767187,1.8524442026184298,1.7716270787197823,1.6325744102635156,0.040828990111064827,1.0,1.0,0.7,1.0,0.6,45,48.59251039974022,1233735.501489052
12,21,1.63053713658475,1.857141919187654,1.8470065238165088,1.7705749616311879,1.6408063905647818,0.04117143301326841,1.0,1.0,0.7,1.0,0.6,47,46.24923378816006,1230412.4789790034
12,22,1.630650668685393,1.8566047883557975,1.850587989194136,1.774354937452438,1.6363720977282208,0.041423249057795,1.0,1.0,0.7,1.0,0.6,49,62.91137340372417,301685.76821056136
12,23,1.630332923736657,1.8441461379630373,1.8355967074553567,1.775883292003849,1.6770696412370967,0.04124189812367769,1.0,1.0,0.7,1.0,0.6,50,46.01795675735677,28070852.94186277
12,24,1.6309250334343126,1.8453633034364363,1.8389093241266203,1.7680307451557442,1.6326342316398272,0.04210460626774384,1.0,1.0,0.7,1.0,0.6,51,59.88640254980898,298854.32789141533
12,25,1.6303762667716737,1.8344597729746535,1.8276134000613498,1.7689264942964043,1.6751560583320888,0.041552780674566046,1.0,1.0,0.7,1.0,0.6,52,57.50152768587593,298163.4457641846
12,26,1.6303578887385104,1.8345163201742891,1.8297446410241336,1.7785981404934805,1.6318523307284587,0.041552780674566046,1.0,1.0,0.7,1.0,0.6,54,55.204579946160095,297967.36798329366
12,27,1.6304632248284174,1.829913908597864,1.8208203454911436,1.7813110287326968,1.633797424797304,0.041745979516864616,1.0,1.0,0.7,1.0,0.6,56,38.57131352748553,28032604.795045465
12,28,1.630691491405778,1.8296721097432855,1.8205607529129662,1.7884069559790077,1.6305207425577555,0.04208187342550049,1.0,1.0,0.7,1.0,0.6,58,37.50577669784,28015492.982381865
12,29,1.6295016761940273,1.8109064192084476,1.8032027760650644,1.7818506143517503,1.670416195241788,0.0407325988355096,1.0,1.0,0.7,1.0,0.6,60,30.80920574255809,1246239.1319714251
12,30,1.6295959642161142,1.8123179245156362,1.8088079490819124,1.7920464853794122,1.6349811359135056,0.04089122917170811,1.0,1.0,0.7,1.0,0.6,61,19.70894089295019,2627042.432410242
12,31,1.6284079206139004,1.8053647419992616,1.7995652648541793,1.7868246734007585,1.646713061988804,0.03926433476937416,1.0,1.0,0.7,1.0,0.6,62,25.61060156396104,3137747.082553457
12,32,1.6290510401529428,1.7933364437913775,1.789131433943282,1.778714164767318,1.6902219059058536,0.04038962522794115,1.0,1.0,0.7,1.0,0.6,63,15.655176010747656,3592379.3083309582
12,33,1.6289210276498944,1.7852368779938503,1.7786596922688989,1.7803093113939248,1.6428882666051106,0.04029201922958786,1.0,1.0,0.7,1.0,0.6,65,16.07654056777891,3584836.849439225
12,34,1.6288163852941344,1.7791549444618138,1.7723528404660862,1.774820127222461,1.6545823470671595,0.0402169219187424,1.0,1.0,0.7,1.0,0.6,66,14.357774801511027,3588043.679876126
12,35,1.628811010641853,1.7798331868047215,1.7751289576250322,1.7857903780191537,1.6295623709634377,0.0402169219187424,1.0,1.0,0.7,1.0,0.6,68,14.735256700582855,3587495.974428459
12,36,1.6287770221998743,1.7691026880543075,1.766068450228941,1.7826225583814437,1.6812896412326874,0.04030392534337529,1.0,1.0,0.7,1.0,0.6,69,13.764874246626809,2636835.583742071
12,37,1.6287901161957379,1.764140377121226,1.7609191877845647,1.785951611937243,1.6392371837171837,0.04037404444073505,1.0,1.0,0.7,1.0,0.6,71,12.29966128237612,2635171.5124810943
12,38,1.6287150087453934,1.7616375922725132,1.7562529770628919,1.7965913989105742,1.6306418146926362,0.04027786426194793,1.0,1.0,0.7,1.0,0.6,73,12.432515544358251,2634558.147327923
12,39,1.628749709180373,1.7607896000278451,1.7553717889638571,1.7997182992359608,1.6320872419864778,0.040336096899738286,1.0,1.0,0.7,1.0,0.6,74,14.524761645246254,2638069.7625664445
12,40,1.6287720065502196,1.7568564956802986,1.7512901206989047,1.8039779786501904,1.63700897412438,0.04040623763551846,1.0,1.0,0.7,1.0,0.6,76,13.443598587253131,2636404.145579044
12,41,1.6287693092810485,1.7568156520525906,1.7512478454138325,1.8039410763469652,1.628450259152975,0.04040274709210279,1.0,1.0,0.7,1.0,0.6,77,13.4302334391168,2636480.7453104733
12,42,1.628768315013395,1.7576207740203595,1.754155525760324,1.8154161025708784,1.6305750143814293,0.04040623763551846,1.0,1.0,0.7,1.0,0.6,78,13.578558688706512,2636242.465037176
12,43,1.6280598272995501,1.7411657870267963,1.7371095053727066,1.8162966727458723,1.6508022789884302,0.0395313025213956,1.0,1.0,0.7,1.0,0.6,81,9.481470441316628,2640012.806975753
12,44,1.6282011289693723,1.7419758001607364,1.7400168981408104,1.7961356418957872,1.6287902240896157,0.03973846887276895,1.0,1.0,0.7,1.0,0.6,84,11.10502725031642,2643390.4940354326
12,45,1.6283813625997028,1.7418848493952472,1.7419880650940782,1.8267387668772113,1.6350310400466954,0.040008570717282185,1.0,1.0,0.7,1.0,0.6,85,11.459477144366224,2643127.601683952
12,46,1.628561016615496,1.7415522268443397,1.7416362081850183,1.8065207111826633,1.6304416790801874,0.04026922678512929,1.0,1.0,0.7,1.0,0.6,86,12.01978545498824,2642240.041229183
12,47,1.6284113354507053,1.7367499646452926,1.7387317785971241,1.8452841630273116,1.654401495244771,0.04010071448221668,1.0,1.0,0.7,1.0,0.6,87,10.552682523035118,2642800.332596797
12,48,1.628414183555079,1.7320761729019791,1.73388263729636,1.8574017423324762,1.634959215903359,0.04013835722562165,1.0,1.0,0.7,1.0,0.6,90,9.817852362967724,2629126.681319543
12,49,1.6284617521272056,1.7334036633107712,1.7373304745203488,1.8861708166671622,1.6282154727382419,0.04020665182220912,1.0,1.0,0.7,1.0,0.6,93,9.965816280424855,2629330.261073351
12,50,1.628463418218526,1.7322734266689004,1.7361578096909445,1.8852615134694153,1.6306442495355102,0.04021692097255345,1.0,1.0,0.7,1.0,0.6,95,10.026631318431148,2629082.46404783
12,51,1.628448251607646,1.7322977963310149,1.736183647137655,1.8935959752555087,1.6281378870137204,0.04019525701580755,1.0,1.0,0.7,1.0,0.6,96,12.24721466953564,2625082.75675352
12,52,1.6284503535982209,1.7331691634566875,1.7391599469697958,1.8973233560656868,1.6299776928500713,0.040201144207006365,1.0,1.0,0.7,1.0,0.6,97,9.92886662160686,2628991.125008879
12,53,1.628466933114073,1.732667172583858,1.738638514061849,1.9094263989315867,1.6293050444303878,0.04022840977970692,1.0,1.0,0.7,1.0,0.6,99,10.027032908902438,2628868.617430982
12,54,1.6284351323106234,1.7320642801184927,1.738014203625053,1.921426596630642,1.6306346620462322,0.040186872477607424,1.0,1.0,0.7,1.0,0.6,100,9.142049858793488,2630032.737622143
12,55,1.6288225097985825,1.7284187126156025,1.73421746726113,1.9303918632412898,1.631498298370964,0.04076725274604645,1.0,1.0,0.7,1.0,0.6,106,10.941466107367336,2618271.694789988
12,56,1.6283527915417095,1.7282671368346785,1.736150161062691,1.9586336419193717,1.6291766592917316,0.04010277089734633,1.0,1.0,0.7,1.0,0.6,110,10.630233157418177,2623232.0576028414
12,57,1.6288408302628103,1.7264005112328662,1.7321229601261567,1.9534508242754187,1.6308275381840867,0.040806600515282856,1.0,1.0,0.7,1.0,0.6,112,12.226755266816118,2629383.9371312987
12,58,1.6288214590881438,1.7273622329147686,1.7393385418850622,1.972741004440429,1.6329581507792335,0.04079788298257912,1.0,1.0,0.7,1.0,0.6,115,11.538410166944267,2628834.94054778
12,59,1.6283670358881017,1.7258585379945717,1.737795526392198,1.9742074190071208,1.6292629866265913,0.040155203732809716,1.0,1.0,0.7,1.0,0.6,119,11.697623970884155,2626740.437729952
12,60,1.6283854001933271,1.7183232569214724,1.7299772818662817,1.9993039032950986,1.6613763494114129,0.04022620290936057,1.0,1.0,0.7,1.0,0.6,120,10.110413286382604,2631021.6866257424
13,0,0.44790884782200574,0.7610628864404636,0.7521488989018621,0.41058121833856215,0.0,0.0,0.0,0.0,0.7,1.0,0.6,1,30060.02565470241,138189.05267274752
13,1,0.43256305271999596,0.7588267606462762,0.7519019631222378,0.4112815700946795,0.007597532354714687,0.0,0.0,0.0,0.7,1.0,0.6,3,28655.321512792565,132579.1503790081
13,2,1.1730823733404359,1.5252558800502203,1.5158932493288326,1.1825971208921149,0.813760554659759,0.12199119933896281,0.09082458848439452,1.0,0.7,1.0,0.6,4,25960.047936858144,122320.13693915607
13,3,1.1702676451855107,1.5241036266212684,1.5147203934391062,1.1898719488650706,0.7768397310257312,0.12100329614512342,0.09091726832366764,1.0,0.7,1.0,0.6,6,25861.861589593627,122010.4021811812
13,4,0.5060695523165362,0.9056560834026108,0.899929752286736,0.5716512443281266,0.24062336236626505,0.10295995806321596,0.029860201646415417,0.11387855713003252,0.7,1.0,0.6,7,22345.917287956545,110818.64664916458
13,5,1.7828777334422554,2.297144042071069,2.2871315202843374,1.9773911674412128,1.9273050449589695,0.10948292965942297,1.0,1.0,0.7,1.0,0.6,9,3287.2149450790434,27463.35991662694
13,6,1.3637555729159037,1.8941916836678727,1.8844700002479908,1.5863322135426117,1.3016275218543119,0.10225725427657384,0.5943093920012796,1.0,0.7,1.0,0.6,10,3448.1192395684257,67263.79051297311
13,7,1.7262921469837313,2.2514176185337798,2.2418377313668434,1.9433848130624352,1.954792483289764,0.10695706540167657,1.0,1.0,0.7,1.0,0.6,11,1009.2976326737214,22338.11278552208
13,8,1.6965708663691053,2.147916502362391,2.134506053730056,1.8565663365296072,1.8531243117641583,0.10578403223785574,1.0,1.0,0.7,1.0,0.6,13,720.9078485130728,21446.942467919755
13,9,1.6902052949163497,2.111335391031537,2.0986370575136664,1.82931222207222,1.7442208342197612,0.10562337328869931,1.0,1.0,0.7,1.0,0.6,15,704.8682683108864,23659.501880425963
13,10,1.688575589973241,2.1026882963587505,2.0917438162138677,1.840316683794784,1.6950719530433789,0.10547501646506277,1.0,1.0,0.7,1.0,0.6,17,609.322909888808,19880.320014181376
13,11,1.6863892899485515,2.0825869822497562,2.0688039679643415,1.8283622769572268,1.7583702286645928,0.10608886513714999,1.0,1.0,0.7,1.0,0.6,18,379.4776492506668,15279.191611856417
13,12,1.6836322631545246,2.0631563354765223,2.0507394036416096,1.8127619121845582,1.7625372124096148,0.1053857284427275,1.0,1.0,0.7,1.0,0.6,19,378.06043772255305,13004.823401497702
13,13,1.6832181194328264,2.0590717318175895,2.046502851326393,1.8141345413243348,1.6915951110556513,0.10536848401323111,1.0,1.0,0.7,1.0,0.6,20,382.7533998578452,13581.724859666108
13,14,1.6809228555995355,2.0311340386446077,2.0175204897220596,1.7921992151161033,1.7964839846749348,0.10546249644571234,1.0,1.0,0.7,1.0,0.6,21,229.0862558353577,19506.36462348254
13,15,1.6808904419941721,2.0307006870900364,2.0170709440701584,1.7969793115824895,1.6757173206819136,0.10546120616033403,1.0,1.0,0.7,1.0,0.6,22,222.81758040549423,19170.99713003656
13,16,1.6806765514218318,2.027292939266581,2.0135349175210546,1.800546402477988,1.688923044931927,0.105506791549933,1.0,1.0,0.7,1.0,0.6,23,225.7040967319301,19223.75064693601
13,17,1.6803890573078055,2.0227054555791986,2.008775091494699,1.7964344995272428,1.6942882349449162,0.10555257706739145,1.0,1.0,0.7,1.0,0.6,24,230.1085229884905,94524.29330259778
13,18,1.6801127760557382,2.0187340910857356,2.004656127398656,1.7994948356588862,1.68259350837529,0.10553160452086534,1.0,1.0,0.7,1.0,0.6,26,235.5780834302615,94077.74452229262
13,19,1.6801649713971099,2.0103432391426006,2.0000682137345875,1.8087005418102717,1.7273663472589527,0.10664878650374657,1.0,1.0,0.7,1.0,0.6,27,87.62932338575656,7233.673429178309
13,20,1.677810995996364,1.960324696748867,1.9461175381493834,1.7523101277468105,1.8858046765892573,0.10640234369283046,1.0,1.0,0.7,1.0,0.6,28,180.19316124339025,8480.226748626415
13,21,1.6777700382769831,1.9579029009406796,1.943603704933747,1.747745992319869,1.6853505993919833,0.10646636152580509,1.0,1.0,0.7,1.0,0.6,29,220.39453691230645,6695.667996321242
13,22,1.6770411287305609,1.934353529746871,1.9191761834291325,1.7355452014086028,1.7776176009007796,0.10645158489554016,1.0,1.0,0.7,1.0,0.6,30,194.90355854126696,7769.328849271558
13,23,1.6769799983251206,1.9309421513270135,1.9156362847909056,1.7391431683063132,1.6823498518721354,0.106499506371278,1.0,1.0,0.7,1.0,0.6,32,227.7706783055688,7263.020569618341
13,24,1.6768014708496422,1.9241958036469824,1.908638604138856,1.7457640270106785,1.6892338588005251,0.10648646407786162,1.0,1.0,0.7,1.0,0.6,34,202.71856657988664,7261.782902393114
13,25,1.675994370262047,1.9190249841912492,1.911586680320172,1.7886406055533848,1.6811314845705985,0.1056595635245368,1.0,1.0,0.7,1.0,0.6,40,122.4456196479793,5270.171500870473
13,26,1.6756658100218966,1.9085467539657217,1.8986501513468461,1.7766658024965998,1.6935326337625671,0.10546202777684259,1.0,1.0,0.7,1.0,0.6,42,118.55173231962,5278.463325943849
13,27,1.6757276574097975,1.9043448919524373,1.8942858745879931,1.7766448206115806,1.6839217840790144,0.10567851811975673,1.0,1.0,0.7,1.0,0.6,44,97.896600276156,4936.987149702919
13,28,1.6756994082262264,1.8956002467851332,1.885209953756228,1.7826492756108485,1.6937923305341167,0.10587508866349989,1.0,1.0,0.7,1.0,0.6,46,98.28852416345993,4982.285007428804
13,29,1.6755597076798372,1.8872999851933638,1.8766001159158021,1.7788968578301065,1.6919291215000882,0.10587234646542865,1.0,1.0,0.7,1.0,0.6,48,102.10916844520084,5064.260933219695
13,30,1.6754923949435683,1.8842700922639297,1.875529741905774,1.7890377701510167,1.6833757011220132,0.10587234646876001,1.0,1.0,0.7,1.0,0.6,50,104.76660481201372,5129.456639388236
13,31,1.6754797618363404,1.8847796651660906,1.878130883689456,1.7948797731983652,1.6758940944031782,0.10587234646876001,1.0,1.0,0.7,1.0,0.6,52,107.20221414221756,5172.63511910345
13,32,1.6765136761815165,1.8739678894638097,1.8668706559055623,1.8095990268158393,1.7017030951841248,0.10759977930409056,1.0,1.0,0.7,1.0,0.6,54,136.5948598111487,10534.521428884304
13,33,1.6764780148005953,1.8505179811678096,1.8425364867606548,1.7961051149866698,1.727425944142103,0.10796087341867695,1.0,1.0,0.7,1.0,0.6,56,173.253069968212,10523.068282614826
13,34,1.6764261684572705,1.8496119328812228,1.8415982434484643,1.8176581274546617,1.677421099654333,0.10790006012207205,1.0,1.0,0.7,1.0,0.6,58,172.56229725781267,10606.59521337266
13,35,1.676360558618788,1.8469760897924967,1.8388654795887098,1.8152834993560005,1.681186331927507,0.10784555230460535,1.0,1.0,0.7,1.0,0.6,60,175.84111192565928,10784.183715080377
13,36,1.6763846070771873,1.8468619082358182,1.8387460801594702,1.8226834053030996,1.6758193787928768,0.10788195968407735,1.0,1.0,0.7,1.0,0.6,62,174.16737521645982,10721.294743430855
13,37,1.676245051842094,1.8444926029352526,1.8383647869052573,1.853738982601464,1.6806707032477513,0.10773516103080527,1.0,1.0,0.7,1.0,0.6,65,130.2064914509344,8476.714101806785
13,38,1.6761381940508722,1.83749206939085,1.8311045691550771,1.8436156002091857,1.7058361727392777,0.10767882453530575,1.0,1.0,0.7,1.0,0.6,66,137.10488389063013,8634.80267286758
13,39,1.6760716331698418,1.8308939801993476,1.8242605850149833,1.8415255941741133,1.6898152604723422,0.10766908687727528,1.0,1.0,0.7,1.0,0.6,68,127.96514594349117,8537.135032640115
13,40,1.6759825439779132,1.8231310740302238,1.8162089524430014,1.8422264085438411,1.6922889291791994,0.10763497386201629,1.0,1.0,0.7,1.0,0.6,70,132.6634331104112,8895.457116790445
13,41,1.6755119224902781,1.8172017019639242,1.8100743142136002,1.832992048551528,1.699038703435717,0.10702468826106737,1.0,1.0,0.7,1.0,0.6,71,75.065297257223,8311.103637539865
13,42,1.6754306806435384,1.8105922905305651,1.8032195162859561,1.8347631710033894,1.6895108830199654,0.1069793906751719,1.0,1.0,0.7,1.0,0.6,73,70.77430939444325,8323.887565592442
13,43,1.67551680072062,1.8081063405099473,1.7985647392947142,1.8289610025285334,1.679991850155802,0.10711407532601887,1.0,1.0,0.7,1.0,0.6,74,74.71130448775457,8222.09983838514
13,44,1.675449907678388,1.8088742358543448,1.8014362148268668,1.8408983978607796,1.6771933088734161,0.10702376265579275,1.0,1.0,0.7,1.0,0.6,75,77.55016436875229,8591.268073848481
13,45,1.6754326288055985,1.8056539596446441,1.7980956116578457,1.8375300335956304,1.6889439083613063,0.10703081908297918,1.0,1.0,0.7,1.0,0.6,76,78.04490490735341,8623.43456406256
13,46,1.6754280135475494,1.8061886548047736,1.8007228504793362,1.8449741295314976,1.6784209309719205,0.1070319880886513,1.0,1.0,0.7,1.0,0.6,77,83.97368392524837,8906.6556912251
13,47,1.675368401309266,1.8002583780243846,1.7924997959329967,1.8402721561827766,1.694906268834509,0.10699004842747395,1.0,1.0,0.7,1.0,0.6,78,77.19357708265682,8754.80177754724
13,48,1.6753350075745206,1.7935770191749838,1.7855688644948557,1.841853008331917,1.6895510381511412,0.10700214344882034,1.0,1.0,0.7,1.0,0.6,80,71.0982185410371,8533.624243605704
13,49,1.675424680833732,1.7960361619373928,1.792261522250866,1.8615864773318216,1.67530775855202,0.1071327306735657,1.0,1.0,0.7,1.0,0.6,84,72.54403492978012,8421.440964522459
13,50,1.6754280609306589,1.79187586467369,1.790017231649733,1.8773190083242492,1.6871357181239408,0.10718390338879906,1.0,1.0,0.7,1.0,0.6,86,72.41633275163105,8462.696171432934
13,51,1.67523149182205,1.7897646215294638,1.7899063647332798,1.9030331903827222,1.6829896174400676,0.10693282158737685,1.0,1.0,0.7,1.0,0.6,88,27.74292713210568,8179.314923342502
13,52,1.6751444223358916,1.7771167176936213,1.7767874941919528,1.8997456339490837,1.7019866194282782,0.10690000459883846,1.0,1.0,0.7,1.0,0.6,90,30.83129774917407,8525.322066156168
13,53,1.6751139943233433,1.771736227344337,1.7732788307182639,1.9141957349812828,1.689010211803641,0.10690000459883846,1.0,1.0,0.7,1.0,0.6,92,29.433563741141832,8465.863346985872
13,54,1.6751837245631958,1.7693442447874914,1.7707945776332599,1.9202723016579517,1.6803384573913989,0.1070155242406722,1.0,1.0,0.7,1.0,0.6,94,43.31946421155466,8950.543620486957
13,55,1.6751347729542694,1.756101369436763,1.754985064034964,1.9136468052127955,1.7010336199341216,0.10701683320511439,1.0,1.0,0.7,1.0,0.6,96,34.2112401659744,8072.558443079288
13,56,1.6751276955826273,1.7555968598583518,1.7565343502687107,1.9328203596717044,1.678886445042707,0.10701683320511439,1.0,1.0,0.7,1.0,0.6,98,33.48905689223859,8036.836949289736
13,57,1.6749652703252287,1.7474034244282017,1.7480401492901327,1.9337160402059599,1.692433171783557,0.10682754391796796,1.0,1.0,0.7,1.0,0.6,100,36.59361152182931,8299.892491360652
13,58,1.6750409753699258,1.754828809532087,1.7681751290880618,2.0660636033866466,1.6749857282041827,0.1069388221241857,1.0,1.0,0.7,1.0,0.6,121,30.63014838135324,8135.715178458742
13,59,1.674978249265504,1.7547284685896973,1.7680733899173586,2.083252389688904,1.6748370612599408,0.10684940955202468,1.0,1.0,0.7,1.0,0.6,125,27.80886905841249,8174.268089989245
13,60,1.6745542135224425,1.7564996209901067,1.7740715257455086,2.0867373415206374,1.6753854770426608,0.10624597959818047,1.0,1.0,0.7,1.0,0.6,127,36.41213826803416,8217.490267239571
13,61,1.6751410400399727,1.7481166899587834,1.7570631959462992,2.0791373119365866,1.6910509013534836,0.10710244648425635,1.0,1.0,0.7,1.0,0.6,128,29.697416873103084,8126.765449926138
13,62,1.6750926886380904,1.7480716119511301,1.7590906403690654,2.104385589903724,1.6763846720515452,0.10703978532718017,1.0,1.0,0.7,1.0,0.6,132,28.48311837635816,8180.117800549437
13,63,1.6750126551126603,1.7467801862877508,1.7577538579423848,2.112480118428625,1.680175408611976,0.10693123543584686,1.0,1.0,0.7,1.0,0.6,133,31.25731725467521,8185.563288461118
13,64,1.675036461360953,1.7492361313290865,1.7644456609690202,2.116650183062656,1.6752095373860731,0.10696628825980928,1.0,1.0,0.7,1.0,0.6,136,29.89366775550145,8113.740095294999
13,65,1.6750127930655747,1.748967359830779,1.7641677114376302,2.1251118659393358,1.6754355532136178,0.10693363684489934,1.0,1.0,0.7,1.0,0.6,138,32.971959541952124,8461.674491096366
13,66,1.6746566891069965,1.7547726203049585,1.7805656510376653,2.214800228723831,1.6746398467234567,0.10642715661624971,1.0,1.0,0.7,1.0,0.6,152,38.87069169190702,8277.427748839695
13,67,1.6746494729382593,1.7543270088694651,1.782176078505581,2.227102071895807,1.678378792520029,0.1064250756502817,1.0,1.0,0.7,1.0,0.6,154,35.96645792919621,8209.038165642622
13,68,1.6746487176280378,1.7554188234962407,1.7853811906476067,2.240784122392732,1.6750113973858896,0.1064250756502817,1.0,1.0,0.7,1.0,0.6,156,36.038507173122696,8213.783463639938
13,69,1.6746480295755033,1.7530218020646609,1.7808220939621298,2.225446457412539,1.676856378569961,0.10642900563055997,1.0,1.0,0.7,1.0,0.6,158,38.64184247540399,8326.713790248086
13,70,1.6737820464254427,1.7341256713178055,1.7343097294499175,2.0004239367381724,1.6737580250138535,0.1051953934422493,1.0,1.0,0.7,1.0,0.6,186,79.64876380141098,4236.760926110471
13,71,1.6738119351413037,1.732007646051894,1.7341837213019495,2.049447691045496,1.6889416368283614,0.10525352549195237,1.0,1.0,0.7,1.0,0.6,187,83.94062772099676,4455.920740069401
13,72,1.6737946336850227,1.7311175956363485,1.7332610131160933,2.040216474365011,1.6746303397258493,0.1052326369311906,1.0,1.0,0.7,1.0,0.6,191,79.53355015318441,4186.311573060925
14,0,0.9802435094415932,0.9032633608556759,0.8951113824375464,0.5467316699729066,0.06621942809677739,0.09422813485693995,5.742992437782e-05,0.00033717295423601,0.7,1.0,0.6,1,12912.394790085264,162865.23873615637
14,1,0.8987176386527734,0.8588587544838571,0.8505472192385242,0.5080130421820277,0.04629899471290093,0.02557329657092704,0.00695221293016386,0.00206479685332596,0.7,1.0,0.6,2,12852.208220346962,162978.0756221277
14,2,1.6048106907387476,1.8510575008631007,1.8413705069532296,1.5039757711782562,1.2566559342284986,0.00869772549733705,1.0,0.08178706742328354,0.7,1.0,0.6,3,12585.116332730851,101394.94768958417
14,3,1.429759848188817,1.803907466196219,1.7935292904493327,1.468434156551435,1.161570009335318,0.00452804644771116,1.0,0.038947420578093875,0.7,1.0,0.6,4,12487.696443493538,156090.67223049575
14,4,1.5885224430719675,1.9814103824042715,1.972674617706921,1.6408599399409565,1.2495845339624785,0.00689201530708346,1.0,0.35124505705916387,0.7,1.0,0.6,5,11643.35885259804,163120.17486938243
14,5,1.472415352071848,1.8895769470628196,1.8825910122165452,1.5502778275577849,1.1726681157522818,0.01273728045209872,1.0,0.2057869609992467,0.7,1.0,0.6,6,9969.326703636843,69036.56460499507
14,6,1.4401130825412134,1.8723103649712127,1.8646802857999105,1.5346395494991465,1.1758899555372873,0.01273728045209871,1.0,0.205786960999247,0.7,1.0,0.6,7,9132.083393241644,66267.14771095551
14,7,1.5754700844229905,2.0554082982878294,2.047138616652674,1.7214188830438695,1.4358234015219742,0.012744892396673441,1.0,0.5395165414829318,0.7,1.0,0.6,8,8466.653731630937,51119.53918652461
14,8,1.319611727570797,1.8078986121863871,1.797865567853183,1.4781001745840001,1.189048172741039,0.01273728044914437,1.0,0.2057868998777977,0.7,1.0,0.6,10,5629.846985346466,48809.09770206225
14,9,1.3194932848503702,1.8098630321492153,1.799739586052827,1.4841551115768554,1.1420798086905468,0.01319792625512023,1.0,0.2125602647793281,0.7,1.0,0.6,12,5532.888136577775,48195.350202423615
14,10,1.5384452947768894,2.0559495028419703,2.0475858350588534,1.7853637953317085,1.7472804302553064,0.03173242434527984,1.0,0.7076479688545738,0.7,1.0,0.6,13,2575.618590405756,244297882.9571297
14,11,1.6792416937777874,2.180406961276877,2.1698368353715143,1.9047449583517313,1.7672870973804389,0.04343773780463077,1.0,1.0,0.7,1.0,0.6,15,1425.3944574998177,181313.53901372905
14,12,1.6926349878145919,2.1884398189578262,2.181720858402983,1.9475189847526178,1.652071798231065,0.06616979867131806,1.0,1.0,0.7,1.0,0.6,19,1902.3902147150573,214214074.2866305
14,13,1.676843406813016,2.1610386281030523,2.1556135753766705,1.939775055053548,1.6882291200988506,0.05684098387291072,1.0,1.0,0.7,1.0,0.6,21,992.1250151493368,218810700.9973352
14,14,1.6762889635359217,2.1501178689852996,2.1379366416252403,1.928552228658725,1.6601095166144288,0.061856712129358137,1.0,1.0,0.7,1.0,0.6,24,937.6522247568296,445138.755935982
14,15,1.654652420844105,2.110467595963952,2.1013453930139585,1.9116160338133725,1.8105552111102896,0.046808756358879176,1.0,1.0,0.7,1.0,0.6,25,627.977904334186,237998.8657745596
14,16,1.650337201258293,2.071205080422892,2.05643347334234,1.8688975241906727,1.6946735535260418,0.04831762048946197,1.0,1.0,0.7,1.0,0.6,27,547.4313057389983,270037.8662559826
14,17,1.644231364663391,2.056458805994071,2.0413034028276957,1.85518805945176,1.6746967937452122,0.04194846234458347,1.0,1.0,0.7,1.0,0.6,28,319.1032744230495,132326.7177214991
14,18,1.6441639122461247,2.055486685798724,2.0423560556896314,1.8654340077381701,1.6352448856711868,0.04239385760343201,1.0,1.0,0.7,1.0,0.6,30,308.4949116302162,138904.52832349637
14,19,1.6497713842853008,2.0632834516512264,2.0564407023982954,1.9237092657158277,1.6371366083836043,0.050845003088299735,1.0,1.0,0.7,1.0,0.6,36,329.28882205654617,317408.05715569283
14,20,1.6480668644797825,2.0462160907264493,2.0428448262845036,1.9274670759361672,1.727239258722825,0.052258002619398836,1.0,1.0,0.7,1.0,0.6,37,511.3160887179397,296231.11946959014
14,21,1.6478104611271567,2.0440172478804586,2.0405640386767185,1.92907066233338,1.6413931440676715,0.05225536487976966,1.0,1.0,0.7,1.0,0.6,39,507.4869419428442,296543.88134558155
14,22,1.6428151862226086,2.027687891910416,2.0196269499262964,1.9235401039099327,1.675459786438732,0.046642286897655774,1.0,1.0,0.7,1.0,0.6,40,317.160612576692,315401.2963739615
14,23,1.6426253065417815,2.027139351668678,2.0211305251598564,1.9436070065809745,1.6366925390761597,0.046642286897655774,1.0,1.0,0.7,1.0,0.6,42,315.1221932184057,315438.8098752929
14,24,1.6479030623010744,2.0311667530085344,2.027173092535967,1.9611542796841581,1.6507552197904327,0.054592794824594615,1.0,1.0,0.7,1.0,0.6,43,553.5300223925417,375708.2383260663
14,25,1.6386174315053905,2.0014569450602053,1.9966271796568393,1.9336571377751959,1.7290831120895866,0.04416627357545314,1.0,1.0,0.7,1.0,0.6,44,383.83696261257165,468006.80929579807
14,26,1.6383631594767554,1.9977926725951627,1.9928250264045357,1.9340014399340584,1.6471451595867674,0.0442129635622988,1.0,1.0,0.7,1.0,0.6,45,370.94822051628057,467841.665738364
14,27,1.638005441762346,1.9656957337275789,1.953253320193081,1.86580658190188,1.6976196203136356,0.04649729943883487,1.0,1.0,0.7,1.0,0.6,47,212.9980906041331,311797.5492789137
14,28,1.6382054944411535,1.968977854133974,1.9628661266676297,1.9067492839473874,1.634890253050398,0.04685970759864766,1.0,1.0,0.7,1.0,0.6,49,214.10491675142904,311238.8461465067
14,29,1.638054658252702,1.9665842521196444,1.9603839357579433,1.9081135378638154,1.6379817267585195,0.04683183506348629,1.0,1.0,0.7,1.0,0.6,51,212.67831368031332,310691.8739287863
14,30,1.6372736254553866,1.9628514724256658,1.9586045660423315,1.9152146859151764,1.642149578341455,0.04606137627519362,1.0,1.0,0.7,1.0,0.6,53,201.24058850311613,309823.58241381234
14,31,1.6373484401659248,1.9604056395565466,1.9539896850598386,1.9213853587660106,1.637886423182671,0.04626141459390943,1.0,1.0,0.7,1.0,0.6,54,192.17702736293336,310718.8592687691
14,32,1.637457590589333,1.9578157871837418,1.9533637817825595,1.9250517129606282,1.6512758657912188,0.04672315681306705,1.0,1.0,0.7,1.0,0.6,55,182.7573154272088,310546.1497018999
14,33,1.6363479525562492,1.9496465980636213,1.944918062883922,1.9211998377383877,1.648184366904439,0.04564235086467749,1.0,1.0,0.7,1.0,0.6,57,170.2341971091956,307752.9963053766
14,34,1.6361009515366103,1.9486654671863306,1.9459785133241851,1.9311197067308101,1.636531614683081,0.04542954587554174,1.0,1.0,0.7,1.0,0.6,59,172.23311712782666,306884.16224915255
14,35,1.6355748538444255,1.9428557536071374,1.939962570090716,1.9294956313199263,1.6557119714271962,0.04502260624245702,1.0,1.0,0.7,1.0,0.6,60,156.07301404910174,305009.5939485828
14,36,1.6332178205602776,1.913053349630668,1.904955202168518,1.8903354609061895,1.6583583063182474,0.043033610599081965,1.0,1.0,0.7,1.0,0.6,64,183.3018681699898,132423.97796815453
14,37,1.6332963309605675,1.9100819871564623,1.9018662194787166,1.8995269570635749,1.6372239574864271,0.0432914038754402,1.0,1.0,0.7,1.0,0.6,66,185.57132718655336,132898.26701914813
14,38,1.633189703167583,1.909877937226756,1.9016584597742834,1.9030136173578551,1.6304838757646416,0.0431420242401921,1.0,1.0,0.7,1.0,0.6,67,181.6551425850168,132477.537633057
14,39,1.6331295298345725,1.9017983940742504,1.8932703413111205,1.8994623042749064,1.6667366207212289,0.04341698083607183,1.0,1.0,0.7,1.0,0.6,68,176.40913272694138,133714.9786216038
14,40,1.6330318527101642,1.8953445465662098,1.8865724757981215,1.9010464809137728,1.6447844821865338,0.04354114312909242,1.0,1.0,0.7,1.0,0.6,70,168.32541583057937,134538.34511292796
14,41,1.6328255647540915,1.8997638344877488,1.9015251976138745,1.9506815552655574,1.6348095906788513,0.04332555941273805,1.0,1.0,0.7,1.0,0.6,72,169.64084768269768,132252.07630873178
14,42,1.6331229377782601,1.8987513805225267,1.9004625348578195,1.9621032527102913,1.6365550793000518,0.043801523633415204,1.0,1.0,0.7,1.0,0.6,73,92.34865656634464,133022.14641558667
14,43,1.6330931602981305,1.8943637343929112,1.8959080005766231,1.9659529496548664,1.6405438765040183,0.04392412457121374,1.0,1.0,0.7,1.0,0.6,75,89.29308629252316,133908.4351457836
14,44,1.6329241830495902,1.892650957153354,1.8962074109019467,1.9787976350414143,1.6371000755825094,0.04378744863735391,1.0,1.0,0.7,1.0,0.6,77,116.70625036454494,155006.13986600318
14,45,1.6340686527126187,1.8895869221366337,1.8929825207301576,1.9982360630901628,1.6413422107964042,0.04557026649682084,1.0,1.0,0.7,1.0,0.6,79,74.80952984071911,82777.69362234965
14,46,1.634158738824509,1.8858853954940997,1.889136207904166,2.0079227729344145,1.64057834818454,0.045826681865744304,1.0,1.0,0.7,1.0,0.6,81,76.68531636992898,82804.25678507356
14,47,1.634091658062685,1.882178230375982,1.8852902013740258,2.0123811238040226,1.6402477595725644,0.04584878403113733,1.0,1.0,0.7,1.0,0.6,83,77.26738407247264,83090.89495625923
14,48,1.6336008400152586,1.8809502958340238,1.8861055961682345,2.0373512372764604,1.6411919093299252,0.04521459904175309,1.0,1.0,0.7,1.0,0.6,84,68.38774570772553,67790.27945641152
14,49,1.6327739543135618,1.8657105468631658,1.8723890065730573,2.025178116600217,1.7011623924293167,0.04448253619464641,1.0,1.0,0.7,1.0,0.6,85,63.4757515191434,75149.06352256841
14,50,1.6327258743000663,1.862335370702386,1.8688874889067657,2.0301119843558464,1.6385691641084437,0.04450012040533028,1.0,1.0,0.7,1.0,0.6,87,65.5005279704395,75533.95708639175
14,51,1.6327939138889982,1.8615901431588608,1.8681113287567435,2.0374388828461187,1.6330917048753162,0.04461847565644575,1.0,1.0,0.7,1.0,0.6,89,60.94320996945,76006.37548910521
14,52,1.6327547460419032,1.8578901040634683,1.862200585582214,2.027324713088232,1.6364255905892215,0.04462066724459105,1.0,1.0,0.7,1.0,0.6,91,60.99327920991805,74362.85433852382
14,53,1.6324169356529858,1.8387113613278503,1.8423079925970032,2.0219783271413934,1.6730638609503927,0.04455972439332706,1.0,1.0,0.7,1.0,0.6,93,56.587129430757805,207923.0613430125
14,54,1.6324267377882817,1.8273248891332976,1.832562632518942,2.0306382574914434,1.6878436588056238,0.04481562640434774,1.0,1.0,0.7,1.0,0.6,94,46.4110322389806,262120.05277996144
14,55,1.6323560342361807,1.8218071704681047,1.8268392073047992,2.043499371336683,1.6434398064587303,0.04480886746144994,1.0,1.0,0.7,1.0,0.6,96,45.17439311765522,261622.64188895692
14,56,1.6323560342361807,1.8231344904091222,1.8302886392354747,2.065364657821746,1.6313662906328226,0.04480886746144994,1.0,1.0,0.7,1.0,0.6,98,45.17439311765525,261622.64188895692
14,57,1.6321933749419717,1.8213999821597162,1.828494818702973,2.077721526357826,1.6347039419660399,0.044602723833865696,1.0,1.0,0.7,1.0,0.6,100,40.22247709952276,261185.83962066827
14,58,1.6321791813382966,1.8190594054614455,1.8260664607439323,2.0836736702948637,1.6363893781550116,0.04462051114050551,1.0,1.0,0.7,1.0,0.6,102,41.052460427925,261854.55759137185
14,59,1.6322387702839052,1.8171629574219885,1.8240962071201179,2.090027482618215,1.6356457987975426,0.04473692364063414,1.0,1.0,0.7,1.0,0.6,104,38.58709371759473,262696.6616786383
14,60,1.6329534891036057,1.817578992732697,1.8245009853668614,2.133211283311005,1.632231472631061,0.045762886448484766,1.0,1.0,0.7,1.0,0.6,111,104.01143185568938,77015.7911306312
14,61,1.6333722930973908,1.816316593761993,1.8231751743440334,2.1400064255991746,1.639945426637949,0.04638759795156295,1.0,1.0,0.7,1.0,0.6,112,106.92271835227434,76471.37539296735
14,62,1.6318122684537633,1.8130655000170686,1.8198603262460495,2.1413069846030006,1.63845727463808,0.04418514702719694,1.0,1.0,0.7,1.0,0.6,113,93.48820778291628,72752.59345122913
14,63,1.6317465009099301,1.8090872712594033,1.8157345940961873,2.1455059250982904,1.639519630431308,0.04414939186503903,1.0,1.0,0.7,1.0,0.6,115,93.19287071736196,72530.28131800836
14,64,1.6321748801718532,1.8010480510404392,1.8073763893663095,2.1189070904422507,1.6501209049086518,0.04488007456480454,1.0,1.0,0.7,1.0,0.6,117,86.8071162546106,67870.5196489226
14,65,1.6314224367020111,1.7938017083256392,1.7998855809646903,2.135414209270134,1.6402903595105598,0.04388957654842498,1.0,1.0,0.7,1.0,0.6,120,85.27629810706948,66570.06254480113
14,66,1.6314165365848114,1.7942076963152642,1.80237921559296,2.1110764616281306,1.6347788710347708,0.0438926298160764,1.0,1.0,0.7,1.0,0.6,121,84.10608435212676,66725.73151272099
14,67,1.6318045176323515,1.7901454006789845,1.7960772973183574,2.147938126711892,1.64493323365655,0.04448516729651143,1.0,1.0,0.7,1.0,0.6,122,85.00018556570805,66536.47092258488
14,68,1.6318301572208886,1.7894728343083575,1.7953784792057368,2.155136861753821,1.6327248407795603,0.044530252558352426,1.0,1.0,0.7,1.0,0.6,124,82.52138081980868,66887.92321932992
14,69,1.6316638118915017,1.787852020539908,1.7937029410275551,2.157571011005621,1.6375528347425243,0.04431021021824888,1.0,1.0,0.7,1.0,0.6,125,71.66760897047159,66613.66414492534
14,70,1.6315432313712699,1.788900005265539,1.796867051254463,2.1730745557040665,1.6311771671459998,0.044139443478464664,1.0,1.0,0.7,1.0,0.6,127,74.36931078549364,66729.223564227
14,71,1.6315723377259737,1.7875294721858337,1.7975160457386163,2.1982836233316756,1.6369694346350654,0.04421271310100021,1.0,1.0,0.7,1.0,0.6,129,69.99413681601796,66584.3827087242
14,72,1.6315369529811043,1.7847474190958503,1.7925585363047034,2.1811633763004146,1.6371910854382894,0.044178311819762776,1.0,1.0,0.7,1.0,0.6,130,72.794801152233,66689.62313674556
14,73,1.6320915360435033,1.7849077939556968,1.792704084043601,2.1891997243186294,1.6332284798726087,0.04497503182137103,1.0,1.0,0.7,1.0,0.6,131,77.39920892809437,73109.7303380254
14,74,1.6314898148696506,1.783580287742537,1.7934214758435343,2.210672550529173,1.632710805199212,0.04413830463487506,1.0,1.0,0.7,1.0,0.6,136,70.78888995644145,67166.57021285976
14,75,1.6316069618056588,1.7830182791134042,1.7928339355963323,2.2181486533140937,1.6325133975229003,0.04431309064753828,1.0,1.0,0.7,1.0,0.6,138,77.21075880171098,67467.28050261739
14,76,1.6313384787199308,1.781137427808741,1.7888202638122377,2.2133873966134288,1.632013506861263,0.04393266331328468,1.0,1.0,0.7,1.0,0.6,139,75.9039617853588,66693.54374490639
14,77,1.631328634395421,1.783109818606786,1.7970837995430773,2.2557654578620654,1.6397022071950862,0.04394048017182297,1.0,1.0,0.7,1.0,0.6,140,68.175428389863,65513.46666777672
14,78,1.6311592544095572,1.7907837715443167,1.8174857687203296,2.3964004032727177,1.6306914613227672,0.04369949448878861,1.0,1.0,0.7,1.0,0.6,144,63.38848490133861,173164.7477213153
14,79,1.6315312116751528,1.7896055122244348,1.820393697536121,2.451956069908708,1.6371926759966229,0.04427491434718272,1.0,1.0,0.7,1.0,0.6,147,55.74566506848762,180012.85796745293
14,80,1.6315306992700522,1.7884832719841226,1.8192293201098968,2.420695032581792,1.6334538852549723,0.04428549654935527,1.0,1.0,0.7,1.0,0.6,149,63.9285569994891,174598.82764974583
14,81,1.631530699268918,1.7884832719841226,1.8192293201098968,2.420695032581792,1.6310000685902728,0.04428549654935527,1.0,1.0,0.7,1.0,0.6,150,63.92855689294902,174598.82765725235
14,82,1.6309465842123703,1.7840998909918864,1.8105587380740311,2.433242804714858,1.6354833005396916,0.04346257500841227,1.0,1.0,0.7,1.0,0.6,151,57.35760765064232,172692.03731570233
14,83,1.6310408734437485,1.782528444691439,1.8109969718745722,2.4453180165952424,1.643719663605661,0.04362669436228742,1.0,1.0,0.7,1.0,0.6,152,46.54467009475712,169083.779835278
14,84,1.6309405828761117,1.7703842039943631,1.7984005544516628,2.4539847575758778,1.6836062699045953,0.04359330470638543,1.0,1.0,0.7,1.0,0.6,153,43.03190866727424,171154.61711702443
14,85,1.6309404130771292,1.7703557278664022,1.7983709937584575,2.4539588323588535,1.6306403661073796,0.04359330471325232,1.0,1.0,0.7,1.0,0.6,154,43.345972564946685,171124.31641679924
14,86,1.6309404130724814,1.7703557278615953,1.7983709937536507,2.4668215601344983,1.6305154109297204,0.04359330470638543,1.0,1.0,0.7,1.0,0.6,155,43.3459726474067,171124.31637487205
14,87,1.6310470275254252,1.7701486671378106,1.8002244326720325,2.4732774316093447,1.638045204784746,0.04375991533049965,1.0,1.0,0.7,1.0,0.6,156,46.280911582571946,164844.41494313846
14,88,1.630812319042719,1.7657552144930375,1.7956749762945434,2.483230480682934,1.6485693183980068,0.043458623633276836,1.0,1.0,0.7,1.0,0.6,157,40.68322798056789,181820.87538796748
14,89,1.6312229671053151,1.7639724585052874,1.7958821975218555,2.482808906195128,1.6463462764089334,0.04407319511464724,1.0,1.0,0.7,1.0,0.6,158,39.74786938540919,165030.6921608722
14,90,1.631202248426328,1.755406938166142,1.7828515638508913,2.483394016953962,1.639507196490508,0.04408818709807969,1.0,1.0,0.7,1.0,0.6,161,33.94774169281951,172693.1802783703
14,91,1.6311690316633105,1.7549040264646876,1.7823310842505342,2.4915122298706947,1.6318639935929942,0.04404417653373553,1.0,1.0,0.7,1.0,0.6,163,35.265670870246005,171715.2222808605
14,92,1.6310718810969984,1.7560556985493077,1.7856019084129962,2.499446414112328,1.6309110068848907,0.04390597507790146,1.0,1.0,0.7,1.0,0.6,165,37.73368230985129,167070.98232803127
14,93,1.6311739065296602,1.7533936045830587,1.7828361710928,2.505700343438807,1.6430237921945237,0.044071645785768346,1.0,1.0,0.7,1.0,0.6,166,46.575630657371725,169504.81505183637
14,94,1.6311739065322879,1.7533936045859142,1.7828361710956555,2.5057003434409983,1.6308502697777052,0.04407164578984788,1.0,1.0,0.7,1.0,0.6,167,46.575630580767,169504.8150798957
14,95,1.6312170401138393,1.7496322304042207,1.7789321722875129,2.5109515977145427,1.6476466884911742,0.04415975763099258,1.0,1.0,0.7,1.0,0.6,168,36.48489054069245,170159.21190157556
14,96,1.631202056623441,1.7492670382128361,1.7785538612606127,2.5235814558554215,1.6316687275970327,0.04414074128230433,1.0,1.0,0.7,1.0,0.6,170,37.04873224572511,170413.82833831836
14,97,1.6311999918258469,1.750385035816599,1.7817861481470834,2.5314970120048446,1.6318091374925894,0.04413920134218923,1.0,1.0,0.7,1.0,0.6,171,38.63703577878089,170073.26934746886
14,98,1.6309878730823364,1.7435834755142494,1.7685205662630898,2.529471264375061,1.6319724903490798,0.04385366237384739,1.0,1.0,0.7,1.0,0.6,180,34.31140810603994,174707.00841624895
14,99,1.631345598612421,1.7489097773920355,1.7823224828943727,2.580715320642326,1.6325572920410232,0.044366952086975144,1.0,1.0,0.7,1.0,0.6,181,36.47045643689244,176260.4224089884
14,100,1.630981627028556,1.7434351254135918,1.7704392463785767,2.5450140109558093,1.6356638555745695,0.0438543932561055,1.0,1.0,0.7,1.0,0.6,182,34.20696780176232,174874.3021636472
14,101,1.6311568812019126,1.7457572980692166,1.781131290750308,2.5978972296980714,1.6355252526662687,0.044125050664248086,1.0,1.0,0.7,1.0,0.6,185,36.16703765983719,179007.7545121737
14,102,1.6313549815293822,1.7455548433295562,1.782986218152991,2.6310932251261216,1.6329981611812698,0.04441889303731656,1.0,1.0,0.7,1.0,0.6,189,35.391563543204306,180546.0685534245
14,103,1.6314216740706717,1.7399923863943076,1.7689233962384878,2.5970097388118165,1.631523646205228,0.04451620889542623,1.0,1.0,0.7,1.0,0.6,193,35.04961624035425,168855.90748295246
14,104,1.6313945152458555,1.7392360401733984,1.7681397338669589,2.605081645383852,1.6327127124926926,0.04448182591407527,1.0,1.0,0.7,1.0,0.6,195,36.87778738787432,168597.03844511084
15,0,0.7087847084743198,0.8355827927720909,0.8265700754551704,0.4814108343486703,0.021610927596331472,0.03069494424089959,8.537174273608e-05,6.515814160946e-05,0.7,1.0,0.6,1,33113.883336620966,162865.23873615637
15,1,0.6598347446230172,0.8085516783682778,0.8014093169482348,0.4536781347546298,0.017697522035077805,0.0,0.0,0.0,0.7,1.0,0.6,2,32359.980176562007,161027.03337403666
15,2,0.6612931770430777,0.8562208279037496,0.848565189554752,0.506565738015586,0.10296329928132986,0.08761601120698978,3.673742426029e-05,9.945437442753001e-05,0.7,1.0,0.6,3,30872.63023965941,155909.61561150508
15,3,2.161890042473124,2.505383638760542,2.4973805909262574,2.159602562978953,1.8530352991497203,0.17129065840448998,1.0,1.0,0.7,1.0,0.6,4,11039.908707201594,160404.445689424
15,4,0.4965246075554505,0.8337755500253272,0.8267253430919085,0.4922383860217107,0.10240643116008469,0.10514951538052586,0.00127525762708111,0.00571671135060402,0.7,1.0,0.6,5,24517.713332551284,123613.41502102856
15,5,1.4046637201911096,1.796103071713187,1.7886590281461348,1.463406675417764,1.124498745031799,0.10543825466033005,0.3773862199035455,1.0,0.7,1.0,0.6,6,14396.9980634406,88305.43769940993
15,6,1.8573653034036028,2.3545293674040813,2.346758951438177,2.040084526664609,1.8168238726274808,0.10560454489141018,1.0,1.0,0.7,1.0,0.6,8,3824.694519694882,41766.2222901964
15,7,1.8573390028093675,2.35583700114236,2.350188033712745,2.059389312914694,1.673954447356783,0.10560454489141018,1.0,1.0,0.7,1.0,0.6,10,3824.195045175583,41763.49107320489
15,8,1.8422834735045632,2.4083020100271995,2.4026642191214322,2.1129500200695066,1.68007085632345,0.10075831128691155,1.0,1.0,0.7,1.0,0.6,13,3991.913460970618,1242861455.25889
15,9,1.2048942069738495,1.7190371426272177,1.70846407366554,1.428299878915905,1.3885400289914611,0.10361788192807472,0.44102560669877244,1.0,0.7,1.0,0.6,14,6143.411082246365,42706.50626169505
15,10,1.74548267298976,2.2491680217796746,2.237000290752652,1.9627327095892926,1.7813035711869105,0.12347538880468863,1.0,1.0,0.7,1.0,0.6,16,3309.69076213241,2860752555.4092
15,11,1.740373405827107,2.2383782311557816,2.2257515114096944,1.9558534769399087,1.7396563646022019,0.12563709586565658,1.0,1.0,0.7,1.0,0.6,17,690.0043634160278,6596360142.474134
15,12,1.7064666053813284,2.162139937092229,2.1469588382245375,1.8998713696984542,1.829979601715317,0.11454009779543055,1.0,1.0,0.7,1.0,0.6,19,883.3817241595593,1228491526.6633756
15,13,1.6911492618808541,2.08826085756826,2.0703857220511073,1.8413599845117998,1.8367287263115601,0.11216166488728337,1.0,1.0,0.7,1.0,0.6,21,743.4982428114643,1230817179.6342294
15,14,1.690797333437712,2.086774346728555,2.0709164240096034,1.8472349350548987,1.6845889836470622,0.11216166488728337,1.0,1.0,0.7,1.0,0.6,23,769.7367054922768,1230776904.457457
15,15,1.689475053159775,2.075255143892713,2.058964912411227,1.8430516265761314,1.7302301588989222,0.11225989403600367,1.0,1.0,0.7,1.0,0.6,24,648.8960802944188,1231034683.0957708
15,16,1.6889851571896801,2.0719453528843172,2.057604484290071,1.8501068328452956,1.698049047670012,0.11225029170215935,1.0,1.0,0.7,1.0,0.6,25,653.6018941160712,1231008587.722605
15,17,1.6883995628495074,2.0682127501121395,2.055807783487156,1.8577965005182993,1.6893969563766027,0.11215018039095874,1.0,1.0,0.7,1.0,0.6,27,595.139985801184,1231145131.0733316
15,18,1.68292909447782,2.0041454843435824,1.989377765298963,1.805756491504428,1.8164750215394236,0.11110207602235052,1.0,1.0,0.7,1.0,0.6,29,347.9362841650368,1231150308.2676554
15,19,1.6825551004930794,1.9974273845708077,1.9824101416226974,1.8147845412221648,1.6923884872861423,0.11106214694276324,1.0,1.0,0.7,1.0,0.6,31,260.2486743741309,1231417080.5123992
15,20,1.682555100383495,1.998754785446474,1.985859601011589,1.8359222264994002,1.6777435157173732,0.11106214683057566,1.0,1.0,0.7,1.0,0.6,34,260.2486130497164,1231417080.769009
15,21,1.6827296791937378,1.9804033567005268,1.9667840884674144,1.81038481704417,1.7638579137005768,0.11257246517039635,1.0,1.0,0.7,1.0,0.6,35,206.6799946642224,1231538363.2755868
15,22,1.6822271366804187,1.9715756393099575,1.9597036890846704,1.8144635143601193,1.7006805886545866,0.11241617515273591,1.0,1.0,0.7,1.0,0.6,37,167.08818315816492,1231684694.4447618
15,23,1.6821270760069988,1.967958371151115,1.9580210131693225,1.8336086102369848,1.689782523378522,0.11253383334120995,1.0,1.0,0.7,1.0,0.6,39,146.93979717891392,1231729340.0863457
15,24,1.6818943016797308,1.964972310368256,1.9528576724071027,1.8219780304108752,1.6850523080580553,0.11227529130467387,1.0,1.0,0.7,1.0,0.6,40,158.12626027681125,1231699138.0611606
15,25,1.6818105024906513,1.961479949554394,1.9513045015950552,1.8313412075577968,1.7001526703161711,0.11239385396010496,1.0,1.0,0.7,1.0,0.6,41,136.34167915757922,1231845370.2353687
15,26,1.6789863734019024,1.8800506119019214,1.8627307973564178,1.7602235111251407,2.0181407014753994,0.11091734095516456,1.0,1.0,0.7,1.0,0.6,42,158.67936615935557,1231415866.9537003
15,27,1.6790040586446895,1.878088244666495,1.860693442659887,1.7620449654967487,1.6820930507020422,0.11098581855449134,1.0,1.0,0.7,1.0,0.6,44,148.74829104245865,1231454716.0432527
15,28,1.6789030964091531,1.8751372833208602,1.859706413859107,1.7678130969152104,1.6869351840120888,0.11092989694919171,1.0,1.0,0.7,1.0,0.6,46,134.14723395638845,1231545558.6546123
15,29,1.678881755647883,1.8731697103195368,1.8555933094074013,1.7820295519681686,1.6790142492026252,0.11091218135582862,1.0,1.0,0.7,1.0,0.6,48,123.0096188056548,1231487808.7460885
15,30,1.6788770598698282,1.8741647952094,1.8586980776429924,1.7922616959607063,1.678364692777576,0.11091218135582862,1.0,1.0,0.7,1.0,0.6,50,120.41679713391848,1231494205.0245168
15,31,1.6786872131038013,1.8735119648322467,1.8600996216937635,1.7873256912569042,1.6854301176791324,0.11067732147729807,1.0,1.0,0.7,1.0,0.6,51,137.107563271261,1231457684.6656692
15,32,1.678937832468423,1.8721973182143006,1.8566538607888163,1.7980170238446074,1.6788638155512485,0.11104048450475942,1.0,1.0,0.7,1.0,0.6,52,118.69455709022368,1231500259.2548983
15,33,1.6783762980068793,1.867725771633737,1.8582498390047841,1.7979513376032261,1.7160735278109338,0.11040588539516723,1.0,1.0,0.7,1.0,0.6,53,145.5565050103503,1231424840.619499
15,34,1.678369350817853,1.8530036810474821,1.8409005292148715,1.7898249231216972,1.7051836018168443,0.11061129601803583,1.0,1.0,0.7,1.0,0.6,55,158.66493921603723,1231407252.890057
15,35,1.6782206042849643,1.8514522950388188,1.8434403055194823,1.7965950882906623,1.6863087551606126,0.11046283384415709,1.0,1.0,0.7,1.0,0.6,57,133.63285042663924,1231476765.352179
15,36,1.6785106102109046,1.8486989514804244,1.8405722311932577,1.8012238686602409,1.6911279495129659,0.11092346718678261,1.0,1.0,0.7,1.0,0.6,58,139.04468716464334,1231451816.3455772
15,37,1.6781999070749203,1.84528179446782,1.837038005817487,1.8019636501327225,1.6911055291448793,0.11052537302527317,1.0,1.0,0.7,1.0,0.6,59,114.17919702506816,1231442979.0432675
15,38,1.678496433362294,1.8447755447685172,1.8365014787612766,1.8047296309823362,1.6812263593904726,0.11096058977647968,1.0,1.0,0.7,1.0,0.6,60,124.21673378483024,1231441159.126442
15,39,1.6785295567831588,1.8405742070090074,1.832140618208792,1.8126433321811706,1.696475309205725,0.11106753539545118,1.0,1.0,0.7,1.0,0.6,61,110.44856255532297,1231453774.6891086
15,40,1.6785273351173253,1.8395909696215247,1.8311204458399342,1.819552055591049,1.6799224506859733,0.11107780574478135,1.0,1.0,0.7,1.0,0.6,63,92.5857286293434,1231480868.2963307
15,41,1.6802743578494903,1.839162054189321,1.8264653769734354,1.8404244818864681,1.6798517867776472,0.11356700620846513,1.0,1.0,0.7,1.0,0.6,71,132.9030086299842,1231445302.0583858
15,42,1.6792644190141366,1.8282839418342443,1.8172879048735697,1.8378686286364068,1.704753386052276,0.11226925207689922,1.0,1.0,0.7,1.0,0.6,73,153.49087563871316,1231419893.5350287
15,43,1.679240822662229,1.824238628264713,1.8130913100686565,1.8459312035053554,1.6850434158693557,0.11228371665943575,1.0,1.0,0.7,1.0,0.6,75,130.83834361799407,1231446983.465239
15,44,1.67830539469954,1.779830053001589,1.7691224554576834,1.828077103485355,1.749448744436091,0.11136944583971795,1.0,1.0,0.7,1.0,0.6,77,93.34971066495504,1231649324.2274902
15,45,1.678903266358656,1.7860155330464909,1.773445160626586,1.8544458486684436,1.680345697121557,0.11217176884388332,1.0,1.0,0.7,1.0,0.6,81,97.44953953224956,1231615956.4529667
15,46,1.6788592723144755,1.7828763118965232,1.7743344704407855,1.8770737229203065,1.6979363470170505,0.11215197715019916,1.0,1.0,0.7,1.0,0.6,83,122.22849410701824,1231555392.0406425
15,47,1.6785504108981821,1.779864452037922,1.7712212283831041,1.8782895462824039,1.6837136330071312,0.1117309509956264,1.0,1.0,0.7,1.0,0.6,86,126.37847290874149,1231615546.591671
15,48,1.6782691223752586,1.7494353626326098,1.7375901112082794,1.8441427554964145,1.7808129764616631,0.11151196620914221,1.0,1.0,0.7,1.0,0.6,87,114.78543136523348,1231456590.057698
15,49,1.6783081398253032,1.7535616068090838,1.743941784809862,1.858952503002226,1.6809613579341298,0.1115524147609422,1.0,1.0,0.7,1.0,0.6,89,124.33991336494071,1231403302.652835
15,50,1.6781934725270942,1.7637339269900676,1.7544994646598226,1.892047429901913,1.6858267512237615,0.11132792359758707,1.0,1.0,0.7,1.0,0.6,92,169.89700132342625,1231236309.115525
15,51,1.6776013280260669,1.7391996868579755,1.7269961922236292,1.8537691621693893,1.7150821170603083,0.1106078233465055,1.0,1.0,0.7,1.0,0.6,93,144.0528798497616,1231713944.0452156
15,52,1.6776695068981744,1.7345787347851012,1.7221997113608545,1.8496140481716719,1.6896376870948067,0.11072795318680909,1.0,1.0,0.7,1.0,0.6,94,136.92805457163183,1231732312.269621
15,53,1.6776695068957288,1.734578694278511,1.7221996700557338,1.8574104466840335,1.6775097423297263,0.11072795318680909,1.0,1.0,0.7,1.0,0.6,95,136.9280538512838,1231732312.272015
15,54,1.6776915624186497,1.7426580628731148,1.7367978847355134,1.8560800955379095,1.678360098593164,0.11073976534590424,1.0,1.0,0.7,1.0,0.6,96,147.66173588979203,1231690057.9010122
15,55,1.6778606812018548,1.7379431617476393,1.7256829218561784,1.8731758065914046,1.6789637242579794,0.1109857924282572,1.0,1.0,0.7,1.0,0.6,97,151.6045677669048,1231685882.8295217
15,56,1.6775743105354222,1.7468264855812312,1.745271545216525,1.9305061670637529,1.677629054993424,0.11056415613257231,1.0,1.0,0.7,1.0,0.6,104,160.0951564268277,1231506102.5399995
15,57,1.6778991663449476,1.743716963049795,1.737888653304886,1.9333028296981492,1.6813806214001588,0.11103213206052749,1.0,1.0,0.7,1.0,0.6,106,161.25496099299446,1231396856.726092
15,58,1.678157604805674,1.7338569372005166,1.731794726661093,1.9561934651638904,1.6795721541394824,0.11146093364118084,1.0,1.0,0.7,1.0,0.6,113,150.27315197674028,1231907959.9573717
15,59,1.6789563439938595,1.7351576950011958,1.73104186796618,1.9579637306842304,1.6925321836263656,0.11259391751010658,1.0,1.0,0.7,1.0,0.6,114,131.70297730861358,1231807181.718146
15,60,1.6794202945161176,1.7365924018502175,1.7345853023273525,1.9670767639696916,1.6839357113938775,0.11325828907821649,1.0,1.0,0.7,1.0,0.6,115,107.06842471782346,1231845304.8370438
15,61,1.6794202946063699,1.7379197218809677,1.7380347205793871,1.9717893902875185,1.6792810457066731,0.11325828920640583,1.0,1.0,0.7,1.0,0.6,116,107.06842069739112,1231845304.8323872
15,62,1.6779637068411333,1.7291001115662792,1.7247947315730539,1.956543704954238,1.678841563836452,0.11119808195132319,1.0,1.0,0.7,1.0,0.6,117,130.9969417127841,1231606079.1839197
15,63,1.677949046966352,1.7299309348800889,1.727729631550965,1.964310682924094,1.6825316354009439,0.1111791490819728,1.0,1.0,0.7,1.0,0.6,119,131.89424331619014,1231603464.1679058
15,70,1.6775498992004585,1.7185795218959803,1.7221858450082843,2.0605649067841973,1.6803242062577208,0.11066713402763395,1.0,1.0,0.7,1.0,0.6,145,135.41416872083303,1231600357.88525
15,72,1.6775247395439137,1.7191157753885822,1.7248155116955197,2.0906658686809467,1.678943945166445,0.11063395755844134,1.0,1.0,0.7,1.0,0.6,150,135.45446791331847,1231600383.7727177
15,74,1.6775216546452234,1.7178541148740694,1.7235067976984064,2.089517118883407,1.6793152984365438,0.11063401291659816,1.0,1.0,0.7,1.0,0.6,153,136.8653755856516,1231595200.4180417
16,0,0.7081702426551888,0.8165164891593631,0.8096713048645592,0.46087204019221917,0.0,0.0,0.0,0.0,0.7,1.0,0.6,2,28648.0432424341,161513.5125226812
16,1,0.46979394945788144,0.7670405249394819,0.7604221080426302,0.4186827001614551,0.17889064339745012,0.0,0.0,0.0,0.7,1.0,0.6,3,23819.291747568142,127050.37013446286
16,2,1.9598479343355377,2.3806012548121713,2.3702023841321913,2.040650988018783,1.854083689323668,0.08477371705696454,1.0,1.0,0.7,1.0,0.6,4,7874.458186789122,128341.45480798642
16,3,1.9556106851976067,2.379241606232271,2.3687890501074405,2.044352786283637,1.6625733499478317,0.08488689778549115,1.0,1.0,0.7,1.0,0.6,6,7817.696664287352,127415.6646846429
16,4,1.2585796754650636,1.782396225761945,1.7704652214032728,1.4594879860764611,1.6271786312286287,0.10207931614857316,0.4863048232587496,1.0,0.7,1.0,0.6,7,3258.0545642495463,58767.63184624091
16,5,1.7273811559077443,2.2306948329962073,2.216528712251975,1.9169647683222015,1.8816727358598757,0.09424502848966888,1.0,1.0,0.7,1.0,0.6,8,1121.231905743746,60946.31862769336
16,6,1.7270245913062734,2.230114535587912,2.2159267589603564,1.916436476514467,1.6685036508110938,0.09424502848966888,1.0,1.0,0.7,1.0,0.6,9,1125.6135446906624,60435.07369878687
16,7,1.7198610203153923,2.217588948489078,2.20292782245628,1.911415614782098,1.7217112758228543,0.09447780019156424,1.0,1.0,0.7,1.0,0.6,10,999.0327514809084,53594.244265895104
16,8,1.7068669681079696,2.1897853634206985,2.174078182016901,1.8888662175057083,1.789187871460081,0.09481501259958712,1.0,1.0,0.7,1.0,0.6,11,948.2125250298684,4525083.746415601
16,9,1.6898566155962702,2.1379973610642486,2.1224403602736177,1.845937865234681,1.781873317608273,0.09444697702086233,1.0,1.0,0.7,1.0,0.6,13,585.903089428362,4602298.518273379
16,10,1.6895273745668318,2.135633861113196,2.1199755501845963,1.8528692073580308,1.6727524004511412,0.09494795504697352,1.0,1.0,0.7,1.0,0.6,15,845.595968116143,5527332.407276563
16,11,1.67972900143074,2.0899884725189675,2.0726832896316005,1.8122643023145453,1.857629437558315,0.09280427262266426,1.0,1.0,0.7,1.0,0.6,16,181.047321143578,6318126.297725106
16,12,1.6766913835208808,2.057359879223507,2.0387899848189317,1.7925591513851167,1.7404818488118416,0.09462271708458217,1.0,1.0,0.7,1.0,0.6,18,231.88296021078435,5878271.20263298
16,13,1.6752539978931527,2.047401006903203,2.0284769702679974,1.786429211464073,1.7075305532807095,0.09395551122813064,1.0,1.0,0.7,1.0,0.6,19,192.22246992286009,5703235.01850411
16,14,1.6754416115373192,2.04324631413196,2.024143444291863,1.7856094143527903,1.6873236955734097,0.09486943727665456,1.0,1.0,0.7,1.0,0.6,20,217.23183951880227,6396649.288595324
16,15,1.671923039769918,2.000729805070828,1.9800534993212273,1.7523079198476452,1.850825625717512,0.09438326807984324,1.0,1.0,0.7,1.0,0.6,21,218.96828362461343,5847713.666829244
16,16,1.6705079078710119,1.9789305993581094,1.9574501501707795,1.7385587109716618,1.712969230156348,0.09403500254806843,1.0,1.0,0.7,1.0,0.6,23,217.3538691011805,5860582.8426620085
16,17,1.6700188925744621,1.9698978032955856,1.9480829305408118,1.7363830945161451,1.6854899635661074,0.09393629860218936,1.0,1.0,0.7,1.0,0.6,25,212.24114631120543,5876135.551711909
16,18,1.6695392042792636,1.967493311881353,1.94560344387352,1.7482338744983683,1.6739654143521987,0.09337473262883463,1.0,1.0,0.7,1.0,0.6,26,238.04452936272264,5877158.974412764
16,19,1.6694210835638592,1.9645536332465054,1.9425537577667074,1.7519089444375067,1.6718417787750441,0.09338752988224211,1.0,1.0,0.7,1.0,0.6,28,247.5185537532276,5880051.683856882
16,20,1.6694552509147287,1.961841864662786,1.9418055560761665,1.7425511419768762,1.6841680647929325,0.09368783672837769,1.0,1.0,0.7,1.0,0.6,29,245.77113130372223,5892658.31542227
16,21,1.667819069620303,1.9551590357381965,1.934926768139929,1.7469137995160757,1.6871805800819106,0.09164750378978476,1.0,1.0,0.7,1.0,0.6,30,348.6760632623411,5910419.063729505
16,22,1.667607817195,1.9206181950356616,1.8990622200234606,1.7205441994201545,1.820481180251261,0.09298795290902247,1.0,1.0,0.7,1.0,0.6,31,205.99412602864905,5873421.625801383
16,23,1.6672762913244008,1.913227439043684,1.8934722830486996,1.7246329697684195,1.6842243873335856,0.09283830342893709,1.0,1.0,0.7,1.0,0.6,33,284.02976136227966,4520587.421738016
16,24,1.6672585337408408,1.9053619587980895,1.8832354523469834,1.7163185261444744,1.6943707674288504,0.09304073262697587,1.0,1.0,0.7,1.0,0.6,34,239.796262086115,5883787.965584141
16,25,1.666373491846937,1.8846857767001621,1.8659482683897686,1.7070377449312812,1.7157040413724935,0.09246114361935874,1.0,1.0,0.7,1.0,0.6,36,168.05486465210095,4498169.66166005
16,26,1.6659581868523388,1.867546636722885,1.8481748228757335,1.7016612433706908,1.7006819704924823,0.09226446716621664,1.0,1.0,0.7,1.0,0.6,38,114.69865364830056,4485726.114554681
16,27,1.6658932915612215,1.8624133569650603,1.8428495828988427,1.7038098230187222,1.6758643537494144,0.09228269352129939,1.0,1.0,0.7,1.0,0.6,40,116.27344494846923,4489285.271617814
16,28,1.6658625599939274,1.8612265873742637,1.8416190879778829,1.7095186043796966,1.6697231727357464,0.09226329748598924,1.0,1.0,0.7,1.0,0.6,41,115.5412946870493,4148955.009720401
16,29,1.6658470608608926,1.8604931296387806,1.8408583952393176,1.7088580635057302,1.6677708544122805,0.09225623075114704,1.0,1.0,0.7,1.0,0.6,42,127.13039564982496,4493412.601545714
16,30,1.6654372671248918,1.8566313711742093,1.8368660146706945,1.7222019892090668,1.6719418623622984,0.09174222827545936,1.0,1.0,0.7,1.0,0.6,44,122.99525048227284,4164223.777774372
16,31,1.6653264707812316,1.853478761824496,1.8356702600121393,1.7385303697562704,1.6738168870825585,0.09166969011244108,1.0,1.0,0.7,1.0,0.6,46,137.25374736642914,4156751.5905163847
16,32,1.6651475515541487,1.846935112019651,1.8268141434920229,1.7302338876867327,1.6864129323609047,0.09150880290673928,1.0,1.0,0.7,1.0,0.6,47,129.1907289516364,4165998.866148129
16,33,1.6655936168295988,1.8466005793268225,1.8305940054646723,1.7279792876144051,1.6696232591159692,0.09220784696547908,1.0,1.0,0.7,1.0,0.6,50,115.14605314817663,4491194.552532322
16,34,1.665580994311087,1.843784542767481,1.8276721053149325,1.728964886930207,1.676995084862659,0.09223866352220732,1.0,1.0,0.7,1.0,0.6,51,144.15591196544565,4496082.455718243
16,35,1.6655389011300836,1.843556767757757,1.8274373490485991,1.732277387998788,1.6653494195442966,0.09218171360973716,1.0,1.0,0.7,1.0,0.6,52,123.02425918860746,4494851.553979794
16,36,1.6654239489915912,1.8358783243695336,1.819473452832403,1.7288816243666094,1.6980211405434549,0.09214228621516052,1.0,1.0,0.7,1.0,0.6,53,125.02378172860344,4492091.33039521
16,37,1.6653306178952323,1.83265654420393,1.8161336869928788,1.7365442693730841,1.6713753227592285,0.09205784816969192,1.0,1.0,0.7,1.0,0.6,55,107.3143538125652,4487890.03061949
16,38,1.6667926004042513,1.8286485738805598,1.8119195119379148,1.7438020969187868,1.6780521981745888,0.09422801013413992,1.0,1.0,0.7,1.0,0.6,57,104.0271834164367,4511251.422655182
16,39,1.6661759195259105,1.8211949204165125,1.8021362129713476,1.741586838863474,1.6775815984380391,0.09342482898944073,1.0,1.0,0.7,1.0,0.6,59,144.6466971075647,4489882.042624791
16,40,1.6666994998205045,1.8210576254546584,1.8040461262745286,1.7659560659031048,1.6703357540667438,0.09419980989154592,1.0,1.0,0.7,1.0,0.6,61,104.693165581294,4508798.638728663
16,41,1.6667330093921437,1.8222726261101458,1.8073777348366766,1.7806827041197355,1.6661891463619432,0.09424964083800058,1.0,1.0,0.7,1.0,0.6,64,122.51837940216392,4513751.410767494
16,42,1.6644946226039417,1.8122347672086305,1.7970462762470336,1.7788205917051712,1.6982814421692054,0.09115262006056828,1.0,1.0,0.7,1.0,0.6,65,115.7116582349329,4519670.717246039
16,43,1.6632275532854695,1.8098388019333052,1.7966799949544376,1.8094704620822366,1.663649825151543,0.08937270194810505,1.0,1.0,0.7,1.0,0.6,75,466.6633683347145,3507719.632282929
16,44,1.6632167853943747,1.809865293243163,1.7987800505511302,1.8351855034973417,1.665389147768824,0.08937270194810507,1.0,1.0,0.7,1.0,0.6,77,469.0241560308017,3508249.854442324
16,45,1.663210188950937,1.809336061017083,1.798231170210029,1.8386524847422776,1.6648671206884393,0.08936949981921842,1.0,1.0,0.7,1.0,0.6,78,456.6314060516687,3508300.9950855067
16,46,1.6632042899808006,1.8065301874696478,1.7973921350376538,1.8425726746627609,1.6808131437758815,0.08940904830866968,1.0,1.0,0.7,1.0,0.6,79,504.39677927492704,3510956.7096667304
16,47,1.6631804243060953,1.8001674499068896,1.7866467278609255,1.8277053551539693,1.6707231530748494,0.08941610386772755,1.0,1.0,0.7,1.0,0.6,81,471.1841657033061,3533663.5954653104
16,48,1.6632380924095287,1.797594991616136,1.7839753387444852,1.83310172683694,1.668480158183931,0.08952696722002984,1.0,1.0,0.7,1.0,0.6,83,416.1987167876613,3549442.549673729
16,49,1.66310933406828,1.7987559829328101,1.7893292423181935,1.859474250624218,1.6685868409272708,0.08935752170384842,1.0,1.0,0.7,1.0,0.6,84,272.24491875435064,3498819.969317945
16,50,1.6631791255361454,1.7901482277584972,1.7783232684964685,1.8526572563158932,1.6950631275495782,0.08953166605969579,1.0,1.0,0.7,1.0,0.6,85,330.4492751555427,3498516.145044612
16,51,1.6630686705965583,1.7902848000215261,1.7805413458265829,1.8636633799045104,1.6649535971573224,0.0893843728740064,1.0,1.0,0.7,1.0,0.6,87,305.7882706788919,3495077.298901638
16,52,1.6630476774035072,1.7891731620357034,1.7793887458407611,1.8705450491156754,1.6673609493645434,0.08936484950633845,1.0,1.0,0.7,1.0,0.6,88,295.41212261550885,3493935.003295167
16,53,1.6666285827589533,1.7930540166238242,1.7874253870993084,1.876092861105838,1.6765330634219713,0.09450264639169968,1.0,1.0,0.7,1.0,0.6,89,469.128928226692,3561451.352373813
16,54,1.6661297681463205,1.7863218125232123,1.7804591216368348,1.8741837747457102,1.6931672350632452,0.09384636913414815,1.0,1.0,0.7,1.0,0.6,90,415.88751905587054,3560709.213277378
16,55,1.666048388813497,1.785292000267582,1.7793937422839776,1.8853331050243605,1.667010179976613,0.0937383712554712,1.0,1.0,0.7,1.0,0.6,93,431.5722754567096,3562258.8997764653
16,56,1.6661015527904537,1.7829594079754867,1.7769715811136755,1.8953238464541107,1.6761960141403254,0.09383474792948468,1.0,1.0,0.7,1.0,0.6,94,466.4580468939691,3567192.751595222
16,57,1.6662301860985589,1.7816407419362679,1.775598606707948,1.8941486128584182,1.6690100562476844,0.09403066336558255,1.0,1.0,0.7,1.0,0.6,96,455.5663959732887,3568666.309429265
16,58,1.6659921962607736,1.7804142579639874,1.7743350645031035,1.901268704588671,1.6699439384557766,0.09369887805014412,1.0,1.0,0.7,1.0,0.6,97,471.5117688126551,3567983.3740834147
16,59,1.6659392826273436,1.777546046627982,1.7713612510326864,1.9068171508013663,1.6779537192653966,0.09364618989528121,1.0,1.0,0.7,1.0,0.6,98,437.3724706710841,3562198.011178102
16,60,1.6659477138086194,1.777111668867097,1.7709102057462776,1.9145657284473732,1.666537390101122,0.09366177729949617,1.0,1.0,0.7,1.0,0.6,100,444.5071366603322,3565974.590354879
16,61,1.6660120121235091,1.7780132159123094,1.7759877881397372,1.9379192213946057,1.667638838739805,0.09376800868647665,1.0,1.0,0.7,1.0,0.6,104,436.1491586345885,3566717.6716858475
16,62,1.6666260006732299,1.7707690040949804,1.7684488665160547,1.9228205203345445,1.6749608633670778,0.09470444423452096,1.0,1.0,0.7,1.0,0.6,108,457.831309057161,3564251.57084521
16,63,1.6666844031241812,1.767026353115135,1.7666360527610867,1.9434811678029873,1.6776297173413282,0.0948239328314486,1.0,1.0,0.7,1.0,0.6,110,454.6532758086141,3567237.2732587266
16,64,1.6665737116259285,1.7645679845062898,1.7640896623906341,1.9537115277469388,1.671495030782908,0.09468189449746704,1.0,1.0,0.7,1.0,0.6,112,444.6032317428828,3557539.7429191563
16,65,1.667013383447062,1.7662161714375535,1.767855483223597,1.9964104915481578,1.6667771217084124,0.0953106350563198,1.0,1.0,0.7,1.0,0.6,119,474.9965089028681,3557607.4493535063
16,66,1.6674160312507178,1.7618494811992789,1.761237698721882,1.9796782372720556,1.6822850333915689,0.09590851400548513,1.0,1.0,0.7,1.0,0.6,120,438.4088901485316,3571810.5263832984
16,67,1.6675522823740114,1.7605608541086921,1.7578233474558815,1.9602806509986008,1.6677277221033688,0.09610382657437556,1.0,1.0,0.7,1.0,0.6,121,404.9691448670512,3561102.226705695
16,68,1.6673551560599549,1.758759865732713,1.7580346194793046,1.985103439767287,1.6799570143424196,0.09584084539855596,1.0,1.0,0.7,1.0,0.6,122,407.1473652013675,3568221.682796969
16,69,1.6675061352628013,1.7558223161478712,1.7529089703454508,1.967962142980574,1.671124167131032,0.09606749201962612,1.0,1.0,0.7,1.0,0.6,124,410.6128638883356,3561998.5074249664
16,70,1.6675398588558998,1.7566524096058256,1.7558412601363993,1.9903698428023158,1.6696129795120553,0.0961189238305628,1.0,1.0,0.7,1.0,0.6,125,412.6374201201744,3567181.2167408904
16,71,1.6675338677484342,1.7518456489819907,1.7487823001154355,1.9843165884185243,1.67238697348462,0.09613129925198226,1.0,1.0,0.7,1.0,0.6,128,397.06680670501686,3566236.987215355
16,72,1.6675307562883601,1.7539263651331063,1.7550858075141802,2.0135976543145904,1.6677091633010388,0.09613021999131979,1.0,1.0,0.7,1.0,0.6,134,422.3856383144501,3567252.6604145924
16,73,1.6675292063870075,1.7522194174306382,1.7512425932157796,2.019334696525482,1.6681202787099911,0.09613021999131978,1.0,1.0,0.7,1.0,0.6,136,420.167414092857,3566838.901076048
16,74,1.6675996568822873,1.7521084180549176,1.7531971512870714,2.040201568828803,1.6691239491750998,0.09624015027969832,1.0,1.0,0.7,1.0,0.6,140,418.7126748700167,3567394.899018514
16,75,1.667360974991304,1.751197329107507,1.7522608714254657,2.0829632341219346,1.66841563197644,0.09590253574935134,1.0,1.0,0.7,1.0,0.6,142,402.8104327769105,3572490.8463451304
16,76,1.6672916184433166,1.7486137864783298,1.749583234195752,2.104067273372779,1.6686547034562844,0.0958177150728916,1.0,1.0,0.7,1.0,0.6,149,412.8319562193965,3573307.459995128
16,77,1.667356696579351,1.7475252901155858,1.7484515306487554,2.1113904151612246,1.6696905226233527,0.0959171251375578,1.0,1.0,0.7,1.0,0.6,151,413.27143422368,3573069.377421404
16,78,1.6673693734745934,1.748570340328321,1.751607610640276,2.125427351736602,1.6677909874635413,0.09593682933470762,1.0,1.0,0.7,1.0,0.6,153,400.8441802294606,3573674.520704914
16,79,1.6679165985073476,1.7501076392596016,1.755254371967888,2.1507737327610617,1.6680782179783837,0.09672044800536062,1.0,1.0,0.7,1.0,0.6,157,400.1033022237754,3572721.2788548823
16,80,1.6673520605385899,1.7502865838505683,1.7575335284742875,2.159930131982141,1.6696792488814793,0.09591712513968029,1.0,1.0,0.7,1.0,0.6,158,411.5558928640156,3572766.444845233
16,81,1.667389287326705,1.7525541806841631,1.7640294291197574,2.2097977864960523,1.6676468611825546,0.0959726154808046,1.0,1.0,0.7,1.0,0.6,162,398.7351521278648,3571924.4752745302
16,82,1.6678984535859827,1.7468520793520046,1.749805169905458,2.152817283687704,1.6696772588068574,0.09670487509726436,1.0,1.0,0.7,1.0,0.6,164,416.7130455832543,3579406.7374323034
16,83,1.6670524470715233,1.7486785498819883,1.7579489194487552,2.2263120685788276,1.66830644597438,0.09550337445773475,1.0,1.0,0.7,1.0,0.6,168,398.4368799875805,3557239.784339299
16,84,1.667047446347648,1.7486333445275517,1.759974598291529,2.239574408411526,1.6698285560198411,0.09550337445773478,1.0,1.0,0.7,1.0,0.6,170,401.9140816847124,3557982.950217564
16,85,1.6669918736925138,1.7493590390259866,1.7628019421458272,2.243381115161043,1.6680015876622791,0.09542684405784167,1.0,1.0,0.7,1.0,0.6,172,397.6618218783056,3547436.169153984
16,86,1.6669091005296006,1.7479214960773999,1.7592412760820375,2.2753186194968897,1.6667352719081996,0.09530873187731168,1.0,1.0,0.7,1.0,0.6,178,412.9068744398133,3546307.771580096
16,87,1.6668201945591536,1.744357977094667,1.7576200692828894,2.2796693315146532,1.6877510047266493,0.0952061455652936,1.0,1.0,0.7,1.0,0.6,179,398.6514570153101,3558056.015593406
16,88,1.6668263448873266,1.7451962287659581,1.7605618385790769,2.2939028670992196,1.6677402928961595,0.09521738353151536,1.0,1.0,0.7,1.0,0.6,181,402.5620517283338,3558676.3199003763
16,89,1.666945864357614,1.7443411465325647,1.761742689483138,2.305198771395729,1.6701603567944487,0.09539939082720263,1.0,1.0,0.7,1.0,0.6,184,409.4127163299208,3558685.2165029724
17,0,0.6961693162618255,0.8048536697411034,0.7975733792352551,0.4500206077936231,0.0,0.0,0.0,0.0,0.7,1.0,0.6,1,4292.305118531031,118031.41107843078
17,1,1.618625186132756,1.8280360368102062,1.818679603425408,1.4764914657521977,1.091474974418433,0.00544078070009282,1.0,0.03244767666605089,0.7,1.0,0.6,2,6418.969243577378,161249.52647437155
17,2,1.4067354417657398,1.769197784444348,1.7597188843197795,1.4268833473972726,1.1191516840055085,0.00544078070009282,1.0,0.03244767666605078,0.7,1.0,0.6,4,3117.736612279364,136290.00738613546
17,3,1.335344608620991,1.7918700460326142,1.782866272379353,1.4574761714739677,1.1849837929025564,0.00544725900739526,1.0,0.1415934868300332,0.7,1.0,0.6,6,2655.0932758403583,134977.32619749228
17,4,1.3446603071633956,1.8169779539040039,1.80537203578763,1.502548213058438,1.1563227818127657,0.03618918107905647,1.0,0.17123378332805167,0.7,1.0,0.6,8,1040.795645827218,117339.74684104053
17,5,1.420526413096653,1.9122591201716417,1.9020775677089403,1.5903492523137013,1.3218337745269941,0.015836735780080997,1.0,0.3827390829215172,0.7,1.0,0.6,9,1763.638654657124,118217.96212908402
17,6,1.251227253789025,1.7634071410829903,1.7516392029201748,1.46059973243691,1.3221750480871612,0.024839723879416402,1.0,0.1950229404428362,0.7,1.0,0.6,10,978.219639671622,117279.06550001205
17,7,1.6535048128572671,2.114546496377883,2.0975894345704793,1.82112512200462,1.9284458976154113,0.03519373503067043,1.0,1.0,0.7,1.0,0.6,12,408.9655817891674,104614.15502872287
17,8,1.6526154181693182,2.1122443101465973,2.0952131167271033,1.8242765712514473,1.628670016481546,0.03474267351947184,1.0,1.0,0.7,1.0,0.6,14,397.8842020398585,104814.55166262604
17,9,1.6538135366876232,2.1123344797696384,2.0972993250903484,1.8324543061537861,1.64117111553232,0.03780312278441837,1.0,1.0,0.7,1.0,0.6,15,395.4002078236373,102599.44241077056
17,10,1.653044493498192,2.1050519709811764,2.0876307876131017,1.8348085276809867,1.658564325091377,0.03940117848451756,1.0,1.0,0.7,1.0,0.6,16,370.6056650538396,95187.8396380568
17,11,1.639770280310144,2.0604432771599965,2.043600459249323,1.7882130077688592,1.8042784362943691,0.03289223032544426,1.0,1.0,0.7,1.0,0.6,17,409.999216701814,3696455.003512327
17,12,1.6371588407433535,2.0398307607578547,2.02219506944326,1.7774159745017921,1.6702192758819292,0.0338076664542124,1.0,1.0,0.7,1.0,0.6,19,336.4704817912128,130018064.34851584
17,13,1.636148146487733,2.034336713423727,2.016507916056434,1.77837845534496,1.6346819272266977,0.03335263741103031,1.0,1.0,0.7,1.0,0.6,21,325.8793037076581,130013631.61634864
17,14,1.5263117211743689,1.9217166519266717,1.9037688040650074,1.672010303642895,1.5278765992070409,0.03192758459055245,1.0,0.8192828647029218,0.7,1.0,0.6,22,355.3645682999269,104413034.76360434
17,15,1.6334018799973218,2.019179846250516,2.002890414140841,1.7799287770786085,1.6769227545951946,0.03211934203815292,1.0,1.0,0.7,1.0,0.6,23,284.9795872002675,186141364.87959868
17,16,1.6376368451859893,2.0179664136231703,1.9993823916531266,1.7890423568275224,1.6474759005668513,0.03888820009657422,1.0,1.0,0.7,1.0,0.6,24,160.73059838283697,130131036.83369316
17,17,1.637164579189077,2.0140172375984386,1.9952883891316997,1.7919561855499881,1.6356553739530817,0.03879175649870077,1.0,1.0,0.7,1.0,0.6,26,158.90102498129167,130126598.7458523
17,18,1.6372802181499546,2.0133450065263743,1.9945833766514314,1.7946198143028238,1.6312317626324768,0.03908551042205499,1.0,1.0,0.7,1.0,0.6,27,145.47033054206318,130730312.67123772
17,19,1.6319370084330922,1.9963366296343468,1.9812298368406496,1.7765145935300692,1.692705969163233,0.03356772586830918,1.0,1.0,0.7,1.0,0.6,28,197.68055830213208,107403402.26457907
17,20,1.6316579057228657,1.9934808619360194,1.978268932862624,1.7771812518263217,1.6296449163444162,0.03351302397615915,1.0,1.0,0.7,1.0,0.6,30,193.9309656645867,107515159.2775292
17,21,1.6350135257243004,1.988161855688047,1.972598035351342,1.779278564881038,1.668947245696689,0.03938890291781581,1.0,1.0,0.7,1.0,0.6,31,125.44846228066902,109878467.26086394
17,22,1.6347137298221859,1.9846400699508835,1.9689463109016403,1.779341942381317,1.6351744996017863,0.039334998748740815,1.0,1.0,0.7,1.0,0.6,33,125.79547124737218,109874277.72217616
17,23,1.63424184086838,1.9803087461870206,1.9665287110851524,1.776836982478128,1.6517863281731398,0.0392304415912953,1.0,1.0,0.7,1.0,0.6,34,134.09890194941704,109856615.75426392
17,24,1.6330994277478519,1.9749670553295386,1.958949845356793,1.783086874477656,1.633295243596156,0.03790170138997756,1.0,1.0,0.7,1.0,0.6,36,141.41544391821031,109071725.63542792
17,25,1.6328314997635696,1.971975333927512,1.9558492337878026,1.7870183227680814,1.6328517144592962,0.03779709911461747,1.0,1.0,0.7,1.0,0.6,38,144.09500902532423,109067569.7169336
17,26,1.6335642061410374,1.9702152021033554,1.9560588543475705,1.7876483067666444,1.6453260373762664,0.03921917122911908,1.0,1.0,0.7,1.0,0.6,39,145.4531217947019,109865469.79237495
17,27,1.6326118695936853,1.9670527183557804,1.952808436954228,1.8140754722591472,1.6287102825173685,0.03806836079766611,1.0,1.0,0.7,1.0,0.6,44,139.81577268087338,109486117.9834366
17,28,1.6323794696455498,1.9623901079433699,1.9479700280921501,1.813399856451516,1.6370222389786635,0.03814153576724537,1.0,1.0,0.7,1.0,0.6,46,135.90933444605767,109491139.90720376
17,29,1.6319383488021018,1.959439388210828,1.9469894543437825,1.8195768601105775,1.6354089969335255,0.03784621817728332,1.0,1.0,0.7,1.0,0.6,48,147.58582664101343,109481883.12136357
17,30,1.6309024524228106,1.9629068710294257,1.9589134603603537,1.8877796945493057,1.6258793635444122,0.03643502244134257,1.0,1.0,0.7,1.0,0.6,58,271.1001931343084,232958.3677817509
17,31,1.6326454569876812,1.958927025898126,1.95263802024468,1.8864890592491306,1.647916786202532,0.03928878150042684,1.0,1.0,0.7,1.0,0.6,59,277.5587802295869,232821.7814197352
17,32,1.632159126962193,1.9566203450847128,1.9502596477946677,1.8920755421761029,1.6313314013562676,0.038739291331767026,1.0,1.0,0.7,1.0,0.6,61,279.0539191057476,232742.5902022014
17,33,1.6326598131033365,1.956712062583251,1.9503352396510394,1.8960562081724137,1.62949383955069,0.03948613223074587,1.0,1.0,0.7,1.0,0.6,62,272.63007246167194,232612.0466975837
17,34,1.6321050107034267,1.9568957898966914,1.9526179636582297,1.9090255552441704,1.6298163754777524,0.038739291331767026,1.0,1.0,0.7,1.0,0.6,63,276.5337340573064,232672.7803801472
17,35,1.6296544033473515,1.9413326403413826,1.9365407613713699,1.9066470105080158,1.6856787485074407,0.03619045581400638,1.0,1.0,0.7,1.0,0.6,64,211.99657098683903,236095.84453624504
17,36,1.629639308117321,1.9417052653786446,1.9389988259740214,1.920882127674017,1.6264394248733227,0.03623195315816163,1.0,1.0,0.7,1.0,0.6,68,206.52278378138308,236728.0015564869
17,37,1.6296257857750551,1.937270455572503,1.934391439934788,1.9288625695312538,1.6356747284831865,0.03650082074416387,1.0,1.0,0.7,1.0,0.6,70,204.14691579016764,236217.65554086567
17,38,1.6286992262564235,1.9227996012812416,1.9193945163776105,1.9197691032680964,1.6869644262370538,0.0359781170840349,1.0,1.0,0.7,1.0,0.6,71,207.15593610118648,234630.9321281044
17,39,1.6286992262649864,1.9241269212222591,1.9228439070031653,1.9311437193004246,1.6251847344326342,0.0359781170840349,1.0,1.0,0.7,1.0,0.6,73,207.1559351379628,234630.9320493018
17,40,1.628589851391776,1.920319665268884,1.9188934845399848,1.935779191359925,1.6336254297236952,0.03602099469861922,1.0,1.0,0.7,1.0,0.6,75,201.8161885477789,235194.57839174644
17,41,1.627893883295005,1.918259802928076,1.9167809137364054,1.9620545335051545,1.6255983986306517,0.03509799278899422,1.0,1.0,0.7,1.0,0.6,81,200.45169475442583,236859.12244675952
17,42,1.6279299467379875,1.9180757681543543,1.9207299560246485,1.9749141883859584,1.6312352557499787,0.03529674536224226,1.0,1.0,0.7,1.0,0.6,83,191.7313231166392,234613.9412332509
17,43,1.6273090940471007,1.9143342136892247,1.9127262376413783,1.9665375023179248,1.625168945046143,0.03443343240528266,1.0,1.0,0.7,1.0,0.6,85,154.83878752865576,240395.22577150352
17,44,1.6273681315696225,1.91339600830083,1.911749523610145,1.9697326784959461,1.6287362104047993,0.034567694602290075,1.0,1.0,0.7,1.0,0.6,86,155.57346473220366,239530.77996316407
17,45,1.6271150072581317,1.9123948221708442,1.9107194548548527,1.9728311880568814,1.6273273353929447,0.034242679943653945,1.0,1.0,0.7,1.0,0.6,87,160.40269759453824,240012.3812596687
17,46,1.6270613678263293,1.9106322986159507,1.9088909748833012,1.9793033820327222,1.6278522440629803,0.03424950703889697,1.0,1.0,0.7,1.0,0.6,89,159.31474895877264,241352.8657324172
17,47,1.6270004845041517,1.9124691268918466,1.9149428253696605,2.0108649547088997,1.625636799030703,0.03419860796275468,1.0,1.0,0.7,1.0,0.6,91,164.29549412016905,241449.82429506604
17,48,1.6269017447240346,1.9082977739744669,1.9126855500733728,2.030524505354134,1.6362280202607962,0.034308924078515005,1.0,1.0,0.7,1.0,0.6,93,166.42696174498718,240801.331728174
17,49,1.6263585991703984,1.8998279481317328,1.901839864241274,2.028205280182962,1.6385691762003396,0.03382113916245597,1.0,1.0,0.7,1.0,0.6,95,166.4417354292338,239579.0225736897
17,50,1.6263576382260196,1.9011216476030532,1.9052544208817466,2.0406084926052737,1.6237483244752204,0.03382113916245597,1.0,1.0,0.7,1.0,0.6,97,166.39365590781668,239584.7899758501
17,51,1.6262458437660152,1.9008571851487837,1.9049841064538295,2.0610921463002687,1.6237051448362725,0.03366785789805374,1.0,1.0,0.7,1.0,0.6,102,168.52160511335853,241102.8685693745
17,52,1.6263612033970567,1.8908195468454365,1.8883433918060208,2.025168456277371,1.6377588668709482,0.034083883745390495,1.0,1.0,0.7,1.0,0.6,104,215.5868025346422,893429.3595221358
17,53,1.6268283793961595,1.889296026152227,1.8867435935024996,2.031821892058781,1.628859149151256,0.03482887661592251,1.0,1.0,0.7,1.0,0.6,106,200.4821328757824,896670.7260031136
17,54,1.627158589957436,1.885560461270297,1.8828523462336402,2.03248656320668,1.633958961147187,0.03545411527176272,1.0,1.0,0.7,1.0,0.6,108,189.96318634656328,898649.7553345151
17,55,1.6271483810821907,1.886481095047746,1.885879873893614,2.057131017277925,1.6257066236366131,0.03545411527176272,1.0,1.0,0.7,1.0,0.6,110,188.61950019729483,898800.4961180222
17,56,1.6269512362568155,1.8871295910954968,1.8927746796442442,2.0728302239462537,1.638810452545858,0.03528616586851977,1.0,1.0,0.7,1.0,0.6,111,190.31637675420075,684397.7822109265
17,57,1.6265215991427597,1.8827252051747911,1.8882184015444579,2.0771955843754197,1.633288781715628,0.03481099017190528,1.0,1.0,0.7,1.0,0.6,113,193.0457822652504,684211.6991472451
17,58,1.626754694171678,1.8693519289875962,1.8743261689121615,2.0693873451167892,1.6859196044977671,0.03557728055990731,1.0,1.0,0.7,1.0,0.6,114,176.48312733607952,683693.2319763143
17,59,1.626760508735686,1.8677276290323093,1.8747114245122023,2.0750802211786428,1.6315167687697962,0.03567092908305419,1.0,1.0,0.7,1.0,0.6,116,168.04344489971896,683208.9497901173
17,60,1.6263282926011318,1.8656632168419764,1.8725849510821608,2.0861200544705074,1.6282163756783268,0.03509991070986631,1.0,1.0,0.7,1.0,0.6,118,174.56910246448444,683876.7372661218
17,61,1.6263272914009352,1.8649031789847266,1.8717959699363957,2.0896552088554095,1.6279730302016082,0.03511979864960965,1.0,1.0,0.7,1.0,0.6,119,174.23026226963,683650.0658497049
17,62,1.6263374918254683,1.864444437883022,1.87131946014301,2.0934619288756657,1.6266969534594904,0.035147453192507574,1.0,1.0,0.7,1.0,0.6,120,170.8718093060983,685180.831053459
17,63,1.6268028810817667,1.8608291326669155,1.8654773138076974,2.0993942968718384,1.6378210236829642,0.03589032827347096,1.0,1.0,0.7,1.0,0.6,121,178.761424356287,901908.2735958438
17,64,1.6268090630984369,1.8582989779383783,1.862850808938592,2.1012646379705564,1.6360844998226245,0.03596440947009024,1.0,1.0,0.7,1.0,0.6,122,177.42620031952737,961990.9543582242
17,65,1.6267138996655084,1.8561578030764858,1.8627035420158862,2.1071423144520156,1.6401863658139422,0.0359158065411545,1.0,1.0,0.7,1.0,0.6,123,170.10617122807892,903354.9279980612
17,66,1.6264075798756292,1.851839432682186,1.8582329381334541,2.1058801130223785,1.6338537404221496,0.035578266140047624,1.0,1.0,0.7,1.0,0.6,125,170.04531561150986,1142189.435577593
17,67,1.626505663435731,1.8502727937195385,1.856603132217351,2.1179238412000223,1.6287311022134259,0.03575856963505,1.0,1.0,0.7,1.0,0.6,127,166.09685690849943,904269.8343546196
17,68,1.6263384256189015,1.8483301427712067,1.854593190977321,2.111003182956288,1.6288449048174267,0.03556182991410557,1.0,1.0,0.7,1.0,0.6,129,170.16398394603087,906176.0255254508
17,69,1.6264015786403263,1.84742716842793,1.8536535931134979,2.118487699711525,1.629270850895534,0.03567466764471588,1.0,1.0,0.7,1.0,0.6,130,166.7771158376163,1145113.853730427
17,70,1.6262055400774305,1.8439353581360205,1.8521086536354918,2.1413083814887335,1.6299929824144495,0.03549982318358813,1.0,1.0,0.7,1.0,0.6,134,169.2334798128629,906645.7084081182
17,71,1.6261385796657524,1.8405854774604498,1.8507062992167658,2.1549189308093846,1.6351026235842174,0.03550418362847422,1.0,1.0,0.7,1.0,0.6,136,162.2972746650763,662899.4862473974
17,72,1.6263431526638925,1.8434236509974053,1.8577878345208991,2.195258857438312,1.6250839654798237,0.03579692810624445,1.0,1.0,0.7,1.0,0.6,140,163.0053904148616,658104.9643575294
17,73,1.6263348630180032,1.8439105106388407,1.8603651929613991,2.203141201321521,1.626909259233734,0.035802614652076445,1.0,1.0,0.7,1.0,0.6,142,162.42040065905783,658288.1520570577
17,74,1.6262933591089435,1.8407936482125091,1.8550600703131632,2.2058503209548332,1.6328272597130402,0.035779754725089694,1.0,1.0,0.7,1.0,0.6,143,159.98527817705775,657385.1547474499
17,75,1.6263302484963948,1.8414589122094558,1.8578210230080416,2.2052574477693736,1.6281955253831097,0.03584679886886731,1.0,1.0,0.7,1.0,0.6,144,159.066529969374,659592.5416474672
17,76,1.6264008457476709,1.8411380895322487,1.857485421701782,2.23180445132958,1.6260303236384224,0.03595557301852747,1.0,1.0,0.7,1.0,0.6,146,156.82637118892754,660509.1748327388
17,77,1.62639898658658,1.8423329934305661,1.860797403959305,2.2455475293449547,1.625458266858009,0.03595557301852747,1.0,1.0,0.7,1.0,0.6,148,156.8586835637309,660480.8285876997
17,78,1.6262243956062492,1.8385793462992779,1.8569083960626651,2.2640756384608234,1.6282271293872337,0.03577777416064349,1.0,1.0,0.7,1.0,0.6,153,161.9639171580453,657466.0197929939
17,79,1.626214721250411,1.839186216030611,1.8596105082137777,2.290667887609288,1.6266138604094755,0.03577777416064349,1.0,1.0,0.7,1.0,0.6,155,161.55369387904508,657547.3730320268
17,80,1.626175044443238,1.8372466965404106,1.8596710625769481,2.3018134168105067,1.6298253103711966,0.03578294864427205,1.0,1.0,0.7,1.0,0.6,158,156.92839039440236,657514.7349637958
18,0,0.42242680360293655,0.7551356381394011,0.7460005628511109,0.4052003729662131,0.0,0.0,0.0,0.0,0.7,1.0,0.6,1,28212.231297868293,128035.27273981062
18,1,0.5300726414646156,0.8699317447160656,0.8607132251586325,0.5268519806624287,0.12029676636696761,0.10409422934471738,0.00630734378957062,0.06309807837799875,0.7,1.0,0.6,4,27570.511469342146,79722.46140163952
18,2,2.047274332162537,2.4487295695292906,2.439993904841624,2.1098000978248925,1.7375087132347846,0.1184089390910801,1.0,1.0,0.7,1.0,0.6,5,10682.65097462742,63896.16316780004
18,3,1.0156327000707623,1.504318057603541,1.4942679673166461,1.1843654781261441,1.1214269575087001,0.10701128026246025,0.15435588967787647,1.0,0.7,1.0,0.6,6,13938.988859114308,72427.91395193081
18,4,1.508572766215812,1.9981932178220454,1.9829276258966089,1.6920227264925414,1.7691174324117358,0.10707007712165226,0.7879933646519945,1.0,0.7,1.0,0.6,8,3934.342883601402,31153.4064377405
18,5,1.6872020063046484,2.062854805701706,2.044076073975926,1.7837803132674779,2.0081614665229175,0.11046942305062109,1.0,1.0,0.7,1.0,0.6,10,385.9641163540962,7555.890921940366
18,6,1.6850809108731388,2.038381819336201,2.018687168332141,1.7635132928456438,1.7313168463103081,0.11058209156976335,1.0,1.0,0.7,1.0,0.6,12,533.4587805912182,1750.7048374654516
18,7,1.6845954287916505,2.0322160045909534,2.0122918130218204,1.7652952401630353,1.690941036363769,0.11056348335393155,1.0,1.0,0.7,1.0,0.6,14,502.8120337332686,1727.6989940027158
18,8,1.6844444521715674,1.9988006839059351,1.9816882909491276,1.7578344161520216,1.858387313770621,0.11388725643519285,1.0,1.0,0.7,1.0,0.6,15,124.06012674954354,12750.37441050512
18,9,1.683930179830743,1.9844837106847204,1.9647646192323132,1.7337569350094726,1.7039353277151394,0.11388725643519282,1.0,1.0,0.7,1.0,0.6,17,117.78145025178314,12949.985721499004
18,10,1.683606243733887,1.9818111142500032,1.9661413346313368,1.7613538055270812,1.6909244204198108,0.11374054737954212,1.0,1.0,0.7,1.0,0.6,19,102.9415257867094,11188.81880141769
18,11,1.6833873759040578,1.9784960696248879,1.962706157947375,1.7583361034994387,1.6926953563831577,0.11360458197059382,1.0,1.0,0.7,1.0,0.6,20,97.3825978703961,9861.970576423444
18,12,1.6811895408294388,1.9636990302499906,1.94327938763296,1.7385430134114759,1.721842405012973,0.11101936130810804,1.0,1.0,0.7,1.0,0.6,21,86.27963197424504,58919.423399728745
18,13,1.6810929800573553,1.9623168643861173,1.9439183090075614,1.7414630493206782,1.6835672938220716,0.11101936130810804,1.0,1.0,0.7,1.0,0.6,23,83.90308400418758,59145.89349935549
18,14,1.6798540787479994,1.962457485149693,1.9482521390313328,1.778096141861492,1.6878232193832043,0.10937870279884443,1.0,1.0,0.7,1.0,0.6,24,111.64388744448232,9497.703134085685
18,15,1.6806856724258288,1.9444537936609225,1.9253820827937185,1.7374172043180067,1.7456707314744633,0.11127780965329763,1.0,1.0,0.7,1.0,0.6,25,137.8900503661214,57211.4139916566
18,16,1.680684106162135,1.9435252759873158,1.9244178816810034,1.7399010662301704,1.6800137991163981,0.1113159649842971,1.0,1.0,0.7,1.0,0.6,27,134.55252956558812,58187.49445350532
18,17,1.679198674873863,1.941909793726746,1.9290106906778126,1.7744592725483548,1.6951514073307776,0.10936875756756956,1.0,1.0,0.7,1.0,0.6,28,101.15107377490104,9645.931050418065
18,18,1.6789270616253353,1.9342848659485514,1.92317504224838,1.7831444235579323,1.696062328705008,0.10932470999791129,1.0,1.0,0.7,1.0,0.6,30,96.93165255639492,10991.617770559164
18,19,1.6794237822234703,1.9246295462900278,1.9110601823781006,1.778914510416321,1.71683980678106,0.1103528153464332,1.0,1.0,0.7,1.0,0.6,31,102.25059979952115,9785.757626878123
18,20,1.678482243991981,1.9115192265688172,1.899557072479349,1.7727516001634358,1.7370488390609853,0.10944147878175718,1.0,1.0,0.7,1.0,0.6,32,101.34016855947954,10903.034791353684
18,21,1.6784082040353336,1.8949182695266789,1.8823276660601058,1.7647256581065753,1.7137431662507487,0.1097898072500875,1.0,1.0,0.7,1.0,0.6,34,98.14688185594774,10081.64674152966
18,22,1.6780862888075174,1.8872792146202464,1.8764827839443243,1.7634493267627653,1.6959279664130507,0.10953809042353228,1.0,1.0,0.7,1.0,0.6,36,138.82366640559803,10352.857794721886
18,23,1.6780862888152366,1.8872792551262854,1.8764828872065746,1.7599264278858575,1.6766767122765653,0.10953809042274525,1.0,1.0,0.7,1.0,0.6,37,138.8236672748791,10352.857769138596
18,24,1.6780781641063705,1.8881737187250534,1.8794833000337197,1.7841704086168138,1.6785645936859757,0.10953623451928444,1.0,1.0,0.7,1.0,0.6,38,134.71706792126452,10377.114507827911
18,25,1.678033803170138,1.8812230480292378,1.8701991244830771,1.7650390991182179,1.7015358302123618,0.10959707671099066,1.0,1.0,0.7,1.0,0.6,39,142.00851964819853,10178.682492104992
18,26,1.6781447375183114,1.8710772846172978,1.8596652439642996,1.766490891297798,1.7225493155322793,0.10996603844752913,1.0,1.0,0.7,1.0,0.6,40,105.35696336832184,10966.788099854351
18,27,1.6780216448455714,1.862903816570877,1.8511875822914448,1.76616464473036,1.6948178397450775,0.10994045027175706,1.0,1.0,0.7,1.0,0.6,42,99.13551823384346,10574.10759249242
18,28,1.6780180680093664,1.8625797907619117,1.8508514463769177,1.773077386601631,1.6783798025269547,0.10994106738162801,1.0,1.0,0.7,1.0,0.6,43,99.20671021892976,10513.605135753942
18,29,1.6779321445850814,1.856933785761964,1.8449954862548221,1.7678263459049752,1.7015893980382493,0.10991474673636836,1.0,1.0,0.7,1.0,0.6,44,94.33919588668888,10193.326897863288
18,30,1.677471756518195,1.8487484773180918,1.8385907512603517,1.7774488092863456,1.6966296251207638,0.10940271446247325,1.0,1.0,0.7,1.0,0.6,46,35.67319962725148,9489.945904684717
18,31,1.677119696841788,1.8257847696549998,1.8127032364332596,1.7506365367188206,1.7707527666814227,0.10919393876975454,1.0,1.0,0.7,1.0,0.6,47,62.557392150892994,8855.9886055772
18,32,1.6769723862581625,1.8104090752421835,1.7988270961213515,1.7610930249778605,1.7128772217419725,0.10917108083846586,1.0,1.0,0.7,1.0,0.6,49,55.68040447718676,9403.594558958768
18,33,1.6768956171913576,1.8081009847663898,1.79850738433547,1.7690634159654608,1.684279104361372,0.10909813329394029,1.0,1.0,0.7,1.0,0.6,51,51.01211802460647,9539.50970052717
18,34,1.6768399240602965,1.8027264098215543,1.7929329951285697,1.7753015688988718,1.688029742197657,0.1090704172735136,1.0,1.0,0.7,1.0,0.6,53,50.03140850880393,9187.574639858509
18,35,1.676471317802252,1.798203856288274,1.7944712781457208,1.8252637296117684,1.6800132967318144,0.10861814260559235,1.0,1.0,0.7,1.0,0.6,62,49.90037023759314,9891.589576761304
18,36,1.6763394912074125,1.794352821469463,1.796697530664594,1.8337880483209203,1.709877587463275,0.10849478211344712,1.0,1.0,0.7,1.0,0.6,63,47.95462712844272,9627.825083312557
18,37,1.676158351170014,1.7882237651236874,1.784128439827589,1.827977876211229,1.6844674363676764,0.10825185228751029,1.0,1.0,0.7,1.0,0.6,64,47.60276827478832,8902.133754622913
18,38,1.6741718351114798,1.7791368970656016,1.778919827530061,1.8369844497162418,1.7184087124885123,0.10549042486074185,1.0,1.0,0.7,1.0,0.6,65,52.60730526954606,9100.899439009358
18,39,1.6741496363128325,1.7756246921667427,1.7773492072014982,1.8565198450610065,1.683799086740394,0.10549042486074185,1.0,1.0,0.7,1.0,0.6,67,50.79746080106743,9118.766307933613
18,40,1.6771156615399816,1.7692561708539771,1.7581967505019245,1.8023008949469683,1.6824977106810355,0.109736391747518,1.0,1.0,0.7,1.0,0.6,68,38.124687041699616,8485.190948351536
18,41,1.674133741666525,1.7721595559254602,1.7737547392238437,1.869525341480844,1.6829970575246307,0.10549042486074185,1.0,1.0,0.7,1.0,0.6,69,48.74520402446157,9142.172329035446
18,42,1.6769535483160722,1.7554848233163631,1.7418430612034563,1.7941569047278612,1.7216219375248483,0.10958293237562011,1.0,1.0,0.7,1.0,0.6,70,35.62280167941674,8556.9520183383
18,43,1.6770020338862617,1.7539640372315999,1.7402635095101378,1.8002848386967343,1.6801979930728335,0.10966144776519834,1.0,1.0,0.7,1.0,0.6,72,31.99626662727903,8563.79785433223
18,44,1.6768822002049353,1.7506615666824836,1.7368418274070518,1.8057369939663062,1.6906574422453704,0.10950866752112305,1.0,1.0,0.7,1.0,0.6,73,36.78266632171883,8506.738547517292
18,45,1.6768186573848656,1.7512760847147968,1.739554083345077,1.8088882090070695,1.6780204333638857,0.10942156771758767,1.0,1.0,0.7,1.0,0.6,75,31.98001938553718,8555.557753908703
18,46,1.7346501762366606,1.8202637090318188,1.8296834098373407,2.008331327543185,1.736296379852766,0.1920498615518485,1.0,1.0,0.7,1.0,0.6,80,69.21697474616911,9216.810587963644
18,47,1.7346501762367246,1.8202637090318188,1.8296834098373407,2.017074332915915,1.7344351295525358,0.1920498615518485,1.0,1.0,0.7,1.0,0.6,81,69.21697480515007,9216.810587188436
18,48,1.7112534207966084,1.7918668139954637,1.7948820824330958,1.9703328454240294,1.7155188616294725,0.15863152951197532,1.0,1.0,0.7,1.0,0.6,82,40.08723113989959,8675.051168372693
18,49,1.6818417609956362,1.7653953282907375,1.7747378742950786,1.9707043365584216,1.6862159820252525,0.11662054823507569,1.0,1.0,0.7,1.0,0.6,83,53.95663144006036,45601.8110765927
18,50,1.7110853222456477,1.7903236108071474,1.7932874009573005,1.976987568500741,1.7123483384933786,0.1583988721962713,1.0,1.0,0.7,1.0,0.6,84,33.07946155639899,8759.084658759282
18,51,1.6745817556477633,1.750398238631056,1.755306254640837,1.9418310467462971,1.6952717168502667,0.10627595986393257,1.0,1.0,0.7,1.0,0.6,85,46.66891353124471,8809.776587142547
18,52,1.6745803127538337,1.7526489472876712,1.7617861336167082,1.9839823217263,1.6747461156738512,0.10627596056397393,1.0,1.0,0.7,1.0,0.6,90,47.22662148414189,8802.944278462794
18,53,1.6745801515689176,1.7539311428874322,1.7651887117721925,2.0096448248661734,1.6745903395005022,0.10627596056397393,1.0,1.0,0.7,1.0,0.6,91,47.391128946300135,8801.003667909126
18,54,1.6776537967057026,1.7603751013080982,1.7800484613174201,2.1455016925495354,1.677748732721486,0.1106767237452105,1.0,1.0,0.7,1.0,0.6,122,50.0073596044096,8581.49086517486
18,55,1.6776510127593816,1.7592129378168941,1.7788429026256756,2.157411721296189,1.6800213810901488,0.11067853344047632,1.0,1.0,0.7,1.0,0.6,124,49.52913615273607,8564.84971982361
18,56,1.6776550938268202,1.760974423564491,1.7848149609402921,2.170577259809406,1.679454210575118,0.11068879892822292,1.0,1.0,0.7,1.0,0.6,126,59.806580162905625,8419.883983576909
18,57,1.6776530359500006,1.7605568595182053,1.7843818390748818,2.1929244232591913,1.6780901280390008,0.11068789933472531,1.0,1.0,0.7,1.0,0.6,129,52.96962621479332,8434.6816007524
18,58,1.6813299926835898,1.7534284228222359,1.7706317481111227,2.3028985334814904,1.6819736595426504,0.11597313279504666,1.0,1.0,0.7,1.0,0.6,167,1631.4375062150573,65586.03834449893
18,59,1.6813602751280867,1.7526144336726928,1.769786125395894,2.300829701067791,1.6847980737137482,0.1160201072629345,1.0,1.0,0.7,1.0,0.6,168,1613.5242530652722,65826.60371822935
18,60,1.6813988262069404,1.7514470264431417,1.7706460207437869,2.3043504775262718,1.6923972143942465,0.11608652763361357,1.0,1.0,0.7,1.0,0.6,169,1626.856449198946,65427.713137756735
18,61,1.6813083512200664,1.7489070850011186,1.7659419788211266,2.3121342667632283,1.6861011802454917,0.11596220709336699,1.0,1.0,0.7,1.0,0.6,170,1656.901091019825,66041.3892196359
18,62,1.6813353026122009,1.7472797903181134,1.7642527841764841,2.3195693811861826,1.6848742783926096,0.11600794604997682,1.0,1.0,0.7,1.0,0.6,172,1637.9979986369713,66266.33964153814
18,63,1.681108205319965,1.7447059791577195,1.759518722221276,2.3611026651736626,1.6821247572895084,0.11568796980985471,1.0,1.0,0.7,1.0,0.6,176,1640.319219108276,68080.26263187452
18,64,1.6811003788727477,1.7433221525236564,1.760155853707316,2.3870550011061598,1.686835272701337,0.11568796980985471,1.0,1.0,0.7,1.0,0.6,178,1643.4246695251768,68089.78394075575
18,65,1.681100172953284,1.7445781403696676,1.7635313081768844,2.404762781435039,1.681137773663289,0.11568796982410945,1.0,1.0,0.7,1.0,0.6,180,1642.9520297880583,68088.39641146435
18,66,1.6809888256718146,1.7434458587920467,1.764433256242468,2.398107149810993,1.6843361964249062,0.11553855713438052,1.0,1.0,0.7,1.0,0.6,183,1609.7339391160597,68548.25744618438
18,67,1.681724038838619,1.7463989098676795,1.7716141314227731,2.444971714267117,1.681879206150433,0.11659056992185779,1.0,1.0,0.7,1.0,0.6,190,1639.688516851519,67028.26354708581
19,0,0.7481752938392214,0.8121619497215192,0.8051543145539143,0.45665009521797506,0.0,0.0,0.0,0.0,0.7,1.0,0.6,1,5705.1643031646045,108578.37480441776
19,1,1.08397082051495,1.2962087006365466,1.2901602843425564,0.9426904133911547,0.49732070553870983,0.054272435669354205,0.27320074371912,0.2452379534478069,0.7,1.0,0.6,3,5295.174568587348,94208.1266826675
19,2,0.7381258801121869,1.173807831300316,1.1652656468211513,0.843740461896564,0.6337043855163378,0.054272435669354205,0.27320074371912023,0.2452379534478085,0.7,1.0,0.6,5,383.5953583150181,63499.6806233938
19,3,1.2247262387480344,1.728788514064373,1.720107423842792,1.4110930421962178,1.205317902888416,0.05433204986407088,0.6724089774668655,0.6035862101584997,0.7,1.0,0.6,7,479.1933966214263,39942.1354163227
19,4,1.7412813983455937,2.2547020306485765,2.2449721640479563,1.9464473764458976,1.688188092037454,0.054354677740901844,1.0,0.9809518137912285,0.7,1.0,0.6,9,969.1844237378356,28762.3412469072
19,5,1.741242551963687,2.255995568093537,2.2483865830046934,1.9534393021787246,1.6266931646474316,0.054354677740901844,1.0,0.9809518137912285,0.7,1.0,0.6,11,966.8102134101875,28741.29381690707
19,6,1.5357286655212978,2.0491843318427914,2.040055198116335,1.7542650684759826,1.5523573389069323,0.03071944587618673,1.0,0.7317525857406446,0.7,1.0,0.6,13,286.8556725534907,29176.54760504515
19,7,1.5847213008222092,2.059777205857211,2.0476856405849717,1.7800839227654353,1.7218981489127332,0.032021672145888844,1.0,0.8802352932801428,0.7,1.0,0.6,15,420.2918123620088,18444.90746270534
19,8,1.5691349778106447,2.0316462118569305,2.020924378726769,1.762486757295033,1.5854367438822123,0.03214988888663027,1.0,0.8646029108893531,0.7,1.0,0.6,17,341.5187259020135,8255.816066754387
19,9,1.5680881099287318,2.0274011280878534,2.0165146052888816,1.7586770887251575,1.5511036941586847,0.03229364259715042,1.0,0.8647172705530828,0.7,1.0,0.6,19,340.7076945649389,7945.552604481665
19,10,1.5994383041730447,2.043054029365859,2.031392458718554,1.7972324726936022,1.6693956187110297,0.03215995760530196,1.0,0.9255877885225756,0.7,1.0,0.6,20,262.0911402745646,11180.366737490442
19,11,1.599438254484879,2.0430539810420947,2.0313924103947905,1.797232424155521,1.5778646484500904,0.03215995704939509,1.0,0.925587708631527,0.7,1.0,0.6,21,262.0910303265364,11180.36483466033
19,12,1.4546941271016205,1.8229689464480172,1.8100884319350201,1.5994674146582488,1.8377430688759502,0.030554266753295572,1.0,0.7077016713229962,0.7,1.0,0.6,22,79.07825985488743,5031.722831420574
19,13,1.512487067092993,1.866721605752987,1.8532690728517531,1.6533550727617277,1.573954120491773,0.033037954888051405,1.0,0.8032812817242917,0.7,1.0,0.6,23,57.055792471683255,8127.48755573368
19,14,1.5525153525640618,1.892264123798096,1.8802924071159635,1.6799112117290742,1.634098107528733,0.029915922439893577,1.0,0.8759308722398499,0.7,1.0,0.6,24,37.09456152750297,3822.220598562762
19,15,1.526322620371564,1.8566824699975433,1.8422761758226829,1.6548675910021815,1.5433001906338648,0.03319052578264143,1.0,0.8289783811317084,0.7,1.0,0.6,25,46.20899816685958,6857.161985439257
19,16,1.5142096632321271,1.8168054547484647,1.8033773272059879,1.61737403162055,1.6460434083322046,0.029368616272286967,1.0,0.8158702781320836,0.7,1.0,0.6,26,45.50680954522763,5654.063369190158
19,17,1.4984285902296184,1.7769250842676614,1.76256264905281,1.5863919040652437,1.5493483749432964,0.030150681289457533,1.0,0.7902304654510236,0.7,1.0,0.6,28,42.16717008256955,3842.022649414628
19,18,1.4800034060619662,1.6905961788855026,1.673637595410404,1.5133788869608278,1.6308246644289608,0.0289256345547576,1.0,0.7637611018751899,0.7,1.0,0.6,30,28.112650122973992,6863.774780648401
19,19,1.4721853572439527,1.6766253857947637,1.6594334765312775,1.5097652438639262,1.4845435017084054,0.028788353667253307,1.0,0.7510611137170414,0.7,1.0,0.6,32,24.319607491150794,6672.723127109207
19,20,1.4697624628212482,1.666580553840099,1.6490999221664087,1.5004764890267195,1.48539897223762,0.028873845386463,1.0,0.747118027662677,0.7,1.0,0.6,34,23.516558940278543,6639.477789958791
19,21,1.4706689469554932,1.662303739047323,1.6466987908192383,1.5186950811900315,1.4841250938148778,0.02885914456048012,1.0,0.7488028224346014,0.7,1.0,0.6,36,20.004574235749875,7259.109944446543
19,22,1.4674832306732808,1.6524032284513324,1.6344725489782974,1.5069322124958344,1.4781594057187513,0.02881572962230821,1.0,0.743662804750428,0.7,1.0,0.6,38,18.8942581558656,6675.108456391384
19,23,1.4598666846760835,1.6399791145012672,1.62186678402486,1.5014720159030235,1.4694956521817741,0.028676930104401997,1.0,0.7312327686449002,0.7,1.0,0.6,40,17.41597198534372,6436.782091647918
19,24,1.462241437697001,1.635824635474365,1.61953778973104,1.510580494851995,1.4786631581484304,0.02879892626735498,1.0,0.7352044213617495,0.7,1.0,0.6,42,15.456881313147282,6623.064599968141
19,25,1.4547233599045692,1.6244325762872838,1.6079995899421369,1.506212656789486,1.4624016852029316,0.028659742998779297,1.0,0.7229093612825312,0.7,1.0,0.6,44,14.109176664882336,6385.519134296522
19,26,1.4836279370250267,1.6557260733931736,1.6435272428335492,1.5567585119851113,1.483922678443044,0.030496861382008973,1.0,0.7689453530719199,0.7,1.0,0.6,45,16.240598583555453,3539.070651395139
19,27,1.4771975994649509,1.636335219861683,1.6215758064098615,1.5363380603817616,1.5279864515127768,0.03099372639423032,1.0,0.7578495849611616,0.7,1.0,0.6,46,19.792129385584538,2883.237184675571
19,28,1.4776971082870547,1.6321736115623133,1.617238640077546,1.539738879891368,1.4978887057611865,0.030948285051198322,1.0,0.7588102146050938,0.7,1.0,0.6,47,17.397733943069714,150227.91831879862
19,29,1.4758445714419492,1.6272747704217472,1.6122251452147973,1.535082645196739,1.4881574292039326,0.03092326537323121,1.0,0.7557967948111997,0.7,1.0,0.6,48,19.34410891881758,3156.507564564995
19,30,1.477132480399785,1.6264644923184854,1.6113358964417572,1.545030081231424,1.4855922985724228,0.030939470766667844,1.0,0.757955211447232,0.7,1.0,0.6,49,17.259978415271426,2764.157292044474
19,31,1.468287838279568,1.6130678890214107,1.597768003043023,1.535904925238618,1.4877895136990111,0.030006029261615517,1.0,0.7443687218019609,0.7,1.0,0.6,50,17.363496063655095,3283.991881830161
19,32,1.4721307924608549,1.61741191964495,1.6062752443750377,1.5086296041744691,1.4809432019439996,0.03006226707449236,1.0,0.7507377560283985,0.7,1.0,0.6,51,16.486054766484493,3322.2600517289634
19,33,1.46286788231018,1.6034316465054035,1.5900453858684156,1.540044241566937,1.4773152560662572,0.02991974089857944,1.0,0.7355118854324261,0.7,1.0,0.6,52,16.746415274484345,2998.07351238128
19,34,1.471074455174191,1.607887953181463,1.5922884655518947,1.545840025044021,1.4757770106759416,0.030598433531613838,1.0,0.7484291521526669,0.7,1.0,0.6,54,15.35403118257849,3125.5999498214915
19,35,1.4646556944571978,1.6023049390746384,1.5908813040641554,1.4942813104223527,1.472099067178148,0.029921872255839123,1.0,0.7385438548109189,0.7,1.0,0.6,55,14.88961769866724,3237.9935828698653
19,36,1.4709786608571584,1.6056547236221546,1.5920471241603893,1.5719758285626442,1.4740390050270227,0.030850336855308857,1.0,0.7480196524055633,0.7,1.0,0.6,57,13.47875187830803,2862.532357813945
19,37,1.463641441684004,1.5976347623393599,1.5840014593230876,1.5458116510658513,1.4660892806144241,0.03046184703137827,1.0,0.7362526924033863,0.7,1.0,0.6,58,13.941507655891622,3038.121872613759
19,38,1.4834259323717465,1.6147563205445343,1.6010229222842658,1.585067178535925,1.4887860000551663,0.03100627942754185,1.0,0.7686244339983742,0.7,1.0,0.6,60,12.27932627033189,5723.058472202586
19,39,1.4815643151297468,1.6049940818570185,1.5909638987521673,1.597954136200463,1.486896742750333,0.03060788276692747,1.0,0.7660783944814411,0.7,1.0,0.6,66,12.743889227817236,6029.217711865868
19,40,1.4741504335254438,1.5943414442174393,1.58018964320553,1.594904657071924,1.4807967505623942,0.03047077729285564,1.0,0.7539172387401407,0.7,1.0,0.6,68,11.974407247197624,5834.532342742033
19,41,1.4858295609515184,1.602845695313299,1.590647016253784,1.6226956233660579,1.5051312111651036,0.03045818782991534,1.0,0.7734443118129581,0.7,1.0,0.6,69,12.666985927733036,6641.712273835852
19,42,1.4858968557252321,1.6037337961717562,1.5936381645030655,1.6223022869770156,1.4876749799385838,0.03070160781844698,1.0,0.7732776457033217,0.7,1.0,0.6,70,12.176518384681858,6586.20411940431
19,43,1.4896127002281694,1.6041224368474347,1.591829671391163,1.631717608390063,1.4979957504794486,0.030879584436283643,1.0,0.7792833462408804,0.7,1.0,0.6,71,12.72241122933183,6802.413134064007
19,44,1.4861513164251117,1.5969963688627589,1.5845660832863668,1.6287068920908543,1.5018931624932284,0.03047084936768022,1.0,0.7740273283952172,0.7,1.0,0.6,72,11.928583662576248,6638.206441000111
19,45,1.4682209548033112,1.5782602079039076,1.565799681291192,1.629742378665008,1.4683276254219293,0.029710184298778492,1.0,0.745038595798613,0.7,1.0,0.6,79,16.115000265093634,5064.531324834942
19,46,1.4686484005043137,1.5722629671505173,1.5595614371314483,1.640432089177283,1.4824356570171076,0.03018456043051601,1.0,0.7452572174755703,0.7,1.0,0.6,81,15.04633715333827,5090.264135988425
19,47,1.4694790522064731,1.5732545917209513,1.5626313914974697,1.6602571027111583,1.4716837315133335,0.03037159780722034,1.0,0.7464338228638253,0.7,1.0,0.6,83,15.015008174190587,5091.9527017710425
19,48,1.4650213507188945,1.5666051989847327,1.555899820080217,1.6453387706460547,1.4743577586853507,0.03015658276297356,1.0,0.7392744774379154,0.7,1.0,0.6,84,14.505514942946728,5320.115047352434
19,49,1.4650160094700886,1.5668890286608408,1.5582668100191157,1.6645805029408403,1.4669435661307735,0.03015658276297356,1.0,0.7392744774379154,0.7,1.0,0.6,86,14.41058811028327,5309.267175858832
19,50,1.4626415044173648,1.5627677487448983,1.552007689543189,1.6618474939765773,1.464270563095172,0.030047569532516673,1.0,0.7354479839403194,0.7,1.0,0.6,87,14.601250950023251,5106.263581831436
19,51,1.4646099801873202,1.5651407187340083,1.5564681667557896,1.666863559479948,1.4682159208366405,0.030277233492484328,1.0,0.7384684566971418,0.7,1.0,0.6,88,14.448722583495297,5091.137670316171
19,52,1.4597869766009093,1.5618213196546629,1.5594221068235639,1.6974467620593856,1.4616520977819294,0.030327598071780693,1.0,0.7303921519041119,0.7,1.0,0.6,93,13.739869361196144,4799.053152854991
19,53,1.4571009163891349,1.5532807855185888,1.5465174559398078,1.6825482513782468,1.4638217815564114,0.03006797046009052,1.0,0.7262442488842719,0.7,1.0,0.6,95,14.402361778015395,4250.593144386261
19,54,1.4570272543680927,1.5507222616958103,1.5417934045768602,1.673545073896444,1.461820223273113,0.02992841143781092,1.0,0.7262935041382972,0.7,1.0,0.6,96,13.803396241813717,4265.807575691941
19,55,1.4497035720899452,1.5380512496144108,1.5289220119822935,1.660472368630637,1.4729591735598173,0.02980129853360674,1.0,0.7142768231774952,0.7,1.0,0.6,97,13.806108158492275,4171.264667086286
19,56,1.4497027048667552,1.537856899025674,1.5287204017184648,1.6758882995195392,1.4502767642520642,0.029801298533306396,1.0,0.7142768232279593,0.7,1.0,0.6,98,13.733362450125014,4167.892881510821
19,57,1.451227648533941,1.539980464536824,1.5329387763410858,1.6975873546788258,1.4517567470846124,0.02980358443649115,1.0,0.7168211557598705,0.7,1.0,0.6,102,13.916027903949852,4315.712585473205
19,58,1.4649657661842874,1.5529949761040434,1.5479985384939958,1.77177055230958,1.465454219552008,0.02790512394333658,1.0,0.7419479501027054,0.7,1.0,0.6,114,12.068156059800916,4844.49553832258
19,59,1.4645853855331432,1.545448632357314,1.53811136104777,1.7630052709784105,1.4772343575701192,0.028812893637739822,1.0,0.7402962631527441,0.7,1.0,0.6,116,10.2203053822082,4773.490970906608
19,60,1.4582182833938921,1.5362012204269901,1.5308284323294954,1.7720867264818054,1.4672016813145652,0.02823465437420881,1.0,0.7303871104702341,0.7,1.0,0.6,118,10.523512864915872,4713.074667149736
19,61,1.4710003818416983,1.5487652567664403,1.5433842974661667,1.8128830136183576,1.4711059306212306,0.02814562864325242,1.0,0.7517959312536557,0.7,1.0,0.6,121,9.8751904835304,5210.152067868729
19,62,1.4596830060717747,1.5375800058252853,1.534276370784768,1.8020894340762919,1.4647022811152905,0.02824030113979405,1.0,0.7328309380412318,0.7,1.0,0.6,122,10.640876824032809,4878.897390816033
19,63,1.4553211231705234,1.5309562412358422,1.525495525578236,1.7993050814376983,1.4561357362301626,0.02796010923664451,1.0,0.7258940427323928,0.7,1.0,0.6,126,10.625129920699392,4713.195239917621
19,64,1.456782544693665,1.5300185367392602,1.5244679783576753,1.814742588265006,1.4619225525979365,0.02796633605903595,1.0,0.7283378703033898,0.7,1.0,0.6,128,10.51905516558664,4854.1091269041535
19,65,1.4567787603160909,1.5303079563247879,1.5268407510134652,1.8278183119604852,1.4588071026836258,0.02796633605903594,1.0,0.7283378703033898,0.7,1.0,0.6,130,10.462913897493465,4859.628329283037
19,66,1.4567743171919572,1.5304167165189297,1.5290261361052357,1.8489108140630477,1.4592248658417135,0.02796633605903595,1.0,0.72833787030339,0.7,1.0,0.6,132,10.49979224385096,4885.815153052357
19,67,1.4567735682042016,1.5302112670944659,1.5288130292194244,1.8627530198741866,1.4574770622748514,0.02796633605903595,1.0,0.7283378703033906,0.7,1.0,0.6,133,10.42262626715352,4874.2437403734
19,68,1.4557950623903566,1.5305557225448887,1.5312794002712065,1.87006343326762,1.4556205179239654,0.027897218236513237,1.0,0.7267876914648752,0.7,1.0,0.6,134,10.429449245885928,4822.164359756374
19,69,1.4535161074902772,1.5231292546816437,1.5195154385344276,1.85764228477123,1.4569843474776385,0.0283570914544276,1.0,0.7224679419605534,0.7,1.0,0.6,137,9.953083224644796,4468.79991877645
19,70,1.4556253244029058,1.5243005503190832,1.5206516015933058,1.8670429741172994,1.4575038868011851,0.028437686875723574,1.0,0.7258948260843696,0.7,1.0,0.6,139,9.746150976861935,4515.95471473925
19,71,1.4556253244032842,1.5256278702601005,1.524101012871421,1.8814589718323484,1.4554434086848052,0.028437686875723577,1.0,0.7258948260843694,0.7,1.0,0.6,141,9.746150991004006,4515.954716762983
19,72,1.4556248670292258,1.5268252450604083,1.5274156248882922,1.8957117929150853,1.4557275334712192,0.028437686875723574,1.0,0.7258948260843696,0.7,1.0,0.6,143,9.725499261428464,4512.224884768865
19,73,1.4556248273202965,1.5281412636628169,1.5308533468172634,1.9100328603967727,1.4554678258487954,0.028437686875723577,1.0,0.7258948260843696,0.7,1.0,0.6,145,9.721923103942474,4511.259205974912
19,74,1.4581059962167326,1.529735975023071,1.5324148152098425,1.9619991606535474,1.4593975593876378,0.02959207069920667,1.0,0.7286911388572819,0.7,1.0,0.6,149,9.809651142409658,4885.135528771949
19,75,1.4580782640799237,1.5222926055650157,1.5267663193082743,1.9771830290011296,1.4761629308298878,0.02959207069920668,1.0,0.728691138857282,0.7,1.0,0.6,151,9.208786230903694,4855.301762580179
19,76,1.4572578920585295,1.5201926038323925,1.526690832782895,1.9888155192633068,1.4602360799600953,0.02948699843768516,1.0,0.7274613796763193,0.7,1.0,0.6,155,9.721755423017372,4892.659608635072
19,77,1.4578669379977442,1.519711413610876,1.5261688266673685,1.9969383274520942,1.4599415479058193,0.029598456417325968,1.0,0.7283516181262037,0.7,1.0,0.6,157,10.097679562985324,4991.760533718809
19,78,1.4572376250068602,1.5145284863399497,1.5228880080083038,2.005738148388518,1.482279537185548,0.02948699843768516,1.0,0.7274613796763193,0.7,1.0,0.6,158,9.2537117785739,4859.075914362523
19,79,1.4600761536080327,1.5219784490370016,1.5408726670186768,2.1334490937222244,1.4603491848556194,0.029534123145015263,1.0,0.7321470065417802,0.7,1.0,0.6,181,9.77104949286595,4889.573436764415
19,80,1.4591010301899376,1.5187656078660072,1.5355036825046142,2.1431618174746228,1.4603217303521898,0.029474853008858798,1.0,0.7305952497039002,0.7,1.0,0.6,184,10.774129781073894,4795.070813940145
19,81,1.4579463385739624,1.5192436472849449,1.5401876728855677,2.1624019209236236,1.4589585922363895,0.029410299699142273,1.0,0.7287508548272922,0.7,1.0,0.6,188,9.47492750188385,4933.725045158305
20,0,0.6832173594063788,0.8030144275157053,0.7956654957123908,0.44838013877589056,0.0,0.0,0.0,0.0,0.7,1.0,0.6,1,6336.536716243177,132585.57494830334
20,1,1.539133979846632,1.795243768466242,1.7854993028963237,1.4447206943458895,1.1048499171270065,0.0010444540385817001,1.0,0.00025989940516833,0.7,1.0,0.6,2,11503.941328126522,161249.52647437155
20,2,1.326151844852802,1.7300367459683552,1.7199321739519253,1.3893152812028526,1.1106521847373108,0.0010444540385817001,1.0,0.00025989940516833,0.7,1.0,0.6,4,6270.547410782484,131081.95476211526
20,3,0.768482861664782,1.1898843289735737,1.1816526490398962,0.8502279436317798,0.49785768274923237,0.0645243911503455,0.2410973839481006,0.299704134141052,0.7,1.0,0.6,5,2517.312790884315,72389.14542254568
20,4,1.1960445415292085,1.6794269139038875,1.6674168219896135,1.3487025766453922,1.0972885528143392,0.0010456468093910701,1.0,0.00103959762067332,0.7,1.0,0.6,7,6190.659988073422,130398.86976811472
20,5,1.2605922740693387,1.768284849816986,1.7546000410960434,1.4532786690264223,1.6364376604754853,0.026997456240898637,1.0,0.2862715677317901,0.7,1.0,0.6,8,1949.5841872511307,66628.50748775394
20,6,1.3854056996417405,1.9028419791387534,1.8912026136176205,1.591763313989685,1.3612121256426508,0.03155917998104145,1.0,0.5064220458576086,0.7,1.0,0.6,10,2167.7301253989344,57671.11120014692
20,7,1.3178512438497103,1.8014809899962536,1.787816306035528,1.5020826870440012,1.3706196761629204,0.02412466905887081,1.0,0.43664252547875726,0.7,1.0,0.6,12,2447.6242221144976,42154.41913000384
20,8,1.2780089020364955,1.7219270871131898,1.706164484549356,1.4304158772477151,1.4946402213002663,0.02489925297092253,1.0,0.39687382915418895,0.7,1.0,0.6,13,2961.035553259268,3185234.0979971103
20,9,1.285367519332225,1.6726369044996903,1.6543436041427895,1.39492787915043,1.4228024656341818,0.02746990276451249,1.0,0.42478251173474124,0.7,1.0,0.6,15,1563.5142900169828,2318238.481212952
20,10,1.6398910628574157,2.022930847068829,2.0044452525890595,1.7581153544519843,1.666287510613833,0.04220896861426357,1.0,1.0,0.7,1.0,0.6,16,1424.0488503560944,2377887.028261586
20,11,1.3488106331493586,1.7238809971899913,1.707142721104752,1.4557460253575383,1.3714985033075877,0.03165314860619321,1.0,0.5284315262151306,0.7,1.0,0.6,17,1553.1528673625005,2789734.448928528
20,12,1.313486021108494,1.6816529024958322,1.6646325660042145,1.4199092649672065,1.319736270620661,0.02888463660869728,1.0,0.473882089071505,0.7,1.0,0.6,19,1736.22845833744,2783185.25997182
20,13,1.633461582044799,1.973766254406156,1.955617484254962,1.7178902674299468,1.759525072623473,0.03844584482257119,1.0,1.0,0.7,1.0,0.6,20,1491.716070409735,11469555.517500464
20,14,1.6333502968000473,1.9683888376865921,1.9500298596318637,1.7187953534872245,1.6394620809470606,0.03881305903542962,1.0,1.0,0.7,1.0,0.6,22,1488.1912916734454,11516287.488792976
20,15,1.6331467954354055,1.9640167387762615,1.945491860949935,1.7230936512820891,1.6369699147843626,0.03891817382829598,1.0,1.0,0.7,1.0,0.6,24,1359.7450086794456,11355918.653333535
20,16,1.6335294033750984,1.9609192991632924,1.9422562948709787,1.7287977102331595,1.6359544297849178,0.03978145328613193,1.0,1.0,0.7,1.0,0.6,26,942.179596213152,10000274.355427075
20,17,1.6328820225990852,1.9558872466206103,1.9370506860872339,1.7416358111129653,1.6376535767138534,0.039238202218358983,1.0,1.0,0.7,1.0,0.6,28,1285.6575708334003,11520135.45051289
20,18,1.6331688839333185,1.945211000404719,1.9259426825494113,1.729621599686773,1.6537157059859195,0.04052364234206618,1.0,1.0,0.7,1.0,0.6,30,930.70946748021,10038281.1302013
20,19,1.6298773089813263,1.906625736418032,1.8859833103238963,1.711834091063297,1.7074102401942701,0.03802059145142261,1.0,1.0,0.7,1.0,0.6,32,1637.3547130631944,11265829.627110396
20,20,1.6297807203390438,1.9039807463327096,1.8832397908050917,1.716222583766573,1.6323344948458391,0.0380097257219576,1.0,1.0,0.7,1.0,0.6,34,1588.7035271880916,11256630.55043839
20,21,1.629726844897005,1.902331723053937,1.8815293457589388,1.7147216805881538,1.6301493494835282,0.0380097257219576,1.0,1.0,0.7,1.0,0.6,36,1596.2439104620405,11257862.8359838
20,22,1.628985561613645,1.8923992311538607,1.8733139152464564,1.706922364309845,1.6499774958596451,0.0374361052743116,1.0,1.0,0.7,1.0,0.6,38,1573.3218671541683,11269735.20623612
20,23,1.6288629522101585,1.8883065688313145,1.8690686973165827,1.7136027963961502,1.6440993779275144,0.03743037935796646,1.0,1.0,0.7,1.0,0.6,39,1530.1904248657097,11263185.147197695
20,24,1.6289615206386014,1.886671466354445,1.8652958160691777,1.7029654749940342,1.628152031055536,0.03758822009004576,1.0,1.0,0.7,1.0,0.6,40,1550.3883672792915,11262812.14744438
20,25,1.6291125442376098,1.8866275298478983,1.8673155788189209,1.7251468672371062,1.6333587116895592,0.03786675060612426,1.0,1.0,0.7,1.0,0.6,41,1546.2313774360878,11266523.510441218
20,26,1.6279963750195359,1.8708024059649793,1.850927097561177,1.7108208463582426,1.6919629643278031,0.03683040514441799,1.0,1.0,0.7,1.0,0.6,42,1545.8462084106595,11280224.201847678
20,27,1.6273920445481345,1.8610916607076322,1.8408687380331115,1.7090619309755755,1.6457768389147076,0.03627109712079417,1.0,1.0,0.7,1.0,0.6,44,1569.8265303368662,11276110.651281478
20,28,1.6276964842093067,1.8607210484506806,1.840472406831097,1.7123042065652467,1.6288676631654724,0.036728391571758515,1.0,1.0,0.7,1.0,0.6,45,1519.927423070537,11267469.440225711
20,29,1.6274724781129328,1.857588552794784,1.8372290313035502,1.7129672007692691,1.6384312807791366,0.036498025476835824,1.0,1.0,0.7,1.0,0.6,46,1571.6620130185893,11280311.354144229
20,30,1.6273007969035342,1.8556295067118072,1.8352018786196882,1.7175344077882522,1.6334105990940984,0.03630708674632499,1.0,1.0,0.7,1.0,0.6,47,1596.0903218416647,11269450.276556524
20,31,1.627515766050339,1.853191514119879,1.8326628333531247,1.716064511378967,1.6375484227462493,0.03669296673047192,1.0,1.0,0.7,1.0,0.6,48,1588.7431238275055,11287132.862979287
20,32,1.6283287426920383,1.8326564516952595,1.8175320393011622,1.7113232143456463,1.7399608059258105,0.038506499508096856,1.0,1.0,0.7,1.0,0.6,49,1442.1613074475003,10904416.536252284
20,33,1.6282221565724888,1.825971606789044,1.810598084248324,1.7124592877949705,1.6415535903769491,0.038497064612937844,1.0,1.0,0.7,1.0,0.6,51,1395.705300235966,10895703.750502272
20,34,1.6281550419937583,1.8217003049132257,1.8061676592654377,1.7157734677396261,1.636274004882833,0.03848756952554186,1.0,1.0,0.7,1.0,0.6,53,1349.6782550809023,10886874.38977066
20,35,1.6266901684528103,1.7979563656759172,1.7795097724983115,1.6668757200235143,1.649835352792719,0.03678642441322856,1.0,1.0,0.7,1.0,0.6,57,1602.22831378492,10999667.594224926
20,36,1.626714561856763,1.7938136354214587,1.7752100094312122,1.6631239493259762,1.6428577743918193,0.03688196241948072,1.0,1.0,0.7,1.0,0.6,58,1585.0041500643522,11005593.955517158
20,37,1.6266037866780776,1.7900154808146835,1.7712730293830274,1.6739492640304792,1.6329025695625008,0.03677292226993399,1.0,1.0,0.7,1.0,0.6,60,1537.7522764819853,11008112.236314995
20,38,1.6264456637550722,1.7728299612091214,1.7534461635061254,1.6656271986671292,1.7010451579356292,0.036780746825806634,1.0,1.0,0.7,1.0,0.6,61,1588.1469805743616,11003114.150371572
20,39,1.6266644683281726,1.7687746958245856,1.7492300706125046,1.679930705318203,1.644937668812593,0.03714601677219486,1.0,1.0,0.7,1.0,0.6,62,1514.038563208767,10999450.839218728
20,40,1.6267544311121136,1.7663337380251174,1.7466939043200944,1.6702039687818946,1.6373351322424856,0.03730470090091585,1.0,1.0,0.7,1.0,0.6,63,1526.1802981110332,11003432.976118067
20,41,1.6267647726898535,1.7641887222887696,1.7444678113463374,1.679203700080309,1.6356874074008774,0.037344528430707694,1.0,1.0,0.7,1.0,0.6,64,1531.823682936928,11006177.755099062
20,42,1.626735982408983,1.7616771804285247,1.7418629373316055,1.6842136974541577,1.6315645582804224,0.03733126018816768,1.0,1.0,0.7,1.0,0.6,66,1485.5518489899166,10997284.494691478
20,43,1.6273623172614582,1.7576981861295669,1.7377108298756139,1.6879317357643338,1.6335578875853871,0.03827623327055919,1.0,1.0,0.7,1.0,0.6,69,1511.7041660742325,11077617.51986606
20,44,1.62791487190903,1.7574007921888106,1.7373814847134508,1.687519593156781,1.628302383279335,0.03907474166822756,1.0,1.0,0.7,1.0,0.6,73,637.4408204373162,10088263.94032657
20,45,1.6277839822983347,1.7554056655936718,1.7394607240651587,1.7461751312960385,1.6371978864869612,0.03893433595570573,1.0,1.0,0.7,1.0,0.6,75,730.4774722356191,10335011.2825694
20,46,1.6276979712830726,1.7532034426014422,1.7371789998925746,1.7554114602548152,1.6318500874678428,0.03883260481415677,1.0,1.0,0.7,1.0,0.6,77,735.0339741731203,10331143.372792348
20,47,1.6278831562842515,1.7518397971715127,1.7357571783466978,1.7624662020179347,1.6342104857577628,0.03911234449752859,1.0,1.0,0.7,1.0,0.6,78,654.9531438760515,10302106.891973656
20,48,1.6279915021805138,1.7506671429095673,1.7366086500962257,1.7874590666027563,1.639026840796872,0.03929221021206325,1.0,1.0,0.7,1.0,0.6,79,711.7369426404332,10341437.701220438
20,49,1.6279263015422685,1.7492358258485,1.7351260755878393,1.7978264578402348,1.6304487705011712,0.039211867568572166,1.0,1.0,0.7,1.0,0.6,81,697.6352158161957,10339774.837982086
20,50,1.627525098484972,1.745895589936557,1.7296031933223937,1.738101464324675,1.6341619620717136,0.03865365533811427,1.0,1.0,0.7,1.0,0.6,82,743.7485758937131,10000058.177054426
20,51,1.6272584495787386,1.7444222211365434,1.7301567724342242,1.7659791799096083,1.6379765240606208,0.03829571839356051,1.0,1.0,0.7,1.0,0.6,83,417.61688772631015,10103586.77533637
20,52,1.6279324391946997,1.7395729473329569,1.725100189067943,1.7771631246341282,1.639684867371523,0.03930666589602369,1.0,1.0,0.7,1.0,0.6,85,422.4444532322157,10110916.204927731
20,53,1.627682672063223,1.72898256453422,1.7120495491527694,1.776987808853285,1.6671316551189692,0.03902298137973951,1.0,1.0,0.7,1.0,0.6,86,419.5068733442567,10122940.385206398
20,54,1.6277280726334067,1.7256747838024067,1.7106883370538095,1.7845556668331852,1.6376338322646569,0.03912295680094791,1.0,1.0,0.7,1.0,0.6,88,422.7618811139324,10126943.892610077
20,55,1.6278019393612846,1.722630391534179,1.7095993865722856,1.8045073905930251,1.6470532161355953,0.03926050849691898,1.0,1.0,0.7,1.0,0.6,89,374.4406862868327,10120668.607667187
20,56,1.6276530308902002,1.715573179377981,1.7002108840987615,1.779184123991687,1.6355474693170131,0.039085994359757445,1.0,1.0,0.7,1.0,0.6,92,464.03181498267486,10114128.800901322
20,57,1.6277788944179616,1.7090953955558637,1.6955579817487458,1.7882829958742934,1.6624180540728375,0.03931651978567214,1.0,1.0,0.7,1.0,0.6,93,687.8355638780724,10218354.137737451
20,58,1.6274794727272925,1.7076868809815826,1.6941079167829791,1.7830848720361074,1.6296747194317072,0.03889557069631922,1.0,1.0,0.7,1.0,0.6,95,692.1288076989789,10207462.940305034
20,59,1.62758671845204,1.7013095143830879,1.6874876367080365,1.7893017105247058,1.655861352233385,0.03908686457795132,1.0,1.0,0.7,1.0,0.6,96,646.8298470980867,10184602.023623284
20,60,1.6271198559344833,1.7049663771123345,1.6995884866015145,1.8160383247355099,1.6295049068253902,0.038426619728872444,1.0,1.0,0.7,1.0,0.6,98,405.0681810772875,10175229.228219982
20,61,1.6269987721494958,1.6931668116391383,1.6894240130247882,1.8123412774070915,1.6554162415184166,0.0383221187165273,1.0,1.0,0.7,1.0,0.6,100,396.24148243718986,10179795.829089615
20,62,1.6268645312084278,1.6835252177770226,1.6711368856883766,1.7839837247929293,1.6359534807920935,0.03815064185328369,1.0,1.0,0.7,1.0,0.6,102,490.17893157387726,10197895.85158678
20,63,1.6269334469073056,1.682599505600232,1.6722463605854299,1.7861039457055856,1.6318583117126115,0.038259872376600876,1.0,1.0,0.7,1.0,0.6,104,448.93174362975,10177410.66598552
20,64,1.6269917177464732,1.678067991328101,1.667543094156227,1.7739681788929325,1.6470209093615567,0.03836379850952039,1.0,1.0,0.7,1.0,0.6,105,366.6369024045407,10168395.404772827
20,65,1.6273087539850914,1.677119901080696,1.6706925218588662,1.87299331038039,1.6300538620920726,0.03883362708415824,1.0,1.0,0.7,1.0,0.6,111,383.64986482002286,10183571.035063108
20,66,1.6271780962757951,1.6709342886248293,1.6663528044786782,1.841573050141926,1.6433226874993,0.03867713716536398,1.0,1.0,0.7,1.0,0.6,113,419.96924964535447,10200521.393938472
20,67,1.627210824757491,1.6696314806286465,1.6650000393719298,1.8239905437796473,1.6329185549362855,0.03872905126409828,1.0,1.0,0.7,1.0,0.6,114,417.0392128167704,10200491.011167506
20,68,1.627173289643732,1.6691490821904869,1.6645009788887242,1.839947955430897,1.629015376061027,0.03867713716536398,1.0,1.0,0.7,1.0,0.6,115,417.3370894687237,10199896.636670943
20,69,1.6274930498516507,1.6675466446045277,1.6628266486800358,1.8344327667262728,1.6302159404462389,0.03914128926919521,1.0,1.0,0.7,1.0,0.6,118,344.9559203341699,10082590.025653236
20,70,1.627587671927337,1.6626954375434857,1.6557180057897467,1.8838242548083435,1.6435558662798289,0.03929004086867436,1.0,1.0,0.7,1.0,0.6,119,423.59472681188754,10181196.780328477
20,71,1.6274477670611356,1.6625019017672202,1.65552248259515,1.8754770859502319,1.6273981619207851,0.039090234376503954,1.0,1.0,0.7,1.0,0.6,121,426.3189409454515,10184314.546343526
20,72,1.6271723855199562,1.6612242805336308,1.6542073675343318,1.8865147715011017,1.6315296064198317,0.03870049900203645,1.0,1.0,0.7,1.0,0.6,122,380.1614947107041,10150740.992735216
20,73,1.627288379688617,1.6588652735104503,1.6517557886004735,1.8803186100491351,1.6380360021930862,0.03887498919331933,1.0,1.0,0.7,1.0,0.6,123,426.2586339317074,10173628.327923154
20,74,1.627077748917447,1.6543499681448361,1.6491519704792288,1.9087775103612623,1.6517441780827031,0.03859335941390873,1.0,1.0,0.7,1.0,0.6,124,374.0711049278851,10143797.324228046
20,75,1.627168458083041,1.6541319640113041,1.6489224209782916,1.9227949296559466,1.627377564242726,0.0387239675674146,1.0,1.0,0.7,1.0,0.6,129,379.3141502034979,10153224.989305971
20,76,1.6271590652482302,1.6529961977755487,1.6498169969756251,1.9507112688823707,1.6324889783110024,0.03871858317926806,1.0,1.0,0.7,1.0,0.6,131,364.7105640653486,10148464.865046322
20,77,1.6272078063050701,1.6543084747484964,1.6532489822833232,1.9641154387920174,1.6272371592949004,0.03878846451860396,1.0,1.0,0.7,1.0,0.6,135,607.8277912555106,10323722.450840428
20,78,1.6275600273332231,1.6553151878956007,1.6563526459422881,1.9546680919620476,1.630397626259636,0.03929375938969633,1.0,1.0,0.7,1.0,0.6,136,447.9709392810311,10170318.753819725
20,79,1.627240277315975,1.6525232174336995,1.6534682402866823,1.9570467861467487,1.6380443832649898,0.03884481172544953,1.0,1.0,0.7,1.0,0.6,137,438.18962213123774,10164825.469774602
20,80,1.6274476274125504,1.6502505759393107,1.6531753310608188,1.9708492732255678,1.6441640588138307,0.03915275002451992,1.0,1.0,0.7,1.0,0.6,138,412.54132294838365,10183866.383383378
20,81,1.6272828523061347,1.6456773053328404,1.6484372724821532,1.9752064435876258,1.6369036864821456,0.038930317289389636,1.0,1.0,0.7,1.0,0.6,140,413.80295867864345,10173933.185383696
20,82,1.6273116804388836,1.6411788318515823,1.6416971168831296,1.981646814789229,1.6301160682124904,0.03898064100959242,1.0,1.0,0.7,1.0,0.6,145,421.9815120156632,10175179.221650653
20,83,1.6273062250927754,1.6401600423360438,1.6406404416464109,1.9807102292737784,1.6280067999045995,0.03897559480408289,1.0,1.0,0.7,1.0,0.6,151,423.9406500050006,10175136.57383196
20,84,1.6272881891424786,1.639324253772342,1.6397740581793157,1.9799539011295315,1.630854326935319,0.03895207799288957,1.0,1.0,0.7,1.0,0.6,152,422.9213407050739,10174200.568964437
20,85,1.6272877261374488,1.6389785253435636,1.63941545221439,1.9796420380393864,1.6287815344782768,0.03895236063545382,1.0,1.0,0.7,1.0,0.6,153,422.8289689235848,10174224.95529
20,86,1.6276108020698126,1.6372846176543945,1.6376461429205427,1.9867396394070909,1.6320600332641728,0.03941939717714632,1.0,1.0,0.7,1.0,0.6,155,407.647244998117,10170615.19170586
20,87,1.6276073975900878,1.6354272689832676,1.6357195068729031,1.985048896183804,1.6356479698423732,0.039419397177146306,1.0,1.0,0.7,1.0,0.6,156,410.3158505367883,10171314.415443944
20,88,1.6277040081295442,1.6277040081295442,1.6277040081295442,1.99096355420262,1.633423304334448,0.0395771544707776,1.0,1.0,0.7,1.0,0.6,162,407.67741783087297,10201425.652831836
21,0,0.43372737865901945,0.7577625715138783,0.7487254616604495,0.407567461497833,0.0,0.0,0.0,0.0,0.7,1.0,0.6,1,26938.50615860401,126389.3930870752
21,1,1.498216420971036,1.993535461389916,1.9907014287360845,1.6319262249960103,1.0720316199118958,0.107340478512439,0.394361078968665,1.0,0.7,1.0,0.6,3,17333.762256132293,75618.89421463257
21,2,1.9552650697610314,2.395472195800733,2.384696747404901,2.059879304290238,1.8842706407034564,0.12043722291005363,1.0,1.0,0.7,1.0,0.6,4,13317.796789618638,61308.98723475036
21,3,1.1892319534487967,1.7014930741599597,1.6898365821198973,1.372244424061301,1.425267348290595,0.107340478512439,0.394361078968666,1.0,0.7,1.0,0.6,5,8021.596544601409,44275.313795761766
21,4,1.808744868626433,2.323715737350704,2.3141717740167183,2.0258843905796633,1.6936474748694592,0.12949957950648625,1.0,1.0,0.7,1.0,0.6,7,3374.59028073486,19535.44956999016
21,5,1.2089572489882263,1.7219495497676363,1.7097980885662394,1.4075675509470487,1.151361742395617,0.11251055532778831,0.4244661913195338,1.0,0.7,1.0,0.6,8,7038.436217501854,44656.69588655022
21,6,1.7649769977764227,2.2816016201750453,2.270578046864209,1.990164422512251,1.8274567835369386,0.12599578426008579,1.0,1.0,0.7,1.0,0.6,9,2543.5175243119315,43964.76254335366
21,7,1.6918039436910255,2.1784182774270593,2.162943828023799,1.872851639692009,1.90041413013499,0.11360666244353272,0.9692409062824405,1.0,0.7,1.0,0.6,10,2208.7818139675423,24867.393125474613
21,8,1.4260597074288994,1.830515522205272,1.815021488287491,1.5598412726763105,1.6624742096506337,0.10638362081649455,0.7380321435077424,1.0,0.7,1.0,0.6,12,512.5334796999471,11164.6987080971
21,9,1.4869327164203359,1.7968647342466442,1.7795831740290096,1.5487533036457863,1.712210467105677,0.10934926921490755,0.8057745440132589,1.0,0.7,1.0,0.6,14,73.10899466314468,1931.694448535392
21,10,1.4866331608294423,1.7915272618959368,1.7761191889274914,1.5509250254403948,1.4964210884154685,0.10934926921490755,0.8057745440132591,1.0,0.7,1.0,0.6,16,64.91674209029892,1894.5863276724267
21,11,1.5318105133038706,1.8161052024879916,1.7978254686691044,1.5817993304094387,1.616399721134946,0.10920593883046288,0.8518722145856918,1.0,0.7,1.0,0.6,17,67.79683757749707,147196.78995371147
21,12,1.5274770950250893,1.801291897019338,1.7826070850616396,1.579655505949241,1.5481332017134743,0.10925324362435992,0.847884073289052,1.0,0.7,1.0,0.6,19,54.16627443713182,146827.9865766292
21,13,1.524259370553705,1.7889362838940301,1.7719705667544456,1.5726689516661816,1.5451131700301564,0.11000147338150994,0.8444800008658081,1.0,0.7,1.0,0.6,21,34.8939882668987,7250.469330020202
21,14,1.5535631904887333,1.8165315114973444,1.7995001437029794,1.600431466145356,1.558535206623032,0.10993572466168888,0.873881425934721,1.0,0.7,1.0,0.6,22,32.66741321889488,10949.427490996111
21,15,1.5202853773667853,1.775563281881161,1.75823673465155,1.5697203078249786,1.5524392285752393,0.11005558958730297,0.8407409570156172,1.0,0.7,1.0,0.6,23,28.807295120930977,7238.856908355253
21,16,1.4827974741896774,1.722209872151891,1.7022049789026203,1.5282814639663689,1.4937242657596026,0.10639750114648343,0.8061856808610676,1.0,0.7,1.0,0.6,28,189.0343210967115,2060.5422999308694
21,17,1.4778608813493137,1.7063450518967564,1.6879948688107538,1.5282438183200648,1.489762281468451,0.10651557363839168,0.8014394971934324,1.0,0.7,1.0,0.6,32,104.56232603321764,2021.8785304938813
21,18,1.488219288232488,1.7017560775004261,1.6828374669542039,1.5318056861713703,1.5201445032906196,0.10503443591635939,0.8131237110034887,1.0,0.7,1.0,0.6,34,105.50729868088072,2429.0866334995726
21,19,1.4609557111589582,1.6717765937906721,1.6527548908602863,1.5083834455667664,1.4714020084336443,0.10691626411559003,0.78458998307114,1.0,0.7,1.0,0.6,35,241.66534654576023,1155.8489360585256
21,20,1.492823014339321,1.6632634301147178,1.64271401658134,1.504227994329183,1.6709679624310438,0.10519055081950188,0.8182356039652264,1.0,0.7,1.0,0.6,36,61.744093262687365,1819.821510468968
21,21,1.4859406981407552,1.6468333370811155,1.6279957897242188,1.5110074883894133,1.5100436323769235,0.10441532070264156,0.8120172975786302,1.0,0.7,1.0,0.6,38,195.63792959638045,1891.1365594435904
21,22,1.4828736524494075,1.633282525590499,1.6140501097126267,1.5086625436059886,1.5051641038578696,0.10442953305993581,0.8090406663645506,1.0,0.7,1.0,0.6,40,221.77063057426824,1878.131336217572
21,23,1.4776186464819085,1.609559469463016,1.5896324344154649,1.486718955656841,1.5572265912630405,0.10434982628701013,0.8039928261624384,1.0,0.7,1.0,0.6,41,187.09485479904865,1946.199611969428
21,24,1.4781394085448119,1.6076271648983171,1.5876079116138047,1.491818238515402,1.4830315565800196,0.10433840224174981,0.8045401090312607,1.0,0.7,1.0,0.6,43,182.52269809957224,1891.756710920375
21,25,1.4781936806518918,1.6003298999523308,1.582106662174521,1.4911397236296813,1.515996304647783,0.1044142670278397,0.8046027687571595,1.0,0.7,1.0,0.6,44,191.51316616756,1698.876151116841
21,26,1.4807393285160906,1.601435387700227,1.5831580585126521,1.4992952127826742,1.4833728895520744,0.10436824529845126,0.8071901620650257,1.0,0.7,1.0,0.6,46,185.88939030658915,1634.7320758112637
21,27,1.4683246743636167,1.5827710100654042,1.5642590521637452,1.4846963653131655,1.4953677382951762,0.10436759921788616,0.7948163025142627,1.0,0.7,1.0,0.6,47,208.6814909308395,1689.3229315740973
21,28,1.46890971354315,1.5812238725433216,1.5626318546154554,1.4902756448632384,1.4731701006912195,0.10435605974963016,0.7954226336525541,1.0,0.7,1.0,0.6,49,203.4150270792857,1643.113122998612
21,29,1.466853478091755,1.5737325570571863,1.554936569201081,1.4902397291141125,1.4784217826825412,0.10534280747257926,0.7927080932649522,1.0,0.7,1.0,0.6,51,170.31263431670806,1770.896105274746
21,30,1.4693283986199492,1.575908967115939,1.5571017856664953,1.5062932166591099,1.4696116464243523,0.1044045567913177,0.7958415946588248,1.0,0.7,1.0,0.6,53,200.0388743193429,1620.9081209114745
21,31,1.4740977542338793,1.5788811235338904,1.5620788150689728,1.5348012945016718,1.477143704946142,0.1041549513935331,0.8008034131266253,1.0,0.7,1.0,0.6,57,208.1406960114936,1750.8761906286263
21,32,1.4740924268924633,1.5792428473825626,1.564526584055491,1.5525561475044447,1.4758156958829725,0.1041549513935331,0.8008034131266253,1.0,0.7,1.0,0.6,59,209.9442658174458,1759.2856119529777
21,33,1.474501143878289,1.5785484646141232,1.5637908804103264,1.5630699250456446,1.4757475541149325,0.10415015956724032,0.8012215765904752,1.0,0.7,1.0,0.6,62,205.59296931563625,1747.2736989828384
21,34,1.4667259102458021,1.5656039572767133,1.5485801265685626,1.548134802490309,1.483290038700614,0.10445201299360982,0.7932557192045463,1.0,0.7,1.0,0.6,63,218.23137669697448,1758.0707510184968
21,35,1.4921225241862803,1.5839283261192256,1.5687116645845829,1.580759742540585,1.5103026437915266,0.10410356232328019,0.8189387430097002,1.0,0.7,1.0,0.6,65,219.7810518587814,16781.773929113726
21,36,1.496889031302628,1.587796253985731,1.5725458745673946,1.5921265528044568,1.498605465541722,0.10385581611007433,0.8238831066362501,1.0,0.7,1.0,0.6,67,184.22436905208048,16604.852906403394
21,37,1.489563132407177,1.579972232638161,1.5647032039497994,1.5843409851274473,1.491368209807841,0.1041262313959199,0.8163702130014092,1.0,0.7,1.0,0.6,68,221.93959177897293,16839.094299197324
21,38,1.4951397345959618,1.5852177348695986,1.5720086431782498,1.5964834312072267,1.5021443112573203,0.10380262350755728,0.8221811998997944,1.0,0.7,1.0,0.6,69,202.25415485273504,11465.91008393547
21,39,1.4953447224324292,1.582632824619119,1.5672468385382312,1.594699177460822,1.5014699389421242,0.1037385131337742,0.8224378634041172,1.0,0.7,1.0,0.6,70,202.29871761656176,11476.772363553562
21,40,1.4894194305781152,1.5761843914699445,1.5628511413904203,1.6065461560617371,1.4973804921606315,0.10382343190596102,0.816461717121301,1.0,0.7,1.0,0.6,71,194.3580897977651,16602.478087008225
21,41,1.4937201623075866,1.5784861849210214,1.563005670351231,1.6018974940671478,1.4948694268322682,0.10368451009530151,0.8208626320240751,1.0,0.7,1.0,0.6,73,198.8547162100193,16660.339193166215
21,42,1.4921230561844838,1.5763296088029053,1.5629004700330473,1.622763700132226,1.5001543160464403,0.10383285190246083,0.8191701190327034,1.0,0.7,1.0,0.6,74,204.7947455645675,16457.684652933316
21,43,1.4935853058716182,1.5771302881295002,1.567821081537169,1.6136383487043506,1.5079272279053277,0.10390208721763824,0.8205983481191319,1.0,0.7,1.0,0.6,75,186.0972539108028,16770.083528027688
21,44,1.490680038022636,1.5728511161411163,1.5634904570076396,1.621490398694743,1.4934475263491862,0.10390956054375582,0.8176936802709394,1.0,0.7,1.0,0.6,77,215.32008884167607,16554.58770230225
21,45,1.4914257496927337,1.5703882297870715,1.558834993705918,1.6199504218051861,1.499460543147972,0.10384301586318909,0.818493841478583,1.0,0.7,1.0,0.6,78,207.0099069191469,16632.97897195271
21,46,1.4897587301422495,1.5671678493604104,1.5576288029134888,1.623989321730487,1.5022146899384405,0.10394834829063752,0.8167648624835971,1.0,0.7,1.0,0.6,79,238.57842781853097,16775.38353028211
21,47,1.4931913553637726,1.5650554822090865,1.5511639940213224,1.6269011231367072,1.50573007858985,0.10390246657938221,0.8202411040129729,1.0,0.7,1.0,0.6,80,211.68096222943123,16585.61788674413
21,48,1.4895845553783262,1.5631078799686215,1.5534232787224214,1.6511295581585697,1.4908240369200947,0.10378323419827953,0.8167216221324676,1.0,0.7,1.0,0.6,83,211.5522127640961,16621.928799462046
21,49,1.4911348244552693,1.5629622213454946,1.5594313018009975,1.6646532326925767,1.5158710336540513,0.1036657986337085,0.818375404780868,1.0,0.7,1.0,0.6,84,213.10199276187828,7959.053998463743
21,50,1.493045812440252,1.5602017135885429,1.550278657705003,1.6642555981490204,1.4943767552776617,0.1039051786116852,0.8201213459524818,1.0,0.7,1.0,0.6,86,209.4427471757904,16654.916406794644
21,51,1.4927023332052158,1.5620072511579146,1.5563094941541276,1.6809096633654188,1.4932441069791689,0.1036613225253216,0.8199503689531638,1.0,0.7,1.0,0.6,89,215.72021890801693,16503.07748421735
21,52,1.4934914026779527,1.5618073382955155,1.5560725565974516,1.6926390913360834,1.495479998825201,0.1036337704234419,0.8207622755367738,1.0,0.7,1.0,0.6,91,215.28961319014329,16517.938080959575
21,53,1.494320724628144,1.5622250408899099,1.5564748460750018,1.6970407516987098,1.4959464328639043,0.10363561838124676,0.821591770765493,1.0,0.7,1.0,0.6,92,215.3568509350739,16487.176184045944
21,54,1.4956906859272083,1.5606651102477591,1.5548052125375278,1.6957762945035282,1.5084098971566982,0.10381675585217909,0.8228452147286125,1.0,0.7,1.0,0.6,93,218.496471747222,16574.626172815373
21,55,1.4984303428932155,1.5641422235649833,1.5603823470557163,1.7137505071779255,1.5008364145487818,0.10380913130831107,0.8255922275785611,1.0,0.7,1.0,0.6,94,208.3568929831885,16512.55163403521
21,56,1.4983966263917239,1.559843780428829,1.5538518650844133,1.703184635483824,1.5111451715879665,0.10377199391014955,0.8255944410634898,1.0,0.7,1.0,0.6,95,211.6536748582283,16488.653071621437
21,57,1.4976861060321611,1.5600363483965332,1.556150636549705,1.7269010086702714,1.4981475362654253,0.1039539205360551,0.8247579836997299,1.0,0.7,1.0,0.6,98,203.6336605326078,16501.512266637266
21,58,1.513581013180469,1.566380669133659,1.56006512093511,1.7302988155438643,1.54959014068027,0.1036875153956421,0.8408655585751555,1.0,0.7,1.0,0.6,99,212.1901507900132,16545.469980315203
21,59,1.5090893756059058,1.563769384702273,1.561669030070568,1.7552505132721263,1.5098050313699694,0.10375470366086641,0.8363292353260874,1.0,0.7,1.0,0.6,103,206.87543886441367,16539.6613580893
21,60,1.5141102290314699,1.5660157162566914,1.5617391214931535,1.7538450085538058,1.5203400395907027,0.10360257354414207,0.8414609315557685,1.0,0.7,1.0,0.6,104,208.60775907378425,16584.348388455634
21,61,1.5139755776723622,1.5670682854106217,1.5649085335741035,1.7667642623138073,1.5141561548185272,0.10361805087407831,0.8413158639984248,1.0,0.7,1.0,0.6,106,209.7083440343336,16572.28560832351
21,62,1.5006660391091762,1.552805174643339,1.5506097437470707,1.76065402165418,1.5047306040857613,0.10356796087467737,0.828044217327139,1.0,0.7,1.0,0.6,107,206.129411716091,16579.53914000269
21,63,1.4977977290885192,1.5509140665299674,1.5508276225088333,1.786999766735006,1.49818837177477,0.10374694334980641,0.8250516531688425,1.0,0.7,1.0,0.6,110,222.779878603955,16554.10073968439
21,64,1.5131187006606228,1.5671236611725718,1.56914293144357,1.8071013053492697,1.5139582481533738,0.10358324042236564,0.8404885025001839,1.0,0.7,1.0,0.6,112,214.4284274501397,16564.094653716846
21,65,1.5303330847208954,1.5824157604859193,1.5822906641115497,1.8236531265863913,1.5315206547188147,0.10373794337221554,0.8575963322668978,1.0,0.7,1.0,0.6,114,202.639766762814,16415.762976187405
21,66,1.531081126061078,1.5851571861567524,1.5892515371003142,1.8431692863392124,1.532415140845608,0.10375890389181848,0.8583316195834026,1.0,0.7,1.0,0.6,116,209.2306746870657,16450.882426330965
21,67,1.5242205941936122,1.57725000809604,1.5833776402293576,1.8601387880602194,1.5267257956193854,0.1034765338013878,0.8516755554720408,1.0,0.7,1.0,0.6,120,202.5269392447163,16523.961971923087
21,68,1.5316900031300578,1.5836054286786139,1.5896913708119382,1.8789186231611112,1.5364348524376121,0.1037181871577703,0.8589789094440803,1.0,0.7,1.0,0.6,121,204.1010656922688,16497.53733723378
21,69,1.4783858466005413,1.5341264228194136,1.5465727922775092,1.904896912609118,1.4783404511701668,0.10368567373667059,0.8056979497389651,1.0,0.7,1.0,0.6,132,191.07036191271112,16547.40913472767
21,70,1.4947988081637238,1.5456120118995553,1.5558016122600113,1.9321573860493224,1.5026067627175745,0.10364290509619074,0.8221507036023917,1.0,0.7,1.0,0.6,134,191.25130532910865,16549.69331884039
21,71,1.499744543208915,1.551130626469633,1.5634140984741869,1.9633551325022687,1.500311307399282,0.10387957281663429,0.8269327913953329,1.0,0.7,1.0,0.6,139,196.0775801974501,16608.97101304674
21,72,1.4809791949228615,1.532829345926693,1.547202618444183,1.9523870880308123,1.484676424461922,0.10379417461725257,0.8082295144659957,1.0,0.7,1.0,0.6,140,193.4123969081748,16628.57979247572
21,73,1.470874772946549,1.5194955353740123,1.531675595741619,1.9476001896578916,1.4735702835696247,0.10369222182524165,0.7982014410657932,1.0,0.7,1.0,0.6,143,193.2427291150396,16609.377902670007
21,74,1.4856218688013083,1.5355454675081417,1.549846674062756,1.9767314297872098,1.485586315084384,0.10361975795310222,0.8129993249629406,1.0,0.7,1.0,0.6,145,190.36381701511823,16608.865572983752
21,75,1.4913707776038416,1.53993833076966,1.5521163894546204,1.9824544519695113,1.491409589392486,0.10365728938488775,0.8187220363487142,1.0,0.7,1.0,0.6,146,190.59804901245252,16609.098525590147
21,76,1.4867460250716413,1.5352942660812197,1.5474715850908152,1.9761676923485099,1.4867417857306633,0.103624289270049,0.8141204338906798,1.0,0.7,1.0,0.6,147,190.99055220538847,16608.521197993443
21,77,1.4795497685799002,1.5292146836311673,1.5455786991721228,2.002315876234958,1.4817177439673617,0.10346140141613684,0.8070421569111517,1.0,0.7,1.0,0.6,150,198.89502239859704,6174.972572687894
21,78,1.479549007818582,1.5302418902468982,1.5487168006400793,2.0164035477895585,1.4801207175975972,0.10346140141613688,0.8070421569111517,1.0,0.7,1.0,0.6,152,198.4401425639015,6176.903918059269
21,79,1.459681628753708,1.5061865722611256,1.5182874891147486,1.9725234515883225,1.4605031516237488,0.10337507584799188,0.7872357292419376,1.0,0.7,1.0,0.6,153,198.45213844800853,16834.862013213926
21,80,1.4656082906627117,1.5108890716853467,1.5229441920791142,1.9731730699375647,1.4682304968465647,0.10374472990767596,0.7929067394881051,1.0,0.7,1.0,0.6,155,202.7678024575648,16651.947162771954
21,81,1.4965770483929313,1.5444406925728673,1.5607373107600222,2.0082512398269503,1.4967815254038048,0.1034947097402876,0.8240506743145968,1.0,0.7,1.0,0.6,156,223.5112557459408,6727.698755106413
21,82,1.475497452536945,1.5240413613111707,1.542435896720604,2.0116908051800935,1.4763668460633048,0.10337724300145253,0.8030549223612772,1.0,0.7,1.0,0.6,159,198.7371232211908,16738.67641047813
21,83,1.478625405360817,1.5271623251648703,1.5476290457975606,2.0563439722191887,1.4792012597083466,0.10332586626015428,0.8062221386077448,1.0,0.7,1.0,0.6,168,199.8006581935585,16730.73095274435
21,84,1.4790036264101605,1.5288559864190767,1.5514443433268754,2.076735816448935,1.4789546235724176,0.10329939818956035,0.8066189165078083,1.0,0.7,1.0,0.6,170,200.3991904850386,16732.588184331787
21,85,1.4834080169010964,1.5313441552509572,1.5517884085664368,2.0647300116978715,1.4859181894402669,0.10366652266344181,0.8107677611916039,1.0,0.7,1.0,0.6,171,192.43565296898493,16597.151356008228
21,86,1.4782860428414284,1.5281588844577425,1.5528204790194646,2.1148796607139118,1.4798246281905656,0.10341374236653933,0.8058245178152503,1.0,0.7,1.0,0.6,173,202.82406009041304,16734.507535553734
21,87,1.4785242933428453,1.5257769645252892,1.548268106163727,2.0948315465283254,1.484065704141849,0.10339478247722915,0.8060791170801016,1.0,0.7,1.0,0.6,174,200.8344802146404,16715.705758493372
21,88,1.5299020639557557,1.5823723156879828,1.6154208564732535,2.2284102140186937,1.5301072978812607,0.10357262126645486,0.8573357702929897,1.0,0.7,1.0,0.6,197,199.16979988187703,16726.183809485803
22,0,0.7531317272528012,0.8129425927239388,0.8059640326024073,0.4573706427585803,0.0,0.0,0.0,0.0,0.7,1.0,0.6,1,2500.1678460091107,137538.8960366106
22,1,0.7135207460818567,0.807318252702873,0.8001298908360736,0.45225332090325415,0.023552958786538302,0.0,0.0,0.0,0.7,1.0,0.6,2,2520.6836483148904,129074.19424984942
22,2,2.312637707995717,2.492646364800527,2.483481687042716,2.1441892220540066,1.7370935540934598,0.11821189770561835,1.0,1.0,0.7,1.0,0.6,3,5439.637365378636,101394.94768958417
22,3,1.9041052136550145,2.3714446231662967,2.360077200412326,2.037506085027865,2.1191136773214456,0.10878006984128079,1.0,1.0,0.7,1.0,0.6,4,2425.856763378388,38177.207727910696
22,4,1.8787850853615526,2.3613778218460304,2.351570431466314,2.0500946422917306,1.73908615618953,0.11402702981315671,1.0,1.0,0.7,1.0,0.6,5,2203.1827681363143,39428.657704353296
22,5,1.8701421352406076,2.3657495732513367,2.3553919002197725,2.0631868711124017,1.7316756665640578,0.14134287548193952,1.0,1.0,0.7,1.0,0.6,7,1624.4177672603007,27111410.080129668
22,6,1.7921976464428928,2.3062252655749678,2.296347747273922,2.0141670455425165,1.7782337019200685,0.11728746520996272,1.0,1.0,0.7,1.0,0.6,9,652.1943085479918,330186.233216655
22,7,1.7581083842265022,2.2742337634404373,2.263617141606097,1.9892956726587356,1.7665133266433815,0.09988854679856318,1.0,1.0,0.7,1.0,0.6,10,1384.631011911167,36632.84177037745
22,8,1.7537652228961993,2.2696270270060346,2.256766743234199,1.9712964418677563,1.6917692084707432,0.09985833621682488,1.0,1.0,0.7,1.0,0.6,11,1316.4591287383832,36441.27272575045
22,9,1.7207990302935063,2.2061805736064155,2.1925985014416804,1.926696175653722,2.009299946910766,0.11622414257905227,1.0,1.0,0.7,1.0,0.6,12,166.29598259412091,20087.917222065083
22,10,1.702449201808593,2.133816293719386,2.115400328978301,1.8626468306603452,1.8363234397651023,0.11858708560719129,1.0,1.0,0.7,1.0,0.6,14,102.48751416386068,8551.654844493414
22,11,1.689340802802406,2.0280020899696676,2.0056495912110326,1.7751270403186128,1.913783253378115,0.11816527714078595,1.0,1.0,0.7,1.0,0.6,16,66.74952680801539,7797.652261285045
22,12,1.6854940639391045,1.9728399175349849,1.9505372099497773,1.734646875253199,1.8034320033126465,0.11682061105140329,1.0,1.0,0.7,1.0,0.6,18,13.659606388163937,950.3795560407988
22,13,1.6850696172812132,1.9639230755815191,1.9475036293564787,1.7615643930953349,1.7101799411641676,0.11689172222486348,1.0,1.0,0.7,1.0,0.6,20,15.055951860745097,982.2917997546512
22,14,1.685234612324773,1.9534742781011016,1.9304326236628384,1.728644288747676,1.7122694875243996,0.1174522740339284,1.0,1.0,0.7,1.0,0.6,21,16.00586617599443,7862.056309492285
22,15,1.6850881624235399,1.9487506019812724,1.9255326824652186,1.733006148834619,1.6925644233660693,0.11745406771527978,1.0,1.0,0.7,1.0,0.6,23,16.562454466712026,7976.783467327878
22,16,1.6846462446746644,1.9465644663152664,1.9253496799437846,1.7387002295283693,1.6906158563353961,0.11699299412532324,1.0,1.0,0.7,1.0,0.6,25,22.825801378888865,947.462126375671
22,17,1.687693692414073,1.9412127267535473,1.9196763384536233,1.7373500792005752,1.7195499428809136,0.12166281258448845,1.0,1.0,0.7,1.0,0.6,26,18.540506055764705,1894.7534575389448
22,18,1.6843537625472664,1.9351822952401778,1.9135427885071672,1.7538824511715663,1.6843059933948026,0.1169964928154272,1.0,1.0,0.7,1.0,0.6,31,16.65959918867398,937.3932544996298
22,19,1.6843031667208055,1.93489037788546,1.9132415417513742,1.7539916416003445,1.682379857957073,0.11693326415331724,1.0,1.0,0.7,1.0,0.6,33,38.52355553462109,1599.0901354524872
22,20,1.684376798861456,1.933924770504019,1.9122361315852348,1.7594613307924951,1.6866197043668119,0.11707826161822647,1.0,1.0,0.7,1.0,0.6,34,39.827341345938,1544.279803248583
22,21,1.683829321571019,1.921287959556785,1.9053513286004469,1.7913893015896862,1.7539718059975016,0.11686072612637259,1.0,1.0,0.7,1.0,0.6,35,14.057990147264425,919.9698370299858
22,22,1.6835955260388595,1.9059983425697316,1.883273523968859,1.7507878556694454,1.7065719088013926,0.11686356226362424,1.0,1.0,0.7,1.0,0.6,37,13.578961800096073,929.1780365967646
22,23,1.6834203313039575,1.8965748741775648,1.8734984377473292,1.74892490955141,1.7024382565262886,0.11686608654171796,1.0,1.0,0.7,1.0,0.6,39,12.946986194808206,904.05235967145
22,24,1.6832910956119864,1.8889768640731965,1.8656169042431707,1.7520248984649838,1.6984453315368557,0.11686859410981147,1.0,1.0,0.7,1.0,0.6,41,12.82417290588042,890.5022937604675
22,25,1.6832191683591442,1.884422682831056,1.8608927318324149,1.7545534493347166,1.691786636233099,0.11687139338712257,1.0,1.0,0.7,1.0,0.6,43,13.591817752541266,914.450374949988
22,26,1.6832229381600685,1.874353649780622,1.852514011371177,1.7513856078056387,1.707330890633593,0.11712417461985776,1.0,1.0,0.7,1.0,0.6,45,12.64485824809382,757.1281278342719
22,27,1.683111640109035,1.871847481256037,1.849917240483982,1.763050578707137,1.6872294236023269,0.11701355476991204,1.0,1.0,0.7,1.0,0.6,47,13.796141586118791,765.5312724831808
22,28,1.6832290675726034,1.8721960576816241,1.8523465098283527,1.7868747190407208,1.6836634336569625,0.11720303447607432,1.0,1.0,0.7,1.0,0.6,50,12.771874293160232,1060.6146026221638
22,29,1.6828821948680273,1.869929108637523,1.858294613947749,1.8273933993114846,1.6924867709511315,0.11684490158976475,1.0,1.0,0.7,1.0,0.6,53,12.214816835804706,873.5539728242906
22,30,1.6828231639440525,1.861021684742874,1.8428370962946499,1.8008309835600316,1.6925850444976214,0.11684747022149795,1.0,1.0,0.7,1.0,0.6,55,13.251771533145108,870.607512443121
22,31,1.6828100919382876,1.8597835237369718,1.8415526892473806,1.8068869666304628,1.6845142902687185,0.116850021965058,1.0,1.0,0.7,1.0,0.6,57,14.797888546845908,879.2366630763472
22,32,1.6827988081025311,1.8597012719060784,1.8435397068404664,1.827854953115779,1.6848952564267052,0.11685774257914361,1.0,1.0,0.7,1.0,0.6,59,10.270663862284485,886.2421758195721
22,33,1.682784509469255,1.856910433301656,1.840644077838109,1.828982224929255,1.6879694551392626,0.11688370242498762,1.0,1.0,0.7,1.0,0.6,61,13.427589039801012,867.363179685452
22,34,1.682783293296568,1.8581309373648516,1.8439827018984518,1.836170342584773,1.6820524580428824,0.1168837024249876,1.0,1.0,0.7,1.0,0.6,63,13.38499171516048,870.8048152089939
22,35,1.6832361234460156,1.8588902862864747,1.8488976521723943,1.8814016511789737,1.6928041915004473,0.11756914948792241,1.0,1.0,0.7,1.0,0.6,64,12.11444230931864,8651.537843368207
22,36,1.6826937747102542,1.849904640591856,1.8313054165516882,1.8374138206826505,1.686393042692719,0.11684363599104693,1.0,1.0,0.7,1.0,0.6,67,106.16996772380362,1560.0159892276267
22,37,1.6826126462151567,1.8486753962405884,1.840393167015875,1.8737054578020236,1.7162158513468606,0.11684399624091461,1.0,1.0,0.7,1.0,0.6,68,18.80137314549324,887.1160042206052
22,38,1.6826548416989113,1.8440081099031036,1.8314042654738252,1.8732523610335217,1.6841298617536737,0.1169335222072718,1.0,1.0,0.7,1.0,0.6,72,357.4263727283362,1845.5780726210069
22,39,1.682830155003162,1.8384483480908322,1.819412216537926,1.8536297790475627,1.6897834869630923,0.11720834577903556,1.0,1.0,0.7,1.0,0.6,73,14.996052570501154,2197.5448200732435
22,40,1.6829742011889763,1.8369978270079366,1.8179016153546446,1.863291028995052,1.6840199557345934,0.11743659991594999,1.0,1.0,0.7,1.0,0.6,77,17.11740571596235,9056.981613498934
22,41,1.682402278840219,1.8261304330710524,1.8170075334851514,1.8946472044940448,1.7563850082695422,0.1168301549308639,1.0,1.0,0.7,1.0,0.6,78,100.93180402222175,2515.3917662410668
22,42,1.6823431790385714,1.8181999412002332,1.804636707146138,1.8823878079095646,1.7047915157097706,0.11680378183586426,1.0,1.0,0.7,1.0,0.6,79,455.1764174416031,2174.791321158987
22,43,1.6823023364938692,1.8122802636645514,1.798496104433311,1.873307041692056,1.707725393135569,0.11680730602878009,1.0,1.0,0.7,1.0,0.6,80,2056.142411500268,2697.85361070165
22,44,1.6822924245526552,1.8109309159960754,1.7970963937985909,1.8833403650573044,1.6876556466451582,0.11680668072165076,1.0,1.0,0.7,1.0,0.6,81,453.2021915761181,2221.9857724580093
22,45,1.6822235086248498,1.8093745352153183,1.7954841727909248,1.8894394347843928,1.684995031636869,0.1167231270227044,1.0,1.0,0.7,1.0,0.6,83,445.8555246469842,2316.934273389244
22,46,1.6822991819728985,1.812561508582517,1.8050046971380662,1.9242867420971232,1.6856067591525616,0.1168397801153593,1.0,1.0,0.7,1.0,0.6,84,452.16401874171015,2186.548869546656
22,47,1.8650341552244667,1.985239400262214,1.971088146723376,2.0622332710657756,1.8779560919073655,0.37794763147805577,1.0,1.0,0.7,1.0,0.6,86,39.03140102599493,107364.76279322532
22,48,1.9926282112372111,2.112436599370539,2.1024149899403604,2.2163123656984647,1.99553953238396,0.5602526105262315,1.0,1.0,0.7,1.0,0.6,90,42.99666987917527,110282.9942160317
22,49,1.9926275947850596,2.1136648806990146,2.1057616409624833,2.244538780121781,1.9923937854254632,0.5602526105262315,1.0,1.0,0.7,1.0,0.6,92,42.80875887133131,110269.40645669926
22,50,1.6821196874103972,1.7877270112869148,1.7771724994742075,1.9199697390935042,1.7438841586204954,0.11678742805014983,1.0,1.0,0.7,1.0,0.6,93,470.5542128021673,2675.343815472009
22,51,1.6820752122119416,1.7871130474969927,1.776537209712112,1.9402746450954917,1.682351394192421,0.11672839643995561,1.0,1.0,0.7,1.0,0.6,97,466.23965256043886,2695.604714105273
22,52,1.6821253128837217,1.7865649946621067,1.778039005221237,1.9485374088669554,1.6901890811708347,0.11681456164035149,1.0,1.0,0.7,1.0,0.6,98,459.9899365915907,2610.415807899258
22,53,1.6821243886047865,1.7864084969743623,1.777876677616114,1.9560988783780755,1.682112664229503,0.11681441629211316,1.0,1.0,0.7,1.0,0.6,100,469.088542914978,2626.000610745222
22,54,1.6821228721838617,1.7860981262776976,1.7775547132535001,1.9750755774684685,1.6821101389497684,0.11681457674305795,1.0,1.0,0.7,1.0,0.6,104,467.9131539701705,2621.3108244962705
22,55,1.682064866481897,1.7764781600753592,1.7675762523542318,1.974154909227349,1.7028064983630258,0.11680026136431496,1.0,1.0,0.7,1.0,0.6,106,601.6606344316075,1490.2405712856662
22,56,1.6820085703572936,1.778157972981607,1.7734658419523992,1.990716047607373,1.6837301970816192,0.11672608303674595,1.0,1.0,0.7,1.0,0.6,108,1873.798415004,1471.803568347665
22,57,1.6820010710607125,1.777245405649142,1.7725193564394037,2.0073952905955452,1.6836961746948167,0.11672146176013849,1.0,1.0,0.7,1.0,0.6,110,2330.405960342921,1474.5506107110336
22,58,1.6819996827643364,1.7782702029024113,1.7756549455595652,2.029979305778403,1.682367011954482,0.11672149180719289,1.0,1.0,0.7,1.0,0.6,112,2292.0560288225406,1481.2511385565692
22,59,1.681946769900399,1.77320496584412,1.766257155678879,2.0113646633737656,1.6920392968395475,0.11666147061750902,1.0,1.0,0.7,1.0,0.6,113,2130.1474935177466,1410.008137660593
22,60,1.6819454339322628,1.7742374788231405,1.7694007713804427,2.0248220855745793,1.6823075130650245,0.11666147061750902,1.0,1.0,0.7,1.0,0.6,115,2128.206850527782,1413.519734919729
22,61,1.6819377674671743,1.7734403218460582,1.770646392769744,2.039027711262201,1.6832185148344343,0.11666415064207485,1.0,1.0,0.7,1.0,0.6,121,2134.2486880871984,1469.731411312221
22,62,1.6819592909047039,1.7673067994656875,1.7622098638408512,2.0327657773248085,1.70294328131446,0.11672488977986387,1.0,1.0,0.7,1.0,0.6,122,2117.6294015084,1454.5427862898553
22,63,1.6818677700229654,1.7648567427822903,1.7596714677401248,2.0385191154407,1.6850820498664616,0.1166082663994642,1.0,1.0,0.7,1.0,0.6,125,2124.6702178517494,1459.5736802471436
22,64,1.6819152799064057,1.7715182055513239,1.7769425327493416,2.1218567789727913,1.681830235636708,0.11667676899981254,1.0,1.0,0.7,1.0,0.6,128,1783.2231061942914,1484.0819097153824
22,65,1.6818781290353875,1.768322182195615,1.7694834647879114,2.108562386839831,1.6825621736750511,0.1166261752026371,1.0,1.0,0.7,1.0,0.6,130,1567.640987969355,1460.8018393293253
22,66,1.6818727097554,1.767744972267761,1.7688848167320081,2.077906355745086,1.6841499839237386,0.11662179017229697,1.0,1.0,0.7,1.0,0.6,131,34.235118294513235,1496.8817498458538
22,67,1.6818339299924525,1.7614375852585793,1.7561254985860675,2.083281111900844,1.6916668465311067,0.11657962779357374,1.0,1.0,0.7,1.0,0.6,132,2241.4615631072534,1431.8637131023174
22,68,1.6818513307801628,1.7617221324816223,1.758492422283998,2.1009771795229786,1.683180013028026,0.11661051200410724,1.0,1.0,0.7,1.0,0.6,135,2322.446252845751,1446.3749482793496
23,0,0.9260772088402741,0.8399379665878152,0.8339665637802006,0.48358824029367836,0.0,0.0,0.0,0.0,0.7,1.0,0.6,1,12748.669804114415,164312.46491930238
23,1,0.6781185423613374,0.8022951114905409,0.7949193875497005,0.4477395422192069,0.1358540951562218,0.0,0.0,0.0,0.7,1.0,0.6,2,7420.891384263719,134092.06007344238
23,2,2.081077147851462,2.382783325713927,2.372243908423619,2.03785267138683,1.7682877677650182,0.01390625323861241,1.0,1.0,0.7,1.0,0.6,3,10882.071232837783,165493.05126384654
23,3,1.8251712968344207,2.2173537559033525,2.206675810561501,1.8869902644895817,1.4966025384295212,0.010633880456905189,1.0,0.734291360534523,0.7,1.0,0.6,5,11674.511147024648,162630.20131611716
23,4,1.9314633111110946,2.337774590265261,2.3276286642456445,2.0020642635013997,1.6790042341182945,0.013906253238612401,1.0,1.0,0.7,1.0,0.6,6,5999.591273557884,140060.3801607375
23,5,1.8499006918327492,2.319075735324237,2.3075546518292493,1.99642609646873,1.7087309566926523,0.039851475920113136,1.0,1.0,0.7,1.0,0.6,8,5562.65160808951,134158.50624577366
23,6,1.7105756316961087,2.1861244423349926,2.1743993086719957,1.8654468967977489,1.524302033554189,0.01024736518329783,1.0,0.822069594110107,0.7,1.0,0.6,9,6897.245614271218,157469.63287128275
23,7,1.781964291966145,2.2845063488805954,2.273733047195158,1.9977388202665542,1.7667601075241461,0.04119732292179511,1.0,1.0,0.7,1.0,0.6,10,4000.736661268118,113048.09586424576
23,8,1.7230818189654942,2.236493459098486,2.223940500994691,1.9515862306220222,1.7334900631204562,0.040757156184035484,1.0,1.0,0.7,1.0,0.6,12,2599.132731250264,87479.02294701026
23,9,1.6822250920557655,2.1824639864062476,2.169965835177073,1.9176242824084095,1.7518752929220436,0.04083677961744467,1.0,1.0,0.7,1.0,0.6,14,1774.1678841441562,49043.6452230868
23,10,1.6557274429280482,2.115322065524364,2.0961743841460394,1.8499334919821466,1.776339280188957,0.04082164773229456,1.0,1.0,0.7,1.0,0.6,16,1135.4868243703595,19076.084771728227
23,11,1.6418363159302283,2.052365544734642,2.033008548334555,1.7997094120265902,1.7543377781270464,0.038264692564203576,1.0,1.0,0.7,1.0,0.6,18,645.2278537339995,53850.188991292125
23,12,1.6366525048908902,2.0187905057042848,1.9982155010084686,1.780672760291631,1.6973636503668974,0.03693906014909301,1.0,1.0,0.7,1.0,0.6,20,405.291447751228,55132.209952636455
23,13,1.6417727668676236,2.014331099892747,1.9995589436305838,1.796869959183053,1.698734559831184,0.046460373005241216,1.0,1.0,0.7,1.0,0.6,21,412.5492253966384,17963.6276944686
23,14,1.6346819085397288,2.0006710757854713,1.9814936446058025,1.7868956369719724,1.6289951625801034,0.036903614271250426,1.0,1.0,0.7,1.0,0.6,27,367.8439146936231,55072.35577970455
23,15,1.6374129458061506,1.9939283318020808,1.9743642747601475,1.8226801879847705,1.6520845196306309,0.04207535564534931,1.0,1.0,0.7,1.0,0.6,29,138.67462373535963,92438.44939749889
23,16,1.6424159696793854,1.9922611306182918,1.9703584646019086,1.7992809274508756,1.6603796848377304,0.04988127851895011,1.0,1.0,0.7,1.0,0.6,30,240.9396143211508,26392.70083655633
23,17,1.6323997733538294,1.8998637233658608,1.878863102990553,1.74672854182201,2.0218187771008687,0.042072284985634215,1.0,1.0,0.7,1.0,0.6,31,134.18184411073452,56503.20654556168
23,18,1.6326308582064222,1.8982417340888809,1.8771697274521473,1.7519459051074642,1.634010749293041,0.04248877360630924,1.0,1.0,0.7,1.0,0.6,33,126.39364585985128,65598.31106390592
23,19,1.6326013599238038,1.8658757078627626,1.8435650587216523,1.7261505709189375,1.7758387073777357,0.04368417363749319,1.0,1.0,0.7,1.0,0.6,34,83.42815693876389,50201.65597539825
23,20,1.6326484148616216,1.858785211909424,1.8382734019658002,1.739198188114,1.6517295589327725,0.04403759412944313,1.0,1.0,0.7,1.0,0.6,36,71.30140915250836,49545.10109796942
23,21,1.6325249321529904,1.8533766076184777,1.8305924383209224,1.7415164381694055,1.6360014600808794,0.0439616698233293,1.0,1.0,0.7,1.0,0.6,39,75.07293406571121,55430.39097954886
23,22,1.6323756586706768,1.8462212400153,1.8252427023570221,1.7548829548327665,1.6484131058391238,0.0439616698233293,1.0,1.0,0.7,1.0,0.6,41,69.47696703107768,55314.92319888247
23,23,1.6321596527574513,1.8417198176826286,1.8205785557176029,1.7619713532783963,1.6401954632564673,0.04376167443114602,1.0,1.0,0.7,1.0,0.6,43,65.64513615835756,55229.427179681705
23,24,1.6321882020873217,1.8430890615537887,1.8240703486860315,1.7696975279573697,1.6309152743681419,0.043803858593437286,1.0,1.0,0.7,1.0,0.6,44,55.09390736327356,62083.381038873056
23,25,1.6322541877236332,1.8408044744526757,1.8216966465583444,1.7668798538703663,1.6409302912696933,0.0439538845399691,1.0,1.0,0.7,1.0,0.6,45,62.670867522644144,55018.83794068295
23,26,1.6312606494492132,1.8036960478127555,1.7852939139417265,1.7364514209388693,1.7965657909789896,0.04328423061067157,1.0,1.0,0.7,1.0,0.6,46,41.02893842138161,88876.04015347082
23,27,1.63108791281932,1.7995908626769888,1.7810403836357107,1.7475391991349465,1.638875010477829,0.04310067179722315,1.0,1.0,0.7,1.0,0.6,48,39.13156155861889,88863.33297582746
23,28,1.6310644436749802,1.7954540876865543,1.7746764531737078,1.7442897577773153,1.6425029717695416,0.04311039483537469,1.0,1.0,0.7,1.0,0.6,49,38.6639543153584,90493.15261057374
23,29,1.6309974386935289,1.7914971275977036,1.7726448936361328,1.7474160771240865,1.653286100360139,0.043092582176024366,1.0,1.0,0.7,1.0,0.6,50,39.15578404313672,88666.33621844916
23,30,1.6309930959745835,1.7886793732507118,1.7697211553390866,1.7592174931506372,1.634341434434298,0.04312667353955087,1.0,1.0,0.7,1.0,0.6,53,37.89640201543912,89996.66570001787
23,31,1.6309465227954205,1.7870004340710777,1.76798071318554,1.754105222417469,1.637335425410491,0.04308283707373486,1.0,1.0,0.7,1.0,0.6,54,37.31326904607836,89622.64060517715
23,32,1.6315183651205345,1.7879077289394543,1.7771890690158263,1.850831371831557,1.6318765074861927,0.04396702057971892,1.0,1.0,0.7,1.0,0.6,74,34.1444671296535,60847.99464523109
23,33,1.6304398091099666,1.790862245669989,1.7885839403748651,2.082123573949051,1.629851066278727,0.04244294057316911,1.0,1.0,0.7,1.0,0.6,114,43.177236512526974,57838.45142126394
23,34,1.6304397597154328,1.792184097221357,1.7920276515463307,2.108666972816414,1.629722018542128,0.0424429405731691,1.0,1.0,0.7,1.0,0.6,116,43.15942369562232,57837.48985627723
23,35,1.6304261888319416,1.7914864424845596,1.7913042514288433,2.1040564690677193,1.6312194093897059,0.04243245281592546,1.0,1.0,0.7,1.0,0.6,118,45.01808622907095,58188.41454058051
23,36,1.6304212343978701,1.7896026025035754,1.7872775529003242,2.100705196798847,1.6321307566647305,0.04243245281592546,1.0,1.0,0.7,1.0,0.6,119,45.643673680672094,58233.476238076975
23,37,1.6304906754594213,1.7892454480914983,1.786904347580252,2.1043330139046352,1.6316607994269008,0.042537122263396746,1.0,1.0,0.7,1.0,0.6,120,44.42287334058779,58120.90486916999
23,38,1.6304516605939416,1.7878018448852218,1.7854078809372633,2.106975865906441,1.6359603469092754,0.042499235603645755,1.0,1.0,0.7,1.0,0.6,121,42.314042089672405,57709.73807727235
23,39,1.6303800111116553,1.787648038291402,1.7873230986687534,2.1135187477026145,1.6359139795695707,0.042414514575992414,1.0,1.0,0.7,1.0,0.6,122,43.47749976215056,58402.341238634806
23,40,1.6303721060647272,1.7869459246914987,1.7865948719434805,2.1207761226321327,1.6312246461768338,0.042411834320810735,1.0,1.0,0.7,1.0,0.6,124,41.59329990370966,58152.61490223132
23,41,1.6307907733999318,1.7736564999916462,1.766573332341534,2.1115663971507868,1.6732096369125733,0.04312437074301504,1.0,1.0,0.7,1.0,0.6,125,32.59431387000228,61049.20694097477
23,42,1.630733029889445,1.7663964553313711,1.7590425615778456,2.1129870338737646,1.6460466926462178,0.04311932488319361,1.0,1.0,0.7,1.0,0.6,127,29.28242932098928,60764.80482814358
23,43,1.630778691271689,1.7659421894901208,1.7606417295030248,2.1383764464425785,1.6329323065768526,0.0432033693606793,1.0,1.0,0.7,1.0,0.6,130,26.993914594653887,58651.493344399736
23,44,1.6307670354476942,1.7636323047196094,1.7603177548931832,2.1663206679121103,1.6342473744000636,0.0432229332913642,1.0,1.0,0.7,1.0,0.6,134,29.865883987966992,60911.52673395808
23,45,1.6310189115271783,1.7631911687010429,1.7598505819963637,2.1862992991992525,1.6312778858697232,0.0435895482923918,1.0,1.0,0.7,1.0,0.6,138,31.159533808424587,61341.53436921073
23,46,1.6308114092796822,1.7618059067611012,1.758421099351032,2.193168695976091,1.6329091050283577,0.04330453039101573,1.0,1.0,0.7,1.0,0.6,140,29.825805383310072,61096.86602568275
23,47,1.6308096190393333,1.7628651540895195,1.7615924101359917,2.2082429758590054,1.6308991677589115,0.04330453039101572,1.0,1.0,0.7,1.0,0.6,142,29.90187208706837,61109.507992611456
23,48,1.6302326211464706,1.7570820494846822,1.7493970526334328,2.188265591311787,1.6308238380079936,0.04249194068485931,1.0,1.0,0.7,1.0,0.6,147,33.9776661059646,57789.86303805205
23,49,1.6302263210981844,1.7570092384648666,1.75139400131905,2.2027871938540033,1.6317959051514213,0.04249607753755732,1.0,1.0,0.7,1.0,0.6,150,33.700898664350426,57712.47406690783
23,50,1.6304642803420526,1.7563611851482777,1.7569294573954446,2.2545861688824576,1.651578980178959,0.04288067527168604,1.0,1.0,0.7,1.0,0.6,151,26.43464361773976,59350.134944403646
23,51,1.630786034952096,1.7542166608607723,1.7546923442347655,2.248558198742313,1.641116453013065,0.043361800837304745,1.0,1.0,0.7,1.0,0.6,152,24.10785628316129,60429.53136499429
23,52,1.630589041814174,1.748024075474948,1.744130208070486,2.2701053130547817,1.633900495653136,0.043109244152978524,1.0,1.0,0.7,1.0,0.6,156,22.78961804086207,58921.38570945642
23,53,1.6304892781152187,1.7269855374987695,1.7243787577257583,2.254166986611818,1.728059300174257,0.04313368923428716,1.0,1.0,0.7,1.0,0.6,157,27.352644304984786,61284.93719329966
23,54,1.6300903051785665,1.7222831568540138,1.7195150958044008,2.2498909014931767,1.6361262350329766,0.04259192664263078,1.0,1.0,0.7,1.0,0.6,160,23.843312711760767,60711.97780873102
23,55,1.6304237985754457,1.7194227937686408,1.7165350350696098,2.2676940933764054,1.6371875133593785,0.04308849352265834,1.0,1.0,0.7,1.0,0.6,162,27.01637793934752,61113.10040220845
23,56,1.6306283632728666,1.7201243209285502,1.7193275363313076,2.2832891555636055,1.632196633615083,0.04338586051372636,1.0,1.0,0.7,1.0,0.6,164,23.87945790049432,61176.82237186219
23,57,1.6305777838050672,1.7139676814966665,1.7108697820547918,2.2789409670240497,1.6408588832692192,0.04334234156037383,1.0,1.0,0.7,1.0,0.6,166,22.736603693836965,60539.49603746215
23,58,1.6306293507921947,1.7143883633094972,1.713376659490815,2.3071615551823257,1.6314579934494793,0.043421648566100576,1.0,1.0,0.7,1.0,0.6,170,22.484709983665244,60763.23615171985
23,59,1.6306730663229483,1.7107359502338406,1.709585802596039,2.3038709322579543,1.646679724583529,0.043505128766882326,1.0,1.0,0.7,1.0,0.6,171,24.15999099457995,60805.89096653374
23,60,1.6305523810414342,1.7098863796416715,1.7087089408010532,2.307235612866615,1.6335209305223053,0.04333675798050294,1.0,1.0,0.7,1.0,0.6,172,24.524915485903083,59881.99569424473
23,61,1.630669866161099,1.712560569603772,1.715623668125132,2.3445356474150474,1.630594786482014,0.0435051288004858,1.0,1.0,0.7,1.0,0.6,175,23.49676605087614,60761.88711828523
23,62,1.6305976094847088,1.7083729538124302,1.705064763335717,2.3269351469742143,1.6309660057461741,0.04340264139797191,1.0,1.0,0.7,1.0,0.6,176,22.689986063693205,59414.30701395139
23,63,1.6305939221712564,1.7096760079370976,1.7084891160323896,2.343996711925713,1.6304238591525926,0.04339748789018391,1.0,1.0,0.7,1.0,0.6,178,22.60417681400688,59431.67249040237
23,64,1.630564959441882,1.7067576512621225,1.7054625695444607,2.345473218596998,1.643064558615082,0.04337188388327095,1.0,1.0,0.7,1.0,0.6,179,21.13492550160656,59240.63457038511
23,65,1.630552722955624,1.7011025161309496,1.6995961506191093,2.3485942797082435,1.64277206187713,0.04338390569614223,1.0,1.0,0.7,1.0,0.6,181,20.321987175153208,59306.56003568616
23,66,1.6306592027711306,1.6989786202812605,1.699461147007412,2.4206302524790644,1.631534213337559,0.04355384003676769,1.0,1.0,0.7,1.0,0.6,196,19.47057857550021,59328.76047866561
23,67,1.6307930157889716,1.6978538439609383,1.6982892466563233,2.4431039473168665,1.6360977748985195,0.04375106450736801,1.0,1.0,0.7,1.0,0.6,197,18.095086425826,59447.40341906544
23,68,1.6305995636610167,1.698830806967432,1.7013824778574866,2.459209885044064,1.6307854570671303,0.04347548190850266,1.0,1.0,0.7,1.0,0.6,199,21.15239063511364,60044.61123336092
24,0,0.4994957859006248,0.7718740142974491,0.7633633768423116,0.4203185216945202,0.0,0.0,0.0,0.0,0.7,1.0,0.6,1,22276.256776514023,116719.0209148599
24,1,1.7015303292331878,2.2366649053639476,2.2361048883128722,1.8691528120464591,1.2744889913381514,0.11223944247208059,0.5731085518072523,1.0,0.7,1.0,0.6,3,13298.545545307989,61967.367141078284
24,2,1.8782257295916884,2.3753021440057345,2.363263290019162,2.043282969373089,2.096604496311158,0.14000185109912197,1.0,1.0,0.7,1.0,0.6,4,4678.068479044784,35270.91763642866
24,3,1.422954565297562,1.935150853653497,1.9222400880435866,1.609100027434227,1.658042830635806,0.11225325064774197,0.6582012788098757,1.0,0.7,1.0,0.6,5,4423.783739396671,33952.73502012139
24,4,1.4943638528138035,2.006522475365808,1.9935862353294467,1.6838048988982357,1.4104645329128271,0.1122630036220605,0.7302478803629914,1.0,0.7,1.0,0.6,7,4235.939743613789,30368.92401380453
24,5,1.7058487402170321,2.1732306241635277,2.1566144726034806,1.865968638863567,2.105955082566322,0.10597235067431343,1.0,1.0,0.7,1.0,0.6,8,951.5516957042232,37201.88527584983
24,6,1.7053889515983953,2.1717803783613987,2.155110119614326,1.8709157753311292,1.6773597548426937,0.10597369823302587,1.0,1.0,0.7,1.0,0.6,10,953.0626555657173,36411.01378851864
24,7,1.7021709888489829,2.1610785505148558,2.144010038011989,1.8637558036584387,1.7209083536874759,0.10593413640884512,1.0,1.0,0.7,1.0,0.6,11,968.7256374221796,74894.52640093406
24,8,1.7021162861150483,2.1608849290146708,2.1438092262837576,1.8703875212038783,1.6750008628200463,0.10593413640884511,1.0,1.0,0.7,1.0,0.6,12,952.559411611136,74866.60632852133
24,9,1.6963566174148053,2.1415305096012607,2.123771092494626,1.8528491745931497,1.7534203924353817,0.1044650693319239,1.0,1.0,0.7,1.0,0.6,13,985.6057771714512,28200612.32056687
24,10,1.7184443362030226,2.1591754588295293,2.147378129437266,1.885739820494889,1.7450681067809222,0.13946524432189503,1.0,1.0,0.7,1.0,0.6,14,938.3113257840456,17002.833556975802
24,11,1.7153967729576949,2.1340234868756762,2.12121482415335,1.8711663468960116,1.7589476305682124,0.1422586187858586,1.0,1.0,0.7,1.0,0.6,16,970.467752606491,14953.629557120325
24,12,1.7139881438311853,2.1269726024373883,2.113914704829426,1.8781881623148773,1.7138613248425316,0.14173032093245286,1.0,1.0,0.7,1.0,0.6,18,775.2939663338667,17359.276458560642
24,13,1.7141896950857296,2.1212621158893743,2.1079420815170042,1.8838494911217936,1.7343280583607208,0.14361082613974382,1.0,1.0,0.7,1.0,0.6,19,597.5846538563949,15396.979922497943
24,14,1.7148099327970385,2.119402164723205,2.1059790484316854,1.8800163593683528,1.710480418712744,0.14490268263745448,1.0,1.0,0.7,1.0,0.6,20,874.2439598203458,18625.6424016635
24,15,1.7111097486165918,2.0980073385507643,2.085895585998965,1.8703079526456508,1.7977342823620477,0.14348707167688896,1.0,1.0,0.7,1.0,0.6,21,550.1673926328654,13509.5268374221
24,16,1.7055985493779788,2.0630170326253343,2.049694418280019,1.8472439190349021,1.76793291080015,0.1398671936606675,1.0,1.0,0.7,1.0,0.6,23,581.3315829116921,11120.978861080494
24,17,1.7052520021661155,2.0615576579182275,2.048189770630209,1.845937753153163,1.703309379584359,0.13951663336795236,1.0,1.0,0.7,1.0,0.6,24,398.2731130022588,8605.61000164063
24,18,1.704287558395278,2.050602308606792,2.0389010160654966,1.8541704715855887,1.7507348789373594,0.13941082759570206,1.0,1.0,0.7,1.0,0.6,25,641.1398002883574,7998.660270888927
24,19,1.7053646284632578,2.0195052053897955,2.0065287953251576,1.8334114284662015,1.7759617790237119,0.14381500547373777,1.0,1.0,0.7,1.0,0.6,27,313.9640375952553,3930.814369987598
24,20,1.7012236260777023,1.9652534277294658,1.9503332944993175,1.7843301978138992,1.8133711265166856,0.14074413521003518,1.0,1.0,0.7,1.0,0.6,29,136.16697313999413,6688.162426852962
24,21,1.703024226391987,1.950331773250642,1.9347712697393504,1.7779567227083017,1.7372935940151284,0.1439492496737657,1.0,1.0,0.7,1.0,0.6,31,174.8469617263108,11957.6525325492
24,22,1.702805725986892,1.9353519876947476,1.919227994084311,1.7748376416918261,1.7339409683821758,0.14412515971809395,1.0,1.0,0.7,1.0,0.6,33,151.65621303380104,11618.708311716951
24,23,1.699181379132177,1.9302127353909189,1.9181742192653628,1.7978256383584665,1.699986114295986,0.1390710671825334,1.0,1.0,0.7,1.0,0.6,40,126.8656073724914,8333.22142737173
24,24,1.697566340278415,1.8847682128991026,1.879355401929522,1.7805169173226085,1.7403501218971615,0.13789270598243325,1.0,1.0,0.7,1.0,0.6,45,41.95551504657604,8093.287206109139
24,25,1.697666597015984,1.8711150206187006,1.8651831889348611,1.779793441971972,1.7273029074363149,0.1382617780989102,1.0,1.0,0.7,1.0,0.6,47,45.95521560100462,8968.95617713164
24,26,1.6987271171410736,1.8561788454568169,1.8496444248239725,1.771278795523311,1.7682122386079016,0.14000035279959555,1.0,1.0,0.7,1.0,0.6,48,43.78999369122927,9583.96266884804
24,27,1.698450583244885,1.848009289490883,1.8411778249530601,1.7744344078283536,1.7152368241425493,0.13970369330055443,1.0,1.0,0.7,1.0,0.6,50,54.82742135081978,9664.337004134197
24,28,1.6983187341665777,1.8405659171938473,1.8334594899573728,1.7761891221740211,1.7138534457259005,0.13959958730857655,1.0,1.0,0.7,1.0,0.6,52,50.60210853965305,10319.837293727114
24,29,1.698211115776004,1.8359691540255012,1.8266217698889586,1.7413099209126766,1.71158867342381,0.13948039031184162,1.0,1.0,0.7,1.0,0.6,53,37.50479737580054,10391.81134558697
24,30,1.6983734490261932,1.832555711440147,1.8251461660811783,1.7765822844774766,1.7194686587756407,0.13976371532858034,1.0,1.0,0.7,1.0,0.6,54,39.42222388390728,10050.043067108609
24,31,1.6980424834750911,1.8274402836856511,1.8198510021845884,1.7795474440316665,1.708088684535387,0.13933866756618346,1.0,1.0,0.7,1.0,0.6,56,43.27201179177105,10401.31001599243
24,32,1.6979124484787018,1.8253020225501189,1.8155650949365003,1.753337772550899,1.6989131107933444,0.13915951375845842,1.0,1.0,0.7,1.0,0.6,58,48.15304532479876,10558.230505021513
24,33,1.698135937986744,1.8243917603702773,1.8146122161661329,1.752735360241529,1.7026484076469877,0.13948970306287276,1.0,1.0,0.7,1.0,0.6,59,34.269741445733054,10138.61975926462
24,34,1.6986410440041082,1.821857988516879,1.816108829063146,1.807104260635076,1.710778637738687,0.14026435746912186,1.0,1.0,0.7,1.0,0.6,61,46.62030373151017,10223.57267061749
24,35,1.6984653444312396,1.8224040373906565,1.8187542716183982,1.810298053926294,1.7009361378306624,0.1400193212290976,1.0,1.0,0.7,1.0,0.6,62,35.77001520109023,9901.356718996814
24,36,1.6980936654666694,1.8178357727726908,1.8161007847821824,1.8161921135865091,1.7096747068019322,0.13953582841378015,1.0,1.0,0.7,1.0,0.6,64,60.2687613155892,10316.246252909776
24,37,1.698089727039208,1.8108267057857823,1.8088288702959572,1.8103177754728117,1.7132095257643973,0.1395877794580907,1.0,1.0,0.7,1.0,0.6,66,51.36107286829843,10353.695068803914
24,38,1.6980761493840322,1.8082928970617078,1.8062005153219531,1.8154768196192395,1.7086699047809768,0.1395877794580907,1.0,1.0,0.7,1.0,0.6,67,49.84806817101482,10317.242600707685
24,39,1.6976707284584958,1.8035275562193513,1.7950547180226923,1.8264128141180844,1.6978628085100036,0.1390115098887434,1.0,1.0,0.7,1.0,0.6,70,96.2310754001042,7510.395842924598
24,40,1.697703327279819,1.8005744106368722,1.7899172869457347,1.8252517884844042,1.7046522498636412,0.13907068932132882,1.0,1.0,0.7,1.0,0.6,71,96.75772670983903,7568.902917774064
24,41,1.6976068364903982,1.8005003191641715,1.7919163445151751,1.831287134380474,1.703008092062845,0.1389426236023867,1.0,1.0,0.7,1.0,0.6,72,98.1754303072758,7796.6748416223745
24,42,1.6978831198374955,1.7995016593947382,1.7887975464901569,1.8359030877308191,1.6979147209451404,0.1393379532069695,1.0,1.0,0.7,1.0,0.6,73,89.78860765958066,7805.369895770367
24,43,1.6977883430883418,1.7918064881072358,1.7828897450865004,1.831080808980889,1.7361846674070955,0.13926508083149455,1.0,1.0,0.7,1.0,0.6,74,90.972829992434,7511.103756781678
24,44,1.6977864360312593,1.7914009361281868,1.7824690799694185,1.8392350301169587,1.6992522418660272,0.13926508083149453,1.0,1.0,0.7,1.0,0.6,75,90.551106634075,7506.049325564641
24,45,1.69764119802287,1.7868197627350044,1.777721642144844,1.8341724240060686,1.7168786197817232,0.139086968162471,1.0,1.0,0.7,1.0,0.6,76,94.74552334851262,7564.796985384265
24,46,1.6975759644447335,1.7818966550501343,1.7705441695131827,1.839221465222041,1.7024889335148954,0.1390162298727476,1.0,1.0,0.7,1.0,0.6,79,86.91470734898219,8044.545022140384
24,47,1.6975445994780616,1.7829912000518484,1.7737532450969726,1.8511229920396381,1.6977241341917892,0.1389726798315206,1.0,1.0,0.7,1.0,0.6,81,88.3104864789529,8276.595956198538
24,48,1.6975444978509446,1.7842951476904378,1.7771784446901995,1.8750631655721013,1.6973320498859281,0.13897267983152065,1.0,1.0,0.7,1.0,0.6,83,87.64438005319715,8266.053489627566
24,49,1.6986024918545182,1.783533245632297,1.778420707277268,1.869662968309234,1.7121965194428452,0.14050340442908882,1.0,1.0,0.7,1.0,0.6,84,93.22358639148833,8685.057697149165
24,50,1.697524896183774,1.7809476836608549,1.7757786581172232,1.8787412234590612,1.69949508405867,0.13897302784194718,1.0,1.0,0.7,1.0,0.6,87,74.29773462350042,7521.300261907235
24,51,1.698576167241264,1.7823679420920602,1.7792851158616858,1.895734174911302,1.7025656277086925,0.14048053291158066,1.0,1.0,0.7,1.0,0.6,88,83.40959215299104,8732.338699501883
24,52,1.697364110697119,1.7763880191884343,1.7731265884945198,1.8817987177306246,1.7180879582274668,0.13877639776245906,1.0,1.0,0.7,1.0,0.6,89,66.66566074954318,7626.932057517879
24,53,1.6985565220296936,1.7771159897287636,1.7759095442131194,1.9061257763986705,1.70622382207775,0.14048980666919145,1.0,1.0,0.7,1.0,0.6,90,84.72542602472659,8496.962177744896
24,54,1.6985303597338643,1.7748771998865833,1.7715155092831263,1.917463672363287,1.7002712227783543,0.14045729907400395,1.0,1.0,0.7,1.0,0.6,92,73.44248456703075,8519.502173157425
24,55,1.698453052567105,1.7721519980389302,1.7666187743263024,1.89565306826885,1.70404179058692,0.14035400800402137,1.0,1.0,0.7,1.0,0.6,93,77.37070486474974,8565.632420167105
24,56,1.6984340620427636,1.7713838510546043,1.7678949659040386,1.9058506955566479,1.7073659021212269,0.1403379496559582,1.0,1.0,0.7,1.0,0.6,94,76.64191516298904,8553.91964869091
24,57,1.698443950223783,1.768943285840764,1.7632902399330574,1.8967911040487815,1.7031880383986455,0.14035796768481557,1.0,1.0,0.7,1.0,0.6,95,73.46665250155688,8781.645938572856
24,58,1.69833181434046,1.7685126327341258,1.7628476535577158,1.9084778271242464,1.699539800327909,0.140199431829983,1.0,1.0,0.7,1.0,0.6,96,87.64377335382152,8835.537216349216
24,59,1.69833181434046,1.7685126327341258,1.7628476535577158,1.9084778271242464,1.6981396290514073,0.140199431829983,1.0,1.0,0.7,1.0,0.6,98,87.64377335382152,8835.537216349216
24,60,1.6985308678509679,1.7673640428192612,1.7616486296073792,1.915520897214615,1.7042670778851323,0.14049075343731282,1.0,1.0,0.7,1.0,0.6,99,84.4026836063253,8853.774392870913
24,61,1.6983133146806408,1.7653738688424512,1.7595920979309438,1.9177343649378775,1.7059247107671718,0.1401889733460021,1.0,1.0,0.7,1.0,0.6,100,75.78313390608365,8746.806401348107
24,62,1.6985274195187214,1.7651879216352957,1.7593911595424716,1.9465493055091696,1.6987875278555964,0.1404968499264359,1.0,1.0,0.7,1.0,0.6,104,86.99717592395218,8873.243752911332
24,63,1.698356623086755,1.763699262791504,1.7578531754869613,1.9394349744359602,1.7001121206269203,0.1402594217927589,1.0,1.0,0.7,1.0,0.6,107,75.99544324194082,8803.471625517253
24,64,1.6982603527564781,1.7654710771699484,1.7638397071125222,1.9688019595297144,1.6989525267984282,0.14012577236775653,1.0,1.0,0.7,1.0,0.6,111,83.14768886205958,8839.482797182074
24,65,1.6979805738326892,1.7598753942048173,1.751827798917836,1.982434869803051,1.6992784893046649,0.1397325961074402,1.0,1.0,0.7,1.0,0.6,115,76.20078000195117,9285.990013970755
24,66,1.6979172645021992,1.7572116235380353,1.7469942767828992,1.9718304883600517,1.703381012266259,0.13964831839739278,1.0,1.0,0.7,1.0,0.6,116,76.25182474142066,9243.927558419886
24,67,1.697951339930564,1.7563020978486334,1.7481218951322712,1.9912980367281987,1.7027693220737996,0.13970770274557065,1.0,1.0,0.7,1.0,0.6,118,76.26105408232102,9259.538113123335
24,68,1.697890666748059,1.7589784303153841,1.7571178564041054,2.0512842186626195,1.6983493822542588,0.13962683609735915,1.0,1.0,0.7,1.0,0.6,127,91.7894158234489,9179.88794239894
24,69,1.6979251569173424,1.7592855814110901,1.7595076814486807,2.083534184418804,1.7000821979979852,0.13968092650508274,1.0,1.0,0.7,1.0,0.6,129,92.9983577596722,9205.241451560403
24,70,1.6980738648150226,1.76057692136188,1.7629141833844524,2.119783180140348,1.6987358778903179,0.13989420815139458,1.0,1.0,0.7,1.0,0.6,130,87.72507132109546,9422.751877519057
24,71,1.6980246702630022,1.7557483660803013,1.7558343254731748,2.1081844481032546,1.7130553891972222,0.13983939748236782,1.0,1.0,0.7,1.0,0.6,131,90.52836521244,9458.407749879516
24,72,1.698019590550718,1.7567140726015986,1.7589088153786472,2.113236962798354,1.6994531411580418,0.13983371071574274,1.0,1.0,0.7,1.0,0.6,132,91.0715803055145,9423.758861224916
24,73,1.6981251568343718,1.7557474555396388,1.757902071899848,2.1208942409398825,1.7003706975957513,0.1399892441572385,1.0,1.0,0.7,1.0,0.6,134,77.3017441480832,9154.683389439811
24,74,1.6981271713197739,1.7550808396216055,1.757210436012174,2.1245401474425543,1.7008938860159204,0.1399949744228886,1.0,1.0,0.7,1.0,0.6,135,74.81177502727004,9162.64082777898
24,75,1.6980361261391272,1.7526086121848872,1.7525766785082748,2.1137965718077467,1.7025305639493467,0.13986942009469905,1.0,1.0,0.7,1.0,0.6,136,76.25942775458918,9278.760378827468
24,76,1.6979147277532656,1.750370721434269,1.752332037034658,2.145791974850772,1.7129248597827211,0.13971042755786708,1.0,1.0,0.7,1.0,0.6,137,91.94843081995396,9268.51270731565
24,77,1.6979064155057557,1.7491377466686715,1.7531256652910248,2.1392309722533054,1.7034014259299806,0.1397089306378352,1.0,1.0,0.7,1.0,0.6,139,84.85229530676956,8748.25582067459
24,78,1.6979061433233245,1.7503678102871065,1.7564741681593903,2.161786749293247,1.6980092020438047,0.13970893063783524,1.0,1.0,0.7,1.0,0.6,141,84.46951453051228,8742.927875123441
24,79,1.6979702586856233,1.7453418158657659,1.7471129162649328,2.1455202065382784,1.708563508696321,0.13981017175895805,1.0,1.0,0.7,1.0,0.6,142,79.101409929872,9017.473202485757
24,80,1.6979653707730953,1.746335988995011,1.750216888501729,2.150780299908064,1.699304515436423,0.13980447138544627,1.0,1.0,0.7,1.0,0.6,143,79.34516622078112,8980.607109364732
24,81,1.6976203449708294,1.7506176219838783,1.7629613872462606,2.26644258869338,1.6977343418358446,0.13931423364625248,1.0,1.0,0.7,1.0,0.6,157,69.41050448790476,9522.214466974512
24,82,1.6976176002259158,1.7464410276376112,1.7565562161519592,2.2580287601577727,1.7100224033405884,0.1393211771212814,1.0,1.0,0.7,1.0,0.6,158,71.72521520277523,9560.978093638118
24,83,1.6976239888714835,1.747410688952857,1.759634350298318,2.267934051871465,1.6983327322002184,0.13933167177369574,1.0,1.0,0.7,1.0,0.6,160,72.2881003086506,9565.34724349761
24,84,1.6976235846549916,1.7485833547332663,1.7629233393720125,2.282345715981397,1.6978703384026024,0.13933167177369574,1.0,1.0,0.7,1.0,0.6,162,71.90575229777683,9558.349392056803
24,85,1.6976297242481433,1.7467767923847206,1.7610489516484824,2.298372913714703,1.7055037774623476,0.1393471672377588,1.0,1.0,0.7,1.0,0.6,163,71.44358196857138,9240.312294535144
24,86,1.6974619359409777,1.7452127277223886,1.7615051742727563,2.297068609241928,1.7033616778896628,0.13911734455454403,1.0,1.0,0.7,1.0,0.6,165,65.8222735164773,9781.679710618571
24,87,1.697478352000834,1.746170509046133,1.7645705971396972,2.3291627905575996,1.6979643621059757,0.1391421735979395,1.0,1.0,0.7,1.0,0.6,168,62.40806310376564,9695.89941125616
24,88,1.6978996627317313,1.7451108360825667,1.7613830492364322,2.3562775650583845,1.698045899929761,0.13974459293966685,1.0,1.0,0.7,1.0,0.6,171,76.37760817299848,8835.699449006215
24,89,1.6979908556451813,1.7347522559343904,1.7381989294217037,2.3091921936808855,1.6992829500455229,0.13988359996043398,1.0,1.0,0.7,1.0,0.6,179,82.23147643287928,9792.790133516795
24,90,1.6980434630826933,1.7344282550919128,1.7378608774542266,2.3131603120582978,1.698798873081142,0.139960057926567,1.0,1.0,0.7,1.0,0.6,181,81.46345323034167,9840.21634990712
24,91,1.6980473883204366,1.7336452126720001,1.7370483775925414,2.3379805968097487,1.6991311389599293,0.13996837709839066,1.0,1.0,0.7,1.0,0.6,184,82.82077047049071,9737.675427562888
24,92,1.697939804889152,1.7318000979887889,1.735138307624024,2.327796526161763,1.7054989929420326,0.13982058733679684,1.0,1.0,0.7,1.0,0.6,185,81.86478613207012,9789.353924979505
24,93,1.698181722144458,1.729210183950935,1.7303700206444317,2.343710678689193,1.704778519385394,0.14017125340643566,1.0,1.0,0.7,1.0,0.6,186,82.12059487976069,9777.892271545605
24,94,1.6981665929294616,1.7289542228207209,1.7321775262549766,2.3580915434714873,1.7015238028230035,0.1401547614547601,1.0,1.0,0.7,1.0,0.6,188,83.79898150093555,9802.914957802332
24,95,1.6981528702219784,1.728125943931814,1.7313187925671247,2.354283031747662,1.7016716433689538,0.14013780635830253,1.0,1.0,0.7,1.0,0.6,189,83.16276611553675,9808.688316153895
24,96,1.6980380345915425,1.7269272869885568,1.730079597156458,2.361699164644436,1.702742392968454,0.13997724675928716,1.0,1.0,0.7,1.0,0.6,190,82.11592084106421,9791.540353325932
24,97,1.6979462820105296,1.7276115772029441,1.7328653593939092,2.394251147740051,1.698700124892436,0.13984793270346865,1.0,1.0,0.7,1.0,0.6,193,78.46620052863739,9762.42507300552
24,98,1.697988559673301,1.7270989902680305,1.7364769987008466,2.4031298820211693,1.7014651854035079,0.13991839053421576,1.0,1.0,0.7,1.0,0.6,197,86.1591634293636,9348.322558090158
25,0,0.9170709748475102,0.8387755084680849,0.832760729624666,0.482536727595232,0.0,0.0,0.0,0.0,0.7,1.0,0.6,1,13257.934649957177,164083.5992341523
25,1,0.9976055111209069,1.0141741633922658,1.0056134533444485,0.6604021853823676,0.24246866572924725,0.00835054639965393,0.18123723425954463,0.0016731956159983501,0.7,1.0,0.6,2,12743.67513212305,146505.51596146805
25,2,1.503265599600509,1.8853790855878754,1.8812009240822003,1.5271940239045398,1.2023009396840958,0.05431435328238898,0.5795005162283506,0.6330845616988465,0.7,1.0,0.6,3,8882.350873756151,67162.12416000954
25,3,1.1484737907255087,1.6515658126234023,1.640737519179942,1.3275403026907384,1.26064465763976,0.05431435328238897,0.5795005162283495,0.6330845616988465,0.7,1.0,0.6,5,1203.434413901409,42166.13674750603
25,4,1.1474837027242755,1.650909605865453,1.6400568796334833,1.3247991165462925,1.000234582914043,0.05431435328238898,0.5795005162283486,0.6330845616988477,0.7,1.0,0.6,6,1204.9811839739998,40895.65073718331
25,5,1.684647209250917,2.1986165927624355,2.188728174071912,1.8841113910055873,1.710712710280637,0.05433735548669205,0.9367481324549146,1.0,0.7,1.0,0.6,7,1445.920956748729,29334.448433033045
25,6,1.4581889670160537,1.9635699098415276,1.9496161715276816,1.6648244307005875,1.6213101527322245,0.039126866750559805,0.9796246115489644,0.6435679790357864,0.7,1.0,0.6,8,1215.8546039293783,40890.37289231234
25,7,1.432221968554804,1.880598910264614,1.862996864060428,1.6069061011152628,1.6221486526505458,0.02969802853697421,1.0,0.6453139169360058,0.7,1.0,0.6,10,1192.9119046256128,37495.00882260994
25,8,1.5003574863260893,1.9374285173932309,1.9192800835207946,1.6643636141153544,1.511528218999833,0.03502542669431402,1.0,0.7582247122307204,0.7,1.0,0.6,12,1014.16993487227,48184.91400648378
25,9,1.501456765419893,1.938345589562736,1.920188497896131,1.671041300936162,1.4811066500552403,0.0352688868835668,1.0,0.7598542116080041,0.7,1.0,0.6,14,990.2740699473396,48315.82692911702
25,10,1.6464935963282845,2.077348031715081,2.0609689813046566,1.8264691713476306,1.6476940931032682,0.03928251757096425,1.0,1.0,0.7,1.0,0.6,16,816.5134196605329,4073555.849602715
25,11,1.64934661205162,2.0745631985013557,2.055860812515582,1.8317296970480608,1.6568404754450121,0.04490783396430088,1.0,1.0,0.7,1.0,0.6,17,809.3687574434817,1377204.417157903
25,12,1.6509504122392973,2.0478842414455003,2.0300009189483084,1.8188672142127356,1.7142949587957736,0.054795694515859805,1.0,1.0,0.7,1.0,0.6,19,562.7281086417958,2611479.3079383774
25,13,1.6504055818611705,2.0447230261489646,2.028794327532228,1.8237934712992439,1.6478687490657649,0.054795694515859805,1.0,1.0,0.7,1.0,0.6,21,540.9722493404813,2613144.721840929
25,14,1.6350821932905828,1.9870289360293407,1.969348048151275,1.7553907284494707,1.8333872966783433,0.03947068144436093,1.0,1.0,0.7,1.0,0.6,22,312.506772880694,8398.237580360239
25,15,1.632806867484677,1.9300432523515676,1.9101957045632436,1.7128267719765997,1.7558840004486544,0.04103186299593783,1.0,1.0,0.7,1.0,0.6,24,145.94621689052346,4755.299390879071
25,16,1.63250546087205,1.9202869491100691,1.9000717145207702,1.7103674489416982,1.6504295947008365,0.04117460908579584,1.0,1.0,0.7,1.0,0.6,26,136.11136837088964,4019.9178521585272
25,17,1.6326344247263003,1.9169521405849963,1.8966026387727806,1.7137073481426057,1.6369943283177908,0.04155481810360931,1.0,1.0,0.7,1.0,0.6,28,127.15398140760108,3930.1975368165945
25,18,1.634470196824314,1.918007131831656,1.8976273688264982,1.7088456624485353,1.6344894874386644,0.04422020546366248,1.0,1.0,0.7,1.0,0.6,29,105.5760640101546,22692.053824946302
25,19,1.6324696000244558,1.9138895573131625,1.8934277605477239,1.7204108440022075,1.6386463379216805,0.04147698541005785,1.0,1.0,0.7,1.0,0.6,30,126.53237198321312,3930.4889852785855
25,20,1.6343613255718155,1.904812728230882,1.8839272561544522,1.7154109002009719,1.6809998770205858,0.04473401761286216,1.0,1.0,0.7,1.0,0.6,31,81.63533180111038,169500.14594831815
25,21,1.6340158729903904,1.9027547640197113,1.8818032712574664,1.7229418940681454,1.634899614137503,0.04432144848933704,1.0,1.0,0.7,1.0,0.6,33,86.25186401306607,169122.74787745846
25,22,1.6357238771303781,1.9063155154319298,1.8895769471804713,1.7572693949266927,1.634083081398264,0.04681546726193539,1.0,1.0,0.7,1.0,0.6,37,117.14210830372193,14957.510698856157
25,23,1.641845841051687,1.909246027764481,1.898598138926817,1.8090462319947647,1.6435251293967554,0.05586652344369012,1.0,1.0,0.7,1.0,0.6,44,141.9872836494867,2099447.8489316697
25,24,1.6411965112259925,1.9008015916850876,1.8898544641497383,1.8194174181375393,1.647505882760465,0.05526189470792932,1.0,1.0,0.7,1.0,0.6,48,136.90943849101623,1966637.9240163064
25,25,1.636759572951982,1.8934477852621083,1.8823889100281344,1.8087095297548155,1.6408300497257549,0.04903603606054287,1.0,1.0,0.7,1.0,0.6,50,122.60091600945914,1217246.8545499444
25,26,1.639982360710924,1.830128946432895,1.8186115771886682,1.772806344434679,1.7902535315159653,0.05550182723547068,1.0,1.0,0.7,1.0,0.6,52,71.5340785356151,1959047.5877477005
25,27,1.6424774944789777,1.8292848708269167,1.8155693700512323,1.7808032169384842,1.6502932040200737,0.05910390570761668,1.0,1.0,0.7,1.0,0.6,53,74.16585442630769,2055426.012704668
25,28,1.6396722275651805,1.8223637779738966,1.8105647402172433,1.7731857057033742,1.6628038125104818,0.05519447702192655,1.0,1.0,0.7,1.0,0.6,54,67.8105195793007,1960434.8305499328
25,29,1.6428603214561481,1.8220169900385716,1.808012509776054,1.7818151474071064,1.6516972566921821,0.05978732992148369,1.0,1.0,0.7,1.0,0.6,55,73.16901894400968,2065634.0392743845
25,30,1.641783512498879,1.7964199758056232,1.7814910451093215,1.766017667879121,1.7494948888247106,0.05861962799506794,1.0,1.0,0.7,1.0,0.6,56,42.03112526397352,2085302.5588387544
25,31,1.641697253949257,1.7837372304008818,1.7683342872577947,1.7584048728616137,1.6968434975841973,0.05865398564865045,1.0,1.0,0.7,1.0,0.6,57,40.93508701893527,2079786.998736504
25,32,1.6409818246350136,1.776180288849857,1.7605201002912478,1.751593404681977,1.6704568553247916,0.05770886315002627,1.0,1.0,0.7,1.0,0.6,58,38.150142142735,2084443.1589478943
25,33,1.640916419297656,1.7719157389591724,1.7560977054647418,1.755252334990502,1.649632121734498,0.05766029011456727,1.0,1.0,0.7,1.0,0.6,60,35.75967241901583,2079353.3165976536
25,34,1.6408888471234744,1.770201452691197,1.7543200636218454,1.7574504860985294,1.647773215953575,0.05763834887124347,1.0,1.0,0.7,1.0,0.6,61,39.77756960326167,2082846.0789294504
25,35,1.638444528025043,1.7584337308285556,1.7442743631693198,1.760420416483771,1.6473694049506786,0.054250159965834197,1.0,1.0,0.7,1.0,0.6,66,38.394411984557294,1595316.4850013624
25,36,1.63691561272622,1.7496645896620908,1.737305734459663,1.778413752014333,1.6553803669255212,0.0521416311885229,1.0,1.0,0.7,1.0,0.6,68,28.4621450541163,1474551.3699005884
25,37,1.636915612838353,1.7509919501569442,1.7407551939743318,1.7979954064058243,1.6364993400280405,0.052141631256017076,1.0,1.0,0.7,1.0,0.6,70,28.46212813179696,1474551.3869184454
25,38,1.6368701985801617,1.7483456790147156,1.7380113196614433,1.8073213517971052,1.642276217914738,0.052098729102430706,1.0,1.0,0.7,1.0,0.6,72,32.4204600459292,1474651.2503289697
25,39,1.6370642136466533,1.7470287438521543,1.7387099758581388,1.8327511083309722,1.6397647262984227,0.05239861516068887,1.0,1.0,0.7,1.0,0.6,76,29.49692634521137,1477109.5448413673
25,40,1.6370963013855517,1.7482901479560136,1.742089800543134,1.8445256050189127,1.6369277002944123,0.052445239012551735,1.0,1.0,0.7,1.0,0.6,78,29.4921465643783,1477070.017532893
25,41,1.6390386773221288,1.7310416225714103,1.7220493607804648,1.8063200164762758,1.7173870505356468,0.055350532058035404,1.0,1.0,0.7,1.0,0.6,79,19.51454475005046,2367367.959333978
25,42,1.6393819301444772,1.7289277251476336,1.719843375448455,1.8245614923804498,1.6445078217729598,0.05585706658751072,1.0,1.0,0.7,1.0,0.6,81,18.78451568878902,2368871.639343951
25,43,1.6392318301940998,1.7174374864226287,1.7058558862487847,1.810871032396006,1.6830362494764204,0.055704504790434387,1.0,1.0,0.7,1.0,0.6,82,16.896373766228553,2377190.2107074363
25,44,1.6392123104891425,1.718174618989834,1.708693715036457,1.8266826498185056,1.6402307031557322,0.05567996028798178,1.0,1.0,0.7,1.0,0.6,84,17.06019254646377,2376612.027711808
25,45,1.6395686988885467,1.7173027719047118,1.707775871497232,1.8423750359010076,1.6420380674212636,0.05619621178417158,1.0,1.0,0.7,1.0,0.6,86,16.70524799219,2378204.459579504
25,46,1.639825115775246,1.7186681255500984,1.7112551793952817,1.8496646302400186,1.6398454152308233,0.0565638351879029,1.0,1.0,0.7,1.0,0.6,90,17.809503686566547,2360168.1349516204
25,47,1.6393457350254463,1.7159694866279547,1.7105457802991908,1.8626843640920896,1.6469078204987078,0.05589899362240876,1.0,1.0,0.7,1.0,0.6,92,18.57100029003993,2366421.8725635386
25,48,1.6393442655233144,1.716915558543922,1.7135997432363816,1.8952417758829094,1.6399626620396188,0.055898993622408744,1.0,1.0,0.7,1.0,0.6,94,18.427262617943487,2366535.7140882285
25,49,1.6394292411672313,1.7132604399471245,1.7077321521918623,1.8851098074404073,1.6445582177051281,0.05603363988882796,1.0,1.0,0.7,1.0,0.6,96,16.69481651075041,2367798.531560988
25,50,1.6366393445791432,1.7125883340669734,1.7112841480585184,1.8993758885884735,1.6367231085254428,0.052050886885902516,1.0,1.0,0.7,1.0,0.6,104,25.77025759215384,2346257.9965442186
25,51,1.6383734992199837,1.7056719273427512,1.6957542252502145,1.9075290665549822,1.645526428669899,0.05454587922714408,1.0,1.0,0.7,1.0,0.6,106,15.333091082848012,2571606.44639411
25,52,1.638373145077292,1.708228500770404,1.7025513545994029,1.8556102734318847,1.6383251463180266,0.05454587922714406,1.0,1.0,0.7,1.0,0.6,109,15.363925983459096,2571575.0379047967
25,53,1.6392419334833241,1.7106178039734314,1.7132871783196228,1.97464639885566,1.655851214050426,0.05580641785852116,1.0,1.0,0.7,1.0,0.6,110,16.30213952950437,2359330.097158722
25,54,1.6391778154700232,1.7055952865102908,1.7080790634609615,1.9825365473519359,1.6498496178891306,0.055738794925142866,1.0,1.0,0.7,1.0,0.6,112,15.905937384614775,2359152.016267711
25,55,1.6391934975089,1.706230993172691,1.7108103978554956,1.98892266359502,1.6405891887402833,0.05576454017019676,1.0,1.0,0.7,1.0,0.6,114,15.873332405384357,2355747.810013856
25,56,1.6391943524576154,1.7061836828682408,1.7107612674964416,2.00260559382684,1.6391068004347553,0.05576598882364862,1.0,1.0,0.7,1.0,0.6,117,16.01090851291415,2356302.3786559617
25,57,1.6378924033746163,1.7006666123303797,1.6988691740365085,1.9873641255760193,1.6378806054913748,0.053907152884253726,1.0,1.0,0.7,1.0,0.6,124,18.87396136735152,2739952.48801348
25,58,1.6374311330455433,1.6983987594742604,1.6965337033731327,1.9934926414138028,1.6452181705433153,0.053256602188954595,1.0,1.0,0.7,1.0,0.6,125,18.427518262578133,2741297.5941200526
25,59,1.637431133029211,1.6997260793992646,1.699983107751048,2.0114406240918705,1.637279669791706,0.053256602166078325,1.0,1.0,0.7,1.0,0.6,128,18.42751828632265,2741297.5960639445
25,60,1.6378680639034293,1.6988415458035693,1.703193982536996,2.1119609800037535,1.638756833246593,0.05389875993645192,1.0,1.0,0.7,1.0,0.6,145,16.79788853324999,2741775.7809704267
25,61,1.6378420597597798,1.6977597536515514,1.7020726841916156,2.1068381544569816,1.6423458953066845,0.053866263712809746,1.0,1.0,0.7,1.0,0.6,146,17.06913141984007,2740788.0101425583
25,62,1.6378419770589319,1.6986805365000435,1.705100361611927,2.1169880482980497,1.6394935722859283,0.05386792333537138,1.0,1.0,0.7,1.0,0.6,147,16.70070505921686,2741162.5092655136
25,63,1.6630585636390833,1.7261961493791937,1.7389192936052384,2.1826434746996557,1.666627189570038,0.08989890073685329,1.0,1.0,0.7,1.0,0.6,149,15.59691415112962,2743048.297956731
25,64,1.6377610815520778,1.698849777717757,1.7114962413693462,2.1637445772134467,1.6406324532962602,0.05376834168297406,1.0,1.0,0.7,1.0,0.6,152,15.532082871312417,2719185.6918738848
25,65,1.637765494453895,1.6991206285821012,1.7138494835780707,2.1800708069854644,1.639976426973878,0.05377908100122343,1.0,1.0,0.7,1.0,0.6,154,15.625089948588364,2722711.423250349
25,66,1.637724825076348,1.6976345902370622,1.710236926998053,2.2394845540852564,1.6376414198642721,0.053721484370565876,1.0,1.0,0.7,1.0,0.6,169,16.971588821299786,2737826.838029257
25,67,1.637788810660843,1.698803545195228,1.7135196602797906,2.2589474402731153,1.6379919750432226,0.053813804077823824,1.0,1.0,0.7,1.0,0.6,172,16.58495368755179,2720859.3433988616
25,68,1.6377883163472062,1.6999595222605586,1.7167913425079324,2.2827276417596614,1.6380438049080577,0.053813804077823824,1.0,1.0,0.7,1.0,0.6,174,16.622500273276213,2720812.9917828585
25,72,1.6374918551178115,1.6947700358210227,1.707273932727075,2.293224839297978,1.637465661978152,0.053399443573461144,1.0,1.0,0.7,1.0,0.6,189,16.229281801114542,2741101.2326099207
25,74,1.637519733894997,1.6951105752689801,1.7117710654881622,2.3127469417538578,1.637695613978737,0.05344863092681988,1.0,1.0,0.7,1.0,0.6,194,15.354834606596194,2741850.442525519
26,0,0.5016894984609238,0.7725960037575533,0.7641123075215799,0.4210106761251869,0.0,0.0,0.0,0.0,0.7,1.0,0.6,1,26531.05695083276,140195.75731795054
26,1,2.1808773147452545,2.4801232006663056,2.470107253346996,2.1303434768364085,1.7052505020629627,0.13291882072912908,1.0,1.0,0.7,1.0,0.6,2,15993.303867818917,161249.52647437155
26,2,2.120353275384294,2.456373713407748,2.4458059523747204,2.1116123727646556,1.732780059185688,0.12012153379298722,1.0,1.0,0.7,1.0,0.6,3,14005.534148890723,165493.05126384654
26,3,2.066892889425007,2.4331693694292604,2.4246249983131687,2.092085895175348,1.6949450898018172,0.1094504400297313,0.9855845592656298,1.0,0.7,1.0,0.6,4,10062.444116829163,158304.2258657997
26,4,1.9341010738530429,2.4088181777656197,2.398553856114515,2.0816380455781953,1.8936017084283159,0.11993093727663151,1.0,1.0,0.7,1.0,0.6,5,9638.224411218958,52499.10090073368
26,5,1.8290348331619941,2.3338062919757254,2.32285689786335,2.0325525172899783,1.7998800729137732,0.11836819282923153,1.0,1.0,0.7,1.0,0.6,7,11733.626166757957,53281.450351135616
26,6,1.7510923660180064,2.257885910615714,2.2440597398807816,1.9772817475216113,1.8536980552225883,0.12007222732756857,1.0,1.0,0.7,1.0,0.6,9,2728.4743180049045,48888.35897922426
26,7,1.740295211334499,2.2433783403222627,2.235193093086047,1.9883648007132666,1.7269079600211565,0.12143664349790484,1.0,1.0,0.7,1.0,0.6,11,3345.179533663199,55387.59455471119
26,8,1.7370026865861328,2.2413832221787033,2.2268687997795857,1.9791277937432858,1.7035249425764558,0.12285320744543371,1.0,1.0,0.7,1.0,0.6,13,2373.376258802205,63871.36101104827
26,9,1.7029935375499075,2.1254980325837765,2.114925101895534,1.8955020697854978,1.9337233926185204,0.12383281925888348,1.0,1.0,0.7,1.0,0.6,15,616.2890823114512,91669.62322735893
26,10,1.6931350949688944,2.0645758059629014,2.0456228270059427,1.8280868635082008,1.8019156750147811,0.11960151342087051,1.0,1.0,0.7,1.0,0.6,17,688.8035114923108,65765.67365575429
26,11,1.692807561081084,2.0613744443415953,2.0423030214546047,1.8337444015554425,1.690650387765562,0.11956348895842658,1.0,1.0,0.7,1.0,0.6,19,689.4036724205989,65679.27763680178
26,12,1.691987621240842,2.0562061960600446,2.0431599510137057,1.8566514939591454,1.70370973000585,0.11955560130115588,1.0,1.0,0.7,1.0,0.6,21,525.4837033732472,62455.78644977155
26,13,1.6904755085202456,2.048826019195312,2.041745888024442,1.8637572438416319,1.7068337197673742,0.11864553726122332,1.0,1.0,0.7,1.0,0.6,23,292.67713457501526,52515.25150662632
26,14,1.6904621448604318,2.049968872125484,2.045003967099516,1.8835126642827587,1.683435935950151,0.11864553726122332,1.0,1.0,0.7,1.0,0.6,25,292.58688202435866,52518.67712029789
26,15,1.6928569025573403,2.0383740782286868,2.032847865809084,1.9111990882006396,1.7083047829020614,0.12357480556488229,1.0,1.0,0.7,1.0,0.6,28,1523.7410959881993,3044452042.337336
26,16,1.692856902651219,2.038374078239829,2.032847865820226,1.911199088216574,1.6865026009369823,0.12357480558079983,1.0,1.0,0.7,1.0,0.6,29,1523.7410878620017,3044452042.3661747
26,17,1.6922781810517655,2.0308989870879444,2.0250981984672793,1.9044464941259336,1.7186081112462657,0.12341184616466752,1.0,1.0,0.7,1.0,0.6,30,1622.977704211552,3044147258.137847
26,18,1.692031164920698,2.0221408463517143,2.0159750755807972,1.9214756468598644,1.73876467868245,0.12487533728974583,1.0,1.0,0.7,1.0,0.6,32,1515.0154148607749,3047026522.223237
26,19,1.6967475397845915,2.0117481969411104,2.007086180243166,1.940496978925506,1.6954433447815171,0.1318094359152585,1.0,1.0,0.7,1.0,0.6,36,1686.925338693832,33757305304.81783
26,20,1.6962327316272177,2.0067766291013296,2.001940397113433,1.9432721104171784,1.7021921974176903,0.13137840005040005,1.0,1.0,0.7,1.0,0.6,38,1705.659724406015,33756828757.199528
26,21,1.6943146778026228,1.996552112061869,1.9934626036887702,1.9440373420922001,1.734865398068449,0.12925179604869305,1.0,1.0,0.7,1.0,0.6,39,1739.2138936598428,33756990859.45644
26,22,1.6941785629268202,1.994368482808318,1.9932701218265372,1.9521741960342034,1.6980104877938968,0.12925179604869305,1.0,1.0,0.7,1.0,0.6,41,1717.983214262732,33757101188.74682
26,23,1.6937791966301794,1.9880667800145662,1.982598188275412,1.956017641005754,1.6976003689738404,0.12886569384409735,1.0,1.0,0.7,1.0,0.6,43,1585.4035917932945,33754660738.90637
26,24,1.694407895577874,1.988337101273602,1.9849254007650385,1.9662272675769255,1.6947342743934963,0.12985703552584435,1.0,1.0,0.7,1.0,0.6,45,1365.7509809366816,33758874498.235443
26,25,1.707477529088485,1.968034077064301,1.9612658745434386,1.8984059909868494,1.8501370514090456,0.15001498484047668,1.0,1.0,0.7,1.0,0.6,46,10445.102194313493,4.258396575606977e+27
26,26,1.7074294701568649,1.9597168138144156,1.9526320653795426,1.89809028567173,1.7237335758904466,0.15025356205664758,1.0,1.0,0.7,1.0,0.6,48,10347.289972088667,4.258396575607045e+27
26,27,1.707365611088512,1.958346880940721,1.9532835848159427,1.9070067848411654,1.711005978225864,0.15025356205664755,1.0,1.0,0.7,1.0,0.6,50,10396.987473427747,4.258396575606995e+27
26,28,1.7073007656435566,1.956568806565807,1.9493687214039426,1.9143069408509112,1.7068637472000785,0.1501743468821943,1.0,1.0,0.7,1.0,0.6,51,10349.145987834869,4.258396575607039e+27
26,29,1.7073899324501611,1.9522719477618793,1.946975827805538,1.9088330664861957,1.7309462162837517,0.15049295907402782,1.0,1.0,0.7,1.0,0.6,52,10302.3543463589,4.2583965756070623e+27
26,30,1.7073238137042162,1.950414282973854,1.9429783065105672,1.9161700650516775,1.7073724937710937,0.1504135774945219,1.0,1.0,0.7,1.0,0.6,53,10254.804050295465,4.258396575607105e+27
26,31,1.7074715803644875,1.9484719554219776,1.9430278584267722,1.9127108384608338,1.7208117609556717,0.15073318012540235,1.0,1.0,0.7,1.0,0.6,54,10210.83841533834,4.2583965756071294e+27
26,32,1.7074678125952887,1.9496226261240186,1.946293923158505,1.92417684615826,1.7058996454033988,0.15073318012540232,1.0,1.0,0.7,1.0,0.6,56,10201.172788932628,4.258396575607138e+27
26,33,1.7072638709883066,1.9472768738074415,1.9417950593625504,1.9269394407402696,1.7089722390406217,0.15046708728159638,1.0,1.0,0.7,1.0,0.6,57,10249.563820200734,4.258396575607134e+27
26,34,1.7094741720801534,1.948493887937225,1.9429741997491132,1.9356551908974056,1.7120045982718808,0.15365517828533254,1.0,1.0,0.7,1.0,0.6,58,10239.692617122317,4.965384923822373e+27
26,35,1.7070574707419328,1.94400868114387,1.9384102883146768,1.939435654519598,1.7144357693586598,0.15026524949764927,1.0,1.0,0.7,1.0,0.6,59,10308.396778505748,4.258396575607161e+27
26,36,1.7101500488619616,1.948997938734705,1.9517579017157316,1.9861529060504788,1.7236037403112272,0.1547834415472154,1.0,1.0,0.7,1.0,0.6,60,10702.864277124025,6.244930721246748e+27
26,37,1.7093382972988378,1.9361733760380853,1.9364050205995644,1.9839459068527394,1.7554400713014675,0.15391548066062558,1.0,1.0,0.7,1.0,0.6,61,10781.791020060557,6.24493072125168e+27
26,38,1.7096600356635023,1.9295227193954472,1.9294897353125342,1.9779948354440058,1.7392566668972522,0.15454865488480302,1.0,1.0,0.7,1.0,0.6,62,11641.941813368498,6.24493072125245e+27
26,39,1.709660035662849,1.9295227193954472,1.9294897353125342,1.9818930529568828,1.7081842346871863,0.15454865488480304,1.0,1.0,0.7,1.0,0.6,63,11641.94181430641,6.24493072125245e+27
26,40,1.7410965939949525,1.9561335543070992,1.9538457909404698,2.014077439365163,1.7552515557281008,0.19954046759206762,1.0,1.0,0.7,1.0,0.6,64,10828.564806077977,8.826758275591217e+28
26,41,1.7094948472464329,1.9240448254438745,1.923810367112008,1.9847471629390974,1.716190745374766,0.1544367620299469,1.0,1.0,0.7,1.0,0.6,65,11685.444327542393,6.244930721252399e+27
26,42,1.7087743120939516,1.922449041264092,1.922181424087737,1.9910456949397393,1.709377299500689,0.15342753060651673,1.0,1.0,0.7,1.0,0.6,67,11090.67128729356,6.244930721251455e+27
26,43,1.708913810767561,1.9172259380210135,1.9167552029661334,1.9932984444304207,1.715546288820652,0.15374385635650428,1.0,1.0,0.7,1.0,0.6,70,10729.72437142286,6.244930721225125e+27
26,44,1.7067819098056076,1.9039883969984692,1.9155291868628588,2.0503674048965044,1.7481820477387204,0.15106766180544462,1.0,1.0,0.7,1.0,0.6,72,10619.742026782573,4.85861237885166e+27
26,45,1.7067470442572796,1.9023405889173963,1.9158924653989833,2.060767679531398,1.7121574999429794,0.1510676618054446,1.0,1.0,0.7,1.0,0.6,74,10664.104645935802,4.8586123788516106e+27
26,46,1.6951564375119887,1.8867550838219809,1.90015621775742,2.0734876818933,1.7119045100773032,0.13457605879853424,1.0,1.0,0.7,1.0,0.6,75,10578.2991291671,4.858612378818972e+27
26,47,1.6949861286818861,1.876638984237946,1.8896650437641824,2.0723393034551334,1.7161600014777938,0.13448673597971847,1.0,1.0,0.7,1.0,0.6,77,10650.448107687973,4.858612378819217e+27
26,48,1.6949471746310634,1.8735652697848777,1.8885490400446394,2.0778148570858677,1.7134412771052068,0.13449380514122428,1.0,1.0,0.7,1.0,0.6,78,10769.563332359594,4.8586123788183097e+27
26,49,1.6948271029012418,1.8647483492300827,1.8794046326546452,2.087345273496941,1.7133333183090826,0.13443927607792056,1.0,1.0,0.7,1.0,0.6,80,10795.02933219496,4.85861237881833e+27
26,50,1.7067250130754976,1.8743565783170766,1.8889266772997209,2.0662746741741103,1.7161602362925517,0.15146544738437148,1.0,1.0,0.7,1.0,0.6,81,10899.309270046222,4.858612378852624e+27
26,51,1.694261200785418,1.8623659545325189,1.8810981417407482,2.083863718137332,1.7032041349765934,0.1336870692632531,1.0,1.0,0.7,1.0,0.6,82,10894.813118593898,6.244930721203266e+27
26,52,1.6942230082982497,1.8494454657743304,1.8676931841380928,2.0751816018515283,1.7505253332680781,0.13378084133279494,1.0,1.0,0.7,1.0,0.6,83,10813.86905929088,6.244930721208477e+27
26,53,1.7085630421672025,1.8550581997815345,1.8709057636814568,2.050300645509891,1.7243649403523054,0.15434340289467524,1.0,1.0,0.7,1.0,0.6,85,10975.42695854893,6.244930721248461e+27
26,54,1.708591522340678,1.854085250808608,1.8719674306559724,2.0737181800575284,1.713220148166,0.15440708370581097,1.0,1.0,0.7,1.0,0.6,87,10914.465320489044,6.244930721248417e+27
26,55,1.7085949079346099,1.853489129867425,1.8713487816251333,2.0772900497650633,1.710735368414685,0.15441775192918325,1.0,1.0,0.7,1.0,0.6,88,10933.768168279645,6.24493072124845e+27
26,56,1.6942969558788121,1.8374622048258464,1.8552569220600454,2.095476483636645,1.7014310592208144,0.13400872855372178,1.0,1.0,0.7,1.0,0.6,89,10987.77400238273,6.244930721212994e+27
26,57,1.7081517837936233,1.8502067047564736,1.8700319570312334,2.098848264873586,1.7098290632217155,0.15382431024695095,1.0,1.0,0.7,1.0,0.6,94,11135.705716896777,6.244930721248248e+27
26,58,1.6942767898154907,1.8358326004732577,1.8577113992755003,2.121835981703434,1.6964938237999516,0.1340196885752714,1.0,1.0,0.7,1.0,0.6,97,11009.750431484606,6.244930721212477e+27
26,59,1.7080950723339456,1.8477836994422785,1.8675201616170773,2.1008061900396564,1.7100240330068401,0.15376502257765196,1.0,1.0,0.7,1.0,0.6,98,10967.512779726654,6.244930721248103e+27
26,60,1.6941840251315465,1.833562100466187,1.855359159485419,2.1197783684998672,1.700943095318526,0.13390681361090032,1.0,1.0,0.7,1.0,0.6,99,11083.456971111991,6.244930721212203e+27
26,61,1.7076526624235195,1.838513408176179,1.8517016695067734,2.059238693192655,1.721361011682966,0.15317589232227594,1.0,1.0,0.7,1.0,0.6,100,11301.249038723156,6.244930721233687e+27
26,62,1.7075556181078366,1.833953079108121,1.8469738437390286,2.066994431514898,1.726818717066605,0.1530749499708698,1.0,1.0,0.7,1.0,0.6,101,11363.664444726215,6.244930721235137e+27
26,63,1.7075454140865984,1.833053419279802,1.8481130988228966,2.074030554975889,1.7120374556075753,0.15307846773872866,1.0,1.0,0.7,1.0,0.6,103,11309.706587888271,6.244930721235098e+27
26,64,1.6940472857142534,1.8165255655182926,1.8314715994639807,2.104745388091151,1.707018073956021,0.13381950757492234,1.0,1.0,0.7,1.0,0.6,104,11337.539542949571,6.244930721226008e+27
26,65,1.70823843281371,1.828593301636967,1.8455319785137894,2.0856193172844715,1.723078490727226,0.15411911414307794,1.0,1.0,0.7,1.0,0.6,105,11295.680853494176,6.244930721237384e+27
26,66,1.6940703965443316,1.807339869823568,1.8219405356997957,2.086100496749013,1.7190956530277917,0.13392132945672366,1.0,1.0,0.7,1.0,0.6,106,11276.255917210196,6.244930721226064e+27
26,67,1.6942660096873214,1.8068480246429375,1.8214229270748592,2.099311357222092,1.695458894800249,0.13420566548294677,1.0,1.0,0.7,1.0,0.6,108,11316.426357560533,6.244930721226054e+27
26,68,1.6942177834577024,1.8070406535474666,1.823696923724322,2.120336640890399,1.696290346807928,0.1341444134690714,1.0,1.0,0.7,1.0,0.6,110,11265.049443949336,6.244930721225898e+27
26,69,1.6938934950391897,1.8069322536112438,1.8256689299163882,2.123230802211384,1.6960281431670792,0.13368888178643318,1.0,1.0,0.7,1.0,0.6,112,11251.47393135776,6.244930721225886e+27
26,70,1.7074998449739018,1.8232100840178789,1.8482639310638782,2.1398767440383413,1.7129624724299184,0.15313553723100604,1.0,1.0,0.7,1.0,0.6,113,10922.305273787031,6.244930721247818e+27
26,71,1.7074989374859446,1.8230190144328637,1.8480657146740613,2.1397027905283696,1.7076128810473632,0.15313553723100598,1.0,1.0,0.7,1.0,0.6,115,10916.550012843089,6.244930721247825e+27
26,72,1.7072191248137827,1.8224301513544887,1.8474652846679533,2.139145806879941,1.707596791029578,0.1527379092889215,1.0,1.0,0.7,1.0,0.6,117,11154.268438981646,6.24493072124769e+27
26,73,1.7073344002114519,1.8221352278908363,1.849227376097907,2.158790367955382,1.7108634703060068,0.1529142937238151,1.0,1.0,0.7,1.0,0.6,119,11028.46273206785,6.244930721247658e+27
26,74,1.7071695703284457,1.8160530650732931,1.8429234337671492,2.1575133767269357,1.7329373375055237,0.1527171754925838,1.0,1.0,0.7,1.0,0.6,120,10991.985548946644,6.244930721247534e+27
26,75,1.70708935610921,1.8147528453423787,1.843649868248276,2.1720147969444574,1.7096346715168806,0.15261839913868416,1.0,1.0,0.7,1.0,0.6,124,11055.345765461185,6.244930721247434e+27
26,76,1.7071170431423837,1.8159845119220348,1.8469989950868961,2.2014657461983145,1.707132258937746,0.15265870741132603,1.0,1.0,0.7,1.0,0.6,126,11049.384604137618,6.244930721247456e+27
26,77,1.7075190739659938,1.8147951158406048,1.8436776182951986,2.201630166264839,1.7078441879493336,0.15323465171259315,1.0,1.0,0.7,1.0,0.6,128,10963.749138765455,6.244930721247754e+27
26,78,1.6939775244245605,1.7991056441296385,1.8258352697385098,2.2482904812826154,1.6947425160090828,0.13389458714621846,1.0,1.0,0.7,1.0,0.6,131,10975.068743300924,6.24493072121299e+27
26,79,1.6937049454470139,1.7984503490482222,1.825165637926835,2.250023087157642,1.6956721325713664,0.1335074892097527,1.0,1.0,0.7,1.0,0.6,132,11126.434342843238,6.244930721213016e+27
26,80,1.693918868432307,1.7973198863445585,1.8260572147143965,2.2647062656099473,1.6993533187571286,0.13382898895831227,1.0,1.0,0.7,1.0,0.6,134,10983.044043833685,6.244930721213052e+27
26,81,1.6938759107847146,1.7955254449992433,1.826269539763795,2.2969707314259913,1.6947251215420431,0.13378541628585316,1.0,1.0,0.7,1.0,0.6,147,11010.017365161097,6.244930721212793e+27
26,82,1.693607606150382,1.796918381619379,1.8318694429600861,2.339646037826606,1.6955794855250161,0.13340777342442928,1.0,1.0,0.7,1.0,0.6,149,11168.94062284113,6.244930721070184e+27
26,83,1.694009277989648,1.7969715421905317,1.833981982565045,2.357767234686086,1.701135900389405,0.1339909174708227,1.0,1.0,0.7,1.0,0.6,150,11029.092085191674,6.244930721070273e+27
26,84,1.7081424919181036,1.8080024459919666,1.84075189964314,2.274990043262278,1.7085918903216588,0.15418372361294483,1.0,1.0,0.7,1.0,0.6,153,11111.70744364801,6.244930721105248e+27
26,85,1.6939357998619022,1.7954142245225642,1.832369058009351,2.3678010541017787,1.698261190003595,0.13389410485080475,1.0,1.0,0.7,1.0,0.6,154,11182.937183085902,6.24493072107009e+27
26,86,1.707852151546959,1.8060615846393397,1.8408216145537537,2.3195339078673696,1.7119186750146516,0.15378509791092324,1.0,1.0,0.7,1.0,0.6,156,11111.67735638988,6.244930721105171e+27
26,87,1.7077395757120852,1.79918454333832,1.8357637258931399,2.320504067108373,1.716460252647272,0.15366584282564552,1.0,1.0,0.7,1.0,0.6,160,11058.256646532484,6.244930721105111e+27
26,88,1.7077528883369526,1.7990938702329928,1.8356691439266055,2.3204239640953577,1.7077323115210703,0.15368537406922378,1.0,1.0,0.7,1.0,0.6,163,11035.853201058288,6.244930721105139e+27
26,89,1.7077821730202842,1.7953667130997282,1.8318013887973406,2.3170631884844055,1.7158713026317254,0.15374534702057308,1.0,1.0,0.7,1.0,0.6,165,11070.080971278274,6.244930721105097e+27
26,90,1.707678408573173,1.7952627065033036,1.8316973705255455,2.325466432431639,1.7075183639058,0.15359711336788096,1.0,1.0,0.7,1.0,0.6,169,11119.277114558174,6.244930721105096e+27
27,0,0.9494105131542696,0.8789976157807813,0.8708155975058114,0.5225453706576372,0.042759521123280644,0.06088099115512343,7.354376388012999e-05,0.0001154725846902,0.7,1.0,0.6,1,13285.392556290702,163435.0229973721
27,1,1.5519950375093023,1.8189983842290938,1.8091673316398176,1.4687058100364399,1.2651078691936621,0.00694198979736844,1.0,0.03683952174587175,0.7,1.0,0.6,2,12680.763594581496,161249.52647437155
27,2,1.448669308675149,1.8454404478030204,1.8365841045753193,1.5018795197884802,1.1615645706924662,0.01082797461161231,1.0,0.12542095285477922,0.7,1.0,0.6,4,10119.533826466764,72671.2836756909
27,3,1.622832028188109,2.0658725936099085,2.05759044780877,1.7282103735326495,1.4021591747578617,0.01083742173694059,1.0,0.5597368163178426,0.7,1.0,0.6,6,7084.076533840936,54911.47766518387
27,4,1.286251519294891,1.7665971248222259,1.7568720370640265,1.4340621934068485,1.22112528084388,0.01082797461161231,1.0,0.12542095285477872,0.7,1.0,0.6,7,5391.005392756073,47472.27116797124
27,5,1.2962386105263073,1.8074905625163948,1.798138989902366,1.5061279702590065,1.271914694590308,0.01761611116588254,1.0,0.26156208362765254,0.7,1.0,0.6,9,3690.234767120777,36753.56726036038
27,6,1.6928791645881334,2.204864962080797,2.191856347016323,1.9168199061532856,1.7901787404655751,0.013020587459361249,1.0,1.0,0.7,1.0,0.6,10,3842.41479636316,1416345.2211779817
27,7,1.4000089510073308,1.9076629408820296,1.8959354648782707,1.6125849826807999,1.4310517331673578,0.022498631232688977,1.0,0.5289637826747762,0.7,1.0,0.6,11,2253.6519450787173,26924.255927089325
27,8,1.2835084157716616,1.7617601211338294,1.749852489580157,1.4865209417281267,1.38278156560065,0.02177103252593102,1.0,0.38728098460862526,0.7,1.0,0.6,13,1859.844546520599,16202.25936095243
27,9,1.3537065489885378,1.757369359393305,1.7438921716552866,1.5045923849207474,1.562866871010813,0.02325118975856644,1.0,0.5409531956166166,0.7,1.0,0.6,15,555.194491364894,18753.036719274307
27,10,1.5537081177419236,1.9188353060942398,1.9058254434624318,1.6834538565254067,1.6375612811618327,0.03847244509828552,1.0,0.8640200028370995,0.7,1.0,0.6,17,415.08152775424537,18991.895013677484
27,11,1.5505322847892269,1.9130126698849383,1.9019636972508076,1.6942642999029678,1.5515556964463149,0.03871677158706652,1.0,0.8590197582746013,0.7,1.0,0.6,19,424.7040380269103,17879.13338350239
27,12,1.582362176020026,1.924050678742499,1.9121641906687072,1.7140250537632427,1.625337087036539,0.03905505786187233,1.0,0.9144383846732069,0.7,1.0,0.6,21,335.35040970523613,20103.52683278712
27,13,1.5520466327916496,1.8856860680453824,1.8734792360577766,1.6797395279223601,1.5649624153032757,0.03809343407216776,1.0,0.8659306445777968,0.7,1.0,0.6,23,294.93279224116304,18939.68034475505
27,14,1.5591530640733202,1.8749872262058407,1.8620776609281584,1.6773686667679413,1.5955559413682905,0.037819207925293356,1.0,0.8798139396156239,0.7,1.0,0.6,25,240.870912246992,18255.386565257188
27,15,1.5201927790906626,1.8309069386106518,1.8177966267814207,1.6402974243274466,1.5274387393907338,0.03674435799257681,1.0,0.8165688092151528,0.7,1.0,0.6,27,227.47122819688832,16560.138678078096
27,16,1.507310876749262,1.8136665284755766,1.8003857069451144,1.6299924576272518,1.5130251973053235,0.03604450668583401,1.0,0.796267739631673,0.7,1.0,0.6,29,213.0575246917916,16319.276341597571
27,17,1.3872625809317944,1.6926390727342446,1.6793200722787414,1.5187699728582627,1.3873513283287027,0.03186131334486933,1.0,0.6011421132418465,0.7,1.0,0.6,30,173.80485802108493,15782.382289608406
27,18,1.4386682305390157,1.7414433570919665,1.7300931685522447,1.5696987844968868,1.4525615323105052,0.03322087769010021,1.0,0.6855313278180225,0.7,1.0,0.6,31,182.98253414848355,13525.560079859692
27,19,1.4444305429802662,1.7404570054542337,1.7329852813439175,1.6043131676170088,1.4622051830469056,0.03010063363862018,1.0,0.6994418964643083,0.7,1.0,0.6,33,187.6461279229687,8424.6156654365
27,20,1.4443596368535616,1.738074138915857,1.7305126964338708,1.6161662028910329,1.4512866273323393,0.03002562828569146,1.0,0.6995648703612549,0.7,1.0,0.6,34,181.02722451858108,8539.726978706249
27,21,1.4525501707773343,1.7313687989369402,1.727371679205314,1.6191162134778572,1.5356101366384065,0.03377319169232526,1.0,0.7099686384572508,0.7,1.0,0.6,35,142.1807994904465,5380.114701188392
27,22,1.4365323689792466,1.678397907582129,1.6729866714614883,1.5806472167361743,1.5145727714739183,0.0314488243298518,1.0,0.6875695241926081,0.7,1.0,0.6,37,155.38665299136554,6630.399484015303
27,23,1.4517409547009918,1.6919440251326425,1.688540986156312,1.6077242935401195,1.4564492373387274,0.03239233983327617,1.0,0.7119233418648138,0.7,1.0,0.6,39,138.6325335144086,6392.663573842407
27,24,1.451723162053898,1.6910820854040987,1.6876468679779557,1.6105823343016223,1.4535723003540195,0.03239233983327617,1.0,0.7119233418648131,0.7,1.0,0.6,40,136.00666425404765,6396.602413893439
27,25,1.4303819499405936,1.664331539565008,1.6627620082163104,1.6015527426987284,1.458829169250654,0.03315363357809177,1.0,0.675696619441813,0.7,1.0,0.6,41,92.85737297302823,5631.7315224447975
27,26,1.42776740272319,1.6611354508374832,1.659543777207425,1.605814283938616,1.4286474941786989,0.03331467310972336,1.0,0.6711704212602588,0.7,1.0,0.6,42,91.35055624413285,5442.4505004953935
27,27,1.4490821348702554,1.6798008550895618,1.680180038977117,1.6272673024161373,1.4650917309239209,0.033154414222961545,1.0,0.707008671028561,0.7,1.0,0.6,43,64.16777555944712,6759.721783093328
27,28,1.4211061092446535,1.635680095489418,1.6333747961651122,1.5896254875713267,1.4416919601201397,0.03283817985280956,1.0,0.6611810444043552,0.7,1.0,0.6,46,71.74994987087588,5440.388598563904
27,29,1.626996542496677,1.827435388988265,1.8183791965668212,1.812284876497623,1.6322114997309356,0.03677373432694867,1.0,1.0,0.7,1.0,0.6,53,293.119417036715,23703094.784577467
27,30,1.6269637126587386,1.8290627007348,1.8262849966594001,1.852588018240362,1.6308280371385275,0.03677373432694867,1.0,1.0,0.7,1.0,0.6,55,292.35642396140133,23706262.53340091
27,31,1.6288669220389207,1.8150141355310945,1.805417613385714,1.8160659987489627,1.6809350071721485,0.039720547100079,1.0,1.0,0.7,1.0,0.6,56,318.770420915082,23333528.32384353
27,32,1.6290698399191434,1.8021579678607016,1.7920685496925661,1.8119052930001835,1.657093176302265,0.04022904396017491,1.0,1.0,0.7,1.0,0.6,58,315.67415854508414,23321691.787319627
27,33,1.6276708712590153,1.7900868399147405,1.779595152235733,1.8082947205009097,1.6504871463962862,0.03838865297618464,1.0,1.0,0.7,1.0,0.6,60,335.4070296676963,23332498.557764445
27,34,1.6283845340269139,1.7876202253773097,1.7790808595054748,1.8170793268034688,1.6375952220638346,0.03946993853978487,1.0,1.0,0.7,1.0,0.6,62,375.6791558871079,23534177.10930121
27,35,1.6278327521561988,1.780903092417808,1.7742037408167857,1.837126225547252,1.6437018578012998,0.03877825079159519,1.0,1.0,0.7,1.0,0.6,64,339.6591188221412,23487222.126800187
27,36,1.6271185380201554,1.7712150223747236,1.766250308432209,1.8356724753226512,1.6726230488545015,0.03788075849928993,1.0,1.0,0.7,1.0,0.6,65,536.2443443810046,24115723.78775748
27,37,1.6272862417656402,1.768162017474351,1.7651484584409922,1.8557058488459233,1.6364683089242216,0.03816849572749897,1.0,1.0,0.7,1.0,0.6,67,538.7616831916935,24123484.36625897
27,38,1.627151824547186,1.753832080100263,1.7482130160141862,1.8315260543049372,1.6833886121576054,0.03810489746109758,1.0,1.0,0.7,1.0,0.6,68,450.1179142437308,23860401.71552968
27,39,1.62708374537827,1.7534314270795082,1.747799877956414,1.8397024683305339,1.6280736583057829,0.0380107452310679,1.0,1.0,0.7,1.0,0.6,69,469.6297727728872,23906666.24576725
27,40,1.6270716564164691,1.7488006714404798,1.7429956731635463,1.830837139281258,1.6469841576965059,0.03803550959752947,1.0,1.0,0.7,1.0,0.6,70,441.6443369532087,23864478.660060484
27,41,1.6270780136409972,1.7477034600011523,1.7439293590038596,1.861522168510279,1.6320024354615565,0.03806593392646642,1.0,1.0,0.7,1.0,0.6,72,445.5944313553286,23860682.294472925
27,42,1.627010818327117,1.7474192557940702,1.7436369955719586,1.8698626450045217,1.627540776484235,0.03797182865932549,1.0,1.0,0.7,1.0,0.6,73,464.31929352891575,23906301.763292592
27,43,1.627241488868815,1.7466255258307615,1.7428048164437846,1.8605693216844341,1.631328135448971,0.0383101696584562,1.0,1.0,0.7,1.0,0.6,74,461.3203852453859,23873891.42555885
27,44,1.627015029214863,1.7452230769995598,1.7413582287440246,1.8632257335954114,1.6317780514632867,0.03799666412939487,1.0,1.0,0.7,1.0,0.6,75,436.903715270339,23864337.72216808
27,45,1.627121623204173,1.7451270447045832,1.741254612234048,1.85442249395207,1.6276014732120454,0.0381506596520919,1.0,1.0,0.7,1.0,0.6,76,440.8016007216185,23894775.22217229
27,46,1.6271204575162992,1.7462552342491762,1.7444974428354145,1.8756006738273423,1.627140434413664,0.0381506596520919,1.0,1.0,0.7,1.0,0.6,78,441.0297493001186,23894965.16294658
27,47,1.6272092740840063,1.7444004080674351,1.740497413021438,1.8743375832342841,1.629517975893172,0.0382827269652043,1.0,1.0,0.7,1.0,0.6,79,439.7860075991106,23897400.2769358
27,48,1.6271882884707765,1.7439829116480623,1.7400650323987352,1.885788558074442,1.6285241925766338,0.0382560576305419,1.0,1.0,0.7,1.0,0.6,80,437.96792897124215,23894581.73413422
27,49,1.6271107722056835,1.7461339546678505,1.7464442370329465,1.907073619181756,1.6273291241168657,0.03814886171614163,1.0,1.0,0.7,1.0,0.6,83,441.625285078213,23895436.13101303
27,50,1.6271051320298833,1.7404870493088467,1.7364411330450644,1.9102329740916297,1.6398715913454778,0.03816523342708356,1.0,1.0,0.7,1.0,0.6,84,441.5808002070039,23895469.61537719
27,51,1.6270806517036398,1.732329515034138,1.7321231584769663,1.9237549973438655,1.642583299951669,0.038212578087368346,1.0,1.0,0.7,1.0,0.6,87,451.40009089227823,23891942.119076498
27,52,1.627054912415173,1.7302861584431537,1.7341488470590503,1.903241730183201,1.6336014271870622,0.03820875652517996,1.0,1.0,0.7,1.0,0.6,90,452.0128973236096,23892013.665741
27,53,1.6269982717119915,1.728596403457047,1.732397857548441,1.909852931401741,1.63029092176625,0.0381389950604176,1.0,1.0,0.7,1.0,0.6,92,443.2076896969608,23895672.05527956
27,54,1.6268552300963388,1.736227798626953,1.752754715700461,2.1543837948350633,1.6265813107047653,0.037935932912969525,1.0,1.0,0.7,1.0,0.6,123,279.6714134668032,23642875.431593664
27,55,1.6268544324170766,1.7373854364624735,1.7560281189752964,2.18143683756253,1.6269241666732484,0.037935932912969525,1.0,1.0,0.7,1.0,0.6,125,279.8020035341183,23643407.5643203
27,56,1.6268428989077557,1.729119697040868,1.7412359959549968,2.1632318049884494,1.6453732599143178,0.03794767243344901,1.0,1.0,0.7,1.0,0.6,126,268.49010912821313,23626255.87524495
27,57,1.6267872088960558,1.7296060851060018,1.7438150470492646,2.163855855916787,1.6299639143377833,0.03787317664934267,1.0,1.0,0.7,1.0,0.6,127,269.30426198729515,23635214.44755612
27,58,1.6274847664450829,1.7298080320888647,1.743998402752251,2.1951413404913587,1.6277616192893607,0.03887285232637727,1.0,1.0,0.7,1.0,0.6,131,288.5666511195608,23648155.18823225
27,59,1.6267812634941485,1.7207558388511952,1.736705799292745,2.179024377676566,1.6478285916288153,0.03792664261530996,1.0,1.0,0.7,1.0,0.6,133,304.4954872576563,23645141.788279213
27,60,1.626723055624764,1.7187272203685637,1.7366757547443101,2.1905513939368753,1.6301482217523846,0.037862341514617856,1.0,1.0,0.7,1.0,0.6,137,302.0855831980081,23645152.71446872
27,61,1.6267902063294875,1.716327304466831,1.7321110612494346,2.200780604506755,1.6316405222308248,0.037964676076784346,1.0,1.0,0.7,1.0,0.6,138,297.6069509317363,23652462.371079244
27,62,1.6267159861553933,1.718207682845264,1.7382094345266377,2.216438731577175,1.629452105059166,0.037862341514617856,1.0,1.0,0.7,1.0,0.6,139,302.36595191496224,23646141.53046556
27,63,1.6267220410587266,1.7174024608169294,1.7394462312260557,2.246629581338378,1.629651892902885,0.03788260691563551,1.0,1.0,0.7,1.0,0.6,142,301.9259339755214,23624060.0692378
27,64,1.6270685252830202,1.7126659239398814,1.7303745319010386,2.2474947183086833,1.63754821529553,0.03839047269401976,1.0,1.0,0.7,1.0,0.6,143,295.73696608668644,23635872.968104687
27,65,1.6269590526587598,1.7138256294544902,1.7357265830348738,2.2609634837830157,1.6298151243625134,0.03824129534257138,1.0,1.0,0.7,1.0,0.6,145,285.9025610494145,23625460.67149823
27,66,1.6260336197435716,1.7052981674412866,1.722769723566127,2.296858905114845,1.6271389380601908,0.03694419548279736,1.0,1.0,0.7,1.0,0.6,162,301.1709161790076,23853023.886516
27,67,1.6260783683794302,1.7098444674873257,1.7357741540098903,2.3662779452917233,1.6262654454331633,0.03701207639882108,1.0,1.0,0.7,1.0,0.6,172,324.5337331609426,23913374.95253735
27,68,1.626361638625374,1.7020542394569729,1.7214644943944073,2.352145075185351,1.644295139030743,0.0374362952118392,1.0,1.0,0.7,1.0,0.6,173,289.1279691588205,23867118.487613898
27,69,1.6259933550231418,1.7004778103940374,1.7198428368038963,2.3640175415965348,1.6275669786257252,0.03691579468261239,1.0,1.0,0.7,1.0,0.6,176,296.3823177539098,23848482.64335056
27,70,1.626064573314427,1.706603724808482,1.7365574489259359,2.415395131030281,1.6267713952471503,0.03702021708888607,1.0,1.0,0.7,1.0,0.6,179,303.67075887632217,23890647.609497253
27,71,1.6262138676537443,1.7055590633139497,1.7354680817316859,2.446356213376706,1.6273808464951318,0.03723895761985127,1.0,1.0,0.7,1.0,0.6,183,320.2673028679671,23892493.38413935
27,72,1.6261260947932605,1.7043556956299306,1.734222984121141,2.458924383559733,1.6276158282941169,0.03711859816901434,1.0,1.0,0.7,1.0,0.6,186,306.9249843684207,23894245.949127264
27,73,1.6263769429666195,1.698830518260344,1.728481672526906,2.467634206958818,1.6347102685426687,0.037502141308537816,1.0,1.0,0.7,1.0,0.6,189,294.73958672475044,23901397.45113688
28,0,0.6752532219658174,0.8018196451371575,0.7944261355672612,0.44728829279537724,0.0,0.0,0.0,0.0,0.7,1.0,0.6,1,6048.223969288652,118378.7349799152
28,1,0.6711373761996612,0.8025353155692222,0.7972410795396186,0.45067484240871947,0.001332585006775618,0.0,0.0,0.0,0.7,1.0,0.6,3,5882.20909955556,120702.4992903573
28,2,1.6491483274211216,2.078112414799009,2.0684090464811167,1.740041131430818,1.6735543824049999,0.01240954301882123,1.0,0.5492035227261286,0.7,1.0,0.6,4,10043.861629966152,167719.7820838908
28,3,1.657977709813582,2.250468208340709,2.2406190133002957,1.9246443286382453,1.8450501234370806,0.029381276512360936,1.0,0.9157702966318488,0.7,1.0,0.6,6,1733.2361905858588,26858.104118900967
28,4,1.6580639016666754,2.2505186386346727,2.2406653440185837,1.9285092438414893,1.5705580437179791,0.02938413750053791,1.0,0.9160346391769012,0.7,1.0,0.6,7,1731.6449508854214,26847.90081822675
28,5,1.650575673245633,2.108327769198985,2.0932530205130817,1.8184652851545606,2.135230188413084,0.03359454420585392,1.0,1.0,0.7,1.0,0.6,8,531.9456952427159,16060.618365826696
28,6,1.6469514961053036,2.0968238509777537,2.0792955739532255,1.8075423879041908,1.6417316341393904,0.0317466826431403,1.0,1.0,0.7,1.0,0.6,10,533.79634955376,19694.78482835225
28,7,1.599240961206608,1.9958590095648645,1.977963010324303,1.7292763367900905,1.7327814464544085,0.03570183855022258,1.0,0.9361339976642732,0.7,1.0,0.6,12,326.69846262674537,7849.970053622274
28,8,1.635192783657108,2.026754338252249,2.0107066210823668,1.7674670913124406,1.640576630500362,0.033684173350371646,1.0,1.0,0.7,1.0,0.6,14,295.6089711354007,7974.827934704372
28,9,1.6107359193061002,1.9711966674006818,1.9517930156297179,1.7264525410545617,1.674065149486759,0.03252380998291643,1.0,0.9660924219432268,0.7,1.0,0.6,16,414.482230414346,12135.147152040796
28,10,1.6058811234545063,1.9641860010969256,1.946762889918367,1.718459846682111,1.6060569456581846,0.03247212235485123,1.0,0.9585818595725248,0.7,1.0,0.6,18,400.3731323168944,12090.796795182876
28,11,1.6058344619568325,1.9619912012191394,1.9444807990863855,1.7247994726265812,1.6031568975592272,0.032542869014492035,1.0,0.958738461030233,0.7,1.0,0.6,20,384.4554457293987,11744.755622833723
28,12,1.6058344438620373,1.9619911830638175,1.9444807809310634,1.733287340621829,1.5980231636521667,0.03254286919420676,1.0,0.9587384305616957,0.7,1.0,0.6,21,384.4554612984805,11744.755351104275
28,13,1.62915749499283,1.9668841168363507,1.9486323769470038,1.7454053064925956,1.709811758973626,0.03255701546003066,1.0,1.0,0.7,1.0,0.6,22,251.1614122592744,105917.59398490054
28,14,1.6288033876373973,1.9611977290779556,1.9406639144319535,1.7584540215468678,1.6275000874556147,0.03245205746616152,1.0,1.0,0.7,1.0,0.6,26,239.58691633076896,108092.84561491496
28,15,1.6323678389124168,1.9504796414866359,1.929380178765308,1.7548499748060524,1.6932297328475276,0.03880065049986152,1.0,1.0,0.7,1.0,0.6,27,78.41307361687652,8807977.465104371
28,16,1.6312189271071103,1.9173275445121147,1.8991181036055718,1.73883959940291,1.786631950142036,0.0395058631213496,1.0,1.0,0.7,1.0,0.6,28,73.54325793565526,8824950.660019942
28,17,1.6306355126933973,1.904652396405873,1.8839045366421727,1.7400323578897559,1.6519082638417242,0.03923807385094136,1.0,1.0,0.7,1.0,0.6,30,69.55272592221873,8826457.813378438
28,18,1.6306355127295875,1.9046523964218216,1.8839045366581217,1.7331158666912359,1.6274667096201507,0.0392380738737251,1.0,1.0,0.7,1.0,0.6,32,69.55272675269188,8826457.805838779
28,19,1.6303332507561885,1.9051224772001483,1.8864752897009955,1.7630255269864814,1.6284443917013482,0.0388337628124462,1.0,1.0,0.7,1.0,0.6,34,75.55720074166369,8819224.77468943
28,20,1.630703055209756,1.901937897693991,1.8831536006374634,1.7566763952046727,1.6437626636786336,0.03953378611530176,1.0,1.0,0.7,1.0,0.6,35,66.86072329190937,8834106.643809324
28,21,1.6327184815774078,1.8881013462732232,1.8707787255817303,1.749694241446011,1.6691065231933675,0.04315949260948519,1.0,1.0,0.7,1.0,0.6,37,58.801360500654496,8994916.589077525
28,22,1.6326901280387793,1.8883373376665449,1.873096149375848,1.7696581552431199,1.6325342954468454,0.04315949260948519,1.0,1.0,0.7,1.0,0.6,39,58.76377559290452,8995238.065961134
28,23,1.6281173093240988,1.8717019598180253,1.8622134381519597,1.7412959308094562,1.697960401128665,0.03720194273979718,1.0,1.0,0.7,1.0,0.6,40,56.03348301649826,5818.548024913403
28,24,1.6281173093240988,1.8717019598180253,1.8622134381519597,1.7475426037688715,1.6260414546311117,0.03720194273979716,1.0,1.0,0.7,1.0,0.6,42,56.03348301649813,5818.548024913434
28,25,1.6280476155676733,1.8704964215296922,1.860964507470504,1.7402043819810182,1.6310872282302968,0.03713958950999295,1.0,1.0,0.7,1.0,0.6,43,56.03591883147618,5818.920863142223
28,26,1.6282187959756946,1.869588817862223,1.860015782920557,1.746908591073855,1.6310259003034417,0.03741906639240096,1.0,1.0,0.7,1.0,0.6,44,58.676589637887936,5884.498151358897
28,27,1.6026818803050422,1.8427404575095037,1.8351888425500005,1.7557741358428247,1.6125419336479623,0.035255380854596306,1.0,0.9600606590616303,0.7,1.0,0.6,45,43.51905389745172,6105.026388021798
28,28,1.5997079843395268,1.8327903886337085,1.820829906122384,1.724272844840927,1.6171542462911819,0.03436140465271146,1.0,0.9563013898494612,0.7,1.0,0.6,46,35.76462622454581,5717.846873296839
28,29,1.6021540623384567,1.8360500385484517,1.828263645986579,1.7573091190028238,1.6085633053610944,0.03525560760196278,1.0,0.9593987427123402,0.7,1.0,0.6,47,36.26767922568215,6098.532569369661
28,30,1.6018921032627431,1.825658854441921,1.8133439125401858,1.7254755634135353,1.6335776979229357,0.03460379965920879,1.0,0.9599687567148465,0.7,1.0,0.6,48,36.39934704901354,5733.905721122917
28,31,1.6186232643233986,1.8396111137366642,1.8271906181924136,1.750801281663481,1.629385763264747,0.03392151380741615,1.0,0.9887367974803292,0.7,1.0,0.6,49,31.95173398882469,6156.05148162795
28,32,1.604238214038793,1.822553389720573,1.810031339435626,1.7303156137774218,1.614574612982626,0.03484536010607339,1.0,0.9637650271646766,0.7,1.0,0.6,50,37.61469010028045,5755.0839347312485
28,33,1.6090216542191063,1.825803852871565,1.811151922055736,1.7243977000472448,1.6083517922111383,0.0346528615171783,1.0,0.9719681441002435,0.7,1.0,0.6,51,34.43455146868995,5842.866194646584
28,34,1.6117958267171013,1.8270712112787009,1.8165055071213692,1.7445292765636529,1.6288328039476232,0.0347059050086714,1.0,0.9766515198995076,0.7,1.0,0.6,52,34.73582554261976,6022.53766771719
28,35,1.6142063118064711,1.8274502355930746,1.816807407281316,1.7526153136954408,1.617255088616067,0.03494479022879471,1.0,0.9804477903493376,0.7,1.0,0.6,54,36.51255846749629,6062.23082899048
28,36,1.6100241442892278,1.8230848896585834,1.8124351080387893,1.7628475939266544,1.609429401601877,0.03511341528273424,1.0,0.9732863051294988,0.7,1.0,0.6,55,32.74933445243275,5841.609680308633
28,37,1.6171816064416822,1.827710264285177,1.816964458249959,1.7606605254134484,1.6269915363624978,0.0351591826131536,1.0,0.9852316505243015,0.7,1.0,0.6,56,32.48408069395215,5958.362443069285
28,38,1.6121731388819311,1.822648124491116,1.8119003089812973,1.7702598631594875,1.6109518159474476,0.03516677328218671,1.0,0.9768766298485868,0.7,1.0,0.6,57,35.11984222463043,5838.589552051913
28,39,1.607645220598454,1.8160214778994215,1.8051941292680227,1.7714513329400514,1.6155921012821817,0.03470148785187484,1.0,0.9699294376257027,0.7,1.0,0.6,58,30.397119750789173,5810.499897631484
28,40,1.612330547955019,1.8157080104757135,1.804691281923662,1.7754385609340664,1.6332456140362495,0.03510036836687875,1.0,0.9774026478372315,0.7,1.0,0.6,59,30.93039019579733,5867.486577337544
28,41,1.6122942742593056,1.813762456227807,1.8026733642388977,1.7848048722405927,1.6152485197402762,0.03503270908170296,1.0,0.9774689212321264,0.7,1.0,0.6,61,31.05205923632745,5888.230364676779
28,42,1.6087402015127639,1.8082295096281673,1.7970655712744845,1.7797611280541266,1.6162826970395892,0.035100879804420324,1.0,0.9715145330327484,0.7,1.0,0.6,62,28.23426661416924,5824.540350101767
28,43,1.6148155486192954,1.8125060606442012,1.7992021255698876,1.777828914974867,1.6157853047914648,0.03507901523885544,1.0,0.9816777389329484,0.7,1.0,0.6,63,28.00871059109868,5937.413068988855
28,44,1.6080600381142784,1.804733139368722,1.7955344940639146,1.8057276639623345,1.6230353921783367,0.035118626119657895,1.0,0.9704586773621424,0.7,1.0,0.6,64,31.83199532301695,5905.606131812378
28,45,1.6083990712109006,1.8021974491981911,1.790818206613304,1.8009713698861085,1.6106589098798243,0.035141263455023206,1.0,0.9710330846503089,0.7,1.0,0.6,66,29.27172454576174,5911.593947252904
28,46,1.6120637080833506,1.8027123149323971,1.7912139145976833,1.8018075044863266,1.6249410814199412,0.034981432515494335,1.0,0.9773984067658088,0.7,1.0,0.6,67,26.07511760780243,5956.185963312712
28,47,1.6203316157326406,1.8094740777481957,1.797918795826099,1.816415830681552,1.6225394153360893,0.03572671716442587,1.0,0.9903417189546728,0.7,1.0,0.6,69,30.61053773540459,6035.035613718782
28,48,1.6126893074457964,1.7989534443472306,1.7872893596847161,1.8100340554863665,1.624379313448098,0.03512692721759494,1.0,0.9783661879160752,0.7,1.0,0.6,70,27.64426618277559,6005.65868376776
28,49,1.616158616787638,1.8024764826216988,1.792886409818643,1.8200987626700855,1.6207337967098983,0.03479896413445377,1.0,0.9845577567560252,0.7,1.0,0.6,71,25.81548852546626,5893.175043622947
28,50,1.6254135180181555,1.8045726827319615,1.798856320331577,1.8400454012982546,1.6679708808540559,0.03495137608546259,1.0,1.0,0.7,1.0,0.6,72,24.425685291524527,85467.03661067404
28,51,1.6247014566055995,1.7971992962418133,1.7891596453793883,1.8228007182811141,1.6474230893671167,0.03401820224275307,1.0,1.0,0.7,1.0,0.6,73,14.486211506877808,82296.37570158977
28,52,1.624750466988076,1.7842071941799809,1.7756761437172632,1.8189034730072118,1.6528401785721556,0.03427545068973961,1.0,1.0,0.7,1.0,0.6,75,15.419911106498445,83409.71067900394
28,53,1.6248316275219317,1.7784300799043193,1.769678482390035,1.8215075771323503,1.63707649121352,0.03446770711094297,1.0,1.0,0.7,1.0,0.6,77,16.236572074364137,83814.52541311833
28,54,1.6248289614793725,1.7794523852226605,1.772811510212338,1.8449655656318815,1.6247943074306068,0.03446770711094297,1.0,1.0,0.7,1.0,0.6,79,15.953340418713523,83857.30173951758
28,55,1.6247323155174263,1.7737300424609082,1.7648053241068724,1.8289646926837118,1.6430751848483256,0.03438267642495796,1.0,1.0,0.7,1.0,0.6,80,15.943672502989862,83712.6317892856
28,56,1.624676526877618,1.7735679540309177,1.7667113919818656,1.835707711228416,1.6303367803815951,0.0343200918718157,1.0,1.0,0.7,1.0,0.6,81,13.010216247649554,83914.98590435772
28,57,1.6245791656566335,1.769753308195844,1.762756916379908,1.840151348287384,1.6321649377733238,0.03422435382159752,1.0,1.0,0.7,1.0,0.6,83,12.371290954899033,83573.44634845034
28,58,1.6245779720637903,1.766887750197505,1.757711498683852,1.8427077701639663,1.630756084719251,0.034240093093438964,1.0,1.0,0.7,1.0,0.6,84,14.254848170045026,84032.70905538308
28,59,1.624623494076224,1.7596793881105155,1.752302631951705,1.8232987674563281,1.6625341275602672,0.03439903557718937,1.0,1.0,0.7,1.0,0.6,85,15.367682592165972,45706.39998145487
28,60,1.6245878665837385,1.7557701781230972,1.750320192686066,1.8385112043604512,1.6352555275872045,0.03439903557718937,1.0,1.0,0.7,1.0,0.6,87,14.092982599377589,45556.27018224546
28,61,1.6246167817366075,1.7533274385722915,1.7457123477239707,1.8294919464183037,1.6291626241420603,0.03445147747646491,1.0,1.0,0.7,1.0,0.6,88,14.638143222697606,45721.0489020649
28,62,1.624747152072434,1.749624263518991,1.7439374229616522,1.8491502744785637,1.647580555757704,0.03468748360703719,1.0,1.0,0.7,1.0,0.6,89,15.517319195142727,36632.25208894988
28,63,1.6247690777421249,1.7459411894762664,1.7380430266000797,1.8388071529072194,1.634263680157774,0.03473925653673512,1.0,1.0,0.7,1.0,0.6,90,15.022379823653742,36429.36611522005
28,64,1.6246789941303077,1.7383956361148631,1.7302176625051469,1.8319976990709517,1.6571189138478424,0.03467487137751748,1.0,1.0,0.7,1.0,0.6,91,14.01848773372888,36717.88828541845
28,65,1.6247079203438646,1.7392445607348486,1.7331696355078399,1.859897881353593,1.6254205176032595,0.03472039451060094,1.0,1.0,0.7,1.0,0.6,93,13.826970767041242,36579.609610124826
28,66,1.6245988576471007,1.7383764744866115,1.734345397321738,1.8743754784817068,1.6288024291386254,0.034581645480849035,1.0,1.0,0.7,1.0,0.6,95,13.488836989654075,36534.34108201851
28,67,1.6246184443712175,1.7316078735000415,1.7252498390168158,1.8691277343261987,1.6322753943037331,0.03465260373035452,1.0,1.0,0.7,1.0,0.6,98,13.23633086951006,27598.733730432246
28,68,1.6246692594860805,1.7276967722094292,1.7191178285178257,1.8542553666928656,1.635922994569353,0.03474509235514101,1.0,1.0,0.7,1.0,0.6,99,13.249563718950284,36946.156430051815
28,69,1.6246898532127285,1.7266850160018152,1.7201397158482843,1.8767823217986228,1.6295459454774979,0.03479187338663456,1.0,1.0,0.7,1.0,0.6,101,12.61295372726615,27594.56326963888
28,70,1.6246059831580388,1.7262233572014982,1.719663887076258,1.8803870681738601,1.6259351312643973,0.03467480192136822,1.0,1.0,0.7,1.0,0.6,102,13.260183018715798,36903.55748425472
28,71,1.6246582693867762,1.72726141468496,1.7228112240335367,1.8969302783391502,1.6248325495114035,0.0347519889108939,1.0,1.0,0.7,1.0,0.6,105,13.341412658875756,37104.71735070882
28,72,1.6247155807493767,1.7244912629731504,1.7199350762003602,1.8985027802645367,1.6368289695039642,0.03485396830585197,1.0,1.0,0.7,1.0,0.6,106,13.54215939762746,36766.24724319276
28,73,1.6246986426068082,1.7243840737897393,1.7198244744387363,1.902474064497445,1.6247793556357562,0.034830404122412464,1.0,1.0,0.7,1.0,0.6,107,13.6220271776312,36757.44224809009
28,74,1.624602967292649,1.7234868841580195,1.7188972529354825,1.9057278726968248,1.627817881514246,0.03469932327066675,1.0,1.0,0.7,1.0,0.6,108,14.730479859300775,36746.62590987325
28,75,1.6271621531972742,1.7261306306222024,1.7236164908283271,1.9458489898474904,1.6282329096863326,0.03836395854605097,1.0,1.0,0.7,1.0,0.6,112,10.463205069077476,21810.400727260745
28,76,1.627156470850161,1.7262529200174033,1.7258159196611191,1.9703127364594644,1.6294725194242172,0.03836395854605097,1.0,1.0,0.7,1.0,0.6,114,10.130835644278095,21872.170007521778
28,77,1.6274446197029016,1.7257190660697415,1.7252512519536705,1.974078172101561,1.6307632224161557,0.03878115128288638,1.0,1.0,0.7,1.0,0.6,115,12.404244973438878,22066.945349194066
28,78,1.6274204408714805,1.725615866069457,1.725145075575015,1.9782012703863918,1.627470968954983,0.03874714116304226,1.0,1.0,0.7,1.0,0.6,116,11.699821316799303,22101.24302187224
28,79,1.6272196786528577,1.7190044097230661,1.7182933794535558,1.9764439367441713,1.6551589017095267,0.03850206024543078,1.0,1.0,0.7,1.0,0.6,117,10.29617359223168,21979.967215205463
28,80,1.6246344566022484,1.7065784574482383,1.7054987635890262,1.9649927714306274,1.667688608609363,0.03486788299885879,1.0,1.0,0.7,1.0,0.6,118,10.71960749570666,30217.880380452
28,81,1.6265712996309358,1.7095337432591964,1.714709359197967,1.968477906362605,1.630699578868731,0.03765144659398116,1.0,1.0,0.7,1.0,0.6,121,13.564113586575248,23707.92332888337
28,82,1.6262165227385608,1.7097654440199603,1.7170354172023354,1.9721031210866968,1.6292622233947158,0.03714870632553719,1.0,1.0,0.7,1.0,0.6,122,13.178006057755214,23724.955992425766
28,83,1.6261649651526424,1.7099675929725082,1.719319466503395,1.945588737341677,1.6283167623254338,0.03708091681837575,1.0,1.0,0.7,1.0,0.6,124,13.18307068957072,23755.61920208043
28,84,1.6265162029651052,1.70810396830695,1.7153004779033143,2.0039609113226198,1.6282634968591472,0.03758748426959106,1.0,1.0,0.7,1.0,0.6,126,11.731375588265,30938.56337551924
28,85,1.626310475719528,1.697250256543727,1.701975717402577,2.013714739036557,1.667113788808312,0.03734147713498001,1.0,1.0,0.7,1.0,0.6,127,10.406271185719037,21603.377943979453
28,86,1.6242443965958637,1.6785800150593269,1.680611653806988,2.0193187520505127,1.646496015341604,0.034459281757557705,1.0,1.0,0.7,1.0,0.6,130,10.14475167309796,24815.842844394312
28,87,1.6245162193260043,1.6735645237952643,1.6712534541001909,1.998533443413657,1.6282713004970972,0.03485855272004187,1.0,1.0,0.7,1.0,0.6,133,9.327910360107392,21046.31267246653
28,88,1.6248601598801855,1.666171783284244,1.6635712907157187,2.012988921021004,1.6360773042365468,0.03538027146997136,1.0,1.0,0.7,1.0,0.6,136,8.826723565561087,21036.66289916816
28,89,1.624391903714828,1.663294468524228,1.6626763160593891,2.04849699566922,1.626653611021374,0.034725207539210726,1.0,1.0,0.7,1.0,0.6,143,11.154908043310016,21927.17717184587
28,90,1.6242014722925764,1.6620160768197336,1.661357263628179,2.0558352277079415,1.6289030277599728,0.034457106459712374,1.0,1.0,0.7,1.0,0.6,144,10.72470817555165,21785.24420716742
28,91,1.6243397210242794,1.6573678842013395,1.6565300465103672,2.05165261010915,1.645265245532169,0.034671414316406315,1.0,1.0,0.7,1.0,0.6,145,10.116571603233949,21452.36945097201
28,92,1.6245992006799121,1.65700004127673,1.6561387236551774,2.0598540335399935,1.6259077949742147,0.03504424485712361,1.0,1.0,0.7,1.0,0.6,147,10.29966782542764,21465.02223909061
28,93,1.624063064804309,1.6542829177416407,1.653340048353365,2.082880966580059,1.6259172532145323,0.03428569789575481,1.0,1.0,0.7,1.0,0.6,152,9.169580935598896,21272.88872452592
28,94,1.6240710717469726,1.6548872566679207,1.6560391957859375,2.0965633057666015,1.627208949932926,0.03429955816022004,1.0,1.0,0.7,1.0,0.6,153,9.130742288618505,21256.25577933993
28,95,1.6241052620924137,1.652492133083431,1.6514807311660893,2.0897733147413753,1.6256591682395896,0.03435202966388095,1.0,1.0,0.7,1.0,0.6,156,9.420401146515172,21358.416130182024
28,96,1.6240840409324089,1.6537562821265457,1.654865419831872,2.121270725903286,1.6242099582772958,0.03432185101032944,1.0,1.0,0.7,1.0,0.6,157,9.424924632659614,23292.06424669027
28,97,1.6240882019358485,1.6562759154676163,1.6636965153479575,2.1853128060694686,1.6245693222942097,0.03433255907125032,1.0,1.0,0.7,1.0,0.6,169,10.19470268797092,24439.44703599346
28,98,1.6240660659090516,1.6557258713791922,1.6631267609683578,2.187616374276966,1.625171286741454,0.03430263477141437,1.0,1.0,0.7,1.0,0.6,171,9.468846145920788,24369.13321650102
28,99,1.6240472958531904,1.6567276230110277,1.6662391244361046,2.2020536151692043,1.6246667593759887,0.034276802222106564,1.0,1.0,0.7,1.0,0.6,173,9.362581801513434,24364.52260277418
28,100,1.6241651133353012,1.6552313267957457,1.6626099693278031,2.1915316089675887,1.625370911341204,0.03444602863403948,1.0,1.0,0.7,1.0,0.6,174,10.071035788174491,24503.8873356348
28,101,1.62404860535446,1.6560800872023438,1.665567299961134,2.2102365733319917,1.6255863198422746,0.03428074077514347,1.0,1.0,0.7,1.0,0.6,175,9.668054798016511,24369.6870177234
28,102,1.6240917463839297,1.6560253809213865,1.6655089462749562,2.2189613253846323,1.624256198253402,0.0343426838800363,1.0,1.0,0.7,1.0,0.6,177,9.424734720879986,24436.456227871786
28,103,1.6241006663903397,1.6556969398560915,1.6651678988211054,2.2230487992447614,1.625529090948484,0.034356494510620686,1.0,1.0,0.7,1.0,0.6,178,9.477086378085607,24437.10353208256
28,104,1.6240898929333825,1.6538612692182681,1.661191528797164,2.220757810363959,1.626225147007034,0.03434267441439997,1.0,1.0,0.7,1.0,0.6,179,9.421537265886768,24443.72227949379
28,105,1.6240923688718167,1.6551384817989883,1.6645888782297602,2.2356954175203994,1.6241577007118622,0.034346376861954894,1.0,1.0,0.7,1.0,0.6,181,9.394040637089356,24443.11115630002
28,106,1.6240714589146341,1.6549628171711106,1.6644074298900455,2.2443050734338406,1.6243668823055706,0.03431699844084133,1.0,1.0,0.7,1.0,0.6,183,9.57489017585868,24546.169905044087
28,107,1.6241152135783552,1.6512243374762008,1.6563825535078536,2.2126596254498154,1.6272837845637893,0.03438301706206743,1.0,1.0,0.7,1.0,0.6,186,10.081564464591263,21424.102396796046
29,0,0.673366781333448,0.801540797771619,0.7941369308808374,0.4470365157969905,0.0,0.0,0.0,0.0,0.7,1.0,0.6,1,5841.8171619832165,127914.9209414569
29,1,0.6705727205850277,0.8011245520528112,0.7937051546863003,0.4466575846596918,0.0018125875829078637,0.0,0.0,0.0,0.7,1.0,0.6,2,5840.410694660842,126336.57688565612
29,2,1.8034344900087216,2.2131687890481877,2.2038892249663062,1.8739998306214563,1.6089489758803468,0.029356482706134952,1.0,0.735594215162122,0.7,1.0,0.6,4,6050.916271883968,64288.621451799416
29,3,1.6569340651949411,2.1139190329977655,2.096749898321154,1.8128101301401904,2.179748469081166,0.0424178884697039,1.0,1.0,0.7,1.0,0.6,6,608.8326346081732,16684.92032092327
29,4,1.6504747985643222,2.0910412769988196,2.0751179116909992,1.8070384097186865,1.680247325813835,0.041396256506251936,1.0,1.0,0.7,1.0,0.6,8,491.86128162264754,16923.346016064366
29,5,1.6425814531471175,2.039740575987685,2.0218676872518477,1.758263246637954,1.7443778837751522,0.042760987211126325,1.0,1.0,0.7,1.0,0.6,10,265.83831502003306,7630.376623982601
29,6,1.6402540350111332,2.022446389141829,2.003940188015279,1.7471598656293286,1.66679099746136,0.0423067643663449,1.0,1.0,0.7,1.0,0.6,12,276.63909174050417,5555.67204329839
29,7,1.6398838702907246,2.0147472860756075,1.9959358737247177,1.747714107179808,1.6659327893074387,0.04299616437735547,1.0,1.0,0.7,1.0,0.6,13,276.8732376999355,117762.26280165634
29,8,1.6377611612666558,1.9905332916524539,1.9728859172593558,1.7434471405875427,1.6864835711795254,0.04319770565099283,1.0,1.0,0.7,1.0,0.6,15,264.7151473124964,833243.953500641
29,9,1.6358992033697772,1.9717259327907133,1.953397243297443,1.7316265933296227,1.6705873601182781,0.042417104224007254,1.0,1.0,0.7,1.0,0.6,17,220.65849608955887,841246.4985168593
29,10,1.6352197542197788,1.9607582622531896,1.9440915785070376,1.7385680902686977,1.6558435620372274,0.04247458755781614,1.0,1.0,0.7,1.0,0.6,19,228.6082959468748,1038427.2339032248
29,11,1.6327771652850265,1.9476547497194754,1.9305676581515612,1.7298418481188027,1.6526729190328164,0.039853181468553586,1.0,1.0,0.7,1.0,0.6,21,267.9942980914349,13060.227339471496
29,12,1.6337951320513464,1.93786092985426,1.9244907276552317,1.7243240669397002,1.6501560093102685,0.042259425062608616,1.0,1.0,0.7,1.0,0.6,24,133.2602628155803,6881.448614700647
29,13,1.630536822315427,1.9004421775288507,1.8836775039439768,1.7039666064104448,1.7772800792299472,0.039423761319459585,1.0,1.0,0.7,1.0,0.6,25,75.43874529792511,6008.154425613869
29,14,1.630183749799036,1.888520741089101,1.8733826427028606,1.7011830038018534,1.6565992343784588,0.0394719892410418,1.0,1.0,0.7,1.0,0.6,27,81.53924006476373,6493.0755511844845
29,15,1.6294381422485427,1.847115178913401,1.8283538958715049,1.6685239814908197,1.8039926454313084,0.039699564943087066,1.0,1.0,0.7,1.0,0.6,28,75.38639008792256,180287.0642597631
29,16,1.6292428622451598,1.8458139995703244,1.8270106593889341,1.676705496821541,1.6300744676769705,0.03944971693135349,1.0,1.0,0.7,1.0,0.6,30,73.641375815558,180609.5158599213
29,17,1.628808055872371,1.8382660162525961,1.8212643811723646,1.682761723931816,1.6461322881352198,0.03904067918506915,1.0,1.0,0.7,1.0,0.6,32,71.5521270183199,9672225.8705946
29,18,1.6288182652608594,1.8314033974438604,1.8120694073350871,1.6848306929046268,1.639773581625012,0.03918489360050696,1.0,1.0,0.7,1.0,0.6,34,58.892805405011416,60377896.972857885
29,19,1.6288651412273323,1.8277970900511713,1.8083246903508599,1.6914564104990473,1.6437825152310608,0.03933325533119955,1.0,1.0,0.7,1.0,0.6,35,75.3495820226555,11441947.668136524
29,20,1.6284754781193622,1.8256435180017574,1.8081761479662122,1.6918726616215363,1.6409372842141385,0.03884312746989458,1.0,1.0,0.7,1.0,0.6,36,75.87623280857211,15518885.749328531
29,21,1.6285383099393376,1.82221910784159,1.80461974412778,1.6887958935909717,1.6427991473835761,0.03900540952206501,1.0,1.0,0.7,1.0,0.6,37,66.16294229705237,15544236.598663112
29,22,1.6284602135481205,1.8193272179687305,1.801621416839939,1.6933538296537116,1.6397632763520114,0.03895049002617953,1.0,1.0,0.7,1.0,0.6,38,64.49030246169878,15534738.27764977
29,23,1.6284988875971549,1.8169177442918687,1.7991193394204097,1.6983552293247404,1.6327718975431114,0.03905369512971795,1.0,1.0,0.7,1.0,0.6,40,64.07989519455892,15532688.17085762
29,24,1.6284256832538082,1.8167577772585575,1.7989560760666508,1.7053743227995266,1.6276516235568042,0.03895079909196339,1.0,1.0,0.7,1.0,0.6,41,61.42250882583427,13353451.225550365
29,25,1.6282670100722774,1.8111166437259207,1.7931077534150908,1.700289743058626,1.6515389822855755,0.03882727788286992,1.0,1.0,0.7,1.0,0.6,42,51.30938175112215,13364124.381235795
29,26,1.6277774626925345,1.8026242368097756,1.7843131096692098,1.706924447913325,1.6445144837346102,0.03826811649788352,1.0,1.0,0.7,1.0,0.6,44,45.507618296274345,14705085.152293092
29,27,1.6276045880431167,1.7950702792007216,1.776480664408942,1.7001095821778316,1.643049752935184,0.03814074483375466,1.0,1.0,0.7,1.0,0.6,46,41.2321079824899,14696906.39866777
29,28,1.6276073296828417,1.7963794612738067,1.779911129386008,1.6929243934288385,1.6267923236536648,0.03814498207012043,1.0,1.0,0.7,1.0,0.6,47,41.199879205349895,14408474.230467066
29,29,1.6277092715251622,1.7914130163763304,1.7747535715279956,1.7062793765137925,1.6497352626862472,0.03836908080143215,1.0,1.0,0.7,1.0,0.6,48,30.864305097127502,14725675.157997306
29,30,1.626744942626026,1.7788252308237125,1.7720886246018268,1.8130472873176466,1.6297151597613544,0.037236461318877416,1.0,1.0,0.7,1.0,0.6,70,25.59090213345927,634928.198807938
29,31,1.626735649036939,1.7741449705566104,1.7651605005255142,1.8021368921515526,1.6408508374902793,0.03726353238319887,1.0,1.0,0.7,1.0,0.6,71,26.160950864581505,635273.0668357011
29,32,1.6267356490244063,1.7754722904844948,1.7686099255588696,1.8257263972177906,1.6260845315845267,0.03726353236443722,1.0,1.0,0.7,1.0,0.6,73,26.16095066607489,635273.0666940446
29,33,1.626539174029698,1.7674565321686146,1.7603001011200914,1.8145089099870666,1.6604925446558485,0.037072065877467704,1.0,1.0,0.7,1.0,0.6,74,24.41357808821422,642370.7829191645
29,34,1.6265237297977988,1.763548915141131,1.756246199587037,1.818954918754458,1.6345428003221278,0.03709175936821605,1.0,1.0,0.7,1.0,0.6,76,22.64114920456703,641956.8351773098
29,35,1.6266074096644063,1.7616809345456064,1.7563770781442627,1.8480653475809428,1.6289648367179526,0.03724525191884892,1.0,1.0,0.7,1.0,0.6,81,22.1927494993071,640277.068791918
29,36,1.6264525930003186,1.7618426340450224,1.7586229228738555,1.8550576009320991,1.6266671237032035,0.03703432430686271,1.0,1.0,0.7,1.0,0.6,87,17.842602873160114,637125.7800964883
29,37,1.6261781906074275,1.7625153280757448,1.7614034153213662,1.8706878937744973,1.6274882057362512,0.036646504198984395,1.0,1.0,0.7,1.0,0.6,88,15.169770003996614,635584.8647832861
29,38,1.6264417390020678,1.7617141819373887,1.7605622895614537,1.8659002696927929,1.6304620694693175,0.03703327455061492,1.0,1.0,0.7,1.0,0.6,89,17.044199320669538,637133.028384186
29,39,1.6262592796510913,1.7571156320765935,1.7557978846216558,1.8739626047852975,1.6453107806395386,0.03681564025091695,1.0,1.0,0.7,1.0,0.6,90,14.94098100855968,638233.7100553592
29,40,1.626249753615863,1.7569748311697642,1.7577243829855598,1.8849236383594805,1.6289543864483877,0.03681564025091695,1.0,1.0,0.7,1.0,0.6,92,14.930631281798084,637982.6115365796
29,41,1.626190243527759,1.756235666340268,1.756959690530648,1.9048059638688732,1.627237024900924,0.03673705664456129,1.0,1.0,0.7,1.0,0.6,94,13.195286041218107,638351.3556804208
29,42,1.6263257706374938,1.7517792568351274,1.752330887689809,1.9045852235664307,1.6359882624796147,0.03697228992296482,1.0,1.0,0.7,1.0,0.6,96,12.470344941229886,640644.0008757056
29,43,1.6262968528903392,1.750060990161158,1.750549221933558,1.9111726845221289,1.6295828025537293,0.03694581971650684,1.0,1.0,0.7,1.0,0.6,98,12.655108907135675,640560.4821210641
29,44,1.62628478204046,1.7495266127929958,1.7520675186931944,1.9222212314548526,1.629932432690027,0.03694452603378765,1.0,1.0,0.7,1.0,0.6,100,11.630797881371048,640559.2379859191
29,45,1.6262828275215253,1.7494856001076093,1.7520250223618357,1.9221839637954985,1.626030575070831,0.0369420670436603,1.0,1.0,0.7,1.0,0.6,101,11.616259174733578,640554.9729794404
29,46,1.6263249661599937,1.7501951187445153,1.7548318971729273,1.9426571402956987,1.628803224761742,0.037007868757013,1.0,1.0,0.7,1.0,0.6,102,11.849857653188195,640213.38081315
29,47,1.6262735653766738,1.7496003137904754,1.754216719491347,1.9338279062087054,1.627058631972337,0.03693905658268165,1.0,1.0,0.7,1.0,0.6,104,10.946294247591227,640552.762396027
29,48,1.6262653920827357,1.7489597487850088,1.753552420672794,1.9418140571171763,1.6286365462645924,0.03693270013103076,1.0,1.0,0.7,1.0,0.6,105,10.373723336885996,640545.8552361277
29,49,1.6265524551308146,1.7352486197386385,1.7351715411388167,1.9565091656488232,1.6324665715846431,0.03743293810072283,1.0,1.0,0.7,1.0,0.6,113,27.718526945010616,647413.1885041116
29,50,1.6265410244624832,1.7343215859199703,1.7362824767796563,1.9800503367617242,1.6310662882933893,0.03743293810072283,1.0,1.0,0.7,1.0,0.6,115,26.9510157496131,647537.5450711409
29,51,1.6265392484775787,1.7352986453772847,1.7393685957532736,2.0055421980445693,1.6269684960863344,0.03743293810072283,1.0,1.0,0.7,1.0,0.6,117,26.4862703542594,647641.3459649382
29,52,1.6264737923701187,1.742850395080501,1.7596398899094434,2.1112498263121764,1.6263088754406292,0.03734194988765721,1.0,1.0,0.7,1.0,0.6,126,14.470954112653994,656253.8703770126
29,53,1.6264735247330426,1.7441247324018025,1.7630343378403461,2.1379968125304454,1.6262553149436183,0.03734194988765721,1.0,1.0,0.7,1.0,0.6,128,14.44995872400933,656266.7369318389
29,54,1.6264227358401437,1.7381476046663256,1.7526903811329841,2.103510024640086,1.6405088413263584,0.03729274071104856,1.0,1.0,0.7,1.0,0.6,129,14.259256980906574,656863.2368053342
29,55,1.62637808244427,1.7390675701200626,1.7557188160303596,2.1254877033788317,1.6268591967984105,0.03723148901035063,1.0,1.0,0.7,1.0,0.6,131,14.087033003572287,656247.8613727206
29,56,1.626458944088181,1.737288054033114,1.7517972450378099,2.124654922017549,1.6284920158974248,0.03735072186776145,1.0,1.0,0.7,1.0,0.6,132,14.3583328923336,656539.1829097206
29,57,1.6266457688360658,1.735968861866232,1.7524939232538457,2.1227365424310607,1.632616530491196,0.03763714125351953,1.0,1.0,0.7,1.0,0.6,134,16.641149240965177,655774.0580158511
29,58,1.6266429663296753,1.7340355228322712,1.7484158893445447,2.126135179271851,1.628961522918134,0.03763714125351953,1.0,1.0,0.7,1.0,0.6,135,15.863079200862623,656058.9084287282
29,59,1.6263158636008792,1.7334414777277294,1.7498841762173223,2.1389683028022763,1.6295419055971734,0.03718049344794369,1.0,1.0,0.7,1.0,0.6,137,20.8470369423534,650402.6395761902
29,60,1.6263330862544376,1.732943825892752,1.749367247702068,2.148346149481133,1.628290122025938,0.03720846032321959,1.0,1.0,0.7,1.0,0.6,138,23.34945739332716,655716.7845330102
29,61,1.6264431689889256,1.7314689667955645,1.747832955382072,2.150055988930913,1.633112252646447,0.03737602165068988,1.0,1.0,0.7,1.0,0.6,139,24.278326892750545,655257.5788243866
29,62,1.6263955751955455,1.730462244845509,1.746790305280944,2.1547487516839547,1.6303342454201974,0.0373142034978618,1.0,1.0,0.7,1.0,0.6,140,20.830216786585808,654236.9656581839
29,63,1.626351429079115,1.7288340460700171,1.745102749117935,2.179198633091312,1.6284038248972403,0.03726120361155476,1.0,1.0,0.7,1.0,0.6,143,18.131796677925863,657067.7526271701
29,64,1.6263312358082258,1.7330297699396344,1.7577458861116653,2.2280269369772077,1.6284906874964045,0.037239229707201074,1.0,1.0,0.7,1.0,0.6,145,21.31826393886588,658743.3902297145
29,65,1.6263410408513308,1.7225110153483025,1.7468327318297203,2.227562834057674,1.6493157338408295,0.03731560884699009,1.0,1.0,0.7,1.0,0.6,147,20.054037486180487,659566.193615215
29,66,1.6263385322564003,1.7231822905577308,1.7496016481292993,2.241054703465442,1.6275317267319496,0.03731560884699009,1.0,1.0,0.7,1.0,0.6,149,19.91515786731428,659592.4076534823
29,67,1.6264624241658998,1.7195221414506405,1.7457997928076336,2.249818835513056,1.6428388674900032,0.03751320293738505,1.0,1.0,0.7,1.0,0.6,150,16.407640176823282,657465.4665675514
29,68,1.6263657718479423,1.7158616018784034,1.742005767732501,2.2599274272357137,1.6340114731873348,0.03739388275255215,1.0,1.0,0.7,1.0,0.6,152,17.63520574272268,658242.8524326307
29,69,1.6263717900257562,1.7145104503951067,1.7426762102608078,2.27095872678407,1.630194616888986,0.03741643118503424,1.0,1.0,0.7,1.0,0.6,155,15.49241468461006,638897.534090995
29,70,1.6258638634210723,1.7235232464123267,1.7686247055026447,2.443220672035872,1.62585809788632,0.03669604860055501,1.0,1.0,0.7,1.0,0.6,182,20.603852646263785,658511.7889388636
29,71,1.625852634683286,1.7192756527379411,1.7621460579856185,2.4278050179515036,1.6320789530162734,0.03669426668852198,1.0,1.0,0.7,1.0,0.6,184,20.44479735465431,658510.9246491852
30,0,0.6384929184428728,0.8066731447505829,0.7994606790396616,0.4520059008754444,0.0,0.0,0.0,0.0,0.7,1.0,0.6,1,36850.52971327466,163124.32526494635
30,1,2.101427497944141,2.43477590218705,2.4245882156805116,2.0854839035907102,1.805649457867312,0.07471454157557063,1.0,1.0,0.7,1.0,0.6,2,19440.22638653258,161249.52647437155
30,2,2.037062947538325,2.4270719009560033,2.4186676574084878,2.0823746578684683,1.6860797164696892,0.0747789293780205,1.0,1.0,0.7,1.0,0.6,4,13639.998787425038,160126.62908077668
30,3,1.880007982207967,2.3504197682034063,2.341132961734397,2.028600102528191,1.888465822215203,0.07843763853237536,1.0,1.0,0.7,1.0,0.6,5,24996.74669314516,1780149.7331528943
30,4,1.8326328125229159,2.3360537533906727,2.327651238936146,2.0376112080515525,1.7464228982284595,0.10341650717064407,1.0,1.0,0.7,1.0,0.6,7,18710.575077338774,1834823.72925628
30,5,1.7997001467307512,2.3142852848764837,2.30482619267782,2.0262807059927157,1.7405503452969229,0.11277864455933628,1.0,1.0,0.7,1.0,0.6,9,20889.28080581948,2371906.4299775115
30,6,1.7635273858993101,2.2773210193876494,2.2664618143998365,1.9984520952445322,1.7584654307822727,0.11358776792240599,1.0,1.0,0.7,1.0,0.6,11,26834.33509193244,5276595.158349812
30,7,1.7486483636849628,2.2600141587852463,2.250574468802163,1.9955919923605236,1.7227454233885307,0.11387441747455702,1.0,1.0,0.7,1.0,0.6,13,15434.3530143977,4167545.763913936
30,8,1.7366892037809398,2.2492797063843164,2.2418762636976974,1.9893696171000617,1.6840466799940037,0.09993025030749252,1.0,1.0,0.7,1.0,0.6,14,25984.40479725497,1795500.8614818596
30,9,1.7345926460911785,2.239797537133669,2.2338065390033317,1.9891752146729105,1.7511290088455094,0.11166295252170211,1.0,1.0,0.7,1.0,0.6,15,15488.718740697535,2059759.1013559487
30,10,1.7257653704742015,2.233020982907506,2.2270823677081477,1.9882921745264843,1.6749863760487216,0.0999751171022524,1.0,1.0,0.7,1.0,0.6,16,26144.23843129841,1992549.1389478403
30,11,1.719259914699998,2.2165442940019133,2.201390553970792,1.9560597993755944,1.8124314079285586,0.11184842973510138,1.0,1.0,0.7,1.0,0.6,17,7050.158446250531,1453444.4829976093
30,12,1.705734039535638,2.181412814255577,2.175498761095216,1.9528457241414672,1.7237560838250885,0.10467281344701476,1.0,1.0,0.7,1.0,0.6,19,10242.534112502062,1034704.3519368016
30,13,1.4739912918919,1.946028514201334,1.9419578437774603,1.7355107333609978,1.4614239353795155,0.10335105073834586,0.7716847303730113,1.0,0.7,1.0,0.6,21,2630.066502021145,82696.23704140056
30,14,1.700783906462398,2.1673786470149827,2.1630231347068336,1.957971309183606,1.7059511366173061,0.10430731251393222,1.0,1.0,0.7,1.0,0.6,22,7215.451512732454,1045539.5035923156
30,15,1.6939890769763877,2.1393535458749304,2.1318928774712225,1.9176424646281718,1.7871052015043718,0.10381317676557678,1.0,1.0,0.7,1.0,0.6,23,4466.243181068571,812782.4915807606
30,16,1.6870543593871763,2.1104846263911985,2.10406658951449,1.9062263092431269,1.7382490464557954,0.1020120882993154,1.0,1.0,0.7,1.0,0.6,25,4377.008315758686,637506.7716992395
30,17,1.6839783893468878,2.0871528237138284,2.079863899395528,1.8850464860905412,1.718794253513328,0.10203024862801231,1.0,1.0,0.7,1.0,0.6,27,4953.466309936808,663377.7795933323
30,18,1.5442537728007628,1.9353708356416979,1.9296370356047432,1.7531011337637343,1.6004774447630283,0.10171048253890147,0.8623110615656365,1.0,0.7,1.0,0.6,28,2863.647853949772,659925.6537166925
30,19,1.657977187418123,2.0110634272918584,2.0037715932828157,1.8396541784297291,1.742221453758607,0.10039125124243091,0.980690786634163,1.0,0.7,1.0,0.6,30,3264.699610043755,673001.8187149873
30,20,1.657960382001825,2.012157186234954,2.0069787293757533,1.8493671204319067,1.6514756452353105,0.10039125124243091,0.9806907866341629,1.0,0.7,1.0,0.6,32,3246.552149599172,672559.100743886
30,21,1.647947585218812,1.9993031193128106,1.9940104546228747,1.836837391586831,1.6547174394584991,0.10041922990331795,0.9708775695500224,1.0,0.7,1.0,0.6,33,3085.3023738394304,664919.8035296169
30,22,1.5799288142011303,1.9208476196710018,1.9172069559209017,1.7683517985162092,1.629934754765956,0.10038683388664138,0.9037178121291969,1.0,0.7,1.0,0.6,34,2519.9121484562306,607232.7223117927
30,23,1.590365666511983,1.9173878402428608,1.9111280830597503,1.7441448381292375,1.613914295110935,0.10033738172076287,0.9149436397794999,1.0,0.7,1.0,0.6,36,2506.220809793125,389731.1350948424
30,24,1.593253640008065,1.9189910410931943,1.9126806370197582,1.7526637371912503,1.5911165512265506,0.10004689811198068,0.9181075549867763,1.0,0.7,1.0,0.6,38,2566.863302483885,390579.59203832864
30,25,1.6567993860370769,1.9727638585737455,1.968139566730736,1.8404269725923288,1.7034388230822977,0.10064172179251762,0.981821773992692,1.0,0.7,1.0,0.6,39,2908.877702980777,474172.578251407
30,26,1.6144136719976179,1.9094694556326144,1.906101376065172,1.7885186817449759,1.6617027432634015,0.10029449563618369,0.9406561399363053,1.0,0.7,1.0,0.6,41,2220.5586270734334,416784.2906054574
30,27,1.6256560189305294,1.91980161610471,1.9163981018027765,1.8025484833943453,1.6242976216149412,0.10029030634252034,0.951938033948552,1.0,0.7,1.0,0.6,43,2257.52388086078,417542.0434158646
30,28,1.6083905113356285,1.9011447563671875,1.8976875456092057,1.7909206896408492,1.6110755223535818,0.10027232529015481,0.9347366866965541,1.0,0.7,1.0,0.6,44,2168.737240043414,416584.0190493832
30,29,1.633949524905856,1.920181740910457,1.914401350097251,1.819258558810665,1.6543520712563926,0.10060914892003303,0.9602518619908906,1.0,0.7,1.0,0.6,45,2339.3750056307063,417722.5047528998
30,30,1.6882312229099345,1.9796731513386123,1.9823773707761756,1.9468478742600337,1.6850366973696116,0.12137554081670143,1.0,1.0,0.7,1.0,0.6,50,3332.0319611237605,619633.0054235453
30,31,1.6882951186114146,1.9786194934048833,1.981280590470675,1.9570018567095464,1.6901346312210408,0.12152356273453246,1.0,1.0,0.7,1.0,0.6,51,3344.722276817702,626617.8190875882
30,32,1.6888938152380533,1.9767063639116564,1.9792704515946378,1.967156013986318,1.6971384478744738,0.12250393330603575,1.0,1.0,0.7,1.0,0.6,52,3057.869564336876,622742.3258814069
30,33,1.6874840710418222,1.962424990595529,1.9644934702249053,1.961699700585244,1.7138741708563923,0.1210811605692175,1.0,1.0,0.7,1.0,0.6,54,3195.7180153212744,625482.4430078579
30,34,1.6874593493621868,1.9628904113145933,1.9670488115139722,1.972848324278195,1.6866258093612698,0.12108116056921751,1.0,1.0,0.7,1.0,0.6,56,3205.850624021085,625719.0191473543
30,35,1.7394758589956214,1.9943319466630292,1.997702268210284,2.002918246207774,1.7835841334837657,0.19617470198673986,1.0,1.0,0.7,1.0,0.6,58,2762.861696133484,576227.7748552524
30,36,1.7407894874321337,1.99500620330044,1.9983521361717238,2.0075123707781293,1.741532606299891,0.19807316505094028,1.0,1.0,0.7,1.0,0.6,59,2791.26813426684,573666.8226804761
30,37,1.7402322789702835,1.9923855700647186,1.9956527212743946,2.0089552755246736,1.7474160250797204,0.1973465077082624,1.0,1.0,0.7,1.0,0.6,60,2522.879148920502,570250.3028429799
30,38,1.7392995942786853,1.9911029057010166,1.9943566684405316,2.015400267785096,1.7387444093662565,0.1960253810781488,1.0,1.0,0.7,1.0,0.6,61,2786.831822451779,577337.3182290497
30,39,1.739904171671208,1.9871019433710129,1.9901800118565505,2.0118788196334405,1.7586383255253115,0.1970382124045384,1.0,1.0,0.7,1.0,0.6,62,2547.270146574692,571375.9889724022
30,40,1.7399822431475713,1.9846051981780248,1.9875851888543519,2.025505839853121,1.7437954241167088,0.1972293456445364,1.0,1.0,0.7,1.0,0.6,64,2657.0594759692817,579787.9646469383
30,41,1.7397301504705243,1.9827218948662981,1.9856397071625045,2.0237765237925305,1.7451086216918252,0.1969185587712719,1.0,1.0,0.7,1.0,0.6,65,2737.484262599163,583482.7681482252
30,42,1.7395292809405425,1.9805160607402552,1.983357462315125,2.0295760479055422,1.7466650739005165,0.19669148002795625,1.0,1.0,0.7,1.0,0.6,66,2631.374528298091,578549.519299466
30,43,1.739485223866767,1.9799333468161797,1.9827542744685895,2.029039947799625,1.7400427908765024,0.19664428074535906,1.0,1.0,0.7,1.0,0.6,67,2763.5532469090995,584629.7590218653
30,44,1.7403814778265563,1.9789129703611743,1.981660924019733,2.0403508094504477,1.7471662206506218,0.19798039747399288,1.0,1.0,0.7,1.0,0.6,68,2583.1693454539823,578597.6921335926
30,45,1.742288547587409,1.9806591576471004,1.98547258691584,2.0530747226249324,1.743859105331715,0.20074738649060922,1.0,1.0,0.7,1.0,0.6,70,2599.6992236745705,570857.8669172177
30,46,1.7394483617308238,1.9752271810983215,1.9778704207994142,2.04876702198137,1.7433195572671734,0.196725310250708,1.0,1.0,0.7,1.0,0.6,71,2687.5245810915203,582242.4177621049
30,47,1.7392436418790616,1.9519402636662102,1.9537073946656758,2.0272357541451624,1.8408244072083146,0.19700636398211663,1.0,1.0,0.7,1.0,0.6,72,2711.5892213333595,581907.8952749893
30,48,1.5368539558490624,1.7442057063113112,1.745770483256888,1.8330869115482709,1.5403343482039458,0.1007073415499768,0.8650994008799799,1.0,0.7,1.0,0.6,77,1707.4366248929002,408500.4877648303
30,49,1.59034946201142,1.7953078193902257,1.796782026107771,1.8921905411976003,1.5997585521996869,0.10082755085473365,0.9185451704236172,1.0,0.7,1.0,0.6,78,2191.8978973714425,452455.1388328492
30,50,1.5436879202863958,1.740087226746001,1.741237774367138,1.8381227170876664,1.5805797694920174,0.1006125879278464,0.8721504292210241,1.0,0.7,1.0,0.6,79,1738.755483197445,409167.3072296907
30,51,1.5451767511430077,1.733393371085112,1.734234844826243,1.8403081848243028,1.5623204701591782,0.10059250975388134,0.8737553601207914,1.0,0.7,1.0,0.6,81,1743.3119665713637,410514.010179932
30,52,1.6727495825245127,1.8498968566048943,1.8503206742631724,1.9662334627738347,1.7212875987465384,0.10266984974972333,1.0,1.0,0.7,1.0,0.6,82,1242.1278988844908,383535.389068466
30,53,1.6726351113296625,1.840174529736616,1.8402363004020073,1.9655966986880689,1.6930130155777992,0.10264500192469843,1.0,1.0,0.7,1.0,0.6,84,1247.228256394693,384853.9063410516
30,54,1.672555626990936,1.8334084530598505,1.8332184566463838,1.967624923394462,1.6865516661288664,0.10262026731901745,1.0,1.0,0.7,1.0,0.6,86,1253.643807381104,386184.3234263699
30,55,1.6724126861830473,1.8278421279081845,1.8274480410134712,1.9747886954072928,1.695614349854801,0.10248383145231983,1.0,1.0,0.7,1.0,0.6,87,1744.1974831383536,408776.903438488
30,56,1.6724292338346416,1.8279985352344283,1.8296818165186575,1.9741031152664394,1.6735278720981115,0.10252198177385441,1.0,1.0,0.7,1.0,0.6,90,1261.4445893503475,386377.7217290996
30,57,1.522842264946392,1.6757481081907786,1.6731869056116446,1.8241591475116232,1.5222695043465424,0.1168978784383482,0.8403500776362188,1.0,0.7,1.0,0.6,91,1338.7836393674588,379614.487103949
30,58,1.5228091537079504,1.6767674606404364,1.6783901636416347,1.8476044670600666,1.5256506105208456,0.11701398469695416,0.8402489186318925,1.0,0.7,1.0,0.6,93,1340.1423658984015,379718.9326823741
30,59,1.549747225538054,1.7017459600577527,1.703294957265805,1.8564277838825105,1.5519971229454517,0.10041112963526808,0.8788250850128968,1.0,0.7,1.0,0.6,96,1398.555890300909,381582.4360592917
30,60,1.5109979503218287,1.6532098896356402,1.6585354232821237,1.8990393010342754,1.5214406939800411,0.10019842144812836,0.8403197359910592,1.0,0.7,1.0,0.6,101,1346.414433302298,397987.6237323415
30,61,1.513312491652242,1.6509209934342786,1.6560735777907438,1.909865183296089,1.5195734544368618,0.10020940308601364,0.8426588078156001,1.0,0.7,1.0,0.6,104,1319.9421151558645,398936.8265088822
30,62,1.5289506746667891,1.6620599547462245,1.667043573021346,1.8750410427554498,1.5317801987739177,0.10037619881064348,0.8582102969873955,1.0,0.7,1.0,0.6,110,1346.9488863543977,398395.2005735759
30,63,1.5416046385941027,1.6727895288334165,1.675628600238837,1.8910934442248597,1.5437633165316371,0.10038670827868741,0.870860790157168,1.0,0.7,1.0,0.6,111,1493.497264873038,411540.3503094624
30,64,1.5268801410107562,1.655411408470584,1.6602231336856548,1.8772833731289231,1.5439798505654276,0.10035937978140227,0.8561807435784685,1.0,0.7,1.0,0.6,112,1353.211152889132,398279.72880630137
30,65,1.5286357053308395,1.657029459179257,1.6618360264956817,1.8831344170396673,1.5287948664575053,0.10033690611075068,0.8579528963680266,1.0,0.7,1.0,0.6,113,1351.629474342344,398387.3821581439
30,66,1.528664820607374,1.6564524692067852,1.6612362813985007,1.8784001406200996,1.5308939365782548,0.10031578786402529,0.8580005563872557,1.0,0.7,1.0,0.6,114,1362.125299111431,399624.4463887682
30,67,1.5309664521560076,1.658298621680796,1.6630653379139786,1.8887306908308044,1.5325345023158132,0.10032988330962664,0.86029513360857,1.0,0.7,1.0,0.6,115,1368.0423291105071,399870.4013863695
30,68,1.5418116535869753,1.6692482755874098,1.6760911847043847,1.9200623565372097,1.5467646518293168,0.10055131350686905,0.8709928136006619,1.0,0.7,1.0,0.6,116,1460.5166383151443,407380.3855787402
30,69,1.5438210038149558,1.6710864355803006,1.6779229134185663,1.8961105371774347,1.544147027321553,0.10050382722786147,0.8730364480095245,1.0,0.7,1.0,0.6,117,1417.4827054559614,408043.7571779575
30,70,1.5426073312364088,1.6665215449752173,1.6732322562336739,1.9045410488224297,1.5569791249349887,0.10048025010174204,0.8718593033583945,1.0,0.7,1.0,0.6,118,1448.5889700271182,408550.2669044965
30,71,1.5324612571172591,1.6537368719198744,1.6582762919737064,1.8932051533644225,1.534935247399304,0.10050211596787353,0.8617055387080752,1.0,0.7,1.0,0.6,120,1382.7125922882117,409049.6817486838
30,72,1.538164472153819,1.659303522602241,1.6638378184890676,1.9032971003976966,1.5383656841332214,0.1005202726160171,0.8673968375834209,1.0,0.7,1.0,0.6,121,1406.4643642783874,409068.4732562669
30,73,1.5400076509605374,1.6606705350232125,1.6651869774058774,1.9047083732143433,1.5406545638711586,0.10047624504484076,0.869273578717749,1.0,0.7,1.0,0.6,123,1416.1771254875378,410440.10544440086
30,74,1.5384222935100496,1.6607504821600325,1.6694739580861917,1.91519238110393,1.5423895485515366,0.10054526879436292,0.8676455732245516,1.0,0.7,1.0,0.6,124,1416.9912357054704,409370.8985053369
30,75,1.5181352733935705,1.6317706590121945,1.6339511367946273,1.8989736986255492,1.538514043447666,0.10050231704158889,0.8474148192938922,1.0,0.7,1.0,0.6,125,1289.9066237201555,401983.4112963504
30,76,1.519848329856637,1.6327049695477531,1.6348562227065337,1.9127540519946642,1.5229413263549252,0.10043646712054717,0.8491782171588198,1.0,0.7,1.0,0.6,126,1292.5468351476986,402006.2679012012
30,77,1.5190931855229242,1.6342257549425026,1.6406070146088765,1.920592334047348,1.5203787922633958,0.10053572751559918,0.8483556018343782,1.0,0.7,1.0,0.6,127,1282.6111688647063,402250.6113694077
30,78,1.5211670657826146,1.633245930377547,1.6353680040170966,1.921892899093085,1.522709891993058,0.10045230334933766,0.8504901938681201,1.0,0.7,1.0,0.6,128,1295.0936625082954,401937.18353921786
30,79,1.5094191429215047,1.617727374189022,1.6197080895887614,1.8512477395997848,1.5173129058988177,0.10086473357433681,0.8384731786546927,1.0,0.7,1.0,0.6,130,1498.2962046742805,396977.3012239394
30,80,1.5129494009101498,1.6203739430071602,1.622321480616149,1.8539746395442274,1.5145472196228544,0.10084211380737824,0.8420237693085634,1.0,0.7,1.0,0.6,132,1542.8398448419423,399149.9963093679
30,81,1.5302111249623263,1.6374776843644265,1.6394192967534211,1.9428182770437514,1.5305696203916614,0.10057329946749852,0.8594744665365335,1.0,0.7,1.0,0.6,133,1392.905308027407,405367.29279904894
30,82,1.5219298808918829,1.6287207269537092,1.6306445010106247,1.9440305276319028,1.5237003573596524,0.10035681936470801,0.8513471849860924,1.0,0.7,1.0,0.6,134,1309.2904678850043,402533.32459547895
30,83,1.5075818827089922,1.6078108065099914,1.609488582330393,1.867831007420314,1.5361547974459113,0.10083424070289879,0.836697137391232,1.0,0.7,1.0,0.6,135,1462.353567844035,397026.5272785052
30,84,1.5071467833436119,1.6066430884471368,1.6082934042131698,1.8624871402345602,1.5100808084372432,0.10089593940516076,0.8362223159902171,1.0,0.7,1.0,0.6,136,1469.9022975974074,395338.73233893095
30,85,1.508864627459654,1.60612249116584,1.607688910685627,1.866632534554511,1.518420950760001,0.1008510796632243,0.8379819653917225,1.0,0.7,1.0,0.6,137,1478.2350376641557,396640.7007108671
30,86,1.5068826935513493,1.6031041572656473,1.6046317608677731,1.8720290073808474,1.5111608505814522,0.1008557273805468,0.8360015189720938,1.0,0.7,1.0,0.6,138,1474.6327575286898,395323.7314918997
30,87,1.5068826935514892,1.6031041572656473,1.6046317608677731,1.8720290073808474,1.506600613859911,0.1008557273805468,0.8360015189720938,1.0,0.7,1.0,0.6,139,1474.632758552242,395323.7315195905
30,88,1.507600579881307,1.6036786140031118,1.6052008163142206,1.8768715646935812,1.5079498325994651,0.10084696071565431,0.8367261943156017,1.0,0.7,1.0,0.6,140,1472.6420829792016,395428.3625024197
30,89,1.508762693969726,1.6029807743112783,1.6044332938552106,1.884866064134333,1.512581447459603,0.1008349467019086,0.8379050903904061,1.0,0.7,1.0,0.6,142,1464.9574297622958,395618.3111007381
30,90,1.5108322243866041,1.6020313251838223,1.6054431152451323,1.9262661263158085,1.5297125305170716,0.10068737787235156,0.8400968931868154,1.0,0.7,1.0,0.6,143,1468.0260708004755,394840.9115005813
30,91,1.5151386350076697,1.6015948304677385,1.6027565255224312,1.9310406931908548,1.5224030295859614,0.10080473392695546,0.8443354646815118,1.0,0.7,1.0,0.6,145,1505.790850093059,395855.0873500692
30,92,1.5149191450771442,1.5995651335289338,1.6006590336369229,1.94195847859825,1.517344785247208,0.10076320621039998,0.8441524488506357,1.0,0.7,1.0,0.6,148,1514.039617870859,395976.0820499882
30,93,1.513293823202273,1.5974104194393501,1.5984844925024566,1.9526172784040017,1.5153899686326837,0.10080679868363655,0.8424987475037253,1.0,0.7,1.0,0.6,149,1514.6095680982835,394612.04552681657
30,94,1.5144868220918717,1.5993050659578887,1.6024777976249367,1.9627558559123908,1.5170031381928348,0.10080642708438683,0.8436945103983925,1.0,0.7,1.0,0.6,150,1495.109155540776,394339.1311178195
30,95,1.514252944520257,1.5968713462229593,1.5999616990213734,1.956249122738131,1.5237045762509065,0.10079791547576451,0.8434752895958985,1.0,0.7,1.0,0.6,151,1524.956065362422,395688.5492027315
30,96,1.5141324106348093,1.5964639714443472,1.5995435807268756,1.9601580324843058,1.5151755345563562,0.10080404945712691,0.8433515823786205,1.0,0.7,1.0,0.6,152,1520.511881863976,395542.1115961186
30,97,1.5152050462149647,1.5960188266253281,1.5990415990381903,1.9684387685302442,1.518329907172486,0.10080115472312516,0.8444321192561348,1.0,0.7,1.0,0.6,154,1516.6594525934845,395767.8817114301
30,98,1.5147890072252872,1.596685173179098,1.6018208528103197,1.9773031501832143,1.515655693947312,0.10078722406336019,0.8440267723320038,1.0,0.7,1.0,0.6,155,1509.0101837772288,395481.0279698169
30,99,1.5046160770337975,1.5841751339831913,1.5871509166866684,1.9610055316821153,1.508847529148632,0.10051263635812999,0.8340499013788574,1.0,0.7,1.0,0.6,156,1529.7521337461565,395162.61202449433
30,100,1.466749688636369,1.5470079412865618,1.5541546682136262,1.9395508974608497,1.4751465108982451,0.10089817647115085,0.7959209780459667,1.0,0.7,1.0,0.6,157,1347.0332948875755,379151.0370023557
30,101,1.4712911123607737,1.5512988838281134,1.5584362208591256,1.9438738544574834,1.471371258102574,0.10105255829581043,0.8003552777143673,1.0,0.7,1.0,0.6,161,1340.8971854849242,379308.5056342427
30,102,1.4586066235758763,1.5371983929313169,1.5442827231178087,1.942873944356856,1.464636040600174,0.10095541676703253,0.7877440001043456,1.0,0.7,1.0,0.6,162,1348.1113712539188,378717.8830445846
30,103,1.4548484177138132,1.53298290421246,1.540050105011368,1.9526661082199621,1.4566526965679167,0.10093627788477662,0.7840008482677326,1.0,0.7,1.0,0.6,163,1369.2154511145288,378739.62556859583
30,104,1.4782918336965705,1.5518324380304964,1.5566552374098965,1.9678545895184554,1.4925516996557886,0.10067194886449901,0.8076410521891976,1.0,0.7,1.0,0.6,164,1337.16743416147,377333.10479256784
30,105,1.482347403317919,1.5559217408399602,1.5628182199654297,1.98042593631792,1.4850165843827086,0.10076149804634896,0.8116384653199787,1.0,0.7,1.0,0.6,166,1328.8973515851053,377467.5940824972
30,106,1.5070557771824755,1.584102619976047,1.5973463401274925,2.0597821421367577,1.5074197691623512,0.10097248934274194,0.8362008433847083,1.0,0.7,1.0,0.6,170,1430.2501839153329,378002.8803290242
30,107,1.4983139154845877,1.5677943920967663,1.5745376228343781,2.0329782094140643,1.5020917655131005,0.10067736876170408,0.8276777398610292,1.0,0.7,1.0,0.6,174,1293.4645118839303,378914.8716100212
30,108,1.4789253856102327,1.548022089124323,1.5547509549897511,2.025185455965241,1.479611253268097,0.10084547857730279,0.8081728156621771,1.0,0.7,1.0,0.6,176,1284.7829765180893,378118.9591367429
30,109,1.482287716548004,1.5496140908962324,1.5562766877830536,2.045701484181774,1.4847339295436268,0.10043119327023249,0.8118309906138086,1.0,0.7,1.0,0.6,179,1399.5623276169656,378836.3987360472
30,110,1.4883074792662103,1.5536790555476268,1.5602684957114348,2.044261341156197,1.4967129797561516,0.10043262906132615,0.8178560362595461,1.0,0.7,1.0,0.6,180,1372.7438906333325,377471.6288097796
30,111,1.4822041003988984,1.5489975032497472,1.5597850071809893,2.065967921265925,1.4849481210542927,0.10067223806658454,0.8115891080212748,1.0,0.7,1.0,0.6,182,1363.2828927628643,377640.8512659441
30,112,1.4858273322943607,1.549368425591612,1.560034234074207,2.0622110830168476,1.4996229646823929,0.10060004052281586,0.8152727263625861,1.0,0.7,1.0,0.6,183,1374.1246970550003,377500.9404981736
30,113,1.4858697105094498,1.5490357814211264,1.5596875375934864,2.070752516142196,1.4874103500989053,0.10067506144358611,0.8152637522488624,1.0,0.7,1.0,0.6,184,1364.8963338185902,377644.0020504971
30,114,1.4816558390385128,1.54191491105982,1.552457907889886,2.081566181888654,1.494277317422139,0.10066161294165603,0.8110680006934718,1.0,0.7,1.0,0.6,185,1333.7846667034398,378257.57503339497
30,115,1.4855010944764118,1.5432224638381853,1.5536705195235998,2.0787087848983257,1.4965303232476674,0.1005857246741632,0.8149737853217658,1.0,0.7,1.0,0.6,186,1371.3893739259263,377680.11256595457
30,116,1.4886028908864812,1.5452839549784632,1.555693104234784,2.0852868539464517,1.4930577749451515,0.10064262041781558,0.8180387371734463,1.0,0.7,1.0,0.6,187,1352.4993779402887,378646.6718246352
30,117,1.4808323741276592,1.5388653102055865,1.5534698732905299,2.139776680135267,1.4811986492590754,0.10045369619736726,0.8104041585200177,1.0,0.7,1.0,0.6,199,1382.0833570517468,378813.82238887605
