Dataset,Run,Method,Weight,Metric,Test_Metric,Spearman
1096_FacultySalaries,1,SVP,w0.5_0.6_0.1,MSE_Train,MSE_Test_Interpolation,-0.5279153179949261
1096_FacultySalaries,1,SVP,w0.5_0.6_0.1,AIC_Train,MSE_Test_Interpolation,-0.5607733356661709
1096_FacultySalaries,1,SVP,w0.5_0.6_0.1,BIC_Train,MSE_Test_Interpolation,-0.6249147056250546
1096_FacultySalaries,1,SVP,w0.5_0.6_0.1,MDL_Train,MSE_Test_Interpolation,0.07871577289825912
1096_FacultySalaries,1,SVP,w0.5_0.6_0.1,PSM_Train,MSE_Test_Interpolation,-0.49992126673081966
1096_FacultySalaries,1,SVP,w0.5_0.6_0.1,MSE_Train,MSE_Test_Extrapolation,-0.29472487096491995
1096_FacultySalaries,1,SVP,w0.5_0.6_0.1,AIC_Train,MSE_Test_Extrapolation,-0.2508441956084332
1096_FacultySalaries,1,SVP,w0.5_0.6_0.1,BIC_Train,MSE_Test_Extrapolation,-0.14730119849531972
1096_FacultySalaries,1,SVP,w0.5_0.6_0.1,MDL_Train,MSE_Test_Extrapolation,0.757116612719797
1096_FacultySalaries,1,SVP,w0.5_0.6_0.1,PSM_Train,MSE_Test_Extrapolation,-0.006596098329105066
1096_FacultySalaries,2,SVP,w0.5_0.6_0.1,MSE_Train,MSE_Test_Interpolation,-0.5420533430763611
1096_FacultySalaries,2,SVP,w0.5_0.6_0.1,AIC_Train,MSE_Test_Interpolation,-0.5001826817683596
1096_FacultySalaries,2,SVP,w0.5_0.6_0.1,BIC_Train,MSE_Test_Interpolation,-0.3736572890025576
1096_FacultySalaries,2,SVP,w0.5_0.6_0.1,MDL_Train,MSE_Test_Interpolation,0.46035805626598475
1096_FacultySalaries,2,SVP,w0.5_0.6_0.1,PSM_Train,MSE_Test_Interpolation,-0.08896602119108513
1096_FacultySalaries,2,SVP,w0.5_0.6_0.1,MSE_Train,MSE_Test_Extrapolation,-0.2918523931311655
1096_FacultySalaries,2,SVP,w0.5_0.6_0.1,AIC_Train,MSE_Test_Extrapolation,-0.3576178297405919
1096_FacultySalaries,2,SVP,w0.5_0.6_0.1,BIC_Train,MSE_Test_Extrapolation,-0.2502009499451955
1096_FacultySalaries,2,SVP,w0.5_0.6_0.1,MDL_Train,MSE_Test_Extrapolation,0.49663865546218494
1096_FacultySalaries,2,SVP,w0.5_0.6_0.1,PSM_Train,MSE_Test_Extrapolation,0.1493240774570698
1096_FacultySalaries,3,SVP,w0.5_0.6_0.1,MSE_Train,MSE_Test_Interpolation,0.4903785100548371
1096_FacultySalaries,3,SVP,w0.5_0.6_0.1,AIC_Train,MSE_Test_Interpolation,0.5346767422334172
1096_FacultySalaries,3,SVP,w0.5_0.6_0.1,BIC_Train,MSE_Test_Interpolation,0.5364819479429052
1096_FacultySalaries,3,SVP,w0.5_0.6_0.1,MDL_Train,MSE_Test_Interpolation,-0.5433765035516219
1096_FacultySalaries,3,SVP,w0.5_0.6_0.1,PSM_Train,MSE_Test_Interpolation,-0.25627085919039494
1096_FacultySalaries,3,SVP,w0.5_0.6_0.1,MSE_Train,MSE_Test_Extrapolation,0.1012037824165906
1096_FacultySalaries,3,SVP,w0.5_0.6_0.1,AIC_Train,MSE_Test_Extrapolation,0.12151362018266637
1096_FacultySalaries,3,SVP,w0.5_0.6_0.1,BIC_Train,MSE_Test_Extrapolation,0.10520405326576678
1096_FacultySalaries,3,SVP,w0.5_0.6_0.1,MDL_Train,MSE_Test_Extrapolation,-0.15306952410649072
1096_FacultySalaries,3,SVP,w0.5_0.6_0.1,PSM_Train,MSE_Test_Extrapolation,-0.15894672215240327
1096_FacultySalaries,4,SVP,w0.5_0.6_0.1,MSE_Train,MSE_Test_Interpolation,-0.4168366447583793
1096_FacultySalaries,4,SVP,w0.5_0.6_0.1,AIC_Train,MSE_Test_Interpolation,-0.45783284228551285
1096_FacultySalaries,4,SVP,w0.5_0.6_0.1,BIC_Train,MSE_Test_Interpolation,-0.3750849890458563
1096_FacultySalaries,4,SVP,w0.5_0.6_0.1,MDL_Train,MSE_Test_Interpolation,0.4816549570647931
1096_FacultySalaries,4,SVP,w0.5_0.6_0.1,PSM_Train,MSE_Test_Interpolation,-0.23235375588627835
1096_FacultySalaries,4,SVP,w0.5_0.6_0.1,MSE_Train,MSE_Test_Extrapolation,0.3612349223137166
1096_FacultySalaries,4,SVP,w0.5_0.6_0.1,AIC_Train,MSE_Test_Extrapolation,0.31207977638437717
1096_FacultySalaries,4,SVP,w0.5_0.6_0.1,BIC_Train,MSE_Test_Extrapolation,0.2514416660371182
1096_FacultySalaries,4,SVP,w0.5_0.6_0.1,MDL_Train,MSE_Test_Extrapolation,-0.2667522852610108
1096_FacultySalaries,4,SVP,w0.5_0.6_0.1,PSM_Train,MSE_Test_Extrapolation,0.164211427564151
1096_FacultySalaries,5,SVP,w0.5_0.6_0.1,MSE_Train,MSE_Test_Interpolation,0.7777417682136376
1096_FacultySalaries,5,SVP,w0.5_0.6_0.1,AIC_Train,MSE_Test_Interpolation,0.6066891366346903
1096_FacultySalaries,5,SVP,w0.5_0.6_0.1,BIC_Train,MSE_Test_Interpolation,0.6686543946072078
1096_FacultySalaries,5,SVP,w0.5_0.6_0.1,MDL_Train,MSE_Test_Interpolation,0.8921441534871662
1096_FacultySalaries,5,SVP,w0.5_0.6_0.1,PSM_Train,MSE_Test_Interpolation,0.7292584910552243
1096_FacultySalaries,5,SVP,w0.5_0.6_0.1,MSE_Train,MSE_Test_Extrapolation,-0.567993259009593
1096_FacultySalaries,5,SVP,w0.5_0.6_0.1,AIC_Train,MSE_Test_Extrapolation,-0.6323567539538502
1096_FacultySalaries,5,SVP,w0.5_0.6_0.1,BIC_Train,MSE_Test_Extrapolation,-0.538955146486907
1096_FacultySalaries,5,SVP,w0.5_0.6_0.1,MDL_Train,MSE_Test_Extrapolation,-0.6928312159709621
1096_FacultySalaries,5,SVP,w0.5_0.6_0.1,PSM_Train,MSE_Test_Extrapolation,-0.7561576354679803
1096_FacultySalaries,6,SVP,w0.5_0.6_0.1,MSE_Train,MSE_Test_Interpolation,0.1771282426013884
1096_FacultySalaries,6,SVP,w0.5_0.6_0.1,AIC_Train,MSE_Test_Interpolation,0.13094629156010232
1096_FacultySalaries,6,SVP,w0.5_0.6_0.1,BIC_Train,MSE_Test_Interpolation,0.19744245524296677
1096_FacultySalaries,6,SVP,w0.5_0.6_0.1,MDL_Train,MSE_Test_Interpolation,-0.19817318231640485
1096_FacultySalaries,6,SVP,w0.5_0.6_0.1,PSM_Train,MSE_Test_Interpolation,0.018779685787358422
1096_FacultySalaries,6,SVP,w0.5_0.6_0.1,MSE_Train,MSE_Test_Extrapolation,-0.2173913043478261
1096_FacultySalaries,6,SVP,w0.5_0.6_0.1,AIC_Train,MSE_Test_Extrapolation,-0.29108512970405553
1096_FacultySalaries,6,SVP,w0.5_0.6_0.1,BIC_Train,MSE_Test_Extrapolation,-0.024187066130800145
1096_FacultySalaries,6,SVP,w0.5_0.6_0.1,MDL_Train,MSE_Test_Extrapolation,0.274241870661308
1096_FacultySalaries,6,SVP,w0.5_0.6_0.1,PSM_Train,MSE_Test_Extrapolation,-0.027840701497990505
1096_FacultySalaries,7,SVP,w0.5_0.6_0.1,MSE_Train,MSE_Test_Interpolation,-0.3438672438672439
1096_FacultySalaries,7,SVP,w0.5_0.6_0.1,AIC_Train,MSE_Test_Interpolation,-0.3962481962481963
1096_FacultySalaries,7,SVP,w0.5_0.6_0.1,BIC_Train,MSE_Test_Interpolation,-0.16558441558441564
1096_FacultySalaries,7,SVP,w0.5_0.6_0.1,MDL_Train,MSE_Test_Interpolation,0.3663059163059164
1096_FacultySalaries,7,SVP,w0.5_0.6_0.1,PSM_Train,MSE_Test_Interpolation,-0.056854256854256865
1096_FacultySalaries,7,SVP,w0.5_0.6_0.1,MSE_Train,MSE_Test_Extrapolation,-0.22020202020202023
1096_FacultySalaries,7,SVP,w0.5_0.6_0.1,AIC_Train,MSE_Test_Extrapolation,-0.07893217893217895
1096_FacultySalaries,7,SVP,w0.5_0.6_0.1,BIC_Train,MSE_Test_Extrapolation,0.11515151515151517
1096_FacultySalaries,7,SVP,w0.5_0.6_0.1,MDL_Train,MSE_Test_Extrapolation,0.24199134199134206
1096_FacultySalaries,7,SVP,w0.5_0.6_0.1,PSM_Train,MSE_Test_Extrapolation,-0.0450937950937951
1096_FacultySalaries,8,SVP,w0.5_0.6_0.1,MSE_Train,MSE_Test_Interpolation,0.43007432818753566
1096_FacultySalaries,8,SVP,w0.5_0.6_0.1,AIC_Train,MSE_Test_Interpolation,0.4828282828282828
1096_FacultySalaries,8,SVP,w0.5_0.6_0.1,BIC_Train,MSE_Test_Interpolation,0.4468458166571373
1096_FacultySalaries,8,SVP,w0.5_0.6_0.1,MDL_Train,MSE_Test_Interpolation,0.10249666476081569
1096_FacultySalaries,8,SVP,w0.5_0.6_0.1,PSM_Train,MSE_Test_Interpolation,0.09906613302839716
1096_FacultySalaries,8,SVP,w0.5_0.6_0.1,MSE_Train,MSE_Test_Extrapolation,-0.40987230798551544
1096_FacultySalaries,8,SVP,w0.5_0.6_0.1,AIC_Train,MSE_Test_Extrapolation,-0.24398704021345527
1096_FacultySalaries,8,SVP,w0.5_0.6_0.1,BIC_Train,MSE_Test_Extrapolation,0.15845244901848674
1096_FacultySalaries,8,SVP,w0.5_0.6_0.1,MDL_Train,MSE_Test_Extrapolation,0.6003049361539927
1096_FacultySalaries,8,SVP,w0.5_0.6_0.1,PSM_Train,MSE_Test_Extrapolation,-0.1398513436249285
1096_FacultySalaries,9,SVP,w0.5_0.6_0.1,MSE_Train,MSE_Test_Interpolation,-0.11723838471558837
1096_FacultySalaries,9,SVP,w0.5_0.6_0.1,AIC_Train,MSE_Test_Interpolation,-0.1175640468953539
1096_FacultySalaries,9,SVP,w0.5_0.6_0.1,BIC_Train,MSE_Test_Interpolation,-0.04971775944420321
1096_FacultySalaries,9,SVP,w0.5_0.6_0.1,MDL_Train,MSE_Test_Interpolation,-0.024967433782023447
1096_FacultySalaries,9,SVP,w0.5_0.6_0.1,PSM_Train,MSE_Test_Interpolation,-0.17260095527572733
1096_FacultySalaries,9,SVP,w0.5_0.6_0.1,MSE_Train,MSE_Test_Extrapolation,-0.8193660442900564
1096_FacultySalaries,9,SVP,w0.5_0.6_0.1,AIC_Train,MSE_Test_Extrapolation,-0.6953973078593139
1096_FacultySalaries,9,SVP,w0.5_0.6_0.1,BIC_Train,MSE_Test_Extrapolation,-0.6483933999131567
1096_FacultySalaries,9,SVP,w0.5_0.6_0.1,MDL_Train,MSE_Test_Extrapolation,0.6950716456795485
1096_FacultySalaries,9,SVP,w0.5_0.6_0.1,PSM_Train,MSE_Test_Extrapolation,-0.649587494572297
1096_FacultySalaries,10,SVP,w0.5_0.6_0.1,MSE_Train,MSE_Test_Interpolation,-0.09604105571847506
1096_FacultySalaries,10,SVP,w0.5_0.6_0.1,AIC_Train,MSE_Test_Interpolation,-0.19098240469208208
1096_FacultySalaries,10,SVP,w0.5_0.6_0.1,BIC_Train,MSE_Test_Interpolation,-0.22177419354838707
1096_FacultySalaries,10,SVP,w0.5_0.6_0.1,MDL_Train,MSE_Test_Interpolation,-0.34237536656891493
1096_FacultySalaries,10,SVP,w0.5_0.6_0.1,PSM_Train,MSE_Test_Interpolation,-0.19208211143695011
1096_FacultySalaries,10,SVP,w0.5_0.6_0.1,MSE_Train,MSE_Test_Extrapolation,0.08357771260997067
1096_FacultySalaries,10,SVP,w0.5_0.6_0.1,AIC_Train,MSE_Test_Extrapolation,-0.06268328445747799
1096_FacultySalaries,10,SVP,w0.5_0.6_0.1,BIC_Train,MSE_Test_Extrapolation,-0.10850439882697946
1096_FacultySalaries,10,SVP,w0.5_0.6_0.1,MDL_Train,MSE_Test_Extrapolation,-0.3702346041055718
1096_FacultySalaries,10,SVP,w0.5_0.6_0.1,PSM_Train,MSE_Test_Extrapolation,-0.10850439882697946
1096_FacultySalaries,11,SVP,w0.5_0.6_0.1,MSE_Train,MSE_Test_Interpolation,-0.11852926947266569
1096_FacultySalaries,11,SVP,w0.5_0.6_0.1,AIC_Train,MSE_Test_Interpolation,-0.7518948556684406
1096_FacultySalaries,11,SVP,w0.5_0.6_0.1,BIC_Train,MSE_Test_Interpolation,-0.7190775681341718
1096_FacultySalaries,11,SVP,w0.5_0.6_0.1,MDL_Train,MSE_Test_Interpolation,0.8172875342686663
1096_FacultySalaries,11,SVP,w0.5_0.6_0.1,PSM_Train,MSE_Test_Interpolation,0.26769875826479594
1096_FacultySalaries,11,SVP,w0.5_0.6_0.1,MSE_Train,MSE_Test_Extrapolation,0.303096274794388
1096_FacultySalaries,11,SVP,w0.5_0.6_0.1,AIC_Train,MSE_Test_Extrapolation,0.8070472504434769
1096_FacultySalaries,11,SVP,w0.5_0.6_0.1,BIC_Train,MSE_Test_Extrapolation,0.7897113368811483
1096_FacultySalaries,11,SVP,w0.5_0.6_0.1,MDL_Train,MSE_Test_Extrapolation,-0.7474600870827285
1096_FacultySalaries,11,SVP,w0.5_0.6_0.1,PSM_Train,MSE_Test_Extrapolation,-0.21230446702144815
1096_FacultySalaries,12,SVP,w0.5_0.6_0.1,MSE_Train,MSE_Test_Interpolation,0.4444427989633469
1096_FacultySalaries,12,SVP,w0.5_0.6_0.1,AIC_Train,MSE_Test_Interpolation,0.42655312847093657
1096_FacultySalaries,12,SVP,w0.5_0.6_0.1,BIC_Train,MSE_Test_Interpolation,0.5096038504257682
1096_FacultySalaries,12,SVP,w0.5_0.6_0.1,MDL_Train,MSE_Test_Interpolation,-0.42634579785264703
1096_FacultySalaries,12,SVP,w0.5_0.6_0.1,PSM_Train,MSE_Test_Interpolation,0.12473898556090335
1096_FacultySalaries,12,SVP,w0.5_0.6_0.1,MSE_Train,MSE_Test_Extrapolation,-0.37732691595705287
1096_FacultySalaries,12,SVP,w0.5_0.6_0.1,AIC_Train,MSE_Test_Extrapolation,-0.32783413550536833
1096_FacultySalaries,12,SVP,w0.5_0.6_0.1,BIC_Train,MSE_Test_Extrapolation,-0.10024435394298406
1096_FacultySalaries,12,SVP,w0.5_0.6_0.1,MDL_Train,MSE_Test_Extrapolation,0.38529433543132163
1096_FacultySalaries,12,SVP,w0.5_0.6_0.1,PSM_Train,MSE_Test_Extrapolation,0.003509811181044057
1096_FacultySalaries,13,SVP,w0.5_0.6_0.1,MSE_Train,MSE_Test_Interpolation,0.28459183673469385
1096_FacultySalaries,13,SVP,w0.5_0.6_0.1,AIC_Train,MSE_Test_Interpolation,0.28908163265306114
1096_FacultySalaries,13,SVP,w0.5_0.6_0.1,BIC_Train,MSE_Test_Interpolation,0.3070408163265306
1096_FacultySalaries,13,SVP,w0.5_0.6_0.1,MDL_Train,MSE_Test_Interpolation,-0.30081632653061224
1096_FacultySalaries,13,SVP,w0.5_0.6_0.1,PSM_Train,MSE_Test_Interpolation,0.0062244897959183665
1096_FacultySalaries,13,SVP,w0.5_0.6_0.1,MSE_Train,MSE_Test_Extrapolation,0.1430612244897959
1096_FacultySalaries,13,SVP,w0.5_0.6_0.1,AIC_Train,MSE_Test_Extrapolation,0.1437755102040816
1096_FacultySalaries,13,SVP,w0.5_0.6_0.1,BIC_Train,MSE_Test_Extrapolation,0.03806122448979591
1096_FacultySalaries,13,SVP,w0.5_0.6_0.1,MDL_Train,MSE_Test_Extrapolation,-0.13142857142857142
1096_FacultySalaries,13,SVP,w0.5_0.6_0.1,PSM_Train,MSE_Test_Extrapolation,0.0807142857142857
1096_FacultySalaries,14,SVP,w0.5_0.6_0.1,MSE_Train,MSE_Test_Interpolation,0.2985236647850629
1096_FacultySalaries,14,SVP,w0.5_0.6_0.1,AIC_Train,MSE_Test_Interpolation,0.2159140251845419
1096_FacultySalaries,14,SVP,w0.5_0.6_0.1,BIC_Train,MSE_Test_Interpolation,0.2111376465479809
1096_FacultySalaries,14,SVP,w0.5_0.6_0.1,MDL_Train,MSE_Test_Interpolation,-0.06828050369083803
1096_FacultySalaries,14,SVP,w0.5_0.6_0.1,PSM_Train,MSE_Test_Interpolation,0.19832826747720364
1096_FacultySalaries,14,SVP,w0.5_0.6_0.1,MSE_Train,MSE_Test_Extrapolation,0.2101606600086843
1096_FacultySalaries,14,SVP,w0.5_0.6_0.1,AIC_Train,MSE_Test_Extrapolation,0.1508901432913591
1096_FacultySalaries,14,SVP,w0.5_0.6_0.1,BIC_Train,MSE_Test_Extrapolation,0.05981328701693444
1096_FacultySalaries,14,SVP,w0.5_0.6_0.1,MDL_Train,MSE_Test_Extrapolation,0.10985670864090316
1096_FacultySalaries,14,SVP,w0.5_0.6_0.1,PSM_Train,MSE_Test_Extrapolation,0.15740338688666955
1096_FacultySalaries,15,SVP,w0.5_0.6_0.1,MSE_Train,MSE_Test_Interpolation,0.37519203413940255
1096_FacultySalaries,15,SVP,w0.5_0.6_0.1,AIC_Train,MSE_Test_Interpolation,0.30608819345661453
1096_FacultySalaries,15,SVP,w0.5_0.6_0.1,BIC_Train,MSE_Test_Interpolation,0.3303271692745377
1096_FacultySalaries,15,SVP,w0.5_0.6_0.1,MDL_Train,MSE_Test_Interpolation,0.48034139402560455
1096_FacultySalaries,15,SVP,w0.5_0.6_0.1,PSM_Train,MSE_Test_Interpolation,0.3082503556187767
1096_FacultySalaries,15,SVP,w0.5_0.6_0.1,MSE_Train,MSE_Test_Extrapolation,0.21570412517780937
1096_FacultySalaries,15,SVP,w0.5_0.6_0.1,AIC_Train,MSE_Test_Extrapolation,0.12725462304409674
1096_FacultySalaries,15,SVP,w0.5_0.6_0.1,BIC_Train,MSE_Test_Extrapolation,0.11066856330014226
1096_FacultySalaries,15,SVP,w0.5_0.6_0.1,MDL_Train,MSE_Test_Extrapolation,-0.08082503556187767
1096_FacultySalaries,15,SVP,w0.5_0.6_0.1,PSM_Train,MSE_Test_Extrapolation,0.11840682788051209
1096_FacultySalaries,16,SVP,w0.5_0.6_0.1,MSE_Train,MSE_Test_Interpolation,-0.16639940791908228
1096_FacultySalaries,16,SVP,w0.5_0.6_0.1,AIC_Train,MSE_Test_Interpolation,-0.10336746021956335
1096_FacultySalaries,16,SVP,w0.5_0.6_0.1,BIC_Train,MSE_Test_Interpolation,-0.05945479215492785
1096_FacultySalaries,16,SVP,w0.5_0.6_0.1,MDL_Train,MSE_Test_Interpolation,0.25705387165695315
1096_FacultySalaries,16,SVP,w0.5_0.6_0.1,PSM_Train,MSE_Test_Interpolation,-0.2739523267514841
1096_FacultySalaries,16,SVP,w0.5_0.6_0.1,MSE_Train,MSE_Test_Extrapolation,-0.28345873936104604
1096_FacultySalaries,16,SVP,w0.5_0.6_0.1,AIC_Train,MSE_Test_Extrapolation,-0.18157148143579624
1096_FacultySalaries,16,SVP,w0.5_0.6_0.1,BIC_Train,MSE_Test_Extrapolation,0.10312075983717775
1096_FacultySalaries,16,SVP,w0.5_0.6_0.1,MDL_Train,MSE_Test_Extrapolation,0.42098122071265887
1096_FacultySalaries,16,SVP,w0.5_0.6_0.1,PSM_Train,MSE_Test_Extrapolation,-0.27333559481372754
1096_FacultySalaries,17,SVP,w0.5_0.6_0.1,MSE_Train,MSE_Test_Interpolation,0.37539486041150855
1096_FacultySalaries,17,SVP,w0.5_0.6_0.1,AIC_Train,MSE_Test_Interpolation,0.4812601383078631
1096_FacultySalaries,17,SVP,w0.5_0.6_0.1,BIC_Train,MSE_Test_Interpolation,0.469819858277128
1096_FacultySalaries,17,SVP,w0.5_0.6_0.1,MDL_Train,MSE_Test_Interpolation,-0.19149662767864764
1096_FacultySalaries,17,SVP,w0.5_0.6_0.1,PSM_Train,MSE_Test_Interpolation,0.014769913771023649
1096_FacultySalaries,17,SVP,w0.5_0.6_0.1,MSE_Train,MSE_Test_Extrapolation,0.2471612737983437
1096_FacultySalaries,17,SVP,w0.5_0.6_0.1,AIC_Train,MSE_Test_Extrapolation,0.2624434389140271
1096_FacultySalaries,17,SVP,w0.5_0.6_0.1,BIC_Train,MSE_Test_Extrapolation,0.19747289336634508
1096_FacultySalaries,17,SVP,w0.5_0.6_0.1,MDL_Train,MSE_Test_Extrapolation,-0.30120379065995045
1096_FacultySalaries,17,SVP,w0.5_0.6_0.1,PSM_Train,MSE_Test_Extrapolation,0.052676513275847346
1096_FacultySalaries,18,SVP,w0.5_0.6_0.1,MSE_Train,MSE_Test_Interpolation,0.16953450659004585
1096_FacultySalaries,18,SVP,w0.5_0.6_0.1,AIC_Train,MSE_Test_Interpolation,0.6397514175944973
1096_FacultySalaries,18,SVP,w0.5_0.6_0.1,BIC_Train,MSE_Test_Interpolation,0.5902526093534028
1096_FacultySalaries,18,SVP,w0.5_0.6_0.1,MDL_Train,MSE_Test_Interpolation,-0.680543311457211
1096_FacultySalaries,18,SVP,w0.5_0.6_0.1,PSM_Train,MSE_Test_Interpolation,-0.2594551648327728
1096_FacultySalaries,18,SVP,w0.5_0.6_0.1,MSE_Train,MSE_Test_Extrapolation,0.1624383713716655
1096_FacultySalaries,18,SVP,w0.5_0.6_0.1,AIC_Train,MSE_Test_Extrapolation,-0.44621847824903954
1096_FacultySalaries,18,SVP,w0.5_0.6_0.1,BIC_Train,MSE_Test_Extrapolation,-0.2622196101479087
1096_FacultySalaries,18,SVP,w0.5_0.6_0.1,MDL_Train,MSE_Test_Extrapolation,0.7238384432037093
1096_FacultySalaries,18,SVP,w0.5_0.6_0.1,PSM_Train,MSE_Test_Extrapolation,0.4261925751787638
1096_FacultySalaries,19,SVP,w0.5_0.6_0.1,MSE_Train,MSE_Test_Interpolation,0.32544813399941225
1096_FacultySalaries,19,SVP,w0.5_0.6_0.1,AIC_Train,MSE_Test_Interpolation,0.025334788631879435
1096_FacultySalaries,19,SVP,w0.5_0.6_0.1,BIC_Train,MSE_Test_Interpolation,-0.4868813232022165
1096_FacultySalaries,19,SVP,w0.5_0.6_0.1,MDL_Train,MSE_Test_Interpolation,-0.016896855715545108
1096_FacultySalaries,19,SVP,w0.5_0.6_0.1,PSM_Train,MSE_Test_Interpolation,0.28153729902187147
1096_FacultySalaries,19,SVP,w0.5_0.6_0.1,MSE_Train,MSE_Test_Extrapolation,-0.08209143192980982
1096_FacultySalaries,19,SVP,w0.5_0.6_0.1,AIC_Train,MSE_Test_Extrapolation,0.033268964359178865
1096_FacultySalaries,19,SVP,w0.5_0.6_0.1,BIC_Train,MSE_Test_Extrapolation,-0.025649636875026235
1096_FacultySalaries,19,SVP,w0.5_0.6_0.1,MDL_Train,MSE_Test_Extrapolation,-0.36627345619411444
1096_FacultySalaries,19,SVP,w0.5_0.6_0.1,PSM_Train,MSE_Test_Extrapolation,-0.18355652575458628
1096_FacultySalaries,20,SVP,w0.5_0.6_0.1,MSE_Train,MSE_Test_Interpolation,-0.5468283104243148
1096_FacultySalaries,20,SVP,w0.5_0.6_0.1,AIC_Train,MSE_Test_Interpolation,-0.5329121488943908
1096_FacultySalaries,20,SVP,w0.5_0.6_0.1,BIC_Train,MSE_Test_Interpolation,-0.21215743191325875
1096_FacultySalaries,20,SVP,w0.5_0.6_0.1,MDL_Train,MSE_Test_Interpolation,0.6019807051993511
1096_FacultySalaries,20,SVP,w0.5_0.6_0.1,PSM_Train,MSE_Test_Interpolation,-0.09297361905575002
1096_FacultySalaries,20,SVP,w0.5_0.6_0.1,MSE_Train,MSE_Test_Extrapolation,0.42363186203363784
1096_FacultySalaries,20,SVP,w0.5_0.6_0.1,AIC_Train,MSE_Test_Extrapolation,0.5822590284299496
1096_FacultySalaries,20,SVP,w0.5_0.6_0.1,BIC_Train,MSE_Test_Extrapolation,0.7285067873303167
1096_FacultySalaries,20,SVP,w0.5_0.6_0.1,MDL_Train,MSE_Test_Extrapolation,-0.4732348672415265
1096_FacultySalaries,20,SVP,w0.5_0.6_0.1,PSM_Train,MSE_Test_Extrapolation,0.26824895415350464
1096_FacultySalaries,21,SVP,w0.5_0.6_0.1,MSE_Train,MSE_Test_Interpolation,-0.6620922642337717
1096_FacultySalaries,21,SVP,w0.5_0.6_0.1,AIC_Train,MSE_Test_Interpolation,-0.6777179723329471
1096_FacultySalaries,21,SVP,w0.5_0.6_0.1,BIC_Train,MSE_Test_Interpolation,-0.7341769737174869
1096_FacultySalaries,21,SVP,w0.5_0.6_0.1,MDL_Train,MSE_Test_Interpolation,0.7055208283949661
1096_FacultySalaries,21,SVP,w0.5_0.6_0.1,PSM_Train,MSE_Test_Interpolation,0.2165535801295323
1096_FacultySalaries,21,SVP,w0.5_0.6_0.1,MSE_Train,MSE_Test_Extrapolation,-0.6618632260034738
1096_FacultySalaries,21,SVP,w0.5_0.6_0.1,AIC_Train,MSE_Test_Extrapolation,-0.6607306460204925
1096_FacultySalaries,21,SVP,w0.5_0.6_0.1,BIC_Train,MSE_Test_Extrapolation,-0.6507291190679912
1096_FacultySalaries,21,SVP,w0.5_0.6_0.1,MDL_Train,MSE_Test_Extrapolation,0.6147826502164769
1096_FacultySalaries,21,SVP,w0.5_0.6_0.1,PSM_Train,MSE_Test_Extrapolation,0.0756964127263992
1096_FacultySalaries,22,SVP,w0.5_0.6_0.1,MSE_Train,MSE_Test_Interpolation,0.41007599211933576
1096_FacultySalaries,22,SVP,w0.5_0.6_0.1,AIC_Train,MSE_Test_Interpolation,0.7397504456327987
1096_FacultySalaries,22,SVP,w0.5_0.6_0.1,BIC_Train,MSE_Test_Interpolation,0.7450042217844076
1096_FacultySalaries,22,SVP,w0.5_0.6_0.1,MDL_Train,MSE_Test_Interpolation,-0.6932782971180467
1096_FacultySalaries,22,SVP,w0.5_0.6_0.1,PSM_Train,MSE_Test_Interpolation,-0.10713448109726782
1096_FacultySalaries,22,SVP,w0.5_0.6_0.1,MSE_Train,MSE_Test_Extrapolation,-0.05807298996153485
1096_FacultySalaries,22,SVP,w0.5_0.6_0.1,AIC_Train,MSE_Test_Extrapolation,0.24476967820621076
1096_FacultySalaries,22,SVP,w0.5_0.6_0.1,BIC_Train,MSE_Test_Extrapolation,0.2629702598742847
1096_FacultySalaries,22,SVP,w0.5_0.6_0.1,MDL_Train,MSE_Test_Extrapolation,-0.2889441346581304
1096_FacultySalaries,22,SVP,w0.5_0.6_0.1,PSM_Train,MSE_Test_Extrapolation,-0.18237253174526152
1096_FacultySalaries,23,SVP,w0.5_0.6_0.1,MSE_Train,MSE_Test_Interpolation,-0.05101114856105782
1096_FacultySalaries,23,SVP,w0.5_0.6_0.1,AIC_Train,MSE_Test_Interpolation,0.340911668953058
1096_FacultySalaries,23,SVP,w0.5_0.6_0.1,BIC_Train,MSE_Test_Interpolation,-0.29757583614207933
1096_FacultySalaries,23,SVP,w0.5_0.6_0.1,MDL_Train,MSE_Test_Interpolation,-0.7330827067669172
1096_FacultySalaries,23,SVP,w0.5_0.6_0.1,PSM_Train,MSE_Test_Interpolation,-0.4088669950738917
1096_FacultySalaries,23,SVP,w0.5_0.6_0.1,MSE_Train,MSE_Test_Extrapolation,0.06144672024889811
1096_FacultySalaries,23,SVP,w0.5_0.6_0.1,AIC_Train,MSE_Test_Extrapolation,0.321919917074886
1096_FacultySalaries,23,SVP,w0.5_0.6_0.1,BIC_Train,MSE_Test_Extrapolation,-0.013806066891366348
1096_FacultySalaries,23,SVP,w0.5_0.6_0.1,MDL_Train,MSE_Test_Extrapolation,-0.3387347679543687
1096_FacultySalaries,23,SVP,w0.5_0.6_0.1,PSM_Train,MSE_Test_Extrapolation,-0.23619393310863368
1096_FacultySalaries,24,SVP,w0.5_0.6_0.1,MSE_Train,MSE_Test_Interpolation,0.31453181439288697
1096_FacultySalaries,24,SVP,w0.5_0.6_0.1,AIC_Train,MSE_Test_Interpolation,0.3130869686023896
1096_FacultySalaries,24,SVP,w0.5_0.6_0.1,BIC_Train,MSE_Test_Interpolation,0.3204223395387608
1096_FacultySalaries,24,SVP,w0.5_0.6_0.1,MDL_Train,MSE_Test_Interpolation,0.37360377882745216
1096_FacultySalaries,24,SVP,w0.5_0.6_0.1,PSM_Train,MSE_Test_Interpolation,0.3987774381772715
1096_FacultySalaries,24,SVP,w0.5_0.6_0.1,MSE_Train,MSE_Test_Extrapolation,0.21989441511530985
1096_FacultySalaries,24,SVP,w0.5_0.6_0.1,AIC_Train,MSE_Test_Extrapolation,0.20027785495971107
1096_FacultySalaries,24,SVP,w0.5_0.6_0.1,BIC_Train,MSE_Test_Extrapolation,0.14370658516254517
1096_FacultySalaries,24,SVP,w0.5_0.6_0.1,MDL_Train,MSE_Test_Extrapolation,-0.07352042233953877
1096_FacultySalaries,24,SVP,w0.5_0.6_0.1,PSM_Train,MSE_Test_Extrapolation,0.14954153931647685
1096_FacultySalaries,25,SVP,w0.5_0.6_0.1,MSE_Train,MSE_Test_Interpolation,-0.5396086726599683
1096_FacultySalaries,25,SVP,w0.5_0.6_0.1,AIC_Train,MSE_Test_Interpolation,-0.6144368059227922
1096_FacultySalaries,25,SVP,w0.5_0.6_0.1,BIC_Train,MSE_Test_Interpolation,-0.5683236382866208
1096_FacultySalaries,25,SVP,w0.5_0.6_0.1,MDL_Train,MSE_Test_Interpolation,0.48577472236911684
1096_FacultySalaries,25,SVP,w0.5_0.6_0.1,PSM_Train,MSE_Test_Interpolation,-0.10809095716552086
1096_FacultySalaries,25,SVP,w0.5_0.6_0.1,MSE_Train,MSE_Test_Extrapolation,0.65134849286092
1096_FacultySalaries,25,SVP,w0.5_0.6_0.1,AIC_Train,MSE_Test_Extrapolation,0.6180327868852458
1096_FacultySalaries,25,SVP,w0.5_0.6_0.1,BIC_Train,MSE_Test_Extrapolation,0.6615547329455314
1096_FacultySalaries,25,SVP,w0.5_0.6_0.1,MDL_Train,MSE_Test_Extrapolation,-0.448492860920148
1096_FacultySalaries,25,SVP,w0.5_0.6_0.1,PSM_Train,MSE_Test_Extrapolation,0.48096245372818613
1096_FacultySalaries,26,SVP,w0.5_0.6_0.1,MSE_Train,MSE_Test_Interpolation,0.0012154606595899846
1096_FacultySalaries,26,SVP,w0.5_0.6_0.1,AIC_Train,MSE_Test_Interpolation,0.24268697836480024
1096_FacultySalaries,26,SVP,w0.5_0.6_0.1,BIC_Train,MSE_Test_Interpolation,0.13702293169111093
1096_FacultySalaries,26,SVP,w0.5_0.6_0.1,MDL_Train,MSE_Test_Interpolation,-0.48772384733814117
1096_FacultySalaries,26,SVP,w0.5_0.6_0.1,PSM_Train,MSE_Test_Interpolation,0.2762336925694839
1096_FacultySalaries,26,SVP,w0.5_0.6_0.1,MSE_Train,MSE_Test_Extrapolation,0.3746049752856333
1096_FacultySalaries,26,SVP,w0.5_0.6_0.1,AIC_Train,MSE_Test_Extrapolation,0.5721578478243254
1096_FacultySalaries,26,SVP,w0.5_0.6_0.1,BIC_Train,MSE_Test_Extrapolation,0.5130054290576128
1096_FacultySalaries,26,SVP,w0.5_0.6_0.1,MDL_Train,MSE_Test_Extrapolation,-0.28320233368446646
1096_FacultySalaries,26,SVP,w0.5_0.6_0.1,PSM_Train,MSE_Test_Extrapolation,0.04837533425168139
1096_FacultySalaries,27,SVP,w0.5_0.6_0.1,MSE_Train,MSE_Test_Interpolation,-0.14011544011544014
1096_FacultySalaries,27,SVP,w0.5_0.6_0.1,AIC_Train,MSE_Test_Interpolation,-0.3397546897546898
1096_FacultySalaries,27,SVP,w0.5_0.6_0.1,BIC_Train,MSE_Test_Interpolation,-0.24978354978354986
1096_FacultySalaries,27,SVP,w0.5_0.6_0.1,MDL_Train,MSE_Test_Interpolation,0.16847041847041852
1096_FacultySalaries,27,SVP,w0.5_0.6_0.1,PSM_Train,MSE_Test_Interpolation,0.1275613275613276
1096_FacultySalaries,27,SVP,w0.5_0.6_0.1,MSE_Train,MSE_Test_Extrapolation,-0.29386724386724394
1096_FacultySalaries,27,SVP,w0.5_0.6_0.1,AIC_Train,MSE_Test_Extrapolation,-0.3085137085137086
1096_FacultySalaries,27,SVP,w0.5_0.6_0.1,BIC_Train,MSE_Test_Extrapolation,0.005266955266955268
1096_FacultySalaries,27,SVP,w0.5_0.6_0.1,MDL_Train,MSE_Test_Extrapolation,0.3458152958152959
1096_FacultySalaries,27,SVP,w0.5_0.6_0.1,PSM_Train,MSE_Test_Extrapolation,0.1314574314574315
1096_FacultySalaries,28,SVP,w0.5_0.6_0.1,MSE_Train,MSE_Test_Interpolation,0.22711952294529428
1096_FacultySalaries,28,SVP,w0.5_0.6_0.1,AIC_Train,MSE_Test_Interpolation,0.5745397977702877
1096_FacultySalaries,28,SVP,w0.5_0.6_0.1,BIC_Train,MSE_Test_Interpolation,0.5930127041742288
1096_FacultySalaries,28,SVP,w0.5_0.6_0.1,MDL_Train,MSE_Test_Interpolation,0.4921571169302567
1096_FacultySalaries,28,SVP,w0.5_0.6_0.1,PSM_Train,MSE_Test_Interpolation,0.30379828882551213
1096_FacultySalaries,28,SVP,w0.5_0.6_0.1,MSE_Train,MSE_Test_Extrapolation,0.5891236712470833
1096_FacultySalaries,28,SVP,w0.5_0.6_0.1,AIC_Train,MSE_Test_Extrapolation,0.691470054446461
1096_FacultySalaries,28,SVP,w0.5_0.6_0.1,BIC_Train,MSE_Test_Extrapolation,0.6337827326938036
1096_FacultySalaries,28,SVP,w0.5_0.6_0.1,MDL_Train,MSE_Test_Extrapolation,0.09528130671506355
1096_FacultySalaries,28,SVP,w0.5_0.6_0.1,PSM_Train,MSE_Test_Extrapolation,0.21519315530204827
1096_FacultySalaries,29,SVP,w0.5_0.6_0.1,MSE_Train,MSE_Test_Interpolation,-0.6263061746437707
1096_FacultySalaries,29,SVP,w0.5_0.6_0.1,AIC_Train,MSE_Test_Interpolation,-0.5781877968578737
1096_FacultySalaries,29,SVP,w0.5_0.6_0.1,BIC_Train,MSE_Test_Interpolation,0.27373036170990134
1096_FacultySalaries,29,SVP,w0.5_0.6_0.1,MDL_Train,MSE_Test_Interpolation,0.6505663134819146
1096_FacultySalaries,29,SVP,w0.5_0.6_0.1,PSM_Train,MSE_Test_Interpolation,-0.14585312385823898
1096_FacultySalaries,29,SVP,w0.5_0.6_0.1,MSE_Train,MSE_Test_Extrapolation,-0.5372670807453417
1096_FacultySalaries,29,SVP,w0.5_0.6_0.1,AIC_Train,MSE_Test_Extrapolation,-0.5415783704786263
1096_FacultySalaries,29,SVP,w0.5_0.6_0.1,BIC_Train,MSE_Test_Extrapolation,0.1441359152356595
1096_FacultySalaries,29,SVP,w0.5_0.6_0.1,MDL_Train,MSE_Test_Extrapolation,0.5626598465473146
1096_FacultySalaries,29,SVP,w0.5_0.6_0.1,PSM_Train,MSE_Test_Extrapolation,-0.04662038728534893
1096_FacultySalaries,30,SVP,w0.5_0.6_0.1,MSE_Train,MSE_Test_Interpolation,0.8981734683227222
1096_FacultySalaries,30,SVP,w0.5_0.6_0.1,AIC_Train,MSE_Test_Interpolation,0.9295271892286819
1096_FacultySalaries,30,SVP,w0.5_0.6_0.1,BIC_Train,MSE_Test_Interpolation,0.9251852624986956
1096_FacultySalaries,30,SVP,w0.5_0.6_0.1,MDL_Train,MSE_Test_Interpolation,-0.9138712034234423
1096_FacultySalaries,30,SVP,w0.5_0.6_0.1,PSM_Train,MSE_Test_Interpolation,0.34825174825174837
1096_FacultySalaries,30,SVP,w0.5_0.6_0.1,MSE_Train,MSE_Test_Extrapolation,0.7559753679156666
1096_FacultySalaries,30,SVP,w0.5_0.6_0.1,AIC_Train,MSE_Test_Extrapolation,0.7350589708798665
1096_FacultySalaries,30,SVP,w0.5_0.6_0.1,BIC_Train,MSE_Test_Extrapolation,0.7395678947917754
1096_FacultySalaries,30,SVP,w0.5_0.6_0.1,MDL_Train,MSE_Test_Extrapolation,-0.6763177121386078
1096_FacultySalaries,30,SVP,w0.5_0.6_0.1,PSM_Train,MSE_Test_Extrapolation,0.4850641895418016
