Run,Equation_Index,Hybrid_MSE_Train,Hybrid_AIC_Train,Hybrid_BIC_Train,Hybrid_MDL_Train,Hybrid_PSM_Train,Extrapolation_Divergence,Sensitivity_Interpolation,Sensitivity_Extrapolation,Lambda1,Lambda2,Lambda3,Complexity,MSE_Test_Interpolation,MSE_Test_Extrapolation
1,0,0.8058711858548735,0.9803017583700174,0.9792876792449134,0.059806648789759706,0.0,0.0,0.0,0.0,0.2,0.6,1.0,1,13.90643405564858,66.31490612098315
1,1,0.5444758897807119,0.9582474229069256,0.9553042996486092,0.07055334476508719,0.1612869775159947,0.07616908045251862,7.561083860169999e-05,0.00013947789955326,0.2,0.6,1.0,3,8.912409813882155,43.44584212048562
1,2,0.4355320899134691,0.941340806242521,0.9372924020798938,0.07285616127264044,0.1873952843151172,0.08171653273119703,0.0012308618747747999,0.00289988327209708,0.2,0.6,1.0,4,5.977442844900173,39.9114463522092
1,3,0.1915368598469835,0.8676328015937571,0.8638989510158338,0.0583821725826353,0.6342220423607947,0.08936665010271654,0.0009380471408230401,0.00173039801308302,0.2,0.6,1.0,5,3.394379189182961,9.050365602795292
1,4,0.1521370400830739,0.845083804216687,0.840069825429269,0.05871979308266384,0.11917999825608282,0.09235911257737871,0.00180651355889535,0.00292898677603447,0.2,0.6,1.0,7,8.329192286330212,6.848519710928331
1,5,0.14592287142072596,0.8417778760111072,0.8364369442582683,0.06375185233470067,0.07689352144467158,0.08939315830410575,0.0026176569536526103,0.00608054760398148,0.2,0.6,1.0,8,10.718478382445552,95.42930849565774
1,6,0.13130674864626402,0.8288448045645977,0.823155264942015,0.057990959428804674,0.0698475811389895,0.09159797301384391,0.00046846864608201004,0.00076799382306841,0.2,0.6,1.0,9,5.113696912412921,1.9400364972076545
1,7,0.1218318900669077,0.8209620792147991,0.8148732865252959,0.0726105484384079,0.03435474412750128,0.08847050152320812,0.00067980653739497,0.0011397697321809401,0.2,0.6,1.0,13,6.92693826244457,8.29098038378755
1,8,0.12110920429376272,0.825602198495195,0.8237760567321689,0.07593412432603644,0.02984729219686738,0.09244653198352244,0.0010102252071416801,0.0019857258071665903,0.2,0.6,1.0,15,4.620750344653039,3.990561851671373
1,9,0.10435397466145051,0.8043809715238398,0.7975180620881792,0.07206958061531113,0.11717663987119141,0.07314716053689127,0.00111014648046044,0.00240231842428304,0.2,0.6,1.0,16,4.30824980634734,44.54701379036072
1,10,0.11089704581569435,0.8105571778357885,0.8033768527549008,0.08785063448811019,0.05404844099162601,0.07776253443205741,0.00125106506104449,0.01373698095247106,0.2,0.6,1.0,18,4.788422542280454,36.60891663619493
1,11,0.10159075045580448,0.8109092712598561,0.8123590223392466,0.09657081336767223,0.04031906461143169,0.09202211510385593,0.00254757901652026,0.0028235189531538598,0.2,0.6,1.0,19,6.802092924716581,4.253234360555269
1,12,0.0951817291429831,0.8032189643735689,0.8042419913686658,0.10619200627064025,0.039487198396014805,0.09230451496490556,0.00280050763747209,0.00321356225591247,0.2,0.6,1.0,23,6.760063525317152,5.11992957461204
1,13,0.11481084831975887,0.8324665535571979,0.8421650027554254,0.14477753327018628,0.0476580819886712,0.08444099602882899,0.04305294340428692,0.0013658209324244,0.2,0.6,1.0,26,7.123681096754781,26.60344087003656
1,14,0.10790565073347014,0.8180402378284255,0.8228353155248127,0.13330310130472747,0.1250909408120789,0.08485457421183074,0.04362189063037533,0.0017620671591409998,0.2,0.6,1.0,27,7.057624345000996,29.593976696462096
1,15,0.10557614383884034,0.8188045164652712,0.8276701827814776,0.141835682579797,0.06947984546102698,0.08543240418822998,0.04463324473239545,0.00273442219406291,0.2,0.6,1.0,29,7.016898271525836,34.80536142674899
1,16,0.10543332874212032,0.8235355357794993,0.8367632318888181,0.1643688616435869,0.047019863594994785,0.0854324044252494,0.04463279419333091,0.00273442291912952,0.2,0.6,1.0,33,7.025932505483314,34.633498679332774
1,17,0.19909833279080047,0.9017899582417042,0.9018132955511997,0.2443103113278821,0.15418590285067313,0.09428039976141805,0.1740823357392991,0.01803984982679846,0.2,0.6,1.0,34,6.833845471827957,11.106048136026551
1,18,0.1990983345354132,0.906736985062431,0.9111334861756681,0.2646072903711653,0.14134535925168512,0.09428039976141805,0.1740823357392991,0.01803984982679846,0.2,0.6,1.0,36,6.833845561500564,11.106047989066626
1,19,0.22482897053942794,0.9234432331158646,0.9229257109546675,0.2944524059476173,0.2553128632683299,0.08958534383202837,0.2295635783183046,0.01784963251110106,0.2,0.6,1.0,37,5.275011937492948,6.862630848632423
1,20,0.222604629200511,0.9229830969281945,0.9264715251173157,0.3005689807105061,0.23075049055303887,0.1016626652582912,0.22773231224059712,0.01825900675410643,0.2,0.6,1.0,38,6.331827061145787,12.366195453499028
1,21,0.21753890545099916,0.9156423936028552,0.918887749857661,0.3303507921180303,0.17996429010780718,0.0872313295311426,0.22794509662051404,0.018398753106600222,0.2,0.6,1.0,43,6.959672506127284,9.159940329845178
1,22,0.22101178847162672,0.9289257818451239,0.9409087658611949,0.34330491972882465,0.1774868787311152,0.09288645408875659,0.22683738721821828,0.02149051206832091,0.2,0.6,1.0,44,6.244885808630269,8.848597060439385
1,23,0.21699847179766352,0.906750213687944,0.9131404289257565,0.3227158107115652,0.36707495247740884,0.0900679830491166,0.2294971342056356,0.026921003338559613,0.2,0.6,1.0,45,6.091802435596636,8.205061201788551
1,24,0.21714021639421538,0.911829166931307,0.9225917214420769,0.34152683315855265,0.1828222946529125,0.09004602363207513,0.22949544280278414,0.02707433944172872,0.2,0.6,1.0,48,6.085031470597759,8.165094315533342
1,25,0.21693191512088933,0.9164714995737224,0.9315991409458018,0.35078268297606136,0.18385208461469615,0.09006798304911666,0.2294971342056356,0.0269210033385597,0.2,0.6,1.0,49,6.048056935541059,8.206100402129417
1,26,0.21772978348086408,0.9158457741147851,0.930855081124402,0.3843595652277665,0.18878602568980796,0.10133713699862083,0.2316200452982889,0.02506667217630723,0.2,0.6,1.0,53,7.223910750154292,9.764000700674243
1,27,0.6588847973164684,1.3609297420351982,1.3802288344349316,0.8456754512940231,0.6278604971707286,0.08550602507400723,1.0,0.00896135060491343,0.2,0.6,1.0,60,7.387149413891418,76.89603454238886
1,28,0.6553212605669978,1.3586579276096167,1.382035877582779,0.8598423128541722,0.6395495645237317,0.08016844060404846,1.0,0.00852696884569277,0.2,0.6,1.0,63,7.387520163415355,84.61490841861507
1,29,0.655240029983419,1.3584491640457415,1.381817158328012,0.8665331565900686,0.6260312168744803,0.08006975541020483,1.0,0.00853133652704819,0.2,0.6,1.0,64,7.406520942116992,84.73134236164702
1,30,0.6561659806570923,1.3513285648455113,1.3700845265967683,0.8675672539540156,0.6448589717402281,0.08580837468994786,1.0,0.00985018024800964,0.2,0.6,1.0,66,7.129894964600475,75.68710526661593
1,31,0.6558359705913377,1.355171041061418,1.3782398313387236,0.8779074401437861,0.6365939886023574,0.08703348554668297,1.0,0.00967261637039161,0.2,0.6,1.0,67,6.953433617972421,83.37979540145096
1,32,0.19933249651819068,0.8973031058694397,0.920269826455671,0.4283135597379486,0.1787239801409542,0.08631590754723963,0.23996829831530211,0.009949753733683241,0.2,0.6,1.0,69,8.075664767378704,81.23939453542444
1,33,0.6614497692022376,1.3630707573611192,1.3903125996485424,0.9012690700952193,0.649063561490934,0.10092635959025054,1.0,0.013734033850461961,0.2,0.6,1.0,70,7.104723824292605,82.2689566733218
1,34,0.36023136452032717,1.0537664561278846,1.0764047183810634,0.57835512179695,0.3685435098191266,0.086878033965542,0.4976461853268367,0.01807452108766119,0.2,0.6,1.0,71,5.225299491734755,526.1980414222626
1,35,0.35751946085598274,1.045044679055553,1.0672523730080443,0.5835943726164506,0.3989525528242515,0.08619849085765015,0.4976678140203689,0.017839635164901342,0.2,0.6,1.0,72,6.253567107787633,542.9102507786192
1,36,0.3582845213120077,1.041800731607878,1.0677666959401901,0.5880183873256493,0.4302664553034319,0.09185869274210423,0.4984676916060037,0.01998105078642641,0.2,0.6,1.0,73,5.68185872008296,591.3473395895649
1,37,0.35360566470699667,1.0287319561245234,1.050095047267918,0.6076351052910083,0.3424594878189331,0.08771841083717609,0.49774273960339377,0.01758455001224385,0.2,0.6,1.0,77,5.049573733655304,561.5229262771909
1,38,0.3560487208969864,1.0290897232471634,1.0503151343375015,0.6134644593997555,0.35771049004357364,0.08843575970254171,0.4987942066831447,0.01984247990888931,0.2,0.6,1.0,78,5.158043815667354,601.9492156521646
1,39,0.35123719068986187,1.0250053066332612,1.050329110941329,0.6264469083709504,0.37458210650214646,0.08236837758962248,0.4947537282599095,0.01978629510932477,0.2,0.6,1.0,79,4.889868327460023,522.1938236284843
1,40,0.12692302300428074,0.7652715658170934,0.7802618894163877,0.36727722817289365,0.3541310784617163,0.10278664562657362,0.00250313208066923,0.09204440212362877,0.2,0.6,1.0,80,11.550575025194023,66.16870936156451
1,41,0.12862628989434358,0.7649696370358616,0.7798396216088942,0.37534015051888947,0.12524041406901584,0.10235558249474083,0.00280789865587293,0.09398331431298787,0.2,0.6,1.0,82,12.135238625879428,68.62071156085267
1,42,0.12568685875251054,0.7506558309928814,0.7648524236450177,0.37121992318836017,0.16582428208500355,0.10258290405403085,0.00272117302602656,0.09275698567400528,0.2,0.6,1.0,84,11.539071983669118,65.216149225307
1,43,0.1257641615863104,0.7542449751457687,0.772730791187464,0.382359998827026,0.12152705306138768,0.10254684452073093,0.00271386549349512,0.09304157609311361,0.2,0.6,1.0,86,11.499843277474293,64.85018104555242
1,44,0.1265290941450229,0.749418253888868,0.7634932468316348,0.38163394230751,0.12172294223464042,0.10227647150204243,0.00286971443078697,0.09385367628081556,0.2,0.6,1.0,87,11.316069060180162,63.762546974077736
1,45,0.12563225364840802,0.7478356634220114,0.7618706631813601,0.3953729327085282,0.12128132613401314,0.10206652156456032,0.0028116030632939397,0.09312505783711578,0.2,0.6,1.0,88,11.260023837950952,63.50316715587436
1,46,0.126154691247816,0.7530324046853082,0.7714246763473542,0.39095966548404576,0.11608344608638588,0.10222148414592254,0.00296770150920044,0.09355876260128404,0.2,0.6,1.0,96,11.697979588021251,66.23162783035426
1,47,0.12759454591829503,0.7494769132502538,0.763493124304044,0.42184312758665554,0.11775614532355033,0.1019570031794593,0.00323367418295379,0.09489975301981288,0.2,0.6,1.0,97,11.70539229507458,66.80664000814235
1,48,0.12669054889406642,0.7483641005793579,0.7623681804983731,0.4209117660607585,0.11816067568366677,0.10190503539163588,0.00322396015945592,0.09403897002031177,0.2,0.6,1.0,98,11.621360630473198,65.9948737492279
1,49,0.12745356190364415,0.7531937789234839,0.7715198352204972,0.4335885572453043,0.1249140363428934,0.1019570031794593,0.00323367418295379,0.09489975301981271,0.2,0.6,1.0,99,11.690028359327384,66.14499019012722
1,50,0.1273817261496498,0.7478663957843619,0.7618013264014942,0.4410810907550019,0.11811202118271985,0.10196037676076207,0.00302326849349315,0.09499377509976452,0.2,0.6,1.0,102,11.796856072130456,67.73816721039675
1,51,0.16159178207577266,0.809792135857231,0.849851930596199,0.5208995444156703,0.16888878842605984,0.08760786867381176,0.007153825600408841,0.12984610076900172,0.2,0.6,1.0,103,8.465565954257336,436.1787219901554
1,52,0.0570674230386221,0.6781469464463931,0.704382161255985,0.4075636302522122,0.15519357965661307,0.10270843841225179,0.0071263033426919795,0.02373466592798025,0.2,0.6,1.0,104,8.12325376036901,223.57253583306783
1,53,0.05570410955597431,0.6772570943979838,0.7076115546954115,0.4246194692276314,0.066853113313861,0.099143186517146,0.00675758150816678,0.023764726780831292,0.2,0.6,1.0,106,8.379694682123763,227.0342467578429
1,54,0.04231939517792628,0.663857841909987,0.6942114802774784,0.4217769998197009,0.03432267372539047,0.1076255864782105,0.00712194109645152,0.00846638150306461,0.2,0.6,1.0,108,8.366366237419008,279.0874521666205
1,55,0.042304542250447566,0.6686404043953005,0.7033587275179073,0.43039201967987206,0.03490496765302989,0.10762558647821052,0.00712194109645152,0.00846638150306463,0.2,0.6,1.0,110,8.372452456378745,278.6811012534855
1,56,0.04156702292175784,0.6592718763576694,0.6894090097439604,0.4239881013674727,0.049627510288256696,0.10563046303994397,0.00703143741591251,0.00853936859511647,0.2,0.6,1.0,112,8.252669878249623,273.5210212457546
1,57,0.056419077186453975,0.677317540433815,0.7117291550770505,0.45438422847925264,0.0637991044765373,0.10375466852923158,0.00839433085474503,0.02311227325682407,0.2,0.6,1.0,113,8.161765084755173,213.3587857882005
1,58,0.05700131033315432,0.6778641111781053,0.7122737028966157,0.4600358413406518,0.04981075829669772,0.10591903373098781,0.00849410693168874,0.0232053578467438,0.2,0.6,1.0,114,8.25354973833346,216.09409355427488
1,59,0.05643879737284306,0.6821363258546801,0.7209127702138391,0.46664691320784224,0.049867047917159485,0.10374737991123759,0.00844103410929669,0.02311907294467625,0.2,0.6,1.0,115,8.165626922369777,213.4080267495448
1,60,0.05657692087635328,0.678955672743213,0.7175458888003711,0.46628613123116186,0.07752390402176554,0.10502111440666967,0.00852672817227974,0.023250028397302037,0.2,0.6,1.0,116,8.328147718181187,215.8754350960659
1,61,0.05561396490530182,0.6675974819335866,0.7056085039544896,0.4798934730337126,0.06178933224041762,0.10134605614797336,0.00782763743752128,0.02429761269560286,0.2,0.6,1.0,123,8.341442496239754,228.87893486897136
1,62,0.05693904875235494,0.6637355902239671,0.7055605066945345,0.49213931235012537,0.0936066765966656,0.10157218007079145,0.0105294648264968,0.02468605377198528,0.2,0.6,1.0,125,8.42800332373315,230.5511377695791
1,63,0.05171517506263977,0.6583022224841415,0.7001156296339359,0.49767606435695466,0.04784750214477164,0.09702002174820872,0.021655488834101,0.01371111062548307,0.2,0.6,1.0,126,8.432244097612408,222.33973023798504
1,64,0.056037670017338205,0.6558824576863315,0.6973264082037628,0.49724977821488603,0.10675622689916672,0.1002206652126791,0.0101792899956731,0.024713658055782718,0.2,0.6,1.0,127,8.495886082873934,231.51315661614268
1,65,0.05545008326729482,0.6527325024891922,0.6940365463474019,0.5034146595495711,0.061020571254471224,0.09890374752227643,0.0098860660130516,0.02472100387343771,0.2,0.6,1.0,129,8.579721089106615,232.59576915386447
1,66,0.055195190180056364,0.6596927951604165,0.7095971474056355,0.5354382037814432,0.054004503648374017,0.09883171874717431,0.00946465597295951,0.02489076376533651,0.2,0.6,1.0,135,8.598286673097638,232.73539854108003
1,67,0.05502331399054462,0.6563970215748592,0.70613144671889,0.5457435248469539,0.07669720148135666,0.09866333848339384,0.00977561572760792,0.02474296885141572,0.2,0.6,1.0,136,8.613590822252236,232.46978879493216
1,68,0.055652099087625556,0.6563703221607536,0.706069144562201,0.5536092105220921,0.05219883290516009,0.10045693980738007,0.0104308439506871,0.024656162632115418,0.2,0.6,1.0,139,8.677635311921234,231.9332769388197
1,69,0.055407116790790197,0.6610276014096409,0.7150971418396902,0.5662605198368765,0.05513573930023705,0.0999892222739257,0.01005224354933496,0.02473434922836966,0.2,0.6,1.0,140,8.614261199095868,231.4540443953352
2,0,0.9067862308650833,0.9908076231134912,0.9903343647516023,0.062124865203527696,0.0,0.0,0.0,0.0,0.2,0.6,1.0,1,5.376185435703663,61.2908948034832
2,1,0.6103809393648751,0.9704895594570969,0.9680683803281102,0.07489507821044428,0.1648195075801661,0.08634844648435273,8.520497731514e-05,0.00020113119222921,0.2,0.6,1.0,3,3.088206086138984,40.33261907157812
2,2,0.4856093694357356,0.9633887909428451,0.9597129238213032,0.0892583103169647,0.22467042029588932,0.11880382123513251,0.00254218329487342,0.00950703569010375,0.2,0.6,1.0,4,3.651427027843889,39.96176523671903
2,3,0.25104430516084286,0.8956883705913972,0.8932689738378244,0.06653191435663593,0.4942009041884811,0.10442568019239412,0.00070432933417227,0.00138107242906489,0.2,0.6,1.0,5,1.7578700580726467,9.67327248530312
2,4,0.19938011778766368,0.8724986184903831,0.8689337114325759,0.06561409365226008,0.10882284530017171,0.10374449981010163,0.00039379160915449,0.00076564885693457,0.2,0.6,1.0,7,1.4714878762519117,3.41567038063067
2,5,0.20319386150935545,0.8734819690088371,0.865415812382829,0.07380988234932527,0.04837985035730849,0.11698067530138082,0.00091050812311222,0.00622725849913911,0.2,0.6,1.0,8,1.1716630640605747,4.182534446854931
2,6,0.1822940610232536,0.8589344691896499,0.8505214283743121,0.06412994747553948,0.0768939030182406,0.10652644548848192,0.00040503915185656,0.00081124348292257,0.2,0.6,1.0,9,1.514972703388932,3.000432419822384
2,7,0.1826399520770199,0.8672270293145881,0.8629494159348721,0.07863964185811693,0.06415810903077379,0.11662918588094504,0.00099819123430409,0.00639919046546006,0.2,0.6,1.0,10,1.1073263477169268,8.738334313634436
2,8,0.1758075125886663,0.857624547765196,0.8488088973444103,0.07674988332336963,0.05379888855158358,0.11640317011498723,0.0007865760484559701,0.00511861268212578,0.2,0.6,1.0,11,1.4321471894040383,3.983595474333892
2,9,0.15669737970012704,0.8431984066405381,0.8339650038865606,0.07256025565594398,0.054149535403546924,0.10769155051487336,0.00038298237326508,0.00079203527577901,0.2,0.6,1.0,13,1.7344527338849125,2.294967998692357
2,10,0.15603296249820714,0.8476922100011922,0.8428103399694876,0.08105797668353334,0.024161321548933683,0.10759519267005495,0.00037713355994064,0.0007814815381781699,0.2,0.6,1.0,15,1.7021598949800505,2.0182246497816654
2,11,0.1787608159074158,0.8746940552085544,0.8692834337415717,0.1247481425142414,0.1262893189029753,0.10736519025159734,0.021503630795886,0.02542464652310264,0.2,0.6,1.0,17,2.4486943258742864,2.4825148120665586
2,12,0.15634495821484246,0.8643669573593236,0.8673022771090938,0.1322748137112236,0.04820944469530245,0.10673608227619748,0.00515252458769091,0.02291749216912569,0.2,0.6,1.0,26,1.5305820517734965,2.070425767372283
2,13,0.15522235977870466,0.8737189434792313,0.8852509888920216,0.17250324783459106,0.054227268900319536,0.10131793751841099,0.00513764698344559,0.02637372433949593,0.2,0.6,1.0,31,1.2265997700439877,3.961201437729598
2,14,0.14376769663394734,0.858566255888762,0.8651627441966715,0.17136225179473819,0.13543474127891877,0.10250114471631681,0.00541415248203008,0.02669049871221163,0.2,0.6,1.0,32,1.2724565247836102,3.2587669277989293
2,15,0.13995627366151986,0.8646641436665792,0.879993570786218,0.1911174603538527,0.047244968140330086,0.09644032748297855,0.00848749151290942,0.02252263525923684,0.2,0.6,1.0,38,1.327531779192988,0.6007467977898817
2,16,0.14119779800953702,0.8659832069531702,0.8812638652003305,0.19628560450190888,0.056839197988483706,0.0973214167650511,0.0052710085188147505,0.026541998138539268,0.2,0.6,1.0,39,1.5640166875069723,3.532476334619504
2,17,1.208908079250875,1.917778738865787,1.9190532899317363,1.2640182745717536,1.1999043021854738,0.15736313464757712,0.24475759112454387,0.954701535880238,0.2,0.6,1.0,41,1.029782653560409,10.86756479925231
2,18,0.13958469447674451,0.8583201847485769,0.8683309335595863,0.23186731921462303,0.06425820385737427,0.11457906694577455,0.01445414116732372,0.03228452721083374,0.2,0.6,1.0,45,2.202598390522456,9.658538752937234
2,19,0.11478664159647006,0.8273406668948073,0.832627932440431,0.2013482575932599,0.07113761723321244,0.10965789651271318,0.00815530141241404,0.017821019621133923,0.2,0.6,1.0,47,1.5250273719627645,4.259435829609943
2,20,0.10605450676190792,0.8188756182311838,0.8276775893427507,0.21045782184969603,0.17792867760247982,0.10495555257117938,0.00767970604693405,0.02231060454187035,0.2,0.6,1.0,48,1.575288092425107,3.0709601254798367
2,21,0.47598973381091264,1.1807381491556268,1.1847410176040976,0.5927866566248681,0.48724567922391404,0.07803547442262396,0.05377964731948418,0.3751180430446736,0.2,0.6,1.0,49,1.598872475624607,8.397432780233215
2,22,0.4202063335189497,1.12471735869515,1.128690632818391,0.5304431198753198,0.37198132524627975,0.07979571032631134,0.04760549917174959,0.32302463065959397,0.2,0.6,1.0,50,1.6502718402637546,7.099947109643269
2,23,0.47562842994163446,1.1850710625623515,1.1934154801044086,0.6085928608581236,0.4233014986016023,0.07803547442262396,0.05377964731948416,0.37511804304467333,0.2,0.6,1.0,51,1.5092355336678307,8.412314784623984
2,24,0.11470525123423211,0.8206495115801983,0.8285797449977486,0.23449284570063816,0.12926219738256528,0.10264700515732601,0.00774038563001396,0.041443492963249264,0.2,0.6,1.0,52,1.5869538645653638,4.272117288429089
2,25,0.11519822624268748,0.8119422260099214,0.8150484509674012,0.2367064925048753,0.10570361353815172,0.11063143282844687,0.008076471426347449,0.044642427780295715,0.2,0.6,1.0,54,1.53902322914277,5.077990069068642
2,26,0.1117815692761206,0.8134405393769096,0.8209166979301666,0.24700911026268577,0.06847371585923626,0.10986001797834193,0.00798470438946792,0.04146582382732144,0.2,0.6,1.0,56,1.5487751903775218,5.118509696311805
2,27,0.12897697761200017,0.8350267274762815,0.8468203068645844,0.2806717432172985,0.08805740308086632,0.10861245815026503,0.008379469595818829,0.05920023410722823,0.2,0.6,1.0,60,1.4619501182680978,4.450850242258615
2,28,0.11414622245970978,0.8191333392657683,0.8308221760453098,0.27183886632445053,0.07737330431065367,0.11169506915750574,0.00817212697946426,0.04484965224293054,0.2,0.6,1.0,63,1.4387793613428317,4.845352256211212
2,29,0.1105432212824451,0.8202347178163519,0.8362730985036483,0.2825515420362182,0.07049112834586078,0.11089859342114097,0.00807967759923813,0.04167747610343378,0.2,0.6,1.0,65,1.4447476130465389,4.888119680762765
2,30,0.10738687620590107,0.8164988001151225,0.8324811825046433,0.28990185762651616,0.07452452551534225,0.11214920651885685,0.00820286080861897,0.03870519842569497,0.2,0.6,1.0,66,1.4922513538435522,5.751772680972353
2,31,0.1082848673301603,0.8205718440036892,0.8407597544103129,0.29156482037020426,0.09378797052487148,0.11042082346838641,0.00789195407824982,0.04161945255484377,0.2,0.6,1.0,67,1.4932347056283783,5.88298875531837
2,32,0.11035507691944751,0.8215565577331444,0.8416439524448656,0.32096970881039955,0.07900306680117039,0.11182539585139291,0.00762437065351506,0.04443657759402645,0.2,0.6,1.0,69,1.673149937191664,4.758067560836057
2,33,0.11035540363716927,0.8265039076408137,0.8509644661562766,0.3315288225865585,0.0713768929386561,0.11182540397448298,0.00762438492572215,0.044436890493026585,0.2,0.6,1.0,71,1.67315081882725,4.758067642271143
2,34,0.11023126734140054,0.8113757552944862,0.8227020528747204,0.2580587925809577,0.07358571581679568,0.11182540397448303,0.0076243849257219805,0.04443689049302308,0.2,0.6,1.0,72,1.4930742217604431,5.381011983453057
2,35,0.10751632596933379,0.8232715797299512,0.847696491715754,0.3355771959862654,0.07039942225399759,0.11107391703394068,0.009021409571415211,0.04120892397577795,0.2,0.6,1.0,74,1.5922306049871018,5.4158140456784425
2,36,0.10751664350658224,0.828218935714555,0.8570170186411692,0.3462581349617256,0.06883721494735061,0.11107392419422236,0.009021415758389679,0.041209229124004286,0.2,0.6,1.0,76,1.592231599532767,5.415814589532675
2,37,0.10697632551578125,0.8271041957772225,0.8558502413493129,0.3521233331254841,0.07660489872325159,0.11012999765827144,0.007990697798784429,0.04191281652919131,0.2,0.6,1.0,77,1.6208762656364344,5.64429583740712
2,38,0.09785847857005067,0.8126294718972807,0.8369654202032176,0.3403878400055864,0.06551343243865512,0.0890904075674639,0.00955851228547624,0.03636934913573263,0.2,0.6,1.0,78,1.53099944259321,6.188167973345018
2,39,0.10190501487928628,0.8295905943967287,0.8668755921190195,0.3731830592695809,0.07822173795237261,0.10987015846471046,0.00750815663573019,0.03887447337011994,0.2,0.6,1.0,80,1.618316730674034,4.794918630467121
2,40,0.08946283799054454,0.7941985062844332,0.8137193387142179,0.3309099798066246,0.07567336651897139,0.09171204834040671,0.00960288230318327,0.030919687201080282,0.2,0.6,1.0,82,2.309164870010381,8.047712249522325
2,41,0.08808727581356768,0.7959262874503112,0.8196662158280458,0.351179726027137,0.06067997716448167,0.09077719457225203,0.00962407121347633,0.03086776114411527,0.2,0.6,1.0,86,2.346870250016257,7.882665537665188
2,42,0.08729020139871557,0.7940533708317092,0.8177056183473885,0.3506315526157065,0.06781307012435778,0.08982940062810688,0.00961353284628037,0.030893833316001918,0.2,0.6,1.0,87,2.424221476946685,7.763663625683061
2,43,0.0872373331648485,0.7988004770075039,0.8268138377422432,0.36868469925949604,0.056501907553436426,0.09001303848644776,0.00961632039237998,0.03088921610929346,0.2,0.6,1.0,88,2.411000284300856,7.809367184922626
2,44,0.08703286309702774,0.7930224938590867,0.8166118243740346,0.35720354289906137,0.06256588296585285,0.09063955642039528,0.00961421603241919,0.030922703250142604,0.2,0.6,1.0,89,2.3942967115119957,8.120150230675902
2,45,0.08592891835151074,0.7948094653850737,0.8226092756991006,0.37802435256119,0.06690465217253085,0.09063955642039524,0.00961421603241919,0.030922703250142753,0.2,0.6,1.0,91,2.5563905650967897,7.50633675991331
2,46,0.08487911108615667,0.7985720381962834,0.8307343600591292,0.3931557537212429,0.05464533870963253,0.09040930403641113,0.009621412162763809,0.02998681268937441,0.2,0.6,1.0,93,2.536322798131018,7.414091153097333
2,47,0.08774725155389579,0.7926241862137039,0.8201125623877682,0.40581159482974266,0.07386628328013646,0.09337845912577361,0.01001083221606648,0.034001432601827516,0.2,0.6,1.0,96,1.9604439725542724,7.154161331293596
2,48,0.08792270833880779,0.7972478720569159,0.8290709539119885,0.4212737297490293,0.06207802721555668,0.09351498773783057,0.01006002284400326,0.03436812643487257,0.2,0.6,1.0,98,2.0691457357061007,7.524513638435577
2,49,0.08370136972446522,0.7870487773561143,0.814420697855127,0.4003811795773154,0.06713165476157756,0.09863094685489458,0.01034137023698118,0.029439470236203254,0.2,0.6,1.0,99,2.5168040717490987,4.541478870586418
2,50,0.08507987470417838,0.7864725795723132,0.8136929919229372,0.4174570083829603,0.08234682435849755,0.09465277741492525,0.01039810598443027,0.03256786123245831,0.2,0.6,1.0,100,2.4233307107937487,5.398492209144854
2,51,0.0924706691203685,0.7985298083559261,0.830107936261902,0.42474572155576523,0.06539616453415421,0.10388766471893711,0.0101637979768808,0.0382717259530791,0.2,0.6,1.0,102,2.366145729110442,4.539766024204513
2,52,0.07874836314210543,0.7718304919054327,0.7984461497059547,0.4359539227859247,0.10115055061656467,0.09152537449020783,0.01212049152007454,0.02926535084430864,0.2,0.6,1.0,104,2.6866393016278654,4.940624390258451
2,53,0.07891163902129271,0.7751404815587941,0.8060068850312385,0.4483871847144997,0.06406056715458072,0.09549806710698598,0.012091258119334761,0.02922933927138363,0.2,0.6,1.0,106,2.7569897880192094,5.307325866480971
2,54,0.07724933544775642,0.7732566619582988,0.8081445739734135,0.466047535356592,0.08120291407892792,0.09549806710698602,0.01209125811933475,0.029229339271383648,0.2,0.6,1.0,108,2.4621267563121534,5.957993279629967
2,55,0.11909728328326002,0.8143074626702921,0.8491412464299369,0.5023851927589202,0.10177979429948693,0.11365207690911801,0.0167478401230559,0.06490692263983144,0.2,0.6,1.0,110,2.5323279701065804,11.873383390333696
2,56,0.11768753710459315,0.8017251411755021,0.8317695930277863,0.5030687609200556,0.12960381362238915,0.11374113452680104,0.015965043307520112,0.06580761014143217,0.2,0.6,1.0,112,1.7742760738975032,12.750801744387775
2,57,0.1158645383872442,0.8028781100318289,0.8371662120806995,0.5134447243108097,0.10664928212795399,0.11287965897149184,0.01676176761005023,0.06422367356027463,0.2,0.6,1.0,114,1.7466576469636186,11.84582301067729
2,58,0.11615398208578669,0.8020577406419152,0.836273358618788,0.5279508357640061,0.10840714218961905,0.11282181387461117,0.0166899192810914,0.06486607242083325,0.2,0.6,1.0,115,1.3281061221150767,11.95361285272359
2,59,0.11615386256845399,0.8070046639905222,0.8455934425048148,0.5350650291957894,0.09744438553156065,0.1128217180123029,0.016689912835457697,0.06486597311714574,0.2,0.6,1.0,117,1.3281061282701137,11.953628934673066
2,60,0.11540894212918197,0.7973932000824416,0.8354131080657268,0.5482952661838377,0.18491929218915543,0.11622876630942088,0.017192413650023643,0.06532222478778152,0.2,0.6,1.0,118,2.5960713632800494,10.918049361387853
2,61,0.0886965961010823,0.7874399642558992,0.8427615945334491,0.6048238645268379,0.07446775623008216,0.0965735471251569,0.01507243934484144,0.0444925195297867,0.2,0.6,1.0,136,2.748396078879072,7.760107206008565
2,62,0.08885028380914423,0.7645821869164448,0.8022105618420632,0.5099619462210873,0.10378150045661305,0.09717280444948383,0.015717212310922372,0.044813042586065124,0.2,0.6,1.0,137,2.564038726347019,8.55729197450064
2,63,0.0860143619836704,0.7659225200976678,0.8119451053340208,0.5679895498429676,0.07576831331896616,0.09699203914627802,0.015433346973647599,0.04330581231517009,0.2,0.6,1.0,151,2.879206501428053,9.22210124149048
2,64,0.08214048453288195,0.7751692805455577,0.8342061704433329,0.6584943802507762,0.07645598368594947,0.09054921132982406,0.015856027608375862,0.04078935506748172,0.2,0.6,1.0,153,2.6994378822740845,9.381106034006836
2,65,0.08254641020100476,0.7774045894051105,0.840625802842129,0.6721973053044528,0.0977480030329702,0.09312911757847857,0.016122143127613838,0.04107033382396151,0.2,0.6,1.0,154,2.665900335245728,8.868825140841022
2,66,0.07994971891717398,0.7593248284690602,0.8093878042668102,0.5926433436497524,0.06834689138156053,0.09565947141178277,0.01578443840037334,0.03828101425926432,0.2,0.6,1.0,158,2.618713499649146,8.534315281214875
2,67,0.08215111772625511,0.7548169799106619,0.8004006899147915,0.5990976563197211,0.08543337476506246,0.09494288325751667,0.01624509437926468,0.040648431209408156,0.2,0.6,1.0,159,2.6130773038186685,9.025730783846631
2,68,0.09087179081688217,0.7809481502541981,0.847960687506581,0.704374428783116,0.14548869417591073,0.09183749194315537,0.01607143330052395,0.05125788541497857,0.2,0.6,1.0,160,2.68983429556578,8.36243753192749
3,0,0.49394747310127685,0.9367204267837238,0.9334628191490758,0.05019765825244727,0.0,0.0,0.0,0.0,0.2,0.6,1.0,1,41.71316523357472,70.80086778544721
3,1,0.31488975709011163,0.9062462153739098,0.9007231831423002,0.05760654153610789,0.18480870594262636,0.06698124354727128,6.52966470444e-05,9.675311056640999e-05,0.2,0.6,1.0,3,30.145237577730988,47.52567880642837
3,2,0.18693344282447644,0.8580059372792794,0.8498958332943521,0.05092931339238231,0.2111689614547132,0.07501370656131486,0.00026118658817762,0.00038701244226565,0.2,0.6,1.0,5,19.19805596263108,26.137091153328143
3,3,0.1139196860570074,0.8087598776914977,0.7980013445106209,0.04637642480432623,0.21801318148150092,0.08693346609247522,0.00016170321661970998,0.00026332417205007997,0.2,0.6,1.0,7,12.26948572233691,11.097911152738696
3,4,0.09476401141987645,0.7886625764640802,0.7767732718482905,0.046420971548804875,0.10511873930127236,0.09495064526203358,0.0002550329842124,0.00047277802480184003,0.2,0.6,1.0,9,7.7385721734917,2.5770903080563263
3,5,0.09162468101791713,0.785320104518516,0.7733662073496179,0.04800578190261541,0.027293983902528123,0.08580922553016572,0.00017893408698582,0.00025865083718516,0.2,0.6,1.0,10,9.626915381976552,8.039576580795515
3,6,0.09385842973812904,0.7924683620910712,0.7848776731571202,0.05626258013254557,0.020676600669911675,0.09725248320649854,0.0001937223844131,0.00035590225303032,0.2,0.6,1.0,12,10.458237976760335,7.9220668722818575
3,7,0.08783643699177375,0.7804790053971196,0.7682440522464317,0.05959232697957314,0.03864659081712089,0.08892847719191647,0.0001582015184882,0.00026609266052955,0.2,0.6,1.0,14,9.369593070769549,7.406784720143968
3,8,0.08756217452692627,0.7851141063367264,0.777243418538692,0.07045196273421625,0.018454707354625167,0.08528903868088622,0.0011257543130150699,0.00027400748942955,0.2,0.6,1.0,17,9.03259942176424,7.68929663308221
3,9,0.0820623041452415,0.77269609652405,0.7600498346421605,0.06653321814414793,0.0792123962483882,0.08944691536276762,0.00021046856996645002,0.0003378001268034,0.2,0.6,1.0,18,9.17986177865482,8.310355547547113
3,10,0.08231727611047361,0.7778029217960143,0.7695120004530365,0.07910690914606432,0.020227239729689143,0.08664627553322156,0.00119574252740234,0.00081270156594916,0.2,0.6,1.0,20,9.905412962928844,8.96188888017123
3,11,0.07698993804491552,0.7652710550033403,0.7522388322097459,0.0734488193171646,0.046243338926323346,0.08971374656531142,0.00029830870860006,0.0003042616078331,0.2,0.6,1.0,22,9.219030264958988,9.439462850186324
3,12,0.07542420192358106,0.7681545793321163,0.75942177050453,0.07675181240035434,0.023371475506739847,0.08404067117227694,0.00065521487594623,0.0005936837177070501,0.2,0.6,1.0,24,9.784034465361866,11.531235168584509
3,13,0.07179739254106153,0.7571156787420861,0.7436722291013601,0.07564154845884272,0.04377657600820479,0.08353530381460339,0.00076788068922537,0.00109083422869356,0.2,0.6,1.0,26,9.809316464084208,12.07129335827398
3,14,0.07100623807893028,0.7691147420495889,0.76853542701693,0.10449402013677651,0.059107123381746875,0.08985076248864869,0.00209220353489188,0.00115125521085594,0.2,0.6,1.0,27,8.607730354649428,2.9011830822897062
3,15,0.07010037574734945,0.7724395824937071,0.7761499295427303,0.11785713767957975,0.02454845854706465,0.08985076248864865,0.00209220353489188,0.0011512552108559298,0.2,0.6,1.0,30,8.618335717397413,3.0199875906424194
3,16,0.06846493655367762,0.7701062951178836,0.773735651651865,0.11943099697912794,0.031928461992489506,0.08988270674306528,0.00140459078146319,0.0007973994474991799,0.2,0.6,1.0,31,8.627298676851971,3.035889726307278
3,17,0.06846655989725867,0.7699333184751181,0.7735432654572258,0.12242580707570609,0.022698670411447876,0.09014771206628158,0.00158054392391688,0.00084282513450567,0.2,0.6,1.0,32,8.915611321955474,2.915239236584814
3,18,0.06619018644494955,0.7450091153582413,0.730813324711422,0.09631306063213958,0.044520044026051746,0.09005677110641554,0.00183846820922654,0.00165209744915677,0.2,0.6,1.0,34,5.076228291432828,2.0311898351587327
3,19,0.06585401847120897,0.7437601905490273,0.7294704776695865,0.09859839081591779,0.03539775279402662,0.0940716476774431,0.00157003536932475,0.00158578266094015,0.2,0.6,1.0,35,6.275764946105693,4.753300130115472
3,20,0.06417712809045903,0.7460932720772129,0.7360813385778537,0.10479739359426041,0.034990821448795006,0.08936953430250429,0.0018716671940148598,0.00158411369436353,0.2,0.6,1.0,36,4.932772072378006,1.8160213231539903
3,21,0.06348570673689462,0.738949014342016,0.7244131427089904,0.10390143061594072,0.03281604131096749,0.09173211708690195,0.00232702755967334,0.00157014375816339,0.2,0.6,1.0,38,4.99200829613546,1.9194973818068128
3,22,0.06290122585125833,0.7369377948365771,0.722265251285487,0.10607033361556023,0.042440869296571065,0.09589916448142337,0.002022779080289,0.00156285603325786,0.2,0.6,1.0,39,6.164679170228123,4.529310671669036
3,23,0.06338200164025047,0.7422707438605156,0.7319623288670765,0.11969267152439943,0.023882694354014113,0.0970651221479346,0.0023274585028088602,0.0017081699312771902,0.2,0.6,1.0,40,5.330470957363288,2.3580838854586084
3,24,0.063106026515276,0.7466117719734056,0.740645322148644,0.12918252936100597,0.02486637746633575,0.09706512214793464,0.0023274585028088602,0.00170816993127718,0.2,0.6,1.0,42,5.283291415095411,2.2955395768072084
3,25,0.05937364642906365,0.7311230349156603,0.7162363350921472,0.11412666989022668,0.04669325253601618,0.09223035143082454,0.00152497783956348,0.0009405152752587799,0.2,0.6,1.0,43,6.731091786944582,8.379038288336988
3,26,0.05841454165909411,0.7340715181661032,0.723463799926312,0.12449932371899765,0.02721242541942809,0.09130643697322831,0.00153514748584245,0.00095012274932622,0.2,0.6,1.0,45,6.632159167377839,8.139142471533695
3,27,0.05776597563147215,0.7330833879255859,0.722445055069952,0.12851718241290006,0.024378157740392054,0.08930358139491686,0.0015306567368970699,0.0009601603927800199,0.2,0.6,1.0,46,6.474273287222024,7.666876158741094
3,28,0.05742271601565466,0.7255747206080084,0.7103662289084958,0.12407755194557671,0.050956616636108065,0.093303027644462,0.00191569903539129,0.00119416100895393,0.2,0.6,1.0,47,6.230759083657097,7.488819565973666
3,29,0.054977407363723044,0.7264736056460309,0.7155008415971853,0.14620215935241962,0.029931150527131082,0.08481438115608249,0.0021303994606746398,0.00138470433985339,0.2,0.6,1.0,49,6.109164354051533,5.2634107079388
3,30,0.05966751936367245,0.7246988066127136,0.7092169713823144,0.13162799908281322,0.03661919426737697,0.09483210708380412,0.0034958147969805205,0.0043743234406452,0.2,0.6,1.0,51,3.318685340639413,1.1882643710155736
3,31,0.05282958349475064,0.7201005965932732,0.7087757780222036,0.1552132792864361,0.03553149440430413,0.08409182661728772,0.00228948133564994,0.0018996049687982901,0.2,0.6,1.0,53,6.201079852682868,6.00715079753018
3,32,0.05641788978508348,0.7254643200774377,0.7182582591912116,0.16954723613002315,0.044715828394492306,0.09492666368108808,0.00357917392571692,0.004317242620040769,0.2,0.6,1.0,55,3.1273435135438774,0.9137029072074656
3,33,0.05984992782608487,0.7185869826123548,0.7025878416443059,0.15037113341092148,0.032154411596239406,0.10366093141616782,0.00485733119853959,0.00572835973402132,0.2,0.6,1.0,59,2.562282955984678,1.0704750608238065
3,34,0.059928596749513244,0.7167244575860624,0.7005839147473297,0.1527372166529869,0.04883132619439459,0.10916482083366702,0.004441604024421579,0.00576135890836502,0.2,0.6,1.0,60,3.542271605516957,2.9352096111002526
3,35,0.05136206887352412,0.7112736255040907,0.699369985064199,0.17526435312194946,0.04183213558843758,0.09667335340609995,0.0030647297867034,0.00133495405623722,0.2,0.6,1.0,61,6.291553001429627,6.301133176479958
3,36,0.05475000921027316,0.7149088788736422,0.7070266688410017,0.19369135585223624,0.05464101325557656,0.10648162403343442,0.00456646080355446,0.00399280626066194,0.2,0.6,1.0,63,2.965137874978069,1.0241167398099411
3,37,0.053451886824189894,0.7114017780413359,0.7033584006236749,0.19523309460571275,0.05198472330177634,0.09918708621591261,0.004623043905755899,0.005041373383217361,0.2,0.6,1.0,64,2.994007104127673,1.5849400031936594
3,38,0.05142578987745505,0.699953110883793,0.687216396791645,0.17256715021320876,0.043541515458532506,0.09967273118458696,0.00480036327150765,0.00455575728047881,0.2,0.6,1.0,67,2.67929274753864,1.0827918811254649
3,39,0.05098629293831055,0.7033452745423162,0.6949035184198528,0.20629746584161227,0.033202332950788144,0.09957970138153309,0.00478368308024125,0.004548675544778591,0.2,0.6,1.0,69,2.7543290318820017,1.159989036705292
3,40,0.053470779402281406,0.7021339422141029,0.6934356100938146,0.21683055849248087,0.04404910906065248,0.11175377176743509,0.00613632512495592,0.00507512853895464,0.2,0.6,1.0,72,2.449293718250728,0.7515881549494959
3,41,0.0508691717817788,0.6987296235617704,0.6899762611242345,0.21687131963988449,0.03707350649762407,0.10360789932731113,0.00557455257050171,0.00470600003757336,0.2,0.6,1.0,73,2.378403024246632,0.8952246888718858
3,42,0.05175912801426301,0.6935485852255981,0.6843853799965502,0.22836638699936176,0.05221255222095619,0.11714141542674252,0.0065377392517507295,0.00420151484854016,0.2,0.6,1.0,76,2.3314268999871164,0.621369632318886
3,43,0.04977421461274259,0.6824910666313879,0.6686822195405309,0.19857485887558532,0.05136010447915786,0.11343227648654404,0.007309598512495611,0.00366286378101746,0.2,0.6,1.0,78,2.251650601725557,0.5997154846603916
3,44,0.049577490211711796,0.6865079216686918,0.6770243482913991,0.23664783942729212,0.034334869321936905,0.11343227648654404,0.00730959851249559,0.00366286378101748,0.2,0.6,1.0,80,2.2722277245296443,0.612997915676491
3,45,0.04956458877768254,0.6864469292725867,0.6769602243853385,0.2366338187318769,0.03120924161057649,0.113432276486544,0.00730959851249562,0.0036628637810174696,0.2,0.6,1.0,81,2.282733677209497,0.620331015462943
3,46,0.04824335786124067,0.6829158364385294,0.677341047423352,0.2560594657262669,0.10096981269034253,0.11546469830388284,0.008536901263551,0.00300155164580318,0.2,0.6,1.0,82,2.364093096339732,0.7256466725982227
3,47,0.047656570220700245,0.674379577471515,0.66424142754678,0.2553738837977657,0.036116491524268504,0.11880023556152676,0.00829951964841814,0.00258230447680129,0.2,0.6,1.0,88,2.1992974256628206,0.4875644334679211
3,48,0.043663798185582685,0.6728695332869018,0.671015296696775,0.28456713807480455,0.04058116313825589,0.10161101185170004,0.0077767032344683695,0.00391209820918305,0.2,0.6,1.0,94,2.6534668059999973,1.5654806760461524
3,49,0.043393493588074594,0.6762402637517226,0.6786789285817056,0.3036449875489904,0.03487457701583709,0.10200820361612002,0.00778750750616278,0.0038089330128802897,0.2,0.6,1.0,96,2.63651776228444,1.5606442940547691
3,50,0.04265828990469147,0.6640366186182628,0.6617043027631716,0.282529558849614,0.05943464919631441,0.10282661582013047,0.00876445102759043,0.00353037446283951,0.2,0.6,1.0,98,2.2576401234109422,1.2591900310176685
3,51,0.042683154297143554,0.6689748057509348,0.6710136015030878,0.31395714396106283,0.029540362475929352,0.10294942324828853,0.00876645710591252,0.00353540903820547,0.2,0.6,1.0,100,2.2666885587732204,1.2615409203099806
3,52,0.04353109369896265,0.6695385902218196,0.671560052325412,0.30902202864405376,0.033039317486922674,0.10640323146742965,0.008770696158191111,0.0037427902753142104,0.2,0.6,1.0,101,2.400245476867632,1.4012261652211606
3,53,0.04373034013564466,0.6665938552705023,0.6684259933604968,0.31732878501756795,0.04051829076545891,0.11245845274062065,0.00935750144932744,0.00291253160005546,0.2,0.6,1.0,104,2.3652629296192837,1.630268550798581
3,54,0.04509138774487936,0.6664862401971605,0.6682303134637932,0.3157571376287249,0.04594570102812582,0.11199515300213381,0.009250642142340471,0.00467242308945853,0.2,0.6,1.0,105,1.9536962254073196,0.8695260995027889
3,55,0.041303269444565104,0.6513171767416397,0.6483054449432111,0.3316719253705094,0.08769978312926825,0.09766636128736811,0.00839241062080057,0.00526392810074716,0.2,0.6,1.0,106,4.484568722558442,5.392168801754115
3,56,0.04150221179707645,0.6428429151667978,0.6352382760325703,0.31518932209059025,0.06416664828312309,0.09584462340051267,0.00948442095838532,0.00571476461363684,0.2,0.6,1.0,107,3.755908967989028,5.308751547217081
3,57,0.0411639959476564,0.6449449165703778,0.6415669713517904,0.3300991140670546,0.04146783459027293,0.09584462340051267,0.00948442095838531,0.00571476461363684,0.2,0.6,1.0,109,3.880233399398721,5.542825901930551
3,58,0.040477262370799946,0.6387383930535241,0.6350394003578801,0.3371538445768541,0.05488020456961954,0.10008048022714527,0.00938155975481796,0.0049591268554810605,0.2,0.6,1.0,111,4.187814758120417,5.450132616081729
3,59,0.04261576643650173,0.6338948200933975,0.625705024644749,0.33406499855768473,0.041889110705476316,0.10751351205863385,0.00983242562154914,0.00559077310701471,0.2,0.6,1.0,113,4.080032204811655,4.85924010684617
3,60,0.04065265158080938,0.6352844490052798,0.6313759016017989,0.3522651591951813,0.04512361682551631,0.09401755804122972,0.010002641602439551,0.0064158699192141495,0.2,0.6,1.0,114,4.096515759329035,5.038477574901704
3,61,0.041583030320823,0.6176919986105024,0.6086359167810875,0.34183118899902554,0.07265640182185429,0.10560513273186156,0.01098530990054087,0.00590578770311627,0.2,0.6,1.0,117,3.380752813288077,4.782888113702574
3,62,0.04154576660992869,0.6271677202777417,0.6268364244197909,0.38294160928455306,0.034430392639396644,0.10560513273186156,0.01098530990054086,0.0059057877031162805,0.2,0.6,1.0,121,3.428683152681802,4.87233602802993
3,63,0.04137419205944693,0.6067167274377715,0.5970556788477485,0.3535776277714246,0.12262821042658606,0.10444404781762814,0.01165713953335367,0.00651128715173427,0.2,0.6,1.0,122,3.684399065644639,4.3833713589459045
3,64,0.03993163929601465,0.6044662312974783,0.5947600706465506,0.3764245311175149,0.03377810955450977,0.10844614637611417,0.010927062879005479,0.004774720636827131,0.2,0.6,1.0,131,4.200873024493218,9.881198232146357
3,65,0.04012008408062018,0.6029079538053428,0.5931043417197694,0.37906746305346783,0.048180144717979656,0.1004733952400151,0.01268822616336479,0.00564734312112753,0.2,0.6,1.0,132,4.102105895874192,8.318868502979473
3,66,0.03914256385867263,0.6027569026073283,0.597097374375236,0.40086808717361827,0.0500005804112194,0.10039682274861535,0.012581206780505342,0.00507878758065123,0.2,0.6,1.0,134,3.8178189942836,6.521857430548044
3,67,0.0415847709739434,0.6032207354026425,0.5974515311033018,0.40578916887727456,0.04082237973129268,0.0967379086311112,0.01390313249039446,0.00761167423795237,0.2,0.6,1.0,137,3.5342836852619195,4.564014115795416
3,68,0.04006810876184171,0.600757026051,0.5949353913008224,0.406917546634438,0.04177909921988753,0.09919264343236985,0.01375354303896865,0.00576526629551951,0.2,0.6,1.0,138,3.847542759621819,7.089677308835721
3,69,0.04027824453215519,0.6054963653119743,0.6040247704338054,0.43039692577632377,0.03584399770389875,0.0993362858228717,0.01382479907789309,0.0059351748527570695,0.2,0.6,1.0,140,3.783509904517745,6.983104378171149
3,70,0.040152312889065185,0.5928855453248552,0.5866250632207157,0.43370968417098243,0.04351719890495459,0.1020963936533723,0.014539906112984391,0.00536589106761586,0.2,0.6,1.0,147,3.8115776857006183,7.163240508633843
3,71,0.03469548960711694,0.5918166385558405,0.5898986786054142,0.5070309909781974,0.0292906383627064,0.08189078346960672,0.01126633598435523,0.00595046359612071,0.2,0.6,1.0,169,4.883351420791623,5.597100838430881
3,72,0.034501418684333034,0.5963443227987978,0.5987871430882903,0.5232420357577423,0.030784870580824866,0.08241606552837238,0.011222208458807061,0.00569299118844121,0.2,0.6,1.0,170,4.7798077841704165,5.411388090965166
3,73,0.034812820602309544,0.6007129513978303,0.607480076272556,0.5481915363355115,0.03297160613915679,0.08281130674110483,0.011581115612007701,0.00576928136820846,0.2,0.6,1.0,172,4.596006394277244,5.604635328755274
3,74,0.034808435104944205,0.6006788145525045,0.6074443037911819,0.5512091792144019,0.02952531964260535,0.08281842602794592,0.01158102556169221,0.00576549753538579,0.2,0.6,1.0,173,4.595394331240268,5.6022654774093885
3,75,0.0360076865002875,0.5948835150692321,0.5971635435866379,0.5478952174549714,0.0475976899162743,0.08290017381314939,0.01196983318494789,0.0068490596516138,0.2,0.6,1.0,174,5.233719415238508,5.97284463879978
3,76,0.03591810003294417,0.5790264663912714,0.5681362508945983,0.25976701280382636,0.03211668645421545,0.08316240168227271,0.01201424958668586,0.0067398997950443105,0.2,0.6,1.0,179,5.204479636561352,5.957797014127193
3,77,0.03640685264522369,0.5986822213018376,0.6052506445630769,0.5794462132699904,0.03627050192530564,0.08265156651908759,0.012563174608147782,0.0070410710848319595,0.2,0.6,1.0,180,4.729960317206909,5.203459435714982
3,78,0.035406272579100964,0.5896072023393504,0.5916314824728928,0.5671885101533349,0.0432215379846876,0.08277130807249429,0.01210145291213381,0.006487522319029849,0.2,0.6,1.0,182,5.433699683266547,5.928147830438697
3,79,0.03540627257910099,0.5896072023393504,0.5916314824728928,0.5819716142860276,0.03030267152815651,0.08277130807249429,0.01210145291213382,0.006487522319029861,0.2,0.6,1.0,186,5.433699683266547,5.928147830438694
3,80,0.03540627257910099,0.5896072023393504,0.5916314824728928,0.5937980975921819,0.030302687375508387,0.08277130807249429,0.01210145291213382,0.006487522319029861,0.2,0.6,1.0,190,5.433699683266547,5.928147830438694
3,81,0.03601039855497563,0.587468301439316,0.5893429280448327,0.5968811758106279,0.053701927215620726,0.08263804835784494,0.013032985395918458,0.00672343791955393,0.2,0.6,1.0,191,4.699254608385173,5.663474665393395
3,82,0.0357307240088209,0.5845456167147578,0.5862763136697984,0.6020493773481508,0.038197973631425644,0.08384416241886554,0.01255667495170093,0.00664112543000777,0.2,0.6,1.0,194,6.002348033631488,7.165700905078301
4,0,0.6180865450477162,0.9566782257825275,0.9544480208704523,0.05459264392077105,0.0,0.0,0.0,0.0,0.2,0.6,1.0,1,30.080252715584237,66.95151425220816
4,1,0.3985818770547616,0.9298900514322617,0.9254621248803209,0.06467259072467205,0.1820853040958525,0.07852998567606123,7.284849964436e-05,0.00015355080587593,0.2,0.6,1.0,3,21.332217679362547,42.95369513821511
4,2,0.36829388334943164,0.929670356133944,0.9247382172847189,0.07454228700415762,0.10173908177382163,0.10383384813979059,0.00057948710632605,0.00436453150523805,0.2,0.6,1.0,4,12.0703568983266,10.564006996703066
4,3,0.23950793459299494,0.883530216975957,0.8765883496035489,0.05877362240462561,0.3223241907318951,0.08794738630988413,0.00029139399857746,0.00061420322350373,0.2,0.6,1.0,5,14.085550442971943,23.086445418570843
4,4,0.23139192505423917,0.8851652133963762,0.8778615745641289,0.0689675711272945,0.08174069547614152,0.1025290637959195,0.00091986627838791,0.0059825501754115894,0.2,0.6,1.0,6,7.501853384575993,4.828945850055386
4,5,0.14589255852508023,0.8406544544346413,0.835411068400332,0.057740839261196365,0.3722931012743102,0.09402098024539562,0.00136918906305861,0.00288599058395874,0.2,0.6,1.0,7,5.340236797995847,5.041688145105157
4,6,0.12135745599526608,0.8157634261516975,0.8052166352872487,0.053200318064928226,0.09098035902219959,0.09912601353047334,0.00027737588330507,0.00064676614560156,0.2,0.6,1.0,9,5.5057082759901546,2.48500658883605
4,7,0.11615064378496216,0.8109032773909897,0.800196461165426,0.058657104634957435,0.03098258636455904,0.0914495644221386,0.00020753388726763998,0.00047151840845433,0.2,0.6,1.0,11,6.995519659415029,7.685633462154963
4,8,0.11615064306653736,0.8158503419545359,0.8095167038068533,0.06475746263846416,0.018885984911855926,0.09144956442213856,0.00020753388726763,0.00047151840845434,0.2,0.6,1.0,13,6.9955189784033855,7.685631658093053
4,9,0.13264484387705597,0.826727661581329,0.8149014875657445,0.10396340900678283,0.14109615136927958,0.1593778057164731,0.0038597595608632603,0.0222629912184016,0.2,0.6,1.0,15,5.962900839334438,23.689375640614465
4,10,0.12949025769273598,0.8224542591824143,0.810297885002418,0.11381442434801836,0.10853335579495299,0.1616722104450867,0.0038513637863716197,0.02395019410495946,0.2,0.6,1.0,16,5.918037027298196,18.687264219704183
4,11,0.11175676560914646,0.8032663906694149,0.7907846371120433,0.09716557369483599,0.09502119286631724,0.14628628296703466,0.00259713693210888,0.01491257296062147,0.2,0.6,1.0,17,4.596510902575335,16.28110685735888
4,12,0.10735307092111944,0.796425484860494,0.783513911815503,0.1063301908823794,0.11226048542315802,0.14821997372788956,0.0025917952434338703,0.016037336314473,0.2,0.6,1.0,18,4.557555555251678,13.73983197704761
4,13,0.10245451746800172,0.78948414775874,0.7762699273226256,0.10647966664339596,0.09188437176227629,0.14897912575497593,0.0024593266678795,0.014902697954933219,0.2,0.6,1.0,19,4.9301858137345,17.121732259290475
4,14,0.10408733161281,0.7959964916875282,0.787146342358332,0.11298244714406781,0.049262209051252503,0.15179730009981493,0.00258055904799651,0.01600835264625625,0.2,0.6,1.0,20,4.762213762628509,14.60424642776689
4,15,0.10256496876940029,0.7943625115505418,0.7854967846752552,0.12181394752065014,0.047764819971432344,0.14965009500600057,0.00247994364222025,0.015166766954403929,0.2,0.6,1.0,22,4.899580104924484,16.516397498309747
4,16,0.11660479581597426,0.8072396628466701,0.7982058376667385,0.1272704841890879,0.08926724961556795,0.15707344404125118,0.0089536406443382,0.025940425745818663,0.2,0.6,1.0,23,4.938894283656376,25.060302902320736
4,17,0.07361905291438997,0.7623243338991263,0.7530583437644562,0.09840360804398504,0.029126079564919454,0.08198861476843039,0.00118576221867404,0.0052127924234559005,0.2,0.6,1.0,28,9.099727123668735,16.09990455807484
4,18,0.0736190896984342,0.767271436205492,0.7623786124143632,0.10655326142731684,0.022322004264569338,0.08198861476843035,0.00118576221867404,0.0052127924234559395,0.2,0.6,1.0,30,9.09973298212394,16.099906226818668
4,19,0.07295567454017649,0.7660342010626028,0.7610704723494502,0.11467797854574488,0.027933330456218455,0.08212324484010051,0.00119522219006977,0.0053202285050989,0.2,0.6,1.0,32,9.66182398207417,16.44357816267573
4,20,0.40409891518014923,1.101449235009663,1.1007796785589266,0.46036882889734027,0.36037320296159636,0.08599937227498401,0.05660724249926794,0.30329993033795055,0.2,0.6,1.0,34,12.66004089865016,11.218962764792176
4,21,0.11824086721785179,0.8187892268401966,0.8222963770896037,0.1813105578656509,0.10024012544763872,0.10378875160372661,0.01021162032599157,0.04378875796677425,0.2,0.6,1.0,35,9.95477806362794,11.882760145334569
4,22,0.11204532688144889,0.8122321624623726,0.815699550182939,0.17831241983332838,0.0709035032747975,0.10664201581275397,0.011339036040479571,0.036757073602538846,0.2,0.6,1.0,36,9.454393283405269,10.544988642883842
4,23,0.11837241637416226,0.8233291604589145,0.8311503881861669,0.19341456430077547,0.07287404831497574,0.103414470452302,0.01072776257533019,0.04429459478254967,0.2,0.6,1.0,38,9.15590944682776,12.581405822769446
4,24,0.13433630805518343,0.8327021122505597,0.8359745157000937,0.21948319541183212,0.098015913454923,0.11888311612821723,0.01469934997560302,0.05655016350476847,0.2,0.6,1.0,41,10.229223116702352,12.259283370681487
4,25,0.13121728196504062,0.8286416365322054,0.831816967550898,0.21991122776633257,0.10160911084815749,0.11926101644028748,0.013563177244449831,0.05498153697556565,0.2,0.6,1.0,42,10.25377063697295,12.27951649445141
4,26,0.1362187147693238,0.8284694410230041,0.8272423275411562,0.22178277956283649,0.09500603751012736,0.10914469963750713,0.014950396108799191,0.061516084616973624,0.2,0.6,1.0,44,13.016064500222662,12.49800102639894
4,27,0.13156873621033227,0.8212476810127812,0.819770269309488,0.22121047849204767,0.1270917803729491,0.10939353540197014,0.013733626882190032,0.05983657349568598,0.2,0.6,1.0,45,13.049915139947782,12.56827408428683
4,28,0.15940494379322662,0.8525850170966114,0.8553441461456714,0.28393312673222615,0.12921160655140926,0.10609101760091758,0.02245907723684443,0.08430622890726568,0.2,0.6,1.0,47,11.44995294494174,15.299380596702154
4,29,0.15623696981249555,0.8425148984022043,0.8407189085221791,0.26325627560479525,0.12293933906331425,0.10663891026701582,0.01704373813657899,0.08585730150907409,0.2,0.6,1.0,52,11.40084218055245,16.856699094225974
4,30,0.15637040234343447,0.8426356477199415,0.8408385311708472,0.2661940885328022,0.11771852597564561,0.10672460473948196,0.01717696819304037,0.08590286473367688,0.2,0.6,1.0,53,11.353610108814117,16.888830421422636
4,31,0.12726529854215907,0.8404849847141774,0.8646810876854018,0.26956560971549864,0.1280338810634059,0.12028498979737806,0.0225923690931022,0.052882661503022566,0.2,0.6,1.0,54,9.766280714807884,7.549103802473967
4,32,0.29673825614820165,0.9894304598083722,0.9960716082659882,0.43489378201779594,0.2649052825686973,0.1161135054398373,0.01920375348862781,0.2256938392604321,0.2,0.6,1.0,56,9.653327690146718,22.799752871695294
4,33,0.3081624021552843,1.0106757726902718,1.026056909169125,0.4765113435290492,0.2721523636702393,0.11652683134150009,0.0201265234527505,0.23653175631899548,0.2,0.6,1.0,60,9.56623636517895,22.76772157589273
4,34,0.13032825937835418,0.8176028111712766,0.8198300147579262,0.2763712394731038,0.09956182707735348,0.08785893068934468,0.01521544937134017,0.06764931777174298,0.2,0.6,1.0,61,13.428638855761411,23.43922643696376
4,35,0.1374440972373153,0.8175511491880741,0.8152159990355003,0.28234147672399307,0.13153162854942968,0.09911902150583728,0.00951231450739259,0.07738990337196337,0.2,0.6,1.0,62,14.159794996858944,15.440798377453056
4,36,0.09102761513419524,0.7801762515348238,0.7865160692851408,0.2604743174731667,0.06783067806320084,0.08232444851840055,0.00807143476693251,0.03573015987508525,0.2,0.6,1.0,63,4.181047537820402,10.90898851218974
4,37,0.1105771487358085,0.7931245060508262,0.7949546753161573,0.2667744518739977,0.09822932774886309,0.09105440187470368,0.013777262259724499,0.051107500334219604,0.2,0.6,1.0,64,14.19369524083318,17.1964232871271
4,38,0.1034407985209493,0.7893682884758576,0.7954445098052564,0.2676012844185431,0.08096043111920981,0.08413618612772611,0.016046371682027518,0.04489564416349296,0.2,0.6,1.0,66,6.888295368012474,13.042448546947536
4,39,0.11083579305896485,0.7930619101920999,0.7988453558186777,0.28480926771482407,0.12500895919126762,0.08155520977785558,0.013706135081880089,0.05619671000418062,0.2,0.6,1.0,67,12.758853442595504,5.930219102153575
4,40,0.11100176392036956,0.7981558426357931,0.8083109558259152,0.2957324056814292,0.0810197639016849,0.08156714878874737,0.01374139708490085,0.056348887265746585,0.2,0.6,1.0,69,12.74239336296436,5.903496450210524
4,41,0.14346984564546528,0.8181527894077059,0.8193632455488344,0.33301353560620034,0.12466046631997224,0.10967579017566359,0.014105330079108169,0.08425268096374777,0.2,0.6,1.0,72,9.355045906195278,14.655907314232556
4,42,0.14322043551005076,0.8147250384260158,0.815696598384406,0.35046683602677364,0.15195976948391046,0.1084196244667016,0.01446047550931267,0.08550383857865992,0.2,0.6,1.0,73,10.553059259968862,14.292713941104372
4,43,0.1432003018365798,0.8146594029351597,0.8156275711520027,0.3535450202447925,0.11637426719346974,0.1084196235156945,0.01446047569516036,0.0855038379293846,0.2,0.6,1.0,74,10.667908024375295,14.451931634729783
4,44,0.12329780012600991,0.7988254025166412,0.8041016755953636,0.348145713752912,0.0996260613151635,0.10795801403552692,0.01285730005343197,0.06704085627788142,0.2,0.6,1.0,77,10.95110874711277,13.783134410132984
4,45,0.10732263332795325,0.7813383777958175,0.7865036108914669,0.3157422537032178,0.09780316347731446,0.08160227564060395,0.01527379752505035,0.05553212062300035,0.2,0.6,1.0,78,12.837645973875096,6.332019069867408
4,46,0.09256185582610141,0.7627056289077758,0.7675914483674147,0.31281918574028944,0.0818997783645643,0.08474812683808926,0.01688912588113333,0.04072868610724095,0.2,0.6,1.0,81,6.41350576069618,12.299521255538002
4,47,0.10280907961363736,0.7783254550009989,0.791639378400807,0.3411024623593102,0.10378190039753976,0.08139980539338844,0.015019513413073022,0.05442748477117172,0.2,0.6,1.0,83,12.629733811523517,7.457916916019204
4,48,0.1315312708280018,0.8061141566348904,0.8193633519564871,0.3845912909771178,0.11365937488932305,0.09390783838571229,0.01744317708055796,0.07951765153361784,0.2,0.6,1.0,85,12.718265210531142,5.744744934743722
4,49,0.10415787220364531,0.7629264697817064,0.7629890310473877,0.32480056254080913,0.08341554311319736,0.08163415645685623,0.01507963676978224,0.056348203195299,0.2,0.6,1.0,91,12.827969837308665,5.842877713372168
4,50,0.10137491113558486,0.7791343187275486,0.796634712928495,0.40856262944203936,0.07984689429535897,0.09148129300565509,0.01821115581977609,0.049984500895649,0.2,0.6,1.0,104,13.053502426910008,9.99673424645497
4,51,0.08306806801461203,0.7547765734740401,0.7678282213677344,0.40011357112403384,0.07275179368835442,0.09353196820458573,0.01169660763830946,0.03554055313412241,0.2,0.6,1.0,105,12.652461177693867,8.450271366489954
4,52,0.08889629554923233,0.7548969891615074,0.7635238626135548,0.3838867683662589,0.06926638405766362,0.08438418503966975,0.01858949018345176,0.03930430977355391,0.2,0.6,1.0,109,13.226949241385489,8.190824528435392
4,53,0.08944369996385329,0.7580099345434929,0.7748933850013753,0.4322268533213546,0.10709826852404522,0.08807972305672422,0.01923693938616266,0.04090926815405161,0.2,0.6,1.0,111,12.675846992549296,9.900684506643229
4,54,0.08908296921749947,0.7567256812202432,0.7735484448520944,0.4351894215707137,0.07915103070051474,0.08807971713638699,0.01889081428062277,0.04101139932718093,0.2,0.6,1.0,112,12.645888787322324,9.834941902568138
4,55,0.09199411810541885,0.7592837247342032,0.776083385300639,0.441416453346719,0.07645149330718364,0.0897519783842867,0.01764978560164952,0.04442855863537501,0.2,0.6,1.0,113,13.06211604104455,11.065268555263255
4,56,0.08273751480955797,0.7441968888010315,0.7565656563203111,0.4022352757003682,0.06833570865540696,0.0971123273551469,0.01645130186188083,0.03465710913616128,0.2,0.6,1.0,121,13.894194820681143,11.228362483206084
4,57,0.10123836526493848,0.7598978149312986,0.7720848463095498,0.5037864507733832,0.08346442140382593,0.09339870467674535,0.01862250934085888,0.0533283854103206,0.2,0.6,1.0,125,14.268327015179782,13.783389104893818
4,58,0.10076191131815056,0.764084439849763,0.780626304130895,0.5167064000345526,0.08391463532354146,0.09306447900061648,0.01852571974986315,0.05304891154160781,0.2,0.6,1.0,127,14.250832004433423,13.771388491085034
4,59,0.08360541462954216,0.7556963743088853,0.7849699816578245,0.5154576680507744,0.09488382892444608,0.10195843132611768,0.01813663052542968,0.03580657435608262,0.2,0.6,1.0,130,13.807000752439718,9.78304832175475
4,60,0.08280404720328252,0.7525882504694121,0.7817165718088867,0.5180123427555114,0.07317416363515658,0.10116390927667901,0.01667929569971671,0.03655367319791134,0.2,0.6,1.0,131,13.984285385828285,11.28132826198352
4,61,0.08249274518239993,0.7393596748483809,0.7554896281792122,0.4509719760706581,0.06605416226742897,0.09770678183693125,0.0165983781935241,0.0365536629706786,0.2,0.6,1.0,134,13.984285382796338,11.281328448268294
5,0,0.8684053059990159,0.986956610024508,0.986285156604467,0.06127568530642045,0.0,0.0,0.0,0.0,0.2,0.6,1.0,1,8.560306132379864,61.94420214088719
5,1,0.5784608422737206,0.9655696400064046,0.9628946804462983,0.0738163319392059,0.16902854660442895,0.08680620743325183,8.105888614433e-05,0.00012203878719128,0.2,0.6,1.0,3,5.818548140001179,40.903060149227215
5,2,0.5409624644986815,0.9644508021514412,0.9615429744178244,0.07884589078986244,0.07342493956294112,0.08942963375109832,0.0011612066099876,0.00235367747917095,0.2,0.6,1.0,4,7.718791546595426,4.708491050449721
5,3,0.14942696009642845,0.8419157297619412,0.8369476117904764,0.051331283884535076,0.9741756543853871,0.08154396371921659,0.00122476422639352,0.00138226115524299,0.2,0.6,1.0,5,4.259513519296295,3.53815213448445
5,4,0.14362185683770576,0.8328932306991976,0.8233536418583483,0.05510424379003469,0.025749645732349294,0.08755386245713175,0.00039153166254729,0.00045715827725098003,0.2,0.6,1.0,9,3.972633833205655,2.720272035520418
5,5,0.1396951688405166,0.8352144346897924,0.8298655689619358,0.07338072883523998,0.03277427845739194,0.0925478823138392,0.00031811875872206,0.00042013930045160997,0.2,0.6,1.0,11,3.815985416879592,2.5213020741278607
5,6,0.13951940816275885,0.8301373838563291,0.8204086777695279,0.05917248218677927,0.0201316742391804,0.0925478823138392,0.00031811875872206,0.00042013930045160997,0.2,0.6,1.0,12,3.818386792836196,2.4698293298820806
5,7,0.1350989474302115,0.8367051556018871,0.8355505288245753,0.0810710286753095,0.04518483865115597,0.09228153252804543,0.00035997972368108003,0.00046738332059600003,0.2,0.6,1.0,13,3.992513347388452,1.7472984226889696
5,8,0.13498523451069896,0.8318852665042743,0.8263156498328617,0.0895859004000257,0.02640838262553487,0.0959314462058532,0.0004271462342015,0.00063718098828964,0.2,0.6,1.0,14,3.923579860963976,1.9504093369464044
5,9,0.15286437946144876,0.8566040599479766,0.8549906151724248,0.12048881127057888,0.11102237382674078,0.15971503563523504,0.007602529243774971,0.01144721284198592,0.2,0.6,1.0,15,8.076913455663151,8.351069736840083
5,10,0.09531694522050657,0.7857798646274703,0.7805195949120347,0.1073829809763988,0.3237209817485744,0.14995124341667762,0.00853770261056396,0.0128551698091382,0.2,0.6,1.0,17,10.158756140608103,4.292309109885462
5,11,0.09520822263658797,0.7905218913247779,0.7896242272589001,0.11486114209189896,0.04876466493157195,0.14995124341667765,0.00853770261056397,0.01285516980913814,0.2,0.6,1.0,19,10.2047762014808,4.253105725931668
5,12,0.08315807775365468,0.7633792122816481,0.7571102079576508,0.11039468632573399,0.12064098020302376,0.1554045657860105,0.006692051827681,0.01006629622099875,0.2,0.6,1.0,21,12.029923986684782,2.330038713714513
5,13,0.08312222103737472,0.7632950915062735,0.7570217506846875,0.07131340682101038,0.04548938281913298,0.15540457680744613,0.00669205456531813,0.01006630034313492,0.2,0.6,1.0,23,12.076621143731074,2.3042774545326425
5,14,0.08289594386482287,0.756240758423935,0.7533569849432902,0.13463324933643744,0.08945701509697995,0.16532056936195547,0.00913852307664423,0.0137204648872889,0.2,0.6,1.0,27,15.953340123576895,1.8515039250031105
5,15,0.0827779956953982,0.7509494038620773,0.7436747432807698,0.1367501567670532,0.05360522231780351,0.16532056936195547,0.00913852307664423,0.013720464887288892,0.2,0.6,1.0,29,15.800727036922272,1.903990173908189
5,16,0.08371318896689169,0.7432215851925759,0.7312820113235368,0.13993100206498443,0.07805922515390719,0.16950142095566012,0.01013554121864038,0.015172527134558838,0.2,0.6,1.0,31,17.515985393180458,0.7612301363967547
5,17,0.08189626431780785,0.7371525020947388,0.7249005057868126,0.1449027997991243,0.10071787848920638,0.16950142095566015,0.010135541218640371,0.015172527134558838,0.2,0.6,1.0,32,17.862882227855614,0.630433143396053
5,18,0.0885543352130227,0.7574016847714531,0.7581775991527895,0.16684437859002474,0.07618555089509473,0.17695482352223252,0.01284066415601073,0.01924569415035823,0.2,0.6,1.0,33,21.409762301055714,2.136691015364082
5,19,0.08104758985924532,0.739181169409083,0.731150965130232,0.15322442065085096,0.06427483981852528,0.16879453232486172,0.01011306495217402,0.015349404328801011,0.2,0.6,1.0,34,18.48985210701419,0.57821587805939
5,20,0.08407636833817334,0.756984057368241,0.762068288941031,0.1714750457785269,0.059064433489952245,0.1728448169544279,0.01128148010278745,0.01689799181153874,0.2,0.6,1.0,35,19.67034581207288,1.0464520282089955
5,21,0.08419627950472593,0.7353540750349191,0.7228044911874824,0.15808713910047412,0.08040327011611927,0.17303369302685115,0.01158517427302469,0.01757870701416346,0.2,0.6,1.0,36,19.9804716433993,1.3882030424639034
5,22,0.08784522282157484,0.7460060383284914,0.746026848250814,0.1780813936318806,0.14861723953298955,0.18103338471430608,0.01404012057982695,0.020982936578378,0.2,0.6,1.0,37,23.868981158543,0.6608291270189246
5,23,0.08783144123051571,0.7459508017123405,0.7459687609128316,0.1902726347135366,0.06582844839397518,0.18103338471430608,0.014040120579826959,0.02098293657837799,0.2,0.6,1.0,39,23.91906362750192,0.6523271837054081
5,24,0.25804198053434374,0.9023490349950165,0.9055040504365715,0.3698926996085277,0.3345471192581717,0.1728027994716133,0.32307106910952055,0.012673408455780591,0.2,0.6,1.0,41,19.69816149891896,1.0289742536737174
5,25,0.25736127773546286,0.8637845345355872,0.8646453421602143,0.377882038264208,0.33381584638743184,0.18098937661930442,0.32523801545329,0.01573703246183772,0.2,0.6,1.0,45,24.128925962206303,0.6154831678754478
5,26,0.2573612272512752,0.8637841004931643,0.8646449000160636,0.38464353362638704,0.24707815766823266,0.18098937661930434,0.3252380154532899,0.01573703246183776,0.2,0.6,1.0,46,24.129263086587844,0.6154430130902264
5,27,0.25774292778960733,0.8375376128887387,0.8327833946697049,0.3771635155278824,0.437778753196253,0.1850925039847973,0.32623028096638285,0.01714490046309371,0.2,0.6,1.0,47,27.125854590895184,0.0940496215393155
5,28,0.6677002370933521,1.2366199721054458,1.235353472431304,0.8036292846008811,0.6880190257115995,0.18598462769020346,1.0,0.02404003998498208,0.2,0.6,1.0,52,28.231597225291345,0.0877539304258972
5,29,0.6689738252851506,1.221918782185825,1.2156695476628312,0.8101412089382293,0.7099112979657692,0.18894430507766768,1.0,0.025535071615811478,0.2,0.6,1.0,54,29.60312879152573,0.2979510916885559
5,30,0.6700184906654677,1.2206411570248827,1.2183669865756748,0.8147387932854367,0.6945017483525254,0.1898183717155734,1.0,0.02686873256769045,0.2,0.6,1.0,56,30.65329612024381,0.4242496720800465
5,31,0.669960462895069,1.221679343915938,1.2235681547593658,0.8245705304206897,0.680853982841341,0.19005893606261864,1.0,0.02699456207565155,0.2,0.6,1.0,58,31.171849356524408,0.3803756842596063
5,32,0.6716018164244731,1.196488305189441,1.1928191728205066,0.8184031812015689,0.7573712378307579,0.19380819031451582,1.0,0.029015397769849887,0.2,0.6,1.0,60,33.94396406068906,0.0458133305278329
5,33,0.6714166749078967,1.1948380018980616,1.195197702147269,0.8329711769412678,0.693844361577669,0.1939292636109235,1.0,0.02908250334770026,0.2,0.6,1.0,62,34.210926928269075,0.0605680823290215
5,34,0.6715784048738654,1.2017481962013925,1.2230132009064223,0.9518927558865312,0.6753043759957283,0.19473216241127475,1.0,0.0297551984402517,0.2,0.6,1.0,84,34.32235053154105,0.080696590169263
5,35,0.67403966158957,1.1746276992040923,1.1943269436703148,0.9653489818911343,0.731193247598156,0.1984024560369966,1.0,0.032315967344174,0.2,0.6,1.0,88,37.39722197839759,0.2242603092669527
5,36,0.6741446298784572,1.1655737567735613,1.1806780362035783,0.9559961818460034,0.6889735765043025,0.19900090804472229,1.0,0.03239795892816928,0.2,0.6,1.0,90,37.42827099123773,0.2213770247786616
5,37,0.6738989038207375,1.1676398456646735,1.1910917550451474,0.9796266828012001,0.6841729745423722,0.19866127472029965,1.0,0.03238263414938859,0.2,0.6,1.0,95,36.88876530682148,0.2305979492582103
5,38,0.6662896661951804,1.1608902045175526,1.1885006490513241,0.9902171192248121,0.6727018768955413,0.2012652299170622,1.0,0.0243343979412972,0.2,0.6,1.0,99,37.11380561198671,0.4135093394551735
5,39,0.674401163874481,1.1698331992959092,1.201600890600211,1.007761097018212,0.6782290308474136,0.20170166502822814,1.0,0.032437240243702634,0.2,0.6,1.0,105,37.11545862942837,0.3383692505416324
5,40,0.6663781426748376,1.159482388220187,1.1911280515844067,1.021992135676699,0.6740054425951145,0.20241036178591298,1.0,0.02431515589421617,0.2,0.6,1.0,107,37.114384273455705,0.341218400027852
5,41,0.674608007008932,1.165103403607156,1.2007265098713016,1.0494695365597102,0.6931005449498182,0.2010355661905543,1.0,0.03295103262974787,0.2,0.6,1.0,110,37.01708302373096,0.4313471683361077
5,42,0.6743906378230174,1.1719092027224671,1.216128426987673,1.0597535523204886,0.676773549713476,0.20241789334540541,1.0,0.03250406850271184,0.2,0.6,1.0,116,37.56031523714959,0.4038086513080867
5,43,0.6662819427098463,1.1627512923328491,1.2069156421883849,1.0944458687907777,0.6665549951742828,0.20205760004167506,1.0,0.024484177785658638,0.2,0.6,1.0,121,37.21291970822429,0.0487941732806177
5,44,0.6667695427777675,1.153823150648447,1.193380738401927,1.092201200780345,0.6831202392002207,0.20375140993647212,1.0,0.024702101244709958,0.2,0.6,1.0,123,37.01631110566493,0.3292808119046565
5,45,0.6658620070186471,1.1657816237187175,1.2183555068865406,1.123625388250394,0.6801700039495369,0.2011945606336911,1.0,0.02433533767167884,0.2,0.6,1.0,124,36.938556626724754,0.4061444935814421
5,46,0.6741881759754698,1.1691554681464211,1.2214707577124577,1.1345895178372052,0.6794894450263308,0.20266935157041058,1.0,0.03243740630655319,0.2,0.6,1.0,130,36.939670730190784,0.3402893715259354
5,47,0.6659658083616867,1.1698938103732626,1.2309067129868694,1.1666494597902297,0.6684446990867805,0.2020935054775529,1.0,0.02434311433498796,0.2,0.6,1.0,132,36.93895742982316,0.3545407197509992
5,48,0.6660561337102416,1.1691206882853562,1.230088530665814,1.1703087299200698,0.6682719370214197,0.2026038997471381,1.0,0.02434317881010609,0.2,0.6,1.0,134,36.93923745666828,0.3437317438967305
5,49,0.6660486857135606,1.1687887132545873,1.229739625179433,1.198239739361203,0.6652882798350072,0.2025650285787855,1.0,0.024347916119539507,0.2,0.6,1.0,140,36.93899898454381,0.3447956740141877
5,50,0.6658526436112587,1.1632055603335516,1.223875498884171,1.2176449740455733,0.67181888658209,0.20148833302517824,1.0,0.02443808198290538,0.2,0.6,1.0,146,36.90445017062349,0.6320830988375634
5,51,0.6658460727937581,1.1681354130326933,1.2331779603373927,1.2309578153498684,0.6647705585815906,0.20147426210908642,1.0,0.02443445987664997,0.2,0.6,1.0,148,36.9043590193717,0.6327209015307035
5,52,0.6658655379649221,1.182595716932881,1.2607368807006198,1.3055561123767079,0.6649796680969093,0.20155932853765,1.0,0.02444200903759012,0.2,0.6,1.0,162,36.90434353831149,0.6082512761808068
5,53,0.6658741852387869,1.1875261013120402,1.2700391020374688,1.3229261527543676,0.6648636142892513,0.20158250946068412,1.0,0.02444634835006411,0.2,0.6,1.0,164,36.9043651975832,0.5951747725516332
5,54,0.6658624595812486,1.187504538607613,1.2700170385929161,1.3268238941801171,0.6647886298674149,0.20153658048438539,1.0,0.02444392610950648,0.2,0.6,1.0,166,36.90436526253471,0.6179687173734286
5,55,0.6658450222937549,1.1874853324959618,1.2699977266461857,1.3346311824524355,0.6647487500751094,0.2014527319440125,1.0,0.02444328248984982,0.2,0.6,1.0,167,36.904372608205136,0.6248058879408128
5,56,0.665836733662293,1.192304282763695,1.2791835839831713,1.34419476996151,0.665677227257679,0.20144803595665703,1.0,0.02443745999149366,0.2,0.6,1.0,168,36.87969344288968,0.6071014331094065
6,0,0.7256539516678953,0.9709655813417014,0.9694709087224871,0.05774829550806858,0.0,0.0,0.0,0.0,0.2,0.6,1.0,1,21.020557200002965,60.63882564908314
6,1,0.49040865896627217,0.9497135425104392,0.9462635474444977,0.06969399047944042,0.1645796444699866,0.08252029297210833,6.927026682063e-05,0.00018426054694576,0.2,0.6,1.0,3,14.657029712815977,35.784701514799124
6,2,0.35640801973383823,0.9407510562496026,0.9353761784118475,0.09232987931979628,0.3362795217277463,0.14165948948809207,0.00254341129931945,0.01530205411446057,0.2,0.6,1.0,4,14.241497665277372,39.93551758936693
6,3,0.31217835806954314,0.9097753791987169,0.9041148612879406,0.06719188186100662,0.0629291100506104,0.09761562022158113,6.746570481764e-05,0.00016898820690081,0.2,0.6,1.0,5,8.874937177213184,18.42485713242772
6,4,0.21075806001560496,0.8719987603368318,0.8643801261159194,0.062038952869040494,0.31617189066659523,0.08883197502218591,0.00063992879859442,0.00184313583428553,0.2,0.6,1.0,6,9.454763268301122,3.215181653334787
6,5,0.18017425763319936,0.8640743357417906,0.8600333723437444,0.06449197364533014,0.15496802861999925,0.10703429631670883,0.00039317344664,0.0009314855642375001,0.2,0.6,1.0,7,4.23722781991113,2.836183260840777
6,6,0.15029521225962347,0.8385789198298487,0.8291548224932225,0.059468626042045676,0.16234443562826403,0.09238791446640304,0.0008897774651373299,0.00263342988410588,0.2,0.6,1.0,8,5.118121363823435,4.261375516582227
6,7,0.14830000542327976,0.842395712511164,0.8372407509502822,0.06710054775661076,0.030397438855708857,0.09589608708054351,0.0009538974536978599,0.00278353783535174,0.2,0.6,1.0,10,3.432673272628167,8.425174603070328
6,8,0.1445957467160324,0.8345158461742382,0.8248857728029005,0.06597750436966357,0.0369240527655468,0.09212576158542274,0.0009059452603254199,0.00261457983739797,0.2,0.6,1.0,11,3.34555539589964,3.778081598896031
6,9,0.1426418873998587,0.8377543463009696,0.8324632190110677,0.07444749301849254,0.02311219608634106,0.09194541363946468,0.00061796246522727,0.0017794124875164699,0.2,0.6,1.0,13,5.339644065842312,3.389980425099426
6,10,0.14201789709309698,0.8376251460158025,0.8322671158662506,0.08689812186875796,0.03197126969862224,0.09379427115075574,0.00082892010400869,0.00245316267370359,0.2,0.6,1.0,14,4.763858556650798,4.4965254382358815
6,11,0.13721243054187438,0.828859164288481,0.81897232466037,0.07867993108485186,0.04441677655761796,0.09336254007614844,0.0006402538424883999,0.0018576706842077298,0.2,0.6,1.0,15,5.07116980487823,3.890849919301029
6,12,0.13530758441514115,0.8323220679658621,0.8267319545014484,0.08509227912631334,0.02663829489679392,0.09336254007614844,0.0006402538424883999,0.00185767068420772,0.2,0.6,1.0,17,4.980556724811538,3.74326673450814
6,13,0.12684664635142462,0.8314753573255873,0.829524794164997,0.10264493870460781,0.14032064325650195,0.09427644906110896,0.00278871719011317,0.0088432713558547,0.2,0.6,1.0,18,5.039300788141339,5.1322380726822505
6,14,0.12115381900618076,0.8261153449596131,0.8238916531375099,0.10612735870898611,0.04997001356857513,0.09918274404983304,0.0065208442190223,0.0055682318939122505,0.2,0.6,1.0,20,3.1346258002791663,12.311771176308902
6,15,0.11670230600239453,0.8167600328710045,0.8100594167629109,0.09858858344209674,0.04263863735764545,0.09877678667336959,0.00494433730060037,0.0042022446071056,0.2,0.6,1.0,21,3.530037266809069,11.437046355217335
6,16,0.11061433607311527,0.820526751259326,0.8223463088832271,0.11007418903717436,0.05965103927366566,0.09937507451896821,0.00389189207748172,0.00297998309362573,0.2,0.6,1.0,22,3.37046188891592,8.63679799286834
6,17,0.11069746305661693,0.8204920692292017,0.8222198925221985,0.12800552804341953,0.033755290665311175,0.09775844680861037,0.00198733867151031,0.00619319715170805,0.2,0.6,1.0,24,4.69916982529266,2.9174727639239757
6,18,0.10974158846063763,0.819472427369235,0.821153347601079,0.1306455152977692,0.03387550229504348,0.09760463969050805,0.00196613897790366,0.00612792173424945,0.2,0.6,1.0,25,4.671584476595345,3.0914920116460096
6,19,0.09875625510622968,0.8065523112044825,0.8075109649360277,0.13217193509403505,0.0643756515337107,0.09822701955797096,0.0036753247829346496,0.00608810732941699,0.2,0.6,1.0,28,4.217632969155033,20.98518616909043
6,20,0.09888728606978138,0.8017182011802002,0.7983004586654814,0.11293803107059595,0.028556105395901733,0.0979270037982521,0.0036471568218709996,0.0063411472768915705,0.2,0.6,1.0,29,4.239990010885268,20.93546297873045
6,21,0.09766411475515505,0.8101046276209558,0.8153646414387631,0.14017511544839983,0.0382712723808246,0.09822701955797092,0.0036753247829346496,0.00608810732941699,0.2,0.6,1.0,30,4.153505305000495,21.484589665173228
6,22,0.09733312957106505,0.809756641691782,0.8150126040982106,0.14580334048103913,0.028284443441041092,0.09871256127870252,0.0037224908574672103,0.00569357703245511,0.2,0.6,1.0,31,4.097302687077789,21.54563991052636
6,23,0.10763169645805126,0.814141863510311,0.8148104926592481,0.1528001423476092,0.07369912011229465,0.09445350434883468,0.00279020143098688,0.020597571535635552,0.2,0.6,1.0,32,4.856779338907824,4.840870035354207
6,24,0.0968175060226154,0.806453016963874,0.8111620201655108,0.15374010401642668,0.060088602793179624,0.09973156543568416,0.00465297849309173,0.0122529720730558,0.2,0.6,1.0,34,4.870302227774773,5.304555943384814
6,25,0.09681517581612831,0.8014469046441172,0.80177303025468,0.13663630023968196,0.0365991146032625,0.09979604699689963,0.00462050717668644,0.01238907392002776,0.2,0.6,1.0,35,4.858408779453494,5.255572860819195
6,26,0.08276181890624298,0.795254588364378,0.8040106910405929,0.17513610835018725,0.034743082212473464,0.08880576477329263,0.0043913651616165296,0.0047834937599278895,0.2,0.6,1.0,40,3.931341674483954,22.84967794236544
6,27,0.07986314051887262,0.7940644463612849,0.8067525251809287,0.1815826242119487,0.06128502298390733,0.1013621653547858,0.00443679572526867,0.00467744459130822,0.2,0.6,1.0,42,4.188035043658088,24.03192897093988
6,28,0.08506499791296811,0.7941668465537193,0.8024686912437617,0.19039418240289005,0.034269331355669695,0.09422231602479056,0.00451712805951973,0.01136099092966584,0.2,0.6,1.0,43,3.440964042790037,12.771921224438294
6,29,0.08808095353883681,0.8019946288346167,0.8146529245291845,0.19636071801340463,0.03865055699855972,0.09640003992390131,0.0044789816027726494,0.01415420613013293,0.2,0.6,1.0,44,3.582930396755187,13.047229157600444
6,30,0.08520516341609274,0.7979280243701039,0.8104414450506995,0.20113276918675208,0.04586906894308282,0.09649805639957443,0.00603293977558708,0.011949577107895671,0.2,0.6,1.0,46,4.827903204315441,22.81621770361676
6,31,0.08448227994356224,0.7966282371565709,0.8090747514730593,0.20705936049811602,0.04489567390008517,0.09649805639957443,0.00603293977558709,0.01194957710789565,0.2,0.6,1.0,47,4.681619582255924,23.457299954678067
6,32,0.08158255061849433,0.7877576083839695,0.7957134357555562,0.20170089772652552,0.05104157652252338,0.09178197891672579,0.00471208075954976,0.01204429742078315,0.2,0.6,1.0,48,3.472877470280608,11.841211870897018
6,33,0.07969762413953697,0.784204560116235,0.7919766752312728,0.2071168479341786,0.04714212868099922,0.09765895053893865,0.005760985973323951,0.01025530285747075,0.2,0.6,1.0,50,4.423988219989763,11.82840542196372
6,34,0.07814112942214922,0.7853241872624367,0.7972319824742219,0.21998479866362683,0.05195919981658519,0.09186140162024731,0.00612140860388519,0.01198404902917371,0.2,0.6,1.0,52,3.830157307390476,11.822408302402376
6,35,0.0781531037219847,0.7853067366099185,0.7972115358368512,0.2200120383871318,0.034520170811059764,0.09184298332033611,0.00616825232244656,0.01200029974733389,0.2,0.6,1.0,53,3.838272352163852,11.832409242206342
6,36,0.07648140662357722,0.7810104142452413,0.792654364477808,0.22610326640941636,0.07435483175965599,0.09952738967905363,0.00707736163132016,0.01068886822601554,0.2,0.6,1.0,54,4.7375708262710265,11.564929864003496
6,37,0.08388893255618264,0.7754888075631692,0.7781009288516662,0.23381075802618548,0.08787330620454366,0.09853397299253591,0.01036457873945475,0.0188338245932578,0.2,0.6,1.0,55,4.6934271306537685,20.6662373287603
6,38,0.07953353132892171,0.7733923128710399,0.7801356050402082,0.24054976845371318,0.06071560928873402,0.09623056849768737,0.00994154705359763,0.01720533145829419,0.2,0.6,1.0,57,4.461555280269885,20.20152810033929
6,39,0.07882733376532829,0.7723098877600939,0.7790200533188311,0.243124996141719,0.04699047212950512,0.0958207015339088,0.00982183323126504,0.01692037407507356,0.2,0.6,1.0,58,4.414386339174714,20.0559470309903
6,40,0.07741921072065545,0.7754608134752011,0.7865101275909915,0.24883782809257748,0.04599346190948657,0.09476811480450183,0.009437565441169,0.016226152270957812,0.2,0.6,1.0,59,4.266156688022987,19.48164652600745
6,41,0.07043482382718717,0.763107772043324,0.7737024088315285,0.2690999144205993,0.0488140519679921,0.1037539857537003,0.00774434082511425,0.0119239742230672,0.2,0.6,1.0,65,4.346233427273225,20.416913928667658
6,42,0.07042247593238389,0.7680083102727888,0.782973329205879,0.2797245446686741,0.03753413599244253,0.10375380712460981,0.007744159487397579,0.01193143254926812,0.2,0.6,1.0,67,4.344457162299612,20.41201086238212
6,43,0.07622070824873887,0.765976971436449,0.7763365591643989,0.2775212782937039,0.07975386135358904,0.09787399828911666,0.0087494972761328,0.01993184496933832,0.2,0.6,1.0,68,4.271930613324571,14.057327544439804
6,44,0.09008321068189297,0.7768696402305572,0.7869956309300927,0.30281344151059814,0.07790245096620235,0.12293529902254784,0.00957559707722813,0.0298543562949695,0.2,0.6,1.0,70,4.256692108021356,27.282156096346966
6,45,0.06036975040633032,0.7836173513355636,0.8284907938020691,0.3862053036472736,0.0340833349958576,0.09109363565673662,0.00831013697756647,0.00877305055838582,0.2,0.6,1.0,87,5.257873406048027,16.431838986271305
6,46,0.06028276188533513,0.7882907238444338,0.8375232786269665,0.3972880760983451,0.033041279461479695,0.09109363565673662,0.00831013697756645,0.00877305055838584,0.2,0.6,1.0,89,5.226258586640013,16.44092384708725
6,47,0.05825548390674552,0.7852737321111118,0.8344318656517397,0.3988057005805338,0.041660622371380115,0.09029817984579189,0.00615950337785744,0.0086511744860743,0.2,0.6,1.0,90,4.814584594245729,8.874076220039594
6,48,0.07259224553582602,0.8035244415550932,0.8569785647851161,0.42090521157954564,0.05690171137640114,0.09296025032258189,0.007456351116295589,0.022143196085218413,0.2,0.6,1.0,91,4.486641706991248,10.150488999291998
6,49,0.05880593073408928,0.7893574466621828,0.8427833430467916,0.4071587685451467,0.03583025080941814,0.0985206804699809,0.00615944016273117,0.008189966658283771,0.2,0.6,1.0,92,4.799932456306771,9.28541112951328
6,50,0.05938914136261776,0.7797302270966773,0.8243863993823137,0.4032648835089906,0.033493465995981096,0.09534033765826383,0.007433182835203419,0.00878378322330845,0.2,0.6,1.0,95,5.62900810700467,14.559248540852002
6,51,0.061256894493784214,0.7911883511077364,0.8445684071229433,0.4580939047724383,0.03544335031695665,0.09925599845257219,0.009699616561755239,0.00864079076186795,0.2,0.6,1.0,98,5.611477654843387,15.718953592669806
6,52,0.06125269996072653,0.8109625139522139,0.8818344880976016,0.512153486715538,0.03432379085881227,0.0992559983779606,0.009699682668914179,0.00864079038864224,0.2,0.6,1.0,107,5.638891517449449,15.69063313968926
6,53,0.05828778518379777,0.8028609759160092,0.8693458028622004,0.4692386355852715,0.03195856201732937,0.08964248099812856,0.00791612265114554,0.00875094244490931,0.2,0.6,1.0,111,5.341410409922435,16.910219020490906
6,54,0.06867353475388521,0.8077709032409804,0.8698435871380968,0.4907189197950153,0.04499925474883436,0.09312072663524196,0.0069752040469567705,0.01923373086820334,0.2,0.6,1.0,113,4.585410980718535,13.785547357448587
6,55,0.06968460656915322,0.8065780353727605,0.8684900658093381,0.49930761161473397,0.06825017253764207,0.0919970356794553,0.00692730752089489,0.02141491541245478,0.2,0.6,1.0,114,4.606946032731238,13.788229947785329
6,56,0.05777347780083396,0.8035869014295746,0.8741750118097982,0.5266511969080887,0.033778396597566845,0.096520779571036,0.0069897906635297295,0.0089525714549647,0.2,0.6,1.0,122,4.58263942772183,12.400586791555916
6,57,0.060325155728406986,0.8203221113138156,0.9039822876516123,0.5452525438530637,0.03837804731114576,0.09557261450288795,0.00901758594801199,0.010740656998281051,0.2,0.6,1.0,124,3.1753696433383976,13.54387784265568
6,58,0.05883697369246217,0.8169935717830213,0.9005227969940977,0.5703997254603069,0.04503761698145872,0.09737435544462938,0.009852815985673639,0.00909395001133349,0.2,0.6,1.0,126,4.71533497488292,15.373627105682766
6,59,0.0646992838885227,0.8153658956361985,0.8943430770702254,0.5927178748074737,0.05461887682101801,0.10001108063217048,0.01145323293443795,0.01440112090047363,0.2,0.6,1.0,128,3.3724627082947354,13.52971375688987
6,60,0.05886553526572093,0.8142366275602817,0.8975700407092772,0.6031080404037874,0.03580307589969722,0.09599643975696964,0.00896059720425408,0.010952264287807389,0.2,0.6,1.0,133,3.023770167320945,13.81499368723838
6,61,0.058645716739868126,0.818844056956321,0.9065422675273388,0.6120165683592188,0.03603298777247267,0.09590212333758943,0.009030898296275711,0.01075162474367274,0.2,0.6,1.0,135,2.971904239660041,13.88781150221106
6,62,0.06600974996614241,0.8295584854979783,0.9215190021629246,0.6489717899569208,0.061120716861584296,0.10102196900054206,0.01108506975196353,0.016415838918001722,0.2,0.6,1.0,136,3.470961682854779,13.489928960502471
6,63,0.05795540536180147,0.8123768894526401,0.8996780030438535,0.6006523484488508,0.05767569389201921,0.09555998527000237,0.00896005237604185,0.01210857158674062,0.2,0.6,1.0,138,3.0835157493104512,14.057574622186348
6,64,0.057616468305696784,0.8162763256215364,0.9079027341604362,0.6133771974213024,0.04010901990978707,0.09575750748646461,0.00891726695683405,0.0119778479260366,0.2,0.6,1.0,140,3.1218738089213933,14.07654668900516
6,65,0.055054764705894245,0.8095730719782531,0.9009226065693327,0.6559271275822177,0.04040835226014513,0.0974662430292364,0.0097329640625972,0.00982121452896051,0.2,0.6,1.0,148,4.980545970266241,15.080196570622158
6,66,0.05356945359050346,0.817167276546077,0.9172092442910017,0.6728687869754213,0.03827571152832884,0.0945076819187679,0.009458917852032341,0.00932467992723951,0.2,0.6,1.0,150,4.661717850632434,16.69436860960615
6,67,0.05374682036876469,0.8168344698152696,0.9168427498497864,0.6821251931268038,0.03921896963988034,0.09428977825816286,0.00940796546207222,0.0097201839078846,0.2,0.6,1.0,151,4.652469251732106,16.699678724197945
6,68,0.05458759007997212,0.8125663973937906,0.9081908532679149,0.6762710946544673,0.0374343972593727,0.09700287995380158,0.009924612776747931,0.009753794271780681,0.2,0.6,1.0,152,4.859535704891351,16.05016756356658
7,0,1.0,1.0,1.0,0.06423510988367964,0.0,0.0,0.0,0.0,0.2,0.6,1.0,1,8.916507864296872,46.636369583672185
7,1,0.6026927108614243,0.9678523035038941,0.9653848722713745,0.07295927520790724,0.2004914799725,0.07770515177034859,8.687585432549e-05,0.00018886718619028,0.2,0.6,1.0,3,4.128068871179386,37.55325672422653
7,2,0.4800082360459429,0.9523492928079553,0.9487422959493722,0.07717992253363808,0.19495940383195964,0.08663338410340009,0.0011996072651268201,0.004369112167032349,0.2,0.6,1.0,4,3.506084816771412,7.733436003258566
7,3,0.3722899308662696,0.9253415646072302,0.9205565392254923,0.06792921920573089,0.19623896792346573,0.08663889324998615,0.00034750341730199004,0.00075546874476112,0.2,0.6,1.0,5,2.860400226239696,21.953849998941443
7,4,0.293037916365287,0.9074200582139521,0.9013575537175524,0.07244541688946474,0.2185015582237559,0.09012087181858094,0.00171301426371167,0.006134126124189,0.2,0.6,1.0,6,2.416162813179257,3.6420332621198783
7,5,0.14935031426912102,0.8429437226470832,0.8378476811041577,0.05919216334763448,0.5370196299322637,0.10389935261202292,0.00041733485004000003,0.0009084701438106799,0.2,0.6,1.0,7,3.2996722079117142,1.9676748264759336
7,6,0.14671509600539345,0.8412379035764965,0.8360264508382766,0.06315048845902628,0.03121046317274687,0.10498974804365625,0.0005317539535142801,0.00115757979577417,0.2,0.6,1.0,9,3.7956952989449633,1.7945818034665877
7,7,0.13696706954268922,0.8348284402238613,0.8290825696876232,0.07842944598510453,0.046727051653478104,0.10494259621973405,0.0008520101188922999,0.00494704623361696,0.2,0.6,1.0,13,6.1981563887362245,1.1844099647747846
7,8,0.13419925316162645,0.8374772312873883,0.835986182444876,0.08442493166096833,0.03523773745339767,0.10494259621973401,0.0008520101188922999,0.0049470462336169705,0.2,0.6,1.0,15,5.816940733374434,1.134173852105965
7,9,0.13381819367160327,0.8371355209793446,0.8356352283708666,0.07416966256749723,0.02769498697697788,0.10558318797832911,0.00087228711320922,0.00464470719747486,0.2,0.6,1.0,16,6.078060327591542,1.1637561423635898
7,10,0.13636157147396724,0.8413630123983408,0.8389598193842663,0.11414796540469674,0.18457943798061338,0.09299606809224518,0.00843160955123109,0.02439311729304331,0.2,0.6,1.0,17,4.339049969170468,5.173921728648756
7,11,0.17523272096597908,0.884324897585693,0.8856807855743747,0.18452707775580302,0.14442930357355707,0.08523335418927037,0.04446970348618423,0.05426650659872867,0.2,0.6,1.0,19,9.870921745965065,0.7843108696222163
7,12,0.15245024901845036,0.8527377830102141,0.8524303834886586,0.1859877311792735,0.22448861660311722,0.07711240024539669,0.038015905814983916,0.06048573403801329,0.2,0.6,1.0,21,8.668880942715099,5.369845285452504
7,13,0.15395889164729287,0.8527963801786065,0.856118665799158,0.20037561801519882,0.16448723399173532,0.07748214898952246,0.03786910586075451,0.07005379992772605,0.2,0.6,1.0,23,9.042421832266822,4.384944420703183
7,14,0.15395889175666844,0.8577434069993333,0.8654388434193869,0.21459782567368474,0.10827211840661183,0.0774821489895225,0.03786910586075449,0.07005379992772601,0.2,0.6,1.0,25,9.042421765856751,4.384944367189931
7,15,0.15395855491616522,0.8577431573035209,0.8654386059402434,0.21459744403323677,0.10827945822240459,0.07748211516207726,0.03786915095379975,0.07005336009888821,0.2,0.6,1.0,27,9.042418042843176,4.384978806427373
7,16,0.1334685375604991,0.8316368037890772,0.8348887907605969,0.20294367257286927,0.09379570573481162,0.07659613544681489,0.030783739036113828,0.05468820041781142,0.2,0.6,1.0,29,8.178667996685059,5.675255373736936
7,17,0.13126135547153273,0.830932758404778,0.8382125806841195,0.19942321133374108,0.1417566757878876,0.07558363327861775,0.03059675970277554,0.05605990414764236,0.2,0.6,1.0,30,8.04765891834521,5.122355934478221
7,18,0.12578294303672694,0.8181188758644269,0.820799002730634,0.20735836711814543,0.12031421290530181,0.07357841015960635,0.030303548300455712,0.05317056843225182,0.2,0.6,1.0,31,8.105914498280136,5.867535724129644
7,19,0.12574286530754958,0.8180086169604451,0.8206822264423196,0.21353350715843078,0.08707073064124665,0.07382232667389187,0.030488625880746512,0.053027125707641246,0.2,0.6,1.0,32,8.118088143756664,5.924441877894507
7,20,0.12567215537866888,0.8177726181325561,0.8204308804817529,0.21353149728883974,0.08847053526701952,0.07376862880806498,0.029589410394428813,0.053639450789288765,0.2,0.6,1.0,33,8.116302840652494,4.574766601367544
7,21,0.17599864540665944,0.8720630479473088,0.8790041884127646,0.27968724439304404,0.1406549636562512,0.0973481951809632,0.02196035501195269,0.10459803722611187,0.2,0.6,1.0,37,7.952575099149418,4.428976475668023
7,22,0.12104717628471347,0.8140528344288617,0.8207207562470066,0.2350276028218815,0.0983534181739626,0.07895582569324497,0.029071883714580936,0.051306983229228595,0.2,0.6,1.0,40,7.623554560021767,4.367822508886692
7,23,0.09137714682510681,0.7910758537315429,0.8062163841269379,0.2378562910014096,0.0611250515246449,0.08835281177177934,0.01730499960658331,0.02893347536166216,0.2,0.6,1.0,50,7.079815916135633,8.306797243115202
7,24,0.0905383598305663,0.7897916243866739,0.8048953111894163,0.25033157400814987,0.06188369951723761,0.08845564640150519,0.01747770476702279,0.0282406221070581,0.2,0.6,1.0,51,7.257356049833165,8.474003417411387
7,25,0.1355787893881027,0.8405435868269382,0.8640521821559239,0.3093530531880853,0.1555607919012012,0.08096443585262575,0.0363793982149692,0.06588788742410524,0.2,0.6,1.0,52,9.906818358000846,7.840754328741029
7,26,0.0981428484967817,0.7956404405424893,0.8145767582499033,0.26269287747907677,0.09795008723616758,0.08203281653281802,0.02227526277777925,0.03804845721590118,0.2,0.6,1.0,53,7.676203200216607,6.185388565079297
7,27,0.11788008946025895,0.8183608978599063,0.8415178842546969,0.2958818863497951,0.1117841227362351,0.08890195109154271,0.03842708197275266,0.04771932769073205,0.2,0.6,1.0,54,12.122399202056291,5.523504719806611
7,28,0.11270238980966499,0.8041701715200447,0.82665865796247,0.29516678656392564,0.18825903216517867,0.0835440008043558,0.037935504698173375,0.04788089446336644,0.2,0.6,1.0,55,10.484238677642733,4.1086919012672425
7,29,0.11534938521304697,0.7910809549270781,0.8124841570644742,0.3052626759883198,0.17742063996573187,0.07802933484984857,0.03906887868451905,0.05629670651457006,0.2,0.6,1.0,57,9.553779246101485,7.474208586971576
7,30,0.11538417180818944,0.8106826886893023,0.8495638758750873,0.3560350774453295,0.09571694140373711,0.07796523735822677,0.03904341277746279,0.05642293740887129,0.2,0.6,1.0,65,9.65900842176463,7.383733769348363
7,31,0.11538415879562942,0.8007886222645196,0.8309234948470607,0.35667119667437436,0.0954420522288545,0.07796523865334735,0.03904340607947651,0.05642292838530992,0.2,0.6,1.0,66,9.659007795471869,7.383733559338863
7,32,0.1372325231275596,0.8216393488798317,0.8517080793332761,0.38894004229631723,0.1276142823353775,0.08857557437659305,0.03166809116425571,0.08086158011934762,0.2,0.6,1.0,67,7.985093510307109,6.001995225380521
7,33,0.140990154122393,0.8190222572852448,0.8486751090743572,0.38880263880453336,0.1858916928940058,0.08798920182347277,0.03158441727023009,0.08649057253005091,0.2,0.6,1.0,68,7.935212976119154,5.353467089912182
7,34,0.12976212160340392,0.8143019420306196,0.8524840248073949,0.4763131856912532,0.11398686650658447,0.07654897477088701,0.03499888321224194,0.0763325180734865,0.2,0.6,1.0,93,7.72031812979808,3.522127891815758
7,35,0.13112370331162373,0.81304872757109,0.8510648964404797,0.4881094294347096,0.13784841664680195,0.0771662222302365,0.03510120726086803,0.07811765872446085,0.2,0.6,1.0,94,7.764385561939711,3.4012408815019257
7,36,0.12290838481009124,0.7956010536293467,0.8330415852985738,0.4899246187559815,0.19756307713397853,0.08131621946567237,0.035097976610607665,0.07102370574998391,0.2,0.6,1.0,95,8.154055783501368,3.515919944815434
7,37,0.13470881994683548,0.8166430620153698,0.8627898135644007,0.5112536968986668,0.1222068976487523,0.07148450200036537,0.03686850546178838,0.08385467959733471,0.2,0.6,1.0,98,9.012263538795304,6.016194906043798
7,38,0.12046559708274238,0.8101328685361138,0.8648935162360397,0.5436371090980167,0.11627819300159911,0.07164471577528075,0.03380048290532775,0.07183171608109448,0.2,0.6,1.0,100,8.7551756684233,5.776780433085665
7,39,0.12389343448077642,0.8162452243075663,0.8752411731186275,0.56891976036815,0.11400555434263455,0.07371967319302627,0.03429926356471428,0.07496060044426318,0.2,0.6,1.0,106,8.643952641351788,5.4685767109258965
7,40,0.12157849452140024,0.8129789668526501,0.8719171665842295,0.5677253390766644,0.11242927916283416,0.07334442682112884,0.03400043904078444,0.07307042244123003,0.2,0.6,1.0,108,8.739743701527933,5.687374103593038
7,41,0.122827301455831,0.8135528863793936,0.8724502137270022,0.5689182628530027,0.11528328503039767,0.07398054129960144,0.03405082057512962,0.07428115004253626,0.2,0.6,1.0,109,8.735753531529863,5.636910068225721
7,42,0.11985426087652468,0.8139399569830799,0.8771145392608001,0.5831819464022718,0.12158087978663311,0.07152231116283886,0.03418218374719935,0.07199683767112115,0.2,0.6,1.0,110,8.519856547641128,5.387493176464989
7,43,0.1217432394113017,0.8236224491357227,0.8954169675520991,0.6255481673484219,0.11130066235967721,0.06889130556455626,0.03576721659479919,0.07381579783624269,0.2,0.6,1.0,118,8.536343083096689,5.467432440506927
7,44,0.12094307409989632,0.817308221596513,0.8887735260899314,0.6280463010861903,0.15869636143973193,0.06924885346374085,0.03571422311385543,0.07385684914887657,0.2,0.6,1.0,119,8.50041823266365,5.9578104148334265
7,45,0.12010642389010598,0.8101023521685063,0.8811919778876086,0.6226985840246948,0.16592548189699666,0.0697794627319128,0.0355409692891768,0.07394620500922697,0.2,0.6,1.0,120,8.202303208972646,6.655691475440466
7,46,0.1199901936051215,0.8192320733828897,0.8990300350395732,0.6540551299288294,0.11112370552710621,0.06966252205982731,0.03555301382935194,0.0739359532897155,0.2,0.6,1.0,123,8.213448454128685,6.571878271685536
7,47,0.12064023005922542,0.8291103117431113,0.9176155956404558,0.7029986315969149,0.11091787345868426,0.07450187472262416,0.03564697478149656,0.07365388938179021,0.2,0.6,1.0,130,8.00764141345311,6.6838430456405264
7,48,0.11907649513566548,0.8343848650770317,0.9314581541889262,0.7181600521248952,0.1126493750243818,0.0681820195738393,0.03576462858644851,0.07369115271937061,0.2,0.6,1.0,137,8.260740925478506,5.06311580087056
7,49,0.1202529798145892,0.8303991223159782,0.9230867373054357,0.7231620703078852,0.1109105586355825,0.06852746284501428,0.03577893231031468,0.07481807497557076,0.2,0.6,1.0,138,8.342688119527654,5.002945101028787
7,50,0.11867168805244542,0.8959350182238354,1.0497225173977913,1.0298042425456448,0.10911973072859923,0.07278294389939348,0.036968924685286245,0.07194673300365537,0.2,0.6,1.0,184,8.128810961932999,5.935022543575888
7,51,0.11759234883802071,0.8872231706924318,1.036482114624096,1.0227947416848862,0.11968424518969559,0.07163661354814845,0.03715502347999106,0.07131781235158367,0.2,0.6,1.0,186,8.168294465214226,6.063920949400146
7,52,0.12051318522265406,0.8894953749442415,1.0387168984651785,1.0281219952072167,0.11232743164802986,0.07169640982093813,0.03703439865405145,0.07437755709530551,0.2,0.6,1.0,190,8.127356637796327,5.961516028211886
7,53,0.1252792919053352,0.8828669445824189,1.0150832132061187,1.081458940431463,0.11808891757739892,0.07250826824310426,0.037950218050833415,0.07735703718354056,0.2,0.6,1.0,197,8.178100263939033,6.0322842673987065
7,54,0.12617152478073304,0.8918185214922524,1.0326740057822588,1.115767144305839,0.12048548656519004,0.0725371593699844,0.03835123621005995,0.07824897070580629,0.2,0.6,1.0,200,8.137907346026473,6.210807227217639
8,0,0.5674370033239579,0.9490649329729045,0.9464428449749758,0.05291245495883371,0.0,0.0,0.0,0.0,0.2,0.6,1.0,1,36.85598485370545,74.12086675018315
8,1,0.3708689559537373,0.92041818549659,0.9156932724824925,0.05969872020080896,0.17120853454690896,0.06029710073773849,6.958191302224999e-05,0.00010015532133674,0.2,0.6,1.0,3,25.566581488172105,48.07736696701467
8,2,0.21999138223469267,0.8778859515891588,0.8749881785119362,0.05595227093335551,0.20670252005339426,0.06783238575064537,0.00030038787559923,0.00043237449071976,0.2,0.6,1.0,5,14.47361225063526,23.85550515425613
8,3,0.13745850841626847,0.8329503332812626,0.8276124178316725,0.05148804522772196,0.20128696764008205,0.07184028711340389,0.0011157495522214201,0.0016059957261929099,0.2,0.6,1.0,7,5.344091708126863,5.590613908151628
8,4,0.13029428189149822,0.8225091457886553,0.8125188681349771,0.05152032716376098,0.037547267912431334,0.07919107588994934,0.00034680551351374,0.00052672460880376,0.2,0.6,1.0,9,5.139170125963426,3.890182350279061
8,5,0.12928276476859957,0.8217996023334613,0.8117515716135144,0.05563432514422835,0.025723551161909504,0.08293451012462796,0.00019368155128051,0.00028280238931792,0.2,0.6,1.0,10,6.536017653976748,8.324203515290366
8,6,0.12128699698393466,0.8201461950485631,0.8141467408667404,0.0636365060003934,0.06593053074198005,0.07874399221354599,0.00045191477118313995,0.00067016796750549,0.2,0.6,1.0,11,4.236156627383089,2.007804560444061
8,7,0.12820530550542644,0.8225435956506297,0.8120226540692972,0.07864676974762919,0.04919308699283635,0.10561026572535326,0.0034854751936428904,0.00370286869351375,0.2,0.6,1.0,12,8.49746600200481,7.034204270311475
8,8,0.07904477758478728,0.771407958870036,0.7663624155933862,0.06803809185779591,0.5240885097156329,0.07906597816393057,0.006619924856195921,0.00963966622929035,0.2,0.6,1.0,13,9.220705403370864,3.4829969998162675
8,9,0.07097137660606753,0.7459473656511042,0.7431925617968186,0.09578611556259216,0.07883626613241121,0.11860830461984283,0.007594403759297571,0.01119089250311089,0.2,0.6,1.0,21,16.079157236452705,0.4077104649936669
8,10,0.07413111670354462,0.7469909873687225,0.7440692675163162,0.08102735466764342,0.05637243854644636,0.13757781987027587,0.007729009760811629,0.011602201082114811,0.2,0.6,1.0,23,16.93329410136111,3.409286369376679
8,11,0.07039177770415771,0.746781548772023,0.7481229300313926,0.11106640994906143,0.04489741567775639,0.12002365648474794,0.00807397914820145,0.01188735886999993,0.2,0.6,1.0,27,16.807631512921873,0.4303357698338678
8,12,0.08045413084440031,0.7559592906789965,0.7572325371850518,0.1270236424231171,0.06157754885481232,0.140181230488715,0.011220301631631579,0.01646952751854635,0.2,0.6,1.0,28,20.57949136764161,4.011176878280792
8,13,0.07002816262007146,0.7454803789590767,0.7467496610174228,0.11588846158051447,0.041408970307929185,0.12089673255555537,0.00803720436332357,0.0118344257119915,0.2,0.6,1.0,29,16.575748624084717,0.5370169308756346
8,14,0.07200598911567953,0.7447009722147874,0.7457611263429637,0.12582529203106413,0.05996935487192144,0.12429229255992551,0.009301556783961249,0.0136794985492248,0.2,0.6,1.0,31,18.373426036927054,0.949020209495103
8,15,0.0724828529050844,0.7434770970346937,0.7444107904479219,0.1327654137781858,0.06439679165259427,0.13601939586770745,0.00870295879719464,0.012925909512690209,0.2,0.6,1.0,32,18.121756889260464,2.004148315606108
8,16,0.07430322746391171,0.7465536960982799,0.7515906658084708,0.14714988288233086,0.069136144579717,0.14617996628327867,0.00931801629411958,0.01389694288491918,0.2,0.6,1.0,34,19.692947663798307,1.6692943042082289
8,17,0.0726237961806547,0.7491031915052555,0.7584614552425039,0.20864556351323102,0.04785983317488614,0.08862902620410151,0.00975986225456257,0.02375216857374099,0.2,0.6,1.0,49,5.580187450838534,34.033606829883745
8,18,0.06435754730366393,0.747628550308205,0.7655122392739482,0.23621762992050274,0.04502191838661972,0.08586889902160155,0.00938062692773934,0.0174538705309559,0.2,0.6,1.0,56,9.974859752474512,34.37853486380139
8,19,0.06715670206907032,0.7422015294782358,0.755482709502397,0.24442990152896868,0.07890255174137847,0.08908868733942735,0.00978946323214211,0.02053976060276786,0.2,0.6,1.0,57,4.72790580697454,55.027501997423016
8,20,0.06142096092399717,0.7188123447078044,0.7228193655906272,0.2344249154945233,0.08090428322493592,0.09214475362606513,0.0077928302906309,0.01788474239183484,0.2,0.6,1.0,59,7.570695344606321,249.80224079951307
8,21,0.05727278245235574,0.7174021397310113,0.7256351065619964,0.25592894399990684,0.044967473212058864,0.08173766372703145,0.00807059867085432,0.01630188999852631,0.2,0.6,1.0,62,5.009602393312781,33.75192619275093
8,22,0.08479122024396049,0.7342915081484969,0.7418353519035532,0.2683041232393756,0.11979226159845469,0.08624820180649151,0.01035796725577899,0.04430323959556827,0.2,0.6,1.0,64,4.816383877333001,25.15552239168223
8,23,0.08347992914804027,0.7329699339587791,0.744573881479484,0.2806114718845077,0.09125527122815844,0.08622891794911318,0.01025716700794099,0.04418043824789295,0.2,0.6,1.0,66,5.198065856873153,27.440367845522
8,24,0.0849940145089153,0.7389318561859746,0.7548776895280577,0.3003065413590822,0.07156479605779067,0.08009284076194056,0.00993333556670129,0.04722402612748233,0.2,0.6,1.0,68,5.01594826525627,22.919864663088127
8,25,0.08341328367653147,0.7242362436613192,0.7312350475998647,0.310372182226577,0.09872504379836361,0.07906981218906182,0.010907687182422219,0.04594150281605782,0.2,0.6,1.0,69,5.406407716224507,25.83094470487587
8,26,0.08320716501904593,0.7328989849992855,0.7485807267422527,0.3255880664439886,0.07067911706132608,0.07906981218906182,0.010907687182422219,0.04594150281605785,0.2,0.6,1.0,73,5.431053450286647,26.30770034079409
8,27,0.10635818749037056,0.7506231754992314,0.7619020663434362,0.3460765885973407,0.09607318200503986,0.07862308833183605,0.01046316369070031,0.06954558364026156,0.2,0.6,1.0,74,5.512317053760289,61.95466246566777
8,28,0.08583606773051455,0.7386592658406318,0.7586021684422906,0.35256069243626775,0.08370039950886964,0.07975046293797197,0.01019794797054108,0.0492200040654455,0.2,0.6,1.0,75,5.367941618085377,27.33736287775656
8,29,0.33649372509771724,0.9817454220176816,0.997154215681215,0.6133945252653836,0.32731696385392145,0.08615057057508935,0.014705781814025501,0.29639500490084564,0.2,0.6,1.0,80,5.997949642928833,18.97210707363988
8,30,0.33614647121772856,0.9947621163304835,1.0232002635236088,0.5786873863605989,0.33602909511059953,0.08611067490399912,0.014662726951457969,0.2963555372151042,0.2,0.6,1.0,81,6.006555837696137,20.006944530065105
8,31,0.3354419105231889,0.9835580547967068,1.003213041916581,0.6238901509016869,0.32732814203162564,0.08596020728273675,0.014524342606088338,0.29587390818846926,0.2,0.6,1.0,82,5.794393042134325,14.026752471685498
8,32,0.2804112992349017,0.9259645661516955,0.9454641542136206,0.5753004835082178,0.2907140221236211,0.08540533933684508,0.01312435909609536,0.24224990296072724,0.2,0.6,1.0,83,5.790024744131643,17.22808814737363
8,33,0.24614433198124713,0.9157467577624605,0.9570705950464728,0.5110723854536523,0.2394623186988328,0.0855320871299826,0.031141411467230352,0.19726883049278449,0.2,0.6,1.0,84,4.790231031844618,25.27097402603423
8,34,0.3340823719770164,0.9827955583980632,1.006560505748337,0.6439646065629564,0.32448056456927454,0.08839300661323062,0.01435899656816086,0.2948894957594959,0.2,0.6,1.0,87,5.700275481297845,11.842284938690044
8,35,0.13434087019128144,0.7824887876137533,0.8062197413697124,0.47555605078773133,0.12330648552272155,0.08748257027438687,0.02124988509452078,0.0912909200017212,0.2,0.6,1.0,92,11.25573329155366,77.9428649062866
8,36,0.2491931428171067,0.9126546737856426,0.9536103974898278,0.6897520886131314,0.23935731463579188,0.07808279209665929,0.028585836285463878,0.2043505919614522,0.2,0.6,1.0,111,8.746495961721356,32.508782841296004
8,37,0.18545624105364178,0.8406183831147234,0.8810838687195095,0.6382643491783657,0.2080599358191998,0.08402731692416916,0.02917539450908299,0.1402947502964107,0.2,0.6,1.0,113,9.26815010540117,33.32858991938797
8,38,0.22281926223269302,0.8797688218008435,0.9203392432954685,0.6803093554758914,0.23038540003815425,0.07626209401281218,0.03599561861248145,0.17486736410015546,0.2,0.6,1.0,114,11.673862948200629,55.826209180355406
8,39,0.22952541698257944,0.8872706660330332,0.931970688816157,0.7356670684221851,0.22047031569685688,0.07418299273013541,0.0546238491661563,0.17139256932235664,0.2,0.6,1.0,124,11.943530539892109,131.31144823157334
8,40,0.22921979915734608,0.8895443689576414,0.9384799323988056,0.7554672227310011,0.22725748456302608,0.07418299273013544,0.05462384916615633,0.17139256932235675,0.2,0.6,1.0,126,11.917883422395398,131.93522880602015
8,41,0.19153992213642207,0.8509843634783978,0.8917019130839687,0.7068640587843809,0.20440556209110755,0.0844071124159323,0.03737825522534241,0.14076668861055192,0.2,0.6,1.0,128,11.761081121871156,126.53203101395218
8,42,0.17227871690254856,0.8379485021132448,0.8831148285036626,0.7010886066694832,0.16265018799233036,0.0802980823404127,0.03509463110350551,0.1235066982830523,0.2,0.6,1.0,130,15.04905104963631,105.95419635373445
8,43,0.21450318456053208,0.8799627865146775,0.9291982760449311,0.7486951099632551,0.215438221980033,0.08058828661163896,0.03904206762766878,0.1640528078424161,0.2,0.6,1.0,132,13.768852977066736,154.04353250370795
8,44,0.14537108687470757,0.8326284462029078,0.8913166269931303,0.7408012939920625,0.13323275947522828,0.08253699043687755,0.03220957240123021,0.09681265504885936,0.2,0.6,1.0,139,15.460131884799884,129.12090157762543
8,45,0.17740990806069942,0.8613805667293369,0.9198720111358725,0.7628057572289698,0.1737544213952318,0.08223219105875104,0.039048273526087564,0.12534408846587267,0.2,0.6,1.0,140,16.688305497240716,142.3696224550865
8,46,0.160385286401597,0.8485893709161453,0.9114114627604827,0.7591868527894668,0.15342322741234765,0.0824022986121296,0.03542970140300715,0.11056910242554112,0.2,0.6,1.0,142,15.993488359580018,139.12900122701222
8,47,0.15497441520250996,0.8190261244597652,0.8804403979586887,0.7846760887992205,0.1491070714775327,0.08212668993453569,0.0365163716877239,0.10775615806635205,0.2,0.6,1.0,149,16.066556254556332,131.83203601514214
8,48,0.1436559640867812,0.8261712749127023,0.8886564391132786,0.8131048583714702,0.13246485498885027,0.08068722725119662,0.04046413949715648,0.09201837788791298,0.2,0.6,1.0,158,18.46478397731853,59.03322927237307
8,49,0.20787574221730826,0.9157876958464036,0.9879468556670058,0.9516442928463235,0.1950087629912427,0.07305377321378505,0.0539987680832096,0.1471260572199996,0.2,0.6,1.0,169,14.506437253569905,27.30199210237972
8,50,0.20179783104758625,0.9046706610123072,0.9724510442433831,0.9504253648878032,0.1906465829295231,0.08125243814337776,0.0478364215621438,0.14312247063166644,0.2,0.6,1.0,174,13.669484210969436,33.36277053431298
8,51,0.19913054777403474,0.9065314729882348,0.9786595565785974,0.9736570209724207,0.18920853131374032,0.08054567183912158,0.04906540967760622,0.13993526043302879,0.2,0.6,1.0,176,13.317038659804425,29.86190854893663
8,52,0.16181441396566076,0.8617137678204645,0.9293138356161381,0.9184465856329874,0.15148907864096167,0.07991170150069848,0.046190412323877626,0.10492433573428306,0.2,0.6,1.0,177,14.667578034879682,59.6183759850289
8,53,0.2711691919966207,0.9782470316248868,1.0503554791207106,1.057913151199178,0.25797071464874793,0.07689493447678505,0.044823339483745214,0.2153076753338577,0.2,0.6,1.0,180,14.684451238852896,27.88974027533424
9,0,0.679517981378531,0.9651157840244157,0.9633199293432841,0.056454792891982505,0.0,0.0,0.0,0.0,0.2,0.6,1.0,1,24.77598996950845,66.66992170235918
9,1,0.45245957247427593,0.9429673334464389,0.9391253972334278,0.06887931074507166,0.17231409235418177,0.08691215950943622,6.980079980692001e-05,0.00017321880760158998,0.2,0.6,1.0,3,17.407742336724482,40.70188949203178
9,2,0.33334158026431804,0.9356265740286287,0.9298585382607825,0.09315551133938439,0.33896863418255424,0.14092438912682378,0.00247895554365826,0.01800014749086759,0.2,0.6,1.0,4,16.369557592780737,39.98085503846906
9,3,0.21292099454034583,0.878583903737619,0.8753612926629691,0.061566519882072665,0.29759786138164573,0.0989328518436108,0.00045438336046557003,0.0011276051866392699,0.2,0.6,1.0,5,9.212405360363892,12.116048400057236
9,4,0.21040279624927188,0.8801996253366653,0.8721594589037175,0.07661027860715301,0.10358264135402505,0.1326075919977118,0.0012758573636348,0.0090953230201902,0.2,0.6,1.0,6,10.262163018667394,47.00879775371343
9,5,0.13699224451721795,0.8343476419433228,0.8286939472110765,0.05764467407920451,0.3246245229457883,0.10243782593714651,0.00119667718829502,0.0029696937028498597,0.2,0.6,1.0,7,5.276635422352604,2.8504646017212094
9,6,0.1314092450953578,0.8243914268623083,0.8142467736526252,0.05573900298073701,0.030362393864380485,0.10188319420179108,0.00034977227636937,0.0008681105894097899,0.2,0.6,1.0,9,4.892690748467773,2.2338794984710004
9,7,0.1314088581594373,0.8293381517404801,0.823566626166861,0.07163112071402941,0.021456055607949366,0.10188319420179097,0.00034977227636937,0.00086811058940978,0.2,0.6,1.0,11,4.89315838854505,2.232074341582984
9,8,0.12018278698737068,0.8148915873103063,0.8042086250267545,0.06619879973120203,0.06311528871335606,0.09915943510030001,0.00061996889861939,0.00220762847700751,0.2,0.6,1.0,13,6.584730079188401,5.085833223147093
9,9,0.11374350202989227,0.813711125943324,0.8071887174397088,0.08344843749037813,0.031155884088425807,0.09719378634418262,0.00036193367378692,0.00075757078573123,0.2,0.6,1.0,16,4.236985915743516,6.606922121931167
9,10,0.1083353846509149,0.808345798239096,0.8014575222406832,0.08076745734519722,0.07740928822614904,0.10402219264041694,0.00034646961808775,0.00114337928571403,0.2,0.6,1.0,17,4.496614624514434,6.030419316978683
9,11,0.10588127530029022,0.8057434285433125,0.7986978638527709,0.09060334729281268,0.0285559208972868,0.10198803268164496,0.000573513960505,0.00186697169003666,0.2,0.6,1.0,21,4.230717610032851,7.213741629467561
9,12,0.10142763680186648,0.8008242703604348,0.7935155929339971,0.09447149836299455,0.06259331783026974,0.10103519280153028,0.000644339772573,0.0022069053668394003,0.2,0.6,1.0,22,4.759420445963913,9.065156345275216
9,13,0.09832277986774321,0.8074297275929153,0.8087913679433483,0.10018466186944212,0.026731936061703845,0.0972283186761256,0.00056919824750795,0.00120081487798637,0.2,0.6,1.0,24,4.732785073963191,5.593642469156197
9,14,0.095730021976346,0.8034553531493825,0.8043969456165506,0.11851992384702442,0.05696659338486417,0.09026891879068658,0.0009802297073737399,0.006531434884112899,0.2,0.6,1.0,26,7.253113565681444,14.203853684998997
9,15,0.08663605378392154,0.7928209959474706,0.7934275621393975,0.12117205737966988,0.04635315939761047,0.0868416538147599,0.00071783997357002,0.0032481853188986803,0.2,0.6,1.0,28,8.753963223023158,6.885251724137478
9,16,0.07936968579186547,0.7748233004318292,0.7739408138022703,0.12291959724778219,0.14458023741693737,0.06246112451617926,0.01767475992387786,0.00887754027477637,0.2,0.6,1.0,30,6.162112701238446,32.94098069061416
9,17,0.07826422456589291,0.7783157573017374,0.7817677582174909,0.1416825453853475,0.03422496109737669,0.06387709520515947,0.01687081155797316,0.008373434896713949,0.2,0.6,1.0,32,5.710485035253428,26.180098640023044
9,18,0.07945070948895282,0.7721703497793606,0.7709973779785031,0.1327999052878235,0.053962560408188795,0.06460005300251508,0.01802584969874091,0.01122883365610469,0.2,0.6,1.0,34,5.478448412789279,62.41113671974222
9,19,0.07912091433164506,0.7767338430835281,0.779928506001004,0.1412717452480983,0.035105898015857354,0.06325103827177321,0.01819841592517587,0.01111888505671697,0.2,0.6,1.0,36,5.617126300157925,60.37425427672207
9,20,1.0848542248607171,1.779386059029287,1.782274107568131,1.157209463375619,1.0664818655343284,0.1868016357448308,0.00989367752775932,1.0,0.2,0.6,1.0,38,4.8209513224576686,11.352119864271332
9,21,1.0847642699673488,1.7791857750980407,1.7820631764615604,1.1600515399710298,1.044911968600504,0.18688867314520344,0.00987532464035958,1.0,0.2,0.6,1.0,39,4.822906630323058,11.340073081077342
9,22,1.182125222845949,1.875344573054198,1.8781074002140699,1.2579455772448056,1.1590156692695632,0.6847159628224972,0.0079072053672158,1.0,0.2,0.6,1.0,40,4.82356067124267,10.557139437733102
9,23,0.055376595981034595,0.7362529993144403,0.741932048917034,0.1508042964172566,0.24628781434715757,0.053027642762671856,0.00512268002569748,0.01227109966261835,0.2,0.6,1.0,41,5.30893169121842,275.71826310365464
9,24,0.049135480414015414,0.7134268639990501,0.7179022519346465,0.15802799517562655,0.07201607500769591,0.05157318304972777,0.00541842725398842,0.012940197782254489,0.2,0.6,1.0,45,4.956482161317294,268.4899022349436
9,25,0.04899917264911237,0.7178343572168542,0.726655119597079,0.16734034866738257,0.02859983300736182,0.05157318304972777,0.00541842725398844,0.01294019778225447,0.2,0.6,1.0,47,4.972818601809011,269.36996461878203
9,26,0.05805053960025886,0.7282049154347672,0.7411511843903937,0.20147596048810223,0.041422650253656754,0.03993738921697083,0.006672792051893859,0.02474936512400746,0.2,0.6,1.0,55,6.346108501784418,434.7943758164517
9,27,0.05654078411774356,0.7280081740246633,0.7450836504444388,0.21304891186694822,0.05478004350632951,0.0458558883892332,0.00663781513935891,0.023181475306990322,0.2,0.6,1.0,57,6.224068513767196,274.3517746898047
9,28,0.05487968412302559,0.7211937133853664,0.733882288258156,0.21139081198550214,0.03681595070240855,0.04447877312547821,0.00636710503880771,0.02201873233446194,0.2,0.6,1.0,58,6.092360087872367,274.027621714111
9,29,0.05793864257937417,0.726473687918417,0.7433550821289379,0.21760798285689545,0.06584285259151701,0.045018068113746465,0.00687878483692351,0.02544010166437165,0.2,0.6,1.0,59,6.401577346999535,430.574121911014
9,30,0.05482768885266455,0.717442582136185,0.7298867907667018,0.217660557356418,0.045486453039924976,0.04707805308839173,0.00664131986993879,0.02233031930053226,0.2,0.6,1.0,60,6.045828665043998,270.23315147137583
9,31,0.0542819437557316,0.7184747326348987,0.7350728070610513,0.22714797499298117,0.05262796049228821,0.04915783559158391,0.00672403072685777,0.02220970327215038,0.2,0.6,1.0,62,5.773961063503742,266.1808529767633
9,32,0.05476487264957622,0.7181709084336558,0.734718153753182,0.23403827372867197,0.03931665838581254,0.047776395109691935,0.00672269453686417,0.02317015119336635,0.2,0.6,1.0,65,6.1304630461882645,266.2949900698613
9,33,0.054129522448740426,0.7221289692397186,0.7430265774358558,0.24363382761143104,0.039664335296929316,0.04958416010616805,0.0064932142972074,0.02240038327980906,0.2,0.6,1.0,66,6.554858863044822,271.6697461276045
9,34,0.050839868484041095,0.7211921901123902,0.7462965204275431,0.263834521212822,0.04614672095819256,0.04652382827201399,0.00648680574572897,0.020365576479696758,0.2,0.6,1.0,68,6.1200540336138936,269.20891993920554
9,35,0.05139092732793099,0.7203691637824438,0.745385924089171,0.2676610380812742,0.04106199086127682,0.049900799159890215,0.00617420750800196,0.020755802655316822,0.2,0.6,1.0,70,5.709238730177599,280.5244586863283
9,36,0.04993426485036298,0.713342083136107,0.7339460771297414,0.26950668105324443,0.039123676100073126,0.050451706723573846,0.00622570660072653,0.019304017491414367,0.2,0.6,1.0,71,6.460207120487788,274.65493879871315
9,37,0.050181733920613536,0.7273749095429634,0.7610315127118115,0.28706828656114236,0.03564242323529941,0.05023646576317446,0.00656865539850786,0.019632112449466322,0.2,0.6,1.0,76,5.930200089401304,279.485433334391
9,38,0.049183833067885305,0.7197876086998485,0.74896743435982,0.3035723539264637,0.04082791964590515,0.045292191408138296,0.006445252951124821,0.02006731399529808,0.2,0.6,1.0,78,6.855125409072874,273.4594862253422
9,39,0.0493140865208411,0.7189941335547021,0.7481159062446783,0.30708487375425747,0.042120529836657226,0.04529272210841888,0.006972599569899219,0.02008519341012445,0.2,0.6,1.0,79,6.375807190992344,274.12510127364885
9,40,0.05898026194102705,0.7169490219773865,0.7412773236004122,0.3577630856907764,0.050171873221238686,0.04400940525477516,0.00878166737671368,0.03032335811908346,0.2,0.6,1.0,90,5.507221400790931,411.8264137200207
9,41,0.05101047244406404,0.711110847940398,0.7396395802943658,0.35291813919709036,0.04567210291025994,0.046147964446648856,0.01063544433556665,0.02135314789736369,0.2,0.6,1.0,93,6.1042105955431865,278.38286389095293
9,42,0.05063319581729671,0.7453409916037704,0.804480542529027,0.4666095077767664,0.036598807907392034,0.04378748123206038,0.00912147136808319,0.02236031540616294,0.2,0.6,1.0,117,6.023505765160172,271.80785568070894
9,43,0.05442486864167115,0.7386296198143971,0.797135049191529,0.5283774800085376,0.049046937342624095,0.03992383086841549,0.0101707535192012,0.028109841493388982,0.2,0.6,1.0,131,6.061967924982794,422.0280132603078
9,44,0.05434886403330029,0.7433094017802184,0.8061765682478828,0.5531826259926587,0.04258299897057465,0.039936067094194026,0.01007463327341076,0.028119456811859178,0.2,0.6,1.0,135,6.066609178004544,422.0493598065548
9,45,0.055661788060792625,0.7427081791925374,0.8054614005297226,0.5640843060002904,0.05238024316548827,0.04534698146696204,0.01025669005438787,0.02854053742995939,0.2,0.6,1.0,137,6.133711633169847,433.3515231151831
9,46,0.05468763836900165,0.735017998172655,0.7932931169101699,0.5602649267376734,0.05099401823277024,0.04191833745370143,0.01062165106625345,0.02830249300075059,0.2,0.6,1.0,139,6.155347818501586,421.3095999746592
9,47,0.054684659344693146,0.7399422188947763,0.8025893407208341,0.5845145676195006,0.043147867667779324,0.04191833745370143,0.01062165106625344,0.02830249300075059,0.2,0.6,1.0,141,6.156499953087764,421.5188941746187
10,0,0.4440037504736128,0.9272222953174825,0.9234757190947936,0.048091835291188496,0.0,0.0,0.0,0.0,0.2,0.6,1.0,1,46.726318590188576,72.64353685911216
10,1,0.29728124359560004,0.9033521162410809,0.8974945023576008,0.059777937737499544,0.17676845940676292,0.0848363785253764,5.442359121395e-05,0.00013818142504119,0.2,0.6,1.0,3,32.09746422466979,44.805966130106256
10,2,0.2641519830533322,0.8972736513269084,0.8906863587501274,0.0672029626118186,0.135580885037065,0.0973886013712764,0.00139115910214638,0.00492090482235465,0.2,0.6,1.0,4,20.8663561576232,40.27126474542149
10,3,0.12259184386706173,0.8217018064218358,0.8156170834046369,0.04801360015464928,0.6052726905990838,0.09009033523242359,0.00063110436873571,0.00150515189251443,0.2,0.6,1.0,5,9.411551334614328,9.675113458357927
10,4,0.10492348078308128,0.8048819849885556,0.7979256870808227,0.05046781184141688,0.08590872215594658,0.0901646361724711,0.0006671148018712,0.0015796511536933702,0.2,0.6,1.0,7,7.675182003390982,5.525164841294113
10,5,0.10491947686325977,0.8098248034849225,0.8072414562637863,0.05829829961261609,0.02002910983192782,0.0901646361724711,0.0006671148018712,0.0015796511536933602,0.2,0.6,1.0,9,7.69645150013191,5.5442872357019946
10,6,0.10218487859529723,0.8118349104008773,0.8134603228028635,0.06393438547780127,0.03270383956249652,0.09121561672850072,0.00068501873334756,0.00161596758228227,0.2,0.6,1.0,11,8.621504068784873,6.748524489344161
10,7,0.23387599392470407,0.928538370675633,0.9237706677521899,0.22096961493395267,0.3339166130400603,0.4712372683582931,0.00357667807014348,0.08476492232564414,0.2,0.6,1.0,13,14.92018569532403,3.6474808487984616
10,8,0.18526687524895236,0.8717373869729129,0.8660591759352364,0.18034213618876332,0.21087200113261156,0.3799761592129563,0.0054866919772173905,0.06275689017929871,0.2,0.6,1.0,15,15.867242285136692,3.890998531238156
10,9,0.18062225811091465,0.8702627162750997,0.8687829861635371,0.20218978954724764,0.14341895064143165,0.4418638462555444,0.00410340557608478,0.048181008497018354,0.2,0.6,1.0,21,21.43645853799842,5.614472926423354
10,10,0.12857059385315742,0.8079402536356582,0.8015952389987193,0.15034138296855817,0.16562166612627252,0.2913526692384709,0.0036644062582375904,0.030730557991689576,0.2,0.6,1.0,22,23.532199183942943,31.52344484228824
10,11,0.12887277889952897,0.8098642304022649,0.8075994337486074,0.1593198663178073,0.116528914755793,0.30932901364859045,0.00368386142238107,0.02979118293364368,0.2,0.6,1.0,24,21.49039055586961,5.718976935412739
10,12,0.28740958481097467,0.9796794784780202,0.9862839288501976,0.3329195225465495,0.2601528848807277,0.4484790251856734,0.01458291130729468,0.1529552400190595,0.2,0.6,1.0,28,4.314459703018295,9.516864057103156
10,13,0.4825462677395028,1.1565968845944559,1.1537672118527662,0.5313906652357673,0.501390819740631,0.4973561629945653,0.01992962912167091,0.34014382215603894,0.2,0.6,1.0,29,42.77081720549028,23.649822466108315
10,14,0.4849559493547207,1.1625696914320742,1.1640059642355416,0.5422082982135614,0.4625915186897535,0.49811990874324696,0.01957193324062245,0.3433142702960479,0.2,0.6,1.0,31,42.992444068469126,23.22134027683135
10,15,0.4128715487887706,1.1124630880487227,1.1158656650194367,0.46521659912407853,0.4862291012301927,0.8122286413535296,0.021940677758253292,0.19076844981894522,0.2,0.6,1.0,32,46.3955630162945,4.495658291391154
10,16,0.41267228576643017,1.1170252513403136,1.1247811897122906,0.4820474997892439,0.3672374851622966,0.8122286413535297,0.02194067775825327,0.19076844981894553,0.2,0.6,1.0,34,46.32534910631418,4.508210224802469
10,17,0.4456737805992085,1.1119301368380903,1.1125185573318057,0.5215942689264972,0.42714741263868666,0.7779296530259615,0.013708259212393551,0.25670057889490167,0.2,0.6,1.0,35,39.74707929017498,15.121716048228302
10,18,1.2496864255132916,1.972149342940662,1.9860763541644904,1.3137315872251993,1.2393741666446434,0.8021616317657043,0.035330889441124794,1.0,0.2,0.6,1.0,37,45.53015932919569,11.83421200471915
10,19,1.2042594612624664,1.8844583997984308,1.8981020119779686,1.3002427945503696,1.2293001264422125,0.8041286189717548,0.031036640992727137,1.0,0.2,0.6,1.0,39,6.6137222039027295,10.67098917216826
10,20,1.2123995467169606,1.8918281146330997,1.9054168884455192,1.321061387939683,1.1959236815172694,0.8300396797618617,0.03645764939160271,1.0,0.2,0.6,1.0,43,7.614722496619112,9.170410534257062
10,21,1.207011466741922,1.8832435388506163,1.896607300213085,1.3221947185954444,1.1921670347048359,0.8278501147741208,0.03016509143560927,1.0,0.2,0.6,1.0,44,7.242503847845169,9.239507963088702
10,22,1.2180727490760295,1.8986302410174238,1.9163238654413741,1.3424942713951407,1.2098322499049676,0.8669172318807571,0.035944040645389606,1.0,0.2,0.6,1.0,47,7.602757708405148,9.842165187818193
10,23,1.2133240955553384,1.8977766369264462,1.9197703551885936,1.3631065130127298,1.1986604960366702,0.843400637382553,0.03648065559139131,1.0,0.2,0.6,1.0,50,7.957008508336339,10.015007024484518
10,24,1.21723117994945,1.9001495034745017,1.9220376558059549,1.370392566158579,1.2024926949034056,0.8671198463398602,0.0359470513603928,1.0,0.2,0.6,1.0,52,7.728673160572756,10.020620892067951
10,25,1.1402929734503238,1.849433995149087,1.9013685420814403,1.5082005439946042,1.1220662318583954,0.455569914882211,0.0492052572800624,1.0,0.2,0.6,1.0,94,8.526796667618946,5.091393243759581
10,26,1.140292984152422,1.849434005399654,1.9013685523320074,1.5501862536023805,1.1206371819486156,0.4555698621083182,0.04920529195563852,1.0,0.2,0.6,1.0,96,8.526796987383014,5.091393608168816
10,27,1.140291687403911,1.8483400841305653,1.9002025959673683,1.5233739487945028,1.1286792558642058,0.45491720396717095,0.049932400410191605,1.0,0.2,0.6,1.0,97,8.523383082608737,5.116050764099904
10,28,1.140557924306834,1.8498662830560022,1.9018117101168919,1.5378876552322582,1.1290675410934896,0.45337370277970324,0.05030566732101614,1.0,0.2,0.6,1.0,100,8.462348372631428,5.231215323801453
10,29,1.140116678238027,1.847725766026687,1.8995593531230965,1.5411105360555895,1.1350523639658296,0.45512064233404426,0.04977589682176002,1.0,0.2,0.6,1.0,101,8.49413482617553,5.191661007416988
10,30,1.1396972821175726,1.8469120323022505,1.8987195239810042,1.5554072769677552,1.1271773126952813,0.45359764863617097,0.04977324945283178,1.0,0.2,0.6,1.0,103,8.453147056812428,5.262122151015274
10,31,1.1381190511332229,1.858065416538051,1.926909260627336,1.616686884940656,1.1214580162368921,0.4551317586985048,0.049643213855743516,1.0,0.2,0.6,1.0,109,8.486965835244542,5.183700526255868
11,0,0.912045700433726,0.9913226238838222,0.990875913310513,0.06223859912005884,0.0,0.0,0.0,0.0,0.2,0.6,1.0,1,5.100156098832262,60.4501209173922
11,1,0.6118735111978266,0.9687667770682168,0.9663747351862848,0.0727303532586745,0.16233143196362135,0.07524279931697606,8.223195748334e-05,0.00013519524378213002,0.2,0.6,1.0,3,2.885247160831261,39.13541924647727
11,2,0.18509053850553964,0.865371176513051,0.8613954973906811,0.05978995649653233,0.47345600101969637,0.09722594384025227,0.00117909825247948,0.00245024547356692,0.2,0.6,1.0,5,2.017008302095852,4.112741512624897
11,3,0.17750394429506686,0.8659507929901468,0.8661234228172963,0.0636951468041522,0.039176445713665804,0.09722594384025227,0.00117909825247948,0.00245024547356692,0.2,0.6,1.0,7,2.703665625990078,3.124493664373309
11,4,0.1773333664195368,0.8658525861741408,0.8660201431454378,0.06697519623552205,0.023366781638447586,0.09722594384025227,0.00117909825247948,0.00245024547356692,0.2,0.6,1.0,8,2.6370232092766805,3.182103637804846
11,5,0.12072341958581691,0.8212474334311682,0.8149621398509902,0.06103080533825539,0.3443566196831343,0.08312770575788885,0.00294049032907027,0.00495416640687958,0.2,0.6,1.0,9,3.997036216891941,2.502278859923
11,6,0.10853027055387127,0.8134487478927899,0.8108804991299924,0.07418612442669625,0.06971143496910709,0.08312770575788879,0.00294049032907027,0.00495416640687958,0.2,0.6,1.0,11,5.0581242433990505,1.6216704099425463
11,7,0.10673328136819023,0.8087146816612478,0.8011683657100223,0.07619772488050526,0.09637045534060719,0.08832958160670057,0.0076476645807691795,0.01305246631653513,0.2,0.6,1.0,13,7.629660527311316,4.789068117710198
11,8,0.08913899664294489,0.7845444065923353,0.7798723210457645,0.08718600238481733,0.13332536404782022,0.08832958160670062,0.007647664580769151,0.0130524663165352,0.2,0.6,1.0,15,9.69600407362764,3.579937144786178
11,9,0.08913321509515101,0.7845348387876244,0.7798622557642211,0.08271432841934835,0.035381199139519905,0.08832958160670058,0.00764766458076913,0.01305246631653518,0.2,0.6,1.0,16,9.685920083919893,3.583207033275289
11,10,0.0830190177465723,0.7669241731239895,0.7609956435464711,0.09131335188163298,0.10540650155762091,0.11562509331863262,0.00823434029501391,0.01402785890953449,0.2,0.6,1.0,19,16.294829272301286,1.5790627619902309
11,11,0.08301901769498371,0.7669241731239895,0.7609956435464711,0.0986418585582612,0.04209352130290319,0.1156250933186325,0.00823434029501391,0.01402785890953448,0.2,0.6,1.0,20,16.294829189230423,1.5790627783276507
11,12,0.09402485722390391,0.8295550583367385,0.8220461134502641,0.11925934917099323,0.09591397114757746,0.1186531377577706,0.01372575909756898,0.02345544289238883,0.2,0.6,1.0,21,21.139577071673887,2.1087248775362517
11,13,0.07015576017407485,0.6893020621796369,0.6786914841138801,0.09416973616472786,0.38921953579900986,0.1186531377577706,0.01372575909756898,0.02345544289238886,0.2,0.6,1.0,23,23.766350183328463,1.0543952275500643
11,14,0.07005555648188434,0.6936395330318009,0.6873707477794959,0.10181826629552326,0.05778598590362694,0.11865313775777057,0.01372575909756899,0.023455442892388788,0.2,0.6,1.0,25,23.98327929454803,1.0143212585763408
11,15,0.067660360348472,0.6810982105700073,0.6742120916851135,0.11466160814716458,0.0860168748458899,0.1172104626101322,0.01361913084527334,0.02325846969646892,0.2,0.6,1.0,28,24.04718541597511,0.76058174778433
11,16,0.06785107527498488,0.6828932716259517,0.6801801607229347,0.11995580257350238,0.08580307933084347,0.11704039080329376,0.013952593839394711,0.02382837549861555,0.2,0.6,1.0,29,24.808738966549328,0.8546447451723072
11,17,0.09238700342401931,0.45220451321065414,0.42752039360204197,0.09170702171165804,1.091707021711658,0.14511425648664947,0.027059794415038564,0.046448293765305,0.2,0.6,1.0,31,46.951749573808165,0.0354979869360378
11,18,0.09238700343543953,0.45220453208206385,0.42752041440882554,0.10053094161980339,0.09170806295719519,0.14511425648664947,0.027059794415038564,0.046448293765305,0.2,0.6,1.0,32,46.951749453730486,0.0354979941140466
11,19,0.09238559180722566,0.4569674022513697,0.4366469667021634,0.11288158227450748,0.09312921278830599,0.14511425648664947,0.027059794415038568,0.04644829376530491,0.2,0.6,1.0,33,46.989781114285066,0.0332744783028669
11,20,0.09238554413332402,0.4619082203783098,0.4459606265974445,0.12775114478591248,0.09171891433292059,0.14511425648664947,0.02705979441503853,0.04644829376530496,0.2,0.6,1.0,37,46.97905580598084,0.0338914374352037
11,21,0.09189951122947157,0.4213778637986568,0.40747310782344714,0.11635090557616021,0.2709598615792591,0.14454139370156222,0.02702073772743068,0.04637614477650951,0.2,0.6,1.0,39,47.317360289642245,0.0059771335235644
11,22,0.09144743062713878,0.38155494227582487,0.36973364581948026,0.12196344358999389,0.2648849228064556,0.1437511335499262,0.026966097734418732,0.04627520891929632,0.2,0.6,1.0,41,47.495484505042576,0.0015176621032993
11,23,0.09175389964958644,0.360463766538499,0.3393025279184072,0.1318991826869648,0.1326391822292483,0.14437654751028806,0.027040217632793517,0.04643968052404099,0.2,0.6,1.0,43,47.43615180539021,0.0039540111638871
11,24,0.09146012508937981,0.3678974364979942,0.355370709471914,0.1562619273386477,0.09549967064229864,0.14387618135636446,0.026976273616878536,0.04628964702317802,0.2,0.6,1.0,47,47.36077060373056,0.000228835670266
11,25,0.09140851567466557,0.35684479246371487,0.35198643208903807,0.14502297703562966,0.2541793665539943,0.1437527336411303,0.02699840228378056,0.04629419110639441,0.2,0.6,1.0,48,47.36006335022099,0.0003200874267383
11,26,0.0914115839678332,0.3568158020280892,0.3519557861812965,0.16620804483725699,0.091294327291203,0.14376507566861518,0.02699793461628457,0.046295132005055015,0.2,0.6,1.0,53,47.357480911019984,0.0002915115050095
11,27,0.0915935905278796,0.3450822654494679,0.343725829143678,0.18039948982834964,0.22327164896012786,0.14375305799330837,0.027305763531789817,0.04632407360140385,0.2,0.6,1.0,54,47.35908527183436,0.0003171173865143
11,28,0.09135587253958596,0.32450104062004326,0.3220958767634381,0.2014153985654037,0.10888348949763763,0.14388727860711012,0.02700871569760272,0.04626629753396199,0.2,0.6,1.0,63,47.34503272268684,0.0001416734363896
11,29,0.09097834844994111,0.30270128726587114,0.2950736695991201,0.20724718986038523,0.24753139079288825,0.1437617524877809,0.02734863478747516,0.04573237531769591,0.2,0.6,1.0,64,47.332087238407226,0.0015594988545611
11,30,0.09273867465120436,0.19229333906951485,0.1830065843304565,0.19362850002994353,0.3872902223809782,0.14388819553446347,0.029456767271664852,0.0462663444488886,0.2,0.6,1.0,67,47.344835700303726,0.000140974763653
11,31,0.09212624343946518,0.18497893249235425,0.17946548780371713,0.2044175101509319,0.13746284696868472,0.1439280621902324,0.028406345597963838,0.04627922940623068,0.2,0.6,1.0,69,47.35022035375983,0.0001164572610491
11,32,0.09126439628452013,0.14717758281233717,0.14388061451037143,0.2624005496022385,0.11164697296160964,0.1439006013634288,0.026969656807263643,0.046293038819465386,0.2,0.6,1.0,85,47.35117770621601,0.0002340921971012
11,33,0.09125296165108363,0.10103893442746704,0.09124859805364767,0.241816052379335,0.41631388978744055,0.14386027920498692,0.026970697298899848,0.04629412383331037,0.2,0.6,1.0,86,47.34614003029031,0.0002272900247273
11,34,0.09125234751465784,0.0987804796018853,0.09299238857469613,0.26186532455742084,0.11729317988317864,0.14386027920498692,0.026970697298899848,0.04629412383331037,0.2,0.6,1.0,88,47.35668801575558,0.0002532141434363
11,35,0.09145218755203245,0.1025405315195126,0.1010541922203393,0.2998881454471606,0.09221010800417488,0.1438892803888884,0.02730855810863702,0.046285567591051166,0.2,0.6,1.0,102,47.38096042248364,0.0001611574277967
11,36,0.09226079415738937,0.11230207768490784,0.11951361002870638,0.32308993562217064,0.09366147035561384,0.14392722697035953,0.027193059998852458,0.047155962351248845,0.2,0.6,1.0,107,47.407995030132525,0.0002241364897714
11,37,0.09208447295736993,0.09801474742141975,0.1003813333443015,0.32158883942545274,0.16508738012999158,0.1439271578723506,0.02764570659478267,0.04670883391325969,0.2,0.6,1.0,108,47.39359633586653,0.0014951649163528
11,38,0.0918566881925256,0.09771426783032539,0.10007711923658183,0.3247042880516931,0.09542160591594598,0.14401236643678242,0.027579865609847137,0.04650354761317014,0.2,0.6,1.0,109,47.38573559127028,0.000112623246891
11,39,0.0920873326897356,0.09208497843464376,0.09414615043030486,0.3302031987991985,0.13290947003155978,0.14392713194508802,0.02765440257526573,0.04670691050046672,0.2,0.6,1.0,110,47.41602483569012,0.0014528107033333
11,40,0.14361755022725115,0.15581321339300547,0.1708578132733383,0.4245898715699008,0.14578062552809062,0.14393798479742664,0.11401486499398335,0.04641889758684835,0.2,0.6,1.0,121,47.39462126544251,0.0015594493898301
11,41,0.22605922202075784,0.23190845066799476,0.24250783072015508,0.5202197509769663,0.22873144948495078,0.14393036712521315,0.2511946353837816,0.04655432672544192,0.2,0.6,1.0,125,47.3949477019542,0.0006991961292038
11,42,0.09452239684353501,0.09965602873339931,0.11433704335952614,0.4137287867915587,0.13906318966362735,0.14389866606001678,0.03374641358681329,0.04549315936555355,0.2,0.6,1.0,126,47.3578935260837,0.0001709140221802
11,43,0.09474916267944278,0.1187123633350364,0.15083669269030242,0.47947106138220447,0.09515961366794701,0.14397373735492255,0.03282622412105487,0.04625707823116741,0.2,0.6,1.0,142,47.39778057785682,0.0009253688355405
11,44,0.6634676069732403,0.6800214828523528,0.7076458407318036,1.0574837699931072,0.6873582243925282,0.14394721426042403,1.0,0.03467675616785001,0.2,0.6,1.0,143,47.36543060650949,0.0008448496922018
11,45,0.09448863940985013,0.11439469549735691,0.1463101147529069,0.4998885619206265,0.09611898245764999,0.14396854261314446,0.0323965542019945,0.04625564211858915,0.2,0.6,1.0,147,47.397693169409294,0.0001417986065502
11,46,0.09668745388990654,0.10936397261259241,0.1409072201061572,0.5077122093006207,0.1256629174534905,0.14395994867764572,0.03605749852432131,0.04626004816360932,0.2,0.6,1.0,149,47.397697826654245,0.0005903061441398
11,47,0.26991410777492153,0.29914712678496846,0.34801661798112715,0.7723217699770268,0.2733712753177988,0.14394334287972674,0.3443440869554874,0.034518267548328554,0.2,0.6,1.0,157,47.366434133086464,0.0006145243190762
11,48,0.6633096119416431,0.6919945376595451,0.7408358459255209,1.165613989612628,0.666596196659716,0.14394236924145554,1.0,0.03452046428959149,0.2,0.6,1.0,159,47.36632878689116,0.000817214639961
11,49,0.6633218169334367,0.7010567450725439,0.7586008959890514,1.2006815472549257,0.665444313733165,0.14394382607942866,1.0,0.034532407105977346,0.2,0.6,1.0,161,47.36663333187752,0.0006604184190559
11,50,0.4127482005336744,0.4529163917253101,0.522941259115605,1.0315482202066735,0.4170783800757785,0.14393771440378314,0.5819021490943431,0.03481931095746387,0.2,0.6,1.0,182,47.38583473696403,0.0002595804494628
11,51,0.3959950273987527,0.4303117651095562,0.49591693756879746,1.0083211031611625,0.3995168538782168,0.1439381157779875,0.5539643601846688,0.034828773156831125,0.2,0.6,1.0,184,47.38594786919722,0.0003039406739539
11,52,0.6160102618224094,0.6549513024810125,0.7249129929442261,1.2658391934736515,0.6164308794279241,0.14394958057964027,0.9207824694722602,0.03475086402312522,0.2,0.6,1.0,190,47.38588448528018,0.000258699851829
12,0,0.8011623365293085,0.9797799638921996,0.9787390563795952,0.059691872560211634,0.0,0.0,0.0,0.0,0.2,0.6,1.0,1,14.172135497771617,64.0287881154832
12,1,0.5306939445099998,0.95293040233947,0.9498982411366163,0.06659067062701184,0.16241263707735656,0.05832680175190817,7.776238577629e-05,0.00011914909881736,0.2,0.6,1.0,3,10.382248421420506,36.53748148971759
12,2,0.18395976959275698,0.8633958269634152,0.85946168098766,0.05716144141256023,0.41875393860727494,0.0889411601730661,0.0007796330721862,0.0015645902873709602,0.2,0.6,1.0,5,5.411923779711557,5.366788990086901
12,3,0.14074332989158747,0.8358850440729073,0.8306192487532211,0.05474891114392055,0.11941229658012101,0.08539244657236746,0.00042869772898124,0.0008418696930941501,0.2,0.6,1.0,7,4.767081985231322,1.7535987081678883
12,4,0.1337802838200491,0.8354687785180536,0.834300072797561,0.060257278917488485,0.03845048565251631,0.08539244657236746,0.00042869772898124,0.0008418696930941501,0.2,0.6,1.0,9,4.244819978682443,1.7951121963718208
12,5,0.1317992235239445,0.8285782344035612,0.8230298464021817,0.06749371392791241,0.01685134944867077,0.07816904171148631,0.0003069492425346,0.00054218122289476,0.2,0.6,1.0,11,4.273091805028503,2.3802855953592497
12,6,0.12929359572970367,0.8219403322763141,0.8118665265379226,0.062071603781391,0.04066347533425215,0.08337644130469965,0.00032753837502866,0.00075575470061282,0.2,0.6,1.0,12,3.986808865348484,1.517918236280451
12,7,0.1285878948159217,0.8213498782087689,0.8112522302627054,0.06598282805181464,0.021097803188390888,0.08306157471165554,0.00031642214563524,0.00069774614045196,0.2,0.6,1.0,13,4.089847099323084,1.565987725939516
12,8,0.11796408810586904,0.8127291656471747,0.8020186031706458,0.07762527085359072,0.06714819614388104,0.07862790808489974,0.00148888304304468,0.0041656211087314704,0.2,0.6,1.0,15,4.672254497854076,1.0536309649948985
12,9,0.11611236538194178,0.8159213299407682,0.8095256491544723,0.08373770797986368,0.024574130825480465,0.0762369267539599,0.00148002963812384,0.00402662695753733,0.2,0.6,1.0,17,4.791836308724619,1.124386007496446
12,10,0.10930070019613594,0.8093767971176621,0.8027421158886902,0.09022479760360254,0.03646736155928475,0.07498528074011855,0.00098914617627431,0.0026698485965363098,0.2,0.6,1.0,19,4.7110135519730925,1.1373361083927775
12,11,0.11071650304339221,0.8107551301934025,0.8041105596746184,0.09958244979114216,0.020222863012126384,0.07890315900627892,0.00126079598388357,0.00329350062816637,0.2,0.6,1.0,22,3.868433167942544,0.608254404213865
12,12,0.11158003724871214,0.8066962341782236,0.7956736208914064,0.10309308621800245,0.021271071003471947,0.07923176875447169,0.0016262038511125902,0.00399181441137505,0.2,0.6,1.0,24,3.517002061116936,0.7185031625252469
12,13,0.11012004014411717,0.8101774286955182,0.8034483564214102,0.11337514293574671,0.032760775061976735,0.0792965169124932,0.0016338087409022198,0.004054792852135751,0.2,0.6,1.0,25,3.229671635777572,0.6585955698028236
12,14,0.14882041880527444,0.8487558088457587,0.8417751942398721,0.15851518262217631,0.10240217519402889,0.09092572844755177,0.028311041145460493,0.029187554076722477,0.2,0.6,1.0,26,4.6470195101157135,0.1963148439861234
12,15,0.09882030016327184,0.79367591151463,0.7822130287166943,0.11531873735646346,0.020470088744168502,0.0581938747105421,0.00213385069926138,0.00342651466072163,0.2,0.6,1.0,30,2.649975317086215,1.22376479888564
12,16,0.09353255923323196,0.7923417191851193,0.7847930000354644,0.125073214069458,0.05398645729022062,0.05835186933845886,0.00327282420766998,0.00534656289983878,0.2,0.6,1.0,32,3.681366528933075,1.133262949892876
12,17,0.09195156863518711,0.7902804136318474,0.7826048477484676,0.13245493938883018,0.038078471225034535,0.05998952235692914,0.0033418297953382602,0.00538036335297295,0.2,0.6,1.0,33,5.484415123377133,3.011846440222225
12,18,0.08825698401818526,0.7906544417397439,0.7871284776668533,0.12875784183307287,0.053063402180865735,0.06669374389236245,0.00250130851843558,0.00431361625318832,0.2,0.6,1.0,34,2.225036027537416,7.368419997578473
12,19,0.08752582603751878,0.7847203999145571,0.776765450451481,0.1336393857179795,0.02343039888200673,0.060506810263965566,0.0034740380272528203,0.00506462598403626,0.2,0.6,1.0,36,3.1407586485441605,1.1098310808498226
12,20,0.08458415433143546,0.7856072164909652,0.7817985811186334,0.1425085396536372,0.03670526557766262,0.06824232333707515,0.00278711051386683,0.00427626460877295,0.2,0.6,1.0,38,1.9989407970898363,8.415552208507004
12,21,0.08397386850016636,0.7897111528799206,0.7902316434842842,0.15297626134460474,0.02294369071723562,0.06824877420733556,0.00280643295579061,0.0042753918534870605,0.2,0.6,1.0,40,1.9654591031033664,8.146560301220745
12,22,0.09366601451218332,0.7922849623850782,0.788066680042111,0.16585444806416094,0.06185731739770145,0.06597293299358369,0.00703976197851561,0.01681357855817425,0.2,0.6,1.0,42,2.7846789013004427,1.646088488159122
12,23,0.08003880588966732,0.7760637769127475,0.7714734550055279,0.16049914498350518,0.053367767890947874,0.06807896275550328,0.007933451171963129,0.00686198754215152,0.2,0.6,1.0,44,3.9639981468940855,1.6893142808812418
12,24,0.08875210318476401,0.7835005268565336,0.7787440572400967,0.17568812832547342,0.04846653810320448,0.06637726527879938,0.007917679701351741,0.017876098190832142,0.2,0.6,1.0,46,2.2716968919266693,1.1274427019310362
12,25,0.08914040939001369,0.7838036711625066,0.7790363586109172,0.17615771582064968,0.03806336543537677,0.06620003948789842,0.008161632723478859,0.01827895851662411,0.2,0.6,1.0,47,2.2254354934128067,1.1445790389688002
12,26,0.07719140511500486,0.7765179848029843,0.7760883202151742,0.16969469607252796,0.030234652192754858,0.05723830296240993,0.0032533859376196695,0.01147340396546959,0.2,0.6,1.0,48,1.9197954880623271,0.545389810590365
12,27,0.08695913755437062,0.7794000487012246,0.7743635778030016,0.18629632814168567,0.05490704105464147,0.06695387902403663,0.00863894110060914,0.018666658146620198,0.2,0.6,1.0,50,1.9150050246804,1.0623664083890516
12,28,0.07383408395639464,0.7710002735645435,0.7703112092302145,0.18399028878041615,0.026343000826954194,0.06916903818578964,0.00544387738124027,0.0072942568877170195,0.2,0.6,1.0,52,2.102533123006324,0.8328432540033657
12,29,0.07254014047204167,0.7690712716401789,0.7683094030727768,0.19094662476867055,0.03489062434645981,0.06666680997086502,0.00542205811969958,0.0072929967337208605,0.2,0.6,1.0,53,2.525381741033527,1.4739948927668411
12,30,0.06650573786722028,0.7626608868579746,0.761855259261286,0.20018994288324632,0.021712463771546696,0.06144197293290982,0.00288045737401769,0.00430264019864203,0.2,0.6,1.0,55,3.1521550058373538,0.3608052153835722
12,31,0.06437894505129757,0.754432549482607,0.7491275451379583,0.1866274533475181,0.03640735022199989,0.05908970311464482,0.00287790965716676,0.003945085784169871,0.2,0.6,1.0,56,3.5051325839466405,0.1405306680301556
12,32,0.06422033523312509,0.7590702864117349,0.758121566153188,0.20467237667448968,0.02013152898321432,0.059236053730975756,0.0028855646485712798,0.0039296914178885796,0.2,0.6,1.0,57,3.549322408019268,0.1397553071400522
12,33,0.059974583366251055,0.7617560258349142,0.7692445253767981,0.22709852307814418,0.03964434994728356,0.05777529144007406,0.00390300556926685,0.0024076457249075202,0.2,0.6,1.0,59,3.929392597010629,2.0400991954189385
12,34,0.0583077037667532,0.758948399341815,0.7663229953576999,0.22917062583882203,0.032933546554258036,0.05449435499663181,0.00399736806563438,0.0024120919656726502,0.2,0.6,1.0,60,4.330132696147502,1.6838066964252554
12,35,0.05626879964340214,0.755865527489589,0.7631381255392714,0.23394077006100528,0.03002745314923366,0.05352135374814935,0.00364212043937932,0.00171814614196147,0.2,0.6,1.0,61,4.359089138339238,1.9672950431005056
12,36,0.06070787665433175,0.7631725626835577,0.7746207285476455,0.24876608552610674,0.03576117376187665,0.056633027403719,0.00585739591986846,0.0059650803545186004,0.2,0.6,1.0,63,4.843639922728638,0.8180152502993039
12,37,0.054602775762011606,0.7495757642646658,0.7564181935190065,0.24047826030096237,0.05182737533206024,0.05694085649885669,0.00430364537328385,0.00270382761551492,0.2,0.6,1.0,64,3.8243316462436354,1.0391253602663146
12,38,0.05159624871362759,0.7470490435293372,0.7578759214723252,0.25150766428981336,0.04613986562616033,0.057349446067793325,0.0038688424454492104,0.0029599968602966,0.2,0.6,1.0,66,3.6391276733698086,1.2028943251475863
12,39,0.04815565016330865,0.7441144956958732,0.7589480704455933,0.26646314051539866,0.04370131669456397,0.05634849782843739,0.00377270471434975,0.0024550808828477802,0.2,0.6,1.0,68,3.2532378948383287,1.1973451746293458
12,40,0.04804103034681842,0.7487430108639197,0.7679333498803063,0.28389688034685856,0.017225620356858384,0.0563484978284374,0.00377270471434974,0.0024550808828477802,0.2,0.6,1.0,70,3.274260091819245,1.2081090170974584
12,41,0.06965555214065339,0.7701473557463618,0.7893206423876697,0.3251927133183185,0.038249501456783026,0.06407392738625559,0.00430524352283997,0.0223261607798988,0.2,0.6,1.0,75,3.711560996158525,17.77604800073539
12,42,0.05543167245029332,0.754607717254005,0.7736762200392745,0.3177712888176974,0.032119603407638336,0.06618742285419514,0.00496813744560256,0.00800146273198014,0.2,0.6,1.0,77,3.318041828244872,1.4025919589451108
12,43,0.051813272225545076,0.7586878279328693,0.7863303292363706,0.3375382009786224,0.026967443564674086,0.06119388208736919,0.0049740076198148495,0.006530286311018341,0.2,0.6,1.0,82,2.275247605984497,4.27968647818968
12,44,0.05498047609711835,0.7659263976593917,0.7978742703060696,0.3509792170540807,0.030486075137802132,0.062102398002995156,0.0042779523427479305,0.0103746061678182,0.2,0.6,1.0,84,2.288448039543792,5.353720508627271
12,45,0.05443035679666616,0.7364315498154133,0.7461937749839053,0.35800720081962284,0.038950067222600665,0.06031522470144632,0.00872849221879818,0.00951486753038792,0.2,0.6,1.0,88,2.3833511454288194,1.562327450899118
12,46,0.05450434258930228,0.7364944365779428,0.7462558929141542,0.36123634068910304,0.026990185725323912,0.06026707330720933,0.00875639172533535,0.00958557215290439,0.2,0.6,1.0,89,2.382167013224978,1.5649136812889537
12,47,0.05989272026774414,0.7409142833093377,0.7546167795833479,0.37360928921216535,0.09995548239257088,0.059944719346220025,0.00990353636041556,0.01682876781715176,0.2,0.6,1.0,90,2.2507760193174744,1.0706045401986215
12,48,0.05974988238364762,0.7398935680788155,0.7535329225006095,0.3767742210770697,0.04464145912902656,0.0657995421708795,0.01153864078408948,0.014882383925937982,0.2,0.6,1.0,91,1.73648927528538,0.2603078599540246
12,49,0.061102108659353664,0.7361754555448805,0.7494585209111932,0.4009462366529955,0.048928066560995,0.0591454326131929,0.01181568010330994,0.01925009131421645,0.2,0.6,1.0,96,1.8517898929396,2.1203823797300005
12,50,0.05867023438924178,0.7322173491196046,0.7453950980781812,0.3985744646322279,0.052140045915366404,0.057241418453936245,0.01082263227008239,0.01831440933055865,0.2,0.6,1.0,97,1.6479788759898903,2.485692002610137
12,51,0.06192657712129135,0.7390056899262855,0.7564595890394429,0.4214620903885327,0.04731691008882915,0.05900018144431485,0.01229334783760036,0.02080598373494116,0.2,0.6,1.0,99,1.72734324778972,4.456163621223404
12,52,0.0628194795249074,0.739407093509708,0.7568274458224015,0.4256426954876339,0.04610632098800287,0.06242785205176265,0.01208060713720522,0.02130101416511053,0.2,0.6,1.0,100,1.631054021374644,4.166445936871475
12,53,0.06281812162669098,0.7394015264438506,0.7568215939145274,0.42237070648019526,0.04107967825499961,0.06242785205176265,0.01208060713720522,0.021301014165110523,0.2,0.6,1.0,101,1.6310244324078658,4.166098687591439
12,54,0.05482452706026117,0.7294025835710481,0.7466866251298363,0.42414667876522116,0.054249086273395405,0.06180431180155606,0.00938842628902045,0.01568444376408443,0.2,0.6,1.0,102,1.6436235134029744,4.2599907234927965
12,55,0.05511555213673536,0.7286158821584579,0.74582731530505,0.4277868107336254,0.04529001661561113,0.06180126558869695,0.00940756761004276,0.01629718386151639,0.2,0.6,1.0,103,1.67664793594308,4.211187824781415
12,56,0.05485262059906426,0.7318986834759693,0.7533894112913372,0.440490904666059,0.0486651583717945,0.06117384184715117,0.00972036606526952,0.01639421399438382,0.2,0.6,1.0,104,1.5665147714203158,4.367556401811507
12,57,0.056200535715862476,0.7291668074683207,0.7503874544958322,0.44521964029624134,0.05058619530617466,0.05742900462389279,0.01388554195147094,0.01715862163506137,0.2,0.6,1.0,107,2.630291253920453,2.9790445266104664
12,58,0.05618910919256456,0.7340607490136009,0.7596518309234214,0.4581205351421209,0.03718213259550101,0.05742900462389282,0.01388554195147092,0.01715862163506135,0.2,0.6,1.0,109,2.6303588815111087,2.9759053072090427
12,59,0.059787613923512166,0.7213204702073767,0.7377472193872416,0.4589644194645501,0.1054864833159262,0.06459986036077968,0.01539775023419571,0.020090984870019098,0.2,0.6,1.0,110,1.615270706775349,3.210853292355071
12,60,0.05995014497711788,0.724775737559571,0.7454699231399492,0.4690452945018688,0.0507964187983523,0.0632213432956218,0.01598076441605284,0.02057887695012154,0.2,0.6,1.0,112,1.6732794928405452,3.2602348001989845
12,61,0.06253905412524262,0.7241841463116684,0.7446766022409713,0.4744409351762627,0.07664409323410076,0.06818184812013563,0.01734241829641118,0.02209668965912154,0.2,0.6,1.0,113,4.327253094696927,2.0490474857354597
12,62,0.05723226364064005,0.7088902208146459,0.7287615356610114,0.47539890636769844,0.13685221243966486,0.06313199316046608,0.01600349239709453,0.02068213036147714,0.2,0.6,1.0,114,4.19072613784574,3.117856743842049
12,63,0.05652717722848446,0.7178500352081625,0.7505251974029582,0.6400498842387788,0.044386865922323215,0.05820671553002507,0.02036818366885773,0.01929831283436694,0.2,0.6,1.0,153,2.350750073306403,7.377770876972808
12,64,0.06313004455312514,0.7199260863839285,0.7482536637313858,0.6515559708406939,0.05509360360591593,0.06063089539757918,0.01216913258855169,0.03025905410997596,0.2,0.6,1.0,155,4.686861434153046,3.143726244973116
12,65,0.057677399258516886,0.7273872397114765,0.7687175577298149,0.6850869759854397,0.04507316895065901,0.05603848592807559,0.01987863791464416,0.0214395603113925,0.2,0.6,1.0,161,2.35104405146513,8.062678116056619
12,66,0.07167214350092513,0.7410948688900838,0.7824079104694295,0.7061677674200025,0.0599043395516304,0.05546111918731581,0.01701497374635386,0.03731654597462045,0.2,0.6,1.0,163,2.2743836166728206,8.430514902774132
12,67,0.06036196338379521,0.7293272414397156,0.7706127358077008,0.7043354875192208,0.05151594168737483,0.06128360417689478,0.020029416898896972,0.02311079784222799,0.2,0.6,1.0,164,2.248362802237896,7.437072025301274
12,68,0.06640629208955626,0.7428727025711,0.7927607307264377,0.7263772634448742,0.07555293432570606,0.060171109171954035,0.02039210947766919,0.029560406540490868,0.2,0.6,1.0,165,2.619953357139518,3.330793130229042
12,69,0.08581552157691213,0.7678655284135228,0.8262426324182423,0.7748636193862042,0.08041198307208222,0.06368444230248209,0.02166775364893114,0.04818834094738407,0.2,0.6,1.0,171,2.584580516981178,5.7416198969897705
12,70,0.08570684160453393,0.7719913280989441,0.8346993155168061,0.800680926430358,0.07710749204287246,0.06368444230248205,0.02166775364893116,0.04818834094738417,0.2,0.6,1.0,173,2.5978780604469347,5.756052987212633
12,71,0.05887308680419678,0.7251963075417298,0.7744825025649337,0.8055099888229446,0.05111050887100829,0.0570205460356916,0.01318691793173082,0.02852810567352785,0.2,0.6,1.0,187,4.105289050935719,3.754526069737706
12,72,0.0565039144855507,0.7226073055288468,0.7718805840732686,0.8103917946059158,0.04648101001379397,0.05716135979972262,0.01296964289510755,0.026292125835949122,0.2,0.6,1.0,189,4.06313816871019,3.9503890441905263
12,73,0.058936469976648906,0.7289540835558423,0.7825399224761382,0.8320520298065386,0.05113812673973585,0.057344518045472796,0.01339254070075982,0.028578818474347338,0.2,0.6,1.0,192,4.111903883281798,3.761409003439428
13,0,0.7738809164035383,0.9766948658367323,0.9754951487813766,0.05901038262375266,0.0,0.0,0.0,0.0,0.2,0.6,1.0,1,16.84228484515595,60.86069765147919
13,1,0.520504119564614,0.9565310000355066,0.9533486560802998,0.07245835909111324,0.16826706772484204,0.09070816142327158,7.17315021067e-05,0.00016468881387763,0.2,0.6,1.0,3,11.919420065702212,35.80504170853622
13,2,0.3848279130140482,0.9368712317260732,0.932103649091268,0.07925469925005468,0.2692178418167382,0.10159756253806998,0.00252481291072009,0.007647934820698481,0.2,0.6,1.0,4,11.136975669461709,39.91159950477161
13,3,0.3252003309432002,0.9145516465492013,0.9090716628810552,0.06766021005392,0.1287402379348536,0.10085669150905806,0.00028692600842681,0.00065875525551056,0.2,0.6,1.0,5,7.823916585088227,18.990980273572315
13,4,0.24905036521389415,0.8921307314584662,0.8852212328109778,0.0714263682862069,0.2425387646173875,0.10812663719563739,0.00130113752336518,0.00394415055761337,0.2,0.6,1.0,6,6.266483580743143,47.95001833226564
13,5,0.17016934304218667,0.8571420657527998,0.8526837721409103,0.06235054595256731,0.3144494588599409,0.10595417469033493,0.00088315931902723,0.00202765112180733,0.2,0.6,1.0,7,4.345995461705716,4.889994019515496
13,6,0.15371032946168833,0.8418651186152434,0.8324534029040374,0.059290118550154744,0.06854326255452965,0.10683298834592055,0.00114770403370724,0.00263502102204222,0.2,0.6,1.0,9,4.110435905521943,2.878449697043555
13,7,0.13902450358646706,0.8308840503588815,0.8209576805446586,0.07073572696155565,0.04316399808864018,0.113148078568532,0.00034167242584956,0.0008717207098505999,0.2,0.6,1.0,13,3.341222746419876,2.3009927143572315
13,8,0.15268295263019124,0.8511343896050556,0.845239791486472,0.09983099579170919,0.09727181120437234,0.09667141190092428,0.00789219816322159,0.02157176633261167,0.2,0.6,1.0,14,5.986514366576683,2.3327014800921893
13,9,0.1377468715399603,0.8373449940198038,0.8310837445124317,0.10313970239614775,0.0529076914138972,0.10273091300197956,0.00546507661055713,0.015149077673979591,0.2,0.6,1.0,18,4.787733823290548,1.9699176706836703
13,10,0.13762186917244723,0.8372294113006157,0.8309637925224539,0.10548962834968485,0.039609727226565083,0.10255541232021523,0.005488373551583161,0.01514002892676759,0.2,0.6,1.0,19,4.779096786947566,1.9594974918157464
13,11,0.1338772176389785,0.8387711818978444,0.8366606371632155,0.12251631220566732,0.07268601713172161,0.10267797874599013,0.00530168397946751,0.016058187522322808,0.2,0.6,1.0,20,4.604139110536472,1.8127756514987072
13,12,0.13432117176371025,0.8343178798001845,0.8277631000318502,0.1117426838536942,0.05226774366154461,0.1078555566759833,0.0053552465892237,0.01686492916898455,0.2,0.6,1.0,21,5.134027402080118,1.6814429070807144
13,13,0.13133216310070175,0.8314079231052168,0.8247551800962744,0.11272416139861619,0.05563300420790475,0.10525707177366465,0.00575108920126007,0.01614055313959851,0.2,0.6,1.0,22,4.903503261034915,2.5307176962707607
13,14,0.14975448592575316,0.8540904252018077,0.8511515290321048,0.15525547147655938,0.1706354336715617,0.11536764080935241,0.03024070363826032,0.02996747345785462,0.2,0.6,1.0,23,3.2409908132513454,2.4169698445514176
13,15,0.14917934497374236,0.858276049775653,0.8596323406580993,0.16346511414502132,0.07587863892949956,0.11540344211316375,0.03218097666590488,0.02954934760361288,0.2,0.6,1.0,26,2.533997084925483,2.308985708319576
13,16,0.13233206183407753,0.8321946606573739,0.8281774301507635,0.15822040376875557,0.12066824147005663,0.11448778717274632,0.03121187078644081,0.028611847803690638,0.2,0.6,1.0,29,2.247025624375365,2.1316477305688157
13,17,0.13196158740539626,0.8366369873946475,0.8369701367556744,0.1663368669892368,0.07189842490023331,0.1147517904459088,0.031167806868149812,0.028523150131029,0.2,0.6,1.0,31,2.256610961991837,2.1633505464892533
13,18,0.13147004346587002,0.8410743113440028,0.8457773409650154,0.18855231525075747,0.06998912044895268,0.11458560189371568,0.03117811299606434,0.028104852800376567,0.2,0.6,1.0,33,2.2926717237111456,2.1744261882078817
13,19,0.15143116985281474,0.8607944498086016,0.8654555286327665,0.21177784039116254,0.09673371908562645,0.10576743787620639,0.037901500698020965,0.04636930794626738,0.2,0.6,1.0,34,3.2704564351472936,1.7218017971625903
13,20,0.14739405939122574,0.8559476318082386,0.8604762294605203,0.21190231693133968,0.10826551153888986,0.10849009900769914,0.036188915203927155,0.04457845588406098,0.2,0.6,1.0,35,3.034260635969985,1.531385619946501
13,21,0.14321702383768536,0.854027899495486,0.8625461868134845,0.22266625614526303,0.14645959031334568,0.10137300660713854,0.03887358890590198,0.04497329045499579,0.2,0.6,1.0,36,3.483713119443419,1.4591321632301189
13,22,0.14298504033707726,0.8537097033957884,0.8622168190884929,0.21948867705489425,0.0901268758164448,0.10166429783141107,0.03874405833716801,0.044891217106289176,0.2,0.6,1.0,37,3.609885414243268,1.4008422456207086
13,23,0.1397826966184959,0.8437511014349135,0.8476549787877551,0.21802311836073868,0.12261398767164415,0.1130368378438555,0.035947454178804225,0.043752884199847866,0.2,0.6,1.0,38,2.99767736441968,0.9553434951323332
13,24,0.14218700586337812,0.8489592319262959,0.8569812545856835,0.2372155060844314,0.11245943911263326,0.10602017411501659,0.03834525821504725,0.048932571951197316,0.2,0.6,1.0,40,3.1009334864889766,1.3216196997432046
13,25,0.14617709427257047,0.8476055775743404,0.851211041586987,0.2352530615863952,0.10391599404214827,0.10929034604982876,0.03835883632488611,0.05270671129495711,0.2,0.6,1.0,41,3.394492308563126,1.0835097493193269
13,26,0.13502635824477216,0.8327748057626415,0.8359822852520389,0.22941461881593783,0.1508121949036318,0.11593729329418115,0.03591324577564559,0.04574476605589894,0.2,0.6,1.0,42,3.151585697689524,1.120058382979604
13,27,0.13405816757731426,0.8357433162490687,0.8432221096230192,0.2473367659399872,0.09809640911044812,0.11593729329418112,0.0359132457756456,0.045744766055899014,0.2,0.6,1.0,44,3.152532805162877,0.8606888617656427
13,28,0.13827685159470515,0.8324453856875335,0.8352980918924727,0.24627569686111456,0.1162011635448691,0.11494651951893249,0.036637896611056854,0.052070341466414496,0.2,0.6,1.0,46,3.357138106180169,1.931103001281247
13,29,0.13307264111758005,0.8369106344431746,0.8484877615266521,0.2810316924408424,0.09237799050537529,0.11245878126761139,0.03949041797600415,0.04585314057172686,0.2,0.6,1.0,56,2.5573744851811577,2.1073920407192666
13,30,0.13394716312165517,0.8369192932256858,0.8484143631155842,0.28530937719706456,0.1060486693533507,0.11146878979495606,0.03907156349297864,0.047904857500796226,0.2,0.6,1.0,57,2.590471290644049,1.83121920246362
13,31,0.1559834080376886,0.8705442455102199,0.8988064217127756,0.3765880411817018,0.1352718049305282,0.10489811940890709,0.062449692391505676,0.06312259977926377,0.2,0.6,1.0,65,4.486986439457265,1.443841395191379
13,32,0.10560489345002241,0.7886369589745761,0.7944826143352781,0.3581646109666035,0.07807953209234914,0.11165864185454613,0.01834946453246324,0.0417567572101839,0.2,0.6,1.0,93,3.061850015606961,3.844280479025696
13,33,0.11257319020192455,0.7910499388362362,0.7965446993611779,0.3689275393732758,0.13769326140340876,0.11030103466322319,0.01559584666582714,0.05290940498047967,0.2,0.6,1.0,94,3.302948973421936,5.783669767141444
13,34,0.09163185649344657,0.7828967400322611,0.801358566037135,0.40802741695027195,0.06655955798483097,0.11172280113860703,0.00899925068617871,0.03654980515804745,0.2,0.6,1.0,104,2.708851350641806,4.595364896038176
13,35,0.09747955752721824,0.7847284852104247,0.8028963275027158,0.4110832930426166,0.09401231937190832,0.1091219788682559,0.01264026267205344,0.042427633912559444,0.2,0.6,1.0,106,3.2891197367464744,4.877196215997687
13,36,0.09618237593955335,0.7758752812064974,0.7894827938931418,0.40995117697434325,0.07864857879390824,0.10864356545368087,0.01191039110188995,0.042691054601392955,0.2,0.6,1.0,110,3.2316339957621647,3.1643926833980665
13,37,0.09883289025598896,0.7830580548524554,0.8010093173554974,0.4255474750316157,0.07658225574944783,0.10686839899408362,0.012825840129419088,0.04530376513040202,0.2,0.6,1.0,112,3.4957910494885587,3.3857657045686382
13,38,0.08188270566550757,0.7868459146622365,0.8263824492852151,0.49640202527048916,0.062138725645486496,0.12180624459938397,0.01046451295652761,0.0282351772514308,0.2,0.6,1.0,125,2.9196740883749643,3.281239972631833
13,39,0.07321143126123736,0.7675598642802223,0.8063781588986138,0.4914577136449214,0.16216844862438265,0.11544914176679161,0.01232965938037369,0.02305343244786156,0.2,0.6,1.0,126,3.7786988748968175,3.941887062574831
13,40,0.07407393509676521,0.7624803134002007,0.8009104980286865,0.49572249915969424,0.11469361206600613,0.11624479589636483,0.01163674223784687,0.02576972355404708,0.2,0.6,1.0,127,3.4567196659314123,3.793612687447849
13,41,0.07312357767467645,0.7655155332878296,0.8082568716165093,0.5076171809445433,0.05998124392855947,0.1167679245785914,0.011201551960332689,0.02521872180294374,0.2,0.6,1.0,129,3.581665173257856,3.8898493113811647
13,42,0.08582918635765002,0.7723512496579614,0.8106601339343984,0.4910698452723705,0.06904492762181585,0.11298607689901624,0.016585279628372827,0.03567967861881385,0.2,0.6,1.0,140,4.310973692908851,1.679052753816937
13,43,0.08714603613382274,0.7729483024951023,0.8112109500349588,0.503517093248557,0.07323536148197379,0.1152474397566713,0.01767633700962311,0.03606766951430438,0.2,0.6,1.0,142,4.307975746544163,1.7727917649483882
13,44,0.07971628108222646,0.7569176668254125,0.7987044071469216,0.534182627756324,0.07807464886293523,0.1143743099611535,0.01663596808822753,0.03238231543011544,0.2,0.6,1.0,152,4.228926619106136,2.474409614099472
13,45,0.08187211313355824,0.7551388634454851,0.7966849318868826,0.5398312117625768,0.10453432118720256,0.1128832243783443,0.01767883015106991,0.034951384807341015,0.2,0.6,1.0,153,4.257511263960594,2.2166549446596737
13,46,0.08187211395860806,0.7551388637524348,0.7966849321938323,0.5398312120898396,0.06813536342521094,0.11288322441995541,0.017678830330555808,0.03495138499827708,0.2,0.6,1.0,157,4.257511210619127,2.216654947958804
13,47,0.08091551417535742,0.7537603528622621,0.7952807388108123,0.5426263654922998,0.0711414349020127,0.11238018666713949,0.01770015420962168,0.03415943981781927,0.2,0.6,1.0,158,4.235945742538722,2.2029034836534835
13,48,0.08141048655092953,0.7677877356849833,0.8223481620075552,0.6073363213659957,0.06918544786897307,0.1126571543894389,0.01850252273572722,0.0343521559167192,0.2,0.6,1.0,168,4.12120828293889,2.108040243473728
14,0,0.8584886412612901,0.9859338551051655,0.9852097579965605,0.06104927357452304,0.0,0.0,0.0,0.0,0.2,0.6,1.0,1,10.932011444770088,56.993899169083136
14,1,0.5738326965479664,0.9625700062309835,0.959879173030759,0.07105631905395736,0.16355444955209392,0.07325713442052832,8.224179427624001e-05,0.00013941578987276,0.2,0.6,1.0,3,7.097429629303766,36.23721262237092
14,2,0.44133614582689407,0.9462136171962885,0.9421760239771257,0.07754315034685087,0.2283124422796924,0.09209874294219995,0.0025471167294311503,0.004696498223884351,0.2,0.6,1.0,4,6.032919604580631,39.91979488339543
14,3,0.19840766662629947,0.8711845909741709,0.8676292517141526,0.0592338554594746,0.6092843660420215,0.08658431967847037,0.00127837757123052,0.0021670978900347,0.2,0.6,1.0,5,2.1466079467530346,5.616389889896063
14,4,0.17894244218357147,0.8602644586537843,0.856221578648421,0.06060648748748545,0.05575447386860595,0.08980590551350305,0.00037564645748008,0.00061505499308841,0.2,0.6,1.0,7,1.7227244673453563,1.9306025734111247
14,5,0.17159348237035088,0.8609286190462734,0.8610384010577637,0.07358299970395978,0.03508468557832445,0.08980590551350305,0.00037564645748008,0.0006150549930884201,0.2,0.6,1.0,9,0.9920762594596816,1.708427419764162
14,6,0.16367736026568547,0.8464848329766266,0.8375890281777687,0.08129093523270955,0.02909044668583015,0.08546402522152936,0.00091394895037763,0.0016466282878993099,0.2,0.6,1.0,13,1.7310522742961605,5.828855504724293
14,7,0.15857786079884514,0.8432126794787721,0.8341584466197182,0.08716992808540217,0.04305182084077657,0.0869446205914735,0.00073324670351704,0.00126440204140401,0.2,0.6,1.0,14,1.8056092405470328,4.537420812846848
14,8,0.14753683852352378,0.836850684007609,0.8273188130025039,0.07720777448261516,0.09510351796963867,0.09454493883485997,0.00121629457825365,0.0023717750534247998,0.2,0.6,1.0,15,1.692222179891777,9.16520570731891
14,9,0.1415418122964044,0.8373304329846465,0.8319417161891383,0.08290972141688462,0.03897296669184385,0.09454493883485997,0.00121629457825365,0.0023717750534247998,0.2,0.6,1.0,17,1.0421890499251063,9.286962637811907
14,10,0.14150648613022893,0.8422511530602711,0.8412342337914821,0.09928629682611625,0.022113048512109667,0.09454493883486001,0.00121629457825364,0.0023717750534247998,0.2,0.6,1.0,19,1.0057948979633968,9.303293086269589
14,11,0.14526419556389636,0.8411375008503993,0.8357392870173159,0.10610135958680181,0.02645573983649892,0.10276629661959782,0.00231310169697901,0.00406135142027874,0.2,0.6,1.0,22,1.8919660171550712,84.0301511816417
14,12,0.11624546377704166,0.8211415690699926,0.8190004963779484,0.11582677233096202,0.10706109866694738,0.09562803212252279,0.00161670141199769,0.0026422667950641797,0.2,0.6,1.0,24,1.3582634273699958,16.761938383196444
14,13,0.11096028934793768,0.8204990216344347,0.8220582091075285,0.12837206791961658,0.08110149713199312,0.08282771629477738,0.00803973077349438,0.00883016339220965,0.2,0.6,1.0,26,1.050621093047858,101.2242415070498
14,14,0.11090111146331663,0.825380696763419,0.831309685329315,0.14532459392556862,0.030473742632284744,0.08282771629477738,0.008039730773494399,0.00883016339220962,0.2,0.6,1.0,28,0.9130001912550132,102.42547241083872
14,15,0.1408835459055286,0.8541506734725839,0.8596250566799595,0.1780229599741852,0.10245302010594794,0.09401504368430334,0.04004029387120409,0.02499338277009443,0.2,0.6,1.0,30,1.5675414897317108,194.0362785209803
14,16,0.15430524891371197,0.8671075475595859,0.8724565704194773,0.19287574980358524,0.10166343607440802,0.09232190787541085,0.07069437971127882,0.02233233520568942,0.2,0.6,1.0,31,1.568105130480716,209.77006135376723
14,17,0.49936029906413043,1.2067730140702966,1.2076407890898004,0.5539085420323198,0.4535415114422227,0.08960450944043284,0.5665919623861917,0.07204901423264548,0.2,0.6,1.0,32,2.6687205082533065,4167.82021976406
14,18,0.49915687381151924,1.211458388795727,1.2166858360102677,0.5625801366832622,0.4308866308464344,0.08960450944043288,0.5665919623861918,0.07204901423264544,0.2,0.6,1.0,34,2.5062596385399005,4171.155403288612
14,19,0.49915425082514986,1.2164020376341202,1.2260024894815322,0.5776000236740202,0.4299298657760933,0.08960450944043284,0.5665919623861917,0.07204901423264548,0.2,0.6,1.0,36,2.4856990587255328,4171.588446693692
14,20,0.16713277158270662,0.8827085316355786,0.8919190586059056,0.23795443100842795,0.1311341724099065,0.0829054708013268,0.025258545376824693,0.0720697838732153,0.2,0.6,1.0,38,2.8129339240932576,69.09614712555464
14,21,0.11329944989898705,0.8209389413909528,0.8253355711974653,0.20582765718452423,0.0874581549934047,0.08812570768687478,0.00844439387622615,0.03285303753340384,0.2,0.6,1.0,40,1.5826227787429523,32.513931575805024
14,22,0.11329945112204488,0.8258859870830894,0.8346557878304132,0.2244943043570803,0.05554503962334527,0.08812570768687475,0.008444393876226131,0.03285303753340384,0.2,0.6,1.0,42,1.5826249514310016,32.513932553531184
14,23,0.11329945117919965,0.8357800218531333,0.8532961170623914,0.2371489540832302,0.055544843424879635,0.08812570768687475,0.00844439387622614,0.03285303753340383,0.2,0.6,1.0,46,1.5826250529585415,32.51393259921942
14,24,0.11329655547004934,0.8357755870718571,0.8532914615445714,0.25302045033760195,0.05557906690765728,0.08812570768687475,0.008444393876226131,0.03285303753340384,0.2,0.6,1.0,47,1.5768062820780304,32.511318635347195
14,25,0.10753339186491159,0.8206979826448562,0.8332647239801153,0.24538690422501072,0.14372798535113773,0.09125053424307959,0.00893799459217104,0.03298970233249946,0.2,0.6,1.0,48,1.205194472648079,36.77561537724056
14,26,0.08529235393344421,0.8118341563279657,0.8373487313893698,0.2637423582716343,0.03993697600214389,0.0908702999872651,0.01796158827698745,0.00728107557112094,0.2,0.6,1.0,55,1.4957634788591767,5.766780057517157
14,27,0.08359582094145682,0.8146487036786951,0.8444867831057892,0.28271017460975006,0.038818892828940015,0.09080463260891161,0.01609210424100069,0.00724801323307659,0.2,0.6,1.0,57,1.4805205908787462,5.341031216674461
14,28,0.08399858762299905,0.8199247413988008,0.8541276025267908,0.28993782787720346,0.0368307849891264,0.08921938505767404,0.01517949345711119,0.0086045758642656,0.2,0.6,1.0,58,1.4989061557133836,7.6736051574985185
14,29,0.10049533617935055,0.8161796279876482,0.8328389882853476,0.27552390821596945,0.06026809234908913,0.08085887291923984,0.01808886804946614,0.02556172037703015,0.2,0.6,1.0,59,1.6072877227977638,5.947641233434132
14,30,0.0797274733919834,0.8034660805371235,0.8286717401078942,0.27999784914511916,0.04394619924264647,0.09133954990698785,0.01626469836551831,0.00583846750900248,0.2,0.6,1.0,62,1.1541839594750922,14.989347335644627
14,31,0.08728870266456282,0.8056841699362199,0.8303533180240333,0.3102991399176307,0.08721379605512397,0.08678633538368995,0.03041836075863147,0.01089685160444215,0.2,0.6,1.0,64,2.198526802266416,7.203308629551676
14,32,0.0867173370434142,0.8093519416371522,0.838328402108797,0.3275168511092263,0.05139761055391817,0.08678633538368995,0.03041836075863147,0.01089685160444215,0.2,0.6,1.0,66,1.632430755370094,8.441947305923566
14,33,0.07853052203377298,0.8100822158012646,0.847712257781884,0.34190123101783887,0.04200301701293778,0.08939403178162308,0.02168494741888668,0.0082526681917932,0.2,0.6,1.0,71,1.5786986631634763,9.72752182925868
14,34,0.0772627159469988,0.8170150840847903,0.8632389849191817,0.3772341916584824,0.04367817350525714,0.08939403181931894,0.02168494847948525,0.00825267056943603,0.2,0.6,1.0,76,1.3050745348660728,10.529816046023535
14,35,0.6581637710971733,1.4117780461137883,1.4710339274379018,1.1096121657239082,0.6210706891871104,0.0779286608523134,1.0,0.005178777330186899,0.2,0.6,1.0,120,1.565780296853787,18.88534785812241
14,36,0.6577836714953531,1.4077403992874555,1.4666792840635616,1.141245972570827,0.6481414147377742,0.0777134940249734,1.0,0.00734184823563435,0.2,0.6,1.0,122,1.7672225445688847,22.09751999469252
14,37,0.6575079027481786,1.411786682000396,1.4750460096048799,1.1650048708403986,0.6270171865842038,0.07769774937728997,1.0,0.0074687252750087595,0.2,0.6,1.0,124,1.7664728142106907,22.060754012987225
14,38,0.6582418662049963,1.3966727249194533,1.446728184418051,1.1560890713721235,0.6260380731184302,0.0797819593378343,1.0,0.008417535681534399,0.2,0.6,1.0,130,1.3626159907288973,20.031680599534862
14,39,0.6577365138416371,1.40027110644697,1.4546303407264636,1.1800737025885075,0.6295828075338274,0.07978195933783426,1.0,0.00841753568153439,0.2,0.6,1.0,132,1.5838496791786338,19.922627887452464
14,40,0.669071789773425,1.4262461266676083,1.4937082823983712,1.2228454541640463,0.6359637411835013,0.07765993810621948,1.0,0.02029752399300349,0.2,0.6,1.0,151,1.548804812288228,14.458773277847843
14,41,0.6696703213855928,1.4364197340429,1.512602012978128,1.2668380800545773,0.6374046825523957,0.0771008090854831,1.0,0.02119756350766509,0.2,0.6,1.0,156,1.5589401393926732,21.830296533658053
14,42,0.6660964590364589,1.4287361294284804,1.5045887951795982,1.2712554693198046,0.6519615925673354,0.07582856400318956,1.0,0.02017140173052526,0.2,0.6,1.0,159,1.630369415222193,16.381346614919526
14,43,0.6647317873557994,1.4317119198397892,1.5118899765686482,1.2400083753434035,0.637940253799903,0.07648244832709379,1.0,0.01899742777045483,0.2,0.6,1.0,161,1.7055318815160383,14.11637993830234
14,44,0.6622262860151903,1.424951662979142,1.5048001868328196,1.3044799048329978,0.6440752294332505,0.07548554322553096,1.0,0.018837545381514758,0.2,0.6,1.0,166,1.2749452348182926,15.238650519891896
14,45,0.661987666705354,1.4272304161365958,1.515285307404849,1.334376806520617,0.6771738031562557,0.0789224389532143,1.0,0.021023463155589207,0.2,0.6,1.0,168,1.4716294885605636,13.613896883207383
14,46,0.668085118004947,1.4305031042203185,1.5183562922122658,1.4105465414160117,0.6467941479297686,0.08164002872210821,1.0,0.027671583449385827,0.2,0.6,1.0,179,1.6066624923287192,41.21609614803618
14,47,0.6678536397265723,1.42421295197627,1.5076154851553758,1.3587757834203056,0.6470235788825609,0.07984697797688553,1.0,0.02819206309756748,0.2,0.6,1.0,183,3.27584723738914,26.799186153544508
15,0,0.7615723139278434,0.9752671304655283,0.9739939133395903,0.058695226871428835,0.0,0.0,0.0,0.0,0.2,0.6,1.0,1,17.565860363815727,64.47380944355919
15,1,0.5171326255334808,0.9559588460182483,0.9527452603613653,0.07235904044598723,0.16510192302141619,0.0908087878564817,7.271311811418e-05,0.0001776305341127,0.2,0.6,1.0,3,11.202928531728318,39.60769950847335
15,2,0.3843537655500297,0.9497441170213892,0.9447386647279185,0.09572563767597649,0.3179666776649112,0.14948375417107923,0.00251466979478372,0.015570936205701541,0.2,0.6,1.0,4,11.940140620190585,39.985762365787465
15,3,0.2658407964797524,0.9008528637929627,0.898730751170716,0.06717373838697996,0.24738696537245208,0.10356775899154748,0.00044853068391003997,0.00109571349730538,0.2,0.6,1.0,5,5.041614261767722,17.38135728583299
15,4,0.24636399528665107,0.8972876115930183,0.8900947979355187,0.08087061930878674,0.14249892237409872,0.14176522499446134,0.00129440463137832,0.00788048238894672,0.2,0.6,1.0,6,7.164133781995631,47.165255603722926
15,5,0.1773212937753291,0.8608442608032087,0.8566437537997538,0.06354831719554535,0.2313739651243412,0.10825383896067076,0.00025897589862455,0.00063681932457181,0.2,0.6,1.0,7,3.320368633153659,6.590441971113148
15,6,0.1718926559543187,0.861090266166777,0.8564590707594739,0.07364266533461636,0.09693736142833094,0.13116552958013042,0.00082386243864817,0.0043281563817027194,0.2,0.6,1.0,8,3.2132223389618204,7.837012184149425
15,7,0.15845780460338948,0.8496479952995046,0.844826826062729,0.06568166355450773,0.051855469625134966,0.11131481185436197,0.00033646456252829,0.00083862097807577,0.2,0.6,1.0,9,3.1477854452127723,1.9998336398536412
15,8,0.15266942755639387,0.8506108146216843,0.8499576748528366,0.07053065409070357,0.03847546122642107,0.11131481185436205,0.00033646456252829,0.0008386209780757599,0.2,0.6,1.0,11,2.9320355821468485,1.8167804912734464
15,9,0.19706098571737238,0.8875719076360841,0.8778719395351854,0.13038169974182656,0.12197635712837666,0.16481271194137606,0.0025575749708804,0.04149995810016979,0.2,0.6,1.0,12,4.096813497095506,42.05525335373319
15,10,0.14755668430355343,0.8435824348264622,0.8381575160914001,0.08230054890853487,0.043274209808198495,0.12634168980787278,0.00062979791549746,0.00331969988010822,0.2,0.6,1.0,13,2.646669616179383,5.358762389896127
15,11,0.14427727434667512,0.8359412618740231,0.826048502001079,0.08163843925057096,0.04243283362738819,0.1254098634230646,0.00050851003970448,0.0027242390242053,0.2,0.6,1.0,14,2.84194097313212,2.694062654673467
15,12,0.14574616906412768,0.8374323641241028,0.8275360192285344,0.09413941727146842,0.030218711598850468,0.13032571604635984,0.000523957316356,0.00329234917127956,0.2,0.6,1.0,15,2.9770064677959214,1.6487805026763729
15,13,0.14128428940558024,0.8385278291941964,0.8328956297130738,0.08942428465998435,0.04442527820428647,0.12346606098816765,0.00054085763088848,0.0029203278385282203,0.2,0.6,1.0,16,3.7070573093871726,4.290522670432771
15,14,0.13187331284821646,0.8265341153996018,0.8158917909716665,0.10155618139906694,0.12981698488751697,0.12803253060804157,0.004725207171772021,0.00482239954858774,0.2,0.6,1.0,17,2.859440449207024,4.837927929753038
15,15,0.12625202036465283,0.8261116877539457,0.8196756447595097,0.11949046679875563,0.03470933251511388,0.1133205177697616,0.00118696756027201,0.007760418472225419,0.2,0.6,1.0,24,2.5224405891509445,4.655425488902122
15,16,0.17680501310465818,0.8767612848216065,0.8702397751134471,0.1741460733713383,0.0963678956376084,0.10995953718188439,0.00378116434759253,0.05918560390964019,0.2,0.6,1.0,25,2.754557510264891,6.0394224293487895
15,17,0.3433217599111112,1.0427120092869686,1.035400636921151,0.35476552234068265,0.38418856009787034,0.09766098235654128,0.00492397628154902,0.2422533932681155,0.2,0.6,1.0,26,3.463386778611508,16.252788663476785
15,18,0.7304573518482509,1.4445833371669272,1.4503469627662164,0.7529445190034507,0.65600217529608,0.12586589481895924,1.0,0.027462015025297198,0.2,0.6,1.0,28,3.045359581987922,8.648044644787495
15,19,1.1257331731095146,1.8340912898762838,1.8352036747327998,1.1519813399884242,1.0945385308983426,0.25786109695968357,0.00153155451326525,1.0,0.2,0.6,1.0,29,3.5583769593564147,49.776762150149416
15,20,0.7621373175396877,1.4687244008823217,1.469403917779194,0.7985843632776067,0.7613928402303702,0.1373035277850619,1.0,0.06807271431923227,0.2,0.6,1.0,30,3.7868668120030495,15.752555042523602
15,21,0.7601746472738743,1.4706134708076486,1.4754628412541688,0.8069033759319453,0.7116033865475184,0.14144933928472986,1.0,0.06813472067183957,0.2,0.6,1.0,32,4.050700176226219,16.57694159941246
15,22,0.32009022749222815,1.0285585644520938,1.0330775485901944,0.3644229689223515,0.31091554518235254,0.11858639600171256,0.08560847794819365,0.1857055581238195,0.2,0.6,1.0,33,4.911352434048457,4.276194140209865
15,23,0.2684055823299848,0.9767759086884953,0.9812820140785172,0.3182589408081056,0.21099399790560677,0.12670868993500495,0.052651251175955024,0.15232201434462844,0.2,0.6,1.0,34,7.740076987082759,5.825363789391637
15,24,0.22101889042095482,0.9191114871318462,0.9185119815594124,0.277013706375669,0.28378878247872164,0.12551834667880987,0.057130138321135226,0.11138387047661005,0.2,0.6,1.0,35,4.300127016424149,4.975364639961029
15,25,0.22255612098458732,0.912789722498939,0.9075038343961291,0.28029702731986983,0.22070434581758613,0.06416568062725658,0.0223731201332638,0.14921850992688132,0.2,0.6,1.0,36,8.37663971624687,6.835610176979335
15,26,0.29012747637192093,0.9842935969988742,0.9871459069647897,0.3596960810268186,0.34091348851095926,0.12505504837565992,0.08816313880539198,0.17098942009637033,0.2,0.6,1.0,37,5.84523148265561,4.962400623773446
15,27,0.28974502666606716,0.9820461902478079,0.9847229696418732,0.363055362573243,0.2764885798841487,0.1222685684139023,0.08878077261644125,0.1723384153530926,0.2,0.6,1.0,38,6.086370342346793,3.916650325681992
15,28,0.31101722880384025,1.0051883069760066,1.0119589337217192,0.4154225548945192,0.2807329942541787,0.12286496463898783,0.10204889431532635,0.18787899650939932,0.2,0.6,1.0,44,5.149841294618611,3.8271269875604297
15,29,0.36638643638519336,1.0574339568174764,1.0639328511739645,0.48412664083750045,0.37244744279504266,0.12278910106616425,0.12278958355671463,0.23297390865246248,0.2,0.6,1.0,45,4.291436497141352,3.545095818230807
15,30,0.19400726516153674,0.8855089000092569,0.8960085961485527,0.31288575482906167,0.18965617642292473,0.11191638664732356,0.053602057900135426,0.1070223889909239,0.2,0.6,1.0,47,4.292336271652133,2.916842587696076
15,31,0.28428256358330106,0.9755008982663871,0.9859779994586273,0.40636328593239035,0.2553181527946605,0.10577445384950208,0.07370045688875926,0.18662260791810167,0.2,0.6,1.0,48,4.359219074940604,3.779223898679679
15,32,1.1469324193599595,1.8306702600716251,1.84456924677187,1.2996582242569723,1.1412548211288032,0.3876004042600533,0.07196460057835369,1.0,0.2,0.6,1.0,55,3.863574417313656,3.516071245980735
15,33,1.1529768436840113,1.8402682899942784,1.858439213904143,1.3123568827001244,1.1349593622927225,0.41279848256722157,0.07459387036644993,1.0,0.2,0.6,1.0,57,3.8696013490535615,3.7849547905554735
15,34,1.1560623823943974,1.8427310448145429,1.860857028115119,1.3187709103523404,1.137452700513881,0.4245009496956476,0.07625303392474907,1.0,0.2,0.6,1.0,58,3.811623826201674,3.896645016766135
15,35,1.163929394078961,1.8540908565730474,1.876485693347151,1.343255548632739,1.1443497329089112,0.45140406584335374,0.0813498704165443,1.0,0.2,0.6,1.0,61,3.736123306004666,3.7958450776509607
15,36,1.1758277721110424,1.8702174609439521,1.8969342471229158,1.3684130743409297,1.1590151864898284,0.4897671264687378,0.08885276048967589,1.0,0.2,0.6,1.0,62,3.625466904204294,3.762813863727005
15,37,1.162068340838939,1.8564376579813135,1.883152995516856,1.3683492933069952,1.137622531469792,0.44318177701319855,0.0814618303948938,1.0,0.2,0.6,1.0,64,3.735656271939445,3.703779874314118
15,38,1.3104328594373165,1.99594542925376,2.0220420211632986,1.5206350268100466,1.3129334209410892,0.9925594628266404,0.15088139186377114,1.0,0.2,0.6,1.0,68,4.949279917353544,4.79880990935911
15,39,1.3107852265151116,1.9925187103930433,2.0183644318573037,1.524349439714345,1.326868496114353,1.0,0.15081195491014976,1.0,0.2,0.6,1.0,69,4.871104098252102,6.129114789447893
15,40,1.3066724646287957,1.9926121334025764,2.022780094193313,1.5272522011378635,1.2951546194456252,0.971267368968266,0.1539485765381437,1.0,0.2,0.6,1.0,70,5.128253934923906,4.270606916961557
15,41,1.30785703616927,1.9931020520004026,2.023223190649399,1.5318810372431027,1.2954946088043022,0.9784756462954596,0.15387841457493062,1.0,0.2,0.6,1.0,71,5.126587392939529,4.439890305464719
15,42,1.3056446661733818,1.9927129038167228,2.0270045445613416,1.5434578251238356,1.3011213334028686,0.9712673451606516,0.15394857961805364,1.0,0.2,0.6,1.0,73,5.108947595464695,4.545993589463102
15,43,1.3067372773406525,1.99266657238587,2.0268837875355077,1.5480104853429313,1.2992982011663763,0.978475622236451,0.15387841765356952,1.0,0.2,0.6,1.0,74,5.105536454580284,4.721285140815408
15,44,1.287427069112117,1.9683177229914632,1.9981557991815933,1.5391089444437165,1.2691906852792099,0.974826058688747,0.12295212563868338,1.0,0.2,0.6,1.0,76,5.099585544087123,4.723682527996795
15,45,1.4366726551469133,2.1364033551493256,2.183671029974695,1.7346863787660975,1.4192924276555199,0.4645063897846898,0.5422626695934272,1.0,0.2,0.6,1.0,86,4.795033534631835,5.465599144037774
15,46,1.2622236798049202,1.9548652722953728,1.9976227050007145,1.5797622436802188,1.2457698368669055,0.43175890693233726,0.2632980913570406,1.0,0.2,0.6,1.0,92,3.7522206359299606,5.720561977725942
15,47,1.2624531028662043,1.9523900643969248,1.9949740397688038,1.5799120567129712,1.2745631003972544,0.4362692713097016,0.2632845094715912,1.0,0.2,0.6,1.0,93,3.759135176034232,6.051580137214716
15,48,1.262075399387514,1.9522594699891185,1.9948592401391743,1.591073460719271,1.2530136926170283,0.4489676785279109,0.25832316920662796,1.0,0.2,0.6,1.0,94,3.766171026477237,6.002515291777394
15,49,1.1893059975814055,1.876797755909482,1.9192262351005445,1.5032112437031395,1.196111406906852,0.3760578863341682,0.16240217918433084,1.0,0.2,0.6,1.0,95,5.995032602141421,6.000825032432927
15,50,1.35961108931274,2.0502754005469814,2.1010289244183147,1.7103623017304965,1.355034827300911,0.4075007123028458,0.43819970961032356,1.0,0.2,0.6,1.0,101,6.046728360727584,4.942460306027096
15,51,1.3570211979371494,2.048225598567644,2.1030803610547464,1.729924430837753,1.3529847841877025,0.4250385858767498,0.42949588303743474,1.0,0.2,0.6,1.0,105,6.130864273180372,4.899368671727926
15,52,1.3497663985814965,2.045694323394634,2.104908519561632,1.7453347719441477,1.3365475655572077,0.4161220523020221,0.42044858303285515,1.0,0.2,0.6,1.0,107,6.608970071795915,5.298482201566103
15,53,1.3493481248082788,2.0500449834819054,2.113621416997233,1.756775847556431,1.3359202457449997,0.4160334080260367,0.4198373335490156,1.0,0.2,0.6,1.0,109,6.648518281810649,5.304237151272472
15,54,1.3544411733940662,2.0550399932804813,2.118610460352255,1.7354320288320026,1.3404963413520803,0.3909744647975213,0.4367094234047677,1.0,0.2,0.6,1.0,112,6.346255644696903,5.411837364622182
15,55,1.3499728198279524,2.0543784947775805,2.12225237848822,1.7381596100979761,1.3413004674357325,0.4184938504890019,0.42044747166021257,1.0,0.2,0.6,1.0,114,6.61516155910994,5.393272838536687
15,56,1.2491943272582686,1.9470211833620796,2.010422392076454,1.6336174593739172,1.250501001974813,0.40975485842406045,0.2558976335624422,1.0,0.2,0.6,1.0,115,4.228325683743395,12.88628531478884
15,57,1.3519305839453175,2.0419405463044793,2.1048703878693154,1.779721445120558,1.3633306136762915,0.28395490440284393,0.47129036533265456,1.0,0.2,0.6,1.0,118,6.57181047043698,6.370092042407834
15,58,1.3208761052735114,2.0097599695688766,2.0726225838850367,1.7627864268026767,1.3120775818918526,0.29477988544038614,0.41622476530835445,1.0,0.2,0.6,1.0,121,6.6882610503485145,5.650812709573448
15,59,1.3185207600089444,2.0115757734421456,2.0787652926907643,1.7658766945849167,1.3134483029122024,0.31631985841331633,0.4053230911568143,1.0,0.2,0.6,1.0,122,6.364636647899237,4.984701663794344
15,60,1.3243269262836193,2.01512716012484,2.0821826583665333,1.7678704536768508,1.3329782830513546,0.37653104820117617,0.39551123165352103,1.0,0.2,0.6,1.0,123,6.491565360137128,4.73953142989493
15,61,1.3246120659019471,2.014525141419074,2.0815280630998054,1.7716651155714258,1.3210104960639786,0.37864838596991995,0.39550432049369,1.0,0.2,0.6,1.0,124,6.497407183245605,4.815764489557493
15,62,1.324487971254066,2.018501545589716,2.0898276549825483,1.7840388459822067,1.3167600371569534,0.37864838596991995,0.3955043204936898,1.0,0.2,0.6,1.0,126,6.406105205762951,5.006732007827019
15,63,1.2616547356795274,1.9471334929402446,2.0138751747083496,1.7154171921898063,1.2826832178492937,0.29400173514992023,0.3198582922072363,1.0,0.2,0.6,1.0,127,6.442547331957398,4.69607680912141
15,64,1.2898091400191336,1.9813313797513181,2.0565941160240833,1.7884875981192472,1.2862128137917006,0.29020732420160267,0.3689229068881539,1.0,0.2,0.6,1.0,132,7.11259837965021,5.102549372094346
15,65,1.2567203239355393,1.9512054040121423,2.030725470404686,1.775336859753451,1.2644269554139176,0.2709518258277116,0.32063553786340643,1.0,0.2,0.6,1.0,133,6.613845562312369,5.268521129977005
15,66,1.251426522976622,1.9498319220603146,2.033665921757467,1.8242064921938583,1.241973810041643,0.26053442908306984,0.3154918021546251,1.0,0.2,0.6,1.0,148,6.411396584999732,5.124706045145606
15,67,1.2510611672149388,1.9676169649217625,2.0688487048211046,1.8863087867241555,1.242345910378598,0.2476270408301264,0.3195277122718614,1.0,0.2,0.6,1.0,161,6.265315590019376,5.044987890575273
15,68,1.2769599480105887,1.9981503615492746,2.1037370316025195,1.9758620331035912,1.267485052820403,0.45678418898989553,0.29304404254280614,1.0,0.2,0.6,1.0,171,6.421159350199738,4.634397459218542
15,69,1.2774232836072774,1.9965737244504038,2.1020425094748365,1.9799866101398935,1.2858226301956313,0.4603736645874644,0.2930361087287575,1.0,0.2,0.6,1.0,172,6.438064754203236,4.778619016663038
15,70,1.2773439301074268,1.9964074056041567,2.1018711786149176,1.9838088729868193,1.268591316783122,0.4600382649279351,0.29303314619706156,1.0,0.2,0.6,1.0,173,6.440004255731959,4.777962458509952
15,71,1.2826569485643324,1.9913101606941264,2.0879980342731668,1.9977186054369667,1.2742729387944824,0.5160165696300926,0.2833267613301099,1.0,0.2,0.6,1.0,177,6.438385159869662,4.818377020732846
15,72,1.2823938146265652,2.005805445481076,2.1156080137452946,2.023983709330153,1.2732996627243813,0.5147432036279332,0.28332875543241814,1.0,0.2,0.6,1.0,179,6.439818108282679,4.818316738908141
15,73,1.2919366605098093,2.0081640215590717,2.113464715290804,2.0410590892151266,1.3022899489302238,0.5091603842245431,0.301532397240198,1.0,0.2,0.6,1.0,180,6.418810551075399,4.737563357337846
15,74,1.285192965689924,2.0307446236026956,2.162263745189651,2.117374302734254,1.2762064149147962,0.4746755339597985,0.30185708911105,1.0,0.2,0.6,1.0,200,6.429935384673964,4.737450960181862
16,0,0.8257579796179828,0.9828838956145335,0.982002756430668,0.06045188025945388,0.0,0.0,0.0,0.0,0.2,0.6,1.0,1,13.415851518816584,71.1332108496322
16,1,0.5196318108057838,0.9555181105971817,0.9523374185975173,0.07142549669059324,0.18959132573504914,0.08553646071100358,6.132729970514e-05,0.00015913061558032,0.2,0.6,1.0,3,11.399456311716854,37.47733359429674
16,2,0.41898887336680013,0.9832003711980777,0.9782166175960064,0.1288544429234298,0.3526777582580613,0.19255759485157556,0.00253677528376493,0.03997764714615541,0.2,0.6,1.0,4,14.235165042009791,40.06736049598877
16,3,0.1620506292576237,0.8532631977960988,0.8484266890460443,0.060673322977377826,0.6663032179092283,0.11691985230622214,0.0009489196936240899,0.00326317089330501,0.2,0.6,1.0,5,4.07224649681947,2.794063081377824
16,4,0.15020498355269818,0.8440860450800124,0.8389551739188127,0.0608607077643292,0.04601682298455226,0.11326430227124566,0.00027992965981383,0.00093674805345473,0.2,0.6,1.0,7,4.337927081037941,2.320765320074329
16,5,0.15972865305990622,0.8541660346094341,0.8489651868346032,0.07395592652894796,0.045779237158007365,0.11256244119650728,0.00224390246285606,0.01133807149850099,0.2,0.6,1.0,8,5.955769313512077,4.88172710623415
16,6,0.12940717812790709,0.827927548517898,0.8220152029742973,0.06044434900188463,0.1303808165644985,0.10844966806031948,0.00032390239917937,0.0008952963266991799,0.2,0.6,1.0,9,5.406831836269819,2.355835209623261
16,7,0.12387381236319528,0.8231365882296647,0.8169990745697008,0.0842011887790347,0.02723244081938427,0.10805901577462465,0.00024482029398973,0.0006039310957399,0.2,0.6,1.0,16,7.821262758020095,4.833298353626932
16,8,0.11848339149993001,0.828187121828385,0.8305327563947356,0.08510348699735149,0.06239612450816218,0.10928921283267327,0.00024131212232309998,0.00062870368551481,0.2,0.6,1.0,17,6.981844424941774,3.9880243515565055
16,9,0.10854828731351353,0.8134643796258568,0.8108932961065477,0.08218536310913663,0.0645163753179283,0.10738998288060701,0.00091517563767393,0.00138740958960769,0.2,0.6,1.0,19,6.93272860947376,1.4217575135293683
16,10,0.08852387813590264,0.7996008800958314,0.8045699990838538,0.10636062357669597,0.05956737126770146,0.10001861790418884,0.0011111609416594901,0.00241603498411929,0.2,0.6,1.0,24,7.138711775606093,2.223800853312793
16,11,0.08732316631995511,0.8028881858147027,0.8121435592935791,0.11599173267954309,0.027493375288664162,0.10096227798803165,0.00121583267287898,0.00219229802370513,0.2,0.6,1.0,27,7.292912641957942,2.259304129859872
16,12,0.08204794052832236,0.7902757411325515,0.7947574576172187,0.1238244235958261,0.08400237721861595,0.0990272313652536,0.00116986014255238,0.00272119277667611,0.2,0.6,1.0,28,6.087337101465138,3.1576796529980453
16,13,0.08892764466201732,0.7999334864142595,0.8084814614377626,0.1646915918293815,0.040503392633298954,0.10346226855803707,0.00349296525274395,0.011113349394819361,0.2,0.6,1.0,35,7.115486173426798,2.5450130250429144
16,14,0.08799258258350237,0.7966306744692764,0.8048711499823473,0.18700378903315837,0.06005699929468749,0.10188513420146308,0.00301574203523094,0.01438511828868753,0.2,0.6,1.0,37,5.74643331799601,1.4411909623231471
16,15,0.08460958376917557,0.7968822080032973,0.8093405845748349,0.19371572279515564,0.04656735995838891,0.10501186261834466,0.00273992725095578,0.0122455892996804,0.2,0.6,1.0,39,5.234426946576622,2.1844057155939387
16,16,0.08454572011263624,0.7954617479706673,0.8077634797987806,0.18882702571519874,0.06043127615466609,0.10229780308714147,0.00301810199686691,0.0142438246806956,0.2,0.6,1.0,40,5.680867131091432,1.3601863104372012
16,17,0.08399391875797892,0.7951514841947487,0.8113342560828405,0.20598640750224229,0.11467171312654452,0.09747406671735823,0.0037489327396516897,0.01907241630274392,0.2,0.6,1.0,41,7.5069887063375615,1.6016646128715533
16,18,0.08817002075825203,0.8009336262291534,0.8211590931180136,0.2185195669527639,0.0737040482750396,0.09068165103861338,0.0049178276646198995,0.026983825444702396,0.2,0.6,1.0,43,8.587331202769498,1.836490702275011
16,19,0.0769407599832205,0.7761214278554625,0.791216276808132,0.20412090478482373,0.15686876896455243,0.09570926215560882,0.00407783189898401,0.021331469202449722,0.2,0.6,1.0,44,7.129000288284159,1.6542574834311483
16,20,0.07271814731550631,0.7730992691985359,0.7922638328912358,0.22278621975822008,0.0634471876916513,0.09781144905111723,0.0037928226947494597,0.01900722345519961,0.2,0.6,1.0,46,8.752664232736386,1.5567145951025978
16,21,0.07228898978251662,0.7771298246169788,0.8006285584168605,0.23882551066571991,0.042653236359646386,0.09813603130809828,0.0036820839462703,0.018849833849632038,0.2,0.6,1.0,49,8.901992512845545,1.6066818619108307
16,22,0.07256622237548749,0.7600973758924624,0.7782856597005314,0.24143853198585352,0.18855461985104338,0.09763381761126654,0.011783636746174591,0.02021115342736753,0.2,0.6,1.0,50,7.800638372448715,5.684399078506219
16,23,0.07406859754225799,0.7646095543051669,0.7870314121494801,0.25288342912558587,0.05966126872198367,0.09835892251153067,0.01342449211788617,0.02135821495994997,0.2,0.6,1.0,52,8.070819707042821,6.4139967637982265
16,24,0.07005614891762094,0.7578025726201576,0.7800262115713488,0.26276114461551936,0.05361125262459321,0.09775116866589292,0.011713499091535611,0.01954986454939069,0.2,0.6,1.0,56,7.165861463275996,5.597577471270992
16,25,0.0695639472320787,0.7562511881309504,0.7784004872419776,0.2657585849508334,0.05726297191320859,0.09793441764461613,0.0117046075856622,0.01941135640841302,0.2,0.6,1.0,57,7.180004603026461,5.898495587195742
16,26,0.0694201140086947,0.7552784680127929,0.7773697906530537,0.26909491791163803,0.054975473282010176,0.09772766682790202,0.01144222645932607,0.019763396659724868,0.2,0.6,1.0,58,7.371521671483516,6.176152950686896
16,27,0.07913521323477667,0.7774946402477821,0.8004907351492221,0.2776097253874668,0.1128379689307051,0.09916173616949481,0.01341681977307727,0.02293260228374058,0.2,0.6,1.0,59,7.783408908837885,5.766401926261815
16,28,0.07908475591737396,0.7816177006046122,0.8089287473460155,0.28793484623720594,0.058642013219318334,0.09644459566522592,0.01434572544048519,0.023225382160179837,0.2,0.6,1.0,61,7.754291049241979,5.86762568375921
16,29,0.07908475591737396,0.7816177006046122,0.8089287473460155,0.29478144568099324,0.051121837718183585,0.09644459566522592,0.01434572544048519,0.023225382160179837,0.2,0.6,1.0,63,7.754291049241979,5.86762568375921
16,30,0.07823399670361726,0.7788468139341207,0.8060147654738659,0.30102243194164346,0.05431748660101883,0.09644808143392591,0.01436000255498469,0.02322483974271895,0.2,0.6,1.0,65,7.71805504388912,5.818144748119385
16,31,0.08072753172973467,0.7898884751520105,0.8216996611241556,0.30998344293740454,0.05228776076887449,0.09599146249846428,0.01599653005542426,0.02318276163387027,0.2,0.6,1.0,66,8.13890236253251,5.738236411265673
16,32,0.07033330731177098,0.7577573860132779,0.7880266138578428,0.3151389556137713,0.05056518573298692,0.09783032864304583,0.01369696582458885,0.022016829914993742,0.2,0.6,1.0,69,7.431654774982592,5.837504997685615
16,33,0.06773948271102495,0.7488329187762122,0.7786842884525061,0.3265839839901562,0.06476402978754428,0.09518221506372897,0.01163274932176402,0.02297739167258038,0.2,0.6,1.0,73,7.182214619220288,2.987163489426984
16,34,0.06775658495407143,0.7437206827951245,0.7691870054837472,0.32983884972885263,0.04941855968523757,0.09512439793433654,0.01170257791945155,0.02301270273417435,0.2,0.6,1.0,78,7.174994710655481,2.992992512412233
16,35,0.06736325731182358,0.7431235794083032,0.768576629777778,0.32944202159747493,0.049737284367842194,0.09510213720205998,0.01172875121149619,0.02266218758912126,0.2,0.6,1.0,79,7.189947234052678,3.125927871644904
16,36,0.06761803942243032,0.747834351150257,0.777628585700508,0.3401049330984468,0.056327799343886265,0.09525072491457617,0.011751611404317321,0.02300367017337672,0.2,0.6,1.0,80,7.207525218148173,3.010154855246136
16,37,0.06869236260434766,0.748528335845895,0.774248866048546,0.36549879967122356,0.0807075808326144,0.09523282054036715,0.0116918522235455,0.02286704378015616,0.2,0.6,1.0,81,7.1264382663578765,3.039718139841526
16,38,0.0684771636778258,0.7643477623882051,0.811367991527238,0.45293115603605383,0.0514303709315731,0.09681890218717625,0.01363580340915091,0.02346457251597198,0.2,0.6,1.0,98,7.738242925623246,6.195941988947546
16,39,0.06840771965218659,0.7689349927579203,0.8203097877364143,0.47201107953341986,0.053821506759473364,0.09802869364202135,0.01449209535527628,0.02271009041642863,0.2,0.6,1.0,99,7.073126106820386,6.270469410566441
16,40,0.06787928506368485,0.7621099742549473,0.8090254592100772,0.4666723657059756,0.0551496225207155,0.09649285921269153,0.013545967370784631,0.02338047789310759,0.2,0.6,1.0,102,7.744984210165537,6.251713976392147
16,41,0.06580101021815102,0.7647966625358666,0.8160737154926252,0.491181679726219,0.049210412536799815,0.09703754987886734,0.013922970785758628,0.02101021057427349,0.2,0.6,1.0,106,7.544145942566615,6.817885711798238
16,42,0.06607279191242046,0.7640036222068765,0.815213014662667,0.5132406191965424,0.05952524856184066,0.09761754215960265,0.01423936141273811,0.021225731097578422,0.2,0.6,1.0,107,7.465663865670312,6.125150034104268
16,43,0.06503099827553072,0.7722689291511545,0.8321874322409479,0.5412797356613832,0.049324409662671986,0.09468358536098723,0.013228144433103259,0.02151311109619339,0.2,0.6,1.0,113,7.688390837632862,6.498845668397671
16,44,0.0643069499361547,0.7686550001522032,0.8283913510258765,0.5513370382349536,0.057493209666350215,0.09482051385171304,0.01327098635223752,0.02138455604938,0.2,0.6,1.0,116,7.765478531325765,6.509492594788759
16,45,0.0643234945737962,0.7623493092891418,0.8176263809222877,0.565834443945193,0.05079624665481312,0.09487173154453685,0.01365083559735116,0.02146074600430552,0.2,0.6,1.0,122,7.809508868500277,6.614809246287033
17,0,0.8517726768536802,0.9852344806622022,0.9844743682403798,0.0608949092983991,0.0,0.0,0.0,0.0,0.2,0.6,1.0,1,10.272930679650049,60.40536682805915
17,1,0.5726116684438015,0.964190335081416,0.9614716988584224,0.073097799852407,0.16509611389320433,0.084061784971018,8.240493586971e-05,0.00013904284738077002,0.2,0.6,1.0,3,6.609955032025777,38.18344968870281
17,2,0.44449107456605264,0.9531663322437577,0.9490753237868633,0.0853089302301175,0.2401894293177739,0.10967561617877261,0.00252574199615922,0.00918500616774527,0.2,0.6,1.0,4,6.266799605199009,39.91020535403936
17,3,0.35903451093661404,0.9222999562751782,0.9173334800767575,0.06920514608386094,0.1511589479729466,0.0928936045249409,8.085217607863e-05,0.00014748434668707,0.2,0.6,1.0,5,4.002286685302066,20.341634589852948
17,4,0.2670538143991585,0.8931935719050069,0.8868123419724322,0.06449076970101762,0.231110920499277,0.07832748592738352,0.00064229022731327,0.00110023447638269,0.2,0.6,1.0,6,3.63203201179267,3.682400079390329
17,5,0.22795252317887357,0.8870122265687337,0.8841595431124712,0.06802095362082225,0.1579653560834997,0.09901114686668991,0.00114842970688584,0.00193775936813457,0.2,0.6,1.0,7,0.8741159469455011,8.221393354440647
17,6,0.18414652171776652,0.8582082265008925,0.8499250375986724,0.06181338307886646,0.17120750647296096,0.08481498215683572,0.00089774457744481,0.0016096195290657,0.2,0.6,1.0,8,1.6606724611499235,3.978785461711314
17,7,0.19577079560673774,0.8719238919459646,0.863520364017483,0.10259654784194358,0.04459337320388006,0.11901735223188166,0.00573925053453519,0.00791739567422124,0.2,0.6,1.0,10,2.6543884233606776,19.6182650146707
17,8,0.16939308463629815,0.849292963629692,0.8406231514779818,0.06806287148743817,0.057314453195121316,0.08231725989449977,0.0005293848650990901,0.00092483216510301,0.2,0.6,1.0,11,2.0565505254114145,3.912949081277283
17,9,0.16814598209237308,0.8484887875118051,0.8397862765590952,0.0779674302820143,0.022483762941943815,0.0806332138002489,0.00055130609522447,0.00107990160621549,0.2,0.6,1.0,12,2.081131175619632,2.743920660062792
17,10,0.15635762689516775,0.8464757439648039,0.8417451706555236,0.07468229441778704,0.07904952443048902,0.08486811256725312,0.00058983773442895,0.00104370018752075,0.2,0.6,1.0,13,1.4422378929211448,5.937657138610438
17,11,0.15001167537227977,0.8418143633727891,0.8318982230836572,0.11034498556718664,0.09587343468712814,0.11747694724001805,0.0056628494908767205,0.007544649092354571,0.2,0.6,1.0,15,1.622011967838446,16.49269461073607
17,12,0.14269992751279212,0.8361383676347005,0.8258872565917438,0.11787462610718703,0.0859210576801016,0.11283644203047637,0.00605667002038213,0.00906819222304934,0.2,0.6,1.0,16,1.645387666883707,14.152095225990408
17,13,0.13860406656968488,0.8337102165597308,0.8226500115876574,0.14126352424485886,0.08934556355123219,0.09891329490073353,0.01223541388133061,0.02143357198677926,0.2,0.6,1.0,19,2.300607867894273,15.231725348668633
17,14,0.639336696497131,1.3487292011211278,1.3512412500938253,0.6414050623660086,0.5579270369009244,0.08013297033784714,0.086151730949507,0.4722227302735069,0.2,0.6,1.0,24,2.311666358218498,122.83970219792124
17,15,0.6724608217403367,1.3781241172952161,1.3864456701355434,0.6541213193098696,0.5550034035068743,0.08239966017961618,0.08579151403717308,0.4685316928997894,0.2,0.6,1.0,26,2.3399037070393995,108.33693736711072
17,16,0.3356258967243485,1.0442364923191259,1.045425114397539,0.3836502004079201,0.2675962514875787,0.09462293870184205,0.10829705900342279,0.17725323915313632,0.2,0.6,1.0,32,1.3139931985821338,1.927313867931631
17,17,0.2094708886042284,0.9144962152418158,0.9121113424870751,0.2393819914368192,0.14011056576294542,0.10123300907612659,0.04311132147378853,0.07471560517054275,0.2,0.6,1.0,37,4.780163287164554,25.25223352295149
17,18,0.2051565213593004,0.9148790270323764,0.9165539197373218,0.24867702196315555,0.16027790888627913,0.09535862502326095,0.044309061261475505,0.07669527564330546,0.2,0.6,1.0,39,4.5432554906504805,24.771138371247496
17,19,0.19035354551942962,0.8987958981543125,0.8999329594261543,0.26492399382534826,0.13266261944394775,0.09465718317379535,0.04217061847546915,0.07248305289428253,0.2,0.6,1.0,42,3.9831478908618583,22.90907873989729
17,20,0.19348073628839077,0.9071272972487697,0.9127170061347575,0.27951762831571036,0.12237971781987096,0.09438143674580268,0.04272642108967688,0.07404458123074578,0.2,0.6,1.0,44,4.063365168224405,23.2445659715074
17,21,0.20178847910050612,0.9096017370738841,0.9105668797696377,0.29273859350701004,0.14547957119912705,0.10599636929108851,0.04289320414721337,0.08392732753075784,0.2,0.6,1.0,46,4.105699697922083,19.535165140621565
17,22,0.21157740004690276,0.9252153550976858,0.9308020909851722,0.31243537945930433,0.15138333812697896,0.09869444634624103,0.044017620974791935,0.09055372424148347,0.2,0.6,1.0,49,4.719150728712921,19.532828896901854
17,23,0.21149763442851804,0.9249917260559255,0.9305331719043047,0.3128973807746878,0.1385222890338748,0.10208558223078712,0.04393816229222617,0.09057968690869864,0.2,0.6,1.0,51,4.640418313708138,19.41848733442688
17,24,0.2415694085651211,0.9589234484345528,0.9707208599213776,0.33378878048260663,0.20075471074807666,0.08642284301149437,0.06036829572012052,0.0762640579128261,0.2,0.6,1.0,52,3.8811734424063,12.254050792972842
17,25,0.24990299612991196,0.9707793528781175,0.9872023220043842,0.36280643382412264,0.1348870576527169,0.08669166895971853,0.05607297151194943,0.08079338392040208,0.2,0.6,1.0,57,3.9256838745178806,12.135686871347335
17,26,0.24716836003204018,0.9681216090860921,0.9845324996898813,0.36676195839789555,0.1294203207593241,0.10036457791204163,0.06083762633229202,0.0727767993252841,0.2,0.6,1.0,59,3.904669054217445,13.599095480670266
17,27,0.23687941976456522,0.9652372709319579,0.9855222478179049,0.376775379748071,0.17271461304750066,0.08687413296869811,0.05932605148832705,0.07824546625755663,0.2,0.6,1.0,60,3.94584659325118,11.743553545708924
17,28,0.2684109617674477,1.007383399589778,1.0361776878577804,0.4299195472485262,0.18052860338671659,0.10613733895252776,0.0753680683216079,0.10162371005546256,0.2,0.6,1.0,64,5.066816969528994,9.725221080419036
17,29,0.2846083009974664,1.0284188373335619,1.0616287569045704,0.46255295482910286,0.2238179622057333,0.10755372672990535,0.08043537527320105,0.11356302379242256,0.2,0.6,1.0,65,6.338660442562031,11.707280100459986
17,30,0.2792307869805668,1.0120723687858602,1.0368486012079294,0.4404965868871927,0.17861447378837797,0.10560448639957828,0.08127839533212847,0.1009217875371093,0.2,0.6,1.0,66,5.95845355650224,14.998438175480423
17,31,0.27226476937469457,1.0014922355072744,1.021475701830365,0.44376012713435153,0.18723715301320698,0.11095391112801305,0.07790754630146704,0.10439243353763417,0.2,0.6,1.0,69,6.154585608353562,8.920874918106877
17,32,0.2674695002955403,1.001623371907254,1.0259895235049994,0.4561988871389544,0.16948825646602855,0.1104473266571326,0.07564168652906628,0.10085217185984527,0.2,0.6,1.0,71,5.932124309760659,8.481769527866398
17,33,0.3049485880403705,1.038630639874727,1.0631765230778563,0.49713653503585414,0.20836038374173665,0.1099884406347765,0.08818394022963547,0.12693499370491207,0.2,0.6,1.0,73,8.485876656384933,14.895305482371104
17,34,0.3135141322817316,1.0557746029496522,1.0894027607245003,0.5305123662816049,0.21441990789728485,0.1122925356887747,0.08832656474478197,0.1271125872349806,0.2,0.6,1.0,77,9.975592009643885,14.377593836472071
17,35,0.1566180196425549,0.8710815321682284,0.911295915074717,0.4882694780845447,0.13281618764724196,0.10409964030258237,0.03024803600714729,0.09097483423478854,0.2,0.6,1.0,92,4.032973561742271,6.844443825037901
17,36,0.15661802062359165,0.8710815145924057,0.9112958643533452,0.502326814761142,0.1299440702774485,0.10409964385852569,0.03024803612918629,0.09097483474596343,0.2,0.6,1.0,94,4.032973574854314,6.844445506582322
17,37,0.15665974302266428,0.8433669909636795,0.8614955129267398,0.4655081317733916,0.15810372624190183,0.10396764035150732,0.029234385621097047,0.09290424067832048,0.2,0.6,1.0,95,3.667218218902025,19.136954907988265
17,38,0.16518784945440504,0.8554957936073577,0.8779011112488451,0.4962413071177517,0.1474108118330468,0.10717118603542078,0.02820665193789913,0.10193416125794633,0.2,0.6,1.0,97,3.769788487172483,19.72437486625353
17,39,0.14784881572353106,0.8179151988972067,0.8348976530886679,0.4740128219044869,0.28809110807545757,0.10536630800673416,0.03264637635292667,0.08738825474814663,0.2,0.6,1.0,98,3.868943836682036,15.873861270762507
17,40,0.1460759973873329,0.8208914573480767,0.8422339882034809,0.4777257867232585,0.12699612005976862,0.10600421667224488,0.03303854367518693,0.08530906634003757,0.2,0.6,1.0,100,3.8721473815908993,15.705845850989238
17,41,0.1666848034987587,0.834668763780599,0.8515139387552978,0.4961715882704287,0.16814955338611845,0.11246914918171058,0.0328202866453092,0.10528375622371071,0.2,0.6,1.0,101,3.977225376647766,16.07541663134902
17,42,0.20792021573551733,0.9340255672225528,0.9711703782820398,0.6428582960012873,0.17265811085068772,0.11218792581484639,0.030920379367970603,0.13152206206104666,0.2,0.6,1.0,127,1.8552911241858536,12.020167639386916
17,43,0.20791235428211002,0.9290313126835266,0.961799565657925,0.6433895813130586,0.1725961627636295,0.11218808690305254,0.030907860701853602,0.13154802357330292,0.2,0.6,1.0,129,1.855588341935024,12.022293264138316
17,44,0.199476639449864,0.9245399688557728,0.9615956605689813,0.652073700304238,0.17571901749732555,0.11662183603516715,0.03756960824711411,0.11889112437616464,0.2,0.6,1.0,132,1.9143835571696048,13.125216752277908
17,45,0.16343141644538192,0.8632209836158552,0.9145486538319949,0.7343617774678631,0.15151229252666018,0.09687004411898889,0.039199130978758503,0.1033193249598938,0.2,0.6,1.0,143,1.3999253050934308,3.829513773868039
17,46,0.16426306413516056,0.8524701498005596,0.8990055927548405,0.7283111445514292,0.17703832912813855,0.10689823651128336,0.03562305677771853,0.10579556503997371,0.2,0.6,1.0,145,1.645736565839419,6.261699085521613
17,47,0.16488819815037387,0.8582572625346078,0.9091793130633948,0.7500942219554447,0.14957786192029796,0.1086544848787534,0.03582977179891695,0.10589946559246818,0.2,0.6,1.0,147,1.6270271285801794,6.478785070052607
17,48,0.16645683661669236,0.8542288279662725,0.9088736232389812,0.7574967208527753,0.25598381264386016,0.09744213295119356,0.03697095091698346,0.11111633630983767,0.2,0.6,1.0,148,1.2248759932116018,4.330551263931744
17,49,0.16614601170316318,0.8570946119340742,0.9160054343948452,0.7893047332094141,0.16189861502368702,0.09744213295119353,0.03697095091698349,0.11111633630983771,0.2,0.6,1.0,150,1.2753722578024078,4.367665445974534
17,50,0.1660863563534075,0.8616421876259773,0.9249055620678698,0.8067970170659349,0.15523714105302971,0.09744213295119356,0.03697095091698348,0.11111633630983767,0.2,0.6,1.0,152,1.3249810392082866,4.405359195297771
17,51,0.720773298610588,1.4210837134495686,1.4927841759764882,1.525397847845482,0.7095427731821781,0.10311364734563366,1.0,0.08771941200862192,0.2,0.6,1.0,198,1.1063894326240258,7.351765357910237
18,0,0.805153373178903,0.9802226871634331,0.979204582153101,0.05979102570541122,0.0,0.0,0.0,0.0,0.2,0.6,1.0,1,17.084092021201727,54.35002478818318
18,1,0.5489152577588154,0.959117469151663,0.9562113168422682,0.07086364611258725,0.15833119161239864,0.07692629688429728,7.101201924499e-05,0.00014195266897027,0.2,0.6,1.0,3,9.789346840761857,35.39276204032257
18,2,0.41896913050481105,0.9566973311185679,0.9521677301499188,0.09547539310692853,0.29020194584100134,0.14486657638357697,0.0025398439374314597,0.014188547797020959,0.2,0.6,1.0,4,9.9924696897499,39.94336462344948
18,3,0.18845559783311527,0.8663583583901636,0.8625140453767931,0.05875078262188519,0.5787640647283457,0.09148892624655264,0.00105437260375777,0.0021076855268146,0.2,0.6,1.0,5,1.7298420753793509,5.923150934885385
18,4,0.1844465747248217,0.8642924699229746,0.8603313194467551,0.06336044916065162,0.03007452957758204,0.09884584864832431,0.0005603604310327901,0.00113618238328652,0.2,0.6,1.0,7,2.594701894534728,3.404420383186262
18,5,0.1653186100617788,0.8534899677525097,0.8489325155281998,0.06549937977496025,0.06711580521088341,0.10579814208484983,0.00030739273899211,0.00067857534856287,0.2,0.6,1.0,9,1.8429943872015715,1.910268907674376
18,6,0.16490371844822876,0.8532338481751871,0.8486629206737824,0.06908634693516723,0.024065976218311986,0.10567878695758294,0.00031874247258745003,0.0007012634088812599,0.2,0.6,1.0,10,1.883983019665906,1.8461488527045813
18,7,0.16457948852781876,0.8580755387139143,0.8578590611858481,0.07299290486355435,0.02512087213325446,0.10672801997720133,0.00033268242663969997,0.0007418215290082399,0.2,0.6,1.0,11,1.9722188573009931,1.6802239088908888
18,8,0.15987273903474647,0.8453814020450535,0.8362599860816031,0.07716796346834906,0.03493193480288759,0.10724069084721423,0.00027879335547984,0.0009515028023270901,0.2,0.6,1.0,13,2.840629049108074,2.045891469207424
18,9,0.1576646692633593,0.8486579698391213,0.8438432660978741,0.08533472145772243,0.03148435500581894,0.10639075656663856,0.00031565391401336,0.0007202093758375,0.2,0.6,1.0,14,2.009417003359849,1.495031738029508
18,10,0.15576323338662526,0.847536856716569,0.8426449117333736,0.09151925419282393,0.0343352148874391,0.10724069084721419,0.00027879335547983,0.0009515028023270901,0.2,0.6,1.0,15,3.169080545304053,2.0020042288269804
18,11,0.14744573579510317,0.836631169616174,0.8270961982381244,0.07912378227098793,0.0625838314330375,0.10436714096725233,0.00035191163440631004,0.00076574397105299,0.2,0.6,1.0,16,1.689836262422699,1.576025504422702
18,12,0.14312903568641408,0.8341118881810804,0.8243287947610785,0.08496340868911094,0.06167886740837062,0.11190559149525342,0.00043702971263756,0.00150855415898685,0.2,0.6,1.0,17,2.8044884735184588,0.9380670520140076
18,13,0.13344112652702422,0.8313209694650175,0.8255602177025269,0.09170160943069959,0.049749994734758066,0.10544214420117257,0.00056289181754751,0.0018019826559463599,0.2,0.6,1.0,19,1.972826491979195,1.5562638625472922
18,14,0.12813004108765164,0.8368433953101805,0.8395949737727939,0.12991918928707624,0.02782500771235294,0.10339580063155526,0.0008562570150506699,0.0022088212207696,0.2,0.6,1.0,27,1.995709170984924,1.504166405767695
18,15,0.12298779619256536,0.8401208146924877,0.8471870209632413,0.11532261591386964,0.03847002821759775,0.08090914056774226,0.00331519910310245,0.00469799426176642,0.2,0.6,1.0,29,1.937681552609457,7.115746108511354
18,16,0.0986833189575867,0.8121823836445339,0.8177040295020792,0.11763136417123495,0.13088874977470683,0.07734644788888446,0.0035894330027181503,0.00731123454099592,0.2,0.6,1.0,31,0.7587819735856874,15.384798188991525
18,17,0.08535677092090882,0.7945780229497375,0.7992186070383722,0.11333012817949632,0.15701786221031222,0.08255323991702804,0.00551166247692364,0.00462752728512661,0.2,0.6,1.0,32,1.3944168252582203,20.763014078206133
18,18,0.08472274250895986,0.7932999857136602,0.7978380265853967,0.12761776343864165,0.030330129944216327,0.08542178583352358,0.00554226088243435,0.00474939347184943,0.2,0.6,1.0,35,1.7956937080206383,17.212882849065355
18,19,0.07963351096037898,0.7907254309553376,0.7992850149622807,0.11140558222854278,0.07763733379166546,0.0823854966854438,0.00543764941688524,0.00472804139503835,0.2,0.6,1.0,36,1.4566519914467944,18.182812703303547
18,20,0.06554026834164349,0.7638367063643413,0.7667009188679249,0.13823093637269976,0.09589141188168337,0.0731674016172128,0.01042925941024444,0.0073193437818296,0.2,0.6,1.0,40,0.7505646683926855,8.924715133596957
18,21,0.06982479241606525,0.7736671581053453,0.7891647037552868,0.15263999689376606,0.03540390490873733,0.07863139717205073,0.00980654591126298,0.01103313714132327,0.2,0.6,1.0,41,0.46384554177741,16.01758672047994
18,22,0.05273837734355984,0.717354744752261,0.7178260964050567,0.1307502400722037,0.31655984921096864,0.0731674016172128,0.01042925941024444,0.0073193437818296,0.2,0.6,1.0,42,0.1975237319454353,10.67466334514701
18,23,0.05269693260108154,0.7171474025349514,0.7176069701841556,0.12762800283216869,0.029122651552277248,0.07319529609567986,0.01043934366512218,0.00732924457257179,0.2,0.6,1.0,44,0.1991759847453745,10.59958021307546
18,24,0.055569047726899606,0.7099687790476324,0.7097338649583809,0.12322322897113608,0.1395724136846755,0.06986117421866182,0.00893353798947505,0.0152116278653241,0.2,0.6,1.0,45,0.1822485603138293,3.485861570727619
18,25,0.05401764853809861,0.7041532121188213,0.7036271777378164,0.13272513113704343,0.05810024147341038,0.06345722850565168,0.01561549018218283,0.01232259103294879,0.2,0.6,1.0,47,0.2620365690310035,4.490841831998571
18,26,0.05047788212144472,0.6726003539686068,0.670311945672145,0.11635227797916156,0.3011769955501082,0.06461532369340095,0.015354377512046541,0.01492944350145842,0.2,0.6,1.0,48,0.056614839046194,1.6843812464384027
18,27,0.04819988649775138,0.6698346776768107,0.6675178709062314,0.11397396460019879,0.036500240308627765,0.06561202777891167,0.014497775595191689,0.013029744083763981,0.2,0.6,1.0,50,0.0258266395411006,1.73038367953717
18,28,0.04819947516429807,0.6698319224509965,0.6675149839650134,0.11397333154353188,0.034861532346244326,0.06561202777891167,0.01449777559519172,0.013029744083763981,0.2,0.6,1.0,52,0.0257976870712257,1.7300949064617448
18,29,0.047661249898310706,0.6715444648819603,0.6734379106443011,0.1370399048886525,0.042983985942376804,0.06335521092309152,0.014528000712289199,0.013390590837597399,0.2,0.6,1.0,55,0.0314106104446696,1.643570975114002
18,30,0.047581300994186684,0.6710032669525723,0.6728689704091985,0.14257084126091024,0.03897297985224758,0.06354591607800118,0.014508802142072461,0.01336179509421884,0.2,0.6,1.0,56,0.0293795967748477,1.5852069296054965
18,31,0.045048996140573096,0.6645340736532983,0.6661640353594152,0.13967802682519753,0.0685715757446778,0.06539378647452926,0.013284510617893281,0.0118371747971727,0.2,0.6,1.0,57,0.0449149341381718,1.6183429539376113
18,32,0.047229768626071346,0.6628786883086825,0.6642808040141591,0.13271862341204663,0.07007860209791003,0.06597448598733245,0.01473118198889797,0.013623133834333079,0.2,0.6,1.0,58,0.023842665977723,2.2356211156207246
18,33,0.06085469820811905,0.6163446983700774,0.6143371589120209,0.14339892745731708,0.5710433833023575,0.06563876630401505,0.04633078835596076,0.0144303126220202,0.2,0.6,1.0,59,0.0313713986620143,1.4707342487973023
18,34,0.06079546753099978,0.6153756986612257,0.6133182767299384,0.1431762336359509,0.05910859480959542,0.06563876630401505,0.04633078835596076,0.0144303126220202,0.2,0.6,1.0,61,0.0291013454366732,1.4434631362555552
18,35,0.06137196911106408,0.6107892644111053,0.6084489284892464,0.14291450779162168,0.0781317815719473,0.06525033365271082,0.04667745629626123,0.01520925832391779,0.2,0.6,1.0,63,0.0301275190326293,1.3304112269306652
18,36,0.06137197562292409,0.6107892182157046,0.608448879088572,0.1429145065984129,0.05626647450399947,0.0652503292954329,0.046677460155113135,0.01520926729889085,0.2,0.6,1.0,66,0.0301275254731025,1.3304103681686643
18,37,0.05385757399806699,0.5961642591729551,0.5934366399685134,0.13730275061426822,0.06861173443975709,0.06525147724474731,0.03484069106909043,0.015209180410691811,0.2,0.6,1.0,69,0.0309609969354679,1.3258417850147208
18,38,0.046526475541400124,0.5870978129877206,0.5883811813666636,0.13759929816432653,0.04820353272601007,0.06529461709190698,0.02318768265511533,0.01521429226804942,0.2,0.6,1.0,78,0.0319856909310199,1.6168814137453922
18,39,0.048208709968479604,0.5867525132223077,0.5879262020860497,0.1445944052063582,0.060580594663549606,0.06529638761053314,0.0261611791352021,0.01521492451460692,0.2,0.6,1.0,79,0.0320435516616262,2.1235157072939077
18,40,0.04812880263036051,0.5850423388980381,0.5861279992251638,0.1442014756273235,0.04726622283357154,0.06529638761053314,0.0261611791352021,0.01521492451460692,0.2,0.6,1.0,83,0.0296758780658131,2.1170156693733864
18,41,0.06581743343213978,0.5994983711895064,0.6086239981900312,0.185928789403849,0.07560809548748387,0.06268035280199871,0.02901892770729188,0.03230651856253864,0.2,0.6,1.0,91,0.0894535746055352,205.82830953902493
18,42,0.06322526812307891,0.5926341746757003,0.6015309344798481,0.19217133883134122,0.07713694308471239,0.06248506569081867,0.02636513871280612,0.03151939371504512,0.2,0.6,1.0,93,0.064008750631551,194.9069395846149
18,43,0.06100498839120628,0.5868773590740283,0.595584995221677,0.19241278349033253,0.08634999013935324,0.06267396344526353,0.0228830765190996,0.03148773320228167,0.2,0.6,1.0,94,0.0670495632655057,194.721861399922
18,44,0.0681652649140935,0.5804385811418973,0.5966431444541276,0.17138465444408446,0.10348010625168803,0.0761056345365468,0.026492715956291428,0.03457284611360506,0.2,0.6,1.0,99,0.0298492924371777,229.9945908794431
18,45,0.06816526696118047,0.5804386471918311,0.59664321727787,0.17138466824013848,0.06569106493930615,0.0761056345365468,0.026492715956291428,0.034572846113605046,0.2,0.6,1.0,101,0.0298492660362415,229.9945584347583
18,46,0.0682896993734996,0.5791409701198262,0.595270247987232,0.17703953423638916,0.07723222761135978,0.0765920614346743,0.02657070277807889,0.0345935975124527,0.2,0.6,1.0,102,0.0303697726832978,232.505777905238
18,47,0.079329059732974,0.5951498351137732,0.6156524412795833,0.232067591925419,0.07782980089325457,0.06786784668714228,0.03951717687226751,0.03962916716760967,0.2,0.6,1.0,108,0.0186881527216076,198.56220730580532
18,48,0.0663187613483824,0.5621576131869895,0.5816067231418874,0.1845788849015238,0.21856702688971008,0.07585107020952746,0.02836999174749167,0.032193126831497235,0.2,0.6,1.0,109,0.0460992422569655,193.9985602299912
18,49,0.06659933590962643,0.558241414627263,0.5774698320570241,0.23448637234895736,0.07136879398103156,0.06977635410867014,0.02715628486283732,0.034507104325398455,0.2,0.6,1.0,114,0.0249622140783305,200.5771331752881
18,50,0.06580609144776176,0.5568205544548394,0.5760159638662657,0.24726558847994454,0.06567835447359761,0.06931949982431171,0.026290966939936638,0.03433797134337365,0.2,0.6,1.0,117,0.0269812480735735,200.8996654430975
18,51,0.09209033282019265,0.5705267133385954,0.5849481668228016,0.24803759270534642,0.15142256141123756,0.06912873286685774,0.06782087573440679,0.03589691619990193,0.2,0.6,1.0,118,0.0216376381210072,204.9293494823221
18,52,0.09208596263501331,0.569149147997384,0.5876124437115662,0.2535429650609447,0.11529180879583291,0.06918128854636467,0.06779740851299978,0.03601190258697341,0.2,0.6,1.0,120,0.0206033232010146,204.74874320892783
18,53,0.07773604093020225,0.5517296824548159,0.5700321865825082,0.2416267427202802,0.0802839019915331,0.0692805299196591,0.04307695712804059,0.036528304360671136,0.2,0.6,1.0,126,0.0254284986780167,202.86564995245536
18,54,0.10597960332363943,0.5861082187670971,0.6129601271870078,0.29980543917039065,0.11230232415420496,0.06853151553247037,0.08559528108767436,0.03947679253368911,0.2,0.6,1.0,130,0.0129515569610437,204.63724603657087
18,55,0.10596631174403855,0.5823592618545117,0.6090158659644113,0.29898599819719746,0.13309784406442848,0.06855365034852136,0.0855887961673766,0.03952111345629715,0.2,0.6,1.0,131,0.0183812751875652,203.4289458149185
18,56,0.10593724657716982,0.5804411812097313,0.6069990436278921,0.2985454568739652,0.11928593212937783,0.0685536503485213,0.08558879616737661,0.039521113456297094,0.2,0.6,1.0,132,0.0144910253388278,203.9730276801444
18,57,1.0596568622327514,1.5466966620589826,1.586253528030551,1.2979701471191156,1.0609408942548355,0.06850377848566018,0.07439858494516564,1.0,0.2,0.6,1.0,139,0.0089034009611238,203.95948768171547
18,58,1.0596068261040954,1.5461302497980438,1.589774925010853,1.3074252846647938,1.0799468759673234,0.06825270838512819,0.074531755632873,1.0,0.2,0.6,1.0,141,0.0085404844385472,203.74823452551016
18,59,1.0600334440828891,1.5455530953325622,1.5891453571481235,1.3294842334736394,1.061488555623556,0.07028824964121494,0.07458810912127531,1.0,0.2,0.6,1.0,144,0.009594128805599,204.094341501506
18,60,1.0599763238240556,1.546714042506785,1.594484885900201,1.328630827274961,1.0881218118305966,0.07028740769852701,0.07457787955369514,1.0,0.2,0.6,1.0,145,0.0100148930923698,204.38703147662767
18,61,1.0600017474779142,1.5461985236052571,1.5939411454190324,1.3285465826190719,1.0631208856678744,0.07011327378558632,0.07469036959590233,1.0,0.2,0.6,1.0,146,0.0094692533656193,203.90894631547184
18,62,1.0494010955767004,1.53479996895872,1.5825009739865528,1.3393552508412658,1.0545220688042172,0.06853910724920774,0.05756490362253889,1.0,0.2,0.6,1.0,147,0.007594259217598,204.29760176632504
18,63,1.0496168569430835,1.5215676194882577,1.5603369775002118,1.3353857101764008,1.0555163801631828,0.06895497945027004,0.057862381990879855,1.0,0.2,0.6,1.0,151,0.0108279018574784,203.7339893631759
18,64,1.049532807736551,1.5180069085296974,1.556595072265929,1.3494247755767246,1.0621717555724917,0.06882708931617725,0.05783681300777608,1.0,0.2,0.6,1.0,153,0.0107152647574046,203.7971112272417
18,65,1.048992179205391,1.5232023062846722,1.5703201991508733,1.377831636709461,1.056166623219689,0.06871170332773299,0.057056514627965016,1.0,0.2,0.6,1.0,157,0.1019893061060765,204.4743633576228
18,66,1.0492606877122994,1.5218959782632262,1.5730475400786448,1.387959790480379,1.073980760926255,0.06890948150009282,0.05755941692954353,1.0,0.2,0.6,1.0,159,0.0733073763812086,204.3563534881457
18,67,1.0490501378399386,1.5210727036049199,1.5721923835276959,1.3913803981700983,1.0530170872243352,0.06889804031876973,0.05722345096683903,1.0,0.2,0.6,1.0,160,0.0267668690127706,209.85899649527371
18,68,1.0492112462792922,1.515246472315297,1.566054753899498,1.3865068930425115,1.0718419736454952,0.06943369484761258,0.057416187171071706,1.0,0.2,0.6,1.0,162,0.024860887173445,204.9518442692205
18,69,1.0491815137117357,1.5255166897362296,1.5892084098894856,1.404470005892702,1.066199316900209,0.06905691316776034,0.05756574770500337,1.0,0.2,0.6,1.0,164,0.0179034008914147,203.6466079613569
18,70,1.049127700516678,1.5127946927148193,1.5675959444893932,1.4076078742495792,1.0556181823229858,0.06948664556109457,0.05737605413942224,1.0,0.2,0.6,1.0,167,0.0332514712663908,204.0540833434437
18,71,1.049105438294451,1.5114859240096516,1.5662203487033404,1.4148704256521505,1.058343853474097,0.06944160951778543,0.05737332919438024,1.0,0.2,0.6,1.0,168,0.0260847377035873,203.99282238844364
18,72,1.0491127898514534,1.5125106678530496,1.571414170371229,1.4179715675825615,1.0792415634644632,0.06930956304625736,0.057487495800953484,1.0,0.2,0.6,1.0,169,0.0311152293124322,203.80730109501204
18,73,1.0491133937324961,1.5163402287455114,1.5795588480836749,1.4139102993651274,1.0571142682517056,0.06908009919149631,0.05758092850321955,1.0,0.2,0.6,1.0,170,0.0288572499169852,203.65072205706704
18,74,1.0491128501164528,1.5158739388576123,1.5790683743608285,1.4176280193319744,1.0520253430518927,0.06914719545134775,0.05756426224857798,1.0,0.2,0.6,1.0,171,0.0293378416272941,203.67800742943805
18,75,1.0492115648318434,1.514362317425039,1.577473110235203,1.4479580044158018,1.0619575797415204,0.06968885368224445,0.05757226193119982,1.0,0.2,0.6,1.0,172,0.0311621347535724,203.92441149936923
18,76,1.0491351148682595,1.5113152816661035,1.5742719459614412,1.428122588864972,1.0709175426406239,0.06933787640514369,0.05760091820538691,1.0,0.2,0.6,1.0,173,0.0304607918928221,203.60786960226903
18,77,1.0491492858780738,1.503183182406763,1.5616006871649224,1.4389018845238253,1.0735682124191062,0.06964515967383891,0.0575642521613526,1.0,0.2,0.6,1.0,174,0.0269201334985151,203.6333480074494
18,78,1.0491481170803936,1.5029929084546079,1.5614006021804707,1.438857186355088,1.0492056525572382,0.06964064852206354,0.05756623845003479,1.0,0.2,0.6,1.0,176,0.0266743074383412,203.64375518603853
18,79,1.0491532027545873,1.502769127069186,1.5611649494645272,1.4426302936739224,1.0502691261862613,0.06969012741385433,0.057561171399530806,1.0,0.2,0.6,1.0,177,0.0304708871404122,203.6785153303793
18,80,1.0491062985349882,1.5025708388444792,1.5609588078179244,1.4387354493296376,1.0486273901452041,0.06961124050594786,0.057511247454157,1.0,0.2,0.6,1.0,183,0.025618979911133,203.8942755156827
18,81,1.0492134582242245,1.5105720283652784,1.5776025732952375,1.480919662810385,1.0537804654722311,0.06957975957083605,0.05772574823920877,1.0,0.2,0.6,1.0,186,0.025166437495651,205.16661825121096
19,0,0.8087175774112751,0.9806157408843731,0.9796178568914109,0.059875557273032655,0.0,0.0,0.0,0.0,0.2,0.6,1.0,1,13.55170903525616,63.19245175523916
19,1,0.5414944295249436,0.958542775851442,0.9555653228633287,0.0713689943224736,0.16606323396954004,0.0809736431008867,7.494626834343e-05,0.00014021361873113,0.2,0.6,1.0,3,9.54073577996797,39.69805492166792
19,2,0.4275897075462704,0.9484147656229587,0.9441468847505297,0.08323362955528014,0.22648187954637014,0.11303705033672731,0.00113569988446774,0.00803083134416476,0.2,0.6,1.0,4,7.536440847962854,10.778671465630191
19,3,0.1783331684449782,0.8612952146492485,0.8571318369290823,0.058518467804963545,0.6677263819577448,0.09696808219343961,0.00090016210287101,0.00223932495150464,0.2,0.6,1.0,5,3.721091929612188,8.176629285110511
19,4,0.18911046426571665,0.874218988706229,0.8699651553580279,0.07975522862475473,0.04270226152226705,0.10861637717522465,0.0023778603451645097,0.01370340962314448,0.2,0.6,1.0,8,3.888737088635106,6.468226755079995
19,5,0.14405376291861455,0.8337102424124972,0.824114587053458,0.05674711079620905,0.16272674885612737,0.09639489266720154,0.00029856702349288,0.00065028338547714,0.2,0.6,1.0,9,3.5265372213506816,2.519457840487072
19,6,0.1439641137791664,0.8385928044977367,0.8333669995805045,0.06658510646627669,0.020359128723845335,0.09639489266720154,0.00029856702349288,0.00065028338547714,0.2,0.6,1.0,11,3.5223072739652266,2.4696622806836706
19,7,0.14537944564993419,0.8356242225652315,0.8259492436594706,0.07982997908055753,0.03507889450455968,0.09806900928322845,0.0006049348858002,0.0035873004405097496,0.2,0.6,1.0,12,4.429496094936816,2.050894552284686
19,8,0.13311498796706506,0.8263372319795406,0.8161385189729374,0.07250369951139665,0.10364605293875659,0.10187876784818506,0.00065332982908306,0.00368282265194162,0.2,0.6,1.0,13,3.8857244998638,7.502920256213062
19,9,0.12329225077011718,0.8178197234389704,0.8072227929559054,0.08077462737911574,0.08388521630491212,0.09766544571330733,0.0006798811541436301,0.0037275140592408695,0.2,0.6,1.0,14,4.532940847830278,5.940228020419854
19,10,0.16495261806664419,0.8599476186438806,0.849067399159284,0.12067664537582878,0.11414269144071496,0.11227477958654297,0.00604154448420488,0.045219674012820996,0.2,0.6,1.0,15,7.08162434361235,27.74880440884209
19,11,0.1537796725311299,0.8487505168409367,0.8373777859576097,0.12825302806480604,0.1441663042557147,0.10798735159173807,0.00608163388450158,0.04442271433770048,0.2,0.6,1.0,16,7.621600392326702,24.71603882544184
19,12,0.1530779774458061,0.8527774897208248,0.8456189502950058,0.13684089453715598,0.08386898878431129,0.1096294218078886,0.00632603110598672,0.046115612273299564,0.2,0.6,1.0,18,7.419416924315478,24.498533923072948
19,13,0.12443422300700752,0.817328381840748,0.8051544789148077,0.12075221393205089,0.150891823692695,0.10858298942909438,0.00406587080717815,0.02965393472756256,0.2,0.6,1.0,19,8.25047388512965,24.111601017305617
19,14,0.12430505481146789,0.8171773578258643,0.8049980046764575,0.12330248448440298,0.054589936183166765,0.10839801293816578,0.00406234500412468,0.029647965586673968,0.2,0.6,1.0,20,8.217124021555925,24.157305866933733
19,15,0.1230473523421039,0.8205615742713306,0.8126812637645746,0.12767060099103078,0.0648822941600923,0.10748552074000411,0.00409333481266236,0.02968868412522923,0.2,0.6,1.0,21,8.57106330935535,23.57618162134368
19,16,0.12281280761140409,0.8202929727970089,0.8124031957302728,0.12755118430258539,0.055055992119277905,0.10692279321734971,0.0041080478773315296,0.029707758818255943,0.2,0.6,1.0,22,8.745269658526144,23.308263395552736
19,17,0.11463081195054853,0.8040138598824801,0.7911536421463142,0.1309160253394912,0.14405385246806335,0.10890592816665048,0.00403802598125619,0.029623371389879298,0.2,0.6,1.0,23,8.072601584965104,21.517557856323883
19,18,0.105839786228701,0.792256582547249,0.7789584839861187,0.1336419559045872,0.06713158288542029,0.10571480705548084,0.00361100311736078,0.02726649909721914,0.2,0.6,1.0,27,8.975943510790616,21.28771948290086
19,19,0.10661803881230492,0.7978876832570871,0.7889498652825045,0.1454152168572168,0.05248931944432503,0.10461313519412387,0.00385752546054351,0.02827313448808023,0.2,0.6,1.0,29,8.87872532143541,26.41785101071907
19,20,0.12952395614332,0.8200006636261415,0.8109576131853635,0.1660864820089305,0.09158955269318497,0.11300113323371765,0.0073291168508573205,0.04866982474067317,0.2,0.6,1.0,30,10.748199736752428,24.975336598281142
19,21,0.10553518900666202,0.7890911939191552,0.7754280187661337,0.1464763824887994,0.09183452282678045,0.10851134214652768,0.00422091545604142,0.03026761857924833,0.2,0.6,1.0,31,9.964801330375058,24.417977208239108
19,22,0.10546439070582628,0.7939144620351613,0.7846180759637217,0.1550088616674551,0.05498351414935619,0.10851134214652776,0.00422091545604142,0.03026761857924829,0.2,0.6,1.0,33,10.06568385207388,24.61896026061854
19,23,0.12147285968540632,0.8086498926098055,0.7992034888240528,0.17131035152936075,0.09484354550449749,0.11212822511119677,0.007095120584699489,0.04546938579593418,0.2,0.6,1.0,34,10.664463833139433,22.90852715546334
19,24,0.10880326533705698,0.7895203176289123,0.7755300059062619,0.15848186012110044,0.08711242128178286,0.10482405405193006,0.0059194171072949,0.03676980080060744,0.2,0.6,1.0,35,7.88293568166149,24.2709460764819
19,25,0.0919377119618757,0.7769271894524746,0.7672363001028017,0.151141376550023,0.05075042840842312,0.11303848984199595,0.005283882429898671,0.01940047606126407,0.2,0.6,1.0,37,9.656663697283616,5.548037347377054
19,26,0.2944327323218439,0.9671444383659397,0.9523471798630576,0.34885971340736244,0.3654715934900923,0.20423841765499595,0.0092101401642922,0.2082119438529928,0.2,0.6,1.0,38,38.77815741438621,1.0297881509124558
19,27,0.2956488971807406,0.9595890403271857,0.944023167190417,0.3824444502610834,0.28523700999440804,0.20787848972918474,0.01009986071216293,0.21432498468644487,0.2,0.6,1.0,43,42.93076872226123,2.456281826353499
19,28,0.29159483073737447,0.9545208367337505,0.9428496645957334,0.3895490087880018,0.2973478323000909,0.20178163053274284,0.010307987246028511,0.2146985515614747,0.2,0.6,1.0,45,44.352881800228985,1.5774824304910988
19,29,0.29890344707498484,0.9539925170129788,0.937724030284389,0.4005844432781185,0.2871502511687989,0.206934752663078,0.01120743859147942,0.22190137137044957,0.2,0.6,1.0,47,45.67908631046323,1.97925260064542
19,30,0.2997400946794771,0.9584046796661576,0.946406474253791,0.4119537416455925,0.27908169156674073,0.2063797437338804,0.01133976458176803,0.2233966900373638,0.2,0.6,1.0,49,45.59911478156213,1.0054137381142818
19,31,0.3032971943185057,0.9529837025393118,0.9363114000637796,0.41616480084953195,0.29984356088331904,0.20889488212632457,0.01234979988181458,0.22765918550860526,0.2,0.6,1.0,51,50.983956250420455,2.624924253156895
19,32,0.30461490479450937,0.9587399124601168,0.9464048892258548,0.4282410849249675,0.28083351072258617,0.20834069836304006,0.01248955994720201,0.22919238371026998,0.2,0.6,1.0,53,50.91753900111011,1.6668146168947673
19,33,0.3026193989853574,0.9500731085699028,0.9332397047501972,0.43138039674092266,0.29601643264073935,0.20794681913952465,0.01239222499516824,0.22804230816523158,0.2,0.6,1.0,54,51.15636259907264,1.4595817328673166
19,34,0.311906025025422,0.961215826734881,0.9485346620861583,0.44680023628973764,0.2986726433861306,0.21349517345655938,0.01351521751398511,0.23674598605443084,0.2,0.6,1.0,57,53.05613029730579,2.632402256370715
19,35,0.32062086145763397,0.9651168894962321,0.9480667676392296,0.45499258687880123,0.29705780656806147,0.21247819488797967,0.01487098370550011,0.2449024682740623,0.2,0.6,1.0,59,55.42839871667624,2.2540274040692805
19,36,0.31976262583621673,0.9647014652930626,0.9517143200552142,0.4847644885796727,0.30338473772048946,0.21490251054546702,0.0148951510490837,0.24506610611116142,0.2,0.6,1.0,66,56.38860069778674,2.213198357049757
19,37,0.32103141015889314,0.9705646244386714,0.9619262707849945,0.49522573035252504,0.30204960787048857,0.21374048736061985,0.015037247195260919,0.246602529368954,0.2,0.6,1.0,67,56.14513556699685,1.1830793656657006
19,38,0.3203444504090541,0.9698193946316288,0.9611770068628414,0.5057470584012342,0.2978612408154034,0.2137742224699499,0.014972810531865218,0.24596775734519585,0.2,0.6,1.0,71,56.172614554179376,1.6063397886398516
19,39,0.32088405255320995,0.9703316728900286,0.9616874145355581,0.5174857735962365,0.2985286428424424,0.21371296578945984,0.015025954339832389,0.2464966715043299,0.2,0.6,1.0,72,56.151652222735926,1.2539667648439734
19,40,0.3379491795202255,0.9800531189907185,0.966871275050377,0.5118331853884981,0.3285518933500742,0.22243351115768423,0.01765969475251459,0.2610349092937157,0.2,0.6,1.0,74,64.29569260997624,2.660555093482757
19,41,0.33755891346021594,0.9794981796474527,0.9663049504823432,0.5379577969609798,0.3162318331778549,0.22115537104639585,0.0176496899704899,0.26096267940639384,0.2,0.6,1.0,78,63.8698987583723,2.648875490858281
19,42,0.33911686444563455,0.984892471582291,0.9759970638076954,0.5470512592299264,0.32901677382854205,0.2212293218501834,0.01782579687310895,0.26275304352496454,0.2,0.6,1.0,79,64.06328040201362,1.3688384677165013
19,43,0.26765726631372283,0.9126232526223522,0.9036730500235209,0.4784129322226762,0.2547783768163425,0.20118464627135613,0.01550303608084944,0.19695068817679853,0.2,0.6,1.0,80,39.24133667897229,1.3111383711133613
19,44,0.0513529361421464,0.7096981192666882,0.7137690078345023,0.2898883050915197,0.04550839225975847,0.1031087323727693,0.007433639843831689,0.00555264786810933,0.2,0.6,1.0,81,8.549296624359517,5.973653097194986
19,45,0.04926568025779203,0.6924835310882276,0.6915123314178736,0.28238096147370606,0.1325205634096407,0.1016073986989071,0.0080560491176112,0.00620583569158527,0.2,0.6,1.0,82,9.381626217018017,7.582771867810758
19,46,0.050391729188403636,0.6923687640469882,0.6913177987463417,0.2896597040993819,0.044862050568176035,0.10592272055590625,0.00808315071411715,0.00676153897009567,0.2,0.6,1.0,83,9.581006029305186,7.908748352707946
19,47,0.050300555227229926,0.697066315441579,0.7003783506985659,0.3013668530182075,0.033511990094648475,0.10594622620688052,0.00803536999836205,0.00673327481725586,0.2,0.6,1.0,85,9.565483945543322,7.740036544394355
19,48,0.05025956417868063,0.6959822465445265,0.6992275038864877,0.30760528149715866,0.04305320092693188,0.10660425177776141,0.00801481130104727,0.006826949140725,0.2,0.6,1.0,86,9.566601931168584,7.690394784893104
19,49,0.050364463945755854,0.6839573827200005,0.6823757646155559,0.3016560603091024,0.10331195567753612,0.10651527274430644,0.007965797106955901,0.00861007625405027,0.2,0.6,1.0,87,9.972388169776414,7.63413375248752
19,50,0.05029995870273892,0.688723799844274,0.6915080893222237,0.3136376119962347,0.03520101551987079,0.10654086855559461,0.00791985118062798,0.00859279002444218,0.2,0.6,1.0,89,9.955472971289478,7.480043756634325
19,51,0.050307401888494516,0.6884192258310963,0.6911840269562791,0.316784400374816,0.03767401819032169,0.10708081326106657,0.0079020026890371,0.008569364543557851,0.2,0.6,1.0,90,9.940998187283498,7.29605151483329
19,52,0.04835798825949699,0.6811847088276739,0.6795551922260823,0.34638151141622003,0.03366188722408266,0.10487554726430177,0.00718989488555772,0.0075611171882155395,0.2,0.6,1.0,94,8.73788867255126,12.509614400710095
19,53,0.05227483182926762,0.679039022084284,0.6770347690497438,0.3656834997026809,0.0663051336589772,0.10219365961939665,0.0088955439206858,0.01220795161064623,0.2,0.6,1.0,96,10.23566159348092,11.551243700770057
19,54,0.04925275486337881,0.6906625245736542,0.7017657944939207,0.35240046084651805,0.03589364820227545,0.10377432019621109,0.0080539479079207,0.009411543926186181,0.2,0.6,1.0,98,9.294846575607838,5.45606192485253
19,55,0.049230924385682745,0.6954730167453028,0.7109424183118777,0.3765861870797243,0.035529928557839624,0.1037743201962111,0.00805394790792072,0.009411543926186181,0.2,0.6,1.0,100,9.258695376910604,5.458880836812044
19,56,0.04631183802129189,0.692109663267959,0.7075518552026135,0.3803888716864242,0.03629166257855266,0.10555052853700538,0.00502365241112491,0.00803988410675304,0.2,0.6,1.0,101,9.718797780304604,3.915331735120131
19,57,0.06794064272805493,0.7579818058739565,0.8127653211462856,0.545162247666523,0.05396882059796808,0.1098353789583357,0.00981808135367527,0.025987690986489898,0.2,0.6,1.0,122,8.2411751848669,1.9170412619617143
19,58,0.0638091307285765,0.7469777984921292,0.7972705650157481,0.5335425341404634,0.0679384765085667,0.11275965930617741,0.00816292533576936,0.02262310565213878,0.2,0.6,1.0,123,8.12761607521705,1.9800740014174376
19,59,0.06726803343170115,0.7498801171228611,0.8001390726886862,0.5389814276237462,0.058712160018848485,0.11355673594538712,0.009089992646398,0.025466701211230854,0.2,0.6,1.0,124,8.444650016042852,1.3970920951033172
19,60,0.06432889049221943,0.7505417247331604,0.8050921760111022,0.5426793166372971,0.06322652242288862,0.10909611259234005,0.00874705232997257,0.02386521848832776,0.2,0.6,1.0,125,8.237248347344142,1.1826057187431136
19,61,0.06478731647367288,0.7430781047680673,0.7930757161582997,0.5451324459800223,0.0790968921735672,0.10856841892844632,0.00826967627849292,0.02523097015751204,0.2,0.6,1.0,126,8.436202209994137,2.782416968849488
19,62,0.06407165632032791,0.7469041800776743,0.8012503964257418,0.5570050099930709,0.05320024781557358,0.10833377803213153,0.00816416584034141,0.02469739781104697,0.2,0.6,1.0,128,8.119284735533972,1.3422467512844125
19,63,0.06404502587715563,0.7466404740143124,0.800972616611808,0.5643634793082154,0.05322191100591262,0.10837133732573226,0.008163764986308029,0.0246994802638364,0.2,0.6,1.0,129,8.165122460695915,1.4389964694494044
19,64,0.06345474903020513,0.7491732180702757,0.8077691167390985,0.5725133732576503,0.06754041021864188,0.1076087530482637,0.00830946514859123,0.02447584718006476,0.2,0.6,1.0,130,8.07661074609016,1.5456270195381634
19,65,0.06345474899129161,0.7541202448581822,0.8170893073307468,0.5888910555564684,0.050983363355460526,0.1076087530251731,0.00830946516027976,0.02447584714484956,0.2,0.6,1.0,133,8.076610743706567,1.5456270175239282
19,66,0.06329687691640509,0.7289471325782687,0.7700336207767801,0.44045123662829566,0.05340747013252885,0.10754056125190316,0.0083765854601028,0.02433691793169122,0.2,0.6,1.0,134,8.045481582894178,1.5597476425973844
19,67,0.06224081514019578,0.7568476169838518,0.8241297259410734,0.6001859369519785,0.05648043881592865,0.10690153667435222,0.00857564326282019,0.0234060879894054,0.2,0.6,1.0,135,7.678898301469912,1.4945879355590217
19,68,0.07026108278906248,0.7569012027918472,0.827794582225861,0.5930215577249701,0.11745320213810342,0.11201388435997713,0.01098388519603183,0.03084455031216727,0.2,0.6,1.0,137,10.207322393606042,2.8526858226255505
19,69,0.0702477140693364,0.761733321598996,0.8369939374548488,0.6134747494888366,0.0602832039926471,0.11201388435997714,0.010983885196031811,0.03084455031216728,0.2,0.6,1.0,139,10.20272566246694,2.8396136336744986
19,70,0.07021361176349535,0.7663872563601886,0.8460059274022462,0.6227413096409798,0.06097387200374328,0.11201388425465715,0.010983885274799331,0.030844550090269752,0.2,0.6,1.0,141,10.187494976097314,2.795871507212825
19,71,0.07019525772599639,0.7711765181959405,0.8551602619533227,0.6432825351990739,0.0604510802673549,0.11201388425465715,0.010983885274799331,0.03084455009026984,0.2,0.6,1.0,143,10.158947878482314,2.711966630324555
19,72,0.06664274385774069,0.7656546989102261,0.8536109174600058,0.667193818938402,0.06388542686083168,0.10643769876721791,0.011832297365471669,0.0287655011089523,0.2,0.6,1.0,152,10.069821950996088,2.8825097461801024
19,73,0.0714301042043275,0.778373309811888,0.8749629107468107,0.7671652254823415,0.0631197362393149,0.10327806341101751,0.01028559336784557,0.035343884700612435,0.2,0.6,1.0,170,6.170827726103107,4.917028896655708
19,74,0.07239327204803794,0.777726996003407,0.87831478675864,0.7850550895931973,0.12056884342194343,0.10466837001117922,0.01009342019476187,0.03687186772287336,0.2,0.6,1.0,171,6.90094173146663,2.8936951230107257
19,75,0.06894467542685678,0.7689785245304812,0.8692656008335183,0.7885589877854431,0.07611587077413029,0.10412820972207462,0.0094847209570796,0.03443853804700513,0.2,0.6,1.0,174,6.760647021317418,3.0734765623063858
19,76,0.06834130162225738,0.7780303627779395,0.8870502025032353,0.8236897632441684,0.06071544254931981,0.10369984293922252,0.009460325867689209,0.033958992836373894,0.2,0.6,1.0,180,6.840386704261916,3.0304487181495445
19,77,0.07323438053545445,0.7511209490727692,0.8378769524798771,0.8019145796209832,0.08604523036817929,0.10492546799267899,0.01231888279926736,0.03755619327771672,0.2,0.6,1.0,183,5.563504368925923,7.674293703546049
19,78,0.0744128084711437,0.7399885684805848,0.8260585978026468,0.8086608038044063,0.11996208373833221,0.11200080632700837,0.0102023185610187,0.03960430962251919,0.2,0.6,1.0,185,5.574476591983967,6.100810722718398
19,79,0.07145937911184355,0.7348236982579905,0.8207713880690103,0.805360270799163,0.08380059822667643,0.1123593988484235,0.00946148909587648,0.03718896883192576,0.2,0.6,1.0,186,5.707942163384196,9.4051008637852
19,80,0.07126819942990134,0.7390335646529246,0.8293242379878609,0.8235886140024994,0.06973265309321736,0.11055622188812836,0.010871405232402171,0.0365525457440753,0.2,0.6,1.0,187,5.5519023858927685,8.009870006874623
19,81,0.06540010307630753,0.7278966349144937,0.8178968506572089,0.816847259893971,0.10361329637638339,0.11281920248715654,0.00977898943144046,0.03126088404480961,0.2,0.6,1.0,188,5.687409659833147,8.960787636987002
19,82,0.07763828424649186,0.7316996990416568,0.8212374358031123,0.8541455586316309,0.08997944984415718,0.11893723628890038,0.00947694110670906,0.04300531914104047,0.2,0.6,1.0,192,6.347752691112539,8.84240227367069
20,0,0.6514681900282024,0.9613620719237734,0.9593730385542676,0.05562643060581451,0.0,0.0,0.0,0.0,0.2,0.6,1.0,1,27.31098640208588,67.46751847813917
20,1,0.42838762154911314,0.935564832031267,0.9314949820946752,0.06492914383048431,0.17196611927290237,0.07235157992750686,6.972532309563999e-05,0.00011105487766212,0.2,0.6,1.0,3,18.66860232288292,42.9479407296578
20,2,0.3985856893474162,0.9325945019776366,0.9281245011433267,0.07047836222806689,0.07997252705352827,0.08638232600552606,0.00049028940768234,0.0018550688647845201,0.2,0.6,1.0,4,9.25584230628716,11.495777720334448
20,3,0.2643460185292991,0.8920653406543682,0.8856431720467244,0.05946429839382427,0.31243687834922257,0.08102805947607125,0.00027890129238258,0.00044421951064850995,0.2,0.6,1.0,5,12.52610215440179,25.844124222923995
20,4,0.2532186642877723,0.8905748517998603,0.8838682824062393,0.06538321029528074,0.06467350593896036,0.08828362121808978,0.00077929020039988,0.00272812243308438,0.2,0.6,1.0,6,7.208762531404495,3.295943497168637
20,5,0.14816881287509753,0.8360450450263485,0.8266649039868724,0.050592956910321875,0.4213404018416135,0.08440191575126356,0.0006275279078608,0.00099949389895911,0.2,0.6,1.0,7,9.378649890156222,10.701507280248132
20,6,0.10522471286412424,0.8002643471925303,0.7889687044245383,0.04620880146316382,0.1645297140904042,0.08619644482018272,0.00111560516953032,0.00177687804259402,0.2,0.6,1.0,9,8.845645358805822,5.515754028855585
20,7,0.10440100260898917,0.8043375824632923,0.7973581468976081,0.05473111434768418,0.024224310157262938,0.08640046899313655,0.0012030307444221599,0.0019161249631258301,0.2,0.6,1.0,11,9.075314445606033,5.312818078614462
20,8,0.0969377575055922,0.7911305014703566,0.7793446042743845,0.05654482361022139,0.05284014219470499,0.0904744003808418,0.00090672854480252,0.0014361674669361,0.2,0.6,1.0,13,8.10231569278867,3.6894846843380784
20,9,0.08396081241014082,0.7778838337931211,0.7693316960031678,0.06681137650893058,0.19632826614600613,0.10168411804272572,0.00193337592615388,0.00251783611519203,0.2,0.6,1.0,14,12.882706679512026,2.8298967103181107
20,10,0.08072876770151707,0.7778683033594016,0.7734313306122683,0.07248260092483383,0.04357181817183382,0.1010796287923684,0.00201078463206739,0.00264112868643499,0.2,0.6,1.0,16,12.840870341732089,2.7449606277459258
20,11,0.07924961075970832,0.7695895943538538,0.7605289646092759,0.07529645349211261,0.044539409377548626,0.10623083901520387,0.00203256706635981,0.00313222234105487,0.2,0.6,1.0,18,11.999580741721692,1.6947235307569524
20,12,0.07667326806117349,0.7703987591380174,0.7655152968593605,0.08136652898137871,0.040087482678279045,0.10446659219235331,0.0020857119236007303,0.00312255417322895,0.2,0.6,1.0,20,11.819191413008967,1.9001301171903
20,13,0.07602569453114368,0.7625898686245202,0.7530734022261251,0.08427922521582418,0.047100974976919646,0.1106805504425131,0.0022718075418752997,0.00395362643689895,0.2,0.6,1.0,22,11.38936421938516,1.0261236165699192
20,14,0.0735679641201677,0.763232151286313,0.7578850054035389,0.09081445435551865,0.04252160531224969,0.10889205606448663,0.00232183294957415,0.00393631606054504,0.2,0.6,1.0,24,11.28045253869814,1.114911657115104
20,15,0.07169977737561115,0.7599301236494393,0.754431333366651,0.1002256963415931,0.03821761694519466,0.10810383334710932,0.00253143305454192,0.0036119433419217204,0.2,0.6,1.0,26,10.244614323101116,1.0798792836828952
20,16,0.07044709892766482,0.7585312386750862,0.7530172826292705,0.10157056011800164,0.027943051256737735,0.10526563649791426,0.00234204462668694,0.0031891210848254805,0.2,0.6,1.0,27,9.989305496989212,1.2289061149874254
20,17,0.07092130923815809,0.7678534255636786,0.7709786477465917,0.1083944206097396,0.04336047840712946,0.10787523444447537,0.00243667129047238,0.00411969780455294,0.2,0.6,1.0,28,11.89213024212057,1.271355867902462
20,18,0.06655007812826072,0.7512146806273272,0.7453589916276467,0.11029867672433466,0.04270647249042207,0.10406162796891318,0.0020349000214087702,0.00293563212026487,0.2,0.6,1.0,30,12.141381806387123,1.9054065699827425
20,19,0.06933560457818469,0.7536379134201177,0.7477473592449686,0.11243483481669522,0.03334454757010781,0.11021381065708125,0.00275285943819797,0.0043752118187142,0.2,0.6,1.0,31,9.700302885830654,0.923976032025999
20,20,0.06915929683420503,0.7581066708169313,0.7565603727632629,0.12106406072329813,0.030337081265282062,0.10920987447765296,0.00288958069339871,0.0045769892158569105,0.2,0.6,1.0,33,9.84006880093724,0.8772768328136925
20,21,0.06405490679796463,0.743198523266084,0.7368335053261904,0.12046478186400458,0.09423232558877243,0.10828432649786247,0.00235669861023903,0.00377602276984546,0.2,0.6,1.0,34,11.75660975154392,1.0553132229200195
20,22,0.06293187132391567,0.741540316857798,0.7351281347215503,0.1221383670452995,0.03323525579590087,0.10625707400114882,0.00222928250896821,0.00351573474782308,0.2,0.6,1.0,35,11.554100571116372,1.2008945494998065
20,23,0.06295256513152615,0.7373579813804824,0.7305864858998153,0.13124935340382957,0.047015444275551946,0.11242281581020365,0.00277186342260901,0.00475442533274685,0.2,0.6,1.0,38,11.644747112154498,0.6717931412314311
20,24,0.061503787722808,0.7347596849693817,0.7278929734304651,0.1327105082309115,0.042552064124664835,0.11041588530496835,0.00265078183961317,0.00447973196440587,0.2,0.6,1.0,39,11.456006652363849,0.7404976131927026
20,25,0.061954032383822175,0.7398158745563354,0.7372942880611858,0.14632572273226627,0.033053099335182745,0.1124122696430121,0.00272054985017721,0.0046924614258623005,0.2,0.6,1.0,40,12.036295664895736,0.6688308976089244
20,26,0.060882359835178826,0.7311423307471112,0.724032805869281,0.14062436488495494,0.04549204234088233,0.10839343087545121,0.0033016453438025105,0.005593146148082919,0.2,0.6,1.0,42,13.832533684265996,1.1382479767340796
20,27,0.05948198154918609,0.728566300090768,0.7213634238732013,0.1420790083133774,0.04260630801386041,0.1063266649200443,0.0031802812442347796,0.00531656541365064,0.2,0.6,1.0,43,13.629791979470646,1.307260274162276
20,28,0.05955541191827563,0.7516999311247226,0.7662315805063948,0.19503643959264405,0.039366682622914505,0.10284133023620702,0.00389965171125135,0.006530713819855901,0.2,0.6,1.0,45,14.125726666263532,2.8543499215738324
20,29,0.06015756474283658,0.7243841395151893,0.7168056677413536,0.15143644946809132,0.06855070333342231,0.1125324552170127,0.0038566599284426,0.00678359720941316,0.2,0.6,1.0,46,13.96461190733475,0.5723845661266578
20,30,0.06013152225105886,0.7292499060458082,0.7260404205108602,0.16140366737386785,0.031920282893770024,0.1125324552170127,0.0038566599284426102,0.00678359720941317,0.2,0.6,1.0,48,14.05539117760098,0.5753195945868972
20,31,0.061098837672310946,0.721187177360809,0.7132998985872573,0.16338571222948875,0.0574395541463385,0.11795346213176026,0.00450504073662241,0.00811206018406423,0.2,0.6,1.0,50,14.369599545857312,0.4730944208933718
20,32,0.057683338342835996,0.7464435734732207,0.7647212421158462,0.21691745348753394,0.042611657466660895,0.10910209098606573,0.00417258192903297,0.00709397081824205,0.2,0.6,1.0,51,14.162880592038883,1.793015401557612
20,33,0.05924522794360536,0.7212213963206785,0.7174846476660091,0.17492235497126066,0.045056110275513546,0.11686674172582023,0.00439634567360467,0.00780666875699471,0.2,0.6,1.0,53,14.283249330676682,0.4894925722450294
20,34,0.05584303453049979,0.7466958704387919,0.7691401772406173,0.22846479000579353,0.03949210387651903,0.10713820150887811,0.00402955713170259,0.00688955575079154,0.2,0.6,1.0,54,13.58042983598169,1.8832865863552184
20,35,0.06066392551241234,0.7433384980433361,0.7611801851720466,0.23349614374163066,0.07148309987818335,0.12223319727934265,0.0050285995128288696,0.00931809933266891,0.2,0.6,1.0,55,17.29246828946978,1.46588238029742
20,36,0.05796755861071458,0.7379521654177538,0.755606000822055,0.24403512028869606,0.04214565994040878,0.11735016253320153,0.00501663190301329,0.00856447338486022,0.2,0.6,1.0,59,13.849349437168543,0.8613794388701713
20,37,0.057936641112560486,0.7427390479314602,0.7647570965614753,0.2542268854094047,0.03573522580211475,0.1175408716024537,0.00500186077886607,0.0085490065929632,0.2,0.6,1.0,61,13.797751626720576,0.8162762545879889
20,38,0.06548101224808153,0.7156475974922929,0.707053063951247,0.19996985689999114,0.04267891938105703,0.12992857571968572,0.00688869267904776,0.012486067854929141,0.2,0.6,1.0,62,18.419171624209536,0.4837831226687104
20,39,0.05732743451225871,0.7336063283425807,0.7550459307802073,0.26382556054543466,0.08086791874439637,0.11210371793458813,0.00766844820763588,0.01014012342140401,0.2,0.6,1.0,64,13.020863276467455,1.2813528854588017
20,40,0.06953076198738771,0.7445493425420465,0.7659048196273054,0.33456135373529833,0.05136017901742488,0.10212739698669761,0.010496299956683431,0.02301584161136895,0.2,0.6,1.0,72,13.143532811019178,1.7696867284968518
20,43,0.06280631316560749,0.724730192291376,0.7493032790127301,0.3590697972409678,0.06708884863658252,0.10245801914847276,0.00853809046272791,0.02180555471165474,0.2,0.6,1.0,80,11.387189567414376,2.028030307843908
20,49,0.0687776347401241,0.7211193320519541,0.7532559374632,0.47492728305607357,0.05909739152177153,0.09972361895115726,0.012202976444408679,0.02962492687354228,0.2,0.6,1.0,102,13.189279860940104,0.932705022962696
20,50,0.06873536862824367,0.7210441499480894,0.7531787944826126,0.48199599357702766,0.05714153393071497,0.0997316755645746,0.01221754946831448,0.029577377780348513,0.2,0.6,1.0,103,13.213742862742327,0.9245605699290796
20,51,0.05699620710539602,0.7127023666836446,0.7531990696697789,0.4660579591955181,0.05783000029778386,0.10026904928424328,0.00777858600087448,0.02136193595522928,0.2,0.6,1.0,108,14.6524154394432,1.4549564325858864
20,52,0.05663894848996594,0.7109725326761904,0.7513889917838125,0.46909418143173875,0.05778413272042858,0.09951062817237975,0.00786576223475116,0.02129009846290315,0.2,0.6,1.0,109,14.750246443680991,1.4210801833802782
20,53,0.05649935406065122,0.7134029111540083,0.7580541765608582,0.48462707359467705,0.06656827246311986,0.10026904928424332,0.00777858600087448,0.021361935955229262,0.2,0.6,1.0,110,14.240219796608146,1.3754800691477045
20,54,0.05950287314896984,0.7163743803135114,0.7610236924630374,0.48404229626793144,0.049267503732450896,0.10298460481956596,0.00870034334345081,0.02327500129290371,0.2,0.6,1.0,113,13.84904006799681,1.0439219221049312
20,55,0.059199878654678004,0.7147881938707396,0.7593628615020173,0.49077011180648494,0.06009556943365056,0.10231966483985844,0.00870417367974805,0.023269659250206128,0.2,0.6,1.0,114,14.26197296921163,1.0390918699747818
20,56,0.056810206457178256,0.7277888760080765,0.7896012517767553,0.6156317163182924,0.04865368219414621,0.10321559852321183,0.01271325501507169,0.018849796153751562,0.2,0.6,1.0,138,15.259653947759071,2.5139591023737213
20,57,0.05641123422439715,0.7168955278093244,0.7781062802356441,0.6248734520835385,0.0939532248836594,0.10313082338930273,0.013384767489217238,0.01925705942347735,0.2,0.6,1.0,140,15.655880316715104,1.430310396264889
20,58,0.05528963730587862,0.7373044884779094,0.8201990442606558,0.886202585814162,0.04767497960275514,0.10848067561777683,0.009593167990822481,0.01967153763919547,0.2,0.6,1.0,191,16.01611169894804,0.6064872870484846
21,0,0.8678842909487146,0.9869031284494578,0.9862288742549578,0.06126323521789517,0.0,0.0,0.0,0.0,0.2,0.6,1.0,1,8.616573502199536,66.47925740208714
21,1,0.5783926960487993,0.9644730905564155,0.9618080771263703,0.072569647347896,0.16677544303966774,0.08026333899871055,8.513350093257e-05,0.00013765790648506002,0.2,0.6,1.0,3,6.257010185070181,44.07147586462433
21,2,0.18361773302725753,0.864825749578268,0.8607787021672487,0.060287804402083284,0.458629160488701,0.10422182713406437,0.0010978057213681899,0.00194082438267984,0.2,0.6,1.0,5,2.5652502671742434,4.512894401754209
21,3,0.16644058653342092,0.8540042806759637,0.8494977656279167,0.06133375831958804,0.056300488417058064,0.10317876676496013,0.00038776615691362,0.0006791112754047999,0.2,0.6,1.0,7,2.451383985932752,2.983510754232916
21,4,0.16065723547160626,0.8451840113890157,0.8361395269098298,0.05987643687780652,0.03332346207157669,0.10058620621486142,0.00033101886647071,0.00055951103286651,0.2,0.6,1.0,9,2.216975316644564,2.595408038830626
21,5,0.16065618756647385,0.8501303588389938,0.8454590153053536,0.0655832476997274,0.020878073580623102,0.10058620621486133,0.00033101886647071997,0.00055951103286651,0.2,0.6,1.0,11,2.2203364329636197,2.599403507748229
21,6,0.15185568821863246,0.8451006422643867,0.8400455794228401,0.07252771928861654,0.08132857579565927,0.10624535090135152,0.00065096369297416,0.00165975253719709,0.2,0.6,1.0,12,2.7169728289827404,3.3151312335999066
21,7,0.15185568825643006,0.8500476690851136,0.849365796055788,0.07881780234897909,0.023299564633451404,0.10624535090135152,0.00065096369297416,0.00165975253719712,0.2,0.6,1.0,14,2.7169740164861595,3.3151305766990333
21,8,0.1438292876810272,0.8345661521763919,0.8248199957232594,0.08485653969500027,0.07197745640947444,0.11567303030195496,0.00029071580799361,0.0005796277394826399,0.2,0.6,1.0,15,3.4736161508051064,2.490047764462032
21,9,0.14382927945819698,0.8345661521763919,0.8248199957232594,0.08485653969500027,0.023888838743486886,0.11567303030195496,0.00029071580799361,0.0005796277394826399,0.2,0.6,1.0,17,3.4736136431296547,2.490046434478844
21,10,0.13345375124055184,0.8266016485917335,0.8164198946470408,0.0946310285417064,0.057322347681665886,0.1176656058953948,0.0003449378211055,0.00064556301763911,0.2,0.6,1.0,19,3.0467265783460227,2.784179742481771
21,11,0.1334537503450435,0.8266016485917335,0.8164198946470408,0.09463102802110061,0.024385824996164766,0.1176656058953948,0.0003449378211055,0.00064556301763911,0.2,0.6,1.0,21,3.046730093316273,2.7841816253569247
21,12,0.12369388529038451,0.8324909576518593,0.8352176303785468,0.10967024088597803,0.03549046821884619,0.08550437928491825,0.0010529157404770401,0.0018006487693273201,0.2,0.6,1.0,23,3.182288650683048,1.805421748341005
21,13,0.1283533893339257,0.8272605333092623,0.8212396851141246,0.09355731906043732,0.02440164354065008,0.11622205991000073,0.00040044806719815,0.00073532115259043,0.2,0.6,1.0,24,2.9418584769002383,2.2900874476904645
21,14,0.1171726798810621,0.8218759410292569,0.8198825317808205,0.10940205112348346,0.0728857484131899,0.08825923172498631,0.00128201377596051,0.00218298360010222,0.2,0.6,1.0,25,2.9494341660672365,2.0150599331363765
21,15,0.11670426395504103,0.8263945529473451,0.8287490482219645,0.12005965792164777,0.02257601899765511,0.08792313554172317,0.00133533715130394,0.00228041281792696,0.2,0.6,1.0,27,2.9905620132467683,2.0505066883330647
21,16,0.11749685787088751,0.8272113774453745,0.8295495886948671,0.13769718644732148,0.024263878424979526,0.09164598266957766,0.00124358537428924,0.0027243434683061002,0.2,0.6,1.0,28,2.915415342072068,2.4263834336872026
21,17,0.12072701871001032,0.8207452629167457,0.8142537689327003,0.12006923685163118,0.040140179368515085,0.10290960473191721,0.00201468259272332,0.0050565574453132105,0.2,0.6,1.0,29,3.893510708964977,4.078712191687663
21,18,0.11381782090647664,0.8287005552759581,0.8351676017015845,0.14049906648615795,0.04674571489382663,0.09364831186614181,0.00126775838817811,0.0035977032379554,0.2,0.6,1.0,30,2.927972036619582,1.006534438253008
21,19,0.1160175895838529,0.840810184690872,0.8559398296106377,0.14102613591043997,0.03959336688485578,0.1029441542925195,0.00203906670293881,0.00511775798107145,0.2,0.6,1.0,31,3.34444509824791,3.445331686823794
21,20,0.11329112068758701,0.8331430280209742,0.8437797128216329,0.14566699914028192,0.03573442938411736,0.09249152958205914,0.00321310973860996,0.00611049658123521,0.2,0.6,1.0,33,3.08190432192272,3.06539118347895
21,21,0.1075763596266528,0.8222755274082293,0.8283463223137155,0.15485584695953025,0.053226785456082414,0.09577542372968101,0.0016235783131221398,0.00423108823950713,0.2,0.6,1.0,34,2.671481430588024,0.9870158933021924
21,22,0.10755733333171666,0.8272021731064952,0.837645081951125,0.163653365399897,0.02443958013486409,0.09577542372968101,0.0016235783131221398,0.00423108823950713,0.2,0.6,1.0,36,2.6892042314329507,1.0026169745334024
21,23,0.1385887508731293,0.8529769012363215,0.858858182174503,0.19433938932210854,0.0872468822293589,0.155868480957091,0.004368422773017111,0.02494845403336398,0.2,0.6,1.0,37,2.961811388073406,2.0935480853525457
21,24,0.15152822962095294,0.8608096879347578,0.8620502624614961,0.21112224523429995,0.12189539477271619,0.08423339990894288,0.02187070880260851,0.0467509851434681,0.2,0.6,1.0,38,4.038181830095784,2.355303097871091
21,25,0.12964461462387566,0.8335987460275208,0.8338146215322105,0.2081662146071957,0.10697656166656844,0.08627375528846883,0.0210419935345313,0.0395340848872165,0.2,0.6,1.0,42,4.564967467243787,2.787036846684243
21,26,0.11457969892889365,0.8140359423817467,0.8136224985622094,0.2074099621744458,0.09380124750299768,0.08948088652630619,0.01563268031604391,0.03480002130559355,0.2,0.6,1.0,45,4.032616819874246,5.239207940375273
21,27,0.13241252059108807,0.8349516302557818,0.8386853275975726,0.23907821543288973,0.09952514757198433,0.0874903271504608,0.02540989772195661,0.04969118032511661,0.2,0.6,1.0,47,3.922093663809199,4.106558560912797
21,28,0.19934012675707094,0.9017961351365014,0.9055201186909602,0.299257018529665,0.1502024608525539,0.07398051948069999,0.05256854024843938,0.10313106209230058,0.2,0.6,1.0,49,4.251474282749568,6.232553025188468
21,29,0.14684254200743269,0.8460634292325095,0.8494264537693993,0.25863210752448285,0.15533439403732213,0.0777296940417101,0.03703258714207705,0.06298199186567374,0.2,0.6,1.0,50,4.478045150870639,5.448563782928657
21,30,0.14684254200743269,0.8460634292325095,0.8494264537693993,0.25863210752448285,0.10074790436574058,0.0777296940417101,0.03703258714207705,0.06298199186567374,0.2,0.6,1.0,52,4.478045150870639,5.448563782928657
21,31,0.14109560854043385,0.8349049076112474,0.837720901700802,0.265429179454354,0.18343499078273637,0.07503544448777759,0.03690049876869301,0.06306783751649876,0.2,0.6,1.0,53,3.610473929145528,8.607928365416763
21,32,0.13753788968990582,0.830744237575128,0.8374301776914089,0.2831227497080583,0.1260854453884569,0.07294152418545619,0.03798369639420292,0.06350396231973636,0.2,0.6,1.0,56,41.864174442150805,6.215171213384656
21,33,0.13766282423351056,0.8298844277597262,0.8364847605575813,0.29318956427337617,0.10815760193555868,0.0752125384460296,0.03836898448874579,0.06362170654561476,0.2,0.6,1.0,58,41.83210567309531,5.833479614130578
21,34,0.13355630775458247,0.8205951182538557,0.8267612890222453,0.28410883573611456,0.16649281763476415,0.0702929176783789,0.03614928895607865,0.06508203570128364,0.2,0.6,1.0,59,36.76529540220653,6.081677401695066
21,35,0.13354829771386906,0.8194702103365425,0.8255459835381133,0.28435253987489767,0.10829741185745523,0.07263482857295074,0.03652188758120724,0.06502120884408084,0.2,0.6,1.0,61,36.685425865761786,5.764802808666797
21,36,0.13354830256988331,0.819470234716082,0.8255460020504828,0.2843525497968056,0.1014615144008141,0.07263482880293937,0.03652188970456209,0.06502121303219989,0.2,0.6,1.0,63,36.68542596751508,5.764802550247592
21,37,0.12008420567685842,0.7946606418335795,0.7958630851377488,0.2884171256642854,0.1669578573695654,0.08034261940437624,0.03542703838141983,0.053989775078172264,0.2,0.6,1.0,64,36.68124588445245,5.825404713179735
21,38,0.15810576660118897,0.8457626113219235,0.859951531831408,0.3398930741306556,0.1368632689356858,0.06457731348778897,0.04465420495630801,0.09045099681437249,0.2,0.6,1.0,67,38.10353149680998,9.28585336765743
21,39,0.15686906624078412,0.8383744928865421,0.848100300153294,0.3422089946262196,0.14306425745563692,0.06468300773979484,0.045524249267648934,0.08921408132815835,0.2,0.6,1.0,68,39.57259584936728,9.326905807278628
21,40,0.15611301368115432,0.8356786047999903,0.8452611358006759,0.34840867026305544,0.14038729296978048,0.06455161350154741,0.04558554481509924,0.0892909446183255,0.2,0.6,1.0,70,39.8230318207674,9.140260511165987
21,41,0.15512311501225406,0.8387645032257509,0.8526564214237975,0.35077030680996657,0.1385969335846325,0.06271874076197657,0.04516872948230188,0.08928552011670557,0.2,0.6,1.0,71,39.56579098662495,9.59369493299717
21,42,0.15359083785178607,0.8328237022987424,0.8463985810103247,0.36331811370219763,0.17707605196592222,0.06247078636486338,0.04559382419428043,0.08929771133604252,0.2,0.6,1.0,72,39.44347552801072,9.529650437131377
21,43,0.1658957027349875,0.8443497550740855,0.8578694932802644,0.36885618042320273,0.14591210872550972,0.060801708189809886,0.050498945156112376,0.09928549741179694,0.2,0.6,1.0,74,39.02708977159422,9.06597387773938
21,44,0.13943584103690682,0.8044834970770842,0.8130457892280343,0.34919875867513134,0.20654022173310932,0.07483337316804702,0.04879656566274561,0.073931381577443,0.2,0.6,1.0,75,39.30956739253664,9.73745463277356
21,45,0.11204195999302838,0.7849480325311559,0.8021166656786425,0.4353130369652934,0.09219483284971842,0.06345944475405464,0.02783864977096926,0.0620706177724004,0.2,0.6,1.0,106,16.857964182526743,10.442513804562449
21,46,0.09815767570085485,0.7498924918968808,0.7616375973272396,0.43625664643874335,0.23910689906135044,0.06283316369111222,0.0229292821146581,0.05543667343209189,0.2,0.6,1.0,107,14.160598140607902,7.909581964859697
21,47,0.05819489711866839,0.6997096721214849,0.7108193800818136,0.4226885301877942,0.05993548577726429,0.06469649579303104,0.02274141341753981,0.01733671621689226,0.2,0.6,1.0,113,16.344417315854212,12.055518049092807
21,48,0.057682232703513116,0.7029385853184588,0.71834764701007,0.4312402697622211,0.04922813767234717,0.06409225001864768,0.0229303069790273,0.017059663376510832,0.2,0.6,1.0,115,16.9012117845179,12.769973351674755
21,49,0.05782525397498649,0.7067640622065512,0.7264691151626993,0.4576360335541356,0.0469324843895195,0.06578302838968017,0.022879350962654522,0.017129732779178487,0.2,0.6,1.0,119,16.82395957329755,12.134028168854885
21,50,0.05780034300693864,0.7066027871393746,0.7262995398767472,0.4575989672012581,0.04463841711772171,0.06578302838968017,0.022879350962654522,0.017129732779178487,0.2,0.6,1.0,121,16.818149670686637,12.184792924509376
21,51,0.12771571552317296,0.7845441572986515,0.812873677985399,0.6165514911566796,0.11526140246030706,0.07068162140979474,0.03601388415498074,0.07852256534141835,0.2,0.6,1.0,140,18.100661886917987,6.880387771675359
21,52,0.12748312281849442,0.783536997418555,0.8118195972655528,0.6162535260720925,0.12108562107781302,0.07043713207851396,0.036229529292319027,0.07834632984737014,0.2,0.6,1.0,141,18.12570959600381,6.883046010686575
21,53,0.1308487359813741,0.7920759742145096,0.8288206797617965,0.6456447594139072,0.1608003130013188,0.07079133860688773,0.03820219878903232,0.08125781074449503,0.2,0.6,1.0,142,18.23972847328929,7.260294962351115
21,54,0.12528878650039563,0.7813645832888891,0.8178023689308402,0.6551730688168619,0.1597589408470583,0.07116559961641182,0.03852575282682526,0.07623932868511438,0.2,0.6,1.0,143,17.93005420585489,7.380855234750373
21,55,0.1388988075783184,0.7944477017666375,0.8308542720816823,0.6895120362867876,0.12780776772750477,0.07170301123735971,0.04062210617867768,0.08856341573513425,0.2,0.6,1.0,153,17.895502207491525,7.24886802891092
21,56,0.13765017253998635,0.7922894516503859,0.8286422170152614,0.6673827247168267,0.1332029691980353,0.07080268202906129,0.04561285509369077,0.08463606949404202,0.2,0.6,1.0,154,17.43247102349017,9.985826464099745
21,57,0.13520011182468014,0.7892994166389653,0.8256202697496414,0.6756705431007582,0.1289758784747211,0.07097178595978715,0.04089869134859171,0.08506036411628035,0.2,0.6,1.0,155,18.21883573953749,7.455757966615421
21,58,0.12723577416387016,0.7989171320152717,0.8566841804382107,0.7435273262110715,0.12483703623262038,0.07280873887189536,0.03790706990539056,0.07952171227235481,0.2,0.6,1.0,163,18.07046041395607,7.286502959185685
21,59,0.12722942206692445,0.7988624730296631,0.856626715485534,0.7435147919489417,0.11687626538974777,0.07280873874608529,0.03790713488962012,0.07952171310234527,0.2,0.6,1.0,171,18.06346555688245,7.323311636643458
21,60,0.14293812043853704,0.8172684371061651,0.8792749355438049,0.8141828372220663,0.15159777999136603,0.0690703117643921,0.04452260685767695,0.09230205051445241,0.2,0.6,1.0,172,17.933734370704784,7.034287945964178
21,61,0.12826652498079383,0.8023480563580602,0.8643400921843384,0.7994816748739586,0.11894812438242477,0.06909876398357127,0.04454257493366172,0.07764465408177078,0.2,0.6,1.0,175,17.938345355450128,7.931509968048951
21,62,0.13752319293465273,0.8160694418536119,0.8824066611420762,0.8225930246362427,0.1316358095414558,0.06939015191400096,0.04488512918149569,0.08669857655660312,0.2,0.6,1.0,176,17.85846469184626,6.894516027712588
21,63,0.12760096936867601,0.7954792795539963,0.8530253002930904,0.7959298460953276,0.11958817570063068,0.07014046607875453,0.03959603702090281,0.07989760626088153,0.2,0.6,1.0,180,17.99359814593468,7.637107726069675
21,64,0.1183386251759699,0.8008181557963496,0.8714697936495861,0.8300071137399274,0.10895628246673945,0.07080240679888951,0.04083313512202297,0.06979039917365375,0.2,0.6,1.0,183,17.870205682608614,6.873482398517022
21,65,0.12213455394594848,0.799357989953164,0.8656185430075064,0.8461030014711283,0.11276095464742633,0.07092425682688269,0.04207860213636057,0.07285351381025985,0.2,0.6,1.0,189,17.88201119448731,7.481354155517872
21,66,0.12194454176995725,0.7991111267140008,0.8653683903543884,0.8459060012145007,0.11235699406906206,0.07093200280319735,0.04201549646563177,0.07270689167858227,0.2,0.6,1.0,191,17.882713095020755,7.48232873803579
21,67,0.1247285392240686,0.8156030738502932,0.8949142948590783,0.9174335726852095,0.1198837844962028,0.07130446683356984,0.038506660974702324,0.07766148116731753,0.2,0.6,1.0,193,17.79268472333147,7.060061954142808
22,0,0.6147794641926349,0.9562007791174717,0.9539460052002914,0.05448914551080913,0.0,0.0,0.0,0.0,0.2,0.6,1.0,1,30.35630792276748,66.90627723068314
22,1,0.39695759901163835,0.9269568675178018,0.922549343175794,0.06143084705917966,0.17535617792636687,0.06221968620474443,6.992898632203999e-05,8.844503255730001e-05,0.2,0.6,1.0,3,21.396750614083512,43.7874814633996
22,2,0.23859110598826114,0.8808112687822325,0.873931266006158,0.05511862934350498,0.20142468446985104,0.06968113812347888,0.00027971594528817,0.00035378013022920003,0.2,0.6,1.0,5,13.835445974018167,23.396220547306108
22,3,0.12407347385837927,0.8227529871218126,0.8167982721664732,0.05200241775731148,0.2791349627489262,0.08901526389204209,0.00023712844102430998,0.00048258682993004,0.2,0.6,1.0,7,7.305470188697334,5.074388367229619
22,4,0.11084806262015826,0.8058649109954369,0.7949617995050992,0.048694265150105775,0.06115649828112899,0.08523905170752326,0.00026731398771952,0.00045326065027486004,0.2,0.6,1.0,9,6.196518104695349,2.5810202300901195
22,5,0.11084633236568718,0.8108102771321114,0.8042802215529659,0.06458607104051703,0.017667852201773967,0.08523905170752326,0.00026731398771952,0.00045326065027484,0.2,0.6,1.0,11,6.189480555424933,2.57098391875374
22,6,0.10786489424015698,0.8029676549443655,0.7919281456082984,0.057089622602796625,0.027730435674823996,0.08478972917307588,0.0002263841381188,0.00031919920797047997,0.2,0.6,1.0,13,7.652975627231261,6.59199360398034
22,7,0.12849254796218385,0.8282014045382701,0.8210463605034519,0.09552001212110128,0.1211392021755835,0.08231833521657735,0.01150614231372872,0.023825155595791882,0.2,0.6,1.0,14,5.10845732049042,1.580702935438413
22,8,0.07350503466455702,0.764829308243798,0.7558990102266122,0.06402219812113892,0.152511051244679,0.06289226746789912,0.004630028394136411,0.00294942316313971,0.2,0.6,1.0,16,8.068223569871344,7.967961914816684
22,9,0.07277465441507487,0.7635126508768973,0.7545040266783002,0.06616144249771522,0.030356390208547197,0.06575474963894894,0.00412553012549895,0.0028844757291454502,0.2,0.6,1.0,17,9.262602873068856,11.836291634186788
22,10,0.06925743127839168,0.764027730634078,0.7592740650523643,0.07293225154306099,0.025313674435651405,0.06399397619633164,0.00267892672397683,0.0019689373970381103,0.2,0.6,1.0,19,9.315496543847011,12.71439836500011
22,11,0.06479065798123768,0.7566846859244758,0.7515846700421364,0.08296084603685529,0.03323310061174594,0.05794493506009537,0.0034733145295808695,0.00208685788424756,0.2,0.6,1.0,22,7.41817906303929,7.85388341702871
22,12,0.06928937647283705,0.7605898885204101,0.755400838564281,0.08263510126312822,0.037642828294309524,0.05679232572927499,0.00519324948582952,0.00692011058467982,0.2,0.6,1.0,23,12.397642200797945,15.85759055380519
22,13,0.06704966597979246,0.7519445279562388,0.74611112668573,0.08821474200487296,0.07257622686475489,0.06466351015521639,0.005821222803236071,0.00884047469026132,0.2,0.6,1.0,25,13.331534726859829,14.581407364965033
22,14,0.0616522738189957,0.742391215582902,0.7361687215854911,0.08909865105057195,0.08214272829321449,0.05691068069038831,0.00562410318540514,0.008514188273928509,0.2,0.6,1.0,26,13.82623406574186,16.24153565946258
22,15,0.05814011695676658,0.7368943655457967,0.7304944732358941,0.10726723976384915,0.02660269621207083,0.05696189156092988,0.00748645262480654,0.0053359454931119705,0.2,0.6,1.0,31,9.323813733374804,12.340905286377636
22,16,0.06724799145996282,0.735435302093067,0.7241782785223623,0.11678657374829227,0.10900927026038176,0.11417920049976327,0.00984231485538401,0.0053682131267287,0.2,0.6,1.0,32,2.747656422775175,4.808091730192121
22,17,0.06722800748748992,0.7354040600751026,0.7241462592651478,0.11928034941573348,0.034171194887602285,0.11416541013035936,0.0098356284080219,0.00535872495035319,0.2,0.6,1.0,33,2.784835584226969,4.928688230744146
22,18,0.06648964202694117,0.7323976452650165,0.7209510203970476,0.1306464401855543,0.04472808494063902,0.11463542113155933,0.00525692882031544,0.00867341262204137,0.2,0.6,1.0,36,2.9968072334250846,4.243703668486769
22,19,0.06295834343142238,0.7211343618085254,0.7090891689111364,0.12700703214142095,0.125895604143304,0.11368725993008016,0.01098373952003775,0.00579110534994476,0.2,0.6,1.0,37,2.440320892334559,3.795707150442216
22,20,0.06111718948221282,0.7191414244689759,0.7111033736611054,0.13221234343472457,0.0872588646897455,0.1137942024310816,0.01104091799275678,0.00590524920503718,0.2,0.6,1.0,38,1.8993514072462443,3.118127668636547
22,21,0.059527444609796455,0.7072005192809278,0.694391002768984,0.13471862405927731,0.05790544441130807,0.11306978698431265,0.012141278599905431,0.00613324004840173,0.2,0.6,1.0,41,2.4355062990609366,3.730311252449973
22,22,0.059542000436399366,0.7075644248462689,0.6988221439200745,0.14176205263319733,0.07825315312423906,0.12127911431029766,0.01126725077426199,0.00637540903319451,0.2,0.6,1.0,42,1.7550217801338683,0.9619192181136196
22,23,0.061583038945254034,0.7087762175028361,0.6999772272025595,0.14383320935108032,0.04828195134977523,0.12249976014340988,0.01233015775320296,0.007806984619014461,0.2,0.6,1.0,43,1.7249969635237368,1.0800133472616946
22,24,0.05714775355059296,0.6854898462015955,0.6754540353269604,0.1445069598921305,0.22749154048812925,0.12415055377262352,0.00645015744901861,0.01174417484515955,0.2,0.6,1.0,44,1.5822653757302216,0.7891542670733191
22,25,0.05249546904941964,0.6771325583525114,0.6668610104406759,0.18212225154436035,0.03976998261400575,0.10195884389904737,0.00787196941776208,0.01155111007146047,0.2,0.6,1.0,56,2.3053457594312263,8.093815214460903
22,26,0.052944691638857136,0.6733413229045292,0.6628036515185057,0.19052138956837597,0.04852769932619616,0.10165355961960473,0.00883025907330976,0.012415752062403421,0.2,0.6,1.0,60,2.011049373612272,6.441023861873087
22,27,0.05139653792962208,0.6699961295344324,0.6634222281370858,0.19665725806837075,0.06702025792696567,0.09879646449054474,0.0070257840046342905,0.01373036879424221,0.2,0.6,1.0,62,2.584082508912438,11.15538597875739
22,28,0.04632068903872779,0.6621752306296061,0.6554348293092304,0.19696473424194627,0.05833337044650623,0.11256485749290349,0.0071992107090424196,0.0062859740725151,0.2,0.6,1.0,63,2.248915169396935,4.983652967276989
22,29,0.04632068903872779,0.6621752306296061,0.6554348293092304,0.21096665836839112,0.033118704904491945,0.11256485749290349,0.0071992107090424196,0.0062859740725151,0.2,0.6,1.0,67,2.248915169396935,4.983652967276989
22,30,0.049573827958891405,0.6516566425121655,0.6400143937458455,0.20832271022796442,0.0645969959724758,0.09859535170080964,0.015626601548201748,0.0087217005818456,0.2,0.6,1.0,70,1.4077246251469635,5.155933641889652
22,31,0.05135467950574235,0.6600464885636074,0.6569567264336016,0.21762534985008103,0.06897842660840606,0.10501554330178957,0.013265278691179291,0.01111556640345052,0.2,0.6,1.0,71,2.0815360406244645,6.796486432950701
22,32,0.05277658579600955,0.6504288042108113,0.6385248510144075,0.2241473139012259,0.044347807548676454,0.10629734544907517,0.01701325457389411,0.01020508979945697,0.2,0.6,1.0,75,1.0690462751644292,2.6386270640396106
22,33,0.05036006419291389,0.6473705355580504,0.6354281782462361,0.2295421850192092,0.041541398077314814,0.098317549305113,0.01720530359325346,0.0093736510172186,0.2,0.6,1.0,78,1.1693453567741046,4.13661441686169
22,34,0.0477042835948089,0.6415672151838182,0.6335268549443545,0.23909488340776427,0.07279869828766558,0.09787372689768839,0.01580979630247095,0.008701827097532231,0.2,0.6,1.0,80,1.5025325363677304,5.78432181065376
22,35,0.8953107311573191,1.5257885405700065,1.552562232577713,1.3815345609688838,0.886139383090062,0.12422325139409288,0.013553950665985071,0.8527568245074757,0.2,0.6,1.0,144,3.635295168098085,6.972988334706311
22,36,0.9076127847918566,1.5366766827159708,1.5633689206008454,1.3970281066004984,0.9105019003225633,0.12873592247958865,0.01348114171294538,0.8643686081744988,0.2,0.6,1.0,145,3.116681794539101,7.931155132905064
22,37,1.1250789688897906,1.7589807694018895,1.7900398869005503,1.6231751966761565,1.1159209817657298,0.5380838442789757,0.01344451053544424,1.0,0.2,0.6,1.0,149,3.135682822330016,8.244653588445397
22,38,1.1246587097310619,1.7578420606466105,1.7888598497088322,1.629309170275755,1.1215958196825577,0.5368360478018698,0.013300577715752071,1.0,0.2,0.6,1.0,150,3.1881964102009204,4.661116108201965
22,39,1.124643357347128,1.7572582799211398,1.7882433878968813,1.6454095853315969,1.1203365546805868,0.5368781949680207,0.01337119321426096,1.0,0.2,0.6,1.0,151,3.1784550434954624,4.715846764367543
23,0,0.7573852327615975,0.9747762850995954,0.9734777490566139,0.05858749729384325,0.0,0.0,0.0,0.0,0.2,0.6,1.0,1,17.921323748703006,64.2219463341832
23,1,0.5109035835567309,0.9522166226674006,0.9489751057768024,0.06903911963753374,0.16210305251201576,0.0751506748765948,7.401167200005e-05,0.00010884141820262,0.2,0.6,1.0,3,11.526419860300264,42.28413436794045
23,2,0.4858700253599434,0.9516506917440244,0.9482524951632918,0.07346290069714927,0.057245400831365326,0.07242564246381003,0.00121953384560783,0.00244520368349999,0.2,0.6,1.0,4,10.2305073885184,41.08204030916486
23,3,0.2075053270056549,0.8729760449311356,0.8697727871664784,0.05570233248567557,0.6320798453221476,0.06962330387776323,0.0006454633147971801,0.00089124049105867,0.2,0.6,1.0,5,4.218711426236396,9.329315207874052
23,4,0.1909278593554458,0.8651931578847961,0.8615736137266367,0.054235330184437144,0.07920065967475755,0.07002963087188568,0.0007577603529945801,0.00104629758752424,0.2,0.6,1.0,6,3.889976295101182,7.348059073371478
23,5,0.16475946743903044,0.8515156479647773,0.8471785626616682,0.056377926781381656,0.12897015478780638,0.07525822798676832,0.00035973749339862,0.00050004095463065,0.2,0.6,1.0,7,3.22364568316214,2.973175012937722
23,6,0.15306221115923813,0.8392143008733491,0.8300200532213593,0.056629247466590565,0.0849085732613478,0.07779972777949205,0.0008464974487918201,0.00174679911515877,0.2,0.6,1.0,8,6.9854446687915726,65.75199056148006
23,7,0.14652325362158217,0.8440264535452494,0.8434223140269509,0.07000336239347989,0.03918244251078955,0.07525822798676832,0.00035973749339862,0.00050004095463064,0.2,0.6,1.0,9,2.994857640862744,1.9401390205938889
23,8,0.13126595495274193,0.823733904837796,0.8137003345435851,0.057366244174276534,0.12209930651465195,0.08076947743098303,0.00095751495679191,0.0019100612424626999,0.2,0.6,1.0,10,9.149977912277514,88.64312791338261
23,9,0.12518426516044148,0.8236198782350636,0.817729310727133,0.0717856027193775,0.035376501862852565,0.08081139127183139,0.00073397921405013,0.0014461383074798099,0.2,0.6,1.0,12,6.677815517657205,53.61916407546416
23,10,0.11933829424994717,0.8186271066459164,0.8124974730146952,0.0752355314583671,0.035956011294832495,0.08045114093799569,0.00056391045116072,0.00127114582426773,0.2,0.6,1.0,14,7.0559195710605485,58.52625848991922
23,11,0.11535166432515014,0.8150271585305224,0.8087067636713802,0.07929511349776217,0.02730123000764158,0.0803798232909479,0.00069777530005497,0.00131058136361208,0.2,0.6,1.0,17,6.756101884459789,69.36678794087507
23,12,0.10622578810550194,0.8062504817742332,0.7993772618940697,0.09540188659600603,0.10341585653074573,0.08461757381665957,0.0018211920508073303,0.0017512688476444,0.2,0.6,1.0,18,8.472506907897555,75.10828485239615
23,13,0.09266874745847235,0.7910173560596965,0.7833504891739156,0.10573909851432611,0.07994211762443443,0.0868134404830944,0.0016965825298396902,0.0015706015555113002,0.2,0.6,1.0,20,7.733560398554939,51.08652869329023
23,14,0.08968606886827377,0.7923886319364433,0.7889397119536762,0.10407666124901925,0.031133251748946992,0.08353579364643593,0.00174793410278935,0.0016349938459997,0.2,0.6,1.0,22,8.217906253596011,54.367694403379474
23,15,0.08844422901039396,0.7953262980262007,0.7960737813109766,0.1126172424788856,0.03421483764510732,0.08426354169397814,0.00283870797118151,0.00225891362007021,0.2,0.6,1.0,24,9.19804678204822,59.19398515456133
23,16,0.08674753827139497,0.7833919878623644,0.7753176145000925,0.10701859775806884,0.03186015750688423,0.08635794395994122,0.00190258718967492,0.0018290031590404003,0.2,0.6,1.0,25,8.895458834608043,77.83837015903954
23,17,0.08440582827081339,0.7750902476114626,0.7624531526910676,0.11465081753464064,0.04896345460754432,0.08662605115946376,0.00232092219385031,0.00185170577311054,0.2,0.6,1.0,26,8.74174244355822,80.40911446764821
23,18,0.08435839858362466,0.7799709980413722,0.7717036561957233,0.12294543538511085,0.020827026104079036,0.08662605115946376,0.00232092219385029,0.00185170577311052,0.2,0.6,1.0,28,8.716193590370604,80.32031765871376
23,19,0.08375619267853275,0.7890755912390575,0.7895208836064593,0.12245504331759142,0.025529617358718594,0.08685209010490973,0.0020365882157136602,0.0018420040579970299,0.2,0.6,1.0,29,9.011283539990751,80.95996123697265
23,20,0.08135196853725848,0.7806173511394713,0.7765014655415299,0.13331765253730254,0.034795343376766194,0.08742651686044796,0.0023483105285022,0.00168115031393695,0.2,0.6,1.0,31,7.491115316834574,67.70144479219177
23,21,0.07577997834990959,0.7824146724762997,0.7866673036884284,0.1509530571508615,0.048419922428952086,0.08744749959879955,0.00169162395578258,0.00131306043242306,0.2,0.6,1.0,33,6.781150793770808,55.231678233933295
23,22,0.07542018286256792,0.7719396058734336,0.767416009265913,0.11283067788942076,0.024287932670207252,0.08744749959879952,0.00169162395578258,0.00131306043242305,0.2,0.6,1.0,34,6.823955820389042,55.40022043260554
23,23,0.07420617382223986,0.7844861820281026,0.7929378757618057,0.159511276683594,0.04210792149377846,0.08946869477930812,0.00177028747959669,0.00136780601461106,0.2,0.6,1.0,35,7.285206368023661,58.50102134551861
23,24,0.07492982010451248,0.7753110582943749,0.7750143181648123,0.16604055571955154,0.021163201443479093,0.07508567767580325,0.0059633693863781,0.0024890261716880298,0.2,0.6,1.0,41,5.839488655300891,7.748615862781515
23,25,0.07413677228968973,0.778889099298664,0.7828928601320432,0.17528669945013142,0.026546032972923423,0.07517355029890116,0.00599426749278182,0.0024952819543851,0.2,0.6,1.0,43,5.880012953994456,7.918179646955908
23,26,0.07043546797792169,0.7680515077541313,0.7674137692156906,0.18607516853712563,0.06115829202666498,0.07587178164160605,0.00417975948398992,0.00276649316500938,0.2,0.6,1.0,44,6.811188709718211,6.395315080378859
23,27,0.06926106740036418,0.7658273309798752,0.7650689863517531,0.18567124505141688,0.038729793527797915,0.07695055813864445,0.00409408090951512,0.0027204951917634097,0.2,0.6,1.0,45,6.58322930999907,6.073078317169353
23,28,0.06812493999445583,0.7688507621745356,0.7723769135201234,0.19478696487946454,0.0338048045109324,0.07652429677569644,0.00407869648668839,0.0026138515396625698,0.2,0.6,1.0,46,6.9656974250325465,5.971276950734476
23,29,0.09173864699707354,0.7857114784576092,0.7846672130293906,0.17357196644468229,0.07616660474903172,0.08530139455441296,0.013424022274742962,0.020890611766122773,0.2,0.6,1.0,47,3.3070296085784388,5.266944299368894
23,30,0.27412592852796924,0.9604657354619557,0.9665751729052544,0.41843443443517686,0.30301929494205126,0.08476425070045265,0.09988017577299828,0.16492164259792463,0.2,0.6,1.0,51,4.598349188499712,10.916420465201377
23,31,0.2737939398194433,0.9547695897901989,0.9564722658333005,0.43066349802597326,0.24411489230458178,0.08266264044506172,0.09989025366295404,0.16523982532477371,0.2,0.6,1.0,53,4.184543557273297,9.772747182992822
23,32,0.2711938336430567,0.9530584316520816,0.9588137718123635,0.4388912915227857,0.26293973652641767,0.08567111854022846,0.09965624065359532,0.16434582302241635,0.2,0.6,1.0,55,3.903489455393458,11.07219748455563
23,33,0.338726191791359,1.0328817830135364,1.0396513243374568,0.49648747172982166,0.31271135768447744,0.104190632530491,0.08630900076757966,0.2287727130186798,0.2,0.6,1.0,57,4.197439400535821,13.929547367606594
23,34,0.26935558493523865,0.9462475152403151,0.9516249993691202,0.4377962360820612,0.2831555480692031,0.0847780401337888,0.09989749038603477,0.1649087506356148,0.2,0.6,1.0,58,4.490616231129464,10.979877918488304
23,35,0.2824208859209728,0.9791895111153153,0.9940870071910596,0.4494174914282757,0.2560076512310132,0.10004995438129895,0.06985018220236001,0.18790152312734346,0.2,0.6,1.0,69,3.575616235049384,15.477332819122992
23,36,0.284516484077902,0.9692187893431642,0.9831883889863463,0.5221541108843001,0.29901583106794516,0.09860941398089476,0.07355354840511415,0.19402167134687776,0.2,0.6,1.0,70,3.5066765955446018,14.318218602438469
23,37,0.28451649192566186,0.9741658161638911,0.9925085770099671,0.5332233594797706,0.2578757664090314,0.09860941398089479,0.07355354840511417,0.19402167134687784,0.2,0.6,1.0,72,3.5066772265633688,14.318224534667332
23,38,0.2828657650792235,0.9700911539670143,0.988257237009581,0.5384739164486447,0.27320872568534954,0.09511221740156989,0.07343266495589165,0.1941508576152567,0.2,0.6,1.0,74,3.655870982453493,14.202737225636133
23,39,0.23130183469723636,0.9159563538845292,0.937949684253574,0.50904774529002,0.2182259221081813,0.08386962909467359,0.07807430528600223,0.1451373151055862,0.2,0.6,1.0,75,3.4294440220865483,11.755248338849643
23,40,0.22991597940216899,0.9075816804658363,0.9291084189971516,0.5110760642051839,0.22682475593592716,0.0879461990409863,0.07756298867846109,0.14531773492037667,0.2,0.6,1.0,78,3.2859258309746595,10.72186170813914
23,41,0.27959648779637813,0.9779617770723857,1.0049646722529244,0.5847956023853218,0.26041151598332196,0.10571076012260354,0.06990179992330627,0.19036840348508757,0.2,0.6,1.0,82,3.7612275576445007,12.183287795306171
23,42,0.2754113318712048,0.9642195484754459,0.9865178256564346,0.5796032684471331,0.29934049429191856,0.10129818428820236,0.06899536323898618,0.1894384283855714,0.2,0.6,1.0,85,3.438022214878532,12.437264567576037
23,43,0.22508812268143766,0.8970792171978376,0.9344766325165832,0.5939083224851363,0.21756032554526294,0.08891554802809891,0.07874872342684494,0.14562912529234082,0.2,0.6,1.0,96,3.113936940976826,11.060802526289518
23,44,0.22482977450038652,0.8960269817870443,0.9333756794626997,0.6093069076661448,0.21099034138458564,0.08537682263382257,0.0795219169561626,0.1457671766527942,0.2,0.6,1.0,97,2.9016463505700565,11.259923806570926
23,45,0.226823200966987,0.8941946202839293,0.931305969600606,0.5495469722078548,0.2266371098184522,0.08559598992117072,0.07988565148010143,0.14828334717810077,0.2,0.6,1.0,102,3.88651748226906,8.793435259231225
23,46,0.2268232008150998,0.8941946202839293,0.9313059696006061,0.5495469722078548,0.21333437391209914,0.08559598992117079,0.07988565148010145,0.14828334717810082,0.2,0.6,1.0,104,3.8865174866045233,8.793435287240836
23,47,0.22562478393004415,0.895383292637231,0.9407928095570895,0.5696096091842695,0.2963080716353278,0.08559598992117061,0.07988565148010143,0.14828334717810077,0.2,0.6,1.0,105,4.005442353208492,9.363480723563152
23,48,0.2248072767400754,0.8966977002928831,0.9463127356170529,0.5928625140070196,0.2182695636221319,0.0911082405006743,0.07819566548074038,0.14781886148773088,0.2,0.6,1.0,108,3.039880589195894,10.875292138510286
23,49,0.22032867304387108,0.8724240936362866,0.9167961387492516,0.591151639768041,0.26380091104901676,0.0892966238025735,0.07855736549007226,0.14553428092663417,0.2,0.6,1.0,110,3.3607357522682597,10.039670019928153
23,50,0.2203286726537132,0.8823181472777402,0.9354365199981884,0.6129800352643449,0.21052829419597552,0.0892966238025734,0.07855736549007229,0.14553428092663417,0.2,0.6,1.0,112,3.3607358663801663,10.03967075497747
23,51,0.22039307058433022,0.8771255419552662,0.9258527426689578,0.6119301242714773,0.23274659067323766,0.08517426402585698,0.07938307341462507,0.1459671632115398,0.2,0.6,1.0,113,3.10029403253902,10.40737474498209
23,52,0.21990629478688953,0.8778486481124055,0.9307336150280463,0.6229568760528807,0.21478895477879928,0.08593182790506064,0.0792929741792165,0.14583019416155768,0.2,0.6,1.0,115,3.17100908175071,10.426606485403449
23,53,0.22809706352175002,0.8985652316663597,0.9644367765397666,0.7455183977046393,0.2199185148960589,0.08870698649786905,0.08206761873517109,0.15206740272489827,0.2,0.6,1.0,145,2.7670319177504985,11.850737184118405
23,54,0.22785881322156873,0.8969434606417179,0.9627358130763524,0.7488444115453186,0.2302165787499194,0.08879201910044368,0.08131559973885366,0.15241841317352683,0.2,0.6,1.0,146,2.7018190866295524,11.851958578719586
23,55,0.23036466124923768,0.9268560337056828,1.0187574130308767,0.9592521574100739,0.22234804159235488,0.09137090039118351,0.08190942531367741,0.1543008330627056,0.2,0.6,1.0,192,2.547990893182567,11.626331255889262
23,56,0.230301596624311,0.9315565192389361,1.0278206171858366,0.9982884897975524,0.2222873361551197,0.09137143813551867,0.08182382059525603,0.1543087355255071,0.2,0.6,1.0,195,2.545134778840445,11.627430575528264
24,0,0.8962725534907794,0.9897691294384706,0.9892424767677306,0.06189571591292335,0.0,0.0,0.0,0.0,0.2,0.6,1.0,1,6.160310664729566,66.28591209960818
24,1,0.5991107895249522,0.9677836589034555,0.9652837078768741,0.07338005054717353,0.16555241630435408,0.08064019452829399,8.454782119215e-05,0.00016642565032995,0.2,0.6,1.0,3,4.120575657427832,42.57662803284672
24,2,0.45942016376539585,0.95071857668968,0.9468663128640527,0.07924831025375534,0.2300851652825493,0.0969404773062698,0.0011631359990622399,0.00546423079891123,0.2,0.6,1.0,4,4.25111341134431,9.772496391866364
24,3,0.1820627819682007,0.8631643470198928,0.8591241710202951,0.05852293346097823,0.7114130101007385,0.09464378137277737,0.00105910158960678,0.00208475710350008,0.2,0.6,1.0,5,3.1865318087044123,7.258913091910385
24,4,0.15434713324299673,0.8459691137729368,0.8410911140882025,0.05891706512693783,0.0840784396592341,0.09635483167958553,0.00056992584878908,0.00111556069569913,0.2,0.6,1.0,7,3.693252489629828,2.9103613687899696
24,5,0.15195983932174806,0.8492391673041451,0.8486594177840138,0.06511136976688055,0.02616973052605925,0.09610263245677718,0.0005031640846274199,0.00098414548166861,0.2,0.6,1.0,9,3.383620426264528,2.9875277748070665
24,6,0.14737439238951586,0.8462160687246252,0.8454567906852112,0.07316315263993547,0.030024072923261643,0.09767770579869656,0.00043624440194509,0.00117411120999873,0.2,0.6,1.0,12,3.4721477724470016,2.4619413998141235
24,7,0.14312708768887653,0.8432548319161497,0.8423273295346538,0.07915391782581117,0.03399352043821243,0.10170294800537323,0.00036937679129018,0.00071507819987939,0.2,0.6,1.0,14,4.703139735725337,3.972970984641484
24,8,0.14312709522587597,0.8482018587368765,0.8516475201591225,0.08584673272387429,0.02127732044646706,0.10170294800537323,0.00036937679129018,0.00071507819987939,0.2,0.6,1.0,16,4.703138097513367,3.972967381752538
24,9,0.1391485268672234,0.8452187854381124,0.8485167234262185,0.09082131682833992,0.04350900814624493,0.09697500585988182,0.0005468234754024499,0.00144074961941879,0.2,0.6,1.0,17,3.5120960680214326,2.767418864650117
24,10,0.13231549618407032,0.8398504368767308,0.8428871187457262,0.09221222294604228,0.060401642526190576,0.09734711529392383,0.00046138344594887006,0.00112440688139571,0.2,0.6,1.0,18,2.6450026845975785,0.9375094112115356
24,11,0.1305509812462537,0.8433712614895639,0.8507081996339486,0.09910155638664184,0.026359753665388185,0.09730264581281957,0.00046031265221871994,0.00112366291470158,0.2,0.6,1.0,20,2.9760239059834834,1.443792412537138
24,12,0.13038604882316754,0.8432304628280592,0.8505620081997098,0.10192384847249245,0.021638259885665603,0.09720977718923914,0.00045961399903458,0.0011064802651224999,0.2,0.6,1.0,21,2.955934673387969,1.4510403736098785
24,13,0.12883353229555775,0.8383736625619455,0.8408151331842417,0.11374084670509896,0.1091320010011888,0.08833455670899612,0.00981350381435028,0.00740085637769611,0.2,0.6,1.0,22,3.7686996563052566,3.361254007508573
24,14,0.11514186646310898,0.8346709043165952,0.8450330816078753,0.1517159181689144,0.0542084918691455,0.09412580014476335,0.00469847054816151,0.01175345701289646,0.2,0.6,1.0,28,4.203051039770678,4.66010545991446
24,15,0.11098734535025247,0.8255488178567851,0.8315178975806152,0.15376908877314674,0.032718690577054156,0.09153385920398432,0.0038176163168622697,0.00901174682829846,0.2,0.6,1.0,29,3.5476981368789517,3.204255363782398
24,16,0.24835405675708783,0.9725411167458826,0.9871232250292693,0.2863970327047338,0.17333292998842031,0.09681742899179778,0.03030426331180166,0.13175042845892534,0.2,0.6,1.0,34,2.5579155342141053,3.1176752023823995
24,17,0.23190899047148975,0.9560500231324779,0.9706110141428387,0.2786665459696683,0.1547615899139546,0.09814309774367533,0.02508554799832712,0.118535845701081,0.2,0.6,1.0,36,4.283127124214369,1.3038090102089577
24,18,0.7147786413753068,1.43292149477786,1.446155385332501,0.7787174808375579,0.8566499649092238,0.0987013172403081,0.10761913222239736,0.571554849857074,0.2,0.6,1.0,37,3.299380270750596,6.811264489978069
24,19,0.6747862993906594,1.3967799440075077,1.4142256435059144,0.7518507857716825,0.6423018185959251,0.10349560403188351,0.08452149699083164,0.5465004617098255,0.2,0.6,1.0,38,2.542675535241633,13.21450889952698
24,20,0.8084589677232039,1.5274491839063178,1.5444966633884631,0.8853899134590517,0.8164208363537024,0.10350185923301806,0.10398901064062797,0.6732234841800997,0.2,0.6,1.0,39,3.1774283274327404,14.90806889547512
24,21,0.8084589558097319,1.5323961983921852,1.5538168676865518,0.903765610206948,0.7563172914681667,0.10350185765527012,0.1039890098717513,0.673223472622116,0.2,0.6,1.0,42,3.1774283221486264,14.90807049470328
24,22,0.8083851780370263,1.5322886213214795,1.5537050580119043,0.9037220571704272,0.7569307685530006,0.10346956598471138,0.10398748739037329,0.6732048107356019,0.2,0.6,1.0,43,3.207067046107382,14.98910123064085
24,23,0.30041181032857234,1.0184145017400341,1.0391629072295603,0.40640734630312125,0.28915048820341416,0.09482602182849313,0.04863564980121985,0.2072473519238316,0.2,0.6,1.0,46,14.470351896640556,2.532139729493097
24,24,0.30390285340968554,1.0264349491313634,1.051514376404177,0.4192190576629631,0.2623758818969003,0.09512207468564338,0.04941630126635775,0.21061183166750963,0.2,0.6,1.0,48,15.87028291729272,2.675668145366136
24,25,0.2993528826502563,1.021855916010461,1.0469323447586225,0.42388939056679675,0.25505016039867145,0.09445728791219866,0.04864864209018019,0.20668455083447443,0.2,0.6,1.0,50,14.741291981833848,3.8922195880642394
24,26,0.10383261602222144,0.8336895440996901,0.8672573419486713,0.296168231404468,0.06371688636670195,0.09403761369059045,0.01945648348656947,0.031175892561092933,0.2,0.6,1.0,68,3.420147087571884,3.033697965430119
24,27,0.10383261373054457,0.8386365706060512,0.8765775582672538,0.3064730701215537,0.06302324370189379,0.09403763357308921,0.01945649001211239,0.03117588435490178,0.2,0.6,1.0,70,3.42015096400885,3.0336932963213856
24,28,0.09925288143073535,0.8465879674913246,0.8974267641615202,0.39734387468650934,0.060862636053604806,0.07345503653750265,0.01683971763083947,0.034278371219375346,0.2,0.6,1.0,88,3.448664609929296,3.6344424517170575
24,29,0.10242345082499907,0.8541320883294548,0.9092909254165925,0.40840155880340634,0.0706552025570394,0.07247442222867981,0.01795808190999927,0.03743236385562951,0.2,0.6,1.0,89,2.810547521847405,3.440848723958569
24,30,0.10242345096425579,0.8541320884797284,0.9092909255668662,0.411958714605639,0.06270219540134336,0.07247442209486632,0.01795808197868335,0.03743236399145545,0.2,0.6,1.0,90,2.8105475391625645,3.4408487251669437
24,31,0.1023104195415909,0.8538958654122144,0.9090432414347713,0.4154526165288004,0.06441677093432097,0.07241445439635995,0.01796003868617425,0.03742913354538131,0.2,0.6,1.0,91,2.771207805840611,3.490438177962024
24,32,0.10218801665274982,0.8584699630894859,0.9179673119220417,0.423111776235068,0.0662864280139542,0.07296545174492686,0.017960387395925433,0.03739697336913494,0.2,0.6,1.0,92,3.043582796433077,3.512920273560302
24,33,0.09407410643247541,0.8358452620959176,0.8861839094863927,0.4089516069266595,0.08209734286878617,0.07361376087232559,0.0186534841483982,0.03213130438075077,0.2,0.6,1.0,94,3.4079789360473765,3.5257587627448337
24,34,0.09407410071747813,0.8407922916080851,0.8955040839308922,0.4152553441168521,0.05804635092207097,0.07361378188036703,0.01865347521730867,0.03213128935782731,0.2,0.6,1.0,96,3.407978840845771,3.525758943912804
24,35,0.09407410074684472,0.845739318544428,0.9048243006794562,0.44096599602496866,0.05804618966200401,0.07361378201829749,0.01865347532900395,0.03213128937884003,0.2,0.6,1.0,99,3.4079788530183546,3.525758951043246
24,36,0.09920088017510624,0.865967028643549,0.9421507084483356,0.47494351299316623,0.13997036512279806,0.08361460688242653,0.02314600135404491,0.03552754936346679,0.2,0.6,1.0,100,2.626576216016257,3.49469348290829
24,37,0.09914514143413555,0.8623024422006088,0.9381959009914267,0.4867003837634338,0.08273913494582236,0.08406859935623114,0.02389652127026021,0.03695911997743837,0.2,0.6,1.0,103,3.025974193853494,3.764885365250476
24,38,0.09737184534168475,0.8546698610127427,0.9261183716360781,0.48877705258950516,0.07767541966730701,0.08361656487371788,0.02351453778235245,0.0359876842897031,0.2,0.6,1.0,104,2.809959267747101,3.613279468600543
24,39,0.09772389706853418,0.8645584016253173,0.9447252781448258,0.5120553605078311,0.06841544137163608,0.08443505322832927,0.023499367223582347,0.03637107252412069,0.2,0.6,1.0,108,2.4966330638273946,2.9474812513914523
24,40,0.11331085960703104,0.8547966269398388,0.9170462752957582,0.5309473237557787,0.11791556108769219,0.12121314388012103,0.02316545047415926,0.04748920727336253,0.2,0.6,1.0,110,5.640013515907693,1.1672390308555152
24,41,0.12078121399516088,0.8642297831937695,0.9306320418058931,0.5980304671583732,0.09718337662658055,0.0774387709027894,0.03153845583360047,0.059991199398393646,0.2,0.6,1.0,122,5.035529284358133,1.955573354789545
24,42,0.27933344646755714,1.0218786157628394,1.0882149740883773,0.7638248308592611,0.2566521998400468,0.07797325336860364,0.06872834922546556,0.1964991339297251,0.2,0.6,1.0,125,2.3108855829073307,1.116426462728111
24,43,0.5868381275913463,1.337944745663759,1.4129309255836504,1.090047420683062,0.5686926673753254,0.07618241255107223,0.05202887450856558,0.5149236357925865,0.2,0.6,1.0,127,2.6858355589444773,4.914829543114102
24,44,0.3756379505177322,1.1124812712680563,1.1784102695889755,0.8785859698918359,0.39886430498467657,0.07052285499197723,0.06505103653808655,0.2987115294606863,0.2,0.6,1.0,128,5.951297156320508,0.2699374625837963
24,45,0.0998928926329593,0.8210844738310068,0.8778687245923629,0.5253607053106798,0.10813675118469862,0.0774936455963406,0.02503293913641096,0.04756465109745186,0.2,0.6,1.0,130,8.761762943275023,22.9031241874693
24,46,0.10006477997454999,0.8226367419788622,0.8835529825897456,0.5488272045541113,0.08666627853384189,0.07924407579526313,0.0262509049412242,0.04777391097068637,0.2,0.6,1.0,135,8.853478224467354,23.0916045143058
24,47,1.0783368899108958,1.8349913725021296,1.9264831803038822,1.6791906886981587,1.058502883153798,0.08231017577854459,0.06891137789139754,1.0,0.2,0.6,1.0,143,121.73607768255155,3.075454182826917
24,48,1.0753107659290853,1.8108328001188316,1.8969019704148553,1.6607864932682765,1.217750821342021,0.08041995158391296,0.07150037187239569,1.0,0.2,0.6,1.0,144,122.04959980079347,3.1316576443187767
24,49,1.0732989930947432,1.8082707600851777,1.9024376608890365,1.699950957368185,1.0731413968476817,0.08038036942644912,0.07175153300026851,1.0,0.2,0.6,1.0,151,122.33022913857566,3.142904290276018
24,50,1.0732989930857884,1.8132177869059045,1.9117578515135052,1.7132896596344693,1.0591277592020774,0.08038036942644908,0.0717515330002685,1.0,0.2,0.6,1.0,153,122.33022910347626,3.142904288419353
24,51,1.0730328736762782,1.8128881495572013,1.9114243265215636,1.7245691572167567,1.0594626663919626,0.0801409768760459,0.07140783869085249,1.0,0.2,0.6,1.0,154,122.45891244204137,3.14263121111368
24,52,1.0730619652794924,1.8178111705026772,1.9207172719323535,1.7379909597428502,1.0591618538109735,0.08038459979229783,0.07139184509519123,1.0,0.2,0.6,1.0,156,122.36858271793068,3.1437170050553465
24,53,1.072788254269644,1.8120848454327734,1.910586832130296,1.7358322244922875,1.0633902134171753,0.07998461612898991,0.0712275809347311,1.0,0.2,0.6,1.0,157,122.31392708704333,3.1264584326563654
24,54,0.9782041600300939,1.7202919336516742,1.823035682004416,1.7527343443941423,0.9653066982606024,0.09635239091156744,0.09701257136691101,0.8870687572986371,0.2,0.6,1.0,179,7.847778817398374,1.4606762391576145
24,55,1.0666374791845068,1.8128772910991469,1.9199458560201719,1.8075364433784764,1.0564303259047898,0.0831485029397432,0.06082260454935784,1.0,0.2,0.6,1.0,181,65.25489171334146,3.309148093817516
24,56,1.0660717783560116,1.810839428056735,1.9178188366273003,1.8250155881347878,1.0575647204013083,0.08123483025420761,0.06095182305536714,1.0,0.2,0.6,1.0,184,66.78120865905431,3.396907140541175
24,57,1.0838120038410737,1.830032368868829,1.941174408090331,1.8732481122054954,1.0740072436844725,0.1628916872064246,0.06429172195046846,1.0,0.2,0.6,1.0,195,9.492827732985775,3.692127117148177
24,58,1.0838096356964861,1.8399091860889139,1.959796654363608,1.892494597520556,1.0711981478222046,0.1628912218203085,0.06429203869322007,1.0,0.2,0.6,1.0,198,9.492426864888778,3.69222564423534
24,59,1.083807870776939,1.8349549064246302,1.950468872107291,1.9257212589357007,1.071202457672878,0.16289122182029503,0.06429061296710223,1.0,0.2,0.6,1.0,199,9.49301016299482,3.692222719057283
25,0,0.8834470500183738,0.9884902894896892,0.9878977343467381,0.06162169295509778,0.0,0.0,0.0,0.0,0.2,0.6,1.0,1,7.600799118270353,60.23927917868316
25,1,0.584079518336929,0.964423687603745,0.9618138270118107,0.07168361948556506,0.16764211517620126,0.07450050947594394,8.549557863532e-05,0.00016878302722,0.2,0.6,1.0,3,5.205275529109706,41.9340031071147
25,2,0.458299030951738,0.9627794168153201,0.9587474204196507,0.09402602944328373,0.2561819824519199,0.11821782550832427,0.00252179839617202,0.015945690123423208,0.2,0.6,1.0,4,5.118725467870969,40.02370014712736
25,3,0.21428256518711186,0.8784473779205316,0.8752906874508641,0.06043053517182387,0.5487530614728345,0.08697672138265847,0.00092239235201846,0.00182096169115731,0.2,0.6,1.0,5,1.664302267940256,9.809557951017696
25,4,0.18026012008785805,0.8619902007192113,0.8579127148542456,0.06283893290292619,0.09094221202437508,0.09936212369976563,0.00047293531452061003,0.0010429645490408301,0.2,0.6,1.0,7,0.9769328422678902,2.0216165021642665
25,5,0.17951527138741705,0.8615078014897989,0.8574122289291958,0.06593054498368724,0.023750040008119134,0.09912225747655179,0.00044366788271105,0.00097774887144599,0.2,0.6,1.0,8,0.9860153211314396,2.234018811738242
25,6,0.17383419601326666,0.8528141908451405,0.8442105119332287,0.060833479214084156,0.04016507930729644,0.09525674595177071,0.00033048567739949,0.00069296256721048,0.2,0.6,1.0,9,0.9590881674068102,2.5124532386336758
25,7,0.17687738023091884,0.8613421254355742,0.8570789435791408,0.07255864594079167,0.029461637146583345,0.09806367049055824,0.0009443802854391999,0.0039791716002699,0.2,0.6,1.0,10,2.2085403433787665,5.37139438074181
25,8,0.17613994349563394,0.8557694596385774,0.8471194098630364,0.0723906194892229,0.025518978869572728,0.09806455411565247,0.00089661443653572,0.0036486306843668604,0.2,0.6,1.0,11,1.641737017445435,5.013186794441419
25,9,0.1716788218372521,0.8632114601184385,0.8631562143190011,0.08842015235324494,0.04720077899480196,0.0984335849685162,0.00096491849373839,0.00402493622968912,0.2,0.6,1.0,12,1.5367805719942291,6.937849841404311
25,10,0.16536636431329327,0.8482600709101569,0.8393574267526136,0.07693317060591762,0.028847073193589652,0.10058555969752134,0.0003178940057671,0.0008881225028257601,0.2,0.6,1.0,14,1.2999722913879723,2.745650429256556
25,11,1.2314841870821942,1.9208688825483202,1.9162056256339817,1.1629925890470703,1.1116709013600232,0.4534858897924839,0.00126641698206818,1.0,0.2,0.6,1.0,15,1.4519173651327706,5.0443512052608686
25,12,1.290256606081665,1.9778538401990058,1.9685046727049733,1.2237598784146866,1.2067578935652046,0.7859482779893725,0.00379035795079394,1.0,0.2,0.6,1.0,16,1.6653769407829668,56.520364533536565
25,13,1.2125694230831365,1.906682282501233,1.9015226952476687,1.1573214423347853,1.100794046462703,0.43073014848767566,0.00127595859129412,1.0,0.2,0.6,1.0,18,1.3805002514657938,6.187556489691625
25,14,0.15218563981536246,0.8414166852833764,0.8318759910565126,0.09313961647111502,0.027958647166849974,0.09690790992160508,0.00362873064014528,0.00518835576108901,0.2,0.6,1.0,19,1.1588880942036095,1.186915574854174
25,15,1.304094226614323,1.9997609463418264,1.9943910106324778,1.2634400718516217,1.2147000419816925,0.9103246135091345,0.00335262055064622,1.0,0.2,0.6,1.0,20,1.7156827729551387,41.94335608009815
25,16,0.3066575994609625,1.0066018870158202,1.0001365103429687,0.2927417782421512,0.2675270917970943,0.11442805681137966,0.08171399659143332,0.1402820919660287,0.2,0.6,1.0,23,0.9211571780302592,65.2799559342408
25,17,0.2823832018353631,0.9857890895063209,0.9825219386819768,0.29246619238118166,0.2980051370210135,0.09982945074176611,0.07140338284467401,0.146452119342778,0.2,0.6,1.0,25,2.018329247640869,48.82259151613666
25,18,0.2699159948914074,0.9687242499192861,0.964535552468873,0.29476071218798994,0.2796985608161294,0.0978084921549334,0.06894569060137551,0.14916765701850612,0.2,0.6,1.0,27,1.514371162375092,29.9835120489743
25,19,0.281987037220143,0.9822356358822714,0.9819232098317396,0.3324517197293227,0.2658849508073834,0.10403973680128589,0.05896868992568656,0.17212405206336712,0.2,0.6,1.0,29,1.548575183608191,33.669349717557495
25,20,0.28257007904851905,0.992673010035845,1.0011017614501445,0.36851512714167745,0.22911177748656264,0.10442516880119576,0.058856056628356766,0.17275779026819038,0.2,0.6,1.0,34,1.5618805287153932,33.83845067278676
25,21,0.2740325826807464,0.9811230401349287,0.9891837998918966,0.35634951833326944,0.28023458568414633,0.09549334159348065,0.05976994468503203,0.16959449393514636,0.2,0.6,1.0,35,0.8309751322439866,16.263994967476137
25,22,0.23271965575632314,0.9379055877861047,0.9496138602420379,0.3311960222922501,0.24534875629578326,0.10879642264890528,0.056497984890200616,0.1348284795393187,0.2,0.6,1.0,37,1.9149374831676067,20.453110986136
25,23,0.23478701384500178,0.9305578671780316,0.9374722254547082,0.34463684146411666,0.21747259360728227,0.10093488182520685,0.05678489105516645,0.1420010256528714,0.2,0.6,1.0,40,1.7696205000024072,19.843500588598022
25,24,0.3136956565019292,1.007419123142854,1.0181011871552146,0.4445603874706734,0.3257093566488184,0.10115863557332302,0.08505744620405206,0.2086681807452087,0.2,0.6,1.0,42,2.169181559923227,36.1681626349448
25,25,0.3136951094634197,1.012364696865035,1.027419843279396,0.45401354872097555,0.2799428810342023,0.10115863557332302,0.08505744620405213,0.2086681807452087,0.2,0.6,1.0,44,2.1691545802806758,36.16682741058142
25,26,0.2887752898714885,0.9911964284885617,1.0105218755728842,0.4390242867485703,0.2641575444029997,0.10531650828777632,0.08002805560169822,0.18673733329522918,0.2,0.6,1.0,46,2.075672291270539,28.475639364880838
25,27,0.3163615435732523,1.0015136843330716,1.0115143908791104,0.4682390938553943,0.3304459896887614,0.10326237394214854,0.08615893049700492,0.2149166234833948,0.2,0.6,1.0,48,2.1112490902470817,27.590841830574675
25,28,0.3163615479001738,1.0064607111537986,1.0208345815035793,0.4779233588539067,0.287264656834697,0.10326237394214854,0.08615893049700499,0.21491662348339496,0.2,0.6,1.0,50,2.111249301720769,27.59084721104989
25,29,0.31414442321988684,1.0045181644986823,1.0229143028517862,0.48608732136467114,0.3137163874385126,0.1035211514232043,0.08615586509737164,0.214793524672523,0.2,0.6,1.0,52,2.156744801105228,28.809823314750684
25,30,0.30433909994890684,0.988541185814197,1.002472691038604,0.4733952616539784,0.28510990047962026,0.10136342531005492,0.08151235336613429,0.20875789280643525,0.2,0.6,1.0,54,1.8323747763719256,23.84960943863696
25,31,0.3374656124647778,1.0264630518833462,1.0487750776933003,0.5403537901522686,0.3267738813635616,0.10117961591886006,0.09342432772986073,0.23678121745434888,0.2,0.6,1.0,58,2.145615274142825,32.261893329951164
25,32,0.33442651246882105,1.0081182977465233,1.0253426263269783,0.5411736460306618,0.36758142865126087,0.10180748709291193,0.09328685424074937,0.2372204727922397,0.2,0.6,1.0,60,2.1298511103830693,28.27976403458455
25,33,0.3100144097606847,0.9836877180925305,1.0049528123674387,0.5237419343617965,0.316327262359009,0.10520803162410909,0.09221044045592716,0.21426538302060022,0.2,0.6,1.0,62,1.801598129936273,29.03874152073656
25,34,0.3107293014527936,0.9889652601416827,1.014579532929207,0.5347030549484295,0.2928912402793009,0.10452631056403339,0.09243871327902722,0.2150612516151475,0.2,0.6,1.0,64,1.8018562939231109,30.231633832466446
25,35,0.3097262283804877,0.987510696372748,1.0130947786602007,0.5371836137462853,0.2954204725343251,0.10507618947317997,0.09221457964194887,0.21421747033134544,0.2,0.6,1.0,65,1.8007775948466032,29.661566545835644
25,36,0.30920513076254535,0.990070488944469,1.0199069903377018,0.550473986917354,0.30807860462581776,0.10500015675619967,0.09221720769328684,0.2141894687904445,0.2,0.6,1.0,66,1.7433600928552129,29.07797088466298
25,37,0.2933424781076586,0.9674322270386243,0.9927768261630369,0.5377524049884722,0.2787276552606205,0.10641960180108223,0.08292232351111581,0.20409788986875319,0.2,0.6,1.0,71,1.8943584115889165,26.52890281332988
25,38,0.2923804613928962,0.9619359637273902,0.9869894606438884,0.5400859869645342,0.31931351011083764,0.10571503691411772,0.08302365539211541,0.20433650170449305,0.2,0.6,1.0,72,1.9198541764895876,21.645654860144724
25,39,0.29313445953293005,0.9449162120696927,0.9729411791583624,0.5573661035487134,0.49280135300657313,0.10186328703821593,0.09960149049323105,0.20042161761353605,0.2,0.6,1.0,73,1.6951297837221455,23.87579126743204
25,40,0.15123912185138155,0.7949486623180314,0.8184137998146577,0.440249609576585,0.13994929175706847,0.09571306218744098,0.06866101019025099,0.078821371055908,0.2,0.6,1.0,92,2.5139754530343854,2.666923011486669
25,41,0.11682324075308001,0.7668250701916675,0.7947438338114853,0.42118761668848137,0.1047983873190291,0.0845710753338272,0.05747920921915363,0.05312555467603451,0.2,0.6,1.0,95,2.72846593988905,1.436088839757509
25,42,0.1092455842697505,0.7559195324341569,0.7877212356661667,0.4194088364339815,0.17234835849469216,0.09021106869548866,0.054816840036616986,0.047265011183886,0.2,0.6,1.0,96,2.77858326341652,1.5820888975270415
25,43,0.10948602254922589,0.7560364183531243,0.7878308679035863,0.4249127051300208,0.0995378920369133,0.08572084017419307,0.05320167476383754,0.04938984155844753,0.2,0.6,1.0,97,2.779586052341796,1.7056337758021922
25,44,0.11401382160181399,0.7585066577191218,0.7901804226232025,0.43258445877220636,0.12152069531467873,0.08532097085199056,0.054057294443886406,0.053770964977689975,0.2,0.6,1.0,98,2.6976488664420595,1.7938053593313483
25,45,0.11260238827473856,0.7616314980945615,0.7976543857517066,0.44804057925951324,0.1055496874924087,0.08766084025420373,0.057751961975329544,0.04973097716577436,0.2,0.6,1.0,99,2.7331956533904425,1.4244961018621336
25,46,0.13417573985618936,0.7908995223032158,0.8355402417725507,0.5107366713474677,0.12703596059922706,0.08864305143090764,0.060433917730427736,0.06979537791810388,0.2,0.6,1.0,105,2.0517575893944118,1.1490445357381482
25,47,0.13639956904772563,0.7920164213072448,0.83659266119562,0.5163891069213795,0.13593048701288904,0.08674108870981474,0.06307198282154183,0.0709624202295912,0.2,0.6,1.0,106,2.126866208348773,1.143867450055964
25,48,0.10875111664963885,0.7637495687557614,0.8082899271037935,0.48012711574227773,0.10390502867591411,0.08042687735306212,0.05663838340413017,0.04851532091692219,0.2,0.6,1.0,107,2.700461137675054,1.5080077293256522
25,49,0.13431025962148915,0.7942206663019798,0.8431321567007782,0.540617479668091,0.12445753158016616,0.08854949559566926,0.06055984904323384,0.07010158082795123,0.2,0.6,1.0,108,2.0327906012807127,1.2350798486355508
25,50,0.12598779663480883,0.7520866595688451,0.7908856615015594,0.5063092031714843,0.3250774770750344,0.08835934212907116,0.06534415078908867,0.061567091610063,0.2,0.6,1.0,109,2.967089090176397,1.7518129794004529
25,51,0.12636159631816563,0.7570634099790602,0.8002162537347667,0.5205032071398192,0.11942947178096883,0.0882318815211473,0.06560406012649977,0.06184187446432632,0.2,0.6,1.0,114,2.924179349574633,1.6955412957583125
25,52,0.11938374131241872,0.7590461917447363,0.8108928958865002,0.5510551919442421,0.11990184964299655,0.08823545515911208,0.0653628939595324,0.05509364368418026,0.2,0.6,1.0,115,2.702101001975624,1.5367163824928802
25,53,0.132442738577022,0.7614754435046074,0.8045341490044577,0.5635740152766511,0.1264722306247799,0.08047723097671924,0.06277691962088226,0.0713294789295578,0.2,0.6,1.0,120,3.093103389128101,2.508516620841031
25,54,0.1418804079084145,0.7684519331328824,0.8113730641735908,0.5805156094258381,0.13811594052958498,0.08454309768909819,0.07035195393501366,0.07562059843064022,0.2,0.6,1.0,126,2.65814890110769,2.6373286269505
25,55,0.14775765378439032,0.7633774678805028,0.8097888780801445,0.6012003935340491,0.27533645134879,0.08422970181547326,0.07126720951654442,0.08226254469925932,0.2,0.6,1.0,127,2.8450089254751454,0.9175009476689258
25,56,0.15029952452393897,0.759669456120453,0.805737239745264,0.6125829523785778,0.1708213311649029,0.08571227461438098,0.07072907340091794,0.08525641589690051,0.2,0.6,1.0,129,2.94652361739972,1.064320745674977
25,57,0.1349108155808358,0.7424217782561173,0.8048039000981115,0.662161399451793,0.1418539530118877,0.09569781432463315,0.06336767972089763,0.07352937859531074,0.2,0.6,1.0,145,3.054288129673252,2.514995632649734
25,58,0.13489723602283316,0.7415469940338006,0.807989013899504,0.6854986205588302,0.14661481186207273,0.094414666172982,0.06423407524799343,0.07352950253381976,0.2,0.6,1.0,148,3.056417337108297,2.057762453009174
25,59,0.1376382460408151,0.7469066559961052,0.8175964733822753,0.7061891546923019,0.14327158358796077,0.09388080131430393,0.06512280896218572,0.07595046441415786,0.2,0.6,1.0,150,3.047696074885692,1.906149359004948
25,60,0.13975872009132753,0.7411679978349147,0.8114358712335586,0.699479033794744,0.20004405201817527,0.09423227536373396,0.0666103904074685,0.07744577352658315,0.2,0.6,1.0,151,3.0718675737253465,2.0573527526425277
26,0,0.7886953073906744,0.9783833663469774,0.9772705135964657,0.05938323962905943,0.0,0.0,0.0,0.0,0.2,0.6,1.0,1,15.261213163847383,63.290258152208175
26,1,0.5323359588107861,0.9579651061422867,0.9548963542520992,0.07217198014608278,0.165472526428599,0.08674887298560799,7.804026919373e-05,0.00017917661441174,0.2,0.6,1.0,3,9.771536260494194,40.54540891044783
26,2,0.39591579516485986,0.9466064962647431,0.9418620966501077,0.08863692295197234,0.292183312541125,0.11519328703101227,0.0025217250504361603,0.0142161259984941,0.2,0.6,1.0,4,10.247088536174909,39.993811257894734
26,3,0.2071725587854395,0.8774973989658302,0.8740905984761954,0.06333274853618019,0.48535132751084714,0.10225615562229297,0.0011142540164417,0.00255827234225836,0.2,0.6,1.0,5,1.7247811220311782,5.941420093198169
26,4,0.18062270372333283,0.8619984873676207,0.857941605577722,0.06252591430222576,0.06869736351769662,0.10050652976466706,0.00024121234275606998,0.00056121665372744,0.2,0.6,1.0,7,2.014027174999457,4.048212782169137
26,5,0.17322052001295962,0.8624341092413915,0.8579028160578812,0.07566520008272354,0.06957033059899449,0.11304255330936548,0.00278062894680763,0.0061814216052726596,0.2,0.6,1.0,9,1.3537746929051715,1.3392768467683591
26,6,0.15716289322495525,0.8483139856849752,0.8434866851436922,0.07178979371136807,0.04127576787166899,0.10343698193608745,0.0004926215319992001,0.00110571273191485,0.2,0.6,1.0,11,1.9176761637394264,3.1250548144066768
26,7,0.15251761926257165,0.8453852327733089,0.8403798858558882,0.07610396748509106,0.03615968646784578,0.10620175165226375,0.00047871111300251,0.00109091538156462,0.2,0.6,1.0,13,1.6251693099066076,2.428912544787996
26,8,0.1488338040958346,0.8477304205978076,0.8469642705364883,0.08872926271792637,0.03259015402509993,0.10620175165226371,0.00047871111300252,0.00109091538156462,0.2,0.6,1.0,15,1.8033585540723287,2.6258038623034663
26,9,0.08425037744678586,0.7668519109522134,0.7607378605804657,0.08643594652436776,0.8664375270457251,0.11548155002940334,0.01560606811287805,0.013165066326982569,0.2,0.6,1.0,16,1.8134178426481264,2.939226102504188
26,10,0.08138685973022379,0.7638902696589122,0.7617422560395,0.09153231126824257,0.07232166133593364,0.11548155002940329,0.015606068112878079,0.01316506632698263,0.2,0.6,1.0,18,1.786661161784831,2.9354512653943146
26,11,0.05457901814483506,0.5995875903322819,0.5847001724701473,0.061911771700079735,0.6795182011170722,0.10948130076506091,0.01896294657216711,0.0155120104324025,0.2,0.6,1.0,20,2.0158143548627194,0.1719553197497945
26,12,0.054593983455717345,0.6000869927493012,0.5893274760708829,0.06849122970653702,0.06762978889168685,0.10951166046482944,0.01918199720011344,0.015691197544120412,0.2,0.6,1.0,22,2.0321294877220355,0.1607090170549668
26,13,0.0551573255602108,0.5810437154652583,0.5651109315528816,0.06926427972500207,0.11124484569766323,0.11165829334213495,0.02071718101021646,0.01578681924042659,0.2,0.6,1.0,24,2.097587751576456,0.438833462084949
26,14,0.054876010409995866,0.5693999848086784,0.5528526023545283,0.07463592120401664,0.1433696914473842,0.1116583909898636,0.02064058879368038,0.01612776695803976,0.2,0.6,1.0,25,2.057227982439007,0.5786777916506077
26,15,0.05094281604328003,0.49110550828370464,0.4706100915062436,0.061348246267133096,0.3477962944092037,0.1083284954265643,0.018334692175069812,0.01657465487164527,0.2,0.6,1.0,27,1.967105176022812,1.1987190249750186
26,16,0.050968990202272524,0.488647756923648,0.4680220123737987,0.06347806939132644,0.06898909043086887,0.10839680195172968,0.01817836916498898,0.016728692236210048,0.2,0.6,1.0,28,2.0305107019889603,1.306241922055115
26,17,0.04944120800147037,0.46887563429513346,0.4472946330024159,0.06077669047721842,0.19252762630256995,0.1078524543912061,0.01765209375021502,0.015937367155860062,0.2,0.6,1.0,29,1.9418694253052504,1.0368266818752887
26,18,0.04953662711611832,0.46815399648596157,0.4465302914103676,0.06331997458492185,0.054668828193184735,0.10802419490364033,0.01785725461665495,0.01588782471560966,0.2,0.6,1.0,30,1.9412129236184383,0.916424359099195
26,19,0.05004798078616814,0.46425755693378973,0.4465184069681556,0.07299842296212382,0.08627246719730366,0.10812899869355473,0.017711623921963397,0.016602076017478158,0.2,0.6,1.0,32,1.981500259724137,1.204782487899764
26,20,0.049897906239659284,0.46089025720135535,0.4429831731235261,0.07490612789659093,0.07529446377959279,0.10818743766908573,0.01778887138851813,0.01643893680967022,0.2,0.6,1.0,33,1.985118899109031,1.0423699598281717
26,21,0.051140881800451024,0.4603820474682084,0.446499122902208,0.0978513341098067,0.06274617733950981,0.10974533027067242,0.01908247704066488,0.01667541791683817,0.2,0.6,1.0,37,1.9086862510140612,0.8572451921211185
26,22,0.050749163738028805,0.4453826407008694,0.42662348937493416,0.09124510374522204,0.07521365048594358,0.10952661780647234,0.01901678031776869,0.01647842775302949,0.2,0.6,1.0,40,1.9015793074493237,1.0274847308154462
26,23,0.050704259163672966,0.4499351873171211,0.4355310151858227,0.09758743236225775,0.05236860222873781,0.10936299588256364,0.01884251305574676,0.016574420158527562,0.2,0.6,1.0,41,1.8954123835047072,1.170145437264527
26,24,0.05072140359239088,0.4489529662974975,0.43449677319827573,0.10020673656939963,0.05787400286921681,0.10915079421784415,0.01878414471044464,0.016680130110666,0.2,0.6,1.0,42,1.9028788005693895,1.0532550033622108
26,25,0.050541581137307875,0.4478437319562994,0.43333919054092224,0.10262677001787168,0.05685606660098581,0.10918173408252727,0.01877668690086717,0.01650841254235004,0.2,0.6,1.0,43,1.9028454665480852,1.051719099622911
26,26,0.05187954347938889,0.44621829382964046,0.4356755518493481,0.11227369269032719,0.11335715095380014,0.10854503648416935,0.01921853599740083,0.017788993017107048,0.2,0.6,1.0,44,1.899989019738572,0.4456813607873179
26,27,0.0510689052030676,0.4500039088340989,0.44381599080634043,0.14493704591134762,0.050665561103425176,0.11002483436567544,0.01918909617295763,0.0167054833770267,0.2,0.6,1.0,54,1.8991372704408456,0.6031486847459374
26,28,0.05144948791554314,0.45288525639151006,0.45094346559912907,0.15775090331256394,0.05948631247230898,0.1100119891244604,0.01918920577205538,0.01710999898297069,0.2,0.6,1.0,56,1.894464504024974,0.5100046395274158
26,29,0.05154388359210951,0.45289574508510266,0.4509496066682477,0.17019278200225446,0.05083280158533701,0.10996856078764881,0.01919058562528644,0.01721278555462696,0.2,0.6,1.0,60,1.895609592384886,0.8197555096720425
26,30,0.05149855951965836,0.45262026902940333,0.4506621536300926,0.17320176389815056,0.05172620343801084,0.11003868564082993,0.01935794828073041,0.01705552310933882,0.2,0.6,1.0,62,1.8978955015699133,0.7740005409895759
26,31,0.05149459380510679,0.45261203685132556,0.4506536983557878,0.17629077105613034,0.050727604561990075,0.11000170006283919,0.01935567741606077,0.01706038155418391,0.2,0.6,1.0,63,1.898483244397956,0.8082470021983734
26,32,0.05113412122050562,0.4512222548320827,0.44921044291550066,0.18189417420717258,0.05431730603811482,0.10999857676456055,0.01898576341603366,0.01693193046936929,0.2,0.6,1.0,65,1.894224942226342,0.5607816311895533
26,33,0.05122039981225795,0.4498298677318711,0.447741241354037,0.19094228805169677,0.054274523293634025,0.10898615971856798,0.018944216263630888,0.01725908912655537,0.2,0.6,1.0,68,1.8968994097859968,0.5491922820596808
26,34,0.05157713893175693,0.4357583474868091,0.42468791796578265,0.19477571074688324,0.08637667543043859,0.10980883923400399,0.01892274114775122,0.017504259861701323,0.2,0.6,1.0,69,1.8960791395654324,0.5517703046493792
26,35,0.05166474785336342,0.43572125086717073,0.42464434653700767,0.20694641115477203,0.05116396454786978,0.1100175360247108,0.018893277467130102,0.01756892721637568,0.2,0.6,1.0,73,1.8983076701847084,0.8661845826424658
26,36,0.05171934297439268,0.4492247531441746,0.45119506878502597,0.24179720297365526,0.05626020493759348,0.11004779726402193,0.019171694755893427,0.01746193016963808,0.2,0.6,1.0,75,1.90846486528518,1.1306299620181477
26,37,0.051349710607680246,0.4710817474049462,0.49478765607759145,0.3013212452408586,0.052137282650974545,0.10910123902254867,0.01901176224002403,0.01739850031755982,0.2,0.6,1.0,88,1.9135807834602951,1.1032426075452295
26,38,0.04977804384954874,0.47848436653197435,0.5108888362745533,0.41914512474389665,0.0493264695630856,0.10881322230187002,0.0140322444042906,0.01888015496310294,0.2,0.6,1.0,117,1.896560025769744,0.9539383395701246
26,39,0.050139806482326715,0.47813271771843807,0.5105001685795532,0.4209842390292992,0.054944501564114345,0.10879605009566139,0.0140337978468538,0.01925012246276518,0.2,0.6,1.0,118,1.8973860791007848,0.8033157321295737
26,40,0.04369423008071811,0.47432279081121603,0.5109434822837383,0.43917084409403995,0.046560508132031164,0.10884622258380366,0.014099214354405101,0.012773361708592178,0.2,0.6,1.0,123,1.9077771322288568,1.199779702148532
26,41,0.048447559670837685,0.5082453041932168,0.5710783487575203,0.6309531556247036,0.0478486394930734,0.1088480890522454,0.01417207118001875,0.01748661848122833,0.2,0.6,1.0,168,1.912371601994033,0.8211854808571056
27,0,0.7883908928018506,0.9783489448957102,0.977234335801564,0.05937529813296714,0.0,0.0,0.0,0.0,0.2,0.6,1.0,1,15.358380360713156,65.91919911059219
27,1,0.5424309476121696,0.9566837973151615,0.953735652607468,0.0690660446422744,0.15259885382360633,0.06898117077123939,7.128550473199e-05,0.00011348140398532999,0.2,0.6,1.0,3,8.595540685972743,40.7064407182822
27,2,0.4503678050209243,0.951381212046377,0.9474030993346638,0.08184591372595937,0.18510845957480243,0.10966428570128492,0.00121005891680736,0.00599760956619838,0.2,0.6,1.0,4,6.915719073248926,40.0407159180788
27,3,0.1698859653349678,0.8576152480554755,0.8530946534537643,0.06845386583385399,0.7681397121045728,0.10826600828121613,0.0012469007392565,0.00303067181424873,0.2,0.6,1.0,5,2.978960091895031,3.0823007046824067
27,4,0.16982190444731335,0.8625227581443198,0.8623732565196073,0.0741517121437003,0.025585723070656468,0.10826600828121613,0.00124690073925649,0.00303067181424868,0.2,0.6,1.0,7,2.992983467671539,3.091195796121826
27,5,0.1559296145065508,0.848679939367391,0.8436824816732537,0.06887262234183981,0.09763247386900746,0.10818215708273003,0.0012103082643052901,0.00339727126648273,0.2,0.6,1.0,8,4.51791698034033,5.081687494679625
27,6,0.15419966278922337,0.8524274239028369,0.8517413650787747,0.0871853258615146,0.030397264553634035,0.10818215708273,0.0012103082643052901,0.00339727126648273,0.2,0.6,1.0,10,4.610290005572398,5.239129145008024
27,7,0.13677163718526264,0.8336797659239971,0.828108706171091,0.07066775403750775,0.09930965918675463,0.09641291164849153,0.00106059668921097,0.00198313350435627,0.2,0.6,1.0,11,3.199473060525712,6.115471543545324
27,8,0.1368813353959251,0.8387979819610527,0.8375891306540224,0.08398427216860503,0.022839583494794216,0.09899950210333817,0.00094608607503075,0.00191884469921756,0.2,0.6,1.0,14,3.092416578661745,6.921797005992788
27,9,0.13439811121798081,0.8315871955849531,0.8259689845788842,0.08479787679277129,0.026327385491865144,0.09181629908041758,0.00118101666862553,0.00165357643179796,0.2,0.6,1.0,15,5.320184025819505,7.16138415970388
27,10,0.13043114489058383,0.8329274606114185,0.8316088822504308,0.0938141860661157,0.02129428954237017,0.08409666447279515,0.0007558134929577101,0.00127374980694339,0.2,0.6,1.0,19,1.6878638392131196,2.204062891533165
27,11,0.1275718896935317,0.8259218679678618,0.8200538119477748,0.09534425034774016,0.04660432903411713,0.09235789239255685,0.0005740180672688,0.00109725199922229,0.2,0.6,1.0,20,2.6234450477042923,2.403065703727997
27,12,0.1267365209597152,0.8301715584578716,0.828640745511377,0.11069505031082687,0.02261314670898413,0.09235789239255691,0.0005740180672688,0.00109725199922229,0.2,0.6,1.0,22,2.6409131069455243,2.404478546457827
27,13,0.12850687636704133,0.8369049082620496,0.839743154854456,0.1151616449067802,0.022404951596657743,0.09713410804039475,0.00074225862649759,0.0019076287515534698,0.2,0.6,1.0,23,7.495014840603141,24.774288820000933
27,14,0.12355100354071948,0.8274550330001624,0.8257920071661717,0.11219835338701846,0.03914474896093667,0.09176527361684773,0.00056373188797327,0.00107483991861987,0.2,0.6,1.0,24,3.059565756974033,1.866796807199367
27,15,0.13094843110630583,0.8448440728755837,0.8518962820872269,0.13967227837185767,0.03256414948169542,0.09849107312414855,0.00102052811555553,0.00755428491043335,0.2,0.6,1.0,25,1.632649636375632,8.091719849483788
27,16,0.1395283975984928,0.8587754635268257,0.8700510336972711,0.16199366100668092,0.06241251142809923,0.099550739214287,0.030901592887224126,0.0013078593194037799,0.2,0.6,1.0,26,1.6051262382179765,5.588853040013852
27,17,0.13030687956569184,0.8452043266444941,0.8516082077492243,0.15824796772238522,0.11620460574849058,0.09756466807243566,0.032855208343645206,0.00159201646475828,0.2,0.6,1.0,27,1.697190955648807,6.421275118516429
27,18,0.10566928694531554,0.8152038109963622,0.8167517750835124,0.1461194652875209,0.09829671656316583,0.09853638785477,0.00586315158042501,0.0019177534963730198,0.2,0.6,1.0,28,2.972261905282743,6.813427723497725
27,19,0.09971841294295729,0.808298204928379,0.8094770938657214,0.1536237211184799,0.08108195652140092,0.08903956270144858,0.00793548324406773,0.00283736200058007,0.2,0.6,1.0,29,2.810864507276914,10.766042915935762
27,20,0.1127304264624394,0.8208307190649399,0.8218709198142337,0.16825538319888123,0.045876851275627004,0.09587001235700202,0.032796682518415096,0.0017813000594726202,0.2,0.6,1.0,33,3.1840661775718533,8.804128183237177
27,21,0.10750291259029998,0.8146131214482855,0.8154120709565649,0.19876418757745218,0.04822362444665612,0.09586921229930813,0.026817748994316843,0.00383782393587598,0.2,0.6,1.0,37,9.15645837672816,28.92091759741241
27,22,0.0989459277812866,0.8023880647786048,0.8025239220408089,0.19960347582605978,0.14003460231304926,0.09971540367354016,0.02676171772933846,0.0037574510033215798,0.2,0.6,1.0,38,6.675350087608518,27.650599263011344
27,23,0.09838417142080118,0.8165075972154973,0.8297385146434823,0.2150623840381497,0.041355680162353345,0.09945907069090931,0.02661534448067212,0.00364911882071058,0.2,0.6,1.0,40,7.085278102283787,27.189597488807657
27,24,0.09464220788722202,0.80350494396688,0.8117744812534831,0.2223325952479984,0.07263433348659831,0.09948256405227371,0.027337304261499967,0.0065824451310205504,0.2,0.6,1.0,43,6.906277436045005,26.562153850543275
27,25,0.07854665745785361,0.7948383025169538,0.811565964486391,0.23406220952185314,0.04074087473629684,0.094967450799194,0.0030627097746264197,0.009087997265468311,0.2,0.6,1.0,47,6.0936404447011885,22.080102895048608
27,26,0.09009026975830954,0.7974622615310961,0.8093893498181486,0.2543351072313334,0.07811503756007125,0.10491822441583046,0.02935934735910626,0.007193322517678109,0.2,0.6,1.0,49,7.004501464746595,26.777415360798635
27,27,0.08567912189365297,0.8014722915234154,0.8219928029972742,0.2611155460344174,0.05479488117822964,0.09944480259801604,0.02963086776508511,0.0052110723163117,0.2,0.6,1.0,51,7.160432426962903,27.322208409909862
27,28,0.07005543488381724,0.7799999994497167,0.7960188238690736,0.26604634588687637,0.055177504102902654,0.09472995812103943,0.00981245761612244,0.00401649067816095,0.2,0.6,1.0,52,6.441748020947255,21.41120265945226
27,29,0.0728849130652208,0.7728497075482615,0.7880129250560772,0.27225298940244164,0.1601371952747729,0.09407108984562948,0.026412905844656782,0.00365824466177926,0.2,0.6,1.0,53,6.209351609787588,21.19043905046916
27,30,0.0750210779114429,0.7784689469948475,0.7978829907887557,0.3113451387003966,0.04507769270060479,0.09405350930412296,0.030812746721997557,0.00407047000565446,0.2,0.6,1.0,58,6.437573240356191,25.061965044307527
27,31,0.07216305841167801,0.7751398910386504,0.794515109440361,0.31276742804226576,0.04465187872586688,0.09409083134560821,0.02668681858184143,0.003963721284764641,0.2,0.6,1.0,59,6.429015544412427,25.04102480091612
27,32,0.07174626873935065,0.7794773917681522,0.8032097322733174,0.3198071950488152,0.04097133665628049,0.09390980957398094,0.02635927358222649,0.0038984746501400996,0.2,0.6,1.0,60,6.460031510497169,25.066416897467377
27,33,0.0717423416458865,0.7789496134832408,0.8026394431843942,0.33017889667872174,0.045113073668857355,0.09409083134560821,0.02668681858184141,0.003963721284764641,0.2,0.6,1.0,61,6.388108194569591,24.842984557760424
27,34,0.07173209378976507,0.7803323234379157,0.8081099831230159,0.33435699702813215,0.05155976526159957,0.09161581954213908,0.030773389518257248,0.00398511047079346,0.2,0.6,1.0,65,5.220217104707143,22.85064967482789
27,35,0.10127415532205628,0.8134042187686528,0.8454439127099044,0.38208591243436296,0.07525773079826845,0.08174672348922131,0.031040660494097178,0.03608228713114241,0.2,0.6,1.0,69,5.033583921262502,23.882206499430712
27,36,0.07007486360971756,0.7799311655452987,0.8117949677505416,0.3790488103496588,0.04545319515674751,0.0930230001540561,0.03066285912251082,0.0039972148929654,0.2,0.6,1.0,75,5.8750054193187085,22.178498837722444
27,37,0.07802663133155313,0.7929886818808976,0.8332357529468585,0.38216708375406394,0.10737424984467792,0.09915296672004753,0.03175679777861519,0.01233098205092102,0.2,0.6,1.0,76,7.30271990819691,29.334172536698787
27,38,0.06780660549019725,0.7735069514985993,0.8090710108468513,0.36161262100891806,0.08822063396284428,0.09395617549349929,0.028969998905221422,0.006526563463948259,0.2,0.6,1.0,77,6.416507442229576,21.69240409947981
27,39,0.0631091273518724,0.7644973428683279,0.8037861495027527,0.38647846066955094,0.09077216168046406,0.09393420678109941,0.030431452756172837,0.00429288876863489,0.2,0.6,1.0,79,6.384290659671799,21.651259568101143
27,40,0.07082784699237886,0.7779261841367756,0.8256787150554631,0.42775302823235084,0.06108545808391415,0.09383927138651108,0.033259663460163666,0.01163963771531602,0.2,0.6,1.0,83,6.422482206912406,25.45078167288039
27,41,0.06294909373594527,0.7586228297374537,0.7975289318537049,0.3935575814119293,0.05706087135949131,0.09373013874164149,0.0297855951427914,0.006280925816793401,0.2,0.6,1.0,84,6.564987024104274,25.018937762370243
27,42,0.06189134150748453,0.7623449772885835,0.8056131512327949,0.40378425360617776,0.04354675096004616,0.09393064563727815,0.03073163772959827,0.00466377450037016,0.2,0.6,1.0,85,6.545113397324477,25.01568068674402
27,43,0.05909449931742721,0.7950048000820364,0.8729870268626807,0.562387896553108,0.04170646993077437,0.09069615029853678,0.029240696130207088,0.00455787643959066,0.2,0.6,1.0,113,4.895370541960356,22.896137208665447
27,44,0.058588756765945105,0.7973652293412845,0.8795852038522795,0.5857326882890616,0.05053356642235952,0.09069709824184012,0.02924812874997647,0.00459685131398542,0.2,0.6,1.0,115,5.013405242279542,22.916807576153804
27,45,0.06821996733754686,0.8206797604324817,0.9159441927344995,0.6222085131833786,0.06167677043728392,0.0921513636667653,0.03293881294345594,0.01202289248299242,0.2,0.6,1.0,116,5.456528799538115,22.98953415898421
27,46,0.057841653908916185,0.7948837967837159,0.8769917620001617,0.5975479738958721,0.04543853583882722,0.08895165973963716,0.02924041636780576,0.004644856451678199,0.2,0.6,1.0,117,5.186352939912973,23.056976238933917
27,47,0.05737784738866296,0.7872848461059051,0.8730029727956615,0.6023090463900713,0.08072028196820133,0.09119442647032097,0.03146997652746729,0.00513433621416416,0.2,0.6,1.0,120,5.0219150192731385,23.925866475312603
27,48,0.05685694389222385,0.7873611836452905,0.8771842771820193,0.6139118925117683,0.0628895998005547,0.09074088363101085,0.03117697623283571,0.00574020277068905,0.2,0.6,1.0,122,5.096643516696476,25.27386541470743
27,49,0.05685694578350801,0.7923082126975763,0.8865044440295675,0.6334741368192802,0.042594828457278154,0.0907408835241697,0.03117697939777727,0.00574020312465145,0.2,0.6,1.0,124,5.096643574722879,25.27386531033646
27,50,0.0657746869405395,0.8209000893374905,0.9325817331496697,0.7160312121273087,0.05164530611698083,0.0912407171666832,0.03275506747911678,0.013637820392151351,0.2,0.6,1.0,134,5.280832295456068,24.3314540488389
27,51,0.05449435720886769,0.7994218901309491,0.9064109422109616,0.7229297212572713,0.04443313047520487,0.09032232995506163,0.02997762715982849,0.00516161478794253,0.2,0.6,1.0,149,5.307337260029242,23.71308796080534
27,52,0.05335160285994799,0.8019761590716612,0.917339142628016,0.747982400690586,0.05049571951500914,0.09243273350615114,0.03012566588138484,0.00454486587616427,0.2,0.6,1.0,155,5.056386377491874,24.30594553162704
27,53,0.052875486107848334,0.8271478061565168,0.96850993679218,0.8474207628929259,0.04367147622817225,0.0929219748376943,0.03008818725491867,0.00461743617003856,0.2,0.6,1.0,170,5.267020039937198,24.23895702744934
27,54,0.05284929531511366,0.8269705950644977,0.9683237695571757,0.8610461082273911,0.04261855937091722,0.09280099248268307,0.030102230537750102,0.00462990505528414,0.2,0.6,1.0,171,5.411921324537369,23.982968179273044
28,0,0.7617780397312575,0.9752912103842876,0.974019219590086,0.058700465527808124,0.0,0.0,0.0,0.0,0.2,0.6,1.0,1,17.583735914764084,65.28636993635914
28,1,0.515474069919717,0.9527083668457776,0.9495125974448096,0.06883917037840094,0.16025622031166298,0.07308528793013222,6.957178601314001e-05,0.00012857806301558,0.2,0.6,1.0,3,11.051632209146842,41.92641052288319
28,2,0.4303010644024404,0.9557723159293607,0.9514344127269081,0.09164871718179705,0.21276566802716393,0.13921654429243369,0.00120868229901594,0.01146939753469586,0.2,0.6,1.0,4,7.415318950643918,39.971637112791015
28,3,0.15199675140731803,0.8462249287159961,0.8412248143076269,0.05622804040261318,0.7927114997072597,0.10028340587188757,0.00127417888281565,0.0025352074345928602,0.2,0.6,1.0,5,5.106390850327632,3.164975775794637
28,4,0.1417952972703361,0.8378438211563333,0.8326108080968586,0.056279231730494206,0.03703020931584376,0.09357728380163123,0.00031159669853999996,0.00059702987202959,0.2,0.6,1.0,7,4.481862558954769,2.014488888286663
28,5,0.12527862546151144,0.8288831096951299,0.8273072890117452,0.06818830445772833,0.06978916360317353,0.09357728380163119,0.00031159669853999996,0.00059702987202959,0.2,0.6,1.0,9,5.042812614194665,1.728368386535302
28,6,0.11311195086202061,0.8131226352880514,0.8065318137156913,0.06327717217016322,0.1182167945022343,0.0930378373271994,0.00068200289479117,0.00213675677173741,0.2,0.6,1.0,10,6.918935214686382,11.639472832717898
28,7,0.11311195043741595,0.8180696621087782,0.8158520303486393,0.07757368852124062,0.02115356118129629,0.09303783732719949,0.00068200289479117,0.00213675677173741,0.2,0.6,1.0,12,6.918933747248984,11.639469906811874
28,8,0.11752659961802134,0.8175799971738406,0.8107964734610588,0.07926548147882789,0.05850510330932898,0.11333971776549912,0.0009651994022433399,0.0061078179900493305,0.2,0.6,1.0,13,8.222297465953293,67.14429172420158
28,9,0.13950759868735382,0.844195869275358,0.841438719888211,0.11448522306438982,0.0839807511788691,0.09973118744104517,0.01645776290220252,0.027939113023040852,0.2,0.6,1.0,15,4.614544477339357,12.175239977676515
28,10,0.13227649553313087,0.8356489748344712,0.8323770370891042,0.12339189757677288,0.09814022725143864,0.08119177837010336,0.0216569304242099,0.02998059761856873,0.2,0.6,1.0,17,4.5210097779790575,20.457915128489788
28,11,0.12274968126000518,0.8304877626201633,0.8314339528422182,0.13035513642739335,0.0638420511591137,0.0849941024756145,0.01734322224360006,0.02471190129963493,0.2,0.6,1.0,19,4.495544481067889,24.573342167040582
28,12,0.38029336833260446,1.0819269763219954,1.078239508011167,0.3949539850239436,0.32341248380431475,0.10443326208332258,0.05169771810872366,0.2616574902322273,0.2,0.6,1.0,23,2.521128260148912,21.037908116236054
28,13,0.1121390615528276,0.8182261586089828,0.8188022848999765,0.12799523025275675,0.064243731352856,0.10479655120636534,0.010856169066578391,0.01957081989725382,0.2,0.6,1.0,24,6.633069041187387,17.28519613072589
28,14,0.21900184687924262,0.9144020929039095,0.9097292520116268,0.25824670502969194,0.23108921530819548,0.10243212369785182,0.03666651366845022,0.12269305445682563,0.2,0.6,1.0,26,2.496905632030254,14.082271425178003
28,15,0.14631523354788162,0.8564235615103906,0.8648529187764012,0.2086454803363425,0.09321881913410784,0.07945620857537614,0.01634200539148982,0.06699912845575033,0.2,0.6,1.0,31,7.256344669005066,1.381192394815001
28,16,0.14235227681087687,0.8426578818331749,0.846138284968668,0.19715882909256646,0.18212701038915002,0.07976631592046586,0.02132676644925085,0.06631219135982744,0.2,0.6,1.0,32,7.135506788606834,2.5873288363969302
28,17,0.16147369230690892,0.8656896584808119,0.8734307324404755,0.22554735834990997,0.13237920865972497,0.0770194049961399,0.02993244532986571,0.08196837625615017,0.2,0.6,1.0,33,8.224047857343825,1.7985991645346502
28,18,0.15131099177872492,0.8543907196577546,0.862012166455034,0.2218193541947135,0.12442854435799465,0.07855240048470485,0.029005921186034338,0.07324242723913517,0.2,0.6,1.0,34,8.211284100585061,2.5010358867427733
28,19,0.16151814573722628,0.8684072101877305,0.8802851397798859,0.24741712661136162,0.13532274553315138,0.07950853969517216,0.03005342653779302,0.08375880491262108,0.2,0.6,1.0,35,8.327009426299734,2.504998636226062
28,20,0.1615181389657693,0.8733542181370476,0.8896053304043544,0.25638361865510484,0.11769279038767047,0.07950853969517216,0.03005342653779299,0.08375880491262107,0.2,0.6,1.0,37,8.32701364918101,2.505001631255122
28,21,0.1506480481201874,0.8599422649906879,0.8759421997719196,0.2589873155144399,0.1471416430659504,0.07959636365232897,0.02107102765838849,0.08059734426308787,0.2,0.6,1.0,38,7.914634131639202,1.6584170867546066
28,22,0.13016351778345772,0.8245239068754526,0.8273953690066913,0.2291936647101407,0.08909906846312568,0.07870998371625881,0.02130124190171888,0.06023385007648313,0.2,0.6,1.0,42,6.15676222680284,3.418595193110587
28,23,0.12987547886905795,0.8285057444592331,0.835685639715154,0.23857196772046207,0.09393841208612233,0.07956901861184743,0.02131493705938111,0.060345906693331966,0.2,0.6,1.0,44,5.316164686560473,3.1341724765248555
28,24,0.12534966055726887,0.8341932463787392,0.8540672864906251,0.2669620119081385,0.09403288368167892,0.09018696017451025,0.01533909435699136,0.060916771376609356,0.2,0.6,1.0,55,6.622790390450529,1.9085902584061831
28,25,0.12010118256965696,0.8327527512002445,0.8568814609720558,0.27551868177809585,0.09510145791805888,0.08731899551757821,0.01854736982525672,0.055479471895939006,0.2,0.6,1.0,57,6.516238053112318,2.4298011816745264
28,26,0.11703467244772844,0.8264313557258686,0.8542720974497402,0.28420094044237615,0.1334521627349149,0.08744273861443096,0.01915739415679637,0.05666280907333634,0.2,0.6,1.0,59,6.84140456389402,2.394041034368033
28,27,0.21894835395042783,0.9651320922505522,1.008122101481192,0.417871127932897,0.17354608307373706,0.08536783077451324,0.03734691394846095,0.13059443418741518,0.2,0.6,1.0,64,11.654428458502624,44.26091401869642
28,28,0.25189560377536113,1.01341204344046,1.0623133288169444,0.5006032772582449,0.19141525795607678,0.08819919505860498,0.05181101255187477,0.1348052786229865,0.2,0.6,1.0,76,10.048282155647453,50.0305162938811
28,29,0.25144186456290685,1.0129659681483263,1.0618689004007538,0.5036455270176153,0.1836600792967721,0.08819569435793469,0.05202740171710818,0.1341969695192574,0.2,0.6,1.0,77,10.05239666667386,50.03051129749421
28,30,0.27257621951896693,1.0407962323295088,1.0945349084841642,0.5268721126490147,0.2545926593924799,0.08661622632435345,0.060889495024910756,0.14309329826539754,0.2,0.6,1.0,78,9.079469391968068,36.87251923737859
28,31,0.2725762187013451,1.0457432577176957,1.1038550716676132,0.5377360315276033,0.1969505687400017,0.08661622629736655,0.06088949481500333,0.1430932969641995,0.2,0.6,1.0,80,9.079469282438874,36.87251885860682
28,32,0.24945030832141887,1.0221131742660763,1.0800690918093667,0.5236611808408207,0.18501605851298797,0.08812235989915419,0.05348301894650722,0.12663492228202006,0.2,0.6,1.0,81,8.690365936966716,34.868311626653565
28,33,0.2704848630445079,1.0481427448274538,1.1104913894513404,0.5481230971103739,0.21031520444681706,0.08721454433839357,0.06094684408176625,0.14304007884889114,0.2,0.6,1.0,82,9.643600007001597,40.11046929654226
28,34,0.3285872435953309,1.0696313050452184,1.1398811576723364,0.7044976492940582,0.3055534709286033,0.11274806144880345,0.06208941962178003,0.24526276617277007,0.2,0.6,1.0,98,10.02505635952226,14.952191835832854
28,35,0.32858449807178025,1.0745679337192082,1.1491903987269605,0.7272255765375989,0.3051066742899511,0.11274806144880345,0.06208941962178004,0.24526276617277007,0.2,0.6,1.0,100,10.027641443684423,14.961887264308547
28,36,0.32857614036951943,1.0745362863651648,1.1491571078732767,0.7236199409246844,0.3053113562367086,0.11274806144880345,0.06208941962178003,0.24526276617277007,0.2,0.6,1.0,101,10.039538972597224,15.006262914923138
28,37,0.30183577795430977,1.0504139600513995,1.1292448646372375,0.733034275085424,0.2819631549243891,0.11571349855812656,0.06384251187388496,0.21771645155195865,0.2,0.6,1.0,110,13.764951630268898,13.103002583567
28,38,0.2784697702526955,1.0012370718369594,1.0621664805070536,0.7170025268299243,0.2731146841860025,0.10826302674257367,0.05508421102129838,0.20301475939003183,0.2,0.6,1.0,114,10.749762782284275,13.006401548117648
28,39,0.2780267333150061,1.0094648630350547,1.0790586982677945,0.7304717396312781,0.263822694082822,0.1082707131079085,0.05507207629488057,0.2029448927604804,0.2,0.6,1.0,116,10.749368938922984,12.978792228901904
28,40,0.2782409230734358,1.009571218980765,1.0791578914334805,0.7417164875390435,0.25842947557344503,0.10827640916765792,0.055107301158336064,0.20316881172194087,0.2,0.6,1.0,118,10.7524590346112,12.991008984442832
28,41,0.28153416883002397,1.018095642304355,1.096120423065604,0.7633948119726222,0.30886498619439096,0.11584841144221979,0.068957270122072,0.19796128250856476,0.2,0.6,1.0,119,13.299121519979757,12.22440853598976
28,42,0.2913245813510348,1.027833747568176,1.1058551015130125,0.7750966998875546,0.2724812718880017,0.11621036457486963,0.07102280893046874,0.20645415783714136,0.2,0.6,1.0,122,13.396842830044912,12.366958764216577
28,43,0.261038195677866,0.9909263347284099,1.0644652638501269,0.7499513756999474,0.2507438647709097,0.11594538875005317,0.06776174397414143,0.17862585453283647,0.2,0.6,1.0,124,13.1416211116688,12.14648999404497
28,44,0.3253283809148277,1.0538330162156264,1.1272822564351863,0.8292022759398059,0.3096622079026453,0.1112912870518407,0.0635209885578917,0.24675088623650251,0.2,0.6,1.0,129,10.651635905848543,16.888705204213863
28,45,0.18055060797039618,0.9162814169282368,0.9983049216366358,0.7343386687495584,0.17373435814994775,0.10594733261430064,0.05607597159922027,0.10818302892589308,0.2,0.6,1.0,131,7.925933047317359,11.86316284016162
28,46,0.17313898970872257,0.917300379759076,1.0079762640780507,0.7645157997369274,0.15806451107898345,0.10368442835600161,0.05953547624839809,0.09950964375124832,0.2,0.6,1.0,138,8.060109759421529,11.868615252271407
28,47,0.3234576390337449,1.0433306927798047,1.1121697345811141,0.7853852875007721,0.3062327017527415,0.11126491519647042,0.06575051555985637,0.2444669414126607,0.2,0.6,1.0,140,10.542161004951152,16.875883249289917
28,48,0.36020426915452314,1.1141646397866776,1.2095262382539855,0.9818581078655376,0.3439912912675988,0.11102709066282741,0.06859319851747168,0.2784519860401208,0.2,0.6,1.0,142,9.949196453012275,14.062383640536742
28,49,0.3649403811799208,1.0983923788708685,1.1802705223404732,0.8747827988724312,0.4070776280761029,0.11108927784655441,0.06957808367460877,0.2839881013509765,0.2,0.6,1.0,143,9.962314022758523,14.082910061661176
28,50,0.3619134603751779,1.1148914401704328,1.2142454364241648,1.004312204201836,0.34596635110674884,0.11099642086030848,0.06932000609185092,0.28119851465968243,0.2,0.6,1.0,146,9.942361023172118,14.08341525258576
28,51,0.1799520268542027,0.9055861932970568,0.9910408797146365,0.697426180415472,0.19568087410898438,0.10309105571984006,0.058116522245000725,0.11018609223199956,0.2,0.6,1.0,148,8.23666405640467,14.371482038889251
28,52,0.1714452913700001,0.916493603681365,1.0194179546101612,0.8635777981906493,0.16099253163180394,0.10361374938557255,0.058477824056453645,0.10143045983809498,0.2,0.6,1.0,149,8.029037743184828,11.86897152262574
28,53,0.16493612491454862,0.8891429740860853,0.9745099930641011,0.7009352799254358,0.16053603370603825,0.10340222983786232,0.05670996329352133,0.09622699174319986,0.2,0.6,1.0,150,9.261751332642325,11.79617906289851
28,54,0.15946023242271334,0.9073427298096646,1.0145111482159612,0.8610971240951859,0.15487108853261672,0.10291718038178238,0.05568013533334591,0.09165771336405776,0.2,0.6,1.0,151,7.897547286253243,11.72840939113996
28,55,0.1347834806339222,0.8965761882431456,1.0168074858094527,0.9940806937444218,0.12132968621631346,0.0987295255554222,0.04457568994879435,0.07464983221671612,0.2,0.6,1.0,197,8.566367015982207,15.169295339423712
28,56,0.13098536346659884,0.8924895499091738,1.012703160040996,0.9788248348366947,0.1237339861791593,0.09720317132733515,0.045042463034257456,0.07093204924746595,0.2,0.6,1.0,198,8.542907661163984,13.75578286210474
29,0,0.7988519177533999,0.97952270883536,0.9784685681934137,0.05963433511277093,0.0,0.0,0.0,0.0,0.2,0.6,1.0,1,14.520876554458132,61.917981803483165
29,1,0.5405024211799903,0.9584829793346504,0.9554957271706773,0.071457250766038,0.1626817935057772,0.0815677114471345,7.637641763412e-05,0.00015149755222161,0.2,0.6,1.0,3,9.294097001439578,38.27143059140697
29,2,0.5379696773748114,0.9718387921991506,0.9690012518015063,0.08524741735930035,0.04434714092708904,0.09803471559766778,0.00252550801250352,0.00583619542580354,0.2,0.6,1.0,4,13.037362087445436,42.13743316789832
29,3,0.18290851561290444,0.8649835994753401,0.8608798904641017,0.06130348589592371,0.8375198990084305,0.1044577335164488,0.0014314681550026,0.00295172518470449,0.2,0.6,1.0,5,1.7949206934978872,2.974192032696769
29,4,0.16916961922329946,0.8557090923102578,0.8512843032868973,0.061795237574911635,0.04594164731196157,0.10321124137371346,0.00038523576450978,0.00079137001214627,0.2,0.6,1.0,7,1.5476921421566303,2.082614338886549
29,5,0.16904940618026995,0.8605834642036936,0.8605280809987697,0.06851777810078108,0.021947331951686806,0.10321124137371346,0.00038523576450978,0.00079137001214629,0.2,0.6,1.0,9,1.613960911006355,2.183916859449299
29,6,0.16903793586240812,0.8605765195249291,0.8605207726160469,0.074471344137074,0.021718713765820567,0.10321124137371335,0.00038523576450978,0.00079137001214629,0.2,0.6,1.0,10,1.6100026581439089,2.178069252305997
29,7,0.1577565478061484,0.8484769510436976,0.8436892130954372,0.07361169403307015,0.07576403681379995,0.1026467017806881,0.00035821200141566,0.00073852086664028,0.2,0.6,1.0,11,1.417850274837127,2.22880881852683
29,8,0.15451719173438425,0.8423855395888474,0.8330064433343705,0.07614407434870801,0.04107178852943398,0.1089332074915417,0.00100827487043397,0.00218505178467528,0.2,0.6,1.0,13,1.815620429656352,6.281444860446024
29,10,0.1531672015514933,0.8463157743503537,0.8412723073109202,0.09333033186436053,0.025475486681195623,0.10750249716746672,0.00100367043247405,0.00218661992304833,0.2,0.6,1.0,15,1.4521092379743092,7.031800928618125
29,11,0.13617637022535425,0.8282145378864086,0.8182573151182896,0.07943444023188971,0.10339428375537535,0.09861836946852992,0.00085457096735267,0.00139969141846508,0.2,0.6,1.0,16,1.369158864082913,3.477941427717649
29,12,0.13039606667062825,0.8286551667771528,0.8228082448440308,0.09755608987807567,0.04210175769675339,0.10097879496758824,0.00087495703151585,0.00151527826864938,0.2,0.6,1.0,18,1.025046112565826,1.958828406176974
29,13,0.13003900119519635,0.833307195721668,0.8318182843511713,0.11033522076235067,0.023382281801929715,0.1009787949675883,0.00087495703151585,0.00151527826864938,0.2,0.6,1.0,20,1.054885644216802,2.0029666537712725
29,14,0.12594315598204667,0.8200104354907811,0.8095831645555832,0.08969319593602008,0.05160052340974863,0.09659261897313401,0.00161803414764452,0.00227325310493827,0.2,0.6,1.0,21,1.522378158479292,3.17556577175515
29,15,0.1266194008257251,0.8359280640652671,0.838479682285728,0.1076288372721359,0.047695598906040304,0.09494215629890514,0.0035234618544549997,0.005268047223135839,0.2,0.6,1.0,22,2.284341095476829,4.602414600713997
29,16,0.11876876888352378,0.8137469225984957,0.8028863712611745,0.09453469377191616,0.06894942571325725,0.09699311205595222,0.00267090870213186,0.0037156601251147198,0.2,0.6,1.0,23,1.252311235442041,1.9950060695797511
29,17,0.11056116015224063,0.8151060459680963,0.8122669503020484,0.1075966121370143,0.13985184831370645,0.09209156590334097,0.00459804058739366,0.009084850819219439,0.2,0.6,1.0,24,1.183302249998972,3.136212566471225
29,18,0.10678897985028463,0.8143270125917081,0.8152241079801458,0.11935616520153125,0.08508320397173698,0.09158517364216999,0.00697146675195384,0.01440960040710933,0.2,0.6,1.0,26,1.0602388958498306,3.818622507622037
29,19,0.09238762267543334,0.809423916811258,0.8189742417390519,0.15946794456260524,0.02549301438666177,0.09344705525188432,0.0024537263835438,0.00375878864632453,0.2,0.6,1.0,35,3.524425632441996,4.979132854658181
29,20,0.09362063193982009,0.810479697310375,0.8199931057178507,0.16402944502515232,0.031190017429282915,0.09942932330162264,0.00363276526819569,0.00362854175774845,0.2,0.6,1.0,36,3.399982420509767,4.869907739034194
29,21,0.0926897109518377,0.8092987228145139,0.8187588155187705,0.16668208965464942,0.03360686632854324,0.09937461611272272,0.00355246993889579,0.00354187707557277,0.2,0.6,1.0,37,3.467543439552959,4.84997553636215
29,22,0.08962158175839993,0.8052374926161657,0.8145022583903507,0.1715184638545891,0.05482018704960127,0.09894533208991464,0.00309653204443393,0.0036340501073754902,0.2,0.6,1.0,38,3.996302752169463,11.35719034136346
29,23,0.08577553700267704,0.8008781345825229,0.8100500541132027,0.17170683154457106,0.03676596620197236,0.09219863789688527,0.00234542266740279,0.00287818054801915,0.2,0.6,1.0,39,4.2950550393140725,11.673468889152383
29,24,0.08567101668298374,0.805695079700927,0.8192357266369571,0.18706068833714626,0.023019070598922033,0.09209006064357839,0.00237236703084673,0.0028404750342568698,0.2,0.6,1.0,41,4.312815872632757,11.768766571048213
29,25,0.08284903188015022,0.8014509318084467,0.8147557445813797,0.18950611873760614,0.058679201731020376,0.09207019866828381,0.00265501520618304,0.0030113867761261603,0.2,0.6,1.0,42,4.357997325414733,11.199698242337025
29,26,0.08098449594475488,0.803656282589367,0.8212005751311021,0.2042288766475485,0.027928730791905918,0.0922253515207876,0.00251686400871549,0.00291867315669652,0.2,0.6,1.0,46,4.721598833009805,10.686375701294743
29,27,0.08240405388383087,0.8122413677547029,0.8381521826019069,0.2548531596504392,0.03719867581145229,0.09229669260837853,0.005824888317035501,0.006987663509832499,0.2,0.6,1.0,53,3.604481892666629,3.81773432735568
29,28,0.08108107213291518,0.8044076253925331,0.8257524419696863,0.25462757645971884,0.05869063539833386,0.09128736996037362,0.00646894079658286,0.007662374704342741,0.2,0.6,1.0,54,2.9371693450943317,6.365243803371927
29,29,0.0784909180519785,0.8055817762827387,0.8311591188508733,0.2565530794944668,0.03939756754117902,0.09406848755492264,0.00592051063185213,0.00639480024782489,0.2,0.6,1.0,56,2.983361551605986,6.37252617105855
29,30,0.07700699152061595,0.8035841206960154,0.8291015355935302,0.26543822194888883,0.03704885536666775,0.0908633259528408,0.00537510889344298,0.00652929334553779,0.2,0.6,1.0,57,3.5900498648733867,6.766468740970133
29,31,0.07774240103263111,0.8091670421805237,0.8390474126397441,0.2731421836235159,0.030151519754732466,0.09406848755492264,0.0059205106318521395,0.006394800247824869,0.2,0.6,1.0,58,3.2000065324546787,6.5711798609911085
29,32,0.07594126389396076,0.8015485290085181,0.8269573623925541,0.2816530298015074,0.03172107274597823,0.09640905655303614,0.00401493618399001,0.00630948258185481,0.2,0.6,1.0,62,4.111616736834953,9.41848690921314
29,33,0.07920766444805667,0.8122489058705962,0.8461385900015579,0.3076172223936451,0.07411075301361021,0.09533461544266379,0.00819003908067472,0.00998333952500413,0.2,0.6,1.0,63,4.499077112889541,7.1902452018730045
29,34,0.07570195330423195,0.8049956392719222,0.8385086153235306,0.3129147723628035,0.06251168819666467,0.09370315552366118,0.00843860904156203,0.01022429122538017,0.2,0.6,1.0,65,3.914914767075485,6.3475829581633
29,35,0.07428095451399996,0.8066739270272761,0.8443840215376756,0.31955006200425135,0.04750375392927546,0.099323175150853,0.00736230812041602,0.00989690370799852,0.2,0.6,1.0,67,4.00356588490904,8.098279199872717
29,36,0.07379299990528683,0.8108258884126454,0.8528806280304405,0.3261201122423482,0.03608055371363575,0.09945919200991131,0.00724629983537933,0.00969849317432903,0.2,0.6,1.0,69,3.579657516902318,7.125124711801576
29,37,0.07359286627376431,0.8153972030811636,0.8618087593367584,0.35111751676280323,0.035115089545078214,0.09915111478519985,0.0072694138172496705,0.009687869703220291,0.2,0.6,1.0,71,4.119084297881052,8.243616064627826
29,38,0.0699562386981279,0.8056015423191351,0.8475281996769286,0.36219718049240296,0.03967144366797657,0.09063301490793534,0.00574307111670911,0.00962932638541838,0.2,0.6,1.0,73,4.055205318447737,11.377318668295658
29,39,0.07931934916894806,0.8134804279310275,0.8552734545896726,0.37513682739098425,0.046718345763244684,0.08776211060704049,0.00790456892399195,0.01938101124710355,0.2,0.6,1.0,77,5.970953000026473,14.795785217245331
29,40,0.0755892662756642,0.810967664451609,0.8568094508984118,0.37665754188731093,0.06505018391200322,0.09347647633239471,0.009892105979283,0.01588791396194264,0.2,0.6,1.0,79,5.738822328543935,15.350670618294496
29,41,0.0800057958868145,0.808320120584264,0.8496111449790154,0.40569052449429904,0.059697056675648175,0.08860742016084776,0.0091164750620884,0.023076469104648382,0.2,0.6,1.0,81,5.002640495951683,13.010113648863696
29,42,0.07512406200849411,0.8020351706354975,0.843210684172287,0.3941319311223815,0.05971580212594132,0.08816457246103537,0.00842057393406165,0.01954147772714506,0.2,0.6,1.0,82,5.7209336099440975,11.009681864536637
29,43,0.06990194871403692,0.8012135080485829,0.846716836806462,0.4076183579313658,0.04441947428669866,0.08718806831612397,0.00865749218813607,0.01470685560018396,0.2,0.6,1.0,83,5.371569669928082,7.607923297694036
29,44,0.07353696734584092,0.8027267829137974,0.8480605454859101,0.4081199056156979,0.06753958862919908,0.08805661438751483,0.008404609474684679,0.01949124961221748,0.2,0.6,1.0,84,5.517077906172269,11.839084512177234
29,45,0.06303651395920638,0.7813501596502782,0.8178599002936867,0.38281829865214334,0.04392947912329472,0.09584873317648376,0.00751944794979831,0.00849142447895386,0.2,0.6,1.0,85,5.114982479782661,13.374337421677067
29,46,0.06367197205533644,0.7907931948576755,0.8359640731351332,0.35554132916086595,0.046258989133483655,0.0942433419598167,0.00842455688805414,0.00947319622641382,0.2,0.6,1.0,86,5.16922485142263,13.273986110849185
29,47,0.06148212072730964,0.7760332896694393,0.8122514253714144,0.39948685387676314,0.040326004180609276,0.09320540665836995,0.00786678015601165,0.00915988556587923,0.2,0.6,1.0,90,5.311022526265071,13.936662262425454
29,48,0.07890134764076218,0.8116439735573572,0.8652336450585038,0.47755520004186086,0.055274191807773466,0.08692558708283424,0.01132404569019547,0.026515859583375313,0.2,0.6,1.0,94,6.668799398641812,13.227725766218304
29,49,0.06303909568338657,0.7852071272445691,0.8299993616097722,0.46638548463314683,0.039011157418443965,0.09234829390668534,0.00869343067075061,0.01146028556480866,0.2,0.6,1.0,96,7.240249333263997,12.573301470262557
29,50,0.07611529461360482,0.8054076805021029,0.8587406763427576,0.48127220488923894,0.08053271889802663,0.08797253465023451,0.01019400679754663,0.025734574060152497,0.2,0.6,1.0,97,6.419002083373454,13.589057268191077
29,51,0.06071143164476925,0.7765670483133164,0.820893352085763,0.4435007131462914,0.07609264977446067,0.09216973944076026,0.00877359905893242,0.01185854457923762,0.2,0.6,1.0,98,4.737388333158298,19.527785387758254
29,52,0.0688688290210413,0.7939389772551416,0.846965856676326,0.48292735878940113,0.04970899440257362,0.08704428733575052,0.00934116855997644,0.02090962328209843,0.2,0.6,1.0,99,5.399152221187442,9.836638030591503
29,53,0.07277679557142659,0.7971757471079667,0.8501547992745467,0.4977947503642953,0.05168978921154752,0.08460557116143973,0.010395516956318771,0.02493060457364147,0.2,0.6,1.0,101,5.110639701513735,9.310576008286391
29,54,0.060584634854898914,0.7873350062133014,0.8445036995755395,0.48578532669133456,0.06461778112434492,0.09438292545219452,0.010621814575747431,0.011616094775571729,0.2,0.6,1.0,102,6.628696869766831,13.068852492130398
29,55,0.07374515771980039,0.7997824349088611,0.8569011835087017,0.5111716373388138,0.05784744948071723,0.08910632342225717,0.01481416934175032,0.02357379890357126,0.2,0.6,1.0,103,5.908236466442562,16.277872086937045
29,56,0.059291646676843376,0.7713092556467516,0.8193964313581247,0.4833234756351002,0.05881078906406206,0.0934556123027056,0.01038175222933822,0.012325440057553639,0.2,0.6,1.0,105,6.728555369272262,12.106175012807617
29,57,0.0561855091945606,0.7766238138177256,0.8373976891746675,0.5023838981749159,0.06885130579687292,0.09106044640050581,0.01026541430754873,0.01175464590100942,0.2,0.6,1.0,107,5.040313919622204,11.044239084959433
29,58,0.05615823324985421,0.7814354438854214,0.8465753044167993,0.5182229117931457,0.03649241639494769,0.09103468415387413,0.01026572395470245,0.011763751012230709,0.2,0.6,1.0,110,5.056879619616193,11.054067170520238
29,59,0.056173006739736006,0.7859840466496995,0.8554696213786552,0.5530873951138613,0.037093808829285466,0.09156998818120479,0.01024621025450869,0.01180269539445818,0.2,0.6,1.0,115,4.999011369861224,10.767826909827908
29,60,0.07456500222327873,0.7970310314334963,0.8619852294731299,0.5928677954617012,0.06011971324022196,0.08808149813889024,0.01342342443562759,0.02966162525151299,0.2,0.6,1.0,120,4.698818020778469,12.822141500058573
29,61,0.05504177630011321,0.780623876751287,0.8498314270404993,0.5822070229214152,0.040832001017662614,0.0885552921801201,0.01041161309043655,0.01234699398992286,0.2,0.6,1.0,124,5.041014327764107,10.838096769953092
29,62,0.05520116431431388,0.7892252008421229,0.8670846668929568,0.6190890006145983,0.039702185330643416,0.09095959664284894,0.01140160475908091,0.011813577467184231,0.2,0.6,1.0,129,6.998754789666839,10.891757712255185
29,63,0.054442129925924995,0.7728137978363193,0.84155727668936,0.600340370887926,0.09340364890277546,0.0907494841284293,0.01116297165124184,0.01266205847017374,0.2,0.6,1.0,130,6.64146699081602,12.372836107207448
29,64,0.05430994623283692,0.7767995453122978,0.8498635544397145,0.6129505499873571,0.04155073742600096,0.09066184279005438,0.011183390897373439,0.01272850882220887,0.2,0.6,1.0,132,6.644760408596508,12.22848404778607
29,65,0.054309878793479746,0.7817460145909603,0.8591831672037222,0.6257024882997246,0.0375710452803387,0.09066184211170367,0.01118346934949591,0.01272850822965127,0.2,0.6,1.0,134,6.644760399571741,12.228477900365831
29,66,0.05328378637995732,0.7649621011162304,0.8332844852435366,0.6518373549984022,0.04579958338186298,0.09054079378070248,0.01124265161562776,0.01298412324080514,0.2,0.6,1.0,141,5.226365717609066,11.011551887979303
29,67,0.05367746234303934,0.7597675008203855,0.8277444790428753,0.698571294025836,0.04588243739011915,0.09113512758354284,0.012113017127173251,0.01385809110568346,0.2,0.6,1.0,149,4.6150507314517695,12.513786430037609
29,68,0.05580581885349332,0.8089466593033274,0.9205072661942653,0.8513554968313789,0.0427081229567865,0.08939829128008221,0.0134933491470824,0.01596079352475291,0.2,0.6,1.0,178,6.7347495723644135,13.861549286535835
29,69,0.0551216700463605,0.8120515855227106,0.9279148613262007,0.8740555915845577,0.04679637149479152,0.08835445061362933,0.013447721864066838,0.01572456208433847,0.2,0.6,1.0,180,6.645689755601816,14.436768239056118
30,0,0.8315613583980513,0.9830966896301528,0.9822264813708154,0.06042613959224132,0.0,0.0,0.0,0.0,0.2,0.6,1.0,1,12.28539715182396,59.3808928490832
30,1,0.5618100382824979,0.9615678258203343,0.9587679314083954,0.07170546893711766,0.16186795585813987,0.07873708202839881,7.586748215538999e-05,0.00016293326834305,0.2,0.6,1.0,3,7.250320771165838,39.04553243529488
30,2,0.4743573331823511,0.9594327745954143,0.9557017816088988,0.08621295831165321,0.1775082570970137,0.10055583743988326,0.00252513637884243,0.010282249664854439,0.2,0.6,1.0,4,7.852320631560106,40.391468748456205
30,3,0.3536128539138704,0.9187425637479558,0.9137419437377262,0.0661650499424685,0.20310890481870275,0.07841655639301291,7.359398474717001e-05,0.00015409223877695,0.2,0.6,1.0,5,4.154237608027568,20.968550716185167
30,4,0.21065034364449473,0.8756539897288056,0.8724976848566346,0.0626105489241742,0.2097022634495543,0.08212068651221077,0.0002023178539975,0.00042361629383333,0.2,0.6,1.0,7,1.6575848192644291,4.862667177537683
30,5,0.16007488833719666,0.8432411998255606,0.8343153916474121,0.056137591536245535,0.12069887205043442,0.07838719808435764,0.00035887593410299,0.00073509707562042,0.2,0.6,1.0,9,2.227758381346166,2.574403033708037
30,6,0.15690810024819746,0.8462629616206605,0.8416023598454123,0.06374282535067961,0.024960509520222628,0.07904980888957736,0.00037302068701652,0.0007654743961355,0.2,0.6,1.0,11,2.298802456230528,2.074435383148624
30,7,0.15664723021210492,0.8510624261468598,0.8507647697741185,0.07994032037492625,0.017621711377143013,0.07846016821338425,0.00043754454618648005,0.00089531346586692,0.2,0.6,1.0,13,2.45857346297194,1.8657573559144036
30,8,0.14696483968995777,0.8398839667444095,0.8348662239274292,0.08443238448402121,0.04359300588720541,0.082098623892564,0.00034715510088767,0.00073008318510612,0.2,0.6,1.0,15,1.9870573853195803,2.256984800412588
30,9,0.142322057626872,0.8466216513885609,0.850171258954734,0.09235331191535785,0.031211786220262362,0.08264380310556577,0.0004261227304168,0.0008938643454798299,0.2,0.6,1.0,17,2.0023819632841144,1.5171728269180205
30,10,0.14144997380175162,0.851191709659797,0.8590490476142092,0.10302683767207925,0.023516068006170305,0.08552128810450672,0.00046962704375807,0.00118560627979945,0.2,0.6,1.0,19,1.6370121231733412,1.2943185554162326
30,11,0.13813756367321076,0.8339731981152712,0.8285773896541265,0.09101116091581841,0.039008057334072435,0.08589694493669754,0.00059755523982555,0.0012531061146273102,0.2,0.6,1.0,20,1.9755643748699248,2.235643549451332
30,12,0.13517001213403418,0.8422258504196604,0.8453550524428671,0.10788539781631566,0.054916834756350626,0.08967761053783721,0.00111375012846418,0.00284483733626126,0.2,0.6,1.0,21,1.4966362295287106,3.599582965674929
30,13,0.12738372718795987,0.8408339512806198,0.8480175748574543,0.11407003425767691,0.0454031539779364,0.08749600944349405,0.00122602906467832,0.00306646052315257,0.2,0.6,1.0,23,1.6499275666744826,5.890465422538147
30,14,0.12738374385985843,0.845781015844166,0.8573378174988815,0.1219363009717468,0.02130138667021367,0.08749600944349405,0.00122602906467831,0.00306646052315254,0.2,0.6,1.0,25,1.649919777969326,5.89046110078816
30,15,0.10675657347738518,0.8160168513998679,0.8174394001004465,0.12379869294206054,0.23833135698918406,0.08897317478073248,0.00350810870422963,0.00849264800240797,0.2,0.6,1.0,26,0.9093536660976989,15.4165774900672
30,16,0.10808855690854477,0.8222516002755249,0.8280160610471256,0.13379734607388868,0.03278520213174326,0.08921686467771182,0.00409220834110106,0.00998824667400839,0.2,0.6,1.0,28,0.8249133284474703,19.3223429449364
30,17,0.1129354063807354,0.8314821546021248,0.8414304055096229,0.14927471741850176,0.052410036757480453,0.08518936305089067,0.006555272439077641,0.01727754927989999,0.2,0.6,1.0,30,1.3164765543910135,288.649847158422
30,18,0.10761638129017558,0.8288494030111611,0.8426165008813653,0.1644755318746714,0.08335512876227542,0.08584217957102674,0.00788619915473042,0.01953707420122562,0.2,0.6,1.0,32,1.609794319262675,107.60587743730343
30,19,0.09119726569814236,0.7931089196948021,0.7930107633711714,0.15736857710574556,0.05396436448201852,0.08178291943788144,0.00607897092885021,0.01502053569748158,0.2,0.6,1.0,38,0.7841375871368675,2.4658662604918824
30,20,0.08849379576337489,0.7935539830208366,0.7975972286781096,0.1654150202748831,0.05212042780961378,0.08178291943788148,0.00607897092885019,0.015020535697481541,0.2,0.6,1.0,40,0.4938261529153974,2.7173422705321446
30,21,0.08177864435610359,0.7781853141869424,0.7774089787161506,0.1610820506949972,0.06705432930187953,0.07880191538816096,0.00451205599201459,0.014806995892451038,0.2,0.6,1.0,42,0.4517015711032513,2.2988147121517946
30,22,0.07218590359671503,0.7637499038266392,0.7702936783195546,0.17112447449970844,0.25229598551859034,0.09773916809799839,0.008009389238954879,0.01229632617533718,0.2,0.6,1.0,43,0.7677741533706887,1.5494245058929896
30,23,0.0753759922045161,0.7662484755585938,0.7766976902688532,0.19412977560754313,0.078650695738996,0.09440591857883215,0.01074026629987665,0.017961653818579608,0.2,0.6,1.0,45,0.712331142118479,2.0650287398776075
30,24,0.076854063011621,0.7707659118125989,0.7854361497196528,0.20247235892923243,0.05041445653463295,0.10029883850853005,0.01174432272878626,0.0187063459082195,0.2,0.6,1.0,50,0.6826931494174541,2.086180677986858
30,25,0.07214450741646933,0.7569840948386762,0.7709631162901041,0.208455470717843,0.09784670304096148,0.1025591145662878,0.011335193872725729,0.01814503451360941,0.2,0.6,1.0,52,0.6645844380387476,3.9223830545359184
30,26,0.07051254175748178,0.7588278480039112,0.7770730644624055,0.22616161620347192,0.05239833354937315,0.10486668171931818,0.01127374486945503,0.01669482129308318,0.2,0.6,1.0,54,0.5164085799936893,3.166479313819074
30,27,0.07092808841232862,0.7539676498586648,0.7678158141070242,0.17871605675607827,0.04859788912327898,0.10363048796551343,0.01131228762986726,0.01747013184122062,0.2,0.6,1.0,55,0.5071235612142302,3.664195460045319
30,28,0.07625623895702821,0.7660388328750249,0.7884064721117803,0.2518474532428182,0.08594475553065004,0.10722282484362618,0.014480230959224998,0.021434445390341842,0.2,0.6,1.0,56,0.7201115364179486,4.776032389518306
30,29,0.07193661042297742,0.7493732467806772,0.7668515843923873,0.2548097931586354,0.05544526803992555,0.10113089796133368,0.01251814225174277,0.02213771596974383,0.2,0.6,1.0,70,0.3139426643736625,0.9245547046777836
30,30,0.06986464570852598,0.74805672928413,0.7696240797907369,0.27010853350132225,0.0706447641874447,0.09839066049648611,0.01237824220311321,0.02202570682239768,0.2,0.6,1.0,72,0.4149133559589342,0.94450942216723
30,31,0.06718093352570656,0.7432960236314199,0.764724723082314,0.2644140140030546,0.06798582916075002,0.09557766531003635,0.01166848808266331,0.0209469689837304,0.2,0.6,1.0,73,0.5014274490834598,1.2066832331429354
30,32,0.06846851734327011,0.7352486883272377,0.7520149160300164,0.28178344922291215,0.07148239574356177,0.09275668537744775,0.01354479904490842,0.0229048624854784,0.2,0.6,1.0,75,0.3525422267616941,5.335448707489421
30,33,0.06408582428271761,0.7132530417252567,0.7289023475516254,0.28615557976460326,0.09149886069061204,0.09821882079539085,0.014752126486777619,0.02078889922930571,0.2,0.6,1.0,79,0.376994491690356,4.564528545078327
30,34,0.07235383827134703,0.7148490065744826,0.7300898742885973,0.3097098420575475,0.07425508563636929,0.09309700939686037,0.01634386439319034,0.03038829038867517,0.2,0.6,1.0,83,0.4132955759252523,4.750810034697933
30,35,0.07290106106187748,0.7146304149799678,0.7298248415525683,0.3101945071704577,0.06652131464265251,0.09371578726260833,0.0165762077815379,0.03080891138495771,0.2,0.6,1.0,84,0.4390344473358369,4.763914872135548
30,36,0.0727302421736495,0.7181029866027133,0.7375916864343743,0.3214202314542611,0.07148742151775057,0.09573592302528396,0.01660741624008134,0.03044409073293295,0.2,0.6,1.0,85,0.489279026291626,4.811662652001202
30,37,0.06709094930258448,0.7035220587572133,0.7265569488407498,0.33732710741806743,0.18116621830645105,0.08280032325110442,0.013949513671895212,0.031162152957793558,0.2,0.6,1.0,86,0.0797661747774938,2.5623199845468907
30,38,0.06703745092355964,0.7179278798286078,0.7540598497393572,0.38880699943001734,0.05665480640697958,0.08280032290903457,0.013949513590650331,0.031162153312871248,0.2,0.6,1.0,92,0.0642746076757818,2.480449639066155
30,39,0.07254683323192061,0.7018419035980901,0.7244581995213822,0.29218618525015877,0.06877841244112276,0.08918720588911828,0.01476067846526019,0.03584932975760061,0.2,0.6,1.0,102,0.364387814077664,4.673907484355884
30,40,0.07407257773485351,0.7010172956561912,0.723499502352144,0.3781377787385045,0.08216455071469433,0.08260629265635605,0.014326284828747298,0.039206144301909114,0.2,0.6,1.0,103,0.1923275727298839,5.220086732925464
30,41,0.06876677283317564,0.6985288947414454,0.7293504660027801,0.4361311199052584,0.06753932695248674,0.09304177375534273,0.01610594247367948,0.031574041892123386,0.2,0.6,1.0,111,0.2012202237423268,0.4196354657323092
30,42,0.08075371241453007,0.7065618470100085,0.7371577028468134,0.45772034534980954,0.1065530594952905,0.0993539688469164,0.01985037507977984,0.040482573262205265,0.2,0.6,1.0,112,0.3659069815527775,1.372487991782072
30,43,0.08061563883517123,0.705083592875075,0.7356033450857701,0.47087983664589533,0.07510378583575204,0.09935396884691641,0.019850375079779818,0.04048257326220524,0.2,0.6,1.0,116,0.3593906597121361,1.3245111124158229
30,44,0.06957313624563202,0.6952038915340378,0.729882319078423,0.45861292847940544,0.07781615856141919,0.09729313491970455,0.01573142873229591,0.03270546040376971,0.2,0.6,1.0,118,0.3607746379994145,0.5973739432726191
30,45,0.07143227876662415,0.691800598862402,0.722088029789501,0.4611214702563147,0.06487837109793654,0.0959990085580563,0.01751378321577502,0.033785803330506056,0.2,0.6,1.0,120,0.234431320433495,0.2602657019967921
30,46,0.05052465006384746,0.6501726178746499,0.6629147702166146,0.49744652473795714,0.043034804807952305,0.05719820221390255,0.012573949851942759,0.02369214194702379,0.2,0.6,1.0,142,0.2105722143613246,0.2070419559913189
30,47,0.04447294462313345,0.6402569483927976,0.6568757462389647,0.5027920557978682,0.05691190415590772,0.061084541126454936,0.012999254766906759,0.01744172892534278,0.2,0.6,1.0,146,0.2278342431059412,0.0426545895517853
30,48,0.041170009252334785,0.6181961439769617,0.6296764723989018,0.49042841951933697,0.09171890500188076,0.06005096906051518,0.01479150064961125,0.014325993025366029,0.2,0.6,1.0,148,0.2480933292945584,0.1007978364900677
30,49,0.04116243051946101,0.6230298196754094,0.6388774609603984,0.5066361050068348,0.03565171561337239,0.060050969060515214,0.014791500649611261,0.01432599302536601,0.2,0.6,1.0,150,0.2492705513633323,0.1044562672992215
30,50,0.041162431555119436,0.6180827938327081,0.6295572765156513,0.19422402444839088,0.03521130566948109,0.060050968766453834,0.014791501091608969,0.0143259937970051,0.2,0.6,1.0,152,0.2492705391118307,0.1044562753425142
30,51,0.04711336621989508,0.6216905563424767,0.6330358975276782,0.5547403136012957,0.04310350635501007,0.058704075564097895,0.014393745908201038,0.02095044475034092,0.2,0.6,1.0,163,0.2070451276100489,0.2349039537488372
30,52,0.05341575217722289,0.6272355691587804,0.6426407226739214,0.5977677213367151,0.057488714830116965,0.060465497393683364,0.013550335542744249,0.02778910917926492,0.2,0.6,1.0,168,0.2794079973403064,0.1832337723610853
30,53,0.052558360553312415,0.6210928737355874,0.6362089309734839,0.6056459564456643,0.06934689824917291,0.061618216934290725,0.01328362767654832,0.02719169584055229,0.2,0.6,1.0,170,0.2076911788820681,0.3364026106865951
30,54,0.059543389768856224,0.6074319019729654,0.6173222652747176,0.6020169692688745,0.08111910162956379,0.06505316104440556,0.014421974438862981,0.03366836902489958,0.2,0.6,1.0,175,0.1842248008277275,0.3498432337244933
30,55,0.06037884695029867,0.6068436215334507,0.6166570881876678,0.6215239421902186,0.05817488421974308,0.06415120494215724,0.0152465614733796,0.03425955063304901,0.2,0.6,1.0,181,0.1743823537329017,0.390661642970282
30,56,0.060287316505054776,0.6164860742822115,0.6350372186511241,0.6632288845817326,0.05658956615187674,0.06419801141419978,0.015213210424671438,0.03418647913573903,0.2,0.6,1.0,184,0.1741041338242736,0.3710114825432588
30,57,0.05980274699721869,0.6004462253566241,0.6058393190178466,0.219001324002171,0.05864882146656701,0.06356425176395183,0.014442646898067499,0.03432598624717348,0.2,0.6,1.0,186,0.211162748062811,0.4271957076842409
30,58,0.06014696850181329,0.6200200249703026,0.6428756361418628,0.7067019123499506,0.06060059057890728,0.06393024320427376,0.01496145475791372,0.03431242629544996,0.2,0.6,1.0,187,0.1907675896831241,0.4087591538145839
30,59,0.05933117988162365,0.6075680237705687,0.6215833787525251,0.6570072500419822,0.06952969250505972,0.0652054775393473,0.014355429906385811,0.03368776112643041,0.2,0.6,1.0,188,0.1935992402828651,0.448261524194339
30,60,0.05923110500299257,0.6172846422774273,0.6400421490542417,0.6954771257744522,0.05545608973274563,0.06526209609701263,0.01431759136745801,0.03360272036544112,0.2,0.6,1.0,191,0.1933539843256497,0.4239466792987272
30,61,0.05931710753387085,0.6271135764148206,0.6586092701159887,0.7399554248281165,0.056564332438081386,0.06520606362023036,0.014352925319143839,0.033685754116746805,0.2,0.6,1.0,192,0.1930497905614398,0.4308484258842625
30,62,0.059217960815133946,0.6071635620807991,0.6211632270924371,0.6793422294737141,0.05575550293881573,0.06526264701215527,0.01431523393087408,0.03360085546873612,0.2,0.6,1.0,193,0.1930856924743462,0.4202147372768696
30,63,0.0592179600699419,0.6170575874151383,0.6398035641269592,0.7220142625767183,0.05524263506518782,0.06526264701215527,0.01431523393087405,0.03360085546873614,0.2,0.6,1.0,197,0.1930856737153644,0.4202144277652492
30,64,0.05921817393390686,0.6169944660463905,0.6397370357793811,0.7186782760808975,0.05576053414842496,0.06526209609701263,0.01431759136745801,0.03360272036544113,0.2,0.6,1.0,198,0.1928925735764801,0.4036750723363594
30,65,0.05986636788067928,0.6322016768687112,0.6680485155791657,0.7711482675089776,0.05821234055831476,0.06510837325989406,0.01478523855826977,0.03401427377231757,0.2,0.6,1.0,199,0.1983709806990787,0.4509018629763101
