Run,Equation_Index,Hybrid_MSE_Train,Hybrid_AIC_Train,Hybrid_BIC_Train,Hybrid_MDL_Train,Hybrid_PSM_Train,Extrapolation_Divergence,Sensitivity_Interpolation,Sensitivity_Extrapolation,Lambda1,Lambda2,Lambda3,Complexity,MSE_Test_Interpolation,MSE_Test_Extrapolation
1,0,0.8058711858548735,0.9803017583700174,0.9792876792449134,0.059806648789759706,0.0,0.0,0.0,0.0,0.8,1.0,0.4,1,13.90643405564858,66.31490612098315
1,1,0.590123895647932,1.0038954287741455,1.0009523055158291,0.1162013506323071,0.20693498338321456,0.07616908045251862,7.561083860169999e-05,0.00013947789955326,0.8,1.0,0.4,3,8.912409813882155,43.44584212048562
1,2,0.483314424338839,0.989123140667891,0.9850747365052638,0.12063849569801034,0.23517761874048707,0.08171653273119703,0.0012308618747747999,0.00289988327209708,0.8,1.0,0.4,4,5.977442844900173,39.9114463522092
1,3,0.2444938299570928,0.9205897717038665,0.9168559211259432,0.11133914269274461,0.6871790124709041,0.08936665010271654,0.0009380471408230401,0.00173039801308302,0.8,1.0,0.4,5,3.394379189182961,9.050365602795292
1,4,0.20651772098743856,0.8994644851210518,0.8944505063336338,0.11310047398702852,0.1735606791604475,0.09235911257737871,0.00180651355889535,0.00292898677603447,0.8,1.0,0.4,7,8.329192286330212,6.848519710928331
1,5,0.19695750062226158,0.8928125052126429,0.887471573459804,0.11478648153623627,0.1279281506462072,0.08939315830410575,0.0026176569536526103,0.00608054760398148,0.8,1.0,0.4,8,10.718478382445552,95.42930849565774
1,6,0.18676778979447148,0.8843058457128052,0.8786163060902225,0.11345200057701216,0.125308622287197,0.09159797301384391,0.0009369372921640201,0.00153598764613684,0.8,1.0,0.4,9,5.113696912412921,1.9400364972076545
1,7,0.17563817059599396,0.8747683597438854,0.8686795670543822,0.12641682896749415,0.08816102465658754,0.08847050152320812,0.00135973477299869,0.00227974624195152,0.8,1.0,0.4,13,6.92693826244457,8.29098038378755
1,8,0.17939880914244957,0.8838918033438818,0.8820656615808558,0.1342237291747233,0.08813689704555425,0.09244653198352244,0.00303067562142508,0.00595717742149979,0.8,1.0,0.4,15,4.620750344653039,3.990561851671373
1,9,0.15141550467810566,0.851442501540495,0.8445795921048344,0.11913111063196627,0.16423816988784656,0.07314716053689127,0.00334548672935448,0.00724038319431303,0.8,1.0,0.4,16,4.30824980634734,44.54701379036072
1,10,0.16332632957552307,0.8629864615956172,0.8558061365147295,0.1402799182479389,0.10647772475145471,0.07776253443205741,0.00376072563844775,0.04124664362811067,0.8,1.0,0.4,18,4.788422542280454,36.60891663619493
1,11,0.16278902811016635,0.8721075489142179,0.8735572999936084,0.15776909102203412,0.10151734226579354,0.09202211510385593,0.0071209807666776,0.00804023547109178,0.8,1.0,0.4,19,6.802092924716581,4.253234360555269
1,12,0.15723448406481083,0.8652717192953966,0.8662947462904935,0.16824476119246795,0.10153995331784252,0.09230451496490556,0.00787976662953306,0.00921036537936762,0.8,1.0,0.4,23,6.760063525317152,5.11992957461204
1,13,0.23772887756040942,0.9553845827978483,0.9650830319960758,0.2676955625108368,0.1705761112293218,0.08444099602882899,0.09782394610628133,0.00406768123017103,0.8,1.0,0.4,26,7.123681096754781,26.60344087003656
1,14,0.2325163833673885,0.9426509704623439,0.9474460481587311,0.25791383393864575,0.24970167344599725,0.08485457421183074,0.09953053082722316,0.00525664704240737,0.8,1.0,0.4,27,7.057624345000996,29.593976696462096
1,15,0.23315562342395726,0.946383996050388,0.9552496623665945,0.26941516216491385,0.19705932504614387,0.08543240418822998,0.10256478848075176,0.00817404406231831,0.8,1.0,0.4,29,7.016898271525836,34.80536142674899
1,16,0.2330121178716622,0.9511143249090412,0.96434202101836,0.29194765077312884,0.17459865272453667,0.0854324044252494,0.10256382744856044,0.008174046152399719,0.8,1.0,0.4,33,7.025932505483314,34.633498679332774
1,17,1.1186426927190944,1.8213343181699981,1.8213576554794937,1.163854671256176,1.073730262778967,0.09428039976141805,0.9588036770062199,0.06665423583900239,0.8,1.0,0.4,34,6.833845471827957,11.106048136026551
1,18,1.1186426944637071,1.826281344990725,1.8306778461039621,1.1841516502994591,1.060889719179979,0.09428039976141805,0.9588036770062199,0.06665423583900242,0.8,1.0,0.4,36,6.833845561500564,11.106047989066626
1,19,1.148911748124835,1.8475260107012716,1.8470084885400746,1.2185351835330243,1.179395640853737,0.08958534383202837,1.0,0.06479837697068445,0.8,1.0,0.4,37,5.275011937492948,6.862630848632423
1,20,1.1568898999122954,1.8572683676399788,1.8607567958291003,1.2348542514222904,1.1650357612648232,0.1016626652582912,1.0,0.07046516413818571,0.8,1.0,0.4,38,6.331827061145787,12.366195453499028
1,21,1.1413326706876554,1.8394361588395114,1.8426815150943172,1.2541445573546866,1.1037580553444635,0.0872313295311426,1.0,0.06655194649219807,0.8,1.0,0.4,43,6.959672506127284,9.159940329845178
1,22,1.1513385967179384,1.8592525900914356,1.8712355741075066,1.2736317279751364,1.1078136869774269,0.09288645408875659,1.0,0.08046970048077415,0.8,1.0,0.4,44,6.244885808630269,8.848597060439385
1,23,1.144963063540595,1.8347148054308755,1.841105020668688,1.2506804024544966,1.2950395442203404,0.0900679830491166,1.0,0.09635771443850612,0.8,1.0,0.4,45,6.091802435596636,8.205061201788551
1,24,1.1451256010461093,1.839814551583201,1.8505771060939709,1.2695122178104465,1.1108076793048065,0.09004602363207513,1.0,0.09682343899012004,0.8,1.0,0.4,48,6.085031470597759,8.165094315533342
1,25,1.1448965068638208,1.8444360913166538,1.859563732688733,1.278747274718993,1.1118166763576276,0.09006798304911666,1.0,0.09635771443850613,0.8,1.0,0.4,49,6.048056935541059,8.206100402129417
1,26,1.1491280845898633,1.8472440752237842,1.862253382233401,1.3157578663367657,1.1201843267988072,0.10133713699862083,1.0,0.0865867956627679,0.8,1.0,0.4,53,7.223910750154292,9.764000700674243
1,27,0.2734531815693048,0.975498126288035,0.9947972186877683,0.4602438355468595,0.24242888142356497,0.08550602507400723,0.16136395817823732,0.02715540408777043,0.8,1.0,0.4,60,7.387149413891418,76.89603454238886
1,28,0.2650522842191808,0.9683889512617997,0.991766901234962,0.46957333650635524,0.24928058817591472,0.08016844060404846,0.15995606644494065,0.025502154226265162,0.8,1.0,0.4,63,7.387520163415355,84.61490841861507
1,29,0.26492217512169675,0.9681313091840189,0.9914993034662898,0.47621530172834636,0.23571336201275797,0.08006975541020483,0.1599644451282661,0.025517958227342142,0.8,1.0,0.4,64,7.406520942116992,84.73134236164702
1,30,0.2712740594538823,0.9664366436423014,0.9851926053935585,0.48267533275080554,0.25996705053701813,0.08580837468994786,0.16164862643753075,0.029561519483250347,0.8,1.0,0.4,66,7.129894964600475,75.68710526661593
1,31,0.271728954714385,0.9710640251844654,0.994132815461771,0.4938004242668334,0.2524869727254047,0.08703348554668297,0.16140197901841077,0.0298588253675459,0.8,1.0,0.4,67,6.953433617972421,83.37979540145096
1,32,0.23529749550100118,0.9332681048522502,0.9562348254384815,0.464278558720759,0.21468897912376467,0.08631590754723963,0.12608555888175196,0.03005157073894807,0.8,1.0,0.4,69,8.075664767378704,81.23939453542444
1,33,0.28794449773785746,0.9895654858967393,1.0168073281841623,0.5277637986308392,0.27555829002655385,0.10092635959025054,0.16276284750538653,0.04227524781636257,0.8,1.0,0.4,70,7.104723824292605,82.2689566733218
1,34,0.22803244468560088,0.9215675362931585,0.9442057985463373,0.4461562019622237,0.2363445899844003,0.086878033965542,0.12085398224257278,0.02870627456784728,0.8,1.0,0.4,71,5.225299491734755,526.1980414222626
1,35,0.22444795784566868,0.911973176045239,0.9341808699977303,0.4505228696061365,0.26588104981393745,0.08619849085765015,0.12054045357530263,0.02777318119228957,0.8,1.0,0.4,72,6.253567107787633,542.9102507786192
1,36,0.22976380503102542,0.9132800153268956,0.9392459796592079,0.459497671044667,0.3017457390224496,0.09185869274210423,0.12306468478607,0.03090262259428454,0.8,1.0,0.4,73,5.68185872008296,591.3473395895649
1,37,0.22253002033298727,0.897656311750514,0.9190194028939086,0.47655946091699886,0.2113838434449237,0.08771841083717609,0.12184432352618371,0.02669794842945325,0.8,1.0,0.4,77,5.049573733655304,561.5229262771909
1,38,0.2252105609794904,0.8982515633296676,0.9194769744200058,0.48262629948225955,0.22687233012607766,0.08843575970254171,0.12343852231311092,0.02945216466661042,0.8,1.0,0.4,78,5.158043815667354,601.9492156521646
1,39,0.218828696847528,0.8925968127909272,0.9179206170989952,0.4940384145286166,0.24217361265981258,0.08236837758962248,0.12637509599842414,0.02108478917684743,0.8,1.0,0.4,79,4.889868327460023,522.1938236284843
1,40,0.1628224831826438,0.8011710259954565,0.8161613495947508,0.40317668835125675,0.3900305386400794,0.10278664562657362,0.01505518121603833,0.13179643239602723,0.8,1.0,0.4,80,11.550575025194023,66.16870936156451
1,41,0.1671898572949573,0.8035332044364754,0.8184031890095079,0.4139037179195032,0.16380398146962957,0.10235558249474083,0.01675699439297163,0.14015319254327308,0.8,1.0,0.4,82,12.135238625879428,68.62071156085267
1,42,0.1626016535014394,0.7875706257418102,0.8017672183939466,0.40813471793728917,0.20273907683393244,0.10258290405403085,0.01580276860432128,0.13487993300452575,0.8,1.0,0.4,84,11.539071983669118,65.216149225307
1,43,0.16264093958664166,0.7911217531461,0.8096075691877954,0.4192367768273572,0.15840383106171896,0.10254684452073093,0.01555817126653786,0.13615098852641383,0.8,1.0,0.4,86,11.499843277474293,64.85018104555242
1,44,0.16467129275992093,0.787560452503766,0.8016354454465329,0.4197761409224081,0.15986514084953846,0.10227647150204243,0.016429638443758752,0.13980545552300389,0.8,1.0,0.4,87,11.316069060180162,63.762546974077736
1,45,0.16248248112422797,0.7846858908978313,0.79872089065718,0.4322231601843482,0.1581315536098331,0.10206652156456032,0.01586701945500328,0.13638828689293153,0.8,1.0,0.4,88,11.260023837950952,63.50316715587436
1,46,0.16577999197490378,0.792657705412396,0.811049977074442,0.4305849662111335,0.15570874681347366,0.10222148414592254,0.017718133535725718,0.13978415052653206,0.8,1.0,0.4,96,11.697979588021251,66.23162783035426
1,47,0.16955536050932152,0.7914377278412803,0.8054539388950706,0.463803942177682,0.15971695991457682,0.1019570031794593,0.01924258851927099,0.1459599542341627,0.8,1.0,0.4,97,11.70539229507458,66.80664000814235
1,48,0.1689624755022648,0.7906360271875562,0.8046401071065714,0.46318369266895687,0.16043260229186515,0.10190503539163588,0.019191612582438282,0.14477659726690967,0.8,1.0,0.4,98,11.621360630473198,65.9948737492279
1,49,0.16941437649467084,0.7951545935145107,0.8134806498115239,0.47554937183633095,0.16687485093392007,0.1019570031794593,0.01924258851927097,0.14595995423416278,0.8,1.0,0.4,99,11.690028359327384,66.14499019012722
1,50,0.16842465819752409,0.7889093278322362,0.8028442584493686,0.48212402280287614,0.15915495323059414,0.10196037676076207,0.01812690035454008,0.14636885458184343,0.8,1.0,0.4,102,11.796856072130456,67.73816721039675
1,51,0.19363538772800962,0.8418357415094679,0.881895536248436,0.5529431500679074,0.20093239407829683,0.08760786867381176,0.02017096385791938,0.2336157917981939,0.8,1.0,0.4,103,8.465565954257336,436.1787219901554
1,52,0.1474828058812928,0.7685623292890638,0.7947975440986557,0.49797901309488296,0.24560896249928382,0.10270843841225179,0.02868355332055426,0.07029303602090203,0.8,1.0,0.4,104,8.12325376036901,223.57253583306783
1,53,0.14426108563165302,0.7658140704736626,0.7961685307710903,0.5131764453033101,0.1554100893895397,0.099143186517146,0.02883033532842056,0.0701500113067548,0.8,1.0,0.4,106,8.379694682123763,227.0342467578429
1,54,0.12844214033815526,0.7499805870702161,0.7803342254377075,0.5078997449799298,0.12044541888561945,0.1076255864782105,0.02134683196045373,0.03235026868446119,0.8,1.0,0.4,108,8.366366237419008,279.0874521666205
1,55,0.12842728741067655,0.7547631495555295,0.7894814726781363,0.5165147648401011,0.12102771281325889,0.10762558647821052,0.02134683196045372,0.03235026868446123,0.8,1.0,0.4,110,8.372452456378745,278.6811012534855
1,56,0.12836163544237944,0.746066488878291,0.776203622264582,0.5107827138880944,0.13642212280887828,0.10563046303994397,0.02334393540232893,0.03207657584747559,0.8,1.0,0.4,112,8.252669878249623,273.5210212457546
1,57,0.15325632233244746,0.7741547855798084,0.8085664002230439,0.5512214736252461,0.16063634962253076,0.10375466852923158,0.031154413396362313,0.07894725600440823,0.8,1.0,0.4,113,8.161765084755173,213.3587857882005
1,58,0.15503818413760767,0.7759009849825587,0.810310576701069,0.558072715145105,0.14784763210115104,0.10591903373098781,0.03080478789069193,0.07995621920231437,0.8,1.0,0.4,114,8.25354973833346,216.09409355427488
1,59,0.15331525397812576,0.7790127824599627,0.8177892268191218,0.5635233698131249,0.1467435045224422,0.10374737991123759,0.031223871954000493,0.07896962528698478,0.8,1.0,0.4,115,8.165626922369777,213.4080267495448
1,60,0.15446826034087754,0.7768470122077372,0.8154372282648953,0.564177470695686,0.1754152434862898,0.10502111440666967,0.0312286284208927,0.08004026925074911,0.8,1.0,0.4,116,8.328147718181187,215.8754350960659
1,61,0.14491160116833512,0.7568951181966198,0.7949061402175229,0.5691911092967459,0.15108696850345094,0.10134605614797336,0.02908773235881278,0.07099116343388037,0.8,1.0,0.4,123,8.341442496239754,228.87893486897136
1,62,0.14906857528364506,0.7558651167552572,0.7976900332258245,0.5842688388814155,0.18573620312795572,0.10157218007079145,0.03338674784856634,0.07200800827033066,0.8,1.0,0.4,125,8.42800332373315,230.5511377695791
1,63,0.14089928445624147,0.7474863318777433,0.7892997390275377,0.5868601737505564,0.13703161153837334,0.09702002174820872,0.04148129043569699,0.040488024587307866,0.8,1.0,0.4,126,8.432244097612408,222.33973023798504
1,64,0.14749623890053642,0.7473410265695297,0.788784977086961,0.5887083470980843,0.19821479578236495,0.1002206652126791,0.03334669745932059,0.07200176087364188,0.8,1.0,0.4,127,8.495886082873934,231.51315661614268
1,65,0.14619985775448477,0.7434822769763823,0.7847863208345919,0.5941644340367611,0.15177034574166115,0.09890374752227643,0.033286330435086484,0.07193459755001565,0.8,1.0,0.4,129,8.579721089106615,232.59576915386447
1,66,0.14584925177942054,0.7503468567597806,0.8002512090049997,0.6260922653808074,0.1446585652477382,0.09883171874717431,0.03305443132989319,0.07217539092569654,0.8,1.0,0.4,135,8.598286673097638,232.73539854108003
1,67,0.1456242618399359,0.7469979694242506,0.7967323945682814,0.6363444726963452,0.16729814933074796,0.09866333848339384,0.03322237370522617,0.0719722733552732,0.8,1.0,0.4,136,8.613590822252236,232.46978879493216
1,68,0.14724226129912532,0.7479604843722534,0.7976593067737008,0.6451993727335918,0.14378899511665985,0.10045693980738007,0.0334964545119315,0.0718355320441697,0.8,1.0,0.4,139,8.677635311921234,231.9332769388197
1,69,0.14673638879866494,0.7523568734175157,0.806426413847565,0.6575897918447513,0.1464650113081118,0.0999892222739257,0.03328575325014612,0.07203920187835959,0.8,1.0,0.4,140,8.614261199095868,231.4540443953352
2,0,0.9067862308650833,0.9908076231134912,0.9903343647516023,0.062124865203527696,0.0,0.0,0.0,0.0,0.8,1.0,0.4,1,5.376185435703663,61.2908948034832
2,1,0.6621034105310752,1.0222120306232971,1.0197908514943104,0.12661754937664443,0.2165419787463663,0.08634844648435273,8.520497731514e-05,0.00020113119222921,0.8,1.0,0.4,3,3.088206086138984,40.33261907157812
2,2,0.5522043140807023,1.0299837355878116,1.0263078684662699,0.1558532549619313,0.291265364940856,0.11880382123513251,0.00254218329487342,0.00950703569010375,0.8,1.0,0.4,4,3.651427027843889,39.96176523671903
2,3,0.3131528015525093,0.9577968669830637,0.9553774702294909,0.1286404107483024,0.5563094005801477,0.10442568019239412,0.00070432933417227,0.00138107242906489,0.8,1.0,0.4,5,1.7578700580726467,9.67327248530312
2,4,0.262024996155154,0.9351434968578735,0.9315785898000662,0.12825897201975045,0.17146772366766208,0.10374449981010163,0.00078758321830898,0.00153129771386916,0.8,1.0,0.4,7,1.4714878762519117,3.41567038063067
2,5,0.27340901750323776,0.9436971250027195,0.9356309683767114,0.14402503834320754,0.11859500635119077,0.11698067530138082,0.0018205419196562801,0.01244943066600988,0.8,1.0,0.4,8,1.1716630640605747,4.182534446854931
2,6,0.24661473443235743,0.9232551425987537,0.914842101783416,0.12845062088464332,0.14121457642734445,0.10652644548848192,0.00081007830371312,0.00162248696584514,0.8,1.0,0.4,9,1.514972703388932,3.000432419822384
2,7,0.2527325843810451,0.9373196616186131,0.9330420482388971,0.14873227416214216,0.13425074133479903,0.11662918588094504,0.00199590814204002,0.01279329459865174,0.8,1.0,0.4,10,1.1073263477169268,8.738334313634436
2,8,0.24572393728747643,0.9275409724640061,0.9187253220432204,0.1466663080221797,0.12371531325039367,0.11640317011498723,0.0015725334225447699,0.01023136879618089,0.8,1.0,0.4,11,1.4321471894040383,3.983595474333892
2,9,0.22238987476004313,0.9088909017004542,0.8996574989464766,0.13825275071586005,0.11984203046346296,0.10769155051487336,0.00114894711979526,0.0023761058273370503,0.8,1.0,0.4,13,1.7344527338849125,2.294967998692357
2,10,0.22165149495173334,0.9133107424547185,0.908428872423014,0.14667650913705954,0.08977985400245984,0.10759519267005495,0.00113140067982194,0.00234444461453449,0.8,1.0,0.4,15,1.7021598949800505,2.0182246497816654
2,11,0.23793710358709444,0.9338703428882331,0.9284597214212503,0.18392443019392005,0.18546560658265396,0.10736519025159734,0.023692870703794562,0.02347781956389983,0.8,1.0,0.4,17,2.4486943258742864,2.4825148120665586
2,12,0.2174511146033927,0.9254731137478738,0.928408433497644,0.19338097009977384,0.10931560108385271,0.10673608227619748,0.010643544029806249,0.031074924786914388,0.8,1.0,0.4,26,1.5305820517734965,2.070425767372283
2,13,0.20113323289691654,0.9196298165974433,0.9311618620102335,0.21841412095280294,0.10013814201853138,0.10131793751841099,0.0043991055498029,0.02544329396731409,0.8,1.0,0.4,31,1.2265997700439877,3.961201437729598
2,14,0.19168692374869895,0.9064854830035136,0.9130819713114231,0.21928147890948976,0.18335396839367035,0.10250114471631681,0.005137157828917769,0.02805093164368347,0.8,1.0,0.4,32,1.2724565247836102,3.2587669277989293
2,15,0.19685426318996513,0.9215621331950244,0.9368915603146633,0.24801544988229796,0.10414295766877532,0.09644032748297855,0.01635488721846758,0.02573508996793255,0.8,1.0,0.4,38,1.327531779192988,0.6007467977898817
2,16,0.18599562337254114,0.9107810323161744,0.9260616905633346,0.241083429864913,0.10163702335148783,0.0973214167650511,0.00483882027964714,0.02817689568538609,0.8,1.0,0.4,39,1.5640166875069723,3.532476334619504
2,17,0.7822168736346794,1.4910875332495914,1.4923620843155407,0.837327068955558,0.7732130965692782,0.15736313464757712,0.18044700415022233,1.0,0.8,1.0,0.4,41,1.029782653560409,10.86756479925231
2,18,0.21843357478444952,0.9371690650562817,0.9471798138672912,0.31071619952232804,0.14310708416507925,0.11457906694577455,0.02639150310138776,0.06166737237520118,0.8,1.0,0.4,45,2.202598390522456,9.658538752937234
2,19,0.19452946356843412,0.9070834888667715,0.9123707544123951,0.28109107956522394,0.1508804392051765,0.10965789651271318,0.011179941924435829,0.06370585652120665,0.8,1.0,0.4,47,1.5250273719627645,4.259435829609943
2,20,0.18332726664828386,0.8961483781175597,0.9049503492291265,0.28773058173607197,0.25520143748885576,0.10495555257117938,0.00853940578073635,0.08169612683240682,0.8,1.0,0.4,48,1.575288092425107,3.0709601254798367
2,21,0.35155400868997916,1.0563024240346932,1.060305292483164,0.4683509315039346,0.36280995410298056,0.07803547442262396,0.07193372400643663,0.410487744138549,0.8,1.0,0.4,49,1.598872475624607,8.397432780233215
2,22,0.3339514788880478,1.0384625040642483,1.0424357781874893,0.4441882652444179,0.2857264706153778,0.07979571032631134,0.0712620983001075,0.3654838775896188,0.8,1.0,0.4,50,1.6502718402637546,7.099947109643269
2,23,0.35119270482070125,1.0606353374414184,1.0689797549834752,0.4841571357371903,0.2988657734806691,0.07803547442262396,0.07193372400643656,0.41048774413854916,0.8,1.0,0.4,51,1.5092355336678307,8.412314784623984
2,24,0.20540307183096104,0.9113473321769272,0.9192775655944775,0.32519066629736704,0.2199600179792942,0.10264700515732601,0.01773659831113103,0.14365185883114978,0.8,1.0,0.4,52,1.5869538645653638,4.272117288429089
2,25,0.22240964043335407,0.919153640200588,0.9222598651580678,0.3439179066955419,0.2129150277288183,0.11063143282844687,0.027609075552060817,0.15677947394410452,0.8,1.0,0.4,54,1.53902322914277,5.077990069068642
2,26,0.21714021404096168,0.9187991841417507,0.9262753426950077,0.35236775502752676,0.1738323606240773,0.10986001797834193,0.026473160220645747,0.1480653005454809,0.8,1.0,0.4,56,1.5487751903775218,5.118509696311805
2,27,0.2352938702037401,0.9413436200680214,0.9531371994563245,0.3869886358090384,0.19437429567260625,0.10861245815026503,0.027925042324129217,0.19363072810542803,0.8,1.0,0.4,60,1.4619501182680978,4.450850242258615
2,28,0.22171109838568767,0.926698215191746,0.9383870519712876,0.3794037422504285,0.18493818023663158,0.11169506915750574,0.027249485167617087,0.15762819423616617,0.8,1.0,0.4,63,1.4387793613428317,4.845352256211212
2,29,0.21623173615751692,0.9259232326914237,0.9419616133787201,0.38824005691129004,0.1761796432209326,0.11089859342114097,0.02610910764816176,0.14891383459300528,0.8,1.0,0.4,65,1.4447476130465389,4.888119680762765
2,30,0.2122631243039621,0.9213750482131836,0.9373574306027044,0.3947781057245771,0.17940077361340323,0.11214920651885685,0.02621326914319696,0.13750092488604068,0.8,1.0,0.4,66,1.4922513538435522,5.751772680972353
2,31,0.21392159279958528,0.9262085694731144,0.946396479879738,0.3972015458396293,0.1994246959942965,0.11042082346838641,0.026206440131094938,0.14883104064772967,0.8,1.0,0.4,67,1.4932347056283783,5.88298875531837
2,32,0.21472903799435397,0.9259305188080508,0.9460179135197719,0.4253436698853059,0.18337702787607682,0.11182539585139291,0.02671943043343149,0.14892623279193667,0.8,1.0,0.4,69,1.673149937191664,4.758067560836057
2,33,0.2147295328360261,0.9308780368396705,0.9553385953551334,0.4359029517854154,0.1757510221375129,0.11182540397448298,0.02671953581924587,0.14892718110845257,0.8,1.0,0.4,71,1.67315081882725,4.758067642271143
2,34,0.2146053965402549,0.9157498844933405,0.9270761820735747,0.36243292177981207,0.17795984501565004,0.11182540397448303,0.02671953581924457,0.14892718110844053,0.8,1.0,0.4,72,1.4930742217604431,5.381011983453057
2,35,0.21392244902385293,0.9296777027844704,0.9541026147702731,0.4419833190407845,0.1768055453085167,0.11107391703394068,0.026730003237051953,0.14913384828932455,0.8,1.0,0.4,74,1.5922306049871018,5.4158140456784425
2,36,0.21392294515806123,0.934625237366034,0.9634233202926482,0.4526644366132046,0.1752435165988296,0.11107392419422236,0.026730108669719012,0.1491347926106616,0.8,1.0,0.4,76,1.592231599532767,5.415814589532675
2,37,0.2127968531974006,0.9329247234588418,0.9616707690309322,0.4579438608071034,0.18242542640487092,0.11012999765827144,0.02650372979178391,0.14986508625833628,0.8,1.0,0.4,77,1.6208762656364344,5.64429583740712
2,38,0.18681379929691355,0.9015847926241436,0.9259207409300805,0.4293431607324493,0.154468753165518,0.0890904075674639,0.02185017765658773,0.1393883875920379,0.8,1.0,0.4,78,1.53099944259321,6.188167973345018
2,39,0.2129078931618422,0.9405934726792845,0.9778784704015754,0.4841859375521368,0.1892246162349285,0.10987015846471046,0.02846009581650989,0.15000013684694444,0.8,1.0,0.4,80,1.618316730674034,4.794918630467121
2,40,0.17026374871516298,0.8749994170090517,0.8945202494388363,0.4117108905312431,0.1564742772435898,0.09171204834040671,0.0169803357672826,0.11368690634020513,0.8,1.0,0.4,82,2.309164870010381,8.047712249522325
2,41,0.16834148285114567,0.8761804944878893,0.8999204228656238,0.431433933064715,0.14093418420205966,0.09077719457225203,0.01705387090505483,0.1134405581534325,0.8,1.0,0.4,86,2.346870250016257,7.882665537665188
2,42,0.1669195412979772,0.8736827107309707,0.89733495824665,0.43026089251496813,0.1474424100236194,0.08982940062810688,0.01698173648377136,0.11352979015599071,0.8,1.0,0.4,87,2.424221476946685,7.763663625683061
2,43,0.16698826636570033,0.8785514102083558,0.906564770943095,0.4484356324603478,0.13625284075428823,0.09001303848644776,0.017000569305144538,0.11350387287140015,0.8,1.0,0.4,88,2.411000284300856,7.809367184922626
2,44,0.16722110489927872,0.8732107356613378,0.8968000661762856,0.43739178470131235,0.14275412476810384,0.09063955642039528,0.017024030403444253,0.11367927604040921,0.8,1.0,0.4,89,2.3942967115119957,8.120150230675902
2,45,0.16611716015376163,0.8749977071873244,0.9027975175013513,0.45821259436344086,0.14709289397478173,0.09063955642039524,0.01702403040344426,0.11367927604040935,0.8,1.0,0.4,91,2.5563905650967897,7.50633675991331
2,46,0.16306009676405803,0.8767530238741847,0.9089153457370305,0.4713367393991442,0.1328263243875339,0.09040930403641113,0.01598893659413275,0.10926531662238655,0.8,1.0,0.4,93,2.536322798131018,7.414091153097333
2,47,0.1724220564985642,0.8772989911583723,0.9047873673324366,0.4904863997744111,0.1585410882248049,0.09337845912577361,0.01857066492965841,0.12521249117753314,0.8,1.0,0.4,96,1.9604439725542724,7.154161331293596
2,48,0.17291756006081874,0.882242723778927,0.9140658056339995,0.5062685814710403,0.14707287893756765,0.09351498773783057,0.0187243315030375,0.1264141692938741,0.8,1.0,0.4,98,2.0691457357061007,7.524513638435577
2,49,0.1700277591509164,0.8733751667825654,0.9007470872815782,0.48670756900376655,0.15345804418802872,0.09863094685489458,0.01967638984823724,0.10778930960917284,0.8,1.0,0.4,99,2.5168040717490987,4.541478870586418
2,50,0.17120543782833134,0.8725981426964661,0.8998185550470901,0.5035825715071133,0.1684723874826505,0.09465277741492525,0.02003745304198324,0.12025792114082759,0.8,1.0,0.4,100,2.4233307107937487,5.398492209144854
2,51,0.19828880576585145,0.904347945001409,0.935926072907385,0.5305638582012482,0.17121430117963715,0.10388766471893711,0.02941878394721028,0.14609189651529494,0.8,1.0,0.4,102,2.366145729110442,4.539766024204513
2,52,0.16257884808643608,0.8556609768497634,0.8822766346502854,0.5197844077302554,0.18498103556089532,0.09152537449020783,0.0212965979318692,0.11039077018672527,0.8,1.0,0.4,104,2.6866393016278654,4.940624390258451
2,53,0.16499968065900522,0.8612285231965068,0.8920949266689512,0.5344752263522121,0.15014860879229322,0.09549806710698598,0.021180408779994,0.11023221684127853,0.8,1.0,0.4,106,2.7569897880192094,5.307325866480971
2,54,0.163337377085469,0.8593447035960114,0.8942326156111262,0.5521355769943046,0.1672909557166405,0.09549806710698602,0.021180408779994,0.11023221684127864,0.8,1.0,0.4,108,2.4621267563121534,5.957993279629967
2,55,0.2346947653320311,0.9299049447190632,0.964738728478708,0.6179826748076912,0.217377276348258,0.11365207690911801,0.05464650131103593,0.16928840326482325,0.8,1.0,0.4,110,2.5323279701065804,11.873383390333696
2,56,0.231255308504275,0.915292912575184,0.9453373644274682,0.6166365323197375,0.243171585022071,0.11374113452680104,0.05470428550811044,0.1650136032535876,0.8,1.0,0.4,112,1.7742760738975032,12.750801744387775
2,57,0.23103872939850972,0.9180523010430943,0.952340403091965,0.6286189153220751,0.22182347313921952,0.11287965897149184,0.05470492893446223,0.16755550205053235,0.8,1.0,0.4,114,1.7466576469636186,11.84582301067729
2,58,0.23036970283821595,0.9162734613943444,0.9504890793712174,0.6421665565164354,0.2226228629420483,0.11282181387461117,0.05416982820054407,0.16808207054151642,0.8,1.0,0.4,115,1.3281061221150767,11.95361285272359
2,59,0.23036948370031612,0.9212202851223843,0.959809063636677,0.6492806503276514,0.21166000666342277,0.1128217180123029,0.05416979825954917,0.16808178220837894,0.8,1.0,0.4,117,1.3281061282701137,11.953628934673066
2,60,0.2318296227009175,0.9138138806541772,0.9518337886374623,0.6647159467555732,0.301339972760891,0.11622876630942088,0.05565764603336646,0.16665861932628062,0.8,1.0,0.4,118,2.5960713632800494,10.918049361387853
2,61,0.17132211426770433,0.8700654824225212,0.9253871127000711,0.6874493826934599,0.15709327439670417,0.0965735471251569,0.02181371455998684,0.1410091461705815,0.8,1.0,0.4,136,2.748396078879072,7.760107206008565
2,62,0.1728691643850479,0.8486010674923483,0.8862294424179668,0.5939808267969909,0.18780038103251673,0.09717280444948383,0.022566520295134982,0.14348011895924234,0.8,1.0,0.4,137,2.564038726347019,8.55729197450064
2,63,0.1674968859201586,0.8474050440341561,0.893427629270509,0.6494720737794558,0.15725083725545436,0.09699203914627802,0.02268524723222251,0.1329196842896438,0.8,1.0,0.4,151,2.879206501428053,9.22210124149048
2,64,0.17369098033245517,0.8667197763451311,0.9257566662429063,0.7500448760503496,0.16800647948552272,0.09054921132982406,0.028289792542031976,0.14808537023038515,0.8,1.0,0.4,153,2.6994378822740845,9.381106034006836
2,65,0.17047455965701888,0.8653327388611245,0.928553952298143,0.7601254547604668,0.1856761524889843,0.09312911757847857,0.028255927580612277,0.13634592757211125,0.8,1.0,0.4,154,2.665900335245728,8.868825140841022
2,66,0.16035682072277854,0.8397319302746649,0.8897949060724148,0.673050445455357,0.1487539931871651,0.09565947141178277,0.02233822114960838,0.12106218777103708,0.8,1.0,0.4,158,2.618713499649146,8.534315281214875
2,67,0.1550845458407784,0.8277504080251852,0.8733341180293148,0.6720310844342444,0.15836680287958577,0.09494288325751667,0.02453528695838532,0.10456974759648736,0.8,1.0,0.4,159,2.6130773038186685,9.025730783846631
2,68,0.16829417647770303,0.858370535915019,0.925383073167402,0.7817968144439369,0.2229110798367316,0.09183749194315537,0.029508772632901747,0.13427965814329706,0.8,1.0,0.4,160,2.68983429556578,8.36243753192749
3,0,0.49394747310127685,0.9367204267837238,0.9334628191490758,0.05019765825244727,0.0,0.0,0.0,0.0,0.8,1.0,0.4,1,41.71316523357472,70.80086778544721
3,1,0.35504657001095236,0.9464030282947504,0.9408799960631408,0.09776335445694857,0.22496551886346705,0.06698124354727128,6.52966470444e-05,9.675311056640999e-05,0.8,1.0,0.4,3,30.145237577730988,47.52567880642837
3,2,0.231813933931177,0.90288642838598,0.8947763244010527,0.09580980449908288,0.2560494525614138,0.07501370656131486,0.00026118658817762,0.00038701244226565,0.8,1.0,0.4,5,19.19805596263108,26.137091153328143
3,3,0.16625348538135012,0.8610936770158404,0.8503351438349636,0.09871022412866896,0.2703469808058437,0.08693346609247522,0.00032340643323941997,0.0005266483441001599,0.8,1.0,0.4,7,12.26948572233691,11.097911152738696
3,4,0.15199688915003362,0.8458954541942375,0.8340061495784478,0.10365384927896204,0.16235161703142953,0.09495064526203358,0.0005100659684248099,0.0009455560496037,0.8,1.0,0.4,9,7.7385721734917,2.5770903080563263
3,5,0.14330897636187748,0.8370043998624763,0.8250505026935783,0.09969007724657575,0.07897827924648845,0.08580922553016572,0.00035785585597306,0.0005172886481612301,0.8,1.0,0.4,10,9.626915381976552,8.039576580795515
3,6,0.1524099345264297,0.8510198668793719,0.8434291779454209,0.11481408492084624,0.07922810545821235,0.09725248320649854,0.00038743386213971,0.00071179171485005,0.8,1.0,0.4,12,10.458237976760335,7.9220668722818575
3,7,0.14162640518941588,0.8342689735947617,0.8220340204440738,0.11338229517721528,0.09243655901476303,0.08892847719191647,0.00047469268831480004,0.0007980069144997799,0.8,1.0,0.4,14,9.369593070769549,7.406784720143968
3,8,0.14047434550876065,0.8380262773185608,0.8301555895205265,0.12336413371605062,0.07136687833645954,0.08528903868088622,0.00210135835147298,0.0014671237476706,0.8,1.0,0.4,17,9.03259942176424,7.68929663308221
3,9,0.13630421657910247,0.826938008957911,0.8142917470760215,0.12077513057800893,0.13345430868224917,0.08944691536276762,0.0006326804705774601,0.00101291003601553,0.8,1.0,0.4,18,9.17986177865482,8.310355547547113
3,10,0.13583875929327532,0.8313244049788161,0.8230334836358383,0.13262839232886603,0.07374872291249088,0.08664627553322156,0.00219654088485392,0.0021683101510135898,0.8,1.0,0.4,20,9.905412962928844,8.96188888017123
3,11,0.1316005985471824,0.8198817155056071,0.8068494927120127,0.12805947981943144,0.10085399942859022,0.08971374656531142,0.00089863042497529,0.00091757242774466,0.8,1.0,0.4,22,9.219030264958988,9.439462850186324
3,12,0.1266564738255149,0.8193868512340502,0.8106540424064638,0.1279840843022882,0.07460374740867369,0.08404067117227694,0.00131531605788425,0.00119841445989555,0.8,1.0,0.4,24,9.784034465361866,11.531235168584509
3,13,0.12278858274683326,0.8081068689478578,0.7946634193071318,0.12663273866461447,0.09476776621397652,0.08353530381460339,0.00154799244676173,0.0021839452811918897,0.8,1.0,0.4,26,9.809316464084208,12.07129335827398
3,14,0.1275640766966461,0.8256725806673048,0.8250932656346459,0.16105185875449235,0.11566496199946268,0.08985076248864869,0.00390883282790407,0.0028628140710339903,0.8,1.0,0.4,27,8.607730354649428,2.9011830822897062
3,15,0.12665821436506527,0.828997421111423,0.8327077681604462,0.17441497629729558,0.08110629716478049,0.08985076248864865,0.00390883282790409,0.00286281407103401,0.8,1.0,0.4,30,8.618335717397413,3.0199875906424194
3,16,0.12580987449470665,0.8274512330589128,0.8310805895928941,0.17677593492015697,0.08927339993351853,0.08988270674306528,0.00391021503798097,0.00286313193396494,0.8,1.0,0.4,31,8.627298676851971,3.035889726307278
3,17,0.12603346284126363,0.8275002214191232,0.8311101684012309,0.17999271001971107,0.08026557335545284,0.09014771206628158,0.00405611264323041,0.0030332863746534997,0.8,1.0,0.4,32,8.915611321955474,2.915239236584814
3,18,0.12472108547276288,0.8035400143860547,0.7893442237392354,0.1548439596599529,0.10305094305386507,0.09005677110641554,0.005345237871029191,0.0047669421690687604,0.8,1.0,0.4,34,5.076228291432828,2.0311898351587327
3,19,0.12614320613468386,0.8040493782125022,0.7897596653330614,0.1588875784793927,0.09568694045750151,0.0940716476774431,0.00455314295449745,0.00455214996261644,0.8,1.0,0.4,35,6.275764946105693,4.753300130115472
3,20,0.12236234186509898,0.8042784858518529,0.7942665523524938,0.16298260736890036,0.09317603522343496,0.08936953430250429,0.00543692323886361,0.00458420991261555,0.8,1.0,0.4,36,4.932772072378006,1.8160213231539903
3,21,0.123988506210962,0.7994518138160833,0.7849159421830577,0.16440423009000812,0.09331884078503487,0.09173211708690195,0.006665303613304629,0.00441146475647245,0.8,1.0,0.4,38,4.99200829613546,1.9194973818068128
3,22,0.12518491446359611,0.7992214834489147,0.7845489398978247,0.168354022227898,0.10472455790890882,0.09589916448142337,0.00577456894516357,0.00436536114937856,0.8,1.0,0.4,39,6.164679170228123,4.529310671669036
3,23,0.12712707549800004,0.8060158177182652,0.7957074027248261,0.183437745382149,0.0876277682117637,0.0970651221479346,0.0066606588559270305,0.00487496686506074,0.8,1.0,0.4,40,5.330470957363288,2.3580838854586084
3,24,0.12685110037302563,0.8103568458311552,0.8043903960063936,0.19292760321875563,0.08861145132408536,0.09706512214793464,0.0066606588559270305,0.00487496686506076,0.8,1.0,0.4,42,5.283291415095411,2.2955395768072084
3,25,0.11847563606850522,0.7902250245551019,0.7753383247315888,0.17322865952966826,0.10579524217545776,0.09223035143082454,0.0045175326422919205,0.0027543702941294898,0.8,1.0,0.4,43,6.731091786944582,8.379038288336988
3,26,0.11698640264902396,0.792643379156033,0.7820356609162419,0.18307118470892744,0.08578428640935792,0.09130643697322831,0.0045449863776651596,0.00278555917289843,0.8,1.0,0.4,45,6.632159167377839,8.139142471533695
3,27,0.11512672126915774,0.7904441335632716,0.7798058007076377,0.18587792805058564,0.08173890337807764,0.08930358139491686,0.00452755900403219,0.0028239805790538303,0.8,1.0,0.4,46,6.474273287222024,7.666876158741094
3,28,0.118055573160117,0.7862075777524707,0.7709990860529581,0.18471040909003905,0.11158947378057041,0.093303027644462,0.00561507666912021,0.0034488607971340903,0.8,1.0,0.4,47,6.230759083657097,7.488819565973666
3,29,0.11115662338231122,0.7826528216646191,0.7716800576157735,0.20238137537100778,0.08611036654571927,0.08481438115608249,0.0063035540867526305,0.004124943136110551,0.8,1.0,0.4,49,6.109164354051533,5.2634107079388
3,30,0.12537337047445954,0.7904046577235008,0.7749228224931015,0.1973338501936003,0.10232504537816405,0.09483210708380412,0.010219971929899981,0.01264606812359532,0.8,1.0,0.4,51,3.318685340639413,1.1882643710155736
3,31,0.10906790496089422,0.7763389180594167,0.7650140994883471,0.2114516007525797,0.0917698158704477,0.08409182661728772,0.00678813389635316,0.0056709634240151,0.8,1.0,0.4,53,6.201079852682868,6.00715079753018
3,32,0.12237630758385973,0.7914227378762139,0.7842166769899878,0.23550565392879938,0.11067424619326854,0.09492666368108808,0.01045005240302772,0.012542785406416452,0.8,1.0,0.4,55,3.1273435135438774,0.9137029072074656
3,33,0.133920334517307,0.7926573893035768,0.7766582483355279,0.22444154010214362,0.10622481828746154,0.10366093141616782,0.013990029533167688,0.01631644190374703,0.8,1.0,0.4,59,2.562282955984678,1.0704750608238065
3,34,0.1363239473569453,0.7931198081934945,0.7769792653547618,0.22913256726041895,0.12522667680182667,0.10916482083366702,0.01276927294687286,0.01638376620844243,0.8,1.0,0.4,60,3.542271605516957,2.9352096111002526
3,35,0.11672463074446902,0.7766361873750357,0.764732546935144,0.24062691499289435,0.1071946974593825,0.09667335340609995,0.00882978254034218,0.00425639803800504,0.8,1.0,0.4,61,6.291553001429627,6.301133176479958
3,36,0.12953972657866553,0.7896985962420345,0.7818163862093941,0.2684810732206286,0.12943073062396893,0.10648162403343442,0.01311948259572683,0.0112848577384987,0.8,1.0,0.4,63,2.965137874978069,1.0241167398099411
3,37,0.12436712590451353,0.7823170171216596,0.7742736397039987,0.26614833368603635,0.12289996238209996,0.09918708621591261,0.01342692672600993,0.01447815087859256,0.8,1.0,0.4,64,2.994007104127673,1.5849400031936594
3,38,0.12302353670870894,0.7715508577150468,0.7588141436228989,0.24416489704446262,0.1151392622897864,0.09967273118458696,0.01398119655329875,0.013122217026465849,0.8,1.0,0.4,67,2.67929274753864,1.0827918811254649
3,39,0.12248313210562348,0.7748421137096292,0.7664003575871657,0.27779430500892516,0.10469917211810106,0.09957970138153309,0.01393097851763932,0.01309231303419273,0.8,1.0,0.4,69,2.7543290318820017,1.159989036705292
3,40,0.1348002531419304,0.7834634159537519,0.7747650838334637,0.2981600322321299,0.12537858280030145,0.11175377176743509,0.01737363726388618,0.01415124257307485,0.8,1.0,0.4,72,2.449293718250728,0.7515881549494959
3,41,0.12647612310560893,0.7743365748856006,0.7655832124480647,0.29247827096371465,0.1126804578214542,0.10360789932731113,0.01613041113777642,0.013406330423853521,0.8,1.0,0.4,73,2.378403024246632,0.8952246888718858
3,42,0.13724059397372865,0.7790300511850637,0.7698668459560158,0.3138478529588274,0.13769401818042185,0.11714141542674252,0.01841646919463949,0.01226076477092811,0.8,1.0,0.4,76,2.3314268999871164,0.621369632318886
3,43,0.134429473454651,0.7671463254732963,0.7533374783824393,0.28323011771749373,0.13601536332106626,0.11343227648654404,0.02031730757949833,0.010818020647496141,0.8,1.0,0.4,78,2.251650601725557,0.5997154846603916
3,44,0.13423274905362015,0.7711631805106002,0.7616796071333075,0.3213030982692005,0.11899012816384526,0.11343227648654404,0.02031730757949832,0.01081802064749611,0.8,1.0,0.4,80,2.2722277245296443,0.612997915676491
3,45,0.1342198476195909,0.771102188114495,0.7616154832272469,0.3212890775737853,0.11586450045248486,0.113432276486544,0.020317307579498352,0.01081802064749616,0.8,1.0,0.4,81,2.282733677209497,0.620331015462943
3,46,0.1362422822855625,0.7709147608628514,0.765339971847674,0.3440583901505887,0.18896873711466436,0.11546469830388284,0.023180979293221778,0.00915704638176036,0.8,1.0,0.4,82,2.364093096339732,0.7256466725982227
3,47,0.1372920290829666,0.7640150363337813,0.7538768864090463,0.3450093426600321,0.12575195038653486,0.11880023556152676,0.02269110847339248,0.008065563294524989,0.8,1.0,0.4,88,2.1992974256628206,0.4875644334679211
3,48,0.12207384352213003,0.7512795786234492,0.7494253420333223,0.36297718341135193,0.11899120847480325,0.10161101185170004,0.02139536262857946,0.01156548936702983,0.8,1.0,0.4,94,2.6534668059999973,1.5654806760461524
3,49,0.122118154498336,0.754964924661984,0.757403589491967,0.3823696484592518,0.11359923792609851,0.10200820361612002,0.02147694135177425,0.01131058726348275,0.8,1.0,0.4,96,2.63651776228444,1.5606442940547691
3,50,0.12387055035649337,0.7452488790700647,0.7429165632149736,0.3637418193014159,0.14064690964811633,0.10282661582013047,0.024119064764199442,0.01046567818729489,0.8,1.0,0.4,98,2.2576401234109422,1.2591900310176685
3,51,0.12396552469792456,0.7502571761517158,0.7522959719038689,0.3952395143618438,0.11082273287671035,0.10294942324828853,0.02411719144846311,0.01047702076274439,0.8,1.0,0.4,100,2.2666885587732204,1.2615409203099806
3,52,0.12691224723481587,0.7529197437576728,0.7549412058612653,0.392403182179907,0.11642047102277589,0.10640323146742965,0.02411129756658735,0.01108281264759237,0.8,1.0,0.4,101,2.400245476867632,1.4012261652211606
3,53,0.13189734643920814,0.7547608615740657,0.7565929996640602,0.40549579132113145,0.12868529706902238,0.11245845274062065,0.025723063899954962,0.0087397580722201,0.8,1.0,0.4,104,2.3652629296192837,1.630268550798581
3,54,0.13301497567748502,0.7544098281297663,0.756153901396399,0.40368072556133056,0.13386928896073147,0.11199515300213381,0.02542461084529409,0.01381173415223524,0.8,1.0,0.4,105,1.9536962254073196,0.8695260995027889
3,55,0.11802088273116142,0.728034790028236,0.7250230582298074,0.40838953865710576,0.1644173964158646,0.09766636128736811,0.02277938356155106,0.01409446856462972,0.8,1.0,0.4,106,4.484568722558442,5.392168801754115
3,56,0.11949389519688133,0.7208345985666027,0.7132299594323752,0.39318100549039514,0.14215833168292796,0.09584462340051267,0.0257964170189112,0.01523477382313529,0.8,1.0,0.4,107,3.755908967989028,5.308751547217081
3,57,0.1191556793474613,0.7229365999701827,0.7195586547515953,0.40809079746685945,0.11945951799007784,0.09584462340051267,0.0257964170189112,0.0152347738231353,0.8,1.0,0.4,109,3.880233399398721,5.542825901930551
3,58,0.12083294673822408,0.7190940774209482,0.7153950847253042,0.4175095289442783,0.13523588893704366,0.10008048022714527,0.02537440555920145,0.013802633450768351,0.8,1.0,0.4,111,4.187814758120417,5.450132616081729
3,59,0.128426499891399,0.7197055535482947,0.7115157580996462,0.41987573201258205,0.12769984416037358,0.10751351205863385,0.0265723617211945,0.015551232446166649,0.8,1.0,0.4,113,4.080032204811655,4.85924010684617
3,60,0.11786928071897519,0.7125010781434457,0.7085925307399648,0.4294817883333471,0.12234024596368213,0.09401755804122972,0.02680001182948421,0.016058843411554148,0.8,1.0,0.4,114,4.096515759329035,5.038477574901704
3,61,0.12881314614133263,0.7049221144310122,0.6958660326015973,0.4290613048195351,0.15988651764236392,0.10560513273186156,0.029817311600459317,0.016366745560935432,0.8,1.0,0.4,117,3.380752813288077,4.782888113702574
3,62,0.1287758824304383,0.7143978360982515,0.7140665402403007,0.4701717251050626,0.12166050845990628,0.10560513273186156,0.029817311600459317,0.016366745560935432,0.8,1.0,0.4,121,3.428683152681802,4.87233602802993
3,63,0.1285848309622918,0.6939273663406162,0.6842663177505932,0.4407882666742695,0.20983884932943092,0.10444404781762814,0.03117681851828328,0.01718240641432798,0.8,1.0,0.4,122,3.684399065644639,4.3833713589459045
3,64,0.12894082840496515,0.6934754204064287,0.6837692597555008,0.4654337202264654,0.12278729866346028,0.10844614637611417,0.02950745683684991,0.01441250702665626,0.8,1.0,0.4,131,4.200873024493218,9.881198232146357
3,65,0.12808028494381385,0.6908681546685365,0.6810645425829631,0.46702766391666156,0.1361403455811733,0.1004733952400151,0.03426451457907005,0.01667981989815237,0.8,1.0,0.4,132,4.102105895874192,8.318868502979473
3,66,0.12642874141125549,0.6900430801599111,0.6843835519278189,0.4881542647262011,0.13728675796380227,0.10039682274861535,0.03365444977452603,0.01505286444460511,0.8,1.0,0.4,134,3.8178189942836,6.521857430548044
3,67,0.12885601991420928,0.6904919843429085,0.6847227800435678,0.4930604178175404,0.12809362867155857,0.0967379086311112,0.03718884492131686,0.0199830314311784,0.8,1.0,0.4,137,3.5342836852619195,4.564014115795416
3,68,0.12926663010929818,0.6899555473984565,0.6841339126482789,0.4961160679818945,0.130977620567344,0.09919264343236985,0.03690523854795924,0.01698772214744007,0.8,1.0,0.4,138,3.847542759621819,7.089677308835721
3,69,0.12965288289466542,0.6948710036744844,0.6933994087963155,0.519771564138834,0.12521863606640898,0.0993362858228717,0.037059462453885486,0.017358646785986608,0.8,1.0,0.4,140,3.783509904517745,6.983104378171149
3,70,0.13285938169573228,0.6855926141315222,0.6793321320273827,0.5264167529776496,0.13622426771162166,0.1020963936533723,0.03902299471479366,0.0162901815881413,0.8,1.0,0.4,147,3.8115776857006183,7.163240508633843
3,71,0.10883301769298269,0.6659541666417061,0.6640362066912798,0.5811685190640631,0.10342816644857215,0.08189078346960672,0.03082743792785663,0.017214713157447332,0.8,1.0,0.4,169,4.883351420791623,5.597100838430881
3,72,0.10902037842162765,0.6708632825360923,0.6733061028255848,0.5977609954950368,0.10530383031811949,0.08241606552837238,0.03087328083437451,0.016555889624055308,0.8,1.0,0.4,170,4.7798077841704165,5.411388090965166
3,73,0.11000822822683314,0.675908359022354,0.6826754838970797,0.6233869439600352,0.10816701376368039,0.08281130674110483,0.03156788581039069,0.01664672126220769,0.8,1.0,0.4,172,4.596006394277244,5.604635328755274
3,74,0.11001016060367169,0.675880540051232,0.6826460292899094,0.6264109047131294,0.10472704514133285,0.08281842602794592,0.031569956351907055,0.01663706600613499,0.8,1.0,0.4,173,4.595394331240268,5.6022654774093885
3,75,0.11248607855745801,0.6713619071264025,0.6736419356438084,0.6243736095121418,0.1240760819734448,0.08290017381314939,0.03262182462136678,0.02036855677624155,0.8,1.0,0.4,174,5.233719415238508,5.97284463879978
3,76,0.11273330425812837,0.6558416706164556,0.6449514551197825,0.3365822170290106,0.10893189067939964,0.08316240168227271,0.03281263487623617,0.02013394471660058,0.8,1.0,0.4,179,5.204479636561352,5.957797014127193
3,77,0.11322633102693032,0.6755016996835442,0.6820701229447835,0.656265691651697,0.11308998030701227,0.08265156651908759,0.03379151937101277,0.020039987372404842,0.8,1.0,0.4,180,4.729960317206909,5.203459435714982
3,78,0.1121114728146034,0.6663124025748528,0.6683366827083952,0.6438937103888374,0.11992673822019004,0.08277130807249429,0.0330828032677942,0.01927001547630448,0.8,1.0,0.4,182,5.433699683266547,5.928147830438697
3,79,0.11211147281460342,0.6663124025748528,0.6683366827083952,0.65867681452153,0.10700787176365896,0.08277130807249429,0.03308280326779422,0.01927001547630449,0.8,1.0,0.4,186,5.433699683266547,5.928147830438694
3,80,0.11211147281460342,0.6663124025748528,0.6683366827083952,0.6705032978276844,0.10700788761101084,0.08277130807249429,0.03308280326779422,0.01927001547630449,0.8,1.0,0.4,190,5.433699683266547,5.928147830438694
3,81,0.11443471619873134,0.6658926190830718,0.6677672456885885,0.6753054934543837,0.13212624485937643,0.08263804835784494,0.0353650237214677,0.02004923516171513,0.8,1.0,0.4,191,4.699254608385173,5.663474665393395
3,82,0.11454026643099062,0.6633551591369277,0.6650858560919682,0.6808589197703206,0.11700751605359537,0.08384416241886554,0.03474631215304988,0.01982965804707209,0.8,1.0,0.4,194,6.002348033631488,7.165700905078301
4,0,0.6180865450477162,0.9566782257825275,0.9544480208704523,0.05459264392077105,0.0,0.0,0.0,0.0,0.8,1.0,0.4,1,30.080252715584237,66.95151425220816
4,1,0.44563687737673047,0.9769450517542306,0.9725171252022898,0.11172759104664098,0.2291403044178214,0.07852998567606123,7.284849964436e-05,0.00015355080587593,0.8,1.0,0.4,3,21.332217679362547,42.95369513821511
4,2,0.42820726817269367,0.9895837409572059,0.9846516021079809,0.13445567182741958,0.16165246659708357,0.10383384813979059,0.00057948710632605,0.00436453150523805,0.8,1.0,0.4,4,12.0703568983266,10.564006996703066
4,3,0.29202440204425417,0.9360466844272163,0.9291048170548082,0.11129008985588483,0.3748406581831544,0.08794738630988413,0.00029139399857746,0.00061420322350373,0.8,1.0,0.4,5,14.085550442971943,23.086445418570843
4,4,0.28968777973789905,0.943461068080036,0.9361574292477888,0.12726342581095443,0.14003655015980146,0.1025290637959195,0.00091986627838791,0.0059825501754115894,0.8,1.0,0.4,6,7.501853384575993,4.828945850055386
4,5,0.2011212279471658,0.8958831238567267,0.8906397378224175,0.11296950868328194,0.4275217706963958,0.09402098024539562,0.00136918906305861,0.00288599058395874,0.8,1.0,0.4,7,5.340236797995847,5.041688145105157
4,6,0.1810920371210569,0.8754980072774883,0.8649512164130395,0.11293489919071904,0.15071494014799042,0.09912601353047334,0.0005547517666101501,0.0012935322912031601,0.8,1.0,0.4,9,5.5057082759901546,2.48500658883605
4,7,0.171216588629032,0.8659692222350595,0.8552624060094957,0.11372304947902724,0.08604853120862885,0.0914495644221386,0.00041506064523482995,0.00094296071591682,0.8,1.0,0.4,11,6.995519659415029,7.685633462154963
4,8,0.17121658791060712,0.8709162867986057,0.864582648650923,0.11982340748253395,0.07395192975592572,0.09144956442213856,0.00041506064523484003,0.0009429607159168101,0.8,1.0,0.4,13,6.9955189784033855,7.685631658093053
4,9,0.22916636519541705,0.9232491828996903,0.9114230088841058,0.20048493032514392,0.23761767268764067,0.1593778057164731,0.007745767340832541,0.04431979375641066,0.8,1.0,0.4,15,5.962900839334438,23.689375640614465
4,10,0.2270304749595619,0.9199944764492402,0.9078381022692438,0.2113546416148443,0.20607357306177893,0.1616722104450867,0.00773119484455346,0.047666771330007254,0.8,1.0,0.4,16,5.918037027298196,18.687264219704183
4,11,0.20866513746165538,0.9001747625219237,0.8876930089645522,0.1940739455473449,0.19192956471882616,0.14628628296703466,0.007811606782840699,0.044489626023335546,0.8,1.0,0.4,17,4.596510902575335,16.28110685735888
4,12,0.20562431742265438,0.894696731362029,0.881785158317038,0.20460143738391434,0.21053173192469296,0.14821997372788956,0.00779703428656166,0.04783660359693212,0.8,1.0,0.4,18,4.557555555251678,13.73983197704761
4,13,0.2006371280328293,0.8876667583235676,0.8744525378874531,0.20466227720822355,0.1900669823271039,0.14897912575497593,0.00739784469871841,0.04443896092196139,0.8,1.0,0.4,19,4.9301858137345,17.121732259290475
4,14,0.20447221033480723,0.8963813704095254,0.8875312210803292,0.21336732586606505,0.14964708777324973,0.15179730009981493,0.00776332570024957,0.04774965259228212,0.8,1.0,0.4,20,4.762213762628509,14.60424642776689
4,15,0.2012522493019003,0.8930497920830419,0.8841840652077553,0.22050122805315014,0.14645210050393237,0.14965009500600057,0.007460149485395751,0.04522951795809998,0.8,1.0,0.4,22,4.899580104924484,16.516397498309747
4,16,0.20665059198148655,0.8972854590121824,0.8882516338322507,0.21731628035460018,0.17931304578108026,0.15707344404125118,0.01374903096138615,0.03341327227949257,0.8,1.0,0.4,23,4.938894283656376,25.060302902320736
4,17,0.12649608376380797,0.8152013647485442,0.8059353746138742,0.151280638893403,0.08200311041433744,0.08198861476843039,0.00351094118740862,0.01524292638902865,0.8,1.0,0.4,28,9.099727123668735,16.09990455807484
4,18,0.12649612054785214,0.8201484670549098,0.8152556432637811,0.1594302922767348,0.07519903511398726,0.08198861476843035,0.00351094118740862,0.01524292638902866,0.8,1.0,0.4,30,9.09973298212394,16.099906226818668
4,19,0.12595654135297518,0.8190350678754015,0.8140713391622489,0.16767884535854358,0.08093419726901717,0.08212324484010051,0.0035392266524624802,0.01556263768854169,0.8,1.0,0.4,32,9.66182398207417,16.44357816267573
4,20,0.3045768789919423,1.001927198821456,1.0012576423707196,0.3608467927091333,0.26085116677338943,0.08599937227498401,0.06866471966355686,0.29369474155189274,0.8,1.0,0.4,34,12.66004089865016,11.218962764792176
4,21,0.20204554650694195,0.9025939061292867,0.9061010563786938,0.26511523715474106,0.18404480473672888,0.10378875160372661,0.02752992762257127,0.10979307716663018,0.8,1.0,0.4,35,9.95477806362794,11.882760145334569
4,22,0.20529129610230085,0.9054781316832246,0.908945519403791,0.2715583890541803,0.16414947249564943,0.10664201581275397,0.03080978370420906,0.10502867813954268,0.8,1.0,0.4,36,9.454393283405269,10.544988642883842
4,23,0.20418804364326498,0.9091447877280171,0.9169660154552696,0.27923019156987816,0.15868967558407845,0.103414470452302,0.02924878880749529,0.113123521294935,0.8,1.0,0.4,38,9.15590944682776,12.581405822769446
4,24,0.1892822371278797,0.887648041323256,0.8909204447727901,0.2744291244845284,0.15296184252761927,0.11888311612821723,0.02883362478993608,0.05038052023990034,0.8,1.0,0.4,41,10.229223116702352,12.259283370681487
4,25,0.18380306841267507,0.8812274229798398,0.8844027539985324,0.27249701421396705,0.15419489729579194,0.11926101644028748,0.02836213987322516,0.03946620008118088,0.8,1.0,0.4,42,10.25377063697295,12.27951649445141
4,26,0.18692101576043188,0.8791717420141122,0.8779446285322643,0.2724850805539446,0.14570833850123546,0.10914469963750713,0.03300186107819678,0.05674985603165047,0.8,1.0,0.4,44,13.016064500222662,12.49800102639894
4,27,0.17956339749956948,0.8692423423020184,0.8677649305987252,0.2692051397812849,0.17508644166218632,0.10939353540197014,0.03206355576140526,0.0459293347791246,0.8,1.0,0.4,45,13.049915139947782,12.56827408428683
4,28,0.22025963833448098,0.9134397116378657,0.9161988406869258,0.34478782127348045,0.1900663010926636,0.10609101760091758,0.0490015017938209,0.11495064359063809,0.8,1.0,0.4,47,11.44995294494174,15.299380596702154
4,29,0.18294861933505505,0.8692265479247637,0.8674305580447386,0.28996792512735475,0.14965098858587375,0.10663891026701582,0.0305628247576334,0.0706225574893452,0.8,1.0,0.4,52,11.40084218055245,16.856699094225974
4,30,0.18309692170550035,0.8693621670820073,0.867565050532913,0.29292060789486807,0.14444504533771152,0.10672460473948196,0.03095846136570148,0.06985585200544085,0.8,1.0,0.4,53,11.353610108814117,16.888830421422636
4,31,0.22620181526161004,0.9394215014336285,0.9636176044048528,0.3685021264349496,0.2269703977828569,0.12028498979737806,0.04525662803534069,0.11986744441141836,0.8,1.0,0.4,54,9.766280714807884,7.549103802473967
4,32,0.2862803115424827,0.9789725152026532,0.9856136636602693,0.42443583741207697,0.25444733796297825,0.1161135054398373,0.02713326385407744,0.3248919490747749,0.8,1.0,0.4,56,9.653327690146718,22.799752871695294
4,33,0.2940596129047842,0.9965729834397716,1.0119541199186248,0.4624085542785492,0.25804957441973925,0.11652683134150009,0.028426295217740177,0.3404062177937637,0.8,1.0,0.4,60,9.56623636517895,22.76772157589273
4,34,0.18323931075878477,0.8705138625517073,0.8727410661383568,0.3292822908535344,0.15247287845778404,0.08785893068934468,0.03157249000153018,0.11350447589960164,0.8,1.0,0.4,61,13.428638855761411,23.43922643696376
4,35,0.15521246927642343,0.8353195212271823,0.8329843710746085,0.3001098487631012,0.14930000058853785,0.09911902150583728,0.0164354381107021,0.06239703275325652,0.8,1.0,0.4,62,14.159794996858944,15.440798377453056
4,36,0.14855891184621212,0.8377075482468408,0.8440473659971577,0.3180056141851836,0.1253619747752177,0.08232444851840055,0.0114812331502223,0.09307103796499748,0.8,1.0,0.4,63,4.181047537820402,10.90898851218974
4,37,0.15128172996561698,0.8338290872806345,0.8356592565459656,0.3074790331038062,0.13893390897867158,0.09105440187470368,0.01517940470321898,0.07566598272955398,0.8,1.0,0.4,64,14.19369524083318,17.1964232871271
4,38,0.1463335332789392,0.8322610232338474,0.8383372445632462,0.310494019176533,0.1238531658771997,0.08413618612772611,0.01470477558368941,0.08057428667593572,0.8,1.0,0.4,66,6.888295368012474,13.042448546947536
4,39,0.1573765616786226,0.8396026788117578,0.8453861244383355,0.3313500363344818,0.1715497278109254,0.08155520977785558,0.025949156527716448,0.09019719319634152,0.8,1.0,0.4,67,12.758853442595504,5.930219102153575
4,40,0.15753971143889958,0.8446937901543231,0.8548489033444452,0.3422703531999592,0.1275577114202149,0.08156714878874737,0.02601464438211251,0.09044184844964041,0.8,1.0,0.4,69,12.74239336296436,5.903496450210524
4,41,0.17266382783712672,0.8473467715993674,0.848557227740496,0.36220751779786187,0.1538544485116337,0.10967579017566359,0.03413429437917736,0.05492523179574652,0.8,1.0,0.4,72,9.355045906195278,14.655907314232556
4,42,0.17272271006481352,0.8442273129807785,0.8451988729391686,0.3799691105815364,0.18146204403867322,0.1084196244667016,0.03560461464116773,0.05756502279455402,0.8,1.0,0.4,73,10.553059259968862,14.292713941104372
4,43,0.17270257714629275,0.8441616782448726,0.8451298464617156,0.38304729555450545,0.14587654250318266,0.1084196235156945,0.03560461606073926,0.05756502121509442,0.8,1.0,0.4,74,10.667908024375295,14.451931634729783
4,44,0.16254466128376768,0.8380722636743991,0.8433485367531215,0.3873925749106698,0.1388729224729213,0.10795801403552692,0.02979686962251991,0.04857604855965586,0.8,1.0,0.4,77,10.95110874711277,13.783134410132984
4,45,0.15474456663966066,0.8287603111075249,0.8339255442031744,0.3631641870149252,0.14522509678902187,0.08160227564060395,0.02806899658022788,0.08771992621286932,0.8,1.0,0.4,78,12.837645973875096,6.332019069867408
4,46,0.14078408573489715,0.8109278588165716,0.8158136782762103,0.36104141564908515,0.13012200827336007,0.08474812683808926,0.016610968556274492,0.07906136721397164,0.8,1.0,0.4,81,6.41350576069618,12.299521255538002
4,47,0.14784876850958983,0.8233651438969514,0.8366790672967594,0.3861421512552627,0.14882158929349223,0.08139980539338844,0.027132311047103556,0.08126671857957847,0.8,1.0,0.4,83,12.629733811523517,7.457916916019204
4,48,0.15351574113012173,0.8280986269370103,0.841347822258607,0.4065757612792377,0.13564384519144299,0.09390783838571229,0.03136836575272324,0.06063739824980481,0.8,1.0,0.4,85,12.718265210531142,5.744744934743722
4,49,0.15040090276708654,0.8091695003451478,0.8092320616108291,0.37104359310425034,0.1296585736766386,0.08163415645685623,0.02664797045674768,0.09002637872437039,0.8,1.0,0.4,91,12.827969837308665,5.842877713372168
4,50,0.16272132004264092,0.8404807276346045,0.8579811218355509,0.4699090383490954,0.14119330320241502,0.09148129300565509,0.03703954931780566,0.07582319543343,0.8,1.0,0.4,104,13.053502426910008,9.99673424645497
4,51,0.15821026843371389,0.8299187738931421,0.8429704217868363,0.4752557715431357,0.1478939941074563,0.09353196820458573,0.03368705862708716,0.06973619646592837,0.8,1.0,0.4,105,12.652461177693867,8.450271366489954
4,52,0.1717716363134836,0.8377723299257586,0.8463992033778059,0.46676210913051014,0.1521417248219149,0.08438418503966975,0.052927383623551816,0.07443862500130645,0.8,1.0,0.4,109,13.226949241385489,8.190824528435392
4,53,0.1637692063836278,0.8323354409632673,0.8492188914211498,0.5065523597411291,0.18142377494381973,0.08807972305672422,0.04576142228522573,0.07041920521565856,0.8,1.0,0.4,111,12.675846992549296,9.900684506643229
4,54,0.16315186402407167,0.8307945760268154,0.8476173396586666,0.5092583163772859,0.15321992550708693,0.08807971713638699,0.04546491673093858,0.07025508922339004,0.8,1.0,0.4,112,12.645888787322324,9.834941902568138
4,55,0.1592363781257627,0.8265259847545472,0.8433256453209829,0.5086587133670628,0.14369375332752748,0.0897519783842867,0.04178372021006888,0.06656445694016913,0.8,1.0,0.4,113,13.06211604104455,11.065268555263255
4,56,0.1662194296541059,0.8276788036455794,0.8400475711648592,0.4857171905449162,0.1518176234999549,0.0971123273551469,0.04283155152820783,0.06727714289135435,0.8,1.0,0.4,121,13.894194820681143,11.228362483206084
4,57,0.19552968812854588,0.854189137794906,0.8663761691731572,0.5980777736369907,0.1777557442674333,0.09339870467674535,0.04206046343737513,0.1517338190875524,0.8,1.0,0.4,125,14.268327015179782,13.783389104893818
4,58,0.19703180975126533,0.8603543382828778,0.8768962025640097,0.6129762984676673,0.18018453375665622,0.09306447900061648,0.0440551465344673,0.1513510197245082,0.8,1.0,0.4,127,14.250832004433423,13.771388491085034
4,59,0.18051684222243428,0.8526078019017773,0.8818814092507166,0.6123690956436666,0.1917952565173382,0.10195843132611768,0.05164076803934061,0.07696038357305332,0.8,1.0,0.4,130,13.807000752439718,9.78304832175475
4,60,0.1760017581917465,0.845785961457876,0.8749142827973505,0.6112100537439754,0.16637187462362057,0.10116390927667901,0.048699303858965634,0.07590328045308078,0.8,1.0,0.4,131,13.984285385828285,11.28132826198352
4,61,0.16885282479686495,0.8257197544628458,0.8418497077936771,0.5373320556851231,0.15241424188189395,0.09770678183693125,0.04388739250026074,0.07590326974709641,0.8,1.0,0.4,134,13.984285382796338,11.281328448268294
5,0,0.8684053059990159,0.986956610024508,0.986285156604467,0.06127568530642045,0.0,0.0,0.0,0.0,0.8,1.0,0.4,1,8.560306132379864,61.94420214088719
5,1,0.6305037670158146,1.0176125647484986,1.0149376051883925,0.12585925668129996,0.22107147134652302,0.08680620743325183,8.105888614433e-05,0.00012203878719128,0.8,1.0,0.4,3,5.818548140001179,40.903060149227215
5,2,0.593672520905833,1.0171608585585927,1.014253030824976,0.13155594719701388,0.1261349959700926,0.08942963375109832,0.0011612066099876,0.00235367747917095,0.8,1.0,0.4,4,7.718791546595426,4.708491050449721
5,3,0.19801388732537006,0.8905026569908827,0.8855345390194179,0.09991821111347665,1.0227625816143286,0.08154396371921659,0.00122476422639352,0.00138226115524299,0.8,1.0,0.4,5,4.259513519296295,3.53815213448445
5,4,0.1966108869841008,0.8858822608455927,0.8763426720047434,0.10809327393642973,0.07873867587874434,0.08755386245713175,0.00078306332509456,0.0009143165545019699,0.8,1.0,0.4,9,3.972633833205655,2.720272035520418
5,5,0.19558523663094066,0.8911045024802166,0.8857556367523599,0.12927079662566404,0.08866434624781602,0.0925478823138392,0.00063623751744411,0.0008402786009032199,0.8,1.0,0.4,11,3.815985416879592,2.5213020741278607
5,6,0.1954094759531829,0.8860274516467532,0.876298745559952,0.11506254997720336,0.07602174202960447,0.0925478823138392,0.00063623751744411,0.0008402786009032101,0.8,1.0,0.4,12,3.818386792836196,2.4698293298820806
5,7,0.19087836189607307,0.8924845700677486,0.8913299432904368,0.1368504431411711,0.10096425311701754,0.09228153252804543,0.00071995944736217,0.00093476664119199,0.8,1.0,0.4,13,3.992513347388452,1.7472984226889696
5,8,0.1930146631522202,0.8899146951457955,0.8843450784743828,0.14761532904154695,0.08443781126705611,0.0959314462058532,0.00085428524744562,0.00127436099843557,0.8,1.0,0.4,14,3.923579860963976,1.9504093369464044
5,9,0.25704749921547754,0.9607871797020054,0.9591737349264536,0.22467193102460767,0.2152054935807696,0.15971503563523504,0.015205058487549949,0.02289442568397185,0.8,1.0,0.4,15,8.076913455663151,8.351069736840083
5,10,0.19466944096347505,0.8851323603704387,0.8798720906550032,0.20673547671936726,0.42307347749154284,0.14995124341667762,0.017075405221127903,0.025710339618276366,0.8,1.0,0.4,17,10.158756140608103,4.292309109885462
5,11,0.1945607183795565,0.8898743870677465,0.8889767230018687,0.2142136378348675,0.1481171606745405,0.14995124341667765,0.01707540522112792,0.02571033961827638,0.8,1.0,0.4,19,10.2047762014808,4.253105725931668
5,12,0.19447500085589517,0.8746961353838886,0.8684271310598913,0.22171160942797447,0.23195790330526425,0.1554045657860105,0.02007615548304304,0.03019888866299627,0.8,1.0,0.4,21,12.029923986684782,2.330038713714513
5,13,0.19443915814723295,0.8746120286161316,0.8683386877945456,0.18263034393086863,0.15680631992899122,0.15540457680744613,0.0200761636959544,0.03019890102940484,0.8,1.0,0.4,23,12.076621143731074,2.3042774545326425
5,14,0.2067648338434001,0.8801096484025122,0.8772258749218673,0.2585021393150147,0.21332590507555718,0.16532056936195547,0.027415569229932713,0.04116139466186671,0.8,1.0,0.4,27,15.953340123576895,1.8515039250031105
5,15,0.20664688567397543,0.8748182938406546,0.8675436332593471,0.2606190467456304,0.17747411229638077,0.16532056936195547,0.02741556922993269,0.04116139466186675,0.8,1.0,0.4,29,15.800727036922272,1.903990173908189
5,16,0.21277384589193643,0.8722822421176206,0.8603426682485815,0.2689916589900292,0.20711988207895193,0.16950142095566012,0.030406623655921138,0.04551758140367653,0.8,1.0,0.4,31,17.515985393180458,0.7612301363967547
5,17,0.21095692124285265,0.8662131590197837,0.8539611627118575,0.2739634567241691,0.2297785354142512,0.16950142095566015,0.030406623655921127,0.04551758140367662,0.8,1.0,0.4,32,17.862882227855614,0.630433143396053
5,18,0.22939396213085955,0.8982413116892898,0.8990172260706262,0.3076840055078616,0.21702517781293157,0.17695482352223252,0.03852199246803215,0.05773708245107463,0.8,1.0,0.4,33,21.409762301055714,2.136691015364082
5,19,0.20966554545355057,0.8677991250033882,0.8597689207245373,0.2818423762451563,0.19289279541283055,0.16879453232486172,0.030339194479566577,0.04604821254981776,0.8,1.0,0.4,34,18.48985210701419,0.57821587805939
5,20,0.2182384091198278,0.8911460981498956,0.8962303297226856,0.3056370865601813,0.1932264742716067,0.1728448169544279,0.03384444030836238,0.050693975434616304,0.8,1.0,0.4,35,19.67034581207288,1.0464520282089955
5,21,0.219336654427339,0.8704944499575323,0.8579448661100955,0.29322751402308717,0.21554364503873233,0.17303369302685115,0.03475552244211861,0.05273612060590507,0.8,1.0,0.4,36,19.9804716433993,1.3882030424639034
5,22,0.23435813035741884,0.8925189458643354,0.892539755786658,0.32459430116772464,0.29513014706883356,0.18103338471430608,0.0421203617394809,0.06294880973513403,0.8,1.0,0.4,37,23.868981158543,0.6608291270189246
5,23,0.23434434876635968,0.8924637092481845,0.8924816684486756,0.33678554224938057,0.21234135592981918,0.18103338471430608,0.0421203617394809,0.06294880973513399,0.8,1.0,0.4,39,23.91906362750192,0.6523271837054081
5,24,0.22425468649927863,0.8685617409599514,0.8717167564015063,0.3361054055734626,0.3007598252231066,0.1728027994716133,0.04876962206657022,0.05069363534222389,0.8,1.0,0.4,41,19.69816149891896,1.0289742536737174
5,25,0.2373259090805995,0.8437491658807238,0.8446099735053508,0.35784666960934475,0.3137804777325685,0.18098937661930442,0.05707159451971672,0.06294813146912251,0.8,1.0,0.4,45,24.128925962206303,0.6154831678754478
5,26,0.23732585859641186,0.8437487318383009,0.8446095313612002,0.36460816497152365,0.22704278901336927,0.18098937661930434,0.057071594519716703,0.06294813146912255,0.8,1.0,0.4,46,24.129263086587844,0.6154430130902264
5,27,0.2443375755530367,0.824132260652168,0.8193780424331342,0.3637581632913118,0.42437340095968235,0.1850925039847973,0.06099037302584488,0.06857960347407374,0.8,1.0,0.4,47,27.125854590895184,0.0940496215393155
5,28,0.23687022610635772,0.8057899611184515,0.8045234614443095,0.37279927361388676,0.2571890147246051,0.18598462769020346,0.052771204460831375,0.07212011980758551,0.8,1.0,0.4,52,28.231597225291345,0.0877539304258972
5,29,0.24281918933125765,0.7957641462319321,0.7895149117089383,0.3839865729843363,0.2837566620118763,0.18894430507766768,0.05537176673464397,0.07660521470168483,0.8,1.0,0.4,54,29.60312879152573,0.2979510916885559
5,30,0.24767938951320106,0.7983020558726162,0.7960278854234082,0.3923996921331701,0.2721626472002588,0.1898183717155734,0.05839612936717198,0.08060619754726937,0.8,1.0,0.4,56,30.65329612024381,0.4242496720800465
5,31,0.24805370571420363,0.7997725867350723,0.8016613975785003,0.4026637732398242,0.2589472256604755,0.19005893606261864,0.05865896882884143,0.08098368607093347,0.8,1.0,0.4,58,31.171849356524408,0.3803756842596063
5,32,0.256897340625443,0.7817838293904108,0.7781146970214763,0.4036987054025386,0.34266676203172763,0.19380819031451582,0.06320753052428384,0.08704619314456571,0.8,1.0,0.4,60,33.94396406068906,0.0458133305278329
5,33,0.25778221036447857,0.7812035373546435,0.781563237603851,0.41933671239784964,0.2802098970342509,0.1939292636109235,0.06419147669213054,0.08724750986399352,0.8,1.0,0.4,62,34.210926928269075,0.0605680823290215
5,34,0.30742036455832633,0.8375901558858534,0.8588551605908831,0.5877347155709922,0.31114633568018923,0.19473216241127475,0.11305190967907204,0.08926487749718902,0.8,1.0,0.4,84,34.32235053154105,0.080696590169263
5,35,0.2735423999002682,0.7741304375147905,0.7938296819810129,0.5648517202018326,0.3306959859088541,0.1984024560369966,0.0712721407066309,0.10376272831510816,0.8,1.0,0.4,88,37.39722197839759,0.2242603092669527
5,36,0.2714490260475359,0.76287815294264,0.777982432372657,0.5533005780150821,0.2862779726733812,0.19900090804472229,0.071422888411364,0.09719730464762641,0.8,1.0,0.4,90,37.42827099123773,0.2213770247786616
5,37,0.27138525173457495,0.7651261935785109,0.7885781029589848,0.5771130307150376,0.2816593224562097,0.19866127472029965,0.07181308489979209,0.09714783082813534,0.8,1.0,0.4,95,36.88876530682148,0.2305979492582103
5,38,0.2734124971014778,0.7680130354238501,0.7956234799576217,0.5973399501311095,0.2798247078018386,0.2012652299170622,0.07175473842296003,0.09735838118599312,0.8,1.0,0.4,99,37.11380561198671,0.4135093394551735
5,39,0.27461433468838964,0.770046370109818,0.8018140614141195,0.6079742678321207,0.2784422016613222,0.20170166502822814,0.07270452118269824,0.09731222714494034,0.8,1.0,0.4,105,37.11545862942837,0.3383692505416324
5,40,0.2750262930794477,0.7681305386247972,0.7997762019890169,0.6306402860813092,0.28265359299972465,0.20241036178591298,0.07261036873195789,0.09726680123830148,0.8,1.0,0.4,107,37.114384273455705,0.341218400027852
5,41,0.279126777965903,0.7696221745641268,0.8052452808282723,0.6539883075166809,0.2976193159067893,0.2010355661905543,0.07730707814471108,0.09885346431918804,0.8,1.0,0.4,110,37.01708302373096,0.4313471683361077
5,42,0.2747209691110234,0.772239534010473,0.8164587582756792,0.6600838836084947,0.277103881001482,0.20241789334540541,0.07237630215193044,0.09751840407886014,0.8,1.0,0.4,116,37.56031523714959,0.4038086513080867
5,43,0.2771538695893185,0.7736232192123212,0.8177875690678568,0.7053177956702498,0.2774269220537549,0.20205760004167506,0.07494565490837872,0.09793972432936722,0.8,1.0,0.4,121,37.21291970822429,0.0487941732806177
5,44,0.28249350892406416,0.7695471167947439,0.8091047045482237,0.7079251669266416,0.29884420534651746,0.20375140993647212,0.0786510809321234,0.0988103512424999,0.8,1.0,0.4,123,37.01631110566493,0.3292808119046565
5,45,0.2798826951668222,0.7798023118668926,0.8323761950347155,0.737646076398569,0.29419069209771187,0.2011945606336911,0.07870256505741212,0.09734181095556774,0.8,1.0,0.4,124,36.938556626724754,0.4061444935814421
5,46,0.28141284034326763,0.776380132514219,0.8286954220802556,0.7418141822050033,0.28671410939412867,0.20266935157041058,0.07913549812178095,0.09731240402580951,0.8,1.0,0.4,130,36.939670730190784,0.3402893715259354
5,47,0.2810391537907635,0.7849671558023393,0.8459800584159459,0.7817228052193065,0.28351804451585727,0.2020935054775529,0.07921106755859635,0.09737322229734148,0.8,1.0,0.4,132,36.93895742982316,0.3545407197509992
5,48,0.2819386788243248,0.7850032333994393,0.8459710757798972,0.786191275034153,0.2841544821355028,0.2026038997471381,0.0797139617320975,0.09737355585952198,0.8,1.0,0.4,134,36.93923745666828,0.3437317438967305
5,49,0.28206612367854156,0.7848061512195683,0.845757063144414,0.814257177326184,0.2813057177999881,0.2025650285787855,0.07986921083774565,0.09739281524875856,0.8,1.0,0.4,140,36.93899898454381,0.3447956740141877
5,50,0.2768638236210131,0.7742167403433061,0.8348866788939254,0.8286561540553278,0.28283006659184434,0.20148833302517824,0.07543844176601705,0.09779455102883931,0.8,1.0,0.4,146,36.90445017062349,0.6320830988375634
5,51,0.2768103930170677,0.779099733256003,0.8441422805607024,0.8419221355731781,0.2757348788049003,0.20147426210908642,0.07540292489055293,0.09777824485988697,0.8,1.0,0.4,148,36.9043590193717,0.6327209015307035
5,52,0.27875379558565466,0.7954839745536135,0.8736251383213522,0.9184443699974404,0.2778679257176419,0.20155932853765,0.077268774108506,0.09781473856806648,0.8,1.0,0.4,162,36.90434353831149,0.6082512761808068
5,53,0.2795659018403072,0.8012178179135603,0.883730818638989,0.9366178693558878,0.27855533089077156,0.20158250946068412,0.07805586708254153,0.09783173048158081,0.8,1.0,0.4,164,36.9043651975832,0.5951747725516332
5,54,0.27838194978649433,0.800024028812859,0.8825365287981619,0.9393433843853629,0.2773081200726607,0.20153658048438539,0.07691250758798134,0.09782240109034925,0.8,1.0,0.4,166,36.90436526253471,0.6179687173734286
5,55,0.27766555690679445,0.7993058671090015,0.8818182612592255,0.9464517170654754,0.276569284688149,0.2014527319440125,0.07626517658294821,0.09781750338383434,0.8,1.0,0.4,167,36.904372608205136,0.6248058879408128
5,56,0.2788455137222009,0.8053130628236027,0.8921923640430791,0.957203550021418,0.27868600731758686,0.20144803595665703,0.07746012914993114,0.09779322331869024,0.8,1.0,0.4,168,36.87969344288968,0.6071014331094065
6,0,0.7256539516678953,0.9709655813417014,0.9694709087224871,0.05774829550806858,0.0,0.0,0.0,0.0,0.8,1.0,0.4,1,21.020557200002965,60.63882564908314
6,1,0.5398379865280979,0.999142870072265,0.9956928750063234,0.11912331804126622,0.2140089720318124,0.08252029297210833,6.927026682063e-05,0.00018426054694576,0.8,1.0,0.4,3,14.657029712815977,35.784701514799124
6,2,0.4332398454777449,1.0175828819935093,1.0122080041557542,0.16916170506370296,0.41311134747165296,0.14165948948809207,0.00254341129931945,0.01530205411446057,0.8,1.0,0.4,4,14.241497665277372,39.93551758936693
6,3,0.3708083845478563,0.9684054056770302,0.9627448877662539,0.1258219083393199,0.12155913652892364,0.09761562022158113,0.00013493140963529,0.00033797641380163004,0.8,1.0,0.4,5,8.874937177213184,18.42485713242772
6,4,0.2645836052406991,0.925824305561926,0.9182056713410136,0.11586449809413465,0.36999743589168943,0.08883197502218591,0.0012793836536658999,0.00368517417889724,0.8,1.0,0.4,6,9.454763268301122,3.215181653334787
6,5,0.24475898113567318,0.9286590592442645,0.9246180958462183,0.12907669714780395,0.21955275212247308,0.10703429631670883,0.00078634689328,0.0018629711284750099,0.8,1.0,0.4,7,4.23722781991113,2.836183260840777
6,6,0.20644605047444395,0.8947297580446691,0.885305660708043,0.11561946425686617,0.2184952738430845,0.09238791446640304,0.00177908098675175,0.005265762278537979,0.8,1.0,0.4,8,5.118121363823435,4.261375516582227
6,7,0.20661549360032005,0.9007112006882042,0.8955562391273224,0.12541603593365105,0.08871292703274913,0.09589608708054351,0.00190732096387278,0.00556597818102963,0.8,1.0,0.4,10,3.432673272628167,8.425174603070328
6,8,0.20061542278989272,0.8905355222480985,0.8809054488767608,0.12199718044352387,0.0929437288394071,0.09212576158542274,0.00181127490092492,0.00522772803818739,0.8,1.0,0.4,11,3.34555539589964,3.778081598896031
6,9,0.19964691161185816,0.8947593705129689,0.8894682432230671,0.131452517230492,0.08011722029834052,0.09194541363946468,0.00185325854040345,0.00533676863642505,0.8,1.0,0.4,13,5.339644065842312,3.389980425099426
6,10,0.20077328331538877,0.8963805322380944,0.8910225020885425,0.14565350809104977,0.09072665592091403,0.09379427115075574,0.0024861283873288302,0.0073580247015458,0.8,1.0,0.4,14,4.763858556650798,4.4965254382358815
6,11,0.19652004996261635,0.888166783709223,0.8782799440811119,0.13798755050559383,0.10372439597835992,0.09336254007614844,0.0025603059409805397,0.00742903105943282,0.8,1.0,0.4,15,5.07116980487823,3.890849919301029
6,12,0.1946152038358831,0.891629687386604,0.8860395739221903,0.14439989854705526,0.0859459143175359,0.09336254007614844,0.0025603059409805397,0.00742903105943281,0.8,1.0,0.4,17,4.980556724811538,3.74326673450814
6,13,0.18370158342072765,0.8883302943948903,0.8863797312343,0.15949987577391084,0.19717558032580498,0.09427644906110896,0.00496418778104022,0.01460345380380006,0.8,1.0,0.4,18,5.039300788141339,5.1322380726822505
6,14,0.19617225821607867,0.9011337841695111,0.8989100923474078,0.18114579791888405,0.12498845277847306,0.09918274404983304,0.01842051112283315,0.016422550206226467,0.8,1.0,0.4,20,3.1346258002791663,12.311771176308902
6,15,0.19389164232108075,0.8939493691896908,0.8872487530815972,0.17577791976078297,0.11982797367633168,0.09877678667336959,0.01849468867648488,0.01649355656411354,0.8,1.0,0.4,21,3.530037266809069,11.437046355217335
6,16,0.18422528845838995,0.8941377036446008,0.895957261268502,0.18368514142244904,0.13326199165894032,0.09937507451896821,0.01459512821157683,0.011764744506079181,0.8,1.0,0.4,22,3.37046188891592,8.63679799286834
6,17,0.17340460963416274,0.8831992158067475,0.8849270390997444,0.1907126746209653,0.09646243724285697,0.09775844680861037,0.0052551774772769,0.015456253424292249,0.8,1.0,0.4,24,4.69916982529266,2.9174727639239757
6,18,0.17229499468939335,0.8820258335979906,0.8837067538298347,0.1931989215265249,0.09642890852379916,0.09760463969050805,0.00519332597342309,0.01526225390504854,0.8,1.0,0.4,25,4.671584476595345,3.0914920116460096
6,19,0.16673927655501036,0.8745353326532631,0.8754939863848084,0.2001549565428157,0.13235867298249138,0.09822701955797096,0.01047840843671991,0.01715425869113988,0.8,1.0,0.4,28,4.217632969155033,20.98518616909043
6,20,0.16664093835906432,0.8694718534694831,0.8660541109547643,0.18069168335987887,0.09630975768518465,0.0979270037982521,0.01045043125070052,0.01769115032411325,0.8,1.0,0.4,29,4.239990010885268,20.93546297873045
6,21,0.1656471362039357,0.8780876490697365,0.8833476628875437,0.2081581368971805,0.10625429382960526,0.09822701955797092,0.01047840843671993,0.0171542586911399,0.8,1.0,0.4,30,4.153505305000495,21.484589665173228
6,22,0.16567887290394073,0.8781023850246577,0.8833583474310863,0.21414908381391484,0.09663018677391674,0.09871256127870252,0.010519507457725551,0.01631442663716006,0.8,1.0,0.4,31,4.097302687077789,21.54563991052636
6,23,0.16757883823721273,0.8740890052894725,0.8747576344384096,0.21274728412677069,0.13364626189145612,0.09445350434883468,0.005314401864651401,0.05058082424859236,0.8,1.0,0.4,32,4.856779338907824,4.840870035354207
6,24,0.1663025260405713,0.8759380369818299,0.8806470401834667,0.22322512403438258,0.12957362281113555,0.09973156543568416,0.011827110991033,0.03215932233605816,0.8,1.0,0.4,34,4.870302227774773,5.304555943384814
6,25,0.16628427885934838,0.8709160076873372,0.8712421332979001,0.20610540328290206,0.10606821764648255,0.09979604699689963,0.01174964712006689,0.03250801487763254,0.8,1.0,0.4,35,4.858408779453494,5.255572860819195
6,26,0.151625672026095,0.86411844148423,0.8728745441604449,0.24399996147003927,0.1036069353323255,0.08880576477329263,0.0163948802570861,0.01650956713922037,0.8,1.0,0.4,40,3.931341674483954,22.84967794236544
6,27,0.15479545535197725,0.8689967611943895,0.8816848400140332,0.25651493904505335,0.13621733781701195,0.1013621653547858,0.014951899159345649,0.01625659621839231,0.8,1.0,0.4,42,4.188035043658088,24.03192897093988
6,28,0.1538814928454299,0.8629833414861812,0.8712851861762236,0.25921067733535186,0.10308582628813148,0.09422231602479056,0.011426800164990859,0.03731893229493567,0.8,1.0,0.4,43,3.440964042790037,12.771921224438294
6,29,0.15924603499009593,0.8731597102858759,0.8858180059804437,0.26752579946466376,0.10981563844981887,0.09640003992390131,0.011810230024839361,0.04589105640968882,0.8,1.0,0.4,44,3.582930396755187,13.047229157600444
6,30,0.1618683230066389,0.87459118396065,0.8871046046412456,0.27779592877729814,0.12253222853362897,0.09649805639957443,0.01885307019280593,0.03870149132810868,0.8,1.0,0.4,46,4.827903204315441,22.81621770361676
6,31,0.1611454395341084,0.8732913967471171,0.8857379110636054,0.28372252008866217,0.12155883349063135,0.09649805639957443,0.01885307019280594,0.0387014913281087,0.8,1.0,0.4,47,4.681619582255924,23.457299954678067
6,32,0.1501612990893293,0.8563363568548045,0.8642921842263912,0.27027964619736056,0.11962032499335837,0.09178197891672579,0.01266514392624482,0.039289907677669225,0.8,1.0,0.4,48,3.472877470280608,11.841211870897018
6,33,0.15226776740994452,0.8567747033866424,0.8645468185016802,0.2796869912045861,0.11971227195140677,0.09765895053893865,0.01315006228147723,0.03634151276758061,0.8,1.0,0.4,50,4.423988219989763,11.82840542196372
6,34,0.14759107060104693,0.8547741284413344,0.8666819236531196,0.2894347398425245,0.12140914099548289,0.09186140162024731,0.01433261567480272,0.03914344680862853,0.8,1.0,0.4,52,3.830157307390476,11.822408302402376
6,35,0.14717571841106267,0.8543293512989966,0.8662341505259293,0.2890346530762098,0.10354278550013775,0.09184298332033611,0.013945422456342648,0.039181633453338735,0.8,1.0,0.4,53,3.838272352163852,11.832409242206342
6,36,0.15159474482336682,0.8561237524450309,0.8677677026775976,0.3012166046092059,0.14946816995944556,0.09952738967905363,0.015130964214428569,0.03800306345684124,0.8,1.0,0.4,54,4.7375708262710265,11.564929864003496
6,37,0.1611550384763259,0.8527549134833124,0.8553670347718094,0.3110768639463288,0.1651394121246869,0.09853397299253591,0.02358230430525008,0.04903997414075576,0.8,1.0,0.4,55,4.6934271306537685,20.6662373287603
6,38,0.15842882514465684,0.8522876066867752,0.8590308988559434,0.31944506226944835,0.13961090310446916,0.09623056849768737,0.02607339103682747,0.04563455342687005,0.8,1.0,0.4,57,4.461555280269885,20.20152810033929
6,39,0.15805071419834235,0.8515332681931082,0.8582434337518453,0.3223483765747331,0.12621385256251919,0.0958207015339088,0.02658534922048294,0.04489771076504604,0.8,1.0,0.4,58,4.414386339174714,20.0559470309903
6,40,0.157473701264164,0.8555153040187097,0.8665646181345,0.32889231863608603,0.12604795245299508,0.09476811480450183,0.028058456763774033,0.04255964108173155,0.8,1.0,0.4,59,4.266156688022987,19.48164652600745
6,41,0.15057463290490058,0.8432475811210375,0.8538422179092419,0.34923972349831267,0.1289538610457055,0.1037539857537003,0.0201421617418609,0.03578958650442019,0.8,1.0,0.4,65,4.346233427273225,20.416913928667658
6,42,0.1505613473279727,0.8481471816683775,0.8631122006014678,0.359863416064263,0.11767300738803131,0.10375380712460981,0.020142879914045668,0.03580408862120974,0.8,1.0,0.4,67,4.344457162299612,20.41201086238212
6,43,0.15823661251015939,0.8479928756978694,0.8583524634258193,0.3595371825551244,0.16176976561500955,0.09787399828911666,0.02053792081870114,0.06983781951066835,0.8,1.0,0.4,68,4.271930613324571,14.057327544439804
6,44,0.1950865491115597,0.8818729786602238,0.8919989693597594,0.40781677994026483,0.1829057893958691,0.12293529902254784,0.023407855016545732,0.10858504635224671,0.8,1.0,0.4,70,4.256692108021356,27.282156096346966
6,45,0.136893334592121,0.8601409355213543,0.9050143779878598,0.46272888783306426,0.11060691918164828,0.09109363565673662,0.0249739297497108,0.02663151446740903,0.8,1.0,0.4,87,5.257873406048027,16.431838986271305
6,46,0.13680634607112577,0.8648143080302244,0.9140468628127572,0.47381166028413574,0.10956486364727033,0.09109363565673662,0.024973929749710768,0.02663151446740904,0.8,1.0,0.4,89,5.226258586640013,16.44092384708725
6,47,0.1294845371106718,0.8565027853150382,0.905660918855666,0.47003475378446,0.11288967557530638,0.09029817984579189,0.02083782083019154,0.02139800244762089,0.8,1.0,0.4,90,4.814584594245729,8.874076220039594
6,48,0.14795813743221214,0.8788903334514792,0.9323444566815021,0.49627110347593173,0.13226760327278725,0.09296025032258189,0.02471676371659682,0.05372496185308978,0.8,1.0,0.4,91,4.486641706991248,10.150488999291998
6,49,0.13532245365315804,0.8658739695812516,0.9192998659658604,0.48367529146421545,0.11234677372848689,0.0985206804699809,0.02148122302934738,0.01952130590913825,0.8,1.0,0.4,92,4.799932456306771,9.28541112951328
6,50,0.1362286535437503,0.8565697392778099,0.9012259115634463,0.48010439569012314,0.11033297817711364,0.09534033765826383,0.0245013116274811,0.020944227207809092,0.8,1.0,0.4,95,5.62900810700467,14.559248540852002
6,51,0.14097263774200341,0.8709040943559556,0.9242841503711625,0.5378096480206574,0.11515909356517587,0.09925599845257219,0.027111774479242328,0.01877732599088666,0.8,1.0,0.4,98,5.611477654843387,15.718953592669806
6,52,0.140968435853577,0.8906782498450642,0.9615502239904519,0.5918692226083884,0.11403952675166273,0.0992559983779606,0.027111806599922787,0.018777325640355138,0.8,1.0,0.4,107,5.638891517449449,15.69063313968926
6,53,0.133556901728483,0.8781300924606945,0.9446149194068857,0.5445077521299566,0.10722767856201461,0.08964248099812856,0.024544940534696517,0.026098258616770557,0.8,1.0,0.4,111,5.341410409922435,16.910219020490906
6,54,0.14425475740567265,0.8833521258927679,0.9454248097898843,0.5663001424468027,0.12058047740062178,0.09312072663524196,0.02450112625514452,0.0465662842796878,0.8,1.0,0.4,113,4.585410980718535,13.785547357448587
6,55,0.14257432134356174,0.879467750147169,0.9413797805837466,0.5721973263891426,0.14113988731205057,0.0919970356794553,0.02421675619483785,0.04761509274222296,0.8,1.0,0.4,114,4.606946032731238,13.788229947785329
6,56,0.14002701591103775,0.8858404395397783,0.9564285499200019,0.6089047350182926,0.11603193470777064,0.096520779571036,0.026180447291660143,0.028267672322511473,0.8,1.0,0.4,122,4.58263942772183,12.400586791555916
6,57,0.13909656861070172,0.8990935241961103,0.982753700533907,0.6240239567353584,0.1171494601934405,0.09557261450288795,0.02552212059611651,0.03014233037883421,0.8,1.0,0.4,124,3.1753696433383976,13.54387784265568
6,58,0.14044839525785047,0.8986049933484096,0.9821342185594859,0.6520111470256952,0.126649038546847,0.09737435544462938,0.02668319672755682,0.028773127934478747,0.8,1.0,0.4,126,4.71533497488292,15.373627105682766
6,59,0.14522022294240777,0.8958868346900837,0.9748640161241106,0.6732388138613589,0.1351398158749031,0.10001108063217048,0.03136248300071496,0.02606217083751055,0.8,1.0,0.4,128,3.3724627082947354,13.52971375688987
6,60,0.13754118370075294,0.8929122759953138,0.9762456891443091,0.6817836888388195,0.11447872433472922,0.09599643975696964,0.025118578024064468,0.03071957291786394,0.8,1.0,0.4,133,3.023770167320945,13.81499368723838
6,61,0.1374048497771945,0.8976031899936474,0.9853014005646652,0.6907757013965452,0.11479212080979903,0.09590212333758943,0.0253436550146521,0.030110919353896898,0.8,1.0,0.4,135,2.971904239660041,13.88781150221106
6,62,0.14506500419122356,0.9086137397230594,1.0005742563880058,0.7280270441820019,0.14017597108666544,0.10102196900054206,0.030842445087421438,0.02666627126628579,0.8,1.0,0.4,136,3.470961682854779,13.489928960502471
6,63,0.13656315446255765,0.8909846385533963,0.9782857521446097,0.6792600975496069,0.1362834429927754,0.09555998527000237,0.02594089720026007,0.032038659377151016,0.8,1.0,0.4,138,3.0835157493104512,14.057574622186348
6,64,0.13643599683136745,0.895095854147207,0.9867222626861069,0.692196725946973,0.11892854843545775,0.09575750748646461,0.02590692676856966,0.0319657634133982,0.8,1.0,0.4,140,3.1218738089213933,14.07654668900516
6,65,0.13826027415814493,0.8927785814305038,0.9841281160215833,0.7391326370344684,0.12361386171239583,0.0974662430292364,0.028234865729485442,0.03037972717935561,0.8,1.0,0.4,148,4.980545970266241,15.080196570622158
6,66,0.13309857241385475,0.8966963953694284,0.996738363114353,0.7523979057987726,0.11780483035168014,0.0945076819187679,0.02692924520293734,0.02723823776903031,0.8,1.0,0.4,150,4.661717850632434,16.69436860960615
6,67,0.1330076789635039,0.8960953284100086,0.9961036084445254,0.7613860517215427,0.11847982823461957,0.09428977825816286,0.02718821160493869,0.02715935805007687,0.8,1.0,0.4,151,4.652469251732106,16.699678724197945
6,68,0.13596807787893508,0.8939468851927536,0.9895713410668779,0.7576515824534303,0.11881488505833565,0.09700287995380158,0.026328910164833703,0.031396028999194345,0.8,1.0,0.4,152,4.859535704891351,16.05016756356658
7,0,1.0,1.0,1.0,0.06423510988367964,0.0,0.0,0.0,0.0,0.8,1.0,0.4,1,8.916507864296872,46.636369583672185
7,1,0.6492372319536496,1.0143968245961195,1.0119293933635998,0.11950379630013241,0.2470360010647252,0.07770515177034859,8.687585432549e-05,0.00018886718619028,0.8,1.0,0.4,3,4.128068871179386,37.55325672422653
7,2,0.5298466421138142,1.0021876988758267,0.9985807020172435,0.12701832860150947,0.24479780989983105,0.08663338410340009,0.0011996072651268201,0.004369112167032349,0.8,1.0,0.4,4,3.506084816771412,7.733436003258566
7,3,0.42395898693632544,0.9770106206772861,0.9722255952955482,0.11959827527578669,0.24790802399352155,0.08663889324998615,0.00034750341730199004,0.00075546874476112,0.8,1.0,0.4,5,2.860400226239696,21.953849998941443
7,4,0.34411516948740684,0.958497311336072,0.9524348068396723,0.1235226700115846,0.2695788113458757,0.09012087181858094,0.00171301426371167,0.006134126124189,0.8,1.0,0.4,6,2.416162813179257,3.6420332621198783
7,5,0.21209250059762863,0.9056859089755906,0.9005898674326653,0.1219343496761421,0.5997618162607712,0.10389935261202292,0.0008346697000800001,0.0018169402876213599,0.8,1.0,0.4,7,3.2996722079117142,1.9676748264759336
7,6,0.21022188440735234,0.9047446919784554,0.8995332392402355,0.12665727686098519,0.09471725157470579,0.10498974804365625,0.0010635079070285601,0.00231515959154836,0.8,1.0,0.4,9,3.7956952989449633,1.7945818034665877
7,7,0.20009122612310212,0.8979525968042742,0.8922067262680361,0.14155360256551744,0.10985120823389098,0.10494259621973405,0.00168943372949489,0.00981854356007479,0.8,1.0,0.4,13,6.1981563887362245,1.1844099647747846
7,8,0.19732340974203935,0.9006013878678012,0.8991103390252888,0.1475490882413812,0.09836189403381052,0.10494259621973401,0.00168943372949489,0.00981854356007476,0.8,1.0,0.4,15,5.816940733374434,1.134173852105965
7,9,0.19742058169139923,0.9007379089991405,0.8992376163906625,0.1377720505872932,0.09129737499677384,0.10558318797832911,0.00173162222254892,0.00922233118912493,0.8,1.0,0.4,16,6.078060327591542,1.1637561423635898
7,10,0.18382837995454482,0.8888298208789185,0.886426627864844,0.16161477388527434,0.23204624646119099,0.09299606809224518,0.00791537770487182,0.03301468236035155,0.8,1.0,0.4,17,4.339049969170468,5.173921728648756
7,11,0.2213679103097999,0.9304600869295139,0.9318159749181956,0.23066226709962379,0.19056449291737787,0.08523335418927037,0.04369150621640347,0.0806299982607358,0.8,1.0,0.4,19,9.870921745965065,0.7843108696222163
7,12,0.21575105314053733,0.9160385871323011,0.9157311876107457,0.24928853530136041,0.28778942072520414,0.07711240024539669,0.04957379765016529,0.1268871096292182,0.8,1.0,0.4,21,8.668880942715099,5.369845285452504
7,13,0.21889787898281066,0.9177353675141242,0.9210576531346757,0.26531460535071655,0.22942622132725307,0.07748214898952246,0.05357558873327467,0.1441234316317709,0.8,1.0,0.4,23,9.042421832266822,4.384944420703183
7,14,0.2188978790921862,0.922682394334851,0.9303778307549047,0.2795368130092025,0.1732111057421296,0.0774821489895225,0.05357558873327463,0.14412343163177083,0.8,1.0,0.4,25,9.042421765856751,4.384944367189931
7,15,0.21889763022126318,0.9226822326086188,0.9303776812453413,0.27953651933833473,0.17321853352750255,0.07748211516207726,0.05357536970533516,0.14412321793421126,0.8,1.0,0.4,27,9.042418042843176,4.384978806427373
7,16,0.22162432520695405,0.9197925914355322,0.9230445784070518,0.2910994602193242,0.18195149338126657,0.07659613544681489,0.05839285728426848,0.14240923233394304,0.8,1.0,0.4,29,8.178667996685059,5.675255373736936
7,17,0.21350840523101572,0.913179808164261,0.9204596304436026,0.2816702610932241,0.22400372554737058,0.07558363327861775,0.053642200812953275,0.1441815723716669,0.8,1.0,0.4,30,8.04765891834521,5.122355934478221
7,18,0.202200531379804,0.8945364642075039,0.897216591073711,0.2837759554612225,0.19673180124837888,0.07357841015960635,0.05263081695796382,0.1274810567546867,0.8,1.0,0.4,31,8.105914498280136,5.867535724129644
7,19,0.20274797397840044,0.8950137256312961,0.8976873351131706,0.29053861582928164,0.16407583931209752,0.07382232667389187,0.05271854141338891,0.12828368122303996,0.8,1.0,0.4,32,8.118088143756664,5.924441877894507
7,20,0.2003856066785212,0.8924860694324084,0.8951443317816052,0.2882449485886921,0.16318398656687189,0.07376862880806498,0.052074909930851246,0.12442615277527039,0.8,1.0,0.4,33,8.116302840652494,4.574766601367544
7,21,0.20141500659708375,0.8974794091377332,0.9044205496031889,0.3051036055834684,0.1660713248466755,0.0973481951809632,0.04277584689055959,0.10501461856142572,0.8,1.0,0.4,37,7.952575099149418,4.428976475668023
7,22,0.21294013674580042,0.9059457948899488,0.9126137167080937,0.3269205632829685,0.19024637863504956,0.07895582569324497,0.06046884499675107,0.1320018337659151,0.8,1.0,0.4,40,7.623554560021767,4.367822508886692
7,23,0.16348096354101468,0.8631796704474508,0.8783202008428459,0.3099601077173174,0.13322886824055274,0.08835281177177934,0.02793408372354646,0.07618630263726486,0.8,1.0,0.4,50,7.079815916135633,8.306797243115202
7,24,0.1630210640166522,0.8622743285727599,0.8773780153755022,0.32281427819423575,0.1343664037033235,0.08845564640150519,0.028379953565924487,0.07439151936632518,0.8,1.0,0.4,51,7.257356049833165,8.474003417411387
7,25,0.2261851249017895,0.931149922340625,0.9546585176696107,0.39995938870177217,0.24616712741488805,0.08096443585262575,0.061902832755740135,0.16960091899864502,0.8,1.0,0.4,52,9.906818358000846,7.840754328741029
7,26,0.16974259374925005,0.8672401857949575,0.8861765035023715,0.3342926227315451,0.16954983248863592,0.08203281653281802,0.03583121628661142,0.09490613482183709,0.8,1.0,0.4,53,7.676203200216607,6.185388565079297
7,27,0.21192366904985732,0.9124044774495046,0.9355614638442952,0.3899254659393935,0.20582770232583347,0.08890195109154271,0.05913025170346555,0.1308693352639771,0.8,1.0,0.4,54,12.122399202056291,5.523504719806611
7,28,0.20442670035024682,0.8958944820606265,0.9183829685030518,0.3868910971045075,0.27998334270576053,0.0835440008043558,0.059238085899753254,0.13250505360121395,0.8,1.0,0.4,55,10.484238677642733,4.1086919012672425
7,29,0.20722670922748043,0.8829582789415116,0.9043614810789076,0.39714000000275324,0.26929796398016537,0.07802933484984857,0.061578961121397546,0.15804698927102068,0.8,1.0,0.4,57,9.553779246101485,7.474208586971576
7,30,0.20720074281976963,0.9024992597008825,0.9413804468866676,0.4478516484569097,0.1875335124153173,0.07796523735822677,0.06153235662866471,0.158385142608321,0.8,1.0,0.4,65,9.65900842176463,7.383733769348363
7,31,0.20720072333367068,0.892605186802561,0.922740059385102,0.44848776121241557,0.18725861676689576,0.07796523865334735,0.06153234606514629,0.15838511828470597,0.8,1.0,0.4,66,9.659007795471869,7.383733559338863
7,32,0.20575597475144186,0.8901628005037139,0.9202315309571583,0.45746349392019947,0.19613773395925976,0.08857557437659305,0.05175375064624458,0.15871697792395717,0.8,1.0,0.4,67,7.985093510307109,6.001995225380521
7,33,0.2014111717376773,0.8794432749005292,0.9090961266896416,0.44922365641981776,0.24631271050929016,0.08798920182347277,0.051930698013230525,0.15284505350039782,0.8,1.0,0.4,68,7.935212976119154,5.353467089912182
7,34,0.1748020652710628,0.8593418856982783,0.8975239684750537,0.5213531293589121,0.15902681017424336,0.07654897477088701,0.05105772557176992,0.11346170308547103,0.8,1.0,0.4,93,7.72031812979808,3.522127891815758
7,35,0.1740042581618038,0.8559292824212701,0.8939454512906597,0.5309899842848895,0.180728971496982,0.0771662222302365,0.05041085436178503,0.11337087557808698,0.8,1.0,0.4,94,7.764385561939711,3.4012408815019257
7,36,0.17499952968189517,0.8476921985011506,0.8851327301703776,0.5420157636277854,0.2496542220057825,0.08131621946567237,0.04876721371195637,0.11654172799198163,0.8,1.0,0.4,95,8.154055783501368,3.515919944815434
7,37,0.1773119171886154,0.8592461592571499,0.9053929108061807,0.5538567941404469,0.16480999489053222,0.07148450200036537,0.05647829292789293,0.12302471497018881,0.8,1.0,0.4,98,9.012263538795304,6.016194906043798
7,38,0.16622396992159374,0.8558912413749651,0.9106518890748909,0.5893954819368679,0.16203656584045045,0.07164471577528075,0.05040084872518519,0.1112067511819721,0.8,1.0,0.4,100,8.7551756684233,5.776780433085665
7,39,0.16908335672959635,0.8614351465563862,0.9204310953674474,0.6141096826169699,0.1591954765914545,0.07371967319302627,0.05178721914261628,0.11177764443369909,0.8,1.0,0.4,106,8.643952641351788,5.4685767109258965
7,40,0.168158898149612,0.859559370480862,0.9184975702124412,0.6143057427048761,0.15900968279104594,0.07334442682112884,0.05136107350374166,0.11170839974373377,0.8,1.0,0.4,108,8.739743701527933,5.687374103593038
7,41,0.16810964113234256,0.8588352260559051,0.9177325534035137,0.6142006025295144,0.16056562470690922,0.07398054129960144,0.05079624061706535,0.11202354166824843,0.8,1.0,0.4,109,8.735753531529863,5.636910068225721
7,42,0.16571020471996567,0.8597959008265208,0.922970483104241,0.6290378902457128,0.16743682363007412,0.07152231116283886,0.051101164994755546,0.11086885017605723,0.8,1.0,0.4,110,8.519856547641128,5.387493176464989
7,43,0.16476478952605,0.8666439992504709,0.9384385176668473,0.6685697174631702,0.1543222124744255,0.06889130556455626,0.05206738018049388,0.11223878597160716,0.8,1.0,0.4,118,8.536343083096689,5.467432440506927
7,44,0.16805144939705513,0.8644165968936718,0.9358819013870903,0.6751546763833491,0.20580473673689073,0.06924885346374085,0.055898557939601544,0.1123647207412564,0.8,1.0,0.4,119,8.50041823266365,5.9578104148334265
7,45,0.16457265928390444,0.8545685875623048,0.9256582132814071,0.6671648194184934,0.21039171729079512,0.0697794627319128,0.05282634811386895,0.11260749055878719,0.8,1.0,0.4,120,8.202303208972646,6.655691475440466
7,46,0.16429456361082712,0.8635364433885955,0.943334405045279,0.6983594999345352,0.15542807553281182,0.06966252205982731,0.05274174987780396,0.11258217119832985,0.8,1.0,0.4,123,8.213448454128685,6.571878271685536
7,47,0.16839555197580575,0.8768656336596917,0.9653709175570362,0.7507539535134953,0.15867319537526461,0.07450187472262416,0.05256818678197187,0.11382021137930524,0.8,1.0,0.4,130,8.00764141345311,6.6838430456405264
7,48,0.1633579908974875,0.8786663608388537,0.9757396499507482,0.7624415478867173,0.15693087078620382,0.0681820195738393,0.05361628737794503,0.11226481627703282,0.8,1.0,0.4,137,8.260740925478506,5.06311580087056
7,49,0.16356140067989225,0.8737075431812812,0.9663951581707386,0.7664704911731881,0.15421897950088556,0.06852746284501428,0.054637071082407694,0.10960076609411588,0.8,1.0,0.4,138,8.342688119527654,5.002945101028787
7,50,0.1738130700057721,0.9510764001771621,1.104863899351118,1.0849456244989715,0.16426111268192592,0.07278294389939348,0.057036506462694724,0.12140799241455746,0.8,1.0,0.4,184,8.128810961932999,5.935022543575888
7,51,0.17226091580889297,0.9418917376633041,1.091150681594968,1.0774633086557583,0.17435281216056783,0.07163661354814845,0.05681346899059091,0.12120989072742645,0.8,1.0,0.4,186,8.168294465214226,6.063920949400146
7,52,0.17130254589416885,0.9402847356157562,1.089506259136693,1.0789113558787315,0.16311679231954465,0.07169640982093813,0.0554320487735255,0.12234415573290698,0.8,1.0,0.4,190,8.127356637796327,5.961516028211886
7,53,0.17141687540316491,0.9290045280802486,1.0612207967039484,1.1275965239292927,0.16422650107522865,0.07250826824310426,0.05480900204120821,0.1198769713119989,0.8,1.0,0.4,197,8.178100263939033,6.0322842673987065
7,54,0.16998539941961927,0.9356323961311386,1.076487880421145,1.1595810189447253,0.16429936120407623,0.0725371593699844,0.05358639121872094,0.11991225057504222,0.8,1.0,0.4,200,8.137907346026473,6.210807227217639
8,0,0.5674370033239579,0.9490649329729045,0.9464428449749758,0.05291245495883371,0.0,0.0,0.0,0.0,0.8,1.0,0.4,1,36.85598485370545,74.12086675018315
8,1,0.4070149559687873,0.95656418551164,0.9518392724975424,0.09584472021585891,0.2073545345619589,0.06029710073773849,6.958191302224999e-05,0.00010015532133674,0.8,1.0,0.4,3,25.566581488172105,48.07736696701467
8,2,0.2605515441408877,0.918446113495354,0.9155483404181314,0.09651243283955056,0.24726268195958934,0.06783238575064537,0.00030038787559923,0.00043237449071976,0.8,1.0,0.4,5,14.47361225063526,23.85550515425613
8,3,0.18004538306948362,0.8755372079344776,0.8701992924848876,0.09407491988093712,0.2438738422932972,0.07184028711340389,0.0011157495522214201,0.0016059957261929099,0.8,1.0,0.4,7,5.344091708126863,5.590613908151628
8,4,0.17818911022262635,0.8704039741197833,0.8604136964661051,0.09941515549488908,0.08544209624355943,0.07919107588994934,0.00069361102702748,0.00105344921760755,0.8,1.0,0.4,9,5.139170125963426,3.890182350279061
8,5,0.1792580378238654,0.8717748753887271,0.8617268446687802,0.1056095981994942,0.07569882421717535,0.08293451012462796,0.00038735041537904,0.00056556971299061,0.8,1.0,0.4,10,6.536017653976748,8.324203515290366
8,6,0.16975202135640285,0.8686112194210314,0.8626117652392087,0.11210153037286164,0.11439555511444827,0.07874399221354599,0.0013557443135494098,0.00201050390251647,0.8,1.0,0.4,11,4.236156627383089,2.007804560444061
8,7,0.1904598793010759,0.8847981694462792,0.8742772278649467,0.14090134354327863,0.1114476607884858,0.10561026572535326,0.00301239207686109,0.0041754402331896905,0.8,1.0,0.4,12,8.49746600200481,7.034204270311475
8,8,0.13382432603596187,0.8261875073212105,0.8211419640445607,0.1228176403089705,0.5788680581668074,0.07906597816393057,0.013239849712391841,0.01927933245858076,0.8,1.0,0.4,13,9.220705403370864,3.4829969998162675
8,9,0.1626011069009096,0.8375770959459463,0.8348222920916608,0.1874158458574342,0.17046599642725327,0.11860830461984283,0.0227832112778927,0.03357267750933271,0.8,1.0,0.4,21,16.079157236452705,0.4077104649936669
8,10,0.17754783665016086,0.8504077073153388,0.8474859874629325,0.18444407461425968,0.1597891584930626,0.13757781987027587,0.0231870123661922,0.03480655649215076,0.8,1.0,0.4,23,16.93329410136111,3.409286369376679
8,11,0.16416099332468995,0.840550764392555,0.8418921456519247,0.20483562556959367,0.13866663129828863,0.12002365648474794,0.02422193744460435,0.03566207660999976,0.8,1.0,0.4,27,16.807631512921873,0.4303357698338678
8,12,0.19478546566586397,0.87029062550046,0.8715638720065153,0.24135497724458077,0.17590888367627597,0.140181230488715,0.03366088367866243,0.0494085533677438,0.8,1.0,0.4,28,20.57949136764161,4.011176878280792
8,13,0.1642223777677796,0.8396745941067849,0.8409438761651309,0.21008267672822256,0.1356031854556373,0.12089673255555537,0.024111613089970722,0.03550327713597452,0.8,1.0,0.4,29,16.575748624084717,0.5370169308756346
8,14,0.17164100064298685,0.8443359837420947,0.845396137870271,0.22546030355837143,0.15960436639922876,0.12429229255992551,0.02790467035188377,0.04103849564767447,0.8,1.0,0.4,31,18.373426036927054,0.949020209495103
8,15,0.17756674653132176,0.848560990660931,0.8494946840741593,0.23784930740442314,0.16948068527883162,0.13601939586770745,0.02610885804713543,0.038777707123711154,0.8,1.0,0.4,32,18.121756889260464,2.004148315606108
8,16,0.1871538080065574,0.8594042766409257,0.8644412463511165,0.2600004634249765,0.1819867251223627,0.14617996628327867,0.027954030537910252,0.04169080724039785,0.8,1.0,0.4,34,19.692947663798307,1.6692943042082289
8,17,0.13937700275223192,0.8158563980768326,0.8252146618140811,0.27539877008480823,0.11461303974646336,0.08862902620410151,0.02784352307741672,0.0383508842454453,0.8,1.0,0.4,49,5.580187450838534,34.033606829883745
8,18,0.1381892663336679,0.8214602693382089,0.8393439583039521,0.31004934895050673,0.11885363741662369,0.08586889902160155,0.026809121198740998,0.04645876276475385,0.8,1.0,0.4,56,9.974859752474512,34.37853486380139
8,19,0.1400966428260924,0.8151414702352578,0.8284226502594191,0.3173698422859908,0.15184249249840054,0.08908868733942735,0.02894556847054678,0.04238649606218002,0.8,1.0,0.4,57,4.72790580697454,55.027501997423016
8,20,0.14835396005665674,0.805745343840464,0.8097523647232869,0.32135791462718283,0.16783728235759549,0.09214475362606513,0.026404201749136158,0.06950596443524429,0.8,1.0,0.4,59,7.570695344606321,249.80224079951307
8,21,0.13602830331268978,0.7961576605913452,0.8043906274223303,0.3346844648602409,0.12372299407239291,0.08173766372703145,0.02753643612840595,0.058301839241870324,0.8,1.0,0.4,62,5.009602393312781,33.75192619275093
8,22,0.150953448156489,0.8004537360610255,0.8079975798160819,0.33446635115190404,0.18595448951098317,0.08624820180649151,0.0351119024230246,0.07454856088661165,0.8,1.0,0.4,64,4.816383877333001,25.15552239168223
8,23,0.14928824466591467,0.7987782494766534,0.8103821969973583,0.3464197874023821,0.15706358674603285,0.08622891794911318,0.03473064821556141,0.07418763746375659,0.8,1.0,0.4,66,5.198065856873153,27.440367845522
8,24,0.14208116756393524,0.7960190092409946,0.8119648425830777,0.3573936944141021,0.1286519491128106,0.08009284076194056,0.0322934110397152,0.07480516256410875,0.8,1.0,0.4,68,5.01594826525627,22.919864663088127
8,25,0.1417469626446332,0.7825699226294208,0.7895687265679663,0.36870586119467863,0.15705872276646535,0.07906981218906182,0.03364224076335068,0.0743391650420628,0.8,1.0,0.4,69,5.406407716224507,25.83094470487587
8,26,0.1415408439871476,0.7912326639673871,0.8069144057103543,0.38392174541209023,0.12901279602942778,0.07906981218906182,0.033642240763350664,0.07433916504206275,0.8,1.0,0.4,73,5.431053450286647,26.30770034079409
8,27,0.14919522893156612,0.793460216940427,0.8047391077846318,0.38891363003853624,0.13891022344623544,0.07862308833183605,0.03344604735765042,0.09510155734781309,0.8,1.0,0.4,74,5.512317053760289,61.95466246566777
8,28,0.1382273912948531,0.7910505894049704,0.8109934920066292,0.40495201600060626,0.1360917230732082,0.07975046293797197,0.03163602894858083,0.07060947425186168,0.8,1.0,0.4,75,5.367941618085377,27.33736287775656
8,29,0.24701381886214888,0.8922655157821132,0.9076743094456468,0.5239146190298153,0.2378370576183531,0.08615057057508935,0.04980313713179374,0.2856127206921131,0.8,1.0,0.4,80,5.997949642928833,18.97210707363988
8,30,0.246496383250229,0.9051120283629839,0.9335501755561092,0.4890372983930994,0.24637900714309993,0.08611067490399912,0.04963195569281323,0.2855118119581668,0.8,1.0,0.4,81,6.006555837696137,20.006944530065105
8,31,0.24516721790703505,0.8932833621805528,0.912938349300427,0.533615458285533,0.23705344941547182,0.08596020728273675,0.0489706496882102,0.2844176176952904,0.8,1.0,0.4,82,5.794393042134325,14.026752471685498
8,32,0.22037259701646095,0.8659258639332548,0.8854254519951799,0.5152617812897771,0.23067531990518025,0.08540533933684508,0.04425532539472584,0.2364682180077769,0.8,1.0,0.4,83,5.790024744131643,17.22808814737363
8,33,0.18130755470220117,0.8509099804834146,0.8922338177674269,0.44623560817460634,0.17462554141978687,0.0855320871299826,0.03710668265394884,0.1567274129053458,0.8,1.0,0.4,84,4.790231031844618,25.27097402603423
8,34,0.24552617999504384,0.8942393664160908,0.9180043137663647,0.5554084145809838,0.23592437258730198,0.08839300661323062,0.04832628852467241,0.2839665230645227,0.8,1.0,0.4,87,5.700275481297845,11.842284938690044
8,35,0.15497083816019477,0.8031187555826665,0.8268497093386257,0.4961860187566447,0.14393645349163492,0.08748257027438687,0.0339094138855377,0.095679657442943,0.8,1.0,0.4,92,11.25573329155366,77.9428649062866
8,36,0.2149351708931566,0.8783967018616924,0.9193524255658776,0.6554941166891813,0.20509934271184177,0.07808279209665929,0.04358359809920845,0.24202712112894095,0.8,1.0,0.4,111,8.746495961721356,32.508782841296004
8,37,0.18698580110934432,0.842147943170426,0.8826134287752121,0.6397939092340682,0.2095894958749024,0.08402731692416916,0.04417049209603095,0.16185666201757648,0.8,1.0,0.4,113,9.26815010540117,33.32858991938797
8,38,0.19548108722357205,0.8524306467917226,0.8930010682863476,0.6529711804667706,0.20304722502903325,0.07626209401281218,0.04963702615489904,0.18433069423984247,0.8,1.0,0.4,114,11.673862948200629,55.826209180355406
8,39,0.20778237601406946,0.8655276250645232,0.910227647847647,0.7139240274536752,0.1987272747283469,0.07418299273013541,0.06492704890121972,0.18246748328559861,0.8,1.0,0.4,124,11.943530539892109,131.31144823157334
8,40,0.20747675818883599,0.8678013279891312,0.9167368914302954,0.7337241817624909,0.20551444359451598,0.07418299273013544,0.06492704890121972,0.18246748328559861,0.8,1.0,0.4,126,11.917883422395398,131.93522880602015
8,41,0.17810835467717537,0.837552796019151,0.878270345624722,0.6934324913251341,0.19097399463186085,0.0844071124159323,0.0487478442322712,0.12592490651170016,0.8,1.0,0.4,128,11.761081121871156,126.53203101395218
8,42,0.19139520950331207,0.8570649947140083,0.9022313211044262,0.7202050992702468,0.18176668059309387,0.0802980823404127,0.04536457501852534,0.17534136280786541,0.8,1.0,0.4,130,15.04905104963631,105.95419635373445
8,43,0.1870985795089652,0.8525581814631105,0.901793670993364,0.7212905049116881,0.1880336169284661,0.08058828661163896,0.05172134024734863,0.1499978278827961,0.8,1.0,0.4,132,13.768852977066736,154.04353250370795
8,44,0.17304698329586554,0.8603043426240656,0.9189925234142882,0.7684771904132204,0.16090865589638625,0.08253699043687755,0.04491324863257893,0.12344713004012495,0.8,1.0,0.4,139,15.460131884799884,129.12090157762543
8,45,0.19168749555587802,0.8756581542245155,0.9341495986310511,0.7770833447241484,0.1880320088904104,0.08223219105875104,0.05132801101300745,0.1559582860711143,0.8,1.0,0.4,140,16.688305497240716,142.3696224550865
8,46,0.181922153885399,0.8701262383999473,0.9329483302442847,0.7807237202732689,0.17496009489614966,0.0824022986121296,0.04804859139023391,0.13968455048408943,0.8,1.0,0.4,142,15.993488359580018,139.12900122701222
8,47,0.1946800067999121,0.8587317160571672,0.9201459895560908,0.8243816803966226,0.18881266307493483,0.08212668993453569,0.046047698435821585,0.18511965069961386,0.8,1.0,0.4,149,16.066556254556332,131.83203601514214
8,48,0.18335206023292178,0.8658673710588428,0.9283525352594192,0.8528009545176107,0.17216095113499089,0.08068722725119662,0.058645165420508814,0.1223386399028017,0.8,1.0,0.4,158,18.46478397731853,59.03322927237307
8,49,0.18819437373206077,0.8961063273611563,0.9682654871817584,0.9319629243610761,0.17532739450599522,0.07305377321378505,0.05931174510990985,0.14174985136624244,0.8,1.0,0.4,169,14.506437253569905,27.30199210237972
8,50,0.1890898167075959,0.891962646672317,0.9597430299033929,0.9377173505478129,0.17793856858953272,0.08125243814337776,0.05103123168409261,0.14833403664710768,0.8,1.0,0.4,174,13.669484210969436,33.36277053431298
8,51,0.19365690252418433,0.9010578277383843,0.9731859113287469,0.9681833757225703,0.18373488606388994,0.08054567183912158,0.05282583666016105,0.15686905306527027,0.8,1.0,0.4,176,13.317038659804425,29.86190854893663
8,52,0.17374102952250017,0.8736403833773039,0.9412404511729775,0.9303732011898268,0.16341569419780108,0.07991170150069848,0.055775087339894266,0.10210772611283916,0.8,1.0,0.4,177,14.667578034879682,59.6183759850289
8,53,0.20331799378281445,0.9103958334110805,0.9825042809069043,0.9900619529853718,0.19011951643494168,0.07689493447678505,0.06142805365747248,0.16696366616688757,0.8,1.0,0.4,180,14.684451238852896,27.88974027533424
9,0,0.679517981378531,0.9651157840244157,0.9633199293432841,0.056454792891982505,0.0,0.0,0.0,0.0,0.8,1.0,0.4,1,24.77598996950845,66.66992170235918
9,1,0.5045308572152994,0.9950386181874623,0.9911966819744512,0.12095059548609521,0.2243853770952053,0.08691215950943622,6.980079980692001e-05,0.00017321880760158998,0.8,1.0,0.4,3,17.407742336724482,40.70188949203178
9,2,0.408087707463355,1.0103727012276658,1.0046046654598195,0.1679016385384214,0.4137147613815912,0.14092438912682378,0.00247895554365826,0.01800014749086759,0.8,1.0,0.4,4,16.369557592780737,39.98085503846906
9,3,0.27178589587871493,0.9374488050759883,0.9342261940013384,0.12043142122044181,0.3564627627200148,0.0989328518436108,0.00045438336046557003,0.0011276051866392699,0.8,1.0,0.4,5,9.212405360363892,12.116048400057236
9,4,0.28992776666817166,0.9597245957555651,0.9516844293226173,0.15613524902605283,0.18310761177292487,0.1326075919977118,0.00255029289813471,0.01817739940127271,0.8,1.0,0.4,6,10.262163018667394,47.00879775371343
9,5,0.19715179473311398,0.8945071921592187,0.8888534974269724,0.11780422429510051,0.38478407316168434,0.10243782593714651,0.00119667718829502,0.0029696937028498597,0.8,1.0,0.4,7,5.276635422352604,2.8504646017212094
9,6,0.19285522068546762,0.8858374024524182,0.875692749242735,0.11718497857084682,0.0918083694544903,0.10188319420179108,0.00069954455273875,0.0017362211788195501,0.8,1.0,0.4,9,4.892690748467773,2.2338794984710004
9,7,0.19285483374954707,0.8907841273305899,0.8850126017569708,0.13307709630413916,0.08290203119805913,0.10188319420179097,0.00069954455273875,0.00173622117881956,0.8,1.0,0.4,11,4.89315838854505,2.232074341582984
9,8,0.18008380949607844,0.8747926098190141,0.8641096475354623,0.12609982223990976,0.1230163112220638,0.09915943510030001,0.0012233997158394802,0.0044039288721684595,0.8,1.0,0.4,13,6.584730079188401,5.085833223147093
9,9,0.17308087422310958,0.8730484981365413,0.866526089632926,0.14278580968359544,0.09049325628164312,0.09719378634418262,0.00108618506759151,0.0022741157727990302,0.8,1.0,0.4,16,4.236985915743516,6.606922121931167
9,10,0.17261335211497186,0.8726237657031529,0.8657354897047402,0.14504542480925417,0.141687255690206,0.10402219264041694,0.00138615070437529,0.00457440557999547,0.8,1.0,0.4,17,4.496614624514434,6.030419316978683
9,11,0.17014680000703322,0.8700089532500555,0.8629633885595138,0.1548688719995557,0.09282144560402983,0.10198803268164496,0.00229517338996383,0.00747152943532967,0.8,1.0,0.4,21,4.230717610032851,7.213741629467561
9,12,0.16556617832606674,0.864962811884635,0.8576541344581973,0.1586100398871948,0.12673185935447,0.10103519280153028,0.00257845700049023,0.00883119518293767,0.8,1.0,0.4,22,4.759420445963913,9.065156345275216
9,13,0.15824337356270796,0.86735032128788,0.8687119616383131,0.16010525556440688,0.08665252975666858,0.0972283186761256,0.00168345764098062,0.00360619668699977,0.8,1.0,0.4,24,4.732785073963191,5.593642469156197
9,14,0.15350331953139523,0.8612286507044319,0.8621702431716,0.17629322140207365,0.11473989093991337,0.09026891879068658,0.00290600488291101,0.01956378526565846,0.8,1.0,0.4,26,7.253113565681444,14.203853684998997
9,15,0.14334432159854057,0.8495292637620897,0.8501358299540165,0.17788032519428892,0.1030614272122295,0.0868416538147599,0.0030339522187521903,0.01312053152512899,0.8,1.0,0.4,28,8.753963223023158,6.885251724137478
9,16,0.37205534813699986,1.0675089627769636,1.0666264761474047,0.41560525959291655,0.4372658997620718,0.06246112451617926,0.23074771079669945,0.10985918266957614,0.8,1.0,0.4,30,6.162112701238446,32.94098069061416
9,17,0.35785211283119467,1.0579036455670392,1.0613556464827927,0.4212704336506493,0.3138128493626785,0.06387709520515947,0.2104907412885652,0.1231670292128468,0.8,1.0,0.4,32,5.710485035253428,26.180098640023044
9,18,0.40495048989117644,1.0976701301815843,1.0964971583807268,0.4582996856900472,0.3794623408104124,0.06460005300251508,0.22345327650375246,0.21332703893077848,0.8,1.0,0.4,34,5.478448412789279,62.41113671974222
9,19,0.4040146540641645,1.1016275828160476,1.1048222457335235,0.4661654849806177,0.35999963774837673,0.06325103827177321,0.2277971746026969,0.2029596919464526,0.8,1.0,0.4,36,5.617126300157925,60.37425427672207
9,20,0.6309216019693987,1.3254534361379686,1.3283414846768125,0.7032768404843006,0.6125492426430101,0.1868016357448308,0.039922602178438696,1.0,0.8,1.0,0.4,38,4.8209513224576686,11.352119864271332
9,21,0.6308183889807981,1.32523989411149,1.32811729547501,0.7061056589844794,0.5909660876139533,0.18688867314520344,0.039846109910543034,1.0,0.8,1.0,0.4,39,4.822906630323058,11.340073081077342
9,22,1.0195639532727467,1.7127833034809958,1.7155461306408677,1.0953843076716034,0.996454399696361,0.6847159628224972,0.03135347595362883,1.0,0.8,1.0,0.4,40,4.82356067124267,10.557139437733102
9,23,0.11084181474904121,0.791718218082447,0.7973972676850407,0.2062695151852632,0.3017530331151642,0.053027642762671856,0.01951478781570419,0.04869638243184038,0.8,1.0,0.4,41,5.30893169121842,275.71826310365464
9,24,0.1050894606630802,0.7693808442481148,0.7738562321837112,0.21398197542469133,0.12797005525676072,0.05157318304972777,0.020673938968435827,0.051318463963599625,0.8,1.0,0.4,45,4.956482161317294,268.4899022349436
9,25,0.10495315289817717,0.7737883374659189,0.7826090998461438,0.22329432891644738,0.08455381325642662,0.05157318304972777,0.020673938968435827,0.05131846396359961,0.8,1.0,0.4,47,4.972818601809011,269.36996461878203
9,26,0.11555233561015502,0.7857067114446632,0.7986529804002898,0.2589777564979984,0.0989244462635529,0.03993738921697083,0.025147638348447382,0.09286191121602513,0.8,1.0,0.4,55,6.346108501784418,434.7943758164517
9,27,0.11671784191465995,0.7881852318215797,0.8052607082413552,0.2732259696638646,0.11495710130324588,0.0458558883892332,0.02491747218100896,0.08727554243243293,0.8,1.0,0.4,57,6.224068513767196,274.3517746898047
9,28,0.11281452076306422,0.7791285500254052,0.7918171248981948,0.26932564862554076,0.09475078734244718,0.04447877312547821,0.02391670409347865,0.08292466007254908,0.8,1.0,0.4,58,6.092360087872367,274.027621714111
9,29,0.11945296507561187,0.7879880104146547,0.8048694046251755,0.27912230535313315,0.1273571750877547,0.045018068113746465,0.02590229842382185,0.09542138942673428,0.8,1.0,0.4,59,6.401577346999535,430.574121911014
9,30,0.11530110225456872,0.777915995538089,0.7903602041686059,0.2781339707583222,0.10595986644182914,0.04707805308839173,0.02491570766362191,0.08406496276935689,0.8,1.0,0.4,60,6.045828665043998,270.23315147137583
9,31,0.1161914584458005,0.7803842473249677,0.7969823217511203,0.28905748968305,0.1145374751823571,0.04915783559158391,0.025201517968410657,0.0836435426874323,0.8,1.0,0.4,62,5.773961063503742,266.1808529767633
9,32,0.11633502274166554,0.7797410585257452,0.7962883038452713,0.2956084238207613,0.10088680847790185,0.047776395109691935,0.025204271702237928,0.08725952309880271,0.8,1.0,0.4,65,6.1304630461882645,266.2949900698613
9,33,0.11570067481292559,0.7837001216039037,0.8045977298000409,0.3052049799756162,0.10123548766111448,0.04958416010616805,0.02436137992841938,0.0843889705754961,0.8,1.0,0.4,66,6.554858863044822,271.6697461276045
9,34,0.10956653721282464,0.7799188588411738,0.8050231891563268,0.32256118994160554,0.1048733896869761,0.04652382827201399,0.02432821989887565,0.07685452948458409,0.8,1.0,0.4,68,6.1200540336138936,269.20891993920554
9,35,0.1113784585156963,0.780356694970209,0.8053734552769363,0.3276485692690395,0.10104952204904213,0.049900799159890215,0.02321381907593619,0.07823389944003248,0.8,1.0,0.4,70,5.709238730177599,280.5244586863283
9,36,0.10967216346107211,0.773079981746816,0.7936839757404504,0.3292445796639536,0.09886157471078225,0.050451706723573846,0.023364021217707,0.07285573702677026,0.8,1.0,0.4,71,6.460207120487788,274.65493879871315
9,37,0.11096494499674489,0.7881581206190948,0.821814723787943,0.3478514976372737,0.09642563431143075,0.05023646576317446,0.02456792425495109,0.07411678262961652,0.8,1.0,0.4,76,5.930200089401304,279.485433334391
9,38,0.10695832210855469,0.7775620977405179,0.8067419234004894,0.3613468429671331,0.09860240868657455,0.045292191408138296,0.02423384630709818,0.07574948413665303,0.8,1.0,0.4,78,6.855125409072874,273.4594862253422
9,39,0.10741205955192851,0.7770921065857894,0.8062138792757656,0.3651828467853449,0.10021850286774464,0.04529272210841888,0.02486426469683927,0.07581707055315198,0.8,1.0,0.4,79,6.375807190992344,274.12510127364885
9,40,0.12373873186006579,0.7817074918964253,0.806035793519451,0.4225215556098152,0.11493034314027745,0.04400940525477516,0.030009541417888818,0.10983910973349124,0.8,1.0,0.4,90,5.507221400790931,411.8264137200207
9,41,0.1099299783650299,0.770030353861364,0.7985590862153318,0.4118376451180562,0.10459160883122581,0.046147964446648856,0.02676432348834673,0.08050204565833378,0.8,1.0,0.4,93,6.1042105955431865,278.38286389095293
9,42,0.11026107961832954,0.8049688754048033,0.8641084263300599,0.5262373915777993,0.09622669170842486,0.04378748123206038,0.02749020223458475,0.08424597763556176,0.8,1.0,0.4,117,6.023505765160172,271.80785568070894
9,43,0.11557002911702959,0.7997747802897556,0.8582802096668875,0.5895226404838959,0.11019209781798252,0.03992383086841549,0.029256091809803007,0.10536765937353958,0.8,1.0,0.4,131,6.061967924982794,422.0280132603078
9,44,0.11553096669053992,0.8044915044374581,0.8673586709051224,0.6143647286498983,0.1037651016278143,0.039936067094194026,0.02922399392640871,0.10540176312555034,0.8,1.0,0.4,135,6.066609178004544,422.0493598065548
9,45,0.1225007661067322,0.8095471572384769,0.872300378575662,0.6309232840462298,0.11921922121142786,0.04534698146696204,0.030421000023612838,0.10976085151185408,0.8,1.0,0.4,137,6.133711633169847,433.3515231151831
9,46,0.11768107057552568,0.7980114303791791,0.8562865491166939,0.6232583589441975,0.11398745043929426,0.04191833745370143,0.03010488377948589,0.10603257398829982,0.8,1.0,0.4,139,6.155347818501586,421.3095999746592
9,47,0.11767809155121721,0.8029356511013004,0.8655827729273582,0.6475079998260247,0.1061412998743034,0.04191833745370143,0.03010488377948588,0.10603257398829993,0.8,1.0,0.4,141,6.156499953087764,421.5188941746187
10,0,0.4440037504736128,0.9272222953174825,0.9234757190947936,0.048091835291188496,0.0,0.0,0.0,0.0,0.8,1.0,0.4,1,46.726318590188576,72.64353685911216
10,1,0.34812193129228675,0.9541928039377676,0.9483351900542875,0.11061862543418625,0.22760914710344962,0.0848363785253764,5.442359121395e-05,0.00013818142504119,0.8,1.0,0.4,3,32.09746422466979,44.805966130106256
10,2,0.32018906462354385,0.9533107328971201,0.9467234403203391,0.1232400441820302,0.1916179666072766,0.0973886013712764,0.00139115910214638,0.00492090482235465,0.8,1.0,0.4,4,20.8663561576232,40.27126474542149
10,3,0.1759953956185015,0.8751053581732756,0.8690206351560766,0.10141715190608908,0.6586762423505236,0.09009033523242359,0.00063110436873571,0.00150515189251443,0.8,1.0,0.4,5,9.411551334614328,9.675113458357927
10,4,0.15964029297844498,0.8595987971839192,0.8526424992761863,0.10518462403678054,0.14062553435131028,0.0901646361724711,0.0013342296037424,0.0031593023073867403,0.8,1.0,0.4,7,7.675182003390982,5.525164841294113
10,5,0.15963628905862343,0.8645416156802861,0.8619582684591498,0.11301511180797975,0.07474592202729148,0.0901646361724711,0.0013342296037424,0.00315930230738671,0.8,1.0,0.4,9,7.69645150013191,5.5442872357019946
10,6,0.1575500813426278,0.867200113148208,0.8688255255501942,0.11929958822513184,0.0880690423098271,0.09121561672850072,0.00137003746669513,0.00323193516456452,0.8,1.0,0.4,11,8.621504068784873,6.748524489344161
10,7,0.5048598563071474,1.1995222330580761,1.194754530134633,0.49195347731639594,0.6049004754225037,0.4712372683582931,0.0071703637389948,0.16995516699050714,0.8,1.0,0.4,13,14.92018569532403,3.6474808487984616
10,8,0.40851270348040514,1.0949832152043657,1.0893050041666892,0.4035879644202161,0.43411782936406434,0.3799761592129563,0.01098861735114839,0.1258010517953993,0.8,1.0,0.4,15,15.867242285136692,3.890998531238156
10,9,0.4653632650582786,1.1550037232224635,1.153523993110901,0.4869307964946115,0.42815995758879555,0.4418638462555444,0.0123262346992908,0.14484879084353913,0.8,1.0,0.4,21,21.43645853799842,5.614472926423354
10,10,0.31839573266082777,0.9977653924433284,0.9914203778063895,0.3401665217762285,0.3554468049339429,0.2913526692384709,0.010994799264987951,0.09236984936557983,0.8,1.0,0.4,22,23.532199183942943,31.52344484228824
10,11,0.32882574823646754,1.0098171997392034,1.0075524030855458,0.3592728356547459,0.3164818840927316,0.30932901364859045,0.010554408244275811,0.08950663172645197,0.8,1.0,0.4,24,21.49039055586961,5.718976935412739
10,12,0.4990412769066646,1.19131117057371,1.1979156209458877,0.5445512146422394,0.4717845769764176,0.4484790251856734,0.022181475497095197,0.2051694707265675,0.8,1.0,0.4,28,4.314459703018295,9.516864057103156
10,13,0.6008291587408862,1.274879775595839,1.2720501028541493,0.6496735562371505,0.6196737107420144,0.4973561629945653,0.029162255133593988,0.3570213442502289,0.8,1.0,0.4,29,42.77081720549028,23.649822466108315
10,14,0.6014504348667278,1.2790641769440814,1.2805004497475487,0.6587027837255686,0.5790860042017606,0.49811990874324696,0.02898575930143934,0.3592355280126024,0.8,1.0,0.4,31,42.992444068469126,23.22134027683135
10,15,0.9619286770884188,1.6615202163483709,1.6649227933190849,1.0142737274237268,1.0352862295298408,0.8122286413535296,0.0362458814844838,0.5735172961923596,0.8,1.0,0.4,32,46.3955630162945,4.495658291391154
10,16,0.9617294140660781,1.6660823796399618,1.6738383180119387,1.031104628088892,0.9162946134619445,0.8122286413535297,0.03624588148448386,0.5735172961923597,0.8,1.0,0.4,34,46.32534910631418,4.508210224802469
10,17,0.9557831972087285,1.6220395534476102,1.6226279739413256,1.031703685536017,0.9372568292482066,0.7779296530259615,0.02912032090323622,0.6978920957826114,0.8,1.0,0.4,35,39.74707929017498,15.121716048228302
10,18,1.1594530719645721,1.8819159893919428,1.8958430006157712,1.2234982336764801,1.149140813095924,0.8021616317657043,0.04966820105653297,1.0,0.8,1.0,0.4,37,45.53015932919569,11.83421200471915
10,19,1.0957800072452148,1.7759789457811792,1.789622557960717,1.1917633405331178,1.120820672424961,0.8041286189717548,0.04512402108169236,0.9563533452840982,0.8,1.0,0.4,39,6.6137222039027295,10.67098917216826
10,20,1.1425577257439232,1.8219862936600624,1.8355750674724818,1.2512195669666455,1.126081860544232,0.8300396797618617,0.05400896080480705,1.0,0.8,1.0,0.4,43,7.614722496619112,9.170410534257062
10,21,1.1212170316616255,1.7974491037703197,1.8108128651327884,1.2364002835151477,1.1063725996245393,0.8278501147741208,0.0447636795967633,0.9770771782995826,0.8,1.0,0.4,44,7.242503847845169,9.239507963088702
10,22,1.170272098477894,1.8508295904192882,1.8685232148432385,1.2946936207970052,1.1620315993068322,0.8669172318807571,0.05361543466064399,1.0,0.8,1.0,0.4,47,7.602757708405148,9.842165187818193
10,23,1.151598425037289,1.836050966408397,1.8580446846705443,1.3013808424946807,1.136934825518621,0.843400637382553,0.05412234040725363,1.0,0.8,1.0,0.4,50,7.957008508336339,10.015007024484518
10,24,1.1695699001805049,1.8524882237055569,1.8743763760370098,1.3227312863896339,1.1548314151344603,0.8671198463398602,0.05363504324337447,1.0,0.8,1.0,0.4,52,7.728673160572756,10.020620892067951
10,25,0.6146271061239972,1.3237681278227602,1.3757026747551135,0.9825346766682775,0.5964003645320688,0.455569914882211,0.10260173238702941,0.31978401431338704,0.8,1.0,0.4,94,8.526796667618946,5.091393243759581
10,26,0.614627173632105,1.3237681948793367,1.37570274181169,1.0245204430820631,0.5949713714282985,0.4555698621083182,0.10260176312472429,0.31978421065837664,0.8,1.0,0.4,96,8.526796987383014,5.091393608168816
10,27,0.6160761402169855,1.3241245369436394,1.3759870487804424,0.9991584016075773,0.60446370867728,0.45491720396717095,0.1032656632771101,0.3238197685044416,0.8,1.0,0.4,97,8.523383082608737,5.116050764099904
10,28,0.6075823586474225,1.3168907173965905,1.3688361444574804,1.004912089572847,0.596091975434078,0.45337370277970324,0.1031113691011339,0.30518060991060586,0.8,1.0,0.4,100,8.462348372631428,5.231215323801453
10,29,0.607074862613735,1.3146839504023955,1.3665175374988046,1.0080687204312977,0.6020105483415379,0.45512064233404426,0.1028321736276985,0.30229790860159794,0.8,1.0,0.4,101,8.49413482617553,5.191661007416988
10,30,0.605458010750999,1.3126727609356772,1.3644802526144306,1.0211680056011816,0.5929380413287079,0.45359764863617097,0.10283811848730809,0.30156992659028714,0.8,1.0,0.4,103,8.453147056812428,5.262122151015274
10,31,0.6045840782547698,1.3245304436595982,1.3933742877488826,1.083151912062203,0.5879230433584393,0.4551317586985048,0.10227107798994214,0.3022520555648703,0.8,1.0,0.4,109,8.486965835244542,5.183700526255868
11,0,0.912045700433726,0.9913226238838222,0.990875913310513,0.06223859912005884,0.0,0.0,0.0,0.0,0.8,1.0,0.4,1,5.100156098832262,60.4501209173922
11,1,0.6569709664247363,1.0138642322951266,1.0114721904131945,0.11782780848558422,0.207428887190531,0.07524279931697606,8.223195748334e-05,0.00013519524378213002,0.8,1.0,0.4,3,2.885247160831261,39.13541924647727
11,2,0.2424275968265426,0.9227082348340541,0.9187325557116842,0.11712701481753533,0.5307930593406994,0.09722594384025227,0.00117909825247948,0.00245024547356692,0.8,1.0,0.4,5,2.017008302095852,4.112741512624897
11,3,0.23484100261606985,0.9232878513111499,0.9234604811382994,0.12103220512515521,0.09651350403466881,0.09722594384025227,0.00117909825247948,0.00245024547356692,0.8,1.0,0.4,7,2.703665625990078,3.124493664373309
11,4,0.23467042474053976,0.923189644495144,0.923357201466441,0.12431225455652505,0.08070383995945059,0.09722594384025227,0.00117909825247948,0.00245024547356692,0.8,1.0,0.4,8,2.6370232092766805,3.182103637804846
11,5,0.17372589621987267,0.874249910065224,0.867964616485046,0.11403328197231116,0.39735909631719013,0.08312770575788885,0.00588098065814055,0.009908332813759139,0.8,1.0,0.4,9,3.997036216891941,2.502278859923
11,6,0.161532747187927,0.8664512245268455,0.8638829757640482,0.12718860106075197,0.12271391160316282,0.08312770575788879,0.00588098065814054,0.00990833281375918,0.8,1.0,0.4,11,5.0581242433990505,1.6216704099425463
11,7,0.16782726748198037,0.8698086677750381,0.8622623518238125,0.1372917109942954,0.15746444145439734,0.08832958160670057,0.01529532916153833,0.02610493263307026,0.8,1.0,0.4,13,7.629660527311316,4.789068117710198
11,8,0.15023298275673502,0.8456383927061254,0.8409663071595547,0.14827998849860746,0.19441935016161038,0.08832958160670062,0.01529532916153833,0.02610493263307031,0.8,1.0,0.4,15,9.69600407362764,3.579937144786178
11,9,0.15022720120894117,0.8456288249014146,0.8409562418780112,0.14380831453313853,0.09647518525331006,0.08832958160670058,0.01529532916153833,0.02610493263307031,0.8,1.0,0.4,16,9.685920083919893,3.583207033275289
11,10,0.17496206222769223,0.8588672176051093,0.8529386880275909,0.18325639636275287,0.19734954603874083,0.11562509331863262,0.024703020885041747,0.04208357672860353,0.8,1.0,0.4,19,16.294829272301286,1.5790627619902309
11,11,0.17496206217610347,0.8588672176051093,0.8529386880275909,0.19058490303938097,0.13403656578402298,0.1156250933186325,0.02470302088504171,0.04208357672860348,0.8,1.0,0.4,20,16.294829189230423,1.5790627783276507
11,12,0.2028496502912097,0.9383798514040441,0.9308709065175698,0.22808414223829895,0.2047387642148832,0.1186531377577706,0.04117727729270697,0.07036632867716655,0.8,1.0,0.4,21,21.139577071673887,2.1087248775362517
11,13,0.17898055324138057,0.7981268552469425,0.7875162771811859,0.2029945292320336,0.49804432886631556,0.1186531377577706,0.04117727729270698,0.07036632867716655,0.8,1.0,0.4,23,23.766350183328463,1.0543952275500643
11,14,0.1788803495491901,0.8024643260991068,0.7961955408468018,0.21064305936282904,0.16661077897093274,0.11865313775777057,0.04117727729270699,0.07036632867716655,0.8,1.0,0.4,25,23.98327929454803,1.0143212585763408
11,15,0.17532424588250112,0.7887620961040364,0.7818759772191426,0.2223254936811937,0.19368076037991905,0.1172104626101322,0.040857392535820033,0.06977540908940674,0.8,1.0,0.4,28,24.04718541597511,0.76058174778433
11,16,0.17632721007123164,0.7913694064221987,0.7886562955191817,0.22843193736974915,0.1942792141270902,0.11704039080329376,0.041857781518184166,0.07148512649584676,0.8,1.0,0.4,29,24.808738966549328,0.8546447451723072
11,17,0.2536887226651624,0.6135062324517973,0.5888221128431851,0.2530087409528011,1.2530087409528012,0.14511425648664947,0.08117938324511567,0.13934488129591466,0.8,1.0,0.4,31,46.951749573808165,0.0354979869360378
11,18,0.25368872267658266,0.6135062513232069,0.5888221336499686,0.2618326608609465,0.2530097821983383,0.14511425648664947,0.08117938324511567,0.13934488129591466,0.8,1.0,0.4,32,46.951749453730486,0.0354979941140466
11,19,0.25368731104836895,0.6182691214925131,0.5979486859433067,0.2741833015156508,0.2544309320294493,0.14511425648664947,0.08117938324511571,0.13934488129591488,0.8,1.0,0.4,33,46.989781114285066,0.0332744783028669
11,20,0.2536872633744672,0.623209939619453,0.6072623458385877,0.28905286402705566,0.25302063357406374,0.14511425648664947,0.08117938324511564,0.13934488129591474,0.8,1.0,0.4,37,46.97905580598084,0.0338914374352037
11,21,0.25274934695154444,0.5822276995207298,0.5683229435455199,0.2772007412982331,0.43180969730133195,0.14454139370156222,0.08106221318229213,0.13912843432952834,0.8,1.0,0.4,39,47.317360289642245,0.0059771335235644
11,22,0.25167178710355875,0.5417792987522448,0.5299580022959003,0.28218780006641386,0.4251092792828756,0.1437511335499262,0.0808982932032563,0.13882562675788881,0.8,1.0,0.4,41,47.495484505042576,0.0015176621032993
11,23,0.25256428558112026,0.5212741524700328,0.5001129138499412,0.2927095686184986,0.29344956816078216,0.14437654751028806,0.08112065235088921,0.13931904044547222,0.8,1.0,0.4,43,47.43615180539021,0.0039540111638871
11,24,0.2517868199872592,0.5282241313958737,0.5156974043697934,0.31658862223652706,0.255826365540178,0.14387618135636446,0.08092882084980547,0.13886894106890096,0.8,1.0,0.4,47,47.36077060373056,0.000228835670266
11,25,0.25171478588609075,0.51715106267514,0.5122927023004632,0.3053292472470549,0.4144856367654195,0.1437527336411303,0.08099485083773017,0.13888252916419896,0.8,1.0,0.4,48,47.36006335022099,0.0003200874267383
11,26,0.2517243655576725,0.5171285836179286,0.5122685677711358,0.32652082642709634,0.2516071088810423,0.14376507566861518,0.08099348676802434,0.13888535548867909,0.8,1.0,0.4,53,47.357480911019984,0.0002915115050095
11,27,0.25253809075084915,0.5060267656724375,0.5046703293666476,0.3413439900513192,0.3842161491830974,0.14375305799330837,0.08181156790275396,0.1389715731117708,0.8,1.0,0.4,54,47.35908527183436,0.0003171173865143
11,28,0.2520307737615157,0.4851759418419731,0.4827707779853678,0.3620902997873334,0.26955839071956744,0.14388727860711012,0.08129455731350674,0.13879875924170149,0.8,1.0,0.4,63,47.34503272268684,0.0001416734363896
11,29,0.2510344315426618,0.46275737035859177,0.45512975269184075,0.36730327295310583,0.4075874738856089,0.1437617524877809,0.08129801358626179,0.13660643550992838,0.8,1.0,0.4,64,47.332087238407226,0.0015594988545611
11,30,0.25171202191944,0.35126668633775043,0.34197993159869206,0.3526018472981791,0.5462635696492139,0.14388819553446347,0.08106127691787436,0.13879889460392664,0.8,1.0,0.4,67,47.344835700303726,0.000140974763653
11,31,1.1706950785176884,1.2635477675705775,1.2580343228819404,1.2829863452291552,1.216031682046908,0.1439280621902324,1.0,0.13883758632273185,0.8,1.0,0.4,69,47.35022035375983,0.0001164572610491
11,32,0.251593796401052,0.3075069829288691,0.30421001462690334,0.4227299497187704,0.27197637307814154,0.1439006013634288,0.0809122261651595,0.13887911509284673,0.8,1.0,0.4,85,47.35117770621601,0.0002340921971012
11,33,0.2515598175995155,0.26134579037589895,0.25155545400207957,0.4021229083277669,0.5766207457358724,0.14386027920498692,0.0809142772348409,0.13888238350812282,0.8,1.0,0.4,86,47.34614003029031,0.0002272900247273
11,34,0.25155920346308974,0.2590873355503172,0.2532992445231281,0.42217218050585276,0.2776000358316106,0.14386027920498692,0.08091427723484092,0.13888238350812282,0.8,1.0,0.4,88,47.35668801575558,0.0002532141434363
11,35,0.25142556146220507,0.2625139054296852,0.2610275661305119,0.45986151935733316,0.25218348191434753,0.1438892803888884,0.0807678300502799,0.1388566952069826,0.8,1.0,0.4,102,47.38096042248364,0.0001611574277967
11,36,0.25285838668266175,0.27289967021018025,0.28011120255397876,0.48368752814744304,0.25425906288088623,0.14392722697035953,0.08101956455751824,0.14173372534024684,0.8,1.0,0.4,107,47.407995030132525,0.0002241364897714
11,37,0.25222891465976754,0.25815918912381736,0.26052577504669916,0.4817332811278503,0.3252318218323892,0.1439271578723506,0.08100524491637184,0.14019789983186176,0.8,1.0,0.4,108,47.39359633586653,0.0014951649163528
11,38,0.25194719633614115,0.25780477597394097,0.2601676273801974,0.48479479619530863,0.25551211405956153,0.14401236643678242,0.08090887978204422,0.1395641886964508,0.8,1.0,0.4,109,47.38573559127028,0.000112623246891
11,39,0.25222583084990696,0.25222347659481514,0.2542846485904762,0.49034169695936985,0.2930479681917311,0.14392713194508802,0.08100522960809521,0.14019135357662368,0.8,1.0,0.4,110,47.41602483569012,0.0014528107033333
11,40,0.25216054956148093,0.2643562127272352,0.27940081260756805,0.5331328709041305,0.25432362486232035,0.14393798479742664,0.08130759247125927,0.13925108141938214,0.8,1.0,0.4,121,47.39462126544251,0.0015594493898301
11,41,0.25091342232177893,0.25676265096901585,0.26736203102117617,0.5450739512779873,0.25358564978597187,0.14393036712521315,0.07993000017437404,0.13959271951807498,0.8,1.0,0.4,125,47.3949477019542,0.0006991961292038
11,42,0.25160371455814257,0.2567373464480069,0.27141836107413375,0.5708101045061664,0.29614450737823494,0.14389866606001678,0.08122078274914646,0.13815585711773146,0.8,1.0,0.4,126,47.3578935260837,0.0001709140221802
11,43,0.2518001886631806,0.27576338931877425,0.30788771867404024,0.6365220873659423,0.25221063965168483,0.14397373735492255,0.08112212754324268,0.13874367182835493,0.8,1.0,0.4,142,47.39778057785682,0.0009253688355405
11,44,0.2521560430727611,0.2687099189518736,0.29633427683132446,0.6461722060926282,0.27604666049204907,0.14394721426042403,0.08131881920824227,0.13919511125718542,0.8,1.0,0.4,143,47.36543060650949,0.0008448496922018
11,45,0.25144203917847824,0.271348095265985,0.303263514521535,0.6568419616892546,0.25307238222627815,0.14396854261314446,0.08078014104331308,0.1387142694930355,0.8,1.0,0.4,147,47.397693169409294,0.0001417986065502
11,46,0.2523093035278758,0.26498582225056166,0.29652906974412646,0.6633340589385899,0.2812847670914598,0.14395994867764572,0.08163146251610527,0.1387724129836966,0.8,1.0,0.4,149,47.397697826654245,0.0005903061441398
11,47,0.2513112293635999,0.28054424837364683,0.3294137395698055,0.7537188915657052,0.2547683969064772,0.14394334287972674,0.0809852366594843,0.1379264973074474,0.8,1.0,0.4,157,47.366434133086464,0.0006145243190762
11,48,0.25160093724302396,0.28028586296092595,0.32912717122690177,0.7539053149140088,0.2548875219610967,0.14394236924145554,0.08127059012364023,0.1379394448061467,0.8,1.0,0.4,159,47.36632878689116,0.000817214639961
11,49,0.25137810696477325,0.2891130351038804,0.346657186020388,0.7887378372862621,0.25350060376450156,0.14394382607942866,0.08102000659451455,0.13800598723785532,0.8,1.0,0.4,161,47.36663333187752,0.0006604184190559
11,50,0.25232385339690894,0.2924920445885446,0.3625169119788395,0.8711238730699079,0.25665403293901307,0.14393771440378314,0.08151165859153844,0.13915491510873984,0.8,1.0,0.4,182,47.38583473696403,0.0002595804494628
11,51,0.25450284552249464,0.28881958323329815,0.35442475569253934,0.8668289212849045,0.25802467200195867,0.1439381157779875,0.08368771493805506,0.1391615574663169,0.8,1.0,0.4,184,47.38594786919722,0.0003039406739539
11,52,0.25194988370399546,0.2908909243625986,0.3608526148258122,0.9017788153552375,0.25237050130951016,0.14394958057964027,0.08114046255770826,0.13912439170643745,0.8,1.0,0.4,190,47.38588448528018,0.000258699851829
12,0,0.8011623365293085,0.9797799638921996,0.9787390563795952,0.059691872560211634,0.0,0.0,0.0,0.0,0.8,1.0,0.4,1,14.172135497771617,64.0287881154832
12,1,0.5656496410561647,0.9878860988856348,0.9848539376827811,0.10154636717317686,0.19736833362352155,0.05832680175190817,7.776238577629e-05,0.00011914909881736,0.8,1.0,0.4,3,10.382248421420506,36.53748148971759
12,2,0.23669756475304854,0.9161336221237067,0.9121994761479515,0.1098992365728518,0.47149173376756653,0.0889411601730661,0.0007796330721862,0.0015645902873709602,0.8,1.0,0.4,5,5.411923779711557,5.366788990086901
12,3,0.19241060071696287,0.8875523148982826,0.8822865195785964,0.10641618196929595,0.1710795674054964,0.08539244657236746,0.0008573954579625001,0.00168373938618831,0.8,1.0,0.4,7,4.767081985231322,1.7535987081678883
12,4,0.18544755464542448,0.8871360493434289,0.8859673436229364,0.1119245497428639,0.09011775647789172,0.08539244657236746,0.0008573954579625001,0.00168373938618831,0.8,1.0,0.4,9,4.244819978682443,1.7951121963718208
12,5,0.17902194124580575,0.8758009521254225,0.8702525641240431,0.11471643164977367,0.06407406717053203,0.07816904171148631,0.0006138984850692,0.00108436244578951,0.8,1.0,0.4,11,4.273091805028503,2.3802855953592497
12,6,0.17962684108208846,0.872273577628699,0.8621997718903074,0.11240484913377576,0.09099672068663692,0.08337644130469965,0.00065506952866773,0.00151147191631817,0.8,1.0,0.4,12,3.986808865348484,1.517918236280451
12,7,0.1787282476404221,0.8714902310332694,0.8613925830872059,0.11612318087631504,0.07123815601289128,0.08306157471165554,0.00063283114582046,0.00139544069879929,0.8,1.0,0.4,13,4.089847099323084,1.565987725939516
12,8,0.16610686675766076,0.8608719442989666,0.8501613818224377,0.12576804950538245,0.11529097479567277,0.07862790808489974,0.0028765571840470598,0.00787106887840774,0.8,1.0,0.4,15,4.672254497854076,1.0536309649948985
12,9,0.16283685020253516,0.8626458147613616,0.8562501339750658,0.13046219280045707,0.07129861564607384,0.0762369267539599,0.00284589964921091,0.007627684648545389,0.8,1.0,0.4,17,4.791836308724619,1.124386007496446
12,10,0.15687955883947444,0.8569556557610006,0.8503209745320287,0.13780365624694105,0.08404622020262327,0.07498528074011855,0.0028294844015504797,0.0075538552500445,0.8,1.0,0.4,19,4.7110135519730925,1.1373361083927775
12,11,0.16141372186764208,0.8614523490176523,0.8548077784988682,0.150279668615392,0.07092008183637626,0.07890315900627892,0.00365202323171011,0.00938319601817227,0.8,1.0,0.4,22,3.868433167942544,0.608254404213865
12,12,0.16347302939079883,0.8585892263203102,0.847566613033493,0.15498607836008915,0.07316406314555868,0.07923176875447169,0.0047395420315236,0.01145481394980679,0.8,1.0,0.4,24,3.517002061116936,0.7185031625252469
12,13,0.1620840565821667,0.8621414451335678,0.8554123728594598,0.16533915937379626,0.08472479150002625,0.0792965169124932,0.00476363776076226,0.01164386656617103,0.8,1.0,0.4,25,3.229671635777572,0.6585955698028236
12,14,0.1963908405709173,0.8963262306114016,0.889345616005515,0.2060856043878192,0.14997259695967174,0.09092572844755177,0.02852629487188698,0.02665717147305894,0.8,1.0,0.4,26,4.6470195101157135,0.1963148439861234
12,15,0.137978811372333,0.8328344227236911,0.8213715399257554,0.15447724856552464,0.059628599953229666,0.0581938747105421,0.00564430165858259,0.008261774511079439,0.8,1.0,0.4,30,2.649975317086215,1.22376479888564
12,16,0.13572625128785298,0.8345354112397403,0.8269866920900854,0.16726690612407905,0.09618014934484168,0.05835186933845886,0.00876180567366252,0.014327555505809931,0.8,1.0,0.4,32,3.681366528933075,1.133262949892876
12,17,0.13527102596742943,0.8335998709640898,0.82592430508071,0.1757743967210725,0.08139792855727687,0.05998952235692914,0.00893761888324724,0.01443396566253378,0.8,1.0,0.4,33,5.484415123377133,3.011846440222225
12,18,0.13411484124144935,0.836512298963008,0.8329863348901175,0.17461569905633695,0.09892125940412981,0.06669374389236245,0.00677085843813226,0.01221288453491003,0.8,1.0,0.4,34,2.225036027537416,7.368419997578473
12,19,0.1316142172132918,0.8288087910903302,0.8208538416272542,0.17772777689375255,0.06751879005777975,0.060506810263965566,0.0094834796157028,0.013624685505197071,0.8,1.0,0.4,36,3.1407586485441605,1.1098310808498226
12,20,0.1321352699245329,0.8331583320840628,0.829349696711731,0.19005965524673463,0.08425638117076008,0.06824232333707515,0.0076970660788012,0.01214296607286052,0.8,1.0,0.4,38,1.9989407970898363,8.415552208507004
12,21,0.13157505556598406,0.8373123399457383,0.8378328305501019,0.20057744841042244,0.07054487778305334,0.06824877420733556,0.007755023700858401,0.0121403761687985,0.8,1.0,0.4,40,1.9654591031033664,8.146560301220745
12,22,0.14823167772715112,0.846850625600046,0.8426323432570787,0.22042011127912875,0.11642298061266924,0.06597293299358369,0.01728991557194482,0.04682355898039098,0.8,1.0,0.4,42,2.7846789013004427,1.646088488159122
12,23,0.1367303683245674,0.8327553393476476,0.8281650174404279,0.21719070741840524,0.11005933032584794,0.06807896275550328,0.020281750911349112,0.01796123028894597,0.8,1.0,0.4,44,3.9639981468940855,1.6893142808812418
12,24,0.14562205271954373,0.8403704763913132,0.8356140067748764,0.23255807786025318,0.10533648763798421,0.06637726527879938,0.01961569217862883,0.05013651050128615,0.8,1.0,0.4,46,2.2716968919266693,1.1274427019310362
12,25,0.14640721870442905,0.841070480476922,0.8363031679253327,0.23342452513506506,0.09533017474979216,0.06620003948789842,0.02021454003035656,0.05127045935507798,0.8,1.0,0.4,47,2.2254354934128067,1.1445790389688002
12,26,0.11936194567613413,0.8186885253641134,0.8182588607763033,0.21186523663365722,0.07240519275388413,0.05723830296240993,0.00941970133747373,0.02958323243562745,0.8,1.0,0.4,48,1.9197954880623271,0.545389810590365
12,27,0.14597836943945386,0.8384192805863079,0.8333828096880849,0.2453155600267689,0.1139262729397247,0.06695387902403663,0.021612147180795828,0.05271195024212779,0.8,1.0,0.4,50,1.9150050246804,1.0623664083890516
12,28,0.12512115281588412,0.822287342424033,0.8215982780897039,0.23527735763990565,0.07763006968644366,0.06916903818578964,0.01118193975237949,0.02291072378024346,0.8,1.0,0.4,52,2.102533123006324,0.8328432540033657
12,29,0.1219767059484593,0.8185078371165965,0.8177459685491945,0.24038319024508817,0.08432718982287743,0.06666680997086502,0.01086648386719551,0.02279056808060928,0.8,1.0,0.4,53,2.525381741033527,1.4739948927668411
12,30,0.11549705683754384,0.8116522058282982,0.8108465782316097,0.24918126185356987,0.07070378274187024,0.06144197293290982,0.011347542725112179,0.0170237677712953,0.8,1.0,0.4,55,3.1521550058373538,0.3608052153835722
12,31,0.11173533847730513,0.8017889429086145,0.7964839385639658,0.23398384677352563,0.08376374364800743,0.05908970311464482,0.0113368471673964,0.01559388992073545,0.8,1.0,0.4,56,3.5051325839466405,0.1405306680301556
12,32,0.11168154959868727,0.8065315007772972,0.8055827805187503,0.25213359104005184,0.0675927433487765,0.059236053730975756,0.01136735030040051,0.015533155084018929,0.8,1.0,0.4,57,3.549322408019268,0.1397553071400522
12,33,0.10575719665925035,0.8075386391279135,0.8150271386697974,0.2728811363711435,0.08542696324028284,0.05777529144007406,0.01243891117495592,0.008569940801166399,0.8,1.0,0.4,59,3.929392597010629,2.0400991954189385
12,34,0.1020847223861678,0.8027254179612298,0.8101000139771146,0.2729476444582366,0.07671056517367263,0.05449435499663181,0.01252594640125656,0.00841243006308054,0.8,1.0,0.4,60,4.330132696147502,1.6838066964252554
12,35,0.09899195272680078,0.7985886805729877,0.8058612786226701,0.2766639231444039,0.0727506062326323,0.05352135374814935,0.01200474192598834,0.006272543285274381,0.8,1.0,0.4,61,4.359089138339238,1.9672950431005056
12,36,0.10658425922885256,0.8090489452580785,0.8204971111221663,0.2946424681006276,0.08163755633639748,0.056633027403719,0.01507839178399476,0.01574423063683586,0.8,1.0,0.4,63,4.843639922728638,0.8180152502993039
12,37,0.1014179724134083,0.7963909609160624,0.8032333901704032,0.2872934569523591,0.09864257198345694,0.05694085649885669,0.0140388529661099,0.009744611563645,0.8,1.0,0.4,64,3.8243316462436354,1.0391253602663146
12,38,0.09677689149086588,0.7922296863065755,0.8030565642495635,0.2966883070670517,0.09132050840339861,0.057349446067793325,0.01150964752837587,0.01135657483938133,0.8,1.0,0.4,66,3.6391276733698086,1.2028943251475863
12,39,0.09243365907560623,0.7883925046081709,0.803226079357891,0.3107411494276962,0.08797932560686154,0.05634849782843739,0.01143991130094975,0.00936925656435756,0.8,1.0,0.4,68,3.2532378948383287,1.1973451746293458
12,40,0.09231903925911601,0.7930210197762174,0.812211358792604,0.3281748892591561,0.06150362926915597,0.0563484978284374,0.01143991130094975,0.00936925656435757,0.8,1.0,0.4,70,3.274260091819245,1.2081090170974584
12,41,0.12011782924522214,0.8206096328509306,0.8397829194922385,0.37565499042288725,0.08871177856135178,0.06407392738625559,0.0115850145098106,0.06335553264151894,0.8,1.0,0.4,75,3.711560996158525,17.77604800073539
12,42,0.1061989556787304,0.8053750004824421,0.8244435032677117,0.3685385720461345,0.08288688663607542,0.06618742285419514,0.01321809789451373,0.02204769205186985,0.8,1.0,0.4,77,3.318041828244872,1.4025919589451108
12,43,0.09966419240566234,0.8065387481129865,0.8341812494164879,0.3853891211587397,0.07481836374479132,0.06119388208736919,0.01309735484585059,0.01887981741188097,0.8,1.0,0.4,82,2.275247605984497,4.27968647818968
12,44,0.10165548564525939,0.8126014072075328,0.8445492798542107,0.3976542266022217,0.07716108468594318,0.062102398002995156,0.01169029858089147,0.02666162434729859,0.8,1.0,0.4,84,2.288448039543792,5.353720508627271
12,45,0.10673252670582531,0.7887337197245724,0.7984959448930644,0.410309370728782,0.0912522371317598,0.06031522470144632,0.02020514129345704,0.02664964164125282,0.8,1.0,0.4,88,2.3833511454288194,1.562327450899118
12,46,0.10680436275065833,0.788794456739299,0.7985559130755104,0.4135363608504591,0.07929020588667998,0.06026707330720933,0.02026208961865112,0.026792734366212368,0.8,1.0,0.4,89,2.382167013224978,1.5649136812889537
12,47,0.11200236823319319,0.7930239312747868,0.806726427548797,0.4257189371776145,0.1520651303580199,0.059944719346220025,0.02264329418512093,0.04067602951499298,0.8,1.0,0.4,90,2.2507760193174744,1.0706045401986215
12,48,0.11929408758820732,0.7994377732833751,0.8130771277051692,0.43631842628162937,0.10418566433358627,0.0657995421708795,0.02573184715247488,0.04034550286487199,0.8,1.0,0.4,91,1.73648927528538,0.2603078599540246
12,49,0.10946167513581025,0.7845350220213371,0.7978180873876498,0.44930580312945206,0.09728763303745158,0.0591454326131929,0.02411640999130376,0.03773849073359873,0.8,1.0,0.4,96,1.8517898929396,2.1203823797300005
12,50,0.10568054787597977,0.7792276626063426,0.7924054115649193,0.44558477811896585,0.0991503594021044,0.057241418453936245,0.019359668268642792,0.04528445709585383,0.8,1.0,0.4,97,1.6479788759898903,2.485692002610137
12,51,0.11495422715225423,0.7920333399572485,0.8094872390704059,0.47448974041949565,0.10034456011979202,0.05900018144431485,0.02525248689507047,0.05139261676701218,0.8,1.0,0.4,99,1.72734324778972,4.456163621223404
12,52,0.11784199540191902,0.7944296093867196,0.8118499616994131,0.4806652113646455,0.10112883686501449,0.06242785205176265,0.024905539768542907,0.05302410831211193,0.8,1.0,0.4,100,1.631054021374644,4.166445936871475
12,53,0.11784063750370262,0.7944240423208622,0.8118441097915391,0.4773932223572069,0.09610219413201125,0.06242785205176265,0.02490553976854292,0.05302410831211195,0.8,1.0,0.4,101,1.6310244324078658,4.166098687591439
12,54,0.11638799887604101,0.7909660553868281,0.8082500969456161,0.485710150581001,0.11581255808917526,0.06180431180155606,0.025451385418652127,0.05086749713422696,0.8,1.0,0.4,102,1.6436235134029744,4.2599907234927965
12,55,0.1163724752473157,0.7898728052690382,0.8070842384156304,0.48904373384420574,0.10654693972619146,0.06180126558869695,0.0249074874226429,0.05302600190565328,0.8,1.0,0.4,103,1.67664793594308,4.211187824781415
12,56,0.11661373593653376,0.793659798813439,0.8151505266288068,0.5022520200035285,0.11042627370926401,0.06117384184715117,0.02589878597055324,0.053461144730427734,0.8,1.0,0.4,104,1.5665147714203158,4.367556401811507
12,57,0.10221878371494199,0.7751850554674004,0.7964057024949118,0.4912378882953208,0.09660444330525417,0.05742900462389279,0.02714380839021132,0.02476745910119112,0.8,1.0,0.4,107,2.630291253920453,2.9790445266104664
12,58,0.1022073571916441,0.7800789970126806,0.805670078922501,0.5041387831412005,0.08320038059458056,0.05742900462389282,0.02714380839021132,0.02476745910119112,0.8,1.0,0.4,109,2.6303588815111087,2.9759053072090427
12,59,0.11193791860011892,0.7734707748839835,0.7898975240638484,0.5111147241411569,0.15763678799253297,0.06459986036077968,0.03338231269875016,0.023344276929813328,0.8,1.0,0.4,110,1.615270706775349,3.210853292355071
12,60,0.1111028163841863,0.7759284089666394,0.7966225945470176,0.5201979659089372,0.10194909020542073,0.0632213432956218,0.03400895657546539,0.02344561113495798,0.8,1.0,0.4,112,1.6732794928405452,3.2602348001989845
12,61,0.11483568210394213,0.7764807742903678,0.7969732302196707,0.5267375631549621,0.12894072121280026,0.06818184812013563,0.03112341830655484,0.03191560359257885,0.8,1.0,0.4,113,4.327253094696927,2.0490474857354597
12,62,0.10872446675947428,0.7603824239334802,0.7802537387798456,0.5268911094865327,0.1883444155584991,0.06313199316046608,0.03438307498829324,0.02378539508498799,0.8,1.0,0.4,114,4.19072613784574,3.117856743842049
12,63,0.10924157764013323,0.7705644356198111,0.8032395978146069,0.6927642846504275,0.097101266333972,0.05820671553002507,0.03305268672736242,0.040642268504882215,0.8,1.0,0.4,153,2.350750073306403,7.377770876972808
12,64,0.10809453588243739,0.7648905777132408,0.793218155060698,0.6965204621700062,0.10005809493522819,0.06063089539757918,0.02308401651468579,0.05765617809796482,0.8,1.0,0.4,155,4.686861434153046,3.143726244973116
12,65,0.10905891748281568,0.7787687579357753,0.8200990759541137,0.7364684942097385,0.09645468717495781,0.05603848592807559,0.03219208168743452,0.04733272010049479,0.8,1.0,0.4,161,2.35104405146513,8.062678116056619
12,66,0.11315649909762708,0.7825792244867857,0.8238922660661314,0.7476521230167045,0.10138869514833236,0.05546111918731581,0.030009501482047653,0.06430928206174397,0.8,1.0,0.4,163,2.2743836166728206,8.430514902774132
12,67,0.11376439316590906,0.7827296712218293,0.8240151655898146,0.7577379173013346,0.10491837146948868,0.06128360417689478,0.033707487028378606,0.04513307057291134,0.8,1.0,0.4,164,2.248362802237896,7.437072025301274
12,68,0.1277382656426564,0.8042046761242002,0.8540927042795379,0.7877092369979743,0.1368849078788062,0.060171109171954035,0.038115626241463106,0.07227338508889243,0.8,1.0,0.4,165,2.619953357139518,3.330793130229042
12,69,0.13520522521356604,0.8172552320501768,0.8756323360548962,0.8242533230228581,0.12980168670873612,0.06368444230248209,0.03638105572209708,0.08996743917452579,0.8,1.0,0.4,171,2.584580516981178,5.7416198969897705
12,70,0.13509654524118775,0.821381031735598,0.88408901915346,0.8500706300670119,0.12649719567952628,0.06368444230248205,0.03638105572209708,0.08996743917452592,0.8,1.0,0.4,173,2.5978780604469347,5.756052987212633
12,71,0.1105426143299195,0.7768658350674527,0.8261520300906565,0.8571795163486674,0.10278003639673103,0.0570205460356916,0.0304055352076834,0.058729802822976775,0.8,1.0,0.4,187,4.105289050935719,3.754526069737706
12,72,0.1116973503880842,0.7778007414313802,0.8270740199758021,0.8655852305084493,0.10167444591632746,0.05716135979972262,0.030729712137397967,0.060602048645789,0.8,1.0,0.4,189,4.06313816871019,3.9503890441905263
12,73,0.1100068890517792,0.7800245026309727,0.8336103415512686,0.8831224488816689,0.10220854581486613,0.057344518045472796,0.03120850011085268,0.055173877579492894,0.8,1.0,0.4,192,4.111903883281798,3.761409003439428
13,0,0.7738809164035383,0.9766948658367323,0.9754951487813766,0.05901038262375266,0.0,0.0,0.0,0.0,0.8,1.0,0.4,1,16.84228484515595,60.86069765147919
13,1,0.5748588957310931,1.0108857762019856,1.0077034322467788,0.1268131352575923,0.22262184389132106,0.09070816142327158,7.17315021067e-05,0.00016468881387763,0.8,1.0,0.4,3,11.919420065702212,35.80504170853622
13,2,0.4422076148087591,0.9942509335207841,0.9894833508859788,0.13663440104476565,0.32659754361144916,0.10159756253806998,0.00252481291072009,0.007647934820698481,0.8,1.0,0.4,4,11.136975669461709,39.91159950477161
13,3,0.3854338630986995,0.9747851787047006,0.9693051950365545,0.12789374220941924,0.1889737700903528,0.10085669150905806,0.00028692600842681,0.00065875525551056,0.8,1.0,0.4,5,7.823916585088227,18.990980273572315
13,4,0.31495595050378267,0.9580363167483549,0.9511268181008664,0.13733195357609543,0.308444349907276,0.10812663719563739,0.00260084802577517,0.00788397004590849,0.8,1.0,0.4,6,6.266483580743143,47.95001833226564
13,5,0.23287852091091413,0.9198512436215273,0.9153929500096377,0.12505972382129477,0.37715863672866834,0.10595417469033493,0.00088315931902723,0.00202765112180733,0.8,1.0,0.4,7,4.345995461705716,4.889994019515496
13,6,0.21668819146949822,0.9048429806230531,0.8954312649118471,0.12226798055796466,0.13152112456233955,0.10683298834592055,0.00114770403370724,0.00263502102204222,0.8,1.0,0.4,9,4.110435905521943,2.878449697043555
13,7,0.2079077086915954,0.8997672554640096,0.8898408856497867,0.13961893206668397,0.11204720319376849,0.113148078568532,0.0010250172775487,0.00261516212955184,0.8,1.0,0.4,13,3.341222746419876,2.3009927143572315
13,8,0.21466098042595494,0.9131124174008193,0.9072178192822357,0.16180902358747293,0.15924983900013606,0.09667141190092428,0.01433978244747074,0.0398562085957076,0.8,1.0,0.4,14,5.986514366576683,2.3327014800921893
13,9,0.21185202739890943,0.9114501498787531,0.905188900371381,0.17724485825509692,0.12701284727284637,0.10273091300197956,0.014469077993041498,0.0410641342625845,0.8,1.0,0.4,18,4.787733823290548,1.9699176706836703
13,10,0.21169974383114926,0.9113072859593176,0.9050416671811559,0.17956750300838686,0.11368760188526711,0.10255541232021523,0.01455362559699489,0.04106013681823871,0.8,1.0,0.4,19,4.779096786947566,1.9594974918157464
13,11,0.20838433772171538,0.9132783019805812,0.9111677572459523,0.1970234322884042,0.14719313721445848,0.10267797874599013,0.014111441540719541,0.045070223011066377,0.8,1.0,0.4,20,4.604139110536472,1.8127756514987072
13,12,0.2108235273943761,0.9108202354308503,0.904265455662516,0.18824503948436005,0.12877009929221045,0.1078555566759833,0.013920293766291992,0.04486701245325656,0.8,1.0,0.4,21,5.134027402080118,1.6814429070807144
13,13,0.20783773953347276,0.907913499537988,0.9012607565290455,0.1892297378313872,0.13213858064067577,0.10525707177366465,0.015327115765150301,0.04403856065944116,0.8,1.0,0.4,22,4.903503261034915,2.5307176962707607
13,14,0.2239091244926162,0.9282450637686706,0.9253061675989678,0.22941011004342246,0.24479007223842478,0.11536764080935241,0.03239909967368751,0.05161712512093726,0.8,1.0,0.4,23,3.2409908132513454,2.4169698445514176
13,15,0.22403228288106664,0.9331289876829774,0.9344852785654237,0.23831805205234557,0.15073157683682384,0.11540344211316375,0.033986359564395344,0.05120611669546625,0.8,1.0,0.4,26,2.533997084925483,2.308985708319576
13,16,0.2023065696699309,0.9021691684932274,0.898151937986617,0.22819491160460895,0.19064274930591,0.11448778717274632,0.0308253539551545,0.04448862963151548,0.8,1.0,0.4,29,2.247025624375365,2.1316477305688157
13,17,0.2032590251675411,0.9079344251567923,0.9082675745178194,0.23763430475138167,0.14319586266237813,0.1147517904459088,0.031349708832371745,0.045801222285366726,0.8,1.0,0.4,31,2.256610961991837,2.1633505464892533
13,18,0.2040795960958193,0.9136838639739521,0.9183868935949647,0.2611618678807068,0.14259867307890195,0.11458560189371568,0.03207975307005857,0.04647539755419116,0.8,1.0,0.4,33,2.2926717237111456,2.1744261882078817
13,19,0.21286111134673988,0.9222243913025268,0.9268854701266915,0.27320778188508765,0.15816366057955158,0.10576743787620639,0.03688981461248714,0.07547468130198529,0.8,1.0,0.4,34,3.2704564351472936,1.7218017971625903
13,20,0.20977355887417606,0.9183271312911889,0.9228557289434705,0.27428181641429,0.17064501102184015,0.10849009900769914,0.030698494753527362,0.08219687582805182,0.8,1.0,0.4,35,3.034260635969985,1.531385619946501
13,21,0.2026120230112351,0.9134228986690357,0.9219411859870342,0.28206125531881276,0.2058545894868954,0.10137300660713854,0.039475041233105815,0.06848399443674431,0.8,1.0,0.4,36,3.483713119443419,1.4591321632301189
13,22,0.20208993862645191,0.9128146016851632,0.9213217173778676,0.2785935753442689,0.14923177410581945,0.10166429783141107,0.03902524720059264,0.06804681124631336,0.8,1.0,0.4,37,3.609885414243268,1.4008422456207086
13,23,0.20348529970114893,0.9074537045175665,0.911357581870408,0.2817257214433917,0.18631659075429718,0.1130368378438555,0.03194782997351449,0.07313506777488907,0.8,1.0,0.4,38,2.99767736441968,0.9553434951323332
13,24,0.20378293931103683,0.9105551653739544,0.9185771880333421,0.29881143953209005,0.17405537256029197,0.10602017411501659,0.03784572866132657,0.08019456799386958,0.8,1.0,0.4,40,3.1009334864889766,1.3216196997432046
13,25,0.21723398334830232,0.9186624666500721,0.9222679306627187,0.306309950662127,0.1749728831178801,0.10929034604982876,0.041182235326708436,0.10005614802253722,0.8,1.0,0.4,41,3.394492308563126,1.0835097493193269
13,26,0.20078442660022522,0.8985328741180946,0.9017403536074919,0.2951726871713909,0.21657026325908485,0.11593729329418115,0.03184567405397079,0.07910682961564967,0.8,1.0,0.4,42,3.151585697689524,1.120058382979604
13,27,0.19981623593276723,0.9015013846045217,0.9089801779784722,0.31309483429544016,0.1638544774659011,0.11593729329418112,0.03184567405397081,0.0791068296156496,0.8,1.0,0.4,44,3.152532805162877,0.8606888617656427
13,28,0.20995038261848442,0.9041189167113126,0.9069716229162519,0.31794922788489377,0.18787469456864836,0.11494651951893249,0.034593586131759155,0.105412781534273,0.8,1.0,0.4,46,3.357138106180169,1.931103001281247
13,29,0.196111563454571,0.8999495567801656,0.9115266838636431,0.34407061477783335,0.15541691284236625,0.11245878126761139,0.031844954572483805,0.08316522590317417,0.8,1.0,0.4,56,2.5573744851811577,2.1073920407192666
13,30,0.19819993553430587,0.9011720656383364,0.9126671355282348,0.34956214960971527,0.17030144176600137,0.11146878979495606,0.03271443708513837,0.09001214261780521,0.8,1.0,0.4,57,2.590471290644049,1.83121920246362
13,31,0.20821209593610773,0.9227729334086392,0.9510351096111948,0.4288167290801209,0.18750049282894735,0.10489811940890709,0.057084415114944574,0.0819945408807437,0.8,1.0,0.4,65,4.486986439457265,1.443841395191379
13,32,0.16939296347472843,0.8524250289992822,0.8582706843599842,0.42195268099130945,0.14186760211705512,0.11165864185454613,0.02885362129340992,0.05176424887057558,0.8,1.0,0.4,93,3.061850015606961,3.844280479025696
13,33,0.17084644857563067,0.8493231972099422,0.854817957734884,0.4272007977469819,0.1959665197771149,0.11030103466322319,0.02455604553676287,0.07450876254746322,0.8,1.0,0.4,94,3.302948973421936,5.783669767141444
13,34,0.15660173187260956,0.847866615411424,0.866328441416298,0.472997292329435,0.13152943336399395,0.11172280113860703,0.01451059789751533,0.06343738092059524,0.8,1.0,0.4,104,2.708851350641806,4.595364896038176
13,35,0.1576909935634747,0.8449399212466812,0.8631077635389722,0.4712947290788731,0.1542237554081648,0.1091219788682559,0.01898501239499798,0.06441256959024119,0.8,1.0,0.4,106,3.2891197367464744,4.877196215997687
13,36,0.15001071879478475,0.8297036240617287,0.8433111367483731,0.4637795198295747,0.13247692164913963,0.10864356545368087,0.01813170625985405,0.05086946646423936,0.8,1.0,0.4,110,3.2316339957621647,3.1643926833980665
13,37,0.14858837351301732,0.8328135381094837,0.8507648006125257,0.4753029582886441,0.12633773900647619,0.10686839899408362,0.018672102675084103,0.04990402598386884,0.8,1.0,0.4,112,3.4957910494885587,3.3857657045686382
13,38,0.1608146832555496,0.8657778922522785,0.9053144268752571,0.5753340028605312,0.1410707032355285,0.12180624459938397,0.020207069964220812,0.05038761472884545,0.8,1.0,0.4,125,2.9196740883749643,3.281239972631833
13,39,0.1549592096294909,0.8493076426484759,0.8881259372668674,0.573205492013175,0.24391622699263618,0.11544914176679161,0.020849563568319192,0.05519989453986288,0.8,1.0,0.4,126,3.7786988748968175,3.941887062574831
13,40,0.15046047538054794,0.8388668536839836,0.8772970383124694,0.572109039443477,0.19108015234978887,0.11624479589636483,0.01853187616453465,0.05214888869546096,0.8,1.0,0.4,127,3.4567196659314123,3.793612687447849
13,41,0.15073178192284853,0.8431237375360018,0.8858650758646814,0.5852253851927155,0.13758944817673155,0.1167679245785914,0.018595514472089368,0.05222897002017805,0.8,1.0,0.4,129,3.581665173257856,3.8898493113811647
13,42,0.17410434094841742,0.8606264042487288,0.8989352885251659,0.5793449998631379,0.15732008221258326,0.11298607689901624,0.03111610516425925,0.08749562420733988,0.8,1.0,0.4,140,4.310973692908851,1.679052753816937
13,43,0.17533533622591133,0.8611376025871909,0.8994002501270474,0.5917063933406456,0.1614246615740624,0.1152474397566713,0.03290377144388912,0.08202634128568731,0.8,1.0,0.4,142,4.307975746544163,1.7727917649483882
13,44,0.1677722276401769,0.8449736133833631,0.886760353704872,0.6222385743142743,0.16613059542088565,0.1143743099611535,0.03154312293403525,0.07563033482568755,0.8,1.0,0.4,152,4.228926619106136,2.474409614099472
13,45,0.17063341956247982,0.8439001698744065,0.885446238315804,0.6285925181914983,0.19329562761612415,0.1128832243783443,0.03282347130939878,0.08441645847624793,0.8,1.0,0.4,153,4.257511263960594,2.2166549446596737
13,46,0.17063342050539965,0.8439001702992264,0.8854462387406239,0.6285925186366312,0.15689666997200252,0.11288322441995541,0.03282347163686678,0.08441645863640529,0.8,1.0,0.4,157,4.257511210619127,2.216654947958804
13,47,0.16917819734546163,0.8420230360323663,0.8835434219809165,0.630889048662404,0.1594041180721169,0.11238018666713949,0.032940797369574656,0.08168326535959529,0.8,1.0,0.4,158,4.235945742538722,2.2029034836534835
13,48,0.17017263321224202,0.8565498823462957,0.9111103086688677,0.6960984680273081,0.15794759453028556,0.1126571543894389,0.03367512828463328,0.08236598825292854,0.8,1.0,0.4,168,4.12120828293889,2.108040243473728
14,0,0.8584886412612901,0.9859338551051655,0.9852097579965605,0.06104927357452304,0.0,0.0,0.0,0.0,0.8,1.0,0.4,1,10.932011444770088,56.993899169083136
14,1,0.6177362244440703,1.0064735341270874,1.0037827009268627,0.11495984695006119,0.20745797744819777,0.07325713442052832,8.224179427624001e-05,0.00013941578987276,0.8,1.0,0.4,3,7.097429629303766,36.23721262237092
14,2,0.4947963393496559,0.9996738107190504,0.9956362174998876,0.13100334386961268,0.28177263580245426,0.09209874294219995,0.0025471167294311503,0.004696498223884351,0.8,1.0,0.4,4,6.032919604580631,39.91979488339543
14,3,0.2495693507278531,0.9223462750757245,0.9187909358157063,0.11039553956102822,0.6604460501435752,0.08658431967847037,0.00127837757123052,0.0021670978900347,0.8,1.0,0.4,5,2.1466079467530346,5.616389889896063
14,4,0.23322887953352775,0.9145508960037406,0.9105080159983773,0.11489292483744173,0.11004091121856224,0.08980590551350305,0.00075129291496017,0.0012301099861768499,0.8,1.0,0.4,7,1.7227244673453563,1.9306025734111247
14,5,0.22587991972030716,0.9152150563962297,0.91532483840772,0.12786943705391607,0.08937112292828073,0.08980590551350305,0.00075129291496017,0.0012301099861768499,0.8,1.0,0.4,9,0.9920762594596816,1.708427419764162
14,6,0.2174771378130212,0.9002846105239622,0.8913888057251044,0.13509071278004525,0.08289022423316583,0.08546402522152936,0.00274095976749507,0.0049385007626222095,0.8,1.0,0.4,13,1.7310522742961605,5.828855504724293
14,7,0.21275615518941138,0.8973909738693383,0.8883367410102844,0.1413482224759684,0.09723011523134281,0.0869446205914735,0.0021989968573861403,0.0037921881045255997,0.8,1.0,0.4,14,1.8056092405470328,4.537420812846848
14,8,0.20765507282446777,0.896968918308553,0.8874370473034479,0.13732600878355916,0.1552217522705827,0.09454493883485997,0.0036474796695525197,0.007113357827131241,0.8,1.0,0.4,15,1.692222179891777,9.16520570731891
14,9,0.20166004659734843,0.8974486672855905,0.8920599504900822,0.14302795571782861,0.09909120099278786,0.09454493883485997,0.0036474796695525197,0.00711335782713123,0.8,1.0,0.4,17,1.0421890499251063,9.286962637811907
14,10,0.20162472043117297,0.9023693873612151,0.9013524680924261,0.15940453112706032,0.0822312828130537,0.09454493883486001,0.0036474796695525197,0.007113357827131241,0.8,1.0,0.4,19,1.0057948979633968,9.303293086269589
14,11,0.2132126887167092,0.9090859940032121,0.9036877801701287,0.17404985273961468,0.0944042329893118,0.10276629661959782,0.00689080125390865,0.012117815914029221,0.8,1.0,0.4,22,1.8919660171550712,84.0301511816417
14,12,0.17798523511014985,0.8828813404031007,0.8807402677110565,0.1775665436640702,0.16880087000005556,0.09562803212252279,0.00480729634120061,0.007919858401641739,0.8,1.0,0.4,24,1.3582634273699958,16.761938383196444
14,13,0.18155291309659913,0.8910916453830962,0.89265083285619,0.19896469166827807,0.15169412088065456,0.08282771629477738,0.024104456993207228,0.026113847087235197,0.8,1.0,0.4,26,1.050621093047858,101.2242415070498
14,14,0.18149373521197815,0.8959733205120805,0.9019023090779765,0.21591721767423008,0.10106636638094621,0.08282771629477738,0.024104456993207228,0.026113847087235197,0.8,1.0,0.4,28,0.9130001912550132,102.42547241083872
14,15,0.26609159239176466,0.97935871995882,0.9848331031661955,0.3032310064604213,0.22766106659218402,0.09401504368430334,0.08987347567528456,0.06985775923296596,0.8,1.0,0.4,30,1.5675414897317108,194.0362785209803
14,16,0.24702873010335447,0.9598310287492284,0.9651800516091199,0.2855992309932277,0.1943869172640505,0.09232190787541085,0.07757331849607017,0.06126495250195626,0.8,1.0,0.4,31,1.568105130480716,209.77006135376723
14,17,0.6134767429851486,1.3208894579913149,1.3217572330108185,0.6680249859533378,0.5676579553632408,0.08960450944043284,0.07235792992111893,1.0,0.8,1.0,0.4,32,2.6687205082533065,4167.82021976406
14,18,0.6132733177325375,1.3255748327167454,1.3308022799312857,0.6766965806042804,0.5450030747674527,0.08960450944043288,0.07235792992111896,1.0,0.8,1.0,0.4,34,2.5062596385399005,4171.155403288612
14,19,0.613270694746168,1.330518481555138,1.3401189334025503,0.6917164675950385,0.5440463096971115,0.08960450944043284,0.07235792992111893,1.0,0.8,1.0,0.4,36,2.4856990587255328,4171.588446693692
14,20,0.24128029669413986,0.956856056747012,0.9660665837173389,0.3121019561198612,0.20528169752133973,0.0829054708013268,0.048226772812895405,0.1585059522926296,0.8,1.0,0.4,38,2.8129339240932576,69.09614712555464
14,21,0.19745453367471938,0.9050940251666852,0.9094906549731977,0.28998274096025656,0.1716132387691371,0.08812570768687478,0.025236195719942588,0.10990784325701104,0.8,1.0,0.4,40,1.5826227787429523,32.513931575805024
14,22,0.19745453489777726,0.9100410708588218,0.9188108716061456,0.3086493881328126,0.13970012339907764,0.08812570768687475,0.025236195719942577,0.10990784325701113,0.8,1.0,0.4,42,1.5826249514310016,32.513932553531184
14,23,0.19745453495493198,0.9199351056288657,0.9374512008381238,0.32130403785896255,0.13969992720061197,0.08812570768687475,0.025236195719942577,0.10990784325701104,0.8,1.0,0.4,46,1.5826250529585415,32.51393259921942
14,24,0.1974516392457817,0.9199306708475894,0.9374465453203037,0.3371755341133343,0.13973415068338962,0.08812570768687475,0.02523619571994256,0.10990784325701113,0.8,1.0,0.4,47,1.5768062820780304,32.511318635347195
14,25,0.19510914329705442,0.9082737340769991,0.9208404754122582,0.3329626556571535,0.23130373678328056,0.09125053424307959,0.0269892363836077,0.11047173397622363,0.8,1.0,0.4,48,1.205194472648079,36.77561537724056
14,26,0.17247971016715322,0.8990215125616748,0.9245360876230789,0.3509297145053432,0.1271243322358529,0.0908702999872651,0.03878128653355079,0.029854795612781388,0.8,1.0,0.4,55,1.4957634788591767,5.766780057517157
14,27,0.17276674586924212,0.9038196286064805,0.9336577080335745,0.37188109953753534,0.1279898177567253,0.09080463260891161,0.03970093132775891,0.02972622453089103,0.8,1.0,0.4,57,1.4805205908787462,5.341031216674461
14,28,0.16853773676303657,0.9044638905388384,0.9386667516668283,0.374476977017241,0.12136993412916391,0.08921938505767404,0.03489330998968724,0.03456620013569543,0.8,1.0,0.4,58,1.4989061557133836,7.6736051574985185
14,29,0.18667890724203046,0.902363199050328,0.9190225593480275,0.3617074792786494,0.14645166341176905,0.08085887291923984,0.04439339712818977,0.07422472847414018,0.8,1.0,0.4,59,1.6072877227977638,5.947641233434132
14,30,0.1806513401988843,0.9043899473440244,0.9295956069147951,0.3809217159520201,0.14487006604954739,0.09133954990698785,0.05182649417326819,0.02472732304438367,0.8,1.0,0.4,62,1.1541839594750922,14.989347335644627
14,31,0.21287358051421396,0.9312690477858709,0.9559381958736843,0.43588401776728175,0.2127986739047751,0.08678633538368995,0.07020288751214583,0.08114514291728087,0.8,1.0,0.4,64,2.198526802266416,7.203308629551676
14,32,0.21230221489306533,0.9349368194868033,0.9639132799584481,0.45310172895887735,0.17698248840356934,0.08678633538368995,0.07020288751214583,0.08114514291728092,0.8,1.0,0.4,66,1.632430755370094,8.441947305923566
14,33,0.18093321736453438,0.912484911132026,0.9501149531126454,0.44430392634860033,0.1444057123436992,0.08939403178162308,0.05626763277585818,0.0344057003226365,0.8,1.0,0.4,71,1.5786986631634763,9.72752182925868
14,34,0.17966539144037805,0.9194177595781696,0.965641660412561,0.47963686715186155,0.14608084899863635,0.08939403181931894,0.056267614049965706,0.0344057050223733,0.8,1.0,0.4,76,1.3050745348660728,10.529816046023535
14,35,1.4997421902783743,2.25335646529499,2.312612346619103,1.9511905849051097,1.4626491083683115,0.0779286608523134,1.0,1.0,0.8,1.0,0.4,120,1.565780296853787,18.88534785812241
14,36,1.11278956987101,1.8627462976631122,1.9216851824392183,1.5962518709464837,1.1031473131134308,0.0777134940249734,1.0,0.03929912549076744,0.8,1.0,0.4,122,1.7672225445688847,22.09751999469252
14,37,1.11332319691246,1.8676019761646772,1.930861303769161,1.6208201650046798,1.082832480748485,0.07769774937728997,1.0,0.04166342453228996,0.8,1.0,0.4,124,1.7664728142106907,22.060754012987225
14,38,1.4976935061261627,2.2361243648406197,2.2861798243392175,1.9955407112932897,1.4654897130395965,0.0797819593378343,1.0,1.0,0.8,1.0,0.4,130,1.3626159907288973,20.031680599534862
14,39,1.4971881537628033,2.239722746368136,2.29408198064763,2.0195253425096737,1.4690344474549937,0.07978195933783426,1.0,1.0,0.8,1.0,0.4,132,1.5838496791786338,19.922627887452464
14,40,1.129786053775328,1.8869603906695112,1.954422546400274,1.6835597181659492,1.0966780051854041,0.07765993810621948,1.0,0.08603956282793637,0.8,1.0,0.4,151,1.548804812288228,14.458773277847843
14,41,1.130623351117994,1.897372763775301,1.973555042710529,1.7277911097869785,1.0983577122847967,0.0771008090854831,1.0,0.08972526947194076,0.8,1.0,0.4,156,1.5589401393926732,21.830296533658053
14,42,1.125568725864072,1.8882083962560936,1.9640610620072114,1.7307277361474178,1.1114338593949487,0.07582856400318956,1.0,0.08536632539056199,0.8,1.0,0.4,159,1.630369415222193,16.381346614919526
14,43,1.4916238285816008,2.2586039610655906,2.33878201779445,2.0669004165692053,1.4648322950257047,0.07648244832709379,1.0,1.0,0.8,1.0,0.4,161,1.7055318815160383,14.11637993830234
14,44,1.4886800665689943,2.251405443532946,2.3312539673866235,2.1309336853868013,1.4705290099870543,0.07548554322553096,1.0,1.0,0.8,1.0,0.4,166,1.2749452348182926,15.238650519891896
14,45,1.4883176669216933,2.2535604163529355,2.341615307621188,2.160706806736956,1.503503803372595,0.0789224389532143,1.0,1.0,0.8,1.0,0.4,168,1.4716294885605636,13.613896883207383
14,46,1.489397551788826,2.2518155380041973,2.339668725996145,2.2318589751998905,1.4681065817136476,0.08164002872210821,1.0,1.0,0.8,1.0,0.4,179,1.6066624923287192,41.21609614803618
14,47,1.4875697634151361,2.243929075664834,2.3273316088439397,2.1784919071088695,1.4667397025711248,0.07984697797688553,1.0,1.0,0.8,1.0,0.4,183,3.27584723738914,26.799186153544508
15,0,0.7615723139278434,0.9752671304655283,0.9739939133395903,0.058695226871428835,0.0,0.0,0.0,0.0,0.8,1.0,0.4,1,17.565860363815727,64.47380944355919
15,1,0.571540405174148,1.0103666256589154,1.0071530400020323,0.12676682008665432,0.21950970266208328,0.0908087878564817,7.271311811418e-05,0.0001776305341127,0.8,1.0,0.4,3,11.202928531728318,39.60769950847335
15,2,0.4657073242471698,1.0310976757185295,1.0260922234250587,0.1770791963731166,0.39932023636205133,0.14948375417107923,0.00251466979478372,0.015570936205701541,0.8,1.0,0.4,4,11.940140620190585,39.985762365787465
15,3,0.3275034360498617,0.9625155033630719,0.9603933907408252,0.12883637795708924,0.30904960494256134,0.10356775899154748,0.00044853068391003997,0.00109571349730538,0.8,1.0,0.4,5,5.041614261767722,17.38135728583299
15,4,0.3316528147243778,0.9825764310307452,0.9753836173732456,0.16615943874651345,0.22778774181182543,0.14176522499446134,0.0025873829128978997,0.01574856673981433,0.8,1.0,0.4,6,7.164133781995631,47.165255603722926
15,5,0.24250879954489157,0.9260317665727712,0.9218312595693162,0.12873582296510783,0.29656147089390367,0.10825383896067076,0.0005179517972491099,0.00127363864914363,0.8,1.0,0.4,7,3.320368633153659,6.590441971113148
15,6,0.25087751948998355,0.9400751297024418,0.9354439342951387,0.15262752887028116,0.17592222496399576,0.13116552958013042,0.0016472616697872401,0.008651894906727341,0.8,1.0,0.4,8,3.2132223389618204,7.837012184149425
15,7,0.22555001790793114,0.9167402086040461,0.9119190393672705,0.13277387685904937,0.11894768292967663,0.11131481185436197,0.00067292912505658,0.0016772419561515602,0.8,1.0,0.4,9,3.1477854452127723,1.9998336398536412
15,8,0.21976164086093558,0.9177030279262259,0.9170498881573782,0.1376228673952453,0.10556767453096277,0.11131481185436205,0.00067292912505658,0.00167724195615154,0.8,1.0,0.4,11,2.9320355821468485,1.8167804912734464
15,9,0.29114490885103317,0.9816558307697447,0.971955862668846,0.22446562287548735,0.21606028026203747,0.16481271194137606,0.005103276677982689,0.0828188059338762,0.8,1.0,0.4,12,4.096813497095506,42.05525335373319
15,10,0.22553426054214543,0.921560011065054,0.9161350923299919,0.1602781251471269,0.12125178604679053,0.12634168980787278,0.0018887795601100598,0.00995340355791247,0.8,1.0,0.4,13,2.646669616179383,5.358762389896127
15,11,0.22128533847434062,0.9129493260016887,0.9030565661287446,0.15864650337823646,0.11944089775505368,0.1254098634230646,0.00152481380542927,0.00816669329106364,0.8,1.0,0.4,14,2.84194097313212,2.694062654673467
15,12,0.22584923328224416,0.9175354283422192,0.9076390834466508,0.17424248148958488,0.11032177581696695,0.13032571604635984,0.0015692908839324501,0.00986266816865319,0.8,1.0,0.4,15,2.9770064677959214,1.6487805026763729
15,13,0.2172431263926842,0.9144866661813005,0.9088544667001779,0.16538312164708832,0.12038411519139046,0.12346606098816765,0.0016218621817185401,0.00875545157386541,0.8,1.0,0.4,16,3.7070573093871726,4.290522670432771
15,14,0.21421986464304388,0.9088806671944291,0.8982383427664938,0.18390273319389436,0.2121635366823444,0.12803253060804157,0.007669011758723481,0.01378886380732482,0.8,1.0,0.4,17,2.859440449207024,4.837927929753038
15,15,0.1986463335560656,0.8985060009453585,0.8920699579509225,0.1918847799901684,0.10710364570652661,0.1133205177697616,0.0035617821087367005,0.02328204857301929,0.8,1.0,0.4,24,2.5224405891509445,4.655425488902122
15,16,0.2650510338433082,0.9650073055602565,0.958485795852097,0.2623920941099883,0.1846139163762584,0.10995953718188439,0.01121730122408052,0.18126824930908636,0.8,1.0,0.4,25,2.754557510264891,6.0394224293487895
15,17,0.4671547631521806,1.166545012528038,1.1592336401622203,0.478598525581752,0.5080215633389397,0.09766098235654128,0.014458263064772969,0.7399648244985414,0.8,1.0,0.4,26,3.463386778611508,16.252788663476785
15,18,1.2273573783431226,1.9414833636617992,1.9472469892610882,1.2498445454983225,1.1529022017909518,0.12586589481895924,1.0,0.12210626157198372,0.8,1.0,0.4,28,3.045359581987922,8.648044644787495
15,19,0.6840802294773829,1.392438346244152,1.393550731100668,0.7103283963562927,0.6528855872662112,0.25786109695968357,0.0045493309000173695,1.0,0.8,1.0,0.4,29,3.5583769593564147,49.776762150149416
15,20,1.3127657912906234,2.0193528746332574,2.0200323915301297,1.3492128370285423,1.3120213139813057,0.1373035277850619,1.0,0.34079767849782694,0.8,1.0,0.4,30,3.7868668120030495,15.752555042523602
15,21,1.3133163100632481,2.0237551335970223,2.0286045040435425,1.360045038721319,1.2647450493368921,0.14144933928472986,1.0,0.3410169497259385,0.8,1.0,0.4,32,4.050700176226219,16.57694159941246
15,22,0.3370332056048296,1.0455015425646954,1.0500205267027958,0.38136594703495286,0.3278585232949539,0.11858639600171256,0.0678423978921532,0.2875484687803908,0.8,1.0,0.4,33,4.911352434048457,4.276194140209865
15,23,0.3122381612008444,1.0206084875593548,1.0251145929493768,0.3620915196789652,0.25482657677646636,0.12670868993500495,0.05601270986308733,0.2392685502424269,0.8,1.0,0.4,34,7.740076987082759,5.825363789391637
15,24,0.2677300491404323,0.9658226458513237,0.9652231402788899,0.32372486509514653,0.33049994119819914,0.12551834667880987,0.04594455724081522,0.17779386735166877,0.8,1.0,0.4,35,4.300127016424149,4.975364639961029
15,25,0.23842915432954379,0.9286627558438952,0.9233768677410854,0.2961700606648263,0.2365773791625426,0.06416568062725658,0.06783438270471713,0.1804540606768124,0.8,1.0,0.4,36,8.37663971624687,6.835610176979335
15,26,0.31863766231818114,1.0128037829451344,1.0156560929110499,0.3882062669730788,0.36942367445721946,0.12505504837565992,0.06921977436492097,0.27036171483887206,0.8,1.0,0.4,37,5.84523148265561,4.962400623773446
15,27,0.3156890247346352,1.007990188316376,1.0106669677104414,0.388999360641811,0.3024325779527168,0.1222685684139023,0.0685005955093857,0.27422285108449584,0.8,1.0,0.4,38,6.086370342346793,3.916650325681992
15,28,0.3265662630382631,1.0207373412104295,1.027507967956142,0.43097158912894196,0.2962820284886015,0.12286496463898783,0.07353298681889743,0.29351350432681955,0.8,1.0,0.4,44,5.149841294618611,3.8271269875604297
15,29,0.3566167492593453,1.0476642696916285,1.0541631640481164,0.4743569537116523,0.3626777556691946,0.12278910106616425,0.08172198617673057,0.353706312110535,0.8,1.0,0.4,45,4.291436497141352,3.545095818230807
15,30,0.23815129874474386,0.9296529335924639,0.9401526297317597,0.35702978841226873,0.23380021000613185,0.11191638664732356,0.05122480386068816,0.1623825536628249,0.8,1.0,0.4,47,4.292336271652133,2.916842587696076
15,31,0.282341794409062,0.973560129092148,0.9840372302843882,0.4044225167581513,0.2533773836204214,0.10577445384950208,0.057146891265605626,0.2707263732545281,0.8,1.0,0.4,48,4.359219074940604,3.779223898679679
15,32,0.8011080875119991,1.4848459282236646,1.4987449149239094,0.9538338924090118,0.7954304892808426,0.3876004042600533,0.06479418594301965,1.0,0.8,1.0,0.4,55,3.863574417313656,3.516071245980735
15,33,0.8161357446483776,1.5034271909586447,1.5215981148685094,0.9755157836644907,0.7981182632570887,0.41279848256722157,0.060236133643903164,1.0,0.8,1.0,0.4,57,3.8696013490535615,3.7849547905554735
15,34,0.8262354078550644,1.51290407027521,1.5310300535757864,0.9889439358130075,0.8076257259745482,0.4245009496956476,0.061224275998128005,1.0,0.8,1.0,0.4,58,3.811623826201674,3.896645016766135
15,35,0.849999899400151,1.5401613618942376,1.5625561986683407,1.0293260539539288,0.8304202382301009,0.45140406584335374,0.06403798806510412,1.0,0.8,1.0,0.4,61,3.736123306004666,3.7958450776509607
15,36,0.8845779067401106,1.5789675955730202,1.6056843817519844,1.0771632089699983,0.8677653211188967,0.4897671264687378,0.06820151504163105,1.0,0.8,1.0,0.4,62,3.625466904204294,3.762813863727005
15,37,0.844968776317856,1.5393380934602305,1.566053430995773,1.0512497287859124,0.8205229669487093,0.44318177701319855,0.06586846750793421,1.0,0.8,1.0,0.4,64,3.735656271939445,3.703779874314118
15,38,1.296669698541944,1.9821822683583874,2.008278860267926,1.506871865914674,1.2991702600457167,0.9925594628266404,0.08122999652690592,1.0,0.8,1.0,0.4,68,4.949279917353544,4.79880990935911
15,39,1.3015435659532892,1.983277049831221,2.0091227712954813,1.5151077791525225,1.317626835552531,1.0,0.08124551238426755,1.0,0.8,1.0,0.4,69,4.871104098252102,6.129114789447893
15,40,1.2804275880664404,1.966367256840221,1.9965352176309579,1.5010073245755082,1.2689097428832699,0.971267368968266,0.0833638479795714,1.0,0.8,1.0,0.4,70,5.128253934923906,4.270606916961557
15,41,1.2859939997384,1.9712390155695325,2.0013601542185286,1.5100180008122321,1.2736315723734322,0.9784756462954596,0.08337862453681227,1.0,0.8,1.0,0.4,71,5.126587392939529,4.439890305464719
15,42,1.2793997748723298,1.9664680125156706,2.00075965326029,1.5172129338227838,1.2748764421018166,0.9712673451606516,0.0833638493733891,1.0,0.8,1.0,0.4,73,5.108947595464695,4.545993589463102
15,43,1.2848742260185695,1.9708035210637869,2.0050207362134245,1.526147434020848,1.277435149844293,0.978475622236451,0.08337862592818797,1.0,0.8,1.0,0.4,74,5.105536454580284,4.721285140815408
15,44,1.2821412938078338,1.9630319476871798,1.9928700238773098,1.533823169139433,1.2639049099749262,0.974826058688747,0.08358986486567829,1.0,0.8,1.0,0.4,76,5.099585544087123,4.723682527996795
15,45,0.9171006033571726,1.616831303359585,1.6640989781849544,1.215114326976357,0.8997203758657789,0.4645063897846898,0.1270817160955015,1.0,0.8,1.0,0.4,86,4.795033534631835,5.465599144037774
15,46,0.8667072798723666,1.5593488723628193,1.6021063050681605,1.1842458437476653,0.8502534369343518,0.43175890693233726,0.10340711072226835,1.0,0.8,1.0,0.4,92,3.7522206359299606,5.720561977725942
15,47,0.8696444532687728,1.5595814147994935,1.6021653901713728,1.18710340711554,0.8817544507998231,0.4362692713097016,0.1034004932997024,1.0,0.8,1.0,0.4,93,3.759135176034232,6.051580137214716
15,48,0.8794474414534186,1.569631512055023,1.6122312822050788,1.2084455027851755,0.8703857346829329,0.4489676785279109,0.10298533647313476,1.0,0.8,1.0,0.4,94,3.766171026477237,6.002515291777394
15,49,0.8125586024729303,1.5000503608010067,1.5424788399920693,1.126463848594664,0.8193640117983766,0.3760578863341682,0.09505918060162231,1.0,0.8,1.0,0.4,95,5.995032602141421,6.000825032432927
15,50,0.9182747651416623,1.6089390763759033,1.6596926002472365,1.2690259775594188,0.9136985031298333,0.4075007123028458,0.17708307421340888,1.0,0.8,1.0,0.4,101,6.046728360727584,4.942460306027096
15,51,0.9287900547667908,1.6199944553972854,1.674849217884388,1.3016932876673946,0.9247536410173438,0.4250385858767498,0.17444323512605237,1.0,0.8,1.0,0.4,105,6.130864273180372,4.899368671727926
15,52,0.9092115710745547,1.6051394958876921,1.6643536920546906,1.3047799444372061,0.895992738050266,0.4161220523020221,0.16204109093155816,1.0,0.8,1.0,0.4,107,6.608970071795915,5.298482201566103
15,53,0.9075689995623274,1.6082658582359541,1.6718422917512816,1.3149967223104797,0.8941411204990483,0.4160334080260367,0.1605032300678359,1.0,0.8,1.0,0.4,109,6.648518281810649,5.304237151272472
15,54,0.8941040914865499,1.594702911372965,1.6582733784447385,1.275094946924486,0.8801592594445639,0.3909744647975213,0.16710389325683134,1.0,0.8,1.0,0.4,112,6.346255644696903,5.411837364622182
15,55,0.910822451164991,1.6152281261146193,1.6831020098252583,1.299009241435015,0.9021500987727712,0.4184938504890019,0.16202180403976502,1.0,0.8,1.0,0.4,114,6.61516155910994,5.393272838536687
15,56,0.9252928683222967,1.6231197244261075,1.6865209331404825,1.3097160004379456,0.9265995430388413,0.40975485842406045,0.18378420614705715,1.0,0.8,1.0,0.4,115,4.228325683743395,12.88628531478884
15,57,0.8297199311928771,1.519729893552039,1.5826597351168754,1.2575107923681177,0.8411199609238511,0.28395490440284393,0.190190623805446,1.0,0.8,1.0,0.4,118,6.57181047043698,6.370092042407834
15,58,0.823506592940979,1.5123904572363442,1.5752530715525044,1.2654169144701446,0.8147080695593202,0.29477988544038614,0.17549741558824858,1.0,0.8,1.0,0.4,121,6.6882610503485145,5.650812709573448
15,59,0.8332769665452726,1.5263319799784743,1.5935214992270925,1.280632901121245,0.8282045094485306,0.31631985841331633,0.168158146182427,1.0,0.8,1.0,0.4,122,6.364636647899237,4.984701663794344
15,60,0.9002184639485874,1.5910186977898082,1.6580741960315017,1.3437619913418186,0.9088698207163226,0.37653104820117617,0.1872796477363749,1.0,0.8,1.0,0.4,123,6.491565360137128,4.73953142989493
15,61,0.9017574096023481,1.591670485119475,1.6586734068002063,1.3488104592718266,0.8981558397643796,0.37864838596991995,0.18725890441466292,1.0,0.8,1.0,0.4,124,6.497407183245605,4.815764489557493
15,62,0.901633314954467,1.595646889290117,1.6669729986829496,1.3611841896826076,0.8939053808573546,0.37864838596991995,0.18725890441466292,1.0,0.8,1.0,0.4,126,6.406105205762951,5.006732007827019
15,63,0.8334813558293392,1.5189601130900563,1.5857017948581613,1.287243812339618,0.8545098379991055,0.29400173514992023,0.1873405543842015,1.0,0.8,1.0,0.4,127,6.442547331957398,4.69607680912141
15,64,0.8576043068137598,1.5491265465459443,1.6243892828187092,1.3562827649138733,0.8540079805863269,0.29020732420160267,0.215024516406557,1.0,0.8,1.0,0.4,132,7.11259837965021,5.102549372094346
15,65,0.8130976598626395,1.5075827399392425,1.5871028063317865,1.3317141956805512,0.8208042913410178,0.2709518258277116,0.1861875631485171,1.0,0.8,1.0,0.4,133,6.613845562312369,5.268521129977005
15,66,0.7969746664185491,1.4953800655022418,1.5792140651993942,1.3697546356357857,0.7875219534835702,0.26053442908306984,0.17852256728486035,1.0,0.8,1.0,0.4,148,6.411396584999732,5.124706045145606
15,67,0.7883650664073862,1.5049208641142102,1.6061526040135519,1.423612685916603,0.7796498095710456,0.2476270408301264,0.18044430205748846,1.0,0.8,1.0,0.4,161,6.265315590019376,5.044987890575273
15,68,0.9459001082060675,1.6670905217447536,1.7726771917979987,1.64480219329907,0.9364252130158816,0.45678418898989553,0.17069607232722508,1.0,0.8,1.0,0.4,171,6.421159350199738,4.634397459218542
15,69,0.9484862364264769,1.6676366772696034,1.773105462294036,1.651049562959093,0.9568855830148307,0.4603736645874644,0.17066041930397535,1.0,0.8,1.0,0.4,172,6.438064754203236,4.778619016663038
15,70,0.9482455029578568,1.667308978454587,1.7727727514653475,1.6547104458372495,0.939492889633552,0.4600382649279351,0.17069850161190586,1.0,0.8,1.0,0.4,173,6.440004255731959,4.777962458509952
15,71,0.9896592255763543,1.6983124377061483,1.7950003112851887,1.7047208824489886,0.9812752158065042,0.5160165696300926,0.1673883920320323,1.0,0.8,1.0,0.4,177,6.438385159869662,4.818377020732846
15,72,0.9886276262741537,1.7120392571286644,1.821841825392883,1.7302175209777415,0.9795334743719697,0.5147432036279332,0.1673851427302793,1.0,0.8,1.0,0.4,179,6.439818108282679,4.818316738908141
15,73,0.9897164601346715,1.7059438211839342,1.811244514915666,1.738838888839989,1.000069748555086,0.5091603842245431,0.17320300743425512,1.0,0.8,1.0,0.4,180,6.418810551075399,4.737563357337846
15,74,0.9635571322845138,1.7091087901972855,1.840627911784241,1.7957384693288438,0.954570581509386,0.4746755339597985,0.1746730996853407,1.0,0.8,1.0,0.4,200,6.429935384673964,4.737450960181862
16,0,0.8257579796179828,0.9828838956145335,0.982002756430668,0.06045188025945388,0.0,0.0,0.0,0.0,0.8,1.0,0.4,1,13.415851518816584,71.1332108496322
16,1,0.5708827397829197,1.0067690395743176,1.0035883475746532,0.12267642566772927,0.24084225471218512,0.08553646071100358,6.132729970514e-05,0.00015913061558032,0.8,1.0,0.4,3,11.399456311716854,37.47733359429674
16,2,0.5115515521035582,1.0757630499348356,1.0707792963327645,0.22141712166018784,0.4452404369948194,0.19255759485157556,0.00253677528376493,0.03997764714615541,0.8,1.0,0.4,4,14.235165042009791,40.06736049598877
16,3,0.2306242059828236,0.9218367745212989,0.9170002657712444,0.12924689970257774,0.7348767946344283,0.11691985230622214,0.0009489196936240899,0.00326317089330501,0.8,1.0,0.4,5,4.07224649681947,2.794063081377824
16,4,0.218368116828494,0.9122491783558081,0.9071183071946084,0.12902384104012501,0.11417995626034808,0.11326430227124566,0.00055985931962766,0.0018734961069094402,0.8,1.0,0.4,7,4.337927081037941,2.320765320074329
16,5,0.22136083586385238,0.9157982174133804,0.9105973696385495,0.13558810933289414,0.10741141996195357,0.11256244119650728,0.00224390246285606,0.01133807149850099,0.8,1.0,0.4,8,5.955769313512077,4.88172710623415
16,6,0.19475138305761006,0.8932717534476009,0.8873594079040003,0.1257885539315876,0.19572502149420148,0.10844966806031948,0.00064780479835874,0.0017905926533983599,0.8,1.0,0.4,9,5.406831836269819,2.355835209623261
16,7,0.18941724816105693,0.8886800240275262,0.8825425103675623,0.14974462457689633,0.0927758766172459,0.10805901577462465,0.00073430796541156,0.00181135409952251,0.8,1.0,0.4,16,7.821262758020095,4.833298353626932
16,8,0.18476158211223806,0.894465312440693,0.8968109470070437,0.15138167760965954,0.1286743151204702,0.10928921283267327,0.00072383076624292,0.0018858077634245698,0.8,1.0,0.4,17,6.981844424941774,3.9880243515565055
16,9,0.17632401163637532,0.8812401039487185,0.8786690204294094,0.1499610874319984,0.13229209964079006,0.10738998288060701,0.00416446826861255,0.00278445324524263,0.8,1.0,0.4,19,6.93272860947376,1.4217575135293683
16,10,0.15093413926221683,0.8620111412221455,0.8669802602101679,0.16877088470301016,0.12197763239401561,0.10001861790418884,0.00307575927254977,0.00601515665091518,0.8,1.0,0.4,24,7.138711775606093,2.223800853312793
16,11,0.15044877498661077,0.8660137944813583,0.8752691679602347,0.17911734134619875,0.0906189839553198,0.10096227798803165,0.0033819489651882202,0.00522022634020236,0.8,1.0,0.4,27,7.292912641957942,2.259304129859872
16,12,0.14402508084397872,0.8522528814482079,0.8567345979328751,0.18580156391148248,0.14597951753427232,0.0990272313652536,0.0032757578653283,0.006770381233458569,0.8,1.0,0.4,28,6.087337101465138,3.1576796529980453
16,13,0.15762905445731235,0.8686348962095546,0.8771828712330576,0.23339300162467655,0.10920480242859398,0.10346226855803707,0.006932299939538469,0.03225219316850011,0.8,1.0,0.4,35,7.115486173426798,2.5450130250429144
16,14,0.16302415141697812,0.8716622433027522,0.8799027188158232,0.2620353578666341,0.13508856812816328,0.10188513420146308,0.007982313565461011,0.05528184564240749,0.8,1.0,0.4,37,5.74643331799601,1.4411909623231471
16,15,0.15997194174938084,0.8722445659835026,0.8847029425550401,0.26907808077536094,0.1219297179385942,0.10501186261834466,0.00730319548053691,0.04735397644728857,0.8,1.0,0.4,39,5.234426946576622,2.1844057155939387
16,16,0.15798166155617419,0.8688976894142052,0.8811994212423185,0.26226296715873665,0.13386721759820405,0.10229780308714147,0.00648810419977284,0.05405960317573995,0.8,1.0,0.4,40,5.680867131091432,1.3601863104372012
16,17,0.1593856659228167,0.8705432313595863,0.8867260032476781,0.28137815466708,0.1900634602913823,0.09747406671735823,0.009242935527379691,0.07246536888394514,0.8,1.0,0.4,41,7.5069887063375615,1.6016646128715533
16,18,0.15296589370483013,0.8657294991757316,0.8859549660645918,0.283315439899342,0.1384999212216177,0.09068165103861338,0.00943079061902996,0.07722653436963613,0.8,1.0,0.4,43,8.587331202769498,1.836490702275011
16,19,0.1528846674609392,0.8520653353331811,0.8671601842858506,0.28006481226254243,0.2328126764422711,0.09570926215560882,0.01108020950285969,0.07804077255833461,0.8,1.0,0.4,44,7.129000288284159,1.6542574834311483
16,20,0.14845057660645672,0.8488316984894864,0.8679962621821863,0.29851864904917047,0.13917961698260167,0.09781144905111723,0.00943437177073636,0.07223526290398244,0.8,1.0,0.4,46,8.752664232736386,1.5567145951025978
16,21,0.14778969256273264,0.8526305273971948,0.8761292611970766,0.3143262134459359,0.11815393913986243,0.09813603130809828,0.00902021793706791,0.07164487568920844,0.8,1.0,0.4,49,8.901992512845545,1.6066818619108307
16,22,0.1498667375123327,0.8373978910293075,0.8555861748373765,0.31873904712269874,0.26585513498788854,0.09763381761126654,0.01534765562926697,0.07663476103972645,0.8,1.0,0.4,50,7.800638372448715,5.684399078506219
16,23,0.15403108837680185,0.8445720451397108,0.8669939029840241,0.3328459199601297,0.13962375955652753,0.09835892251153067,0.01798622420867087,0.08093455837409065,0.8,1.0,0.4,52,8.070819707042821,6.4139967637982265
16,24,0.14693124387124742,0.8346776675737843,0.8569013065249754,0.33963623956914585,0.1304863475782197,0.09775116866589292,0.014976964125732009,0.07456348408167691,0.8,1.0,0.4,56,7.165861463275996,5.597577471270992
16,25,0.14643335013896064,0.8331205910378324,0.8552698901488597,0.34262798785771525,0.13413237482009055,0.09793441764461613,0.01494483050725011,0.07399510693168121,0.8,1.0,0.4,57,7.180004603026461,5.898495587195742
16,26,0.14536218261035494,0.831220536614453,0.8533118592547139,0.3450369865132983,0.1309175418836704,0.09772766682790202,0.014208634559345882,0.07431391620223413,0.8,1.0,0.4,58,7.371521671483516,6.176152950686896
16,27,0.15433883804725593,0.8526982650602615,0.8756943599617014,0.35281335019994614,0.18804159374318435,0.09916173616949481,0.01752873753212899,0.07290134931560081,0.8,1.0,0.4,59,7.783408908837885,5.766401926261815
16,28,0.15447962288119713,0.8570125675684355,0.8843236143098387,0.3633297132010291,0.1340368801831415,0.09644459566522592,0.0194839748756167,0.07469238028385464,0.8,1.0,0.4,61,7.754291049241979,5.86762568375921
16,29,0.15447962288119713,0.8570125675684355,0.8843236143098387,0.37017631264481643,0.12651670468200676,0.09644459566522592,0.0194839748756167,0.07469238028385464,0.8,1.0,0.4,63,7.754291049241979,5.86762568375921
16,30,0.1536934967965416,0.854306314027045,0.8814742655667902,0.3764819320345678,0.12977698669394316,0.09644808143392591,0.01955659104001438,0.0746872536706604,0.8,1.0,0.4,65,7.71805504388912,5.818144748119385
16,31,0.15477032071836144,0.8639312641406373,0.8957424501127823,0.3840262319260313,0.12633054975750127,0.09599146249846428,0.019003600316396578,0.07556247710069107,0.8,1.0,0.4,66,8.13890236253251,5.738236411265673
16,32,0.15053081626254342,0.8379548949640502,0.868224122808615,0.3953364645645437,0.13076269468375934,0.09783032864304583,0.01908976347643315,0.08161139424564705,0.8,1.0,0.4,69,7.431654774982592,5.837504997685615
16,33,0.14789730866647754,0.8289907447316648,0.8588421144079588,0.40674180994560877,0.14492185574299687,0.09518221506372897,0.01840475541294705,0.08650195692476739,0.8,1.0,0.4,73,7.182214619220288,2.987163489426984
16,34,0.1479830336044627,0.8239471314455159,0.8494134541341386,0.41006529837924394,0.12964500833562886,0.09512439793433654,0.01858686511178651,0.0864979856596203,0.8,1.0,0.4,78,7.174994710655481,2.992992512412233
16,35,0.14694421898663212,0.8227045410831116,0.8481575914525864,0.4090229832722835,0.12931824604265077,0.09510213720205998,0.01843140355148765,0.08446928529525974,0.8,1.0,0.4,79,7.189947234052678,3.125927871644904
16,36,0.14802035496257293,0.8282366666903996,0.8580309012406506,0.4205072486385894,0.13673011488402886,0.09525072491457617,0.01860142326840699,0.08676273584739258,0.8,1.0,0.4,80,7.207525218148173,3.010154855246136
16,37,0.1487348857498473,0.8285708589913945,0.8542913891940456,0.4455413228167232,0.160750103978114,0.09523282054036715,0.01843769204514588,0.0858682347260423,0.8,1.0,0.4,81,7.1264382663578765,3.039718139841526
16,38,0.14905471486836003,0.8449253135787393,0.8919455427177723,0.5335087072265879,0.13200792212210732,0.09681890218717625,0.02126572346305341,0.08216635244159397,0.8,1.0,0.4,98,7.738242925623246,6.195941988947546
16,39,0.15115937007219035,0.8516866431779239,0.9030614381564178,0.5547627299534236,0.13657315717947713,0.09802869364202135,0.022850293981892582,0.08122371970623186,0.8,1.0,0.4,99,7.073126106820386,6.270469410566441
16,40,0.14809541637594606,0.8423261055672085,0.8892415905223384,0.5468884970182368,0.13536575383297672,0.09649285921269153,0.0209677781580791,0.08215173985536392,0.8,1.0,0.4,102,7.744984210165537,6.251713976392147
16,41,0.147809739014633,0.8468053913323488,0.8980824442891073,0.573190408522701,0.13121914133328183,0.09703754987886734,0.02182353916179628,0.07831663188273497,0.8,1.0,0.4,106,7.544145942566615,6.817885711798238
16,42,0.1486206047333532,0.8465514350278092,0.8977608274835998,0.595788432017475,0.14207306138277337,0.09761754215960265,0.02245632876751715,0.07822576675718808,0.8,1.0,0.4,107,7.465663865670312,6.125150034104268
16,43,0.1446741626751125,0.8519120935507364,0.9118305966405297,0.6209229000609651,0.1289675740622538,0.09468358536098723,0.01966277763362095,0.08155058326355957,0.8,1.0,0.4,113,7.688390837632862,6.498845668397671
16,44,0.14433032153036213,0.8486783717464106,0.9084147226200839,0.6313604098291611,0.13751658126055763,0.09482051385171304,0.01996856672289215,0.0812741110525249,0.8,1.0,0.4,116,7.765478531325765,6.509492594788759
16,45,0.1433827139234169,0.8414085286387625,0.8966856002719084,0.6448936632948137,0.1298554660044338,0.09487173154453685,0.01929747319291624,0.08122488648174635,0.8,1.0,0.4,122,7.809508868500277,6.614809246287033
17,0,0.8517726768536802,0.9852344806622022,0.9844743682403798,0.0608949092983991,0.0,0.0,0.0,0.0,0.8,1.0,0.4,1,10.272930679650049,60.40536682805915
17,1,0.6229982756923318,1.0145769423299462,1.0118583061069526,0.12348440710093721,0.21548272114173456,0.084061784971018,8.240493586971e-05,0.00013904284738077002,0.8,1.0,0.4,3,6.609955032025777,38.18344968870281
17,2,0.5057957373711328,1.0144709950488378,1.0103799865919434,0.1466135930351976,0.301494092122854,0.10967561617877261,0.00252574199615922,0.00918500616774527,0.8,1.0,0.4,4,6.266799605199009,39.91020535403936
17,3,0.41485436982875123,0.9781198151673155,0.9731533389688948,0.12502500497599817,0.2069788068650838,0.0928936045249409,0.00016170435215727002,0.00029496869337414,0.8,1.0,0.4,5,4.002286685302066,20.341634589852948
17,4,0.31472875806568085,0.9408685155715292,0.9344872856389544,0.11216571336753994,0.2787858641657993,0.07832748592738352,0.00128410746784545,0.0021998831375434997,0.8,1.0,0.4,6,3.63203201179267,3.682400079390329
17,5,0.2866559275607611,0.9457156309506213,0.9428629474943588,0.12672435800270979,0.21666876046538727,0.09901114686668991,0.00114842970688584,0.00193775936813457,0.8,1.0,0.4,7,0.8741159469455011,8.221393354440647
17,6,0.2359697222016077,0.9100314269847337,0.9017482380825137,0.11363658356270762,0.22303070695680213,0.08481498215683572,0.0017950161681085299,0.0032186532429094596,0.8,1.0,0.4,8,1.6606724611499235,3.978785461711314
17,7,0.2825452112166566,0.9586983075558835,0.9502947796274017,0.18937096345186236,0.13136778881379885,0.11901735223188166,0.01730702002356438,0.02354482560541945,0.8,1.0,0.4,10,2.6543884233606776,19.6182650146707
17,8,0.220237987148303,0.9001378661416968,0.8914680539899866,0.11890777399944301,0.10815935570712616,0.08231725989449977,0.00158752656434018,0.0027737077378181497,0.8,1.0,0.4,11,2.0565505254114145,3.912949081277283
17,9,0.21806044099415273,0.8984032464135847,0.8897007354608748,0.12788188918379395,0.07239822184372346,0.0806332138002489,0.0016508205039467,0.00323598845258445,0.8,1.0,0.4,12,2.081131175619632,2.743920660062792
17,10,0.20890190150169974,0.8990200185713358,0.8942894452620557,0.12722656902431906,0.13159379903702106,0.08486811256725312,0.00176888517232973,0.00313031180507138,0.8,1.0,0.4,13,1.4422378929211448,5.937657138610438
17,11,0.23560461361348153,0.927407301613991,0.9174911613248591,0.1959379238083884,0.1814663729283299,0.11747694724001805,0.01707610338609858,0.02243256324493237,0.8,1.0,0.4,15,1.622011967838446,16.49269461073607
17,12,0.22673917262837406,0.9201776127502823,0.9099265017073257,0.20191387122276894,0.16996030279568347,0.11283644203047637,0.01824746798007518,0.026980265381248807,0.8,1.0,0.4,16,1.645387666883707,14.152095225990408
17,13,0.2065386079935652,0.9016447579836109,0.8905845530115375,0.2091980656687392,0.15728010497511252,0.09891329490073353,0.023229326373297148,0.035330146064301696,0.8,1.0,0.4,19,2.300607867894273,15.231725348668633
17,14,0.49041362674858724,1.199806131372584,1.2023181803452816,0.492481992617465,0.40900396715238074,0.08013297033784714,0.11291313035130304,0.5349944663516404,0.8,1.0,0.4,24,2.311666358218498,122.83970219792124
17,15,0.523311911180314,1.2289752067351931,1.2372967595755209,0.5049724087498468,0.40585449294685144,0.08239966017961618,0.11182724307476768,0.5239766289488326,0.8,1.0,0.4,26,2.3399037070393995,108.33693736711072
17,16,0.321899960975211,1.0305105565699884,1.0316991786484013,0.3699242646587826,0.25387031573844115,0.09462293870184205,0.090509500542307,0.20305568760660053,0.8,1.0,0.4,32,1.3139931985821338,1.927313867931631
17,17,0.24848495115856994,0.9535102777961575,0.9511254050414168,0.27839605399116074,0.17912462831728698,0.10123300907612659,0.04644710488528853,0.08102387569548229,0.8,1.0,0.4,37,4.780163287164554,25.25223352295149
17,18,0.23786122343726712,0.9475837291103433,0.9492586218152885,0.2813817240411223,0.19298261096424585,0.09535862502326095,0.044900080627338114,0.08467539709215706,0.8,1.0,0.4,39,4.5432554906504805,24.771138371247496
17,19,0.22269907753203372,0.9311414301669166,0.9322784914387584,0.29726952583795235,0.1650081514565519,0.09465718317379535,0.042779687061876084,0.07639239756503716,0.8,1.0,0.4,42,3.9831478908618583,22.90907873989729
17,20,0.22657741525937267,0.9402239762197516,0.9458136851057394,0.31261430728669226,0.15547639679085284,0.09438143674580268,0.04321493162936778,0.08233329794671099,0.8,1.0,0.4,44,4.063365168224405,23.2445659715074
17,21,0.23498330335119888,0.9427965613245769,0.9437617040203304,0.3259334177577028,0.17867439544981983,0.10599636929108851,0.045231780966382626,0.08507117932185729,0.8,1.0,0.4,46,4.105699697922083,19.535165140621565
17,22,0.2354698061685363,0.9491077612193195,0.9546944971068059,0.33632778558093784,0.17527574424861248,0.09869444634624103,0.04753686840417507,0.08525791684018116,0.8,1.0,0.4,49,4.719150728712921,19.532828896901854
17,23,0.23767689276435644,0.951170984391764,0.9567124302401432,0.3390766391105262,0.16470154736971324,0.10208558223078712,0.04706459953675563,0.0870147343616121,0.8,1.0,0.4,51,4.640418313708138,19.41848733442688
17,24,0.2767150598461186,0.9940690997155504,1.005866511202375,0.36893443176360413,0.23590036202907416,0.08642284301149437,0.0559566189379234,0.09955090470268978,0.8,1.0,0.4,52,3.8811734424063,12.254050792972842
17,25,0.2844610928012429,1.0053374495494483,1.0217604186757152,0.3973645304954535,0.16944515432404783,0.08669166895971853,0.05741613012456195,0.09891032999627396,0.8,1.0,0.4,57,3.9256838745178806,12.135686871347335
17,26,0.2881149184911505,1.0090681675452025,1.0254790581489917,0.4077085168570059,0.1703668792184344,0.10036457791204163,0.054646462548527716,0.08840181072004226,0.8,1.0,0.4,59,3.904669054217445,13.599095480670266
17,27,0.26874370290145977,0.9971015540688526,1.0173865309547994,0.40863966288496556,0.20457889618439523,0.08687413296869811,0.05476844558581796,0.09703113730102644,0.8,1.0,0.4,60,3.94584659325118,11.743553545708924
17,28,0.3092014397342304,1.0481738775565606,1.076968165824563,0.4707100252153089,0.2213190813534993,0.10613733895252776,0.07324323868947341,0.12677346738554982,0.8,1.0,0.4,64,5.066816969528994,9.725221080419036
17,29,0.31825419771822827,1.0620647340543237,1.0952746536253322,0.49619885154986476,0.25746385892649515,0.10755372672990535,0.07550918829758564,0.13857180335394048,0.8,1.0,0.4,65,6.338660442562031,11.707280100459986
17,30,0.31227222120525366,1.045113803010547,1.0698900354326164,0.4735380211118796,0.2116559080130648,0.10560448639957828,0.07353064129507661,0.11459231456562405,0.8,1.0,0.4,66,5.95845355650224,14.998438175480423
17,31,0.3155195845760553,1.044747050708635,1.0647305170317258,0.48701494233571224,0.2304919682145677,0.11095391112801305,0.07447187336604107,0.13336889119256548,0.8,1.0,0.4,69,6.154585608353562,8.920874918106877
17,32,0.3110014953957958,1.0451553670075096,1.0695215186052551,0.4997308822392098,0.21302025156628407,0.1104473266571326,0.07199743030551464,0.1287583814443658,0.8,1.0,0.4,71,5.932124309760659,8.481769527866398
17,33,0.3328834937475602,1.0665655455819165,1.0911114287850459,0.5250714407430439,0.23629528944892633,0.1099884406347765,0.08438625715418624,0.14350235503707723,0.8,1.0,0.4,73,8.485876656384933,14.895305482371104
17,34,0.3422555805599259,1.0845160512278464,1.1181442090026945,0.5592538145597992,0.24316135617547915,0.1122925356887747,0.08567534445316143,0.13949777123404455,0.8,1.0,0.4,77,9.975592009643885,14.377593836472071
17,35,0.20928604188979072,0.9237495544154641,0.9639639373219527,0.5409375003317805,0.18548420989447778,0.10409964030258237,0.054041802332211675,0.11322522893137903,0.8,1.0,0.4,92,4.032973561742271,6.844443825037901
17,36,0.20928604763391734,0.9237495416027314,0.9639638913636709,0.5549948417714677,0.1826120972877742,0.10409964385852569,0.054041803455471236,0.11322523415803558,0.8,1.0,0.4,94,4.032973574854314,6.844445506582322
17,37,0.21374957185484106,0.9004568197958562,0.9185853417589165,0.5225979606055684,0.21519355507407864,0.10396764035150732,0.06747114779835556,0.09420742218473886,0.8,1.0,0.4,95,3.667218218902025,19.136954907988265
17,38,0.20069992774208228,0.891007871895035,0.9134131895365224,0.531753385405429,0.18292289012072402,0.10717118603542078,0.06033319936816091,0.07433579929737413,0.8,1.0,0.4,97,3.769788487172483,19.72437486625353
17,39,0.19987913909274335,0.869945522266419,0.8869279764578802,0.5260431452736992,0.3401214314446698,0.10536630800673416,0.06002079697105935,0.08941455538503759,0.8,1.0,0.4,98,3.868943836682036,15.873861270762507
17,40,0.20009726569788777,0.8749127256586315,0.8962552565140358,0.5317470550338134,0.1810173883703235,0.10600421667224488,0.05961370291894572,0.08984306983352981,0.8,1.0,0.4,100,3.8721473815908993,15.705845850989238
17,41,0.20621444326522023,0.8741984035470606,0.8910435785217595,0.5357012280368901,0.20767919315258002,0.11246914918171058,0.06092891637709935,0.0902379052280802,0.8,1.0,0.4,101,3.977225376647766,16.07541663134902
17,42,0.249231007041823,0.9753363585288586,1.0124811695883456,0.684169087307593,0.21396890215699338,0.11218792581484639,0.07910387073397848,0.11242113691312092,0.8,1.0,0.4,127,1.8552911241858536,12.020167639386916
17,43,0.249178334367965,0.9702972927693817,1.00306554574378,0.6846555613989137,0.21386214284948446,0.11218808690305254,0.07908700906394253,0.11239714718623994,0.8,1.0,0.4,129,1.855588341935024,12.022293264138316
17,44,0.24781031015226812,0.972873639558177,1.0099293312713855,0.7004073710066421,0.22405268819972968,0.11662183603516715,0.07106679011372126,0.12181667073003925,0.8,1.0,0.4,132,1.9143835571696048,13.125216752277908
17,45,0.2092881535255993,0.9090777206960724,0.9604053909122121,0.7802185145480803,0.19736902960687755,0.09687004411898889,0.06344024653153117,0.12783316906110437,0.8,1.0,0.4,143,1.3999253050934308,3.829513773868039
17,46,0.2219208546935459,0.910127940358945,0.9566633833132259,0.7859689351098146,0.23469611968652385,0.10689823651128336,0.0632110465012635,0.14369300314239156,0.8,1.0,0.4,145,1.645736565839419,6.261699085521613
17,47,0.22423592512150262,0.9176049895057364,0.9685270400345235,0.8094419489265734,0.20892558889142673,0.1086544848787534,0.06493423316627463,0.1415453288735511,0.8,1.0,0.4,147,1.6270271285801794,6.478785070052607
17,48,0.22006698510042785,0.9078389764500081,0.9624837717227168,0.8111068693365109,0.3095939611275957,0.09744213295119356,0.07214579492716341,0.14074495161470926,0.8,1.0,0.4,148,1.2248759932116018,4.330551263931744
17,49,0.21975616018689864,0.9107047604178095,0.9696155828785805,0.8429148816931494,0.21550876350742243,0.09744213295119353,0.07214579492716341,0.14074495161470923,0.8,1.0,0.4,150,1.2753722578024078,4.367665445974534
17,50,0.21969650483714295,0.9152523361097128,0.9785157105516052,0.8604071655496703,0.20884728953676518,0.09744213295119356,0.07214579492716341,0.14074495161470918,0.8,1.0,0.4,152,1.3249810392082866,4.405359195297771
17,51,1.1564846991031363,1.8567951139421168,1.9284955764690364,1.9611092483380301,1.1452541736747264,0.10311364734563366,1.0,0.15390656023447463,0.8,1.0,0.4,198,1.1063894326240258,7.351765357910237
18,0,0.805153373178903,0.9802226871634331,0.979204582153101,0.05979102570541122,0.0,0.0,0.0,0.0,0.8,1.0,0.4,1,17.084092021201727,54.35002478818318
18,1,0.5950142690957095,1.0052164804885573,1.0023103281791625,0.11696265744948146,0.20443020294929287,0.07692629688429728,7.101201924499e-05,0.00014195266897027,0.8,1.0,0.4,3,9.789346840761857,35.39276204032257
18,2,0.4983918852317173,1.0361200858454742,1.0315904848768251,0.17489814783383473,0.3696247005679076,0.14486657638357697,0.0025398439374314597,0.014188547797020959,0.8,1.0,0.4,4,9.9924696897499,39.94336462344948
18,3,0.24250609130646122,0.9204088518635094,0.9165645388501389,0.11280127609523112,0.6328145582016916,0.09148892624655264,0.00105437260375777,0.0021076855268146,0.8,1.0,0.4,5,1.7298420753793509,5.923150934885385
18,4,0.24431135204060486,0.9241572472387578,0.9201960967625383,0.12322522647643483,0.08993930689336525,0.09884584864832431,0.0011207208620655899,0.00227236476657305,0.8,1.0,0.4,7,2.594701894534728,3.404420383186262
18,5,0.22909213007756513,0.917263487768296,0.9127060355439861,0.12927289979074652,0.13088932522666968,0.10579814208484983,0.00061478547798422,0.00135715069712576,0.8,1.0,0.4,9,1.8429943872015715,1.910268907674376
18,6,0.22861697740262468,0.9169471071295832,0.9123761796281784,0.1327996058895632,0.08777923517270793,0.10567878695758294,0.0006374849451749001,0.0014025268177625199,0.8,1.0,0.4,10,1.883983019665906,1.8461488527045813
18,7,0.2289336916056335,0.922429741791729,0.9222132642636628,0.1373471079413691,0.0894750752110692,0.10672801997720133,0.00066536485327941,0.00148364305801649,0.8,1.0,0.4,11,1.9722188573009931,1.6802239088908888
18,8,0.22506304871558622,0.9105717117258934,0.901450295762443,0.1423582731491888,0.10012224448372734,0.10724069084721423,0.00082664135094285,0.0028450815929583597,0.8,1.0,0.4,13,2.840629049108074,2.045891469207424
18,9,0.2217969723050031,0.9127902728807652,0.9079755691395179,0.1494670244993662,0.0956166580474627,0.10639075656663856,0.00063130060823462,0.00144037554417876,0.8,1.0,0.4,14,2.009417003359849,1.495031738029508
18,10,0.220953543067465,0.9127271663974088,0.9078352214142134,0.15670956387366367,0.09952552456827882,0.10724069084721419,0.00082664135094285,0.0028450815929583597,0.8,1.0,0.4,15,3.169080545304053,2.0020042288269804
18,11,0.2110637244218528,0.9002491582429235,0.8907141868648739,0.14274177089773757,0.12620182005978714,0.10436714096725233,0.00105572527682945,0.00229717430316393,0.8,1.0,0.4,16,1.689836262422699,1.576025504422702
18,12,0.21160946328458777,0.902592315779254,0.8928092223592521,0.15344383628728464,0.13015929500654433,0.11190559149525342,0.00130135042241601,0.0045162356629376,0.8,1.0,0.4,17,2.8044884735184588,0.9380670520140076
18,13,0.19838919433519492,0.8962690372731882,0.8905082855106975,0.15664967723887024,0.11469806254292875,0.10544214420117257,0.00166865581348668,0.0053846080511383,0.8,1.0,0.4,19,1.972826491979195,1.5562638625472922
18,14,0.19265627345950678,0.9013696276820355,0.904121206144649,0.1944454216589314,0.09235124008420809,0.10339580063155526,0.0025638455380952202,0.006618704711566931,0.8,1.0,0.4,27,1.995709170984924,1.504166405767695
18,15,0.18036203958122865,0.897495058081151,0.9045612643519046,0.1726968593025329,0.09584427160626105,0.08090914056774226,0.009919181682908711,0.01399172772184277,0.8,1.0,0.4,29,1.937681552609457,7.115746108511354
18,16,0.15474775273373992,0.8682468174206871,0.8737684632782324,0.17369579794738815,0.18695318355086005,0.07734644788888446,0.010812606136162129,0.020772133123218038,0.8,1.0,0.4,31,0.7587819735856874,15.384798188991525
18,17,0.14884605939027487,0.8580673114191035,0.8627078955077383,0.17681941664886236,0.2205071506796783,0.08255323991702804,0.01620872165465414,0.014207869089439709,0.8,1.0,0.4,32,1.3944168252582203,20.763014078206133
18,18,0.1500294003690568,0.8586066435737572,0.8631446844454936,0.19292442129873857,0.09563678780431327,0.08542178583352358,0.01630390854884481,0.01456106953112005,0.8,1.0,0.4,35,1.7956937080206383,17.212882849065355
18,19,0.14287118401817867,0.8539631040131374,0.8625226880200804,0.17464325528634247,0.14087500684946516,0.0823854966854438,0.01599575971270855,0.01450311594748587,0.8,1.0,0.4,36,1.4566519914467944,18.182812703303547
18,20,0.13446608893995005,0.8327625269626477,0.8356267394662313,0.20715675697100633,0.16481723247998994,0.0731674016172128,0.0297584018761921,0.022109692949407612,0.8,1.0,0.4,40,0.7505646683926855,8.924715133596957
18,21,0.14165318345168523,0.8454955491409653,0.8609930947909068,0.22446838792938603,0.10723229594435728,0.07863139717205073,0.02861587058842751,0.03237686708010769,0.8,1.0,0.4,41,0.46384554177741,16.01758672047994
18,22,0.12166419794186638,0.7862805653505673,0.786751917003363,0.19967606067051022,0.3854856698092752,0.0731674016172128,0.02975840187619207,0.022109692949407588,0.8,1.0,0.4,42,0.1975237319454353,10.67466334514701
18,23,0.12166488901133862,0.7861153589452085,0.7865749265944127,0.1965959592424258,0.09809060796253431,0.07319529609567986,0.02978809245329403,0.02213884267800057,0.8,1.0,0.4,44,0.1991759847453745,10.59958021307546
18,24,0.11757819825260826,0.7719779295733411,0.7717430154840895,0.18523237949684476,0.20158156421038415,0.06986117421866182,0.02607886465442947,0.03646332999772809,0.8,1.0,0.4,45,0.1822485603138293,3.485861570727619
18,25,0.13180269507176437,0.7819382586524872,0.7814122242714823,0.21051017767070918,0.13588528800707614,0.06345722850565168,0.04566666703625723,0.03933981884069003,0.8,1.0,0.4,47,0.2620365690310035,4.490841831998571
18,26,0.1281846235062377,0.7503070953533999,0.7480186870569381,0.1940590193639545,0.3788837369349011,0.06461532369340095,0.04533582541971868,0.04435947939430017,0.8,1.0,0.4,48,0.056614839046194,1.6843812464384027
18,27,0.12446827193760093,0.7461030631166602,0.7437862563460809,0.19024235004004836,0.11276862574847732,0.06561202777891167,0.04279486915761687,0.03958677263941167,0.8,1.0,0.4,50,0.0258266395411006,1.73038367953717
18,28,0.12446786060414759,0.746100307890846,0.7437833694048629,0.1902417169833814,0.11112991778609385,0.06561202777891167,0.04279486915761685,0.03958677263941171,0.8,1.0,0.4,52,0.0257976870712257,1.7300949064617448
18,29,0.12275065629027411,0.7466338712739237,0.7485273170362645,0.2121293112806159,0.11807339233434021,0.06335521092309152,0.04291216029593981,0.04067877701784902,0.8,1.0,0.4,55,0.0314106104446696,1.643570975114002
18,30,0.12272847382071445,0.7461504397791,0.7480161432357262,0.217718014087438,0.11412015267877534,0.06354591607800118,0.04285035943877217,0.04059085030104296,0.8,1.0,0.4,56,0.0293795967748477,1.5852069296054965
18,31,0.11803723875123057,0.7375223162639558,0.7391522779700727,0.212666269435855,0.1415598183553353,0.06539378647452926,0.039221165224805746,0.035846716672607096,0.8,1.0,0.4,57,0.0449149341381718,1.6183429539376113
18,32,0.12433846227514757,0.7399873819577588,0.7413894976632355,0.20982731706112287,0.14718729574698625,0.06597448598733245,0.0435572175188794,0.04107156891367303,0.8,1.0,0.4,58,0.023842665977723,2.2356211156207246
18,33,0.12334021362901905,0.6788302137909775,0.6768226743329209,0.20588444287821708,0.6335288987232575,0.06563876630401505,0.0483333830368797,0.042494145593019825,0.8,1.0,0.4,59,0.0313713986620143,1.4707342487973023
18,34,0.12328098295189978,0.6778612140821256,0.6758037921508385,0.20566174905685092,0.12159411023049542,0.06563876630401505,0.0483333830368797,0.042494145593019825,0.8,1.0,0.4,61,0.0291013454366732,1.4434631362555552
18,35,0.12446014872035244,0.6738774440203934,0.6715371080985345,0.20600268740091002,0.14121996118123567,0.06525033365271082,0.04937014061227729,0.04445892726764774,0.8,1.0,0.4,63,0.0301275190326293,1.3304112269306652
18,36,0.1244601618860101,0.6738774044787906,0.6715370653516581,0.2060026928614989,0.11935466076708547,0.0652503292954329,0.049370152156647876,0.044458949802842804,0.8,1.0,0.4,66,0.0301275254731025,1.3304103681686643
18,37,0.12571441425289587,0.668021099427784,0.6652934802233422,0.2091595908690971,0.14046857469458596,0.06525147724474731,0.05103607512231445,0.04445868459453029,0.8,1.0,0.4,69,0.0309609969354679,1.3258417850147208
18,38,0.6104105923469815,1.150981929793302,1.152265298172245,0.701483414969908,0.6120876495315914,0.06529461709190698,0.5360448640072065,0.044473461010873225,0.8,1.0,0.4,78,0.0319856909310199,1.6168814137453922
18,39,1.0742650670868479,1.6128088703406758,1.6139825592044177,1.1706507623247264,1.0866369517819179,0.06529638761053314,1.0,0.04447539136944142,0.8,1.0,0.4,79,0.0320435516616262,2.1235157072939077
18,40,1.0741851597487286,1.6110986960164062,1.6121843563435319,1.1702578327456916,1.0733225799519397,0.06529638761053314,1.0,0.04447539136944142,0.8,1.0,0.4,83,0.0296758780658131,2.1170156693733864
18,41,0.164802977253036,0.6984839150104027,0.7076095420109275,0.28491433322474524,0.17459363930838012,0.06268035280199871,0.07281401176382814,0.09570298890695657,0.8,1.0,0.4,91,0.0894535746055352,205.82830953902493
18,42,0.167894726286428,0.6973036328390494,0.7062003926431971,0.29684079699469035,0.18180640124806147,0.06248506569081867,0.07724128875284678,0.09318901734684973,0.8,1.0,0.4,93,0.064008750631551,194.9069395846149
18,43,0.16549893405326407,0.691371304736086,0.7000789408837348,0.29690672915239036,0.19084393580141104,0.06267396344526353,0.07486995835750468,0.09309297087784107,0.8,1.0,0.4,94,0.0670495632655057,194.721861399922
18,44,0.18141114188903276,0.6936844581168364,0.7098890214290667,0.2846305314190237,0.2167259832266273,0.0761056345365468,0.07569582604146491,0.10588786474731549,0.8,1.0,0.4,99,0.0298492924371777,229.9945908794431
18,45,0.18141114393611973,0.6936845241667704,0.7098890942528093,0.28463054521507775,0.17893694191424545,0.0761056345365468,0.07569582604146491,0.10588786474731549,0.8,1.0,0.4,101,0.0298492660362415,229.9945584347583
18,46,0.1819914111504515,0.6928426818967781,0.7089719597641839,0.2907412460133411,0.19093393938831169,0.0765920614346743,0.07590497002657028,0.10594381017219276,0.8,1.0,0.4,102,0.0303697726832978,232.505777905238
18,47,1.1088299779963406,1.6246507533771397,1.64515335954295,1.2615685101887857,1.1073307191566213,0.06786784668714228,1.0,0.1302992088551288,0.8,1.0,0.4,108,0.0186881527216076,198.56220730580532
18,48,0.18533869092762878,0.681177542766236,0.7006266527211339,0.3035988144807702,0.3375869564689565,0.07585107020952746,0.08326387372370193,0.0986513390245505,0.8,1.0,0.4,109,0.0460992422569655,193.9985602299912
18,49,0.17780428738883197,0.6694463661064685,0.6886747835362297,0.3456913238281629,0.18257374546023714,0.06977635410867014,0.07930458950900168,0.10208856187025657,0.8,1.0,0.4,114,0.0249622140783305,200.5771331752881
18,50,0.17361936408880768,0.6646338270958854,0.6838292365073116,0.3550788611209904,0.17349162711464355,0.06931949982431171,0.07573928819035025,0.10148709015861072,0.8,1.0,0.4,117,0.0269812480735735,200.8996654430975
18,51,0.3684653131027567,0.8469016936211595,0.8613231471053657,0.5244125729879106,0.42779754169380163,0.06912873286685774,0.2690754823794455,0.10602924955887479,0.8,1.0,0.4,118,0.0216376381210072,204.9293494823221
18,52,0.3684464344438929,0.8455096198062636,0.8639729155204459,0.5299034368698242,0.39165228060471247,0.06918128854636467,0.2690181850154466,0.10630965340096857,0.8,1.0,0.4,120,0.0206033232010146,204.74874320892783
18,53,1.0750881045962908,1.5490817461209043,1.5673842502485968,1.2389788063863687,1.0776359656576218,0.0692805299196591,0.9750614445686467,0.10774194945785473,0.8,1.0,0.4,126,0.0254284986780167,202.86564995245536
18,54,0.3048385721903748,0.7849671876338324,0.811819096053743,0.4986644080371261,0.3111612930209403,0.06853151553247037,0.1986203805294884,0.12488410051014612,0.8,1.0,0.4,130,0.0129515569610437,204.63724603657087
18,55,0.30482696295287587,0.781219913063349,0.8078765171732486,0.49784664940603474,0.3319584952732658,0.06855365034852136,0.19860506464051783,0.12499446878982437,0.8,1.0,0.4,131,0.0183812751875652,203.4289458149185
18,56,0.3047978977860071,0.7793018324185687,0.8058596948367295,0.4974061080828025,0.3181465833382151,0.0685536503485213,0.19860506464051778,0.12499446878982437,0.8,1.0,0.4,132,0.0144910253388278,203.9730276801444
18,57,0.46457801107627195,0.9516178109025032,0.9911746768740716,0.7028912959626362,0.46586204309835627,0.06850377848566018,0.31701900120787846,0.22859757877836362,0.8,1.0,0.4,139,0.0089034009611238,203.95948768171547
18,58,0.4649162880094743,0.9514397117034228,0.9950843869162319,0.7127347465701726,0.48525633787270234,0.06825270838512819,0.3174769868924081,0.2289997584040441,0.8,1.0,0.4,141,0.0085404844385472,203.74823452551016
18,59,0.4668693701914507,0.9523890214411237,0.995981283256685,0.7363201595822009,0.46832448173211744,0.07028824964121494,0.31767556700731464,0.22935068697320773,0.8,1.0,0.4,144,0.009594128805599,204.094341501506
18,60,0.46680163194219326,0.9535393506249223,1.0013101940183384,0.7354561353930985,0.49494711994873436,0.07028740769852701,0.31763554639939107,0.2294101120796185,0.8,1.0,0.4,145,0.0100148930923698,204.38703147662767
18,61,0.4671199653847466,0.9533167415120896,1.0010593633258646,0.7356648005259041,0.4702391035747068,0.07011327378558632,0.31802014932263656,0.2296108151759635,0.8,1.0,0.4,146,0.0094692533656193,203.90894631547184
18,62,0.46543325694626075,0.9508321303282805,0.9985331353561132,0.7553874122108264,0.47055423017377757,0.06853910724920774,0.31789501545411525,0.22888155934860976,0.8,1.0,0.4,147,0.007594259217598,204.29760176632504
18,63,0.4667284001519244,0.9386791626970987,0.9774485207090526,0.7524972533852418,0.47262792337202375,0.06895497945027004,0.31866797507403677,0.22947002414792506,0.8,1.0,0.4,151,0.0108279018574784,203.7339893631759
18,64,0.4671390874197506,0.9356131882128969,0.9742013519491282,0.767031055259924,0.4797780352556911,0.06882708931617725,0.3186770146046146,0.2308377482338601,0.8,1.0,0.4,153,0.0107152647574046,203.7971112272417
18,65,0.4654189250457099,0.9396290521249913,0.9867469449911923,0.7942583825497799,0.47259336906000793,0.06871170332773299,0.3184611920319833,0.22743110147118709,0.8,1.0,0.4,157,0.1019893061060765,204.4743633576228
18,66,0.46480190987933134,0.937437200430258,0.9885887622456768,0.8035010126474111,0.48952198309328715,0.06890948150009282,0.317825853620442,0.227263324510651,0.8,1.0,0.4,159,0.0733073763812086,204.3563534881457
18,67,0.4695753188833502,0.9415978846483317,0.9927175645711075,0.8119055792135099,0.4735422682677468,0.06889804031876973,0.3165630898508725,0.24239334395345186,0.8,1.0,0.4,160,0.0267668690127706,209.85899649527371
18,68,0.4650100378682575,0.9310452639042626,0.9818535454884635,0.8023056846314769,0.4876407652344605,0.06943369484761258,0.31711573880416366,0.2286813704471931,0.8,1.0,0.4,162,0.024860887173445,204.9518442692205
18,69,0.46539810303531515,0.941733279059809,1.0054249992130648,0.8206865952162814,0.48241590622378844,0.06905691316776034,0.3176336757276221,0.22922053579575782,0.8,1.0,0.4,164,0.0179034008914147,203.6466079613569
18,70,0.46481374622028687,0.9284807384184283,0.9832819901930021,0.8232939199531882,0.4713042280265947,0.06948664556109457,0.3170005570682719,0.2285478344558341,0.8,1.0,0.4,167,0.0332514712663908,204.0540833434437
18,71,0.46483318885306757,0.9272136745682682,0.9819480992619569,0.8305981762107673,0.4740716040327136,0.06944160951778543,0.3169664678780033,0.22880078621642555,0.8,1.0,0.4,168,0.0260847377035873,203.99282238844364
18,72,0.46523092155211815,0.9286287995537146,0.9875323020718938,0.8340896992832263,0.4953596951651279,0.06930956304625736,0.31741527959350174,0.22902402939995184,0.8,1.0,0.4,169,0.0311152293124322,203.80730109501204
18,73,0.46551920154973775,0.9327460365627531,0.9959646559009163,0.8303161071823689,0.47352007606894714,0.06908009919149631,0.3177347678256737,0.22942884394650465,0.8,1.0,0.4,170,0.0288572499169852,203.65072205706704
18,74,0.46546410605821936,0.932225194799379,0.9954196303025952,0.8339792752737409,0.46837659899365935,0.06914719545134775,0.31767569852967287,0.22931449372607968,0.8,1.0,0.4,171,0.0293378416272941,203.67800742943805
18,75,0.46593722857274655,0.931087981165942,0.9941987739761063,0.8646836681567049,0.4786832434824237,0.06968885368224445,0.3176964920266597,0.22939804165904168,0.8,1.0,0.4,172,0.0311621347535724,203.92441149936923
18,76,0.4657689876458405,0.9279491544436846,0.9909058187390222,0.8447564616425532,0.4875514154182049,0.06933787640514369,0.3177925402995877,0.22949789389534817,0.8,1.0,0.4,173,0.0304607918928221,203.60786960226903
18,77,0.4659454655991321,0.9199793621278212,0.9783968668859806,0.8556980642448835,0.49036439214016436,0.06964515967383891,0.317652962539664,0.22973668168475614,0.8,1.0,0.4,174,0.0269201334985151,203.6333480074494
18,78,0.4659312204326497,0.9197760118068641,0.9781837055327269,0.8556402897073441,0.46598875590949435,0.06964064852206354,0.3176597156905772,0.229696854046154,0.8,1.0,0.4,176,0.0266743074383412,203.64375518603853
18,79,0.4659889638630491,0.919604888177648,0.9780007105729891,0.8594660547823842,0.46710488729472316,0.06969012741385433,0.3176754849326191,0.22970725641812123,0.8,1.0,0.4,177,0.0304708871404122,203.6785153303793
18,80,0.4655456757484441,0.919010216057935,0.9773981850313804,0.8551748265430936,0.46506676735866015,0.06961124050594786,0.3175589721751418,0.22905102301809924,0.8,1.0,0.4,183,0.025618979911133,203.8942755156827
18,81,0.4665337890708686,0.9278923592119225,0.9949229041418818,0.8982399936570289,0.4711007963188753,0.06957975957083605,0.31826882645725746,0.22984774397602564,0.8,1.0,0.4,186,0.025166437495651,205.16661825121096
19,0,0.8087175774112751,0.9806157408843731,0.9796178568914109,0.059875557273032655,0.0,0.0,0.0,0.0,0.8,1.0,0.4,1,13.55170903525616,63.19245175523916
19,1,0.5900244657215744,1.0070728120480725,1.0040953590599593,0.11989903051910432,0.21459327016617072,0.0809736431008867,7.494626834343e-05,0.00014021361873113,0.8,1.0,0.4,3,9.54073577996797,39.69805492166792
19,2,0.49104771889559506,1.0118727769722835,1.0076048960998545,0.14669164090460476,0.28993989089569483,0.11303705033672731,0.00113569988446774,0.00803083134416476,0.8,1.0,0.4,4,7.536440847962854,10.778671465630191
19,3,0.2355304876312876,0.9184925338355578,0.9143291561153917,0.11571578699127294,0.7249237011440541,0.09696808219343961,0.00090016210287101,0.00223932495150464,0.8,1.0,0.4,5,3.721091929612188,8.176629285110511
19,4,0.24700938893503058,0.9321179133755431,0.9278640800273418,0.13765415329406866,0.10060118619158095,0.10861637717522465,0.0023778603451645097,0.01370340962314448,0.8,1.0,0.4,8,3.888737088635106,6.468226755079995
19,5,0.20217863567473005,0.8918351151686129,0.8822394598095736,0.11487198355232457,0.22085162161224287,0.09639489266720154,0.00059713404698576,0.00130056677095426,0.8,1.0,0.4,9,3.5265372213506816,2.519457840487072
19,6,0.2020889865352819,0.8967176772538522,0.8914918723366202,0.12470997922239221,0.07848400147996086,0.09639489266720154,0.00059713404698576,0.00130056677095427,0.8,1.0,0.4,11,3.5223072739652266,2.4696622806836706
19,7,0.20638398634070676,0.896628763256004,0.8869537843502432,0.14083451977133007,0.09608343519533227,0.09806900928322845,0.0018121055355552,0.010753227393175439,0.8,1.0,0.4,12,4.429496094936816,2.050894552284686
19,8,0.19654413320418726,0.8897663772166629,0.8795676642100596,0.13593284474851888,0.1670751981758788,0.10187876784818506,0.00195937907268014,0.01104331501230621,0.8,1.0,0.4,13,3.8857244998638,7.502920256213062
19,9,0.1842625670867076,0.8787900397555608,0.8681931092724958,0.14174494369570614,0.14485553262150253,0.09766544571330733,0.00203694434058551,0.011173868249368831,0.8,1.0,0.4,14,4.532940847830278,5.940228020419854
19,10,0.231976100583118,0.9269711011603543,0.9160908816757577,0.18770012789230256,0.18116617395718876,0.11227477958654297,0.01213650029426081,0.09091678793407784,0.8,1.0,0.4,15,7.08162434361235,27.74880440884209
19,11,0.21845344459588828,0.9134242889056952,0.902051558022368,0.19292680012956437,0.20884007632047308,0.10798735159173807,0.01221864873456642,0.0893360176088763,0.8,1.0,0.4,16,7.621600392326702,24.71603882544184
19,12,0.2187471354003541,0.9184466476753728,0.9112881082495539,0.20251005249170398,0.1495381467388593,0.1096294218078886,0.012708218568043661,0.09273629309665696,0.8,1.0,0.4,18,7.419416924315478,24.498533923072948
19,13,0.20548181241507496,0.8983759712488153,0.886202068322875,0.20179980334011832,0.23193941310076244,0.10858298942909438,0.012243372431531289,0.08936970132737239,0.8,1.0,0.4,19,8.25047388512965,24.111601017305617
19,14,0.20523212074974015,0.8981044237641366,0.8859250706147298,0.20422955042267524,0.13551700212143902,0.10839801293816578,0.01223270177040503,0.08935232248529136,0.8,1.0,0.4,20,8.217124021555925,24.157305866933733
19,15,0.2035089893041824,0.901023211233409,0.893142900726653,0.20813223795310928,0.14534393112217078,0.10748552074000411,0.0123255325608602,0.08947369242510617,0.8,1.0,0.4,21,8.57106330935535,23.57618162134368
19,16,0.20297567944090752,0.9004558446265122,0.8925660675597762,0.20771405613208882,0.13521886394878133,0.10692279321734971,0.01236951623515458,0.08953066802148466,0.8,1.0,0.4,22,8.745269658526144,23.308263395552736
19,17,0.1957955524640822,0.8851786003960138,0.872318382659848,0.21208076585302488,0.22521859298159702,0.10890592816665048,0.01216000972757983,0.08926840216149137,0.8,1.0,0.4,23,8.072601584965104,21.517557856323883
19,18,0.1836158885484356,0.8700326848669835,0.8567345863058532,0.21141805822432178,0.1449076852051549,0.10571480705548084,0.01088636345326115,0.08223488900205135,0.8,1.0,0.4,27,8.975943510790616,21.28771948290086
19,19,0.18455481925246986,0.8758244636972521,0.8668866457226695,0.22335199729738175,0.13042609988448994,0.10461313519412387,0.01163551827846758,0.08530257702407337,0.8,1.0,0.4,29,8.87872532143541,26.41785101071907
19,20,0.19812617030077026,0.8886028777835917,0.8795598273428137,0.23468869616638077,0.16019176685063524,0.11300113323371765,0.014719905964237029,0.09787230776042548,0.8,1.0,0.4,30,10.748199736752428,24.975336598281142
19,21,0.18706767967807064,0.8706236845905637,0.8569605094375422,0.22800887316020801,0.17336701349818906,0.10851134214652768,0.01272003741470576,0.09126453955414857,0.8,1.0,0.4,31,9.964801330375058,24.417977208239108
19,22,0.18699688137723494,0.8754469527065698,0.8661505666351303,0.23654135233886375,0.13651600482076487,0.10851134214652776,0.01272003741470576,0.09126453955414851,0.8,1.0,0.4,33,10.06568385207388,24.61896026061854
19,23,0.18985819742695387,0.877035230351353,0.8675888265656003,0.23969568927090829,0.16322888324604504,0.11212822511119677,0.014250536671719419,0.09146081037465979,0.8,1.0,0.4,34,10.664463833139433,22.90852715546334
19,24,0.1730528269624318,0.853769879254287,0.8397795675316366,0.22273142174647528,0.1513619829071577,0.10482405405193006,0.01193598599733174,0.07435148565467362,0.8,1.0,0.4,35,7.88293568166149,24.2709460764819
19,25,0.16327424566545068,0.8482637231560497,0.8385728338063767,0.22247791025359798,0.12208696211199808,0.11303848984199595,0.01056554575077036,0.03879674891702576,0.8,1.0,0.4,37,9.656663697283616,5.548037347377054
19,26,0.482593741399957,1.1553054474440527,1.1405081889411706,0.5370207224854755,0.5536326025682053,0.20423841765499595,0.02787284597811135,0.6287078511464307,0.8,1.0,0.4,38,38.77815741438621,1.0297881509124558
19,27,0.4894123663092853,1.1533525094557304,1.1377866363189617,0.5762079193896281,0.4790004791229528,0.20787848972918474,0.03055521306575132,0.6471651583475629,0.8,1.0,0.4,43,42.93076872226123,2.456281826353499
19,28,0.4822865757803169,1.145212581776693,1.1335414096386758,0.5802407538309442,0.48803957734303327,0.20178163053274284,0.03117670204901863,0.6483235214584248,0.8,1.0,0.4,45,44.352881800228985,1.5774824304910988
19,29,0.49631855487796483,1.1514076248159586,1.135139138087369,0.5979995510810985,0.4845653589717788,0.206934752663078,0.03388591890899656,0.6699854295536845,0.8,1.0,0.4,47,45.67908631046323,1.97925260064542
19,30,0.4974555712477349,1.1561201562344154,1.1441219508220488,0.6096692182138503,0.4767971681349985,0.2063797437338804,0.03428528674548118,0.6745072309221823,0.8,1.0,0.4,49,45.59911478156213,1.0054137381142818
19,31,0.5058192177278484,1.1555057259486543,1.1388334234731223,0.6186868242588746,0.5023655842926618,0.20889488212632457,0.037318007416605056,0.6873403803865921,0.8,1.0,0.4,51,50.983956250420455,2.624924253156895
19,32,0.5074632367356341,1.1615882444012415,1.1492532211669793,0.6310894168660922,0.48368184266371084,0.20834069836304006,0.03773967560026436,0.6919758925040687,0.8,1.0,0.4,53,50.91753900111011,1.6668146168947673
19,33,0.5047439800420515,1.1521976896265969,1.1353642858068913,0.6335049777976168,0.4981410136974335,0.20794681913952465,0.03744647954551754,0.6884691329744859,0.8,1.0,0.4,54,51.15636259907264,1.4595817328673166
19,34,0.5218515829427292,1.1711613846521882,1.1584802200034654,0.6567457942070449,0.5086182013034378,0.21349517345655938,0.04082751112423903,0.714690148204886,0.8,1.0,0.4,57,53.05613029730579,2.632402256370715
19,35,0.5348857842042942,1.1793818122428923,1.1623316903858898,0.6692575096254615,0.5113227293147218,0.21247819488797967,0.04490278190407987,0.7392507060178873,0.8,1.0,0.4,59,55.42839871667624,2.2540274040692805
19,36,0.5355776634151438,1.1805165028719895,1.167529357634141,0.7005795261585996,0.5191997752994164,0.21490251054546702,0.04497643937304923,0.739750721548023,0.8,1.0,0.4,66,56.38860069778674,2.213198357049757
19,37,0.5368132505343197,1.186346464814098,1.177708111160421,0.7110075707279515,0.5178314482459151,0.21374048736061985,0.04540487050815924,0.7443938878425148,0.8,1.0,0.4,67,56.14513556699685,1.1830793656657006
19,38,0.5358598786253191,1.1853348228478937,1.1766924350791064,0.7212624866174993,0.5133766690316685,0.2137742224699499,0.0452108612339169,0.7424786929117329,0.8,1.0,0.4,71,56.172614554179376,1.6063397886398516
19,39,0.5366005242569076,1.186048144593726,1.1774038862392557,0.733202245299934,0.51424511454614,0.21371296578945984,0.04537092002209324,0.7440750407903944,0.8,1.0,0.4,72,56.151652222735926,1.2539667648439734
19,40,0.5682000800541196,1.2103040195246126,1.197122175584271,0.7420840859223922,0.5588027938839681,0.22243351115768423,0.053288788693256796,0.7878318282281278,0.8,1.0,0.4,74,64.29569260997624,2.660555093482757
19,41,0.5670024806975507,1.2089417468847874,1.1957485177196778,0.7674013641983145,0.5456754004151896,0.22115537104639585,0.05325831158499315,0.7876113160329794,0.8,1.0,0.4,78,63.8698987583723,2.648875490858281
19,42,0.569403752542275,1.2151793596789315,1.2062839519043358,0.7773381473265668,0.5593036619251824,0.2212293218501834,0.053789293839562116,0.7930213069894954,0.8,1.0,0.4,79,64.06328040201362,1.3688384677165013
19,43,0.4668211584745579,1.1117871447831873,1.102836942184356,0.6775768243835113,0.4539422689771776,0.20118464627135613,0.04630741138513836,0.595995507095478,0.8,1.0,0.4,80,39.24133667897229,1.3111383711133613
19,44,0.1272980901612371,0.7856432732857789,0.7897141618535929,0.3658334591106105,0.12145354627884918,0.1031087323727693,0.01544504776379511,0.021619246515105862,0.8,1.0,0.4,81,8.549296624359517,5.973653097194986
19,45,0.1262852484470576,0.7695030992774932,0.7685318996071391,0.35940052966297165,0.20954013159890625,0.1016073986989071,0.01801757787332575,0.02269254064686889,0.8,1.0,0.4,82,9.381626217018017,7.582771867810758
19,46,0.13070431885783418,0.7726813537164189,0.7716303884157724,0.3699722937688124,0.12517464023760658,0.10592272055590625,0.01772280750208588,0.026618948080917172,0.8,1.0,0.4,83,9.581006029305186,7.908748352707946
19,47,0.13048265121514555,0.7772484114294946,0.7805604466864815,0.3815489490061231,0.1136940860825641,0.10594622620688052,0.01758900761821161,0.026449623654621966,0.8,1.0,0.4,85,9.565483945543322,7.740036544394355
19,48,0.1311457603603621,0.7768684427262078,0.780113700068169,0.3884914776788401,0.12393939710861335,0.10660425177776141,0.017528134085224058,0.027578367377884837,0.8,1.0,0.4,86,9.566601931168584,7.690394784893104
19,49,0.13147335440887045,0.7650662731831149,0.7634846550786704,0.38276495077221706,0.1844208461406507,0.10651527274430644,0.01755060716392379,0.032596685427076846,0.8,1.0,0.4,87,9.972388169776414,7.63413375248752
19,50,0.1312921235852108,0.769715964726746,0.7725002542046957,0.39462977687870665,0.11619318040234268,0.10654086855559461,0.01742420716603519,0.03247034328974728,0.8,1.0,0.4,89,9.955472971289478,7.480043756634325
19,51,0.13186358799474304,0.7699754119373448,0.7727402130625276,0.3983405864810645,0.11923020429657022,0.10708081326106657,0.01741007275453459,0.03302047888013524,0.8,1.0,0.4,90,9.940998187283498,7.29605151483329
19,52,0.12729533228296183,0.7601220528511387,0.758492536249547,0.42531885543968484,0.1125992312475475,0.10487554726430177,0.015401985263127,0.03121271130326736,0.8,1.0,0.4,94,8.73788867255126,12.509614400710095
19,53,0.12900679436118603,0.7557709846162023,0.7537667315816621,0.4424154622345993,0.1430370961908956,0.10219365961939665,0.01607553090340135,0.04221378454984196,0.8,1.0,0.4,96,10.23566159348092,11.551243700770057
19,54,0.12770581305851714,0.7691155827687925,0.780218852689059,0.43085351904165636,0.11434670639741375,0.10377432019621109,0.017526718372210807,0.03226415094034864,0.8,1.0,0.4,98,9.294846575607838,5.45606192485253
19,55,0.12768398258082106,0.7739260749404412,0.789395476507016,0.45503924527486256,0.11398298675297792,0.1037743201962111,0.01752671837221079,0.03226415094034865,0.8,1.0,0.4,100,9.258695376910604,5.458880836812044
19,56,0.13072688558139667,0.7765247108280637,0.7919669027627183,0.464803919246529,0.12070671013865746,0.10555052853700538,0.02031308439315118,0.029564303995445913,0.8,1.0,0.4,101,9.718797780304604,3.915331735120131
19,57,0.14898758603825601,0.8390287491841576,0.8938122644564868,0.6262091909767241,0.13501576390816916,0.1098353789583357,0.020432974398802,0.06647820333773183,0.8,1.0,0.4,122,8.2411751848669,1.9170412619617143
19,58,0.1449581917757216,0.8281268595392743,0.8784196260628934,0.6146915951876086,0.14908753755571186,0.11275965930617741,0.01777556077976013,0.05809641384319738,0.8,1.0,0.4,123,8.12761607521705,1.9800740014174376
19,59,0.15393031330366655,0.8365423969948265,0.8868013525606517,0.6256437074957116,0.1453744398908139,0.11355673594538712,0.02212663750478493,0.06830574399754459,0.8,1.0,0.4,124,8.444650016042852,1.3970920951033172
19,60,0.14574595348964958,0.8319587877305905,0.8865092390085323,0.6240963796347272,0.1446435854203188,0.10909611259234005,0.02099057954771112,0.06020566445156579,0.8,1.0,0.4,125,8.237248347344142,1.1826057187431136
19,61,0.14695409393089665,0.8252448822252911,0.8752424936155236,0.6272992234372461,0.16126366963079097,0.10856841892844632,0.02175204758639247,0.06366613609592828,0.8,1.0,0.4,126,8.436202209994137,2.782416968849488
19,62,0.1452406483063658,0.8280731720637123,0.8824193884117798,0.6381740019791089,0.13436923980161147,0.10833377803213153,0.02132588960784761,0.06109683218540794,0.8,1.0,0.4,128,8.119284735533972,1.3422467512844125
19,63,0.14523654518607376,0.8278319933232305,0.8821641359207261,0.6455549986171335,0.13441343031483075,0.10837133732573226,0.021326251365195788,0.061100512009760445,0.8,1.0,0.4,129,8.165122460695915,1.4389964694494044
19,64,0.14472563299768082,0.8304441020377514,0.8890400007065742,0.653784257225126,0.1488112941861176,0.1076087530482637,0.02164288910923225,0.06131067324626184,0.8,1.0,0.4,130,8.07661074609016,1.5456270195381634
19,65,0.14472563297455046,0.8353911288414411,0.8983601913140057,0.6701619395397272,0.13225424733871938,0.1076087530251731,0.021642889114937388,0.06131067323558753,0.8,1.0,0.4,133,8.076610743706567,1.5456270175239282
19,66,0.14459706849023352,0.8102473241520971,0.8513338123506085,0.5217514282021241,0.13470766170635728,0.10754056125190316,0.02182852789469259,0.060775490339367064,0.8,1.0,0.4,134,8.045481582894178,1.5597476425973844
19,67,0.14423831131042947,0.8388451131540856,0.9061272221113071,0.6821834331222123,0.13847793498616234,0.10690153667435222,0.02180435188146182,0.06150924057814513,0.8,1.0,0.4,135,7.678898301469912,1.4945879355590217
19,68,0.15292262870868445,0.8395627487114693,0.910456128145483,0.6756831036445922,0.20011474805772536,0.11201388435997713,0.02794869173668877,0.062348512491833166,0.8,1.0,0.4,137,10.207322393606042,2.8526858226255505
19,69,0.15290925998895838,0.844394867518618,0.9196554833744709,0.6961362954084587,0.14294474991226908,0.11201388435997714,0.027948691736688756,0.06234851249183323,0.8,1.0,0.4,139,10.20272566246694,2.8396136336744986
19,70,0.1528751577868015,0.8490488023834947,0.9286674734255523,0.705402855664286,0.14363541802704943,0.11201388425465715,0.027948691809873187,0.06234851228947005,0.8,1.0,0.4,141,10.187494976097314,2.795871507212825
19,71,0.1528568037493025,0.8538380642192466,0.9378218079766288,0.72594408122238,0.14311262629066102,0.11201388425465715,0.0279486918098732,0.0623485122894701,0.8,1.0,0.4,143,10.158947878482314,2.711966630324555
19,72,0.1487698219965682,0.8477817770490537,0.9357379955988334,0.7493208970772296,0.1460125049996592,0.10643769876721791,0.028993596131545108,0.06283935568796742,0.8,1.0,0.4,152,10.069821950996088,2.8825097461801024
19,73,0.15053302020049286,0.8574762258080533,0.9540658267429759,0.8462681414785067,0.14222265223548025,0.10327806341101751,0.028359879192241026,0.07572859869658398,0.8,1.0,0.4,170,6.170827726103107,4.917028896655708
19,74,0.14726042382227972,0.8525941477776487,0.9531819385328818,0.859922241367439,0.19543599519618518,0.10466837001117922,0.02752073993603078,0.06868327417808484,0.8,1.0,0.4,171,6.90094173146663,2.8936951230107257
19,75,0.1488553886891146,0.848889237792739,0.9491763140957762,0.8684697010477008,0.15602658403638814,0.10412820972207462,0.027550471791858884,0.07503171564601761,0.8,1.0,0.4,174,6.760647021317418,3.0734765623063858
19,76,0.14807638800630332,0.8577654491619854,0.9667852888872811,0.9034248496282143,0.14045052893336574,0.10369984293922252,0.027376724356915683,0.07443411155146037,0.8,1.0,0.4,180,6.840386704261916,3.0304487181495445
19,77,0.154198674725186,0.8320852432625006,0.9188412466696085,0.8828788738107147,0.16700952455791085,0.10492546799267899,0.03444125309764074,0.07128820813440136,0.8,1.0,0.4,183,5.563504368925923,7.674293703546049
19,78,0.1539254185836549,0.819501178593096,0.905571207915158,0.8881734139169175,0.1994746938508434,0.11200080632700837,0.029693065304638888,0.07086190442699422,0.8,1.0,0.4,185,5.574476591983967,6.100810722718398
19,79,0.15336343230532118,0.8167277514514683,0.902675441262488,0.8872643239926407,0.16570465142015406,0.1123593988484235,0.0289552641199445,0.07099753013482665,0.8,1.0,0.4,186,5.707942163384196,9.4051008637852
19,80,0.15357287314355617,0.8213382383665794,0.9116289117015157,0.9058932877161542,0.15203732680687218,0.11055622188812836,0.03101170828172975,0.07008655295641163,0.8,1.0,0.4,187,5.5519023858927685,8.009870006874623
19,81,0.1529352447124554,0.8154317765506417,0.9054319922933568,0.904382401530119,0.19114843801253123,0.11281920248715654,0.029103413471791427,0.06967121093934092,0.8,1.0,0.4,188,5.687409659833147,8.960787636987002
19,82,0.1658603741889254,0.8199217889840905,0.9094595257455459,0.9423676485740645,0.17820153978659076,0.11893723628890038,0.02930556823303363,0.090614159352814,0.8,1.0,0.4,192,6.347752691112539,8.84240227367069
20,0,0.6514681900282024,0.9613620719237734,0.9593730385542676,0.05562643060581451,0.0,0.0,0.0,0.0,0.8,1.0,0.4,1,27.31098640208588,67.46751847813917
20,1,0.4717598267082583,0.9789370371904119,0.9748671872538203,0.10830134898962941,0.21533832443204745,0.07235157992750686,6.972532309563999e-05,0.00011105487766212,0.8,1.0,0.4,3,18.66860232288292,42.9479407296578
20,2,0.4494981593949341,0.9835069720251545,0.9790369711908445,0.12139083227558474,0.13088499710104615,0.08638232600552606,0.00049028940768234,0.0018550688647845201,0.8,1.0,0.4,4,9.25584230628716,11.495777720334448
20,3,0.31280788302550583,0.9405272051505748,0.934105036542931,0.10792616289003094,0.3608987428454293,0.08102805947607125,0.00027890129238258,0.00044421951064850995,0.8,1.0,0.4,5,12.52610215440179,25.844124222923995
20,4,0.30486367963893546,0.9422198671510235,0.9355132977574024,0.11702822564644393,0.11631852129012356,0.08828362121808978,0.00077929020039988,0.00272812243308438,0.8,1.0,0.4,6,7.208762531404495,3.295943497168637
20,5,0.1984612771496245,0.8863375093008754,0.8769573682613994,0.10088542118484888,0.47163286611614047,0.08440191575126356,0.0006275279078608,0.00099949389895911,0.8,1.0,0.4,7,9.378649890156222,10.701507280248132
20,6,0.1563226949984896,0.8513623293268956,0.8400666865589036,0.09730678359752919,0.2156276962247696,0.08619644482018272,0.00111560516953032,0.00177687804259402,0.8,1.0,0.4,9,8.845645358805822,5.515754028855585
20,7,0.15557282132476444,0.8555094011790676,0.8485299656133833,0.10590293306345946,0.07539612887303823,0.08640046899313655,0.0012030307444221599,0.0019161249631258301,0.8,1.0,0.4,11,9.075314445606033,5.312818078614462
20,8,0.15220458420343358,0.8463973281681979,0.8346114309722258,0.11181165030806277,0.10810696889254637,0.0904744003808418,0.00181345708960504,0.00287233493387219,0.8,1.0,0.4,13,8.10231569278867,3.6894846843380784
20,9,0.14711865976995747,0.8410416811529376,0.8324895433629843,0.12996922386874724,0.2594861135058228,0.10168411804272572,0.0038326387363452003,0.00498149867180094,0.8,1.0,0.4,14,12.882706679512026,2.8298967103181107
20,10,0.1436076351851497,0.8407471708430344,0.836310198095901,0.13536146840846644,0.10645068565546648,0.1010796287923684,0.00398745614817226,0.0052280838142869,0.8,1.0,0.4,16,12.840870341732089,2.7449606277459258
20,11,0.14515148105412762,0.8354914646482732,0.8264308349036953,0.1411983237865319,0.11044127967196793,0.10623083901520387,0.00403102101675707,0.00621027112352667,0.8,1.0,0.4,18,11.999580741721692,1.6947235307569524
20,12,0.1415966921086559,0.8353221831854998,0.8304387209068429,0.14628995302886114,0.10501090672576148,0.10446659219235331,0.00414119518915635,0.006190637175758721,0.8,1.0,0.4,20,11.819191413008967,1.9001301171903
20,13,0.14476804752850136,0.8313322216218779,0.8218157552234828,0.15302157821318188,0.11584332797427736,0.1106805504425131,0.00450950196778805,0.007853079315214801,0.8,1.0,0.4,22,11.38936421938516,1.0261236165699192
20,14,0.14131448354982967,0.8309786707159751,0.8256315248332009,0.1585609737851806,0.11026812474191164,0.10889205606448663,0.00461343724110317,0.007818160950390859,0.8,1.0,0.4,24,11.28045253869814,1.114911657115104
20,15,0.13931815781304727,0.8275485040868754,0.822049713804087,0.16784407677902924,0.10583599738263076,0.10810383334710932,0.0050115991253423696,0.007188211196187511,0.8,1.0,0.4,26,10.244614323101116,1.0798792836828952
20,16,0.13615678352453622,0.8242409232719576,0.8187269672261419,0.16728024471487304,0.09365273585360913,0.10526563649791426,0.00460365105819516,0.00635249875191331,0.8,1.0,0.4,27,9.989305496989212,1.2289061149874254
20,17,0.138181816516823,0.8351139328423436,0.8382391550252567,0.17565492788840448,0.11062098568579436,0.10787523444447537,0.00484309954062308,0.00818491912548237,0.8,1.0,0.4,28,11.89213024212057,1.271355867902462
20,18,0.13437706391878418,0.8190416664178507,0.8131859774181702,0.17812566251485812,0.11053345828094557,0.10406162796891318,0.00604374232961667,0.00875709703167258,0.8,1.0,0.4,30,12.141381806387123,1.9054065699827425
20,19,0.13834978707517406,0.8226520959171071,0.816761541741958,0.1814490173136846,0.10235873006709718,0.11021381065708125,0.00542060478598475,0.00873054699597214,0.8,1.0,0.4,31,9.700302885830654,0.923976032025999
20,20,0.13772024664533974,0.8266676206280658,0.8251213225743975,0.18962501053443284,0.09889803107641675,0.10920987447765296,0.00569187980985857,0.009134707366451191,0.8,1.0,0.4,33,9.84006880093724,0.8772768328136925
20,21,0.1353519572129164,0.814495573681036,0.8081305557411423,0.19176183227895635,0.1655293760037242,0.10828432649786247,0.0070046676572826806,0.01127957198735116,0.8,1.0,0.4,34,11.75660975154392,1.0553132229200195
20,22,0.13262755381945904,0.8112359993533413,0.8048238172170936,0.19183404954084285,0.10293093829144422,0.10625707400114882,0.00658804534102167,0.01051674251759092,0.8,1.0,0.4,35,11.554100571116372,1.2008945494998065
20,23,0.13792083596010074,0.8123262522090569,0.8055547567283898,0.2062176242324042,0.12198371510412652,0.11242281581020365,0.008245691655567811,0.01421608268299207,0.8,1.0,0.4,38,11.644747112154498,0.6717931412314311
20,24,0.13489254289349847,0.8081484401400721,0.8012817286011555,0.20609926340160195,0.11594081929535531,0.11041588530496835,0.0078451099284102,0.013410787818682579,0.8,1.0,0.4,39,11.456006652363849,0.7404976131927026
20,25,0.13677807158364025,0.8146399137561535,0.812118327261004,0.22114976193208433,0.10787713853500079,0.1124122696430121,0.00809058037474188,0.01402722093809386,0.8,1.0,0.4,40,12.036295664895736,0.6688308976089244
20,26,0.13486773757895268,0.8051277084908851,0.7980181836130549,0.2146097426287288,0.11947742008465619,0.10839343087545121,0.00982996277021885,0.01673372450662176,0.8,1.0,0.4,42,13.832533684265996,1.1382479767340796
20,27,0.13184792591790245,0.8009322444594843,0.7937293682419176,0.2144449526820937,0.11497225238257676,0.1063266649200443,0.00942522774763256,0.015923629573121812,0.8,1.0,0.4,43,13.629791979470646,1.307260274162276
20,28,0.1235256002760114,0.8156701194824583,0.8302017688641306,0.2590066279503798,0.10333687098065027,0.10284133023620702,0.00738402786220535,0.00937966800103226,0.8,1.0,0.4,45,14.125726666263532,2.8543499215738324
20,29,0.13819253307089963,0.8024191078432523,0.7948406360694166,0.2294714177961544,0.14658567166148537,0.1125324552170127,0.01149053608531438,0.02030638069754937,0.8,1.0,0.4,46,13.96461190733475,0.5723845661266578
20,30,0.1381664905791219,0.8072848743738712,0.8040753888389232,0.23943863570193086,0.10995525122183306,0.1125324552170127,0.01149053608531439,0.020306380697549357,0.8,1.0,0.4,48,14.05539117760098,0.5753195945868972
20,31,0.14420426744773418,0.8042926071362323,0.7964053283626806,0.24649114200491196,0.14054498392176173,0.11795346213176026,0.013431208071029049,0.02429307262843926,0.8,1.0,0.4,50,14.369599545857312,0.4730944208933718
20,32,0.1261890904917351,0.8149493256221197,0.8332269942647453,0.2854232056364331,0.11111740961556,0.10910209098606573,0.00821031764072836,0.01107924973048287,0.8,1.0,0.4,51,14.162880592038883,1.793015401557612
20,33,0.14133856980692586,0.803314738183999,0.7995779895293296,0.25701569683458114,0.12714945213883402,0.11686674172582023,0.01305855422664955,0.023398046905840762,0.8,1.0,0.4,53,14.283249330676682,0.4894925722450294
20,34,0.12275538090774647,0.8136082168160387,0.8360525236178641,0.2953771363830402,0.10640445025376571,0.10713820150887811,0.007734903333187331,0.010504530421363959,0.8,1.0,0.4,54,13.58042983598169,1.8832865863552184
20,35,0.13955403727222399,0.8222286098031477,0.8400702969318582,0.31238625550144233,0.150373211637995,0.12223319727934265,0.0107771985867667,0.017770634614513968,0.8,1.0,0.4,55,17.29246828946978,1.46588238029742
20,36,0.133735165976067,0.8137197727831063,0.8313736081874075,0.31980272765404844,0.11791326730576118,0.11735016253320153,0.01073503442856273,0.015492319858842371,0.8,1.0,0.4,59,13.849349437168543,0.8613794388701713
20,37,0.1337802516909486,0.8185826585098482,0.8406007071398633,0.3300704959877928,0.11157883638050285,0.1175408716024537,0.0106908540684514,0.01544589152186831,0.8,1.0,0.4,61,13.797751626720576,0.8162762545879889
20,38,0.16235469500227287,0.8125212802464843,0.8039267467054383,0.2968435396541825,0.13955260213524837,0.12992857571968572,0.020568148371726082,0.03741918103252902,0.8,1.0,0.4,62,18.419171624209536,0.4837831226687104
20,39,0.13343884042535406,0.8097177342556758,0.8311573366933025,0.33993696645853,0.1569793246574917,0.11210371793458813,0.013779107347740622,0.02452815037646839,0.8,1.0,0.4,64,13.020863276467455,1.2813528854588017
20,40,0.13388231681331406,0.8089008973679729,0.8302563744532317,0.3989129085612247,0.11571173384335123,0.10212739698669761,0.01759979853386815,0.03697234921354658,0.8,1.0,0.4,72,13.143532811019178,1.7696867284968518
20,43,0.12956075408817275,0.7914846332139415,0.8160577199352954,0.4258242381635331,0.1338432895591478,0.10245801914847276,0.01826909182053838,0.03484736650558678,0.8,1.0,0.4,80,11.387189567414376,2.028030307843908
20,49,0.12564577157911813,0.7779874688909482,0.810124074302194,0.5317954198950676,0.11596552836076555,0.09972361895115726,0.02044526884578031,0.03383852340676708,0.8,1.0,0.4,102,13.189279860940104,0.932705022962696
20,50,0.12562884891935688,0.7779376302392027,0.8100722747737259,0.5388894738681409,0.1140350142218282,0.0997316755645746,0.020418728939769808,0.03385913368483959,0.8,1.0,0.4,103,13.213742862742327,0.9245605699290796
20,51,0.11959988587623689,0.7753060454544854,0.8158027484406197,0.528661637966359,0.12043367906862473,0.10026904928424328,0.01727827137309755,0.027982663457378286,0.8,1.0,0.4,108,14.6524154394432,1.4549564325858864
20,52,0.11796427703727375,0.7722978612234982,0.8127143203311203,0.5304195099790465,0.11910946126773639,0.09951062817237975,0.016484787659648482,0.027859299469963288,0.8,1.0,0.4,109,14.750246443680991,1.4210801833802782
20,53,0.11910303283149215,0.7760065899248494,0.8206578553316992,0.547230752365518,0.1291719512339608,0.10026904928424332,0.01727827137309754,0.02798266345737835,0.8,1.0,0.4,110,14.240219796608146,1.3754800691477045
20,54,0.12276615764952944,0.7796376648140709,0.8242869769635969,0.547305580768491,0.11253078823301052,0.10298460481956596,0.01693179271234272,0.03258984048862877,0.8,1.0,0.4,113,13.84904006799681,1.0439219221049312
20,55,0.122096804293835,0.7776851195098966,0.8222597871411743,0.5536670374456419,0.12299249507280756,0.10231966483985844,0.01694867304081677,0.03262154288120027,0.8,1.0,0.4,114,14.26197296921163,1.0390918699747818
20,56,0.1211152064800967,0.7920938760309948,0.8539062517996736,0.6799367163412107,0.11295868221706465,0.10321559852321183,0.01895907214021747,0.024735794828921128,0.8,1.0,0.4,138,15.259653947759071,2.5139591023737213
20,57,0.12627588297755696,0.7867601765624843,0.847970928988804,0.6947381008366983,0.16381787363681918,0.10313082338930273,0.02543802481176996,0.02459012456203971,0.8,1.0,0.4,140,15.655880316715104,1.430310396264889
20,58,0.12536190928972002,0.8073767604617507,0.8902713162444971,0.9562748577980033,0.11774725158659653,0.10848067561777683,0.01841757082646682,0.029984335550993602,0.8,1.0,0.4,191,16.01611169894804,0.6064872870484846
21,0,0.8678842909487146,0.9869031284494578,0.9862288742549578,0.06126323521789517,0.0,0.0,0.0,0.0,0.8,1.0,0.4,1,8.616573502199536,66.47925740208714
21,1,0.6265021581045076,1.012582552612124,1.0099175391820787,0.12067910940360432,0.21488490509537603,0.08026333899871055,8.513350093257e-05,0.00013765790648506002,0.8,1.0,0.4,3,6.257010185070181,44.07147586462433
21,2,0.24542545696663556,0.9266334735176459,0.9225864261066267,0.12209552834146128,0.520436884428079,0.10422182713406437,0.0010978057213681899,0.00194082438267984,0.8,1.0,0.4,5,2.5652502671742434,4.512894401754209
21,3,0.22875489695699508,0.9163185910995378,0.9118120760514908,0.12364806874316225,0.11861479884063227,0.10317876676496013,0.00077553231382725,0.0013582225508095998,0.8,1.0,0.4,7,2.451383985932752,2.983510754232916
21,4,0.22136048340700884,0.9058872593244182,0.8968427748452323,0.12057968481320908,0.09402671000697925,0.10058620621486142,0.00066203773294143,0.00111902206573301,0.8,1.0,0.4,9,2.216975316644564,2.595408038830626
21,5,0.22135943550187637,0.9108336067743962,0.906162263240756,0.12628649563512992,0.08158132151602561,0.10058620621486133,0.00066203773294143,0.00111902206573302,0.8,1.0,0.4,11,2.2203364329636197,2.599403507748229
21,6,0.21618172244775802,0.9094266764935123,0.9043716136519656,0.1368537535177421,0.14565461002478483,0.10624535090135152,0.00130169334017106,0.0033186527528129297,0.8,1.0,0.4,12,2.7169728289827404,3.3151312335999066
21,7,0.2161817224855556,0.9143737033142392,0.9136918302849135,0.14314383657810462,0.08762559886257694,0.10624535090135152,0.00130169334017106,0.00331865275281292,0.8,1.0,0.4,14,2.7169740164861595,3.3151305766990333
21,8,0.21404738163460188,0.9047842461299667,0.8950380896768342,0.15507463364857493,0.14219555036304912,0.11567303030195496,0.00087214742398085,0.00174046393174912,0.8,1.0,0.4,15,3.4736161508051064,2.490047764462032
21,9,0.21404737341177163,0.9047842461299667,0.8950380896768342,0.15507463364857493,0.09410693269706157,0.11567303030195496,0.00087214742398085,0.00174046393174912,0.8,1.0,0.4,17,3.4736136431296547,2.490046434478844
21,10,0.20561387346545137,0.898761770816633,0.8885800168719403,0.16679115076660592,0.1294824699065654,0.1176656058953948,0.001379751284422,0.0025838327838576198,0.8,1.0,0.4,19,3.0467265783460227,2.784179742481771
21,11,0.20561387256994304,0.898761770816633,0.8885800168719403,0.16679115024600014,0.0965459472210643,0.1176656058953948,0.001379751284422,0.0025838327838576198,0.8,1.0,0.4,21,3.046730093316273,2.7841816253569247
21,12,0.17747016271295885,0.8862672350744336,0.8889939078011211,0.16344651830855234,0.08926674564142048,0.08550437928491825,0.0031269747958018604,0.0044476831735876,0.8,1.0,0.4,23,3.182288650683048,1.805421748341005
21,13,0.1998899736852746,0.8987971176606112,0.8927762694654735,0.1650939034117862,0.09593822789199898,0.11622205991000073,0.0016017922687926,0.00294286532366292,0.8,1.0,0.4,24,2.9418584769002383,2.2900874476904645
21,14,0.17325468294388569,0.8779579440920803,0.8759645348436439,0.16548405418630702,0.12896775147601347,0.08825923172498631,0.00381630612990434,0.00565587440901498,0.8,1.0,0.4,25,2.9494341660672365,2.0150599331363765
21,15,0.17270555932740286,0.8823958483197067,0.8847503435943261,0.17606095329400961,0.07857731437001692,0.08792313554172317,0.00397423902828258,0.0058869753193866396,0.8,1.0,0.4,27,2.9905620132467683,2.0505066883330647
21,16,0.1759449696347935,0.8856594892092806,0.8879977004587731,0.19614529821122748,0.08271199018888555,0.09164598266957766,0.0036849036149040303,0.008115283100337569,0.8,1.0,0.4,28,2.915415342072068,2.4263834336872026
21,17,0.18784157654246048,0.8878598207491959,0.8813683267651505,0.18718379468408133,0.10725473720096526,0.10290960473191721,0.00521103958001119,0.01605780603558964,0.8,1.0,0.4,29,3.893510708964977,4.078712191687663
21,18,0.173842994842084,0.8887257292115653,0.8951927756371918,0.20052424042176525,0.10677088882943396,0.09364831186614181,0.00364107336314827,0.01138367930909058,0.8,1.0,0.4,30,2.927972036619582,1.006534438253008
21,19,0.18321785676251162,0.9080104518695306,0.9231400967892963,0.20822640308909873,0.10679363406351448,0.1029441542925195,0.0052741098442380405,0.01625215690435928,0.8,1.0,0.4,31,3.34444509824791,3.445331686823794
21,20,0.17357832041872542,0.8934302277521127,0.9040669125527713,0.20595419887142033,0.09602162911525579,0.09249152958205914,0.0075860509066297006,0.013111483749186071,0.8,1.0,0.4,33,3.08190432192272,3.06539118347895
21,21,0.1698398670842034,0.8845390348657799,0.8906098297712662,0.21711935441708083,0.11549029291363302,0.09577542372968101,0.00470398885889476,0.01324874897056913,0.8,1.0,0.4,34,2.671481430588024,0.9870158933021924
21,22,0.16982084078926726,0.8894656805640458,0.8999085894086757,0.2259168728574476,0.0867030875924147,0.09577542372968101,0.00470398885889476,0.01324874897056914,0.8,1.0,0.4,36,2.6892042314329507,1.0026169745334024
21,23,0.23395268963744295,0.9483408400006352,0.9542221209388169,0.28970332808642224,0.18261082099367257,0.155868480957091,0.01331423558981976,0.040245305743533924,0.8,1.0,0.4,37,2.961811388073406,2.0935480853525457
21,24,0.19251800070832933,0.9017994590221341,0.9030400335488724,0.25211201632167635,0.1628851658600926,0.08423339990894288,0.02825259337426478,0.05517637048194771,0.8,1.0,0.4,38,4.038181830095784,2.355303097871091
21,25,0.1802609908577939,0.884215122261439,0.8844309977661287,0.25878259084111394,0.15759293790048665,0.08627375528846883,0.02938125466021793,0.054075373521385674,0.8,1.0,0.4,42,4.564967467243787,2.787036846684243
21,26,0.1752674737174432,0.8747237171702962,0.8743102733507588,0.26809773696299527,0.15448902229154718,0.08948088652630619,0.03540968757993794,0.03942296197011938,0.8,1.0,0.4,45,4.032616819874246,5.239207940375273
21,27,0.20114996480314484,0.9036890744678385,0.9074227718096294,0.3078156596449465,0.16826259178404107,0.0874903271504608,0.04136268311264539,0.09954420941856365,0.8,1.0,0.4,47,3.922093663809199,4.106558560912797
21,28,0.2626402141302118,0.9650962225096422,0.9688202060641011,0.36255710590280593,0.21350254822569478,0.07398051948069999,0.06583258157482728,0.21937845087814445,0.8,1.0,0.4,49,4.251474282749568,6.232553025188468
21,29,0.19671130449462879,0.8959321917197056,0.8992952162565954,0.30850087001167903,0.20520315652451823,0.0777296940417101,0.04488093904763959,0.10887887791362605,0.8,1.0,0.4,50,4.478045150870639,5.448563782928657
21,30,0.19671130449462879,0.8959321917197056,0.8992952162565954,0.30850087001167903,0.15061666685293668,0.0777296940417101,0.04488093904763959,0.10887887791362605,0.8,1.0,0.4,52,4.478045150870639,5.448563782928657
21,31,0.1898835486167847,0.8836928476875983,0.886508841777153,0.31421711953070486,0.23222293085908724,0.07503544448777759,0.0442795514944065,0.11173814666748094,0.8,1.0,0.4,53,3.610473929145528,8.607928365416763
21,32,0.18367297570797694,0.8768793235931991,0.88356526370948,0.32925783572612943,0.17222053140652802,0.07294152418545619,0.04079758744573691,0.1196669105432965,0.8,1.0,0.4,56,41.864174442150805,6.215171213384656
21,33,0.18552516178570436,0.87774676531192,0.8843470981097751,0.34105190182557,0.15601993948775247,0.0752125384460296,0.04244607449728049,0.11732959306539445,0.8,1.0,0.4,58,41.83210567309531,5.833479614130578
21,34,0.1801066211498713,0.8671454316491445,0.873311602417534,0.33065914913140343,0.21304313103005296,0.0702929176783789,0.039712818123683005,0.12858338434877323,0.8,1.0,0.4,59,36.76529540220653,6.081677401695066
21,35,0.18193376709905842,0.8678556797217319,0.8739314529233027,0.332738009260087,0.1566828812426446,0.07263482857295074,0.041323516646832446,0.1260384924684791,0.8,1.0,0.4,61,36.685425865761786,5.764802808666797
21,36,0.1819337731599521,0.8678557053061507,0.8739314726405515,0.3327380203868744,0.1498469849908829,0.07263482880293937,0.04132351946883995,0.1260385017360059,0.8,1.0,0.4,63,36.68542596751508,5.764802550247592
21,37,0.17020894068900885,0.84478537684573,0.8459878201498993,0.3385418606764358,0.21708259238171582,0.08034261940437624,0.03792392355169683,0.09810309481213,0.8,1.0,0.4,64,36.68124588445245,5.825404713179735
21,38,0.16611288512740108,0.8537697298481357,0.8679586503576202,0.34790019265686767,0.1448703874618979,0.06457731348778897,0.03596887543746182,0.1263384369605855,0.8,1.0,0.4,67,38.10353149680998,9.28585336765743
21,39,0.16535282063921372,0.8468582472849718,0.8565840545517237,0.3506927490246492,0.1515480118540665,0.06468300773979484,0.03821978618497474,0.11995698614581414,0.8,1.0,0.4,68,39.57259584936728,9.326905807278628
21,40,0.16428901878098576,0.8438546098998218,0.8534371409005073,0.35658467536288685,0.1485632980696119,0.06455161350154741,0.03776960173644383,0.12079426692461041,0.8,1.0,0.4,70,39.8230318207674,9.140260511165987
21,41,0.16192388612483824,0.8455652743383351,0.8594571925363816,0.3575710779225508,0.14539770469721666,0.06271874076197657,0.03782875660586243,0.11931881963905622,0.8,1.0,0.4,71,39.56579098662495,9.59369493299717
21,42,0.16055079515774057,0.8397836596046969,0.8533585383162793,0.3702780710081521,0.1840360092718767,0.06247078636486338,0.03780271925316865,0.12082193021619644,0.8,1.0,0.4,72,39.44347552801072,9.529650437131377
21,43,0.16933051884936678,0.8477845711884648,0.8613043093946438,0.372290996537582,0.14934692483988904,0.060801708189809886,0.04195172166020096,0.13646733511439196,0.8,1.0,0.4,74,39.02708977159422,9.06597387773938
21,44,0.1623540539339851,0.8274017099741624,0.8359640021251125,0.37211697157220963,0.2294584346301876,0.07483337316804702,0.04614492954837924,0.087706451057403,0.8,1.0,0.4,75,39.30956739253664,9.73745463277356
21,45,0.14954388353963416,0.8224499560777616,0.8396185892252481,0.47281496051189914,0.1296967563963242,0.06345944475405464,0.02847161388549658,0.12432112610914589,0.8,1.0,0.4,106,16.857964182526743,10.442513804562449
21,46,0.1266331534751383,0.7783679696711642,0.790113075101523,0.4647321242130268,0.26758237683563385,0.06283316369111222,0.02322457065081896,0.09186312902420975,0.8,1.0,0.4,107,14.160598140607902,7.909581964859697
21,47,0.11542376678465685,0.7569385417874733,0.768048249747802,0.4799173998537827,0.11716435544325275,0.06469649579303104,0.02333800005593556,0.06513634100412606,0.8,1.0,0.4,113,16.344417315854212,12.055518049092807
21,48,0.1153495142645173,0.7606058668794629,0.7760149285710741,0.4889075513232253,0.10689541923335134,0.06409225001864768,0.02386070989469048,0.06542267304763073,0.8,1.0,0.4,115,16.9012117845179,12.769973351674755
21,49,0.11632879981618677,0.7652676080477514,0.7849726610038994,0.5161395793953358,0.10543603023071978,0.06578302838968017,0.02372366673431968,0.06541851357460923,0.8,1.0,0.4,119,16.82395957329755,12.134028168854885
21,50,0.11630388884813891,0.7651063329805747,0.7848030857179473,0.5161025130424584,0.10314196295892199,0.06578302838968017,0.02372366673431968,0.06541851357460923,0.8,1.0,0.4,121,16.818149670686637,12.184792924509376
21,51,0.17027123343301365,0.827099675208492,0.8554291958952396,0.6591070090665203,0.15781692037014772,0.07068162140979474,0.036054159848947546,0.1605582026235577,0.8,1.0,0.4,140,18.100661886917987,6.880387771675359
21,52,0.169956200077715,0.8260100746777754,0.8542926745247732,0.658726603331313,0.1635586983370336,0.07043713207851396,0.03612988401715504,0.16041240354429678,0.8,1.0,0.4,141,18.12570959600381,6.883046010686575
21,53,0.17203883855581073,0.8332660767889464,0.8700107823362333,0.686834861988344,0.20199041557575548,0.07079133860688773,0.03572877007337913,0.16791414838709823,0.8,1.0,0.4,142,18.23972847328929,7.260294962351115
21,54,0.16647134847533174,0.8225471452638251,0.8589849309057762,0.6963556307917979,0.2009415028219944,0.07116559961641182,0.03648516199370786,0.15338205148147666,0.8,1.0,0.4,143,17.93005420585489,7.380855234750373
21,55,0.17751255066203092,0.8330614448503499,0.8694680151653947,0.7281257793705,0.1664215108112173,0.07170301123735971,0.03719309342674253,0.1783388058922376,0.8,1.0,0.4,153,17.895502207491525,7.24886802891092
21,56,0.16897896094672393,0.8236182400571235,0.8599710054219989,0.6987115131235642,0.16453175760477284,0.07080268202906129,0.038575235711460834,0.1556893150702411,0.8,1.0,0.4,154,17.43247102349017,9.985826464099745
21,57,0.17226875373556833,0.8263680585498535,0.8626889116605296,0.7127391850116465,0.1660445203856093,0.07097178595978715,0.03751865317600937,0.16641624021110474,0.8,1.0,0.4,155,18.21883573953749,7.455757966615421
21,58,0.16982796295705194,0.8415093208084535,0.8992763692313925,0.7861195150042534,0.16742922502580218,0.07280873887189536,0.03635552655724877,0.16204343282096237,0.8,1.0,0.4,163,18.07046041395607,7.286502959185685
21,59,0.1698212467785159,0.8414542977412545,0.8992185401971254,0.786106616660533,0.1594680901013392,0.07280873874608529,0.03635520191579582,0.16204343396065443,0.8,1.0,0.4,171,18.06346555688245,7.323311636643458
21,60,0.1813438068504592,0.8556741235180874,0.9176806219557271,0.8525885236339885,0.19000346640328822,0.0690703117643921,0.04113836179516615,0.18710188046794834,0.8,1.0,0.4,172,17.933734370704784,7.034287945964178
21,61,0.17021974656308436,0.8443012779403508,0.906293313766629,0.8414348964562491,0.1609013459647153,0.06909876398357127,0.0399540850291646,0.16227519301237744,0.8,1.0,0.4,175,17.938345355450128,7.931509968048951
21,62,0.17619625267467928,0.8547425015936383,0.9210797208821028,0.8612660843762692,0.17030886928148234,0.06939015191400096,0.04145611823366588,0.17303126105865155,0.8,1.0,0.4,176,17.85846469184626,6.894516027712588
21,63,0.16383349102982073,0.8317118012151411,0.8892578219542351,0.8321623677564723,0.15582069736177537,0.07014046607875453,0.03620988577657725,0.15398396177684484,0.8,1.0,0.4,180,17.99359814593468,7.637107726069675
21,64,0.17582551913224487,0.8583050497526247,0.9289566876058611,0.8874940076962025,0.16644317642301443,0.07080240679888951,0.04561876069407482,0.15919242357433497,0.8,1.0,0.4,183,17.870205682608614,6.873482398517022
21,65,0.16201479201333016,0.8392382280205456,0.905498781074888,0.8859832395385099,0.15264119271480803,0.07092425682688269,0.03969733127098187,0.13932256948086597,0.8,1.0,0.4,189,17.88201119448731,7.481354155517872
21,66,0.16226969616829667,0.8394362811123401,0.9056935447527279,0.8862311556128402,0.15268214846740147,0.07093200280319735,0.0400902000162819,0.1389798556452511,0.8,1.0,0.4,191,17.882713095020755,7.48232873803579
21,67,0.18324624832179773,0.8741207829480222,0.9534320039568073,0.9759512817829386,0.17840149359393193,0.07130446683356984,0.047368592325105194,0.1728297860615524,0.8,1.0,0.4,193,17.79268472333147,7.060061954142808
22,0,0.6147794641926349,0.9562007791174717,0.9539460052002914,0.05448914551080913,0.0,0.0,0.0,0.0,0.8,1.0,0.4,1,30.35630792276748,66.90627723068314
22,1,0.43426431530947945,0.9642635838156428,0.959856059473635,0.09873756335702076,0.21266289422420798,0.06221968620474443,6.992898632203999e-05,8.844503255730001e-05,0.8,1.0,0.4,3,21.396750614083512,43.7874814633996
22,2,0.28029940716232626,0.9225195699562976,0.9156395671802231,0.09682693051757005,0.24313298564391614,0.06968113812347888,0.00027971594528817,0.00035378013022920003,0.8,1.0,0.4,5,13.835445974018167,23.396220547306108
22,3,0.1777180946450526,0.8763976079084858,0.8704428929531464,0.10564703854398476,0.3327795835355995,0.08901526389204209,0.00047425688204863004,0.00096517365986007,0.8,1.0,0.4,7,7.305470188697334,5.074388367229619
22,4,0.16227508109742456,0.8572919294727033,0.8463888179823655,0.10012128362737209,0.1125835167583953,0.08523905170752326,0.00053462797543904,0.0009065213005496999,0.8,1.0,0.4,9,6.196518104695349,2.5810202300901195
22,5,0.1622733508429535,0.8622372956093778,0.8557072400302322,0.11601308951778336,0.06909487067904029,0.08523905170752326,0.00053462797543905,0.0009065213005496999,0.8,1.0,0.4,11,6.189480555424933,2.57098391875374
22,6,0.15899173429194544,0.8540944949961539,0.8430549856600867,0.10821646265458502,0.0788572757266124,0.08478972917307588,0.00045271822010053004,0.00063828504671027,0.8,1.0,0.4,13,7.652975627231261,6.59199360398034
22,7,0.19318777313625865,0.8928966297123448,0.8857415856775267,0.1602152372951761,0.1858344273496583,0.08231833521657735,0.02519107818226684,0.052104967114726695,0.8,1.0,0.4,14,5.10845732049042,1.580702935438413
22,8,0.11652418623429413,0.8078484598135353,0.7989181617963494,0.10704134969087604,0.19553020281441613,0.06289226746789912,0.00872737387558606,0.00570964353258286,0.8,1.0,0.4,16,8.068223569871344,7.967961914816684
22,9,0.1168559909499101,0.8075939874117326,0.7985853632131354,0.11024277903255045,0.07443772674338242,0.06575474963894894,0.0077594717709786,0.005572021962330189,0.8,1.0,0.4,17,9.262602873068856,11.836291634186788
22,10,0.11386501767203742,0.8086353170277238,0.8038816514460101,0.11753983793670673,0.06992126082929714,0.06399397619633164,0.00752096980428998,0.00566631075745246,0.8,1.0,0.4,19,9.315496543847011,12.71439836500011
22,11,0.10747616829624469,0.7993701962394829,0.7942701803571435,0.12564635635186228,0.07591861092675295,0.05794493506009537,0.009686569032000231,0.00600706712236408,0.8,1.0,0.4,22,7.41817906303929,7.85388341702871
22,12,0.10883313606854231,0.8001336481161153,0.7949445981599862,0.12217886085883348,0.07718658789001479,0.05679232572927499,0.01011570768547029,0.01347179187211873,0.8,1.0,0.4,23,12.397642200797945,15.85759055380519
22,13,0.11183198540538254,0.7967268473818289,0.7908934461113201,0.13299706143046303,0.11735854629034496,0.06466351015521639,0.0114834506648077,0.01708492759963877,0.8,1.0,0.4,25,13.331534726859829,14.581407364965033
22,14,0.1017803500866744,0.7825192918505806,0.7762967978531696,0.12922672731825063,0.12227080456089319,0.05691068069038831,0.01124295623028558,0.01656840452082932,0.8,1.0,0.4,26,13.82623406574186,16.24153565946258
22,15,0.1095564584163932,0.7883107070054233,0.7819108146955207,0.15868358122347576,0.07801903767169746,0.05696189156092988,0.02086709126285103,0.01549983082053391,0.8,1.0,0.4,31,9.323813733374804,12.340905286377636
22,16,0.15912270009975005,0.827310010732854,0.8160529871621494,0.20866128238807952,0.200883978900169,0.11417920049976327,0.028208296787691878,0.01608123398049124,0.8,1.0,0.4,32,2.747656422775175,4.808091730192121
22,17,0.15907286192565862,0.8272489145132713,0.8159911137033163,0.21112520385390218,0.12601604932577098,0.11416541013035936,0.028185096938071502,0.016051533542619758,0.8,1.0,0.4,33,2.784835584226969,4.928688230744146
22,18,0.1565792747316572,0.8224872779697325,0.8110406531017637,0.2207360728902703,0.13481771764535505,0.11463542113155933,0.020476454084479758,0.03164873963882822,0.8,1.0,0.4,36,2.9968072334250846,4.243703668486769
22,19,0.15723450936514874,0.8154105277422518,0.8033653348448627,0.22128319807514732,0.2201717700770304,0.11368725993008016,0.031516549769438226,0.01732152317051865,0.8,1.0,0.4,37,2.440320892334559,3.795707150442216
22,20,0.15564814530599905,0.813672380292762,0.8056343294848916,0.2267432992585108,0.18178982051353174,0.1137942024310816,0.03171454258584585,0.01767422944995667,0.8,1.0,0.4,38,1.8993514072462443,3.118127668636547
22,21,0.15610863572397116,0.8037817103951024,0.7909721938831586,0.23129981517345205,0.1544866355254828,0.11306978698431265,0.03483376898413902,0.01830889286948271,0.8,1.0,0.4,41,2.4355062990609366,3.730311252449973
22,22,0.15919941075250915,0.8072218351623787,0.7984795542361843,0.2414194629493071,0.17791056344034883,0.12127911431029766,0.032393197480511546,0.01908125936792838,0.8,1.0,0.4,42,1.7550217801338683,0.9619192181136196
22,23,0.16442759156387968,0.8116207701214618,0.8028217798211853,0.24667776196970595,0.15112650396840088,0.12249976014340988,0.035290733093718,0.02314760677449485,0.8,1.0,0.4,43,1.7249969635237368,1.0800133472616946
22,24,0.14856166742200902,0.7769037600730117,0.7668679491983765,0.23592087376354656,0.31890545435954526,0.12415055377262352,0.01898613391966274,0.03387929250687475,0.8,1.0,0.4,44,1.5822653757302216,0.7891542670733191
22,25,0.14493610969835724,0.7695731990014489,0.7593016510896134,0.27456289219329794,0.13221062326294336,0.10195884389904737,0.03060794797564582,0.0423291951399527,0.8,1.0,0.4,56,2.3053457594312263,8.093815214460903
22,26,0.1488316766944076,0.7692283079600797,0.7586906365740562,0.2864083746239265,0.14441468438174665,0.10165355961960473,0.03435821993502193,0.04562634213788744,0.8,1.0,0.4,60,2.011049373612272,6.441023861873087
22,27,0.14032080612256106,0.7589203977273714,0.7523464963300248,0.2855815262613097,0.15594452611990467,0.09879646449054474,0.02738520066615106,0.05051757007370965,0.8,1.0,0.4,62,2.584082508912438,11.15538597875739
22,28,0.14145126131185873,0.7573058029027372,0.7505654015823614,0.2920953065150772,0.15346394271963715,0.11256485749290349,0.028160465832304332,0.02509173110756263,0.8,1.0,0.4,63,2.248915169396935,4.983652967276989
22,29,0.14145126131185873,0.7573058029027372,0.7505654015823614,0.30609723064152206,0.12824927717762286,0.11256485749290349,0.028160465832304332,0.02509173110756263,0.8,1.0,0.4,67,2.248915169396935,4.983652967276989
22,30,0.145708625609518,0.7477914401627921,0.7361491913964721,0.30445750787859105,0.1607317936231024,0.09859535170080964,0.04481921933018919,0.02564007202679568,0.8,1.0,0.4,70,1.4077246251469635,5.155933641889652
22,31,0.1469578529101471,0.7556496619680121,0.7525598998380062,0.31322852325448575,0.16458160001281077,0.10501554330178957,0.03825434257918406,0.03353559615576255,0.8,1.0,0.4,71,2.0815360406244645,6.796486432950701
22,32,0.15701896974220475,0.7546711881570063,0.7427672349606025,0.3283896978474211,0.14859019149487168,0.10629734544907517,0.04889159749390985,0.0299635543165842,0.8,1.0,0.4,75,1.0690462751644292,2.6386270640396106
22,33,0.15012479711490878,0.7471352684800452,0.7351929111682309,0.3293069179412041,0.14130613099930972,0.098317549305113,0.04944201141479286,0.02757256274326226,0.8,1.0,0.4,78,1.1693453567741046,4.13661441686169
22,34,0.14371854382273913,0.7375814754117485,0.7295411151722847,0.3351091436356945,0.1688129585155958,0.09787372689768839,0.04527729451003285,0.02550108614574781,0.8,1.0,0.4,80,1.5025325363677304,5.78432181065376
22,35,0.4920047858201997,1.1224825952328872,1.1492562872405938,0.9782286156317646,0.4828334377529427,0.12422325139409288,0.02595966880399137,0.8927240748237507,0.8,1.0,0.4,144,3.635295168098085,6.972988334706311
22,36,0.4938438758074426,1.1229077737315567,1.1496000116164315,0.9832591976160843,0.49673299133814924,0.12873592247958865,0.026195689837138242,0.8881278522324013,0.8,1.0,0.4,145,3.116681794539101,7.931155132905064
22,37,0.8660889784186548,1.4999907789307536,1.5310498964294146,1.3641852062050206,0.8569309912945942,0.5380838442789757,0.026226409282745312,1.0,0.8,1.0,0.4,149,3.135682822330016,8.244653588445397
22,38,0.8647400726593957,1.4979234235749441,1.5289412126371658,1.3693905332040885,0.8616771826108915,0.5368360478018698,0.02596008087666315,1.0,0.8,1.0,0.4,150,3.1881964102009204,4.661116108201965
22,39,0.8646863987642859,1.4973013213382975,1.528286429314039,1.3854526267487548,0.8603795960977446,0.5368781949680207,0.02593884036490194,1.0,0.8,1.0,0.4,151,3.1784550434954624,4.715846764367543
23,0,0.7573852327615975,0.9747762850995954,0.9734777490566139,0.05858749729384325,0.0,0.0,0.0,0.0,0.8,1.0,0.4,1,17.921323748703006,64.2219463341832
23,1,0.5559582883005662,0.9972713274112359,0.9940298105206378,0.11409382438136907,0.2071577572558511,0.0751506748765948,7.401167200005e-05,0.00010884141820262,0.8,1.0,0.4,3,11.526419860300264,42.28413436794045
23,2,0.5283461021663725,0.9941267685504536,0.990728571969721,0.11593897750357841,0.09972147763779447,0.07242564246381003,0.00121953384560783,0.00244520368349999,0.8,1.0,0.4,4,10.2305073885184,41.08204030916486
23,3,0.2490027503635965,0.9144734682890772,0.91127021052442,0.09719975584361717,0.6735772686800892,0.06962330387776323,0.0006454633147971801,0.00089124049105867,0.8,1.0,0.4,5,4.218711426236396,9.329315207874052
23,4,0.2326209634672605,0.9068862619966107,0.9032667178384512,0.09592843429625184,0.12089376378657224,0.07002963087188568,0.0007577603529945801,0.00104629758752424,0.8,1.0,0.4,6,3.889976295101182,7.348059073371478
23,5,0.21031802853092335,0.8970742090566703,0.8927371237535613,0.10193648787327458,0.17452871587969931,0.07525822798676832,0.00071947498679724,0.0010000819092613,0.8,1.0,0.4,7,3.22364568316214,2.973175012937722
23,6,0.2005767581157422,0.8867288478298532,0.8775346001778633,0.10414379442309464,0.13242312021785185,0.07779972777949205,0.0016923464130118402,0.0034926536505771504,0.8,1.0,0.4,8,6.9854446687915726,65.75199056148006
23,7,0.1920818147134751,0.8895850146371425,0.8889808751188439,0.11556192348537281,0.08474100360268248,0.07525822798676832,0.00071947498679724,0.0010000819092612898,0.8,1.0,0.4,9,2.994857640862744,1.9401390205938889
23,8,0.18068512378587992,0.8731530736709339,0.863119503376723,0.10678541300741454,0.17151847534778994,0.08076947743098303,0.00191438142901202,0.0038191779051849903,0.8,1.0,0.4,10,9.149977912277514,88.64312791338261
23,9,0.17440874410212628,0.8728443571767482,0.8669537896688176,0.12101008166106231,0.08460098080453736,0.08081139127183139,0.0014675167228642,0.00289163322907915,0.8,1.0,0.4,12,6.677815517657205,53.61916407546416
23,10,0.16921596739644998,0.8685047797924194,0.8623751461611981,0.1251132046048699,0.0858336844413353,0.08045114093799569,0.0016912461476961,0.00381308632743363,0.8,1.0,0.4,14,7.0559195710605485,58.52625848991922
23,11,0.1655148768288951,0.8651903710342674,0.8588699761751252,0.12945832600150714,0.07746444251138655,0.0803798232909479,0.00209241276281643,0.003930380775012151,0.8,1.0,0.4,17,6.756101884459789,69.36678794087507
23,12,0.1617731833172684,0.8617978769859996,0.8549246571058361,0.15094928180777248,0.15896325174251216,0.08461757381665957,0.00539974941073112,0.00555271397292089,0.8,1.0,0.4,18,8.472506907897555,75.10828485239615
23,13,0.14920327151994073,0.8475518801211648,0.8398850132353839,0.16227362257579447,0.1364766416859028,0.0868134404830944,0.00503374373232182,0.00500316778176254,0.8,1.0,0.4,20,7.733560398554939,51.08652869329023
23,14,0.14438939321771932,0.8470919562858887,0.8436430363031217,0.15877998559846482,0.08583657609839256,0.08353579364643593,0.00518179558614856,0.00520951720777185,0.8,1.0,0.4,22,8.217906253596011,54.367694403379474
23,15,0.1463779661052845,0.8532600351210912,0.8540075184058671,0.17055097957377613,0.09214857473999781,0.08426354169397814,0.008402674797279571,0.00733768921000789,0.8,1.0,0.4,24,9.19804678204822,59.19398515456133
23,16,0.14354856638510852,0.840193015976078,0.8321186426138061,0.1638196258717824,0.0886611856205978,0.08635794395994122,0.0056430329526791,0.00578446064478772,0.8,1.0,0.4,25,8.895458834608043,77.83837015903954
23,17,0.14230919334583333,0.8329936126864828,0.8203565177660878,0.1725541826096606,0.1068668196825643,0.08662605115946376,0.00675538701636022,0.00604151613100556,0.8,1.0,0.4,26,8.74174244355822,80.40911446764821
23,18,0.14226176365864465,0.8378743631163923,0.8296070212707435,0.18084880046013085,0.07873039117909904,0.08662605115946376,0.00675538701636022,0.0060415161310055495,0.8,1.0,0.4,28,8.716193590370604,80.32031765871376
23,19,0.14116402333884118,0.8464834218993659,0.8469287142667677,0.17986287397789982,0.08293744801902703,0.08685209010490973,0.00602942891794054,0.00582776166711818,0.8,1.0,0.4,29,9.011283539990751,80.95996123697265
23,20,0.1397491738956195,0.8390145564978323,0.8348986708998909,0.1917148578956636,0.09319254873512722,0.08742651686044796,0.00681613232308845,0.00553824887510517,0.8,1.0,0.4,31,7.491115316834574,67.70144479219177
23,21,0.13471987713345807,0.8413545712598481,0.8456072024719768,0.20989295593440999,0.10735982121250057,0.08744749959879955,0.006530610932842,0.0056720572432984,0.8,1.0,0.4,33,6.781150793770808,55.231678233933295
23,22,0.1343600816461164,0.830879504656982,0.8263559080494615,0.17177057667296924,0.08322783145375574,0.08744749959879952,0.006530610932842,0.0056720572432984,0.8,1.0,0.4,34,6.823955820389042,55.40022043260554
23,23,0.13456527940782875,0.8448452876136916,0.8532969813473947,0.2198703822691829,0.10246702707936736,0.08946869477930812,0.0066485224259050305,0.00614836198617018,0.8,1.0,0.4,35,7.285206368023661,58.50102134551861
23,24,0.13048052138045269,0.8308617595703152,0.8305650194407526,0.22159125699549176,0.07671390271941932,0.07508567767580325,0.0136081405754504,0.0073955047463069,0.8,1.0,0.4,41,5.839488655300891,7.748615862781515
23,25,0.12981286510508705,0.8345651921140614,0.8385689529474406,0.23096279226552874,0.08222212578832078,0.07517355029890116,0.013698124824373001,0.00741420065434459,0.8,1.0,0.4,43,5.880012953994456,7.918179646955908
23,26,0.12748684015450976,0.8251028799307194,0.8244651413922787,0.24312654071371373,0.11820966420325305,0.07587178164160605,0.0125241677075972,0.0106962108485764,0.8,1.0,0.4,44,6.811188709718211,6.395315080378859
23,27,0.1262631608752311,0.8228294244547422,0.8220710798266201,0.24267333852628387,0.09573188700266484,0.07695055813864445,0.0118667675869948,0.010354836855394869,0.8,1.0,0.4,45,6.58322930999907,6.073078317169353
23,28,0.12553091371715988,0.8262567358972397,0.8297828872428274,0.2521929386021686,0.09121077823363645,0.07652429677569644,0.01251274494177743,0.01009930036796089,0.8,1.0,0.4,46,6.9656974250325465,5.971276950734476
23,29,0.14262838056069138,0.8366012120212272,0.8355569465930085,0.22446170000830012,0.12705633831264956,0.08530139455441296,0.0143202867492089,0.035834088031824265,0.8,1.0,0.4,47,3.3070296085784388,5.266944299368894
23,30,0.299564506302252,0.9859043132362385,0.9920137506795372,0.4438730122094596,0.328457872716334,0.08476425070045265,0.09253760418834563,0.26723042806847286,0.8,1.0,0.4,51,4.598349188499712,10.916420465201377
23,31,0.29781322124090404,0.9787888712116597,0.9804915472547614,0.454682779447434,0.26813417372604254,0.08266264044506172,0.09256626716176404,0.26757351878801455,0.8,1.0,0.4,53,4.184543557273297,9.772747182992822
23,32,0.29796675193712474,0.9798313499461495,0.9855866901064314,0.4656642098168538,0.2897126548204857,0.08567111854022846,0.09254736114597166,0.26740613359633203,0.8,1.0,0.4,55,3.903489455393458,11.07219748455563
23,33,0.28572387581172154,0.9798794670338989,0.9866490083578193,0.4434851557501842,0.25970904170483994,0.104190632530491,0.09276424924849644,0.18069292183199767,0.8,1.0,0.4,57,4.197439400535821,13.929547367606594
23,34,0.29482830696421225,0.9717202372692887,0.9770977213980937,0.46326895811103486,0.3086282700981767,0.0847780401337888,0.09260497330412214,0.2671204237795347,0.8,1.0,0.4,58,4.490616231129464,10.979877918488304
23,35,0.2471897445516364,0.9439583697459789,0.9588558658217232,0.4141863500589393,0.22077650986167685,0.10004995438129895,0.07520504811828209,0.148363675830904,0.8,1.0,0.4,69,3.575616235049384,15.477332819122992
23,36,0.250619506304281,0.9353218115695432,0.9492914112127253,0.4882571331106791,0.26511885329432416,0.09860941398089476,0.07850507795605326,0.16646524067933785,0.8,1.0,0.4,70,3.5066765955446018,14.318218602438469
23,37,0.2506195141520408,0.94026883839027,0.958611599236346,0.49932638170614957,0.22397878863541038,0.09860941398089479,0.0785050779560533,0.1664652406793378,0.8,1.0,0.4,72,3.5066772265633688,14.318224534667332
23,38,0.2470907790354137,0.9343161679232045,0.9524822509657712,0.5026989304048349,0.23743373964153974,0.09511221740156989,0.07873736596956221,0.1665769353361944,0.8,1.0,0.4,74,3.655870982453493,14.202737225636133
23,39,0.25203458716508126,0.9366891063523741,0.9586824367214188,0.5297804977578647,0.23895867457602618,0.08386962909467359,0.08087336340057658,0.20379877471912922,0.8,1.0,0.4,75,3.4294440220865483,11.755248338849643
23,40,0.25345391821828567,0.931119619281953,0.9526463578132682,0.5346140030213006,0.25036269475204387,0.0879461990409863,0.0809861628473494,0.20409896167907204,0.8,1.0,0.4,78,3.2859258309746595,10.72186170813914
23,41,0.24749701095914972,0.9458623002351573,0.9728651954156959,0.5526961255480933,0.2283120391460935,0.10571076012260354,0.07746109959558603,0.14830612733173684,0.8,1.0,0.4,82,3.7612275576445007,12.183287795306171
23,42,0.2424354889805167,0.931243705584758,0.9535419827657468,0.546627425556445,0.2663646514012305,0.10129818428820236,0.0781255011433678,0.14738847930496451,0.8,1.0,0.4,85,3.438022214878532,12.437264567576037
23,43,0.2505840436861998,0.9225751382025996,0.9599725535213454,0.6194042434898984,0.2430562465500251,0.08891554802809891,0.08312171825002283,0.2047580832158194,0.8,1.0,0.4,96,3.113936940976826,11.060802526289518
23,44,0.24891928299641186,0.9201164902830697,0.957465187958725,0.6333964161621704,0.23507984988061098,0.08537682263382257,0.08375351054594957,0.20647557799068506,0.8,1.0,0.4,97,2.9016463505700565,11.259923806570926
23,45,0.24645543933836844,0.9138268586553107,0.9509382079719874,0.5691792105792362,0.2462693481898336,0.08559598992117072,0.08162514460224349,0.2071605947064928,0.8,1.0,0.4,102,3.88651748226906,8.793435259231225
23,46,0.24645543918648122,0.9138268586553108,0.9509382079719875,0.5691792105792362,0.23296661228348053,0.08559598992117079,0.08162514460224349,0.2071605947064928,0.8,1.0,0.4,104,3.8865174866045233,8.793435287240836
23,47,0.24525702230142593,0.9150155310086128,0.9604250479284713,0.5892418475556512,0.3159403100067096,0.08559598992117061,0.08162514460224392,0.2071605947064928,0.8,1.0,0.4,105,4.005442353208492,9.363480723563152
23,48,0.2484867731221305,0.9203771966749383,0.9699922319991081,0.6165420103890749,0.24194906000418703,0.0911082405006743,0.08350758753209311,0.2006080633143313,0.8,1.0,0.4,108,3.039880589195894,10.875292138510286
23,49,0.2461210663089225,0.8982164869013379,0.9425885320143029,0.6169440330330923,0.28959330431406816,0.0892966238025735,0.08289915880800962,0.2049599009904381,0.8,1.0,0.4,110,3.3607357522682597,10.039670019928153
23,50,0.24612106591876465,0.9081105405427917,0.96122891326324,0.6387724285293964,0.23632068746102697,0.0892966238025734,0.08289915880800974,0.2049599009904381,0.8,1.0,0.4,112,3.3607358663801663,10.03967075497747
23,51,0.24435082118668594,0.9010832925576219,0.9498104932713135,0.635887874873833,0.2567043412755934,0.08517426402585698,0.08377641630373514,0.20668445785855308,0.8,1.0,0.4,113,3.10029403253902,10.40737474498209
23,52,0.24443168773628116,0.9023740410617971,0.955259007977438,0.6474822690022723,0.23931434772819088,0.08593182790506064,0.08347035470554953,0.2072548004247332,0.8,1.0,0.4,115,3.17100908175071,10.426606485403449
23,53,0.2460736747784819,0.9165418429230916,0.9824133877964986,0.7634950089613712,0.2378951261527908,0.08870698649786905,0.08302704506156365,0.20758337065611937,0.8,1.0,0.4,145,2.7670319177504985,11.850737184118405
23,54,0.24552822122961,0.9146128686497592,0.9804052210843937,0.7665138195533597,0.2478859867579607,0.08879201910044368,0.08260526794370224,0.2074917540522796,0.8,1.0,0.4,146,2.7018190866295524,11.851958578719586
23,55,0.248676307251472,0.9451676797079172,1.037069059033111,0.9775638034123082,0.24065968759458917,0.09137090039118351,0.08564641925459338,0.20322293690960708,0.8,1.0,0.4,192,2.547990893182567,11.626331255889262
23,56,0.24886897129720445,0.9501238939118296,1.0463879918587302,1.016855864470446,0.24085471082801319,0.09137143813551867,0.08585855774256632,0.2032224548291917,0.8,1.0,0.4,195,2.545134778840445,11.627430575528264
24,0,0.8962725534907794,0.9897691294384706,0.9892424767677306,0.06189571591292335,0.0,0.0,0.0,0.0,0.8,1.0,0.4,1,6.160310664729566,66.28591209960818
24,1,0.6474288699802075,1.0161017393587106,1.0136017883321293,0.12169813100242881,0.21387049675960937,0.08064019452829399,8.454782119215e-05,0.00016642565032995,0.8,1.0,0.4,3,4.120575657427832,42.57662803284672
24,2,0.5147711660694358,1.00606957899372,1.0022173151680926,0.13459931255779536,0.28543616758658935,0.0969404773062698,0.0011631359990622399,0.00546423079891123,0.8,1.0,0.4,4,4.25111341134431,9.772496391866364
24,3,0.23802183716560976,0.9191234022173018,0.9150832262177042,0.11448198865838732,0.7673720652981476,0.09464378137277737,0.00105910158960678,0.00208475710350008,0.8,1.0,0.4,5,3.1865318087044123,7.258913091910385
24,4,0.21273481629991295,0.904356796829853,0.8994787971451187,0.11730474818385406,0.14246612271615033,0.09635483167958553,0.00113985169757817,0.0022311213913982697,0.8,1.0,0.4,7,3.693252489629828,2.9103613687899696
24,5,0.21012901941795908,0.9074083474003561,0.9068285978802249,0.12328054986309153,0.08433891062227025,0.09610263245677718,0.00100632816925485,0.00196829096333726,0.8,1.0,0.4,9,3.383620426264528,2.9875277748070665
24,6,0.20635692937181524,0.9051986057069246,0.9044393276675106,0.13214568962223486,0.08900660990556104,0.09767770579869656,0.0008724861087689099,0.00234821311369582,0.8,1.0,0.4,12,3.4721477724470016,2.4619413998141235
24,7,0.20517837287522053,0.9053061171024938,0.9043786147209979,0.14120520301215517,0.09604480562455643,0.10170294800537323,0.00110812845148652,0.0021452305157175803,0.8,1.0,0.4,14,4.703139735725337,3.972970984641484
24,8,0.20517838041221995,0.9102531439232205,0.9136988053454665,0.14789801791021828,0.08332860563281105,0.10170294800537323,0.00110812845148652,0.0021452305157175803,0.8,1.0,0.4,16,4.703138097513367,3.972967381752538
24,9,0.19893417005630992,0.905004428627199,0.9083023666153052,0.15060696001742646,0.10329465133533147,0.09697500585988182,0.00164055975500987,0.00432230905701958,0.8,1.0,0.4,17,3.5120960680214326,2.767418864650117
24,10,0.19296727405361214,0.9005022147462727,0.9035388966152681,0.1528640008155841,0.1210534203957324,0.09734711529392383,0.0018456468431504998,0.00449774699750511,0.8,1.0,0.4,18,2.6450026845975785,0.9375094112115356
24,11,0.19117198214336473,0.903992262386675,0.9113292005310597,0.1597225572837529,0.08698075456249921,0.09730264581281957,0.00184136092424311,0.00449475747802245,0.8,1.0,0.4,20,2.9760239059834834,1.443792412537138
24,12,0.19093864596015767,0.9037830599650494,0.9111146053367,0.1624764456094826,0.08219085702265574,0.09720977718923914,0.00183856705836355,0.00442603107406591,0.8,1.0,0.4,21,2.955934673387969,1.4510403736098785
24,13,0.1810228635122137,0.8905629937786014,0.8930044644008976,0.1659301779217549,0.16132133221784475,0.08833455670899612,0.00520451038093297,0.01818261369157895,0.8,1.0,0.4,22,3.7686996563052566,3.361254007508573
24,14,0.17626456577129135,0.8957936036247777,0.9061557809160578,0.21283861747709673,0.11533119117732789,0.09412580014476335,0.00762144390251881,0.02899578665149729,0.8,1.0,0.4,28,4.203051039770678,4.66010545991446
24,15,0.17419343752033148,0.8887549100268642,0.8947239897506943,0.21697518094322574,0.09592478274713317,0.09153385920398432,0.00798465656368544,0.02900859175604702,0.8,1.0,0.4,29,3.5476981368789517,3.204255363782398
24,16,0.27845439893748686,1.0026414589262815,1.0172235672096683,0.31649737488513285,0.20343327216881935,0.09681742899179778,0.04958216148392414,0.1809017743685064,0.8,1.0,0.4,34,2.5579155342141053,3.1176752023823995
24,17,0.27897025796234415,1.0031112906233324,1.0176722816336932,0.32572781346052265,0.201822857404809,0.09814309774367533,0.04887257415462572,0.18222502297525184,0.8,1.0,0.4,36,4.283127124214369,1.3038090102089577
24,18,0.6723098399217897,1.3904526933243428,1.403686583878984,0.7362486793840409,0.814181163455707,0.0987013172403081,0.21890324314263027,0.7888337356254509,0.8,1.0,0.4,37,3.299380270750596,6.811264489978069
24,19,0.6140194384609494,1.3360130830777979,1.3534587825762046,0.6910839248419726,0.581534957666215,0.10349560403188351,0.17583380371233842,0.7462883321078647,0.8,1.0,0.4,38,2.542675535241633,13.21450889952698
24,20,0.720008845084294,1.4389990612674077,1.456046540749553,0.7969397908201419,0.7279707137147924,0.10350185923301806,0.21487173709597104,0.9254847882244617,0.8,1.0,0.4,39,3.1774283274327404,14.90806889547512
24,21,0.7200088499456183,1.4439460925280718,1.4653667618224384,0.8153155043428343,0.667867185604053,0.10350185765527012,0.21487173122516082,0.9254848171568255,0.8,1.0,0.4,42,3.1774283221486264,14.90807049470328
24,22,0.7199925584875733,1.4438960017720264,1.4653124384624514,0.8153294376209742,0.6685381490035476,0.10346956598471138,0.21488650377526172,0.9255911006357109,0.8,1.0,0.4,43,3.207067046107382,14.98910123064085
24,23,0.28526000108296656,1.0032626924944283,1.0240110979839545,0.39125553705751553,0.2739986789578084,0.09482602182849313,0.05530623030387414,0.27268772289496923,0.8,1.0,0.4,46,14.470351896640556,2.532139729493097
24,24,0.2876640635930343,1.0101961593147122,1.0352755865875258,0.4029802678463119,0.24613709208024917,0.09512207468564338,0.056303709539484006,0.2766146706495077,0.8,1.0,0.4,48,15.87028291729272,2.675668145366136
24,25,0.2844540027299471,1.0069570360901519,1.0320334648383134,0.40899051064648756,0.24015128047836226,0.09445728791219866,0.0550388483516369,0.27315408767329313,0.8,1.0,0.4,50,14.741291981833848,3.8922195880642394
24,26,0.16423740635616235,0.8940943344336308,0.9276621322826122,0.3565730217384089,0.12412167670064286,0.09403761369059045,0.01999053625015281,0.06710367130617108,0.8,1.0,0.4,68,3.420147087571884,3.033697965430119
24,27,0.16423743917546826,0.8990413960509749,0.9369823837121773,0.3668778955664775,0.12342806914681749,0.09403763357308921,0.019990540891310728,0.06710370692982162,0.8,1.0,0.4,70,3.42015096400885,3.0336932963213856
24,28,0.13951404264486855,0.8868491287054577,0.9376879253756534,0.4376050359006426,0.10112379726773799,0.07345503653750265,0.02293785314310463,0.04408121986601497,0.8,1.0,0.4,88,3.448664609929296,3.6344424517170575
24,29,0.13718377003534704,0.8888924075398027,0.9440512446269405,0.4431618780137543,0.10541552176738739,0.07247442222867981,0.022792751083785277,0.041725319477459735,0.8,1.0,0.4,89,2.810547521847405,3.440848723958569
24,30,0.13718377015245248,0.8888924076679251,0.9440512447550629,0.44671903379383565,0.09746251458954007,0.07247442209486632,0.02279275115301357,0.04172531989232199,0.8,1.0,0.4,90,2.8105475391625645,3.4408487251669437
24,31,0.13704050203900767,0.8886259479096311,0.943773323932188,0.4501826990262171,0.09914685343173775,0.07241445439635995,0.02279853808527878,0.04172007132851973,0.8,1.0,0.4,91,2.771207805840611,3.490438177962024
24,32,0.13724932051553348,0.8935312669522696,0.9530286157848255,0.4581730800978516,0.10134773187673787,0.07296545174492686,0.02280382605352651,0.04162853142247811,0.8,1.0,0.4,92,3.043582796433077,3.512920273560302
24,33,0.13782951869419685,0.879600674357639,0.9299393217481141,0.4527070191883809,0.1258527551305076,0.07361376087232559,0.025093590695706852,0.04454239978102229,0.8,1.0,0.4,94,3.4079789360473765,3.5257587627448337
24,34,0.13782955421282744,0.8845477451034345,0.9392595374262416,0.45901079761220137,0.10180180441742027,0.07361378188036703,0.0250935911368478,0.044542419296234495,0.8,1.0,0.4,96,3.407978840845771,3.525758943912804
24,35,0.13782955434303618,0.8894947721406194,0.9485797542756477,0.4847214496211601,0.10180164325819545,0.07361378201829749,0.02509359117869945,0.044542419456889734,0.8,1.0,0.4,99,3.4079788530183546,3.525758951043246
24,36,0.144682248660177,0.9114483971286198,0.9876320769334064,0.520424881478237,0.18545173360786885,0.08361460688242653,0.0254750020751744,0.04813188114083553,0.8,1.0,0.4,100,2.626576216016257,3.49469348290829
24,37,0.14127250268830713,0.9044298034547803,0.9803232622455982,0.5288277450176053,0.12486649619999393,0.08406859935623114,0.02484940906822568,0.04533456327950426,0.8,1.0,0.4,103,3.025974193853494,3.764885365250476
24,38,0.1409953297291705,0.8982933454002285,0.9697418560235639,0.532400536976991,0.12129890405479278,0.08361656487371788,0.02511718386945755,0.04608192138228012,0.8,1.0,0.4,104,2.809959267747101,3.613279468600543
24,39,0.14152933009968183,0.908363834656465,0.9885307111759735,0.5558607935389787,0.11222087440278372,0.08443505322832927,0.025222594015750333,0.04598124984167461,0.8,1.0,0.4,108,2.4966330638273946,2.9474812513914523
24,40,0.22466361621760955,0.9661493835504172,1.0283990319063367,0.6423000803663571,0.22926831769827072,0.12121314388012103,0.03223147503386819,0.1694546820162395,0.8,1.0,0.4,110,5.640013515907693,1.1672390308555152
24,41,0.5189757427384003,1.2624243119370089,1.3288265705491324,0.9962249959016125,0.49537790536982007,0.0774387709027894,0.08358037518145518,0.8676629097966615,0.8,1.0,0.4,122,5.035529284358133,1.955573354789545
24,42,0.5011170920153897,1.243662261310672,1.3099986196362101,0.9856084764070938,0.4784358453878793,0.07797325336860364,0.0892958654043857,0.8085999289682227,0.8,1.0,0.4,125,2.3108855829073307,1.116426462728111
24,43,0.3423850745176612,1.093491692590074,1.1684778725099654,0.8455943676093766,0.3242396143016403,0.07618241255107223,0.05179048803236046,0.5104699296525922,0.8,1.0,0.4,127,2.6858355589444773,4.914829543114102
24,44,0.36638395442828114,1.1032272751786052,1.1691562734995244,0.8693319738023849,0.3896103088952255,0.07052285499197723,0.04622262048748577,0.5998795545285376,0.8,1.0,0.4,128,5.951297156320508,0.2699374625837963
24,45,0.15685126134294516,0.8780428425409927,0.9348270933023488,0.5823190740206656,0.16509511989468448,0.0774936455963406,0.03618211447836459,0.09216120363278837,0.8,1.0,0.4,130,8.761762943275023,22.9031241874693
24,46,0.15740715193211188,0.8799791139364239,0.9408953545473073,0.6061695765116731,0.14400865049140377,0.07924407579526313,0.0372654915762694,0.09013722209888873,0.8,1.0,0.4,135,8.853478224467354,23.0916045143058
24,47,0.5616212486831964,1.3182757312744307,1.4097675390761832,1.1624750474704593,0.5417872419260985,0.08231017577854459,0.07524508004001242,1.0,0.8,1.0,0.4,143,121.73607768255155,3.075454182826917
24,48,0.555001021245699,1.2905230554354454,1.376592225731469,1.1404767485848903,0.6974410766586348,0.08041995158391296,0.07433850748970341,1.0,0.8,1.0,0.4,144,122.04959980079347,3.1316576443187767
24,49,0.5523225600821731,1.2872943270726074,1.3814612278764664,1.1789745243556147,0.5521649638351115,0.08038036942644912,0.07384626513172135,1.0,0.8,1.0,0.4,151,122.33022913857566,3.142904290276018
24,50,0.552322560073218,1.2922413538933342,1.3907814185009348,1.192313226621899,0.5381513261895072,0.08038036942644908,0.07384626513172132,1.0,0.8,1.0,0.4,153,122.33022910347626,3.142904288419353
24,51,0.551679396256153,1.2915346721370762,1.3900708491014384,1.2032156797966316,0.5381091889718375,0.0801409768760459,0.07340663966875868,1.0,0.8,1.0,0.4,154,122.45891244204137,3.14263121111368
24,52,0.5522920635892872,1.297041268812472,1.3999473702421483,1.217221058052645,0.5383919521207683,0.08038459979229783,0.07383444549153081,1.0,0.8,1.0,0.4,156,122.36858271793068,3.1437170050553465
24,53,0.5516120301601645,1.2909086213232936,1.3894106080208162,1.2146560003828077,0.5422139893076957,0.07998461612898991,0.07356955477396503,1.0,0.8,1.0,0.4,157,122.31392708704333,3.1264584326563654
24,54,0.4240797216437542,1.1661674952653343,1.268911243618076,1.1986099060078024,0.41118225987426266,0.09635239091156744,0.11658427234801397,0.5418903870937237,0.8,1.0,0.4,179,7.847778817398374,1.4606762391576145
24,55,0.3254291497008841,1.0716689616155242,1.1787375265365492,1.066328113894854,0.3152219964211671,0.0831485029397432,0.0730025666735353,0.4309839120215271,0.8,1.0,0.4,181,65.25489171334146,3.309148093817516
24,56,0.3240773409360752,1.0688449906367983,1.1758243992073638,1.0830211507148513,0.3155702829813718,0.08123483025420761,0.0727899970632201,0.4326144029938478,0.8,1.0,0.4,184,66.78120865905431,3.396907140541175
24,57,0.6171109419321984,1.3633313069599535,1.4744733461814556,1.40654705029662,0.6073061817755973,0.1628916872064246,0.07413895893755099,1.0,0.8,1.0,0.4,195,9.492827732985775,3.692127117148177
24,58,0.6171135308310752,1.3732130812235028,1.4931005494981968,1.425798492655145,0.6045020429567938,0.1628912218203085,0.07414438525833597,1.0,0.8,1.0,0.4,198,9.492426864888778,3.69222564423534
24,59,0.6171114472772844,1.3682584829249755,1.4837724486076365,1.459024835436046,0.6045060341732235,0.16289122182029503,0.07414321118842976,1.0,0.8,1.0,0.4,199,9.49301016299482,3.692222719057283
25,0,0.8834470500183738,0.9884902894896892,0.9878977343467381,0.06162169295509778,0.0,0.0,0.0,0.0,0.8,1.0,0.4,1,7.600799118270353,60.23927917868316
25,1,0.6287127524376175,1.0090569217044336,1.0064470611124994,0.11631685358625357,0.21227534927688976,0.07450050947594394,8.549557863532e-05,0.00016878302722,0.8,1.0,0.4,3,5.205275529109706,41.9340031071147
25,2,0.5206710315411475,1.0251514174047296,1.0211194210090602,0.15639803003269315,0.3185539830413294,0.11821782550832427,0.00252179839617202,0.015945690123423208,0.8,1.0,0.4,4,5.118725467870969,40.02370014712736
25,3,0.2657449779428199,0.9299097906762397,0.9267531002065722,0.11189294792753195,0.6002154742285426,0.08697672138265847,0.00092239235201846,0.00182096169115731,0.8,1.0,0.4,5,1.664302267940256,9.809557951017696
25,4,0.24033091083823813,0.9220609914695913,0.9179835056046256,0.12290972365330625,0.15101300277475516,0.09936212369976563,0.0009458706290412201,0.00208592909808164,0.8,1.0,0.4,7,0.9769328422678902,2.0216165021642665
25,5,0.23941421113485437,0.9214067412372364,0.9173111686766333,0.1258294847311246,0.08364897975555649,0.09912225747655179,0.0008873357654221,0.00195549774289198,0.8,1.0,0.4,8,0.9860153211314396,2.234018811738242
25,6,0.23131233101924625,0.9102923258511202,0.9016886469392084,0.1183116142200638,0.09764321431327606,0.09525674595177071,0.00066097135479898,0.00138592513442097,0.8,1.0,0.4,9,0.9590881674068102,2.5124532386336758
25,7,0.23624051733340537,0.9207052625380607,0.9164420806816274,0.13192178304327817,0.08882477424906987,0.09806367049055824,0.0018882875795923602,0.007956117500231551,0.8,1.0,0.4,10,2.2085403433787665,5.37139438074181
25,8,0.23550318535110595,0.9151327014940493,0.9064826517185083,0.1317538613446949,0.08488222072504475,0.09806455411565247,0.00179286164548456,0.00729561771721068,0.8,1.0,0.4,11,1.641737017445435,5.013186794441419
25,9,0.23128350819224838,0.9228161464734347,0.9227609006739973,0.1480248387082412,0.10680546534979822,0.0984335849685162,0.00192936399619075,0.00804764675906987,0.8,1.0,0.4,12,1.5367805719942291,6.937849841404311
25,10,0.22665797096637072,0.9095516775632344,0.9006490334056911,0.1382247772589951,0.09013867984666715,0.10058555969752134,0.0009535706061323901,0.00266389783679579,0.8,1.0,0.4,14,1.2999722913879723,2.745650429256556
25,11,0.9066519331453229,1.596036628611449,1.5913733716971104,0.8381603351101989,0.7868386474231519,0.4534858897924839,0.0038360623768793,1.0,0.8,1.0,0.4,15,1.4519173651327706,5.0443512052608686
25,12,1.1710944184725984,1.8586916525899393,1.849342485095907,1.1045976908056203,1.087595705956138,0.7859482779893725,0.0115430603677864,1.0,0.8,1.0,0.4,16,1.6653769407829668,56.520364533536565
25,13,0.8741063418679255,1.5682192012860217,1.5630596140324577,0.8188583611195741,0.7623309652474919,0.43073014848767566,0.0038644048469598097,1.0,0.8,1.0,0.4,18,1.3805002514657938,6.187556489691625
25,14,0.21357994513948592,0.9028109906075,0.8932702963806362,0.15453392179523848,0.08935295249097343,0.09690790992160508,0.00651306348288822,0.0102552250836209,0.8,1.0,0.4,19,1.1588880942036095,1.186915574854174
25,15,1.2618692999031917,1.957536019630695,1.9521660839213464,1.2212151451404902,1.172475115270561,0.9103246135091345,0.013591877513775611,1.0,0.8,1.0,0.4,20,1.7156827729551387,41.94335608009815
25,16,0.48836422598231743,1.1883085135371751,1.1818431368643236,0.47444840476350614,0.44923371831844927,0.11442805681137966,0.1706560485967705,0.3292605843966135,0.8,1.0,0.4,23,0.9211571780302592,65.2799559342408
25,17,0.4391125929361537,1.1425184806071116,1.1392513297827673,0.4491955834819722,0.45473452812180404,0.09982945074176611,0.15533995201884104,0.32696479421618063,0.8,1.0,0.4,25,2.018329247640869,48.82259151613666
25,18,0.422345574000323,1.1211538290282017,1.1169651315777887,0.4471902912969056,0.43212813992504506,0.0978084921549334,0.14736493880904789,0.3422865409655978,0.8,1.0,0.4,27,1.514371162375092,29.9835120489743
25,19,0.4298411173573008,1.1300897160194292,1.1297772899688974,0.4803057998664806,0.41373903094454123,0.10403973680128589,0.16368354795660225,0.3231298902964077,0.8,1.0,0.4,29,1.548575183608191,33.669349717557495
25,20,0.42654514914514896,1.136648080132475,1.1450768315467745,0.5124901972383074,0.37308684758319255,0.10442516880119576,0.16284712191992018,0.3163606778529918,0.8,1.0,0.4,34,1.5618805287153932,33.83845067278676
25,21,0.4465160778522207,1.1536065353064031,1.161667295063371,0.5288330135047438,0.4527180808556206,0.09549334159348065,0.15228323290790455,0.42090179513411724,0.8,1.0,0.4,35,0.8309751322439866,16.263994967476137
25,22,0.45147532054098216,1.1566612525707636,1.1683695250266968,0.5499516870769091,0.46410442108044225,0.10879642264890528,0.1616441336280947,0.4014023701016506,0.8,1.0,0.4,37,1.9149374831676067,20.453110986136
25,23,0.4537889812570207,1.1495598345900504,1.156474192866727,0.5636388088761356,0.43647456101930115,0.10093488182520685,0.1629290453821996,0.42895988305166616,0.8,1.0,0.4,40,1.7696205000024072,19.843500588598022
25,24,0.6144898877519489,1.3082133543928738,1.3188954184052344,0.745354618720693,0.6265035878988381,0.10115863557332302,0.2414935741708523,0.6457703105070337,0.8,1.0,0.4,42,2.169181559923227,36.1681626349448
25,25,0.6144893407134393,1.3131589281150549,1.3282140745294158,0.7548077799709951,0.580737112284222,0.10115863557332302,0.2414935741708523,0.6457703105070337,0.8,1.0,0.4,44,2.1691545802806758,36.16682741058142
25,26,0.5763092663550371,1.2787304049721104,1.2980558520564327,0.7265582632321188,0.5516915208865483,0.10531650828777632,0.21843371697743624,0.6016613029742365,0.8,1.0,0.4,46,2.075672291270539,28.475639364880838
25,27,0.6186852697922451,1.3038374105520645,1.3138381170981033,0.770562820074387,0.6327697159077541,0.10326237394214854,0.24714271890751327,0.6495889118194704,0.8,1.0,0.4,48,2.1112490902470817,27.590841830574675
25,28,0.6186852741191666,1.3087844373727915,1.3231583077225721,0.7802470850728995,0.5895883830536897,0.10326237394214854,0.2471427189075134,0.6495889118194704,0.8,1.0,0.4,50,2.111249301720769,27.59084721104989
25,29,0.6166302153869545,1.3070039566657499,1.3254000950188538,0.7885731135317389,0.6162021796055803,0.1035211514232043,0.24714789025422643,0.6492806369746615,0.8,1.0,0.4,52,2.156744801105228,28.809823314750684
25,30,0.5887595905591532,1.2729616764244436,1.2868931816488502,0.7578157522642247,0.5695303910898666,0.10136342531005492,0.2349559081143037,0.6157795803400636,0.8,1.0,0.4,54,1.8323747763719256,23.84960943863696
25,31,0.6607387986585168,1.3497362380770852,1.3720482638870393,0.8636269763460075,0.6500470675573007,0.10117961591886006,0.2672115520129912,0.7204741968042427,0.8,1.0,0.4,58,2.145615274142825,32.261893329951164
25,32,0.6577784768516717,1.331470262129374,1.3486945907098289,0.8645256104135124,0.6909333930341115,0.10180748709291193,0.2665809352522116,0.7221978055289531,0.8,1.0,0.4,60,2.1298511103830693,28.27976403458455
25,33,0.7863004559156954,1.4599737642475414,1.4812388585224499,1.0000279805168073,0.7926133085140199,0.10520803162410909,0.42380735452795204,0.6473637998668745,0.8,1.0,0.4,62,1.801598129936273,29.03874152073656
25,34,0.7862909835641417,1.464526942253031,1.4901412150405555,1.0102647370597775,0.768452922390649,0.10452631056403339,0.42481797875858085,0.6463809914922777,0.8,1.0,0.4,64,1.8018562939231109,30.231633832466446
25,35,0.7858816502715331,1.4636661182637938,1.4892502005512462,1.0133390356373309,0.7715758944253706,0.10507618947317997,0.423756970232004,0.6472473902291208,0.8,1.0,0.4,65,1.8007775948466032,29.661566545835644
25,36,0.7852852341377881,1.4661505923197116,1.4959870937129445,1.0265540902925967,0.7841587080010606,0.10500015675619967,0.423727814575625,0.6471799703807863,0.8,1.0,0.4,66,1.7433600928552129,29.07797088466298
25,37,0.5944142693130925,1.2685040182440581,1.2938486173684707,0.838824196193906,0.5797994464660543,0.10641960180108223,0.24441799706153738,0.6166332925966744,0.8,1.0,0.4,71,1.8943584115889165,26.52890281332988
25,38,0.5935589617675803,1.2631144641020744,1.2881679610185723,0.8412644873392182,0.6204920104855216,0.10571503691411772,0.24482898429348815,0.6176779721812189,0.8,1.0,0.4,72,1.9198541764895876,21.645654860144724
25,39,0.7681453844801793,1.4199271370169417,1.4479521041056116,1.0323770284959626,0.9678122779538223,0.10186328703821593,0.42822445308537294,0.6146275288710535,0.8,1.0,0.4,73,1.6951297837221455,23.87579126743204
25,40,0.23949417790030592,0.8832037183669558,0.9066688558635821,0.5285046656255094,0.2282043478059928,0.09571306218744098,0.09676001192687328,0.1352129599491127,0.8,1.0,0.4,92,2.5139754530343854,2.666923011486669
25,41,0.2079324748859476,0.857934304324535,0.8858530679443528,0.5122968508213489,0.1959076214518967,0.0845710753338272,0.092233191642852,0.08936619374311483,0.8,1.0,0.4,95,2.72846593988905,1.436088839757509
25,42,0.19521573271120843,0.8418896808756147,0.8736913841076245,0.5053789848754394,0.25831850693615005,0.09021106869548866,0.08546953871162241,0.06632270929599622,0.8,1.0,0.4,96,2.77858326341652,1.5820888975270415
25,43,0.19622697911190823,0.8427773749158066,0.8745718244662686,0.5116536616927031,0.18627884859959565,0.08572084017419307,0.08427439668729,0.08086225546906632,0.8,1.0,0.4,97,2.779586052341796,1.7056337758021922
25,44,0.20102147297444573,0.8455143090917536,0.8771880739958343,0.5195921101448381,0.20852834668731046,0.08532097085199056,0.08555279091623005,0.09116904897307292,0.8,1.0,0.4,98,2.6976488664420595,1.7938053593313483
25,45,0.20743186415677592,0.8564609739765988,0.8924838616337438,0.5428700551415506,0.20037916337444608,0.08766084025420373,0.0933507226761534,0.08316100851083455,0.8,1.0,0.4,99,2.7331956533904425,1.4244961018621336
25,46,0.22597228938904135,0.8826960718360678,0.9273367913054028,0.6025332208803198,0.21883251013207908,0.08864305143090764,0.0984603537530247,0.11551523369410807,0.8,1.0,0.4,105,2.0517575893944118,1.1490445357381482
25,47,0.230697084707425,0.8863139369669442,0.9308901768553195,0.6106866225810789,0.23022800267258847,0.08674108870981474,0.10372838962661768,0.11832520682427297,0.8,1.0,0.4,106,2.126866208348773,1.143867450055964
25,48,0.20116921867841492,0.8561676707845375,0.9007080291325696,0.5725452177710538,0.1963231307046902,0.08042687735306212,0.08839443536675853,0.09566472802395144,0.8,1.0,0.4,107,2.700461137675054,1.5080077293256522
25,49,0.22611663385240394,0.8860270405328945,0.9349385309316929,0.6324238538990058,0.21626390581108093,0.08854949559566926,0.09875724988779175,0.11589229309903248,0.8,1.0,0.4,108,2.0327906012807127,1.2350798486355508
25,50,0.2080698590750878,0.834168722009124,0.8729677239418383,0.5883912656117632,0.4071595395153135,0.08835934212907116,0.09492859435593558,0.08727861222604225,0.8,1.0,0.4,109,2.967089090176397,1.7518129794004529
25,51,0.20822329532327563,0.8389251089841702,0.8820779527398767,0.6023649061449292,0.2012911707860788,0.0882318815211473,0.09516660563965948,0.08740068748247072,0.8,1.0,0.4,114,2.924179349574633,1.6955412957583125
25,52,0.20289124626854133,0.8425536967008589,0.8944004008426227,0.6345626969003646,0.20340935459911916,0.08823545515911208,0.09180533737132648,0.0826806863730714,0.8,1.0,0.4,115,2.702101001975624,1.5367163824928802
25,53,0.21058201738659857,0.839614722314184,0.8826734278140342,0.6417132940862277,0.2046115094343565,0.08047723097671924,0.0938661469116866,0.11245606003486397,0.8,1.0,0.4,120,3.093103389128101,2.508516620841031
25,54,0.21858896755923135,0.8451604927836993,0.8880816238244077,0.657224169076655,0.21482450018040183,0.08454309768909819,0.10782639582993281,0.08997018999768391,0.8,1.0,0.4,126,2.65814890110769,2.6373286269505
25,55,0.21522190252783574,0.8308417166239482,0.87725312682359,0.6686646422774944,0.3428007000922354,0.08422970181547326,0.10501698806063302,0.09233077500678603,0.8,1.0,0.4,127,2.8450089254751454,0.9175009476689258
25,56,0.21670200070556814,0.8260719323020822,0.8721397159268932,0.678985428560207,0.2372238073465321,0.08571227461438098,0.10474808462243279,0.09480221682004777,0.8,1.0,0.4,129,2.94652361739972,1.064320745674977
25,57,0.20950067190789443,0.8170116345831759,0.8793937564251703,0.7367512557788517,0.21644380933894633,0.09569781432463315,0.0931297718504654,0.08897845577415667,0.8,1.0,0.4,145,3.054288129673252,2.514995632649734
25,58,0.20928601495685042,0.8159357729678178,0.8823777928335212,0.7598873994928474,0.22100359079609003,0.094414666172982,0.09322535459102592,0.0914614308045449,0.8,1.0,0.4,148,3.056417337108297,2.057762453009174
25,59,0.212004135363359,0.8212725453186491,0.8919623627048192,0.7805550440148459,0.2176374729105047,0.09388080131430393,0.09451106797484445,0.09637622587646597,0.8,1.0,0.4,150,3.047696074885692,1.906149359004948
25,60,0.20804153819326238,0.8094508159368495,0.8797186893354936,0.7677618518966788,0.2683268701201101,0.09423227536373396,0.09301767835378684,0.09034445575242964,0.8,1.0,0.4,151,3.0718675737253465,2.0573527526425277
26,0,0.7886953073906744,0.9783833663469774,0.9772705135964657,0.05938323962905943,0.0,0.0,0.0,0.0,0.8,1.0,0.4,1,15.261213163847383,63.290258152208175
26,1,0.5843089927411814,1.009938140072682,1.0068693881824944,0.12414501407647803,0.2174455603589942,0.08674887298560799,7.804026919373e-05,0.00017917661441174,0.8,1.0,0.4,3,9.771536260494194,40.54540891044783
26,2,0.45751078180454524,1.0082014829044286,1.003457083289793,0.1502319095916577,0.3537782991808104,0.11519328703101227,0.0025217250504361603,0.0142161259984941,0.8,1.0,0.4,4,10.247088536174909,39.993811257894734
26,3,0.26743699036003693,0.9377618305404277,0.9343550300507929,0.12359718011077765,0.5456157590854447,0.10225615562229297,0.0011142540164417,0.00255827234225836,0.8,1.0,0.4,5,1.7247811220311782,5.941420093198169
26,4,0.24115207553124612,0.9225278591755341,0.9184709773856353,0.12305528611013904,0.1292267353256099,0.10050652976466706,0.00048242468551214994,0.00112243330745489,0.8,1.0,0.4,7,2.014027174999457,4.048212782169137
26,5,0.24370264820305504,0.9329162374314869,0.9283849442479767,0.14614732827281898,0.14005245878908992,0.11304255330936548,0.00556125789361527,0.01236284321054528,0.8,1.0,0.4,9,1.3537746929051715,1.3392768467683591
26,6,0.22062851660978877,0.9117796090698086,0.9069523085285257,0.1352554170962016,0.10474139125650253,0.10343698193608745,0.00147786459599762,0.0033171381957445498,0.8,1.0,0.4,11,1.9176761637394264,3.1250548144066768
26,7,0.21760576000144888,0.9104733735121863,0.9054680265947656,0.1411921082239683,0.10124782720672304,0.10620175165226375,0.0014361333390075601,0.00327274614469387,0.8,1.0,0.4,13,1.6251693099066076,2.428912544787996
26,8,0.2139219448347118,0.9128185613366847,0.9120524112753654,0.1538174034568036,0.09767829476397713,0.10620175165226371,0.0014361333390075601,0.0032727461446938498,0.8,1.0,0.4,15,1.8033585540723287,2.6258038623034663
26,9,0.19224445426090064,0.8748459877663282,0.8687319373945804,0.19443002333848253,0.9744316038598398,0.11548155002940334,0.04557632675127313,0.03914381809977257,0.8,1.0,0.4,16,1.8134178426481264,2.939226102504188
26,10,0.1893809365443385,0.8718843464730268,0.8697363328536146,0.1995263880823573,0.18031573815004834,0.11548155002940329,0.04557632675127313,0.03914381809977266,0.8,1.0,0.4,18,1.786661161784831,2.9354512653943146
26,11,0.16700589714527433,0.7120144693327213,0.6971270514705866,0.17433865070051902,0.7919450801175115,0.10948130076506091,0.0549691056365033,0.046646928201505525,0.8,1.0,0.4,20,2.0158143548627194,0.1719553197497945
26,12,0.16757897379254788,0.7130719830861317,0.7023124664077134,0.18147622004336755,0.18061477922851737,0.10951166046482944,0.0556040816968693,0.04718577056313007,0.8,1.0,0.4,22,2.0321294877220355,0.1607090170549668
26,13,0.17305802916201063,0.6989444190670581,0.6830116351546813,0.1871649833268019,0.22914554929946307,0.11165829334213495,0.0601184784685986,0.04751094243619175,0.8,1.0,0.4,24,2.097587751576456,0.438833462084949
26,14,0.17265872777959163,0.687182702178274,0.6706353197241239,0.1924186385736124,0.26115240881698,0.1116583909898636,0.05989864497255658,0.048502895093422524,0.8,1.0,0.4,25,2.057227982439007,0.5786777916506077
26,15,0.16142700372989002,0.6015896959703145,0.5810942791928535,0.1718324339537431,0.4582804820958137,0.1083284954265643,0.053137739711219954,0.04981205224034652,0.8,1.0,0.4,27,1.967105176022812,1.1987190249750186
26,16,0.16115074070545815,0.5988295074268337,0.5782037628769844,0.17365981989451204,0.1791708409340545,0.10839680195172968,0.0526908877993215,0.05022123817007438,0.8,1.0,0.4,28,2.0305107019889603,1.306241922055115
26,17,0.15799973139392792,0.577434157687591,0.5558531563948734,0.16933521386967598,0.3010861496950275,0.1078524543912061,0.051152631941464174,0.04805760555564698,0.8,1.0,0.4,29,1.9418694253052504,1.0368266818752887
26,18,0.1586282253200046,0.5772455946898478,0.5556218896142538,0.17241157278880812,0.163760426397071,0.10802419490364033,0.051731204221425596,0.047870136314697706,0.8,1.0,0.4,30,1.9412129236184383,0.916424359099195
26,19,0.15896371396826697,0.5731732901158886,0.5554341401502544,0.18191415614422263,0.1951882003794025,0.10812899869355473,0.05129919908398935,0.049920463131582035,0.8,1.0,0.4,32,1.981500259724137,1.204782487899764
26,20,0.15900225793950779,0.5699946089012038,0.5520875248233745,0.1840104795964394,0.18439881547944126,0.10818743766908573,0.05152718232331784,0.04944241604465074,0.8,1.0,0.4,33,1.985118899109031,1.0423699598281717
26,21,0.164232590808332,0.5734737564760892,0.5595908319100888,0.21094304311768766,0.17583788634739075,0.10974533027067242,0.05532234651144596,0.050117671188171564,0.8,1.0,0.4,37,1.9086862510140612,0.8572451921211185
26,22,0.16352302443952632,0.558156501402367,0.5393973500764317,0.20401896444671958,0.18798751118744111,0.10952661780647234,0.055119152573658035,0.04956808346911696,0.8,1.0,0.4,40,1.9015793074493237,1.0274847308154462
26,23,0.16297403836648622,0.5622049665199343,0.5478007943886359,0.20985721156507103,0.16463838143155107,0.10936299588256364,0.05460536692813278,0.0498163568427948,0.8,1.0,0.4,41,1.8954123835047072,1.170145437264527
26,24,0.16276714143340137,0.5609987041385079,0.5465425110392862,0.21225247441041012,0.1699197407102273,0.10915079421784415,0.054446885334574105,0.05014748228165666,0.8,1.0,0.4,42,1.9028788005693895,1.0532550033622108
26,25,0.16255712545076095,0.5598592762697525,0.5453547348543752,0.21464231433132477,0.1688716109144389,0.10918173408252727,0.05442646368077676,0.04963616216507575,0.8,1.0,0.4,43,1.9028454665480852,1.051719099622911
26,26,0.16474102656301948,0.5590797769132709,0.5485370349329786,0.22513517577395775,0.22621863403743075,0.10854503648416935,0.05571250711297219,0.05335517173926083,0.8,1.0,0.4,44,1.899989019738572,0.4456813607873179
26,27,0.1645486623722821,0.5634836660033133,0.5572957479755549,0.2584168030805621,0.16414531827263967,0.11002483436567544,0.05559798947942418,0.05021452037796579,0.8,1.0,0.4,54,1.8991372704408456,0.6031486847459374
26,28,0.1649800119940542,0.5664157804700211,0.5644739896776402,0.27128142739107497,0.17301683655082004,0.1100119891244604,0.055570768157249206,0.051440212231973814,0.8,1.0,0.4,56,1.894464504024974,0.5100046395274158
26,29,0.16506387980660306,0.5664157412995962,0.5644696028827413,0.283712778216748,0.16435279779983059,0.10996856078764881,0.05558512500142587,0.051702179175693044,0.8,1.0,0.4,60,1.895609592384886,0.8197555096720425
26,30,0.16544967385707943,0.5665713833668243,0.5646132679675137,0.2871528782355717,0.16567731777543193,0.11003868564082993,0.05608975614120443,0.05127109722373939,0.8,1.0,0.4,62,1.8978955015699133,0.7740005409895759
26,31,0.16541593718962772,0.5665333802358464,0.5645750417403086,0.2902121144406513,0.16464894794651103,0.11000170006283919,0.056081816070278276,0.051280738200898776,0.8,1.0,0.4,63,1.898483244397956,0.8082470021983734
26,32,0.16417938930380382,0.5642675229153808,0.5622557109987988,0.2949394422904708,0.16736257412141303,0.10999857676456055,0.05499129749608388,0.05094553261866873,0.8,1.0,0.4,65,1.894224942226342,0.5607816311895533
26,33,0.16363478165695577,0.5622442495765689,0.5601556231987348,0.30335666989639454,0.16668890513833184,0.10898615971856798,0.05489117902678827,0.05189281467875664,0.8,1.0,0.4,68,1.8968994097859968,0.5491922820596808
26,34,0.1644726474761241,0.5486538560311762,0.5375834265101498,0.30767121929125035,0.19927218397480576,0.10980883923400399,0.05487684271540679,0.05247816709727506,0.8,1.0,0.4,69,1.8960791395654324,0.5517703046493792
26,35,0.16463587645674926,0.5486923794705566,0.5376154751403935,0.3199175397581579,0.16413509315125563,0.1100175360247108,0.054814278481486,0.052628055509317775,0.8,1.0,0.4,73,1.8983076701847084,0.8661845826424658
26,36,0.16531746079828147,0.5628228709680634,0.5647931866089148,0.35539532079754405,0.16985832276148227,0.11004779726402193,0.055616300378260965,0.05229521527597194,0.8,1.0,0.4,75,1.90846486528518,1.1306299620181477
26,37,0.16419818136416947,0.5839302181614354,0.6076361268340807,0.41416971599734786,0.16498575340746377,0.10910123902254867,0.05513187889954855,0.05265351526246424,0.8,1.0,0.4,88,1.9135807834602951,1.1032426075452295
26,38,0.16496185170868483,0.5936681743911105,0.6260726441336893,0.5343289326030327,0.16451027742222174,0.10881322230187002,0.05422078278928862,0.057436483236006954,0.8,1.0,0.4,117,1.896560025769744,0.9539383395701246
26,39,0.1652493133654457,0.5932422246015571,0.6256096754626722,0.5360937459124182,0.17005400844723334,0.10879605009566139,0.05425585162879023,0.05811606591952347,0.8,1.0,0.4,118,1.8973860791007848,0.8033157321295737
26,40,0.16202682494514783,0.5926553856756458,0.629276077148168,0.5575034389584697,0.1648931029964609,0.10884622258380366,0.054386158942401695,0.04967898173245263,0.8,1.0,0.4,123,1.9077771322288568,1.199779702148532
26,41,0.1651673178828788,0.624965062405258,0.6877981069695613,0.7476729138367446,0.16456839770511456,0.1088480890522454,0.05468954873977842,0.05677804307538763,0.8,1.0,0.4,168,1.912371601994033,0.8211854808571056
27,0,0.7883908928018506,0.9783489448957102,0.977234335801564,0.05937529813296714,0.0,0.0,0.0,0.0,0.8,1.0,0.4,1,15.358380360713156,65.91919911059219
27,1,0.5837800754344148,0.9980329251374067,0.9950847804297132,0.11041517246451964,0.19394798164585153,0.06898117077123939,7.128550473199e-05,0.00011348140398532999,0.8,1.0,0.4,3,8.595540685972743,40.7064407182822
27,2,0.5130518342686992,1.014065241294152,1.0100871285824389,0.14452994297373423,0.2477924888225773,0.10966428570128492,0.00121005891680736,0.00599760956619838,0.8,1.0,0.4,4,6.915719073248926,40.0407159180788
27,3,0.23352592751085083,0.9212552102313586,0.9167346156296474,0.13209382800973704,0.8317796742804558,0.10826600828121613,0.0012469007392565,0.00303067181424873,0.8,1.0,0.4,5,2.978960091895031,3.0823007046824067
27,4,0.2334618666231964,0.926162720320203,0.9260132186954905,0.13779167431958333,0.08922568524653954,0.10826600828121613,0.00124690073925649,0.00303067181424868,0.8,1.0,0.4,7,2.992983467671539,3.091195796121826
27,5,0.21928466930202128,0.9120349941628614,0.9070375364687241,0.13222767713731032,0.16098752866447796,0.10818215708273003,0.0012103082643052901,0.00339727126648273,0.8,1.0,0.4,8,4.51791698034033,5.081687494679625
27,6,0.21755471758469386,0.9157824786983073,0.9150964198742452,0.1505403806569851,0.09375231934910454,0.10818215708273,0.0012103082643052901,0.00339727126648273,0.8,1.0,0.4,10,4.610290005572398,5.239129145008024
27,7,0.19756144292933514,0.8944695716680697,0.8888985119151637,0.13145755978158025,0.1600994649308271,0.09641291164849153,0.00318179006763293,0.0059494005130688,0.8,1.0,0.4,11,3.199473060525712,6.115471543545324
27,8,0.19893537544128817,0.9008520220064159,0.8996431706993856,0.1460383122139681,0.08489362354015728,0.09899950210333817,0.00283824019664791,0.00575648732737065,0.8,1.0,0.4,14,3.092416578661745,6.921797005992788
27,9,0.19264871087213492,0.8898377952391072,0.8842195842330384,0.1430484764469254,0.08457798514601926,0.09181629908041758,0.00353969996304502,0.00495826668957956,0.8,1.0,0.4,15,5.320184025819505,7.16138415970388
27,10,0.18295012350292764,0.8854464392237623,0.8841278608627746,0.1463331646784595,0.07381326815471398,0.08409666447279515,0.00226503484167588,0.00380795747427215,0.8,1.0,0.4,19,1.6878638392131196,2.204062891533165
27,11,0.18458370465746365,0.8829336829317938,0.8770656269117068,0.1523560653116721,0.10361614399804908,0.09235789239255685,0.00172204917091794,0.00329173299265866,0.8,1.0,0.4,20,2.6234450477042923,2.403065703727997
27,12,0.1837483359236472,0.8871833734218036,0.885652560475309,0.16770686527475884,0.07962496167291612,0.09235789239255691,0.00172204917091794,0.00329173299265867,0.8,1.0,0.4,22,2.6409131069455243,2.404478546457827
27,13,0.1889500987734277,0.897348130668436,0.9001863772608425,0.17560486731316655,0.0828481740030441,0.09713410804039475,0.00222670057056252,0.00572260234759753,0.8,1.0,0.4,23,7.495014840603141,24.774288820000933
27,14,0.18017797990233694,0.8840820093617798,0.8824189835277891,0.16882532974863593,0.09577172532255415,0.09176527361684773,0.00169115410281063,0.0032243428502550797,0.8,1.0,0.4,24,3.059565756974033,1.866796807199367
27,15,0.19258718857006804,0.9064828303393461,0.9135350395509892,0.20131103583561985,0.09420290694545765,0.09849107312414855,0.00286247622697522,0.01962059785516136,0.8,1.0,0.4,25,1.632649636375632,8.091719849483788
27,16,0.37362380800643225,1.092870873934765,1.1041464441052105,0.39608907141462035,0.29650792183603863,0.099550739214287,0.19241623388081602,0.00449387012572362,0.8,1.0,0.4,26,1.6051262382179765,5.588853040013852
27,17,0.385835717188804,1.1007331642676061,1.1071370453723364,0.4137768053454974,0.37173344337160275,0.09756466807243566,0.21608914273336147,0.0055150887930867,0.8,1.0,0.4,27,1.697190955648807,6.421275118516429
27,18,0.18534647057892437,0.894880994629971,0.8964289587171211,0.22579664892112972,0.17797390019677467,0.09853638785477,0.023519614129158258,0.00617845309054146,0.8,1.0,0.4,28,2.972261905282743,6.813427723497725
27,19,0.18239233881565434,0.8909721308010761,0.8921510197384185,0.23629764699117695,0.16375588239409797,0.08903956270144858,0.03312385544729401,0.009312461878886461,0.8,1.0,0.4,29,2.810864507276914,10.766042915935762
27,20,0.3675527660132114,1.0756530586157118,1.0766932593650056,0.4230777227496532,0.300699190826399,0.09587001235700202,0.2163171708699291,0.0061061770929084,0.8,1.0,0.4,33,3.1840661775718533,8.804128183237177
27,21,0.37168168458004774,1.0787918934380332,1.0795908429463126,0.4629429595672,0.31240239643640394,0.09586921229930813,0.22085411443194114,0.014329008776719651,0.8,1.0,0.4,37,9.15645837672816,28.92091759741241
27,22,0.3645247469329026,1.0679668839302205,1.0681027411924247,0.4651822949776757,0.40561342146466517,0.09971540367354016,0.22001679036259655,0.01386817056454987,0.8,1.0,0.4,38,6.675350087608518,27.650599263011344
27,23,0.36311670418089875,1.0812401299755947,1.0944710474035797,0.47979491679824726,0.3060882129224509,0.09945907069090931,0.21930469198143338,0.013426809683081081,0.8,1.0,0.4,40,7.085278102283787,27.189597488807657
27,24,0.356450584920032,1.06531332099969,1.073582858286293,0.48414097228080843,0.3344427105194083,0.09948256405227371,0.2193616531860371,0.01435503275832302,0.8,1.0,0.4,43,6.906277436045005,26.562153850543275
27,25,0.14994929702327175,0.866240942082372,0.8829686040518092,0.3054648490872713,0.11214351430171497,0.094967450799194,0.012561295376370591,0.03196624209943829,0.8,1.0,0.4,47,6.0936404447011885,22.080102895048608
27,26,0.35906722870106633,1.0664392204738529,1.0783663087609054,0.5233120661740902,0.347091996502828,0.10491822441583046,0.2232945336158469,0.01885105402638363,0.8,1.0,0.4,49,7.004501464746595,26.777415360798635
27,27,0.36544363149423303,1.0812368011239955,1.1017573125978541,0.5408800556349975,0.33455939077880975,0.09944480259801604,0.23382751852024394,0.02314925624222327,0.8,1.0,0.4,51,7.160432426962903,27.322208409909862
27,28,0.1549960056652478,0.8649405702311473,0.8809593946505042,0.3509869166683069,0.14011807488433323,0.09472995812103943,0.032131721755475975,0.014687098502913328,0.8,1.0,0.4,52,6.441748020947255,21.41120265945226
27,29,0.28092680081317767,0.9808915952962186,0.9960548128040342,0.4802948771503985,0.3681790830227298,0.09407108984562948,0.16572177812543337,0.01345860970929785,0.8,1.0,0.4,53,6.209351609787588,21.19043905046916
27,30,0.3410261815730516,1.0444740506564563,1.0638880944503644,0.5773502423620054,0.3110827963622134,0.09405350930412296,0.22596675185421228,0.01541091065943904,0.8,1.0,0.4,58,6.437573240356191,25.061965044307527
27,31,0.28171088136720374,0.9846877139941762,1.0040629323958867,0.5223152509977915,0.2541997016813926,0.09409083134560821,0.1671442895267414,0.0148121176382223,0.8,1.0,0.4,59,6.429015544412427,25.04102480091612
27,32,0.28251804990506424,0.9902491729338657,1.0139815134390309,0.5305789762145287,0.25174311782199404,0.09390980957398094,0.16832453656864038,0.01453849413040147,0.8,1.0,0.4,60,6.460031510497169,25.066416897467377
27,33,0.28129016460141226,0.9884974364387665,1.0121872661399198,0.5397267196342476,0.2546608966243831,0.09409083134560821,0.1671442895267414,0.0148121176382223,0.8,1.0,0.4,61,6.388108194569591,24.842984557760424
27,34,0.3357227308756649,1.0443229605238156,1.0721006202089156,0.598347634114032,0.31555040234749937,0.09161581954213908,0.22547214751447373,0.01499535506972616,0.8,1.0,0.4,65,5.220217104707143,22.85064967482789
27,35,0.3716784068918081,1.0838084703384048,1.1158481642796563,0.6524901640041147,0.34566198236802026,0.08174672348922131,0.22678001178061424,0.1232072228080137,0.8,1.0,0.4,69,5.033583921262502,23.882206499430712
27,36,0.33452054443898277,1.044376846374564,1.0762406485798068,0.643494491178924,0.3098988759860128,0.0930230001540561,0.22500937423034212,0.01504359218240337,0.8,1.0,0.4,75,5.8750054193187085,22.178498837722444
27,37,0.38821661086650194,1.1031786614158465,1.1434257324818076,0.6923570632890128,0.41756422937962673,0.09915296672004753,0.25943262480122053,0.056626588549474756,0.8,1.0,0.4,76,7.30271990819691,29.334172536698787
27,38,0.3350451887577363,1.0407455347661383,1.0763095941143903,0.6288512042764571,0.3554592172303833,0.09395617549349929,0.2253039465237816,0.02367373563684745,0.8,1.0,0.4,77,6.416507442229576,21.69240409947981
27,39,0.32857758074141197,1.0299657962578674,1.0692546028922922,0.6519469140590904,0.35624061507000365,0.09393420678109941,0.22516710289829098,0.016231467112318827,0.8,1.0,0.4,79,6.384290659671799,21.651259568101143
27,40,0.33263336322725595,1.0397317003716529,1.0874842312903403,0.6895585444672279,0.3228909743187912,0.09383927138651108,0.22818649115889614,0.02227724508872132,0.8,1.0,0.4,83,6.422482206912406,25.45078167288039
27,41,0.331686445490313,1.0273601814918214,1.0662662836080725,0.6622949331662971,0.32579822311385903,0.09373013874164149,0.22706216059613887,0.023973477039280492,0.8,1.0,0.4,84,6.564987024104274,25.018937762370243
27,42,0.32901939904603605,1.029473034827135,1.0727412087713464,0.6709123111447293,0.3106748084985977,0.09393064563727815,0.22672811611304086,0.0178607779531822,0.8,1.0,0.4,85,6.545113397324477,25.01568068674402
27,43,0.3273880979845701,1.0632983987491793,1.1412806255298238,0.8306814952202509,0.31000006859791723,0.09069615029853678,0.2290785214445572,0.017249202902946282,0.8,1.0,0.4,113,4.895370541960356,22.896137208665447
27,44,0.3260989821532776,1.0648754547286168,1.1470954292396116,0.8532429136763938,0.318043791809692,0.09069709824184012,0.2283359148845034,0.01725445030424068,0.8,1.0,0.4,115,5.013405242279542,22.916807576153804
27,45,0.377734118028898,1.130193911123833,1.2254583434258506,0.9317226638747298,0.3711909211286351,0.0921513636667653,0.2649868048832297,0.052556769642820744,0.8,1.0,0.4,116,5.456528799538115,22.98953415898421
27,46,0.3238717353506164,1.060913878225416,1.1430218434418618,0.8635780553375721,0.31146861728052744,0.08895165973963716,0.2279922317064861,0.01713990040948363,0.8,1.0,0.4,117,5.186352939912973,23.056976238933917
27,47,0.32437862044502713,1.0542856191622694,1.1400037458520258,0.8693098194464355,0.3477210550245655,0.09119442647032097,0.2290622020252612,0.01809559319888729,0.8,1.0,0.4,120,5.0219150192731385,23.925866475312603
27,48,0.32425222701856,1.0547564667716267,1.1445795603083555,0.8813071756381043,0.3302848829268908,0.09074088363101085,0.2294984908969317,0.01974662640297096,0.8,1.0,0.4,122,5.096643516696476,25.27386541470743
27,49,0.3242525374419543,1.0597038043560225,1.1539000356880138,0.9008697284777266,0.3099904201157245,0.0907408835241697,0.22949880211942159,0.01974662546960174,0.8,1.0,0.4,124,5.096643574722879,25.27386531033646
27,50,0.37515767230684743,1.1302830747037984,1.2419647185159775,1.0254141974936164,0.36102829148328874,0.0912407171666832,0.265447459949736,0.05620488999045847,0.8,1.0,0.4,134,5.280832295456068,24.3314540488389
27,51,0.32418099350139673,1.0691085264234783,1.1760975785034908,0.9926163575498005,0.3141197667677339,0.09032232995506163,0.23110533790475948,0.01884022874643055,0.8,1.0,0.4,149,5.307337260029242,23.71308796080534
27,52,0.32577630447360384,1.074400860685317,1.1897638442416718,1.0204071023042418,0.322920421128665,0.09243273350615114,0.23206906080471618,0.01879066527561031,0.8,1.0,0.4,155,5.056386377491874,24.30594553162704
27,53,0.32573669971141356,1.100009019760082,1.2413711503957452,1.1202819764964913,0.31653268983173743,0.0929219748376943,0.23234314793845043,0.018588073213719893,0.8,1.0,0.4,170,5.267020039937198,24.23895702744934
27,54,0.3256430275387235,1.0997643272881075,1.2411175017807856,1.133839840451001,0.31541229159452705,0.09280099248268307,0.23235967098042737,0.01861177282876701,0.8,1.0,0.4,171,5.411921324537369,23.982968179273044
28,0,0.7617780397312575,0.9752912103842876,0.974019219590086,0.058700465527808124,0.0,0.0,0.0,0.0,0.8,1.0,0.4,1,17.583735914764084,65.28636993635914
28,1,0.5592759245543922,0.9965102214804529,0.9933144520794849,0.11264102501307618,0.2040580749463382,0.07308528793013222,6.957178601314001e-05,0.00012857806301558,0.8,1.0,0.4,3,11.051632209146842,41.92641052288319
28,2,0.5074328253766894,1.03290407690361,1.028566173701157,0.1687804781560461,0.289897429001413,0.13921654429243369,0.00120868229901594,0.01146939753469586,0.8,1.0,0.4,4,7.415318950643918,39.971637112791015
28,3,0.21115534202282113,0.9053835193314991,0.9003834049231298,0.11538663101811628,0.8518700903227627,0.10028340587188757,0.00127417888281565,0.0025352074345928602,0.8,1.0,0.4,5,5.106390850327632,3.164975775794637
28,4,0.19825849695486494,0.8943070208408619,0.8890740077813872,0.11274243141502302,0.09349340900037258,0.09357728380163123,0.0006231933970799999,0.00119405974405918,0.8,1.0,0.4,7,4.481862558954769,2.014488888286663
28,5,0.18174182514604026,0.8853463093796585,0.8837704886962738,0.12465150414225713,0.12625236328770234,0.09357728380163119,0.0006231933970799999,0.00119405974405918,0.8,1.0,0.4,9,5.042812614194665,1.728368386535302
28,6,0.16946145004968718,0.8694721344757179,0.8628813129033578,0.1196266713578298,0.17456629368990087,0.0930378373271994,0.00136369204439355,0.00427265813891373,0.8,1.0,0.4,10,6.918935214686382,11.639472832717898
28,7,0.16946144962508258,0.8744191612964448,0.8722015295363059,0.13392318770890724,0.07750306036896293,0.09303783732719949,0.00136369204439355,0.00427265813891377,0.8,1.0,0.4,12,6.918933747248984,11.639469906811874
28,8,0.18565625198852403,0.8857096495443432,0.8789261258315614,0.1473951338493306,0.12663475567983168,0.11333971776549912,0.00192979730820412,0.01220740508598612,0.8,1.0,0.4,13,8.222297465953293,67.14429172420158
28,9,0.20307104967457615,0.9077593202625804,0.9050021708754334,0.17804867405161215,0.14754420216609143,0.09973118744104517,0.025869831299438067,0.03917169496879883,0.8,1.0,0.4,15,4.614544477339357,12.175239977676515
28,10,0.1992465780493077,0.902619057350648,0.8993471196052809,0.19036198009294972,0.16511030976761548,0.08119177837010336,0.03238445367603807,0.07211329422792853,0.8,1.0,0.4,17,4.5210097779790575,20.457915128489788
28,11,0.19152372794826367,0.8992618093084219,0.9002079995304768,0.19912918311565184,0.1326160978473722,0.0849941024756145,0.02948682450833926,0.05852148835086377,0.8,1.0,0.4,19,4.495544481067889,24.573342167040582
28,12,0.3559294804685601,1.0575630884579512,1.0538756201471227,0.3705900971598992,0.2990485959402704,0.10443326208332258,0.07630591787449124,0.3233658952723308,0.8,1.0,0.4,23,2.521128260148912,21.037908116236054
28,13,0.1865882330925357,0.8926753301486909,0.8932514564396846,0.20244440179246484,0.1386929028925641,0.10479655120636534,0.020849754010727937,0.042015020355904494,0.8,1.0,0.4,24,6.633069041187387,17.28519613072589
28,14,0.2990561364430373,0.9944563824677042,0.9897835415754215,0.3383009945934867,0.3111435048719903,0.10243212369785182,0.073961733303448,0.2233156117488285,0.8,1.0,0.4,26,2.496905632030254,14.082271425178003
28,15,0.17711932388992285,0.8872276518524318,0.8956570091184425,0.23944957067838374,0.1240229094761491,0.07945620857537614,0.0195760621600788,0.10089658681845246,0.8,1.0,0.4,31,7.256344669005066,1.381192394815001
28,16,0.16765464432667207,0.8679602493489701,0.8714406524844632,0.22246119660836167,0.20742937790494523,0.07976631592046586,0.02011087736687616,0.09109987956504369,0.8,1.0,0.4,32,7.135506788606834,2.5873288363969302
28,17,0.18732098475405662,0.8915369509279597,0.8992780248876233,0.2513946507970577,0.1582265011068727,0.0770194049961399,0.03728241945907249,0.10570268361115213,0.8,1.0,0.4,33,8.224047857343825,1.7985991645346502
28,18,0.18396532648395522,0.8870450543629849,0.8946665011602642,0.25447368889994376,0.15708287906322496,0.07855240048470485,0.038144955063340716,0.09505979825455609,0.8,1.0,0.4,34,8.211284100585061,2.5010358867427733
28,19,0.18910407128468767,0.8959931357351918,0.9078710653273472,0.27500305215882304,0.16290867108061277,0.07950853969517216,0.03745686222252911,0.11053700085781473,0.8,1.0,0.4,35,8.327009426299734,2.504998636226062
28,20,0.18910406451323064,0.9009401436845089,0.9171912559518157,0.28396954420256626,0.1452787159351318,0.07950853969517216,0.03745686222252906,0.11053700085781464,0.8,1.0,0.4,37,8.32701364918101,2.505001631255122
28,21,0.18701802431597303,0.8963122411864737,0.9123121759677053,0.2953572917102255,0.18351161926173604,0.07959636365232897,0.036779490742471735,0.11268157030009371,0.8,1.0,0.4,38,7.914634131639202,1.6584170867546066
28,22,0.17827175974025916,0.8726321488322542,0.8755036109634928,0.2773019066669421,0.13720731041992712,0.07870998371625881,0.03813942420029975,0.08939355686065212,0.8,1.0,0.4,42,6.15676222680284,3.418595193110587
28,23,0.1786070972696205,0.8772373628597956,0.8844172581157166,0.28730358612102463,0.1426700304866849,0.07956901861184743,0.03818922449193171,0.08983962917620755,0.8,1.0,0.4,44,5.316164686560473,3.1341724765248555
28,24,0.17914253760190763,0.8879861234233778,0.9078601635352638,0.3207548889527773,0.14782576072631765,0.09018696017451025,0.02457909792560329,0.1130545775128337,0.8,1.0,0.4,55,6.622790390450529,1.9085902584061831
28,25,0.17984710424609468,0.8924986728766823,0.9166273826484935,0.33526460345453357,0.1548473795944966,0.08731899551757821,0.03170431242715294,0.10564526432457719,0.8,1.0,0.4,57,6.516238053112318,2.4298011816745264
28,26,0.16301958387778145,0.8724162671559216,0.9002570088797932,0.3301858518724291,0.1794370741649679,0.08744273861443096,0.03058279347787376,0.07773430087733708,0.8,1.0,0.4,59,6.84140456389402,2.394041034368033
28,27,0.2419036132665955,0.9880873515667199,1.0310773607973598,0.44082638724906464,0.19650134238990474,0.08536783077451324,0.04934379690877297,0.18848336624794623,0.8,1.0,0.4,64,11.654428458502624,44.26091401869642
28,28,0.2850543691179121,1.0465708087830112,1.0954720941594955,0.5337620426007958,0.22457402329862775,0.08819919505860498,0.07830851501670767,0.16955654861197914,0.8,1.0,0.4,76,10.048282155647453,50.0305162938811
28,29,0.2850591401339027,1.046583243719322,1.0954861759717496,0.5372628025886113,0.21727735486776795,0.08819569435793469,0.0783239340646101,0.1694733386028681,0.8,1.0,0.4,77,10.05239666667386,50.03051129749421
28,30,0.3037433078944658,1.0719633207050077,1.125701996859663,0.5580392010245135,0.28575974776797874,0.08661622632435345,0.09417901308435744,0.16161333694218327,0.8,1.0,0.4,78,9.079469391968068,36.87251923737859
28,31,0.30374330829730906,1.0769103473136599,1.1350221612635774,0.5689031211235672,0.22811765833596567,0.08661622629736655,0.09417901257571917,0.16161333773756592,0.8,1.0,0.4,80,9.079469282438874,36.87251885860682
28,32,0.2832221826845536,1.0558850486292108,1.1138409661725013,0.5574330552039554,0.21878793287612272,0.08812235989915419,0.08181303117554968,0.1445254022450423,0.8,1.0,0.4,81,8.690365936966716,34.868311626653565
28,33,0.3021907845191341,1.0798486663020799,1.1421973109259667,0.5798290185850001,0.2420211259214432,0.08721454433839357,0.09414765293100325,0.16209431809634406,0.8,1.0,0.4,82,9.643600007001597,40.11046929654226
28,34,0.3252121817213062,1.0662562431711935,1.1365060957983117,0.7011225874200335,0.3021784090545786,0.11274806144880345,0.0980209784108366,0.2836788519792368,0.8,1.0,0.4,98,10.02505635952226,14.952191835832854
28,35,0.32520943619775555,1.0711928718451835,1.1458153368529358,0.7238505146635742,0.3017316124159264,0.11274806144880345,0.09802097841083655,0.2836788519792369,0.8,1.0,0.4,100,10.027641443684423,14.961887264308547
28,36,0.3252010784954948,1.07116122449114,1.1457820459992518,0.7202448790506597,0.3019362943626839,0.11274806144880345,0.0980209784108366,0.2836788519792368,0.8,1.0,0.4,101,10.039538972597224,15.006262914923138
28,37,0.2869045889870171,1.0354827710841068,1.1143136756699448,0.7181030861181313,0.26703196595709644,0.11571349855812656,0.10418601219722372,0.16869164594224323,0.8,1.0,0.4,110,13.764951630268898,13.103002583567
28,38,0.2765904823440115,0.9993577839282753,1.0602871925983697,0.7151232389212403,0.2712353962773185,0.10826302674257367,0.08520461981579043,0.2100589055819805,0.8,1.0,0.4,114,10.749762782284275,13.006401548117648
28,39,0.27600856066115587,1.0074466903812045,1.0770405256139444,0.7284535669774279,0.26180452142897176,0.1082707131079085,0.08514287061919254,0.20966166849905207,0.8,1.0,0.4,116,10.749368938922984,12.978792228901904
28,40,0.27621219226535504,1.0075424881726842,1.0771291606253999,0.7396877567309628,0.2564007447653643,0.10827640916765792,0.08521816843321849,0.21005111918762126,0.8,1.0,0.4,118,10.7524590346112,12.991008984442832
28,41,0.27384327863901936,1.0104047521133506,1.0884295328745994,0.7557039217816176,0.3011740960033863,0.11584841144221979,0.09193056293962992,0.17551286146460382,0.8,1.0,0.4,119,13.299121519979757,12.22440853598976
28,42,0.28169527975927683,1.0182044459764181,1.0962257999212546,0.7654673982957966,0.2628519702962437,0.11621036457486963,0.09552256039552928,0.18547440615803382,0.8,1.0,0.4,122,13.396842830044912,12.366958764216577
28,43,0.2625267682321173,0.992414907282661,1.0659538364043781,0.7514399482541987,0.25223243732516093,0.11594538875005317,0.08894725372776326,0.15564246623444358,0.8,1.0,0.4,124,13.1416211116688,12.14648999404497
28,44,0.30969514417086486,1.0381997794716635,1.1116490196912234,0.813569039195843,0.29402897115868243,0.1112912870518407,0.09589492657433342,0.2664013595545921,0.8,1.0,0.4,129,10.651635905848543,16.888705204213863
28,45,0.24577503661096323,0.9815058455688039,1.063529350277203,0.7995630973901255,0.23895878679051477,0.10594733261430064,0.08967731930332301,0.13451830413522214,0.8,1.0,0.4,131,7.925933047317359,11.86316284016162
28,46,0.2440770313948928,0.9882384214452462,1.078914305764221,0.8354538414230976,0.2290025527651537,0.10368442835600161,0.09017068169217396,0.13446908120170623,0.8,1.0,0.4,138,8.060109759421529,11.868615252271407
28,47,0.3023406710648477,1.0222137248109073,1.0910527666122167,0.7642683195318748,0.2851157337838443,0.11126491519647042,0.09052571499129493,0.26378904667625036,0.8,1.0,0.4,140,10.542161004951152,16.875883249289917
28,48,1.2324628564692666,1.986423227101421,2.081784825568729,1.8541166951802812,1.2162498785823423,0.11102709066282741,1.0,0.3131255951691268,0.8,1.0,0.4,142,9.949196453012275,14.062383640536742
28,49,1.234966390730952,1.9684183884219,2.050296531891505,1.7448088084234625,1.277103637627134,0.11108927784655441,1.0,0.322768485997101,0.8,1.0,0.4,143,9.962314022758523,14.082910061661176
28,50,1.2330777647405662,1.9860557445358213,2.085409740789553,1.8754765085672245,1.2171306554721373,0.11099642086030848,1.0,0.3183924254099909,0.8,1.0,0.4,146,9.942361023172118,14.08341525258576
28,51,0.23890732631066622,0.9645414927535204,1.0499961791711,0.7563814798719356,0.254636173565448,0.10309105571984006,0.08533860915847956,0.14204515611269986,0.8,1.0,0.4,148,8.23666405640467,14.371482038889251
28,52,0.23641016153526986,0.9814584738466349,1.0843828247754308,0.9285426683559191,0.2259574017970737,0.10361374938557255,0.08592544665521801,0.13347082037668845,0.8,1.0,0.4,149,8.029037743184828,11.86897152262574
28,53,0.2358830172351137,0.9600898664066504,1.0454568853846662,0.7718821722460009,0.2314829260266033,0.10340222983786232,0.08616755544507673,0.13247742173020904,0.8,1.0,0.4,150,9.261751332642325,11.79617906289851
28,54,0.22661875955027166,0.9745012569372229,1.0816696753435195,0.9282556512227443,0.22202961566017504,0.10291718038178238,0.08194140841399974,0.12133151262138608,0.8,1.0,0.4,151,7.897547286253243,11.72840939113996
28,55,0.20916361538671757,0.970956322995941,1.0911876205622484,1.0684608284972175,0.19570982096910886,0.0987295255554222,0.07450711972628998,0.10507636469811203,0.8,1.0,0.4,197,8.566367015982207,15.169295339423712
28,56,0.20751063802485273,0.9690148244674277,1.0892284345992498,1.0553501093949484,0.20025926073741315,0.09720317132733515,0.07294769290538058,0.10803301481123148,0.8,1.0,0.4,198,8.542907661163984,13.75578286210474
29,0,0.7988519177533999,0.97952270883536,0.9784685681934137,0.05963433511277093,0.0,0.0,0.0,0.0,0.8,1.0,0.4,1,14.520876554458132,61.917981803483165
29,1,0.5893827000839915,1.0073632582386518,1.0043760060746787,0.12033752967003938,0.21156207240977856,0.0815677114471345,7.637641763412e-05,0.00015149755222161,0.8,1.0,0.4,3,9.294097001439578,38.27143059140697
29,2,0.5942989926829314,1.0281681075072706,1.0253305671096262,0.1415767326674203,0.10067645623520899,0.09803471559766778,0.00252550801250352,0.00583619542580354,0.8,1.0,0.4,4,13.037362087445436,42.13743316789832
29,3,0.24438470787395208,0.9264597917363877,0.9223560827251494,0.12277967815697134,0.8989960912694782,0.1044577335164488,0.0014314681550026,0.00295172518470449,0.8,1.0,0.4,5,1.7949206934978872,2.974192032696769
29,4,0.231477420115412,0.9180168932023705,0.9135921041790099,0.12410303846702415,0.1082494482040741,0.10321124137371346,0.00077047152901957,0.0015827400242925502,0.8,1.0,0.4,7,1.5476921421566303,2.082614338886549
29,5,0.23135720707238244,0.9228912650958062,0.9228358818908823,0.1308255789928936,0.08425513284379932,0.10321124137371346,0.00077047152901957,0.0015827400242925602,0.8,1.0,0.4,9,1.613960911006355,2.183916859449299
29,6,0.23134573675452055,0.9228843204170416,0.9228285735081594,0.13677914502918645,0.08402651465793301,0.10321124137371335,0.00077047152901957,0.00158274002429253,0.8,1.0,0.4,10,1.6100026581439089,2.178069252305997
29,7,0.22035198185128688,0.9110723850888361,0.9062846471405758,0.13620712807820864,0.13835947085893846,0.1026467017806881,0.00107463600424699,0.00221556259992084,0.8,1.0,0.4,11,1.417850274837127,2.22880881852683
29,8,0.2227436010911156,0.9106119489455788,0.9012328526911019,0.1443704837054394,0.10929819788616536,0.1089332074915417,0.00302996240344187,0.00656634791325038,0.8,1.0,0.4,13,1.815620429656352,6.281444860446024
29,10,0.22052443511160585,0.9136730079104661,0.9086295408710326,0.1606875654244731,0.09283272024130818,0.10750249716746672,0.00301613507156178,0.0065710559265087605,0.8,1.0,0.4,15,1.4521092379743092,7.031800928618125
29,11,0.19767081525888172,0.8897089829199362,0.8797517601518171,0.14092888526541716,0.16488872878890282,0.09861836946852992,0.00255929648037022,0.00419140217728987,0.8,1.0,0.4,16,1.369158864082913,3.477941427717649
29,12,0.19337826842701875,0.8916373685335433,0.8857904466004212,0.16053829163446617,0.1050839594531439,0.10097879496758824,0.00262084560465341,0.00453582914685762,0.8,1.0,0.4,18,1.025046112565826,1.958828406176974
29,13,0.19302120295158692,0.8962893974780585,0.8948004861075618,0.17331742251874124,0.08636448355832027,0.1009787949675883,0.00262084560465341,0.00453582914685763,0.8,1.0,0.4,20,1.054885644216802,2.0029666537712725
29,14,0.1882165678405792,0.8822838473493136,0.8718565764141157,0.15196660779455262,0.11387393526828117,0.09659261897313401,0.00483768766822509,0.00681056599988005,0.8,1.0,0.4,21,1.522378158479292,3.17556577175515
29,15,0.1929214035924051,0.9022300668319472,0.9047816850524081,0.1739308400388159,0.11399760167272029,0.09494215629890514,0.01045517138154336,0.01565915485400593,0.8,1.0,0.4,22,2.284341095476829,4.602414600713997
29,16,0.18408226661236415,0.879060420327336,0.8681998689900149,0.15984819150075652,0.13426292344209761,0.09699311205595222,0.00798300961757451,0.01113206556022087,0.8,1.0,0.4,23,1.252311235442041,1.9950060695797511
29,17,0.17022550006621084,0.8747703858820666,0.8719312902160187,0.1672609520509845,0.19951618822767664,0.09209156590334097,0.009121433350701761,0.01782910548229878,0.8,1.0,0.4,24,1.183302249998972,3.136212566471225
29,18,0.1682872480316656,0.875825280773089,0.8767223761615266,0.1808544333829122,0.14658147215311793,0.09158517364216999,0.013826187814855858,0.0282836415987618,0.8,1.0,0.4,26,1.0602388958498306,3.818622507622037
29,19,0.1550475216079925,0.8720838157438171,0.8816341406716109,0.2221278434951644,0.08815291331922093,0.09344705525188432,0.00728199234379281,0.0113517447852164,0.8,1.0,0.4,35,3.524425632441996,4.979132854658181
29,20,0.16189526395719062,0.8787543293277456,0.8882677377352213,0.23230407704252287,0.09946464944665345,0.09942932330162264,0.01017399864747134,0.010628100768978691,0.8,1.0,0.4,36,3.399982420509767,4.869907739034194
29,21,0.16074821022575556,0.8773572220884318,0.8868173147926884,0.23474058892856728,0.10166536560246109,0.09937461611272272,0.00996158056590212,0.01036377019823087,0.8,1.0,0.4,37,3.467543439552959,4.84997553636215
29,22,0.16062744722080818,0.876243358078574,0.885508123852759,0.24252432931699736,0.12582605251200957,0.09894533208991464,0.01153587298955326,0.013986906382355219,0.8,1.0,0.4,38,3.996302752169463,11.35719034136346
29,23,0.15068910510541245,0.8657917026852583,0.8749636222159382,0.2366203996473065,0.10167953430470776,0.09219863789688527,0.00922248819262338,0.01164332830110422,0.8,1.0,0.4,39,4.2950550393140725,11.673468889152383
29,24,0.15058863946342704,0.8706127024813703,0.8841533494174004,0.2519783111175896,0.08793669337936534,0.09209006064357839,0.00932525527567263,0.01150556592847138,0.8,1.0,0.4,41,4.312815872632757,11.768766571048213
29,25,0.14851164681372708,0.8671135467420237,0.8804183595149566,0.255168733671183,0.12434181666459723,0.09207019866828381,0.01022052475850655,0.01201091718484002,0.8,1.0,0.4,42,4.357997325414733,11.199698242337025
29,26,0.14572192753422894,0.868393714178841,0.8859380067205761,0.2689663082370226,0.09266616238138,0.0922253515207876,0.00908735161665356,0.01185915155568438,0.8,1.0,0.4,46,4.721598833009805,10.686375701294743
29,27,0.15075995443073092,0.8805972683016029,0.9065080831488069,0.32320906019733925,0.10555457635835236,0.09229669260837853,0.01643555317379198,0.01756232077033694,0.8,1.0,0.4,53,3.604481892666629,3.81773432735568
29,28,0.14849693910512474,0.8718234923647425,0.8931683089418958,0.32204344343192837,0.1261065023705434,0.09128736996037362,0.01675698268203318,0.018575503740611628,0.8,1.0,0.4,54,2.9371693450943317,6.365243803371927
29,29,0.14750579886755216,0.8745966570983124,0.900173999666447,0.3255679603100405,0.1084124483567527,0.09406848755492264,0.016678989794766348,0.014604762786974779,0.8,1.0,0.4,56,2.983361551605986,6.37252617105855
29,30,0.14377537839615337,0.8703525075715528,0.8958699224690676,0.33220660882442615,0.10381724224220518,0.0908633259528408,0.01579597296979262,0.01552194253910974,0.8,1.0,0.4,57,3.5900498648733867,6.766468740970133
29,31,0.14675728184820483,0.8781819229960973,0.9080622934553177,0.34215706443908966,0.09916640057030619,0.09406848755492264,0.01667898979476638,0.014604762786974779,0.8,1.0,0.4,58,3.2000065324546787,6.5711798609911085
29,32,0.1459967587365423,0.8716040238510996,0.8970128572351357,0.3517085246440889,0.10177656758855977,0.09640905655303614,0.012354204296810941,0.02143575226549431,0.8,1.0,0.4,62,4.111616736834953,9.41848690921314
29,33,0.14171384986820484,0.8747550912907444,0.9086447754217061,0.37012340781379327,0.13661693843375838,0.09533461544266379,0.01265985083823783,0.01885732072430258,0.8,1.0,0.4,63,4.499077112889541,7.1902452018730045
29,34,0.13817661307138612,0.8674702990390764,0.9009832750906848,0.3753894321299577,0.12498634796381886,0.09370315552366118,0.01358615200301726,0.019885177750644002,0.8,1.0,0.4,65,3.914914767075485,6.3475829581633
29,35,0.145091582738061,0.8774845552513373,0.9151946497617367,0.3903606902283124,0.11831438215333653,0.099323175150853,0.0139713448023122,0.028899167278713,0.8,1.0,0.4,67,4.00356588490904,8.098279199872717
29,36,0.14479735584398892,0.8818302443513475,0.9238849839691428,0.3971244681810503,0.10708490965233784,0.09945919200991131,0.01396331454798457,0.028529498150818428,0.8,1.0,0.4,69,3.579657516902318,7.125124711801576
29,37,0.1444083313794,0.8862126681867993,0.932624224442394,0.42193298186843897,0.10593055465071392,0.09915111478519985,0.01393741768111754,0.02859224136742088,0.8,1.0,0.4,71,4.119084297881052,8.243616064627826
29,38,0.13969656084051524,0.8753418644615225,0.917268521819316,0.4319375026347903,0.10941176581036388,0.09063301490793534,0.01606973436221354,0.03091486972714106,0.8,1.0,0.4,73,4.055205318447737,11.377318668295658
29,39,0.13387170055575473,0.8680327793178342,0.9098258059764793,0.4296891787777909,0.10127069715005137,0.08776211060704049,0.01574757858122856,0.02567814760713133,0.8,1.0,0.4,77,5.970953000026473,14.795785217245331
29,40,0.13827611682509497,0.8736545150010397,0.9194963014478426,0.43934439243674167,0.12773703446143397,0.09347647633239471,0.018456652354921298,0.024918724861462672,0.8,1.0,0.4,79,5.738822328543935,15.350670618294496
29,41,0.13462369775045296,0.8629380224479025,0.9042290468426539,0.4603084263579375,0.11431495853928662,0.08860742016084776,0.0184925643370153,0.028768098930039808,0.8,1.0,0.4,81,5.002640495951683,13.010113648863696
29,42,0.13116739198611932,0.8580785006131226,0.8992540141499121,0.4501752611000068,0.11575913210356653,0.08816457246103537,0.01735495946451775,0.025958622810170712,0.8,1.0,0.4,82,5.7209336099440975,11.009681864536637
29,43,0.13704491160820959,0.8683564709427556,0.9138597997006347,0.4747613208255385,0.11156243718087132,0.08718806831612397,0.01940999033876749,0.03830370619699098,0.8,1.0,0.4,83,5.371569669928082,7.607923297694036
29,44,0.12947783972255583,0.8586676552905123,0.904001417862625,0.46406077799241285,0.123480461005914,0.08805661438751483,0.01730076142810792,0.02585039403281595,0.8,1.0,0.4,84,5.517077906172269,11.839084512177234
29,45,0.1400066549172045,0.8583203006082762,0.8948300412516847,0.4597884396101415,0.12089962008129282,0.09584873317648376,0.01720780178031476,0.03814048130156483,0.8,1.0,0.4,85,5.114982479782661,13.374337421677067
29,46,0.13187700031304558,0.8589982231153847,0.9041691013928422,0.4237463574185751,0.11446401739119279,0.0942433419598167,0.01793457974002416,0.02063093425260314,0.8,1.0,0.4,86,5.16922485142263,13.273986110849185
29,47,0.13877781058306107,0.8533289795251908,0.8895471152271659,0.47678254373251466,0.11762169403636072,0.09320540665836995,0.0185015934442526,0.04187701518990774,0.8,1.0,0.4,90,5.311022526265071,13.936662262425454
29,48,0.13518037306848513,0.8679229989850801,0.9215126704862266,0.5338342254695838,0.11155321723549644,0.08692558708283424,0.02060366990862027,0.04207572566723687,0.8,1.0,0.4,94,6.668799398641812,13.227725766218304
29,49,0.13043360683720942,0.852601638398392,0.8973938727635951,0.5337799957869698,0.10640566857226684,0.09234829390668534,0.02060751522302701,0.02013590888510921,0.8,1.0,0.4,96,7.240249333263997,12.573301470262557
29,50,0.13195376346529697,0.8612461493537951,0.9145791451944498,0.5371106737409311,0.1363711877497188,0.08797253465023451,0.02145641216097339,0.03362378509814634,0.8,1.0,0.4,97,6.419002083373454,13.589057268191077
29,51,0.13128491673637216,0.8471405334049195,0.8914668371773661,0.5140741982378944,0.1466661348660636,0.09216973944076026,0.02142533211606374,0.0274225333142002,0.8,1.0,0.4,98,4.737388333158298,19.527785387758254
29,52,0.12624687749777883,0.851317025731879,0.9043439051530633,0.5403054072661385,0.10708704287931117,0.08704428733575052,0.01988601953062068,0.029449452406877092,0.8,1.0,0.4,99,5.399152221187442,9.836638030591503
29,53,0.1263185641662241,0.8507175157027642,0.9036965678693443,0.5513365189590929,0.10523155780634504,0.08460557116143973,0.02146867039981567,0.03119417561387683,0.8,1.0,0.4,101,5.110639701513735,9.310576008286391
29,54,0.128325063595242,0.8550754349536446,0.9122441283158826,0.5535257554316776,0.13235820986468802,0.09438292545219452,0.02008939094630962,0.02252616510934239,0.8,1.0,0.4,102,6.628696869766831,13.068852492130398
29,55,0.134880396858425,0.8609176740474858,0.9180364226473263,0.5723068764774384,0.11898268861934187,0.08910632342225717,0.028376974639021356,0.029391927387176033,0.8,1.0,0.4,103,5.908236466442562,16.277872086937045
29,56,0.12920160809142844,0.8412192170613365,0.8893063927727096,0.5532334370496853,0.12872075047864714,0.0934556123027056,0.022075133635925177,0.02578987948048277,0.8,1.0,0.4,105,6.728555369272262,12.106175012807617
29,57,0.12383567692215729,0.8442739815453223,0.9050478569022642,0.5700340659025126,0.1365014735244696,0.09106044640050581,0.02150119917484459,0.02356648799496814,0.8,1.0,0.4,107,5.040313919622204,11.044239084959433
29,58,0.12379874833699132,0.8490759589725585,0.9142158195039364,0.5858634268802828,0.10413293148208479,0.09103468415387413,0.021504145214983568,0.02359686191220307,0.8,1.0,0.4,110,5.056879619616193,11.054067170520238
29,59,0.12394626723793219,0.8537573071478955,0.9232428818768513,0.6208606556120574,0.10486706932748163,0.09156998818120479,0.02127887762816036,0.02375702877119082,0.8,1.0,0.4,115,4.999011369861224,10.767826909827908
29,60,0.12701832927957954,0.8494843584897972,0.9144385565294308,0.6453211225180021,0.11257304029652278,0.08808149813889024,0.0238661093744923,0.033634996778409795,0.8,1.0,0.4,120,4.698818020778469,12.822141500058573
29,61,0.12180135502466952,0.8473834554758432,0.9165910057650555,0.6489666016459714,0.10759157974221892,0.0885552921801201,0.02193374550843246,0.025716549380591442,0.8,1.0,0.4,124,5.041014327764107,10.838096769953092
29,62,0.12548227487242838,0.8595063114002374,0.9373657774510713,0.6893701111727127,0.1099832958887579,0.09095959664284894,0.025051265404521423,0.0232715687262912,0.8,1.0,0.4,129,6.998754789666839,10.891757712255185
29,63,0.12427679976008386,0.8426484676704781,0.9113919465235187,0.6701750407220848,0.1632383187369343,0.0907494841284293,0.02307393094350816,0.029177224686279903,0.8,1.0,0.4,130,6.64146699081602,12.372836107207448
29,64,0.12424542158949246,0.8467350206689531,0.9197990297963698,0.6828860253440124,0.11148621278265651,0.09066184279005438,0.02320115663233551,0.029439391027300837,0.8,1.0,0.4,132,6.644760408596508,12.22848404778607
29,65,0.12424531042119769,0.8516814462186781,0.92911859883144,0.6956379199274424,0.10750647690805665,0.09066184211170367,0.023201159485207852,0.02943939178709178,0.8,1.0,0.4,134,6.644760399571741,12.228477900365831
29,66,0.11981128493248672,0.8314895996687599,0.8998119837960661,0.7183648535509317,0.11232708193439238,0.09054079378070248,0.02338803879793644,0.02136174424088318,0.8,1.0,0.4,141,5.226365717609066,11.011551887979303
29,67,0.1199832703081867,0.8260733087855329,0.8940502870080227,0.7648771019909834,0.1121882453552665,0.09113512758354284,0.021080359483556528,0.02917568328363132,0.8,1.0,0.4,149,4.6150507314517695,12.513786430037609
29,68,0.12099656553636592,0.8741374059862002,0.985698012877138,0.9165462435142516,0.10789886963965911,0.08939829128008221,0.02471874148858855,0.027224583598092676,0.8,1.0,0.4,178,6.7347495723644135,13.861549286535835
29,69,0.12054437778531574,0.8774742932616659,0.993337569065156,0.9394782993235129,0.11221907923374674,0.08835445061362933,0.025292263759266,0.02727742203572553,0.8,1.0,0.4,180,6.645689755601816,14.436768239056118
30,0,0.8315613583980513,0.9830966896301528,0.9822264813708154,0.06042613959224132,0.0,0.0,0.0,0.0,0.8,1.0,0.4,1,12.28539715182396,59.3808928490832
30,1,0.6089848745313935,1.00874266206923,1.0059427676572912,0.11888030518601328,0.2090427921070355,0.07873708202839881,7.586748215538999e-05,0.00016293326834305,0.8,1.0,0.4,3,7.250320771165838,39.04553243529488
30,2,0.5295315403989054,1.0146069818119685,1.010875988825453,0.14138716552820746,0.23268246431356798,0.10055583743988326,0.00252513637884243,0.010282249664854439,0.8,1.0,0.4,4,7.852320631560106,40.391468748456205
30,3,0.4007350008805688,0.9658647107146543,0.9608640907044247,0.11328719690916692,0.25023105178540117,0.07841655639301291,0.00014718796949435,0.00030818447755392,0.8,1.0,0.4,5,4.154237608027568,20.968550716185167
30,4,0.26012127728865103,0.9251249233729618,0.9219686185007908,0.11208148256833049,0.2591731970937106,0.08212068651221077,0.000404635707995,0.0008472325876666701,0.8,1.0,0.4,7,1.6575848192644291,4.862667177537683
30,5,0.20746261408043135,0.8906289255687951,0.8817031173906467,0.10352531727948025,0.16808659779366913,0.07838719808435764,0.0007177518682059899,0.0014701941512408501,0.8,1.0,0.4,9,2.227758381346166,2.574403033708037
30,6,0.20470711966453992,0.8940619810370029,0.8894013792617547,0.11154184476702207,0.07275952893656508,0.07904980888957736,0.00074604137403305,0.001530948792271,0.8,1.0,0.4,11,2.298802456230528,2.074435383148624
30,7,0.2041568308116232,0.898572026746378,0.8982743703736369,0.1274499209744445,0.06513131197666126,0.07846016821338425,0.00087508909237297,0.00179062693173384,0.8,1.0,0.4,13,2.45857346297194,1.8657573559144036
30,8,0.19720320290464782,0.8901223299590995,0.8851045871421191,0.13467074769871124,0.09383136910189546,0.082098623892564,0.00104146530266301,0.00219024955531838,0.8,1.0,0.4,15,1.9870573853195803,2.256984800412588
30,9,0.19310980691230775,0.8974094006739967,0.9009590082401697,0.1431410612007936,0.0819995355056981,0.08264380310556577,0.00127836819125042,0.00268159303643945,0.8,1.0,0.4,17,2.0023819632841144,1.5171728269180205
30,10,0.1941313938253492,0.9038731296833945,0.9117304676378067,0.1557082576956768,0.07619748802976786,0.08552128810450672,0.0014104353650579,0.0035639857547248,0.8,1.0,0.4,19,1.6370121231733412,1.2943185554162326
30,11,0.1913604844337361,0.8871961188757965,0.8818003104146519,0.14423408167634377,0.09223097809459778,0.08589694493669754,0.00179266571947666,0.00375931834388199,0.8,1.0,0.4,20,1.9755643748699248,2.235643549451332
30,12,0.19223294522155493,0.8992887835071811,0.9024179855303879,0.16494833090383643,0.11197976784387141,0.08967761053783721,0.00334608346720506,0.00855842677738288,0.8,1.0,0.4,21,1.4966362295287106,3.599582965674929
30,13,0.18345094172419255,0.8969011658168524,0.9040847893936869,0.17013724879390957,0.10147036851416906,0.08749600944349405,0.00368260052918904,0.00922271575726688,0.8,1.0,0.4,23,1.6499275666744826,5.890465422538147
30,14,0.18345095839609113,0.9018482303803986,0.9134050320351141,0.17800351550797952,0.07736860120644637,0.08749600944349405,0.00368260052918904,0.00922271575726688,0.8,1.0,0.4,25,1.649919777969326,5.89046110078816
30,15,0.16334877541941611,0.8726090533418988,0.8740316020424773,0.18039089488409146,0.29492355893121497,0.08897317478073248,0.007010404958424631,0.01698851335028137,0.8,1.0,0.4,26,0.9093536660976989,15.4165774900672
30,16,0.16533787261666033,0.8795009159836403,0.885265376755241,0.19104666178200425,0.09003451783985882,0.08921686467771182,0.0081751045670029,0.01996916003288645,0.8,1.0,0.4,28,0.8249133284474703,19.3223429449364
30,17,0.16956989246825327,0.8881166406896428,0.8980648915971409,0.20590920350601963,0.10904452284499834,0.08518936305089067,0.01297939135024469,0.03438047412521339,0.8,1.0,0.4,30,1.3164765543910135,288.649847158422
30,18,0.16622701748565658,0.8874600392066421,0.9012271370768463,0.22308616807015239,0.14196576495775642,0.08584217957102674,0.0157229606954815,0.03912790362861832,0.8,1.0,0.4,32,1.609794319262675,107.60587743730343
30,19,0.15664212146023268,0.8585537754568924,0.8584556191332616,0.2228134328678359,0.11940922024410881,0.08178291943788144,0.017798090295754403,0.043112330145996844,0.8,1.0,0.4,38,0.7841375871368675,2.4658662604918824
30,20,0.15393865152546526,0.8589988387829269,0.8630420844401999,0.23085987603697347,0.11756528357170419,0.08178291943788148,0.01779809029575442,0.04311233014599686,0.8,1.0,0.4,40,0.4938261529153974,2.7173422705321446
30,21,0.1414320129772631,0.8378386828081019,0.8370623473373101,0.22073541931615667,0.12670769792303904,0.07880191538816096,0.01318790522328612,0.041746359131591484,0.8,1.0,0.4,42,0.4517015711032513,2.2988147121517946
30,22,0.15160420260065044,0.8431682028305747,0.8497119773234902,0.25054277350364385,0.33171428452252577,0.09773916809799839,0.023469458462622668,0.036018248503059555,0.8,1.0,0.4,43,0.7677741533706887,1.5494245058929896
30,23,0.15997437336679382,0.8508468567208716,0.861296071431131,0.2787281567698208,0.16324907690127372,0.09440591857883215,0.03143436740085097,0.05231569053158264,0.8,1.0,0.4,45,0.712331142118479,2.0650287398776075
30,24,0.16752628299432698,0.8614381317953048,0.8761083697023587,0.29314457891193846,0.14108667651733894,0.10029883850853005,0.03440594076028115,0.05459978915699513,0.8,1.0,0.4,50,0.6826931494174541,2.086180677986858
30,25,0.16311312202293166,0.8479527094451386,0.8619317308965664,0.2994240853243053,0.18881531764742382,0.1025591145662878,0.033197968687457266,0.05295332004119303,0.8,1.0,0.4,52,0.6645844380387476,3.9223830545359184
30,26,0.16255150782491887,0.8508668140713483,0.8691120305298426,0.31820058227090897,0.14443729961681023,0.10486668171931818,0.03301579866950743,0.04890556645273732,0.8,1.0,0.4,54,0.5164085799936893,3.166479313819074
30,27,0.16240567112738094,0.845445232573717,0.8592933968220763,0.2701936394711306,0.1400754718383313,0.10363048796551343,0.03312942012153479,0.05106843558337611,0.8,1.0,0.4,55,0.5071235612142302,3.664195460045319
30,28,0.17797827742351308,0.8677608713415097,0.890128510578265,0.3535694917093031,0.18766679399713493,0.10722282484362618,0.042400202940667056,0.06277681146379731,0.8,1.0,0.4,56,0.7201115364179486,4.776032389518306
30,29,0.16535001188999485,0.8427866482476947,0.8602649858594048,0.3482231946256528,0.148858669506943,0.10113089796133368,0.036639776926145416,0.06435921771215324,0.8,1.0,0.4,70,0.3139426643736625,0.9245547046777836
30,30,0.1612167896942844,0.8394088732698884,0.8609762237764953,0.36146067748708066,0.16199690817320314,0.09839066049648611,0.03621984734979962,0.0638763812058319,0.8,1.0,0.4,72,0.4149133559589342,0.94450942216723
30,31,0.15510108771187262,0.831216177817586,0.8526448772684802,0.35233416818922064,0.15590598334691605,0.09557766531003635,0.034201411998116174,0.0608005120883911,0.8,1.0,0.4,73,0.5014274490834598,1.2066832331429354
30,32,0.15859135609136973,0.8253715270753375,0.8421377547781161,0.37190628797101166,0.1616052344916614,0.09275668537744775,0.039091058697811334,0.06602377684060765,0.8,1.0,0.4,75,0.3525422267616941,5.335448707489421
30,33,0.1588920020875254,0.8080592195300645,0.8237085253564332,0.3809617575694111,0.18630503849541985,0.09821882079539085,0.041476389699790187,0.0600966768728885,0.8,1.0,0.4,79,0.376994491690356,4.564528545078327
30,34,0.16663741382268132,0.809132582125817,0.8243734498399317,0.4039934176088818,0.1685386611877036,0.09309700939686037,0.04522134780060106,0.08349657784301598,0.8,1.0,0.4,83,0.4132955759252523,4.750810034697933
30,35,0.16801630502643694,0.8097456589445273,0.8249400855171278,0.4053097511350172,0.161636558607212,0.09371578726260833,0.04587106360101599,0.08442336014964733,0.8,1.0,0.4,84,0.4390344473358369,4.763914872135548
30,36,0.1689380807554379,0.8143108251845017,0.8337995250161627,0.4176280700360495,0.16769526009953897,0.09573592302528396,0.04575054148928859,0.083560709385778,0.8,1.0,0.4,85,0.489279026291626,4.811662652001202
30,37,0.1515579076093513,0.7879890170639803,0.8110239071475168,0.42179406572483424,0.26563317661321784,0.08280032325110442,0.03972530540297265,0.08648330028515551,0.8,1.0,0.4,86,0.0797661747774938,2.5623199845468907
30,38,0.15150440904335577,0.802394837948404,0.8385268078591535,0.4732739575498135,0.14112176452677572,0.08280032290903457,0.03972530531907359,0.0864833013064081,0.8,1.0,0.4,92,0.0642746076757818,2.480449639066155
30,39,0.15447246473959875,0.7837675351057681,0.8063838310290603,0.3741118167578369,0.15070404394880088,0.08918720588911828,0.03788654040918325,0.08808126100445154,0.8,1.0,0.4,102,0.364387814077664,4.673907484355884
30,40,0.151273791453795,0.7782185093751326,0.8007007160710855,0.45533899245744597,0.15936576443363581,0.08260629265635605,0.03683324389588092,0.09651527357101106,0.8,1.0,0.4,103,0.1923275727298839,5.220086732925464
30,41,0.16512333770722729,0.794885459615497,0.8257070308768316,0.5324876847793101,0.16389589182653838,0.09304177375534273,0.04625658674580782,0.0887813031284231,0.8,1.0,0.4,111,0.2012202237423268,0.4196354657323092
30,42,0.18631695480172675,0.8121250893972052,0.8427209452340101,0.5632835877370062,0.21211630188248715,0.0993539688469164,0.05520561554529248,0.10784510960956879,0.8,1.0,0.4,112,0.3659069815527775,1.372487991782072
30,43,0.18617888122236792,0.8106468352622717,0.8411665874729667,0.576443079033092,0.18066702822294878,0.09935396884691641,0.055205615545292484,0.10784510960956877,0.8,1.0,0.4,116,0.3593906597121361,1.3245111124158229
30,44,0.168026113237978,0.7936568685263837,0.828335296070769,0.5570659054717514,0.17626913555376517,0.09729313491970455,0.04523327655791719,0.09247034281438335,0.8,1.0,0.4,118,0.3607746379994145,0.5973739432726191
30,45,0.1729622270083525,0.7933305471041303,0.8236179780312294,0.562651418498043,0.16640831933966488,0.0959990085580563,0.050201100641155884,0.09505878931427433,0.8,1.0,0.4,120,0.234431320433495,0.2602657019967921
30,46,0.11675583771085397,0.7164038055216563,0.729145957863621,0.5636777123849637,0.10926599245495883,0.05719820221390255,0.03646459946478685,0.06671044678016892,0.8,1.0,0.4,142,0.2105722143613246,0.2070419559913189
30,47,0.11267555088607567,0.7084595546557397,0.7250783525019069,0.5709946620608105,0.1251145104188499,0.061084541126454936,0.03839140975707087,0.04600438403871304,0.8,1.0,0.4,146,0.2278342431059412,0.0426545895517853
30,48,0.1136723393248662,0.690698474049493,0.7021788024714332,0.5629307495918684,0.1642212350744122,0.06005096906051518,0.04305306491424538,0.04154894284277425,0.8,1.0,0.4,148,0.2480933292945584,0.1007978364900677
30,49,0.11366476059199244,0.695532149747941,0.71137979103293,0.5791384350793664,0.10815404568590382,0.060050969060515214,0.04305306491424539,0.04154894284277424,0.8,1.0,0.4,150,0.2492705513633323,0.1044562672992215
30,50,0.1136647619372245,0.6905851242148131,0.7020596068977563,0.26672635483049595,0.10771363605158614,0.060050968766453834,0.04305306590431694,0.04154894417471573,0.8,1.0,0.4,152,0.2492705391118307,0.1044562753425142
30,51,0.11760315000141215,0.6921803401239938,0.7035256813091952,0.6252300973828128,0.11359329013652714,0.058704075564097895,0.04231959120523145,0.05633609883272106,0.8,1.0,0.4,163,0.2070451276100489,0.2349039537488372
30,52,0.12303643260318253,0.69685624958474,0.712261403099881,0.6673884017626747,0.12710939525607662,0.060465497393683364,0.039931024894417376,0.07332416900060931,0.8,1.0,0.4,168,0.2794079973403064,0.1832337723610853
30,53,0.1221993408777909,0.6907338540600659,0.7058499112979624,0.6752869367701428,0.1389878785736514,0.061618216934290725,0.03908546979033858,0.07186613205011687,0.8,1.0,0.4,170,0.2076911788820681,0.3364026106865951
30,54,0.13306907717724686,0.680957589381356,0.6908479526831082,0.6755426566772651,0.15464478903795442,0.06505316104440556,0.04261804361824406,0.0854932521293015,0.8,1.0,0.4,175,0.1842248008277275,0.3498432337244933
30,55,0.13541771207443465,0.6818824866575868,0.6916959533118039,0.6965628073143546,0.13321374934387906,0.06415120494215724,0.04497682174406546,0.08744701982963234,0.8,1.0,0.4,181,0.1743823537329017,0.390661642970282
30,56,0.1352943644560768,0.6914931222332334,0.710044266602146,0.7382359325327545,0.13159661410289875,0.06419801141419978,0.04490851010265804,0.08723534097596494,0.8,1.0,0.4,184,0.1741041338242736,0.3710114825432588
30,57,0.13265228378513905,0.6732957621445445,0.6786888558057669,0.29185086079009137,0.13149835825448739,0.06356425176395183,0.04292343514481537,0.08694781242686964,0.8,1.0,0.4,186,0.211162748062811,0.4271957076842409
30,58,0.1343948332204946,0.6942678896889839,0.7171235008605441,0.7809497770686319,0.1348484552975886,0.06393024320427376,0.04428524143189329,0.08723444128605487,0.8,1.0,0.4,187,0.1907675896831241,0.4087591538145839
30,59,0.13309542328464224,0.6813322671735873,0.6953476221555437,0.7307714934450008,0.14329393590807835,0.0652054775393473,0.04263704707704545,0.08576232218156668,0.8,1.0,0.4,188,0.1935992402828651,0.448261524194339
30,60,0.1329550804203956,0.6910086176948305,0.7137661244716449,0.7692011011918554,0.12918006515014865,0.06526209609701263,0.04255452956328232,0.08551365845457262,0.8,1.0,0.4,191,0.1933539843256497,0.4239466792987272
30,61,0.1330765940787636,0.7008730629597133,0.7323687566608814,0.8137149113730092,0.13032381898297415,0.06520606362023036,0.0426303403921122,0.08575754322218862,0.8,1.0,0.4,192,0.1930497905614398,0.4308484258842625
30,62,0.13293746784056354,0.6808830691062286,0.6948827341178667,0.7530617364991437,0.12947500996424532,0.06526264701215527,0.04254822170485576,0.08550923235135308,0.8,1.0,0.4,193,0.1930856924743462,0.4202147372768696
30,63,0.13293746709537144,0.6907770944405677,0.7135230711523887,0.7957337696021477,0.12896214209061735,0.06526264701215527,0.04254822170485574,0.085509232351353,0.8,1.0,0.4,197,0.1930856737153644,0.4202144277652492
30,64,0.13294214935130988,0.6907184414637937,0.7134610111967843,0.7924022514983007,0.129484509565828,0.06526209609701263,0.04255452956328232,0.08551365845457264,0.8,1.0,0.4,198,0.1928925735764801,0.4036750723363594
30,65,0.13444528521497456,0.7067805942030065,0.742627432913461,0.8457271848432729,0.13279125789261004,0.06510837325989406,0.043783809743300664,0.08653875135584406,0.8,1.0,0.4,199,0.1983709806990787,0.4509018629763101
