Dataset,Run,Method,Weight,Metric,Test_Metric,Spearman
589_fri_c2_1000_25,1,SVP,w0.4_0.9_0.4,MSE_Train,MSE_Test_Interpolation,0.9643790950198408
589_fri_c2_1000_25,1,SVP,w0.4_0.9_0.4,AIC_Train,MSE_Test_Interpolation,0.9778522870589684
589_fri_c2_1000_25,1,SVP,w0.4_0.9_0.4,BIC_Train,MSE_Test_Interpolation,0.9715771017256759
589_fri_c2_1000_25,1,SVP,w0.4_0.9_0.4,MDL_Train,MSE_Test_Interpolation,0.48888000246085705
589_fri_c2_1000_25,1,SVP,w0.4_0.9_0.4,PSM_Train,MSE_Test_Interpolation,0.5835614752837677
589_fri_c2_1000_25,1,SVP,w0.4_0.9_0.4,MSE_Train,MSE_Test_Extrapolation,0.9343566396997754
589_fri_c2_1000_25,1,SVP,w0.4_0.9_0.4,AIC_Train,MSE_Test_Extrapolation,0.962902580823772
589_fri_c2_1000_25,1,SVP,w0.4_0.9_0.4,BIC_Train,MSE_Test_Extrapolation,0.9569350026146608
589_fri_c2_1000_25,1,SVP,w0.4_0.9_0.4,MDL_Train,MSE_Test_Extrapolation,0.4941708449967702
589_fri_c2_1000_25,1,SVP,w0.4_0.9_0.4,PSM_Train,MSE_Test_Extrapolation,0.5262850287612661
589_fri_c2_1000_25,2,SVP,w0.4_0.9_0.4,MSE_Train,MSE_Test_Interpolation,0.8361085972850678
589_fri_c2_1000_25,2,SVP,w0.4_0.9_0.4,AIC_Train,MSE_Test_Interpolation,0.9019004524886877
589_fri_c2_1000_25,2,SVP,w0.4_0.9_0.4,BIC_Train,MSE_Test_Interpolation,0.9118552036199095
589_fri_c2_1000_25,2,SVP,w0.4_0.9_0.4,MDL_Train,MSE_Test_Interpolation,0.8547511312217194
589_fri_c2_1000_25,2,SVP,w0.4_0.9_0.4,PSM_Train,MSE_Test_Interpolation,0.5070588235294118
589_fri_c2_1000_25,2,SVP,w0.4_0.9_0.4,MSE_Train,MSE_Test_Extrapolation,0.8703167420814479
589_fri_c2_1000_25,2,SVP,w0.4_0.9_0.4,AIC_Train,MSE_Test_Extrapolation,0.9335746606334842
589_fri_c2_1000_25,2,SVP,w0.4_0.9_0.4,BIC_Train,MSE_Test_Extrapolation,0.9504977375565611
589_fri_c2_1000_25,2,SVP,w0.4_0.9_0.4,MDL_Train,MSE_Test_Extrapolation,0.8375565610859728
589_fri_c2_1000_25,2,SVP,w0.4_0.9_0.4,PSM_Train,MSE_Test_Extrapolation,0.5460633484162897
589_fri_c2_1000_25,3,SVP,w0.4_0.9_0.4,MSE_Train,MSE_Test_Interpolation,0.7812807881773397
589_fri_c2_1000_25,3,SVP,w0.4_0.9_0.4,AIC_Train,MSE_Test_Interpolation,0.7960591133004924
589_fri_c2_1000_25,3,SVP,w0.4_0.9_0.4,BIC_Train,MSE_Test_Interpolation,0.769950738916256
589_fri_c2_1000_25,3,SVP,w0.4_0.9_0.4,MDL_Train,MSE_Test_Interpolation,0.4921182266009851
589_fri_c2_1000_25,3,SVP,w0.4_0.9_0.4,PSM_Train,MSE_Test_Interpolation,0.451231527093596
589_fri_c2_1000_25,3,SVP,w0.4_0.9_0.4,MSE_Train,MSE_Test_Extrapolation,0.7911330049261082
589_fri_c2_1000_25,3,SVP,w0.4_0.9_0.4,AIC_Train,MSE_Test_Extrapolation,0.7965517241379308
589_fri_c2_1000_25,3,SVP,w0.4_0.9_0.4,BIC_Train,MSE_Test_Extrapolation,0.7724137931034482
589_fri_c2_1000_25,3,SVP,w0.4_0.9_0.4,MDL_Train,MSE_Test_Extrapolation,0.45911330049261073
589_fri_c2_1000_25,3,SVP,w0.4_0.9_0.4,PSM_Train,MSE_Test_Extrapolation,0.5206896551724137
589_fri_c2_1000_25,4,SVP,w0.4_0.9_0.4,MSE_Train,MSE_Test_Interpolation,0.9388220783225408
589_fri_c2_1000_25,4,SVP,w0.4_0.9_0.4,AIC_Train,MSE_Test_Interpolation,0.9458526056120876
589_fri_c2_1000_25,4,SVP,w0.4_0.9_0.4,BIC_Train,MSE_Test_Interpolation,0.950786308973173
589_fri_c2_1000_25,4,SVP,w0.4_0.9_0.4,MDL_Train,MSE_Test_Interpolation,0.20394696268886833
589_fri_c2_1000_25,4,SVP,w0.4_0.9_0.4,PSM_Train,MSE_Test_Interpolation,0.5147702744372494
589_fri_c2_1000_25,4,SVP,w0.4_0.9_0.4,MSE_Train,MSE_Test_Extrapolation,0.9555966697502314
589_fri_c2_1000_25,4,SVP,w0.4_0.9_0.4,AIC_Train,MSE_Test_Extrapolation,0.9639839654640764
589_fri_c2_1000_25,4,SVP,w0.4_0.9_0.4,BIC_Train,MSE_Test_Extrapolation,0.9563367252543942
589_fri_c2_1000_25,4,SVP,w0.4_0.9_0.4,MDL_Train,MSE_Test_Extrapolation,0.127104532839963
589_fri_c2_1000_25,4,SVP,w0.4_0.9_0.4,PSM_Train,MSE_Test_Extrapolation,0.5395621338267036
589_fri_c2_1000_25,5,SVP,w0.4_0.9_0.4,MSE_Train,MSE_Test_Interpolation,0.38714183095219096
589_fri_c2_1000_25,5,SVP,w0.4_0.9_0.4,AIC_Train,MSE_Test_Interpolation,0.62363317104318
589_fri_c2_1000_25,5,SVP,w0.4_0.9_0.4,BIC_Train,MSE_Test_Interpolation,0.5413440817303856
589_fri_c2_1000_25,5,SVP,w0.4_0.9_0.4,MDL_Train,MSE_Test_Interpolation,-0.29204246148934476
589_fri_c2_1000_25,5,SVP,w0.4_0.9_0.4,PSM_Train,MSE_Test_Interpolation,-0.44181498922499807
589_fri_c2_1000_25,5,SVP,w0.4_0.9_0.4,MSE_Train,MSE_Test_Extrapolation,0.37808284779312
589_fri_c2_1000_25,5,SVP,w0.4_0.9_0.4,AIC_Train,MSE_Test_Extrapolation,0.603958815547929
589_fri_c2_1000_25,5,SVP,w0.4_0.9_0.4,BIC_Train,MSE_Test_Extrapolation,0.5309282464681939
589_fri_c2_1000_25,5,SVP,w0.4_0.9_0.4,MDL_Train,MSE_Test_Extrapolation,-0.2748822731263469
589_fri_c2_1000_25,5,SVP,w0.4_0.9_0.4,PSM_Train,MSE_Test_Extrapolation,-0.46583925293319506
589_fri_c2_1000_25,6,SVP,w0.4_0.9_0.4,MSE_Train,MSE_Test_Interpolation,0.9056107539450614
589_fri_c2_1000_25,6,SVP,w0.4_0.9_0.4,AIC_Train,MSE_Test_Interpolation,0.9045587375803626
589_fri_c2_1000_25,6,SVP,w0.4_0.9_0.4,BIC_Train,MSE_Test_Interpolation,0.9454704850964349
589_fri_c2_1000_25,6,SVP,w0.4_0.9_0.4,MDL_Train,MSE_Test_Interpolation,0.116364699006429
589_fri_c2_1000_25,6,SVP,w0.4_0.9_0.4,PSM_Train,MSE_Test_Interpolation,0.7365867913500879
589_fri_c2_1000_25,6,SVP,w0.4_0.9_0.4,MSE_Train,MSE_Test_Extrapolation,0.828053769725307
589_fri_c2_1000_25,6,SVP,w0.4_0.9_0.4,AIC_Train,MSE_Test_Extrapolation,0.8322033898305086
589_fri_c2_1000_25,6,SVP,w0.4_0.9_0.4,BIC_Train,MSE_Test_Extrapolation,0.8919345412039743
589_fri_c2_1000_25,6,SVP,w0.4_0.9_0.4,MDL_Train,MSE_Test_Extrapolation,0.2897136177673875
589_fri_c2_1000_25,6,SVP,w0.4_0.9_0.4,PSM_Train,MSE_Test_Extrapolation,0.616364699006429
589_fri_c2_1000_25,7,SVP,w0.4_0.9_0.4,MSE_Train,MSE_Test_Interpolation,0.9540576794097919
589_fri_c2_1000_25,7,SVP,w0.4_0.9_0.4,AIC_Train,MSE_Test_Interpolation,0.9880617035546613
589_fri_c2_1000_25,7,SVP,w0.4_0.9_0.4,BIC_Train,MSE_Test_Interpolation,0.9857813547954392
589_fri_c2_1000_25,7,SVP,w0.4_0.9_0.4,MDL_Train,MSE_Test_Interpolation,0.6890006706908114
589_fri_c2_1000_25,7,SVP,w0.4_0.9_0.4,PSM_Train,MSE_Test_Interpolation,0.48843058350100593
589_fri_c2_1000_25,7,SVP,w0.4_0.9_0.4,MSE_Train,MSE_Test_Extrapolation,0.946244131455399
589_fri_c2_1000_25,7,SVP,w0.4_0.9_0.4,AIC_Train,MSE_Test_Extrapolation,0.9878269617706237
589_fri_c2_1000_25,7,SVP,w0.4_0.9_0.4,BIC_Train,MSE_Test_Extrapolation,0.9813883299798792
589_fri_c2_1000_25,7,SVP,w0.4_0.9_0.4,MDL_Train,MSE_Test_Extrapolation,0.6853789403085178
589_fri_c2_1000_25,7,SVP,w0.4_0.9_0.4,PSM_Train,MSE_Test_Extrapolation,0.4571093226022803
589_fri_c2_1000_25,8,SVP,w0.4_0.9_0.4,MSE_Train,MSE_Test_Interpolation,0.9472398190045248
589_fri_c2_1000_25,8,SVP,w0.4_0.9_0.4,AIC_Train,MSE_Test_Interpolation,0.94841628959276
589_fri_c2_1000_25,8,SVP,w0.4_0.9_0.4,BIC_Train,MSE_Test_Interpolation,0.9404524886877828
589_fri_c2_1000_25,8,SVP,w0.4_0.9_0.4,MDL_Train,MSE_Test_Interpolation,0.751131221719457
589_fri_c2_1000_25,8,SVP,w0.4_0.9_0.4,PSM_Train,MSE_Test_Interpolation,0.7680542986425339
589_fri_c2_1000_25,8,SVP,w0.4_0.9_0.4,MSE_Train,MSE_Test_Extrapolation,0.9478733031674208
589_fri_c2_1000_25,8,SVP,w0.4_0.9_0.4,AIC_Train,MSE_Test_Extrapolation,0.9497737556561086
589_fri_c2_1000_25,8,SVP,w0.4_0.9_0.4,BIC_Train,MSE_Test_Extrapolation,0.9458823529411764
589_fri_c2_1000_25,8,SVP,w0.4_0.9_0.4,MDL_Train,MSE_Test_Extrapolation,0.7496832579185521
589_fri_c2_1000_25,8,SVP,w0.4_0.9_0.4,PSM_Train,MSE_Test_Extrapolation,0.7680542986425339
589_fri_c2_1000_25,9,SVP,w0.4_0.9_0.4,MSE_Train,MSE_Test_Interpolation,0.9841239590878069
589_fri_c2_1000_25,9,SVP,w0.4_0.9_0.4,AIC_Train,MSE_Test_Interpolation,0.9888124418117903
589_fri_c2_1000_25,9,SVP,w0.4_0.9_0.4,BIC_Train,MSE_Test_Interpolation,0.9891936192690247
589_fri_c2_1000_25,9,SVP,w0.4_0.9_0.4,MDL_Train,MSE_Test_Interpolation,0.6175837162111957
589_fri_c2_1000_25,9,SVP,w0.4_0.9_0.4,PSM_Train,MSE_Test_Interpolation,0.6794106997746173
589_fri_c2_1000_25,9,SVP,w0.4_0.9_0.4,MSE_Train,MSE_Test_Extrapolation,0.9777964132977158
589_fri_c2_1000_25,9,SVP,w0.4_0.9_0.4,AIC_Train,MSE_Test_Extrapolation,0.9859917286282556
589_fri_c2_1000_25,9,SVP,w0.4_0.9_0.4,BIC_Train,MSE_Test_Extrapolation,0.9867540835427244
589_fri_c2_1000_25,9,SVP,w0.4_0.9_0.4,MDL_Train,MSE_Test_Extrapolation,0.6366425890729163
589_fri_c2_1000_25,9,SVP,w0.4_0.9_0.4,PSM_Train,MSE_Test_Extrapolation,0.6806304676377675
589_fri_c2_1000_25,10,SVP,w0.4_0.9_0.4,MSE_Train,MSE_Test_Interpolation,0.18795502191728605
589_fri_c2_1000_25,10,SVP,w0.4_0.9_0.4,AIC_Train,MSE_Test_Interpolation,0.2509243377167905
589_fri_c2_1000_25,10,SVP,w0.4_0.9_0.4,BIC_Train,MSE_Test_Interpolation,0.13108442919763674
589_fri_c2_1000_25,10,SVP,w0.4_0.9_0.4,MDL_Train,MSE_Test_Interpolation,-0.4968553459119496
589_fri_c2_1000_25,10,SVP,w0.4_0.9_0.4,PSM_Train,MSE_Test_Interpolation,-0.28522965504097575
589_fri_c2_1000_25,10,SVP,w0.4_0.9_0.4,MSE_Train,MSE_Test_Extrapolation,0.32692967409948537
589_fri_c2_1000_25,10,SVP,w0.4_0.9_0.4,AIC_Train,MSE_Test_Extrapolation,0.40186773394320563
589_fri_c2_1000_25,10,SVP,w0.4_0.9_0.4,BIC_Train,MSE_Test_Extrapolation,0.26845816657137406
589_fri_c2_1000_25,10,SVP,w0.4_0.9_0.4,MDL_Train,MSE_Test_Extrapolation,-0.42328949876119676
589_fri_c2_1000_25,10,SVP,w0.4_0.9_0.4,PSM_Train,MSE_Test_Extrapolation,-0.12940728035067653
589_fri_c2_1000_25,11,SVP,w0.4_0.9_0.4,MSE_Train,MSE_Test_Interpolation,0.18620336378382993
589_fri_c2_1000_25,11,SVP,w0.4_0.9_0.4,AIC_Train,MSE_Test_Interpolation,0.35960044395116536
589_fri_c2_1000_25,11,SVP,w0.4_0.9_0.4,BIC_Train,MSE_Test_Interpolation,0.34602578331768113
589_fri_c2_1000_25,11,SVP,w0.4_0.9_0.4,MDL_Train,MSE_Test_Interpolation,0.21941432596260566
589_fri_c2_1000_25,11,SVP,w0.4_0.9_0.4,PSM_Train,MSE_Test_Interpolation,-0.3625032015709041
589_fri_c2_1000_25,11,SVP,w0.4_0.9_0.4,MSE_Train,MSE_Test_Extrapolation,0.22829334927004183
589_fri_c2_1000_25,11,SVP,w0.4_0.9_0.4,AIC_Train,MSE_Test_Extrapolation,0.41142320498591306
589_fri_c2_1000_25,11,SVP,w0.4_0.9_0.4,BIC_Train,MSE_Test_Extrapolation,0.39682404166310936
589_fri_c2_1000_25,11,SVP,w0.4_0.9_0.4,MDL_Train,MSE_Test_Extrapolation,0.2843848715102877
589_fri_c2_1000_25,11,SVP,w0.4_0.9_0.4,PSM_Train,MSE_Test_Extrapolation,-0.33868351404422437
589_fri_c2_1000_25,12,SVP,w0.4_0.9_0.4,MSE_Train,MSE_Test_Interpolation,0.9400986610288935
589_fri_c2_1000_25,12,SVP,w0.4_0.9_0.4,AIC_Train,MSE_Test_Interpolation,0.9797040169133192
589_fri_c2_1000_25,12,SVP,w0.4_0.9_0.4,BIC_Train,MSE_Test_Interpolation,0.8071881606765327
589_fri_c2_1000_25,12,SVP,w0.4_0.9_0.4,MDL_Train,MSE_Test_Interpolation,-0.01296687808315715
589_fri_c2_1000_25,12,SVP,w0.4_0.9_0.4,PSM_Train,MSE_Test_Interpolation,0.6600422832980971
589_fri_c2_1000_25,12,SVP,w0.4_0.9_0.4,MSE_Train,MSE_Test_Extrapolation,0.9006342494714586
589_fri_c2_1000_25,12,SVP,w0.4_0.9_0.4,AIC_Train,MSE_Test_Extrapolation,0.9097956307258632
589_fri_c2_1000_25,12,SVP,w0.4_0.9_0.4,BIC_Train,MSE_Test_Extrapolation,0.9089499647639183
589_fri_c2_1000_25,12,SVP,w0.4_0.9_0.4,MDL_Train,MSE_Test_Extrapolation,0.16772374911909796
589_fri_c2_1000_25,12,SVP,w0.4_0.9_0.4,PSM_Train,MSE_Test_Extrapolation,0.5870331219168429
589_fri_c2_1000_25,13,SVP,w0.4_0.9_0.4,MSE_Train,MSE_Test_Interpolation,0.766578529878371
589_fri_c2_1000_25,13,SVP,w0.4_0.9_0.4,AIC_Train,MSE_Test_Interpolation,0.8660497091485985
589_fri_c2_1000_25,13,SVP,w0.4_0.9_0.4,BIC_Train,MSE_Test_Interpolation,0.8282390269698571
589_fri_c2_1000_25,13,SVP,w0.4_0.9_0.4,MDL_Train,MSE_Test_Interpolation,-0.17049180327868851
589_fri_c2_1000_25,13,SVP,w0.4_0.9_0.4,PSM_Train,MSE_Test_Interpolation,0.2869381279746166
589_fri_c2_1000_25,13,SVP,w0.4_0.9_0.4,MSE_Train,MSE_Test_Extrapolation,0.7235854045478581
589_fri_c2_1000_25,13,SVP,w0.4_0.9_0.4,AIC_Train,MSE_Test_Extrapolation,0.7997355896351136
589_fri_c2_1000_25,13,SVP,w0.4_0.9_0.4,BIC_Train,MSE_Test_Extrapolation,0.6965097831835007
589_fri_c2_1000_25,13,SVP,w0.4_0.9_0.4,MDL_Train,MSE_Test_Extrapolation,-0.27990481226864095
589_fri_c2_1000_25,13,SVP,w0.4_0.9_0.4,PSM_Train,MSE_Test_Extrapolation,0.3046536224219989
589_fri_c2_1000_25,14,SVP,w0.4_0.9_0.4,MSE_Train,MSE_Test_Interpolation,0.8708371877890841
589_fri_c2_1000_25,14,SVP,w0.4_0.9_0.4,AIC_Train,MSE_Test_Interpolation,0.8917668825161887
589_fri_c2_1000_25,14,SVP,w0.4_0.9_0.4,BIC_Train,MSE_Test_Interpolation,0.8913043478260869
589_fri_c2_1000_25,14,SVP,w0.4_0.9_0.4,MDL_Train,MSE_Test_Interpolation,0.2676919518963922
589_fri_c2_1000_25,14,SVP,w0.4_0.9_0.4,PSM_Train,MSE_Test_Interpolation,0.3543015726179463
589_fri_c2_1000_25,14,SVP,w0.4_0.9_0.4,MSE_Train,MSE_Test_Extrapolation,0.8659805735430157
589_fri_c2_1000_25,14,SVP,w0.4_0.9_0.4,AIC_Train,MSE_Test_Extrapolation,0.8869102682701203
589_fri_c2_1000_25,14,SVP,w0.4_0.9_0.4,BIC_Train,MSE_Test_Extrapolation,0.886563367252544
589_fri_c2_1000_25,14,SVP,w0.4_0.9_0.4,MDL_Train,MSE_Test_Extrapolation,0.26746068455134137
589_fri_c2_1000_25,14,SVP,w0.4_0.9_0.4,PSM_Train,MSE_Test_Extrapolation,0.37049028677150786
589_fri_c2_1000_25,15,SVP,w0.4_0.9_0.4,MSE_Train,MSE_Test_Interpolation,0.8758683177287827
589_fri_c2_1000_25,15,SVP,w0.4_0.9_0.4,AIC_Train,MSE_Test_Interpolation,0.9463908184838417
589_fri_c2_1000_25,15,SVP,w0.4_0.9_0.4,BIC_Train,MSE_Test_Interpolation,0.8852310480217457
589_fri_c2_1000_25,15,SVP,w0.4_0.9_0.4,MDL_Train,MSE_Test_Interpolation,0.26396858954998487
589_fri_c2_1000_25,15,SVP,w0.4_0.9_0.4,PSM_Train,MSE_Test_Interpolation,0.2179099969797644
589_fri_c2_1000_25,15,SVP,w0.4_0.9_0.4,MSE_Train,MSE_Test_Extrapolation,0.9359710057384475
589_fri_c2_1000_25,15,SVP,w0.4_0.9_0.4,AIC_Train,MSE_Test_Extrapolation,0.9799154334038055
589_fri_c2_1000_25,15,SVP,w0.4_0.9_0.4,BIC_Train,MSE_Test_Extrapolation,0.9199637571730594
589_fri_c2_1000_25,15,SVP,w0.4_0.9_0.4,MDL_Train,MSE_Test_Extrapolation,0.23210510419812747
589_fri_c2_1000_25,15,SVP,w0.4_0.9_0.4,PSM_Train,MSE_Test_Extrapolation,0.2789187556629417
589_fri_c2_1000_25,16,SVP,w0.4_0.9_0.4,MSE_Train,MSE_Test_Interpolation,0.9674375578168363
589_fri_c2_1000_25,16,SVP,w0.4_0.9_0.4,AIC_Train,MSE_Test_Interpolation,0.9570767807585567
589_fri_c2_1000_25,16,SVP,w0.4_0.9_0.4,BIC_Train,MSE_Test_Interpolation,0.9579401788467468
589_fri_c2_1000_25,16,SVP,w0.4_0.9_0.4,MDL_Train,MSE_Test_Interpolation,0.8152328091273512
589_fri_c2_1000_25,16,SVP,w0.4_0.9_0.4,PSM_Train,MSE_Test_Interpolation,0.5816219549799568
589_fri_c2_1000_25,16,SVP,w0.4_0.9_0.4,MSE_Train,MSE_Test_Extrapolation,0.9177304964539007
589_fri_c2_1000_25,16,SVP,w0.4_0.9_0.4,AIC_Train,MSE_Test_Extrapolation,0.9087264878199198
589_fri_c2_1000_25,16,SVP,w0.4_0.9_0.4,BIC_Train,MSE_Test_Extrapolation,0.9111933395004626
589_fri_c2_1000_25,16,SVP,w0.4_0.9_0.4,MDL_Train,MSE_Test_Extrapolation,0.8703669441874806
589_fri_c2_1000_25,16,SVP,w0.4_0.9_0.4,PSM_Train,MSE_Test_Extrapolation,0.5567067530064754
589_fri_c2_1000_25,17,SVP,w0.4_0.9_0.4,MSE_Train,MSE_Test_Interpolation,0.940180995475113
589_fri_c2_1000_25,17,SVP,w0.4_0.9_0.4,AIC_Train,MSE_Test_Interpolation,0.9453393665158372
589_fri_c2_1000_25,17,SVP,w0.4_0.9_0.4,BIC_Train,MSE_Test_Interpolation,0.9350226244343892
589_fri_c2_1000_25,17,SVP,w0.4_0.9_0.4,MDL_Train,MSE_Test_Interpolation,0.5726696832579186
589_fri_c2_1000_25,17,SVP,w0.4_0.9_0.4,PSM_Train,MSE_Test_Interpolation,0.7938461538461538
589_fri_c2_1000_25,17,SVP,w0.4_0.9_0.4,MSE_Train,MSE_Test_Extrapolation,0.9450678733031673
589_fri_c2_1000_25,17,SVP,w0.4_0.9_0.4,AIC_Train,MSE_Test_Extrapolation,0.9531221719457014
589_fri_c2_1000_25,17,SVP,w0.4_0.9_0.4,BIC_Train,MSE_Test_Extrapolation,0.9427149321266969
589_fri_c2_1000_25,17,SVP,w0.4_0.9_0.4,MDL_Train,MSE_Test_Extrapolation,0.5908597285067874
589_fri_c2_1000_25,17,SVP,w0.4_0.9_0.4,PSM_Train,MSE_Test_Extrapolation,0.7857013574660634
589_fri_c2_1000_25,18,SVP,w0.4_0.9_0.4,MSE_Train,MSE_Test_Interpolation,0.9122722141590066
589_fri_c2_1000_25,18,SVP,w0.4_0.9_0.4,AIC_Train,MSE_Test_Interpolation,0.9815352362522174
589_fri_c2_1000_25,18,SVP,w0.4_0.9_0.4,BIC_Train,MSE_Test_Interpolation,0.9148524431543299
589_fri_c2_1000_25,18,SVP,w0.4_0.9_0.4,MDL_Train,MSE_Test_Interpolation,0.31156265118529264
589_fri_c2_1000_25,18,SVP,w0.4_0.9_0.4,PSM_Train,MSE_Test_Interpolation,0.6216739235607159
589_fri_c2_1000_25,18,SVP,w0.4_0.9_0.4,MSE_Train,MSE_Test_Extrapolation,0.8631672310917593
589_fri_c2_1000_25,18,SVP,w0.4_0.9_0.4,AIC_Train,MSE_Test_Extrapolation,0.9583938074504113
589_fri_c2_1000_25,18,SVP,w0.4_0.9_0.4,BIC_Train,MSE_Test_Extrapolation,0.925253991291727
589_fri_c2_1000_25,18,SVP,w0.4_0.9_0.4,MDL_Train,MSE_Test_Extrapolation,0.39146911788421224
589_fri_c2_1000_25,18,SVP,w0.4_0.9_0.4,PSM_Train,MSE_Test_Extrapolation,0.5802289953233349
589_fri_c2_1000_25,19,SVP,w0.4_0.9_0.4,MSE_Train,MSE_Test_Interpolation,0.9836236933797912
589_fri_c2_1000_25,19,SVP,w0.4_0.9_0.4,AIC_Train,MSE_Test_Interpolation,0.983275261324042
589_fri_c2_1000_25,19,SVP,w0.4_0.9_0.4,BIC_Train,MSE_Test_Interpolation,0.9834494773519165
589_fri_c2_1000_25,19,SVP,w0.4_0.9_0.4,MDL_Train,MSE_Test_Interpolation,0.9778745644599306
589_fri_c2_1000_25,19,SVP,w0.4_0.9_0.4,PSM_Train,MSE_Test_Interpolation,0.4569686411149827
589_fri_c2_1000_25,19,SVP,w0.4_0.9_0.4,MSE_Train,MSE_Test_Extrapolation,0.9782229965156796
589_fri_c2_1000_25,19,SVP,w0.4_0.9_0.4,AIC_Train,MSE_Test_Extrapolation,0.9754355400696865
589_fri_c2_1000_25,19,SVP,w0.4_0.9_0.4,BIC_Train,MSE_Test_Extrapolation,0.9756097560975611
589_fri_c2_1000_25,19,SVP,w0.4_0.9_0.4,MDL_Train,MSE_Test_Extrapolation,0.9691637630662023
589_fri_c2_1000_25,19,SVP,w0.4_0.9_0.4,PSM_Train,MSE_Test_Extrapolation,0.3951219512195123
589_fri_c2_1000_25,20,SVP,w0.4_0.9_0.4,MSE_Train,MSE_Test_Interpolation,0.9635888501742162
589_fri_c2_1000_25,20,SVP,w0.4_0.9_0.4,AIC_Train,MSE_Test_Interpolation,0.9609756097560977
589_fri_c2_1000_25,20,SVP,w0.4_0.9_0.4,BIC_Train,MSE_Test_Interpolation,0.9601045296167249
589_fri_c2_1000_25,20,SVP,w0.4_0.9_0.4,MDL_Train,MSE_Test_Interpolation,0.5912891986062719
589_fri_c2_1000_25,20,SVP,w0.4_0.9_0.4,PSM_Train,MSE_Test_Interpolation,0.6503484320557492
589_fri_c2_1000_25,20,SVP,w0.4_0.9_0.4,MSE_Train,MSE_Test_Extrapolation,0.9757839721254358
589_fri_c2_1000_25,20,SVP,w0.4_0.9_0.4,AIC_Train,MSE_Test_Extrapolation,0.9705574912891988
589_fri_c2_1000_25,20,SVP,w0.4_0.9_0.4,BIC_Train,MSE_Test_Extrapolation,0.9691637630662023
589_fri_c2_1000_25,20,SVP,w0.4_0.9_0.4,MDL_Train,MSE_Test_Extrapolation,0.5918118466898956
589_fri_c2_1000_25,20,SVP,w0.4_0.9_0.4,PSM_Train,MSE_Test_Extrapolation,0.6712543554006969
589_fri_c2_1000_25,21,SVP,w0.4_0.9_0.4,MSE_Train,MSE_Test_Interpolation,0.956252713851498
589_fri_c2_1000_25,21,SVP,w0.4_0.9_0.4,AIC_Train,MSE_Test_Interpolation,0.9612462006079028
589_fri_c2_1000_25,21,SVP,w0.4_0.9_0.4,BIC_Train,MSE_Test_Interpolation,0.9604863221884498
589_fri_c2_1000_25,21,SVP,w0.4_0.9_0.4,MDL_Train,MSE_Test_Interpolation,0.38037342596613105
589_fri_c2_1000_25,21,SVP,w0.4_0.9_0.4,PSM_Train,MSE_Test_Interpolation,0.5594876248371689
589_fri_c2_1000_25,21,SVP,w0.4_0.9_0.4,MSE_Train,MSE_Test_Extrapolation,0.8949196699956579
589_fri_c2_1000_25,21,SVP,w0.4_0.9_0.4,AIC_Train,MSE_Test_Extrapolation,0.9067520625271385
589_fri_c2_1000_25,21,SVP,w0.4_0.9_0.4,BIC_Train,MSE_Test_Extrapolation,0.91391663048198
589_fri_c2_1000_25,21,SVP,w0.4_0.9_0.4,MDL_Train,MSE_Test_Extrapolation,0.4941380807642206
589_fri_c2_1000_25,21,SVP,w0.4_0.9_0.4,PSM_Train,MSE_Test_Extrapolation,0.4702561875814156
589_fri_c2_1000_25,22,SVP,w0.4_0.9_0.4,MSE_Train,MSE_Test_Interpolation,0.9564054776760392
589_fri_c2_1000_25,22,SVP,w0.4_0.9_0.4,AIC_Train,MSE_Test_Interpolation,0.9594846446803339
589_fri_c2_1000_25,22,SVP,w0.4_0.9_0.4,BIC_Train,MSE_Test_Interpolation,0.9508953893525647
589_fri_c2_1000_25,22,SVP,w0.4_0.9_0.4,MDL_Train,MSE_Test_Interpolation,0.7544769467628231
589_fri_c2_1000_25,22,SVP,w0.4_0.9_0.4,PSM_Train,MSE_Test_Interpolation,0.31561461794019935
589_fri_c2_1000_25,22,SVP,w0.4_0.9_0.4,MSE_Train,MSE_Test_Extrapolation,0.9447370553439753
589_fri_c2_1000_25,22,SVP,w0.4_0.9_0.4,AIC_Train,MSE_Test_Extrapolation,0.9455473624503687
589_fri_c2_1000_25,22,SVP,w0.4_0.9_0.4,BIC_Train,MSE_Test_Extrapolation,0.9306377116927316
589_fri_c2_1000_25,22,SVP,w0.4_0.9_0.4,MDL_Train,MSE_Test_Extrapolation,0.7082894416984037
589_fri_c2_1000_25,22,SVP,w0.4_0.9_0.4,PSM_Train,MSE_Test_Extrapolation,0.3003808443400049
589_fri_c2_1000_25,23,SVP,w0.4_0.9_0.4,MSE_Train,MSE_Test_Interpolation,0.9400903080148363
589_fri_c2_1000_25,23,SVP,w0.4_0.9_0.4,AIC_Train,MSE_Test_Interpolation,0.9573455894210611
589_fri_c2_1000_25,23,SVP,w0.4_0.9_0.4,BIC_Train,MSE_Test_Interpolation,0.9599258184163844
589_fri_c2_1000_25,23,SVP,w0.4_0.9_0.4,MDL_Train,MSE_Test_Interpolation,0.5062893081761005
589_fri_c2_1000_25,23,SVP,w0.4_0.9_0.4,PSM_Train,MSE_Test_Interpolation,0.4481535236252217
589_fri_c2_1000_25,23,SVP,w0.4_0.9_0.4,MSE_Train,MSE_Test_Extrapolation,0.9278342202870504
589_fri_c2_1000_25,23,SVP,w0.4_0.9_0.4,AIC_Train,MSE_Test_Extrapolation,0.9524270278987259
589_fri_c2_1000_25,23,SVP,w0.4_0.9_0.4,BIC_Train,MSE_Test_Extrapolation,0.9601677148846959
589_fri_c2_1000_25,23,SVP,w0.4_0.9_0.4,MDL_Train,MSE_Test_Extrapolation,0.5197548782454443
589_fri_c2_1000_25,23,SVP,w0.4_0.9_0.4,PSM_Train,MSE_Test_Extrapolation,0.43243025318497014
589_fri_c2_1000_25,24,SVP,w0.4_0.9_0.4,MSE_Train,MSE_Test_Interpolation,0.9528843249773483
589_fri_c2_1000_25,24,SVP,w0.4_0.9_0.4,AIC_Train,MSE_Test_Interpolation,0.9509211718514043
589_fri_c2_1000_25,24,SVP,w0.4_0.9_0.4,BIC_Train,MSE_Test_Interpolation,0.9474479009362731
589_fri_c2_1000_25,24,SVP,w0.4_0.9_0.4,MDL_Train,MSE_Test_Interpolation,0.6738145575354877
589_fri_c2_1000_25,24,SVP,w0.4_0.9_0.4,PSM_Train,MSE_Test_Interpolation,0.7059800664451829
589_fri_c2_1000_25,24,SVP,w0.4_0.9_0.4,MSE_Train,MSE_Test_Extrapolation,0.9219269102990034
589_fri_c2_1000_25,24,SVP,w0.4_0.9_0.4,AIC_Train,MSE_Test_Extrapolation,0.9180006040471157
589_fri_c2_1000_25,24,SVP,w0.4_0.9_0.4,BIC_Train,MSE_Test_Extrapolation,0.9121111446692841
589_fri_c2_1000_25,24,SVP,w0.4_0.9_0.4,MDL_Train,MSE_Test_Extrapolation,0.6528239202657806
589_fri_c2_1000_25,24,SVP,w0.4_0.9_0.4,PSM_Train,MSE_Test_Extrapolation,0.6469344608879493
589_fri_c2_1000_25,25,SVP,w0.4_0.9_0.4,MSE_Train,MSE_Test_Interpolation,0.6611295681063123
589_fri_c2_1000_25,25,SVP,w0.4_0.9_0.4,AIC_Train,MSE_Test_Interpolation,0.6729600518596548
589_fri_c2_1000_25,25,SVP,w0.4_0.9_0.4,BIC_Train,MSE_Test_Interpolation,0.6394133376549712
589_fri_c2_1000_25,25,SVP,w0.4_0.9_0.4,MDL_Train,MSE_Test_Interpolation,-0.03605866623450288
589_fri_c2_1000_25,25,SVP,w0.4_0.9_0.4,PSM_Train,MSE_Test_Interpolation,0.48043108338060125
589_fri_c2_1000_25,25,SVP,w0.4_0.9_0.4,MSE_Train,MSE_Test_Extrapolation,0.7073170731707318
589_fri_c2_1000_25,25,SVP,w0.4_0.9_0.4,AIC_Train,MSE_Test_Extrapolation,0.7087756259622398
589_fri_c2_1000_25,25,SVP,w0.4_0.9_0.4,BIC_Train,MSE_Test_Extrapolation,0.6854387812981121
589_fri_c2_1000_25,25,SVP,w0.4_0.9_0.4,MDL_Train,MSE_Test_Extrapolation,0.028279718013126974
589_fri_c2_1000_25,25,SVP,w0.4_0.9_0.4,PSM_Train,MSE_Test_Extrapolation,0.526456527023742
589_fri_c2_1000_25,26,SVP,w0.4_0.9_0.4,MSE_Train,MSE_Test_Interpolation,0.7729618163054695
589_fri_c2_1000_25,26,SVP,w0.4_0.9_0.4,AIC_Train,MSE_Test_Interpolation,0.7296181630546955
589_fri_c2_1000_25,26,SVP,w0.4_0.9_0.4,BIC_Train,MSE_Test_Interpolation,0.7316821465428276
589_fri_c2_1000_25,26,SVP,w0.4_0.9_0.4,MDL_Train,MSE_Test_Interpolation,0.6635706914344685
589_fri_c2_1000_25,26,SVP,w0.4_0.9_0.4,PSM_Train,MSE_Test_Interpolation,0.05056759545923632
589_fri_c2_1000_25,26,SVP,w0.4_0.9_0.4,MSE_Train,MSE_Test_Extrapolation,0.7977296181630547
589_fri_c2_1000_25,26,SVP,w0.4_0.9_0.4,AIC_Train,MSE_Test_Extrapolation,0.7543859649122806
589_fri_c2_1000_25,26,SVP,w0.4_0.9_0.4,BIC_Train,MSE_Test_Extrapolation,0.7523219814241485
589_fri_c2_1000_25,26,SVP,w0.4_0.9_0.4,MDL_Train,MSE_Test_Extrapolation,0.6780185758513931
589_fri_c2_1000_25,26,SVP,w0.4_0.9_0.4,PSM_Train,MSE_Test_Extrapolation,0.05882352941176471
589_fri_c2_1000_25,27,SVP,w0.4_0.9_0.4,MSE_Train,MSE_Test_Interpolation,0.9539528855683466
589_fri_c2_1000_25,27,SVP,w0.4_0.9_0.4,AIC_Train,MSE_Test_Interpolation,0.9527149366116914
589_fri_c2_1000_25,27,SVP,w0.4_0.9_0.4,BIC_Train,MSE_Test_Interpolation,0.8465951325176307
589_fri_c2_1000_25,27,SVP,w0.4_0.9_0.4,MDL_Train,MSE_Test_Interpolation,0.10970287219206401
589_fri_c2_1000_25,27,SVP,w0.4_0.9_0.4,PSM_Train,MSE_Test_Interpolation,0.7793554290614804
589_fri_c2_1000_25,27,SVP,w0.4_0.9_0.4,MSE_Train,MSE_Test_Extrapolation,0.9303194327971336
589_fri_c2_1000_25,27,SVP,w0.4_0.9_0.4,AIC_Train,MSE_Test_Extrapolation,0.9489793975307941
589_fri_c2_1000_25,27,SVP,w0.4_0.9_0.4,BIC_Train,MSE_Test_Extrapolation,0.8110693935033836
589_fri_c2_1000_25,27,SVP,w0.4_0.9_0.4,MDL_Train,MSE_Test_Extrapolation,0.07440583965215739
589_fri_c2_1000_25,27,SVP,w0.4_0.9_0.4,PSM_Train,MSE_Test_Extrapolation,0.7407802703893579
589_fri_c2_1000_25,28,SVP,w0.4_0.9_0.4,MSE_Train,MSE_Test_Interpolation,0.945933014354067
589_fri_c2_1000_25,28,SVP,w0.4_0.9_0.4,AIC_Train,MSE_Test_Interpolation,0.9349965823650034
589_fri_c2_1000_25,28,SVP,w0.4_0.9_0.4,BIC_Train,MSE_Test_Interpolation,0.9200956937799043
589_fri_c2_1000_25,28,SVP,w0.4_0.9_0.4,MDL_Train,MSE_Test_Interpolation,0.322282980177717
589_fri_c2_1000_25,28,SVP,w0.4_0.9_0.4,PSM_Train,MSE_Test_Interpolation,0.7593984962406016
589_fri_c2_1000_25,28,SVP,w0.4_0.9_0.4,MSE_Train,MSE_Test_Extrapolation,0.9436773752563227
589_fri_c2_1000_25,28,SVP,w0.4_0.9_0.4,AIC_Train,MSE_Test_Extrapolation,0.9485304169514696
589_fri_c2_1000_25,28,SVP,w0.4_0.9_0.4,BIC_Train,MSE_Test_Extrapolation,0.9362269309637731
589_fri_c2_1000_25,28,SVP,w0.4_0.9_0.4,MDL_Train,MSE_Test_Extrapolation,0.325974025974026
589_fri_c2_1000_25,28,SVP,w0.4_0.9_0.4,PSM_Train,MSE_Test_Extrapolation,0.7582365003417636
589_fri_c2_1000_25,29,SVP,w0.4_0.9_0.4,MSE_Train,MSE_Test_Interpolation,0.8371282716149422
589_fri_c2_1000_25,29,SVP,w0.4_0.9_0.4,AIC_Train,MSE_Test_Interpolation,0.9719633741187911
589_fri_c2_1000_25,29,SVP,w0.4_0.9_0.4,BIC_Train,MSE_Test_Interpolation,0.8761850741431003
589_fri_c2_1000_25,29,SVP,w0.4_0.9_0.4,MDL_Train,MSE_Test_Interpolation,0.6619398752127056
589_fri_c2_1000_25,29,SVP,w0.4_0.9_0.4,PSM_Train,MSE_Test_Interpolation,0.5924155254841585
589_fri_c2_1000_25,29,SVP,w0.4_0.9_0.4,MSE_Train,MSE_Test_Extrapolation,0.8671096345514951
589_fri_c2_1000_25,29,SVP,w0.4_0.9_0.4,AIC_Train,MSE_Test_Extrapolation,0.8630580990195286
589_fri_c2_1000_25,29,SVP,w0.4_0.9_0.4,BIC_Train,MSE_Test_Extrapolation,0.8628960375982498
589_fri_c2_1000_25,29,SVP,w0.4_0.9_0.4,MDL_Train,MSE_Test_Extrapolation,0.7567458066607244
589_fri_c2_1000_25,29,SVP,w0.4_0.9_0.4,PSM_Train,MSE_Test_Extrapolation,0.5112227534235475
589_fri_c2_1000_25,30,SVP,w0.4_0.9_0.4,MSE_Train,MSE_Test_Interpolation,0.7649633439107124
589_fri_c2_1000_25,30,SVP,w0.4_0.9_0.4,AIC_Train,MSE_Test_Interpolation,0.8325856220593063
589_fri_c2_1000_25,30,SVP,w0.4_0.9_0.4,BIC_Train,MSE_Test_Interpolation,0.8159536054272897
589_fri_c2_1000_25,30,SVP,w0.4_0.9_0.4,MDL_Train,MSE_Test_Interpolation,0.7586169165116533
589_fri_c2_1000_25,30,SVP,w0.4_0.9_0.4,PSM_Train,MSE_Test_Interpolation,0.3664514717146296
589_fri_c2_1000_25,30,SVP,w0.4_0.9_0.4,MSE_Train,MSE_Test_Extrapolation,0.7704344020133495
589_fri_c2_1000_25,30,SVP,w0.4_0.9_0.4,AIC_Train,MSE_Test_Extrapolation,0.8529379582011161
589_fri_c2_1000_25,30,SVP,w0.4_0.9_0.4,BIC_Train,MSE_Test_Extrapolation,0.8314914104387788
589_fri_c2_1000_25,30,SVP,w0.4_0.9_0.4,MDL_Train,MSE_Test_Extrapolation,0.7601488127803918
589_fri_c2_1000_25,30,SVP,w0.4_0.9_0.4,PSM_Train,MSE_Test_Extrapolation,0.37060947587263376
