Run,Equation_Index,Hybrid_MSE_Train,Hybrid_AIC_Train,Hybrid_BIC_Train,Hybrid_MDL_Train,Hybrid_PSM_Train,Extrapolation_Divergence,Sensitivity_Interpolation,Sensitivity_Extrapolation,Lambda1,Lambda2,Lambda3,Complexity,MSE_Test_Interpolation,MSE_Test_Extrapolation
1,0,0.9598811641625523,0.9897757853838277,0.9894338577465596,0.9221367576125251,0.0,0.0,0.0,0.0,0.4,0.3,0.6,1,1.0722930973335525,0.96010705190808
1,1,0.8796167807980172,0.9929121587349339,0.9915034620960838,0.9261913520960744,0.11240022496407782,0.08750527918559915,4.140282585916e-05,4.134634021967e-05,0.4,0.3,0.6,3,0.8614860078642342,0.9167631668183712
1,2,0.46610020852331346,0.8233704912396154,0.8165656056774938,0.7413080075794365,0.8095131068385937,0.06663942908677066,0.00026853288281071996,0.00022986620534118,0.4,0.3,0.6,4,0.4225409459135306,0.4287157474400119
1,3,0.43620991005208887,0.8061866557494474,0.7988070686608375,0.7281651920080755,0.047714170516600374,0.06666658484453852,0.00024309738133098999,0.00022860991916171,0.4,0.3,0.6,8,0.3777573432867052,0.449431060990717
1,4,0.43049435928940305,0.8029035928047573,0.7954024940408937,0.7260147184504248,0.04485416203634282,0.06665813950791243,0.00069283504786361,0.00059505505242874,0.4,0.3,0.6,9,0.373122826282342,0.3637796871945212
1,5,0.4169263857356764,0.7952306893962562,0.7891500930842876,0.7236790645266907,0.06696153860760776,0.06666416798140086,0.00079548812941817,0.00028233452340094,0.4,0.3,0.6,10,0.3506783681791071,0.3871888979945486
1,6,0.4048664404370214,0.7875758612976995,0.7812417133044551,0.7169303952744353,0.0637734158995417,0.06654940538230804,0.00072491396502756,0.00027326010921113,0.4,0.3,0.6,11,0.3406501109234485,0.3769188963582364
1,7,0.39938901817148964,0.7840432572653586,0.7775901535307822,0.7147354108925135,0.044278935001205284,0.06665268687760854,0.0006758253748759,0.00027021395392128,0.4,0.3,0.6,12,0.3365463891315459,0.3722523134525379
1,8,0.3758931392098483,0.7686045121857312,0.7616309233226968,0.6988098635001361,0.10409382155875023,0.06666662146473823,0.00076713982084775,0.00042655792968733,0.4,0.3,0.6,13,0.3315231230803563,0.3196797090226816
1,9,0.3757510743345442,0.7683866342278634,0.7614075561119203,0.7003704524127513,0.02740036601305086,0.06665973656463645,0.00065994206200417,0.00039676619393875996,0.4,0.3,0.6,14,0.3342175495143872,0.3233657077251275
1,10,0.35864575799247306,0.756769552391072,0.7510721927800807,0.6896917642016577,0.08622374136560007,0.06666662146473823,0.00076713982084775,0.00042655792968733,0.4,0.3,0.6,15,0.2970558656349636,0.3293352209674761
1,11,0.3054482238009917,0.717323507374392,0.7152288884082201,0.6483499354795517,0.13758783741096975,0.07436518661506757,0.00026959337141269004,0.00022837158409983997,0.4,0.3,0.6,17,0.2718268415411887,0.3214951730212798
1,12,0.28014460110389755,0.6950215320463002,0.6939110142053818,0.6281992869561791,0.07981923118666444,0.07000914248708388,0.00028379306311147,0.00024026335678765002,0.4,0.3,0.6,19,0.2540557276629511,0.3129331475680137
1,13,0.2724495691408837,0.6884214232327273,0.6887199279577313,0.6264523645337066,0.050284903396610556,0.07309320695081305,0.00031768090221436,0.00027011403110308,0.4,0.3,0.6,21,0.2313034884045531,0.2758895907689556
1,14,0.2519774746923193,0.6677377649910212,0.6673847118153461,0.6178069836349155,0.051928968751465264,0.0701146736365352,0.00030206007707324,0.00026609564525273,0.4,0.3,0.6,25,0.2258417784477468,0.2663630003944729
1,15,0.2507196572668151,0.6663797411948499,0.6659704685328777,0.6206018241738303,0.032663447002117554,0.07096360462446631,0.00031831363763684,0.00023116914515253998,0.4,0.3,0.6,27,0.2363206297317077,0.2897638311001862
1,16,0.2446005280289137,0.6605245650920961,0.6615871828465236,0.6176646028155595,0.04498156041164039,0.07122032957977267,0.00032253294843753,0.0002689913079903,0.4,0.3,0.6,29,0.2354559802426576,0.2776354990963902
1,17,0.24247210578549738,0.6598012339686362,0.6642467297362074,0.6307316741395432,0.02716990983434897,0.06651895313812473,0.00030105647061121,0.00026355090392511,0.4,0.3,0.6,33,0.2106313039845947,0.2882329335617346
1,18,0.23723301072915035,0.6530216087037229,0.6554762568523387,0.6285510513685816,0.0725169571088027,0.07353724949253923,0.00025152471600975,0.0002046978230509,0.4,0.3,0.6,34,0.2414509520730597,0.2933927083695449
1,19,0.22126874061950866,0.6353580858178453,0.638921743608846,0.6145020370566692,0.07155243544130258,0.07142326239756619,0.0002603298118741,0.00022832051196073998,0.4,0.3,0.6,36,0.2089189544569286,0.2548637268335885
1,20,0.22001382464156574,0.633775251037035,0.6372841139746489,0.6127394505669264,0.036533638920503576,0.07156194603493005,0.00026058476476136,0.00022861598366327,0.4,0.3,0.6,37,0.2073965821803813,0.2539501410933221
1,21,0.20280219969119903,0.6104643146723294,0.6130422979549154,0.5947632770100074,0.1009432717228902,0.08253947889604225,0.00044707547196522,0.0003629504563382,0.4,0.3,0.6,39,0.1971480751433111,0.1908854480976763
1,22,0.19752265588974002,0.6029896791082194,0.605308107329564,0.5912790063763393,0.07079017879711928,0.08319831205208282,0.00048006744728726,0.00038738540671041,0.4,0.3,0.6,40,0.1866622019663331,0.1828382788657535
1,23,0.1913044257864523,0.596686189184204,0.6006083189474182,0.5839728910029609,0.036046230730367064,0.07275441302273541,0.00039810786004016,0.00028534171175814,0.4,0.3,0.6,42,0.1877690891317179,0.1828916822202307
1,24,0.1896314396145188,0.5947021365906239,0.6002048177157134,0.5904514476516339,0.04682575930361113,0.07476711246485732,0.00031524570464868003,0.00023209204175335998,0.4,0.3,0.6,43,0.1780284806388552,0.2047226581505679
1,25,0.17848019963797515,0.5770209942014004,0.5802291363727422,0.5765266965407458,0.05279558322071756,0.0768121512785189,0.00047682798225099997,0.00035263452804949,0.4,0.3,0.6,47,0.1768834774664059,0.2050185633938914
1,26,0.14702309522019374,0.5264654949518561,0.5313866432747802,0.5428200403738703,0.1509861590460948,0.07254539556401574,0.00034107185523698,0.00029103751837752,0.4,0.3,0.6,49,0.124900141640607,0.1649440033092648
1,27,0.13054706020956913,0.4934573127052074,0.5005716214579272,0.5122995976237701,0.05966767433017244,0.07572995554519542,0.00051051334166567,0.00042326316819197,0.4,0.3,0.6,55,0.1175147733135921,0.1158623421180171
1,28,0.11724676943774984,0.46488074446379873,0.4710803381802591,0.4877203792507938,0.16248760849769076,0.07288667322418108,0.00042550976094917,0.00032523520662017,0.4,0.3,0.6,56,0.107296892817438,0.1084655039661803
1,29,0.114554157907151,0.4589632214396069,0.4666368897529146,0.4970220941363145,0.04533374804665771,0.07288667322418108,0.00042550976094917,0.00032523520662017,0.4,0.3,0.6,58,0.1028913152674578,0.1044623503766661
1,30,0.10889955777034982,0.4437094865665943,0.45085339247649053,0.48539174627647175,0.0556782427879506,0.07441305431480041,0.0003879884190499,0.00030840565414808,0.4,0.3,0.6,61,0.0920293233202724,0.1061063815015168
1,31,0.10889629317824358,0.44440753793383925,0.4532466995960235,0.49252539053941674,0.030087451168109385,0.07441305425025369,0.00038798841965572,0.00030840565476200003,0.4,0.3,0.6,63,0.0918881823846473,0.1060916520472292
1,32,0.10031800276135958,0.4191778043312547,0.42547877652030325,0.4550748547277568,0.15423939033757353,0.07591545888839644,0.00050159288518752,0.00037798064709061,0.4,0.3,0.6,64,0.09369952760088,0.094911853407815
1,33,0.0926131091843345,0.3968007737870557,0.4040333625638212,0.44660182857096914,0.0852628983300172,0.07538903652542936,0.00046524207405809005,0.00035058810720672997,0.4,0.3,0.6,66,0.0861307867219158,0.0879633909803401
1,34,0.0899329294611876,0.39397848598602614,0.41283260424229345,0.5144888423280168,0.03176693083770182,0.07456751089376304,0.00043108498307186,0.00029602862133791,0.4,0.3,0.6,88,0.0741856153282448,0.0864230513310344
1,35,0.08953633475360417,0.3913941699607759,0.40848153293877654,0.5200949204482729,0.040668395827629725,0.07506530936189314,0.00045417875908723997,0.00037245026747454,0.4,0.3,0.6,89,0.0706183912582865,0.0844499335693793
1,36,0.08942707080957941,0.3908683960260128,0.407935739853233,0.522350857481674,0.03336317916603276,0.075302662682037,0.00043680442438726,0.00034442383324076,0.4,0.3,0.6,90,0.0707027453270622,0.0863844369237948
1,37,0.08892016874493575,0.3894280239098598,0.4064504664002991,0.5207694522038093,0.03363659961927306,0.07508285681085242,0.00042307742987596,0.0003352729012611,0.4,0.3,0.6,92,0.0699354181024627,0.0866661957545996
1,38,0.08520365731966056,0.38026491693334197,0.4020147738034251,0.516094220815753,0.08187567735038787,0.07371258925695681,0.00043692007781586,0.00034226080092957,0.4,0.3,0.6,93,0.0742210204302906,0.083674978644244
1,39,0.08338694266026936,0.3704156584070295,0.3834769734866747,0.45200467144702383,0.03999979761634153,0.07373822209268589,0.00044069258200904,0.00030245992389838,0.4,0.3,0.6,96,0.0729429596675012,0.0810736395856987
1,40,0.08338171480428902,0.3747486166154935,0.39965045265640586,0.5443487958541127,0.03055789990596712,0.07427297638613224,0.00043589255589458997,0.00033891068040623997,0.4,0.3,0.6,104,0.0706980786465542,0.0845174638904625
1,41,0.0832015991011066,0.3736334975905981,0.3984918711888927,0.5582253403150472,0.03232725179519506,0.074722876353518,0.00044116232964338,0.00034432463838205004,0.4,0.3,0.6,107,0.0705632870032383,0.0748867450176237
1,42,0.0827389877303639,0.3671490323134979,0.38008861026837093,0.4565540679476183,0.03259617734846034,0.07453031983076466,0.0004399718698827,0.00039768091550478,0.4,0.3,0.6,110,0.0707642708074956,0.0751849394494375
1,43,0.08085476410487158,0.3670997323535178,0.3950905363568186,0.5656877745602203,0.060293362616135715,0.07411285937991521,0.00044167900523150994,0.00039886089588203003,0.4,0.3,0.6,111,0.0705381361468415,0.0765745572110973
1,44,0.0791840537002189,0.36085652894622944,0.3903017009412823,0.5631723379085503,0.03527732567637289,0.07484736871560935,0.00044217134367668,0.00034727731407995,0.4,0.3,0.6,118,0.0695404657333389,0.0775482829808192
1,45,0.07743885503451542,0.35639760820773075,0.390710759592004,0.5794322404463849,0.040813116210577996,0.07484360865122532,0.00042412901764516,0.00029416529443901,0.4,0.3,0.6,121,0.0655007314780193,0.0722505992424168
1,46,0.07386497436199618,0.3423162199630626,0.374495441600488,0.5806159545524576,0.06193949712594193,0.07415963574850261,0.00043114262653993,0.00030514030304674,0.4,0.3,0.6,123,0.0686520933579965,0.073630211514003
1,47,0.07135384943585003,0.33260898792323274,0.36613664454437334,0.5643895464733177,0.05501193179034287,0.0740448391362573,0.00044917730613421,0.00031723487844554,0.4,0.3,0.6,125,0.0653993193339596,0.0739901200602454
1,48,0.07007321322190187,0.3283096900532948,0.3650357311877232,0.5956939495421747,0.03347048583705853,0.07417464145197093,0.00044887736462911003,0.00031591348313567,0.4,0.3,0.6,133,0.0649822001375167,0.0697778369971719
1,49,0.06881073629585617,0.32381803620559835,0.3637342736066943,0.6006428617428817,0.034963016539470926,0.07443862020504506,0.00043360822175461,0.00031997661191780996,0.4,0.3,0.6,139,0.0616621215482186,0.0707897925799025
1,50,0.06804599509806743,0.3209727166990879,0.36246423132063926,0.6147842166107299,0.034552113370562985,0.07452977654333097,0.00045677133354319005,0.00032262362246883,0.4,0.3,0.6,143,0.0627180092883345,0.0681022945111027
1,51,0.06734599209154928,0.31836457485766195,0.36143981252447255,0.6197183072132909,0.03554359277968948,0.0745998855577634,0.00045938436032815,0.00032409891379752,0.4,0.3,0.6,146,0.0619634403106532,0.0675818562665538
1,52,0.06629478600058356,0.3152017428757009,0.35985239768989724,0.6388376273050353,0.034229309452022995,0.07390885118010923,0.0004624684857743,0.00032205032061177004,0.4,0.3,0.6,150,0.0607868718488316,0.0649284681040285
1,53,0.06440016991769881,0.31211343820807935,0.36670688689529274,0.7432421181808235,0.030574089653780587,0.0728417924127301,0.00046324943765779,0.0003100989530961,0.4,0.3,0.6,180,0.0596309397008203,0.0722744981637569
1,54,0.06401611249319976,0.3052794675619096,0.34627478686749713,0.6177659199096858,0.03417605984485045,0.07240510805133313,0.0004595738129956,0.00031407075852893997,0.4,0.3,0.6,181,0.0581075238144737,0.0676469614102683
1,55,0.06297004602313429,0.3016348091778016,0.3475180383868326,0.6367183260724263,0.043887006669412275,0.07285525041019704,0.00046228698578285,0.00031158414773973,0.4,0.3,0.6,183,0.0599456677915571,0.0726766544726842
1,56,0.062021491273374835,0.301102585917787,0.3569989566906811,0.7582090970459687,0.03529363502940829,0.07290116330560872,0.00046070298949325996,0.00031214495964299,0.4,0.3,0.6,187,0.0579738454056765,0.071350275302515
1,57,0.06047671852958559,0.2959609575612435,0.351707315489473,0.7557369274347372,0.039707957797495884,0.07125657954352653,0.00046421062198842,0.00031455540696999,0.4,0.3,0.6,189,0.0576468790138961,0.0690416509237866
2,0,0.9974343201119472,0.9993582722895958,0.9993368161802247,0.9338310577518325,0.0,0.0,0.0,0.0,0.4,0.3,0.6,1,0.921127907727794,0.9723133669765948
2,1,0.6808227851417095,0.9233281700909665,0.9181799387173922,0.849079586568571,0.2822468231500004,0.06681388081618092,0.0004431779573225,0.00071635370657328,0.4,0.3,0.6,3,0.6475663256507159,0.6528001122932099
2,2,0.6541949089436017,0.9111238696071143,0.9056242423690006,0.8374937865922641,0.07224573472619107,0.06280653670043891,0.00035916791842768,0.0006052520134472901,0.4,0.3,0.6,4,0.6130920058958972,0.6183819278235441
2,3,0.5963525995197654,0.887327676805916,0.8826475763400835,0.8164392088788871,0.1463898055831527,0.06681388081618092,0.0004431779573225,0.00071635370657328,0.4,0.3,0.6,5,0.6089034702126596,0.5853033858964045
2,4,0.3719949778106658,0.7647637134946889,0.7560030649561016,0.6776896522635798,0.6185733859465218,0.06666334005155551,0.00010825185840793001,9.704373454395e-05,0.4,0.3,0.6,6,0.3439356343958919,0.373743446839513
2,5,0.3700597241440879,0.7634053556797459,0.7545993541670558,0.6784435627166328,0.03333020462250069,0.06665806538226743,0.00010812823728988,9.682739447571e-05,0.4,0.3,0.6,7,0.3423739282366561,0.3684220700997758
2,6,0.34822853763409417,0.7524105243129666,0.7432607297939651,0.6678560387155332,0.100270296245065,0.06483726903756773,0.00012212353781609,0.0001152899915255,0.4,0.3,0.6,8,0.3175681711820513,0.3124924266244615
2,7,0.29043109836189474,0.7007795390858932,0.6915752500308748,0.613812161202272,0.1407700948287094,0.0648328898941818,0.00012146968191679002,0.00011511932130345,0.4,0.3,0.6,10,0.2865030601447846,0.3041932573908731
2,8,0.25427055865872716,0.6665919117492821,0.6578430766173001,0.5831341137657402,0.11815491074396331,0.07014902968128833,0.00019741613615537,0.00018709534140482002,0.4,0.3,0.6,12,0.2681781489565098,0.259046855110133
2,9,0.2381561779542777,0.6498931858390077,0.6422426814294702,0.5734451351507284,0.07199546173716632,0.07124076265473804,0.00021606338181739997,0.00020818377980655,0.4,0.3,0.6,14,0.2647464201330797,0.2382056832106809
2,10,0.22324421892756335,0.6324598050448944,0.6241438436567754,0.5569762330872817,0.08010602971589467,0.07745496255443934,0.00019733167410458,0.00018766135509865,0.4,0.3,0.6,16,0.2231733336004941,0.2654196877176048
2,11,0.21720055394218662,0.6255405711668891,0.6186633399736341,0.5590045548260411,0.049348425907903865,0.07758854567214848,0.00019947231024112998,0.00018820447955757,0.4,0.3,0.6,18,0.2184432466177255,0.2539061809610141
2,12,0.21503846966339268,0.6237656563627406,0.6184928851586139,0.5638650684921689,0.03875396742502209,0.0781194025375514,0.0002428822753024,0.00021722066443848002,0.4,0.3,0.6,20,0.2181779553376629,0.2550544874221654
2,13,0.19782614806742618,0.6010052323438783,0.5949962773697425,0.5509819321321772,0.1356632341823886,0.0760881038268517,0.0003114551833516,0.00029675747376168,0.4,0.3,0.6,21,0.2968190816381579,0.2415578211447274
2,14,0.19207054934024356,0.5929635597203567,0.5866839445883321,0.5388920707819252,0.07001665649677839,0.07631198026088257,0.00027726053989991,0.00025254555094144,0.4,0.3,0.6,22,0.2485798885349098,0.2388162833260278
2,15,0.1911589676936735,0.5928942928859293,0.5899414052894499,0.5476013765055837,0.03431442444197566,0.07746419434396855,0.00024316720035909,0.00023948537870149,0.4,0.3,0.6,25,0.181525711276194,0.1746219020594116
2,16,0.18832549269121765,0.5872902687396807,0.5807974785513056,0.5379339607770045,0.053047982312496106,0.07812467418627515,0.0002348864209261,0.00023502195839864002,0.4,0.3,0.6,26,0.1660154881052425,0.1728571814197644
2,17,0.18790113136348435,0.5864694016897355,0.5799343429464976,0.5391923928616522,0.03802908277594235,0.07909018488475278,0.00029628082480394997,0.00029939424604164,0.4,0.3,0.6,27,0.1722251589065811,0.17381158592405
2,18,0.1755584823896984,0.5712322935063934,0.5692792660894682,0.5219546605506259,0.10309202646740105,0.07374641486591164,0.0001535890309473,0.00015645512279323,0.4,0.3,0.6,28,0.1343375796308666,0.1725759839181977
2,19,0.14336962105780685,0.5194308580854049,0.5106550187796087,0.46510361605668815,0.3220691837857973,0.07907620210358586,0.00024231287136637,0.00029100428491693,0.4,0.3,0.6,29,0.1189236262561308,0.1164682203851789
2,20,0.1106464540081134,0.44029076289264596,0.4289253280881381,0.3863959937303133,0.1986510111669867,0.07488536915610502,0.00022186634787927,0.00026815758800107,0.4,0.3,0.6,31,0.0963323263626232,0.089214186733443
2,21,0.1104330731207947,0.4397044743101585,0.42830903511377716,0.3879622419837553,0.0337746511070229,0.0756539928776552,0.00022492430600073,0.00027238128874693,0.4,0.3,0.6,33,0.0964108440915403,0.0905078444663319
2,22,0.10944302771137551,0.4367124911142656,0.4268752066950727,0.3877049784317346,0.048607316490966515,0.07662449337274727,0.00024810827199334,0.00029745219606876997,0.4,0.3,0.6,34,0.0999123104976219,0.0918604159851059
2,23,0.10472486035645164,0.42369251494232846,0.4134122106337994,0.3755406356627469,0.09579972903995128,0.07714728663714901,0.00026349709695927,0.00032267136850991,0.4,0.3,0.6,35,0.0958442503781789,0.0911457241366274
2,24,0.0758421461734566,0.3314964209536725,0.3198400043685694,0.28067754855985627,0.47517560252866364,0.07459241609542618,0.00024798945570081,0.00029640542950636,0.4,0.3,0.6,36,0.0635926206760304,0.0576615104453437
2,25,0.07185429281868659,0.3171884408759326,0.305074726394561,0.2672510824706408,0.09581198682218788,0.07306692719478958,0.0002248054897082,0.00027133452218452,0.4,0.3,0.6,37,0.0552551726689189,0.0523945165650324
2,26,0.06312705023904999,0.277359414604843,0.26557670616146883,0.22632297950559443,0.2276089348513608,0.07368520470926263,0.00025090213579919004,0.00029956268055679003,0.4,0.3,0.6,38,0.0565614422371602,0.0499874903210683
2,27,0.0604317661075344,0.267474138711132,0.26205567726004375,0.25004848247346406,0.035586145552888054,0.0731976439545106,0.00023208965977232002,0.00028044888261185,0.4,0.3,0.6,48,0.046475829262533,0.0469041012033952
2,28,0.05499765452796074,0.23319252545048966,0.22659646216255133,0.219641316845537,0.11589232463549755,0.07550160644823042,0.00024352757738281,0.00029774545759479997,0.4,0.3,0.6,50,0.0491009733089939,0.0391895559817876
2,29,0.05431218323222772,0.22976594530004632,0.22472723234372716,0.22966043190034088,0.040394088688456384,0.07550160644823042,0.00024352757738281,0.00029774545759479997,0.4,0.3,0.6,52,0.0494592644071658,0.037938738571185
2,30,0.05422169619871823,0.23081320356049034,0.22915443429505739,0.25913123864262494,0.030609172592358704,0.07544567220645507,0.00023554225490906,0.00028516941495194,0.4,0.3,0.6,61,0.0477382112552548,0.0394303234542649
2,31,0.0536076847018534,0.2282853942623793,0.22821725856796002,0.2581958230673078,0.035404669790863874,0.07521874276953448,0.00022859572497849,0.00027886187877669,0.4,0.3,0.6,64,0.0487325547284063,0.0394960455795151
2,32,0.04200305026794599,0.14478733935237187,0.1435945467095095,0.18760875059313564,0.16676489331073424,0.07539072339949672,0.00028975877777042997,0.00035923944838532997,0.4,0.3,0.6,67,0.0280125660727058,0.0328122607884626
2,33,0.042010012918331126,0.1436419117497776,0.14407426509264287,0.1983916643362685,0.03582838513592753,0.0760148194539178,0.00029372118315496,0.00036401764739719,0.4,0.3,0.6,69,0.0269332921544446,0.0332348826845011
2,34,0.03982978547158958,0.1327994556026285,0.13457366704641976,0.19870126442622177,0.042588183844427495,0.07352764459568521,0.00031505457094624996,0.00039227548704657,0.4,0.3,0.6,73,0.0294944165128948,0.0317088980357725
2,35,0.039479191722437294,0.13193537605606492,0.13535931366509427,0.2100920281025138,0.032813393288115215,0.07301442426027649,0.0003198114638527,0.00039833100449765,0.4,0.3,0.6,75,0.029302803853182,0.0324710697030575
2,36,0.03913757838021786,0.1270089363023932,0.12358455685552197,0.11190604090763691,0.03899920727277229,0.07273739516329435,0.00030833462929725,0.00038387763897165,0.4,0.3,0.6,76,0.0292807219691909,0.0318363442017852
2,37,0.039126240575958954,0.1266096207056158,0.12984669691323267,0.20417097127140796,0.04738133191276236,0.07367771158689344,0.00031589445377475003,0.00039565997056296,0.4,0.3,0.6,77,0.0286566676966016,0.0303308065684589
2,38,0.039016176014770365,0.1265442434082295,0.13145205172255522,0.21159554833795113,0.030971279580591128,0.0736107177355962,0.00031390254995353,0.00039190733666293997,0.4,0.3,0.6,80,0.0289697414763182,0.0302060164849753
2,39,0.038479879770672215,0.12484397669660736,0.12970818847414148,0.2556518944797184,0.030422167391854556,0.07264741028399291,0.00031715212686138003,0.00037162067907573,0.4,0.3,0.6,86,0.0311532898744097,0.0326329803281115
2,40,0.037913851445742684,0.11959102320356176,0.12427977899334354,0.2278547394263935,0.05482623859326601,0.07264333537116924,0.00030222371104038,0.00037207225776918,0.4,0.3,0.6,87,0.0308963716711093,0.0321511729649994
2,41,0.03843826557003022,0.1207479068307148,0.12712944686117203,0.25592858681536307,0.030105157490011577,0.07398989411204042,0.00030062916656322,0.00036376600566323,0.4,0.3,0.6,89,0.0309197663376977,0.0315682881550146
2,42,0.03769655484489913,0.11924368634657448,0.1255967215304925,0.27410821402235797,0.03339327551283607,0.07233906667341229,0.00030278177075299996,0.00037705760523958,0.4,0.3,0.6,90,0.0300682410773425,0.031376256892167
2,43,0.03770576829391108,0.12082440630294601,0.13224361721303682,0.2987525079047962,0.029820753917230214,0.07252114561210063,0.00030501121014050997,0.00037709421669849,0.4,0.3,0.6,96,0.0296729045272557,0.0311777624437707
2,44,0.03745256657064503,0.11746903386251656,0.12877244130685644,0.3087795731598674,0.037829007356952216,0.0727906691395077,0.00030741508151182,0.00037591395619343,0.4,0.3,0.6,98,0.0292874755056605,0.032015762144333
2,45,0.03718698903568099,0.1145336281638583,0.12573751235384908,0.2886193477064008,0.03428603264163744,0.07289484083359274,0.0003080334685142,0.00037426583249317,0.4,0.3,0.6,101,0.0313662501913563,0.0320039689342539
2,46,0.03697593164762761,0.11464631177643585,0.13086996956111832,0.34008405455064844,0.03043765295229054,0.0728688364738492,0.00030982433873053,0.00037879934686857,0.4,0.3,0.6,111,0.0306458907105039,0.0322114606062397
2,47,0.03720876591665504,0.11771012785084006,0.14238544417137136,0.439087498054255,0.02995940614609411,0.07359178642766451,0.00033353418436828,0.00040465235479747,0.4,0.3,0.6,132,0.0321391113266585,0.0346726815303338
2,48,0.0372246132051868,0.1184252457648148,0.14646510088012757,0.4681704677612531,0.030838636004087757,0.0738159946516441,0.00034663929461547,0.00040886035604056003,0.4,0.3,0.6,136,0.0321274174157628,0.0338765552176946
2,49,0.03705430436306373,0.11923659006603866,0.15065150081651385,0.42636910528415856,0.03207757971261028,0.07315825348187428,0.00036505474757795003,0.00063501695743183,0.4,0.3,0.6,137,0.0286900397280902,0.0337298822675463
2,50,0.036866980861063235,0.11596837481936845,0.14393019408307497,0.46238739404348905,0.03833077548527051,0.07353594123038545,0.00034581604094655,0.00039072918361313997,0.4,0.3,0.6,138,0.0313579859710676,0.0339558343969145
3,0,0.9731501758829687,0.993203034000636,0.9929757792592437,0.927015964817765,0.0,0.0,0.0,0.0,0.4,0.3,0.6,1,1.0176876225266296,0.962796400707538
3,1,0.6688981593823837,0.9176662102605971,0.9123408079253834,0.8428351699471306,0.2776634236243026,0.06669912376363522,0.00043134338681619,0.00019254477984492,0.4,0.3,0.6,3,0.6941819260614293,0.6528001122932099
3,2,0.6418449564349539,0.9054045011869997,0.8997239609859771,0.8311812573959363,0.07369921527228263,0.06273715525210447,0.00035217798643848,0.00013853488945485,0.4,0.3,0.6,4,0.6616397692724809,0.6183819278235441
3,3,0.6351453457981093,0.9016704556755404,0.8959045529674553,0.8282492100113692,0.03487278369930582,0.059860854466892176,0.00030358668663183,0.00011199519701645,0.4,0.3,0.6,5,0.6520928161591619,0.6080135706271479
3,4,0.33445931594080996,0.7370463741060906,0.727358684713813,0.6501030663958903,0.8381868521955976,0.06665586594161907,0.00013343242236808,9.884071878697999e-05,0.4,0.3,0.6,6,0.3716421657891902,0.3517777365636679
3,5,0.31173818918886675,0.7196610079285,0.7110045365501942,0.6346967376749051,0.07671733391112098,0.07096632860630056,0.00020467975050958003,0.00014883145975107,0.4,0.3,0.6,8,0.3497508260323798,0.3328514909999343
3,6,0.3087696729968451,0.7178509148348159,0.7108062997178822,0.640829199097405,0.03460252232462686,0.07093801746202164,0.00020448762133517002,0.00014750606553085,0.4,0.3,0.6,10,0.340966851021426,0.3273648396942722
3,7,0.30342220276721554,0.7132524688045382,0.7060537236122336,0.6376112316310695,0.035981552449523675,0.07096441633716018,0.00020238311731235998,0.00014813590905042,0.4,0.3,0.6,13,0.3463008304315458,0.3439887801502539
3,8,0.26213730648507005,0.676258804619604,0.6694921967795249,0.5966640761489179,0.21623443044637,0.07113120605587736,0.00021862544697097,0.00016653606366055998,0.4,0.3,0.6,14,0.2800547709716431,0.2389454466934515
3,9,0.20844860128113893,0.6156075922265659,0.6101354470205963,0.5389405845454117,0.10419276639184248,0.07268837966847193,0.00024395325669987,0.0001782085792028,0.4,0.3,0.6,18,0.2159541395037341,0.1926474557199822
3,10,0.20709969326015742,0.6146313950365088,0.6108033649034066,0.5411096881782738,0.03288306388271949,0.07222813186227,0.00030530534123957,0.00021328674869627,0.4,0.3,0.6,20,0.209204959306153,0.1851099597576505
3,11,0.17275182850086038,0.563941836279778,0.5583193451496951,0.495485086851354,0.16215154181642785,0.07969839872746136,0.00027936274984055,0.00020431778301445002,0.4,0.3,0.6,22,0.1784613666357394,0.1809645202758723
3,12,0.15413738325155604,0.533028712049442,0.5280466831815548,0.4753551623248068,0.06262468353862177,0.07946916518846252,0.00029017340400175004,0.0002410701447445,0.4,0.3,0.6,27,0.1537024076126015,0.14985491142082
3,13,0.15341375071304236,0.5324134980441818,0.5290825031064043,0.47976673693363586,0.035257753174563984,0.07952828611573606,0.00027544633092785,0.00022499708261156,0.4,0.3,0.6,29,0.1539449361825904,0.148630665880446
3,14,0.15340284203471571,0.532393466555013,0.5290618003110732,0.4833723419256443,0.03212639819198234,0.07952779721155787,0.00027563273256154,0.00022544701614177,0.4,0.3,0.6,30,0.1539750811065613,0.1486807726149621
3,15,0.1521989994382744,0.5309629099935013,0.5292578970749918,0.483357885733211,0.04194247124381544,0.07931920548314153,0.00028529757276913,0.00023123722098913,0.4,0.3,0.6,31,0.150173601391492,0.1458067139195962
3,16,0.15056756515559722,0.5272124988628455,0.5237089258486894,0.4823278655653199,0.04693186603695693,0.07946442694529723,0.00026828308351449,0.00020450813419564998,0.4,0.3,0.6,32,0.1545171234955332,0.1503787228865247
3,17,0.15011066728484665,0.5263359592934589,0.5228020376082609,0.4883855822790107,0.034222296916643254,0.07945440021619421,0.00031393938340455003,0.00024010394266773998,0.4,0.3,0.6,34,0.1531103035136868,0.1493809878254007
3,18,0.14824067008382474,0.522857925432344,0.5192089524557855,0.48453851533007875,0.048667959768835374,0.07944860666402569,0.00027236284066018,0.00020253847668216,0.4,0.3,0.6,35,0.1498143950520792,0.1505371073674423
3,19,0.14714992175127042,0.5215699893509839,0.5195526710434979,0.48702634137470113,0.036532557325726966,0.07921644345672041,0.00028144943812539,0.00021351437864901,0.4,0.3,0.6,37,0.1474205700085579,0.1487358424354063
3,20,0.14719107087174502,0.521572021167361,0.5195519549254349,0.49405067883704296,0.032117366600481645,0.0794493175543573,0.00028348334550169004,0.00019817313871698002,0.4,0.3,0.6,40,0.1475624461179111,0.1476911999306107
3,21,0.1471341618301049,0.5221698364347473,0.5218416578978718,0.4986175930747099,0.03224869532285765,0.07944947383667686,0.00027933284625965,0.00020077560766096998,0.4,0.3,0.6,42,0.1476026347455842,0.147935773726853
3,22,0.14676671184074133,0.5214659194845097,0.5211140898725255,0.5048693126995399,0.03370522962572307,0.07944663790246774,0.00029078603955982,0.00020312064331228,0.4,0.3,0.6,44,0.1478246002600763,0.1469645082230936
3,23,0.14605142307051447,0.5223059047963824,0.5270012552364978,0.5193967344267405,0.03760815007778674,0.07921288674512662,0.00028801639866799,0.00019437871983958,0.4,0.3,0.6,45,0.1459300446528068,0.1468212095606469
3,24,0.14400110339204442,0.516762427186646,0.5179228580970231,0.5121228890201428,0.05291934198329752,0.07945058798299351,0.00037579789424515,0.00027727896507495,0.4,0.3,0.6,46,0.1435881941878047,0.1443739766306013
3,25,0.14269177369029268,0.5149577792881661,0.5177317794533005,0.5265113602080795,0.03348585261013659,0.07945030717672048,0.00033712910678543003,0.00019717026570433,0.4,0.3,0.6,54,0.1439434413832905,0.1443964879501347
3,26,0.14212832353295646,0.5166811814335261,0.5262008707378755,0.5570434992067355,0.03251872074573514,0.07921400752979689,0.00034265706656624997,0.00033427337466091997,0.4,0.3,0.6,64,0.1568421639771915,0.1418068860781607
3,27,0.14216134713834835,0.5229917966173843,0.5477659425626363,0.7439071284157873,0.032119570011087346,0.07945028848496206,0.00037463008181724003,0.00035464209879766,0.4,0.3,0.6,120,0.1440854515565135,0.1454473703543877
3,28,0.14213305925924632,0.5236573301722861,0.5501261619920524,0.7523354306613002,0.03215301331825224,0.07945028994528731,0.00036604368809657996,0.00033345322854196004,0.4,0.3,0.6,122,0.1441538814786624,0.1454041721158475
4,0,0.9869571281762077,0.9967209784087736,0.9966113512067288,0.9309110396125785,0.0,0.0,0.0,0.0,0.4,0.3,0.6,1,0.9618258711815616,0.967724417947192
4,1,0.8264821395704717,0.9731779053520454,0.9712830049372321,0.9048983122314594,0.15930486956001438,0.07456527300265338,1.841302814893e-05,2.236113826968e-05,0.4,0.3,0.6,3,0.7781704713700773,0.8448087800754365
4,2,0.4786940321854895,0.8302958156610701,0.8237211411921804,0.7489710502571142,0.7056490157668864,0.06665057991311722,0.00029247262728475,0.00027840872361333,0.4,0.3,0.6,4,0.4036353407714876,0.4228707273790129
4,3,0.34993273412700443,0.7488493683885267,0.7395552783751056,0.6646898464919011,0.2239995999479561,0.06664335597786919,0.00013160959588281,0.00016234589738844,0.4,0.3,0.6,6,0.2970366721207788,0.3460064370673212
4,4,0.3329883498553135,0.7369554184969547,0.7288816325655585,0.6555774203143756,0.06287110129923645,0.0705242174867472,0.00018880099413855,0.00023289386017524,0.4,0.3,0.6,8,0.2668167437533163,0.3319289433222837
4,5,0.32847673031412133,0.7326883495188293,0.7227968606595739,0.656052204954189,0.03440572510540803,0.07083199421473745,0.00015879450817355,0.00019816666867186,0.4,0.3,0.6,11,0.2658750102693882,0.3247313956067609
4,6,0.32826847701126616,0.7326318003785866,0.7227200152595167,0.6624533168282664,0.031993565537938286,0.07215953231991676,0.00017659186220473,0.00022153457540146,0.4,0.3,0.6,12,0.2642043668914936,0.3370336434396551
4,7,0.3105148064458016,0.719024124151622,0.710330883123185,0.6473203783912914,0.0997733273620732,0.07201368456335407,0.00019202623234242,0.00022920213589366,0.4,0.3,0.6,13,0.2412697865747265,0.3225990998151942
4,8,0.29690553053258467,0.7076141386365071,0.7002031285245622,0.6369199842098531,0.08760373002234559,0.07248847241509845,0.00024393472587814,0.00029449076869988,0.4,0.3,0.6,14,0.2217746117815679,0.2770954207891748
4,9,0.29038834380632433,0.7026040134281625,0.6966405449844685,0.6354520557470621,0.04892703499769457,0.0766993872467745,0.00026737387481691,0.00030844073331304,0.4,0.3,0.6,16,0.2212174270629961,0.2662367687085333
4,10,0.28417850045132304,0.6968647256504689,0.6907029805647533,0.629077020520224,0.04551493382708833,0.07730482195719449,0.00021645898202839,0.00024789092126738997,0.4,0.3,0.6,18,0.2197766919048656,0.2614028016235964
4,11,0.28176327635113413,0.6945881847335744,0.6883518963568098,0.6323940491293395,0.03649390471020001,0.07718241861353724,0.00021959404044814002,0.00024899806512413997,0.4,0.3,0.6,20,0.2188441797727246,0.2543575649608952
4,12,0.26462559558940835,0.6795070374216065,0.6745149470527553,0.6192753517862055,0.09883882033599205,0.07133817620639896,0.00024154837997737,0.00031676062878233,0.4,0.3,0.6,21,0.2170164328376329,0.2325926869584441
4,13,0.2599574937413433,0.6751002781083911,0.6699626645131835,0.6105470357021934,0.051343549654767444,0.07132862993361883,0.00021066931254041998,0.00024790372084883,0.4,0.3,0.6,22,0.2086681507773831,0.2162745146687878
4,14,0.23763574082805192,0.6507288214368278,0.6464476684471421,0.5904055540389599,0.08660508995993726,0.07136304430744772,0.00021331022694856002,0.00025082291450055996,0.4,0.3,0.6,24,0.1875390663191527,0.2080571920007735
4,15,0.22724813509853586,0.6394421434521306,0.6364408956790899,0.5886295228507644,0.05930429727632139,0.0723920540238648,0.00023711644786359,0.00028015672471591997,0.4,0.3,0.6,26,0.1776681296368951,0.2055492570804676
4,16,0.2030102056985074,0.6092017612542607,0.6051872162775902,0.5609751444488271,0.10274134492699265,0.0723717015108318,0.00032247623879687,0.00035624062651598,0.4,0.3,0.6,28,0.1759616139989822,0.1880707313212295
4,17,0.1942614143362563,0.5987767317098556,0.597759170780407,0.5665963894150501,0.057788401479262896,0.0723855644048425,0.00025447118314953,0.00029472040455284,0.4,0.3,0.6,30,0.1691977216066059,0.1720832296485127
4,18,0.18609674491592462,0.5864691454993046,0.583366948810052,0.5496096347057612,0.08567289562302521,0.07237513978943592,0.00030036353935796996,0.00033669510673414,0.4,0.3,0.6,31,0.172261557102161,0.1557567786652769
4,19,0.15735276431805353,0.5416747508837229,0.5403820541226235,0.5046613465791471,0.08791340682654183,0.07523545253177968,0.00023913902832865,0.00027842730487330004,0.4,0.3,0.6,35,0.1465458060325834,0.1292674445082272
4,20,0.14261579264746177,0.5147796870877903,0.5142507673823948,0.5072340542162013,0.044036108932333666,0.07582942723093544,0.00026554735863409,0.00030998048959779,0.4,0.3,0.6,45,0.114275130731885,0.1039513110859432
4,21,0.1329990872747049,0.49590463004117263,0.49641204109781567,0.4901328454517069,0.12663342124182175,0.07610465235654015,0.00029442465808345,0.00033289795226288,0.4,0.3,0.6,46,0.1087021268982979,0.0991465874674595
4,22,0.12559587736671446,0.4812279704020896,0.48293851310498737,0.47776820035509443,0.06558082363566381,0.07441110895245266,0.00031963836308603,0.0003542827308151,0.4,0.3,0.6,48,0.1050484576215952,0.0932199573453532
4,23,0.12242401928570998,0.47431864466438906,0.477459401624795,0.47852459389926527,0.04960607383971216,0.07523194995058884,0.00031074306473284,0.00034450932563213,0.4,0.3,0.6,50,0.1067526156702927,0.0923255805527134
4,24,0.12237848036971097,0.47421319948616736,0.47735041661587463,0.48317129641515877,0.030902034486611177,0.07523194995058884,0.00031074306473284,0.00034450932563213,0.4,0.3,0.6,51,0.1067419564180937,0.0922442796190756
4,25,0.12072326715547035,0.4715690340924115,0.4763021798378159,0.4841373329642232,0.03724047464205356,0.07426351475533019,0.00032912859456271003,0.00036157844008368,0.4,0.3,0.6,53,0.1112845025809885,0.0926036762099536
4,26,0.1204252329161791,0.4696813777923167,0.47432186032800755,0.48656225015481236,0.044343644589570456,0.07640311272575746,0.00035541305006923,0.00039414783777051,0.4,0.3,0.6,54,0.1145244836592153,0.0948404359631849
4,27,0.11527444668271994,0.4614061931059582,0.4724883485037372,0.5518922401455408,0.03213532259028716,0.07406249661827083,0.00039829555453165996,0.00040469739838204,0.4,0.3,0.6,77,0.0821280544497536,0.1054008748705354
4,28,0.09799193092719773,0.414942149527412,0.4244698579659184,0.5056097759097774,0.2554466325684029,0.07406079564709164,0.00035989246966425,0.00046279960642870994,0.4,0.3,0.6,78,0.066433894376839,0.0856298642461282
4,29,0.09796934316374177,0.4155821090364636,0.42680314120630963,0.5133028265773866,0.03017141766336178,0.07406079564709164,0.00035989246966425,0.00046279960642870994,0.4,0.3,0.6,80,0.0669348379022982,0.0862785689908473
4,30,0.09543868815236578,0.40875849187386587,0.42142396139272953,0.5229755536864349,0.03909441890913892,0.07401201828851539,0.00038676639839789,0.00044770490550964995,0.4,0.3,0.6,84,0.0648021773396879,0.0864836525428474
4,31,0.09424529248590585,0.40513386645734245,0.41767854427570844,0.5270977977400675,0.035817600259342205,0.07401312723916345,0.00038324306148468,0.00042873396970477003,0.4,0.3,0.6,87,0.0637941720070259,0.0847579799447856
4,32,0.09410432208934548,0.40540828801526696,0.41963410222751524,0.5320420577671556,0.031021456045639443,0.07402925630577488,0.00038464890206695,0.00041536448802152,0.4,0.3,0.6,89,0.0641412049474421,0.0841168114604632
4,33,0.09400439532606335,0.4008637589254752,0.4049061169312238,0.4511067654604822,0.03144609461096129,0.07401621169021277,0.00038186316160576,0.00042271634373028,0.4,0.3,0.6,90,0.0642453134117902,0.0849018782752211
4,34,0.09394590607529395,0.4006909263083627,0.4047276222259667,0.4509158168734693,0.030134895586266336,0.07401729601281073,0.00038078841761733,0.00041625660841885,0.4,0.3,0.6,95,0.0643631211577426,0.0847356212976816
4,35,0.09389022492564364,0.4144812879507525,0.4524149225612339,0.7682662937049155,0.030086569462649603,0.07409412076241913,0.00049168104711473,0.00044446900196187003,0.4,0.3,0.6,154,0.0715522742150704,0.0895408774857259
4,36,0.09321895290826462,0.4116874623473613,0.44785573570532083,0.7595633701492811,0.04017527281796075,0.07407938126681489,0.00049366839960144,0.00045365641996960996,0.4,0.3,0.6,155,0.0711192385873032,0.0900404694776988
4,37,0.09233201804356261,0.4095739404497469,0.44734290640591934,0.8118924303120771,0.03098644997438978,0.07407768651354442,0.00052118322131692,0.00046941443074596003,0.4,0.3,0.6,170,0.0775601782356532,0.090026365131547
4,38,0.09174420228685523,0.4084047412508033,0.44780632999364645,0.819392395873993,0.034638948676484885,0.07408097678759633,0.00054506769628672,0.00046566903326503004,0.4,0.3,0.6,172,0.0718682255345902,0.0906870786772153
4,39,0.0916019849669383,0.40795258286831415,0.4473390468635124,0.82845397752998,0.031170997356629065,0.07408701181477702,0.00053953149789802,0.00046404509572491005,0.4,0.3,0.6,174,0.0709258096034551,0.0900977315614912
4,40,0.09083843274001127,0.4090792648774019,0.45686360818889676,0.8371323619912907,0.03198895940764796,0.07404976014104006,0.00038781513997426,0.00053624391287596,0.4,0.3,0.6,180,0.0664313005944203,0.08554384491948
4,41,0.09077637378114488,0.408858688693711,0.4566353408050199,0.844114495123973,0.03118344076115882,0.07407300606001668,0.00038819541197695,0.0005363452997412101,0.4,0.3,0.6,181,0.06466393011362,0.0832952172285034
4,42,0.09031069121934013,0.4080798571050224,0.45750265572841986,0.8680830319245899,0.030955195997176506,0.07404466987667375,0.00039848329284503,0.0005368426356421,0.4,0.3,0.6,189,0.067697955534791,0.0858087251780512
4,43,0.09000487746940455,0.4070697404910665,0.4564584882870684,0.8698094946321799,0.032536364055758334,0.0740428823299504,0.00039498806332046,0.00055322441005548,0.4,0.3,0.6,191,0.0679910514516984,0.0849311411666799
4,44,0.08992462959418414,0.40750406632805214,0.45857910213011277,0.8899196626027259,0.030745035584845617,0.07404515705049208,0.00038997272185586,0.00056258141148482,0.4,0.3,0.6,193,0.0678850263007135,0.0852918537497927
4,45,0.08987687693566752,0.4087482726597604,0.4632085544995688,0.9034696850493865,0.030290797505724304,0.0740486509363462,0.00039127430525438,0.00056962228394961,0.4,0.3,0.6,197,0.0673996061427865,0.0839830499448543
5,0,0.980394155802809,0.9950549014660093,0.9948895706202412,0.9290663561988846,0.0,0.0,0.0,0.0,0.4,0.3,0.6,1,0.989261730946668,0.9607143328070106
5,1,0.8187337129139153,0.9708308347416653,0.9688534105464148,0.9022866421037076,0.16137073255816736,0.074860852142388,2.245450499651e-05,2.5230924005170003e-05,0.4,0.3,0.6,3,0.8288650339812098,0.853447647489301
5,2,0.44457752986790827,0.8111204832763802,0.8039055046049804,0.7277428410264853,0.786521807653282,0.0666641300685051,0.00025911685890773,0.00024240961820599,0.4,0.3,0.6,4,0.5093995827418428,0.4289046311270574
5,3,0.4404822086914409,0.809814819951353,0.8041964695303021,0.7297745003332375,0.03500791376632258,0.06889636876679396,0.00032324255394101,0.00029862225998697,0.4,0.3,0.6,6,0.5077280528873053,0.4270124822124075
5,4,0.437305371315941,0.8075325016536893,0.801870784191636,0.732964927857626,0.029992490396998632,0.0666334997506567,0.00024611234947231,0.00020263055411983002,0.4,0.3,0.6,8,0.4705456896001801,0.3978062643147858
5,5,0.42835095023007025,0.8021698247256621,0.7963282830829382,0.725981130077276,0.052941958698516804,0.0666537851709254,0.00025354525333078,0.00020978885453959,0.4,0.3,0.6,9,0.4669734864802313,0.3936846922603231
5,6,0.397284598746172,0.7826245054779278,0.7761283275420577,0.7070083340997886,0.1218425456011278,0.06665924323939437,0.00022212505360912,0.00027575275667462,0.4,0.3,0.6,10,0.503357746303254,0.4249728010522014
5,7,0.39704966469261954,0.782463044010136,0.7759622200600675,0.7084589568565965,0.02754839491095753,0.06665527619150377,0.00023691779481907997,0.00023384927918956,0.4,0.3,0.6,11,0.4831067860781261,0.4045725304206155
5,8,0.39468821986226543,0.7818460429455434,0.7769742463202038,0.7108181233016428,0.03719512662411368,0.06818295243598334,0.00025492717359983,0.00031830107016618,0.4,0.3,0.6,12,0.5087440367287268,0.4331982129083805
5,9,0.3922244535794935,0.7803540422528339,0.7754185178753307,0.7109235204054014,0.037199244005146286,0.06921969802312712,0.00030464409315662,0.00029233573839239,0.4,0.3,0.6,13,0.4833405867099185,0.4083926099925661
5,10,0.3931314053738479,0.7820972396032368,0.7788486453292419,0.722833066312704,0.03049657757146897,0.07124893667533763,0.00063969862717603,0.0009281980231529701,0.4,0.3,0.6,14,0.4256465179231835,0.4197994938906867
5,11,0.361676395035105,0.7595788479187955,0.7556583284169885,0.6970329000025919,0.12427748802633672,0.06665762116613809,0.00018532424820506,0.00017678059153878,0.4,0.3,0.6,15,0.3962993087471348,0.3631149436256458
5,12,0.34857159627236517,0.7510001724116083,0.7484203085714284,0.6917506059197245,0.05388877052663538,0.06984962919283542,0.00024495494877252,0.00023214283754424003,0.4,0.3,0.6,17,0.3828452432400405,0.356201021264513
5,13,0.3424807600890669,0.7472307933491855,0.7461769118361548,0.6964869277049961,0.05333893863863502,0.07102045866727721,0.00037261709725164,0.00037923693146445,0.4,0.3,0.6,18,0.3517882455834974,0.3249757082434281
5,14,0.341482089651234,0.7470260680249153,0.7476583981100582,0.7055042972189933,0.028569927037334675,0.06944897475675137,0.00037235475218953004,0.00037371879657342,0.4,0.3,0.6,21,0.352183414437268,0.3241232396282929
5,15,0.30349752091169324,0.717004206036043,0.718283618322064,0.6899048870263675,0.10507933234207831,0.07127882762893192,0.0002531351049299,0.00025809891246447996,0.4,0.3,0.6,23,0.3289718432211499,0.2779238986390914
5,16,0.29983650425907576,0.714431693829232,0.7172970229738924,0.6923187238831227,0.03649492257751355,0.071278197881248,0.00025313330765225,0.00025809691910204,0.4,0.3,0.6,25,0.3275097677177671,0.2858648261903161
5,17,0.27267668854425525,0.690069464770977,0.6937389735751107,0.6776646323974966,0.09485891947885013,0.07495840637241864,0.00038029305237107,0.00038775034091756,0.4,0.3,0.6,27,0.302948215263734,0.2723683301556063
5,18,0.2507923728403053,0.6655800817548707,0.6633830350813295,0.6305009419973185,0.08784304481549807,0.0774618345366297,0.00032724039848545,0.00033625797873499004,0.4,0.3,0.6,29,0.2792838941952063,0.2468795406889449
5,19,0.24473379830741357,0.6593472241705381,0.6570454460219968,0.6367706224286064,0.035902481591970715,0.06972736764404042,0.00033324251954922003,0.00032140385758399,0.4,0.3,0.6,31,0.265637082140262,0.2765609619451959
5,20,0.2348452638395919,0.648810296344447,0.6477660467503218,0.6395821132520618,0.09331911409785469,0.07439267660468982,0.00030687047720682,0.00031708252283261,0.4,0.3,0.6,32,0.2331135861651606,0.2459752858570972
5,21,0.2217676381532907,0.6343130860526587,0.6344815301600965,0.6334993818066667,0.052618824159033774,0.07244894353126807,0.00034178601383284,0.00032222113496146,0.4,0.3,0.6,35,0.2504681849232392,0.2511556981992056
5,22,0.21271255312963097,0.6232017869987394,0.6230053393075895,0.6259852998428287,0.05554777870332029,0.07194982893311931,0.00034251913022964,0.0003229387248371,0.4,0.3,0.6,37,0.2468660071192343,0.2436966959575368
5,23,0.2097584936392432,0.6193771806905906,0.6190441932760272,0.630794011425534,0.04911696408726201,0.07259563717860998,0.00034297026648676,0.00032335716098907003,0.4,0.3,0.6,38,0.2385714974645771,0.2421759583814176
5,24,0.20145738589963436,0.6105126723571338,0.6132854154838955,0.6256965220030645,0.06898412368434213,0.06823930515712132,0.00034306989297941,0.00032229190175959,0.4,0.3,0.6,39,0.2351677797740848,0.2336914713441492
5,25,0.18118092745368683,0.5828308409025197,0.586346777449076,0.6085764063368626,0.09678828733253023,0.06848822129138184,0.00033431211934366003,0.00031538514456664,0.4,0.3,0.6,41,0.2181269290989746,0.2146424474337138
5,26,0.1781976151537689,0.5788975569050526,0.5839428348083007,0.6154036522754716,0.04002745203031365,0.06927745965327294,0.00035036623768402,0.00033199051602769,0.4,0.3,0.6,43,0.205613812834647,0.2076012706946596
5,27,0.17779100932386535,0.5782267106720382,0.5832459083842907,0.6146486469006636,0.031907813401437946,0.06955424883581639,0.00034833546648979,0.00033074950009800996,0.4,0.3,0.6,44,0.2065195020293986,0.2076911140794941
5,28,0.1498356567017598,0.5296334978420928,0.5345790239278616,0.5596859952265374,0.0959217151344569,0.0783699136950408,0.00040735108697816997,0.00043993504429659994,0.4,0.3,0.6,48,0.1614893999936229,0.1426823032730443
5,29,0.13862539802357612,0.5132682447367107,0.5194986652511027,0.5631947384599761,0.038836119230350026,0.0662970061628391,0.00045797968703722004,0.00047931194883381003,0.4,0.3,0.6,53,0.1412906558988332,0.1432663781577027
5,30,0.1410515257649358,0.5149334528297073,0.5227600192269135,0.5664362397979701,0.045237981935527374,0.07614069931927811,0.00044860789177031,0.00047317844033185,0.4,0.3,0.6,54,0.1393466827414121,0.1363525351469575
5,31,0.13548332573623897,0.5029525101910348,0.5087061466300788,0.556563083633815,0.0856540353669982,0.07616815105350003,0.00044968772859354004,0.00047421430268158003,0.4,0.3,0.6,55,0.1327496314029085,0.1313355613926602
5,32,0.13071763615148327,0.4954980708432338,0.5043811130129527,0.5667078944904245,0.042495073501565214,0.0735481365915284,0.00045735678405259,0.00048079732528312,0.4,0.3,0.6,58,0.1296050521881377,0.134577214989697
5,33,0.13355651289837248,0.49524442978519273,0.5039347178917513,0.5924458932719815,0.06332403786413551,0.08689881593630652,0.00052572731479949,0.0007309389281546701,0.4,0.3,0.6,59,0.1315432413780246,0.1299177029033213
5,34,0.1346153702802045,0.49461883576147037,0.5032058895366396,0.5994696044928133,0.04279860176158681,0.09304002644772326,0.00052758017097108,0.0007389329623265701,0.4,0.3,0.6,62,0.1317266962091796,0.1251594805549623
5,35,0.12010507049505807,0.47861093793025766,0.49041284365322746,0.5698077346803165,0.05121948228013075,0.0631971412637889,0.00043711029108297,0.00042894759834627004,0.4,0.3,0.6,63,0.1283518303158425,0.1400682029726103
5,36,0.11861857534788779,0.47479077657771174,0.48645340613678967,0.5682530104764085,0.046212876404551,0.06406476493455987,0.00043368908133204,0.00042716830996771,0.4,0.3,0.6,64,0.1268703568697345,0.13947108347059
5,37,0.1168887208765612,0.4682104138242803,0.4779327643098392,0.5643186545269631,0.0632768270969144,0.067679027499053,0.00042802106381008997,0.00042860571700962006,0.4,0.3,0.6,65,0.1272081432613318,0.1290362197694385
5,38,0.12649816649501475,0.47020413390530585,0.479494170795192,0.5893158880361254,0.0735667538582716,0.10442835351195412,0.00053295873348264,0.00074721471116634,0.4,0.3,0.6,67,0.1150004146265017,0.1136770539251701
5,39,0.1108527091908495,0.4540598617835135,0.47160206619385475,0.5996085200666377,0.03276249155882381,0.07275339539521161,0.00034944648766209,0.00040479175949294997,0.4,0.3,0.6,77,0.1000366223071463,0.1168224653760674
5,40,0.13482080187118622,0.4741714498294874,0.4948197170292406,0.6388180714111982,0.06349258028689429,0.1334360652763603,0.00038327727727141997,0.005303428116768269,0.4,0.3,0.6,83,0.091720497375244,0.1033632900265698
5,41,0.11078017945719079,0.4500563301640715,0.47070042847360277,0.6146932413459425,0.033324301481697516,0.0796943675636235,0.00036337259517043,0.00115729211719096,0.4,0.3,0.6,84,0.094115759012337,0.1071005501007938
5,42,0.12686303304293134,0.4549528430736371,0.47500688245077266,0.6262932712563664,0.14076833388280086,0.12981701084867484,0.00038352747353567003,0.00530333772099425,0.4,0.3,0.6,85,0.0868404933135517,0.0953374277597214
5,43,0.1035373022572637,0.43247133815316074,0.4558869513696159,0.6386468522844122,0.03307498708410705,0.07750106495625628,0.00104270706046998,0.00149827279210928,0.4,0.3,0.6,90,0.0898401885732805,0.0990073238040719
5,44,0.11923270886585645,0.43885827390701304,0.4618003881685095,0.6415656812721229,0.12139929033436543,0.1283788535855644,0.00049365719970816,0.0020999808730650703,0.4,0.3,0.6,91,0.0869849055258574,0.0857257080716363
5,45,0.09621763797970433,0.4098023568369522,0.43244398159162917,0.6222121434072477,0.07630606949209091,0.0728282169787979,0.00092944131788839,0.00546697188209957,0.4,0.3,0.6,92,0.0859220242397818,0.0922455244691337
5,46,0.09114584209287982,0.3993691087367402,0.42174827822065997,0.6167481682864712,0.0491387051855744,0.07222321605635354,0.0010473460300359399,0.00150364883605096,0.4,0.3,0.6,94,0.0863925273731923,0.08926301866988
5,47,0.08878793527261884,0.39335253525255093,0.4172163891735912,0.6263782784013665,0.03987220734306944,0.07118916202023394,0.00104453260362773,0.0015000663896068101,0.4,0.3,0.6,97,0.0835962450891187,0.0890333621605304
5,48,0.08839991367676904,0.39225593856583374,0.4177473925119839,0.6360561229873454,0.034849851750726676,0.07161929704807801,0.0009225190296944,0.0016553257192727,0.4,0.3,0.6,99,0.0809926883507391,0.096676073903493
5,49,0.08838697264921264,0.39354822009107726,0.422425610445837,0.653153194620373,0.030138440820910876,0.07170352851001396,0.00092241178370908,0.001655301057083,0.4,0.3,0.6,103,0.080936375499073,0.0965965192443189
5,50,0.09013549374166772,0.3943679785738126,0.4248627881319506,0.6644500486145021,0.03466643573177403,0.07797109627806058,0.00104461705581152,0.00149918418632424,0.4,0.3,0.6,108,0.0791343055170771,0.0936991701872562
5,51,0.08713141960019083,0.38700994218652307,0.41231174957368405,0.6360510974380501,0.045782017509000746,0.07269329761088647,0.00092353676605887,0.0016480707858695198,0.4,0.3,0.6,109,0.0778795734098027,0.0961668497057269
5,52,0.0876671246269166,0.3856945450249171,0.41090875440815533,0.6428957426320165,0.044334392175385755,0.07610012837658288,0.00104475743293457,0.00148996705716989,0.4,0.3,0.6,110,0.0780957005779044,0.0912604170218732
5,53,0.08772763029342975,0.38534166545462106,0.4105363546205815,0.6424802385193858,0.03329431418531364,0.07667167048313996,0.0010478631470196,0.00149233928068499,0.4,0.3,0.6,112,0.0756202113689838,0.0928408253567679
5,54,0.0872929444764741,0.3870007312369522,0.4189430862114384,0.6792643941788411,0.03675545598129156,0.07633991424071343,0.00104603414532546,0.00149109426589491,0.4,0.3,0.6,113,0.0779130927763792,0.0903797793628183
5,55,0.08716439761905946,0.38740637116516063,0.4210361521857361,0.6875834641378408,0.03227548967359061,0.07619455352293103,0.00104622406732998,0.0014912115035291599,0.4,0.3,0.6,115,0.0777075526961594,0.0905720650056349
5,56,0.08714927946093617,0.3880788155459887,0.4234032513677626,0.6991975314771514,0.031744108736237044,0.07617615537672862,0.00104624787012834,0.00149122705706653,0.4,0.3,0.6,117,0.0776829961142262,0.0905967920291908
5,57,0.08704605555327437,0.38980321593083334,0.4302005479395885,0.7315376159938204,0.031944516334533705,0.07621240834182336,0.00104783729634784,0.0014929929566202,0.4,0.3,0.6,125,0.0776375463401634,0.0906337427972395
5,58,0.08885109524440793,0.38793258406194714,0.4198454387246123,0.7142977318302159,0.034045515533537775,0.08076931025173678,0.00107595216171573,0.00154634360352176,0.4,0.3,0.6,127,0.0747436403323311,0.0907764946218228
5,59,0.08877129914776881,0.3882851005325089,0.42188060980748265,0.7164311502440958,0.034525612358000876,0.08085084422970788,0.0010756756783452301,0.00154509585313708,0.4,0.3,0.6,129,0.0744732614772908,0.0915299882195324
5,60,0.08887993176264818,0.3889837648537588,0.42426934471926137,0.7264387403911228,0.034541398809495846,0.08125429626369364,0.00107293388960723,0.00153749708060414,0.4,0.3,0.6,130,0.0746750526519652,0.0907814242983028
5,61,0.08879829461071183,0.38865433313444214,0.42392826657406907,0.7348230705444295,0.035453769617491644,0.08130485152782317,0.0010729458703504099,0.00153522228128234,0.4,0.3,0.6,131,0.0749515205130181,0.0918273089011113
5,62,0.08688933459116904,0.38923029381768776,0.4296080446148907,0.7668263040187426,0.03221848789409272,0.0761926391127076,0.0011020007428168802,0.00150025330189695,0.4,0.3,0.6,133,0.0788521607771743,0.0919100327910801
5,63,0.08614808849354363,0.38810084232609005,0.43178515346969515,0.7821285220358208,0.033882001246770654,0.07621089930808343,0.00104780257250861,0.00149152753413897,0.4,0.3,0.6,137,0.0778594200571995,0.0902703898926761
5,64,0.08608671136794056,0.3899173730691705,0.43867701282362964,0.8677058881271101,0.031940783919634105,0.07614135687897455,0.00112144178121334,0.00156041449272945,0.4,0.3,0.6,154,0.0817108234303792,0.0916497182424223
5,65,0.08562262891816329,0.3865923258559197,0.433555785644961,0.8616442902415807,0.04573645375732837,0.07677900953074199,0.00112117046037419,0.0017866845111323402,0.4,0.3,0.6,155,0.0753455741303714,0.0883951027036613
5,66,0.08683686184474965,0.3884582767536308,0.43877740103122803,0.9845413913978583,0.03375189350201737,0.08090554682917332,0.00112467161404447,0.00155528931790929,0.4,0.3,0.6,190,0.0740644128859889,0.0890845000904611
6,0,0.9937155058783631,0.9977186752402581,0.9959704755412082,0.9371362347812986,0.0,0.0,0.0,0.0,0.4,0.3,0.6,1,0.935824516212515,0.9601831198338294
6,1,0.8731669186088882,0.989933651222317,0.9884762433630362,0.923056580710663,0.13538585149013999,0.08370255561674544,3.637251818754e-05,4.316120982298e-05,0.4,0.3,0.6,3,0.8004061949928077,0.8987113052636544
6,2,0.5014320126489739,0.8422806207100353,0.8361087805513084,0.7622470528926182,0.7106081283838027,0.06664880497438642,0.00017608997055428,0.00023331013962708003,0.4,0.3,0.6,4,0.4448181895150232,0.4831564208241475
6,3,0.3735765755617908,0.7658723132427249,0.7571482721256222,0.6811737274021599,0.21185144957444574,0.06665648086773242,0.00010871877705102999,0.00012463928142904,0.4,0.3,0.6,6,0.3284234336684397,0.3661967447004107
6,4,0.34355471825385697,0.7447574700482813,0.7369988161268624,0.6618410469356724,0.07973171576470021,0.06663457256995911,0.00013338366019348,0.00014959637502446,0.4,0.3,0.6,8,0.3106523369950736,0.3422000324512514
6,5,0.31592008780096853,0.7239414794217204,0.7170868570785167,0.6420507839495444,0.08635078680006676,0.07176742421173286,0.00023121652190991998,0.0002624202236935,0.4,0.3,0.6,10,0.3142612913116262,0.3287300508834029
6,6,0.31122819593744405,0.7198301137486952,0.7112376058651713,0.6402724994631355,0.03714797020836479,0.06661572945932255,0.00013017715930973,0.00018067507460658002,0.4,0.3,0.6,11,0.2706717438121898,0.2763781353649804
6,7,0.31005377272296375,0.7200092781352354,0.7114208362180839,0.6439261418954448,0.031881698499285155,0.06666615035496638,0.00014990293014642,0.00023325307325281,0.4,0.3,0.6,12,0.2586212365464206,0.2710279182323336
6,8,0.28697462195335643,0.698966410655762,0.6913463350728914,0.622009773599365,0.12507825017602656,0.0666515937326389,0.00016618281615423,0.00023291420673248,0.4,0.3,0.6,13,0.2489748901957899,0.2427433843296698
6,9,0.2497127279286186,0.6645451906664293,0.6573734726822213,0.5877588388445583,0.12320731654290358,0.07178215188276071,0.00026928207205356,0.00037741339117412,0.4,0.3,0.6,15,0.2316688137801587,0.2113784954750878
6,10,0.21245455202616514,0.619943776738044,0.6129376455596369,0.5476629509079178,0.13535838961590643,0.07272077217372688,0.00032586080080675,0.00046702615675085,0.4,0.3,0.6,17,0.2005390412441933,0.195247779139777
6,11,0.20527988074812567,0.6114313226481185,0.6058137941427227,0.5427761458743465,0.05168784004285,0.07259785761289123,0.00044666948409573,0.00042367932188275005,0.4,0.3,0.6,19,0.1647482951035935,0.1733589419588233
6,12,0.2014662051067847,0.6063146890420191,0.600518420237736,0.5476835624211457,0.042630995345441396,0.07313746931102902,0.00039885463527524,0.00046844354450438003,0.4,0.3,0.6,21,0.1721397447782482,0.1723140079936395
6,13,0.20086767173548536,0.6062741169607198,0.6021543347134799,0.5569118921576628,0.030847806447229082,0.07273510052565116,0.00038291600865189,0.00044972407608243997,0.4,0.3,0.6,23,0.1700399876269885,0.1735360933175264
6,14,0.1982751386001646,0.6034358613047889,0.6008889735259965,0.5551420556923715,0.035532107715047924,0.07343990575919314,0.00026309508952449,0.00024571081892699,0.4,0.3,0.6,26,0.1910279627834162,0.1758109171075518
6,15,0.1893508792884813,0.5909987227673296,0.5880360880740985,0.5451061919570827,0.05974796795212081,0.07342384223800927,0.00025430203378592,0.00025452975169463,0.4,0.3,0.6,28,0.1780206456691841,0.1824289818416079
6,16,0.18533293135989395,0.585194805636197,0.5820381646455941,0.5446785188348237,0.0436639106797473,0.07335028990557982,0.00028877951261205997,0.00028220913938619,0.4,0.3,0.6,30,0.167925343264466,0.1695529119723205
6,17,0.18403824567155705,0.5841408188697327,0.5826306873434789,0.5511518206523387,0.03167297691333671,0.07265321958850006,0.00025040371049607,0.00027613785796972,0.4,0.3,0.6,33,0.1619276058586968,0.1717115151930935
6,18,0.17869800351109447,0.5767423196452519,0.5766481522839909,0.5460194775986237,0.0701055642342494,0.07334473901604402,0.00024226755938222002,0.00024517897989158,0.4,0.3,0.6,34,0.1673471393969162,0.1690767272193178
6,19,0.16921331768662182,0.5613585078288,0.5590864627965696,0.5431933029888658,0.0467946315036184,0.07273495112665149,0.00022955836310561002,0.00023759584157986,0.4,0.3,0.6,38,0.1525156458015798,0.1525392673159108
6,20,0.16304639558441386,0.5514791566460014,0.5505246750987562,0.538546774534961,0.057464784617291854,0.07435525634875187,0.00029351999921173,0.00032261237062644,0.4,0.3,0.6,40,0.1440729311760483,0.1340553485097341
6,21,0.15976424134062708,0.5480110658030711,0.5519564097057944,0.5521836013185185,0.03340351492780233,0.07435261313254823,0.00029236039106279,0.00032405402993396,0.4,0.3,0.6,48,0.1470596336025807,0.1358495970203725
6,22,0.15906217631465144,0.546816092475806,0.550722081145652,0.5575922510342368,0.03286126519611054,0.07430009372204792,0.00029053949430066,0.00032990865825708,0.4,0.3,0.6,50,0.148524397841156,0.1370054881275348
6,23,0.15890300295687557,0.5472352149425563,0.5528265825110608,0.5623083878243417,0.030758265532260354,0.07434763280292965,0.00028851680924113,0.00032699826045794,0.4,0.3,0.6,52,0.1481834293356951,0.137436249559822
6,24,0.15881871438019102,0.5470802983982258,0.5526660914373288,0.5655667471187129,0.030835129390647985,0.07435939437124743,0.00029584277545132,0.00033449789842232,0.4,0.3,0.6,53,0.152251217744823,0.1359459732870059
6,25,0.1503429721624655,0.5318258222058319,0.5368951505021852,0.5724624276392453,0.1051298987601609,0.0748563554064862,0.00030039291722698,0.00031924850444266,0.4,0.3,0.6,54,0.157543163141877,0.1352585099743929
6,26,0.14423210006885565,0.520369730602822,0.5250569528843293,0.564337959521076,0.08561112339352926,0.07469939523574458,0.00032892574547317,0.00036067106000043996,0.4,0.3,0.6,55,0.1491227300102537,0.1232256967850266
6,27,0.14376692420938192,0.5201585852300413,0.526509893506714,0.5730742873669824,0.03250181126312943,0.07482054514388596,0.00030761791070349,0.00033027726568084,0.4,0.3,0.6,57,0.1490068170078496,0.1255801001345123
6,28,0.13709592751163044,0.5069624136947448,0.5128725265472853,0.5441555380301615,0.09423664912486117,0.07480471157436461,0.00031671421827227,0.00033316048210183,0.4,0.3,0.6,58,0.1337300051737559,0.1175768737887761
6,29,0.1370414257348818,0.5068518124414252,0.5127582509999505,0.5655630577281252,0.030393173798520492,0.074804718323199,0.00031616810676105,0.00033241872008478,0.4,0.3,0.6,61,0.1333331796765106,0.1175887431465827
6,30,0.13585817912526682,0.5031025823179222,0.5055405545375803,0.5494750298811073,0.03402479481606126,0.07480546553990847,0.00030266420012244,0.00030090666361338,0.4,0.3,0.6,64,0.1228788494456636,0.1132974743244738
6,31,0.13517355223017485,0.5050122322908369,0.5142191116860456,0.5765742570637821,0.03132584294011681,0.07354105418288728,0.00027744939235717,0.00029185672124486,0.4,0.3,0.6,65,0.1217102818941772,0.1127049975319415
6,32,0.12870719686483761,0.4907195340507441,0.49943008124248445,0.5394734140394264,0.10218743729327637,0.07485081627484,0.00030257056491350004,0.00032308292020031003,0.4,0.3,0.6,66,0.1208210221415377,0.1067353219367263
6,33,0.12617247836343054,0.486163088761611,0.49640147082809877,0.5535093095630055,0.03485780178418567,0.07420111360168938,0.00030186733866986,0.00034471602069024,0.4,0.3,0.6,71,0.1103463434723203,0.1056419981697741
6,34,0.11867226926172132,0.46893246764112945,0.4785950482219935,0.5396950770948435,0.07168536919925245,0.07421305513458931,0.00028313239492085,0.00032821535595585,0.4,0.3,0.6,73,0.1029733282834862,0.1064276885190059
6,35,0.11448411603729741,0.459549360202063,0.47057152078274866,0.5522397196091537,0.0368877727667902,0.07411649513231106,0.00028257967835660996,0.00032291632207083,0.4,0.3,0.6,80,0.102581302053727,0.1035532900756702
6,36,0.11374057232431904,0.45771071978559685,0.468671544238309,0.5605470159263718,0.03214231770667556,0.074091432987094,0.00028526492889292,0.00033012010201912,0.4,0.3,0.6,84,0.1011935980391687,0.1027585167732948
6,37,0.11368800043939291,0.458978732187829,0.47332550606103796,0.5945994476496529,0.03005402097273134,0.07411132107178789,0.00028631473949665,0.00033174832369916,0.4,0.3,0.6,90,0.1017857196561383,0.1025665402939861
6,38,0.113463966478854,0.4583759732504264,0.47270161684039647,0.599399735723712,0.031491146477536244,0.07418807148039239,0.00028661967258703,0.00032922226926607,0.4,0.3,0.6,92,0.1023642555359899,0.1024685727229943
6,39,0.11342315302889072,0.4575914124348721,0.4702194048292975,0.5941003358046586,0.030245699117238126,0.07412577801482816,0.00029127456515811,0.00034206760988385,0.4,0.3,0.6,93,0.1002427005263362,0.1023207768009556
6,40,0.11335408518895186,0.4581934531826419,0.4725150543312824,0.6123358495388767,0.030038452349304696,0.07401383483307737,0.00028767842691244,0.00034226862506358,0.4,0.3,0.6,95,0.1018493055382641,0.1056125234688507
6,41,0.11292055363444786,0.45783830848394175,0.47382048505783997,0.6247338550578061,0.032416013750280574,0.07396363755013496,0.00029000631053983,0.00034773142011792997,0.4,0.3,0.6,97,0.1008169107421939,0.1054279808458061
6,42,0.1124149726878634,0.45650645644037924,0.47244275905105076,0.6344702299052312,0.03158556259176271,0.074057379731061,0.00029171091748959,0.00035103746509942003,0.4,0.3,0.6,101,0.1001930947563702,0.1040113451753343
6,43,0.11215192698390734,0.4557891774331937,0.4717003414805427,0.641787358628219,0.03177863139759966,0.0741463354188768,0.00029103919832469997,0.00034956565611529,0.4,0.3,0.6,103,0.1003870761957966,0.1053547213188729
6,44,0.1120310000124048,0.4583560071629491,0.48104173454422844,0.723283807771628,0.029980220804039732,0.074069167868321,0.00028868081263134,0.00035096733398023,0.4,0.3,0.6,123,0.099346659908925,0.1055076573238952
6,45,0.11181929754089852,0.45705408738072933,0.47802309542661975,0.7311010098903189,0.03134411842820282,0.07412087645494732,0.00029296446983871,0.00037746995164817,0.4,0.3,0.6,125,0.1026806842101146,0.106725644759201
6,46,0.11135421153607934,0.45659053311428577,0.4792162292645894,0.7468054601027341,0.031295699413515995,0.0741082551542592,0.00029006635313426,0.00037359584687401,0.4,0.3,0.6,129,0.1023701696179299,0.1081147991910389
6,47,0.11128510399738474,0.45779637396469114,0.48380558591075734,0.755091605421278,0.03091409448455043,0.07415591505559142,0.00029079055723142,0.00037431377060169,0.4,0.3,0.6,131,0.0999645974352334,0.1070894003581427
6,48,0.11132075141885543,0.4592931851888987,0.4886961249973267,0.7808163989613464,0.030333369975993264,0.0741666619461105,0.00029179801737877,0.00037427655219297,0.4,0.3,0.6,134,0.0997821508641176,0.1074003613450714
6,49,0.11053775749231358,0.4581860820554222,0.4892279919629775,0.7833872015689544,0.030716355923528213,0.07388522318138904,0.00028415704159836,0.0003642954100282,0.4,0.3,0.6,142,0.1020069875002168,0.1084909116969971
6,50,0.11061589874577703,0.458376257916832,0.4894243376436735,0.7895527252760497,0.029950475924847383,0.07390613122029704,0.00028355884882636,0.00036057029307166,0.4,0.3,0.6,144,0.1005887594678545,0.1085916005193211
6,51,0.11052218823129234,0.4595607817338479,0.4939925411260718,0.8190441540857052,0.029959070412838143,0.07388247714458895,0.0002844746699953,0.00036445551150774997,0.4,0.3,0.6,152,0.1022645641568327,0.1085201596076578
6,52,0.1105010738234988,0.4595072286177998,0.49393721209036606,0.8249754877188707,0.02998512845708293,0.07388127794627806,0.0002845076687961,0.0003644831994939,0.4,0.3,0.6,154,0.102285509720149,0.1084836730858056
6,53,0.11043326640346315,0.459322752164241,0.4937463698937794,0.8307610642972022,0.030327564750063006,0.0738962375975593,0.00028430462888238,0.00036515756324272,0.4,0.3,0.6,156,0.1026181741388223,0.1078603989081019
6,54,0.11028554600781174,0.46035726789150727,0.49815932143510944,0.8543406368000079,0.030790164782678042,0.07389637587180521,0.00028441661230881,0.000364487167661,0.4,0.3,0.6,158,0.1018801842789236,0.1082140495914735
6,55,0.41041050953238434,0.760495449218515,0.7982983018895851,1.311721963685243,0.3299912324933443,0.07434686155310323,1.0,0.00039656591606278,0.4,0.3,0.6,194,0.1026320498977806,0.1095462657569844
6,56,0.4103700878704775,0.7610767911873652,0.8005705465592808,1.3178816817328727,0.3301758998689264,0.07437373004183288,1.0,0.00040261138052753,0.4,0.3,0.6,196,0.1037252579039047,0.1081727684761017
6,57,0.4102672214034133,0.7601100089388086,0.7978996459922674,1.320677130227434,0.33070019179400423,0.07436395459194664,1.0,0.00040234154032008,0.4,0.3,0.6,198,0.1041624940469919,0.1090294861146032
6,58,0.41018156186829346,0.760619007823604,0.8000980744515306,1.3299720373961894,0.3304818061235908,0.0743295512382153,1.0,0.00040036150150556,0.4,0.3,0.6,200,0.1046917561495926,0.109846480782103
7,0,0.9927563936431639,0.9981841003377502,0.9981233767257968,0.9325310747121663,0.0,0.0,0.0,0.0,0.4,0.3,0.6,1,0.9386938895655688,0.9625728600699917
7,1,0.6824517018196431,0.9233942034971826,0.9182482004152988,0.8491441047331836,0.27790558219399114,0.06676723686445836,0.00044358244950985,0.0007470420941479,0.4,0.3,0.6,3,0.6409977405033243,0.6528001122932099
7,2,0.6553663615829639,0.911150500824746,0.905653247197898,0.8375199121714008,0.07287206836630702,0.0627782746056048,0.00036438179747311,0.00054727296198977,0.4,0.3,0.6,4,0.6081889503210448,0.6183819278235441
7,3,0.3678279091918056,0.7669685187388575,0.7565933665975534,0.6797161354573806,0.7563747450429625,0.0666643623836567,0.00034913821436855,0.0007883364387948,0.4,0.3,0.6,5,0.3626870169365962,0.2491603361606535
7,4,0.3491789694804352,0.752464320261267,0.7432790948333138,0.6672287275887052,0.059905090867840925,0.0666607190453822,0.00027131610241922,0.00068090905020175,0.4,0.3,0.6,7,0.323290620792374,0.2666282175732765
7,5,0.3422638378550785,0.743770742905253,0.7359798403684303,0.6582884426010167,0.050635101264994355,0.06661286511843649,0.00012990434305376,0.00013003814800610002,0.4,0.3,0.6,8,0.3187207634990416,0.344967077203658
7,6,0.3215367045137682,0.7284845562676566,0.7217984100606882,0.6444921760149747,0.07128758609459464,0.07066885595700693,0.00018956279377365,0.00018975804852796,0.4,0.3,0.6,10,0.306684257904524,0.3303207143326054
7,7,0.3110904201789945,0.7199028109706004,0.712932395331698,0.641520979773214,0.03879833083924422,0.07049478816515663,0.00016998455499527001,0.00018165473851697,0.4,0.3,0.6,14,0.2942216337414162,0.2901511245611491
7,8,0.27746320566528865,0.6904646240186976,0.6841219686628212,0.6170576656696527,0.08161006394410508,0.07469601132224958,0.00028777935321816,0.00030242867090331997,0.4,0.3,0.6,17,0.251340253107889,0.2684169336665281
7,9,0.26848869868991776,0.6824137280123747,0.6774785040756467,0.6124157485035409,0.0508624558210335,0.07432482499315436,0.0002919545047718,0.0003113640865811,0.4,0.3,0.6,19,0.2422607365721965,0.2537358477236741
7,10,0.2298434966968439,0.6409400961967104,0.6346178692856465,0.571704149079866,0.13062006977641305,0.07432712102729239,0.00030092331182901,0.00031470198856329,0.4,0.3,0.6,21,0.199658618332832,0.2119865230064909
7,11,0.22666917900264363,0.6370719688097386,0.6305929124344102,0.5693423993228092,0.05363744875198219,0.07637659424861135,0.00030118494365672,0.00031776110728975,0.4,0.3,0.6,22,0.1940268783123298,0.2169461047999447
7,12,0.22137679242603764,0.6315062097928504,0.6265310686111666,0.5657879246766458,0.057970738461144956,0.07512796637174655,0.00025417981373980004,0.00027261794019648,0.4,0.3,0.6,23,0.1899522520721523,0.2027351700356926
7,13,0.17777438261170278,0.5742802108810093,0.570782724024223,0.524456468239609,0.05971025207693237,0.07162352595593277,0.00021785462678183002,0.00026685707856777,0.4,0.3,0.6,32,0.1494522261520569,0.14623927026682
7,14,0.17671327524769595,0.5726146761059833,0.5706864608370502,0.5298963665008065,0.03944120606073663,0.07513185260824087,0.00021902921597188998,0.00026810093477238,0.4,0.3,0.6,34,0.1676817173486313,0.1737066643653295
7,15,0.17470087198145148,0.569254866348042,0.5672004912600679,0.5261317953563858,0.03983903609119254,0.0761593095878898,0.00022098169554834,0.00027018726732328,0.4,0.3,0.6,36,0.1725723790086407,0.1795360391271021
7,16,0.1744448335514654,0.5688280187229183,0.5667579518028565,0.5301757921550704,0.033004377410934226,0.07626467745857837,0.00022122128752662001,0.00027044328462008,0.4,0.3,0.6,37,0.1722737950686961,0.178619140204482
7,17,0.15244012306684213,0.530351194460423,0.526937164139922,0.49192582990366857,0.22770639362440573,0.08043246009390381,0.00026610970777712,0.00032834350004711996,0.4,0.3,0.6,38,0.1174510691691498,0.1351147673115248
7,18,0.13714636511629635,0.5026159043767201,0.4999917253731537,0.4684701022282139,0.1621214076057417,0.0771528912448807,0.00022541954912544998,0.00027494061701851,0.4,0.3,0.6,39,0.122359634875419,0.1455794924332453
7,19,0.1320395672447844,0.4923760707625277,0.4894220500271875,0.4524859935617036,0.07856134840175245,0.07622184475850904,0.00022217777413643,0.00027147660092131,0.4,0.3,0.6,40,0.1121593033440023,0.1303826079678405
7,20,0.12539269758703978,0.4778899058449291,0.4744528402512177,0.4411394619721257,0.10073983589959318,0.076114530849866,0.00022419798255362,0.00027364831073044,0.4,0.3,0.6,41,0.0985970081184769,0.1245002267375033
7,21,0.12537870720260255,0.47785869337127995,0.4744206162834385,0.4434486090115576,0.030827417164925205,0.07611393311809869,0.00022421202451114003,0.0002736634057358,0.4,0.3,0.6,42,0.0985428130171673,0.1244945020207504
7,22,0.10846476948881209,0.43566951287907923,0.4324591857893619,0.40459347458919587,0.24454487717279305,0.07849379564157967,0.00026850159137215,0.00033085569007225,0.4,0.3,0.6,43,0.0877362081127772,0.1043474648696747
7,23,0.10591745671943666,0.4283768829752798,0.4249153022393864,0.40055137945096336,0.06833833824173179,0.0790261956487059,0.00027857076903916,0.00033955706605197,0.4,0.3,0.6,44,0.0849623854377869,0.1030182644602024
7,24,0.10085960912677278,0.4192214917424065,0.42218289512751234,0.44562813945844465,0.03539507265857173,0.07592447974773407,0.00028023128154467,0.00034146081017557,0.4,0.3,0.6,55,0.091831916570093,0.1151018909866948
7,25,0.09287069759868614,0.39432240528702145,0.3947772089309217,0.40151613446254825,0.06993293620995578,0.0760722273335209,0.00028362824809782,0.00034576109117784,0.4,0.3,0.6,58,0.0763794485946844,0.1054186292156057
7,26,0.08739974777948757,0.37609333505805004,0.37593399288838103,0.39742233971704644,0.05313659647111362,0.07649977008038447,0.00025336641838563,0.00030461017832189,0.4,0.3,0.6,62,0.0691995784532014,0.0956076092348474
7,27,0.08695137276918541,0.3747437925426729,0.3745418021283611,0.3984849128194177,0.03696977004842613,0.07632396138826072,0.00024902432783336,0.00030072410679564,0.4,0.3,0.6,63,0.0684850350586216,0.0950449937694447
7,28,0.08661390485220262,0.3739774921772238,0.3737552675266821,0.400201925006207,0.03354585488300388,0.07595099284213966,0.00023665994773391003,0.00028687045337036,0.4,0.3,0.6,64,0.0680689298724006,0.094207533334085
7,29,0.08594402223962043,0.37220255569321115,0.3735905556521844,0.40202945607383955,0.04304080963472129,0.07612137757297106,0.00023918525240547997,0.00028905923761275,0.4,0.3,0.6,65,0.067039163222043,0.0941566616352226
7,30,0.08574109873078556,0.3718325913727311,0.373212733763167,0.4042129237917963,0.03169871555836918,0.0757965498706357,0.00023346713294605998,0.00028352668550878,0.4,0.3,0.6,66,0.0671058760824644,0.0935274303755971
7,31,0.07928427204682725,0.3465548070027238,0.3454017279377136,0.3774584148768116,0.15331606383366425,0.07686707474062573,0.00029054337652165,0.00034111374673839,0.4,0.3,0.6,67,0.0733261564425597,0.0852565936112332
7,32,0.07901750384294193,0.3454659351765566,0.3459411670676784,0.3801016018034091,0.04021932262405162,0.07739557024295488,0.00029542652199528,0.00034514931999068,0.4,0.3,0.6,68,0.073756880145789,0.0803625569758842
7,33,0.07511491963701643,0.33092199147368084,0.33092107655741854,0.3666105484998859,0.10000886907513476,0.07664269252898886,0.00028833451511202,0.00034316835535342,0.4,0.3,0.6,69,0.0661060053096134,0.0759780902507214
7,34,0.07505507081648785,0.3307040154121263,0.33069609287901663,0.3741053077958001,0.03195697654713614,0.07662273536329937,0.00028801613034784,0.00034263053417830003,0.4,0.3,0.6,70,0.0662187484148269,0.0757981867334869
7,35,0.07201845439098549,0.32459938276902384,0.3261202606064809,0.3736431060590756,0.05330381352488233,0.07205988213865841,0.00028912041649748,0.00034345866187587,0.4,0.3,0.6,71,0.0655873649846866,0.0760232119850803
7,36,0.07095681582466476,0.3200765131874971,0.31978070804576053,0.3625590189801215,0.04653311465418297,0.07159122854815417,0.00028204702283723997,0.00033640323326651004,0.4,0.3,0.6,72,0.0642508617968367,0.076410423529045
7,37,0.07091812593553588,0.31483701000962794,0.3159787856033068,0.36577256700943167,0.043193137700453986,0.07601899814460153,0.00028152187077997,0.00033272161116112,0.4,0.3,0.6,75,0.0614035388982318,0.0693841803375524
7,38,0.06813191958934181,0.3057507908486111,0.3049514011487108,0.35696020524877564,0.06712775219732928,0.07349856013792513,0.00025496123684867,0.00030223730360424,0.4,0.3,0.6,76,0.0526366041706205,0.0689627925192342
7,39,0.06464865527938597,0.2855974501894057,0.28575792987071574,0.3288030630816097,0.1355590199433307,0.07626887804068595,0.00029301484397395997,0.00033832270451057,0.4,0.3,0.6,77,0.0612512763026906,0.0659110049880239
7,40,0.06407317115178726,0.2835854204151628,0.28368552023152027,0.3291465105680303,0.03935112652670078,0.07576031446350323,0.00028928084029705,0.0003353493996088,0.4,0.3,0.6,78,0.0604303815070894,0.0653366183839018
7,41,0.06163226563055317,0.27484101374452324,0.2780096314273608,0.3508616091449352,0.03677413176729307,0.07455164377271453,0.00025518551111956996,0.00030749336811461,0.4,0.3,0.6,85,0.0474629387923502,0.058939285853088
7,42,0.061632265482438754,0.27484101377236597,0.27800963145520347,0.35352249633718946,0.03008195457078438,0.0745516438448264,0.00025518550984634,0.00030749336708118,0.4,0.3,0.6,86,0.0474629391134375,0.0589392855215157
7,43,0.05856344733079996,0.2578782961676428,0.26047377529631577,0.32969405427898524,0.11328031882147678,0.07495865662613524,0.00027051012832614003,0.00032413142611968003,0.4,0.3,0.6,87,0.0519004012490849,0.0561797409298514
7,44,0.05162638357203944,0.21572295724741092,0.21856911849085087,0.2848336330565303,0.24016341659015292,0.07573458484771461,0.00031292705547016997,0.00036544972553647,0.4,0.3,0.6,88,0.0484083501661954,0.0511790215733583
7,45,0.05032294331502463,0.2098752677246702,0.21254201187340727,0.28104513699843386,0.05614626100549424,0.07457369392655819,0.00029122691206202,0.00034657651891874003,0.4,0.3,0.6,89,0.04536235747467,0.0456651267991781
7,46,0.048137383562006676,0.19353632828810613,0.19564848484751327,0.26556452857065177,0.11081274878011255,0.07523839791681496,0.00027249686275552,0.00032347406504993,0.4,0.3,0.6,90,0.043933273123872,0.0432988212689073
7,47,0.04771757927737953,0.19021106701697563,0.19221013684870833,0.2747346939323998,0.04682254067896628,0.07520246846465352,0.00033725359680684,0.00040951962759091,0.4,0.3,0.6,91,0.0477468802814105,0.0440710253284926
7,48,0.04758926282054398,0.19120264218965777,0.19824949493411284,0.29180840045512557,0.0315932145620033,0.07544789947973826,0.00028106284217133,0.00033157261536425,0.4,0.3,0.6,96,0.0444860688554408,0.0424933857000372
7,49,0.046992256367123585,0.18565495940162385,0.19084161795866528,0.3083226190207889,0.033955450344020345,0.07551793491675421,0.00032611043118046,0.00039987105678529,0.4,0.3,0.6,103,0.0437815108993085,0.0443131044042839
7,50,0.04595503520797229,0.18106280420539106,0.18944834221503049,0.3071782308791152,0.05829565354327433,0.07495940297806972,0.00030240666220518,0.00035635540567484,0.4,0.3,0.6,104,0.0422376835274839,0.0369752363550847
7,51,0.04530414750327549,0.17621023893178686,0.17942897168039648,0.29611318013405336,0.04143954114682137,0.07407492365581567,0.00032538242061575,0.00037481324298149,0.4,0.3,0.6,105,0.0402494887100058,0.0389025144757366
7,52,0.043902947566004574,0.1725971902841548,0.177399098942078,0.2914351659812994,0.04530072402230081,0.0716440910102996,0.0003396794965736,0.00038999431779816,0.4,0.3,0.6,106,0.0402080413705255,0.0352809351634402
7,53,0.04362967956977308,0.16458962917492292,0.17076315634854763,0.2898205258903708,0.07712446742704782,0.07414293334287925,0.00030725299725211004,0.00036241758102276004,0.4,0.3,0.6,107,0.039720369013783,0.0354523540732766
7,54,0.04380248329855476,0.16092237193593406,0.16528074241171978,0.2890878097732753,0.0391906226698943,0.07567490077660623,0.00031070591244827,0.00036625330750826,0.4,0.3,0.6,109,0.0396369707950318,0.036414875995438
7,55,0.04233096876206523,0.15584088176261654,0.1617303047948446,0.29099680858131877,0.04161695095037783,0.07347823169060883,0.00031947588272459996,0.00037864853512004,0.4,0.3,0.6,111,0.0370261532927966,0.0313824574080188
7,56,0.04297281155432089,0.15716735489499506,0.16642015275520802,0.3073108787053955,0.031462331612730036,0.07539236250110479,0.00029777268027889,0.00035100789739848004,0.4,0.3,0.6,115,0.0384552140320491,0.0354684618797653
7,57,0.042524278781762334,0.15447855715415812,0.165314863783435,0.3146005775985488,0.04666600851035436,0.07527337016274357,0.00030107493422652,0.00035398633539099,0.4,0.3,0.6,116,0.0381097476283305,0.0338727563701867
7,58,0.042610730212403206,0.15421161179598236,0.16503450196098662,0.3168794538440568,0.03103169624351776,0.07561741023639279,0.00029649931055646,0.00035075904525302997,0.4,0.3,0.6,120,0.0376062917101932,0.034711045483767
7,59,0.04136325768711097,0.15400567833699155,0.16820556470965048,0.33209500829306293,0.03003144962389245,0.07261654591009639,0.00030096527593266,0.00035394132869052996,0.4,0.3,0.6,123,0.0382587207907509,0.0339485108025044
7,60,0.0424103308528535,0.15360500978600458,0.16441247346543372,0.3414477820258834,0.030439061010663186,0.07524771498732374,0.0002990747093,0.00035370375410448,0.4,0.3,0.6,128,0.0377464132132088,0.0343386923564823
7,61,0.04119904039064582,0.15258546364834352,0.16840644738954066,0.3464184099441667,0.040060044929710784,0.07286117611097785,0.00030206908522307,0.00035741256867793004,0.4,0.3,0.6,129,0.0382728825736144,0.0345895413785615
7,62,0.04052376735119888,0.14543543475427917,0.15600474444336754,0.34920957027111554,0.037351931461263664,0.07258564559859573,0.00032268932298520003,0.00037092449390996004,0.4,0.3,0.6,132,0.0356269613963986,0.0330837421121099
7,63,0.040225366925016666,0.14354231674572776,0.1557202591853112,0.35497366991316487,0.0356252108081349,0.07258564636628112,0.00032268931569459,0.00037092448671827003,0.4,0.3,0.6,134,0.0355897428295192,0.0329885556741916
7,64,0.040490440732935534,0.14463244785779011,0.16184815302454186,0.39520570222202295,0.030229224765226808,0.073643392807896,0.00031863051615371003,0.00038849775739797996,0.4,0.3,0.6,150,0.036985764180628,0.0324214731005475
7,65,0.03967661712720552,0.13952873949344835,0.15658271924883527,0.3979280066322583,0.037337947251630574,0.07296499167416035,0.00032325775075598003,0.00039340029247313,0.4,0.3,0.6,153,0.0384319999262603,0.0328499949058684
7,66,0.03959235520511862,0.14120019721395077,0.16332712603916122,0.45779135274832633,0.029661301888886934,0.07286998069095638,0.00032165708077124997,0.00039355297051123,0.4,0.3,0.6,164,0.0367152757123987,0.0329645414046989
7,67,0.039275107663924565,0.13943592685980927,0.16150840327223703,0.4496244478978866,0.037243098614138805,0.07253071849887868,0.00032111084708725,0.00039373936806476995,0.4,0.3,0.6,165,0.036760425245092,0.0327642955808826
7,68,0.038867455131618114,0.13682440435541016,0.16215205783013467,0.4630130522163494,0.034313770288399735,0.07265897110218919,0.00031099440718247,0.00038050700653559003,0.4,0.3,0.6,169,0.0359896612965341,0.0319802422268827
7,69,0.03878092593990493,0.13542801858185813,0.1590374749368814,0.47728383711022915,0.029919942759429708,0.07259045522994492,0.00032787340061544003,0.00039675191181589003,0.4,0.3,0.6,175,0.0376359989481515,0.0330953258297246
7,70,0.03875113534843187,0.13601752231224992,0.16131925951410278,0.4888527297718084,0.029591388038201234,0.07254307942681879,0.00032789068825163,0.00039648955375194,0.4,0.3,0.6,177,0.0376403534516531,0.0330530070321069
8,0,0.9914242858432302,0.9978487458568293,0.9977768153506973,0.9321597059943447,0.0,0.0,0.0,0.0,0.4,0.3,0.6,1,0.9457489548957796,0.9730636685874958
8,1,0.8335050380632513,0.9760813579308656,0.9742486343094608,0.9080016134490728,0.15857482599295905,0.07718415229856965,1.650159825048e-05,1.731675398643e-05,0.4,0.3,0.6,3,0.753608807639826,0.8420915682838421
8,2,0.4584020397916954,0.8190533540925989,0.8121041860219059,0.7365278569548922,0.7689405902253743,0.06665435409538166,0.00024890094393867,0.00022655477518848002,0.4,0.3,0.6,4,0.4598889008304124,0.4347088820371322
8,3,0.45070166096079717,0.8157759256783926,0.8103569107866821,0.7355307463216886,0.03982641368449518,0.06889189063054453,0.00032989206373677,0.00029681444235441,0.4,0.3,0.6,6,0.4666224894669538,0.4265997137000987
8,4,0.44738784551918936,0.8132293665764289,0.8061379190854312,0.7411949975361137,0.0263980990438541,0.06269062115846367,0.00032210777484935,0.00021664093847488,0.4,0.3,0.6,8,0.3903155897214653,0.3796328142282026
8,5,0.41536764129301884,0.7942058775757128,0.7846823804966251,0.7195823110744022,0.13338579339351253,0.07191185788409891,0.00027946554894459996,0.00027160439376549,0.4,0.3,0.6,9,0.4246200472142947,0.3891142298701648
8,6,0.4046029720456807,0.7889427268109062,0.7807720124713391,0.7141083865142092,0.08003276483208252,0.08156052700348163,0.00083774467346501,0.00069501268593964,0.4,0.3,0.6,10,0.3921166354473219,0.3642160402369969
8,7,0.35810342027349307,0.7570600969931891,0.7479375612623753,0.6819569614354133,0.1744228426431922,0.07409405735102458,0.00021597309815412003,0.00028652707954331997,0.4,0.3,0.6,11,0.3648573879075781,0.3103978666304205
8,8,0.3488342922008036,0.7502657426669093,0.740733096917746,0.6772476855155797,0.0889640079681768,0.08644498787819382,0.0007183923187110499,0.0009194288615992899,0.4,0.3,0.6,12,0.3922851974956891,0.3031553432674221
8,9,0.33416060430921396,0.737377846096892,0.7276154815720282,0.6653274481626065,0.0619338017789235,0.07178962323171026,0.0008389760688480199,0.0005990156160439999,0.4,0.3,0.6,13,0.3538885141072691,0.3080616048565954
8,10,0.33281968600174766,0.7363338811006331,0.7265360618956797,0.6658908243747741,0.034537648131460395,0.07181059198995622,0.0007723879465358501,0.00064630268478155,0.4,0.3,0.6,14,0.3568902945746597,0.3021294895799432
8,11,0.319293557953484,0.7264430250804399,0.7179253979311061,0.6570838958893749,0.09145827581229593,0.07681015042055794,0.00046688075653754,0.00050450032432812,0.4,0.3,0.6,15,0.3311715911910934,0.3001699494684352
8,12,0.30345985053496477,0.7134226928501384,0.7062119046331066,0.6508862870851604,0.047918979413951374,0.07196184544245968,0.00040905583095138004,0.0002641669930825,0.4,0.3,0.6,18,0.3030347654674061,0.2448199394019505
8,13,0.24809451161216084,0.6600346467207567,0.6510425625426538,0.5936533169553859,0.2869888811653847,0.07168759822985804,0.00037913763887558003,0.00026729576934515,0.4,0.3,0.6,19,0.2563629242125297,0.2112804398395496
8,14,0.2388553265249396,0.6498522222520621,0.6404955337035445,0.5841747679751139,0.08252384505870135,0.07351576532328802,0.00036084738456983997,0.00025817128652519,0.4,0.3,0.6,20,0.235484176404697,0.1933888361848243
8,15,0.23237364778190897,0.641812421457276,0.6305191722629617,0.5761551692840478,0.06450004635109864,0.0731917340537403,0.00023364951673304,0.00032861765342062004,0.4,0.3,0.6,21,0.2520044807066715,0.2008838901775791
8,16,0.22397095747856724,0.6319459127903542,0.6203204466605315,0.5670254229609772,0.07779745925759474,0.0734795796325907,0.00026975626855194003,0.00023347614612143002,0.4,0.3,0.6,22,0.2296051422497257,0.1827271698106122
8,17,0.22163944806875963,0.6298568944459996,0.6198348211125374,0.5695504039565733,0.036255376473727625,0.07338597751177364,0.00026692573039984,0.00023091962787818,0.4,0.3,0.6,24,0.2280982749597979,0.183342895837558
8,18,0.2189841504201352,0.6273091302195484,0.6188655601682288,0.5697115835953135,0.04695106877420522,0.07381356136257135,0.00029089659640154,0.00034433535309419,0.4,0.3,0.6,25,0.2339747539172136,0.1880955775365802
8,19,0.16509745376517815,0.5517327839773761,0.5440812295758818,0.4898291373283082,0.2190117245914347,0.07581409440403966,0.00024278385879802,0.00026516193547157,0.4,0.3,0.6,27,0.1657622226341106,0.17657652681631
8,20,0.15929187529505331,0.5421560528259185,0.5358372068516465,0.4841801983321945,0.057392192208043494,0.07720335330475894,0.00024987641439863,0.00028128422161946,0.4,0.3,0.6,29,0.1697396202194062,0.1793189180116336
8,21,0.15676960983415933,0.5353984173674402,0.5238281742039984,0.5000527699034227,0.04336452523807899,0.07769522967205583,0.00030987564707252,0.00040455306357567,0.4,0.3,0.6,31,0.1641527837303012,0.1538510537016389
8,22,0.1565009191212536,0.5349925811136865,0.5234118258872712,0.5039987269804431,0.032847534653026034,0.07746988891742976,0.00030880798991584003,0.00040330701165817,0.4,0.3,0.6,32,0.1655310817069664,0.1530517912200521
8,23,0.13233227942578143,0.4924758627856102,0.4862080403769829,0.44093206593947376,0.13646586621466475,0.0742757432223145,0.0002104178218281,0.00024346140870297998,0.4,0.3,0.6,34,0.1372069024662252,0.1405596640298674
8,24,0.12953550131563019,0.48415471418153855,0.4758887101217781,0.4362773343434791,0.07537242590436893,0.07781690483625048,0.00023703417302174998,0.00026169138390831,0.4,0.3,0.6,35,0.1281215629356126,0.1249830042527667
8,25,0.12274381499815429,0.4710028576318963,0.4639723045544351,0.42320885056440477,0.10424517778675549,0.07755059763334748,0.00024207518001054,0.00027256330872291,0.4,0.3,0.6,36,0.1279310346083426,0.1301056013213427
8,26,0.11220275698437063,0.44452409628357953,0.4382758437904915,0.3992607174602266,0.09440884895133445,0.0778791196317214,0.00023749095711692,0.00026513182017504,0.4,0.3,0.6,38,0.1155448994042117,0.1075961914553814
8,27,0.1113702773978306,0.44295828266469084,0.43832634767786405,0.4164449739143869,0.033416177752445216,0.07792450550417046,0.00029305792927457997,0.00036909328022222,0.4,0.3,0.6,44,0.1165989920716491,0.0989272736936962
8,28,0.10572985479350093,0.43063537542109936,0.4273027648053749,0.4293529853434955,0.041766789686579535,0.07510831045730541,0.00026531739805896,0.00029391495682042003,0.4,0.3,0.6,49,0.0988784345589228,0.0969729782860615
8,29,0.09668227089830128,0.4049735255212006,0.4024454244337782,0.40013146783415116,0.15983496005282993,0.07582601376826177,0.00025300212672636996,0.00028646142123691,0.4,0.3,0.6,50,0.0839335643676528,0.0867637432057536
8,30,0.09530589296251082,0.401332949918572,0.40035190848415214,0.3971783960385634,0.04150554514433098,0.07606132011364054,0.00025250392387284997,0.00028585111386518,0.4,0.3,0.6,52,0.0833890682528774,0.0866663274878347
8,31,0.0940158624234115,0.39564399252427046,0.3927856132613071,0.40900848394305295,0.05733585618109393,0.0770981810870929,0.00028249396776386,0.00033622906875734,0.4,0.3,0.6,53,0.0929340196880478,0.0766470714652159
8,32,0.08937323158134836,0.38068742017035945,0.37899092877336527,0.37671663093104696,0.10882303156973802,0.0779273080915848,0.0002520418129674,0.00029287705061653,0.4,0.3,0.6,54,0.08497757340421,0.0763372788395754
8,33,0.08685606417594349,0.37489378187834604,0.37304141398963514,0.39238953250513925,0.05289805679784678,0.075056693780483,0.00027401999488807,0.00030890718859417,0.4,0.3,0.6,55,0.0822585303377092,0.0756442980999487
8,34,0.08680183790608213,0.37250895437979636,0.3722087030183907,0.3882838914776436,0.0522915162389023,0.07806097024798048,0.00026318809357278,0.00030835658499089,0.4,0.3,0.6,56,0.0808036989198217,0.0763395225867469
8,35,0.08265867807422153,0.3588053317447662,0.35805980345619803,0.3782502403020722,0.09568189794316165,0.07710060568959001,0.000261729836097,0.00030386761060911,0.4,0.3,0.6,57,0.0759596862825577,0.0717478932993743
8,36,0.08169041917504132,0.35618258585137047,0.3570239428336393,0.37457630887316673,0.036283438145769474,0.07689896558405063,0.00026172816463359,0.00030548817235383,0.4,0.3,0.6,60,0.0759986056546625,0.0723085510032179
8,37,0.08128035926809858,0.35613954665095876,0.3603241244070041,0.39440778490364975,0.03445695783734358,0.07684598892096337,0.00026027299853321,0.00030128413955774,0.4,0.3,0.6,62,0.0760499457549586,0.0722269020116045
8,38,0.08107140968850587,0.3563390234727727,0.3622054424524059,0.399128633313426,0.0319054119617112,0.07660642354117986,0.00026011978823124997,0.00029904695274393,0.4,0.3,0.6,64,0.0754337096834203,0.0730653530121794
8,39,0.08041425247325201,0.35205503244298886,0.3544291057882617,0.39593668200547544,0.03843204452627645,0.07698737326000255,0.00026197103363111,0.00030578159722549,0.4,0.3,0.6,66,0.0749302256618951,0.0708908978463419
8,40,0.08053793575053626,0.3525578341704457,0.35661276787838087,0.3956787928344675,0.03231361209511561,0.07757147288751515,0.00026822732036807,0.00030597172845934996,0.4,0.3,0.6,68,0.073736257589968,0.0689910082645078
8,41,0.08021184060435543,0.3514429014940609,0.35712537844707953,0.4136210053354144,0.0347940731258344,0.07811306818447653,0.00026127649593707,0.0003021033082378,0.4,0.3,0.6,71,0.078235866354074,0.0757026331976759
8,42,0.07992883559729076,0.35101686048706926,0.35835634798810406,0.4251972272088432,0.034319413829974214,0.0781623996504601,0.00026465801124221004,0.00030089178884021,0.4,0.3,0.6,73,0.0795794043292931,0.0736551354298905
8,43,0.07875781851525304,0.3463952701401824,0.3519151485482067,0.4134236514113522,0.049309258297158653,0.07764155837671972,0.00026655728698150004,0.00030548381701064,0.4,0.3,0.6,74,0.0719416492856502,0.0655578628555863
8,44,0.07837537980415939,0.34706392109983303,0.3576223125708519,0.453608807852647,0.03218159969356373,0.07760581029272037,0.00027782706049142,0.00030501282460533,0.4,0.3,0.6,82,0.0720205465595494,0.064855405440641
8,45,0.07796905735245664,0.3451123052266584,0.3539373178787532,0.4445574792002889,0.0339589644899784,0.07731338614026281,0.00027908222856102,0.00030947537212028004,0.4,0.3,0.6,84,0.0716582673952162,0.0650795065734179
8,46,0.0779407416576245,0.3443193356508516,0.3564360933819236,0.45846096188288077,0.037004043170376,0.07932412212826233,0.00023227542284594998,0.0002679436799347,0.4,0.3,0.6,87,0.0732644608433798,0.0549874651975139
8,47,0.07760206381646569,0.3433025754557117,0.35539078048090467,0.44681513274095,0.03207872014866818,0.07881635545470511,0.00026825524635612003,0.00031705101317645,0.4,0.3,0.6,99,0.0754445805064262,0.0703210631210738
8,48,0.07747718113866456,0.34282335424942423,0.3548957204334768,0.4485962629896506,0.03294002477090693,0.07879969431695438,0.00026853667401767,0.00031871698862081003,0.4,0.3,0.6,101,0.0755379029522597,0.0703357288657113
8,49,0.07732070202571978,0.34886877044335285,0.37619395504540915,0.581155534450907,0.03171913093597629,0.07854596245727276,0.00027163254976418996,0.00031992657983794003,0.4,0.3,0.6,141,0.0746767101289722,0.070979969543025
8,50,0.07697503532420436,0.3510690463495593,0.3851616004263935,0.7001358520368655,0.031827843228435036,0.07809733783712562,0.00027321414978507,0.00031454734498844,0.4,0.3,0.6,151,0.0661110888960264,0.0579850509189111
9,0,0.9769252708043092,0.994169765745019,0.9939747902522348,0.9280863323571887,0.0,0.0,0.0,0.0,0.4,0.3,0.6,1,1.0029733056034291,0.96131830375188
9,1,0.8051339059527449,0.9644670990963484,0.9623772229426556,0.8955624749498703,0.16437712653159545,0.06737160447079084,1.850312101574e-05,1.793243769251e-05,0.4,0.3,0.6,3,0.853123756760348,0.8452342234773026
9,2,0.45984691613935613,0.819870785930607,0.8129488055807832,0.7374324784497497,0.7277047555647173,0.06663295849631766,0.00025679962808399,0.00024370640362181002,0.4,0.3,0.6,4,0.4477973090563041,0.4290099929329491
9,3,0.4093842493259119,0.790394759830419,0.7841608793745378,0.7139929528369137,0.06335041286581594,0.06658068442814577,0.00023079688863125998,0.00020052064150876,0.4,0.3,0.6,8,0.3979855928738454,0.3794703550593816
9,4,0.3527625848180823,0.751684841958756,0.744153685137319,0.6743777398914063,0.12098202051643124,0.06665791039890287,0.00025110716100800996,0.00028166566350410003,0.4,0.3,0.6,10,0.3810528137325292,0.3824123204106274
9,5,0.3446941612075891,0.7456428280829871,0.7379107512014074,0.6693183681325074,0.05601830099294978,0.06663905355293435,0.00023151916705556997,0.00024943086520373,0.4,0.3,0.6,11,0.3682053981173432,0.3659711515364123
9,6,0.3143206360882696,0.722465220568039,0.715628645852855,0.6523663406347212,0.14392196353759998,0.0666673605096317,0.00025308812927801,0.00029118160615058,0.4,0.3,0.6,12,0.3156741146789689,0.3229620230919133
9,7,0.3128662939545849,0.7212737766745723,0.7143985853258552,0.646213437380408,0.03261259503645248,0.06664324203744267,0.00023264907517221,0.00025570149566664,0.4,0.3,0.6,13,0.3123423777963331,0.3113981091088023
9,8,0.30524233265399214,0.71530506824885,0.7099014200724815,0.6524085759722382,0.05830183988518885,0.0666547257830769,0.00026267038254576997,0.00027214700662158,0.4,0.3,0.6,14,0.2875613297344587,0.3402158399969441
9,9,0.29939828144012637,0.7102394488003386,0.7046676246817002,0.6486797057422683,0.05125814273756443,0.06661142364447904,0.00023242668302507,0.00025571857266766,0.4,0.3,0.6,15,0.3017452998598591,0.3134484955500443
9,10,0.2976848899087075,0.70944296713579,0.7055164248986504,0.6582330731641234,0.03051303880974271,0.06660718704526096,0.00023267713816131,0.00025889627070202,0.4,0.3,0.6,17,0.3007571141878796,0.3082563360838408
9,11,0.264077209776133,0.6780020359182235,0.6728901127511874,0.616657345452514,0.20281561345019863,0.0766161964154253,0.00025701285745414,0.00025616100605861,0.4,0.3,0.6,18,0.26553931976818,0.3174985868852109
9,12,0.2234150702247942,0.6335587698276927,0.6270285274123353,0.5772604602962556,0.13171325654199684,0.0715265314173112,0.00026443895568953,0.0002663535157421,0.4,0.3,0.6,20,0.2147740390720868,0.2627759698286151
9,13,0.2008840351629065,0.6070898939796595,0.6012485449469726,0.5483851048568265,0.06320605796445344,0.07837489003857484,0.00053304711113411,0.00044937002230890997,0.4,0.3,0.6,25,0.1624083473502279,0.201966052090244
9,14,0.19116524963587095,0.5927593445779448,0.5881746682182192,0.5466964388011308,0.08234599958045713,0.07425075761714003,0.00021202109824309,0.0001715290208101,0.4,0.3,0.6,26,0.1843261603696306,0.2098064826574319
9,15,0.1788944005325667,0.5737193477545762,0.5684317689286634,0.51627842285312,0.13382642257503022,0.07851874145914498,0.00054843742701941,0.00045913620222201,0.4,0.3,0.6,27,0.1344565581477524,0.1686490409448272
9,16,0.17250036379687364,0.5637372097437322,0.5581185030106444,0.5058892348197902,0.07979633075346984,0.07836399764759915,0.00053900855799377,0.00043469480118955,0.4,0.3,0.6,28,0.1347395409194498,0.1501386064094959
9,17,0.17136360539353565,0.5620741317789176,0.5564087439667506,0.5061946598639748,0.038264421480734195,0.07776597610380716,0.00050604888252515,0.00040464546177647,0.4,0.3,0.6,29,0.1357136136713778,0.14490247263202
9,18,0.1706104880251832,0.5615613749500971,0.5575507827232071,0.5107452271939679,0.03444461669024938,0.07776597610380716,0.00050604888252515,0.00040464546177647,0.4,0.3,0.6,31,0.134798913207576,0.1425182563289118
9,19,0.15902591601087185,0.5441535030407932,0.5412310261392977,0.501171796084556,0.0631248927704321,0.0781786209090829,0.00035630851386303,0.00028935261664061,0.4,0.3,0.6,34,0.1372152165862108,0.1408917249362494
9,20,0.1457915898600031,0.5198792655267668,0.5178342889904067,0.4790507333441134,0.08733572856908987,0.07699386906448114,0.00029579207885484,0.00024977866400789997,0.4,0.3,0.6,36,0.1291202337803003,0.1271125402026185
9,21,0.1425812882010135,0.5134359181063511,0.511156396542095,0.48338908034387845,0.040495821558409105,0.07830887018463933,0.00035747213573434,0.00029332613851657,0.4,0.3,0.6,40,0.1265230088398551,0.1292189238159962
9,22,0.1356491783451428,0.4988562034741626,0.496083232029651,0.4718139980251975,0.0666622732803463,0.0787394894682096,0.00036034046798608,0.00029906410783587004,0.4,0.3,0.6,42,0.1236977357250594,0.1235284399575974
9,23,0.1221685289580985,0.4716804874004719,0.46971662018204835,0.44758601019208305,0.09478108881821681,0.07530578261128129,0.00036178412887986997,0.00030112243278121,0.4,0.3,0.6,44,0.1051788650599023,0.1122243089670983
9,24,0.11638546498293324,0.4592383076006948,0.4602015128168461,0.45069519952012077,0.043798292520132204,0.07534868720873057,0.00036482521016529,0.00030689432960901,0.4,0.3,0.6,49,0.1009703856930059,0.1077677016174533
9,25,0.1123202445910016,0.4506005553653771,0.45296369328962477,0.45847456215941523,0.07280274875389725,0.074081547440453,0.00036950311563193,0.00031027816018993,0.4,0.3,0.6,50,0.0935793686900477,0.1001078622682008
9,26,0.11268924148033939,0.45017965154068496,0.45084256949513085,0.43861376807458985,0.03104172325667542,0.07516399024644785,0.0003627363983246,0.00030048749045965,0.4,0.3,0.6,51,0.099106074223924,0.0990148620475711
9,27,0.10907691885846303,0.4411094418348388,0.44147377934153,0.43327121411554886,0.051860570583471155,0.07480942728552081,0.00036397441301424003,0.00030131945541689,0.4,0.3,0.6,53,0.0972744301237653,0.0937662012167513
9,28,0.10416473499158041,0.42788969691248757,0.42781147199992103,0.4233206147533511,0.06232366539355906,0.0748421819676503,0.00036720329609957,0.0003036855278855,0.4,0.3,0.6,55,0.0882588316333106,0.0936266734127071
9,29,0.10347989448701499,0.4266367624628782,0.42818735765850263,0.4258345868593447,0.03510479176568065,0.07493160052639483,0.00036748111545423,0.00030427247121425996,0.4,0.3,0.6,57,0.0862910062627837,0.0945648965113955
9,30,0.10330513523199812,0.42438665761024874,0.42582902203129663,0.45386266621614096,0.03912757448314607,0.07729534774446846,0.00043899398871085,0.00033699742802088004,0.4,0.3,0.6,59,0.0775108450950766,0.0849693639761902
9,31,0.0950084507812025,0.4063225509297568,0.41722200729773934,0.49177581308647816,0.039963869869455375,0.07507569219767149,0.00042918106331946,0.00034731069637984,0.4,0.3,0.6,70,0.072231503103706,0.0828753895133926
9,32,0.0950084507812025,0.4063225509297568,0.41722200729773934,0.5020708729879174,0.030367454491423015,0.07507569219767149,0.00042918106331946,0.00034731069637984,0.4,0.3,0.6,74,0.072231503103706,0.0828753895133926
9,33,0.0922700476538107,0.3981254929635462,0.4070987628803953,0.4938286564270498,0.06208870897519491,0.07357323878369786,0.00044458039442606004,0.00035238371584288004,0.4,0.3,0.6,75,0.0704983150210191,0.0807463717698974
9,34,0.09256822173285377,0.3981796703602296,0.40880285079755363,0.5033981505940686,0.036829136769478736,0.07537397103227275,0.00042918996016099,0.00034732131666503,0.4,0.3,0.6,76,0.0647388517353304,0.0694397131175788
9,35,0.08774186420801629,0.3799360844229622,0.3865910360010335,0.48584199424280194,0.05870903953231105,0.07636638598526725,0.00045762722256919,0.00038612950319552,0.4,0.3,0.6,79,0.064249918392378,0.0770509453930627
9,36,0.08098906690451206,0.36166526032617813,0.37276906800030546,0.4951025762623161,0.04812418497262608,0.07310101272892423,0.00044576891183629997,0.00037457239318066,0.4,0.3,0.6,84,0.0635318686416387,0.0659120732546336
9,37,0.07816465288083951,0.34820092093955196,0.3571561477375863,0.45973998991878073,0.06323000924266599,0.07495182121171959,0.00051770773067607,0.00042203465460408,0.4,0.3,0.6,86,0.0577616010671224,0.0547135382399012
9,38,0.0788442363706542,0.3493336242748819,0.35997311124233866,0.4841735998312207,0.03272665167952033,0.07689927271162895,0.00047908068559631,0.00041611264792835003,0.4,0.3,0.6,87,0.0649185392535101,0.0560703855913982
9,39,0.07612506601097778,0.34456109462420936,0.3551081208956265,0.4898823475786213,0.04251722775391376,0.07194242580293214,0.00045601338984871994,0.00038645943996853,0.4,0.3,0.6,88,0.0574120396401785,0.0596162996496256
9,40,0.0735337363330782,0.3276466722382266,0.3375560960977506,0.476427517554179,0.0778257142726761,0.07736140146440339,0.00045501991878534,0.00036346310458811,0.4,0.3,0.6,90,0.0469900536170205,0.0469722874979435
9,41,0.06696070197743599,0.30620500238095333,0.31713526013582877,0.4575324538932655,0.07808525361013298,0.07236696524070495,0.00047628473744378,0.00039869130112402,0.4,0.3,0.6,92,0.0517846193206686,0.0473884862053445
9,42,0.0670673750192309,0.3044508702057428,0.31363657971674724,0.45902908719481555,0.03318479824761694,0.07343062417443784,0.00046544602261804996,0.00039119644386252,0.4,0.3,0.6,94,0.0482734850808834,0.0479734540824052
9,43,0.06491376617956407,0.29198084599615837,0.30239383806829145,0.4580862954427045,0.06453346564966109,0.07545685137829586,0.0004904602794666201,0.0004067451085211,0.4,0.3,0.6,96,0.0474719625247583,0.0445661715603106
9,44,0.05678711125811538,0.25188980265882693,0.2609803799606138,0.4082810847758495,0.1259270246004895,0.0744281409987073,0.00034075409213883,0.00026183167507567003,0.4,0.3,0.6,98,0.0426074462514104,0.0463109194430877
9,45,0.05645742143419814,0.25147275748270354,0.26389345227784117,0.4283118738752495,0.03180056447450741,0.07443567540806637,0.00032949552688153,0.00025196572389196,0.4,0.3,0.6,103,0.0410077730640278,0.044494596793723
9,46,0.0562954944263088,0.2506575315580636,0.26305178062768414,0.4302108064378299,0.03189890074568528,0.07437167858099117,0.00033323375707700997,0.00025218789165222,0.4,0.3,0.6,105,0.0430581492014791,0.0462999847274986
9,47,0.0543699934192472,0.23859201579297462,0.2505771037826236,0.43085402110181653,0.05984945870385729,0.07478836512989953,0.00033487634466746,0.00025810543100636,0.4,0.3,0.6,107,0.0382759506988754,0.04343076437607
9,48,0.05403984952663224,0.23869434935495593,0.2523639535217474,0.4527474219922735,0.030220350603217257,0.07410186398915183,0.00033489544496523,0.00025853588638419,0.4,0.3,0.6,112,0.0383502164195761,0.0441217719506771
9,49,0.054126493597725756,0.2398513826520186,0.2585655788913928,0.4772669808443076,0.03105999669387919,0.07483846842218332,0.00033650661641501997,0.00025896093292509,0.4,0.3,0.6,119,0.0381396639355091,0.0434151997540253
9,50,0.05376639681558225,0.24663831412453557,0.28397851567311144,0.7154352023983672,0.030019569568867033,0.07423277083822426,0.00033908300843023,0.00026839316350396,0.4,0.3,0.6,176,0.0397734739106049,0.0453851460102587
9,51,0.05373951616113565,0.24742811815692564,0.2881355252853745,0.7488529377861062,0.030362787268169954,0.07447034242729618,0.0003384830583819,0.00026269405982949,0.4,0.3,0.6,187,0.0395498314789429,0.0450901864469696
9,52,0.053739516114784655,0.24813470866849693,0.2905376695265064,0.7516476493322988,0.030047385698479208,0.07447034242777924,0.00033848305881496,0.00026269405984197,0.4,0.3,0.6,189,0.039549831475548,0.0450901864493177
9,53,0.053508960526705715,0.25065499947421715,0.30150441487469215,0.8033815294726957,0.03047548962087776,0.07427970119232537,0.0003403848362917,0.00026186482811538,0.4,0.3,0.6,198,0.0402151033243933,0.0450039006678881
10,0,0.9754301330697159,0.993787316730512,0.9935795963706423,0.927662884988899,0.0,0.0,0.0,0.0,0.4,0.3,0.6,1,1.0085012317891673,0.9686731945652934
10,1,0.8376702453119702,0.9727108884641731,0.9709902225070741,0.9049899502999618,0.13387869052456144,0.060398899136234384,9.531741763947861e-06,8.520805406517817e-06,0.4,0.3,0.6,3,0.7752134476710507,0.8419878321034183
10,2,0.746156272769598,0.944716985112602,0.9419759519683382,0.8756826304938358,0.17467941774754878,0.0666481623984145,2.5615266397289998e-05,3.601280441524e-05,0.4,0.3,0.6,4,0.6039038455689925,0.7436571773545899
10,3,0.6946358640146402,0.9253053260342688,0.9219681955361744,0.8556187991016578,0.11155990265571719,0.06271629347238748,1.2387585456649999e-05,2.27841930708e-05,0.4,0.3,0.6,5,0.5733019689324015,0.6943850972775656
10,4,0.35827718517494395,0.7549850978734651,0.7458969005922365,0.6699636190248888,0.8608789712163386,0.06666716752540566,0.00013947785357209,0.00010628506875473001,0.4,0.3,0.6,6,0.2807174189920496,0.3529236070750248
10,5,0.2821540399942131,0.692871880698065,0.6816502101111146,0.601032009483482,0.3388226925797947,0.07083476664042773,0.00016128294442648,0.00013293063614802002,0.4,0.3,0.6,7,0.1946958536572532,0.2723167075519346
10,6,0.2680808694829668,0.6800299909129988,0.6700504846124904,0.5908420005584888,0.06126641470747906,0.07083312642154134,0.00018223722039353,0.00014186920988316,0.4,0.3,0.6,9,0.1889633526032022,0.2586653247130137
10,7,0.2647013124847686,0.6765164823649064,0.6663825796132045,0.5868133389866178,0.04039080243950334,0.07351703376813505,0.00021027408275951998,0.00017735452018016,0.4,0.3,0.6,11,0.1773400458707729,0.2343356227132113
10,8,0.25351403365119524,0.665766912884397,0.656964083126775,0.5785333483655323,0.05545658149670649,0.0721624935268717,0.00020165624472312,0.00016029359369005002,0.4,0.3,0.6,13,0.1730583654028711,0.2272504081354633
10,9,0.2282780852007059,0.6388678775607702,0.6291998583083417,0.5611977449506554,0.09278258489494731,0.06946264538990984,0.00026673866347518997,0.00021822360166522,0.4,0.3,0.6,15,0.1718270411634526,0.2103647892857225
10,10,0.22076760924325606,0.6288829008179135,0.618808725034844,0.5518944351002454,0.08597986873292683,0.07491855449608066,0.00023623182207821997,0.00019814582896258997,0.4,0.3,0.6,16,0.164561447405679,0.2085488121928566
10,11,0.2086281159220376,0.6138505540995781,0.6049105812921266,0.5403564155000952,0.07142424807991109,0.07756271257984049,0.00022382422531781997,0.00018993309628122002,0.4,0.3,0.6,18,0.1500993063634449,0.1825759360215247
10,12,0.20782041872205628,0.6135003639780404,0.6062205920526164,0.5444727473640162,0.033756440099508477,0.07756271257984049,0.00022382422531781997,0.00018993309628122002,0.4,0.3,0.6,20,0.1500452713063374,0.1811743214120504
10,13,0.2035068087216156,0.6080520259221098,0.6006147166632899,0.5302592682955891,0.0418914126946352,0.07577266957095542,0.00020505801196365998,0.00016440228896698,0.4,0.3,0.6,22,0.1497815319223472,0.1676571643649066
10,14,0.19933360153060195,0.6072514519499381,0.6098000543844813,0.6126030296942764,0.03213821614489925,0.07712182795609496,0.00021839642310522,0.00019908994668549001,0.4,0.3,0.6,50,0.1576536388094351,0.1669036541708107
10,15,0.1985280754974234,0.6060706957534328,0.6085799294770607,0.6088407038674479,0.033687063979253105,0.07711414138669076,0.00021818135061583998,0.00019859522300822,0.4,0.3,0.6,52,0.1561377793621522,0.16657723465709
10,16,0.19044557477920038,0.5942583223803467,0.5963866803907664,0.6024075675834576,0.08254309878823607,0.07605254399450803,0.00023641763828565,0.00019404103347444999,0.4,0.3,0.6,53,0.143019277742335,0.1663280810569251
10,17,0.18480608877670188,0.5872799029369405,0.5925046509407812,0.6014208103576597,0.07373211261401652,0.07704211456608075,0.00025737433423328,0.00022725280940199999,0.4,0.3,0.6,54,0.1435155587591458,0.1590549649896109
10,18,0.18314650212512984,0.5839519756141442,0.587382911897227,0.5968271734620968,0.03609686674917947,0.07785030777944171,0.00024789446227768,0.00022121403710725,0.4,0.3,0.6,57,0.1425966864869527,0.1580220650824495
10,19,0.1803492638289172,0.5798122316116862,0.5831097061946799,0.5922605887885443,0.05055905258166522,0.07750356455624549,0.00023634939000324,0.00021110952227259002,0.4,0.3,0.6,58,0.143194645602896,0.1583893018178585
10,20,0.1804891335945641,0.5794604081818193,0.5827100463935287,0.5917547499039008,0.0357469785702157,0.08019721997317969,0.00023806213580613997,0.00021299003213839002,0.4,0.3,0.6,60,0.1435857185178475,0.1568561804037654
10,21,0.17992197410824923,0.5785917772165207,0.581812329504555,0.5907925105584833,0.03438983485692463,0.08020178786684003,0.00023774571098997,0.00021274108435628998,0.4,0.3,0.6,62,0.143873081138533,0.1567030155155492
10,22,0.1730776866345574,0.5692435166214727,0.5722291311799438,0.5796227583680635,0.046994648015309226,0.07435692260909713,0.00026393674695081,0.00022509057345062,0.4,0.3,0.6,64,0.1414903625295711,0.1551228917200303
10,23,0.1721152037961925,0.567356271052446,0.5718902192366881,0.5927370252097554,0.05312185649636699,0.07885142947768356,0.00030298535078677997,0.0002232334842191,0.4,0.3,0.6,65,0.139121587065597,0.1514221043950857
10,24,0.16868130078617477,0.5628474348819403,0.5689208674062315,0.593960861168917,0.042537840461090604,0.07749291076378009,0.00027241548732794,0.00023050408402187,0.4,0.3,0.6,67,0.1433177901245619,0.1448055851691072
10,25,0.16666807075746673,0.5597047706378904,0.5673177442562175,0.5972563968582641,0.05464909219390119,0.07958397821307836,0.00025038152257723,0.00020861543236783998,0.4,0.3,0.6,68,0.1314587245645744,0.1365909004595313
10,26,0.16153291898386724,0.5510512062523674,0.555099188118781,0.5849446500661559,0.055210391205734496,0.07437140354463798,0.00033387032198615,0.0002415332021987,0.4,0.3,0.6,69,0.1388986991232998,0.1511639626000283
10,27,0.16116767533385196,0.551196967386872,0.5569245973496998,0.593943547408854,0.03067688009671778,0.07417495338030344,0.00033071974123178,0.00023177979585065002,0.4,0.3,0.6,72,0.1378295652836078,0.1447852004491671
10,28,0.16029931954244667,0.5496937126717227,0.5553700230895463,0.5922757552861562,0.03738225763152478,0.07425246319062061,0.00033209133905627,0.00023174264819843002,0.4,0.3,0.6,73,0.1373268048279659,0.1441527588373745
10,29,0.16028352992234743,0.550718052528252,0.5597548848831904,0.6113207411851512,0.03110822090309898,0.07556622957292791,0.00025717663200477004,0.00026942638819408,0.4,0.3,0.6,80,0.1272148669676842,0.1417425912777781
10,30,0.15944057732129296,0.5495794136242166,0.558593247242517,0.6127097798269329,0.0332877461348163,0.07421117694041421,0.00032074275285166,0.00039027508353337004,0.4,0.3,0.6,81,0.1415669238258784,0.1457333850277266
10,31,0.1558628963913017,0.5428638232439997,0.549991075673954,0.5995281246744528,0.057427779649335015,0.07378163437044068,0.00024985683344975996,0.00021873644147574997,0.4,0.3,0.6,82,0.1199670358074083,0.1356370361649828
10,32,0.15527235444494905,0.5418282957720413,0.5489211670396206,0.6032024160496405,0.03469924080543185,0.07377142275134152,0.00024690708062735997,0.00021435454723515998,0.4,0.3,0.6,83,0.126114314578451,0.136510893033032
10,33,0.15332690440843183,0.5409219116030429,0.5530188081963032,0.6146856286335908,0.04113464071675255,0.07238340756151956,0.00024737439229173,0.00021437904193276,0.4,0.3,0.6,84,0.1307843394804876,0.1391219893808364
10,34,0.15250337635491587,0.542420239871165,0.5612610994303909,0.6730043041483206,0.029264121358793378,0.0718690560935923,0.00029208465589677,0.00022810196301845,0.4,0.3,0.6,103,0.1242375694880351,0.1350799977267854
10,35,0.15255602811075644,0.54246720245288,0.5613076388002816,0.6730498589871023,0.02909393083363256,0.0720182691619369,0.00029220506447828,0.00022822108522590998,0.4,0.3,0.6,104,0.1241191576868394,0.1348640388459778
10,36,0.1524375422493204,0.5422535341648583,0.5610867808188514,0.6728131655524842,0.029554812939602437,0.07201915665136452,0.00029346739461854,0.00022930461158636,0.4,0.3,0.6,106,0.124587169290434,0.1353366025393323
10,37,0.15130988349465668,0.5394501190705577,0.5565150083462428,0.6707351183824896,0.0343917340550581,0.07222825684690146,0.00025520145316225,0.00024241304005863,0.4,0.3,0.6,108,0.1231877124707374,0.1349992949164971
10,38,0.15129844192999034,0.5408432239328621,0.5612985919952598,0.7056452269687353,0.029122022127330862,0.07222828544129666,0.00025484355997543,0.00024138592535004,0.4,0.3,0.6,118,0.1230661033475398,0.1348292256696774
10,39,0.15067428371866418,0.5425421075873512,0.5697421419274942,0.7372771942695848,0.03428502482342444,0.07208542954162764,0.00039701783815898,0.00025678147900732,0.4,0.3,0.6,119,0.1242283393978926,0.141105874933716
10,40,0.15045286201229294,0.5420585208760531,0.5692391203274898,0.7560725950784621,0.029743166821686307,0.07232046897513757,0.00037325104045593,0.00027473121350025996,0.4,0.3,0.6,128,0.1234425565692534,0.1333869241755976
10,41,0.1497771793327878,0.5414272212643533,0.570254506520952,0.7657228763619154,0.03998189677058313,0.07258177480115217,0.00043616618457743,0.00027581278630287997,0.4,0.3,0.6,129,0.122830073326501,0.1369475103819767
10,42,0.14860365788645902,0.5394452560599413,0.5682132993115396,0.769018750737658,0.032119634603097615,0.07208512066446465,0.00041058466715491,0.00026957879431119,0.4,0.3,0.6,130,0.1223576071062138,0.1349366885266212
10,43,0.14733943162654584,0.5370834644262195,0.5657718633042153,0.7609339219284875,0.04253327736334856,0.07208561526426707,0.00046042352200585,0.00027769415882060997,0.4,0.3,0.6,131,0.1232069895994665,0.1418606440290064
10,44,0.14709919571837016,0.5373451049449495,0.567714272830263,0.7687750959148757,0.02917217490234466,0.07208561527884538,0.00046263624363162,0.00027082061566889,0.4,0.3,0.6,139,0.1232223459431731,0.1356624189885795
10,45,0.14708021245412872,0.5373115932894271,0.5676797153253481,0.7687382371143396,0.029184411915824836,0.07208561523845877,0.00045534129223455,0.00027079886242046,0.4,0.3,0.6,142,0.1229491440509409,0.1355861804782285
10,46,0.14708050237442444,0.5373108645047906,0.567678922678563,0.7687372791022934,0.029140029328564437,0.07208561522361834,0.00046010742622915003,0.00027083100849604,0.4,0.3,0.6,144,0.122792477583498,0.1356015743661948
10,47,0.14707860144478663,0.5387206686763921,0.5724797218485935,0.8142842397017402,0.02915005615711336,0.07208561521848068,0.00045961421601220997,0.00027080445096029,0.4,0.3,0.6,145,0.1232171634501491,0.1355487050949498
10,48,0.1470521971926414,0.5372526788823434,0.5676185643920945,0.7712473153677618,0.029466605537373826,0.07207325373984744,0.00049407671523186,0.00027260501994229,0.4,0.3,0.6,146,0.1233729902517076,0.1357237560392234
10,49,0.14709849205872721,0.5386742784211239,0.5724285562883998,0.823147708288012,0.03167384153824775,0.07232051356543523,0.00046264495148472,0.00027321773849531,0.4,0.3,0.6,147,0.1238315478240749,0.1361093705930479
10,50,0.14698782463850193,0.540581764541049,0.5794154064753944,0.8601076903072223,0.029667361626790293,0.07232051356525257,0.00048497358585716,0.00027248668925934,0.4,0.3,0.6,153,0.123712859542881,0.1371861721942696
10,51,0.14698635240421518,0.5405790796353783,0.5794126285958707,0.8601047233092887,0.02924308702027536,0.07232051356525009,0.00048476851515352,0.00027249894615793003,0.4,0.3,0.6,155,0.12371608850161,0.1371864663155507
10,52,0.14675772658404046,0.5416545271247695,0.5838713169051538,0.8891318037892457,0.02918878836603836,0.07210293282708775,0.00045245528614692,0.00026198080496904003,0.4,0.3,0.6,169,0.1215784738992848,0.1378841797910101
10,53,0.14675917323992912,0.5404486684697024,0.5792891860823496,0.8599968221047611,0.028987811234562434,0.07150048288055909,0.00046703031803552,0.00026396325249417003,0.4,0.3,0.6,191,0.1231301597851919,0.1351277361331338
11,0,0.9493079561768833,0.9870113535130678,0.9865769900772161,0.919075973401095,0.0,0.0,0.0,0.0,0.4,0.3,0.6,1,1.1168189175556014,0.9574996750364948
11,1,0.813066393700134,0.9683469831032513,0.9663203722791104,0.8996452333940866,0.1444217951223453,0.07235630545427943,1.0481071838189999e-05,1.328421187217e-05,0.4,0.3,0.6,3,0.875012153369549,0.8406796266522645
11,2,0.4860708454580836,0.8342321469644048,0.8277910940934963,0.7533383369032619,0.6671222094699363,0.06664587114741904,0.00020159000545829,0.00022781943584587,0.4,0.3,0.6,4,0.4477874963518889,0.4676095203892625
11,3,0.3453763314506808,0.7454289706330977,0.7360213494338108,0.6585410027445038,0.2418957248956478,0.06656274974636635,0.00013503724908146,0.00017274162017878,0.4,0.3,0.6,6,0.3540901091450144,0.359576995683466
11,4,0.33266872152023746,0.7367679186434425,0.7286785866136062,0.6518541567907035,0.056050978588920004,0.07115279973725859,0.00020849710637322003,0.00026705595414279004,0.4,0.3,0.6,8,0.3286755344711347,0.34842513547511
11,5,0.3152598089604254,0.7229332720379843,0.7144403712679595,0.6398052051717229,0.05760456264626916,0.06666666114525296,0.00023704312425977,0.00029980683087887,0.4,0.3,0.6,10,0.334567977526147,0.2708450627604346
11,6,0.3021172309547046,0.712007181628627,0.7048192823623171,0.6359358928581764,0.0812040621542209,0.0666393027375908,0.00028273141308598,0.0003756563731348,0.4,0.3,0.6,11,0.332737849844661,0.3169672600674285
11,7,0.26684777282861655,0.6796269016785008,0.6712603007257738,0.6015057229076112,0.2015717436018578,0.07350859616355461,0.00042143047827763,0.00050928462921868,0.4,0.3,0.6,12,0.2626292949714872,0.2227058352659596
11,8,0.24088849104709778,0.652813117749061,0.6452245765169042,0.5692999536900856,0.09566363147554512,0.07321145973399878,0.00044259813194002,0.0005597881976295101,0.4,0.3,0.6,14,0.2177191704367446,0.2190195777649457
11,9,0.22643753049149,0.6376825758533875,0.6280084998010312,0.5729270733505298,0.05924298894843619,0.0668183428554037,0.0002492644018091,0.00031603458374673,0.4,0.3,0.6,16,0.2399805057955677,0.1913086537639988
11,10,0.22492287221461366,0.6360365895183823,0.6263399162547336,0.5730838969725238,0.029108673683207492,0.06440287763365501,0.00024489319578172,0.00031119027171255,0.4,0.3,0.6,17,0.2402285014020858,0.1862142923650131
11,11,0.19593376444511748,0.607354906637563,0.5982634561645175,0.545558091019709,0.2272207154954677,0.07190366462605391,0.00045043197745078,0.00057314507681513,0.4,0.3,0.6,18,0.1950986556364409,0.1491290857087694
11,12,0.1884331678492395,0.5887101490342982,0.5791160207348053,0.5254927305168685,0.05183188583865659,0.06346484304789832,0.00023158913075551,0.00028825841960276996,0.4,0.3,0.6,19,0.1848250891028466,0.1821326071709626
11,13,0.15523402344094242,0.5350910618419973,0.5252551362087745,0.47439402657324875,0.3095099072993006,0.07190366462605391,0.00045043197745078,0.00057314507681513,0.4,0.3,0.6,20,0.1361792190687256,0.1538093906498457
11,14,0.14286886183463007,0.5125224841708534,0.5035875617194563,0.44382504547765883,0.08725594277833362,0.0732039587626663,0.00042008765098506,0.0005322941596204699,0.4,0.3,0.6,22,0.1284160423922107,0.1442047503038387
11,15,0.13968315569621795,0.5028078483937538,0.49178187425300507,0.44839250615635184,0.09022543731259666,0.08012591536411733,0.00047008810385020997,0.0005920330140184299,0.4,0.3,0.6,23,0.1394604304966712,0.1452128984532023
11,16,0.12874646299339526,0.4809850843987172,0.4692690346273742,0.42434902611647196,0.131169144515741,0.07714900838284275,0.00045016898547192,0.00061029035922652,0.4,0.3,0.6,24,0.1142262099680153,0.115978280071721
11,17,0.1259692474221818,0.4760657520667745,0.46752522371022015,0.42217080369865406,0.04188604239670592,0.0777083117307921,0.00036216456623589996,0.00047353237512768,0.4,0.3,0.6,27,0.1206710544869806,0.1231106550393113
11,18,0.11842445819613459,0.46253069165823385,0.45529048140008216,0.42475280091574474,0.04816123780334047,0.07149471919372696,0.00042843335694026,0.0005454774995119601,0.4,0.3,0.6,30,0.1127500276553861,0.1212875251282025
11,19,0.11077383413802888,0.4435192094942828,0.4339789687283344,0.4178183186128786,0.07287759076716908,0.07084241716791964,0.00045441039636334,0.0005882950886268101,0.4,0.3,0.6,32,0.1078821248001543,0.1085563030130278
11,20,0.10386648806628732,0.42056462572747044,0.4118261505756157,0.3931685657291725,0.16115895152228127,0.07856887364130012,0.00043007675383595,0.00056281161500887,0.4,0.3,0.6,33,0.1012091682260399,0.1048571258177684
11,21,0.10304141710840635,0.4137275123452574,0.40800006570907116,0.39501554419814194,0.04877469195838167,0.08618766250837465,0.00045518566995887005,0.0006649106886297701,0.4,0.3,0.6,37,0.0883132613680592,0.09836842019691
11,22,0.1019010187327238,0.4101937448056942,0.4026850440406461,0.3919221350497142,0.04103588439608935,0.08553531419601959,0.00045130551713296995,0.00066125205940098,0.4,0.3,0.6,39,0.0922610501548123,0.0991220271121285
11,23,0.10076972785940634,0.4068398721938137,0.40088035321616655,0.40374934573650045,0.04560277790398444,0.08632094106969466,0.00045262808264853,0.0006650464905535301,0.4,0.3,0.6,41,0.0893399704103267,0.1007579771400061
11,24,0.1004198531862281,0.40590589268810867,0.3999172308612477,0.40997619257001017,0.03922691111930292,0.08616414193590402,0.00045399481587155,0.00066475812162912,0.4,0.3,0.6,42,0.0887736966074931,0.0986779257226908
11,25,0.10061040202517663,0.4060423358530726,0.4000508937205857,0.40285270205044615,0.035648778882681344,0.08677944702537116,0.00044791229699432,0.00062363615566414,0.4,0.3,0.6,43,0.0929356378561992,0.1035362158706577
11,26,0.09816820259877454,0.39951898752806847,0.3949860930107669,0.3912836166460105,0.06944583029605184,0.08632150952083709,0.00046480065512781996,0.0006835722442174,0.4,0.3,0.6,44,0.0878239086962671,0.0910350364549576
11,27,0.09593880509306195,0.39044310107428415,0.3839145148929632,0.3899740699323768,0.07953767829308378,0.08794868863303446,0.00047445886930734,0.0006048506849160699,0.4,0.3,0.6,45,0.0913757263985492,0.098616681796898
11,28,0.09378513679101852,0.3853029202839171,0.38195438451803226,0.3619335594546889,0.05057989532894119,0.08728742501412015,0.00046606067714285006,0.00064734238189347,0.4,0.3,0.6,47,0.0834240169118121,0.0924661372884834
11,29,0.08994905485725202,0.3699550460589649,0.36606273505769715,0.358792950647877,0.0758587839654323,0.08957752628160029,0.00049161446031295,0.00063126127953178,0.4,0.3,0.6,49,0.0830139584211406,0.0904403313407593
11,30,0.07783069810774755,0.327199416967132,0.3235812793418364,0.3541759486873121,0.24339498491738223,0.08680051328131938,0.00052230242844191,0.00087572954909919,0.4,0.3,0.6,50,0.0601887823467189,0.0645532302673157
11,31,0.062119590085705965,0.20836869130607405,0.19883835567195346,0.2227214976398529,0.34817267177289185,0.10573237859125673,0.00059812424481973,0.00151247151952412,0.4,0.3,0.6,52,0.0421303059084338,0.0355851833727749
11,32,0.06039966140212275,0.20605360232472109,0.19816789919851083,0.22435267153537403,0.04557101781460234,0.10201320621211318,0.00060617103251249,0.0014898156737393601,0.4,0.3,0.6,54,0.0420564926409912,0.0357230785411256
11,33,0.062415334006961386,0.2077181967618893,0.203154654898936,0.25953195232757914,0.045622708008460966,0.10775670783583628,0.00059904408050128,0.00151960505361151,0.4,0.3,0.6,61,0.041871892275038,0.0354481992209856
11,34,0.06427557791703746,0.21009199230506131,0.2072164697679661,0.2819209068774895,0.046359797064086654,0.11258600627400231,0.0005746860772012101,0.0014665617866399402,0.4,0.3,0.6,65,0.0416945696786292,0.0386343789967555
11,35,0.05858185504952944,0.20481029202413245,0.20361882199623574,0.2785301333573584,0.04210989107068281,0.09851377219643592,0.00058077586365067,0.00143767762425686,0.4,0.3,0.6,66,0.0415147267040918,0.0347606478756627
11,36,0.05562531855131483,0.1981952322050168,0.1951931114435016,0.2748448030745852,0.054669235783402166,0.09267588432925036,0.0005785183079086099,0.00122005395711685,0.4,0.3,0.6,67,0.0411324024415551,0.0345127741317433
11,37,0.05713735768267048,0.19894253072144624,0.1975786906204982,0.29051515366111136,0.04139076022643101,0.09662457595087603,0.00082840087011777,0.0013851012221746599,0.4,0.3,0.6,72,0.042326985166167,0.0344528114431172
11,38,0.06249094369100632,0.19782236493876199,0.19954360388688874,0.3056403461589651,0.06116768007292986,0.1124383387484332,0.00057539606385562,0.00199995906185594,0.4,0.3,0.6,75,0.0416038978971325,0.0327490072848531
11,39,0.06413705937340687,0.19334583790893578,0.19316250893796325,0.306305153106431,0.06394827948822657,0.11798622084450235,0.00057298940994258,0.0024372153971235202,0.4,0.3,0.6,77,0.0405528666854837,0.0334513599559493
11,40,0.06696815235792111,0.1900166006213999,0.19126483396140906,0.32291407341141093,0.0909760046165488,0.12811043974016437,0.00057306886067875,0.00211935835742567,0.4,0.3,0.6,78,0.0409729807386591,0.0339697637860523
11,41,0.05685115012766799,0.17726527477244236,0.17841252265895222,0.3018600297640801,0.05763408106664449,0.08631702584444498,0.00057725793854545,0.01376063015582878,0.4,0.3,0.6,79,0.0444559144602269,0.0382541345986253
11,42,0.06584404160568667,0.18563450621199437,0.18675789651552907,0.31580650392880716,0.05548330404288839,0.10875422545306053,0.00058183522167608,0.01393807885644322,0.4,0.3,0.6,80,0.0454855971799421,0.0388866122767984
11,43,0.04992417854291906,0.16801887148403513,0.1724145092680496,0.2936209153006439,0.05379399150487568,0.08896803961732316,0.000584611512295,0.0013371254193195801,0.4,0.3,0.6,81,0.044207667094671,0.0381550739904615
11,44,0.9962429552529151,1.1119178676290358,1.1162211552861416,1.2616876527864616,0.9876884008130651,0.9576284873642675,0.00058092294555062,1.0,0.4,0.3,0.6,84,0.0407343533717249,0.0367091438651859
11,45,0.8652187231930333,0.9810847342217142,0.9870639210858592,1.122032123293619,0.8551243642270385,0.8232619568351284,0.00058123815416353,0.8713243907108698,0.4,0.3,0.6,85,0.0413123115112385,0.0375333534184211
11,46,1.0129843012877122,1.1278814361056027,1.1338236932016683,1.28512320082354,1.005530914423922,1.0,0.00058280017520046,1.0,0.4,0.3,0.6,86,0.0409912549098021,0.0372631470263826
11,47,0.6024665289608127,0.7172391294325252,0.7331884919496949,1.0064029713728218,0.5909779462356266,0.6651716379484951,0.01121756802805591,0.5347165525973563,0.4,0.3,0.6,120,0.0381933514858967,0.0314281754894063
11,48,0.9811951718437084,1.096209410813905,1.113836711134001,1.4025264670751907,0.9694688604483404,0.910968543088407,0.01555541171818316,1.0,0.4,0.3,0.6,126,0.0381714500590748,0.0317586246104931
11,49,1.0215966933147878,1.1384088817333908,1.1611106118240007,1.4659601368577548,1.0097536776774216,1.0,0.031664924973210114,1.0,0.4,0.3,0.6,133,0.0381769878535261,0.0319489722306005
11,50,0.46109995128117076,0.5784420546620276,0.6028326462618566,0.9143712783788381,0.44950372126077043,0.5796381786613262,0.019827058251048822,0.35203814571258074,0.4,0.3,0.6,135,0.0381131683847121,0.0317950291019781
11,51,0.4616857808607121,0.5758867846370792,0.6001582741727302,0.9143719212847555,0.46722133286704537,0.5819576821287766,0.01982800946313362,0.35216878398125895,0.4,0.3,0.6,136,0.0380338556570068,0.0319871935750186
12,0,1.0,1.0,1.0,0.9345415811267143,0.0,0.0,0.0,0.0,0.4,0.3,0.6,1,0.9090549675105511,0.9657674463227072
12,1,1.1264642890410899,1.1282202219312967,1.1282006537316314,1.0659527973830847,0.13022543910992687,0.3219712692998059,1.371059594608746e-07,2.8605602676100003e-05,0.4,0.3,0.6,3,0.908917933990725,0.961622969995938
12,2,0.46030674229560403,0.8201566983070491,0.813242202944144,0.7377422183074243,1.0269379273143753,0.06666472568707511,0.00026437668485658,0.0003212067234802,0.4,0.3,0.6,4,0.4474721464031034,0.4265868855446633
12,3,0.35313061686444136,0.7512186926334876,0.7420040413920651,0.6673135181968515,0.19359011650211813,0.06658744636600462,0.00014126589165498,0.0001840435855341,0.4,0.3,0.6,6,0.2999174181634417,0.3468253362159779
12,4,0.34650493215698797,0.7469887787020396,0.7393046001892895,0.6659381771825627,0.03876282743893175,0.06658662878105916,0.00014091640490034,0.00018614881236782,0.4,0.3,0.6,8,0.296039463707109,0.3398221888968499
12,5,0.30133054260196673,0.7118025755713976,0.7029406765762592,0.6331101335218743,0.08585887930606341,0.06661668347423691,0.00016640076527064,0.00021010177411515002,0.4,0.3,0.6,11,0.2369551381807872,0.2565330150599064
12,6,0.27427536044458345,0.6918809215917185,0.6839396763157207,0.6139675960924665,0.09510126069461501,0.07264186802303194,0.00029490334942652,0.00037235235550892,0.4,0.3,0.6,13,0.2183778364039028,0.236804417530048
12,7,0.22772792447219675,0.6378560953115715,0.6297802753163155,0.5651226764728234,0.1493970117390263,0.07264186802303194,0.00029490334942652,0.00037235235550892,0.4,0.3,0.6,15,0.1816414861717401,0.2049977705829591
12,8,0.22328743728103181,0.6325057748143924,0.6242334284646056,0.5599033286313785,0.044200527411698595,0.07428630420623535,0.00017104035482142,0.00021616052106358997,0.4,0.3,0.6,17,0.1810693046871614,0.1834092611541507
12,9,0.17375713246549074,0.5645288647618464,0.5556047986522338,0.4902281848623806,0.20157234949851463,0.0776708966301382,0.00032150329179613,0.0004061538294753,0.4,0.3,0.6,19,0.1428491159776197,0.1356507245855379
12,10,0.17263308955115939,0.5634989402035192,0.5562151307375778,0.49373936290886183,0.035336031077992124,0.07753144274620963,0.00029597412453975,0.00037393365337358,0.4,0.3,0.6,21,0.1405403120934286,0.1337044542609836
12,11,0.12900793892295825,0.48276351649927846,0.4727930907421575,0.41286563068949583,0.22576306435996257,0.07656513324117621,0.00028605218697504,0.00037250155625975003,0.4,0.3,0.6,23,0.1189727258854574,0.1189074713350943
12,12,0.1237860988675775,0.4950054254677646,0.48715094603472386,0.4472611405178426,0.038932756830837426,0.07377874140692231,0.00035868658407706003,0.0004657283181667,0.4,0.3,0.6,28,0.1079277628278744,0.1201736981070049
12,13,0.09263258838606882,0.3909070991544422,0.37957173054569404,0.31678151438248475,0.43109199828790984,0.07377874140692234,0.00035868658407706003,0.0004657283181667,0.4,0.3,0.6,29,0.0873087314504039,0.0859060715965543
12,14,0.08770399013562939,0.37514496415567594,0.36495446033939877,0.31730719309266936,0.1072821644321128,0.07377874140692231,0.00035868658407706003,0.0004657283181667,0.4,0.3,0.6,30,0.0793224232963522,0.0817391203027228
12,15,0.0817663349647822,0.3574102564397938,0.3466643632849397,0.307864993823724,0.04891095359555215,0.07107166135971074,0.00033240956175176,0.00040797507500052005,0.4,0.3,0.6,34,0.0800993078894484,0.0849896000283895
12,16,0.07821094991069388,0.34535689358571564,0.334219575431543,0.29455807589914695,0.08519936328067919,0.07014483195630279,0.00035354143354099,0.00043608726634387994,0.4,0.3,0.6,35,0.0803970134750631,0.0719679319795111
12,17,0.0784882225687428,0.34534365840655645,0.33751932258114603,0.30726535107384184,0.040848833200390844,0.0725102724006602,0.00031609432137165997,0.00039448646153227,0.4,0.3,0.6,36,0.0818196978988531,0.0702516604042296
12,18,0.07779491550046336,0.34277501041302083,0.3348658705389033,0.3068366715848427,0.04144151825112671,0.07246490846550124,0.00030191776704973,0.00037749332569105996,0.4,0.3,0.6,37,0.0804084471038678,0.074502983006305
12,19,0.07676495168724182,0.34020001592740085,0.3338845905154957,0.3072778861209149,0.043812660991231774,0.07185600542453051,0.0003091356625973,0.00038643528111478,0.4,0.3,0.6,38,0.0782540524490574,0.0736266649546126
12,20,0.07378750902588883,0.32823047789680027,0.3265048844766713,0.3248812413091827,0.035378666134233225,0.07378789263573404,0.00027859209624826,0.00039493614120111994,0.4,0.3,0.6,51,0.0728587761139414,0.0634873588635124
12,21,0.07376993695481551,0.3288607394491439,0.3288280941878144,0.3393517041895104,0.02993176821749161,0.07379144133180375,0.00027856097037936,0.00039511095255448,0.4,0.3,0.6,55,0.0728060292080019,0.0634447219510148
12,22,0.07375935479231986,0.32881668769556927,0.3287825600180325,0.34634945867043754,0.02994463615551834,0.0737919808130128,0.00027859944078242004,0.00039513128648807004,0.4,0.3,0.6,57,0.0727604286224251,0.063480938131508
12,23,0.07297450561370333,0.3250928659051796,0.32492886390052844,0.35252672911549604,0.048869835360606344,0.07420674895661447,0.00027910054206688,0.00038534101443923,0.4,0.3,0.6,58,0.0681391822207413,0.0618632763834559
12,24,0.07166027202370134,0.3203872334685831,0.3217388409688312,0.35635004220185434,0.043016245693136286,0.0741402929820457,0.00027529514462109,0.00038005402603578,0.4,0.3,0.6,60,0.0694453803813831,0.0597436797268521
12,25,0.07109977674331393,0.31737640561663355,0.31695628323997893,0.3207820053917217,0.04097306350514693,0.07407512906919847,0.00027638047649145004,0.00037941141499009,0.4,0.3,0.6,61,0.0688537682492558,0.059168597043339
12,26,0.06948162421310212,0.31114397133598937,0.31218802637950094,0.34872932473196727,0.0635268385195763,0.07402998146090828,0.00027937614113741,0.0003754170877338,0.4,0.3,0.6,62,0.0669603941495629,0.0612766848833877
12,27,0.06771251429181548,0.3035687949924613,0.3060279521176118,0.364824504404857,0.05032992030681519,0.07424638862444664,0.00028793657115115,0.00040241490190583005,0.4,0.3,0.6,64,0.0654665504579641,0.0592055723097311
12,28,0.06743046949839625,0.3021531710742177,0.30456376308172783,0.3685741387768855,0.03710535261782329,0.07433197663005757,0.00028915866055014,0.00040604682923525,0.4,0.3,0.6,65,0.0644649492521467,0.0582788541734482
12,29,0.06722341732577432,0.30212559998036587,0.30620915606340343,0.37575295181434937,0.033295033393611145,0.07419312444191566,0.00028848929083086,0.00040113776457087,0.4,0.3,0.6,66,0.0626857964902977,0.0590875918796878
12,30,0.0668319211060823,0.3018317803409692,0.3092502425022708,0.3972356712654937,0.03201228703221313,0.07413071449403277,0.00028789349508396,0.00039913089491544994,0.4,0.3,0.6,70,0.0615416037744956,0.0587368569740315
12,31,0.06657879138079954,0.30223816490592315,0.31468093882577114,0.44604068046241446,0.030734132609038015,0.07388242901093939,0.0003134863826471,0.00080382703576317,0.4,0.3,0.6,85,0.0633320080693446,0.0634254061166525
12,32,0.06656179053785555,0.30288210023979695,0.3170184824252443,0.4515788068862047,0.03026550510669273,0.07387006154199467,0.00031332337434972,0.00080465584652247,0.4,0.3,0.6,87,0.0633513921105129,0.0632766437094281
12,33,0.06663679485652123,0.3036392485454445,0.3194701955231198,0.46844333440337393,0.030261468112344873,0.07405868925507907,0.00031165186560739997,0.00081313146677132,0.4,0.3,0.6,89,0.0621558724817481,0.0622722312790692
12,34,0.06602171164713254,0.3018265891062029,0.31927205590945984,0.4714676540047703,0.03304727176862419,0.07447947589447683,0.00028268285148171,0.00038731603680007,0.4,0.3,0.6,93,0.0612425679501513,0.06097940220797
12,35,0.06373328057935262,0.2883335913434042,0.30197449141359967,0.45476682259418577,0.06037755302588504,0.07475246982923041,0.00031283595903499,0.00066538675614159,0.4,0.3,0.6,95,0.0591551906207506,0.0610791254889776
12,36,0.062216336582445624,0.2839769540629925,0.30083094248251857,0.5134371032885786,0.031562547825420714,0.07404480134410446,0.00030061457352002004,0.0003996176075483,0.4,0.3,0.6,111,0.0585611871904664,0.0585688782899526
12,37,0.06288325507687348,0.29765447471780193,0.3467066878411717,0.7425287608268542,0.030758501174889374,0.07570604596784583,0.00030587528868513,0.00057127178121588,0.4,0.3,0.6,171,0.0571226977802679,0.0585991653610944
12,38,0.06283903557580917,0.2943097283947839,0.3365599557985499,0.7571714909041907,0.03174427515830128,0.07590947664144929,0.00032113565302455,0.00054946021676986,0.4,0.3,0.6,174,0.0579118485259345,0.05969990955219
12,39,0.06259268285189856,0.2937198784033291,0.33595578878696597,0.7595963995961015,0.032705628687752536,0.07551336289295682,0.00032108490451232,0.00054422767463847,0.4,0.3,0.6,175,0.0578919433654379,0.0593116250191832
12,40,0.06254841672073878,0.29342950726945255,0.33565515929715467,0.7717546888990665,0.03138849224024874,0.07550869402860756,0.0003201587311382,0.0005750485217330601,0.4,0.3,0.6,177,0.0582244149239965,0.0600778640725532
12,41,0.06243858361680403,0.2937508958607494,0.3393267671383331,0.7705316448168101,0.03670550533378815,0.07567454807311919,0.00032993535923181997,0.0006780044858779,0.4,0.3,0.6,178,0.0579597269245152,0.0601795416998925
12,42,0.062306591854209455,0.29348767861070024,0.3390580847756559,0.779479255574518,0.0310721994513036,0.07563058887425228,0.00033178681427591,0.00053992779219106,0.4,0.3,0.6,180,0.0581077059292998,0.0603227103024974
12,43,0.062290489379445674,0.29900237204839997,0.35813212464160127,0.8266212643839757,0.03075066202635461,0.0756343108956806,0.00032032848077534,0.00056595575426884,0.4,0.3,0.6,192,0.0573590844091927,0.0599281065338453
13,0,0.9661931304314033,0.9914118460304602,0.9911246405867913,0.9250327584159813,0.0,0.0,0.0,0.0,0.4,0.3,0.6,1,1.046070543770072,0.9617619338483137
13,1,0.8149338840697247,0.9668540770829904,0.9648793869749992,0.8983186152008594,0.14828156870493558,0.06473529432495598,1.561954816654e-05,1.5384989676800002e-05,0.4,0.3,0.6,3,0.8091282110987177,0.8416109462544524
13,2,0.45372089944368826,0.8163918304199194,0.8093537097764412,0.7335817580370367,0.7612434537378419,0.06663012730891636,0.00024802533866079003,0.00023949049339869,0.4,0.3,0.6,4,0.4741325128223603,0.4315066563956182
13,3,0.34199077540472383,0.74286172755069,0.7333676749100171,0.6580613292670439,0.20488842135774377,0.06666512331331764,0.00013572557951907,0.00013428662598138002,0.4,0.3,0.6,6,0.3306459779721291,0.3454144967745934
13,4,0.33519210742814926,0.7383318441337999,0.7303581907132913,0.6547273756726147,0.039494083295554275,0.06666273955722338,0.00013802261025381998,0.00013679455848146,0.4,0.3,0.6,8,0.3392136410190112,0.3393252633333334
13,5,0.3217307014900644,0.7286254073644705,0.721947265171933,0.647299432762139,0.057352595832905376,0.07042842636057364,0.00018700988286033,0.00018671798511749998,0.4,0.3,0.6,10,0.3030236255248474,0.3323672730166414
13,6,0.30884296919667037,0.7169271072039456,0.7082410710624717,0.6370244596134655,0.07197718862061969,0.06640467443974726,0.00013771860591198,0.00014142102277419998,0.4,0.3,0.6,11,0.3062012235620955,0.2939677524195289
13,7,0.30877676840167817,0.7168653587744716,0.7081782507598309,0.6415502245691413,0.02680591306184799,0.06632054729766301,0.00014254960011653,0.00014479100989321002,0.4,0.3,0.6,12,0.309600418308102,0.2965383203208723
13,8,0.2950366898267464,0.7056869530511938,0.698293545299823,0.6388041257575888,0.08511719612367612,0.06666194287796016,0.00014428032906843,0.00013971027231788,0.4,0.3,0.6,13,0.2827709044387531,0.232708227706417
13,9,0.286551538543297,0.6981742576514444,0.6904744803517858,0.6257693083571042,0.07286076637828755,0.07061844525398,0.00021215341424362,0.00021773713652515998,0.4,0.3,0.6,14,0.2749028653818857,0.2710976727267866
13,10,0.26573976082064976,0.6784648900358273,0.6700873012685638,0.6065693772996952,0.12826940548782628,0.07211322079670907,0.0001738564115869,0.00017485013341266,0.4,0.3,0.6,15,0.2534885434929907,0.2341581773966401
13,11,0.23282146485085362,0.643947373506247,0.6361173985299661,0.5747002379224438,0.11086156786222065,0.0699250139724877,0.00015461130525058,0.00015219342323728,0.4,0.3,0.6,17,0.2135994104224546,0.1835291136355119
13,12,0.1876244688299409,0.5862240108860932,0.5780725388209063,0.5205954878594277,0.1762705254913467,0.07443231567937883,0.00025332232664263996,0.00024936075671628,0.4,0.3,0.6,19,0.167787474598297,0.1368049630347203
13,13,0.1774273280752322,0.5700672599365375,0.5613158080001218,0.5087079845906872,0.060790008175261465,0.07881065676443591,0.00029278250089898,0.0002877753127009,0.4,0.3,0.6,22,0.1300578135512076,0.131481753458549
13,14,0.15009980794075423,0.5235187468443543,0.5148467903112341,0.4662694577253262,0.15018571416855234,0.0816590425308385,0.00022237190715495002,0.0002149211444261,0.4,0.3,0.6,24,0.1141318528244604,0.1064730997328064
13,15,0.14467433378554562,0.5142895069481267,0.5069987382881945,0.459098687032482,0.05498803695196684,0.0802555522354341,0.00025418820207681,0.00024337617519997,0.4,0.3,0.6,26,0.1044887380066655,0.1024450589216016
13,16,0.14058539145832122,0.5058021439331776,0.4982140770552038,0.45344440556241283,0.054307827496825306,0.08130737002824226,0.00023617523243605002,0.00022409940140739998,0.4,0.3,0.6,28,0.1057664192589842,0.0948344401429247
13,17,0.13620373057931384,0.4968252891123156,0.48893769023495676,0.45236958058341664,0.054411000967942956,0.08123197081966196,0.00025309721594012,0.00023384951145063,0.4,0.3,0.6,30,0.0992314211750203,0.0886637558587487
13,18,0.13393900005641401,0.4918981992669103,0.4838412933923649,0.4463372608415851,0.05739898359838307,0.08147428341958465,0.00030121754974147,0.00027484870603823,0.4,0.3,0.6,31,0.0929378212915968,0.0776629123283725
13,19,0.1298627470100221,0.48372618022929226,0.4770667338357141,0.4472820227725323,0.054500179985324713,0.08159158292685406,0.00029017364189192,0.00026341752950858,0.4,0.3,0.6,33,0.0918964339085786,0.0771666002761842
13,20,0.12905737372826406,0.4827652149207574,0.4777487155905533,0.45177824951702317,0.036601337822870166,0.08137664761343137,0.00028031622034974,0.00025404073676087,0.4,0.3,0.6,35,0.0918598489088933,0.0767853367577555
13,21,0.12837324129810207,0.4817605516384518,0.48002777722447276,0.46599829290150285,0.03558157359740487,0.083264694759074,0.00032248094964588004,0.000296509464722,0.4,0.3,0.6,43,0.1026902902270644,0.0755870609938964
13,22,0.12449912759776915,0.4731399891947543,0.47112735846225634,0.47854244738034374,0.07348237994423455,0.08262886203796077,0.00032689499106683997,0.0002990000949851,0.4,0.3,0.6,44,0.0929545327123604,0.0691953741245024
13,23,0.12068129890239751,0.4671375371829814,0.4666517508834515,0.49012502492289445,0.056176718217214455,0.07847036221469891,0.0003265863825203,0.00029867958811988996,0.4,0.3,0.6,45,0.0836953223375732,0.0643116073728263
13,24,0.12216093683415857,0.4677538145836466,0.4655635751703369,0.48044155379482734,0.033673612602101846,0.08230844221651523,0.00035168428515735,0.0003757682366201,0.4,0.3,0.6,48,0.0901469668497607,0.0731337331387661
13,25,0.12048681768887849,0.46478018631733575,0.46582530774686304,0.5044102363007823,0.04481364163713848,0.0830016174564522,0.00038903973724472,0.00034593895954757004,0.4,0.3,0.6,50,0.0890575301356135,0.0687707305938618
13,26,0.12039479032971476,0.4645593698473325,0.465597162954391,0.48427202746363707,0.033789997896868165,0.08299576407180871,0.00039102472052236,0.00034687848727574,0.4,0.3,0.6,54,0.0889384858779116,0.068619292820699
13,27,0.11556911877943873,0.45390633663035757,0.45295999929374836,0.4628213197988556,0.07406012772828725,0.0797923033226703,0.0003190538803703,0.00032428582042285,0.4,0.3,0.6,55,0.0885845655097362,0.0704516577867099
13,28,0.11404857633254158,0.4511519384000986,0.455106385784913,0.4814778466372594,0.04190573158087599,0.08144318807672471,0.00034297111546045,0.00035223831430635,0.4,0.3,0.6,58,0.0791341279084321,0.0604842938190847
13,29,0.11332022901738324,0.44857783676588997,0.45077457501062856,0.4786791099354328,0.0373635889286076,0.08140466461170331,0.00035067023088812,0.00036016367301115,0.4,0.3,0.6,60,0.0790395599738971,0.0588478162038192
13,30,0.1118745907091787,0.4443200721914388,0.44636408291205615,0.5084573747452885,0.05531499859772216,0.08209468752553636,0.00040808393082779,0.00038752565267276,0.4,0.3,0.6,61,0.0790672234574617,0.0585460952905452
13,31,0.11118335053389156,0.443698637633103,0.4474038264195451,0.48611084368223023,0.03455419164846128,0.08139908575132965,0.00035820093283692,0.00037607709410981,0.4,0.3,0.6,64,0.0769782642735386,0.0598631450924529
13,32,0.10444952281087977,0.4260668466164139,0.43085508498176545,0.48868440015174186,0.12170700179567828,0.08135985087705967,0.00038427012690652,0.00035428642123844,0.4,0.3,0.6,65,0.072340770282951,0.0685612164478679
13,33,0.10030839739073832,0.4125401983226259,0.41684967601786216,0.4766987325700668,0.04236218260078434,0.08336579472203932,0.00033354868102446997,0.00036001234256199,0.4,0.3,0.6,73,0.0691154379471527,0.0704070121746912
13,34,0.09896771348738899,0.4084485005065897,0.41262072102842723,0.4745847636928373,0.05348750648025896,0.08335689370296048,0.00035069600582921,0.00037916237096324,0.4,0.3,0.6,74,0.0726650984360712,0.0722338765998069
13,35,0.09557081309386731,0.4046821092411396,0.4121570772608473,0.499472141240445,0.034326362846905205,0.07700629442884967,0.00039377054646613004,0.00036299640019585,0.4,0.3,0.6,78,0.0686394258511803,0.0596371644216585
13,36,0.09587143001710655,0.4069424016835387,0.4194959145003344,0.5477601986584173,0.03275410262166458,0.07806816223641026,0.00037108232358256,0.00030517809190134,0.4,0.3,0.6,79,0.077239765417405,0.0621369760144042
13,37,0.09563582127626524,0.40664376478074216,0.42085490090766914,0.5384238928487427,0.034377833453296744,0.07839771437421289,0.00036787676555273,0.00030225627704329,0.4,0.3,0.6,81,0.0806112759390207,0.0621758921858274
13,38,0.09629086791946771,0.4047603370175786,0.4171856258357834,0.5366024151282208,0.046259216306007794,0.08198719450108312,0.00043456118778027004,0.00041508951435849,0.4,0.3,0.6,82,0.061585363464469,0.0600314506020397
13,39,0.0958451157011499,0.40299997070273746,0.41536069867765585,0.5245781655183918,0.042711142145158164,0.08250758110462512,0.00041586399042959,0.00036128301522497,0.4,0.3,0.6,83,0.0655781656951683,0.0683497011427625
13,40,0.0948415906590631,0.4010388711414927,0.41335266479644395,0.5301442465703191,0.03506250907949762,0.08106419679241887,0.0004381477579863,0.00038324283594301,0.4,0.3,0.6,86,0.0634436255475632,0.0613271437534774
13,41,0.09483636183745706,0.40082471592795094,0.4131283189602608,0.529896878814901,0.033613468192901785,0.08128813811653765,0.00043936839150430005,0.00038433956744936,0.4,0.3,0.6,88,0.0624744121646393,0.061267087148671
13,42,0.09483338133293642,0.4007633259486134,0.4130640875094712,0.5298259955378009,0.033003232090827284,0.08134852654564777,0.00043511517743808996,0.00038549045392819,0.4,0.3,0.6,92,0.062367012928115,0.0610369692483982
13,43,0.09472382849194926,0.40134645003010655,0.415342051090503,0.5376010380109333,0.03285657555097335,0.08106030826630015,0.00043695045463978,0.00040659249144665003,0.4,0.3,0.6,94,0.0638086903317941,0.0614641507765063
13,44,0.09398469842405813,0.4001842229488132,0.41748151252275256,0.5613913528990596,0.03937254308893902,0.08138277942453566,0.00042263348835385004,0.00036347676005204,0.4,0.3,0.6,96,0.0613860617710332,0.0601169058990051
13,45,0.09226715213638673,0.39754346868188734,0.4231030807197515,0.6794774241041669,0.03490304662959495,0.08192638794570756,0.00064487264790911,0.00033813035364146,0.4,0.3,0.6,114,0.0792920958188878,0.0590045797247599
13,46,0.09180158674121405,0.3953187778919303,0.41913229562762344,0.6837145919614259,0.040502181317838046,0.0819627820957237,0.00057957963818059,0.00033624952238954,0.4,0.3,0.6,115,0.0706819919707967,0.060201908596326
13,47,0.0916737641505419,0.3955555780731683,0.42104824372240734,0.7007670079896229,0.03436968602388553,0.08202483364649053,0.00056734868056962,0.00033490806662276,0.4,0.3,0.6,117,0.0709109939655703,0.0594445268628133
13,48,0.09150339278592955,0.394797596445064,0.42026217565614143,0.6969386235216255,0.034616208982934424,0.08224456569668108,0.00054895621696669,0.00033428337846624,0.4,0.3,0.6,120,0.0722031164490792,0.0593736131041655
13,49,0.0909728378106984,0.38994978099686284,0.40856096116022506,0.6888776071693637,0.03681074781071851,0.08237091790881232,0.00050273513253667,0.0004520811261385,0.4,0.3,0.6,123,0.0666054998203094,0.0575948332324218
13,50,0.09056270379407874,0.3891755966813513,0.40943137313275796,0.6930435638891562,0.040804890863175076,0.08233191718803137,0.00065592676853785,0.00047384368729555,0.4,0.3,0.6,124,0.0644639355215281,0.0608643075117666
13,51,0.09027802092056261,0.3896490372911546,0.4132647961890117,0.7154515809581669,0.034533348755894325,0.08231639716483644,0.00067644720383523,0.00045889748797542997,0.4,0.3,0.6,128,0.0639322834197203,0.0608391233616403
13,52,0.08982535902111949,0.3871141378338077,0.4089691338540573,0.7223798498973049,0.03667850514591444,0.08262444416201026,0.00065365993020775,0.00046756958864050004,0.4,0.3,0.6,131,0.0636485034550509,0.0604940796013152
13,53,0.08930725023003332,0.39047852083136086,0.42581433601698127,0.7947250880392766,0.03431623492666473,0.0824742091289864,0.00057016740493165,0.00096302723651982,0.4,0.3,0.6,152,0.0667503225787845,0.0585413150138005
13,54,0.08926212678591848,0.39031785572710015,0.42564822863892865,0.7945469692626919,0.03413544705577094,0.08247433033247036,0.00057336671780625,0.0009649473847526501,0.4,0.3,0.6,154,0.0669145242140028,0.0590074070605314
13,55,0.08918351184184117,0.39229824401174246,0.43271240542646516,0.8523991961854387,0.03372814656752358,0.08235016679633991,0.00059624024479069,0.00094647923759305,0.4,0.3,0.6,164,0.0657431274567636,0.0586395553334982
13,56,0.08902004330280547,0.3931448210086671,0.43693110486261283,0.8828140992174718,0.03396323019049827,0.08255267997686523,0.00057302358440515,0.0008249061570703899,0.4,0.3,0.6,174,0.066752365180595,0.0573299027103526
13,57,0.08903676719127085,0.3931616997890695,0.4369479933469167,0.9140033103494902,0.033704671364588344,0.08257342354991773,0.0005901051039853301,0.0008304160758862599,0.4,0.3,0.6,182,0.0670758283981665,0.0579859857196088
13,58,0.08903655128588209,0.3931606613857256,0.436946914852562,0.9202436189613198,0.03370741335152411,0.08257339874020338,0.00059036060884388,0.00083047896077639,0.4,0.3,0.6,184,0.0670772296871362,0.0579813438673275
13,59,0.08894688562094279,0.39305685251772843,0.4368424370801259,0.9263793211630603,0.03371931814837343,0.08237022132894758,0.00058229900431173,0.0008302980306973899,0.4,0.3,0.6,185,0.0660991922838254,0.0584499392165413
13,60,0.08881481977631907,0.39235345456382015,0.4361121671359715,0.9193480951564319,0.03761719209519691,0.08249761814645637,0.00059247136590354,0.0009072554224815,0.4,0.3,0.6,186,0.0662592105036705,0.0584178893118785
14,0,0.9679279842414343,0.9918597184950131,0.9915874891489633,0.9255286434844993,0.0,0.0,0.0,0.0,0.4,0.3,0.6,1,1.0384249968706845,0.9645767992487472
14,1,0.8145372653277125,0.9706637980794691,0.96862403192332,0.9019197944697449,0.15984124158266455,0.0791154499896102,1.742022990444e-05,2.024548545636e-05,0.4,0.3,0.6,3,0.8329586169063633,0.843960761681024
14,2,0.4463378091320956,0.8121361880085466,0.8049559121859494,0.7288703558646304,0.7724232629323401,0.06664167508854832,0.00024416978879332,0.00022722901206226,0.4,0.3,0.6,4,0.5057610633953823,0.432995200271305
14,3,0.3388121293392314,0.7404293260396593,0.7308533769625557,0.6529992054889291,0.20053249361849262,0.06666775018468692,0.00012903906790332002,0.00016354611616239,0.4,0.3,0.6,6,0.3832235827902521,0.3612431931674074
14,4,0.32363664961376637,0.7294689653580566,0.7211466408515486,0.6447450215955164,0.060399022322734724,0.07039770105605817,0.00018241773252687999,0.00023119906365313001,0.4,0.3,0.6,8,0.3607115558050052,0.3490453457887365
14,5,0.31603075801138786,0.7239717553772835,0.7171296377431338,0.6430259147664448,0.04421368392950492,0.07096437869649166,0.00019234988643618002,0.00024470961887457,0.4,0.3,0.6,10,0.3709884181930131,0.3412101497912867
14,6,0.31244253415612566,0.7209186449941385,0.7139848098206448,0.6439281006022366,0.034927863057439765,0.07022280778696055,0.00018780740903343,0.00022400404565787001,0.4,0.3,0.6,12,0.3480202785087626,0.3317594253266618
14,7,0.29045213885685073,0.7010242111259669,0.6917985774630102,0.6228470228229654,0.11407123108287237,0.06666384101437466,0.00016854893039668,0.0003419532612668,0.4,0.3,0.6,13,0.3419313324747313,0.2596644444235709
14,8,0.26315737902454067,0.6762777603999953,0.6678175096408809,0.5991885976971884,0.0978738302613426,0.07207246274323037,0.00028506927461823,0.00062175573230293,0.4,0.3,0.6,15,0.3030531007337091,0.2196375237095804
14,9,0.25296618985362124,0.6657022304642379,0.6569663247225557,0.5958370799755125,0.04648220129947045,0.06649070458393416,0.00017491375171968,0.00051068749280898,0.4,0.3,0.6,17,0.2777101534309658,0.2029540403103188
14,10,0.2498849125991106,0.6623254617746129,0.653401403872726,0.5891463729987952,0.056422817766867105,0.07211009396369567,0.00025995976908424,0.00047261206069207,0.4,0.3,0.6,18,0.2903070000244187,0.1976773066460894
14,11,0.23214765375321486,0.6445022920924177,0.6366542632152491,0.5765722780917805,0.1243121419670206,0.07143176671920119,0.00030695147703856,0.00089619185845406,0.4,0.3,0.6,19,0.2450885157364779,0.1741969174976297
14,12,0.21620061395683207,0.6248231598290374,0.6179889976905263,0.5593054806833311,0.07534012467487308,0.07143176671920119,0.00030695147703856,0.00089619185845406,0.4,0.3,0.6,21,0.2376410601215749,0.1958080672452511
14,13,0.1977060464433996,0.6005122454049571,0.5911693347033259,0.5317871831296265,0.15109813062987945,0.07371462912701035,0.00031166131126826,0.0005643859425495401,0.4,0.3,0.6,22,0.2223998682152026,0.1487149062127783
14,14,0.18173160408252523,0.577596611340088,0.5691592598255101,0.5110503490217323,0.08528527362289735,0.07375370307022801,0.0003069226485663,0.0005456241344478699,0.4,0.3,0.6,24,0.201334662124521,0.1458582706234208
14,15,0.18017218755382744,0.5760638065550238,0.5692539003851824,0.5162976277011316,0.03465761212477788,0.07324155641261135,0.00031272881060750003,0.0005467013835367301,0.4,0.3,0.6,26,0.204533765111542,0.1452895482340086
14,16,0.1818532812978132,0.5770735082451662,0.570196972763697,0.5192165117835003,0.037569838948206084,0.08053931462055533,0.00048677838627817995,0.00059889966034304,0.4,0.3,0.6,28,0.1843289848507553,0.1471362386453256
14,17,0.17426822137594444,0.5661645985321077,0.558974172004541,0.509416754225106,0.07669322410287943,0.07690440464452927,0.00039920780235097,0.00052928639027103,0.4,0.3,0.6,29,0.1948066822703233,0.1293737090947186
14,18,0.16960020216049587,0.5598818424479591,0.5541789817259594,0.50761320265462,0.04551036099059468,0.07499594350470365,0.00039431134521474,0.00052103178738578,0.4,0.3,0.6,31,0.183733231909959,0.1238060778952209
14,19,0.15645623918926388,0.5366827450077439,0.5285174579181786,0.4848363478644171,0.14215660927564824,0.07622514403880841,0.00032557769127606,0.00047215339246862,0.4,0.3,0.6,32,0.1756873318491903,0.1156808875971068
14,20,0.1551522464323786,0.5349466609212784,0.5283897388600114,0.4881127706812589,0.037361666207333645,0.0766271593577683,0.0003291552768243,0.00047644112533161003,0.4,0.3,0.6,34,0.168807709838297,0.1162857333755474
14,21,0.15368218138050066,0.5335881019357961,0.528680866388868,0.49199141681840475,0.033715788061333955,0.07490950532282656,0.00032765191980604,0.00046707372002326,0.4,0.3,0.6,36,0.1774679952643933,0.1155930296301894
14,22,0.15288712649493932,0.5325546220819217,0.5276308233818013,0.49994041567535324,0.03055135303673635,0.07342953556238171,0.00034194875285552,0.00054998479958503,0.4,0.3,0.6,39,0.1718312658806195,0.1161747542401819
14,23,0.15355934693094958,0.5327556910565558,0.5277964901190767,0.5049275101387884,0.03363306652443029,0.07655137154930643,0.00034449438830385,0.00056731821286103,0.4,0.3,0.6,41,0.1652369936564775,0.1267064751428219
14,24,0.15207206209913862,0.5278051595649351,0.5193027926276886,0.5009049566935984,0.05414550365376254,0.07906914713723309,0.00032267726307645,0.00058266535007595,0.4,0.3,0.6,42,0.1677500048047076,0.1144049976799525
14,25,0.15144818471843777,0.5273577183690048,0.5205123035102708,0.51507738489726,0.034862242864106774,0.07906914713723309,0.00032267726307645,0.00058266535007595,0.4,0.3,0.6,44,0.1691590009253683,0.1103104852627286
14,26,0.15134827400463446,0.5269190484808787,0.5200489830875616,0.521343098406113,0.03308747856418564,0.07980311130207522,0.00031934694661728,0.00059251701250365,0.4,0.3,0.6,49,0.1678048243371411,0.1108254748245717
14,27,0.14283055531183042,0.5150180999049522,0.5144920948939555,0.5189545471188582,0.09429674672424825,0.07576673426131737,0.00034340829900764,0.00056475468479324,0.4,0.3,0.6,50,0.1522832427422205,0.1191192169569098
14,28,0.12529978762434782,0.4796415400351811,0.476316152121396,0.47830926776284555,0.18918700488145068,0.07150828265806566,0.00043737119666463996,0.00059181648276708,0.4,0.3,0.6,51,0.1198714224654506,0.114581789556841
14,29,0.7709407844923305,1.1201815407297824,1.1165502882315597,1.1249937739531877,0.7231376669299477,0.1966207888034936,0.00042623616288731006,1.0,0.4,0.3,0.6,52,0.1164132348736235,0.1098410663729444
14,30,0.7719714976856129,1.1191771501327268,1.1154262439740368,1.1212377043153705,0.6987010142007577,0.20304519873846347,0.00043998388753256,1.0,0.4,0.3,0.6,53,0.1176273227985349,0.1122785003505237
14,31,0.11120176048629749,0.4481942437077931,0.4488296809040702,0.4889947052736199,0.04370131664442261,0.07133996982275953,0.00048445695451423,0.00084976009962528,0.4,0.3,0.6,60,0.115263292845794,0.1066298316903353
14,32,0.14670730681885247,0.48010904027603596,0.4805476631524892,0.5227652416465906,0.08126531866698176,0.1488788088214677,0.00048396688708017,0.01215862513820244,0.4,0.3,0.6,62,0.1129587203871788,0.1009187748343931
14,33,0.10882038404468701,0.4424156610447766,0.4445219651807461,0.5041652551191645,0.03043544841327991,0.07192186827202161,0.00050094631936093,0.00084407287374147,0.4,0.3,0.6,66,0.1136150601041764,0.1039532006200027
14,34,0.10289398566990501,0.43061743611135256,0.4307505077062287,0.4921844415848912,0.04677567486872961,0.06512002208966641,0.0005009274173896001,0.00073277186430964,0.4,0.3,0.6,68,0.1001682609812806,0.1047966325675618
14,35,0.10276854419232773,0.4311312776582487,0.43295633054369176,0.4966418647110647,0.02672448366016974,0.06491166976193705,0.0004930745990366001,0.0007325912792067,0.4,0.3,0.6,71,0.0991237498886491,0.1048920505841528
14,36,0.10863605636860886,0.4328513220721884,0.4394332340214276,0.5900234499118077,0.03686807946923571,0.08863494831374492,0.00042703296877309,0.0007217925604192,0.4,0.3,0.6,127,0.1027241550435641,0.0747923096852291
14,37,0.10746500610129,0.4296339068487772,0.43445069358271193,0.5790945742349162,0.04566137523666749,0.08752782785900368,0.00043655900883565995,0.00073814313649505,0.4,0.3,0.6,128,0.1001209221981118,0.0725357094290015
14,38,0.10039843484586987,0.4165001278690807,0.42100563800884766,0.5809280844503798,0.05436900787248514,0.07842999982161246,0.00034448809050982,0.00047416917466334003,0.4,0.3,0.6,130,0.095042486374026,0.0763081150026538
14,39,0.09965574754086091,0.41628322018451963,0.4224750994931728,0.5879582560873222,0.03244370022026856,0.07684861611461877,0.00033698337719408,0.00045085922776413,0.4,0.3,0.6,131,0.0930374533673255,0.0743257905782538
14,40,0.10011159761115122,0.4158032014601137,0.42028789035675007,0.5801644282958649,0.03337261075236087,0.07824555165949894,0.00034219119808763,0.00047458698758555,0.4,0.3,0.6,132,0.0948500838838109,0.0752398929486264
14,41,0.09950801508869028,0.41639763414636,0.4242625164206897,0.6010920728125746,0.03198468045197408,0.07703288235837988,0.00033321652324661,0.00046694939369722,0.4,0.3,0.6,134,0.0932517066320245,0.0778496484347082
14,42,0.09931487794749233,0.4140667715680279,0.42182360222796383,0.5987585065187832,0.039929406056541494,0.07912612447988931,0.00038905204666605,0.0005444305097236999,0.4,0.3,0.6,136,0.0948512736654148,0.0793941044189231
14,43,0.09883287251691718,0.4127432146244049,0.4204576962043533,0.5972991876743483,0.0335721676433148,0.07900041171193768,0.00038303996480519,0.00053601734027745,0.4,0.3,0.6,140,0.0942559753402921,0.0789028473958774
14,44,0.0987528325176078,0.41238694409279886,0.42008754967977613,0.5968984277680566,0.034108197209108924,0.07917809161822513,0.00037385677590749,0.00052001849799279,0.4,0.3,0.6,141,0.0938318894144297,0.0752674463027365
14,45,0.09843327202789069,0.4134698172702001,0.4262210992179316,0.6714692219209348,0.032297717995624003,0.0791152094554752,0.00043519419171050004,0.000596645688892,0.4,0.3,0.6,173,0.1031738846702704,0.0768262412991649
14,46,0.09846296847428566,0.4134535870815476,0.42620256932716705,0.6915033394125851,0.03229842973195573,0.07937752628613051,0.00040324880241108,0.00052537169657262,0.4,0.3,0.6,176,0.0919817315075358,0.0755165973109971
15,0,0.9743392209566073,0.9935079409168025,0.9932908682465075,0.9262690071749394,0.0,0.0,0.0,0.0,0.4,0.3,0.6,1,1.0144491988535391,0.9593592859345252
15,1,0.9409745495110082,0.9999857292827609,0.9992919842846456,0.9337971632605454,0.055297509727072015,0.05182022399321703,3.9908412584103785e-06,4.797139410495789e-06,0.4,0.3,0.6,3,0.9885660571899156,0.8725770669904476
15,2,0.5250527024853262,0.8541579869151131,0.8483853361042941,0.7754057850727355,0.7634160224480914,0.06664825114639508,0.00014661180169159,0.00014781027214769,0.4,0.3,0.6,4,0.4971406828578997,0.5193250564698716
15,3,0.3415382421679318,0.742513410541851,0.7330082321213228,0.6576780455654608,0.29744655344137705,0.0666388640763381,0.00013779619262007,0.00012448118747589,0.4,0.3,0.6,6,0.3303268771588165,0.3453875316403778
15,4,0.3235825289116741,0.7294341787516028,0.7211094840648624,0.646331271861891,0.06574204363959046,0.07055835887271188,0.00019600371163994997,0.00017756266626259,0.4,0.3,0.6,8,0.3023396198824768,0.3319577149000425
15,5,0.2962296346971749,0.7063825774793391,0.6972345988258508,0.6267179397083492,0.0896567215839178,0.074578999627573,0.00014960240501664,0.00013534759746265,0.4,0.3,0.6,10,0.3011165746608183,0.2707512609746553
15,6,0.2781175324335191,0.6903999987789924,0.6823623558852148,0.6146290988471035,0.07321728290686941,0.07648670027685046,0.00020987452515917,0.00018935435108264,0.4,0.3,0.6,12,0.2712992490848951,0.2624588381033872
15,7,0.27688530482437024,0.689921161227338,0.6835394304924453,0.6233722117507088,0.03363871818161527,0.07648670027685046,0.00020987452515917,0.00018935435108264,0.4,0.3,0.6,14,0.2712476474418552,0.2548911377073931
15,8,0.26671970343977647,0.680074445291058,0.6734917312751503,0.6059118520978043,0.056815847730978405,0.06664182390928358,0.00025751786569043,0.00033351661248002,0.4,0.3,0.6,15,0.2703390489149815,0.2653181990937717
15,9,0.2169389226417931,0.6254339943010845,0.6185954338996097,0.5493341074086759,0.1710881625319033,0.0735225736815805,0.00049780566247683,0.00064471821315196,0.4,0.3,0.6,17,0.2396933558487197,0.2065487972246405
15,10,0.20748737122885869,0.6146531593233432,0.6091830773646217,0.5460152943956579,0.051959992393037994,0.07005952914975164,0.00026334330337937,0.00022782494795289002,0.4,0.3,0.6,19,0.2104848471289795,0.2101276809598271
15,11,0.19328233113869203,0.5950218364060184,0.5888398031465963,0.520718409667991,0.13316483382111424,0.07351107865456549,0.00046844648697878,0.00059126520084283,0.4,0.3,0.6,20,0.2000355209466066,0.1679233831266065
15,12,0.13623944492594575,0.49947976238423264,0.490112498448785,0.4238118869242477,0.49158710284813295,0.07281610759772456,0.00046147799633420997,0.00058221483153676,0.4,0.3,0.6,21,0.1342805480166351,0.1040424423221059
15,13,0.1347455574918893,0.497922800770065,0.49185013985400655,0.4324746791976877,0.03232801919043905,0.07248426107391544,0.00050444390186836,0.00064087345542582,0.4,0.3,0.6,26,0.1341236239858611,0.1007452945198567
15,14,0.1317185702748215,0.4933108936511124,0.4887840473329757,0.454231196122238,0.030891850089797005,0.07092551344352374,0.0003427469253285,0.0003599715836487,0.4,0.3,0.6,36,0.1312303936887217,0.1432713081056893
15,15,0.12436216194771295,0.47799668087134345,0.47297560242851566,0.4438297727477036,0.06384548670566688,0.06989073615798198,0.00023739620557728,0.00021283828385124,0.4,0.3,0.6,38,0.1193218801544636,0.1091296494837459
15,16,0.11372270660196501,0.45176750931055526,0.44749209687694896,0.4268143436523882,0.16749621699706316,0.07342074803182892,0.00028946346147375,0.00028560930626331,0.4,0.3,0.6,39,0.1171251133628473,0.1033126285334607
15,17,0.10637843996519072,0.4349646189390133,0.4301695528270985,0.4019562342764678,0.10388354017162231,0.07020746170888606,0.00031945293546888,0.00030893940518094,0.4,0.3,0.6,40,0.0984761655864714,0.0955952843368409
15,18,0.1053243872735824,0.4328292786080159,0.4296347376481484,0.41441073059306544,0.035150015151631187,0.07020746170888606,0.00031945293546888,0.00030893940518094,0.4,0.3,0.6,42,0.1023544777591205,0.0946679297491689
15,19,0.10442105225389957,0.43157656840452946,0.43002139644735576,0.41459181396354927,0.030111961799512033,0.06948924578118468,0.00031239599347414,0.00032604040892009,0.4,0.3,0.6,46,0.104900513267146,0.0910027243755511
15,20,0.08634224914718795,0.37714813586762386,0.3721038040755718,0.3597041525575214,0.2881187354074991,0.06929467136165715,0.00030813846180177,0.00031996348232125004,0.4,0.3,0.6,47,0.0814596883922609,0.074777513861749
15,21,0.07042537243662703,0.31503505471222115,0.309548088822287,0.3038643509370444,0.1841835417888931,0.07189594932974938,0.00039838762862209003,0.00041432617407612,0.4,0.3,0.6,49,0.0600700860712907,0.0586959226106571
15,22,0.07061717054910926,0.31570617443985743,0.31190482708838396,0.3107816992915255,0.03011094804585048,0.07255308910611544,0.00039606682715260003,0.00041344367472238,0.4,0.3,0.6,51,0.0603519390397665,0.0587801343610946
15,23,0.0703901222576381,0.31544489597971653,0.3133067880057434,0.31673576604830367,0.031726502331895334,0.0725468209979257,0.0003978541546475,0.00041415052945140997,0.4,0.3,0.6,53,0.0595099668331623,0.0591319938477743
15,24,0.0696237245966713,0.31198987010516327,0.3097346211996647,0.32027018822858294,0.03511955690866749,0.07267151159764497,0.0003981302370519,0.00041116733292306,0.4,0.3,0.6,56,0.0607672704347566,0.0581109756273
15,25,0.06340134737973488,0.2839077338379784,0.28071804824757574,0.2988428796672302,0.16475906455772232,0.07230115340012538,0.00040684454370110997,0.00042511791235731006,0.4,0.3,0.6,57,0.0556925013060706,0.0479548426499654
15,26,0.06104337521005424,0.27316966703802453,0.27129497635594074,0.2959366742562719,0.05683091929778061,0.07213755416617298,0.00040636088110119,0.00042798172799567,0.4,0.3,0.6,59,0.0533130047674613,0.0480413920214686
15,27,0.06087374094534402,0.27501707103982315,0.27989090375425063,0.3533713419143246,0.02953368263825152,0.07226987433324897,0.00036670240805772,0.0004071451632216,0.4,0.3,0.6,77,0.0549397536206318,0.0450604345203506
15,28,0.06048938402245115,0.2724719680867908,0.28058851406371205,0.3936143134059315,0.03213346213815882,0.07338636883344907,0.00041066184520154004,0.00043995269596595004,0.4,0.3,0.6,86,0.0532146366016229,0.0513873226303971
15,29,0.05796848573616681,0.2585131667293387,0.26449208803922003,0.37649354231991883,0.09392429625395693,0.07323152543219671,0.00043883883847853,0.00047612807004284,0.4,0.3,0.6,87,0.052511718762196,0.0474733670990327
15,30,0.05695525376499111,0.25379231295398913,0.2612865217432727,0.37858030722659836,0.04274402569211631,0.07314680400468185,0.00044051398449231,0.00047100957586166,0.4,0.3,0.6,89,0.0513166796274423,0.0468632219689501
15,31,0.056849672049392286,0.25360878347060367,0.2610995807346169,0.3676441390612003,0.030243228920038518,0.07285120893255256,0.00045015704056858996,0.00052739661138739,0.4,0.3,0.6,90,0.0498324533205406,0.0453553105369804
15,32,0.05572040294873476,0.24805951168212695,0.25870486170815216,0.4115684087312545,0.03651474901774368,0.07321607901295993,0.00044227916967248,0.00047456149826452,0.4,0.3,0.6,95,0.0489683979656402,0.0473819717599942
15,33,0.0549346568554495,0.24739915741341925,0.26805154890139155,0.4815898447622418,0.030704082115454858,0.07330793288059566,0.0004317969199627,0.00053972433224316,0.4,0.3,0.6,121,0.0500912618921283,0.0443848578784912
15,34,0.05464699366314277,0.24729663600138854,0.27129062791260306,0.5173527557216606,0.031177067544695375,0.07318357463200212,0.00042073057542186,0.00056928006918888,0.4,0.3,0.6,126,0.0507560999249356,0.0427041452413216
15,35,0.05442950033143818,0.2491415701205491,0.2782199117998231,0.5965405327704822,0.02955154138521808,0.0728845969079653,0.00039893196531067,0.00043665609966669005,0.4,0.3,0.6,147,0.0504354569616771,0.0370675900450696
15,36,0.054184663158995644,0.24782540114700974,0.27686057643838563,0.6026859790463235,0.031081122374399302,0.07270323010767821,0.00041562336433485997,0.00050713392441205,0.4,0.3,0.6,151,0.0517743038042977,0.0360194066938838
15,37,0.05342030339407383,0.24598676899197822,0.28164748076258267,0.6461820807894817,0.03205533025470307,0.07283611818172843,0.00042647960013672,0.00044714031199059997,0.4,0.3,0.6,160,0.0478436293303186,0.0380436565434797
15,38,0.0532874715919102,0.24584828420110258,0.28317599716244723,0.6547097273291207,0.031609690749151216,0.07283987627748993,0.00042617443108414,0.00045919166554036,0.4,0.3,0.6,162,0.048387587565836,0.0379884290218831
15,39,0.05301125591602866,0.24487369775016965,0.2838407199252882,0.6801711486610582,0.031170331273622263,0.07282349509166385,0.00042770357565729,0.00047077608318173,0.4,0.3,0.6,167,0.0491305505469925,0.0379066400315605
15,40,0.05273408922038486,0.24253958617128613,0.2797570581036764,0.6827781209369839,0.03064601064486642,0.07283586416512257,0.00042595912369156,0.00044219898668596,0.4,0.3,0.6,174,0.0500697138529466,0.0366232607772947
15,41,0.05255727282297657,0.24282740848839607,0.2833980998036661,0.710635650437442,0.03136612145213495,0.07283509351780146,0.00041858969636964004,0.00045925304313098003,0.4,0.3,0.6,177,0.0490071319674724,0.0369452282087169
15,42,0.052572785433782174,0.24423026850131244,0.28819103273570146,0.7360189755922292,0.029581218627515365,0.07288473762509515,0.0004260737679231,0.00045678579266732,0.4,0.3,0.6,183,0.0504538909680453,0.0364425849278638
16,0,0.9608882609455871,0.9893309749264951,0.9873022789221751,0.9267648059273204,0.0,0.0,0.0,0.0,0.4,0.3,0.6,1,1.0682201601225214,0.9601287260699384
16,1,0.8183037186406246,0.9687664063386208,0.9668140761068347,0.9003027065070529,0.14456942120364608,0.06785563626024006,9.142351248304254e-06,1.035039932994e-05,0.4,0.3,0.6,3,0.8687799923480802,0.8422601898575053
16,2,0.45294261429510707,0.8159580522266706,0.8089045709923467,0.7330989714478712,0.7667452112628979,0.06664806869476422,0.00027248401963564,0.00025841340351399997,0.4,0.3,0.6,4,0.4803151411292434,0.4251620843705524
16,3,0.4501775103301687,0.8150787837401631,0.8096677454146174,0.7357044080316947,0.03075265114196297,0.0666684962017882,0.00026015150266893,0.00025556482464801,0.4,0.3,0.6,6,0.4766141184018251,0.4263258724148528
16,4,0.4126967942825229,0.7934893199353076,0.7872681363120461,0.7163315062646207,0.08828480016230375,0.07322678561528026,0.0002868914965927,0.00026695583067138,0.4,0.3,0.6,8,0.3941179935955531,0.3553580862269442
16,5,0.40604135239232675,0.7896191491748623,0.7849709086626032,0.7157056465101767,0.03751945542935112,0.07098672842743926,0.00026330387871390003,0.00025655583323646,0.4,0.3,0.6,10,0.4390134576346846,0.4070218788881032
16,6,0.4044774539098607,0.7900175605071343,0.7869888607209886,0.7197289211231368,0.0361171840292383,0.07576346103220384,0.00032773616645051,0.00031462665822451,0.4,0.3,0.6,12,0.3875541674528173,0.3545766245778343
16,7,0.36145693248495897,0.7593944585510641,0.7537221353142567,0.6945015729209785,0.16684672804368794,0.0719187472080707,0.00032263532098236,0.00027500776087396,0.4,0.3,0.6,13,0.3615418357075379,0.2968890426995277
16,8,0.3650267055056053,0.7638626816729682,0.7598864622045665,0.7022883848239545,0.03297899057901566,0.08106390563202395,0.00040708165632492003,0.00037708002212313,0.4,0.3,0.6,16,0.3086558171463436,0.3285652862746937
16,9,0.34203128332685007,0.7465390009648017,0.7419614517106687,0.6956221716151798,0.11961414291824041,0.08253081158824022,0.00048605877397908003,0.00045901595497068,0.4,0.3,0.6,17,0.2838937939678237,0.2917886521984057
16,10,0.3334870943063004,0.7393921316983216,0.7346429779265574,0.6900430947851005,0.05630371512063255,0.07770796519609877,0.00039672992039365004,0.00035995058684293996,0.4,0.3,0.6,18,0.3007511527646891,0.2747608575983705
16,11,0.33572348469809626,0.7423469028143272,0.7392928446508636,0.6901754450039779,0.0337762466409525,0.08314412394976481,0.00047612599246925997,0.00046532472369892,0.4,0.3,0.6,19,0.2850900515275056,0.2965565765255458
16,12,0.32388949381971044,0.732679235124289,0.731120165114489,0.6846535040465658,0.05836117429138392,0.07269272633527049,0.00023044723362927,0.00026221072690483,0.4,0.3,0.6,20,0.3317846400986609,0.3200957878296367
16,13,0.3274345415776138,0.7362307339553762,0.7346715223031293,0.6882079439983825,0.03290179761796938,0.08130299700858154,0.0003815074677047,0.00037285268984811,0.4,0.3,0.6,21,0.284280758542576,0.2832260175577986
16,14,0.2810735575732869,0.6939107432177873,0.6876783051587865,0.625903337567846,0.2163149744626527,0.07496446812296591,0.00035756978972063,0.00033737260842569997,0.4,0.3,0.6,22,0.3021159158610703,0.278172903993986
16,15,0.28459762724778453,0.6999464801485602,0.6971274864100047,0.6587794228083572,0.03474207472472387,0.08422956778816268,0.0006079836301801799,0.00062500679204636,0.4,0.3,0.6,26,0.240115430938,0.2454601137721538
16,16,0.2832860693895549,0.6983293129379783,0.6971182778468507,0.6611482242201369,0.04195798596683507,0.08543082707690217,0.00042128706922343,0.00041362466951278,0.4,0.3,0.6,27,0.2884428148828867,0.2763747466395244
16,17,0.23133646684822037,0.6436710818601857,0.640637938574588,0.6052002096651159,0.3002729567393048,0.08488192723255658,0.00048073768704073004,0.00046975860608967,0.4,0.3,0.6,28,0.2277223876442038,0.1889460839302203
16,18,0.2091450004775947,0.6161749269636801,0.6138739940867871,0.5883180194999135,0.10403129558944596,0.08626764930502948,0.0005320609598928699,0.00053211278103985,0.4,0.3,0.6,30,0.2057651903633008,0.1644549542864003
16,19,0.20914463036272551,0.6161744310047642,0.6138734792832273,0.5906611455135619,0.034988488822679124,0.08626764930502948,0.0005320609598928699,0.00053211278103985,0.4,0.3,0.6,31,0.2057599446800681,0.1644550347005151
16,20,0.18137355218771586,0.575604965852227,0.5718815007515876,0.5494218139310698,0.24402510552870485,0.09112467876338892,0.00056705856886408,0.00056281819821159,0.4,0.3,0.6,32,0.1733317552652166,0.1516669847943654
16,21,0.16962684435850622,0.5570559683759035,0.5543805701290457,0.5343714859194955,0.08371555856268885,0.09146274742110597,0.00053278739795742,0.00053393875575811,0.4,0.3,0.6,34,0.161871519148278,0.1397029838111769
16,22,0.1653010904903726,0.5523715407430173,0.5512983755399716,0.5366919478065465,0.03801305324264144,0.0854676716277466,0.00029179931892677,0.00031785499192363997,0.4,0.3,0.6,38,0.1712951611390594,0.1432702563090072
16,23,0.1624378489481044,0.548009093514833,0.5467948569174432,0.5236875697365959,0.057023158326329024,0.08521260280428891,0.00025232310012477,0.00026851286023397,0.4,0.3,0.6,39,0.1637459507869809,0.1581532252627663
16,24,0.1588211989597551,0.5417702571484844,0.5403709441876171,0.5256351300037804,0.05839292919556193,0.08345131989088625,0.00026722246411458,0.00026040975631836,0.4,0.3,0.6,40,0.1668667111797865,0.1532004306618069
16,25,0.15230528168501367,0.5300677046363552,0.5299338006112385,0.5183840438324016,0.09549222022400093,0.08459753364395159,0.00024788267624771,0.00026455168099415,0.4,0.3,0.6,41,0.1557864889385071,0.1358622034692968
16,26,0.13538715825168463,0.49628657156315736,0.493368188710786,0.4752587605910148,0.08620418258420173,0.08320051741800688,0.00031360798995056004,0.00031441893131061,0.4,0.3,0.6,44,0.1564763231788734,0.1317750205687752
16,27,0.13266649740165729,0.49315797221006513,0.49681896997872776,0.5221876539398219,0.03694231714283292,0.08331542552103097,0.0003693788058577,0.00039437820942018,0.4,0.3,0.6,53,0.1419375309538108,0.127863281727792
16,28,0.13160797869108232,0.4908462812326151,0.49773251832718024,0.5373272536269718,0.038968537886520965,0.08650297019480331,0.00032727275366488,0.00034910795368433,0.4,0.3,0.6,59,0.1357014118384088,0.1218846775598513
16,29,0.11786824602110013,0.45714044907035517,0.4628713912558756,0.5054551417570371,0.07756699084222378,0.08867913841178154,0.00027937580232501003,0.00032950610168409,0.4,0.3,0.6,63,0.1160618687021979,0.1048572200214601
16,30,0.11039541846732724,0.44180664813745546,0.4487676780871866,0.49526945834870895,0.0674115437693664,0.0833556435003169,0.00028779719988558997,0.00034049166981861003,0.4,0.3,0.6,65,0.1065382559755652,0.0922320961469643
16,31,0.11042395766329252,0.4415233625030701,0.44846788808975113,0.497509150304742,0.03619799672306318,0.08386970905955955,0.00029265704706785,0.00034522461359348,0.4,0.3,0.6,66,0.1071610899050156,0.0921459225229089
16,32,0.10831229432284835,0.4378259199286481,0.44468616465987815,0.5087648248122986,0.036737810821441466,0.08092267045954495,0.00029500698644804,0.00034773870489171997,0.4,0.3,0.6,69,0.1060052852262429,0.0932098185254164
16,33,0.10835600985484979,0.4362273981213914,0.4413425358333309,0.5055095325048876,0.035052617394384956,0.08243787431747315,0.00029339757219311996,0.00032111978436034,0.4,0.3,0.6,73,0.1054196324039123,0.0912091775375857
16,34,0.1003980900376869,0.41573609986419935,0.42020285285430464,0.4905856898922957,0.07917307143001936,0.07963869261727892,0.00031482118913654997,0.00034162333686221,0.4,0.3,0.6,75,0.1030499873528401,0.0862564305804931
16,35,0.0995604366709246,0.41187202831378417,0.41784618849493205,0.4956114850862991,0.04685585731783869,0.08229860231963335,0.00030676791668605,0.00033290232402031,0.4,0.3,0.6,77,0.1025427241417888,0.0817638357054807
16,36,0.0989323619958919,0.40986665074728484,0.4174322201018715,0.47217002097969185,0.03864789918588538,0.08328389318878784,0.00031574377439329,0.00034203270944422,0.4,0.3,0.6,80,0.100166301140344,0.0802694272366014
16,37,0.09449900047817324,0.40321083661890006,0.41564804201293987,0.5250326076233678,0.03516662944068244,0.07712724812134746,0.00032286641232243997,0.00053414826791225,0.4,0.3,0.6,88,0.1046934279157483,0.0987132674596051
16,38,0.09345443131501163,0.40019208782102067,0.414193386503221,0.5289385018330207,0.04100712812714855,0.07758368073032154,0.00034112143022851,0.00056434926071636,0.4,0.3,0.6,90,0.104734274224834,0.0974501740974453
16,39,0.09386409270594773,0.3996948122574623,0.4119907396262443,0.5447742880373195,0.03233554533532876,0.0789184107241116,0.00034633075424163,0.00051005710130788,0.4,0.3,0.6,94,0.106722931871373,0.0960633113812325
16,40,0.09119579508517675,0.3987468264494216,0.41610991479110176,0.5448468695283012,0.029964306597586456,0.07271980761562392,0.00039698337297452995,0.00047626546710573996,0.4,0.3,0.6,100,0.1080494550132169,0.0987832176623335
16,41,0.0884946491755251,0.38665460889453124,0.40688886150327325,0.5323206271368878,0.10693651575265878,0.07788361448678463,0.00034071711368786,0.00046815397524653003,0.4,0.3,0.6,101,0.0967340132771115,0.0971017435925123
16,42,0.0857253934826881,0.3796799117530853,0.3980529729936152,0.536467930167975,0.05428663683220711,0.07447736575138661,0.00039456224623053,0.00052059942810913,0.4,0.3,0.6,102,0.0915004014270931,0.0988180373165382
16,43,0.08502700060212508,0.37819820563650547,0.39487223003573796,0.5356442713073724,0.03001534518123611,0.07290066739048531,0.00036322676521183,0.00046970071240746,0.4,0.3,0.6,103,0.0924121372606114,0.0960963760930384
16,44,0.0829643331430045,0.3725031952094673,0.3923319859957256,0.5304733511700728,0.0637878771397278,0.07279821738151944,0.00035262018207307997,0.00047620505231001,0.4,0.3,0.6,104,0.0950335724033837,0.0972873527431664
16,45,0.0818432477896261,0.37032043604819376,0.390099822964484,0.5529693595222867,0.02999953449483262,0.07101480950373537,0.00036070610702256,0.00048542506210518004,0.4,0.3,0.6,110,0.091663581326064,0.0951806195435554
17,0,0.9672550565658004,0.991686089747561,0.9914080746317656,0.925336401333028,0.0,0.0,0.0,0.0,0.4,0.3,0.6,1,1.0411314097369866,0.9666582777344734
17,1,0.6748630877767487,0.920230759929324,0.9149794487556471,0.8456382882998533,0.2691111760626521,0.0667139781363967,0.00047611900872597,0.00074284409227954,0.4,0.3,0.6,3,0.6715397150385654,0.6528001122932099
17,2,0.4644858694785358,0.8224732480873863,0.8156382015434845,0.7403139923897718,0.4942014576611109,0.06666160406351165,0.00027123023430648,0.00022086883913142002,0.4,0.3,0.6,4,0.4303937026619468,0.4265785662321951
17,3,0.4628822101600654,0.8226461870073902,0.8174612871927325,0.743995857337296,0.030996969140557943,0.06860126752926032,0.00033653150007377,0.00026941891029478996,0.4,0.3,0.6,6,0.4242612167431818,0.4230733806564452
17,4,0.41527963838861776,0.7939789826770535,0.7861742558064181,0.7146243697044286,0.09529859975183312,0.06804410063547592,0.00021322599699887998,0.00016931997780932,0.4,0.3,0.6,8,0.4260298648312497,0.3999212224957764
17,5,0.3685294001253333,0.7640212308142944,0.7567939412732807,0.6853556183620215,0.1103513108772096,0.07462870461084685,0.00039455758506489,0.0003126561759559,0.4,0.3,0.6,10,0.3628670391231557,0.3649684114655565
17,6,0.3685284499788872,0.7640970079619561,0.7568633261394851,0.688036577199474,0.03135104074666472,0.0752461164659402,0.00042022970782170006,0.00033299933506281,0.4,0.3,0.6,11,0.3595028178767758,0.3640424469213431
17,7,0.3598648162353397,0.7575697761018213,0.7483909532484252,0.68222835837339,0.06826821628338353,0.07962719100885911,0.00026510420062355,0.00022922337703762998,0.4,0.3,0.6,12,0.3460446532281568,0.3518986275948639
17,8,0.34865747935475105,0.7504868839243687,0.742663079210345,0.6779446687862887,0.059190413554561914,0.08549061232972098,0.00032796946703424,0.00027916432485134,0.4,0.3,0.6,14,0.3196068355498205,0.3218610089317584
17,9,0.2957490706935609,0.7060534134024296,0.6968613526336377,0.6296835063932034,0.22932205640958514,0.07682354047813095,0.0002705869272568,0.00022727348462130002,0.4,0.3,0.6,15,0.2542372179992423,0.2755956196437511
17,10,0.2868344713559749,0.6971726759900828,0.6860282825353458,0.6224050211295262,0.06769822119582038,0.07547720233893097,0.00030080088128485,0.00028598418252879,0.4,0.3,0.6,16,0.2860862722385696,0.2872162795642674
17,11,0.25846574063509126,0.6708524616341381,0.6621640533511776,0.5965965034104859,0.16631306293737397,0.07628242154930298,0.00021412350911465,0.00017925330427923,0.4,0.3,0.6,17,0.2191939609979208,0.2179958381168324
17,12,0.25288817489619303,0.6656820321835898,0.6584667616507853,0.5964620533821731,0.04758783705612776,0.07812968134664089,0.00025825060587142,0.00021619426388991,0.4,0.3,0.6,19,0.2012264651917372,0.2051415746135941
17,13,0.24971977632657918,0.6640013143623381,0.6601520950845284,0.6142985899545567,0.029720451084608763,0.0722739751189054,0.00028056375744231,0.00020057891700335,0.4,0.3,0.6,26,0.2237279815177145,0.2008783285979853
17,14,0.2445458788659504,0.6576368548739547,0.6518891943658952,0.6022912965008934,0.058697942001185,0.07325659181994529,0.00030575413078385,0.00021655319590929,0.4,0.3,0.6,27,0.211011881487048,0.196017754916639
17,15,0.24296391286961785,0.6565844478516406,0.6524712456008017,0.6060289540885214,0.033966082106297535,0.07342365295381507,0.00030483144887735,0.00021747650031458,0.4,0.3,0.6,29,0.2067869009633832,0.1954434110982671
17,16,0.2400605066082134,0.6536335809400031,0.6509827728219373,0.6176563436200279,0.04969041749627366,0.08169395551009602,0.00028879576047984,0.0002385269236338,0.4,0.3,0.6,31,0.2258666696807698,0.2060870355133426
17,17,0.23248540341900198,0.645372963894592,0.6425361075437787,0.6155065144584563,0.04370281359006466,0.0748596141272263,0.00035557086474257,0.00026706138054935003,0.4,0.3,0.6,33,0.1839759875088224,0.1849716458743042
17,18,0.2322938040049193,0.6458561263401327,0.6447068370886572,0.6215647606653882,0.030806267396934605,0.07491357283474334,0.00034503434542778,0.00026250520534769003,0.4,0.3,0.6,35,0.1838088192711134,0.1834288428429671
17,19,0.2404258799490084,0.6524739329308757,0.650988137703685,0.6263600393182887,0.09571173151377169,0.0939499256028123,0.00135414410735671,0.0148690144358752,0.4,0.3,0.6,36,0.226965246340567,0.2276119254209912
17,20,0.18078195785776463,0.5741803638439736,0.5703861890810336,0.5429381277273567,0.37269672280501553,0.09209478000196189,0.00061770615804241,0.00104089450411094,0.4,0.3,0.6,37,0.2112226671628232,0.1831811146817354
17,21,0.17346685237749562,0.5627602236946923,0.558606165241865,0.5326137540403284,0.08893321825160305,0.09094748036306263,0.00050704269164457,0.00076470654205669,0.4,0.3,0.6,38,0.1939932574825536,0.1820611592568794
17,22,0.17709716637746248,0.5662276009694291,0.5620583589788148,0.5492925808272819,0.04168613061542986,0.10045926025870996,0.00051379965064787,0.0009561956569635801,0.4,0.3,0.6,41,0.1911648873370711,0.184054180597998
17,23,0.1724511580377653,0.5607130581504935,0.5564715921988009,0.5325480050734054,0.04791417827755276,0.09235677081435643,0.00045658180403924,0.00079604154630061,0.4,0.3,0.6,42,0.1908463843321758,0.1811547924993809
17,24,0.17731936001017476,0.5668229284775738,0.5692318923334418,0.582713085805267,0.04625262536337744,0.11000416898193048,0.00052423210966747,0.0010382707806084299,0.4,0.3,0.6,55,0.1864875519100431,0.1808163824335489
17,25,0.17283795287207276,0.5614425421595218,0.5670556171427129,0.587194917620702,0.05035716544645,0.1079868065151228,0.00026459253184303,0.0005092390432865,0.4,0.3,0.6,59,0.1540823536648866,0.1728147729215148
17,26,0.17097879686343379,0.5568671988578263,0.5589860607080246,0.5988120787975416,0.05099217912198442,0.10764190108981997,0.00032580131623643,0.00057887936092157,0.4,0.3,0.6,61,0.1391607613749634,0.1466069218703901
17,27,0.16955909833741306,0.5543607261363667,0.5563950729584999,0.596033788013865,0.05576493214800082,0.1077020571087474,0.00032102953339615,0.00057472135201753,0.4,0.3,0.6,62,0.136772333034566,0.1420503623486004
17,28,0.16550924076007695,0.5497447217141912,0.556661347913555,0.5805511287426348,0.07253308953708609,0.10622509587072315,0.00027732237959553,0.00054242177520817,0.4,0.3,0.6,63,0.1563788933218734,0.1667484420384346
17,29,0.16483780969749054,0.5452926233326849,0.5519312774721468,0.5855966485489428,0.08708142657765985,0.1087791369833592,0.00035186253901045,0.0052369778469850995,0.4,0.3,0.6,64,0.1627837136779741,0.1651123698349586
17,30,0.15665111897416978,0.5374304821882933,0.5457372179602594,0.5863579198469893,0.04100128614803836,0.09471407615551433,0.00039026052666932997,0.00168200543658921,0.4,0.3,0.6,66,0.148316988212428,0.1705268534183623
17,31,0.16143718560158873,0.538411324425888,0.5464495542284857,0.5992215612493345,0.08696006834513073,0.11075690363868831,0.00040264911093956004,0.00599820620764207,0.4,0.3,0.6,67,0.1558522024428161,0.1624435425458932
17,32,0.15181706365636985,0.5234751055917853,0.5311526783807465,0.5656886812852512,0.09618566340799474,0.10700953247291414,0.00043818345251928997,0.0015614865409057,0.4,0.3,0.6,68,0.1486243608264046,0.1593949628801783
17,33,0.13963579824012293,0.510507266941419,0.5197818603132538,0.6282895762936205,0.034443903209917255,0.08069185344488625,0.00037466425252712,0.00125969201764483,0.4,0.3,0.6,79,0.1285119481157245,0.1241303934851152
17,34,0.13436476685143428,0.5030020968045147,0.5187326077679216,0.6216229427935759,0.04834621234568916,0.07940955031903732,0.00032442466820463,0.00118385158824476,0.4,0.3,0.6,82,0.136074527219302,0.1535370520177367
17,35,0.13612700869829375,0.5006140948397235,0.5111215821596569,0.6237882625551942,0.05759017976951802,0.08026123903324613,0.00038010966620045,0.00693776172178887,0.4,0.3,0.6,83,0.1474970151293437,0.125401852372749
17,36,0.12959764006626953,0.489320605279396,0.5028485010452408,0.6315329201448967,0.06094898053465046,0.08489567218884278,0.00027066411501762996,0.00120089542333118,0.4,0.3,0.6,85,0.1256743366336467,0.1205659773233688
17,37,0.11613775762272086,0.46134150243751515,0.4723714377829375,0.5830260641389117,0.07026459100882325,0.07690561330435422,0.00027549125218281,0.0010659900811501,0.4,0.3,0.6,88,0.1086914665229252,0.1137183382242268
17,38,0.11519595132391405,0.4589422895041032,0.4698906175792496,0.5856863852018996,0.043355988830632124,0.07701441003565937,0.00027439707874472,0.00106237856705965,0.4,0.3,0.6,89,0.1094036576706511,0.1137083668497717
17,39,0.1164832574143279,0.45968881769000225,0.47226329258276384,0.6015258287992259,0.03867354625790352,0.08202940033888163,0.00028973855108096997,0.00123808379026465,0.4,0.3,0.6,91,0.1062513033199874,0.1123262343187869
17,40,0.11353444717062228,0.4557884678840478,0.4683102013697608,0.5867108722860774,0.03386704263521897,0.07654779237141875,0.00026234236711578,0.00103350359662541,0.4,0.3,0.6,94,0.1066965737234382,0.1120935609543733
17,41,0.11470993108278457,0.4582694620084954,0.4758328979104085,0.630132643186216,0.03374804172541001,0.08052062105842461,0.00027842513711711996,0.00121951368583258,0.4,0.3,0.6,103,0.1061433920294676,0.1150048122403283
17,42,0.11252366210950183,0.45482474628435854,0.4723190493834527,0.6430495665094788,0.04167495241468075,0.0772755216466963,0.00027940341052688,0.00108810981033129,0.4,0.3,0.6,104,0.1046482567323222,0.1106190118322661
17,43,0.11367875434840438,0.456159750668086,0.4753206664615152,0.6573826313152005,0.03735614355544838,0.08080641701099141,0.00028164162418762,0.00122232761533803,0.4,0.3,0.6,105,0.1007935745879491,0.1033895312047609
17,44,0.11247412703652584,0.4530707755456222,0.47212906023742757,0.6540395582967143,0.04055815794424887,0.0807111373284445,0.00030815343833809,0.00123972051452411,0.4,0.3,0.6,107,0.1005048613821712,0.1023605875468685
17,45,0.11240103572043492,0.45330651294406116,0.47403875377168186,0.6730757768828581,0.03407851269804577,0.08105005536990431,0.00032254612558687,0.00129762320095788,0.4,0.3,0.6,111,0.0996963936765015,0.1031546432990799
17,46,0.11169362076741539,0.4532471204971272,0.4773288957158858,0.7054722141434969,0.033572982486689835,0.08059315167786296,0.00029000298194915,0.00123729841767801,0.4,0.3,0.6,123,0.0989834547455226,0.1029333253045147
17,47,0.11221096212376284,0.4533535631525458,0.4774133699249362,0.688324984639233,0.03445528888073803,0.08244721258395453,0.00028381581707065997,0.00127590228677405,0.4,0.3,0.6,128,0.1052176713384826,0.1094947779474654
17,48,0.11180607430860126,0.45236717144206595,0.4763956464523171,0.6872385508526913,0.03832663149128471,0.08231541459840841,0.0002802939230821,0.0012836152938557502,0.4,0.3,0.6,129,0.1042297046694821,0.1093593740755569
17,49,0.11172326176453005,0.45366363214144345,0.48108137752083907,0.7183023881545917,0.03378500774803998,0.08216284338981064,0.00028014640950558,0.0012820287229679,0.4,0.3,0.6,133,0.1040122949601424,0.1090729363722803
17,50,0.1116060195539523,0.45329531066074585,0.4806995670876329,0.715065317617239,0.03407993306711949,0.08220785270161056,0.00029518849343562,0.00130353717655206,0.4,0.3,0.6,139,0.1049626447935653,0.1093611363461761
18,0,0.9583687027781425,0.9893821665119957,0.9890270899125958,0.9217009419827998,0.0,0.0,0.0,0.0,0.4,0.3,0.6,1,1.0806573016617746,0.9570983242265644
18,1,0.8022777680325627,0.964305742907973,0.9621734466069741,0.8952651281083349,0.1569528877764073,0.07014092084036036,1.649531101047e-05,1.8883530379879998e-05,0.4,0.3,0.6,3,0.8679778146295718,0.8422830399358577
18,2,0.4536120133373081,0.816356380629537,0.8093154746793952,0.7335404198067942,0.7388722924516776,0.06666170982967022,0.00027030267383746997,0.00028851988655115,0.4,0.3,0.6,4,0.4754264187741286,0.4259982046873539
18,3,0.45077718927730587,0.8154121082075921,0.8100140938647075,0.7360835385608622,0.030678193955955082,0.06647789386059147,0.00026698658041614,0.00028569701529951,0.4,0.3,0.6,6,0.4767751410487487,0.4247037819498995
18,4,0.35019087783512187,0.7497528068554813,0.7421607747326393,0.6716401105073599,0.1858766399014777,0.06661924484571632,0.00013054293649303,0.00018164106563604,0.4,0.3,0.6,8,0.3431638209340734,0.3625525931425231
18,5,0.3425822893403943,0.7448487537279824,0.7387484451204573,0.6698856669631128,0.04207184714842504,0.06779523255462253,0.00014526854891637,0.00020213069153672,0.4,0.3,0.6,10,0.3328843664106645,0.3556144223741254
18,6,0.3375417142388253,0.7410856092408343,0.7348434120761079,0.6656680406687914,0.04834770043834667,0.06894900988291272,0.00016165525206639,0.00022493160518547,0.4,0.3,0.6,11,0.3254307851308264,0.3512132645981746
18,7,0.3361052221240667,0.74073069536674,0.7361403916907067,0.6691880809992571,0.034341106131031494,0.06953277169127121,0.00017077953935453,0.00023762739180336,0.4,0.3,0.6,12,0.3228728153869322,0.350088928210192
18,8,0.335776669364242,0.740570973106849,0.7359608115763803,0.668965096417418,0.031325417892045286,0.07056715740652668,0.00018851004834004,0.00026229811419491,0.4,0.3,0.6,13,0.3207617267224019,0.3502860071524635
18,9,0.3260708825786901,0.7332622583834184,0.7301339973108901,0.6710065595905178,0.03714478625787658,0.0666658030344923,0.0001376441234727,0.00017781422511771,0.4,0.3,0.6,16,0.3560325588399742,0.3102603694460423
18,10,0.27742166544119834,0.6918673342619769,0.6888980705667239,0.6346519598020997,0.1421180060781002,0.07561525575412206,0.00033012607654306,0.00053112176991123,0.4,0.3,0.6,18,0.2509922453248052,0.264408389189981
18,11,0.21462666448601625,0.6230878818630741,0.6178202843752493,0.5597919523895741,0.19723836143772347,0.07515998532461468,0.00041715783831775,0.00071600803586594,0.4,0.3,0.6,20,0.2102433234328861,0.1804809327130495
18,12,0.21044696260607515,0.618546034347464,0.6148057085731673,0.5595540600693923,0.042604525334053976,0.07477458523287735,0.00037052190250263,0.00063559983401981,0.4,0.3,0.6,22,0.2042272781419129,0.1773830291585996
18,13,0.20989546879282356,0.6185754265260073,0.616511638916191,0.5553849342142932,0.03167517157840252,0.07451283153151725,0.00036795887209172,0.00063147495960128,0.4,0.3,0.6,24,0.2022223994203479,0.1779971442889653
18,14,0.20962109848171473,0.6182887277214385,0.6162230861170671,0.5572108911229153,0.03033211918071637,0.07393619884210995,0.00036750158966171,0.00063076523329878,0.4,0.3,0.6,25,0.2020994866996218,0.1783681694227474
18,15,0.2039359436709164,0.6123556166618561,0.613441223106274,0.5700341309211274,0.03860025370843429,0.07351747093019009,0.00036595909793342,0.00062062820823012,0.4,0.3,0.6,29,0.2036572859101242,0.1602212385142513
18,16,0.18432177467646907,0.5857862491527307,0.5842272529040695,0.5646818106290091,0.08267153195878639,0.07972674620806965,0.00037304197479327004,0.0006767482732922901,0.4,0.3,0.6,32,0.2098238455395445,0.1614384572718361
18,17,0.16747978187892149,0.5574353531505527,0.5565739995143086,0.5296398562870792,0.16804120923001978,0.08162146684521315,0.00038199436345037004,0.00071844261441463,0.4,0.3,0.6,33,0.1823021625411363,0.1330323113150083
18,18,0.15762446473971314,0.5411910270619562,0.541478089248244,0.5290100560030391,0.0712473268513524,0.08026880383314486,0.00036258295152572,0.00064973922252813,0.4,0.3,0.6,35,0.1719865029120832,0.1246804455600799
18,19,0.15687060513167023,0.5395754794650234,0.5398077583403899,0.534224487177315,0.035978511484116196,0.08027097905420422,0.00037271626519553,0.00068075316631151,0.4,0.3,0.6,37,0.1638092313205925,0.1349383230449011
18,20,0.13560556117213274,0.49827996559045834,0.4954745209872872,0.47374403338266,0.22687473763276075,0.07961268526233489,0.00027333403120254003,0.00041895085504475995,0.4,0.3,0.6,38,0.1302165444072128,0.1016492105364315
18,21,0.12929298670324293,0.48473487111132546,0.4831290092799764,0.47140408840302445,0.06870952001389691,0.0810570581990144,0.00027226684662936,0.00042454549307958,0.4,0.3,0.6,40,0.1310352589625097,0.1006373019094606
18,22,0.10361191499152968,0.42697841397473724,0.4235307291057686,0.41188016232315117,0.12199326991871755,0.07436640395350438,0.00027582481239433,0.00042409470478726996,0.4,0.3,0.6,43,0.1141109613240689,0.0876355274879575
18,23,0.09834490950324455,0.41183725178266045,0.40955996103558023,0.39863477555348115,0.06535028157061269,0.07401142070251573,0.00027611847207783,0.00042308201296206005,0.4,0.3,0.6,45,0.1067941289768061,0.0824719127116217
18,24,0.09333324091555358,0.3974596162986703,0.396384914399195,0.3916059499394743,0.06373874978703135,0.07316001563615927,0.0002766583249434,0.00042077791793206,0.4,0.3,0.6,47,0.0946276458535645,0.0790481018436299
18,25,0.09054185686728959,0.3887788536829232,0.3857546521404582,0.3891802563758069,0.06602021203188345,0.0722137272264646,0.00027825764098574,0.00041814067547960005,0.4,0.3,0.6,48,0.0992943674747281,0.0801694921007513
18,26,0.08476358368219777,0.3707325846746409,0.3704445491507337,0.3814531979866726,0.05310414252434453,0.07252078045986579,0.0002794411505633,0.00042430214015107997,0.4,0.3,0.6,52,0.0940118646445108,0.082864659838556
18,27,0.0848688893682676,0.3704404717700243,0.37013382400992145,0.383647641210459,0.03227739288620393,0.07317905292707928,0.00027887096088064,0.00042657882871806996,0.4,0.3,0.6,53,0.0954056364417976,0.0855533130776481
18,28,0.08205039047197125,0.360336996817908,0.35802754474596477,0.3783617442173617,0.0739573648154291,0.07266732398926995,0.0002798121277904,0.00042006371217747995,0.4,0.3,0.6,54,0.0957913058902281,0.0795439017880198
18,29,0.08183593955131577,0.3603681660003344,0.3597328961029232,0.3846939204871412,0.030916306689940366,0.07257004752969937,0.00028153202005254,0.00042347820502837,0.4,0.3,0.6,56,0.0959818386175877,0.0795776360832592
18,30,0.07789577044087313,0.34773619994096766,0.3500286087212832,0.3887146613061521,0.04038251175627453,0.07210954395759238,0.00027891450880999,0.00042152702925376997,0.4,0.3,0.6,62,0.0904393764127069,0.0735181452465912
18,31,0.0774857988414386,0.3467679146122051,0.3506985123286006,0.3941137930756144,0.03338115370738936,0.0722000739198748,0.00028260743971561997,0.0004271066118983,0.4,0.3,0.6,64,0.0898712335733757,0.07329413852326
18,32,0.07439256099117895,0.3351454189805276,0.34368497517499985,0.42272880213992214,0.039662185485217744,0.07348224680873705,0.0002980689105696,0.00047050909146149,0.4,0.3,0.6,71,0.0793402208389049,0.0652130414581759
18,33,0.07112894622331822,0.32166045600370125,0.3314143654660107,0.4145909902871172,0.06485923939363814,0.0738895515529848,0.00032776321966261,0.00051592977506724,0.4,0.3,0.6,73,0.0752986721528898,0.0631457478899637
18,34,0.06978815433952651,0.3169350444391734,0.3282065056943911,0.41686447683430905,0.035018297148462406,0.07362696739923993,0.00032110617099680996,0.00051310759083944,0.4,0.3,0.6,78,0.0743756442486235,0.0630714211666964
18,35,0.06906861991016924,0.31504948190551396,0.32793539250819315,0.4300515121447831,0.035570061900913844,0.07321633711037255,0.00031894640895762,0.00051021829577486,0.4,0.3,0.6,80,0.0738319515767351,0.0618325416631211
18,36,0.06900967321778557,0.3158277736445956,0.332079888441087,0.4270916301373638,0.0316034770613218,0.0734770134616338,0.00032370976927442003,0.0005169149763115699,0.4,0.3,0.6,82,0.0736877346107358,0.0618901353991882
18,37,0.06901507069446115,0.31583128115139786,0.3320833133641444,0.4477687785183303,0.029809998757193642,0.07349243489704378,0.00032352936235544,0.0005166311803642099,0.4,0.3,0.6,84,0.0737096950278461,0.0619317131378871
18,38,0.06884756333056126,0.3163061560258875,0.33425096711270375,0.4481024164821578,0.029856320923878313,0.07312814651670926,0.00032144588918337,0.0005126325808967,0.4,0.3,0.6,86,0.0735939379652958,0.0622988450389076
18,39,0.06772013751387178,0.3172446091969318,0.34027368897250937,0.5219494571700838,0.028572727504092742,0.07018555977319012,0.00037011996356777,0.00060050969288751,0.4,0.3,0.6,100,0.0710022428198634,0.0553829674205562
18,40,0.06583858049012303,0.30853337756492333,0.334599581583823,0.5135747057861415,0.03756038573072404,0.07147623930582837,0.00033381960842673,0.00052731322966725,0.4,0.3,0.6,106,0.0668001373096222,0.0542761437387207
18,41,0.06419625194458907,0.30050692604199697,0.32630174343532775,0.5219932558340017,0.038935359337385525,0.07167823023948365,0.00034758295373527,0.0005350201989247399,0.4,0.3,0.6,110,0.0661035616438792,0.0519318548368353
18,42,0.06385348742508887,0.30039303112958876,0.3295288805068182,0.5258169207361919,0.03269456036901822,0.07160596676657505,0.00034711210305508,0.00053427186792277,0.4,0.3,0.6,112,0.0652219242184934,0.0513125067642067
18,43,0.06092641518124018,0.28450120401228435,0.3114274481443431,0.5290929322325257,0.066533152778602,0.07200062743683287,0.00037484648193493003,0.0005703465730425401,0.4,0.3,0.6,114,0.0650104057900117,0.0490736715582484
18,44,0.06089570480883543,0.28364954254125313,0.30887547257729947,0.5577846706911814,0.029597071209478822,0.07199292808888236,0.00037501672314852,0.00057080716050612,0.4,0.3,0.6,116,0.0649932474690144,0.0490516357372433
18,45,0.06068960317463127,0.2866037107332687,0.3202919010340047,0.566228136565467,0.029361845693979285,0.071710850835977,0.00037177637778460003,0.00056859972171078,0.4,0.3,0.6,126,0.0641743651340801,0.048517398739554
18,46,0.06065554245545406,0.2879334840810514,0.32501072902777983,0.583710093833474,0.02921411180201024,0.07164970327401408,0.00037215476370889,0.00057244532054883,0.4,0.3,0.6,129,0.0641355202809227,0.0485862421942271
18,47,0.060596684625728384,0.2854354381642971,0.3207451410570107,0.5874620420824465,0.03469747479188724,0.07244524571972637,0.00040948155781873,0.00062585216277572,0.4,0.3,0.6,131,0.0636685563364925,0.0495505947121698
18,48,0.06029076205902915,0.2883200228369346,0.3437575148338467,0.8132000920112852,0.031074178261895156,0.07486590224724188,0.00039832693536617997,0.00060099159807948,0.4,0.3,0.6,180,0.0639760808050277,0.0608765157918549
18,49,0.0602857060469801,0.2882922891866235,0.34372884693258404,0.8163044556202318,0.030494241105519054,0.07486609678326513,0.00039829191952269003,0.00060126961509157,0.4,0.3,0.6,182,0.0640014076104089,0.0609106995784133
18,50,0.059629524958933,0.2840951254828664,0.33771939917276445,0.796296400255933,0.03889349997202909,0.07486742236614727,0.00039799930618173,0.00060165834631274,0.4,0.3,0.6,184,0.0634443834116173,0.0607965510789612
18,51,0.05960263109761131,0.28465412094319864,0.33996897114224217,0.8216814418370383,0.03078819118502229,0.0748666249791242,0.00039959047853316,0.0006027710940751201,0.4,0.3,0.6,186,0.0631271243234214,0.0607647499140258
18,52,0.05949014967140557,0.28476015102518243,0.34175049550092557,0.8272867412388407,0.031882490537568,0.07486696979747136,0.0003986553613361,0.0006020429045774501,0.4,0.3,0.6,188,0.0632856897697268,0.0606859680069625
19,0,0.9952227613157978,0.9988038333484026,0.998763850771519,0.9332171816351987,0.0,0.0,0.0,0.0,0.4,0.3,0.6,1,0.9291483343130342,0.9701968470565784
19,1,0.8327516987965375,0.97472522786373,0.9729015597898184,0.9066743996484348,0.1586085526549083,0.07311373201986764,1.729993568248e-05,1.97104933498e-05,0.4,0.3,0.6,3,0.7495919763199896,0.8433720393221243
19,2,0.4518771364082116,0.8153414510578236,0.8082677946199326,0.7324167109596351,0.788317716682426,0.06661410763322737,0.00027076718664319,0.00026075299996245,0.4,0.3,0.6,4,0.4824673062839461,0.4259108609836693
19,3,0.4462311367915633,0.8132538605780547,0.8077450060097014,0.7327204007481231,0.03747772956033,0.0692559340369103,0.0003295485112516,0.00032856713253287003,0.4,0.3,0.6,6,0.4900643166613936,0.43160493490329
19,4,0.4560473272883902,0.8248414570528544,0.8192979569788842,0.7496469677748767,0.0432759972517162,0.10058328153202264,0.00039541207127430003,0.00045091615964108,0.4,0.3,0.6,9,0.4602960108067581,0.4351892040341946
19,5,0.41748388890880817,0.7954914746176786,0.7894272536726322,0.7222739766752573,0.09943207644557778,0.0664205942895447,0.00029701049875277,0.000312062576917,0.4,0.3,0.6,10,0.4290890623175912,0.3644208960951924
19,6,0.394820984026653,0.7822481515177242,0.7756250949404143,0.7078666088351706,0.1117716206851616,0.07531852991639014,0.0001966000120561,0.00021202082728483002,0.4,0.3,0.6,11,0.4242467685410217,0.4025333339218994
19,7,0.37256385420772936,0.7706496227618694,0.7618103144847419,0.6956449317829616,0.1250025662524053,0.08598371793888489,0.00042777937714950996,0.0007869648519974201,0.4,0.3,0.6,12,0.3838598849712588,0.3409922339672245
19,8,0.3619739321283525,0.7615434568337152,0.7524106851196519,0.6870999185285692,0.07075155303639248,0.08542669105629731,0.00035735840446017,0.00064377749576454,0.4,0.3,0.6,13,0.3653327666520877,0.3302028817103544
19,9,0.36867192910514496,0.7681818162770911,0.7605942716169292,0.7072698372244736,0.04732054967611724,0.11213790540628385,0.00013850136704892,0.00032314730897906003,0.4,0.3,0.6,19,0.3096935943024055,0.3178691220489518
19,10,0.32285677430589066,0.729027989411609,0.7206562187624542,0.6707745512736509,0.06730526699250347,0.07315209269565694,0.00014156035452813,0.00014517880500858,0.4,0.3,0.6,22,0.3298204392489877,0.2935430704394416
19,11,0.3107258813115371,0.7199053182149816,0.7128407643753841,0.6689742159611014,0.05933853208600369,0.07762431765872879,0.00012986242244959,0.00014450247192129,0.4,0.3,0.6,24,0.2913567354320854,0.2987787105469513
19,12,0.3071055873957135,0.7173884730515404,0.7102324883885263,0.6738501408229931,0.03672411090385195,0.07806686850221285,0.00017931329821256002,0.00018642607501286,0.4,0.3,0.6,27,0.3039440002955175,0.3459894225074415
19,13,0.29246133880964753,0.7066725748970405,0.7038426773971148,0.666413334646863,0.07715991440612285,0.10163782036599292,0.00056412194032578,0.0007963579809804999,0.4,0.3,0.6,30,0.3247639928124476,0.2643353007234775
19,14,0.2638942904528201,0.6778408708826174,0.672839208385414,0.6367667419272582,0.06197836497272419,0.06764074469218853,0.00020094656076851,0.000503779820613,0.4,0.3,0.6,32,0.2811232106683528,0.2765086548374887
19,15,0.2558323111198875,0.6696688286675494,0.6644070131749759,0.6277590836578149,0.04587817215315509,0.06672756476477,0.00019092588158009998,0.00046359755801055,0.4,0.3,0.6,34,0.2675502736310373,0.2680490729947659
19,16,0.24101150623730644,0.6526656170553048,0.6464806019570313,0.6139924607943218,0.1715735073067746,0.0934813124835492,0.0001321523870292,0.00033371439140322,0.4,0.3,0.6,35,0.2339757182510762,0.2373516376945374
19,17,0.2213003235349547,0.6327626772663669,0.626016569326452,0.6006282279418067,0.06648831514112866,0.08526270940832495,0.00025198720327772,0.00054773981481494,0.4,0.3,0.6,38,0.2084193597192627,0.2209248192656507
19,18,0.21337560114139326,0.6211936836735973,0.6173798678568305,0.5923599766540524,0.08848726261150316,0.08704442058036561,0.00025394029678626,0.00059062780431734,0.4,0.3,0.6,39,0.2294090269930335,0.2085491371353521
19,19,0.1909464187933251,0.5908140038610626,0.5844130873618263,0.559915912866644,0.16063241945469833,0.07965186037799835,0.00023472731833704,0.00051076683341211,0.4,0.3,0.6,40,0.1881369242187308,0.1864604752369623
19,20,0.1926261950742917,0.5893213895663613,0.5825833066415067,0.5573459245607989,0.08994916492321468,0.10064360700588362,0.00026977891330942996,0.00081618939188677,0.4,0.3,0.6,41,0.1791035280475482,0.1846867617286966
19,21,0.18790655819776989,0.5827432920684005,0.5774571663008956,0.5556722737196051,0.07553565764591999,0.10064360623593598,0.00026977890859565003,0.00081618936661237,0.4,0.3,0.6,42,0.1723657768788722,0.1799221584354157
19,22,0.18733415527900135,0.5818597739293028,0.576544102269313,0.5546920087283044,0.042966450010154054,0.10064360700588362,0.00026977891330942996,0.00081618939188677,0.4,0.3,0.6,44,0.1710072301262726,0.1793423901656258
19,23,0.18417361018108455,0.5771526119914989,0.5733229550292341,0.5550820244539377,0.07209305338916823,0.10249075694888354,0.00032385745478815,0.00097979866491031,0.4,0.3,0.6,45,0.179020151256207,0.1763730123129662
19,24,0.1640333674598272,0.5520546344099677,0.546053875574186,0.5314379029059006,0.11046104336794002,0.07778870399718883,0.00025812160048433,0.00052965573974441,0.4,0.3,0.6,46,0.1751311185143391,0.1580446363458039
19,25,0.16124527290062132,0.5427157653204852,0.5362716539071686,0.5206377265183907,0.09154737112654011,0.08743833006099633,0.00029138234572816,0.00061343560805919,0.4,0.3,0.6,47,0.1562423482294782,0.1535047599224155
19,26,0.14763302936977019,0.5214334193446938,0.5160806796795291,0.5033484806643843,0.11738220523839454,0.07778870399718883,0.00025812160048433,0.00052965573974441,0.4,0.3,0.6,48,0.1592063135520372,0.1418306654921112
19,27,0.1444994236931914,0.5154379139650278,0.5098850635372401,0.5030618418489581,0.04599591980515182,0.07778884999940432,0.00025223460543559,0.00051462521282154,0.4,0.3,0.6,50,0.1504804225474174,0.1350727757898955
19,28,0.14734014484911676,0.5182556027721424,0.5126989043313059,0.5106072635675035,0.035293837654378164,0.08511424276193875,0.00026156097322796,0.0005137106217721099,0.4,0.3,0.6,51,0.1457213775421983,0.1388311017477673
19,29,0.13995510670241587,0.504600818367389,0.4969729772850013,0.4898054093131044,0.08719008715746372,0.08077329690082163,0.00027284699637419,0.00054171358413121,0.4,0.3,0.6,52,0.1369350105392537,0.1318007873736442
19,30,0.13865847360709693,0.5000809427351992,0.4955452199552088,0.5151667459192437,0.04648400076078447,0.08840549242543791,0.00027396324178920997,0.00046701272916116997,0.4,0.3,0.6,56,0.1348237155244016,0.135267241737209
19,31,0.12850289446907828,0.4805267560985835,0.4754082069639472,0.4841120617714055,0.06178033095279173,0.08331771552866175,0.00020105398157887997,0.00035513619329626,0.4,0.3,0.6,59,0.1277241639302082,0.1179644868193601
19,32,0.12689994741228064,0.4719068931563532,0.4663677137579926,0.49331104716761537,0.09969758944745548,0.09318272222046639,0.00020244337343043,0.00037627023063203,0.4,0.3,0.6,60,0.1141967681783565,0.1233859718831068
19,33,0.12619468445717125,0.4697469500493401,0.464127702330842,0.48850152311851164,0.04139907987597971,0.09377502333640088,0.00019975924718148002,0.00037360187338012,0.4,0.3,0.6,63,0.1129849247967605,0.1203659933102419
19,34,0.12461117110182832,0.4682042507974672,0.46258436821272864,0.4893474636756029,0.03696250346276968,0.0899563277528884,0.0002054135460189,0.00037710460360813,0.4,0.3,0.6,64,0.1103343661560982,0.1190049031700864
19,35,0.12317671511132995,0.463548384165809,0.45940446612377883,0.49046170647600446,0.06837709934690972,0.09297829137846177,0.00020062914095000998,0.00037214295199198,0.4,0.3,0.6,65,0.1095879995992016,0.1148893094114103
19,36,0.11358066486537229,0.4452010960929122,0.4422286068228007,0.4916917412486402,0.053099038409924325,0.08431656074918198,0.00026591075614909,0.00048153188904517997,0.4,0.3,0.6,69,0.09562922825562,0.1024124448013639
19,37,0.10765323809641444,0.42515749618020776,0.4214379927992546,0.4692529725902145,0.09056351013227681,0.09013309063652056,0.0002551742895849,0.0004366284812685,0.4,0.3,0.6,71,0.0859814358030397,0.0975634820296221
19,38,0.10635499456488287,0.42279732526043307,0.41902310149840544,0.46174478905238747,0.0368017474834437,0.08831732989200633,0.00026028192087763,0.00043830639822463004,0.4,0.3,0.6,78,0.0857949330942481,0.0982775429859121
19,39,0.10613432457397279,0.4202578770902716,0.4163648133510969,0.46379802804497017,0.05392124989021701,0.09083571955703015,0.00026246371579837,0.00044918824592948,0.4,0.3,0.6,79,0.0829822885002135,0.0972751248457685
19,40,0.10592737137365744,0.4194162216621805,0.41549076850044847,0.4628532522323885,0.03916027750086053,0.09114209904009464,0.00026572036707559,0.00045489415624799004,0.4,0.3,0.6,81,0.0821875776152917,0.0976146547657641
20,0,0.9613849507947345,0.9901665578827505,0.9898377047092624,0.923653972624797,0.0,0.0,0.0,0.0,0.4,0.3,0.6,1,1.0647740081949262,0.9662726693215172
20,1,0.8100231115002848,0.9686737472278983,0.9665945621258103,0.8998034591712042,0.15778053518362034,0.0770856258957423,1.732747947593e-05,2.039442069083e-05,0.4,0.3,0.6,3,0.8476268368652019,0.8432532141813049
20,2,0.4706817753390178,0.8259073555347916,0.8191871311295642,0.7441165478181793,0.6999988444686859,0.0665954708240006,0.00025809916043734003,0.00027267601789698,0.4,0.3,0.6,4,0.4049764472265275,0.4306588175272232
20,3,0.4692873440310871,0.8261547499813795,0.8210916110626317,0.7478952440719516,0.030360177778479176,0.06822637314327433,0.00029951698256905,0.00031643302504766,0.4,0.3,0.6,6,0.3935858875153123,0.4295214788728929
20,4,0.4692049603863204,0.8268134186893689,0.8234444473487599,0.7518276653001814,0.0276687436219489,0.0682068222923394,0.00030360829546027996,0.00031878279796992,0.4,0.3,0.6,8,0.3923618877715338,0.4280237650144178
20,5,0.3974580705363952,0.782008098876162,0.7738216735167601,0.7059669534740673,0.13025909158839089,0.06666265434439124,0.00015261505479147,0.00019467568295964002,0.4,0.3,0.6,10,0.3706570524967694,0.4081205268911509
20,6,0.39287856523301967,0.7801541101182689,0.7735328706294414,0.7106310766787547,0.03762168466856231,0.06962456945501988,0.00033659116067882,0.0003577947526748,0.4,0.3,0.6,12,0.3199804468382434,0.3320157682639723
20,7,0.3315177577009984,0.7356275844832436,0.7275363309716538,0.6670205383265031,0.13420592922348246,0.06819152452097196,0.00034198630982295,0.00036888887134952,0.4,0.3,0.6,14,0.2724011546379024,0.2726602135122927
20,8,0.3290246938748063,0.7382417115423078,0.7300505205822393,0.6750303651356813,0.04366720442382025,0.08225775797678311,0.00033799471239101,0.00033192986886338,0.4,0.3,0.6,17,0.2522477930717266,0.29073874632447
20,9,0.301893324910225,0.7125749555708867,0.7052046254627704,0.6509603277727605,0.14349950927199262,0.08080993126019477,0.00082485048285395,0.0006975312360753001,0.4,0.3,0.6,18,0.2021646431407725,0.2380105543654366
20,10,0.26433892946451093,0.6771406231645891,0.6686723014930436,0.6139600273153665,0.19047519464846754,0.0749065400013051,0.00050972083296359,0.00045915766296874004,0.4,0.3,0.6,19,0.1898224824177981,0.2035215517788773
20,11,0.26331926985942977,0.6760734350567761,0.6675940650425702,0.6147992565573874,0.03103818472665174,0.07314356592453715,0.00046627630464725,0.00042827916298948,0.4,0.3,0.6,20,0.19274244291435,0.2046747934630851
20,12,0.2529630734848241,0.6658232719707545,0.65864845550007,0.6060113053395627,0.08592914247856527,0.0749065400013051,0.00050972083296359,0.00045915766296874004,0.4,0.3,0.6,21,0.1888424447943038,0.1813147500746473
20,13,0.24263415282161505,0.6552323198654301,0.6493184724361311,0.598850012174804,0.06368014623833408,0.07918557954989577,0.00047127781970767005,0.00045612435303955,0.4,0.3,0.6,23,0.1783355901976421,0.1742956362724514
20,14,0.2082804841778594,0.6151131976030549,0.6095899424478773,0.5637186738867561,0.12492725208053214,0.07463132900503754,0.00051937935632168,0.00046885244230427,0.4,0.3,0.6,25,0.1457735919796223,0.1430555831380576
20,15,0.20787563229170916,0.6143595560917258,0.6087756936034346,0.5627793839713485,0.04058031802351098,0.07732756970591795,0.0005022344079758,0.0004446829972274,0.4,0.3,0.6,26,0.1479247594190161,0.1445456203081957
20,16,0.18674672268578368,0.5844011239723257,0.5793929835227052,0.5343604914187605,0.19598437190930595,0.08441719199263549,0.00044267318025502,0.0004547144103201,0.4,0.3,0.6,27,0.1231642827338039,0.1331082418110914
20,17,0.17731687497956403,0.5739624832502686,0.5704626548848426,0.5285898049630002,0.03808187137625769,0.07067350334193467,0.00041170941891775,0.00039049802016159,0.4,0.3,0.6,30,0.1568895012545183,0.1436833631574445
20,18,0.17537868825769223,0.5688420778369168,0.5634251132272842,0.5174974436490041,0.04636213789317485,0.07612671203575742,0.00042960510616766,0.0004333948575565,0.4,0.3,0.6,32,0.1458124722542512,0.1549631207333119
20,19,0.16914904503185196,0.5617404184849326,0.5611330732168278,0.5239154021922485,0.05028229936723538,0.0739553032636871,0.00037486043163912003,0.00034735687310012,0.4,0.3,0.6,34,0.1462055383867905,0.1361785571331068
20,20,0.14876312977692524,0.5264519926146901,0.5246684074418402,0.48978878760851635,0.08642584043202076,0.07351415549848136,0.00044230398104328,0.00042085019218322995,0.4,0.3,0.6,37,0.1203002308647083,0.1247284029588369
20,21,0.1470982535642811,0.5240506898377264,0.5238586260969235,0.49452017877672444,0.034822477557695804,0.07351485869315648,0.00044689326809508,0.00042419791366208,0.4,0.3,0.6,40,0.1204537759587156,0.1205098956689457
20,22,0.14449596142416857,0.5200045409258196,0.5197093941999757,0.49187421473575416,0.03383116464730486,0.07131807619027951,0.00035298588533276,0.00033036987944977,0.4,0.3,0.6,43,0.1239336735347964,0.1093849287978482
20,23,0.1406268479874618,0.5094439893713677,0.5086898974116535,0.4886248699777265,0.09850910087478736,0.07881725670479382,0.00051198867048861,0.00052462390441599,0.4,0.3,0.6,44,0.1239096803443896,0.1146855327943846
20,24,0.12637344593014757,0.48092069114530595,0.4825660859980164,0.46503867493937484,0.10363024925900742,0.07851124875086894,0.00032890818677611003,0.00035116456006163997,0.4,0.3,0.6,46,0.1056623389526924,0.1038440043225488
20,25,0.12355488123212606,0.4721436425446218,0.4701279542259123,0.44786694323587317,0.07156732295830169,0.08027635863418273,0.00033296466358515,0.00035610469100322,0.4,0.3,0.6,47,0.1009926065226185,0.09457691856135
20,26,0.12266815514300895,0.47136535004874247,0.4710101756688261,0.45044585783004853,0.037071752257071926,0.07921457467258299,0.00032263640714227,0.00034156866710277,0.4,0.3,0.6,48,0.1020324968293247,0.0903162401274702
20,27,0.12289357887404273,0.4706332374463405,0.46856782815462644,0.4461971110747401,0.03452934331243078,0.08021636232216432,0.00033398699260202,0.00035689376756614,0.4,0.3,0.6,49,0.0997867975658925,0.0929375079049364
20,28,0.12306234257168479,0.47060669456503007,0.47018424615783144,0.4518535568091699,0.040867121232579864,0.08235236940911436,0.00031496203388965,0.00034149367987661996,0.4,0.3,0.6,50,0.1066128965442181,0.0952120338720851
20,29,0.12067370915103405,0.4654371909791532,0.4631991527868383,0.438104117307557,0.04107188292405166,0.08015959713618824,0.00032274788535879,0.00034423210994005,0.4,0.3,0.6,52,0.0992088649943369,0.0883255466520201
20,30,0.12093606460233451,0.4668938060581379,0.46968926831126967,0.46683058965989344,0.03714965475407292,0.08242388990414165,0.00032142263748976,0.00038005348499978,0.4,0.3,0.6,54,0.0981359331700565,0.0922471741067143
20,31,0.120735196471917,0.46609506632620346,0.46885629820014946,0.4659218583332805,0.03848086405310545,0.08296617997418634,0.00032887779488296,0.00038901807438882,0.4,0.3,0.6,55,0.0967096372577178,0.0922087105783175
20,32,0.11707202843904463,0.46377584837072877,0.46992423080660073,0.4828421432161993,0.02992848067387773,0.07366713944364871,0.00052909759699035,0.00046492692812463997,0.4,0.3,0.6,79,0.1023318071721181,0.1020709932040721
20,33,0.10004614553584819,0.42273513642201965,0.4358743572044282,0.4842433110799446,0.10168412513676417,0.07338018109229169,0.00052793184233254,0.00048004275474833005,0.4,0.3,0.6,82,0.0801927767597055,0.0758780115865283
20,34,0.09983571535645504,0.4242527743126518,0.44245856952720863,0.5383319706758167,0.029935642308671354,0.07337680092495925,0.00052848033796926,0.00047945832254373,0.4,0.3,0.6,103,0.0801364236518826,0.0757725639961779
20,35,0.09947505752713597,0.4252677198044112,0.44852209277036675,0.6566337984886157,0.02996257546885083,0.07346299810362611,0.00052814789269658,0.00047902983462456,0.4,0.3,0.6,145,0.0797420544144132,0.0753487528403308
20,36,0.09942573845559646,0.42793884636186946,0.4579700123518982,0.7196998454918612,0.029876937917343752,0.07347967565367221,0.00052817287018484,0.00047894965962742,0.4,0.3,0.6,165,0.0797452680765495,0.0753251306814365
20,37,0.09908776041994542,0.4268100069231597,0.45514131177840716,0.6988331872309715,0.029613519825258974,0.0727564518453373,0.00052227783242021,0.00047490821993086,0.4,0.3,0.6,174,0.0804613268588308,0.0756463090332177
20,38,0.09928259184497261,0.42979036829379774,0.4649018012599716,0.7793169600078724,0.02978251027668118,0.07328660520405743,0.00052810805353248,0.00047923069583321,0.4,0.3,0.6,188,0.0797019050783221,0.0752747617811141
20,39,0.09913272668782025,0.4288028467572918,0.4622120265989259,0.7463275522337413,0.029816985993274897,0.07308509638313879,0.00052889093644446,0.00047856434197501,0.4,0.3,0.6,195,0.0804122279559074,0.0759042357085637
20,40,0.09878756409493676,0.42786929676174695,0.4629080444256192,0.7801590463892857,0.03192956205073462,0.07391741004340094,0.00052839950951265,0.00047956270743772,0.4,0.3,0.6,200,0.0798286240269279,0.0742993418932383
21,0,0.9876674772154347,0.9969006449169419,0.9967970090862464,0.9311099666530754,0.0,0.0,0.0,0.0,0.4,0.3,0.6,1,0.9587867327825598,0.965293877658265
21,1,0.8330982347653989,0.9722557229618554,0.9704740907881182,0.904339304905535,0.14721608419599663,0.06380313056192466,1.700286104705e-05,1.483214800142e-05,0.4,0.3,0.6,3,0.7332803034402512,0.84256132052939
21,2,0.47155333494227997,0.8263774273963393,0.8196736116839869,0.7446389813277016,0.7407556374433367,0.06663482869115359,0.000254513355971,0.00021471691722705,0.4,0.3,0.6,4,0.4052666471075912,0.433792030092772
21,3,0.34832451000724896,0.7476398136978919,0.7383064424577555,0.6618319165284121,0.21744768662483888,0.06662840626499401,0.00013702619715757,0.00011207040276131001,0.4,0.3,0.6,6,0.3170486276334393,0.3521299296324057
21,4,0.3399262497805659,0.7426915958829735,0.7365365212167018,0.6630420268806926,0.034482611029410054,0.06663554692125614,0.00014076681738684,0.00011131008157203999,0.4,0.3,0.6,10,0.3151752200772708,0.3385340088229884
21,5,0.3225924027210814,0.7301944198755065,0.7252131129425572,0.6526779927092207,0.06702167975738205,0.07243611755285022,0.00024383619317866001,0.00019281125379388,0.4,0.3,0.6,12,0.3068732182135967,0.333478787907765
21,6,0.3179603378199104,0.7266580999038311,0.7216390090368643,0.6684081680270112,0.03117535117689222,0.06666398648908058,0.00013387835494745,8.464222308097999e-05,0.4,0.3,0.6,14,0.2823757671116254,0.2855820594906347
21,7,0.28243949617722847,0.6966944177349186,0.6923440097594907,0.6398454413478869,0.10207197931856775,0.06661035987975258,0.00022960812744953,0.00013865491674395,0.4,0.3,0.6,16,0.2817729102710147,0.2477366779550761
21,8,0.25026613952760557,0.6683582214275581,0.6646714131545677,0.613059732455631,0.11032129862597695,0.07092255363931788,0.00038768644641337,0.00021363053970292002,0.4,0.3,0.6,18,0.2619044001204907,0.2171510793490524
21,9,0.21280413931394837,0.6217684438625692,0.6181633715132369,0.5687523998697004,0.1372223973144564,0.07323410432515834,0.00043244947217117,0.00026114600657174003,0.4,0.3,0.6,20,0.2285282343484554,0.2055433479999175
21,10,0.20969082130134226,0.6185788061179237,0.6165442662652473,0.5719346776743871,0.038538675960467124,0.07282083804029324,0.00046783990886573,0.00025779826235913003,0.4,0.3,0.6,22,0.2295211601142167,0.1911522446151497
21,11,0.17161053110523922,0.563780022161095,0.5582448987559305,0.5113556477977277,0.29107081896376996,0.07257267205259164,0.00041952705992378,0.00026047465880423,0.4,0.3,0.6,23,0.2073223708620263,0.1523322356113307
21,12,0.168922767447447,0.5602333388710681,0.5562544350596704,0.5125589594292019,0.03929932592851428,0.07238256685669227,0.00041047757450715,0.00024881520912065,0.4,0.3,0.6,25,0.198017338176369,0.1486540933569819
21,13,0.1674095568786691,0.5574055615287322,0.5533112522228485,0.5116274620948227,0.04664129482621778,0.07385815804095278,0.00048018310434854,0.00026899455303948004,0.4,0.3,0.6,26,0.210028455880377,0.1464425536545525
21,14,0.1568858169223426,0.5353030245830741,0.5302855074630497,0.49030497928299754,0.16921988174707936,0.08774143417657708,0.00036008579998727,0.00025092461200323,0.4,0.3,0.6,27,0.1814376200562573,0.1495334043010033
21,15,0.15587663837671187,0.5334637873964678,0.5300283909755663,0.4934889241306001,0.04443957134564917,0.08969193572668893,0.00045215416515813,0.00031508215114831,0.4,0.3,0.6,29,0.1828057658251186,0.1557021124171221
21,16,0.1489415705885808,0.5235610239785975,0.5199122096505656,0.4875859379063794,0.06359206067183121,0.08097049905966267,0.00043561093912661,0.00027071102370744,0.4,0.3,0.6,30,0.1777523089891216,0.149275869662441
21,17,0.1485931682950963,0.5228466304513001,0.5191718203545815,0.4867890045352796,0.03652160872736454,0.08112729066170396,0.00043583868053741003,0.00027112417697862997,0.4,0.3,0.6,31,0.1776061719680128,0.1493982110201533
21,18,0.1402182856897158,0.5048675064313325,0.5021898024299076,0.4768786717593681,0.13623195249557868,0.0866289591895541,0.00040544743472127,0.00028736299277447,0.4,0.3,0.6,32,0.1714365936070102,0.1323054937480491
21,19,0.1308534991509159,0.491340947566896,0.488394423827091,0.46406762986575617,0.049116765757433095,0.0728970103617164,0.00040886583592873,0.00029417198969741,0.4,0.3,0.6,34,0.1734122931821372,0.1252298773350572
21,20,0.12411244738264261,0.4793728949750235,0.47775474476943586,0.45416159830158687,0.05433573763584817,0.06865883914968136,0.00047372031042593,0.00026521643384275,0.4,0.3,0.6,36,0.1676478804237583,0.1237517420014776
21,21,0.12277554441053959,0.4731725639899711,0.4712627025705108,0.4568363919231241,0.07253252586228834,0.07508599848497773,0.00039649957947551003,0.00022481551960347001,0.4,0.3,0.6,37,0.1577893945987595,0.1074680785703949
21,22,0.11991595126800215,0.46875294473554663,0.4684058899141903,0.4553622542838343,0.04824129602746363,0.07215767101761963,0.00041875232899194,0.00023876569084317,0.4,0.3,0.6,38,0.1595045323284635,0.1142256963644798
21,23,0.11631824351534484,0.4578273683684593,0.4570589854127478,0.45302912332594925,0.09190434351777113,0.0762875588387258,0.00045700468682689994,0.00025726335792785996,0.4,0.3,0.6,39,0.1513577968373105,0.1011583707479282
21,24,0.11630180838848314,0.45920102874125934,0.4618224468962217,0.4715979499977394,0.030853237180167883,0.07628565002611246,0.00045724538299395,0.00025756154697202996,0.4,0.3,0.6,43,0.1512868080711061,0.1009861151846168
21,25,0.11248080055587412,0.4542896056479082,0.4568491852358179,0.4664946711548254,0.03076048245942288,0.06858774880765114,0.00048314108486502,0.00027293983643657,0.4,0.3,0.6,46,0.1569104105432968,0.1023108527054793
21,26,0.1117746817824294,0.45313087461941154,0.45732108255785153,0.4790548817845224,0.032521499709952884,0.06877656193947826,0.00048398640039196996,0.00027401226842556,0.4,0.3,0.6,48,0.1545433212564751,0.1002095348282291
21,27,0.10528735676807939,0.43564268662603917,0.4392318865136794,0.4570555071790641,0.0718543858297853,0.06996556239760363,0.00048700073810068,0.0002881477297713,0.4,0.3,0.6,50,0.1483839467080708,0.0934857049484426
21,28,0.10481770791056406,0.43173855129047195,0.4334870379486846,0.45918140309444044,0.036470917092490285,0.07298465695140628,0.00040658640635400005,0.00022226267751470998,0.4,0.3,0.6,53,0.1377519802069517,0.0942053938760827
21,29,0.09450642740645311,0.40148720902982865,0.4038749908730454,0.42936270736924814,0.18326219144157482,0.07441916289664306,0.0004903922990159,0.00027356065344714996,0.4,0.3,0.6,54,0.1228433958329152,0.0771913846532347
21,30,0.09433834158243382,0.4019654225304803,0.40604577945868775,0.44406551412922957,0.0301565873192746,0.07410154469129471,0.00047153175153729997,0.00026303947743568,0.4,0.3,0.6,56,0.1222940521394206,0.0772400648443217
21,31,0.09444137720956235,0.402700216721138,0.40847241302890547,0.45132680730295166,0.03034733112835287,0.07441916289664308,0.0004903922990159,0.00027356065344714996,0.4,0.3,0.6,58,0.1226589069143615,0.0770521855196089
21,32,0.09251145135127145,0.3966231895728624,0.4021910966469312,0.4604008793484632,0.039987845728822274,0.07452390134669129,0.00047340406157531,0.00026631837184905,0.4,0.3,0.6,61,0.121662583986729,0.077632543271515
21,33,0.09235422814537143,0.3997491402780892,0.4137825645802991,0.520016979732911,0.030207876986706787,0.07445298306883781,0.0004627635037793,0.00025116760630318,0.4,0.3,0.6,74,0.1223447364112011,0.0804098243617759
21,34,0.09117313327429165,0.39704621555130837,0.411005218207915,0.5283547055986137,0.03175722667997174,0.07324597034184518,0.00047122359429016997,0.00025618740773723,0.4,0.3,0.6,79,0.1182366313095868,0.0964897903913052
21,35,0.09102255955697305,0.3946385477329944,0.40848791823859715,0.5228992066006825,0.0384008352209374,0.0754366347019813,0.00046303573265026,0.00025146578657924,0.4,0.3,0.6,81,0.1165335101116143,0.0826888217203048
21,36,0.08686031941352416,0.383706344935502,0.3988922276246209,0.526236163870357,0.04692180514581336,0.07316849126906325,0.00046281911412437,0.00026115439447274,0.4,0.3,0.6,84,0.1122028122597558,0.0854267293320047
21,37,0.0867586255344959,0.3849004601167299,0.40347185887050835,0.536865498884011,0.029713142509338222,0.07303862932598434,0.0004627960749819,0.00026090688606277,0.4,0.3,0.6,88,0.1121105014947243,0.0852139045017675
21,38,0.08548906902040625,0.3829099582179408,0.4014470940237566,0.5484269630414426,0.030200750886838636,0.07062620051217343,0.00046304087992276,0.00025928312309258,0.4,0.3,0.6,91,0.1113886923837535,0.0840503298401921
21,39,0.0855574286674948,0.3836555243039272,0.40388682886627864,0.5649880802033042,0.02872690223986998,0.07082768262001961,0.00046301194241904996,0.00025951348229991003,0.4,0.3,0.6,93,0.1114492055927689,0.0841112975556747
21,40,0.0855450346894926,0.38363321167144265,0.4038640479074566,0.5649641993752077,0.028651385716163144,0.07080790059830319,0.00046284219914093994,0.00025903090943598,0.4,0.3,0.6,95,0.1114591630683987,0.0836539647621903
21,41,0.08555763906585108,0.384855662237269,0.4084679481054192,0.6010628224928117,0.02889058498044141,0.07105163718140667,0.00046299801705335,0.00025983769440361996,0.4,0.3,0.6,103,0.111363084857582,0.0840450032247042
21,42,0.08607589421584257,0.38403487939108055,0.4059216083781764,0.6262769348815022,0.029933141463400134,0.07301104893321828,0.00046146612937985004,0.00025896531992,0.4,0.3,0.6,113,0.1115786932814981,0.0837726445316106
21,43,0.0860164083851435,0.38492262563712376,0.4101783901194317,0.6456973972083342,0.03123336792200695,0.073355699890759,0.00046660893021118,0.00025099636518672,0.4,0.3,0.6,115,0.1139495962609461,0.0810749223620372
21,44,0.08565533537225781,0.38503296412461857,0.41197314321062733,0.6365283367290693,0.030178469976508956,0.07269665105213367,0.00046599621208062004,0.00025202983912771,0.4,0.3,0.6,117,0.1141795103268327,0.0833642737067818
21,45,0.08519278067027498,0.38343054684875194,0.4086546872178279,0.6470913372963051,0.0320563707257094,0.07197256221602202,0.00048360067504011,0.00025404517180113,0.4,0.3,0.6,118,0.1150393269555212,0.0818100248347225
21,46,0.08558364748695177,0.3833473278492998,0.40854906746794506,0.6556199772729034,0.03129792143299044,0.07345789505028365,0.00046366994526767,0.00025157290052428,0.4,0.3,0.6,120,0.1142110872617097,0.081607632145654
21,47,0.08401451148293412,0.38236447446175703,0.4109183166826383,0.6530134741960881,0.03127129382881904,0.07037374076518768,0.0004778610002369,0.00025124067984711,0.4,0.3,0.6,122,0.1144758300550123,0.0824112741871323
22,0,0.9655637888507004,0.9912492577597463,0.9909566174675111,0.9237681889334552,0.0,0.0,0.0,0.0,0.4,0.3,0.6,1,1.0498862785433536,0.959278785430292
22,1,0.8269816847074567,0.9726114987247646,0.9707327477351649,0.9043836947933606,0.14381566673199325,0.07194833142427735,1.694003598638e-05,1.860766754055e-05,0.4,0.3,0.6,3,0.7713193360179231,0.8422410964752841
22,2,0.4626641938096669,0.8214681199768099,0.8145985119804576,0.7391984690528695,0.7507642075981202,0.06664001923887951,0.00027737531059825,0.00028104086332759,0.4,0.3,0.6,4,0.4367564900265449,0.4277289084473494
22,3,0.46152210284494827,0.8216481710950141,0.8164477695392537,0.7421043299330757,0.029076008622474062,0.0672750549448087,0.00028326568473976,0.00028851700897862,0.4,0.3,0.6,6,0.4332823106706077,0.4302262070140981
22,4,0.34543764534140614,0.7461876448315233,0.7384762487029846,0.6634232624024616,0.20889442792646692,0.06665988955104038,0.00014766208868968001,0.00015433337661243,0.4,0.3,0.6,8,0.324477406418188,0.3450124498957171
22,5,0.34453520530574133,0.7455053308890569,0.7377711533880056,0.6686540720917835,0.028453686109816037,0.06666432453053885,0.00014553629186980001,0.00015171441652392,0.4,0.3,0.6,10,0.3213720380618064,0.3440511414386824
22,6,0.33392339836499424,0.7382895639363287,0.73194930743192,0.6597651827534196,0.07165576214769853,0.06925313533083687,0.00021519918655958002,0.00022275737534409,0.4,0.3,0.6,11,0.2883864321214976,0.3426409891523886
22,7,0.3102612651742576,0.7195740436979841,0.7143170107151485,0.6469182208927892,0.05642202275964827,0.06663866061736823,0.00014825212061251,0.00014789730131207,0.4,0.3,0.6,14,0.3321879297681679,0.3066731487917397
22,8,0.2852695674969041,0.6982742679442816,0.6939775980195811,0.6326182824140457,0.0800423617042573,0.06657183345786197,0.00015634873038226,0.00015529940773665,0.4,0.3,0.6,16,0.2834201625670361,0.2763209917954244
22,9,0.2837125791875089,0.6968393209134812,0.6924950390897833,0.6310309420555571,0.03366513931341256,0.06650466246364174,0.00016697913867725998,0.00017602644318931999,0.4,0.3,0.6,17,0.289999409692341,0.2743313059909621
22,10,0.2546948352803559,0.6691385955464323,0.6654678389213561,0.6046121922297574,0.17717946398376183,0.07169425011222279,0.00026108536263238,0.00026287136857694,0.4,0.3,0.6,18,0.2392391013789487,0.2513639151084507
22,11,0.25178043487395,0.6660696757843946,0.662296102304005,0.6066064542714698,0.0363454110847795,0.07171324085947522,0.00025359401426335997,0.00026478973203812,0.4,0.3,0.6,20,0.208016761043329,0.2597849104427893
22,12,0.22235166002669585,0.6330633649406534,0.6281857102559958,0.5744143236469048,0.1092352023331366,0.07167384942275248,0.00025385758960432003,0.00031200214541773,0.4,0.3,0.6,22,0.1977669944692482,0.2228028875006512
22,13,0.21628603141867192,0.6269517045282226,0.6235425216085606,0.576945149951666,0.04674952789516797,0.07170215281598169,0.00022816410949042,0.00025990306250432,0.4,0.3,0.6,24,0.186437756958174,0.2196187272338173
22,14,0.2146107608676836,0.6236034959494234,0.6184116772268743,0.5717824220317754,0.03873026475583563,0.07154045240589219,0.00025079863660356,0.00029415640601571,0.4,0.3,0.6,25,0.1976313201672854,0.2122598124132833
22,15,0.19620590705724478,0.6002985121582092,0.5960002342753865,0.5554983968374032,0.08705275007939661,0.07153700917789316,0.0002410014345878,0.00025652831078313003,0.4,0.3,0.6,27,0.1697577072906565,0.1782634029511807
22,16,0.19316633765344746,0.5988341180199505,0.6011745723514872,0.5847807318678497,0.03110330115958512,0.07153700924813126,0.00024100143855148,0.00025652831723315,0.4,0.3,0.6,36,0.1642163079016911,0.186101210539425
22,17,0.19305010758669156,0.6017886874162728,0.6125544900597536,0.5924641793097625,0.03090000288783037,0.07399454062342684,0.00025955088169646,0.00025755272793886,0.4,0.3,0.6,43,0.1709533024920658,0.1514717132287569
22,18,0.19181303740161168,0.6013404833091415,0.6104481249158475,0.5982636966767598,0.031538627803019116,0.0718759804880035,0.00021382290429215,0.00026013806323366,0.4,0.3,0.6,44,0.1804269369614505,0.1498401078440626
22,19,0.1828845029806885,0.5868024245886604,0.5954214843477944,0.5911859397124044,0.060481823689614786,0.07169189773403373,0.00059228614243415,0.00031586790693742,0.4,0.3,0.6,46,0.174193739983447,0.1734501649150588
22,20,0.17474670069829482,0.575605101140439,0.5855444855769804,0.578089240189895,0.08296643626557759,0.07020287643337257,0.00031014335241295,0.00031165551017885,0.4,0.3,0.6,47,0.1502534768157878,0.1240900254822864
22,21,0.1621343050547282,0.5528728452850905,0.5586346144918153,0.5468150865902158,0.14682842870732105,0.07563917468160455,0.00034244680757144,0.00034125633033752,0.4,0.3,0.6,48,0.153198453360512,0.1196332502574434
22,22,0.14441400515594607,0.5257021841732507,0.5340456082349297,0.5322753277935327,0.08369501930695716,0.0646088873310353,0.00041222622106636,0.00036569366663374,0.4,0.3,0.6,50,0.1373243666322424,0.1203535214334601
22,23,0.12342981354233909,0.48011102708156633,0.48849631584594,0.49766596070350816,0.14934039371600646,0.07247113942037144,0.00033433778683664,0.00042458844940367,0.4,0.3,0.6,52,0.1088261082824535,0.0861238594940039
22,24,0.12341867569407797,0.4800854528522472,0.48846988561211846,0.4950886535323069,0.029465881485351276,0.07247113942037145,0.00033433778683664,0.00042458844940367,0.4,0.3,0.6,53,0.1088096895437742,0.0861077242191492
22,25,0.11471024570433591,0.45967112417640854,0.4690314380814297,0.48116309257415024,0.08188121646424668,0.07346273841831606,0.00034336777234508,0.00042863849250223,0.4,0.3,0.6,55,0.1073801436351018,0.0820233559916662
22,26,0.10051316900584302,0.42532587594120996,0.43359765442333903,0.45738282082389503,0.08056406753078478,0.06883790694129721,0.00040871492117926,0.00049202797668279,0.4,0.3,0.6,58,0.094076966693767,0.0757510076887506
22,27,0.09944200085940388,0.4237859498040418,0.4336922529267365,0.4583153281632471,0.031957348388346005,0.06784574057529134,0.00039299545049874,0.00045903686282663004,0.4,0.3,0.6,60,0.0941004008593376,0.0818405404250591
22,28,0.09339810010052225,0.40585856220273075,0.4135003355184939,0.4437989741671212,0.10984792760725616,0.06734318355309228,0.00036125085158426,0.00046803468605210996,0.4,0.3,0.6,61,0.0913652074011137,0.0721475322864309
22,29,0.09233891183256043,0.4035190508497539,0.4160778798345526,0.46663384619888026,0.032053526226167486,0.06889730228158021,0.00036672622685076,0.00045062754621667,0.4,0.3,0.6,67,0.0890984618348388,0.0731818386375633
22,30,0.09130886451925994,0.40082692587974106,0.41330386087833654,0.47105805693208747,0.033592208026841715,0.06834897777602467,0.00037371931754743,0.00040760150823594004,0.4,0.3,0.6,69,0.0894120026221162,0.075918650672911
22,31,0.09097862331563013,0.40172624247826816,0.4175852157083698,0.47865022470427615,0.027783754730072045,0.0677733716632096,0.00036391822168464,0.00039191203079509,0.4,0.3,0.6,73,0.0912789886398172,0.0807566852753074
22,32,0.08917948206674511,0.3949272431744548,0.4105413291130716,0.4927583357511077,0.035083530592344286,0.06900227488539183,0.00036299125069189,0.00044718778197819003,0.4,0.3,0.6,78,0.0873730551783206,0.0719935004026454
22,33,0.0884556581054766,0.39476129601707927,0.4137248904946113,0.491448242974502,0.029658386261687614,0.06819844714219021,0.00035782115709917,0.0004272812894767,0.4,0.3,0.6,81,0.0843202402679251,0.0729238765709732
22,34,0.08656243767704191,0.3903773791721458,0.40922038203866595,0.5025458696661204,0.0327017020823359,0.06628201352135958,0.00035683119249564,0.00040890434841773,0.4,0.3,0.6,84,0.0842173796824053,0.0749250337435467
22,35,0.08714076241848696,0.38761021632967774,0.39964598388952727,0.4510087946805142,0.028581482391703196,0.06827972247460207,0.00036445401028107,0.00041964837237365004,0.4,0.3,0.6,88,0.0849997482938873,0.0728511629187731
22,36,0.0884110084417756,0.39304262041837945,0.41690969378513537,0.5422663232531153,0.034679284591838146,0.07221721402527714,0.00038394173005933997,0.00046792935465308995,0.4,0.3,0.6,89,0.0866027808920808,0.0689798830302407
22,37,0.08790430601666446,0.39310796306587925,0.41866411224408884,0.5529039176303711,0.029069423666242634,0.07111100399527845,0.00038085253585778,0.0004605382218474,0.4,0.3,0.6,93,0.0861109200834912,0.0688453948292285
22,38,0.08705623333367657,0.3913619679338978,0.4185367059919914,0.5628075642780721,0.031474663209890216,0.07072856212349886,0.00038287542446782,0.0004629437455197,0.4,0.3,0.6,97,0.0870706167998701,0.0689181300205038
22,39,0.08647121691868877,0.39010112713183176,0.4189053476350879,0.5744516672238416,0.031088110698512993,0.07074219541858831,0.00039399236523302,0.00046241142494671,0.4,0.3,0.6,101,0.0861481242212693,0.069596245424881
22,40,0.0862280173094483,0.391404004788723,0.4252675352638073,0.5991646269994669,0.02918966759298394,0.07074339478733314,0.00039516002890485,0.00046295803047505,0.4,0.3,0.6,109,0.0877871570798744,0.0686887464364726
22,41,0.08581957600653362,0.3896986760659246,0.42516251969553664,0.6105370196306232,0.03189051913269795,0.07177135735410596,0.00039459317841673,0.0005049695384775501,0.4,0.3,0.6,114,0.0854087763168303,0.0681606458299309
23,0,0.9661155922704917,0.9913918782932346,0.9911040119335116,0.9239260986359915,0.0,0.0,0.0,0.0,0.4,0.3,0.6,1,1.0473230421630455,0.9598162938814014
23,1,0.9368121603434302,0.9977554678905017,0.9970376307191506,0.9314897416844052,0.05040089381634969,0.04804506700229666,3.623769645914415e-06,4.223355781065226e-06,0.4,0.3,0.6,3,1.000494324172153,0.8742056420729176
23,2,0.6586728744793321,0.9126465971101673,0.9088313038536212,0.8401694845263082,0.4759916522846191,0.06664709906404721,5.9266726322929994e-05,0.00011326137394505999,0.4,0.3,0.6,4,0.5306616526460269,0.6490078038030361
23,3,0.6348176635244139,0.9021900654611561,0.8980784969971248,0.8300219425555332,0.06811723243053071,0.06271564564724416,3.429874252193e-05,8.637422411591e-05,0.4,0.3,0.6,5,0.5255639013152761,0.6280218202000182
23,4,0.3437070760119577,0.744166167473377,0.734715866613028,0.6571393490984122,0.8010865512489802,0.06663784796575578,0.00013421517882898,0.0001461508704634,0.4,0.3,0.6,6,0.3674826026611136,0.3626632003121082
23,5,0.3282132406818395,0.7331535342711498,0.7249545993025966,0.6478855232998818,0.06055653924786892,0.07041216280038723,0.00019057994701754,0.00020752813051771999,0.4,0.3,0.6,8,0.346606223393181,0.3513043491258661
23,6,0.32734577006735077,0.7331108974242041,0.7265916224825639,0.6591676177107899,0.028843686009077853,0.06970064631357306,0.00020136999566316998,0.00022237760420382,0.4,0.3,0.6,11,0.3451741595332407,0.3437071370056046
23,7,0.3275295093354513,0.7340188316355012,0.7291927104803035,0.6623988130393569,0.0286913962559278,0.07041216280038722,0.00019057994701754,0.00020752813051771999,0.4,0.3,0.6,12,0.3453921609985712,0.3430084756723996
23,8,0.270160015573102,0.6839941048259714,0.6792199798628642,0.6125705651582503,0.07444428035749624,0.0666665616762242,0.00011632847610329,0.00010986314443514,0.4,0.3,0.6,17,0.290078287469084,0.2674089827295521
23,9,0.2074442772122578,0.6144293779328074,0.6089323948460963,0.546161490439839,0.2041949528484113,0.07155157633174823,0.0002373616373077,0.00021435815261394998,0.4,0.3,0.6,19,0.2326534704042759,0.1997034571161271
23,10,0.19224979705864262,0.5944729206356284,0.5899605555011249,0.523218504153958,0.0809704402650255,0.0729537611715978,0.00026618787668464,0.00026041906004871,0.4,0.3,0.6,21,0.2055460229772883,0.1779376251749365
23,11,0.1922412487992328,0.5944608882410582,0.58994812719391,0.5274423769653914,0.029475642305275385,0.0729537611715978,0.00026618787668464,0.00026041906004871,0.4,0.3,0.6,22,0.2055464377376013,0.1776927002872657
23,12,0.1841233376038897,0.5835002132961461,0.580292538201061,0.5213064096608325,0.0860610730151676,0.07297453887294444,0.00027589639051606,0.00025874067051843,0.4,0.3,0.6,23,0.1942255269920711,0.1707614012233178
23,13,0.1396609251091611,0.5078695709980828,0.5021302646884207,0.4375618841796007,0.21310040287313858,0.07316844751625795,0.0002700027640982,0.00026486515579608,0.4,0.3,0.6,25,0.133891619709731,0.1086530273305244
23,14,0.09758773730528425,0.41068489069362246,0.40176103153306014,0.33585360810966036,0.25849810982792915,0.06828715878469724,0.00027390970402221,0.00026929252773246,0.4,0.3,0.6,27,0.0933159226206447,0.0892348464785686
23,15,0.09648628007238379,0.40817181304126904,0.40083540496058145,0.3463114856295742,0.035403318061222946,0.06831817388681441,0.00027473464287247997,0.00027027004050012,0.4,0.3,0.6,29,0.0910451234054529,0.086720526224371
23,16,0.09415868179417847,0.39982740887239054,0.3921875811283701,0.3430169405829651,0.050303735831241675,0.07014353351557796,0.00027414424835659,0.00026950750809608,0.4,0.3,0.6,31,0.0903164610502096,0.0840584304710731
23,17,0.06876337323351761,0.31268617041784974,0.30383935664178985,0.2554021414340337,0.23785581300386732,0.06748334049948165,0.00029570652376078,0.00028987071634892,0.4,0.3,0.6,33,0.0591441482537766,0.0570694999860982
23,18,0.06737593248003416,0.30571542496960447,0.2982890766163194,0.24827341541001238,0.04810198400683995,0.06885442570331424,0.00029668157249270003,0.00029094601853889,0.4,0.3,0.6,35,0.0583633898496211,0.0508075600909644
23,19,0.0653305254195547,0.29708321691026773,0.29104014740772366,0.249080932965144,0.04999034094653669,0.06885442570331424,0.00029668157249270003,0.00029094601853889,0.4,0.3,0.6,37,0.0555157056833977,0.0495244503121727
23,20,0.05484373654508932,0.2456909875814384,0.23627350920488477,0.190566543680337,0.27093418755942134,0.06761314106115406,0.00031469093399139,0.00031223494213501003,0.4,0.3,0.6,38,0.0463575409534214,0.0478809952863252
23,21,0.05455444616627602,0.24376229743424316,0.23427809655215287,0.18842149390440815,0.037009786611432074,0.06778156545432543,0.0003141220271904,0.0003113371149405,0.4,0.3,0.6,39,0.0457122459099091,0.0473309170133102
23,22,0.05616914377447246,0.24370120507199525,0.23581575222143303,0.2077054596691554,0.03301713428380648,0.07309874109655914,0.00032747690868903,0.00030558156255872,0.4,0.3,0.6,43,0.0444373216955521,0.0403995012348419
23,23,0.04683963033586934,0.19331952255233023,0.18546612626493228,0.15278754869488204,0.14881342737507167,0.0697110653011678,0.00033265051033492,0.00032758509618421004,0.4,0.3,0.6,45,0.0359213837532681,0.0358013343091528
23,24,0.03976103212023356,0.1417484857120075,0.13218168371000827,0.10933134785406053,0.1521059946429541,0.06874547364970071,0.00038092143916398,0.0003964479648942,0.4,0.3,0.6,47,0.0312245460044588,0.0334620370154588
23,25,0.03631185361991667,0.11159205508941872,0.09935030390496608,0.07926040797967163,0.169741402683428,0.06842537256649253,0.0003753979731612,0.00034537804378515,0.4,0.3,0.6,48,0.030417257681907,0.0337395597055966
23,26,0.034492223483351014,0.10061798158358164,0.08970380255324192,0.07493495428685788,0.08051296379588462,0.06677402708755553,0.00035067183974511003,0.00033210828924646,0.4,0.3,0.6,49,0.027129917156722,0.0313748067319967
23,27,0.033598911258596854,0.08360419824219258,0.07209243373210587,0.05251344714702672,0.11455273932841224,0.06886549223261111,0.00037874275222788,0.00035316834225225,0.4,0.3,0.6,50,0.0276672608448373,0.0308653258575369
23,28,0.033237351348593736,0.07972107712788246,0.06807944870682871,0.04138024608468222,0.046555105412591294,0.06886549223261115,0.00037874275222788,0.00035316834225225,0.4,0.3,0.6,51,0.0271598499549364,0.030811667243632
23,29,0.03317523935285822,0.07986861279185778,0.06990421602011537,0.06466057855431857,0.028746476490383442,0.06883702111583298,0.00037899447493501,0.00035347645496225,0.4,0.3,0.6,54,0.0269070783098697,0.0303577591009237
23,30,0.03251067724183459,0.07930349775042683,0.06934236291713415,0.0692212894349284,0.027245484720734004,0.06718867686570673,0.00037575226388697,0.00034943923698256996,0.4,0.3,0.6,56,0.027241046702702,0.0318867494984053
23,31,0.03201950100976395,0.07757599519004538,0.06756950154989327,0.07444866769004539,0.03311122086019359,0.06625973108339664,0.00037644050514207,0.00034996742922694,0.4,0.3,0.6,57,0.0278036688394754,0.0335621199683102
23,32,0.03274536304461067,0.07420112844959094,0.06404387309836938,0.0705785963698305,0.0495528192531465,0.06908266462558282,0.00038156932613288,0.0003553454764403,0.4,0.3,0.6,58,0.0274143340203822,0.0295681570980017
23,33,0.03253053127882325,0.07243949411025176,0.062225361690703945,0.07578293954137565,0.036147783037045945,0.0689313618051271,0.00037971232419198,0.00035577800933836,0.4,0.3,0.6,59,0.0267384773906085,0.0289304743525551
23,34,0.03191651169239042,0.06956172257922037,0.06260358815896333,0.07218341857746498,0.037496401487513396,0.06838444988912686,0.0003396829592,0.00032300071018311,0.4,0.3,0.6,61,0.0253426141633492,0.0277447075855618
23,35,0.031819841205400504,0.06916971286331125,0.06387041681276426,0.08348103108653271,0.030287414248270188,0.0683838518639879,0.00033969288890541,0.00032298559683251,0.4,0.3,0.6,63,0.0255917540003349,0.0271412692846467
23,36,0.03162586146618556,0.0648375117318409,0.05437756330801411,0.027649239969902213,0.03031993399755716,0.0683838518628567,0.00033969288892409996,0.00032298559680384,0.4,0.3,0.6,67,0.0252501626733076,0.0271499639919788
23,37,0.03092363520976064,0.06165386485247861,0.061121233775086437,0.12072419424914846,0.03204537482351643,0.06817265681106677,0.00035723960494516,0.00034489111165324,0.4,0.3,0.6,75,0.0254765048201057,0.0274303289766685
23,38,0.030681275241578564,0.055818169166858576,0.050072014623228946,0.09913111232140884,0.046047845942440366,0.0683527619409968,0.00037134590774285,0.00034807307148604003,0.4,0.3,0.6,76,0.0231022133320277,0.0249796763762671
23,39,0.030140977759760434,0.05068316586564215,0.04476945527248409,0.08243426927248008,0.03968682553877781,0.0680415973107705,0.00037270454749193,0.00034826645275976996,0.4,0.3,0.6,78,0.022534354152575,0.0245833159526946
23,40,0.027829781083938847,0.02725785001191066,0.02725785001191066,0.08771543924466993,0.09023780056446726,0.06733058191329314,0.00037464764815016004,0.00035537158691393,0.4,0.3,0.6,80,0.0210006872229798,0.0235997324768777
23,41,0.02725959370328421,0.03700370700163566,0.06242680369781538,0.31645427813638066,0.02673823777750462,0.06593768522007423,0.00037128174511925,0.0003730971447258,0.4,0.3,0.6,133,0.0217390681405048,0.0268232674628898
23,42,0.027245214657726547,0.03768164919920229,0.06479977901394736,0.3281782384555195,0.026734657635941902,0.0659139567385775,0.00037113936480023,0.0003669365551886,0.4,0.3,0.6,135,0.0217187993051148,0.0271044656751434
23,43,0.027206807557391657,0.03646883114509984,0.06187450790036989,0.33061314071950565,0.02730875873835689,0.06590162142634297,0.00037131962552256,0.00037348125857882003,0.4,0.3,0.6,139,0.0216388131960945,0.0270297511814197
23,44,0.027217041967665206,0.03882624816287576,0.07099683123883846,0.3595572446920898,0.027103095610947453,0.06601111105316593,0.00037675925095723,0.00037862274401257,0.4,0.3,0.6,146,0.0215723595758377,0.0258614798108774
23,45,0.026980815421319485,0.03789854572827603,0.07338427786725756,0.4115725548095155,0.027677222501202452,0.06587671705653708,0.00036912913494793,0.00035692018232438003,0.4,0.3,0.6,157,0.0236014757303147,0.0262482184515415
23,46,0.026949677743611435,0.03591775401836159,0.07133316223763488,0.44297875301452627,0.027647747349115286,0.06613244866278215,0.00039099628895093995,0.00037927914229712,0.4,0.3,0.6,169,0.0236513326318546,0.0269301835965704
23,47,0.026757417301366968,0.0404567418938352,0.08773326534648775,0.5014356833141985,0.026724642375970515,0.06573205291787271,0.00037030460394739,0.00036418036090979,0.4,0.3,0.6,180,0.0239963047186535,0.026157089270323
23,48,0.026491595185349773,0.04110182335048832,0.09008126741120208,0.6057783137419307,0.026399485064912787,0.06496102464862837,0.00040120599127736994,0.00039304412935048003,0.4,0.3,0.6,194,0.0246431526255124,0.0270615083305684
23,49,0.026649918706120147,0.03872228356342164,0.08260001451108064,0.6084042839457987,0.026827615908672768,0.06546747690709327,0.00037756740072681,0.00038569519348941,0.4,0.3,0.6,195,0.0236555402202366,0.0264839867810544
23,50,0.026139194105890558,0.03917409455796513,0.08642666767384534,0.620041894577531,0.02840948731312939,0.06427504267762577,0.0003817098701516,0.00038596763170734,0.4,0.3,0.6,196,0.0241285520361046,0.0273102649031064
23,51,0.026107039606298735,0.039695826623748695,0.08863844839758409,0.5978742411823204,0.026302113628213664,0.06419956832612839,0.00040229033608685005,0.00039225494604291,0.4,0.3,0.6,199,0.0246347388392579,0.0268625838240521
23,52,0.027050985971390412,0.039724957307854566,0.08863461007745778,0.6201634145178822,0.031829869069630035,0.06676147692404497,0.00038584946015311,0.00038440060621082,0.4,0.3,0.6,200,0.022958732024784,0.0274589578121139
24,0,0.987696308970107,0.9969078902298013,0.9968044938188523,0.9311179919518757,0.0,0.0,0.0,0.0,0.4,0.3,0.6,1,0.9590043219271728,0.9685151485067162
24,1,0.8203311621693272,0.9725247065572098,0.9705458088403993,0.9039759790767933,0.16771042837477657,0.07921741314875938,2.0246778039590002e-05,1.9114922686949997e-05,0.4,0.3,0.6,3,0.8164298960612532,0.8483764670132358
24,2,0.4632044640486802,0.821745886578038,0.8148874212706124,0.739511514305202,0.7345635858145197,0.06666390664331447,0.00025518488466213,0.00018389712380978,0.4,0.3,0.6,4,0.4353601734662666,0.4310476309180626
24,3,0.4186873949812039,0.79745234153073,0.7913462028029133,0.7230869632870158,0.06425882800414993,0.07466826124367229,0.00026043228312116996,0.00019001819354319002,0.4,0.3,0.6,8,0.358434442607734,0.3641629849118037
24,4,0.4172911550463376,0.7992420818375614,0.794690171306797,0.7310413724037861,0.04049409237329695,0.08771866151830657,0.00043422745465188995,0.00025280448913627,0.4,0.3,0.6,12,0.3995940348439916,0.3398919705875003
24,5,0.40719396244480754,0.7915052185278493,0.7868125114070598,0.7246543224179959,0.052267185514920676,0.07897275996644507,0.00037505468209676,0.00023711655967995998,0.4,0.3,0.6,13,0.3944847076411374,0.3468070946090842
24,6,0.3247018068291185,0.7314761780662694,0.7266114194452441,0.6690379868011391,0.1172510063173186,0.06666471596861827,0.00037178615453505,0.00030437517158803,0.4,0.3,0.6,16,0.3050613325640581,0.3452046570630185
24,7,0.3174676358742307,0.7255810926304063,0.7205205253248912,0.6645227466710666,0.05532865645056051,0.06663076153196593,0.00034750552362405,0.00027397770462193004,0.4,0.3,0.6,17,0.2977681283251475,0.3293948143635634
24,8,0.3141218302861061,0.7235170814645075,0.7200596633473976,0.6646807881082714,0.040314272234666555,0.06663772466011439,0.00033516463103342,0.00026141351535277,0.4,0.3,0.6,18,0.295952849555804,0.3247322381513567
24,9,0.31354110555853687,0.7230337030144512,0.719560465561012,0.6682766957805861,0.02921125463791807,0.06666244786975412,0.00030968462966816,0.00024169347413183,0.4,0.3,0.6,19,0.2931935376736564,0.3199029305687128
24,10,0.28820212944116086,0.7026295398288681,0.6983350040956867,0.6452928481373942,0.1565497886561192,0.07604111831753649,0.00116921386255349,0.0004882733930675,0.4,0.3,0.6,20,0.296831107538191,0.2465519847512534
24,11,0.27076444028007984,0.6854453148825519,0.6822337497731593,0.6372277294209542,0.1142100323119434,0.07816892087027386,0.00028072813637549,0.00022754571609397001,0.4,0.3,0.6,21,0.2736359146139295,0.2426468234049679
24,12,0.2526024102662675,0.6671676673735506,0.6648633793639417,0.6214595098224045,0.09311706203577892,0.08955007141546217,0.00034426246420406,0.00025928697933037,0.4,0.3,0.6,23,0.2679603538300477,0.1992038496396912
24,13,0.22567039222092863,0.6378260015508816,0.6361960248033964,0.6045167678201596,0.11316577712421551,0.09086655910680756,0.00030150355952345,0.0002241380995575,0.4,0.3,0.6,25,0.192624070096454,0.1717583815158533
24,14,0.22562224649173693,0.6377603259146128,0.6361274163142917,0.6044416492420283,0.03701103383968689,0.0909232115833874,0.00030097249873578004,0.00022337598150588,0.4,0.3,0.6,26,0.1929517238712794,0.1720977045872081
24,15,0.20233714147355797,0.6068200590124343,0.6057986209321933,0.5753978148727928,0.1895053536664584,0.09276998310675648,0.00034792883868279,0.00025702513890286,0.4,0.3,0.6,27,0.1708710571101276,0.1381598649323553
24,16,0.20231441767195893,0.6067789177560847,0.6057552847101061,0.5753496105990693,0.03771072507966784,0.09283341605237784,0.00034739777789513,0.00025626302085123996,0.4,0.3,0.6,28,0.1713896271564877,0.1384176411925682
24,17,0.19470291512957938,0.6000999192268979,0.5973931137644249,0.5588367468449614,0.03962357586731005,0.07685499714204187,0.00039057339188274,0.00031655044534370004,0.4,0.3,0.6,29,0.1623335996856402,0.1760203814966681
24,18,0.17119146749714298,0.5637040641720537,0.5614646263926565,0.5283771077887611,0.11455553982005492,0.07592296067195949,0.00038982077112203,0.00031607783047944,0.4,0.3,0.6,31,0.1436770482593154,0.1449284494509174
24,19,0.16720751260951378,0.5565017477931521,0.5572557401630419,0.5373593874374982,0.06281487341998934,0.08406357911046537,0.00045498437407704003,0.00031854032355385,0.4,0.3,0.6,33,0.1534064752211473,0.1852595395678211
24,20,0.1438161453971905,0.5167222111953325,0.5162456405644609,0.4872657026840398,0.12018894025485606,0.07682548021556429,0.00030399115167689,0.00025451325776740003,0.4,0.3,0.6,35,0.1163732777613845,0.1232505266027341
24,21,0.12319078121825781,0.4734578209843522,0.47319486224556323,0.45870360022902384,0.13878895051453904,0.07762249817125949,0.00035609919004173996,0.00027672701252337003,0.4,0.3,0.6,37,0.1012960757661131,0.1013300280156256
24,22,0.122193179080363,0.47289002277438397,0.4759602369815348,0.4638978525304823,0.03227476326756295,0.07697789385750944,0.00036492366530614,0.00028743890670439,0.4,0.3,0.6,44,0.1003899196109748,0.1023924822486548
24,23,0.1197805151007562,0.4682705037602704,0.469557330333247,0.46215822967471853,0.04254990471493898,0.07381300793976622,0.00033466703994636997,0.00026885926475848996,0.4,0.3,0.6,45,0.0986148714724279,0.1066641983435744
24,24,0.11988884333976714,0.46889766912925396,0.4718692580646371,0.46940099979057737,0.0307991430257596,0.07440823549992151,0.00034146018099219,0.00027407902559092,0.4,0.3,0.6,47,0.0985033309326244,0.10523632529516
24,25,0.11990139122457173,0.468749069523569,0.4717112115561657,0.4741295694297309,0.030856717776865546,0.07474676309022937,0.00034284239831118004,0.00027098218311241,0.4,0.3,0.6,49,0.0989943201656945,0.1058000736474982
24,26,0.11528325106476568,0.4616821939154558,0.46615800382511013,0.4745903700612509,0.04101131710517758,0.06882501502785818,0.00037895216545769003,0.00031168648430918,0.4,0.3,0.6,51,0.0980422696294033,0.1131422701915742
24,27,0.11432535619019221,0.4612437147852811,0.46905950102853194,0.49423842310547483,0.029364078530746695,0.06802883650049693,0.00037022359745898,0.00030838370859706,0.4,0.3,0.6,55,0.0973549427910504,0.1112914949436904
24,28,0.11932770574048202,0.4644558851346226,0.4705144200509794,0.4942734970704022,0.03775822796848663,0.08249834132837704,0.00034612560422899,0.00028126191815712,0.4,0.3,0.6,57,0.0993756425847532,0.0997039030079126
24,29,0.12075067759855175,0.46266978644673823,0.46523595387070427,0.4655241523606442,0.04080972783675215,0.08913010425713047,0.00034559484034350004,0.00028551002387147,0.4,0.3,0.6,60,0.0972755515101491,0.1054849413747934
24,30,0.11528237822135613,0.4595408067067533,0.46886181331278054,0.5066866314871287,0.03211304145467483,0.07630445009317538,0.00031859854063316,0.00028779759942249,0.4,0.3,0.6,63,0.0919727890475214,0.0986860956321682
24,31,0.11559937252327566,0.45021633243266235,0.4573497773499023,0.48032171439157684,0.10825181624284531,0.0915506602636046,0.00033709758769926996,0.00027485543400035,0.4,0.3,0.6,64,0.096676089805128,0.0917973335013945
24,32,0.11098612762480106,0.4455375922809126,0.45266751265801686,0.4853459303385045,0.0324821622487097,0.08014885871070888,0.00032806777165268004,0.00025834120997021,0.4,0.3,0.6,67,0.0969870182403495,0.0913392201585335
24,33,0.11454168683491239,0.4488538274470437,0.45762823670553476,0.49306161868886184,0.04015430527360172,0.09045404074305537,0.00034033227140332,0.00027617790137546,0.4,0.3,0.6,69,0.0965095438079156,0.0918834563614751
24,34,0.11446491012923518,0.44876424540886195,0.45753798439050075,0.4929691633246324,0.036403356254093355,0.09028418725322493,0.00033972017402941003,0.00027391140933380996,0.4,0.3,0.6,73,0.0964824836885193,0.0910006654262777
24,35,0.1142792407836517,0.44827328920891296,0.45703061079704627,0.4924244453527637,0.03756893246633699,0.09028418725322493,0.00033972017402941003,0.00027391140933380996,0.4,0.3,0.6,75,0.0955823681569007,0.0905678984891642
24,36,0.1114485290474926,0.44724266434911664,0.4643848001505647,0.5716444339297043,0.03563429825837286,0.08574836171466144,0.00036431870746304,0.00031256243977700003,0.4,0.3,0.6,88,0.0981127071515162,0.0861848195681682
24,37,0.11675993626668975,0.45097073088166884,0.4730029444246705,0.6158301300310983,0.045648860888238225,0.10425105436674317,0.00044960066325734003,0.00041311480261521,0.4,0.3,0.6,96,0.0920001302871831,0.0843430451059664
24,38,0.11170083881951678,0.4442226612026267,0.46616615634545716,0.6164392197574311,0.05085074392141825,0.09420603588749432,0.00035600878320137,0.00033241274642086,0.4,0.3,0.6,97,0.0893792725467145,0.0879462935373496
24,39,0.10428156186257923,0.43062535771964744,0.4472710962546169,0.5455960227310931,0.038943063105191446,0.08135255035518227,0.00034567308358484,0.00029879598653214,0.4,0.3,0.6,102,0.086792429505631,0.0860042998046246
24,40,0.10000477219305928,0.4283096745141648,0.45169297505905104,0.5970768428389808,0.02925682575789827,0.07185898644572304,0.00033294089621402,0.00028933160543758,0.4,0.3,0.6,129,0.0855093768189176,0.0856500368673671
24,41,0.09896470204130331,0.4317398355023635,0.46696750661403463,0.7025095516348848,0.02853026547575493,0.06991516911355765,0.00033249553076114,0.00028034395987959,0.4,0.3,0.6,141,0.0852559099156802,0.0868030267198078
24,42,0.09917114062195201,0.43189996123603036,0.46712523511438486,0.702662092811128,0.02863810312924162,0.07049369750075758,0.00033085848632199,0.00028113167988049,0.4,0.3,0.6,143,0.085172575668459,0.0862501714185082
25,0,0.9686627101519844,0.992049174800914,0.9917832970561122,0.9257384100804548,0.0,0.0,0.0,0.0,0.4,0.3,0.6,1,1.0360651475072695,0.969663208208294
25,1,0.6769156971296482,0.9210344315114068,0.9158170912031598,0.8465535441849711,0.2676854034464618,0.06679397536631644,0.00043253599706324995,0.00035795552655870004,0.4,0.3,0.6,3,0.6624083612478935,0.6528001122932099
25,2,0.4944412170281308,0.8386332991019121,0.8323405236386289,0.7582129314191123,0.4196911023030638,0.066665566760027,0.00016729976772325,0.00017686859223048,0.4,0.3,0.6,4,0.5055484570097204,0.4914033895213532
25,3,0.3611876661493599,0.7616014648137717,0.7510532076772004,0.6737887286943184,0.42324489621862016,0.06665533217396952,0.00035348955220766,0.00047490734172025,0.4,0.3,0.6,5,0.3886941020406653,0.2491603361606535
25,4,0.2989346813191445,0.7077351513158551,0.6970576164402814,0.6176172837340576,0.14692740546230576,0.06665533217396952,0.00035348955220766,0.00047490734172025,0.4,0.3,0.6,7,0.3007103233855442,0.2464809048769448
25,5,0.26826197843505334,0.6800604825127384,0.6700598813171381,0.5907853735261808,0.10300012385757895,0.07132085571177552,0.00054718231610108,0.00073513035265957,0.4,0.3,0.6,9,0.2544783239188135,0.1959417573957544
25,6,0.2682110399063507,0.6800104747102615,0.6700073479678489,0.5907272164146194,0.02952894119852257,0.07137769257552397,0.00055023483787331,0.0007392313649563699,0.4,0.3,0.6,10,0.2542014267177315,0.1955610835768274
25,7,0.26227135219738545,0.675474092134173,0.6686368888520132,0.5929724170039533,0.04083157510117326,0.07327625188034606,0.00062730487648419,0.00074331986094665,0.4,0.3,0.6,13,0.2927025050859878,0.2202474008934112
25,8,0.24359449034045785,0.6550745900880622,0.6458848840602104,0.5738063081885654,0.12517677728697318,0.07370066814937008,0.00043898017973851005,0.00047672958431545,0.4,0.3,0.6,14,0.2573724213202435,0.2085856088545281
25,9,0.23838583125082355,0.6494285908529891,0.6400863963776592,0.5706668073520598,0.0509299900494185,0.07111938365808206,0.00038256359912039,0.00041611429091965,0.4,0.3,0.6,15,0.2550350188078357,0.2121241812415734
25,10,0.23226999814834257,0.6430766117633604,0.6351618431284805,0.5657843134926518,0.0686853147764874,0.07361163624534298,0.00034938264522636997,0.00037222250118603003,0.4,0.3,0.6,16,0.241938447753718,0.2064898686452665
25,11,0.20647186879616913,0.6115144110015954,0.6025490190422499,0.5379363560905621,0.10580895811202158,0.0728743838199573,0.00047879931100889,0.0005610981136329001,0.4,0.3,0.6,18,0.2126427207604273,0.189015368939814
25,12,0.19771166492429337,0.6004091835003766,0.5893827092020839,0.5232285264557323,0.09034278055857382,0.07419966524518264,0.00048091314698827997,0.00056353901932162,0.4,0.3,0.6,19,0.206662702501048,0.1945070382280541
25,13,0.18009433084474488,0.574323107152921,0.5640834319259177,0.4973734612174422,0.15621742593097215,0.07514774261516007,0.00048706171791445,0.0005703274536294,0.4,0.3,0.6,20,0.1792084916112552,0.1899294453489682
25,14,0.1796223438561932,0.5735941081002817,0.5633429228462914,0.49790105193162165,0.030800666601170788,0.07419966524518264,0.00048091314698827997,0.00056353901932162,0.4,0.3,0.6,21,0.1719329126975017,0.1713920035882689
25,15,0.1761302432266924,0.569070600163298,0.5603344231460532,0.4961270943833302,0.05754588283339848,0.07461548183430451,0.00048482628080001,0.00056574482185272,0.4,0.3,0.6,22,0.1773415633753266,0.1922036271315852
25,16,0.17493372061635093,0.5671229363898194,0.5583291847282168,0.49530649815759015,0.03742187955571061,0.07405620617924186,0.00048230977883781,0.00056326487887382,0.4,0.3,0.6,23,0.1695186210545146,0.1743290148894503
25,17,0.15507168742308716,0.535076954012603,0.5285366749434467,0.47361622339732173,0.07191629791621343,0.07588274610529769,0.00033191397835046003,0.00035883941572843997,0.4,0.3,0.6,27,0.1287555103364638,0.1172039077234232
25,18,0.1540517741698285,0.5333152300763666,0.5267186480309058,0.47526670156976214,0.038758364742618914,0.07568964971914616,0.00033133002398967,0.00035795662281833,0.4,0.3,0.6,28,0.1297344965345645,0.1167101438064197
25,19,0.14891834441418852,0.5280908982055234,0.5297035869238902,0.549083855541071,0.03130531282477832,0.07367642345650731,0.00034887685716292,0.00047941916754483003,0.4,0.3,0.6,55,0.1618255487428591,0.1514987997291152
25,20,0.1434622050269196,0.516330141991346,0.5158509650684813,0.5438197839777781,0.08813224312395619,0.07365059466026704,0.00046889180597912,0.00176555556867961,0.4,0.3,0.6,56,0.1570714852663984,0.1483256000357588
25,21,0.13934372408903556,0.5095607984194828,0.5105486970542011,0.5333862949890984,0.06315759266483686,0.07370499602381486,0.00035070137747168003,0.00071707546339278,0.4,0.3,0.6,57,0.1555557221321852,0.1469403064095141
25,22,0.13798821354453303,0.5070546583273166,0.5079656731916565,0.5403063224708461,0.03538541095330128,0.07369722250598891,0.00035216916895393,0.00037658922712011003,0.4,0.3,0.6,59,0.1531583179862577,0.1569560228195825
25,23,0.13704950833305804,0.504943285622386,0.5057766243539379,0.5501228215180406,0.0328371694662829,0.07369850904609836,0.00035088314188850997,0.00072801998766331,0.4,0.3,0.6,63,0.1546385411108957,0.1637243247801662
25,24,0.13669041000251467,0.5044370280831695,0.5052606970321172,0.5470098131851524,0.031211082327587972,0.07367993476231144,0.00035714533336568,0.00037670973497477996,0.4,0.3,0.6,64,0.1501803091014418,0.1443069910504757
25,25,0.13477975545753657,0.5003631845921988,0.5010454168673619,0.5698349695044064,0.05048933754842987,0.0736859466573736,0.00045141777854814,0.00058505582305795,0.4,0.3,0.6,65,0.1568424408961965,0.1506193902129258
25,27,0.13080603276975816,0.49400672538989054,0.4994883731259579,0.6145209251581625,0.03227742189248967,0.07367981036460146,0.00055266592844969,0.00072843960334804,0.4,0.3,0.6,79,0.1493420213567924,0.1483455720602835
25,28,0.1304951257245317,0.4924229221246524,0.4961734666557058,0.6158984514559989,0.03283731618412215,0.07368560818983065,0.00059679137412457,0.00101160282282323,0.4,0.3,0.6,81,0.1495154282916173,0.1458398711715977
25,29,0.12866991581229065,0.4903094062178282,0.49734497411768447,0.6218265964028454,0.04530768275720178,0.07367392180356373,0.00057281889963969,0.00044104883781485003,0.4,0.3,0.6,82,0.1502322464810946,0.1404152728881655
25,30,0.1276682677047893,0.4888491698153957,0.4975083788860478,0.6276861563433818,0.03510512600309296,0.07367790682765733,0.00058474163044636,0.00040597302545196997,0.4,0.3,0.6,84,0.1502087309757271,0.1400938363911236
25,31,0.1274963906543698,0.4905175229586612,0.504246283399501,0.6932144216721385,0.03008041417462003,0.07368716385900427,0.00064122083316519,0.00047204975645154,0.4,0.3,0.6,103,0.1487851743549023,0.1407209038576874
25,32,0.1273161328441117,0.49082498919103873,0.5062358674013413,0.7094850841810081,0.030925545668343015,0.07368713955113473,0.00064033065677006,0.00047641718639508,0.4,0.3,0.6,105,0.1489820395323264,0.1405044295711448
25,33,0.12748380023042338,0.49235497900679015,0.511153834034114,0.71819232279273,0.030315034594463896,0.07368776547060053,0.00066100057600083,0.00081624987631628,0.4,0.3,0.6,108,0.1483603535877087,0.1430380632190436
25,34,0.12704456857057755,0.4923664654874412,0.512845200262597,0.7145757594915795,0.030692988310663753,0.07368690290914469,0.00064846272868216,0.00044536302543213003,0.4,0.3,0.6,111,0.1486352018347009,0.1522568915534318
25,35,0.12688899024147599,0.49272890798398755,0.5148916586568685,0.7245769759725946,0.03035581215829745,0.07368675157290985,0.00064815250116162,0.00044711774421418005,0.4,0.3,0.6,115,0.148658701343916,0.1529080848321046
25,36,0.1267345373758946,0.493079533602076,0.5169255283443939,0.8132937804404141,0.03006139867832488,0.0737000975363977,0.00063166486761976,0.00046704640574263994,0.4,0.3,0.6,131,0.1486696973762063,0.1367143180986451
25,37,0.1264755701352125,0.49444495648237985,0.5233473837027988,0.8358186137303761,0.03049759156919819,0.073700950333677,0.0006398929829705,0.00071123187759346,0.4,0.3,0.6,142,0.1496561852936971,0.1393093415782913
25,38,0.12616022405699445,0.4946297409598066,0.5252151782450256,0.8796756958311461,0.030408230793845168,0.07370073233876044,0.00063977140020966,0.00046789143778242,0.4,0.3,0.6,146,0.148879185449632,0.1388671992010402
25,39,0.12644022423166199,0.4942028339908426,0.5230926687719127,0.9707143556732526,0.03026940645443729,0.0737020878919912,0.00062609395100185,0.00094140325943552,0.4,0.3,0.6,172,0.1470960332060907,0.1305105768901989
25,40,0.12625287791877549,0.4938479411991556,0.522727427272217,0.9653966391039353,0.030263235533564574,0.07331859999240045,0.00056252853335404,0.0011530460372957498,0.4,0.3,0.6,180,0.1487571551091516,0.1422439688261372
25,41,0.12520079364656989,0.49115544747778395,0.5182827890647179,0.9687924550533906,0.03811029720946888,0.07331900247577845,0.00055890240050241,0.00066643487832579,0.4,0.3,0.6,181,0.1499398648327526,0.1473142570159573
25,42,0.12484922235561345,0.49090755550107656,0.5196941157852034,0.9844098877927887,0.03178132405026475,0.07331864492097552,0.00056888636551918,0.0008818998520154,0.4,0.3,0.6,184,0.1478299139846215,0.1446002713272178
26,0,0.9459472826689307,0.9861264334263888,0.9856625017963359,0.9180961881551881,0.0,0.0,0.0,0.0,0.4,0.3,0.6,1,1.129425494963772,0.9586499943915854
26,1,0.9498868801156746,0.9931170331064832,0.9926164134328123,0.9275477080752912,0.010745769966346715,0.0202173484288522,2.2709184231038518e-07,1.544231985285816e-07,0.4,0.3,0.6,3,1.128008365818033,0.9473408104461264
26,2,0.46835051693233976,0.8246349689129828,0.8178711309388452,0.742703835968838,0.9353029841811643,0.06663269055673163,0.00027546897981351,0.0002928462222318,0.4,0.3,0.6,4,0.4264977614989492,0.4237225350613738
26,3,0.46822091152818185,0.8245616874666033,0.8177955065144044,0.743882265862015,0.02724603589032818,0.0666566020002502,0.00026148529145635,0.00027791637578118,0.4,0.3,0.6,5,0.4149910660959409,0.4269375084414056
26,4,0.33029667524984674,0.7337774246665741,0.7239804925654783,0.6480063650779354,0.46632711805369004,0.06657019175657575,0.00014115122114692,0.00014926163994888,0.4,0.3,0.6,6,0.382639654258323,0.3458215377751812
26,5,0.3302670975714274,0.7337588230835437,0.723960535332197,0.6464610305547742,0.026982305700890375,0.06663365476952736,0.00013790601472438,0.00014614464046562,0.4,0.3,0.6,7,0.3769429616856379,0.3453733082095453
26,6,0.3156432776430762,0.7229194070920831,0.7143746733362033,0.6391103305804529,0.09255664054575423,0.07063405863897917,0.00021447936057541,0.00022627597823916,0.4,0.3,0.6,8,0.3590109061079142,0.3387344995047566
26,7,0.25115070817132384,0.6638980405959153,0.6566524809169217,0.5791218446977117,0.10644058105503301,0.07517925473320237,0.00050753934412231,0.00059426244612244,0.4,0.3,0.6,12,0.3347216021481865,0.2840984195805236
26,8,0.2420211646562774,0.6541069857066252,0.6465725929191493,0.5819233077043314,0.03780739018127899,0.07271678917465456,0.00037264575390129004,0.00038257952303254997,0.4,0.3,0.6,17,0.2472718538060018,0.2383503714772438
26,9,0.23860800690149278,0.6501557369040996,0.6424464203173573,0.5793510240588892,0.05603630501491431,0.07573729723821472,0.00040147557226253997,0.00048720904517876004,0.4,0.3,0.6,18,0.222585666583716,0.2210547177133898
26,10,0.23771283491437084,0.6491613022792754,0.6414223910344459,0.5821497071102207,0.03488877228884737,0.07545924269243863,0.00040727606589495,0.00048686675288957997,0.4,0.3,0.6,19,0.227631187486875,0.2269276523409906
26,11,0.21578781580009232,0.6240470228289953,0.6171679369549785,0.5550275518352961,0.15098056471770108,0.07353727578366025,0.00034639141493943,0.00041888734830698005,0.4,0.3,0.6,20,0.224290129108206,0.203426173851424
26,12,0.21344851027344375,0.6219075172765988,0.6166395297088858,0.5593801832730555,0.035575376808241126,0.07278968260371449,0.00032609914717222,0.00039390791164831997,0.4,0.3,0.6,22,0.2320464778760622,0.2038875681982383
26,17,0.12849615959606495,0.48875371629394104,0.49570413807005415,0.518561365379661,0.04845886665673346,0.0757673528929501,0.0005061883900308401,0.0007309218481643799,0.4,0.3,0.6,54,0.1285000214763516,0.1252318572279819
26,18,0.12157513729416243,0.4744641643884123,0.484279497733957,0.5180389980260838,0.050010503461145286,0.07584532629727843,0.00056328572460125,0.00070597998791381,0.4,0.3,0.6,58,0.1007225464833434,0.1071535603472905
26,19,0.12051683816681541,0.47189526139922144,0.48162257068718417,0.5203436542381645,0.04375685763227376,0.07600368997421728,0.00055542719141056,0.00070980073397274,0.4,0.3,0.6,59,0.1018541968253562,0.1092550269087256
26,20,0.12031929365247422,0.4720639551829605,0.4834670758991636,0.5218194644625833,0.03390985207489264,0.0761355826926443,0.00055233968136854,0.0007108787961564299,0.4,0.3,0.6,60,0.1034092724702203,0.1091234802319627
26,22,0.11633062518426024,0.4622910860522034,0.4733636017859275,0.5446055578935086,0.06684224429335209,0.07594749593651659,0.0006630584288788101,0.0009712819317227201,0.4,0.3,0.6,70,0.0993736463585605,0.0978019304970752
27,0,0.984158465969228,0.9960118002857974,0.9958784680964915,0.9301258362079621,0.0,0.0,0.0,0.0,0.4,0.3,0.6,1,0.9730212795318036,0.9671153172627166
27,1,0.8246955904104591,0.9744957369517502,0.9725535414948806,0.9060646085692119,0.1637470733946502,0.08140529834963868,1.707340746682e-05,1.66424630658e-05,0.4,0.3,0.6,3,0.7956207100661317,0.8424518669716627
27,2,0.4584694539564183,0.8190731157848951,0.8121259912365831,0.7365541190487478,0.7527208608669324,0.0665979918827441,0.00024613943931543,0.0001953014108509,0.4,0.3,0.6,4,0.4715476888415027,0.4403377517428435
27,3,0.4564658897358196,0.8191500741145028,0.8138382687023292,0.7392483247483519,0.03237012496516168,0.06938736286028412,0.0003182785150849,0.00025254076799919,0.4,0.3,0.6,6,0.478374932090278,0.4436681076514392
27,4,0.3398970213520835,0.7419641987201526,0.7341123400136967,0.6612967772707252,0.21097803152694247,0.06665935340226137,0.00014714919126193,0.00011737273699582,0.4,0.3,0.6,8,0.3401140523804605,0.34219430309411
27,5,0.3164588425775762,0.7243464784028434,0.7175130965204022,0.6442407821898614,0.07780788613865892,0.07132170596557968,0.00022294042614466,0.00017950633381815,0.4,0.3,0.6,10,0.3301976026753254,0.3322108163726538
27,6,0.2528614765591029,0.6661093410950814,0.6589605051995289,0.5870735072689193,0.10325960988099628,0.07370351793826589,0.00047065860376967005,0.00046260132082999,0.4,0.3,0.6,14,0.2264648218969102,0.2215461056117686
27,7,0.24064075733090268,0.653228684271244,0.6473210413371323,0.5820579303114913,0.0619597530058873,0.07370351793826589,0.00047065860376967005,0.00046260132082999,0.4,0.3,0.6,16,0.2150512682951953,0.2266610673711525
27,8,0.2151185448388945,0.6240850377874628,0.618900247118874,0.5618289284681364,0.06442117423713323,0.07247187721877538,0.0002054023531359,0.00014857179343712,0.4,0.3,0.6,20,0.1990440374270324,0.1925266348091274
27,9,0.21424616674408595,0.6237514728473451,0.6202278603676286,0.5662721042482601,0.03172889864366965,0.07243558343319396,0.00020764315382932,0.00015091004390786002,0.4,0.3,0.6,22,0.1984407862548555,0.1877570689096545
27,10,0.21394278827001756,0.624049395313887,0.622211120366413,0.5758594137880302,0.02963242745466889,0.0720975937918245,0.00023768241557194997,0.00018979106657497998,0.4,0.3,0.6,24,0.1967271662815658,0.1934632121611596
27,11,0.18128174997225563,0.5811192169487676,0.5795814514309283,0.541911759329006,0.06757227091645805,0.06733371672327647,0.00020276416137679,0.00018772571588268,0.4,0.3,0.6,29,0.1723852853762583,0.1779063759645864
27,12,0.18073677605165012,0.5810026230990246,0.5811315953519993,0.5471262092134146,0.029234046169077856,0.06742825131071793,0.0002031894158384,0.00018820933996512,0.4,0.3,0.6,31,0.1712247247216815,0.1784481165332788
27,13,0.18073677605165012,0.5817092136102653,0.5835337490856323,0.5580258052905844,0.027145218545387425,0.06742825131071793,0.0002031894158384,0.00018820933996512,0.4,0.3,0.6,33,0.1712247247216815,0.1784481165332788
27,14,0.17964724351972675,0.5785659247642632,0.5769335263264743,0.5263658870455702,0.02977530790159035,0.06802439852051755,0.00020124060310571,0.00018922309738979,0.4,0.3,0.6,37,0.1660514194413642,0.182114573984591
27,15,0.1504751342808236,0.5284905078571404,0.5267143503989928,0.5064696301296105,0.1211985665607922,0.07836164243120201,0.00031722761616308,0.00028005394357673004,0.4,0.3,0.6,40,0.1628191534982306,0.1762559029891749
27,16,0.145725290266491,0.5198335504029685,0.5194280082269115,0.5115079987772327,0.0553442250554872,0.07924809500565382,0.00031529384860149,0.00027946193542243,0.4,0.3,0.6,42,0.1597232980705156,0.1757501238672185
27,17,0.14028617469231758,0.5103950208288576,0.5113756148897801,0.5069873338167222,0.052676351879040836,0.07703640755801434,0.00030541352308583,0.00027195377882573,0.4,0.3,0.6,44,0.1503430977101853,0.1504921906441051
27,18,0.13391637676416346,0.4976964042518906,0.4982625668085278,0.48631484862287694,0.0908730063876327,0.07643574521639918,0.00024238413672298,0.00019670512933709,0.4,0.3,0.6,45,0.1433207895203422,0.1496379361656619
27,19,0.13240277808347317,0.4947578775932479,0.4968841524571414,0.49869217395615323,0.037717900693906584,0.07745278795262774,0.00023960434008268,0.00019562682015340001,0.4,0.3,0.6,48,0.1429046806896651,0.1500692383725075
27,20,0.1318044323584612,0.493727519693896,0.495826581376305,0.5068974198286443,0.032926589800494406,0.0768833446822657,0.00024235147644865,0.00021292281226489997,0.4,0.3,0.6,50,0.1420451842208721,0.14868773499244
27,21,0.12378335568208035,0.47568815440901413,0.47552185461428614,0.4827714451798311,0.11337533320657518,0.07617218504223869,0.00024327446744333998,0.00019924787231184,0.4,0.3,0.6,51,0.1358114547087252,0.1215847230750223
27,22,0.11784444919542808,0.4631380242431712,0.46589545236082336,0.49060594893401827,0.06453225287882576,0.07619131537972514,0.00024339220901216997,0.00020917086959567997,0.4,0.3,0.6,53,0.1305474518490812,0.1162190934414058
27,23,0.1175378169460353,0.4623953499632762,0.46512790564733336,0.4949403431679396,0.0324812396818798,0.07620078366901287,0.00024349654698719,0.00020539850838581,0.4,0.3,0.6,55,0.1304091896652398,0.1157784708059115
27,24,0.11733247697701353,0.46240780356352534,0.4668080710172556,0.5064619143174275,0.03283257674320682,0.07654257409073575,0.00024413085439795,0.00020753768547083002,0.4,0.3,0.6,57,0.1305377180849642,0.1169405724215706
27,25,0.11630892787651173,0.45870710728988606,0.46295601700795147,0.5002852083725401,0.05359512446270257,0.07860582429653934,0.00025284924051521,0.00020406918638168,0.4,0.3,0.6,58,0.133967673454061,0.1148584328683964
27,26,0.11507891577742889,0.4564654930682069,0.4623137879142124,0.5068404871956249,0.038541412936142244,0.07841958843901996,0.00025542652106625997,0.0002065084876598,0.4,0.3,0.6,60,0.1329008857121264,0.1141956810398238
27,27,0.11430286986012918,0.45517661050488745,0.46265264184586063,0.519804127819007,0.036521190275464764,0.07850306908811527,0.00025407422806011,0.00020656496008630002,0.4,0.3,0.6,62,0.1331726644336845,0.1120838487356112
27,28,0.11245978525947634,0.4502893847286746,0.4559408511391157,0.5052469238182123,0.049986751681968075,0.07768324834701568,0.000262244094767,0.00021142706093497002,0.4,0.3,0.6,63,0.1324431900199786,0.1200050933597968
27,29,0.11192124145003414,0.4495816582735578,0.45688064527333533,0.5031041881044163,0.03827002934306443,0.07770942050651589,0.00026850677007236,0.00022751697982475,0.4,0.3,0.6,64,0.133354097566363,0.1166763876247543
27,30,0.11104742349525128,0.447397354736085,0.45462481929650433,0.5033250791099751,0.04163086661039486,0.0776019146259718,0.00026759831435552996,0.00022437969324391998,0.4,0.3,0.6,65,0.1320155026481272,0.1127111045041671
27,31,0.11097247482819529,0.44640968607135234,0.4519303752716427,0.5082764319750352,0.03293369967251055,0.07775861072192279,0.00026459681256794,0.00021166129157404,0.4,0.3,0.6,66,0.1323700848064343,0.1154778081376511
27,32,0.11075463069975233,0.44587319171026013,0.4513765363482158,0.5081783311215389,0.03381327310666347,0.07773041837495893,0.00025945230379159,0.00020338506847144,0.4,0.3,0.6,67,0.1311644632980929,0.1175049570592014
27,33,0.11070089059331302,0.4479300007324374,0.4585195203733925,0.5250703693535471,0.03130984817387878,0.07758525449352979,0.00026496466292788,0.00021654645537558001,0.4,0.3,0.6,68,0.1303738154081478,0.1134619284884716
27,34,0.11037369033353016,0.44781443352014255,0.4600726716924233,0.5429668924190555,0.03187238136944901,0.07754221285510106,0.00026613266882835,0.00021236896799844003,0.4,0.3,0.6,74,0.1297487079458366,0.1128970280605223
27,35,0.1101174500306499,0.44785984002765755,0.4617916855962418,0.5444463408683282,0.03440191324279414,0.07753166471801945,0.00026577806659315,0.00021119443067679,0.4,0.3,0.6,75,0.1297731284850256,0.1128727922915577
27,36,0.11010382028130003,0.4478243331340214,0.4617549949849029,0.547118405726039,0.03139069622285964,0.07753185044192952,0.00026567592852801,0.00021091951184748,0.4,0.3,0.6,76,0.1298055071107345,0.1118140801333597
27,37,0.11001517346907465,0.4461218178389508,0.4566505169969154,0.5391856559550687,0.03177927912203405,0.07760289576167023,0.00026695957762317,0.00022182465734393002,0.4,0.3,0.6,79,0.1307785980889604,0.112294343323118
27,38,0.10996005843987045,0.44668679192393335,0.45890636878827945,0.5520602126532222,0.03159136401995173,0.07759793153646953,0.00026727667339268,0.00022197702823203001,0.4,0.3,0.6,81,0.1305634802590227,0.11194846657334
27,39,0.10835192808597248,0.44548927435001956,0.464361082353695,0.5673106806821963,0.040541987240785726,0.07731190728647483,0.00024069922620046,0.00019832325361217998,0.4,0.3,0.6,83,0.1262696722917204,0.1108995982580111
27,40,0.10803371755854285,0.4426430881198788,0.4564063866825002,0.5732564898668723,0.03183489762137311,0.07710534725272575,0.00024428352276941,0.00021244599724148998,0.4,0.3,0.6,87,0.1256969782526402,0.1111692638453579
27,41,0.10746007456129528,0.44240045464039435,0.45949710866562815,0.5786907913356378,0.03949067246278234,0.07728068123678962,0.00025204786300809,0.00021059390639193999,0.4,0.3,0.6,88,0.1262094549243642,0.1111483634670756
27,42,0.10738805971194547,0.4422068860536744,0.4592970641843961,0.5812800109701298,0.03205317608626573,0.07728763009327427,0.00024854281709158003,0.00020776035495674003,0.4,0.3,0.6,89,0.1261178058761967,0.110667548237625
27,43,0.10673204766075577,0.43970056335592794,0.4550344284794429,0.6023125340346445,0.03239056342276028,0.07728295988714515,0.00026196505331772997,0.0002330851483566,0.4,0.3,0.6,96,0.1272763907394314,0.1056751374901191
27,44,0.10550254149994966,0.4377702484791661,0.45638357721799044,0.6314446567150275,0.03436549436677686,0.07728426340383332,0.0002597171634375,0.00022552392348586998,0.4,0.3,0.6,101,0.1279496803560977,0.1040602488238941
27,45,0.10535418983939393,0.4401785384834337,0.46555989714693913,0.635964538962107,0.03164732699935359,0.07729480900569444,0.00026237729747634,0.00022733381030353,0.4,0.3,0.6,105,0.128273753684408,0.1035508942388295
27,46,0.10504823529902078,0.43792839837433334,0.45989075791643325,0.6581916666479073,0.03193873662118253,0.07728939357774159,0.0002613567107478,0.00022633962279123,0.4,0.3,0.6,110,0.1275025853189888,0.1039635626049617
27,47,0.10480640126694372,0.43790802712632154,0.4615405188533507,0.7030171742683756,0.03148505043925967,0.07728852711068253,0.00027581897137835,0.00027561762591897,0.4,0.3,0.6,123,0.130005512454333,0.1045147939903453
27,48,0.1035608898711485,0.4356150048558911,0.4591927185901004,0.7034147257336798,0.03795954128870402,0.07567357971745,0.00028136193178341,0.00025732697806251997,0.4,0.3,0.6,124,0.1281012943809952,0.1044383142750284
27,49,0.10317772804950769,0.4355460304201898,0.4624576234964744,0.7211606776400428,0.03281355630538036,0.07626018389209774,0.00028693989447673,0.00024639280936173,0.4,0.3,0.6,128,0.1225829583091513,0.1006345721545717
27,50,0.10264215492367615,0.43900868751343763,0.4777399464897161,0.8411883519727626,0.030990226759370635,0.0762714498207521,0.00029056716979141003,0.00021698082680853998,0.4,0.3,0.6,155,0.1224660385684219,0.0982761160021518
27,51,0.10258566863691403,0.4388515059846045,0.4775775401257597,0.8473154320515556,0.030977024024350056,0.07626942475528237,0.00029003663727461,0.00021669987093526,0.4,0.3,0.6,158,0.1222134774016201,0.0980119402919932
27,52,0.10246280189800798,0.438508105576025,0.477222717174393,0.8439573173876154,0.03237974883281522,0.07626643303713246,0.0002907670102917,0.00021526973070424998,0.4,0.3,0.6,159,0.122465563114012,0.0980461516029284
27,53,0.10238440539670378,0.4382635911557218,0.47696959918702186,0.8619115472860475,0.03098490209730019,0.07629585353836119,0.00029034656726068,0.00021684356648386002,0.4,0.3,0.6,164,0.1225597622922954,0.0980717069512947
28,0,0.9660256208204395,0.9913686329144773,0.991079987767391,0.9249849125525054,0.0,0.0,0.0,0.0,0.4,0.3,0.6,1,1.047304824209134,0.9712949388201924
28,1,0.7961229162288421,0.9634232271451397,0.9612069712835098,0.8941136621631856,0.169484466214653,0.07421056165520144,1.841291526262e-05,1.778003275683e-05,0.4,0.3,0.6,3,0.9010247694865916,0.8456428288165688
28,2,0.4620575632115902,0.8211065222628582,0.814226425631567,0.7388025212395711,0.7032857765262713,0.06666531044394622,0.00024248074375802999,0.00020166205735472,0.4,0.3,0.6,4,0.4455591744695556,0.4349670448183902
28,3,0.33570453386884586,0.7380187185984656,0.728363091821807,0.6526999816742194,0.2280486675025367,0.06666158862767498,0.0001346435340257,0.00011728770241512001,0.4,0.3,0.6,6,0.3534342187936669,0.3455814410125197
28,4,0.317222865760208,0.7242786548911085,0.7157701274005103,0.640585717787604,0.06850490782064017,0.07139120470102195,0.00021112586649792001,0.00018403000919503,0.4,0.3,0.6,8,0.3310080305790882,0.334264060012294
28,5,0.3134436434215791,0.7218341502474676,0.7149158106912951,0.6414569566941871,0.03637853018603383,0.07137526724075219,0.00021874404577985998,0.00019273499524264,0.4,0.3,0.6,10,0.3273160423237206,0.3309213152312171
28,6,0.28895517992988723,0.7004230168114957,0.6927788421933226,0.621154110374927,0.1342862424066285,0.07197289254910036,0.00027919548851784,0.00025684470721952003,0.4,0.3,0.6,11,0.2979103054364239,0.2575993422046101
28,7,0.27549699283936036,0.688529041639444,0.6821508379954969,0.6131272339778329,0.060424194826866603,0.07262287057033706,0.00024936870562722,0.00024782738050766,0.4,0.3,0.6,13,0.2838242998398386,0.2439155469743597
28,8,0.26121725198501994,0.6751634354803194,0.6700070089477671,0.6025231427758603,0.06383440475429597,0.07288378379423709,0.00024443434749779,0.00023752350362418002,0.4,0.3,0.6,15,0.2720440227653682,0.2376296456660231
28,9,0.22793183173345236,0.6387495584393494,0.6323655030082376,0.5673031458481474,0.11858496283336108,0.0729225359346839,0.00055929140798819,0.00055282137788404,0.4,0.3,0.6,17,0.241442268670231,0.189380837709014
28,10,0.2051601442076671,0.6105729419546754,0.6032553250749201,0.5381404568122545,0.16481064519801242,0.07286151630103956,0.00036112573597277,0.00026310483357827,0.4,0.3,0.6,18,0.1777522729896174,0.1825465526812207
28,11,0.20266364706570797,0.6079326944503602,0.6021930004618182,0.539765753837372,0.046658603126091956,0.07299424802960355,0.0004937021201781401,0.00039408116823263004,0.4,0.3,0.6,19,0.1861128378603717,0.1662663193240718
28,12,0.20208770067275122,0.6071981234946069,0.601437325910342,0.5465589450921556,0.031002264948505345,0.07303015882942315,0.00035936356615732,0.00026438600952898,0.4,0.3,0.6,21,0.1680248781790462,0.1747277410485497
28,13,0.17290906591140637,0.5645403575158948,0.5573148771473776,0.5005397013607991,0.2439708873844522,0.07586409929126221,0.00037261573298355,0.00027601233970797,0.4,0.3,0.6,22,0.1270299567849102,0.128494509074757
28,14,0.1586750332367511,0.5411325474126074,0.5331418706964002,0.47682792531057966,0.1401720349915955,0.07456390422928924,0.00036958454303098997,0.00027108752779825,0.4,0.3,0.6,23,0.119974772866875,0.1176887531571978
28,15,0.15166083185128432,0.5289455455875028,0.5205579837828513,0.46553660981292144,0.08733657994043857,0.07378385329125238,0.00036263087160817,0.00026475312392109003,0.4,0.3,0.6,24,0.1172297641813613,0.1177465459867257
28,16,0.149815917604723,0.5264561577923683,0.5196642044384868,0.46556449417710555,0.044065690580222396,0.07325808057866391,0.00036590831795504003,0.00026779223216793,0.4,0.3,0.6,25,0.1132712331997384,0.1105610578095136
28,17,0.13693938000244224,0.5017172379648775,0.49408989353731664,0.44399444158632523,0.15253210057846753,0.07383056675403683,0.0003799267373807,0.00028582331672980996,0.4,0.3,0.6,26,0.1299469940175708,0.1533823480484801
28,18,0.12790047903440105,0.4855992581544578,0.47916558268761217,0.43148236956290137,0.064587349062637,0.06932475797726644,0.00036833199606732,0.00027085414691512997,0.4,0.3,0.6,28,0.0983007804923993,0.0989679792637209
28,19,0.10887082559640575,0.44172343712501827,0.4355042703095103,0.3881342164426282,0.1341541677820106,0.06859242619908504,0.00036981445286687,0.0002727680445154,0.4,0.3,0.6,30,0.0853329534576126,0.0981958973089483
28,20,0.10383221480555059,0.428960801393803,0.4239819348977206,0.3793039053249373,0.09387500094298652,0.0688456251944767,0.00043287719568873,0.00031483566834792,0.4,0.3,0.6,31,0.0807705801883529,0.0894127658487536
28,21,0.10153570398669223,0.4225763764674701,0.4173815170916753,0.3731641312218429,0.059350881673969035,0.06913786536177373,0.00036982275365481,0.00027633495279922,0.4,0.3,0.6,32,0.077041348137385,0.0922182212574133
28,22,0.10116133951549025,0.4222339923080011,0.4186996150144685,0.3805963384305063,0.030448858031668618,0.06913786536177373,0.00036982275365481,0.00027633495279922,0.4,0.3,0.6,34,0.0766462832062675,0.0921726748496572
28,23,0.09887097627382377,0.41512738983158776,0.4130028421452868,0.37186445904985455,0.07006846435604042,0.07067500311093275,0.00050259317468774,0.00040446553740722,0.4,0.3,0.6,35,0.0938315825310635,0.0910860895976099
28,24,0.09711216268257156,0.4108158818239163,0.4102206092304352,0.3823135260848384,0.04067237656267375,0.07065751192346312,0.00047231747555681006,0.00035556358444047,0.4,0.3,0.6,37,0.0848061877900952,0.0897690517343725
28,25,0.09357047854451675,0.3992360907217519,0.39325638433790466,0.3735328487321746,0.07124997032603186,0.06945376058539933,0.00037675188430517004,0.00028105997279528,0.4,0.3,0.6,38,0.0790293938563496,0.0945319273669223
28,26,0.09221393111171064,0.39536961722540015,0.38926517214984535,0.3717191205189789,0.04601799030672117,0.0691267527283583,0.00037253591421261003,0.00027430901274178,0.4,0.3,0.6,39,0.0783369921692539,0.085731041855214
28,27,0.08744519268824892,0.3819043225526235,0.38035853814529247,0.37016736001740913,0.05366646879560693,0.06953041530662571,0.00043443157562968,0.00031616009585111,0.4,0.3,0.6,42,0.0733496494734274,0.0804404087067327
28,28,0.08618306798346706,0.37752399032263423,0.3758287773327125,0.37537797705001547,0.03363302329065421,0.06975114600577098,0.0004326469469818,0.00031742588421587996,0.4,0.3,0.6,46,0.0694628645754351,0.0756982766902342
28,29,0.07925684661221061,0.3518442422325161,0.35259843172486455,0.3538544324544554,0.16586864391302644,0.07231965775006857,0.00047912835257381996,0.00036375925162371,0.4,0.3,0.6,47,0.071796645211934,0.0739271585323105
28,30,0.07549613914181282,0.3380416351811167,0.3383411801192752,0.3385943595313498,0.09502342263065583,0.07180146026989652,0.00048019025797439995,0.00036510640032253003,0.4,0.3,0.6,48,0.0703178029146994,0.0703840696219202
28,31,0.07440853747455263,0.33426653169530196,0.33610980592851314,0.33791445397988645,0.040162014884884106,0.07194603435329627,0.0004809671415003,0.00036617200546485,0.4,0.3,0.6,50,0.0706107181735466,0.0694585017450778
28,32,0.07428143030351413,0.3339567122568256,0.3357918632318834,0.34018464011816857,0.030245007654061833,0.0717779364416109,0.00048139240590774,0.00036662015353001,0.4,0.3,0.6,51,0.0701669898264515,0.0691554011953701
28,33,0.07272035201103556,0.32773046635559355,0.33102281400202416,0.34733550518709333,0.037917265857911615,0.0722615606957528,0.00048303295724205005,0.00036895685682715,0.4,0.3,0.6,55,0.0721984869501288,0.071020894894216
28,34,0.07273212194518247,0.3276910369173312,0.3309811188998481,0.3578264729612621,0.029382276467907784,0.07233369601915193,0.00048266060356346997,0.0003683654057985,0.4,0.3,0.6,59,0.0721240258445767,0.0709091615033776
28,35,0.07272888992895696,0.3283560143261612,0.3333399595306819,0.36495748101438635,0.029428090134457734,0.0723560910212941,0.00048251963085691005,0.00036814028428724,0.4,0.3,0.6,61,0.0720095168239447,0.0707921543977895
28,36,0.0717062833658704,0.323044788065086,0.32617552738824585,0.3885564507690346,0.032681242401834745,0.07263054289737503,0.00048301497491617,0.00036849765531294,0.4,0.3,0.6,68,0.0701249861144102,0.0692712331747808
28,37,0.07156913826405337,0.3242448137786866,0.3307633138041084,0.40392729741318734,0.02954934821505052,0.0723475565835602,0.00048312039513684,0.00036852896223964,0.4,0.3,0.6,70,0.0703565798105664,0.0687310521740389
28,38,0.07168183875562657,0.3236066037445906,0.3284276109283951,0.42399517883415117,0.029477628353119917,0.07266273545119592,0.00048360727172623,0.00036870197316903996,0.4,0.3,0.6,76,0.0702486587164873,0.0694820893392191
28,39,0.07144831872635425,0.3234210144391175,0.32990868033803283,0.4424805087192191,0.03149856326450342,0.07258710893418248,0.00048447062382176,0.00037187130095429996,0.4,0.3,0.6,78,0.0692757997900798,0.0680850488595863
28,40,0.07098819025170958,0.32262878555173324,0.32910189341830387,0.4741956297984335,0.029574405555501643,0.07169646013233526,0.0004844480350353,0.00037087644176848,0.4,0.3,0.6,82,0.0696376747729898,0.0684291498042668
28,41,0.07106070359223053,0.325018676389617,0.33825170302834023,0.4781773301288673,0.030894671143108267,0.07227509418698873,0.00048322329055096997,0.00036969594522591996,0.4,0.3,0.6,84,0.0699044679876601,0.068613427203883
28,42,0.07089872151342437,0.32457190079653486,0.33779246041549166,0.48342273963685956,0.030106334974015787,0.07208979232460724,0.00048360908989267997,0.00036972596094113,0.4,0.3,0.6,86,0.0693118678495482,0.0681475973848531
28,43,0.07090641411777408,0.3248820436621324,0.3397804761925567,0.5082554022101574,0.0306170440919079,0.07242159483589539,0.00048342356103291996,0.00036909652725241,0.4,0.3,0.6,88,0.0694244340393998,0.0682980332755154
28,44,0.07047766800194687,0.32053896377820285,0.33027235846421515,0.48475743507455593,0.032297441628867926,0.07271290917687909,0.00048978928695665,0.00037276512619064,0.4,0.3,0.6,92,0.0688434466091225,0.0661779152580388
28,45,0.07044720434280968,0.3218241710126232,0.3349444197922286,0.5316122874688742,0.029531981507695797,0.07271225664244621,0.00049083845839402,0.00037131850560657997,0.4,0.3,0.6,100,0.0686959680362627,0.0660705132451964
28,46,0.07041818818382742,0.32240841995297304,0.33722015594159355,0.5802245515365342,0.029552746342082343,0.07271378031361884,0.00049087804743658,0.00036922032097394997,0.4,0.3,0.6,106,0.0682917236012972,0.0652951352656023
28,47,0.0703086730115048,0.3226321887822014,0.3391231979809026,0.5940923735298564,0.030244837481472248,0.0727001475962735,0.00049262681369823,0.00038376819653945,0.4,0.3,0.6,109,0.0686451191035548,0.0648787738973333
28,48,0.07018152365985905,0.3224795086844644,0.33896940795156866,0.5968783914149342,0.029499684294030125,0.07242964566169038,0.00049090116087222,0.00036595277350007,0.4,0.3,0.6,110,0.0672674474455608,0.0635833485886112
28,49,0.06980399837166702,0.3233210079206909,0.3431935543587757,0.6110998034910539,0.02922444698155823,0.07162904842621022,0.00048501440633487,0.00037142568162454,0.4,0.3,0.6,116,0.0674352257680124,0.0658111324531298
28,50,0.07029513453922337,0.32794319779690817,0.3579843373632319,0.6406262573194341,0.029681046748060224,0.07294369972832054,0.00048314128163348,0.00036921726989101,0.4,0.3,0.6,121,0.0670517386529339,0.0653881795135136
28,51,0.07009091645724023,0.32549396010527865,0.3504429811826327,0.6492908374256947,0.029773290484905738,0.07252894469664464,0.00048396826136883005,0.00036807579878192,0.4,0.3,0.6,123,0.0671224014772729,0.0657861624922883
28,52,0.06998264147379243,0.327085885183374,0.35710330275635715,0.6511944642227039,0.03204475609531812,0.07257304813727175,0.00048504859243545,0.0003687254309558,0.4,0.3,0.6,124,0.067795558191145,0.0663281041162021
28,53,0.06991315191804867,0.32653942381668727,0.35653609530505903,0.6535936436621266,0.03247936677352577,0.07275794296809121,0.00048651066239446003,0.00036814438790724,0.4,0.3,0.6,125,0.0672575898933317,0.0654004606690559
28,54,0.06981405396785688,0.32405660525839464,0.34895513880405304,0.6475348497574134,0.031114294336525166,0.07270826003519834,0.00048641973336804,0.00036820344409949004,0.4,0.3,0.6,126,0.0672522422108614,0.065036058707709
28,55,0.06827431251026174,0.31995536676032715,0.34640589815272754,0.6690326809326995,0.03110896562595693,0.07143115900289157,0.00047849870822572004,0.00036569401330997,0.4,0.3,0.6,136,0.0672128830214212,0.0663200864705577
29,0,0.9782154836547555,0.9944993412263973,0.994315436863031,0.9284512385860019,0.0,0.0,0.0,0.0,0.4,0.3,0.6,1,0.997363076944648,0.9690355652243152
29,1,0.6910483963187174,0.9268544520417938,0.9218331093566642,0.8530104237027719,0.2606367342017832,0.06659518255151775,0.00041527795992107994,0.00042933168584302004,0.4,0.3,0.6,3,0.6052539242881055,0.6528001122932099
29,2,0.4585433911268759,0.8191304382947111,0.8121840685165295,0.7366136781073547,0.540422985292008,0.06665410249497442,0.00022731326924467,0.00022661837312929002,0.4,0.3,0.6,4,0.4791244244493751,0.4433163387834061
29,3,0.35544670545398277,0.7585865398697034,0.7479388140771418,0.6704658205238063,0.34852833145804535,0.06664964981318139,0.00034695199087734,0.00041488166324595997,0.4,0.3,0.6,5,0.4116804061800664,0.2491603361606535
29,4,0.28842652333858587,0.6983500869281937,0.6873600901707451,0.607230366651329,0.15948941930202173,0.06664964981318137,0.00034695199087734,0.00041488166324595997,0.4,0.3,0.6,7,0.342876966011525,0.246836936211251
29,5,0.25347904981492064,0.6650161733994707,0.6545101673202074,0.5741218359891012,0.11706626248334327,0.07160558201558091,0.00055260910046225,0.0006608043439811,0.4,0.3,0.6,9,0.314964361600715,0.199626480349205
29,6,0.25280193485420965,0.6650065171905664,0.6561693962795399,0.5870087273753215,0.030575242384808327,0.07160442738472048,0.00059508865257715,0.0007770534889254899,0.4,0.3,0.6,12,0.3253457095345872,0.1859208970712055
29,7,0.2402467512343218,0.6497161814847469,0.6369200138114358,0.5673803473451909,0.11498939334688923,0.0801028055853872,0.0003455576270674,0.00041406625609193004,0.4,0.3,0.6,13,0.259676440120517,0.2034647790121464
29,8,0.23431124480861681,0.6443907403413128,0.6347762801509804,0.565844309064123,0.06205767813812913,0.07813308676105495,0.00065138347673099,0.0007804301451494399,0.4,0.3,0.6,14,0.2830091471442484,0.1952002404401173
29,9,0.2307432175510349,0.6406431027758942,0.6309112660084265,0.5719387697462387,0.04105800308248878,0.07820112159253037,0.00036967887648695,0.00048020184252718005,0.4,0.3,0.6,16,0.2192559682377981,0.1801531058629042
29,10,0.21716054565441814,0.6248070203816956,0.6162058335981733,0.5484102357607301,0.11375418993720092,0.078420524742751,0.00065016583041443,0.0007799886410010699,0.4,0.3,0.6,17,0.2828134977671495,0.1583920158569645
29,11,0.18439426132150236,0.5783024964323595,0.5631716649261602,0.49934977278140935,0.13467828385393976,0.07600869551698904,0.00038421558229781,0.00046738536521986,0.4,0.3,0.6,19,0.2023148366461202,0.1865480279159868
29,12,0.17837950759444607,0.5698175358366584,0.5560665748058427,0.4980718354408344,0.04631287414739456,0.07661659402228359,0.00038171556516598,0.00047978015183637,0.4,0.3,0.6,22,0.213690522198169,0.1748422848644972
29,13,0.1584933880967129,0.5394838367147201,0.527978233155669,0.469323896074838,0.21281645703884322,0.08248771728763944,0.00055827807774613,0.00067263604402515,0.4,0.3,0.6,23,0.1696360177645267,0.1126686691750048
29,14,0.14139221954310227,0.5065769542248771,0.4973256117495371,0.44693638954918335,0.1100883702849526,0.08167267358335385,0.00056629831836741,0.00067623092155049,0.4,0.3,0.6,25,0.1589716926976418,0.12539538991565
29,15,0.12605268908259312,0.4737288129654614,0.4617363321429748,0.42175453368268956,0.10729582847757695,0.07952638867905935,0.00055226961244404,0.00065870408046541,0.4,0.3,0.6,27,0.1380841802333682,0.108926622291585
29,16,0.10979889641544577,0.43635092827925615,0.4231595057498702,0.3745369252160443,0.20480651589643595,0.07570005395695831,0.0005401114711609,0.0006783125371509901,0.4,0.3,0.6,28,0.1144680782742744,0.1192149660717542
29,17,0.10655722712239304,0.4249611898368465,0.41299312022656215,0.3669293185115877,0.06720870661430214,0.08076134844683305,0.00054407532811705,0.00067740623103706,0.4,0.3,0.6,30,0.1066147974550088,0.1149810391408262
29,18,0.10442779853092306,0.41736810835417604,0.40345836584221856,0.36843086254595525,0.04219886925190647,0.08197901175636622,0.00054417665696619,0.0006549560190965799,0.4,0.3,0.6,34,0.1079237860082448,0.091596282150507
29,19,0.1025375754968915,0.41295227865137535,0.4005724756278292,0.3777645642556947,0.04516382616193485,0.08148437215768439,0.0005694000066248899,0.0006892723981442699,0.4,0.3,0.6,36,0.1113495084087682,0.076980516920225
29,20,0.09405302375843427,0.3865716851735646,0.3766209010337869,0.34827861347274464,0.17503165630340725,0.08394809860868944,0.00056665819501174,0.00067848076409861,0.4,0.3,0.6,37,0.1044894896140175,0.0656027483713736
29,21,0.09101385590981624,0.3808649840231342,0.369128148393948,0.34612233658735253,0.0377700456794755,0.0783993574229296,0.00049140963602177,0.00059260226002879,0.4,0.3,0.6,39,0.1027572616392495,0.0762862834617055
29,22,0.08070188806446152,0.33949896932940465,0.3263196571411076,0.304419857815733,0.2428180312903258,0.08278105759570888,0.00051349448834149,0.00061407626766296,0.4,0.3,0.6,40,0.0875308412197411,0.0660620369069896
29,23,0.08069644181902398,0.33947967536945645,0.3262997421360603,0.31361258858473723,0.03366420741363975,0.08277921521347086,0.00051354284544723,0.0006141391457958601,0.4,0.3,0.6,43,0.0874298804955809,0.0664450600175609
29,24,0.0805756480846095,0.3383060204221773,0.32507874508361984,0.3168943016142627,0.03730975045249987,0.08338166202479183,0.00051467599050637,0.00061553605538575,0.4,0.3,0.6,45,0.0861664033796801,0.0666497945019949
29,25,0.08057872424730464,0.3382767411931641,0.3250480129062267,0.31916391527777993,0.034101384115879554,0.08341676888181239,0.00051485176474538,0.0006156980104911599,0.4,0.3,0.6,46,0.0861138972775131,0.0665556702867919
29,26,0.07918573567174718,0.3342331111943274,0.32254957851883276,0.31613938513552897,0.0554442577741349,0.08278037184643465,0.0005156587165832699,0.00061657207883847,0.4,0.3,0.6,47,0.0841230794737545,0.0664398949327713
29,27,0.07876858500191797,0.3330186355730239,0.32129952909676485,0.3194974017473392,0.03864477428418879,0.08241342262424879,0.00051173483699784,0.0006121658006159501,0.4,0.3,0.6,48,0.0852195081952272,0.0629014927766127
29,28,0.07853769649138595,0.3327083120318513,0.3226497320791805,0.3253997960995216,0.03521017381686447,0.08248350457034069,0.00051445754089008,0.00061496584241886,0.4,0.3,0.6,51,0.0833655676033175,0.064190429166498
29,29,0.07735956965928054,0.3274297920607765,0.31552498514999394,0.3226881565729366,0.05530368460492904,0.08232012639511313,0.00051223894372218,0.0006152232850990299,0.4,0.3,0.6,52,0.0812886570581767,0.0647152152458703
29,30,0.07674182690111758,0.32600117680232527,0.3157248279887608,0.3298117018352436,0.03818747447451025,0.08199567558432344,0.00051341427208082,0.00061635271719002,0.4,0.3,0.6,54,0.080093052784511,0.0653107738043058
29,31,0.07631194634902178,0.32416367765311427,0.3171541215975096,0.3575139246261089,0.03636804179070434,0.08308140654448783,0.00054813415954975,0.00065362378215956,0.4,0.3,0.6,61,0.0788268199450136,0.0653007730331215
29,32,0.07561936397410773,0.3211303429522839,0.30902446020070584,0.35324356899254117,0.033394992542089906,0.08159694498278107,0.0005207744442000701,0.00061617427103981,0.4,0.3,0.6,67,0.0784824876819852,0.0661994611853417
29,33,0.07671799273684565,0.32717342213665285,0.3269363373245862,0.3673356789740268,0.03427253215465523,0.08426276141095572,0.0005505936302723699,0.0006558184291116899,0.4,0.3,0.6,68,0.0793841188367888,0.0662767467306809
29,34,0.07500225829262411,0.32118473740295006,0.3224252712847562,0.37008490492857227,0.04989421242225759,0.0838155259090475,0.0005511343660925801,0.0006573836017325101,0.4,0.3,0.6,70,0.0773677894298762,0.06714094080281
29,35,0.07429057202424454,0.3182970479634488,0.3177778016410979,0.3853855708312869,0.03618395415241786,0.0831613288241392,0.00055180386679114,0.00065921452916913,0.4,0.3,0.6,74,0.0772721136359774,0.0687334841573032
29,36,0.07393095650768779,0.31704136917022263,0.3181481484861921,0.3810047682255435,0.03729041307380947,0.08346751353475249,0.00054874018275286,0.0006517412239262,0.4,0.3,0.6,77,0.075892770412996,0.0663229692629183
29,37,0.07321842446361723,0.3139816128681585,0.3149866326236645,0.3876936245023598,0.03762882535834531,0.08342488456131933,0.0005491984037577201,0.00065227222816476,0.4,0.3,0.6,81,0.0764222232945067,0.0664383653817961
29,38,0.0732051851555271,0.31385379988720147,0.3148539427863459,0.37747591303386413,0.03416763847512326,0.08347080217863213,0.00054877529931258,0.0006519780865652501,0.4,0.3,0.6,84,0.075835356768894,0.0660077284156416
29,39,0.07312738204014362,0.3143519449077008,0.3170419635289817,0.4028597026707148,0.03474332876244152,0.08337317225378453,0.00054896349692306,0.0006524736695041899,0.4,0.3,0.6,85,0.0764369219394138,0.06639630647153
29,40,0.07313434617499491,0.3135696974758339,0.3145606080825045,0.3771624804124493,0.03406300901472065,0.08345039115686795,0.000548837080274,0.00065214226717415,0.4,0.3,0.6,89,0.0760286370889455,0.0661137591467791
29,41,0.07228472769895743,0.316016184576222,0.33047003033028977,0.4536404397152228,0.03539125862601153,0.08301312542130128,0.0005487605592696001,0.00065845613264693,0.4,0.3,0.6,98,0.0797213877081758,0.0543420600026954
30,0,0.9675484834828315,0.9917618205176867,0.9914863174706656,0.9243356994067182,0.0,0.0,0.0,0.0,0.4,0.3,0.6,1,1.042541689750868,0.9583663595833904
30,1,0.9377765525913998,1.000268723166366,0.999531536874992,0.9339409318423434,0.05579435466070856,0.05577438601762007,4.725021336606414e-06,4.659478732170196e-06,0.4,0.3,0.6,3,1.0075292886188558,0.8703492793231564
30,2,0.4543669653653627,0.8167755274142874,0.8097491794964904,0.7340039282749412,0.9390603053266657,0.06665916873345815,0.0002857003478768,0.00025548363076025,0.4,0.3,0.6,4,0.4921799022868481,0.4230810407161625
30,3,0.3321111242046281,0.7352087860435622,0.7254595398476257,0.6495907606530258,0.22422236548525873,0.06664468460104264,0.0001380303396133,0.00011075988136486002,0.4,0.3,0.6,6,0.3682487020019215,0.3453940831470415
30,4,0.3294763758719443,0.7344079932704882,0.7262105482403763,0.6526345250579941,0.039984910720335755,0.0733788667667966,0.00026283229308702997,0.00021090489006063,0.4,0.3,0.6,8,0.3458457673597905,0.3515577406304904
30,5,0.3187045024018336,0.7253968229989813,0.7169461529454448,0.6445298726181091,0.06484200397882885,0.0698665925868983,0.00022176962254522002,0.0001764177594426,0.4,0.3,0.6,9,0.3488957671242574,0.3447733270491286
30,6,0.31514951399712615,0.7224785590491803,0.7139250998346919,0.6370149813708356,0.03572668022750747,0.07028768534258198,0.00020074925113382002,0.00016445986590677,0.4,0.3,0.6,11,0.3436888821925312,0.333840041099116
30,7,0.2977802458704813,0.7083005163953661,0.7009391580276715,0.6321383234604011,0.05278840484358688,0.07069362563254736,0.00020613562348892,0.00017908278233179,0.4,0.3,0.6,14,0.3211595651054204,0.3128346899357477
30,8,0.2946057460594037,0.7055277940710538,0.6980587167511251,0.6346493933155318,0.044535416100165696,0.07183823830233306,0.00019458680836714,0.00017051945694617,0.4,0.3,0.6,15,0.3122329524806089,0.3094212918145912
30,9,0.2892985942263089,0.7007291876955435,0.693100333234102,0.6293390600575834,0.05204901302638459,0.07181265961275685,0.00018667331717752,0.0001560764360842,0.4,0.3,0.6,16,0.303327325109659,0.3005044523491431
30,10,0.2607853564637851,0.6739893155574133,0.6671391520056542,0.6039990005580768,0.1618363788242253,0.07170425033964442,0.00019798961520476,0.00017832570276650998,0.4,0.3,0.6,17,0.2616442022128045,0.2549606763591288
30,11,0.25732825656594577,0.6724127000221045,0.6655485820108695,0.6043861691732615,0.03906674131160358,0.06875073772405489,0.00017235519459526,0.00022773566232488001,0.4,0.3,0.6,18,0.2911210446674125,0.2200155284687617
30,12,0.24057606119961114,0.6518284302306226,0.6425444374975623,0.5788901287938037,0.12531319000850152,0.07326506387526295,0.00016689462172247998,0.00019244296395382,0.4,0.3,0.6,19,0.2334339759126001,0.2336744494619703
30,13,0.20284988559351722,0.6075742488019416,0.6001612239890101,0.5388491175947221,0.2495556285649205,0.07251572765757867,0.00023163930749081998,0.00031557596530096,0.4,0.3,0.6,20,0.2121076347706882,0.1881230566492773
30,14,0.1994851100575219,0.6030763265385902,0.5955130338275811,0.5338693553412067,0.04015720419988742,0.0725150610127184,0.00023215256281105,0.00030856568364239997,0.4,0.3,0.6,22,0.2070648771923344,0.1844979734480502
30,15,0.19822444703512804,0.6013715819927955,0.5937512336649405,0.5319841884553675,0.03340650622601588,0.07250371200243487,0.00022836155747323002,0.00032100284944668,0.4,0.3,0.6,24,0.2068883534783891,0.1814328248095823
30,16,0.16543516025677857,0.5539871185316869,0.549768147579683,0.506849992532623,0.05733617397320814,0.07431655286321685,0.00037058441429474,0.00053418721753005,0.4,0.3,0.6,33,0.1779707894344627,0.1561603314076524
30,17,0.16542261803168598,0.5539659864001792,0.5497463104469181,0.5068265476119236,0.0302087036415026,0.07431655302970384,0.00037058437429608,0.00053418717820313,0.4,0.3,0.6,35,0.177951723571974,0.1561634930922301
30,18,0.14892161096548687,0.5225625559857718,0.5155517843805428,0.48653854651599043,0.06401216047292015,0.08008587516067191,0.00023140516987757003,0.00020041223803087,0.4,0.3,0.6,40,0.1365566447997158,0.1594371727257192
30,19,0.14288313588930926,0.5124416590343713,0.5067938291287899,0.4746383171295439,0.043357588929643975,0.0774634978566247,0.00030825877014171,0.00044361231606642,0.4,0.3,0.6,44,0.1385461874716256,0.1475727172788923
30,20,0.13168383340468248,0.48798931696700293,0.4798287298041454,0.44826860012589625,0.09127535006383498,0.07935285701774267,0.00027838565647524,0.00035342135749301,0.4,0.3,0.6,46,0.1290876153512128,0.1481729303645874
30,21,0.12653729409046033,0.47827799555539247,0.47314244532833577,0.4485521873571575,0.058409716986025595,0.07882238446582737,0.00031138726297915,0.00039658116685507,0.4,0.3,0.6,48,0.1293097669009175,0.1334499144273139
30,22,0.12248900101671592,0.46734895433930057,0.45849797821694893,0.4254189740247707,0.05558037669802935,0.07931365881128541,0.00029428854514540004,0.00038195700627657,0.4,0.3,0.6,50,0.1233406983581864,0.1351138427080356
30,23,0.11936224467816037,0.46144274291023574,0.45574048487802193,0.43529341121234016,0.06713097483454006,0.07908246296177807,0.0003308079807841,0.00040030978097437,0.4,0.3,0.6,51,0.118487343622643,0.1260629660087343
30,24,0.11669393747903681,0.4552617964799064,0.4493598560434438,0.4230856183300442,0.060796827703246924,0.07852679057284392,0.00032466884477917003,0.00042495967920896,0.4,0.3,0.6,52,0.1220879427679162,0.1232057095257888
30,25,0.11622811899522596,0.45409824168671015,0.4481574476956997,0.4217942601209446,0.03454048402880245,0.07853396813027165,0.00032115859739198,0.00041921164756425,0.4,0.3,0.6,54,0.1216492834515168,0.123367789352736
30,26,0.11621112310012316,0.45445730166355713,0.45019372327054497,0.4244299519447364,0.03458072368672188,0.07898528339452623,0.00033974212147905,0.00044395323950494,0.4,0.3,0.6,55,0.1203164893303767,0.127295702767704
30,27,0.11620988200838343,0.4544542180929057,0.4501905358697817,0.4261441994768793,0.03197691571623737,0.07898528339452625,0.00033974212147905,0.00044395323950494,0.4,0.3,0.6,56,0.1203168467846983,0.1272907748911987
30,28,0.11582061258092619,0.4534897420024373,0.4491938249625861,0.43638865758229456,0.03430415472015368,0.07896760531143517,0.00034255337959404,0.00045343831514715,0.4,0.3,0.6,58,0.1196402593439216,0.1216708180613623
30,29,0.11570564539436985,0.4550581093197662,0.4558245333965337,0.45463221979572155,0.03389640852119993,0.07930055512545234,0.00036245790332509,0.00051479061183757,0.4,0.3,0.6,60,0.1157656019389903,0.1236678961789195
30,30,0.11550220177201535,0.45462535318157743,0.45537898943594884,0.45415871874434594,0.03301489156717356,0.07923283861936695,0.00035114667299966,0.00048165551062459,0.4,0.3,0.6,62,0.1172869994108741,0.1246605388357917
30,31,0.11172671408193377,0.4448452210912025,0.4452684368413793,0.44822634490893654,0.056151930730839676,0.07924502815848614,0.00043591850708537004,0.00060002954750098,0.4,0.3,0.6,64,0.1101263469336061,0.1227447491857414
30,32,0.10998202859011974,0.4402601897519888,0.44052991249716755,0.4480544619324937,0.04332335583159508,0.07924659624468978,0.00044486693013342,0.00060326280727779,0.4,0.3,0.6,66,0.1070626409428579,0.1198246108900919
30,33,0.10941431052527055,0.4386998124242008,0.4389162878922184,0.45122922943672966,0.039948930188261865,0.07928776526526599,0.00048198537646665,0.00061074564175535,0.4,0.3,0.6,67,0.1058408086988519,0.1176782044285135
30,34,0.1092301159710002,0.4397177910712588,0.44331406836765985,0.45534831107827584,0.033805777041454585,0.07918280014012244,0.00044452007879589,0.00060362590650393,0.4,0.3,0.6,68,0.1052097232835749,0.1177034971831649
30,35,0.10659743151561801,0.4315388069004295,0.43318290378953533,0.4566205773145746,0.04477905628364775,0.0797477414306125,0.00051822759675487,0.00052769035086383,0.4,0.3,0.6,71,0.1021345898564037,0.1150926562307807
30,36,0.10642044606890816,0.43170476766886107,0.4350252980121122,0.4686103593421129,0.03332639711835023,0.07978370625905272,0.00051829986440388,0.0005550848463728899,0.4,0.3,0.6,74,0.1022830080802842,0.1181419895452996
30,37,0.10633437292551864,0.4314238538338316,0.43473418012490744,0.46792490441149653,0.03390399735640819,0.07976346196878134,0.00054041960682683,0.00059828232685274,0.4,0.3,0.6,75,0.1119736236841161,0.1122780543076078
