Dataset,Run,Method,Weight,Metric,Test_Metric,Spearman
542_pollution,1,SVP,w0.9_0.2_0.8,MSE_Train,MSE_Test_Interpolation,0.0170355959829644
542_pollution,1,SVP,w0.9_0.2_0.8,AIC_Train,MSE_Test_Interpolation,0.14995530785004468
542_pollution,1,SVP,w0.9_0.2_0.8,BIC_Train,MSE_Test_Interpolation,0.15636994584363004
542_pollution,1,SVP,w0.9_0.2_0.8,MDL_Train,MSE_Test_Interpolation,0.08441558441558442
542_pollution,1,SVP,w0.9_0.2_0.8,PSM_Train,MSE_Test_Interpolation,0.2987275882012723
542_pollution,1,SVP,w0.9_0.2_0.8,MSE_Train,MSE_Test_Extrapolation,0.48509385351490614
542_pollution,1,SVP,w0.9_0.2_0.8,AIC_Train,MSE_Test_Extrapolation,0.2266154897733845
542_pollution,1,SVP,w0.9_0.2_0.8,BIC_Train,MSE_Test_Extrapolation,0.305115936694884
542_pollution,1,SVP,w0.9_0.2_0.8,MDL_Train,MSE_Test_Extrapolation,0.20526841579473157
542_pollution,1,SVP,w0.9_0.2_0.8,PSM_Train,MSE_Test_Extrapolation,0.3724696356275303
542_pollution,2,SVP,w0.9_0.2_0.8,MSE_Train,MSE_Test_Interpolation,0.6447232772653283
542_pollution,2,SVP,w0.9_0.2_0.8,AIC_Train,MSE_Test_Interpolation,0.43209441128594683
542_pollution,2,SVP,w0.9_0.2_0.8,BIC_Train,MSE_Test_Interpolation,0.7915084102007597
542_pollution,2,SVP,w0.9_0.2_0.8,MDL_Train,MSE_Test_Interpolation,0.6823792729245794
542_pollution,2,SVP,w0.9_0.2_0.8,PSM_Train,MSE_Test_Interpolation,0.5809820944112859
542_pollution,2,SVP,w0.9_0.2_0.8,MSE_Train,MSE_Test_Extrapolation,0.5238469886055345
542_pollution,2,SVP,w0.9_0.2_0.8,AIC_Train,MSE_Test_Extrapolation,0.1124253933803581
542_pollution,2,SVP,w0.9_0.2_0.8,BIC_Train,MSE_Test_Extrapolation,0.5572843190450353
542_pollution,2,SVP,w0.9_0.2_0.8,MDL_Train,MSE_Test_Extrapolation,0.8754747693977212
542_pollution,2,SVP,w0.9_0.2_0.8,PSM_Train,MSE_Test_Extrapolation,0.7108790016277808
542_pollution,3,SVP,w0.9_0.2_0.8,MSE_Train,MSE_Test_Interpolation,-0.020320130222463376
542_pollution,3,SVP,w0.9_0.2_0.8,AIC_Train,MSE_Test_Interpolation,-0.17845903418339665
542_pollution,3,SVP,w0.9_0.2_0.8,BIC_Train,MSE_Test_Interpolation,-0.06151654910472056
542_pollution,3,SVP,w0.9_0.2_0.8,MDL_Train,MSE_Test_Interpolation,0.42011665762344
542_pollution,3,SVP,w0.9_0.2_0.8,PSM_Train,MSE_Test_Interpolation,0.112194791101465
542_pollution,3,SVP,w0.9_0.2_0.8,MSE_Train,MSE_Test_Extrapolation,0.4344411285946826
542_pollution,3,SVP,w0.9_0.2_0.8,AIC_Train,MSE_Test_Extrapolation,0.27027943570265867
542_pollution,3,SVP,w0.9_0.2_0.8,BIC_Train,MSE_Test_Extrapolation,0.3559413998914813
542_pollution,3,SVP,w0.9_0.2_0.8,MDL_Train,MSE_Test_Extrapolation,0.7847259902333151
542_pollution,3,SVP,w0.9_0.2_0.8,PSM_Train,MSE_Test_Extrapolation,0.5982772653282691
542_pollution,4,SVP,w0.9_0.2_0.8,MSE_Train,MSE_Test_Interpolation,-0.06806684733514003
542_pollution,4,SVP,w0.9_0.2_0.8,AIC_Train,MSE_Test_Interpolation,-0.15158084914182474
542_pollution,4,SVP,w0.9_0.2_0.8,BIC_Train,MSE_Test_Interpolation,-0.12113821138211381
542_pollution,4,SVP,w0.9_0.2_0.8,MDL_Train,MSE_Test_Interpolation,0.30582655826558264
542_pollution,4,SVP,w0.9_0.2_0.8,PSM_Train,MSE_Test_Interpolation,0.18410117434507678
542_pollution,4,SVP,w0.9_0.2_0.8,MSE_Train,MSE_Test_Extrapolation,0.70420054200542
542_pollution,4,SVP,w0.9_0.2_0.8,AIC_Train,MSE_Test_Extrapolation,0.7014001806684733
542_pollution,4,SVP,w0.9_0.2_0.8,BIC_Train,MSE_Test_Extrapolation,0.7429539295392954
542_pollution,4,SVP,w0.9_0.2_0.8,MDL_Train,MSE_Test_Extrapolation,0.5917344173441734
542_pollution,4,SVP,w0.9_0.2_0.8,PSM_Train,MSE_Test_Extrapolation,0.6822041553748871
542_pollution,5,SVP,w0.9_0.2_0.8,MSE_Train,MSE_Test_Interpolation,0.7679407548972766
542_pollution,5,SVP,w0.9_0.2_0.8,AIC_Train,MSE_Test_Interpolation,0.7342251950947604
542_pollution,5,SVP,w0.9_0.2_0.8,BIC_Train,MSE_Test_Interpolation,0.7171524128045867
542_pollution,5,SVP,w0.9_0.2_0.8,MDL_Train,MSE_Test_Interpolation,0.43247332377767167
542_pollution,5,SVP,w0.9_0.2_0.8,PSM_Train,MSE_Test_Interpolation,0.529781812390508
542_pollution,5,SVP,w0.9_0.2_0.8,MSE_Train,MSE_Test_Extrapolation,0.37577639751552794
542_pollution,5,SVP,w0.9_0.2_0.8,AIC_Train,MSE_Test_Extrapolation,0.3168498168498169
542_pollution,5,SVP,w0.9_0.2_0.8,BIC_Train,MSE_Test_Extrapolation,0.44749163879598663
542_pollution,5,SVP,w0.9_0.2_0.8,MDL_Train,MSE_Test_Extrapolation,0.7669374104156713
542_pollution,5,SVP,w0.9_0.2_0.8,PSM_Train,MSE_Test_Extrapolation,0.6481923873228221
542_pollution,6,SVP,w0.9_0.2_0.8,MSE_Train,MSE_Test_Interpolation,0.31300407997655705
542_pollution,6,SVP,w0.9_0.2_0.8,AIC_Train,MSE_Test_Interpolation,-0.6511236841512071
542_pollution,6,SVP,w0.9_0.2_0.8,BIC_Train,MSE_Test_Interpolation,-0.6575885309830265
542_pollution,6,SVP,w0.9_0.2_0.8,MDL_Train,MSE_Test_Interpolation,0.4999256136870816
542_pollution,6,SVP,w0.9_0.2_0.8,PSM_Train,MSE_Test_Interpolation,0.3665351757094876
542_pollution,6,SVP,w0.9_0.2_0.8,MSE_Train,MSE_Test_Extrapolation,-0.24169240132542885
542_pollution,6,SVP,w0.9_0.2_0.8,AIC_Train,MSE_Test_Extrapolation,0.13382773933232647
542_pollution,6,SVP,w0.9_0.2_0.8,BIC_Train,MSE_Test_Extrapolation,0.19943195906498656
542_pollution,6,SVP,w0.9_0.2_0.8,MDL_Train,MSE_Test_Extrapolation,0.049009309559768274
542_pollution,6,SVP,w0.9_0.2_0.8,PSM_Train,MSE_Test_Extrapolation,0.01598178662398846
542_pollution,7,SVP,w0.9_0.2_0.8,MSE_Train,MSE_Test_Interpolation,0.3029047050907261
542_pollution,7,SVP,w0.9_0.2_0.8,AIC_Train,MSE_Test_Interpolation,0.5785265562535694
542_pollution,7,SVP,w0.9_0.2_0.8,BIC_Train,MSE_Test_Interpolation,0.5232370752780588
542_pollution,7,SVP,w0.9_0.2_0.8,MDL_Train,MSE_Test_Interpolation,-0.010149787108922198
542_pollution,7,SVP,w0.9_0.2_0.8,PSM_Train,MSE_Test_Interpolation,0.12484520867849207
542_pollution,7,SVP,w0.9_0.2_0.8,MSE_Train,MSE_Test_Extrapolation,0.5788165710609193
542_pollution,7,SVP,w0.9_0.2_0.8,AIC_Train,MSE_Test_Extrapolation,0.0667795680535096
542_pollution,7,SVP,w0.9_0.2_0.8,BIC_Train,MSE_Test_Extrapolation,0.11800927902427988
542_pollution,7,SVP,w0.9_0.2_0.8,MDL_Train,MSE_Test_Extrapolation,0.7797094155829422
542_pollution,7,SVP,w0.9_0.2_0.8,PSM_Train,MSE_Test_Extrapolation,0.8146485308244862
542_pollution,8,SVP,w0.9_0.2_0.8,MSE_Train,MSE_Test_Interpolation,0.23815121111624193
542_pollution,8,SVP,w0.9_0.2_0.8,AIC_Train,MSE_Test_Interpolation,0.22410897947189454
542_pollution,8,SVP,w0.9_0.2_0.8,BIC_Train,MSE_Test_Interpolation,0.23317660887452246
542_pollution,8,SVP,w0.9_0.2_0.8,MDL_Train,MSE_Test_Interpolation,0.5915158893413375
542_pollution,8,SVP,w0.9_0.2_0.8,PSM_Train,MSE_Test_Interpolation,0.30659921917635696
542_pollution,8,SVP,w0.9_0.2_0.8,MSE_Train,MSE_Test_Extrapolation,0.22280760673355443
542_pollution,8,SVP,w0.9_0.2_0.8,AIC_Train,MSE_Test_Extrapolation,0.2296922883170312
542_pollution,8,SVP,w0.9_0.2_0.8,BIC_Train,MSE_Test_Extrapolation,0.24682003274421727
542_pollution,8,SVP,w0.9_0.2_0.8,MDL_Train,MSE_Test_Extrapolation,0.6531841652323579
542_pollution,8,SVP,w0.9_0.2_0.8,PSM_Train,MSE_Test_Extrapolation,0.2814113597246127
542_pollution,9,SVP,w0.9_0.2_0.8,MSE_Train,MSE_Test_Interpolation,-0.11495393338058116
542_pollution,9,SVP,w0.9_0.2_0.8,AIC_Train,MSE_Test_Interpolation,-0.14143970841348588
542_pollution,9,SVP,w0.9_0.2_0.8,BIC_Train,MSE_Test_Interpolation,-0.021302014781816342
542_pollution,9,SVP,w0.9_0.2_0.8,MDL_Train,MSE_Test_Interpolation,0.48040903108231253
542_pollution,9,SVP,w0.9_0.2_0.8,PSM_Train,MSE_Test_Interpolation,0.32056292396476666
542_pollution,9,SVP,w0.9_0.2_0.8,MSE_Train,MSE_Test_Extrapolation,0.8114812189936216
542_pollution,9,SVP,w0.9_0.2_0.8,AIC_Train,MSE_Test_Extrapolation,0.8817454692720462
542_pollution,9,SVP,w0.9_0.2_0.8,BIC_Train,MSE_Test_Extrapolation,0.8703047484053863
542_pollution,9,SVP,w0.9_0.2_0.8,MDL_Train,MSE_Test_Extrapolation,-0.34034625898552195
542_pollution,9,SVP,w0.9_0.2_0.8,PSM_Train,MSE_Test_Extrapolation,0.28690898045965374
542_pollution,10,SVP,w0.9_0.2_0.8,MSE_Train,MSE_Test_Interpolation,-0.1444740103521178
542_pollution,10,SVP,w0.9_0.2_0.8,AIC_Train,MSE_Test_Interpolation,-0.13029452504191877
542_pollution,10,SVP,w0.9_0.2_0.8,BIC_Train,MSE_Test_Interpolation,-0.048060800466574315
542_pollution,10,SVP,w0.9_0.2_0.8,MDL_Train,MSE_Test_Interpolation,-0.35712983888605376
542_pollution,10,SVP,w0.9_0.2_0.8,PSM_Train,MSE_Test_Interpolation,-0.2987715972880367
542_pollution,10,SVP,w0.9_0.2_0.8,MSE_Train,MSE_Test_Extrapolation,-0.5014215936429248
542_pollution,10,SVP,w0.9_0.2_0.8,AIC_Train,MSE_Test_Extrapolation,-0.4211015528176715
542_pollution,10,SVP,w0.9_0.2_0.8,BIC_Train,MSE_Test_Extrapolation,0.17170299628198585
542_pollution,10,SVP,w0.9_0.2_0.8,MDL_Train,MSE_Test_Extrapolation,0.46194503171247353
542_pollution,10,SVP,w0.9_0.2_0.8,PSM_Train,MSE_Test_Extrapolation,-0.4515746883429321
542_pollution,11,SVP,w0.9_0.2_0.8,MSE_Train,MSE_Test_Interpolation,-0.030669772859638903
542_pollution,11,SVP,w0.9_0.2_0.8,AIC_Train,MSE_Test_Interpolation,-0.6102737332556784
542_pollution,11,SVP,w0.9_0.2_0.8,BIC_Train,MSE_Test_Interpolation,-0.5112638322655795
542_pollution,11,SVP,w0.9_0.2_0.8,MDL_Train,MSE_Test_Interpolation,0.7160629004076877
542_pollution,11,SVP,w0.9_0.2_0.8,PSM_Train,MSE_Test_Interpolation,0.2607920792079208
542_pollution,11,SVP,w0.9_0.2_0.8,MSE_Train,MSE_Test_Extrapolation,-0.25939429237041345
542_pollution,11,SVP,w0.9_0.2_0.8,AIC_Train,MSE_Test_Extrapolation,-0.2588468258590565
542_pollution,11,SVP,w0.9_0.2_0.8,BIC_Train,MSE_Test_Extrapolation,-0.2376470588235294
542_pollution,11,SVP,w0.9_0.2_0.8,MDL_Train,MSE_Test_Extrapolation,0.24747815958066394
542_pollution,11,SVP,w0.9_0.2_0.8,PSM_Train,MSE_Test_Extrapolation,0.11277810133954572
542_pollution,12,SVP,w0.9_0.2_0.8,MSE_Train,MSE_Test_Interpolation,-0.21647940074906363
542_pollution,12,SVP,w0.9_0.2_0.8,AIC_Train,MSE_Test_Interpolation,-0.22841503066222166
542_pollution,12,SVP,w0.9_0.2_0.8,BIC_Train,MSE_Test_Interpolation,-0.19665802362431575
542_pollution,12,SVP,w0.9_0.2_0.8,MDL_Train,MSE_Test_Interpolation,0.29668683376548544
542_pollution,12,SVP,w0.9_0.2_0.8,PSM_Train,MSE_Test_Interpolation,0.05143844919125818
542_pollution,12,SVP,w0.9_0.2_0.8,MSE_Train,MSE_Test_Extrapolation,0.24333045231921632
542_pollution,12,SVP,w0.9_0.2_0.8,AIC_Train,MSE_Test_Extrapolation,0.2315265259085484
542_pollution,12,SVP,w0.9_0.2_0.8,BIC_Train,MSE_Test_Extrapolation,0.31240893937523145
542_pollution,12,SVP,w0.9_0.2_0.8,MDL_Train,MSE_Test_Extrapolation,0.6764209573198338
542_pollution,12,SVP,w0.9_0.2_0.8,PSM_Train,MSE_Test_Extrapolation,0.46421368893278997
542_pollution,13,SVP,w0.9_0.2_0.8,MSE_Train,MSE_Test_Interpolation,-0.019210519686626196
542_pollution,13,SVP,w0.9_0.2_0.8,AIC_Train,MSE_Test_Interpolation,-0.15380003526714864
542_pollution,13,SVP,w0.9_0.2_0.8,BIC_Train,MSE_Test_Interpolation,-0.08109932740509358
542_pollution,13,SVP,w0.9_0.2_0.8,MDL_Train,MSE_Test_Interpolation,0.5150061717510139
542_pollution,13,SVP,w0.9_0.2_0.8,PSM_Train,MSE_Test_Interpolation,0.30871350479885135
542_pollution,13,SVP,w0.9_0.2_0.8,MSE_Train,MSE_Test_Extrapolation,0.1040229740282641
542_pollution,13,SVP,w0.9_0.2_0.8,AIC_Train,MSE_Test_Extrapolation,0.10977655742247525
542_pollution,13,SVP,w0.9_0.2_0.8,BIC_Train,MSE_Test_Extrapolation,0.07635337682948333
542_pollution,13,SVP,w0.9_0.2_0.8,MDL_Train,MSE_Test_Extrapolation,0.6003829004710685
542_pollution,13,SVP,w0.9_0.2_0.8,PSM_Train,MSE_Test_Extrapolation,0.474902385570698
542_pollution,14,SVP,w0.9_0.2_0.8,MSE_Train,MSE_Test_Interpolation,-0.7818037750610088
542_pollution,14,SVP,w0.9_0.2_0.8,AIC_Train,MSE_Test_Interpolation,-0.7933546030813147
542_pollution,14,SVP,w0.9_0.2_0.8,BIC_Train,MSE_Test_Interpolation,-0.780865622769825
542_pollution,14,SVP,w0.9_0.2_0.8,MDL_Train,MSE_Test_Interpolation,-0.7279921078040384
542_pollution,14,SVP,w0.9_0.2_0.8,PSM_Train,MSE_Test_Interpolation,-0.7943831073422609
542_pollution,14,SVP,w0.9_0.2_0.8,MSE_Train,MSE_Test_Extrapolation,0.6838260760051638
542_pollution,14,SVP,w0.9_0.2_0.8,AIC_Train,MSE_Test_Extrapolation,0.7265791034224519
542_pollution,14,SVP,w0.9_0.2_0.8,BIC_Train,MSE_Test_Extrapolation,0.7581270629331895
542_pollution,14,SVP,w0.9_0.2_0.8,MDL_Train,MSE_Test_Extrapolation,0.7587672577203337
542_pollution,14,SVP,w0.9_0.2_0.8,PSM_Train,MSE_Test_Extrapolation,0.7740479726397064
542_pollution,15,SVP,w0.9_0.2_0.8,MSE_Train,MSE_Test_Interpolation,0.398290830168204
542_pollution,15,SVP,w0.9_0.2_0.8,AIC_Train,MSE_Test_Interpolation,0.47638361367335863
542_pollution,15,SVP,w0.9_0.2_0.8,BIC_Train,MSE_Test_Interpolation,0.7074742268041238
542_pollution,15,SVP,w0.9_0.2_0.8,MDL_Train,MSE_Test_Interpolation,0.5789609332609875
542_pollution,15,SVP,w0.9_0.2_0.8,PSM_Train,MSE_Test_Interpolation,0.5201709169831796
542_pollution,15,SVP,w0.9_0.2_0.8,MSE_Train,MSE_Test_Extrapolation,0.6510444926749864
542_pollution,15,SVP,w0.9_0.2_0.8,AIC_Train,MSE_Test_Extrapolation,0.5977618014107433
542_pollution,15,SVP,w0.9_0.2_0.8,BIC_Train,MSE_Test_Extrapolation,0.5125339120998372
542_pollution,15,SVP,w0.9_0.2_0.8,MDL_Train,MSE_Test_Extrapolation,0.65854584915898
542_pollution,15,SVP,w0.9_0.2_0.8,PSM_Train,MSE_Test_Extrapolation,0.6260173629951167
542_pollution,16,SVP,w0.9_0.2_0.8,MSE_Train,MSE_Test_Interpolation,0.7746774964166269
542_pollution,16,SVP,w0.9_0.2_0.8,AIC_Train,MSE_Test_Interpolation,0.7130753304666348
542_pollution,16,SVP,w0.9_0.2_0.8,BIC_Train,MSE_Test_Interpolation,0.7298614429049213
542_pollution,16,SVP,w0.9_0.2_0.8,MDL_Train,MSE_Test_Interpolation,0.8068482242395286
542_pollution,16,SVP,w0.9_0.2_0.8,PSM_Train,MSE_Test_Interpolation,0.7938684503901896
542_pollution,16,SVP,w0.9_0.2_0.8,MSE_Train,MSE_Test_Extrapolation,0.4326007326007327
542_pollution,16,SVP,w0.9_0.2_0.8,AIC_Train,MSE_Test_Extrapolation,0.5736741519350215
542_pollution,16,SVP,w0.9_0.2_0.8,BIC_Train,MSE_Test_Extrapolation,0.5623347666825929
542_pollution,16,SVP,w0.9_0.2_0.8,MDL_Train,MSE_Test_Extrapolation,0.4133301481127568
542_pollution,16,SVP,w0.9_0.2_0.8,PSM_Train,MSE_Test_Extrapolation,0.49493549928332536
542_pollution,17,SVP,w0.9_0.2_0.8,MSE_Train,MSE_Test_Interpolation,0.7158860556918811
542_pollution,17,SVP,w0.9_0.2_0.8,AIC_Train,MSE_Test_Interpolation,0.45992745118958717
542_pollution,17,SVP,w0.9_0.2_0.8,BIC_Train,MSE_Test_Interpolation,0.7467513069454818
542_pollution,17,SVP,w0.9_0.2_0.8,MDL_Train,MSE_Test_Interpolation,0.8772751520324337
542_pollution,17,SVP,w0.9_0.2_0.8,PSM_Train,MSE_Test_Interpolation,0.866030086418436
542_pollution,17,SVP,w0.9_0.2_0.8,MSE_Train,MSE_Test_Extrapolation,0.5129734343326577
542_pollution,17,SVP,w0.9_0.2_0.8,AIC_Train,MSE_Test_Extrapolation,0.523087592019631
542_pollution,17,SVP,w0.9_0.2_0.8,BIC_Train,MSE_Test_Extrapolation,0.6354102208471142
542_pollution,17,SVP,w0.9_0.2_0.8,MDL_Train,MSE_Test_Extrapolation,0.7042782460258189
542_pollution,17,SVP,w0.9_0.2_0.8,PSM_Train,MSE_Test_Extrapolation,0.6892243678651446
542_pollution,18,SVP,w0.9_0.2_0.8,MSE_Train,MSE_Test_Interpolation,0.30932250839865627
542_pollution,18,SVP,w0.9_0.2_0.8,AIC_Train,MSE_Test_Interpolation,0.3076427771556551
542_pollution,18,SVP,w0.9_0.2_0.8,BIC_Train,MSE_Test_Interpolation,0.49144736842105263
542_pollution,18,SVP,w0.9_0.2_0.8,MDL_Train,MSE_Test_Interpolation,0.618141097424412
542_pollution,18,SVP,w0.9_0.2_0.8,PSM_Train,MSE_Test_Interpolation,0.5375559910414334
542_pollution,18,SVP,w0.9_0.2_0.8,MSE_Train,MSE_Test_Extrapolation,-0.5955207166853304
542_pollution,18,SVP,w0.9_0.2_0.8,AIC_Train,MSE_Test_Extrapolation,-0.6333146696528555
542_pollution,18,SVP,w0.9_0.2_0.8,BIC_Train,MSE_Test_Extrapolation,-0.28829787234042553
542_pollution,18,SVP,w0.9_0.2_0.8,MDL_Train,MSE_Test_Extrapolation,0.4037653975363942
542_pollution,18,SVP,w0.9_0.2_0.8,PSM_Train,MSE_Test_Extrapolation,-0.1572928331466965
542_pollution,19,SVP,w0.9_0.2_0.8,MSE_Train,MSE_Test_Interpolation,0.24567298059584175
542_pollution,19,SVP,w0.9_0.2_0.8,AIC_Train,MSE_Test_Interpolation,0.09601898802459811
542_pollution,19,SVP,w0.9_0.2_0.8,BIC_Train,MSE_Test_Interpolation,0.3937857374042507
542_pollution,19,SVP,w0.9_0.2_0.8,MDL_Train,MSE_Test_Interpolation,0.3779264214046823
542_pollution,19,SVP,w0.9_0.2_0.8,PSM_Train,MSE_Test_Interpolation,0.25106730576576297
542_pollution,19,SVP,w0.9_0.2_0.8,MSE_Train,MSE_Test_Extrapolation,0.48875668511012127
542_pollution,19,SVP,w0.9_0.2_0.8,AIC_Train,MSE_Test_Extrapolation,0.08502997703558712
542_pollution,19,SVP,w0.9_0.2_0.8,BIC_Train,MSE_Test_Extrapolation,0.581646964536165
542_pollution,19,SVP,w0.9_0.2_0.8,MDL_Train,MSE_Test_Extrapolation,0.6670776628700893
542_pollution,19,SVP,w0.9_0.2_0.8,PSM_Train,MSE_Test_Extrapolation,0.6393200067814373
542_pollution,20,SVP,w0.9_0.2_0.8,MSE_Train,MSE_Test_Interpolation,-0.05794892172091175
542_pollution,20,SVP,w0.9_0.2_0.8,AIC_Train,MSE_Test_Interpolation,-0.16591409890546546
542_pollution,20,SVP,w0.9_0.2_0.8,BIC_Train,MSE_Test_Interpolation,-0.17610085612108514
542_pollution,20,SVP,w0.9_0.2_0.8,MDL_Train,MSE_Test_Interpolation,0.33962359570855755
542_pollution,20,SVP,w0.9_0.2_0.8,PSM_Train,MSE_Test_Interpolation,0.15517826825127334
542_pollution,20,SVP,w0.9_0.2_0.8,MSE_Train,MSE_Test_Extrapolation,-0.6518440920420475
542_pollution,20,SVP,w0.9_0.2_0.8,AIC_Train,MSE_Test_Extrapolation,-0.5713614853881444
542_pollution,20,SVP,w0.9_0.2_0.8,BIC_Train,MSE_Test_Extrapolation,-0.5646859083191851
542_pollution,20,SVP,w0.9_0.2_0.8,MDL_Train,MSE_Test_Extrapolation,-0.4528772170646245
542_pollution,20,SVP,w0.9_0.2_0.8,PSM_Train,MSE_Test_Extrapolation,-0.515905068092331
542_pollution,21,SVP,w0.9_0.2_0.8,MSE_Train,MSE_Test_Interpolation,-0.276734693877551
542_pollution,21,SVP,w0.9_0.2_0.8,AIC_Train,MSE_Test_Interpolation,-0.35942376950780314
542_pollution,21,SVP,w0.9_0.2_0.8,BIC_Train,MSE_Test_Interpolation,-0.3023769507803121
542_pollution,21,SVP,w0.9_0.2_0.8,MDL_Train,MSE_Test_Interpolation,-0.15111644657863144
542_pollution,21,SVP,w0.9_0.2_0.8,PSM_Train,MSE_Test_Interpolation,-0.2093157262905162
542_pollution,21,SVP,w0.9_0.2_0.8,MSE_Train,MSE_Test_Extrapolation,-0.15793517406962787
542_pollution,21,SVP,w0.9_0.2_0.8,AIC_Train,MSE_Test_Extrapolation,-0.16542617046818728
542_pollution,21,SVP,w0.9_0.2_0.8,BIC_Train,MSE_Test_Extrapolation,-0.11519807923169266
542_pollution,21,SVP,w0.9_0.2_0.8,MDL_Train,MSE_Test_Extrapolation,0.3684513805522209
542_pollution,21,SVP,w0.9_0.2_0.8,PSM_Train,MSE_Test_Extrapolation,0.014069627851140454
542_pollution,22,SVP,w0.9_0.2_0.8,MSE_Train,MSE_Test_Interpolation,0.09241971620612398
542_pollution,22,SVP,w0.9_0.2_0.8,AIC_Train,MSE_Test_Interpolation,0.2694174757281554
542_pollution,22,SVP,w0.9_0.2_0.8,BIC_Train,MSE_Test_Interpolation,0.23505249747397094
542_pollution,22,SVP,w0.9_0.2_0.8,MDL_Train,MSE_Test_Interpolation,-0.10927821464657558
542_pollution,22,SVP,w0.9_0.2_0.8,PSM_Train,MSE_Test_Interpolation,-0.058197513508764225
542_pollution,22,SVP,w0.9_0.2_0.8,MSE_Train,MSE_Test_Extrapolation,-0.03424416816764047
542_pollution,22,SVP,w0.9_0.2_0.8,AIC_Train,MSE_Test_Extrapolation,-0.5626345385054694
542_pollution,22,SVP,w0.9_0.2_0.8,BIC_Train,MSE_Test_Extrapolation,-0.4244058340289066
542_pollution,22,SVP,w0.9_0.2_0.8,MDL_Train,MSE_Test_Extrapolation,0.8307670342222028
542_pollution,22,SVP,w0.9_0.2_0.8,PSM_Train,MSE_Test_Extrapolation,0.5042722839695998
542_pollution,23,SVP,w0.9_0.2_0.8,MSE_Train,MSE_Test_Interpolation,0.6836113514965234
542_pollution,23,SVP,w0.9_0.2_0.8,AIC_Train,MSE_Test_Interpolation,0.6698248336367163
542_pollution,23,SVP,w0.9_0.2_0.8,BIC_Train,MSE_Test_Interpolation,0.6691384918385007
542_pollution,23,SVP,w0.9_0.2_0.8,MDL_Train,MSE_Test_Interpolation,0.7493658798603443
542_pollution,23,SVP,w0.9_0.2_0.8,PSM_Train,MSE_Test_Interpolation,0.6829697711199307
542_pollution,23,SVP,w0.9_0.2_0.8,MSE_Train,MSE_Test_Extrapolation,0.41195428366804915
542_pollution,23,SVP,w0.9_0.2_0.8,AIC_Train,MSE_Test_Extrapolation,0.13520933424845571
542_pollution,23,SVP,w0.9_0.2_0.8,BIC_Train,MSE_Test_Extrapolation,0.17412193011250035
542_pollution,23,SVP,w0.9_0.2_0.8,MDL_Train,MSE_Test_Extrapolation,0.6970845394049715
542_pollution,23,SVP,w0.9_0.2_0.8,PSM_Train,MSE_Test_Extrapolation,0.45201575602041116
542_pollution,24,SVP,w0.9_0.2_0.8,MSE_Train,MSE_Test_Interpolation,0.8186567407842753
542_pollution,24,SVP,w0.9_0.2_0.8,AIC_Train,MSE_Test_Interpolation,0.8706587869091543
542_pollution,24,SVP,w0.9_0.2_0.8,BIC_Train,MSE_Test_Interpolation,0.8732490939367226
542_pollution,24,SVP,w0.9_0.2_0.8,MDL_Train,MSE_Test_Interpolation,0.6396425811647676
542_pollution,24,SVP,w0.9_0.2_0.8,PSM_Train,MSE_Test_Interpolation,0.701309302249649
542_pollution,24,SVP,w0.9_0.2_0.8,MSE_Train,MSE_Test_Extrapolation,0.7015705096810005
542_pollution,24,SVP,w0.9_0.2_0.8,AIC_Train,MSE_Test_Extrapolation,0.735200966467496
542_pollution,24,SVP,w0.9_0.2_0.8,BIC_Train,MSE_Test_Extrapolation,0.7653268902166934
542_pollution,24,SVP,w0.9_0.2_0.8,MDL_Train,MSE_Test_Extrapolation,0.7041172821366769
542_pollution,24,SVP,w0.9_0.2_0.8,PSM_Train,MSE_Test_Extrapolation,0.7211392997464111
542_pollution,25,SVP,w0.9_0.2_0.8,MSE_Train,MSE_Test_Interpolation,0.5167147770251603
542_pollution,25,SVP,w0.9_0.2_0.8,AIC_Train,MSE_Test_Interpolation,0.3514056798803433
542_pollution,25,SVP,w0.9_0.2_0.8,BIC_Train,MSE_Test_Interpolation,0.334686139453352
542_pollution,25,SVP,w0.9_0.2_0.8,MDL_Train,MSE_Test_Interpolation,0.8619375613287985
542_pollution,25,SVP,w0.9_0.2_0.8,PSM_Train,MSE_Test_Interpolation,0.5627197119094574
542_pollution,25,SVP,w0.9_0.2_0.8,MSE_Train,MSE_Test_Extrapolation,0.14812274333838252
542_pollution,25,SVP,w0.9_0.2_0.8,AIC_Train,MSE_Test_Extrapolation,0.2715043775662827
542_pollution,25,SVP,w0.9_0.2_0.8,BIC_Train,MSE_Test_Extrapolation,0.22345117989463353
542_pollution,25,SVP,w0.9_0.2_0.8,MDL_Train,MSE_Test_Extrapolation,0.4950127182828889
542_pollution,25,SVP,w0.9_0.2_0.8,PSM_Train,MSE_Test_Extrapolation,0.23323520725561367
542_pollution,26,SVP,w0.9_0.2_0.8,MSE_Train,MSE_Test_Interpolation,-0.05511409200262447
542_pollution,26,SVP,w0.9_0.2_0.8,AIC_Train,MSE_Test_Interpolation,-0.1340489903040023
542_pollution,26,SVP,w0.9_0.2_0.8,BIC_Train,MSE_Test_Interpolation,0.37592039075599615
542_pollution,26,SVP,w0.9_0.2_0.8,MDL_Train,MSE_Test_Interpolation,0.6975286141284537
542_pollution,26,SVP,w0.9_0.2_0.8,PSM_Train,MSE_Test_Interpolation,0.4874608150470219
542_pollution,26,SVP,w0.9_0.2_0.8,MSE_Train,MSE_Test_Extrapolation,0.13893344025661586
542_pollution,26,SVP,w0.9_0.2_0.8,AIC_Train,MSE_Test_Extrapolation,0.24726616607129837
542_pollution,26,SVP,w0.9_0.2_0.8,BIC_Train,MSE_Test_Extrapolation,0.4466902383903186
542_pollution,26,SVP,w0.9_0.2_0.8,MDL_Train,MSE_Test_Extrapolation,0.11073849967193991
542_pollution,26,SVP,w0.9_0.2_0.8,PSM_Train,MSE_Test_Extrapolation,0.22047459357002258
542_pollution,27,SVP,w0.9_0.2_0.8,MSE_Train,MSE_Test_Interpolation,-0.39931597549706094
542_pollution,27,SVP,w0.9_0.2_0.8,AIC_Train,MSE_Test_Interpolation,-0.5281945754379948
542_pollution,27,SVP,w0.9_0.2_0.8,BIC_Train,MSE_Test_Interpolation,-0.44690235978926707
542_pollution,27,SVP,w0.9_0.2_0.8,MDL_Train,MSE_Test_Interpolation,0.4631836672478017
542_pollution,27,SVP,w0.9_0.2_0.8,PSM_Train,MSE_Test_Interpolation,0.19661417397848846
542_pollution,27,SVP,w0.9_0.2_0.8,MSE_Train,MSE_Test_Extrapolation,0.17847513980584373
542_pollution,27,SVP,w0.9_0.2_0.8,AIC_Train,MSE_Test_Extrapolation,0.13388969866720016
542_pollution,27,SVP,w0.9_0.2_0.8,BIC_Train,MSE_Test_Extrapolation,0.13527108519820513
542_pollution,27,SVP,w0.9_0.2_0.8,MDL_Train,MSE_Test_Extrapolation,0.5070641249154496
542_pollution,27,SVP,w0.9_0.2_0.8,PSM_Train,MSE_Test_Extrapolation,0.49050654015071404
542_pollution,28,SVP,w0.9_0.2_0.8,MSE_Train,MSE_Test_Interpolation,0.5456705670567056
542_pollution,28,SVP,w0.9_0.2_0.8,AIC_Train,MSE_Test_Interpolation,0.5123432343234323
542_pollution,28,SVP,w0.9_0.2_0.8,BIC_Train,MSE_Test_Interpolation,0.5157515751575157
542_pollution,28,SVP,w0.9_0.2_0.8,MDL_Train,MSE_Test_Interpolation,0.49371737173717367
542_pollution,28,SVP,w0.9_0.2_0.8,PSM_Train,MSE_Test_Interpolation,0.5418541854185418
542_pollution,28,SVP,w0.9_0.2_0.8,MSE_Train,MSE_Test_Extrapolation,0.7480828082808281
542_pollution,28,SVP,w0.9_0.2_0.8,AIC_Train,MSE_Test_Extrapolation,0.7292049204920491
542_pollution,28,SVP,w0.9_0.2_0.8,BIC_Train,MSE_Test_Extrapolation,0.7421182118211821
542_pollution,28,SVP,w0.9_0.2_0.8,MDL_Train,MSE_Test_Extrapolation,0.7802100210021001
542_pollution,28,SVP,w0.9_0.2_0.8,PSM_Train,MSE_Test_Extrapolation,0.7500750075007501
542_pollution,29,SVP,w0.9_0.2_0.8,MSE_Train,MSE_Test_Interpolation,0.5762901655306719
542_pollution,29,SVP,w0.9_0.2_0.8,AIC_Train,MSE_Test_Interpolation,0.5805988315481987
542_pollution,29,SVP,w0.9_0.2_0.8,BIC_Train,MSE_Test_Interpolation,0.614337877312561
542_pollution,29,SVP,w0.9_0.2_0.8,MDL_Train,MSE_Test_Interpolation,0.2329844206426485
542_pollution,29,SVP,w0.9_0.2_0.8,PSM_Train,MSE_Test_Interpolation,0.5980769230769232
542_pollution,29,SVP,w0.9_0.2_0.8,MSE_Train,MSE_Test_Extrapolation,-0.10306718597857838
542_pollution,29,SVP,w0.9_0.2_0.8,AIC_Train,MSE_Test_Extrapolation,-0.11263388510223954
542_pollution,29,SVP,w0.9_0.2_0.8,BIC_Train,MSE_Test_Extrapolation,0.04566699123661149
542_pollution,29,SVP,w0.9_0.2_0.8,MDL_Train,MSE_Test_Extrapolation,0.6038218111002922
542_pollution,29,SVP,w0.9_0.2_0.8,PSM_Train,MSE_Test_Extrapolation,0.05477117818889972
542_pollution,30,SVP,w0.9_0.2_0.8,MSE_Train,MSE_Test_Interpolation,0.32470161417529836
542_pollution,30,SVP,w0.9_0.2_0.8,AIC_Train,MSE_Test_Interpolation,0.5806561859193438
542_pollution,30,SVP,w0.9_0.2_0.8,BIC_Train,MSE_Test_Interpolation,0.6239287028760712
542_pollution,30,SVP,w0.9_0.2_0.8,MDL_Train,MSE_Test_Interpolation,0.739365897260634
542_pollution,30,SVP,w0.9_0.2_0.8,PSM_Train,MSE_Test_Interpolation,0.4856722225143278
542_pollution,30,SVP,w0.9_0.2_0.8,MSE_Train,MSE_Test_Extrapolation,0.794494978705505
542_pollution,30,SVP,w0.9_0.2_0.8,AIC_Train,MSE_Test_Extrapolation,0.6672537988327462
542_pollution,30,SVP,w0.9_0.2_0.8,BIC_Train,MSE_Test_Extrapolation,0.6237709658762289
542_pollution,30,SVP,w0.9_0.2_0.8,MDL_Train,MSE_Test_Extrapolation,0.5952994374047005
542_pollution,30,SVP,w0.9_0.2_0.8,PSM_Train,MSE_Test_Extrapolation,0.7009832272990166
