Run,Equation_Index,Hybrid_MSE_Train,Hybrid_AIC_Train,Hybrid_BIC_Train,Hybrid_MDL_Train,Hybrid_PSM_Train,Extrapolation_Divergence,Sensitivity_Interpolation,Sensitivity_Extrapolation,Lambda1,Lambda2,Lambda3,Complexity,MSE_Test_Interpolation,MSE_Test_Extrapolation
1,0,0.6431445611099564,0.9015169278652524,0.8356772624440771,0.0037126713552783843,0.0,0.0,0.0,0.0,0.0,0.4,0.4,1,6328.096169968375,6994.644494371916
1,1,0.6307162143110338,0.8972236808994228,0.83063395703864,0.00679268961340336,0.015380163078260326,0.07039654402387599,7.806692045648e-05,0.00013697358343827,0.0,0.4,0.4,3,5988.334115031348,7123.986898293119
1,2,0.6268921394137218,0.906108778280784,0.8383011153842185,0.02445735515509513,0.06579139028944848,0.09060127439829212,0.0091878115898059,0.0310215930538905,0.0,0.4,0.4,4,5541.561691482352,7255.523004847028
1,3,0.49584950159899566,0.8768965286388124,0.8107979660077965,0.04648452543374751,0.5020590658204673,0.08608014532280392,0.037754940592171035,0.06624354432282525,0.0,0.4,0.4,5,3183.3390862262377,5428.108192069795
1,4,0.39169668569344857,0.8222477408807836,0.7452539740952493,0.05423548106713445,0.27273812229812633,0.08715372352446393,0.03578175785990424,0.09064373180715052,0.0,0.4,0.4,7,2916.637912065059,4295.217858363379
1,5,0.35002121043719087,0.79141691733532,0.7103902477739179,0.04991803697523407,0.12557666509782892,0.08522860632137344,0.03237754745738189,0.0758421823322363,0.0,0.4,0.4,9,3479.8286901760102,5252.9572115475
1,6,0.32914112799150835,0.7733226922490944,0.6909621867272946,0.04440972210852666,0.060125962458418156,0.08686426714277859,0.02421155478876639,0.058243792536460746,0.0,0.4,0.4,11,1969.510719611833,14168.621696157705
1,7,0.36293951765856886,0.8326369022579702,0.7745458224090895,0.11713895616115325,0.11531319613263719,0.06961382854085116,0.07961248014655367,0.1203867853968057,0.0,0.4,0.4,13,6025.922933094537,2837.234247564664
1,8,0.29307120732248787,0.7700933903676473,0.70216721861447,0.11363934947329453,0.27547244874455457,0.08778278626872223,0.06816162640984876,0.11905124568726648,0.0,0.4,0.4,15,6104.772428213506,2931.9946852391963
1,9,0.2490552258852445,0.7240352369732859,0.6512265302580014,0.10053477250331691,0.15686188972662346,0.09448723930713147,0.05267517347891999,0.09066753724761331,0.0,0.4,0.4,17,4136.610689480518,2444.241596441336
1,10,0.23834083517082194,0.713143307703523,0.6401036408405304,0.09810947746269857,0.052504454778797685,0.09429890356130172,0.0439067459915396,0.07557799468644245,0.0,0.4,0.4,19,4022.337182298674,2484.484196781635
1,11,0.2380289168097101,0.7127739657895159,0.6396616453039539,0.10669472952180054,0.05080812684779071,0.09464086037260197,0.044004581112847704,0.07561678649543188,0.0,0.4,0.4,20,4098.875606357978,2602.981852046018
1,12,0.22157313434591946,0.7040051576679722,0.6403580376969744,0.10432047670202454,0.19346597111847755,0.06694121964413095,0.04789383163483514,0.07340421343075873,0.0,0.4,0.4,21,8243.15895072625,2891.007060490753
1,13,0.21050635887667368,0.6882297610194013,0.6213382287680408,0.11156868650610552,0.11749793365613981,0.06452042684996505,0.05053354115424685,0.0786871066013645,0.0,0.4,0.4,23,5804.317986028517,2561.1076596304165
1,14,0.19852474272575893,0.6813672684215739,0.6240737725189267,0.11921199682308245,0.12295518953941087,0.06725936895691631,0.05307042461009097,0.08065266642590944,0.0,0.4,0.4,25,8550.443150440198,2987.713378159697
1,15,0.1885061587441638,0.671974507378629,0.6147469228617372,0.11427828137491625,0.046242952230140244,0.060032704332071564,0.04498105583043374,0.06429631857883497,0.0,0.4,0.4,26,8506.460303215252,2599.891414294479
1,16,0.18261117466516646,0.6689272404558694,0.6210411061525919,0.12722939352038606,0.1227077814874332,0.06737390496356062,0.050302563321812446,0.07676158457758693,0.0,0.4,0.4,28,7899.006476560658,3458.1028734563743
1,17,0.17346039836399352,0.6451975662249458,0.5828925097419095,0.12531471042265044,0.10444560434433552,0.06046706269023414,0.0455651295012439,0.07089253276310303,0.0,0.4,0.4,29,7307.2914297927155,3450.47873264765
1,18,0.168239249261372,0.6493547002657146,0.5993129395039256,0.12879440277042917,0.0738889962167206,0.06317868308554267,0.04327296166906976,0.06632718810440483,0.0,0.4,0.4,30,7444.055630945647,2903.1022254951195
1,19,0.15622459805669214,0.6319592162575164,0.5798450471448249,0.13049636103732648,0.08080543934990848,0.059957544601741644,0.03804820873790406,0.05831673333570808,0.0,0.4,0.4,32,7690.131884198636,2902.542296279419
1,20,0.15683338162850408,0.6200378044918906,0.5544313924946268,0.13562196870215817,0.060795787420702366,0.06146520355142734,0.03848626016783568,0.06326398096829186,0.0,0.4,0.4,33,6782.236656136689,3256.3461289250727
1,21,0.5337361956035782,1.003021637480353,0.9485848501241718,0.518503129448004,0.4977959453249877,0.22240865263609472,0.07456081609656842,0.9833654893288228,0.0,0.4,0.4,34,10116.158741711388,9425.6006087327
1,22,0.34475933015572896,0.8206742311547478,0.7776397543341738,0.3417510108400651,0.2723117059436418,0.1963333460057572,0.06085074162586753,0.5365285964307359,0.0,0.4,0.4,36,8498.607852504074,6007.443138355504
1,23,0.5288253960934682,0.9787871423581358,0.9086176230886802,0.5379434444635431,0.44844997232075534,1.0,0.06523617060562044,1.0,0.0,0.4,0.4,38,8595.839919872722,3256.0590994238555
1,24,0.15170552029537515,0.6409453385962665,0.630627058778925,0.19721686675551175,0.09232382632155225,0.08233903764238659,0.08001992589021881,0.07575837822468653,0.0,0.4,0.4,45,9570.20142699098,3727.4786944710913
1,25,0.1511587721698717,0.6392868172235981,0.6286443917867869,0.2039905478181901,0.06915678440105635,0.08248298454782312,0.08033144730423707,0.0760324314315203,0.0,0.4,0.4,47,9561.31839213575,3748.201384023275
1,26,0.14393235188798587,0.63165080923469,0.6208895205732591,0.20923093341840612,0.05802661478116779,0.082925847906852,0.07142012837977599,0.06758902303055792,0.0,0.4,0.4,49,9705.557712532089,3583.84311730946
1,27,0.14216825706370478,0.6384684165524419,0.6399519919005087,0.21781547619365443,0.07103850721640637,0.08360309937819582,0.07145233453696716,0.06762018453558188,0.0,0.4,0.4,51,9633.119897299764,3832.613140724848
1,28,0.24930000483008008,0.6944633523013883,0.6521256814636999,0.3570076899873151,0.2061403188736765,0.07960217787318763,0.0762951440958279,0.3571557527165796,0.0,0.4,0.4,57,11337.079588677689,2807.411987883761
1,29,0.3684433216950973,0.7939472378277767,0.7465703320503329,0.5063750126451216,0.34339156411440475,0.08106124930614911,0.3941157483763453,0.3616075932949225,0.0,0.4,0.4,62,10611.275908947067,3156.212082844278
1,30,0.5258440200928243,0.94889213388362,0.9009025579195302,0.6923388187041655,0.46444709608967255,0.04868662016451417,1.0,0.15203045976979565,0.0,0.4,0.4,69,15390.119064109016,5234.998447289922
1,31,0.5250631702434135,0.9574791825312243,0.9220418169145765,0.7018563661211139,0.4697875516326559,0.04868662016451417,1.0,0.15203045976979568,0.0,0.4,0.4,71,15325.56946086114,5317.958188428599
1,32,0.5221756341810122,0.945790894711138,0.9082201722643457,0.7021148126284058,0.5484874819295288,0.048223615806930534,1.0,0.15395268687471766,0.0,0.4,0.4,72,14354.33883738282,5603.154041790418
1,33,0.5186225828932451,0.947712246979946,0.9217761152358747,0.7092531400664838,0.5161437231350177,0.04682894195388049,1.0,0.1506839648550253,0.0,0.4,0.4,73,14033.516645459458,5768.7992379947145
1,34,0.5177715364718237,0.9186202456080792,0.8653149499379039,0.6942434451603453,0.5171833354634001,0.04985681517443951,1.0,0.15394823923374373,0.0,0.4,0.4,74,14199.007979697251,5958.761703516523
1,35,0.5145495414623826,0.9032995060864661,0.8472066640262552,0.7099738640646018,0.5193806727168047,0.05259758585790013,1.0,0.1563385755862911,0.0,0.4,0.4,76,13608.983603749535,10557.362024724212
1,36,0.5185389030743587,0.9125765051189831,0.8681453328179902,0.7256559149901582,0.49572449291900506,0.05531690885933398,1.0,0.171064896628484,0.0,0.4,0.4,78,15295.48919162837,10769.357200950337
1,37,0.5119946511009908,0.9037371897656011,0.8587906276756595,0.7295632368091299,0.47310675066573465,0.05432870342182962,1.0,0.15649034136385828,0.0,0.4,0.4,80,14951.993003528318,10700.82117029474
1,38,0.5101051142926596,0.9030601780129008,0.8688876993615999,0.7395656466274148,0.5095970354482415,0.05797600404662551,1.0,0.15928862967679264,0.0,0.4,0.4,82,16003.337898775764,10502.06654939472
1,39,0.8028256385424554,1.190319459094031,1.1549559615310097,1.0473960828763769,0.7698314537124094,0.05571669957406722,1.0,0.8948226695707007,0.0,0.4,0.4,86,15231.715914005686,10844.247982604322
1,40,0.34021215069628413,0.7609609057506366,0.7645209561959957,0.6997355842499606,0.2955524470343616,0.0661805909372731,0.5654521921967686,0.17308266905381714,0.0,0.4,0.4,109,8794.23912938791,6105.388259922191
1,41,0.35600393118619045,0.7676425602571215,0.7798346779338713,0.722076132855503,0.405542709607595,0.06430040164345995,0.606978443581796,0.184019977407528,0.0,0.4,0.4,111,7629.1723900761235,4026.613259309728
1,42,0.3300267551617256,0.7212476339383471,0.729166880806522,0.7129898384237238,0.3820227391307827,0.06452051292783784,0.565477679868593,0.1719090751502868,0.0,0.4,0.4,113,8002.092321554922,5975.318973310629
1,43,0.34846525893917346,0.7233938314185774,0.7279731215698507,0.7366433867483398,0.3847077362094494,0.06408639203656533,0.6075460840007654,0.1839619043273429,0.0,0.4,0.4,115,7821.334746314828,5828.936375085071
1,44,0.3398635374378943,0.7114446626117668,0.7153442545970669,0.746763575290706,0.3225234906004928,0.07182533387814435,0.5969167829397948,0.1746410799449818,0.0,0.4,0.4,117,7785.010282005525,5780.627814053751
1,45,0.3263443166344203,0.6865284235294503,0.6773887885715292,0.7258687506263962,0.29664277545239703,0.0630730899135597,0.5655597693154502,0.1722834061548893,0.0,0.4,0.4,118,7717.383181209467,6380.580817986641
1,46,0.3393717916982775,0.7193834704195405,0.7357226840572584,0.7539684232758164,0.32992107640056223,0.07167941566676861,0.5969077681291042,0.17467417396276264,0.0,0.4,0.4,119,7759.938739131021,5795.820228316348
1,47,0.33843911254164316,0.7140978885142125,0.729559289984014,0.7570585191119268,0.326376130058819,0.07057650009246734,0.5969537311790373,0.1742293496052767,0.0,0.4,0.4,121,7632.205486952586,5949.759447132623
1,48,0.3354777261304755,0.6733984099284613,0.6597942579011095,0.747233679679657,0.37058696468014896,0.06650794194549045,0.5984506958869104,0.1717405068295211,0.0,0.4,0.4,123,7984.945537069683,4988.933585259872
1,49,0.3312924944195138,0.6577689595373425,0.6527073580394612,0.7553674581851741,0.4890719150289729,0.06767943010790248,0.5973551027114148,0.17082892334064634,0.0,0.4,0.4,124,7757.031193723972,4877.755047992804
1,50,0.3306323144953383,0.6502293555516863,0.643828435714208,0.773386179613996,0.3212036548927845,0.06843061272326284,0.5973402701262337,0.17154670707745423,0.0,0.4,0.4,128,7674.260760413978,4803.362045408829
1,51,0.33004361284805833,0.6465190308824345,0.6395122571072905,0.780273044190212,0.3197455536051023,0.06836212322771083,0.5973720569695685,0.1710822624681979,0.0,0.4,0.4,130,7676.614758570559,4894.02812137863
1,52,0.33005904968362265,0.6279094025774683,0.6064671661683744,0.7799320084794568,0.3668966184457366,0.06757676996377623,0.5978491951800959,0.17303938638336755,0.0,0.4,0.4,131,7554.579755984851,5012.347098535693
1,53,0.32626147522009463,0.6249858261126853,0.6145577844389818,0.7879557488578883,0.38681444122339675,0.06557378478572251,0.5961867258248132,0.16837809919516125,0.0,0.4,0.4,132,7246.870320325116,4989.657187308454
1,54,0.30868913042781426,0.6247171953687397,0.6393128242320729,0.8241897316289729,0.29386243941345797,0.06700763818009595,0.5577370410165782,0.164404895095601,0.0,0.4,0.4,140,7171.091917643597,5046.858925735816
1,55,0.3056744221555343,0.5906714718701392,0.5993868754981743,0.8288572789898366,0.4089365586688926,0.06981466081407822,0.5586691363829134,0.16419435708826774,0.0,0.4,0.4,142,7368.542247943496,5114.297166473772
1,56,0.3061880699757085,0.5889620021598964,0.5972596864556982,0.8369112247398386,0.2983950571077328,0.06373557476289321,0.559158200952006,0.16552993240248756,0.0,0.4,0.4,144,7183.940876443232,5121.394111190539
1,57,0.3031656919983361,0.5701983434862272,0.5646443306365111,0.8332522562594803,0.3220042075242875,0.059778380357397506,0.5568741736711248,0.16134140579055078,0.0,0.4,0.4,145,7074.605981784121,5348.290620038972
1,58,0.3058761815277852,0.5907785160906841,0.610375889591222,0.8711962454593165,0.30774733281996375,0.0628984920850703,0.5608189202220781,0.16523055281343818,0.0,0.4,0.4,147,7091.73830598036,4486.718238857771
1,59,0.30465945394728955,0.5716594809296272,0.5770055073058951,0.8465858970014818,0.34083555575991786,0.06509234962337605,0.5602527897794756,0.16427028911079003,0.0,0.4,0.4,148,7247.753862140467,4587.507250188146
1,60,0.3051989701374644,0.5720638241718798,0.5773846525348676,0.8659966615710422,0.29140715900589975,0.06239528460180134,0.5607519325587306,0.16515043356563539,0.0,0.4,0.4,149,7046.621428978373,4463.946306758511
1,61,0.3051989701601284,0.5832681728245186,0.6015894180481689,0.8894582950263484,0.29036169023461245,0.06239528459094292,0.56075193253733,0.1651504335674591,0.0,0.4,0.4,151,7046.6214272483685,4463.946310591512
1,62,0.28614731558712725,0.5516758879701363,0.5567475556002506,0.8703876609066378,0.27649204059332255,0.06252262354588475,0.5243136451882573,0.1542544467504888,0.0,0.4,0.4,153,7013.100858046007,4577.646807804758
1,63,0.3041045485412172,0.5918499564426647,0.6228869836418862,0.8851669693815091,0.28969190955130014,0.07149701034810027,0.5588388335367125,0.16466455631100713,0.0,0.4,0.4,158,7273.6438554753795,5096.966572995997
1,64,0.3045251530945709,0.6239647805998287,0.6936458234568615,0.9444796700714526,0.2936452749199677,0.0633292284215678,0.5608512037057181,0.16412533188139117,0.0,0.4,0.4,162,7100.963396002274,4761.276312501997
1,65,0.6697278074830121,0.9459341436601342,0.9857527179100206,1.2971070134458402,0.8146332934617139,0.06353044549611919,0.6422909157839187,1.0,0.0,0.4,0.4,163,7590.362047498338,5064.942779711408
1,66,0.6385101682914514,0.9079309913967083,0.9464986612657208,1.269572719900936,0.6769533007454109,0.07393627437993688,0.56554292981959,1.0,0.0,0.4,0.4,164,7203.502157687723,12532.060298691727
1,67,0.6683395621700235,0.9346138994834193,0.9835436367502818,1.3113283211327031,0.7658171530390885,0.056604684733787644,0.6427559865534859,1.0,0.0,0.4,0.4,165,7494.16673011415,5050.91683520646
1,68,0.6653997130810204,0.874822337117164,0.9024464015935899,1.3060457445899076,0.8258192526906631,0.05840662177725566,0.6425263528620948,1.0,0.0,0.4,0.4,167,7345.127736500493,5182.024878802625
1,69,0.6653680025490099,0.8854231800590748,0.9259443532638477,1.3260690148706504,0.6591087931540205,0.05840662177725566,0.6425263528620948,1.0,0.0,0.4,0.4,169,7353.495522995616,5132.485865631728
1,70,0.6642508828343953,0.8809621573504425,0.9208791108657909,1.2318165982491043,0.6642910236205971,0.059529730686696036,0.640194297162677,1.0,0.0,0.4,0.4,172,7264.301896217085,5222.239452338032
1,71,0.5165936756093177,0.7075407145838151,0.7538107745128452,1.2092582282392714,0.5441552263854035,0.06331077092664164,1.0,0.2756690075721508,0.0,0.4,0.4,180,7199.769859332659,4715.554768224953
1,72,0.4778303049181021,0.6594261893831843,0.7040236619048562,1.1815653278832194,0.48556416622854265,0.0645127687429058,1.0,0.17980202333715273,0.0,0.4,0.4,185,7331.818470948148,5279.939057356641
1,73,0.5162327002080779,0.7190285694814882,0.7894109788971455,1.2570708766889207,0.5133228871518294,0.0657561735794989,1.0,0.2759396758836284,0.0,0.4,0.4,188,7319.36226005884,4791.621246208718
1,74,0.5161958443192617,0.7293390287228405,0.8125687780420662,1.277603504923584,0.5165896207059477,0.06575617357949884,1.0,0.2759396758836278,0.0,0.4,0.4,189,7322.175100045131,4779.686534309889
1,75,0.4779210808363851,0.6670424382043768,0.7239831578764402,1.2097052709332556,0.476085634360074,0.06395193725961305,1.0,0.18042589049851077,0.0,0.4,0.4,192,7393.492532911425,5193.092420886734
1,76,0.5152885808399671,0.7591798227205517,0.8808996644444864,1.312876790580257,0.5111097782599415,0.0630318728275549,1.0,0.2739780703095213,0.0,0.4,0.4,198,7226.576534675088,4578.492355489445
2,0,0.6561914119546178,0.9059938119293248,0.8409208212321314,0.004125318391028411,0.0,0.0,0.0,0.0,0.0,0.4,0.4,1,5838.701153768161,7738.23237532027
2,1,0.6416367953176494,0.9010568371508393,0.8351218343549922,0.007154274904082039,0.017673565822208734,0.08987579566720164,7.440955467995e-05,0.00016658966063781,0.0,0.4,0.4,3,5679.354008972681,7642.945016623757
2,2,0.6717363261462213,0.9454417890319282,0.8781692694734837,0.06095013697345665,0.10684736877008952,0.10800611807934957,0.022430491372228557,0.10829834911869689,0.0,0.4,0.4,4,5822.3512821982295,7059.985935587387
2,3,0.4838574777733,0.8771258232142891,0.8089067098216363,0.05795657333608234,0.6230007698060206,0.11081320709110401,0.04184456055100686,0.09368247359772808,0.0,0.4,0.4,5,3265.6686866489363,5723.367621327269
2,4,0.3602376934843493,0.7991773304277109,0.7191894888500511,0.04704620634821874,0.28498800434774496,0.09269950465145495,0.03491076470718154,0.07754371104476394,0.0,0.4,0.4,7,3422.9398909841925,4470.444789811565
2,5,0.3620559408310533,0.8030885891640791,0.7222170509479265,0.05564295303743943,0.09008699536469864,0.092769407207143,0.0419514928690593,0.0931825603999336,0.0,0.4,0.4,8,3308.572999901912,4317.147880922094
2,6,0.3198034719051897,0.7674040104297024,0.6832183762466563,0.04267152329120853,0.17371499171238283,0.0798262452495069,0.0328695968936798,0.06143262660387955,0.0,0.4,0.4,9,3711.3224161299695,5367.1042281542495
2,7,0.27917130732841805,0.7323270869254574,0.6431219195863616,0.039707213383402384,0.1338669135626241,0.08140792003490817,0.028115865725021637,0.0517682769669779,0.0,0.4,0.4,11,2222.7458937491347,3841.525569583164
2,8,0.2622198252893143,0.7278134552808406,0.6490625572674853,0.05489220962060251,0.0830642258160783,0.08356045644473827,0.03034528820543342,0.04741677862079054,0.0,0.4,0.4,13,3977.2989680676897,5390.264802338143
2,9,0.2608031502138648,0.7488512302280306,0.6959420311633919,0.0537342094433379,0.03718954255747136,0.08325758661285053,0.029453739040174842,0.0472065704456409,0.0,0.4,0.4,14,3951.22130659503,5383.738381026376
2,10,0.2370351227485416,0.7026121879503338,0.6203025958703657,0.055156763117838445,0.16521866319691297,0.07944906618529561,0.02475854469882726,0.04194886091518832,0.0,0.4,0.4,15,2412.391741205386,3719.8436869287216
2,11,0.22775194301394597,0.7042493768256558,0.634056895026876,0.05709316086690014,0.040324708956012596,0.08368912747922702,0.02132141304278981,0.03436524966466427,0.0,0.4,0.4,17,2404.84210360047,3605.822586671703
2,12,0.21939945041789521,0.6841536365952686,0.5998410110761435,0.055248786632242475,0.04272095928807466,0.08199535994495186,0.01986185168006531,0.029941421117550587,0.0,0.4,0.4,19,2507.9352284913634,3524.590880666465
2,13,0.21526305020051878,0.6795326388523418,0.5944206339094958,0.06015105911774385,0.03626673418742403,0.08261733854372025,0.01990023747078736,0.03001888807762073,0.0,0.4,0.4,21,2471.6344169475096,3488.071957367991
2,14,0.21572171044833505,0.6790313198302094,0.5926162646683963,0.07104123276055374,0.08033358637912669,0.08237214244063953,0.0214333902407528,0.04625483542241652,0.0,0.4,0.4,22,2476.5015324475303,3379.5327743978405
2,15,0.45772983016820845,0.931350118587068,0.856350295592662,0.33347756899515696,0.34711427716225784,0.1320589724752152,0.0810839325675772,0.6125322126889996,0.0,0.4,0.4,23,3163.516237224464,2497.270088632175
2,16,0.22876918423072334,0.6952193208883206,0.6152830913468976,0.12818662767007982,0.26641412217530225,0.08826810372169766,0.04270944040299811,0.1326405159449147,0.0,0.4,0.4,24,2841.904738382148,2637.568694535067
2,17,0.19739707499887424,0.6740245143752139,0.6063625609818296,0.1169341322312977,0.049818124271314775,0.07088899543081147,0.03332864267124035,0.0716253799557961,0.0,0.4,0.4,28,2713.028640665136,2485.992274421532
2,18,0.32618642620777577,0.8017267149622962,0.7335410747611256,0.25149341668469705,0.17762452737612372,0.07744859021080816,0.14794174441594587,0.28391118815258076,0.0,0.4,0.4,32,4030.9493324238647,33556.47141927933
2,19,0.301765855317825,0.7760504235538186,0.7071626482295486,0.23755672453249968,0.16548477030159267,0.07792902309167173,0.12946452386307233,0.24844872916011637,0.0,0.4,0.4,34,3973.5001121817086,33517.26489323686
2,20,0.2930524792229833,0.7557546859993245,0.6736604848849879,0.22823739593984876,0.15167663757510982,0.08619253934124506,0.1369955520648769,0.22119564460451252,0.0,0.4,0.4,35,4223.553397680983,34281.40490846838
2,21,0.32748601582235504,0.801823512929783,0.7405829501509881,0.2784702648291274,0.40750921136348817,0.07339309762582356,0.17098026574386338,0.3215019910296924,0.0,0.4,0.4,36,4675.282416450754,34915.3529570833
2,22,0.1607432677265917,0.6566172627197482,0.6210304490994062,0.13171072757634816,0.04497985649526964,0.06746812598937284,0.04840956622166859,0.03010699230265128,0.0,0.4,0.4,37,2685.5275428844543,73938.55654988304
2,23,0.3221585369933704,0.792369805229315,0.7294273187348045,0.2929292246880702,0.2533305407167988,0.07443937401030509,0.17135293000975224,0.3223392337893022,0.0,0.4,0.4,38,4577.232328521272,35064.89364758703
2,24,0.13791359024344377,0.6196002648985867,0.5878223116289042,0.1419170749072296,0.3558634754391915,0.05691542163697971,0.052422314753055435,0.03972045813071266,0.0,0.4,0.4,39,2594.7879216299057,72572.1165400867
2,25,0.13040537001788016,0.6135001166617131,0.591681650608198,0.1676432634745168,0.07864967163229823,0.06410946614361326,0.052243810058718976,0.04103086609025301,0.0,0.4,0.4,42,2488.113016332871,71590.6655486162
2,26,0.12812541505901698,0.618815430721344,0.6089228289615218,0.18289817340617892,0.059608446823274285,0.06410379348965356,0.05320289645669242,0.04103606775288829,0.0,0.4,0.4,44,2487.602592966964,71614.78090974892
2,27,0.12274288379396461,0.6117430693497762,0.6013547675523523,0.1873445492910536,0.04362571934651172,0.0658660730664199,0.04730040249332413,0.03649417055427445,0.0,0.4,0.4,46,2480.6247901608804,71594.91460552523
2,28,0.2450832693617651,0.7110661316303772,0.6744984526617058,0.2854758692973722,0.1599553216673832,0.05773641577870061,0.2574454627565056,0.13328230308917743,0.0,0.4,0.4,48,2849.525556613854,73658.33500605848
2,29,0.34969626967744194,0.8064862852431359,0.7772556078949077,0.40534418306792164,0.3892457489358105,0.08268866846146775,0.2320519320932765,0.4518913554558395,0.0,0.4,0.4,50,9096.307823044408,73754.23964648621
2,30,0.33982873351148635,0.7777880659682977,0.733565148055609,0.4016249968092456,0.3485288020761203,0.0881255107827065,0.22417907946596075,0.44510508644552466,0.0,0.4,0.4,51,8874.280145222074,69589.23079450181
2,31,0.25376912647840155,0.6940369332309594,0.6605494319383954,0.33741620744697254,0.23217004100879743,0.07088121166298945,0.3072872054606763,0.15767370270638265,0.0,0.4,0.4,53,3344.211042149912,68579.50942928165
2,32,0.2160837075288957,0.6674958696306742,0.6469937495791549,0.3213988470947535,0.1484814464275926,0.07003436249479085,0.23978845328400133,0.13102904140189128,0.0,0.4,0.4,57,3292.935022500229,68550.63127579037
2,33,0.22919971095769676,0.6801869712339619,0.6698153252146237,0.3355191111485745,0.1958374559018835,0.07243324711309519,0.24437171633234178,0.17206271212825802,0.0,0.4,0.4,61,3394.26992006475,66401.96876135639
2,34,0.2106996777565187,0.6718336948169268,0.674202146955486,0.3488604819496872,0.1512893825846411,0.07720424027281844,0.23447365950898905,0.13686810842559738,0.0,0.4,0.4,65,3701.081801660081,73355.38597299662
2,35,0.20981628236220332,0.6799529838417261,0.694793513719449,0.3684781980472345,0.16975532375156488,0.07720424014589602,0.23447365954974103,0.1368681085105356,0.0,0.4,0.4,66,3701.42957399811,73129.19939039978
2,36,0.20894405477581354,0.6673079560274849,0.6690115903232883,0.36429037069817505,0.15342966238939593,0.07763748650227417,0.2343593426403457,0.13537332219550188,0.0,0.4,0.4,67,3506.7603616884016,73137.97690208197
2,37,0.20912580937805894,0.6664520651610258,0.6679063972779299,0.3751639060337742,0.15866921627459182,0.07678996675843446,0.23406979221801122,0.13716213106628344,0.0,0.4,0.4,68,3674.472907995848,73140.01507713055
2,38,0.20739354107186853,0.672778520264028,0.6864797647624057,0.37351050298097416,0.178965774076694,0.07518777296758442,0.23431216780402675,0.13572575117885274,0.0,0.4,0.4,69,3554.980852301948,73064.86697364012
2,39,0.2719158354602856,0.7242737187878167,0.72454399332404,0.45703863183336557,0.21899757905743517,0.07624333949170745,0.3591362805458259,0.17393474476878096,0.0,0.4,0.4,72,4112.44290661466,74179.25608750251
2,40,0.7341485861133283,1.1683894983693528,1.174850229255191,0.9619720063247624,0.8299308480153648,0.45540941550988867,0.7147626377424169,1.0,0.0,0.4,0.4,74,5212.475070874376,75893.58212431768
2,41,0.5046419545984269,0.9340221054178934,0.9394781883355351,0.7436619798973411,0.46252810907009945,0.08374335955588665,1.0,0.14350994270151798,0.0,0.4,0.4,80,2439.830679658377,75489.43024457147
2,42,0.6868889388410533,1.1040933215646918,1.1387543491778667,0.9616182970240129,1.0504961138304991,0.08263337249093297,1.0,0.6276652802262669,0.0,0.4,0.4,81,6681637.407857104,74893.45208641599
2,43,0.8353389659778516,1.2390995626293189,1.2602936886352443,1.1149348616508798,0.8194168166041247,0.08907020024615815,1.0,1.0,0.0,0.4,0.4,82,950661.1128519996,75152.64498545209
2,44,0.6858128624060813,1.0974175965884398,1.1309197544198732,0.9722496846371478,0.6790221448423972,0.08176978402385375,1.0,0.6278959259163595,0.0,0.4,0.4,83,6680877.475840451,74746.83405837962
2,45,0.4984658352406439,0.8945608127893193,0.914173213991946,0.78320993780141,0.5015339639891466,0.08560391106275891,1.0,0.16174320290261585,0.0,0.4,0.4,84,2681.695823903238,75105.95861204722
2,46,0.7742367762779974,1.1694262615578492,1.1888553773162829,1.0685919278216192,0.7475596967689209,0.07716415396103565,1.0,0.8515824238311481,0.0,0.4,0.4,85,9676251.350520618,75125.36271415232
2,47,0.8309767703878075,1.2011140920722343,1.204721269808274,1.1315385345244269,0.9151418987276705,0.08798709346042459,1.0,1.0,0.0,0.4,0.4,86,950056.7976171154,74666.09980230831
2,48,0.8304448631942134,1.1976388907291349,1.2006509222765915,1.1385481290314403,0.8121893148742095,0.08730962727482103,1.0,1.0,0.0,0.4,0.4,88,949804.4181689952,74526.30189070952
2,49,0.4878909489780503,0.8695159671959294,0.8969256061187243,0.8094136846754688,0.4914860495089127,0.08019910969262015,1.0,0.14707816505788399,0.0,0.4,0.4,90,2699.4078550967006,74879.80795714425
2,50,0.5100805891428932,0.8462784129703103,0.8323325515923179,0.8129639470428527,0.502125598870314,0.08569534343359007,1.0,0.20737953556276567,0.0,0.4,0.4,95,2513.367836625521,75113.4723738186
2,51,0.5826410722365314,0.9534118045207394,0.989444309578434,0.9390453890486923,0.5984241447518049,0.09704409568884134,1.0,0.39271395367666895,0.0,0.4,0.4,97,5609.320492903253,77463.21046028374
2,52,0.5074059035049903,0.8269754052212333,0.8097533086940929,0.8253158520135131,0.5082507123087888,0.08423569374000756,1.0,0.20694685250196948,0.0,0.4,0.4,99,2614.774086191652,74712.69217940285
2,53,0.5053909178190215,0.8244247159191733,0.8179144204816516,0.8380168947548159,0.5134965088914899,0.08565620848377595,1.0,0.20597133446312652,0.0,0.4,0.4,102,2382.768261466481,74874.91915818918
2,54,0.5042492933058105,0.8165357574615473,0.8087182632956399,0.8479576876150166,0.5087912273384212,0.08429698309130476,1.0,0.20533117366663078,0.0,0.4,0.4,104,2398.275584458532,74528.18212124801
2,55,0.5046327463835225,0.8157457936705382,0.8077014740159664,0.8520074737325173,0.4919448697298284,0.08440333887997012,1.0,0.20666742481352268,0.0,0.4,0.4,105,2438.267900826192,80794.21457298148
2,56,0.5037308515801895,0.8108359794550626,0.802018555250513,0.8584581639700448,0.5137688424720054,0.08503804740867524,1.0,0.20567827524708707,0.0,0.4,0.4,106,2372.464547872782,74356.2972457294
2,57,0.5072668984882158,0.821884152045824,0.8253563502017318,0.8803436074016266,0.49595997968806416,0.08412140097994113,1.0,0.21566454317137618,0.0,0.4,0.4,109,2968.076084815394,74585.50985456108
2,58,0.47308545947813685,0.8340893783796659,0.9115836422626786,0.9168247738595423,0.5356163907372459,0.0681909851643322,1.0,0.13622886852498078,0.0,0.4,0.4,111,4843.193891814075,75563.95482756609
2,59,0.46868214527581686,0.8246623697336156,0.9012040454420003,0.9236365219056493,0.47006086984382456,0.06857072665789023,1.0,0.12657146986345935,0.0,0.4,0.4,113,4865.931158309728,75239.47402128117
2,60,0.4685514634963385,0.8233943799558767,0.8997206626412151,0.9311627631647084,0.45501003998981104,0.0684916277522367,1.0,0.12654553795857165,0.0,0.4,0.4,115,4916.585579188118,75237.69238983572
2,61,0.4694399071606538,0.8063340730122603,0.8683850908463455,0.9091095138303331,0.5041886760731451,0.08744067090634529,1.0,0.1305121680623278,0.0,0.4,0.4,116,5057.915012398112,75787.74298328624
2,62,0.47766922463048567,0.7849416228990858,0.8196331853438856,0.8952840223986374,0.5165847993768907,0.08306603707212976,1.0,0.15288341980975845,0.0,0.4,0.4,117,2964.970808526802,75260.6515654718
2,63,0.4684271172658454,0.8036276524137494,0.8762534075276681,0.9191631995691375,0.49595436567737056,0.08777896017866735,1.0,0.13114632762208728,0.0,0.4,0.4,118,4971.4795044300645,75466.68633406424
2,64,0.47762435183623075,0.7853610051879205,0.8310390362432774,0.9064544347262796,0.5007560827944662,0.08202992560946495,1.0,0.15532181929725114,0.0,0.4,0.4,119,2535.717940033686,74631.80297629799
2,65,0.5000348406718618,0.7800629119315057,0.809664128907795,0.9321600372952414,0.6114507400116054,0.0891014062169059,1.0,0.21499477993027466,0.0,0.4,0.4,120,2960.972868992433,74789.27918339072
2,66,0.4751789172710308,0.7608245953600876,0.8023895789989404,0.9219910814705845,0.47574752259484043,0.08325327044099964,1.0,0.15402277513253898,0.0,0.4,0.4,123,2921.0930000625776,75058.3916193453
2,67,0.4715274234369497,0.7672300339514982,0.8215831546280484,0.9911686264450654,0.4588294882985012,0.08259401532381629,1.0,0.14512680130115335,0.0,0.4,0.4,134,4808.860118395226,74418.82903341699
2,68,0.4712115716361185,0.762941860727516,0.8165594788444995,0.9946080513137366,0.4880933211168046,0.0837385858673733,1.0,0.14514124758065813,0.0,0.4,0.4,135,4808.82696008037,74417.38900435601
2,69,0.48670645427753356,0.7817106459780631,0.8468644078590485,1.0215770131534612,0.5337902852765497,0.08729643196644912,1.0,0.18542934933468297,0.0,0.4,0.4,136,4859.9261495022565,74317.78085059187
2,70,0.4868336115790428,0.7921911449121632,0.8701887049603976,1.0255880220601405,0.48076646852205807,0.08769238962400001,1.0,0.1859102258302013,0.0,0.4,0.4,137,4892.818809504688,74324.21658328906
2,71,0.4737256645268414,0.7668075968286797,0.83160609087323,0.9882293359846416,0.4699384468749992,0.08269520055642912,1.0,0.15335794345059445,0.0,0.4,0.4,138,4899.507087976309,75262.6170854931
2,72,0.4734105979690823,0.7707535136735443,0.8472755613709922,0.9914807277606819,0.5132710834335094,0.08216446683249924,1.0,0.15385600197762012,0.0,0.4,0.4,139,4866.736872625312,75391.30036775631
2,73,0.47216857299741666,0.7424970929096109,0.8031205834498282,0.9935329713890649,0.5794625831806927,0.08227631708942333,1.0,0.1535319145195044,0.0,0.4,0.4,140,4424.52551157184,74681.05185426943
2,74,0.4718429299564175,0.7613085028527151,0.8473350769839376,1.0130675008438237,0.473494001293376,0.08281583154627345,1.0,0.15326644874699036,0.0,0.4,0.4,142,4361.071410090803,74810.32237773904
2,75,0.4712738765614274,0.7508932686005363,0.8351242158896125,1.019773649050727,0.4979958971452223,0.08172498982328011,1.0,0.15344111255951876,0.0,0.4,0.4,144,4299.472567426103,74551.85827211376
2,76,0.45974643191139725,0.7938419775827645,0.9537587531184554,1.1574616951562677,0.4611316263624833,0.08649403143453543,1.0,0.12657645865796002,0.0,0.4,0.4,153,87668.50809929523,74483.38474204946
2,77,0.45938299139442906,0.7859768427225533,0.9445340786622556,1.1646487028869965,0.4784295960777082,0.08624337103123446,1.0,0.12676049689076704,0.0,0.4,0.4,155,87553.6134098535,74257.50187585162
2,78,0.5137294064744122,0.8269728587831153,0.9721409667590688,1.2005444887524108,0.5211786356504117,0.07850351678331675,1.0,0.2629348753421751,0.0,0.4,0.4,156,5713.832377413076,86091.90680029233
2,79,0.5130887129442554,0.8249308617930121,0.9808225000666287,1.2032790022340814,0.5515752862653255,0.0839021328889337,1.0,0.26305798623052123,0.0,0.4,0.4,158,5507.253432457396,78137.2680493107
2,80,0.51131234874932,0.7626221346623248,0.8746724710045364,1.2002186116522318,0.6034830822439272,0.08020124987193272,1.0,0.2619661372711139,0.0,0.4,0.4,160,4301.421858717869,85719.85042942077
2,81,0.5113942861539376,0.7709366405778815,0.8954552998448908,1.2163187055392406,0.5158573151028036,0.08063950896517318,1.0,0.26251401730117535,0.0,0.4,0.4,162,4313.521618375065,78157.9831265019
2,82,0.5112672036312544,0.778451456227841,0.9153327935692546,1.236252972734813,0.5115419439026472,0.07978286713502376,1.0,0.2626013548023795,0.0,0.4,0.4,166,4386.398301477983,78026.41992714076
2,83,0.515616202881995,0.8477765868207401,1.0732569218517292,1.3011198401891833,0.5344937623286096,0.0850240500141063,1.0,0.2749418532185759,0.0,0.4,0.4,170,7663.065375645594,76415.4268733229
2,84,0.510139450560314,0.8178448311507365,1.0279625047799028,1.2867040645411538,0.6014512689974115,0.08874656030454742,1.0,0.26260607957708604,0.0,0.4,0.4,171,7177.41031571683,85531.16282224187
2,85,0.803591513956473,1.0694253830573033,1.2721144482016076,1.5980351962599793,1.1036206830192445,0.07735838674900565,1.0,1.0,0.0,0.4,0.4,172,23742.30133654205,88029.83868927864
2,86,0.8031663642443956,1.0329440607472102,1.207222086397429,1.6010084876948314,0.8976019347086106,0.07847384797167212,1.0,1.0,0.0,0.4,0.4,173,24545.09939767473,88196.63904454604
2,87,0.803070811243189,1.0520817741700408,1.2518005708840725,1.6007037852677684,0.8113994968835476,0.08167137078417858,1.0,1.0,0.0,0.4,0.4,175,23564.705222598488,86814.54918698111
2,88,0.8026309139356202,1.0140064616143438,1.1850413071410641,1.607524544419134,0.9094657491633669,0.07812303791895456,1.0,1.0,0.0,0.4,0.4,176,23623.16459507788,87987.01748783805
2,89,0.8024430796148214,1.0181598802904521,1.200987728393983,1.627503854685235,0.8245962819929598,0.07842930053417567,1.0,1.0,0.0,0.4,0.4,178,24577.35861494053,88112.49141598037
2,90,0.8023703042761,1.0041665829651536,1.1735162781749504,1.6272548504055657,0.8194739004507763,0.07813959019501344,1.0,1.0,0.0,0.4,0.4,179,24549.481663603925,88145.43097679442
2,91,0.8023458676421951,1.0256402738343087,1.2208308120446012,1.6395610018089868,0.8032968548331352,0.08263684765060422,1.0,1.0,0.0,0.4,0.4,181,23377.72562407559,87061.42957441324
2,92,0.802283079196216,1.0119935221440013,1.1937653270405115,1.6476534141924066,0.8170765950190716,0.07654697006109488,1.0,1.0,0.0,0.4,0.4,182,24419.5362179787,87789.57680215336
2,93,0.8021184529116931,1.0054513833829914,1.1861028402342169,1.647077011580421,0.8456767327454482,0.07733181389798757,1.0,1.0,0.0,0.4,0.4,183,24583.964621701285,87868.41856461414
2,94,0.5066592816919612,0.7434380370300679,0.9630616604039508,1.3598094007058306,0.504929452327725,0.08195835358312459,1.0,0.26136228597011585,0.0,0.4,0.4,186,7344.8965911845635,89415.42609056638
2,95,0.6802961589772165,0.9243440639516725,1.167312434507959,1.539418808265273,0.6875809571695207,0.07888295512030821,1.0,0.6963832031550716,0.0,0.4,0.4,198,7120.288914890235,80994.04581608498
3,0,0.8893577374420154,0.9738199903148445,0.9203627086272101,0.010360729544651427,0.0,0.0,0.0,0.0,0.0,0.4,0.4,1,2476.329664230657,8284.225276350258
3,1,0.8669162740607239,0.9681689119995435,0.9137314676728144,0.013302297220705143,0.02005857201416424,0.03945945654403858,0.00011592375110809001,6.442396946943e-05,0.0,0.4,0.4,3,2402.9189792846782,8069.217531638076
3,2,0.8319488171425862,0.9635284972540612,0.907230305031809,0.020846025638322642,0.08218800699452682,0.016395304085963,0.015089625713914251,0.00065428106980675,0.0,0.4,0.4,4,2451.6920959042045,8220.79690507463
3,3,0.582027643903561,0.9178143682610967,0.858084715988457,0.053651019679601855,0.7159723128374871,0.04826697799299396,0.07283991919410687,0.04048037339596096,0.0,0.4,0.4,5,1667.5946985626713,5060.923192823444
3,4,0.4465712739894092,0.850928818249527,0.7805507340716978,0.05095734669825771,0.2575074915582804,0.05131948196576874,0.05949224622562268,0.04205835282661573,0.0,0.4,0.4,7,1579.145554223645,2960.6955991132586
3,5,0.3232214568999769,0.7697338157096765,0.6861069163305417,0.04539376783469179,0.30694145669192296,0.04539132189242688,0.052240778273876354,0.03972880074749221,0.0,0.4,0.4,9,2066.5858980363205,5497.135804918017
3,6,0.31118015753645123,0.7596747814627153,0.6749761423382314,0.05046477332968638,0.04803299389516601,0.044260472248677366,0.04750159220523592,0.034966244211163476,0.0,0.4,0.4,12,2023.990361402436,4557.827077960729
3,7,0.39270261477787155,0.8424988702178904,0.7566926632338955,0.14535152268651533,0.16605835199456265,0.04748334750579869,0.10651070772048907,0.1991854910382636,0.0,0.4,0.4,13,1990.6139585552971,67056.10707435153
3,8,0.302749726574411,0.7528343622137998,0.6668731532982228,0.057423105713813004,0.03693682173740052,0.04422969924174576,0.04847653616247213,0.03532111161866755,0.0,0.4,0.4,15,2028.9361429187984,5267.271714492339
3,9,0.3163463259275109,0.790608956172184,0.7289779263792581,0.09261437678270446,0.09244133271589744,0.04586401598252714,0.09917638975637591,0.04742882884207239,0.0,0.4,0.4,17,2286.5281196982523,7675.806478987511
3,10,0.291880313230502,0.7565879035491205,0.6798537545751339,0.08366801619052582,0.13387773285962473,0.046940166272249936,0.08078752575158868,0.0394700970144315,0.0,0.4,0.4,18,2246.051334429314,15603.408010590285
3,11,0.28111275908104505,0.7571575988926247,0.6931881628193045,0.07841925673790713,0.04843076200062099,0.0433128966171592,0.0641757194423333,0.03293679131019197,0.0,0.4,0.4,19,2122.097385900641,14929.78865965272
3,12,0.27999919615404967,0.7561860212277499,0.6919544251415564,0.08720730597314141,0.04475093010418419,0.04349299968904289,0.0649535480453534,0.03355749284363474,0.0,0.4,0.4,21,2129.641470316505,14822.6461384105
3,13,0.2715564114340842,0.7478562003477798,0.6833991921089199,0.08445845116123855,0.04158520477657667,0.04227731017401065,0.053496290026669446,0.02748127092365487,0.0,0.4,0.4,22,2119.400204441511,14823.373453791944
3,14,0.26065491498476673,0.7263712225786041,0.647826851149322,0.08482581971273043,0.04365758638266173,0.03218526420367795,0.04820798910880686,0.02293353184092472,0.0,0.4,0.4,25,2428.063246077634,6784.975289129061
3,15,0.24619131944656553,0.7231595276258487,0.6547695683844131,0.09362936809128013,0.08806271624837367,0.0328433852257176,0.051110605302252275,0.0255378157349613,0.0,0.4,0.4,27,2207.786253911245,16525.04519221182
3,16,0.22721672656715114,0.7034201669874317,0.6325810661130445,0.0945861591048088,0.07515624461492489,0.03278170259479485,0.042279321643147585,0.020773710090819488,0.0,0.4,0.4,29,2249.529749178163,14603.868505488086
3,17,0.22717217340870843,0.7027543518344865,0.6308106771013436,0.11047260509328971,0.0760501794175395,0.03301326870901842,0.05229058120035253,0.02522202967152278,0.0,0.4,0.4,30,2494.210245452184,16877.597932133394
3,18,0.223743215762883,0.687209398239683,0.6007842842151412,0.12124173168986146,0.055932600952711256,0.026883616201933108,0.06851028741925,0.01976973657742322,0.0,0.4,0.4,33,2421.162239466227,6269.204461456907
3,19,0.2076497090447452,0.6788289082422646,0.6022104952030434,0.1296667681421858,0.09877531382923199,0.0264393741981535,0.06490577820357091,0.021034675554963488,0.0,0.4,0.4,35,2199.964141176953,4719.377414485475
3,20,0.1911433375568723,0.6586520457238484,0.5793926118462189,0.13172484610400095,0.08346989547589362,0.03690565875853976,0.05624646234015129,0.01780610554504871,0.0,0.4,0.4,37,2044.671297985052,15484.553342412975
3,21,0.18601753853012384,0.6621400372334707,0.5942887706612745,0.14171359763159122,0.0636846544735921,0.0289833048769028,0.058440168420345426,0.0195658798158468,0.0,0.4,0.4,39,2105.2073883426137,12673.19365748101
3,22,0.18340226371761276,0.6576888845076814,0.5888023016071668,0.15123222786017926,0.05389424440044531,0.03252937892186722,0.060477488516405706,0.021514393000179217,0.0,0.4,0.4,41,2021.5681629667656,10973.073542589747
3,23,0.18094001822061861,0.6532423533428817,0.5832983018669908,0.1641558065127361,0.07769138403059704,0.031176510193874678,0.06464597866837826,0.02166684090143432,0.0,0.4,0.4,42,2232.679624821994,14753.64330029218
3,24,0.351488132287175,0.8398749027048882,0.7928971333663569,0.3499463088234095,0.24122709223757188,0.31133900036317547,0.06721931935044363,0.47395395484249236,0.0,0.4,0.4,47,1830.9226575411008,9663.86951539729
3,25,0.348247191084737,0.8343026532216355,0.7863036178125159,0.35301561561288236,0.2584610092188312,0.3283498009609596,0.06777451208194255,0.4743758409224127,0.0,0.4,0.4,48,1656.3940302225262,7847.258205646275
3,26,0.34816946031871665,0.8453772396043746,0.8103566795067607,0.3617874389300558,0.21731129011285652,0.3283498009609593,0.06777451208194171,0.47437584092241203,0.0,0.4,0.4,50,1655.6632093648072,7832.352679861297
3,27,0.33158400341838457,0.8085170835457837,0.7568459888930235,0.3751390359013197,0.24978438390204283,0.34212583163169524,0.05492445450530059,0.4763679850896098,0.0,0.4,0.4,54,2200.613211351103,9831.234576221425
3,28,0.5652563365488447,1.0236195626234086,0.9562384438741925,0.6415275508760252,0.5665720093587489,0.30369470838206575,0.13661093151681675,1.0,0.0,0.4,0.4,55,2024.481268609208,424673110.7253392
3,29,0.5613790623319995,1.0152426379491133,0.9463495834320796,0.6383775208185203,0.48537816485731217,0.30740970638741694,0.1377406019926118,1.0,0.0,0.4,0.4,57,1961.481460722239,424621513.0206232
3,30,0.5515714873167029,0.9948676745619056,0.9225637474845758,0.6426404541753816,0.5243277388319689,0.311197077845027,0.13659455236558823,1.0,0.0,0.4,0.4,59,2042.66591470277,424597967.63064766
3,31,0.5473895400398099,0.9877391599191202,0.9145128693847814,0.6465892999270507,0.49140481417865095,0.30837776784203447,0.13223845283898653,1.0,0.0,0.4,0.4,60,2011.5520550440065,424615968.6254064
3,32,0.5380622883466206,0.9749202730872062,0.9005908737955769,0.6491422563682003,0.49437869389663475,0.31185772720049254,0.11629440959235607,1.0,0.0,0.4,0.4,61,1960.3210034172268,424862060.7240087
3,33,0.5373922505651081,0.9911894400664504,0.9413373028368769,0.6873427631091494,0.5068277891765258,0.3091487391626825,0.12319237740028241,1.0,0.0,0.4,0.4,62,1910.61824368768,425066424.1673599
3,34,0.5312251753277486,0.9778644434233984,0.9259761262304438,0.6614461604602181,0.5308894230844783,0.3124466210247149,0.11960339725562877,1.0,0.0,0.4,0.4,63,1889.2647665064585,425128374.0264574
3,35,0.5321145306049064,0.9534366230673598,0.8747390932406842,0.6608356887338367,0.4835030945326011,0.31968757248789303,0.12635087813463758,1.0,0.0,0.4,0.4,64,1860.8786723619207,424851602.8006171
3,36,0.5357803931835785,0.9564350346360831,0.8775444729133041,0.6618859489066697,0.46316334839680723,0.31969299410835833,0.1366661164895995,1.0,0.0,0.4,0.4,65,1884.3820772648503,424579520.4649898
3,37,0.5258863127487937,0.9406700001782545,0.8601932406995815,0.6642147717348292,0.5122174911577428,0.3204402178126811,0.12040771964493976,1.0,0.0,0.4,0.4,66,1829.5586502714648,424837598.57187855
3,38,0.5245037196635854,0.9339773836886186,0.852089068189531,0.6683665544850779,0.5073167843333416,0.3203617579511091,0.12428341972013102,1.0,0.0,0.4,0.4,67,1842.5260841215852,424855216.2396029
3,39,0.5198758140926144,0.9419070653126898,0.8834721918107835,0.6752445544669009,0.5540207030592074,0.328305863060717,0.762341646929096,0.3629354871610309,0.0,0.4,0.4,68,4276.132193751399,6558.139248318703
3,40,0.5167165268663276,0.9315256552317537,0.8712748680154674,0.6849976515075805,0.47500121564871245,0.3295496228091247,0.7626456813090918,0.3631855912892378,0.0,0.4,0.4,71,4200.428031652251,6638.930342242695
3,41,0.5128177604445978,0.918207545068686,0.8556444849997238,0.6909486550041994,0.5448211317600781,0.3013860666411387,0.7624557152744567,0.36383642542917977,0.0,0.4,0.4,72,4233.600804165255,4405.797286395549
3,42,0.5488183074974722,0.9499841725520599,0.8864028921787312,0.7566950350413801,0.49861936204611484,0.2973643464733502,0.8251918116092577,0.3954047220642566,0.0,0.4,0.4,76,4854.954155018302,7485.878046546997
3,43,0.5470830024883064,0.9390260859924043,0.8732571113148199,0.7607778323089973,0.5793856303359428,0.29317696814816613,0.8276701574020201,0.3974673831660516,0.0,0.4,0.4,77,4698.216062307592,7580.157797666638
3,44,0.5976448159330776,0.9637487873388473,0.8816007824795233,0.8214752752295986,0.6833731723831113,0.30615486984415835,1.0,0.364271242302384,0.0,0.4,0.4,78,4038.514634392762,18422.244433482407
3,45,0.4964494499035307,0.8632890208441683,0.8023030793368109,0.7344726783514002,0.49071420982986125,0.29924213893996265,0.7543320176856744,0.3734094352237075,0.0,0.4,0.4,83,4533.729660251171,19702.908056007967
3,46,0.4944210563004139,0.8404056615817308,0.7643267374042415,0.7374886799745188,0.49394247533560864,0.28330164863707724,0.7554718615896104,0.3736183443431422,0.0,0.4,0.4,85,4638.2638238878,22590.0440026166
3,47,0.493664190393898,0.8478255238412429,0.784095408659562,0.7545602144253343,0.4649413949439498,0.3022260539253747,0.7552239513102565,0.3739192293390226,0.0,0.4,0.4,87,4666.090895862029,20300.961061240632
3,48,0.5881326181300562,0.9169624786650008,0.837226077006645,0.8507837578994896,0.6108475789884894,0.3007261539712195,1.0,0.3738745534301219,0.0,0.4,0.4,89,4629.453256637964,19977.941918864584
3,49,0.5872058159927004,0.9140008255128758,0.8444958970016894,0.872391131266121,0.664663314062601,0.27521755085677635,1.0,0.37888246450656704,0.0,0.4,0.4,90,4680.985106649243,20365.290578306725
3,50,0.5779028270404809,0.8898415138617455,0.8280064160322941,0.8724326047676956,0.6559172617544257,0.30395760991667453,1.0,0.3682892214031601,0.0,0.4,0.4,92,4612.444370782816,15533.339086652846
3,51,0.5762414946394168,0.8786862803103479,0.8149425510019741,0.882010214831513,0.5862256282402821,0.30472035077618437,1.0,0.36826326980611046,0.0,0.4,0.4,94,4589.55807685291,15443.911244123468
3,52,0.5826186746131974,0.875688237328724,0.810072092896591,0.8960402328320372,0.6324336178658614,0.31263319307418336,1.0,0.38810158601178296,0.0,0.4,0.4,95,4664.62549502296,15718.838052745288
3,53,0.5834726885727598,0.8751086282187742,0.8092108290519295,0.9110897404478325,0.5598970175924173,0.318599291688189,1.0,0.3907651213275396,0.0,0.4,0.4,98,4611.558095311942,14991.289932059011
3,54,0.5818229706360913,0.8921206893527975,0.8514823164484521,0.9171573953827301,0.5854052130867815,0.3126331930741833,1.0,0.3881015860117826,0.0,0.4,0.4,99,4635.0093419950645,15537.24477160545
3,55,0.5825111115295659,0.8626630305864273,0.783580127811087,0.9140220082566943,0.5673239206962083,0.28705273104758444,1.0,0.3903564040322606,0.0,0.4,0.4,100,4332.081671239404,17544.299801874666
3,56,0.5797177636006894,0.8493953866378269,0.779179295574719,0.9118082120558036,0.6905172143866715,0.29117676376682844,1.0,0.38951887353778936,0.0,0.4,0.4,101,4278.78127864771,16903.11749491593
3,57,0.5796722798876688,0.8477687488031124,0.7772167690621151,0.929720740479466,0.5780619819877156,0.2870527310475845,1.0,0.39035640403226574,0.0,0.4,0.4,102,4292.173951979631,17294.442344276846
3,58,0.5786159020698213,0.8408400542893714,0.7691729500549542,0.9180316435914552,0.5932734697318751,0.2877112066023546,1.0,0.3893135079056615,0.0,0.4,0.4,103,4292.070516237803,16975.223111594805
3,59,0.5904285756456522,0.8252847509757727,0.7266568818516679,0.9264619110976269,0.5778798748596106,0.2992610507415981,1.0,0.4204567028694187,0.0,0.4,0.4,107,1904.590590755856,9799.013346539305
3,60,0.5750069233341094,0.8046397524828268,0.7158512372783151,0.935346489039318,0.6837229582977,0.27918807190193584,1.0,0.38698057926849705,0.0,0.4,0.4,108,4307.430186800394,12231.439305024707
3,61,0.5862601107507517,0.7788347235801507,0.6721310695077988,0.9296215500661513,0.7693065393992007,0.2868220852432141,1.0,0.42222168948659144,0.0,0.4,0.4,109,2056.2974031606173,10449.884748160292
3,62,0.5853040988659293,0.7723414671649179,0.6645935129439653,0.9320695669085596,0.6111940288623424,0.28511069225362073,1.0,0.4212321967858975,0.0,0.4,0.4,110,1889.1863185841853,7971.760150989711
3,63,0.5849335239784039,0.7673351560435806,0.6587156124188398,0.935079285966568,0.6040938674166998,0.2819623081972904,1.0,0.42144175592210464,0.0,0.4,0.4,111,1845.8937034670284,9923.544776986037
3,64,0.5837760711590908,0.7555776143908237,0.6449717691745933,0.937245887717528,0.649374574018299,0.2823112939937098,1.0,0.4210431032358907,0.0,0.4,0.4,112,1888.582197775265,10068.436821594714
3,65,0.5837316038644134,0.7545344813620589,0.643741940759128,0.9405868071091185,0.5760615368735642,0.28262515117211096,1.0,0.42115959463713243,0.0,0.4,0.4,113,1900.255912742081,10024.882615400897
3,66,0.5836764496609257,0.7655865772200855,0.6677765550891288,0.9556964312236013,0.5691358186006205,0.2823112939937098,1.0,0.42104310323588995,0.0,0.4,0.4,114,1884.9520427153036,10025.62012224621
3,67,0.583289191802593,0.7502766605580702,0.638771900086578,0.946894285266445,0.5966802140414822,0.2817704141038652,1.0,0.42091312132481906,0.0,0.4,0.4,115,1907.2130976819549,10071.017203934043
3,68,0.5682306766066685,0.7391518550623101,0.6502150883199567,0.9634103041083578,0.5828789398604899,0.2843383428507911,1.0,0.3871955562303734,0.0,0.4,0.4,120,5091.212756598155,10844.604811753648
3,69,0.5680377759580384,0.7588140397296881,0.695405532247646,0.9865676698706053,0.5742512745373098,0.2842195705569225,1.0,0.3872294136335884,0.0,0.4,0.4,121,5475.0382965678855,10908.709210365803
3,70,0.5678286010968662,0.7461434620193499,0.6695021503425643,0.9898991562623212,0.5641865719918248,0.28625025895500494,1.0,0.38695492767396317,0.0,0.4,0.4,122,5542.566542073389,10967.908040662474
3,71,0.5670891884942911,0.7467556582577028,0.6922379060976102,0.9975339450976373,0.7137993810119418,0.283796935347571,1.0,0.38906840821326816,0.0,0.4,0.4,123,6485.359578346075,30489.791414921965
3,72,0.5666904731653044,0.7397485713813854,0.6840176498805308,1.0042518731131467,0.6065351634702579,0.2845005265018159,1.0,0.3892622161438275,0.0,0.4,0.4,124,6471.518764106872,31348.62857767003
3,73,0.5662251820317465,0.7323647186259412,0.6753709287735505,1.0071729956428548,0.6058922368539237,0.28395530463739377,1.0,0.38923729045008343,0.0,0.4,0.4,125,6519.503953566226,31263.860910806798
3,74,0.5537382287695787,0.7125396203753374,0.654206783043042,1.006108602453516,0.5710705107805539,0.2811399900624814,1.0,0.3592209495835756,0.0,0.4,0.4,127,6494.790684749456,31111.67164832568
3,75,0.5533500515633674,0.7083645914599783,0.6493419850666232,1.0193690483693398,0.5506066046195052,0.2825967261344088,1.0,0.3588540584146382,0.0,0.4,0.4,131,6173.481265730336,31525.32442414585
3,76,0.5651762151147599,0.6951140797496198,0.6096044097355044,1.0216148872076865,0.5655742536189541,0.2852466904482145,1.0,0.38884156945811704,0.0,0.4,0.4,133,6204.425346011896,31716.78711544182
3,77,0.5524494443799803,0.6816014093427141,0.5959496867295665,1.0208639250863412,0.5480820062619116,0.28127664382120243,1.0,0.35713369637742953,0.0,0.4,0.4,134,5485.474219775022,30927.76074886076
3,78,0.5525339288612529,0.6697493518290494,0.5709640105267882,1.0160325862329216,0.5483348567557051,0.28184714432531005,1.0,0.3574561568785866,0.0,0.4,0.4,135,5077.316550760034,30164.23765984744
3,79,0.5517911354666618,0.6585040257367663,0.5578121151779336,1.018477324095701,0.6207705365859708,0.28013439863597034,1.0,0.3571763373265292,0.0,0.4,0.4,136,4236.70283987531,30967.283787639517
3,80,0.5520491345565808,0.6845310242187367,0.6214206460703579,1.0547034607502812,0.5628558864198656,0.28417122950895785,1.0,0.3589424093519901,0.0,0.4,0.4,139,6216.364231630072,31445.26604560951
3,81,0.5521196258593579,0.6952969224845476,0.6450950993805091,1.0741854330564236,0.5445980937313419,0.28182212989902805,1.0,0.359188784400749,0.0,0.4,0.4,143,6241.072743205893,31543.155591524952
3,82,0.5520550769655903,0.6940915556621319,0.6436829332963107,1.0814762468946584,0.5524641586023153,0.27977663323726387,1.0,0.35919375076146665,0.0,0.4,0.4,144,6193.595306186884,31799.81530268407
3,83,0.5516039060621631,0.684699138817472,0.6326763734766978,1.0806266463370284,0.6091825667084703,0.2801508435857272,1.0,0.3592763586284681,0.0,0.4,0.4,145,6165.468892671036,31605.88952215412
3,84,0.6617348089327091,0.7931477514785092,0.7408216191624339,1.2371156231157334,0.6550107213527996,0.2824135927780581,1.0,0.634826733238359,0.0,0.4,0.4,154,6777.740033249494,34038.238280293226
3,85,0.6617307318702016,0.8042708918624037,0.7649313729442373,1.2517588306961809,0.654142663148108,0.28241359277805833,1.0,0.6348267332383626,0.0,0.4,0.4,156,6777.490426020997,34079.08031525767
3,86,0.6612798730479285,0.7968714637481573,0.75628016043618,1.2600647647789873,0.7042536244224017,0.28274609734212286,1.0,0.6346025896543699,0.0,0.4,0.4,157,6759.460065075135,31637.77987710398
3,87,0.6399217092670192,0.7757928496004513,0.74623817798099,1.2471592784725818,0.7175108934064731,0.2838376321883867,1.0,0.5825629865014113,0.0,0.4,0.4,158,6802.059900997071,34490.37596136312
3,88,0.5877570444708264,0.7329632513639948,0.7160716964093259,1.2395877775405397,0.5838536961090851,0.2885335895927351,1.0,0.4524044697634209,0.0,0.4,0.4,163,6802.152709653429,33728.907357804695
3,89,0.5877953348834686,0.7304927182476629,0.7131498574300673,1.2432385711945404,0.6005047410674038,0.28647927756235586,1.0,0.4528149830269165,0.0,0.4,0.4,164,6925.461707249999,34051.984616527174
3,90,0.5877434262740298,0.7289636536133904,0.7113566500267873,1.2468253649712748,0.5913285990234025,0.2865774746876273,1.0,0.45284928716664086,0.0,0.4,0.4,165,6909.210455295708,34107.17259220297
3,91,0.5872485885149518,0.7285558171001834,0.7219606950334809,1.2699786370137596,0.6206736325472186,0.2865774746876273,1.0,0.4528492871666413,0.0,0.4,0.4,167,6907.741281556046,34404.05970312928
3,92,0.5900540825334697,0.7311330532501013,0.7244971461789025,1.2727727635428898,0.5843707864467985,0.2865001212928332,1.0,0.4598884035503099,0.0,0.4,0.4,171,6779.13453303198,33423.26323702989
3,93,0.576480103853728,0.7160276909640607,0.7091173872316162,1.2759762079819623,0.5743458667049164,0.29016410645876733,1.0,0.4261307029303443,0.0,0.4,0.4,174,6732.997726297375,33324.0321590911
3,94,0.576384266914998,0.708019317205937,0.6996957118397075,1.2792164203665617,0.6278436507619889,0.28571515961152494,1.0,0.42673987637535216,0.0,0.4,0.4,175,6824.894903924498,34009.20130659267
3,95,0.5894097552538791,0.7356310528437531,0.7519130922876875,1.3048965085959496,0.6409590418011242,0.2879543410911059,1.0,0.46011856834678105,0.0,0.4,0.4,176,6777.021239890208,26189.64017354471
4,0,0.8021607911716064,0.9507901779016893,0.8933888889545047,0.00824319303519446,0.0,0.0,0.0,0.0,0.0,0.4,0.4,1,3753.92073634071,7410.693878293279
4,1,0.7917176626264004,0.9479625285576566,0.8900550009705641,0.011499728713697182,0.010465055325768248,0.09369478138847172,8.747159149222001e-05,0.00023335821689445002,0.0,0.4,0.4,3,3958.795927546421,6862.047535684059
4,2,1.2989323682998213,1.5805217972164582,1.5133174980610962,0.6957866645365862,1.0878046728301456,0.3971463261430096,0.7174334184462141,1.0,0.0,0.4,0.4,4,3659.968685104716,376024.5898549557
4,3,0.5715471014876976,0.9158632462676923,0.8550822428348537,0.058936052774309765,0.29676116739790875,0.04541492374557134,0.09177382814576324,0.03201574149782202,0.0,0.4,0.4,5,1959.498479403781,4287.403531135229
4,4,0.5722292075814794,0.9166799312586621,0.8558815193910534,0.06466358462949943,0.05113699363202464,0.04541811344422379,0.093475712718907,0.032609452119399966,0.0,0.4,0.4,6,1948.0924863103749,4271.230351113555
4,5,0.43532723448879046,0.8524901382147327,0.7796851302668525,0.065457697042335,0.5530224368933623,0.05442966673582496,0.07356605804857061,0.06731730233911792,0.0,0.4,0.4,7,3947.291066152824,7433.902147918459
4,6,0.367545917153264,0.803550201667744,0.724851035608145,0.053119812804326705,0.1591884680797276,0.0587937070883255,0.058398111373494446,0.04617643150357698,0.0,0.4,0.4,9,2048.005418912624,4903.349108828619
4,7,0.3597425002460901,0.8028125959672647,0.72116108336867,0.07151044356795797,0.17839145739527176,0.0756797654800475,0.06700638273837349,0.07882351532660252,0.0,0.4,0.4,10,3190.539218605925,9185.377117421192
4,8,0.3152683017413691,0.7764613537883077,0.7039566788424673,0.05893051373314813,0.20212681414214,0.04938585679095679,0.05784333644410241,0.05035654147465474,0.0,0.4,0.4,11,2764.677099233155,4646.19599991217
4,9,0.3016521472442956,0.7540816430394138,0.6658158455007201,0.06375298213822381,0.15740289520964215,0.08465541605905151,0.05393848056666567,0.06661853896833163,0.0,0.4,0.4,12,3195.395150471015,16834.465079709753
4,10,0.3016443805922606,0.754074975412495,0.6658081028313547,0.06996945276231625,0.04827036038996908,0.08465541605905152,0.05393848056666576,0.06661853896833178,0.0,0.4,0.4,13,3196.7646859563847,16826.15211410814
4,11,0.2703404717595086,0.7246457209236948,0.6331460376745864,0.057681804058423006,0.16951220393534888,0.08562853741472844,0.04078099313194062,0.05339515675961951,0.0,0.4,0.4,14,2415.4888598473817,17812.982704310234
4,12,0.24915120770571936,0.7037501254417504,0.609759341179976,0.05645871735871751,0.08211738865212947,0.08625619847034516,0.03339097335356339,0.044910826672147505,0.0,0.4,0.4,16,2426.921770601072,18110.10299437986
4,13,0.23939381023210443,0.6934657984905072,0.5972528912959381,0.06464331005799424,0.07932162053823352,0.07077768057112986,0.04001993599447679,0.04500862420168773,0.0,0.4,0.4,18,3025.51291845904,16575.15249574486
4,14,0.21841224352434985,0.681509133847284,0.5948604471621672,0.07746805737776977,0.10099274372858101,0.058112684437242566,0.0374497987593161,0.03984242732681016,0.0,0.4,0.4,20,1986.112450380556,23745.6693255165
4,15,0.24897530542943305,0.7088430522181008,0.6191390611875829,0.15129632347124083,0.11762812376678,0.0451657412189842,0.048699280982104395,0.14153117323476136,0.0,0.4,0.4,23,2039.9315248873595,1069781.469080275
4,16,0.2588109536931967,0.7182934120378643,0.6282814757304994,0.1653600723769244,0.09363020996128676,0.04445444771936965,0.0531759677086273,0.16517291340026083,0.0,0.4,0.4,25,2047.002898703468,1134928.7359745137
4,17,0.25390192955795643,0.7132703146309153,0.6231723492123374,0.16674482477900765,0.08630130762161142,0.04472575022978572,0.051361813459837424,0.15568634277068727,0.0,0.4,0.4,26,2045.98873251691,1109174.4238603646
4,18,0.2558818059568878,0.7145074951149615,0.6238448706887878,0.17098156525467523,0.11043166870269425,0.04438084447368666,0.05319240910328314,0.16519176582186226,0.0,0.4,0.4,27,1999.9140462537675,1135149.892113844
4,19,0.1863826338454478,0.6539981371560061,0.5747828524760924,0.10751383370272721,0.08837031078774316,0.04770783668455325,0.03136748086394617,0.030405778332819388,0.0,0.4,0.4,28,1914.6063490520323,23079.62560387315
4,20,0.5830015102583013,1.0486651847735309,0.9682533729199637,0.5340252809245261,0.44251994596859734,1.0,0.06590792370823681,1.0,0.0,0.4,0.4,31,2035.361584859696,3820713.45034074
4,21,0.5815229340687587,1.0659632580404215,1.0095105676181486,0.5465639808844966,0.47479235059730374,1.0,0.08293864778455984,1.0,0.0,0.4,0.4,33,1853.63948384959,3933914.822233501
4,22,0.5739776600162246,1.056269194796865,0.9987091694596825,0.5506209778913536,0.4525261261648207,1.0,0.07486778342224659,1.0,0.0,0.4,0.4,35,1929.8539355982996,3816882.982311548
4,23,0.9300810165462191,1.3928512781541615,1.3184774867452718,0.9217643823464798,0.9555201730960946,1.0,1.0,1.0,0.0,0.4,0.4,36,2088.488881605953,3829310.19698544
4,24,0.9264106703351627,1.3866059342734403,1.3111625670544695,0.9274639772509162,0.8218123867919948,1.0,1.0,1.0,0.0,0.4,0.4,38,2039.88817098712,3831894.262602876
4,25,0.9180855473449198,1.3941979678269905,1.3422181514153797,0.942812105192138,0.8518524151503966,1.0,1.0,1.0,0.0,0.4,0.4,40,2208.6702968462696,3931025.389646505
4,26,0.9134264629073082,1.3779698221968442,1.3128577107515589,0.9340785113735544,0.8009689360850138,1.0,0.9893647163186902,1.0,0.0,0.4,0.4,41,2034.9717897283008,2378070.5668767085
4,27,0.9155935443500061,1.400726429404577,1.3609465531407612,0.9554653144907628,0.8272049324188137,1.0,1.0,1.0,0.0,0.4,0.4,42,2322.6285244559253,3946567.494137041
4,28,0.9040795801790918,1.377929642003998,1.3342456953711044,0.9590825062013818,0.8796091583787509,1.0,1.0,1.0,0.0,0.4,0.4,44,2377.749640216291,3945583.4282342033
4,29,0.8981394162642107,1.345182708049713,1.2740736239503456,0.946347260329602,0.8270121178765839,1.0,0.994940735336366,1.0,0.0,0.4,0.4,46,1847.459325632736,2391378.151319665
4,30,0.896025142297274,1.340491188332658,1.268568531287797,0.9526011103409134,0.8146232251715615,1.0,0.9950875779630983,1.0,0.0,0.4,0.4,48,1873.7948003043089,2391365.4445237587
4,31,0.8402168892225026,1.2845422030186058,1.2125368214560885,0.9152281016640709,0.7478623595291822,1.0,0.85642298093905,1.0,0.0,0.4,0.4,49,1574.432393680012,2400528.986474728
4,32,0.8945504089434196,1.3571369039045367,1.3098920475042948,0.9796571793943837,0.8487030636941546,1.0,1.0,1.0,0.0,0.4,0.4,50,1300.002794704195,2542752.8012107625
4,33,0.8882952926744825,1.3199547969087857,1.2441787002840243,0.9682328337880819,0.9032342320381214,1.0,1.0,1.0,0.0,0.4,0.4,51,1716.1067394280774,2397112.532457625
4,34,0.8862564944770982,1.3373210586310935,1.2866826086916578,0.9939061029823552,0.8117261177141777,1.0,1.0,1.0,0.0,0.4,0.4,54,1293.9813519858722,2544879.9088555174
4,35,0.8112534014450358,1.2484522630679118,1.1840579691942823,0.9236416460850901,0.7575509342859983,1.0,0.8168626925825,1.0,0.0,0.4,0.4,55,1410.0229053892467,2544187.73725194
4,36,0.8814947832982125,1.325092630861795,1.2723599826826668,1.0056230634233032,0.8272832642176656,1.0,1.0,1.0,0.0,0.4,0.4,57,1889.9810893110807,2544207.1056169835
4,37,0.8803208243751316,1.3219737201468758,1.2687069519066059,1.015635157355407,0.8108907310143414,1.0,1.0,1.0,0.0,0.4,0.4,59,1897.1708492158969,2544235.7388616446
4,38,0.5909243216048956,1.0036168634364513,0.9326573846945938,0.7377848954165707,0.7116261268213606,1.0,0.30061107257574937,1.0,0.0,0.4,0.4,60,4463.669496306078,1635890.625375397
4,39,0.5909054855886131,1.0029291271879974,0.931798289057517,0.7480778670526864,0.5240708178803247,1.0,0.30139422910911884,1.0,0.0,0.4,0.4,62,4500.120916002398,1645658.7574115372
4,40,0.5568230630021862,0.959862304001825,0.8967117958242137,0.7437285451358122,0.5300387199119174,1.0,0.23900292239504345,1.0,0.0,0.4,0.4,68,3731.4984560590287,3426912.4032042176
4,41,0.5247714451336932,0.9193850643625551,0.8542452226776074,0.7071853935431367,0.5459351121090346,1.0,0.16685075782461908,1.0,0.0,0.4,0.4,69,3929.4767894525817,3396172.0353880017
4,42,0.557881641185051,0.9283007955107166,0.8575963737652698,0.7557941097378695,0.6216289660458983,1.0,0.2703714425186338,1.0,0.0,0.4,0.4,71,3838.9735223870985,3398711.527530843
4,43,0.5466668669023333,0.8916157494333941,0.7942231560644885,0.7417854222176696,0.5260944446874641,1.0,0.2447089379609188,1.0,0.0,0.4,0.4,72,3357.626092919268,3414170.252584096
4,44,0.5553780946702743,0.9163084829507678,0.8434906391034828,0.7584066371943505,0.5665484074297773,1.0,0.271241257978224,1.0,0.0,0.4,0.4,73,3927.873213810272,3407090.731504731
4,45,0.5170527365887693,0.8616758749123068,0.7747301477136166,0.7345531715928413,0.49500929605860755,1.0,0.17912725307549895,1.0,0.0,0.4,0.4,75,6280.903664175449,1167223.3475022423
4,46,0.5125556945482271,0.8401093571137513,0.7494786195208538,0.7426863550657166,0.5463159799158752,1.0,0.17900374839542146,1.0,0.0,0.4,0.4,77,6570.749417049793,1215471.813222005
4,47,0.5083134868109739,0.8213280214929618,0.7276217185651632,0.7470088227990128,0.5335125258923219,1.0,0.17694832840273098,1.0,0.0,0.4,0.4,79,6029.914324081407,1151230.5943041672
4,48,0.5069859522260011,0.8087893368638263,0.7127475181254553,0.757049999811216,0.5674078199250813,1.0,0.1796949883966526,1.0,0.0,0.4,0.4,80,5762.279451450012,1223296.4614282218
4,49,0.5082439265194179,0.8039679233159107,0.7066743839815537,0.7554557839924707,0.5250964592515817,1.0,0.18591374416857637,1.0,0.0,0.4,0.4,81,4409.128491521768,1467479.3846082026
4,50,0.5041571718601612,0.7831770371389009,0.6824804545558663,0.7594985251931565,0.542837647515632,1.0,0.1836137685678581,1.0,0.0,0.4,0.4,83,4124.6487681198505,1482995.143336656
4,51,0.5012801620643756,0.7348297923411429,0.6035203721185534,0.7632730603662292,0.5214604855347533,1.0,0.1860899159817625,1.0,0.0,0.4,0.4,87,4103.120164659695,1483602.7730313437
4,52,0.5012702301187111,0.7302330039688281,0.5980170342088673,0.7701144087449541,0.48745466088279016,1.0,0.1878323296610665,1.0,0.0,0.4,0.4,90,4022.7929571131695,1523598.669681966
4,53,0.5012123553096677,0.741152658435991,0.6218924784174171,0.7844608897949773,0.47602502186318707,1.0,0.18777410709825085,1.0,0.0,0.4,0.4,92,3994.763514793934,1523268.708945687
4,54,0.5019396632818882,0.7295470399337933,0.5970628944586986,0.7841251282304263,0.48533892326919614,1.0,0.1900312310924893,1.0,0.0,0.4,0.4,93,4309.874139910491,1475030.7593211543
4,55,0.5009965871484802,0.739078916512408,0.6194524761982491,0.7910409856372198,0.4807771425094881,1.0,0.1879358213599244,1.0,0.0,0.4,0.4,94,4040.3068576429528,1522856.2344914218
4,56,0.4923329334558515,0.7133345183006734,0.5903642851710122,0.7873892020501368,0.6054670519060368,1.0,0.17238741123284446,1.0,0.0,0.4,0.4,95,3858.1538771947767,1475779.847151424
4,57,0.8233324848613286,1.088794497327179,1.0177576547113287,1.1760945808398282,0.8002953393060966,1.0,1.0,1.0,0.0,0.4,0.4,104,3155.322135305011,2406316.3013460687
4,58,0.81887912115766,1.0368247905788142,0.9458059469212454,1.171452733709332,0.942363865860937,1.0,1.0,1.0,0.0,0.4,0.4,106,101181.10617842074,2774800.267840656
4,59,0.8167367812085129,1.0254250291601825,0.9435356387853141,1.1886483984478908,0.8526445080807419,1.0,1.0,1.0,0.0,0.4,0.4,109,99272.61334041094,2772889.814104682
4,60,0.8164870266610273,1.0226502705731553,0.9402856861271442,1.1954731920623543,0.8097461448262907,1.0,1.0,1.0,0.0,0.4,0.4,111,99866.18827607646,2771901.16180439
4,61,0.8153444735559565,1.009392805716037,0.9247578283308473,1.204855774298454,0.8924116012474808,1.0,1.0,1.0,0.0,0.4,0.4,112,101043.45342740792,2773491.0536507363
4,62,0.8146108512772974,1.011670911580001,0.9385077592701733,1.2111120244345335,0.8311744632256617,1.0,1.0,1.0,0.0,0.4,0.4,114,100521.96156015983,2773179.931695689
4,63,0.8142415075064238,1.0294468049458405,0.9814914507150879,1.2410577784469639,0.816178645699204,1.0,1.0,1.0,0.0,0.4,0.4,116,102045.04250528544,2772181.1085495087
4,64,0.8135461547355116,1.0092645821214423,0.9467709591107007,1.2474435348372732,0.8313953748984686,1.0,1.0,1.0,0.0,0.4,0.4,118,104709.61290246509,2834415.942678672
4,65,0.8135156997819655,1.020062889399029,0.970500469087655,1.26636499750252,0.8014040096220636,1.0,1.0,1.0,0.0,0.4,0.4,120,104695.94232163456,2834355.7376468563
4,66,0.8123240684742272,1.0485514366812656,1.0481948753764874,1.3235248552686276,0.8228084241025055,1.0,1.0,1.0,0.0,0.4,0.4,125,4360.468471249218,2460494.6135838185
4,67,0.8122671227475526,0.9805059104665929,0.9020055350899743,1.273390125807968,0.8028306299174128,1.0,1.0,1.0,0.0,0.4,0.4,127,2400.004320938659,2488604.120507246
4,68,0.8086518606176527,0.9667582895485376,0.930230452023599,1.2909051261643678,1.2093830134795458,1.0,1.0,1.0,0.0,0.4,0.4,128,2100.496940796485,2515553.485489846
4,69,0.808086183598536,0.9559745142783385,0.9175998617342976,1.301060161187804,0.8249938147057553,1.0,1.0,1.0,0.0,0.4,0.4,131,2013.7145966490684,2519633.956654028
4,70,0.8079353314826264,0.9530219523068066,0.9141417100092111,1.3045078724588095,0.810309440747506,1.0,1.0,1.0,0.0,0.4,0.4,133,2025.9012195576167,2519683.836157494
4,71,0.8078681050119678,0.9628973916328977,0.9367900677562307,1.320447396782412,0.8092655443512718,1.0,1.0,1.0,0.0,0.4,0.4,134,2035.0538598611445,2519479.41683828
4,72,0.8077059605431759,0.9484606116350945,0.9087992681471435,1.3181182299754277,0.803229730781601,1.0,1.0,1.0,0.0,0.4,0.4,141,1292.7812247813656,2521030.012709008
4,73,0.8063517523624113,0.9531269246895814,0.9475098591083514,1.371060030413932,0.9013632153003382,1.0,1.0,1.0,0.0,0.4,0.4,143,7025.958714562157,2500894.803972333
4,74,0.8055887212254453,0.9460771059763736,0.9503343586464817,1.4597123814285586,0.8057700261298013,1.0,1.0,1.0,0.0,0.4,0.4,165,7126.705970870593,2687140.15905576
4,75,0.8051948643951318,0.9360832735312735,0.9386290829621771,1.469953549620421,0.8698244972814624,1.0,1.0,1.0,0.0,0.4,0.4,166,7072.474399752074,2686971.7278645234
4,76,0.8049716991027002,0.9302091796981021,0.9317489338409899,1.4768491405195987,0.8204966697075986,1.0,1.0,1.0,0.0,0.4,0.4,168,6965.437521418309,2685929.826542914
4,77,0.8049679913186301,0.9301205344530384,0.9316451951946632,1.4842864860496512,0.8003451738873766,1.0,1.0,1.0,0.0,0.4,0.4,170,6982.20181945884,2687319.425475452
4,78,0.8044973005186774,0.9508144549022659,0.9891281504954453,1.5149193693579255,0.8450948388495434,1.0,1.0,1.0,0.0,0.4,0.4,172,6992.765177201351,2686123.9670664435
4,79,0.8044890164374272,0.9617844108318164,1.0130586417966876,1.5355674971938496,0.800814122621969,1.0,1.0,1.0,0.0,0.4,0.4,174,7030.280215869703,2685752.2768933857
4,80,0.8043317146213426,0.9572943624786986,1.0077996632857449,1.5428052125393625,0.8156738284753686,1.0,1.0,1.0,0.0,0.4,0.4,176,7054.994078478512,2688456.2390108537
5,0,0.6082461388547634,0.8890836842741882,0.8211147449164453,0.0025701283600943494,0.0,0.0,0.0,0.0,0.0,0.4,0.4,1,6548.559839128705,7949.630026841793
5,1,0.5938518319779496,0.8837923101149909,0.8149048692815731,0.005544138688173785,0.01880097319039668,0.06174640415969551,9.799641766906e-05,8.14820591139e-05,0.0,0.4,0.4,3,6385.956396009149,7831.4716797377405
5,2,0.5764723558413977,0.8809978636383856,0.8105653561813179,0.013268309376062739,0.06942247463313174,0.03033653889744859,0.01410778814344465,0.00164181407894401,0.0,0.4,0.4,4,6189.284138990312,8153.5815942592335
5,3,0.696195140932233,1.025466722877313,0.9521516940138058,0.1772626136060473,0.28536253540827755,0.01540158793765382,0.3930626752851636,0.02593650242472741,0.0,0.4,0.4,5,5802.47726154762,8040.831517271692
5,4,0.4838712602314497,0.8689528398366493,0.8170084890142659,0.04689533358073434,0.204448036810231,0.06842259628360924,0.02314442352358241,0.01614564529266829,0.0,0.4,0.4,6,4595.335725600586,7040.523422620817
5,5,0.42238480720269417,0.8536704456862898,0.808343071368886,0.06537303585715334,0.156683838308481,0.08571629142617408,0.02015942514690423,0.04609942918994017,0.0,0.4,0.4,8,3930.247297800598,6197.821778566593
5,6,0.42035807553544047,0.8516281910569894,0.8062915620596107,0.06336788777804321,0.024666996326696184,0.0856144563010399,0.01857299143228788,0.04271571592959386,0.0,0.4,0.4,9,4019.6013737543135,5852.2448163395175
5,7,0.4220760382260949,0.8670722492962013,0.8184107648173804,0.09644365530257977,0.19498407279128543,0.08570646895054898,0.04385992133901272,0.10457455405883014,0.0,0.4,0.4,10,3266.4287321377674,5441.664564452776
5,8,0.3784963003159354,0.8423431005368889,0.8044517339844413,0.08870197924950927,0.12741336273919746,0.04285031606140585,0.06259155951126333,0.02856984453649829,0.0,0.4,0.4,11,2570.0123315067003,9362.792035819928
5,9,0.36517480784483086,0.8348753618994281,0.7949878419546297,0.08719617685034134,0.12205418764286506,0.060174150792315015,0.03599054218363401,0.06563989973011772,0.0,0.4,0.4,12,2610.373195706202,4445.656210761883
5,10,0.3166974038620319,0.7873706127776965,0.728662921294619,0.07514896030179471,0.2757410748717362,0.04081843000958058,0.058720932489299896,0.03711390569391669,0.0,0.4,0.4,13,4555.215402175225,131116.28977856174
5,11,0.30536687982350874,0.7788227862802375,0.7179977848312544,0.09559549501284968,0.0709706107041244,0.04751927066085871,0.0492174604008366,0.05615610901576233,0.0,0.4,0.4,16,4350.684023844607,131344.20659696238
5,12,0.2974112904813289,0.79438675261074,0.7595839227330455,0.1072125504697526,0.040985367620217525,0.06335829088008524,0.0517646145921999,0.03618810848533498,0.0,0.4,0.4,17,4287.113675752175,150739.5684221392
5,13,0.2760520566198654,0.7726306081520878,0.7371278070865621,0.0997405365467113,0.028459529907056552,0.06455415123884875,0.025065652688351682,0.01871527490777905,0.0,0.4,0.4,19,4095.100934444104,80889.20857713198
5,14,0.26466514814008896,0.7752285633911362,0.7477221752397932,0.11582741935178915,0.1400714906383135,0.049334140827198905,0.053798645224726785,0.04151442583443419,0.0,0.4,0.4,21,3832.400646130841,117678.87760347864
5,15,0.2640933748067957,0.7746696794834965,0.747067657215056,0.1217294636535252,0.04202124764191441,0.049334140827198905,0.05379864522472687,0.041514425834434224,0.0,0.4,0.4,22,3867.389860235413,116585.6381323506
5,16,0.4649272311474551,0.9522303346452041,0.8941829721444972,0.35121852680794724,0.44529233563288545,0.08498363876985607,0.4374322901750398,0.2226814542477705,0.0,0.4,0.4,23,4398.821504038895,7714.384329694129
5,17,0.355514586144991,0.857776239591903,0.8182791348957689,0.2962891417937562,0.3426247899846868,0.09921029496487944,0.3145373299974918,0.1621868072525206,0.0,0.4,0.4,25,3676.6380233576433,8490.33696926804
5,18,0.3138253898261887,0.807584255609862,0.7631538160156666,0.2775072094145161,0.2699292679559312,0.08522554577504202,0.27623850621631607,0.1470211707467088,0.0,0.4,0.4,27,3659.8675349963696,6907.499380738474
5,19,0.2943064983847454,0.7876759267438488,0.7430509901520849,0.26705912029223927,0.15449010829179088,0.08393483230027782,0.2455815862980391,0.13074742112022325,0.0,0.4,0.4,29,3602.7315901820307,7015.434637508418
5,20,0.4564522266411255,0.9790615272276559,0.9713627807958075,0.44308358605271625,0.36272241967867375,0.058927464957926834,0.3764531284620142,0.42460564579098614,0.0,0.4,0.4,31,2957.6952957454296,11974.083405349404
5,21,0.3345761275722988,0.8556165101606111,0.8472164448207755,0.3278583489036091,0.21537947179556943,0.10273142622999198,0.34339172621106173,0.1592931594027061,0.0,0.4,0.4,33,3222.101368186577,14321.050167364596
5,22,0.23164848910919733,0.768498362833582,0.7833452387895884,0.24262348272758683,0.21994550961452342,0.06596952261560567,0.16762489159005484,0.10144867272487727,0.0,0.4,0.4,34,2994.381103713759,15212.76589277737
5,23,0.23090569202026479,0.7668963263965779,0.781403681001928,0.24605069410551605,0.11492836800832379,0.06470006409141857,0.16818472217638275,0.1018370285052288,0.0,0.4,0.4,36,2888.4215755843243,15105.104868880366
5,24,0.21120801175221113,0.7572692383233679,0.7843355214482567,0.24197698265450882,0.09876570437682611,0.06380765429081674,0.13980416658618494,0.08458863906933602,0.0,0.4,0.4,38,2974.5804315151554,14971.967237120338
5,25,0.2588737129733936,0.7862662911226695,0.7975656707150626,0.29535603348094214,0.2589535938018001,0.03023400778780886,0.2197233594634663,0.14555312425121586,0.0,0.4,0.4,39,3381.8501036321272,13449.210110959555
5,26,0.22019229322970976,0.741812810416478,0.7604965834407783,0.28502397629610476,0.23775468961474253,0.04851232077355283,0.1838584780138264,0.12426002607997708,0.0,0.4,0.4,41,3122.716227208226,14588.358496725788
5,27,0.20207150934493776,0.7106937059014227,0.7158236922590402,0.27459149450063314,0.11408485553666839,0.04962748933331003,0.15860549026647658,0.10780335582635839,0.0,0.4,0.4,44,3068.0262124023475,14787.182840545458
5,28,0.19988390374858903,0.7289007238518078,0.7594173845779234,0.28883369018440275,0.11431113536337575,0.04823262701579911,0.15821093170368433,0.10666210158069508,0.0,0.4,0.4,47,3123.6034708311017,14151.650597323776
5,29,0.1997229879871967,0.6949151455869035,0.686366283353807,0.23432750876406028,0.10853678573666872,0.04823262701579905,0.1582109317036841,0.10666210158069397,0.0,0.4,0.4,48,3123.5832867032573,14189.802676128074
5,30,0.257228249894067,0.7796631615879354,0.8082215454078376,0.3801947617270124,0.18750176291686357,0.052740339648012766,0.2747647346174266,0.1456009885981748,0.0,0.4,0.4,52,3541.8065943305146,23980.23915854096
5,31,0.25586577753733575,0.7761178077190103,0.8040425079454802,0.3867231104203054,0.18123733478414283,0.052949329691947836,0.27500640187681025,0.1457455593685513,0.0,0.4,0.4,54,3533.2193595547105,23978.38187382776
5,32,0.1382598630433643,0.6058679360750258,0.5795794687548638,0.23860680696199876,0.14573767976204877,0.09001363717931987,0.037780986004415665,0.10166494373108788,0.0,0.4,0.4,55,3559.691657407281,22861463.89607367
5,33,0.1374142234474657,0.5931558456226005,0.5636528320174609,0.24712607562605846,0.1929390265149756,0.08547294838530417,0.042223963555857016,0.11236815637435335,0.0,0.4,0.4,56,2916.276697790075,22860666.032216765
5,34,0.13012168289231696,0.5837899177878241,0.5537405872062797,0.2466572163735771,0.0668013018030417,0.0864560908710221,0.03801202245285265,0.10114121288618341,0.0,0.4,0.4,58,3016.9958006730485,22858231.66116668
5,35,0.14611554308294364,0.5972357460363217,0.5665202360414898,0.26363888924810036,0.10018767264908204,0.09514187290341594,0.04104181945016766,0.14145046392416716,0.0,0.4,0.4,59,3013.51575976648,22869643.05064789
5,36,0.1291820415561278,0.5730176619690556,0.5404307739778195,0.2663177703744155,0.13600757058995788,0.09069384139092894,0.04807857770628894,0.10118695974024436,0.0,0.4,0.4,60,2953.583139657777,22859475.19945782
5,37,0.1279998275173233,0.5691309095241084,0.5358603301538805,0.26945167484977645,0.07375250073448561,0.09101103974579364,0.04821927605390463,0.10130945005954,0.0,0.4,0.4,62,2939.821029950609,22866500.02378117
5,38,0.1291404446011083,0.5696036805134408,0.5361651757618142,0.2742094936054814,0.06810935726730569,0.09185110416677772,0.0484748539197987,0.10468700738364371,0.0,0.4,0.4,63,2939.0492084148614,22867552.64378643
5,39,0.14104807493956856,0.5903777019807644,0.5693544888488542,0.2965577922884631,0.09811828267377692,0.09867906626500472,0.0507454910470041,0.13488366296943044,0.0,0.4,0.4,64,2934.7477410782026,22876160.726402137
5,40,0.12654015718702943,0.5733727382102769,0.5517288167002175,0.3000092963542067,0.06931007953901916,0.09094490453828746,0.04861039944767279,0.1035666243365975,0.0,0.4,0.4,67,2918.728365884042,22866069.619954266
5,41,0.11410569913472399,0.5685572447105733,0.559030381716236,0.3043501768179923,0.059023968414342036,0.09064692904512525,0.04057031441394891,0.08445511535016126,0.0,0.4,0.4,71,2857.2301181043813,22801866.859390013
5,42,0.11779952149764195,0.5821103500641284,0.5852546021929773,0.3161230177738632,0.06102270734117974,0.08968196976589603,0.04439856894341515,0.0913092744106158,0.0,0.4,0.4,73,2864.5523218951,22797285.00787735
5,43,0.11730421472800417,0.5804125722200482,0.5832631141449478,0.32299277298215584,0.06031482112256821,0.0897251422826548,0.04450621421840937,0.09124498152866464,0.0,0.4,0.4,75,2854.774213817626,22804854.42302589
5,44,0.11194867377596215,0.5613178425008349,0.5505524411876624,0.32844726561532056,0.05837372110709327,0.09192672347501152,0.04049494204309777,0.08451150903450506,0.0,0.4,0.4,78,2717.930975053957,22798776.35794572
5,45,0.11768090108134668,0.5533584481705102,0.5289942929598099,0.3320710849749317,0.08099379945950105,0.09283056306227712,0.04691860251994839,0.09493226117490869,0.0,0.4,0.4,79,3013.6138456593035,22809752.90192647
5,46,0.19987170728432171,0.6348593861096571,0.6103297180658191,0.43846013363857733,0.1401737049423004,0.11040167640224881,0.03720192309805992,0.3108191550267369,0.0,0.4,0.4,86,3332.4228538271864,110916982.91564412
5,47,0.19436866958441484,0.6019595088256813,0.5502394634646041,0.4206740149442211,0.18417038982140593,0.11173521841862974,0.03823584337590134,0.30091875954941305,0.0,0.4,0.4,87,3318.7788527761345,110820108.61814617
5,48,0.18233164922876155,0.611505205719948,0.5855907603337329,0.42561995270766007,0.13190493239238751,0.1109206017715407,0.03479274574777474,0.2750577585025712,0.0,0.4,0.4,88,3238.4595210467,110787426.37888391
5,49,0.18289183784945756,0.5987416267501235,0.55932655177994,0.4235411890393951,0.14569714995591596,0.11142427429133558,0.03515268712375627,0.27809993800545507,0.0,0.4,0.4,89,3350.1537987390234,110940878.42673048
5,50,0.18277827342262137,0.6095281374570073,0.5830420855825315,0.4338148170331113,0.126758462396748,0.11142427429133565,0.03515268712375606,0.27809993800545485,0.0,0.4,0.4,91,3350.314330284696,110935427.2493574
5,51,0.18755845527799422,0.602615803638358,0.5630144492232263,0.4425527473038154,0.13260322632070198,0.11233099935702928,0.0348366584873646,0.29082103130378417,0.0,0.4,0.4,93,3325.929359067998,110823350.68980904
5,52,0.34750060165615315,0.7960427613162849,0.795412902290758,0.6201416998875582,0.2915017456328812,0.11217906576768133,0.053086124633074404,0.6725478609767582,0.0,0.4,0.4,94,3418.765235414948,110856651.32001242
5,53,0.5097474987940295,0.9841657406534549,1.0207357918619857,0.8338345966633544,0.5287475156665218,0.08984854262405811,1.0,0.13820833307455396,0.0,0.4,0.4,95,4537.889149272063,841080029.337857
5,54,0.18700718881417527,0.5922264950975077,0.5503386870285828,0.4584374960328951,0.15175908639326824,0.11377880446669657,0.039786631777108825,0.2932752431588543,0.0,0.4,0.4,96,2934.1653784188265,110780236.87215474
5,55,0.5015818937760254,0.9722181572390404,1.0288913122399628,0.8381355880427228,0.5663706811376717,0.08703376989614761,1.0,0.13841763794653922,0.0,0.4,0.4,98,4651.557587614108,841027448.550568
5,56,0.501129057442506,0.9816614828297978,1.0510475534011865,0.8672418935335993,0.45723962421762643,0.0870614816813586,1.0,0.13821226593532174,0.0,0.4,0.4,104,4703.202610073893,841010571.3207535
5,57,0.5007873196592795,0.9801851504571762,1.0493224383223514,0.8745244653283702,0.46033373449222964,0.08824545055516833,1.0,0.13815400943863315,0.0,0.4,0.4,106,4781.548665314648,841011085.1845518
5,58,0.4994285984040804,0.9852412776172548,1.066333439823287,0.8925200501087714,0.4765417556625794,0.08728991859720893,1.0,0.13804761980018043,0.0,0.4,0.4,108,4688.804156014713,841014530.8183553
5,59,0.49908593612496865,0.970249136813137,1.0375934035959191,0.8926905789387297,0.47103878213122463,0.08670622921252198,1.0,0.1394891125170957,0.0,0.4,0.4,110,4698.466488126129,840984807.618557
5,60,0.49395828299437994,0.951188078324153,1.0049423541174474,0.9140069266011616,0.47543903298826984,0.0899491194097984,1.0,0.12845199596707163,0.0,0.4,0.4,111,4680.934170039189,840961369.8954703
5,61,0.4910992090345806,0.9728365824590324,1.063642727885842,0.9538647876197638,0.4667000537738065,0.0890407090276347,1.0,0.12700200523093166,0.0,0.4,0.4,116,4663.642787003328,841029449.0462215
5,62,0.4902896893931274,0.9566397276570185,1.0335574539608365,0.949775810028553,0.4630800573433083,0.08731786194566343,1.0,0.12748243564265851,0.0,0.4,0.4,119,4565.104807176854,841010563.8068736
5,63,0.48921395709172,0.9753757973627806,1.0777462268021607,0.9718136222563362,0.46167163554322027,0.08777682073411226,1.0,0.12630458337931064,0.0,0.4,0.4,121,4691.761698062006,841014956.6231589
5,64,0.4891785456406406,0.95280172610085,1.0291437491724553,0.9675612075312521,0.4516314409862309,0.08751566285513328,1.0,0.12629120614196696,0.0,0.4,0.4,122,4688.466618960776,841024056.500603
5,65,0.48875983127344635,0.9610780167966405,1.0498920538095846,0.9752816660894931,0.4722567122247795,0.08739469760832402,1.0,0.12668584750504547,0.0,0.4,0.4,123,4560.904990765925,841006269.9181144
5,66,0.6103379445555182,1.0561384935182094,1.1501907195132828,1.1036921534960502,0.8963938155734724,0.12083450892476093,1.0,0.4496407774969029,0.0,0.4,0.4,124,3816.36328182084,146890859.06153852
5,67,0.6229575606981805,1.0728158310224676,1.178431216040215,1.146011532887931,0.6054506141655398,0.11498413676115371,1.0,0.484308323097728,0.0,0.4,0.4,129,3845.073477894325,146883365.26506147
5,68,0.6081425314159355,1.0548926175522653,1.15988573940984,1.1546287871608778,0.5878895210373289,0.11956261293760077,1.0,0.4485840762752855,0.0,0.4,0.4,132,3672.172338267895,146891274.87456733
5,69,0.6077248226845822,1.0535584076340918,1.1583683475784072,1.161759943682164,0.5829026554973081,0.11736342092930611,1.0,0.4479224408391316,0.0,0.4,0.4,134,3760.711609459637,146884952.4868696
5,70,0.6074848552180326,1.0637489153708677,1.1814048553327914,1.1736903064635915,0.5853651594931614,0.11726999639422624,1.0,0.44764414638278066,0.0,0.4,0.4,135,3774.5357091899846,146882549.8311124
5,71,0.723004511063311,1.1651380418195714,1.2692098752625838,1.2884987672180928,0.718869234787336,0.15137610934869572,1.0,0.7376461549566155,0.0,0.4,0.4,136,3708.802363571637,66195637.28817078
5,72,0.8538087029691154,1.4619547345066364,1.6542951014755558,1.475167131060608,0.8054696813098299,0.09117714609270341,1.0,1.0,0.0,0.4,0.4,150,5337.960769404832,840947674.72892
5,73,0.8480664726472349,1.4371019245079313,1.6251860766857593,1.4806077988510067,0.875756992160286,0.09418780527681483,1.0,1.0,0.0,0.4,0.4,151,5149.020297161855,841094467.5818121
5,74,0.8421069914122469,1.4096815652510641,1.5930698122376432,1.4859056042433267,0.8720458180376726,0.09419571961969923,1.0,1.0,0.0,0.4,0.4,152,5035.690743929325,840960301.6135005
5,75,0.840685473821345,1.4024889054534775,1.5846453942731276,1.4891322723736051,0.8371080416434005,0.09661396799827382,1.0,1.0,0.0,0.4,0.4,153,4955.755170091802,840954502.3299211
5,76,0.8443247669795201,1.431554800840976,1.6297706555718152,1.4991069166938589,0.8460531163191924,0.09538630321660704,1.0,1.0,0.0,0.4,0.4,155,5467.2895395669175,841000627.4698942
5,77,0.8441211794700566,1.4305782499445434,1.6286269058285372,1.5107802477701648,0.8023111124645805,0.09593265931296394,1.0,1.0,0.0,0.4,0.4,157,5469.059414467341,841002548.1535137
5,78,0.8419205722759626,1.4311653430429936,1.6403962225747102,1.5131094310374542,0.821736281322721,0.09580892354003093,1.0,1.0,0.0,0.4,0.4,159,5433.628007140162,840954650.9373952
5,79,0.8434263849415267,1.449662365904833,1.6731426615701528,1.5300800273889301,0.8045645849576291,0.09506923359964921,1.0,1.0,0.0,0.4,0.4,163,5469.897454326581,841002225.3190068
5,80,0.8425505136603635,1.4454239777267066,1.6681784294218285,1.5420835888576083,0.825625512345572,0.09556358175861099,1.0,1.0,0.0,0.4,0.4,165,5470.219638830355,841000621.8468442
5,81,0.8429507669007981,1.4474087080062388,1.6705030674750012,1.5541034038331332,0.8013752651887167,0.09529498104767016,1.0,1.0,0.0,0.4,0.4,167,5483.641493559744,840994178.3182288
5,82,0.8539073504245195,1.4836135802463861,1.7018265613191197,1.5514414231339404,0.8384119716055294,0.08373468557606253,1.0,1.0,0.0,0.4,0.4,169,5900.442847630609,1813971830.0815637
5,83,0.853010841274858,1.4913523015921522,1.7219722652334064,1.57577484634158,0.8494454722976001,0.08184697937973742,1.0,1.0,0.0,0.4,0.4,170,5936.967371123899,1813974664.575254
5,84,0.8511781918324705,1.4839206330142418,1.7132678644707404,1.5831882152488417,0.8230507959156821,0.08306029233908438,1.0,1.0,0.0,0.4,0.4,172,5876.962020987418,1813982369.5828
5,85,0.8494268079262306,1.4877572539293054,1.728843424984229,1.5946460532081908,0.8151961404371488,0.0846513420547169,1.0,1.0,0.0,0.4,0.4,174,5838.269550367737,1814042426.517012
5,86,0.8499993906951281,1.4791269511891243,1.7076532480957298,1.6072117396067505,0.8371229891275037,0.08646984845756213,1.0,1.0,0.0,0.4,0.4,176,5798.984410338582,1813876119.93422
5,87,0.8496598728324021,1.4888529672863142,1.7301265427760826,1.627552780805967,0.8001048264105306,0.08646984845756214,1.0,1.0,0.0,0.4,0.4,178,5800.8820104547,1813882620.4021611
5,88,0.8541202338826568,1.5295868678523359,1.7999999999999998,1.681535043822271,0.8000195426636747,0.07898874710115265,1.0,1.0,0.0,0.4,0.4,190,4495.70035082023,14820.40469252616
5,89,0.8530434524567827,1.5256218523778853,1.7953559075451784,1.6771331219687484,0.8187129876886718,0.08109007126075476,1.0,1.0,0.0,0.4,0.4,191,4456.353126187021,15044.331420684755
5,90,0.8527191195447993,1.52397238405702,1.7934239803068484,1.6810130317846768,0.8460125959627647,0.08272411181966732,1.0,1.0,0.0,0.4,0.4,192,4479.263640473443,15154.16205954157
6,0,0.9646302106311722,0.9919586709709902,0.9416077403596876,0.012028603597799217,0.0,0.0,0.0,0.0,0.0,0.4,0.4,1,1347.1691016899426,8216.98775085299
6,1,0.9425091572933978,0.9868472080113748,0.935605593547806,0.015036053038100147,0.018253034360605505,0.052450937713635196,0.00010509115076175,0.00011897876605684,0.0,0.4,0.4,3,1341.80318662831,8239.858363615698
6,2,0.7975520821504398,0.9934204847777625,0.9465326740383685,0.07290557616739742,0.3985907284048504,0.11395097522842364,0.0399646599349393,0.07490589158956878,0.0,0.4,0.4,4,1248.596089582216,44668.34011157035
6,3,0.67804124885846,0.9813696991409878,0.9255293801782518,0.09663470411251587,0.45818933836376063,0.06433498715060723,0.10104030911537949,0.1143926126358524,0.0,0.4,0.4,5,1282.749269164623,6439.282240658859
6,4,0.5520759800705344,0.9163639467397708,0.8528447576341189,0.09341083064677791,0.21912781785492683,0.0991296743248014,0.10336417275848912,0.061649571444215054,0.0,0.4,0.4,7,1416.1717732584932,5393.393186140242
6,5,0.49245057586163743,0.8984893832274953,0.8429814651125437,0.09305273418459961,0.26954828528381075,0.07186239832136733,0.07050248502550975,0.09464925459488768,0.0,0.4,0.4,8,1058.5915193191315,40953.47374054111
6,6,0.4606326500972551,0.8711759879839114,0.8148077299336389,0.07419243239077691,0.07885512211757245,0.09571200201340246,0.03853333744660907,0.07089398774338844,0.0,0.4,0.4,9,1086.6891100351525,6502.772056229416
6,7,0.43988686893324347,0.8532919514958437,0.7963550291925985,0.0698213061482651,0.040803847977809275,0.09260924265559932,0.025720351207119557,0.04729850568874539,0.0,0.4,0.4,11,1065.566741399091,6388.428698502228
6,8,0.4325989405753611,0.8508460391276103,0.7929026413964351,0.07419456283845682,0.07368336910792436,0.08696471036130063,0.02838869443355827,0.05320809583433632,0.0,0.4,0.4,12,1071.570150236836,6176.258820247997
6,9,0.44380541962246106,0.8633305222045938,0.8051112885934414,0.09342654350700663,0.05798045814075024,0.06995760092255811,0.05294512727623292,0.06388909155439126,0.0,0.4,0.4,13,1223.2886564473993,39506.07846953344
6,10,0.40487816972720353,0.8311247055800816,0.7713751682871877,0.07358115521606104,0.08587609901076096,0.09534098497651872,0.022108500536870877,0.03655071879472752,0.0,0.4,0.4,14,1066.364886908645,6250.726604149906
6,11,0.3495926772591719,0.8090949608268176,0.7558721447700714,0.08734411990461881,0.16030858759782735,0.08276675388173126,0.033339912111045686,0.03673785478631824,0.0,0.4,0.4,16,1150.643899190881,39491.374763334985
6,12,1.0325905685892285,1.4811107997355544,1.4147670434625517,0.7795607745699604,0.7126986325024091,0.16236488277083566,0.7798866087142526,1.0,0.0,0.4,0.4,22,790.2778639420325,103420985.57414784
6,13,1.0122772297689475,1.4778372709981311,1.421992604381638,0.7848729151318067,0.8140532435670553,0.1626302158678379,0.7802070030761914,1.0,0.0,0.4,0.4,23,734.5705906724946,103421554.15532738
6,14,1.0208278743321202,1.4757816550803038,1.4066391270135146,0.7946438525426516,0.735047084472745,0.16241078504233517,0.8074196310218056,1.0,0.0,0.4,0.4,24,775.0268846860771,104662693.81425647
6,15,1.0086029245829784,1.4751376763251542,1.4188124367892518,0.7905598965894487,0.7197222793046352,0.16329336718545548,0.7804739840779827,1.0,0.0,0.4,0.4,25,725.6404905409217,103425372.38743392
6,16,1.0109284301955905,1.4775105125862367,1.4211557314981267,0.791876567578738,0.7158807009237089,0.1626270069182662,0.7868364785965463,1.0,0.0,0.4,0.4,26,725.9415131381295,103486917.3576418
6,17,1.0120282323957603,1.4804493364619122,1.4231106342843072,0.812914422044736,0.7434817629061377,0.14606122767709695,0.8085471453522229,1.0,0.0,0.4,0.4,28,710.7283711661908,103552724.2299913
6,18,0.30197194641215647,0.7891723535642944,0.7382889890722232,0.16642723352284883,0.14813008088318252,0.05575142356565958,0.07175142030787598,0.07613735283733439,0.0,0.4,0.4,31,858.0976470199382,332361.6680819966
6,19,0.3539506804644291,0.8525928669963426,0.8142728624252806,0.2271365998352852,0.11987101219540919,0.03813245723582317,0.18855130862914468,0.096260846983933,0.0,0.4,0.4,34,783.0691003809536,2760680.2840503408
6,20,0.306762685826225,0.8059761333415424,0.7661637912554345,0.19995211524323256,0.10645062631647717,0.03990282110135577,0.12481112006451149,0.06524439013318818,0.0,0.4,0.4,36,765.1876352719921,389565.653495873
6,21,0.30562850629892274,0.8269849718862436,0.8089250178801972,0.2317594262262164,0.27271481067880055,0.04080822047350498,0.16407571827451276,0.08450446215989574,0.0,0.4,0.4,37,747.8226056313441,2893852.0613173167
6,22,0.30089340135218917,0.8105607177923424,0.7784281358370315,0.2354525470794277,0.14418290217632246,0.04060178251645326,0.1655721113028316,0.08560543079637786,0.0,0.4,0.4,38,796.4340646310869,2767895.360539624
6,23,0.2968959337654149,0.7948585670268562,0.7487959310120155,0.22414749901225547,0.13969309110068304,0.04178433718011375,0.16626450962625156,0.08723757540239843,0.0,0.4,0.4,39,875.0759250824531,2769448.190060781
6,24,0.30364009591186275,0.8124648880927906,0.7789286432265089,0.24261372574030893,0.11697452956635798,0.0790007928710914,0.12070561674686904,0.15572333634364308,0.0,0.4,0.4,42,957.9203357111772,273881.85192823235
6,25,0.25443774521214035,0.7786763360833381,0.7648872921370343,0.2358327689378754,0.34568728072588606,0.04134940021861787,0.14948852823667352,0.07774292829120064,0.0,0.4,0.4,43,712.4274290733512,2882794.9491026704
6,26,0.2514856961728051,0.763880317344053,0.7366677426881957,0.23780027836075207,0.10701935461228639,0.04061750958051521,0.1477605128996047,0.076666161922944,0.0,0.4,0.4,44,816.0983096468162,2767367.562689167
6,27,0.2332517250756891,0.7592626816675678,0.7531352905834879,0.2389613476511269,0.2925313526907229,0.04497127863080585,0.1511428692664161,0.07748044483735302,0.0,0.4,0.4,45,691.9119551855094,2887790.844251926
6,28,0.2297337582253854,0.7308068975637675,0.6974907495603138,0.24373855406491313,0.14055143701298764,0.04071609563501052,0.15119878117845437,0.07964478301726206,0.0,0.4,0.4,46,997.375241368352,2765698.0863983296
6,29,0.21544982374892543,0.7250940714937121,0.7035903828738148,0.23866202836270192,0.13093742303819178,0.04399314728050353,0.1349729983218919,0.07092157986436058,0.0,0.4,0.4,47,803.2334682985136,2888568.1661403514
6,30,0.21113522105885396,0.717184677667408,0.6941693759048528,0.24428268493315725,0.1444213118483408,0.04359976831665771,0.13621191389922035,0.07197475070307505,0.0,0.4,0.4,48,964.1255044669304,2764482.0188059374
6,31,0.21008241414869466,0.7158222893138658,0.6926634060529887,0.24487890183716582,0.08907222058961342,0.04576718810179165,0.13507658763307068,0.07180098926897391,0.0,0.4,0.4,49,807.1280111320631,2888243.53941772
6,32,0.21011299710464743,0.715326214310182,0.6919672980890526,0.2510367236727266,0.09111561544126079,0.04358381866342944,0.13634255514170174,0.07221448550005229,0.0,0.4,0.4,50,968.2987771513478,2764399.6134127597
6,33,0.20633936504041006,0.697350983846243,0.6597917136482905,0.2550909897697542,0.10814587485254215,0.04217963523268783,0.1362975446967194,0.07284806186996624,0.0,0.4,0.4,52,968.1487177106944,2770025.203261249
6,34,0.22813973686594696,0.7382569450738352,0.7254296540621783,0.30045904386845873,0.12251823059565795,0.0821836477004872,0.11165652482895791,0.16225713162742458,0.0,0.4,0.4,56,766.010228125396,283003.58731923613
6,35,0.255872965089135,0.7590451977211362,0.7529728926530228,0.3525090584852281,0.2829274220899647,0.09602385686058544,0.12117700847553323,0.2678685126484769,0.0,0.4,0.4,58,864.917538907602,384376.5183987196
6,36,0.2285070209582408,0.7090818915532681,0.686508895925568,0.36232629112959747,0.20871856475567302,0.08202744185463172,0.12370317623790442,0.21954034391563257,0.0,0.4,0.4,60,813.5026310199794,405411.31774480006
6,37,0.30883127343328864,0.7663074983409363,0.7372648502491888,0.4442101778537707,0.4960480922731646,0.11085943985798026,0.12988875530666208,0.4508622978266835,0.0,0.4,0.4,61,981.3770336264892,403126.8284782436
6,38,0.28346858891479293,0.7403229793977706,0.711114908153444,0.4224994248121449,0.21065815648281594,0.10398178765833772,0.12872577193384277,0.3894792889517699,0.0,0.4,0.4,63,945.777663589898,403779.8452371492
6,39,0.28319674135799666,0.7507596961386003,0.7344206710222527,0.43210187476826073,0.2099583613553106,0.10398178765833772,0.12872577193384277,0.3894792889517699,0.0,0.4,0.4,65,954.5375491090967,404087.0017411215
6,40,0.28705435068503027,0.7385806094560156,0.7079621866473881,0.44954278956530414,0.2666351991119536,0.12239583137947443,0.0991457866740444,0.43529178452925466,0.0,0.4,0.4,66,1079.3383049601794,403074.0899065568
6,41,0.27169630075267454,0.7424486857775991,0.7370127956009074,0.4432095719755867,0.2164728388985067,0.11559456951587796,0.17001154168893923,0.3300227789722783,0.0,0.4,0.4,68,971.9047132690214,369789.7220210833
6,42,0.2716963003944429,0.7536530340655122,0.7612178232128517,0.45655890913017205,0.20001389755639226,0.11559457036157653,0.1700115408582629,0.33002277887156334,0.0,0.4,0.4,70,971.9047112516556,369789.7069027673
6,43,0.2506839915437552,0.7402227299684693,0.7598478396415161,0.45752580479580995,0.2005615939484331,0.11748580014677781,0.15551629565941144,0.29665473609411325,0.0,0.4,0.4,72,1192.1940579894913,354718.92173399945
6,44,0.2684717955100867,0.7663098466161252,0.7982128614739434,0.4726495099474416,0.2141395352143245,0.1163189769468466,0.16916721824184455,0.3307592611949616,0.0,0.4,0.4,74,1012.0895872763838,346706.8756090183
6,45,0.21957646518823404,0.6908836113007047,0.6957338441561127,0.42603359597697144,0.19766002125661652,0.12100072246829949,0.13920797577750008,0.24352943412580724,0.0,0.4,0.4,75,956.7748994366968,373609.5668769524
6,46,0.6858345430753141,1.1333180781655143,1.1118357714101839,0.8932817858304997,0.6315641995923562,0.11664212294425365,1.0,0.549683624003715,0.0,0.4,0.4,76,999.0095363669012,405372.09642297926
6,47,0.21667628026895885,0.6811575123384346,0.6843378514087796,0.4324717647796378,0.20830738685462663,0.12093234460820376,0.13923090185720954,0.243568275620785,0.0,0.4,0.4,77,940.1031131230042,374115.79028886737
6,48,0.21296067409139902,0.6631259124830136,0.6628768955158455,0.44360059352021675,0.2015742195161701,0.12004407615344057,0.1433575742809182,0.24442451418411398,0.0,0.4,0.4,80,945.9903619197028,391478.4959149016
6,49,0.21085451294491242,0.6662913801476368,0.6776547101375558,0.4566285320083172,0.18341997605393046,0.11995750302899819,0.143419116476998,0.2445285167402222,0.0,0.4,0.4,82,924.7483757833144,392250.4792587569
6,50,0.20413868108246425,0.6286426333494344,0.6120395410548649,0.44991223461659285,0.1915114248366459,0.1186711727746802,0.13681192984870444,0.24172774602580976,0.0,0.4,0.4,84,980.8776414844126,394135.9043760836
6,51,0.21724868232990865,0.6615865825106568,0.6703977871784852,0.4847072370516197,0.177331954385623,0.11681768424488033,0.14333700300347757,0.2701061385906654,0.0,0.4,0.4,86,953.7683113432548,122574.32218604696
6,52,0.3095442748506684,0.7164903701217896,0.6854436457700829,0.5794024256582525,0.29380740556582235,0.11731581977150014,0.2466466232269743,0.400586128701676,0.0,0.4,0.4,87,1001.8611640814712,67159.37994071424
6,53,0.20498945088580478,0.627582877080136,0.6210201034438155,0.4781586676308529,0.21835681953242553,0.11306276456157975,0.14776144761165794,0.24333017214078317,0.0,0.4,0.4,88,967.649571090404,131982.92390529433
6,54,0.26420264113961933,0.6516008389115143,0.6056772773300089,0.5498507529860104,0.23173992443460284,0.1183686315017746,0.20693289837345183,0.3334788762819476,0.0,0.4,0.4,89,965.4428082983662,66334.91494532344
6,55,0.25882512839322536,0.6386477226406895,0.601618764512092,0.5439040903005979,0.38247991258432823,0.1182111115029699,0.20614618056326722,0.3338096236451631,0.0,0.4,0.4,90,1044.5826287978252,66891.99806718824
6,56,0.2585966841711945,0.6346895504652058,0.5968577132898214,0.5548157293233482,0.24945137135730025,0.11784754808130674,0.20707091643065967,0.3347090938850084,0.0,0.4,0.4,91,1046.3606798518774,67348.98089795609
6,57,0.25701154403175913,0.6289966497661127,0.5902854197580549,0.5537883270662596,0.25205482789127365,0.11792860385565851,0.20630713709816567,0.3340796499965276,0.0,0.4,0.4,92,1047.2368556944634,66805.78553955979
6,58,0.28741521495393996,0.6535456747723705,0.613589814913034,0.5563996404653753,0.29871241232906987,0.12990988283214325,0.20900343837132546,0.410925194593068,0.0,0.4,0.4,93,1153.4510419895964,66635.26528476637
6,59,0.24650891520245416,0.5954160991172841,0.5518507849884889,0.5531174668080087,0.3582321196382618,0.11658908643872037,0.20606786043340158,0.3212260454721094,0.0,0.4,0.4,94,1023.2030448526288,106874.4848429965
6,60,0.2462060220591627,0.5950363923790277,0.5514551607996605,0.5492517824688458,0.2112806033258312,0.11649876071569634,0.20557939803219058,0.3209977531458776,0.0,0.4,0.4,95,1023.356118418005,115068.40228352044
6,61,0.2443514053637481,0.5839269896322158,0.5384364397724815,0.5589782195187485,0.24961459217796536,0.11752136233490515,0.20563551257271637,0.3210405219073336,0.0,0.4,0.4,97,1022.6388075690433,114901.68929350744
6,62,0.2682115747914278,0.6360909742946703,0.6285121043167454,0.6302600005149672,0.24687428031211675,0.13398061423556706,0.18985222508099878,0.399113276778876,0.0,0.4,0.4,101,1185.556558561669,73684.37754787007
6,63,0.26715184814343446,0.6404880178005089,0.6447439544827076,0.6256149212243193,0.25892366728780175,0.13398061423556704,0.1898522250809988,0.3991132767788761,0.0,0.4,0.4,103,1166.415128944635,74070.06127992574
6,64,0.26706547142598974,0.6511375857083657,0.6682989263197321,0.6363537790752343,0.2375195199545907,0.13398061423556706,0.18985222508099878,0.399113276778876,0.0,0.4,0.4,105,1154.9872163680036,74353.79078155819
6,65,0.19148790318663622,0.5190970114971358,0.47116612082758114,0.5359321692766883,0.16374340453010555,0.12179277865727962,0.14876597704128305,0.25145904597530466,0.0,0.4,0.4,106,1113.9216927403247,73669.42270699341
6,66,0.19552749963639462,0.546083228538301,0.5349828282957222,0.5661197303636192,0.2592343606361758,0.12083658080056725,0.1569333786227422,0.25842016239107785,0.0,0.4,0.4,107,1109.4698498224118,73585.90135739624
6,67,0.18597135267152404,0.49286239398440124,0.4515513221602144,0.5578589400309095,0.32706343190275505,0.11660001477350176,0.14878579907780493,0.2509902662110061,0.0,0.4,0.4,108,1081.7685230989491,73721.18444285894
6,68,0.1961763726818687,0.521628261975884,0.5055603985851651,0.5828312710529707,0.20160778090915277,0.11957627030040056,0.16353591432025386,0.26319535456257526,0.0,0.4,0.4,109,1089.830912735733,74307.8284376035
6,69,0.18225755019277007,0.48189843841580793,0.46080169569048857,0.5697681342770723,0.3654552443334169,0.11858659466366968,0.14921184636121196,0.2516050085867489,0.0,0.4,0.4,110,1148.007769365306,74118.66128861136
6,70,0.1801403386501113,0.46224592417493215,0.43778109833451756,0.5716950173072304,0.2290274299791742,0.11965838708700505,0.14923767705239316,0.2516160844646439,0.0,0.4,0.4,112,1151.92920212484,73987.22814767889
6,71,0.1798281617947025,0.44575390312837504,0.4073394508583927,0.5752050306053665,0.17991391738483997,0.11977762590111614,0.14945552312952196,0.25203447164220727,0.0,0.4,0.4,114,1152.9806767589116,73837.68815614707
6,72,0.17832148155596786,0.43127622216310757,0.39039864180026895,0.5627214731866275,0.26112064334704344,0.12234182019939273,0.14940048340037787,0.251852196766384,0.0,0.4,0.4,115,1145.3990056562066,75544.69110253561
6,73,0.17637203287608397,0.4156993813462309,0.37225225155813924,0.5681492758123604,0.212287328448252,0.12110350231725212,0.1494597515451502,0.25035921988221627,0.0,0.4,0.4,117,1104.5078524893904,74416.45815517347
6,74,0.17561781934210996,0.40688820801340436,0.361929946640249,0.5747328192897714,0.19073821863798915,0.1212854848851227,0.1494784769111274,0.25037343063417467,0.0,0.4,0.4,119,1119.0665764458274,75188.37865773466
6,75,0.1746605055983082,0.39777558952897696,0.35129333691876685,0.5847693073941074,0.22181560576368436,0.12198843416748859,0.14931493709316468,0.2500026453152152,0.0,0.4,0.4,120,1132.4305201422776,75896.56060158683
6,76,0.21275779355240626,0.3638559710400574,0.3260610010908719,0.6427047151171927,0.9106730459894035,0.12562106743989795,0.20235034941166616,0.30889139007335126,0.0,0.4,0.4,121,8655.067421216248,78380.6566283319
6,77,0.21234191418174148,0.35338813624672283,0.31377902827742404,0.6531003551845956,0.2786633857315656,0.12551798807154937,0.20249562585354547,0.30905811822777757,0.0,0.4,0.4,122,8689.172447851011,78113.8819199951
6,78,0.2120655424258495,0.3528520994917198,0.313196302180794,0.6528097953848622,0.2052815348726829,0.12476174896904288,0.2029666265232477,0.30792917519381124,0.0,0.4,0.4,124,8555.055741430027,78364.75686409659
6,79,0.21219626194033483,0.3616294940833004,0.33451363437436943,0.667913636488428,0.22333363200951645,0.12551798807154937,0.2024956258535462,0.30905811822777757,0.0,0.4,0.4,125,8635.885759295388,78311.96542801347
6,80,0.21232517587210178,0.35006395801699286,0.30985866673175555,0.6604388772376887,0.2087779571244739,0.12537319677656153,0.20272593615724732,0.3092203251268687,0.0,0.4,0.4,126,8682.90056807857,79106.3898532933
6,81,0.2269348371871249,0.35038235492051756,0.3076082425625979,0.6853158226303586,0.32449411266035055,0.12612426970242924,0.2175279971722562,0.3327149562577921,0.0,0.4,0.4,127,8511.991630918725,79211.96314502535
6,82,0.2266035433234051,0.3566570346936412,0.3260583873687565,0.6888054659641848,0.23686029462624136,0.12626311812791863,0.2173117868395015,0.3326510366124544,0.0,0.4,0.4,129,8419.804871539774,77313.53517033267
6,83,0.5297838579248628,0.662893349479697,0.6438357606958948,1.014538864716311,0.582959940764977,0.12462470573619885,1.0,0.3088505083036705,0.0,0.4,0.4,130,8502.933031533217,77290.72629089514
6,84,0.21036718041644165,0.33117473828612026,0.29892005422240975,0.6911266778984071,0.2121848296166571,0.1274460124445352,0.20180895748845762,0.30862340146956213,0.0,0.4,0.4,131,8510.634919230937,79332.99210515509
6,85,0.529238870176634,0.6432857450482008,0.6098219805534846,1.0247554646015078,0.5480717912480148,0.12590388835888486,1.0,0.3083609221891237,0.0,0.4,0.4,133,8442.421475351022,76175.3791655753
6,86,0.5209444489314828,0.6520007944917565,0.6435739526252322,1.039548856011728,0.5544524040284133,0.12512562787571035,1.0,0.28820169276832464,0.0,0.4,0.4,134,8535.757193331141,81328.70076035468
6,87,0.5289677248983182,0.639799580858997,0.6167633154083086,1.0543416404529318,0.5455471754442583,0.1276760388739458,1.0,0.30919432280557424,0.0,0.4,0.4,137,8476.924832951674,77762.42092590309
6,88,0.5060757134096351,0.6207798059272487,0.6204471527805732,1.0502175836947414,0.5687457941148292,0.11954090801304648,1.0,0.2537614851745363,0.0,0.4,0.4,139,8315.89444617992,77463.85394504984
6,89,0.5058683689092742,0.6277725821866694,0.6397293623871219,1.0614567166970166,0.5159439795040035,0.11978216334986383,1.0,0.25361075821241075,0.0,0.4,0.4,141,8302.591895385378,77079.50720721099
6,90,0.5055885475637072,0.6074321413814089,0.6048178042759619,1.0605923305762894,0.5655307954458902,0.1198963574117752,1.0,0.25369968474183147,0.0,0.4,0.4,142,8262.239277191293,76966.50525422285
6,91,0.5054072803019634,0.6140028556777473,0.6236002258432317,1.0757926663363118,0.5094950653314247,0.12009436768208148,1.0,0.2536305050380816,0.0,0.4,0.4,146,8401.47960803878,77871.58243925034
6,92,0.5051671729871,0.5984594851389443,0.5943305727889971,1.0906483356720347,0.508748460006071,0.1189495339794839,1.0,0.25337657002166325,0.0,0.4,0.4,150,8329.465366621906,81724.2143204876
6,93,0.497315839180068,0.5786459819416574,0.5724018338805141,1.034809376475785,0.5370260911442722,0.11120565687646733,1.0,0.2347211906667368,0.0,0.4,0.4,152,8281.91520166061,76139.75073291003
6,94,0.4968246852659218,0.5375523441982404,0.502096961004179,1.0939510425098826,0.5594064006802751,0.11123862527539416,1.0,0.23487114413901442,0.0,0.4,0.4,154,8311.808037393615,76344.0965241031
6,95,0.4962050771506029,0.5301687068528118,0.4935219761056913,1.1042873844777557,0.505669235344498,0.10990150695293646,1.0,0.2338049402642282,0.0,0.4,0.4,158,8300.641497869636,77541.90839982513
6,96,0.5074739756082679,0.5322632954662612,0.5381426637703164,1.1460216948825206,0.6027443133661301,0.11770000556778201,1.0,0.265326821277764,0.0,0.4,0.4,162,8391.643824326673,82762.58911073356
6,97,0.5070378328372467,0.5232431851153742,0.5386637657336032,1.1641732831430507,0.5413777026410126,0.11709954639235505,1.0,0.2652673913044224,0.0,0.4,0.4,166,8440.757043295187,82520.17584271505
6,98,0.5066843255905538,0.5174416955490521,0.5319108171807118,1.171307853808614,0.5252687570765905,0.11578840704060875,1.0,0.26465135121316796,0.0,0.4,0.4,168,8357.963034132456,82581.66109200066
6,99,0.5064267711514472,0.5060152288459137,0.5295827989246171,1.1776280528584975,0.5457946443484073,0.1178129384647553,1.0,0.2650380721147839,0.0,0.4,0.4,172,8447.695505826265,82461.06815743093
6,100,0.5063796221328334,0.516969706870829,0.553502430918007,1.1977482028171758,0.5062598599008983,0.11734230380628481,1.0,0.26492906808216,0.0,0.4,0.4,177,8459.706670439507,82667.54161849954
6,101,0.5065930475938102,0.515454182641004,0.5516856916157905,1.2058077600614459,0.5185151983836976,0.11728971329819242,1.0,0.26553789939021033,0.0,0.4,0.4,178,8390.01967818335,80939.05475991135
6,102,0.5067713649133048,0.5117272231817632,0.5472783851042237,1.2176577610921615,0.5342644789065853,0.11826914036716034,1.0,0.26615184555544297,0.0,0.4,0.4,179,8346.664559339259,80826.62296134446
6,103,0.5067432716757279,0.5100325346732042,0.5452935714971776,1.2095198843510295,0.5182272992779924,0.11826914036716034,1.0,0.2661518455554422,0.0,0.4,0.4,180,8358.346248916405,80775.23275847916
6,104,0.5067686861642977,0.5205169437475289,0.5686485874976839,1.221800316002227,0.5118082554929466,0.11908977897678823,1.0,0.26624692761219726,0.0,0.4,0.4,181,8349.327565392234,80728.32515957323
6,105,0.5067369715085754,0.5201055650326828,0.568171022901356,1.2217389793949214,0.5091675164640144,0.118949325517099,1.0,0.26618357708039764,0.0,0.4,0.4,182,8356.871628315703,80501.27513195692
6,106,0.5048467568784755,0.513359663057085,0.5605799297932016,1.2543451209636014,0.5161538299333636,0.11963561424394986,1.0,0.26165970200316097,0.0,0.4,0.4,185,8392.828087850825,80375.59941801775
6,107,0.5058212949360575,0.506313909340297,0.5521382353100937,1.2666010698673371,0.5342359203030677,0.11905710438756903,1.0,0.2644196194802919,0.0,0.4,0.4,187,8382.022702126416,80093.053538111
6,108,0.5033156719621842,0.5368943623706761,0.6216287296285257,1.3046738605846633,0.5036097793013088,0.11981827446538915,1.0,0.25817636401830435,0.0,0.4,0.4,198,8300.200060855956,79841.61448143396
6,109,0.5009517706983693,0.5316555942832185,0.6158900570304187,1.3140507538755837,0.511152409524878,0.11871492321870378,1.0,0.252379426745923,0.0,0.4,0.4,200,8312.343057931404,80077.51503604407
7,0,0.7080529351620791,0.9229536903391642,0.8607852300314258,0.005684717174335176,0.0,0.0,0.0,0.0,0.0,0.4,0.4,1,5272.118751306345,8587.343653980564
7,1,0.6917111381146342,0.9177971625411022,0.854733222803343,0.008673556029700602,0.018337984145755243,0.0481506145590692,0.00010521765220967,7.671314551957001e-05,0.0,0.4,0.4,3,5205.5116331844665,8599.742662838558
7,2,0.6081427575651663,0.9395945180211298,0.8804156020940062,0.08427785100106353,0.43687393518569473,0.12977108852196678,0.04142382783169663,0.11830551012944332,0.0,0.4,0.4,4,4410.455193163619,43614.71142003719
7,3,0.5045045972885271,0.8789022452615699,0.8138797002989892,0.04279809012747861,0.27467390091488636,0.05883971727207192,0.05396188451206363,0.03934307421000492,0.0,0.4,0.4,5,3229.0901160406984,6597.545714095783
7,4,0.5340580545984542,0.9100515753553763,0.8448162431295027,0.07508941927610698,0.07918202908230529,0.05900207381978345,0.10079562491570429,0.07348908932592457,0.0,0.4,0.4,6,2735.000803502143,6063.407108942711
7,5,0.4899789427742748,0.8823699266600761,0.8292702417760917,0.06332777227008099,0.07053423180730602,0.07237457647515629,0.04130030053043442,0.04839730732943004,0.0,0.4,0.4,7,3020.450130362157,6215.3022336109925
7,6,0.41016870524841187,0.8452372843224255,0.7832561623548943,0.07414052865984837,0.41285697083490086,0.08472121870891339,0.04769285668472093,0.07882429594544291,0.0,0.4,0.4,8,2377.9462815708507,40880.13710417795
7,7,0.4033367731095064,0.852118617232336,0.8023976158061628,0.07999234365528748,0.06547545946188119,0.08472121870891337,0.04769285668472093,0.07882429594544291,0.0,0.4,0.4,10,2437.045289628796,41639.3222603148
7,8,0.38017550327701005,0.8201529499546923,0.7567270098792296,0.06701504352634195,0.06284528091318207,0.08509661208506637,0.03204515891555504,0.05285265687014209,0.0,0.4,0.4,11,2389.3375110356947,41567.26905435579
7,9,0.3569516047634967,0.8047836255057836,0.7386988799484993,0.07067928239025276,0.14242809279916868,0.08803513803575753,0.03203368807621789,0.053254098670995634,0.0,0.4,0.4,12,1845.7618210558423,37616.00346218917
7,10,0.325007988320727,0.7800629265842742,0.710892140887608,0.06915084849832498,0.09042603163558967,0.10320397727358036,0.025638030535244348,0.0428972318091006,0.0,0.4,0.4,14,1696.9409155823807,38388.12133837413
7,11,0.29876506938396424,0.7586826238827087,0.6866641613498937,0.06723436250761514,0.08062325736678709,0.10129941621457783,0.02143995942010992,0.03521591777383852,0.0,0.4,0.4,16,1304.1913146371433,33449.802124298345
7,12,0.29435943387795105,0.7543544591183754,0.6823034092671303,0.0674857423595996,0.020024630174210276,0.10727992544797191,0.01478223140630074,0.03152851600077839,0.0,0.4,0.4,17,1605.8639860952833,33541.52080556502
7,13,0.3002990056545008,0.7739140310575103,0.71291593244073,0.09503216521193963,0.11749001574252657,0.08078974583277293,0.042062359571956844,0.053566181425301874,0.0,0.4,0.4,18,2513.7106098504155,1070370.658746797
7,14,0.29194437855257666,0.7792956930802577,0.7281409795111802,0.11166355659569785,0.11524366853859415,0.0746329392768169,0.05341826350443102,0.07374182232762558,0.0,0.4,0.4,20,3133.8759782460884,1089788.085262251
7,15,0.27849524788531815,0.7660837732154887,0.7144496653003826,0.10851828612708692,0.05022904217861699,0.07678849154020971,0.043324219244386855,0.05780365589475615,0.0,0.4,0.4,22,3125.731158600967,1068898.3369256645
7,16,0.2686971237726546,0.7568263782341926,0.703667592280587,0.11501994960011913,0.06090820900832386,0.08497535958310984,0.04759820611779794,0.05264366052981956,0.0,0.4,0.4,25,1977.505586981784,1060444.2362632882
7,17,0.26889926432125316,0.7571239354584668,0.7031309929447079,0.13056192710662187,0.062194516048439084,0.06403265674998064,0.05571114707309312,0.05745115258989462,0.0,0.4,0.4,27,2641.691969690072,2496431.379878114
7,18,0.26140976264324317,0.7496431095004088,0.69511595724495,0.12401593909741564,0.06261705907163069,0.08503530866570647,0.04791306357784567,0.054347012449187736,0.0,0.4,0.4,28,1943.9966535780688,1059414.9636438803
7,19,0.23426269080328418,0.7195944069761663,0.658696321873089,0.13875407010219123,0.3082375415797271,0.05791355329006866,0.061571606453232675,0.058568568658608364,0.0,0.4,0.4,29,2075.7882624454214,2496178.015657014
7,20,0.22100939945116543,0.7148645762813841,0.6644661779557022,0.14419373181456666,0.09753363036769844,0.06726117305389433,0.0579465516745204,0.05886556949018582,0.0,0.4,0.4,31,2136.778475991747,2495939.332399483
7,21,0.20981188902308712,0.6867688484085127,0.6194131524602505,0.15228650472817684,0.13361548502522802,0.06252791153507968,0.06539637984598598,0.0669473211207831,0.0,0.4,0.4,33,2086.8252613284835,2527315.103871404
7,22,0.19029637911420888,0.6741076647055185,0.6173226749089809,0.15180781225247372,0.09281935733403868,0.05478261489149686,0.05666436632974335,0.05148556928909124,0.0,0.4,0.4,35,2031.620515951045,2472934.8788446924
7,23,0.189393463593093,0.6673576515671743,0.6077350179144833,0.16323620402539632,0.11093059829084703,0.050670119156962165,0.05748901733361768,0.07521108214503551,0.0,0.4,0.4,37,4190.463463365615,2474902.0380896046
7,24,0.17342991517117798,0.6399565398454533,0.5755946024030677,0.1703743221576848,0.1499918588119891,0.051162254859219734,0.05924225641075927,0.07413810422711142,0.0,0.4,0.4,39,4163.060816212885,2474797.674482484
7,25,0.16858437913866536,0.6303220255815131,0.5641824788849954,0.17643737052541997,0.09034541619552691,0.04758869688186359,0.060581469784495745,0.07466249626758052,0.0,0.4,0.4,41,3913.7712532256073,2473355.977969396
7,26,0.1680220188901184,0.6294840736566322,0.5632450290436658,0.18553663806322465,0.055869216945097624,0.04747299997915757,0.06041458204411258,0.0741868501105363,0.0,0.4,0.4,43,3912.1132958360017,2472811.596904972
7,27,0.9003368471993919,1.3813092740279262,1.3492857649973864,0.9592221598364663,0.8979973837343251,0.2887275771177744,1.0,1.0,0.0,0.4,0.4,45,2680.77640377047,28703634887.94477
7,28,0.877701408103327,1.3149455284799565,1.2604751164385923,0.9639699714909236,0.9925437450674433,0.40381439832064003,1.0,1.0,0.0,0.4,0.4,47,2632.2548883681693,6017745080.622872
7,29,0.8767876004575942,1.3235426640503354,1.2816262519010548,0.9702673593404066,0.8088631322629637,0.2848570463378991,1.0,1.0,0.0,0.4,0.4,49,2748.0494670338526,28703714863.84209
7,30,0.8706493966053648,1.2944841201489274,1.236509520661838,0.971893520687252,0.9245700742440376,0.2913703150200154,1.0,1.0,0.0,0.4,0.4,50,2763.090779317235,28702755311.04349
7,31,0.6722260640220717,1.0931612823346832,1.0344476427498699,0.7871743253742086,0.6073057346726808,0.08174909845932195,1.0,0.5074807838896154,0.0,0.4,0.4,57,2243.079564945845,382193715096670.9
7,32,0.7263293980878575,1.157723615722115,1.1118209263407686,0.8543578927055824,0.6652680100516802,0.08556109898188059,1.0,0.6436436657023374,0.0,0.4,0.4,58,3556.397238294571,382233678015830.4
7,33,0.6710149332020255,1.0878110025997385,1.0280547627304077,0.7939861081893023,0.6384703542720318,0.08182150515881823,1.0,0.5093260800545985,0.0,0.4,0.4,59,2222.2232294662376,382193765027499.8
7,34,0.7221230874431307,1.1197885937088836,1.0553716796415789,0.8440367067041263,0.8528895082478809,0.08448136708919479,1.0,0.6573063519433221,0.0,0.4,0.4,60,2693.320885757425,382233616881124.9
7,35,0.7198828202351325,1.1105618879919894,1.0444973618003472,0.8570603397809021,0.6969341346907745,0.08385742853324657,1.0,0.6582909147011792,0.0,0.4,0.4,62,2405.816959292845,382233627783337.06
7,36,0.7184226640092086,1.1056563607083292,1.0387884378152312,0.8629663269976895,0.6795214372576033,0.08216162836593047,1.0,0.6577552812776151,0.0,0.4,0.4,64,2470.56733790719,382233548929068.1
7,37,0.7145932478546814,1.0910158335957345,1.0216668288195907,0.8712633222870272,0.7640513566241101,0.08546176599313374,1.0,0.6573715726133389,0.0,0.4,0.4,65,2599.653399998219,382233646748292.4
7,38,0.7102425205257172,1.0768767182289607,1.0053253856203201,0.8655629162223922,0.7514798317033368,0.08631296396282628,1.0,0.6541745683050562,0.0,0.4,0.4,66,3667.5480913634287,382233601456425.25
7,39,0.8376617754257119,1.2072672859296403,1.1786831320436146,1.0250021573810306,0.922825409518765,1.0,1.0,1.0,0.0,0.4,0.4,69,2196.1948309282807,277590728324564.6
7,40,0.8369778409626054,1.2035082830305046,1.1742803090401175,1.0379923366031134,0.8065654540588336,1.0,1.0,1.0,0.0,0.4,0.4,73,2216.201656046393,277590708448557.6
7,41,0.8303858074366621,1.1188651528019207,1.0308146823583018,1.03832110787791,1.0786562455948827,1.0,1.0,1.0,0.0,0.4,0.4,74,3586.5871227386683,382194085903401.9
7,42,0.8289669880008557,1.1315950203084804,1.0678879612121133,1.0544302427321246,0.8335292175423776,1.0,1.0,1.0,0.0,0.4,0.4,76,3520.2378136230536,411328227339716.9
7,43,0.8270507003276013,1.117935788188299,1.0518895065964262,1.05660500706177,0.8476977421819388,1.0,1.0,1.0,0.0,0.4,0.4,78,3527.793338762492,382194103504174.1
7,44,0.8264966112008688,1.1138261364991453,1.0470761252690415,1.0630931680893965,0.8143506802807254,1.0,1.0,1.0,0.0,0.4,0.4,80,3479.2542658934026,382194113995829.6
7,45,0.8258956987066757,1.120487095791146,1.0659594459975712,1.0730127252832053,0.8158678542027391,1.0,1.0,1.0,0.0,0.4,0.4,82,3517.2473846261337,411328249555448.3
7,46,0.8253389426030249,1.1161936569497404,1.0609307134764836,1.0830254431522017,0.8149952428025895,1.0,1.0,1.0,0.0,0.4,0.4,84,3481.7317912790904,411328320491752.6
7,47,0.8244633490137614,1.1316835800711469,1.101236950485367,1.092858203416749,0.8241776930781834,1.0,1.0,1.0,0.0,0.4,0.4,86,2467.4371090243267,382194120378967.2
7,48,0.8237177539593541,1.1144164779286592,1.069930779223557,1.095807197940656,0.842388787664653,1.0,1.0,1.0,0.0,0.4,0.4,87,2425.8772273772165,382194071157387.6
7,49,0.8233302445027694,1.111191740007001,1.0661539313534933,1.10603011347439,0.8112466199795996,1.0,1.0,1.0,0.0,0.4,0.4,89,2407.935793100598,382194084792827.4
7,50,0.8228291696493264,1.1069533518288746,1.0611898304368532,1.1091758672001695,0.8295716144365212,1.0,1.0,1.0,0.0,0.4,0.4,90,2407.895641805625,382194084791961.0
7,51,0.8220607635745887,1.0890936857145666,1.0291897060292166,1.1085169836997715,0.8464607230984694,1.0,1.0,1.0,0.0,0.4,0.4,91,2379.437017051706,382194108204549.3
7,52,0.5067419707804404,0.7975570479800735,0.7747609373513417,0.9347766401805648,0.4884006116081045,0.06812789590642221,1.0,0.21477293476475312,0.0,0.4,0.4,122,2087.0899332414147,34399834056770.555
7,53,0.5064648409058579,0.7952578463800248,0.7720735561532512,0.9272094571216418,0.5017064075683396,0.06733839130138743,1.0,0.21469070399778536,0.0,0.4,0.4,123,2084.6281589790333,34399826612001.867
7,54,0.5053920577374247,0.7978452883054081,0.7862175045450532,0.929912209971048,0.5445780742355085,0.06730469494829246,1.0,0.21422711387547683,0.0,0.4,0.4,124,2114.807695496813,34399834017888.805
7,55,0.5040337531488494,0.8066211938587367,0.8077895955419234,0.9473676382921473,0.49278831070332707,0.06665177794706192,1.0,0.2111384869178951,0.0,0.4,0.4,125,2139.180609235291,34399779832308.883
7,56,0.5038570441303772,0.7936249991388724,0.7814847678248565,0.9549663108097614,0.4970303561535608,0.06707057584804528,1.0,0.21115695546778684,0.0,0.4,0.4,126,2153.940034813561,34399782633561.945
7,57,0.5048936197016829,0.7929501209195224,0.7804837353471694,0.9404512492494537,0.4989924766840877,0.06721648423655989,1.0,0.21423155681067393,0.0,0.4,0.4,127,2119.962609242129,34399834298733.105
7,58,0.5049464257706543,0.804178997200417,0.8047077411390364,0.955700502263446,0.4859696685133078,0.06733462457737947,1.0,0.2143715196664211,0.0,0.4,0.4,128,2079.103890172395,34399836360647.797
7,59,0.5047023901954776,0.8017007514458996,0.8018041279198012,0.9665540728859607,0.4944303194791843,0.06761330496160929,1.0,0.2143853465543625,0.0,0.4,0.4,130,2117.800689499346,34399833793867.08
7,60,0.4816059035034896,0.7417384708925415,0.7239914033958866,0.9398228480643728,0.6631190056067322,0.07137829704425472,1.0,0.1632896019895356,0.0,0.4,0.4,131,2175.6005349943525,34399804619646.824
7,61,0.4813699654241612,0.7383376412736664,0.719996166155339,0.9395829145602371,0.48983679691083604,0.07324272564676769,1.0,0.16346441858856384,0.0,0.4,0.4,132,2231.04228156734,34399803322490.133
7,62,0.4805386466085809,0.7293025460941224,0.7094256731558553,0.9460724473156035,0.5279316613693044,0.07295996553667881,1.0,0.16329059238682295,0.0,0.4,0.4,133,2234.8740626232798,34399803603550.75
7,63,0.48053864692305426,0.7293025460699091,0.709425673131642,0.9460724474054242,0.4653176938655818,0.0729599654823051,1.0,0.1632905923262898,0.0,0.4,0.4,134,2234.874062572294,34399803603550.75
7,64,0.47939555372958076,0.7088141158624478,0.6744188607430649,0.9441693750042734,0.5266460388598183,0.07334140628212885,1.0,0.16223785301674015,0.0,0.4,0.4,135,2238.0143685606963,34399803538194.586
7,65,0.4795311265343311,0.715849595047923,0.693654355906519,0.9522887491598536,0.49802069725338916,0.07158179234219421,1.0,0.16350197774060676,0.0,0.4,0.4,136,2186.1387633019326,34399800194347.52
7,66,0.47964090861987324,0.7445438239462494,0.7604165108074593,0.9757272103092638,0.47867080002602685,0.07324010582771853,1.0,0.1648359579622723,0.0,0.4,0.4,139,2242.612561774098,34399795944421.773
7,67,0.4791852125790197,0.737997155858674,0.7527412891543367,0.9826642410554586,0.4890824627831366,0.07264408068321378,1.0,0.16494388258883091,0.0,0.4,0.4,141,2240.040114669334,34399794832059.05
7,68,0.47805183559012776,0.7488786990831457,0.7877053796678763,0.9933934636504209,0.5435512931735234,0.07112546137264601,1.0,0.1641313126430706,0.0,0.4,0.4,142,2297.375448693136,34399793702993.2
7,69,0.4776823746025483,0.7430134966838315,0.7808283747578331,1.0004970330761718,0.507010041726272,0.07149925097677726,1.0,0.164239237330102,0.0,0.4,0.4,143,2295.23520233587,34399792590633.32
7,70,0.47762264379208336,0.7293594115765091,0.7537341029234731,0.9999851169826216,0.48389395105444216,0.07151881977049294,1.0,0.16453291453441138,0.0,0.4,0.4,144,2303.238107886308,34399792517297.3
7,71,0.4770151080545212,0.7352243916296215,0.7717311373788165,0.9992384000189617,0.500742287217639,0.06855975945848566,1.0,0.1638619598135876,0.0,0.4,0.4,145,2296.061053857919,34399797332058.92
7,72,0.47711250155547186,0.7305747714358938,0.766211235768348,1.0072091510919028,0.5015260214980365,0.07102579438504994,1.0,0.16494273049368377,0.0,0.4,0.4,146,2287.5715472081297,34399803100307.73
7,73,0.4723421792611839,0.7252785785252653,0.7608188375024691,1.0176176392977627,0.465113627519382,0.0689822096266488,1.0,0.15310672398990569,0.0,0.4,0.4,147,2212.7539942043904,34399794043357.074
7,74,0.47190395674569785,0.7091246235373221,0.7308387078254643,1.0202697852950964,0.47797019332817103,0.0692175923952328,1.0,0.152785726063114,0.0,0.4,0.4,149,2269.0329230067177,34399792202737.52
7,75,0.4718157392253035,0.7189303092279536,0.7534053738490958,1.0321188610694936,0.46598156267392254,0.06921759239523284,1.0,0.152785726063114,0.0,0.4,0.4,151,2275.332076343183,34399795111549.35
7,76,0.4759120729440878,0.7189219410858656,0.7526469990328676,1.031659115980137,0.4961287727951948,0.06805393177176527,1.0,0.1637121088023995,0.0,0.4,0.4,152,2327.7461653933656,34399776372090.84
7,77,0.4950304501965464,0.7023346616750472,0.718602977361843,1.0536725098761968,0.5769598524129909,0.07619268474200086,1.0,0.21530774040815506,0.0,0.4,0.4,154,2045.721483759347,39714835152924.23
7,78,0.49438495164532403,0.6912140406229986,0.7055865188670207,1.0677009308881906,0.5633967779092942,0.07622138394356247,1.0,0.2151819684353332,0.0,0.4,0.4,155,2095.080695131814,39714835268790.37
7,79,0.50304173397281,0.6906286655345004,0.7033326097459744,1.0787769413075223,0.5632889055750564,0.07843109430827039,1.0,0.23807417509535198,0.0,0.4,0.4,156,2225.737135586466,39714896969197.92
7,80,0.5029205934414868,0.6880263349031333,0.7002831494618494,1.0860387730991385,0.5043545856447537,0.07798760112573008,1.0,0.23809706654170873,0.0,0.4,0.4,158,2254.616556046293,39714897357492.36
7,81,0.49378717655624854,0.68937431989629,0.7145013730067401,1.0939316172342237,0.4914472798522875,0.07637489347515967,1.0,0.2153577132812648,0.0,0.4,0.4,159,2137.154146227356,39714836845795.14
7,82,0.5025042776522852,0.6965463256299473,0.7213950027165091,1.109187262454224,0.5063387226353133,0.07849607641359478,1.0,0.23735156074009386,0.0,0.4,0.4,160,2214.933630338909,39714917303774.29
7,83,0.49901036623724937,0.6699634637206363,0.6796741529911301,1.1013708034521326,0.5792690843818142,0.07965710448793498,1.0,0.23010806195060468,0.0,0.4,0.4,161,2084.040370611224,39716980843193.05
7,84,0.49749903803407525,0.6318756475517584,0.6350430074586562,1.1017491833616646,0.758969498755823,0.07958808406890476,1.0,0.2304078334976977,0.0,0.4,0.4,162,2152.896478738828,39716978783012.92
7,85,0.4974434773640072,0.6416503886148943,0.6575733879216181,1.114012634910536,0.49713341415087403,0.07958808406890476,1.0,0.23040783349769764,0.0,0.4,0.4,164,2155.996414456129,39716979930625.945
7,86,0.4973647667650662,0.63470400546663,0.6494040215468226,1.1211503923839508,0.5172933048241526,0.0781954419664863,1.0,0.2308948741144255,0.0,0.4,0.4,166,2139.472953049542,39716983312540.22
7,87,0.5124845399939808,0.6592961192361528,0.6866884811225274,1.148606261845278,0.5200932756531216,0.08172366750277486,1.0,0.26886322540940205,0.0,0.4,0.4,167,2113.09147491935,39716980222070.08
7,88,0.5124174820792927,0.6463833648326064,0.6604832182342177,1.1474129384887848,0.5194529756183595,0.08075264897236303,1.0,0.2688543633360344,0.0,0.4,0.4,168,2147.399834945535,39716961395619.24
7,89,0.5186534835935801,0.7001289118561385,0.7887313479406338,1.106893569937554,0.5858958351635839,0.08237413908882234,1.0,0.2862571557314755,0.0,0.4,0.4,170,2112.9605516629936,39716980222069.484
7,90,0.5102828224557718,0.5741318008072537,0.5758304107894642,1.118136367239668,0.5984502411558033,0.07946493442815847,1.0,0.2692587901250112,0.0,0.4,0.4,174,2042.3372939070389,34401825393685.168
7,91,0.5103097457399289,0.5738978574169539,0.5755507194881541,1.1255898613008146,0.5086833422324558,0.07919690097304496,1.0,0.2693443273430004,0.0,0.4,0.4,176,2017.5821000750725,34401833474710.76
7,92,0.5101583113869993,0.5595162791566436,0.5476360459049164,1.1235380282468908,0.5294155259376074,0.0804745924105284,1.0,0.26917309911776843,0.0,0.4,0.4,177,2046.4546542517155,34401830619843.1
7,93,0.4995198352970394,0.577050465423121,0.6032150644963322,1.1547860163355195,0.51670110676239,0.07828744068621987,1.0,0.24294227745967625,0.0,0.4,0.4,179,2042.499158884662,34401825393685.04
7,94,0.5095220530920859,0.5611038272688582,0.5606451205806874,1.1649225961033434,0.5158125641554463,0.08067981603895083,1.0,0.2681824944653767,0.0,0.4,0.4,182,2062.021538561083,34401837666007.125
7,95,0.4982505248859992,0.6184157114281026,0.707231742917409,1.145517699675973,0.5664422747940405,0.07807594631284057,1.0,0.24062755901919286,0.0,0.4,0.4,183,2082.752139791519,34401837384527.8
7,96,0.5033973219057958,0.5527982486815153,0.56298994494504,1.1783982596134155,0.5268131672871295,0.07875832219052839,1.0,0.2537128305496776,0.0,0.4,0.4,184,2078.68870854242,34401835167443.625
7,97,0.511131613924786,0.5929585645044567,0.6419438315131215,1.2311375673016824,0.5101915695436917,0.0815532111091719,1.0,0.27312097287535714,0.0,0.4,0.4,193,2055.4097142985347,34401791907860.96
7,98,0.5111749606758137,0.5905760136951065,0.6391356206947894,1.2254131347243342,0.5151790615169973,0.08235067626619844,1.0,0.27337724271608127,0.0,0.4,0.4,196,2025.6031657902445,34401790871813.117
7,99,0.5135745360591663,0.5699929849138148,0.6034878668732435,1.2249638307553214,0.5960823639672124,0.08252398113698535,1.0,0.28006436937970397,0.0,0.4,0.4,197,2076.1706170274374,34401851051443.77
7,100,0.510877856712267,0.5890306649913349,0.6484083216302234,1.23743337419382,0.514156491037334,0.08221270805913772,1.0,0.2733610062064725,0.0,0.4,0.4,198,1993.6809179691604,34401812485043.312
7,101,0.49545967352537884,0.5622391256869125,0.6085868516136803,1.2314407986517006,0.4951458019520517,0.08041316376627314,1.0,0.23482514311037384,0.0,0.4,0.4,199,2074.6445785808564,34401851376061.24
8,0,0.9715185392425278,0.9935479596847923,0.9434691961836249,0.012176214320389107,0.0,0.0,0.0,0.0,0.0,0.4,0.4,1,1198.4437216261465,7671.279404044189
8,1,0.9490817541656693,0.9884209904332995,0.9374439467128484,0.015207461804906317,0.01843449925645507,0.0819237728721522,9.158662429444001e-05,0.00020398985418201002,0.0,0.4,0.4,3,1364.070827993687,7012.180407012359
8,2,1.1331757207742876,1.4092302106460057,1.3557959850436856,0.5234261935806228,1.1303954505385065,0.10118013589516975,0.37137507466127034,0.8785835543492599,0.0,0.4,0.4,4,4006.501595852733,3135.569295109509
8,3,0.6477681967807496,0.980842196567892,0.9214197094540622,0.11669365527522872,0.3508045773978853,0.10036314098789148,0.08254789338033316,0.1838579908737494,0.0,0.4,0.4,5,1254.860433665775,4662.49042929165
8,4,0.5298445243364628,0.9100742754016818,0.8441969902642888,0.08627167248876155,0.20600450344510432,0.09131061849941949,0.06856872534619066,0.11514374671615904,0.0,0.4,0.4,7,1307.059635101676,5297.274420616968
8,5,0.4081994210202739,0.8367501841665245,0.7603788340195462,0.07393819856539326,0.2745083774631018,0.10451849422972914,0.045401145274397384,0.10819196422214365,0.0,0.4,0.4,9,1326.601567652399,1862.882493045617
8,6,0.3855362634290342,0.8166744348691369,0.7394922228853695,0.06390298967563154,0.06263337631922274,0.1042998558317368,0.03407473188510876,0.08116746144490239,0.0,0.4,0.4,11,1352.5658947886398,1850.877489662988
8,7,0.38130229721535447,0.814592135264514,0.7366962762258121,0.06928149803814673,0.07729260938249158,0.10407012073037711,0.03608105548939664,0.08437270106590493,0.0,0.4,0.4,12,1410.6791391449185,1809.296752902996
8,8,0.3788463518660011,0.8122779773955997,0.7343331218159603,0.07034111901803222,0.048145446735873024,0.10408564745051237,0.03414635067304042,0.08123792627979529,0.0,0.4,0.4,13,1380.1295981219826,1840.784957439478
8,9,0.35865341504087106,0.7957666170669329,0.7164931888118697,0.06644827535733716,0.09159243943416243,0.10444148404658216,0.02846343531627558,0.06503754173327334,0.0,0.4,0.4,14,1302.8677062778163,4139.0100282831045
8,10,0.3388310454305301,0.8161507715993563,0.7730303633383887,0.09296231550096043,0.0988875072775733,0.09792226779500252,0.03547750452934431,0.06653501044873616,0.0,0.4,0.4,16,1888.7567707503915,30332.83537367561
8,11,0.29486464842608456,0.7798717704071172,0.7316979078018887,0.09072174328151622,0.13708281962930938,0.0942073270613274,0.030260099225688508,0.054825366037927536,0.0,0.4,0.4,18,1666.9625745967492,31235.592108908902
8,12,0.28663609159144443,0.7720235650309895,0.7234745377761107,0.09518097513766033,0.03602762513731765,0.09563345668537107,0.02522936733728694,0.04571244162312665,0.0,0.4,0.4,20,1680.9591941480612,30954.30087956924
8,13,0.26216492130040703,0.7614818334718024,0.7212202995105861,0.10770073796169884,0.09822249113552556,0.09072007863487348,0.032700454426904904,0.05267666072401404,0.0,0.4,0.4,23,1682.8709288726125,40978.85955574019
8,14,0.3661682386076876,0.8431419483699805,0.7748112913271874,0.2368075380536258,0.19246182003098528,0.13128403977878342,0.07403876278066171,0.30170020085336746,0.0,0.4,0.4,25,1537.692568184592,57156.13808189639
8,15,0.33342099889990456,0.8095193401161941,0.7384582352136306,0.2257437080767613,0.18831794857122053,0.13343005812339856,0.06598519145619203,0.2655559833350859,0.0,0.4,0.4,27,1032.1208469875014,50277.89969599218
8,16,0.331345755383104,0.8072305756761965,0.7357794775662333,0.23147766528980718,0.14055313903481115,0.1335591498870853,0.06597154426176247,0.26554127444150477,0.0,0.4,0.4,29,1013.4415670239076,50314.54722010674
8,17,0.3303842215324624,0.8062053602897398,0.7345940625790626,0.23657214107444657,0.13927877992636878,0.13351439617120736,0.06586272086817527,0.2654258577343556,0.0,0.4,0.4,30,986.1722235731736,51060.92990276196
8,18,0.3285693586784666,0.8040111822673519,0.731846839193831,0.24097243381436015,0.1558643090306821,0.13234140145422446,0.0669838188991456,0.2668922721630921,0.0,0.4,0.4,31,942.87170514742,48324.63778806567
8,19,0.31745924518858126,0.7926954295601301,0.7202353935265261,0.23361805167366362,0.13600594419282938,0.12940266007832274,0.061796418667218654,0.24810757905696468,0.0,0.4,0.4,32,1055.2995237039058,47569.15234907328
8,20,0.3255286864437185,0.8109841485855638,0.7502786294893877,0.24730723781980268,0.18912562039810565,0.13226471299864634,0.07182198826965777,0.2739810248481986,0.0,0.4,0.4,33,2263.6123687900026,58272.46052412357
8,21,0.3067246128360291,0.7920145708323694,0.7311221890207343,0.23777186341232906,0.12425246455458629,0.1373748976470126,0.06192133641874895,0.23918590299711334,0.0,0.4,0.4,35,1462.7997227809683,54347.44035176147
8,22,0.2890759188053696,0.8176954304743381,0.8073038041334705,0.26285905169123575,0.1406897429747821,0.13374429452472314,0.05540154574620966,0.21978247001789902,0.0,0.4,0.4,37,1139.4518914240812,49487.71621408224
8,23,0.5823312150592295,1.0843732643715165,1.0447264848265987,0.5708550323997348,0.48451179636971353,1.0,0.0454012018389557,1.0,0.0,0.4,0.4,39,1177.0845528993948,44484.83691142061
8,24,0.5686528971440306,1.0667706565461972,1.0246827717418143,0.574005964115004,0.5143675683913314,1.0,0.03703015627340913,1.0,0.0,0.4,0.4,40,1430.0985436625035,45261.530516503095
8,25,0.5610350923835833,1.0424259065099444,0.9844196574156749,0.5823105336087857,0.4583751803942444,1.0,0.04677332131035114,1.0,0.0,0.4,0.4,43,1120.6142083019952,45047.53280817807
8,26,0.5526484453210077,1.0308558497719997,0.9713441206186423,0.5837914674367405,0.47733117249682294,1.0,0.03982655840296892,1.0,0.0,0.4,0.4,44,1244.337810341229,45480.08747512072
8,27,0.5473134259983752,1.0337263865485649,0.9858821718918932,0.5916222124053316,0.44255946997519374,1.0,0.03844995917293986,1.0,0.0,0.4,0.4,46,1347.7731539273173,45945.6670140355
8,28,0.5426200382380507,1.0270729826269682,0.9783945337619432,0.5985541852194528,0.4306096966233002,1.0,0.03399427155957942,1.0,0.0,0.4,0.4,48,1267.8799253049017,47239.80075077758
8,29,0.53558663122501,1.0133428886776312,0.9619911819816774,0.6032623367268622,0.4699889531090107,1.0,0.038693887701105725,1.0,0.0,0.4,0.4,50,1342.9996623924349,48442.74827816962
8,30,0.5329890129655284,1.0096657007657626,0.9579045043225538,0.6110738599055865,0.42253899099057096,1.0,0.035477419665488306,1.0,0.0,0.4,0.4,52,1351.2151807303112,48200.65351066611
8,31,0.5313195937611623,1.0180396806684882,0.9788447105513938,0.6233562480101253,0.4198055365769432,1.0,0.034744718995724226,1.0,0.0,0.4,0.4,55,1411.4687993908676,48485.53757552736
8,32,0.5260126967504928,1.0082203845323834,0.967388159714123,0.6282180375862039,0.48041105380584664,1.0,0.034097356687896554,1.0,0.0,0.4,0.4,56,2515.8730140991474,48317.02288666236
8,33,0.5257903357518741,1.0184455558754877,0.99034655938266,0.6866003099340099,0.4153106504149693,1.0,0.035551257377996345,1.0,0.0,0.4,0.4,66,1393.929796683027,47513.41717113858
8,34,0.5254173068230286,1.017675562832445,0.989437067734872,0.6936471211833266,0.41711359646567925,1.0,0.03566332027651699,1.0,0.0,0.4,0.4,68,1395.655329010891,47462.048925699135
8,35,0.5240882879701542,1.014968347235356,0.9862500298176441,0.6979856855683578,0.43391742144629675,1.0,0.035898854020550916,1.0,0.0,0.4,0.4,69,1306.0086489612254,46086.09563811584
8,36,0.5240359385938862,1.0253093214011186,1.00931198362811,0.7088693582114607,0.42083018132496136,1.0,0.0378217747997311,1.0,0.0,0.4,0.4,71,1292.1713451347964,46743.30080892908
8,37,0.9026670543109677,1.3973750065714592,1.379184542062445,1.0618747496701277,0.844719943606234,0.16102196542626634,1.0,1.0,0.0,0.4,0.4,73,2239.393837525449,54118.87940931972
8,38,0.9019418705382403,1.3958626520144142,1.3774131767896818,1.06514243090188,0.8107330248053248,0.16139709690446655,1.0,1.0,0.0,0.4,0.4,74,2134.728059041496,54680.014450774375
8,39,0.8990228706837582,1.3896718459025936,1.3701621669290645,1.0645226917357675,0.8439646665899535,0.1587822329003042,1.0,1.0,0.0,0.4,0.4,75,2177.704915693292,56065.48620217674
8,40,0.894927818958581,1.3804474405074578,1.3593580592198724,1.0739150130266073,0.8319172201540563,0.16116051535046066,1.0,1.0,0.0,0.4,0.4,77,2122.5673551602317,55128.48135612482
8,41,0.8940090132559326,1.378417404557836,1.3569804035662996,1.0771331784345275,0.8146862438643405,0.1662471442692552,1.0,1.0,0.0,0.4,0.4,78,1947.169948903,55103.85610243592
8,42,0.8930261510842608,1.3760833932066285,1.3542465851219228,1.0837905565585222,0.8158664730287297,0.16168191692664508,1.0,1.0,0.0,0.4,0.4,79,2119.062762551884,54906.85546537508
8,43,0.8896257834718336,1.3680841215166457,1.344877430263155,1.0899263237347385,0.8561614662723414,0.15905071346293234,1.0,1.0,0.0,0.4,0.4,80,2134.530968711721,54970.6965549374
8,44,0.8807074890444131,1.3566380286391673,1.342552792209982,1.1016727047572037,0.9576593854661529,0.13693821322741068,1.0,1.0,0.0,0.4,0.4,81,1926.8730594192195,56576.157802773385
8,45,0.8730539556527154,1.3352699940119583,1.3175253352608642,1.0997081900208077,0.874621874043368,0.14999859547344443,1.0,1.0,0.0,0.4,0.4,83,2332.352140065591,56727.373195504304
8,46,0.8717688488651529,1.3314614113229126,1.3130645078529695,1.1028231433695619,0.8132585314388578,0.1447419062173485,1.0,1.0,0.0,0.4,0.4,85,2316.9124293059467,57223.8168584103
8,47,0.8712899232758449,1.3300316327607864,1.3113898603314307,1.106161391692901,0.8099968953913235,0.14616669254558304,1.0,1.0,0.0,0.4,0.4,86,2131.0209784988087,56975.1127639202
8,48,0.8708722011789093,1.3287705964491467,1.3099128477262338,1.1095123079210807,0.8087743883007096,0.14485243051502855,1.0,1.0,0.0,0.4,0.4,87,2278.701533281629,57690.38593566336
8,49,0.8671856380100624,1.3287760673225162,1.32100113764747,1.133138203660634,0.8796329802492635,0.15282831090863788,1.0,1.0,0.0,0.4,0.4,88,1900.671707839712,62460.25816794429
8,50,0.8644589748530607,1.3309818550791288,1.3346664241505144,1.1322910818348682,0.8616195291882001,0.1501049398046525,1.0,1.0,0.0,0.4,0.4,89,2280.226104408946,58473.399652272186
8,51,0.8587993977220492,1.3002852974979726,1.287631020073067,1.130500791240656,0.936212830785526,0.1505550875249971,1.0,1.0,0.0,0.4,0.4,90,2155.844457523446,72637.50810806386
8,52,0.8572754923607044,1.3058924298071988,1.3052802380437765,1.1441495181116013,0.8193993846746439,0.15015238490303834,1.0,1.0,0.0,0.4,0.4,92,2274.654521361186,69997.14009824317
8,53,0.8562088612920585,1.290719304446837,1.2764269181905616,1.147358901433123,0.813870167059447,0.15035873256991394,1.0,1.0,0.0,0.4,0.4,94,2106.866589703538,72547.87430752422
8,54,0.855811562441525,1.2892194303196658,1.2746699227872136,1.1507892052406197,0.8052290865064946,0.14986132055651388,1.0,1.0,0.0,0.4,0.4,96,2228.3376506997447,65177.98316081306
8,55,0.8546729704415235,1.329697738520462,1.3664074315977812,1.2229095821360156,0.8030366897927861,0.14775909491475891,1.0,1.0,0.0,0.4,0.4,106,2294.015623889401,62500.56061583587
8,56,0.8521978493253259,1.308730787297145,1.3307680557409203,1.2329933760691079,0.8681196055616434,0.14789471746541188,1.0,1.0,0.0,0.4,0.4,107,2126.9488379448057,66229.60556119129
8,57,0.8521827559345183,1.3086699238309107,1.3306966657047385,1.2329875700393442,0.8004253846048996,0.14789471746541188,1.0,1.0,0.0,0.4,0.4,108,2143.980083195529,66098.6867076385
8,58,0.850741428546361,1.3027866833813246,1.3238059524329762,1.2473239930951538,0.8205443234878391,0.14800187272032234,1.0,1.0,0.0,0.4,0.4,110,2077.217636107371,66429.1826923996
8,59,0.8503860116256179,1.3014919670055047,1.3222895047066898,1.2320787996411662,0.8103014415285846,0.5209442631248795,1.0,1.0,0.0,0.4,0.4,111,1995.9048915843089,67798.52934830527
8,60,0.847371137591535,1.2884186312302242,1.3069771949516218,1.2417559459715497,0.8300707856815295,0.5335548578292123,1.0,1.0,0.0,0.4,0.4,114,2086.697699109057,66561.00663360443
8,61,0.8466758285067012,1.2853116880508004,1.303338271581608,1.2523623598430538,0.8071881122309474,0.5198252261665786,1.0,1.0,0.0,0.4,0.4,117,2023.2910839610076,66566.53786838625
8,62,0.8460679820717049,1.29377906134345,1.324337440753816,1.2708810520845613,0.8191023353368729,0.14404877106552033,1.0,1.0,0.0,0.4,0.4,118,2309.3276830888176,66990.18452553819
8,63,0.8444420364495686,1.297563196067126,1.339851387991592,1.2891024323518128,0.8261304294516217,0.5220920880386065,1.0,1.0,0.0,0.4,0.4,120,1968.305072391005,68062.45404538795
8,64,0.8359726887552501,1.2538830592269057,1.2886907159226422,1.296632616209703,0.9523255761555529,0.5573708998617322,1.0,1.0,0.0,0.4,0.4,122,3086.63192884523,65934.93163503305
8,65,0.8351624081702804,1.2492270040599864,1.2832371864399348,1.3152593777033914,0.8081262699035359,0.6796358555278154,1.0,1.0,0.0,0.4,0.4,126,2598.2366554999835,53349.66919073276
8,66,0.8324625403648105,1.2441843974965625,1.2884128984472798,1.3250084430084867,0.9134809275178952,0.5526884178098633,1.0,1.0,0.0,0.4,0.4,127,3129.9368231011176,66586.28242219656
8,67,0.8312770952322852,1.214253933151911,1.231193062673234,1.3368255424859128,0.817516292313055,0.5416387101640535,1.0,1.0,0.0,0.4,0.4,130,2650.5761640575406,58744.07679164061
8,68,0.8260829743911577,1.1891414276329542,1.212861571176588,1.3353197423701493,1.053643589892907,0.554322384236445,1.0,1.0,0.0,0.4,0.4,131,2443.5827016095463,67506.04825756924
8,69,0.8255163348588126,1.184796186459332,1.2077722096174188,1.3497968181735804,0.815163462857474,0.5422038915542183,1.0,1.0,0.0,0.4,0.4,133,2583.9362839992405,64476.08521963992
8,70,0.8235873485828828,1.1805542080205567,1.213885637623914,1.3603798613454092,0.9078929770849348,0.5390051829735745,1.0,1.0,0.0,0.4,0.4,134,2376.5029389020738,66203.1957953927
8,71,0.8211161709631523,1.1590663270736,1.188717762772747,1.369644401355702,0.8750336626392501,0.5379077402540774,1.0,1.0,0.0,0.4,0.4,136,2499.263448239241,66402.9455434338
8,72,0.8205728905476228,1.1428484358644813,1.158640773080602,1.3608195080946892,0.8350080901508219,0.5380057996425793,1.0,1.0,0.0,0.4,0.4,137,2524.086281374984,66921.43481051116
8,73,0.8204170965285562,1.141394038372193,1.1569371233568644,1.3792902354944319,0.8033991506184355,0.5369752862075149,1.0,1.0,0.0,0.4,0.4,140,2490.0325254716645,65840.75360373236
8,74,0.8194795921807115,1.132417189997021,1.1464231032855032,1.3859076174671934,0.810455718336376,0.5419007143206386,1.0,1.0,0.0,0.4,0.4,146,2531.366962695534,288373.6026961028
8,75,0.8163234591672096,1.0992076209266037,1.1075262289486334,1.3940074968446847,1.0318744744634214,0.5419629322901751,1.0,1.0,0.0,0.4,0.4,147,2689.203803732299,289502.31267743144
8,76,0.8163198979039037,1.087971301849882,1.0832836030866217,1.4074448441182597,0.8002792645190198,0.5383159118061076,1.0,1.0,0.0,0.4,0.4,148,2405.2429474766623,289398.34125679487
8,77,0.8161675426535779,1.0974326644478287,1.1054473222240462,1.4012834296916332,0.8121200234844074,0.5397443999682533,1.0,1.0,0.0,0.4,0.4,149,2428.8540798990507,291331.9169868759
8,78,0.8157673019764464,1.092818153725558,1.1000422828486356,1.408305108309177,0.8322727580791336,0.5334765032307897,1.0,1.0,0.0,0.4,0.4,150,2392.1011242195736,289953.31440924096
8,79,0.8156507857190518,1.0914562481861703,1.0984471617276963,1.415620479540865,0.8047612855115378,0.5335713139301305,1.0,1.0,0.0,0.4,0.4,152,2398.671009766861,290347.5249651809
8,80,0.8153349660765904,1.0989142453421712,1.118264261504852,1.4128300477093578,0.8261103487400474,0.5343435530707533,1.0,1.0,0.0,0.4,0.4,153,2565.346906310484,291121.39435386576
8,81,0.8127557018409548,1.0546218835789598,1.055304679944951,1.4308386887060744,1.0312765065405864,0.5295648675476637,1.0,1.0,0.0,0.4,0.4,154,3188.595958980321,65728.27395680209
8,82,0.8117585233407472,1.0403562393387424,1.0385959338387591,1.4406752908381644,0.8497267392326042,0.5327647205779014,1.0,1.0,0.0,0.4,0.4,156,3181.9258582285324,65414.67561178552
9,0,1.0,1.0,0.9510262383316989,0.012767904366277633,0.0,0.0,0.0,0.0,0.0,0.4,0.4,1,781.8546428463583,8001.541735541956
9,1,0.9765549951036144,0.9947652411705585,0.9448809367518679,0.01575632589246129,0.01864815859235475,0.05922232646947889,0.00010725661360837,9.750412846396e-05,0.0,0.4,0.4,3,750.5536819822771,7868.089025500393
9,2,1.1570927623221499,1.299714827165873,1.2427791531666796,0.3713513376983246,0.6359061561212311,0.0727610151370449,0.44975293536534294,0.41576155504565593,0.0,0.4,0.4,4,2050.2562396800377,3963.041035090403
9,3,0.6756076257246552,0.9893140268197568,0.9321256127590091,0.1116790234465341,0.6410331257163467,0.07263612672476423,0.13355810384718295,0.12141411216340567,0.0,0.4,0.4,5,779.0753984461219,5405.576237134425
9,4,0.5175496277439843,0.9115691466322764,0.8432124397428116,0.09776369456723788,0.3168668077541859,0.09575475663982565,0.09888130241575435,0.12476287659326413,0.0,0.4,0.4,7,1247.6255921705292,7399.780792509689
9,5,0.47531744197977793,0.8834415884053063,0.8124989367184566,0.08852036612173833,0.131267274758737,0.09905172431749666,0.08421166883728574,0.1068634956769243,0.0,0.4,0.4,9,1721.7920019007738,7319.256854731728
9,6,0.9197227288272445,1.35561011179781,1.3092300127173178,0.599490084311873,0.5436643172830512,0.1006942089437162,0.3364756174278088,1.0,0.0,0.4,0.4,15,2213.304288933668,35492.74537043269
9,7,1.1310535507817048,1.5874394731207015,1.5353085145347616,0.8643750780886583,0.9172731073060997,0.14082922051064908,1.0,1.0,0.0,0.4,0.4,17,612.4299927960712,39691.16904283609
9,8,1.125406806199508,1.5836249066639083,1.5308407318476065,0.8717047182558091,0.8133232733067702,0.14189291896555264,1.0,1.0,0.0,0.4,0.4,19,628.8954259616494,39685.89636065059
9,9,1.1254069055858995,1.5612162093429696,1.48243080711029,0.8564846272780515,0.8000001291958666,0.14189291914728755,1.0,1.0,0.0,0.4,0.4,21,628.8963216463865,39685.87603044779
9,10,1.1247307348241666,1.6055706313259646,1.578708144802615,0.8901537144408882,0.8032204175267941,0.14188332751701815,1.0,1.0,0.0,0.4,0.4,22,598.1921676945465,40780.10540076605
9,11,1.1186721246882525,1.5565852860005909,1.4770068703723607,0.8682074333026352,0.8291653363104341,0.13874976085190246,1.0,1.0,0.0,0.4,0.4,23,884.7040492976181,39617.12219789638
9,12,0.5754389837401284,1.0526586002677578,1.009605582344386,0.3641970707378255,0.32747693958415536,0.10187279076606318,0.26907665662715446,0.42322152763940746,0.0,0.4,0.4,25,288.87565812600644,38486.023624619
9,13,0.7399524061503227,1.2309503043103667,1.1995206655363404,0.5566169967498009,0.4800519732437124,1.0,0.130119895294435,1.0,0.0,0.4,0.4,27,1468.9327005439336,95715.08846857928
9,14,0.7215492897355855,1.2059269968829673,1.158325467300553,0.5606346847706303,0.5213996770444824,1.0,0.14186890944143885,1.0,0.0,0.4,0.4,29,2258.2451985872062,246025.01732873885
9,15,0.8825840988864119,1.4010886200142938,1.3921042118483613,0.7515415486165167,0.6286346839904824,0.09839956959311368,0.5513544086995678,1.0,0.0,0.4,0.4,31,179.8677083804359,39259.59280760762
9,16,0.7990022754693531,1.3175503874967947,1.3084539600559735,0.6680342579108101,0.5417726721585195,0.11258809017590996,0.34414410564888215,1.0,0.0,0.4,0.4,32,184.24386023021844,41182.9776050631
9,17,0.828984063534016,1.3502217322233907,1.3375269603535695,0.7290444940135739,0.7381061652886276,0.09463154048284587,0.4783509726389812,1.0,0.0,0.4,0.4,33,209.22173926909716,34388.48376289515
9,18,0.8611385751428835,1.382929568651316,1.368251178597959,0.7722643418015582,0.7164651248356277,0.09214180225188587,0.589076870664113,1.0,0.0,0.4,0.4,34,208.4242762044392,35321.190570928295
9,19,0.7887729397966509,1.265440652112288,1.1957444536216209,0.6863350950634795,0.6420631880627417,0.10368342906792852,0.4514197904174574,1.0,0.0,0.4,0.4,36,238.91099429427783,35742.16817602085
9,20,0.787456435789683,1.2976614343716193,1.2667422565196884,0.7215546844692761,0.5850662091345331,0.10368116064695505,0.451216098778121,1.0,0.0,0.4,0.4,38,246.56569455937296,35999.38182481952
9,21,0.7893336698473378,1.3096046329246187,1.28940392075092,0.7522510958043878,0.6879456064769924,0.10766958599746153,0.48638041491692585,1.0,0.0,0.4,0.4,39,227.32650730652125,35869.989470396315
9,22,0.7543671788143298,1.2808733678544453,1.268709109016335,0.7476487001655612,0.6846687694147753,0.10456079859651064,0.45900523542753235,1.0,0.0,0.4,0.4,41,230.3155448191388,36613.0646568298
9,23,0.7645795865455112,1.3015392264628622,1.3018129947620372,0.7691823144827589,0.607812315287406,0.10568809147699668,0.490870021883258,1.0,0.0,0.4,0.4,43,268.96763980974475,36230.49752363672
9,24,0.7600851602728398,1.2848994021877052,1.2715032298862652,0.7711243627505497,0.608470684187509,0.10747981713175421,0.48705453522654024,1.0,0.0,0.4,0.4,45,265.4136241079358,36827.49497585967
9,25,0.7459856855270304,1.2749836122842133,1.2703956760309167,0.7815004782860563,0.6836671769828689,0.10994946602771882,0.49545231863276784,1.0,0.0,0.4,0.4,47,269.53553610799787,36866.29359112364
9,26,0.694442299422398,1.2155882238864764,1.2072347046242249,0.7574186728617699,0.6375595399620112,0.09866183133260432,0.40193330264113225,1.0,0.0,0.4,0.4,49,422.6372309469958,36844.33976536013
9,27,0.6824417603185857,1.1962925240292006,1.1849045548959003,0.7609249666476186,0.6210701796380036,0.11696675300932544,0.3979910308105599,1.0,0.0,0.4,0.4,51,770.4420601709969,31948.17691396044
9,28,0.9135572586217191,1.4640868364375552,1.5016482437066863,1.049985324549969,0.8207526772736508,0.12112536623861395,1.0,1.0,0.0,0.4,0.4,57,2841.1238373882984,48131.41445083877
9,29,0.9093929790918555,1.4559646410615548,1.492134996458713,1.056102084356402,0.8283610386446429,0.11867684045100632,1.0,1.0,0.0,0.4,0.4,59,2684.244576294727,47047.545935067705
9,30,0.9041033238583024,1.4564153042553563,1.503744538629424,1.0650934960326692,0.8375720549146115,0.11638919438103797,1.0,1.0,0.0,0.4,0.4,61,2774.2942231530324,46925.325588080486
9,31,0.8894961900217013,1.4349067365684718,1.489634179869558,1.065088855805762,0.9142366809375162,0.1103591739116084,1.0,1.0,0.0,0.4,0.4,63,4037.055503330332,46860.01822274733
9,32,0.8871503293864843,1.4179707932296233,1.4587161263136452,1.0816162006487997,0.8200056677856888,0.11812202674712076,1.0,1.0,0.0,0.4,0.4,65,2727.740137011022,46691.95558137919
9,33,0.8869414714527774,1.4286560927791738,1.4823130266737583,1.0987920659866304,0.8018071620467104,0.11812202674712076,1.0,1.0,0.0,0.4,0.4,67,2710.9800526044087,46576.06781481984
9,34,0.8847964164822528,1.412069601476794,1.4518043503565763,1.0955516676989165,0.837590658111451,0.1201264601300398,1.0,1.0,0.0,0.4,0.4,68,2816.085783935734,43657.70370889078
9,35,0.8712124935151695,1.3746696853350246,1.4079993454163593,1.0918002112472647,1.0616439367025121,0.12073081524311424,1.0,1.0,0.0,0.4,0.4,69,2689.467832806901,47679.44561921786
9,36,0.867944411971705,1.3757992497210068,1.4204040203613832,1.094403464654599,0.8350312499653105,0.11245824485719,1.0,1.0,0.0,0.4,0.4,71,4075.8162910839615,50207.27943857327
9,37,0.8678409669000903,1.386674662120143,1.4442238833528802,1.1117610165969132,0.8011344934165618,0.11245824485719,1.0,1.0,0.0,0.4,0.4,73,4070.63787622316,50170.87823295129
9,38,0.8641278276718158,1.3634819202594564,1.4059773276268546,1.1177993984620855,0.8418621338564205,0.1193422884073172,1.0,1.0,0.0,0.4,0.4,75,2663.478856278071,46336.96618482115
9,39,0.8636932238681183,1.3284086639828043,1.3316524916763024,1.1144460580008597,0.8014424876356214,0.09381875284095724,1.0,1.0,0.0,0.4,0.4,82,1658.7707364957955,30204.628482876546
9,40,0.860196525298855,1.36124040086115,1.4144336348906204,1.1558314234486922,0.8837228693203567,0.09177323385624946,1.0,1.0,0.0,0.4,0.4,83,1752.2384893266972,27363.18878273406
9,41,0.8598798653902548,1.360123658834627,1.4131256486946189,1.159300122613915,0.8039035557199614,0.09223691107830431,1.0,1.0,0.0,0.4,0.4,85,1764.120179531657,27257.4036425749
9,42,0.8597777095394814,1.3597629231218342,1.4127031482874726,1.1736563070325072,0.8012638785545871,0.09131016582090248,1.0,1.0,0.0,0.4,0.4,87,1724.2937733683757,27162.80126524375
9,43,0.8586984830060901,1.3559025381005725,1.4081816262256543,1.1733000234178035,0.8269483116696918,0.09130827771971466,1.0,1.0,0.0,0.4,0.4,88,1742.945567697109,27214.42942461906
9,44,0.8536964555616762,1.3258920622328942,1.3619500162136746,1.1643661366883644,0.8328356757869761,0.08813019381729846,1.0,1.0,0.0,0.4,0.4,92,1757.2383140840527,22093.53043541829
9,45,0.8514998953950457,1.3395152207817964,1.400069670901119,1.1887720892246025,0.861355615424614,0.09284247453940604,1.0,1.0,0.0,0.4,0.4,93,1825.9735118836008,28324.162681465405
9,46,0.8492440358762244,1.3525283769500138,1.4374749003000087,1.2207689297534874,0.865617617008412,0.09163211203604084,1.0,1.0,0.0,0.4,0.4,94,1819.058522721229,24318.32825009354
9,47,0.8369718997386746,1.2482865267348333,1.271053964961928,1.1536263966807319,1.2150382062601919,0.09174249644914154,1.0,1.0,0.0,0.4,0.4,95,1301.9791651945868,28427.208528089715
9,48,0.8366645876600971,1.246576023982941,1.2690505820715736,1.164275738517743,0.805973908211615,0.09234971088876835,1.0,1.0,0.0,0.4,0.4,97,1276.8178526945733,28158.443035344942
9,49,0.8358859537934838,1.2421825707377514,1.2639046596565322,1.1747045699219583,0.815342166927655,0.09353706071172377,1.0,1.0,0.0,0.4,0.4,99,1328.7103373054583,28498.394361177467
9,50,0.8327830138499828,1.2573780924859692,1.3149478137523192,1.205706997036847,0.8643169321659073,0.0997648112761198,1.0,1.0,0.0,0.4,0.4,101,1462.9310291694856,33584.1991856969
9,51,0.8323694852699706,1.2548054142840228,1.311934471820686,1.2202512851076999,0.8089854256339317,0.10051074139506573,1.0,1.0,0.0,0.4,0.4,103,1482.797862781928,33616.17258400573
9,52,0.8293289756578679,1.2013093338656038,1.2160316693549476,1.1889300709911277,0.9388680436433484,0.09648768749283004,1.0,1.0,0.0,0.4,0.4,104,1517.3993287115634,30555.562226817136
9,53,0.82917810471725,1.200275338798793,1.2148205321418546,1.1999148395711003,0.8036124726333344,0.0965807744317472,1.0,1.0,0.0,0.4,0.4,106,1510.481641855537,29755.29614690703
9,54,0.8289556585482463,1.1763346259696377,1.1646164078187313,1.1778905467321086,0.810708649259866,0.09628026809741433,1.0,1.0,0.0,0.4,0.4,107,1514.389797097038,29699.185392702253
9,55,0.8232501952945216,1.2113524896534247,1.2832033942812644,1.2327977470304137,1.103196662649054,0.0868461867282755,1.0,1.0,0.0,0.4,0.4,108,1530.8279851984466,27328.319436105
9,56,0.8231994600183844,1.2221307940502544,1.306909216939228,1.2622315182864696,0.8005955421841433,0.08888356826505919,1.0,1.0,0.0,0.4,0.4,113,1473.974269064633,33325.56396917159
9,57,0.8214412903352446,1.2068323514967756,1.2889910396318371,1.2608265010208999,0.9068585180150414,0.08751940219073391,1.0,1.0,0.0,0.4,0.4,114,1480.3783178893416,25691.763528223863
9,58,0.8197909616495889,1.2026565364328112,1.295181763100301,1.2711197221728372,0.8537035950943146,0.08893748738780143,1.0,1.0,0.0,0.4,0.4,116,1650.4291354285026,25771.472743782284
9,59,0.8186679738950925,1.1691747914122677,1.2338024078651872,1.288451914127685,0.8129238352863253,0.08758637044958276,1.0,1.0,0.0,0.4,0.4,122,1536.058902817048,21971.072467647664
9,60,0.8159447229501113,1.1620977038146094,1.2476768776727791,1.2938093830694966,1.0057288423735793,0.08696232915561106,1.0,1.0,0.0,0.4,0.4,123,1732.9328645976752,21666.740121345483
9,61,0.8145884705958996,1.1346402451977058,1.2044353815843363,1.2958227927329262,0.8567594393050924,0.0950874839831998,1.0,1.0,0.0,0.4,0.4,125,1680.3810120509977,25318.86239617235
9,62,0.8145855049640254,1.1458076654629321,1.228597103113065,1.3074084857631432,0.8001287943689182,0.0950874839831998,1.0,1.0,0.0,0.4,0.4,127,1679.8117709813723,25313.523418244917
9,63,0.8144927647057547,1.1334481076975615,1.2030392076965808,1.3186265931446526,0.8080696052053267,0.0933277723617338,1.0,1.0,0.0,0.4,0.4,128,1776.3204555740783,24195.60407568353
9,64,0.8139518628296107,1.1489934234118333,1.2434101419257542,1.325863258529218,0.8479355155633576,0.09252463034875684,1.0,1.0,0.0,0.4,0.4,129,1764.661069736737,26306.40860249359
9,65,0.8112975335614474,1.1006806535813065,1.175741836306584,1.3061211083169657,1.059177778319674,0.08969622218022294,1.0,1.0,0.0,0.4,0.4,130,1650.1459428726769,21448.92130341125
9,66,0.8100156756074717,1.0802903666040793,1.1518595726492697,1.3202552461700021,0.871207608133745,0.08852712269999294,1.0,1.0,0.0,0.4,0.4,132,1693.835702332644,21493.070742006887
9,67,0.8097385985772341,1.0756279857398265,1.14639869419225,1.3273754175893184,0.8162811257864577,0.08985232821602714,1.0,1.0,0.0,0.4,0.4,134,1719.129359940449,21629.97250837749
9,68,0.8086212775245856,1.055795214951897,1.1231695050111474,1.336884045110962,0.8693258944862482,0.08914424488751543,1.0,1.0,0.0,0.4,0.4,136,1855.182788122504,21228.2441752682
9,69,0.8085729064156921,1.0548885886557167,1.1221075126070998,1.3486510033105512,0.8031455601188924,0.08930267256609115,1.0,1.0,0.0,0.4,0.4,138,1931.9448302988724,21346.822955102027
9,70,0.8080911339883026,1.0457088050714995,1.1113556351082023,1.3516040009746138,0.8320276444081289,0.08957582900993742,1.0,1.0,0.0,0.4,0.4,140,1931.9534190271224,21550.08037223653
9,71,0.8076638958270883,1.0484493706999682,1.1256471592080484,1.3741742440184068,0.8196951151095435,0.0908327287709708,1.0,1.0,0.0,0.4,0.4,143,1817.330856107924,21141.94553220977
9,72,0.8076171464594233,1.0475037644310312,1.1245396950254398,1.3855641802779286,0.8033034761643836,0.09024976106731984,1.0,1.0,0.0,0.4,0.4,145,1854.2636525082803,21416.6574865333
9,73,0.8074418629801431,1.0439239326347427,1.1203467114849115,1.381410276214201,0.8250041888052355,0.0898811182246408,1.0,1.0,0.0,0.4,0.4,146,1931.0064842342128,21288.223184948387
9,74,0.8071812295810085,1.0384932359916792,1.113986042985463,1.3923893593613723,0.837942788091863,0.09006127882861051,1.0,1.0,0.0,0.4,0.4,147,1912.9639582248376,21617.98546923052
9,75,0.8070539555987131,1.0358131918998592,1.1108470467162483,1.4036275876106776,0.809431124289966,0.09079708057585753,1.0,1.0,0.0,0.4,0.4,149,1928.8859697326172,21790.63481877153
9,76,0.807045794490734,1.0468197342950671,1.134820253930684,1.4272963199874402,0.8004062509805274,0.09147527891123408,1.0,1.0,0.0,0.4,0.4,152,1988.9933359568024,19802.57258311497
9,77,0.8064045067245404,1.0662922822645826,1.1908727838741453,1.4885788678330285,0.8065841802031884,0.0913250513701358,1.0,1.0,0.0,0.4,0.4,167,1877.035231738068,21929.956060611992
9,78,0.8064045067259428,1.0887008086207288,1.2392823149164098,1.5175073557146992,0.8000000431543781,0.09132505140209111,1.0,1.0,0.0,0.4,0.4,171,1877.035234448506,21929.956082318407
9,79,0.8063020334738179,1.0863603006073952,1.236541016266036,1.508673939567514,0.8163755888479445,0.09145252508846871,1.0,1.0,0.0,0.4,0.4,172,1906.8841380986544,22834.07885859636
9,80,0.8062083397028122,1.0841916122108186,1.2340008957874762,1.5296014731700165,0.8151208481119754,0.09115681300334226,1.0,1.0,0.0,0.4,0.4,173,1805.5910168494927,21791.193223623264
9,81,0.8059619024576835,1.0783971879710883,1.227214249241251,1.5244064218179694,0.8404972227728843,0.0921217182747422,1.0,1.0,0.0,0.4,0.4,174,1927.3827113916925,22840.53604776848
9,82,0.8059130513524,1.0884298294241521,1.2500465938094603,1.5368476592308702,0.8040756028987475,0.09212171830664674,1.0,1.0,0.0,0.4,0.4,176,1920.2744061580056,22797.09254099238
9,83,0.8058060830363192,1.0858532190319719,1.2470287243847231,1.5445006905959282,0.8090017802942466,0.09195091117388857,1.0,1.0,0.0,0.4,0.4,178,1977.214613328185,23050.09189781844
10,0,0.7922326238700641,0.9480128548427701,0.890135917967599,0.007990598170689141,0.0,0.0,0.0,0.0,0.0,0.4,0.4,1,4142.118626963242,8787.441425597292
10,1,0.7768208469052766,0.9436990002811487,0.885068883369965,0.011070840101667173,0.015475819248938621,0.05157062828531409,0.00010196117805215999,0.00010985789032766,0.0,0.4,0.4,3,4167.72697989299,8929.762531177656
10,2,0.7742205442848391,0.948275787589718,0.8892029844596047,0.02033986006497623,0.026951706640552093,0.033029202424883594,0.01469684997786569,0.00341769688157765,0.0,0.4,0.4,4,4442.534521102825,9643.839795151038
10,3,0.5619030986184077,0.9270853048914875,0.8636080871979084,0.0828253577615227,0.7883612943674265,0.06323992110201436,0.09203802457461996,0.09916620622521369,0.0,0.4,0.4,5,2976.852578017777,6589.6696206581255
10,4,0.4514085496729735,0.8544542548192194,0.7843768421763794,0.04978995500584303,0.175378366146458,0.0555236481013322,0.05036297094845639,0.055612553297022096,0.0,0.4,0.4,7,2260.7626319686265,15966.85785334931
10,5,0.4357946376647695,0.8510284353878721,0.7782325527062998,0.06445098657157282,0.10997721998357965,0.059095396424664035,0.06339484693189723,0.0737009038502612,0.0,0.4,0.4,9,1783.9079778738628,35210.97798208216
10,6,0.8245381730337303,1.2565445662985586,1.1954272838894142,0.47765287844887805,0.5119309008744212,1.0,0.14217499445409917,1.0,0.0,0.4,0.4,10,3015.461226495648,6696.251669074087
10,7,0.3625987908190591,0.7942029737458142,0.7168858637055463,0.04215978353975456,0.15396665293726924,0.04009005778823767,0.032733741758117066,0.028298458352595517,0.0,0.4,0.4,11,2208.075488472858,15887.647316322826
10,8,0.3576940276265663,0.7942639308384202,0.7152159665014901,0.06129119162635753,0.10520359138570479,0.03478215073562269,0.05843769454929069,0.02801463984375095,0.0,0.4,0.4,12,2695.081068168636,15858.19841336781
10,9,0.3309732383179401,0.7715161100252255,0.6908563995932111,0.04323483210432232,0.08674111437378781,0.04507014923787312,0.028047164456442442,0.025062937863793773,0.0,0.4,0.4,13,2206.5335649196654,15839.769050270226
10,10,0.4748972053674124,0.916822674866378,0.8355544030240283,0.2020807059318049,0.1949710993933667,0.15986237926895377,0.048733434213417894,0.3765276930791608,0.0,0.4,0.4,14,2625.6700285959405,15987.887213973016
10,11,0.32094010727341643,0.7655460388745685,0.682967651951278,0.05217821985053864,0.07983051612607435,0.053287597201573535,0.03165859773321174,0.034535916125610626,0.0,0.4,0.4,15,2214.141045561318,15794.605591607466
10,12,0.47737255446484944,0.9236741247007967,0.8401697831988558,0.21925874394031555,0.208895606953227,0.25177342644914413,0.028240233939682457,0.4467913984148916,0.0,0.4,0.4,17,2106.6785225797485,15418.788587569585
10,13,0.30221681273925544,0.761477292362018,0.6899117025065118,0.058139253416214356,0.06622535038113753,0.04381608033966499,0.03202465620276515,0.025006256240176623,0.0,0.4,0.4,18,1053.2507789206943,12445.873326741748
10,14,0.6918669857636197,1.1515434628996775,1.0796896452194216,0.45967494499553135,0.42621831361249046,1.0,0.03640335492573933,1.0,0.0,0.4,0.4,19,1406.498804345208,12493.53675784094
10,15,0.998263239710917,1.485294506089125,1.4267522218508364,0.8438773642401063,1.3175072967527264,0.09272115414834632,1.0,1.0,0.0,0.4,0.4,20,1108.0781251996086,14412.438778360116
10,16,0.9927840352651711,1.4903275386241521,1.4437288774402366,0.8505518923913556,0.8215524749448594,0.0940104143572878,1.0,1.0,0.0,0.4,0.4,22,1147.853852601444,14179.867499483847
10,17,0.9747951441190641,1.4687943520071056,1.4185079849886697,0.8635245629792099,0.8376217084898747,0.08372085765249389,1.0,1.0,0.0,0.4,0.4,26,1438.9318500907684,13141.12975234572
10,18,0.9696294454969504,1.4621968206532308,1.4107806041145596,0.8699641886642648,0.8230158853410826,0.0940572495202375,1.0,1.0,0.0,0.4,0.4,28,1428.7956721939504,15564.37120637729
10,19,0.9688352919938187,1.472365122669376,1.4337719358681253,0.8856656198614639,0.8035985977208087,0.0940572495202375,1.0,1.0,0.0,0.4,0.4,30,1411.0526339617998,15413.093830635862
10,20,0.9653436736456588,1.4678135269908528,1.4284409111625802,0.8871611473542095,0.8106816616209297,0.08788390794311743,1.0,1.0,0.0,0.4,0.4,33,945.0187170327396,22546.7740781618
10,21,0.955921007670853,1.4576662536442213,1.4165558480709795,0.903820076964929,0.8449517964248002,0.1126223442803151,1.0,1.0,0.0,0.4,0.4,35,1198.675804292189,23488.15645190256
10,22,0.9334976555527259,1.4321254813193183,1.3977229203091661,0.9086621614975242,0.918668182170433,0.11262234428031506,1.0,1.0,0.0,0.4,0.4,37,1040.326297874571,21191.56361337016
10,23,0.9268505336217634,1.4209895185759658,1.3846798688365562,0.927870700774462,0.8259586165634644,0.1274097151782617,1.0,1.0,0.0,0.4,0.4,40,1459.3267558175453,22829.40716065246
10,24,0.9168070271972741,1.4142444446059113,1.3878613185555957,0.9415092328723301,0.8627729320811208,0.12674818147078115,1.0,1.0,0.0,0.4,0.4,42,1458.6875188015788,20267.30435372835
10,25,0.9160727515277219,1.4016315170176217,1.3620065770695466,0.9490053217060055,0.8031961849194449,0.12751597456908212,1.0,1.0,0.0,0.4,0.4,45,1440.1587954754525,22208.65182241906
10,26,0.9144644486589957,1.398594840368036,1.3584499359654996,0.955273940103449,0.8106016644670689,0.1267130744420623,1.0,1.0,0.0,0.4,0.4,47,1408.7764237605877,22309.24499686132
10,27,0.9102499045850223,1.401666051905766,1.3731287903811373,0.9558772212494374,0.8284889908058412,0.15780500288435634,1.0,1.0,0.0,0.4,0.4,49,1362.6956398422235,11835.778634584223
10,28,0.9101277809913048,1.4014066983150992,1.372824989032312,0.9580256394605474,0.8016838570802978,0.15970184200378482,1.0,1.0,0.0,0.4,0.4,50,1368.3144723241828,11829.265906300709
10,29,0.9001028539466669,1.3807045715558182,1.3485775075979864,0.962914983890916,0.9446344971268262,0.15863192360982886,1.0,1.0,0.0,0.4,0.4,51,1312.064686749596,7684.871781936677
10,30,0.9001028534570215,1.3807045715558182,1.3485775075979864,0.9629149838895523,0.8000006975449077,0.15863192349307087,1.0,1.0,0.0,0.4,0.4,52,1312.06467516168,7684.871649779394
10,31,0.8958301957697519,1.3712724439374389,1.3375300963463654,0.971089227860544,0.8659512655878069,0.15958366620399994,1.0,1.0,0.0,0.4,0.4,53,1304.1553844874825,7593.89501504797
10,32,0.8958301954423571,1.3712724439374389,1.3375300963463654,0.9767273104840615,0.8000001283941851,0.15958366609025693,1.0,1.0,0.0,0.4,0.4,54,1304.155374347698,7593.894885805523
10,33,0.8952729481826947,1.3700196139358534,1.336062729269954,0.9778415143723357,0.8088094341478431,0.1586126459548311,1.0,1.0,0.0,0.4,0.4,55,1313.9017685372723,7537.790033167461
10,34,0.8934481479048654,1.365826189498231,1.331151121026977,0.9831637194972456,0.8292022976367526,0.16053987556497198,1.0,1.0,0.0,0.4,0.4,56,1291.9523094398992,7651.808604537798
10,35,0.8932807770372202,1.387834829204035,1.3790922861884822,0.9958354924993118,0.802707505540991,0.1501874139553519,1.0,1.0,0.0,0.4,0.4,57,1452.3927512651694,5872.037571292622
10,36,0.8907415702329993,1.3818628580269898,1.3720975061911826,1.0022867761086638,0.8416341294363752,0.2190712629105628,1.0,1.0,0.0,0.4,0.4,58,1396.1861922633657,7858.721366964548
10,37,0.8888825315594021,1.377397428604034,1.3668673986507545,1.0053833989100565,0.8312055271262331,0.2207775017230027,1.0,1.0,0.0,0.4,0.4,59,1423.1829438457048,7699.969487224122
10,38,0.8772575180176101,1.3475871525087164,1.3319518967637087,1.0050121617926397,1.0106317863035348,0.15399554298120724,1.0,1.0,0.0,0.4,0.4,60,1471.083865490257,6122.57052330877
10,39,0.8758191008589369,1.3432077183765356,1.3268224439250293,1.0045678703769223,0.8140775307785509,0.21950979728692022,1.0,1.0,0.0,0.4,0.4,62,1409.2478284092954,7536.849521164813
10,40,0.8756803301505862,1.3428150122474904,1.3263624768720559,1.0103590576081674,0.8027412887788614,0.21903631008355823,1.0,1.0,0.0,0.4,0.4,63,1406.856825892357,7532.547016201586
10,41,0.8739576313535823,1.3378819941162468,1.3205846082819526,1.0111530662364068,0.8344536446703118,0.2176404186960863,1.0,1.0,0.0,0.4,0.4,64,1424.0205914913945,7179.304864943301
10,42,0.8680907632131638,1.3314733788584086,1.3241602123643605,1.033294740687423,0.8616837081605797,0.21388439231558123,1.0,1.0,0.0,0.4,0.4,66,1535.0669468843512,6426.211444164961
10,43,0.8625630770423618,1.324604184448786,1.3271965198407214,1.0376605140299047,0.8629328701975416,0.1559640430452454,1.0,1.0,0.0,0.4,0.4,68,1338.4906429949406,5881.6736924444
10,44,0.8600324322030404,1.3158494193394519,1.316942404119835,1.0440646181380235,0.8305930619269063,0.15757256152680263,1.0,1.0,0.0,0.4,0.4,70,1345.5213943597212,6208.501006678477
10,45,0.8562628226067185,1.2685436321384747,1.2282900209721352,1.0699973634734083,0.8087122348732418,0.15419748787243145,1.0,1.0,0.0,0.4,0.4,81,1186.3660147089054,14515.041302549083
10,46,0.8552448665414396,1.275860925270007,1.2479419656747779,1.0836424578417052,0.8134569963142572,0.1541974878724315,1.0,1.0,0.0,0.4,0.4,83,1145.4298542947377,14199.952763892008
10,47,0.8533814016758592,1.2686313370771773,1.2394743724861748,1.0896933248675742,0.8505066107096227,0.1939972028771516,1.0,1.0,0.0,0.4,0.4,84,1258.527292439072,14188.693759016403
10,48,0.8530653378135158,1.2561787744645276,1.2138075547718397,1.0860422785611883,0.8087261713369707,0.15227677284654562,1.0,1.0,0.0,0.4,0.4,85,1178.3932660712835,14587.304934028343
10,49,0.8527561571977085,1.2549462892732843,1.212363940630261,1.079466626265072,0.8085842653143884,0.1535038308180184,1.0,1.0,0.0,0.4,0.4,86,1090.560506978727,11989.9076675146
10,50,0.8520675376422473,1.2521834982217523,1.209128029762296,1.089503494320769,0.8096484808211064,0.15265440531482416,1.0,1.0,0.0,0.4,0.4,88,1067.3194136379504,12104.25333755689
10,51,0.8514286540458598,1.2495909881038423,1.206091525438409,1.096048674565914,0.8181226983738642,0.19640825183021154,1.0,1.0,0.0,0.4,0.4,89,1229.4176447688217,12001.050968678954
10,52,0.8510297513710119,1.2479543421424366,1.2041746242279148,1.0961225649480224,0.8114167906174419,0.15173376219862847,1.0,1.0,0.0,0.4,0.4,90,1071.4581081288682,11908.780284936774
10,53,0.8495993822462853,1.2419914320994092,1.1971904739970323,1.1060871485741033,0.8208247304627097,0.1545860417485899,1.0,1.0,0.0,0.4,0.4,92,1126.4872651267106,11824.824238655468
10,54,0.8468999715998746,1.2414913600804902,1.2076864497118218,1.132939738097217,0.8408804508370783,0.15537925184688678,1.0,1.0,0.0,0.4,0.4,94,1205.4803828083204,12954.515513092225
10,55,0.8454632852600725,1.2350034171587958,1.2000874134248174,1.139548024634351,0.8226594690946507,0.1532370146869615,1.0,1.0,0.0,0.4,0.4,96,1235.1267197666384,13108.300704294084
10,56,0.84480147135339,1.231950327889102,1.1965114812631992,1.1464716113168605,0.8106635105640396,0.15312781388917135,1.0,1.0,0.0,0.4,0.4,98,1235.084719145342,13064.236798803602
10,57,0.8442985645687309,1.2296046909319847,1.1937641459553539,1.146340974617733,0.8163978162784911,0.15078913428711604,1.0,1.0,0.0,0.4,0.4,99,1271.0724395350912,12687.859192246313
10,58,0.8441443460961032,1.2288784324922009,1.1929135021786426,1.1533944392794369,0.8050645484109269,0.15139572985170088,1.0,1.0,0.0,0.4,0.4,100,1243.5809688850743,12725.271893826935
10,59,0.8437482825670006,1.2157982581252087,1.1665115901854972,1.1566182200720867,0.8043615902957719,0.1488245110220643,1.0,1.0,0.0,0.4,0.4,103,1078.3538216913153,12848.229631834614
10,60,0.8426045639747057,1.2103020819665056,1.1600741511508166,1.1596530394106823,0.838395656510023,0.15192965359366212,1.0,1.0,0.0,0.4,0.4,104,1198.3098577388937,13447.233959914618
10,61,0.842227805330423,1.208465749127118,1.1579233294633107,1.1665622294239468,0.806430425787761,0.151884638420328,1.0,1.0,0.0,0.4,0.4,106,1228.720172217239,12887.70421521797
10,62,0.836658774064172,1.1793174487094937,1.123783209982112,1.1674146563909233,1.0035169405871143,0.1484859839160042,1.0,1.0,0.0,0.4,0.4,107,1197.7074973786318,14841.590935361408
10,63,0.8347799065620832,1.2918115985079903,1.377441654065144,1.225112427831279,0.8030065397823123,0.0942992262226518,1.0,1.0,0.0,0.4,0.4,132,1285.9855852533467,30442.613433755207
10,64,0.8274896393552372,1.2892057531362422,1.418716380903113,1.3455473576316868,0.8331218314828699,0.10317445035344538,1.0,1.0,0.0,0.4,0.4,142,1300.9484856138104,55207.08423779606
10,65,0.8261143699180211,1.2902248742660802,1.430991792639241,1.360088619027976,0.8355851105796701,0.10078559673898475,1.0,1.0,0.0,0.4,0.4,144,1352.6117064873863,46869.87174969306
10,66,0.8257804679871262,1.287679379466188,1.4280103400068582,1.3714065316891024,0.8059290900098726,0.10113144332772228,1.0,1.0,0.0,0.4,0.4,147,1342.389019660237,46530.4682839577
10,67,0.8253631524502616,1.2844505383895033,1.424228570948638,1.378808271038471,0.8112530300164807,0.10076594665482683,1.0,1.0,0.0,0.4,0.4,149,1349.2524865169908,47033.27087106968
10,68,0.8245179306693156,1.30019878931282,1.4648373626053477,1.389974593082548,0.8466012600957595,0.10163727525159168,1.0,1.0,0.0,0.4,0.4,150,1232.7680850718702,48334.6622169061
10,69,0.8228874722532531,1.264314305094366,1.40064380951931,1.3843143069854662,0.8470065794218625,0.10286334622776154,1.0,1.0,0.0,0.4,0.4,152,1245.6752658457203,49721.37501850864
10,70,0.82107984420238,1.2595741352493928,1.4061735846105128,1.3950115385454507,0.9113561258872022,0.10468620979801065,1.0,1.0,0.0,0.4,0.4,153,1240.0185984468349,57934.7556989497
10,71,0.8188076704709555,1.2153744364038754,1.3322410657797503,1.4042889410198311,0.8760824883751938,0.1007952892909169,1.0,1.0,0.0,0.4,0.4,155,1233.5149234429148,51388.13390481493
10,72,0.8187868237202964,1.2263683274044164,1.356199378198034,1.4084868439517688,0.8007337344627372,0.10079528929091697,1.0,1.0,0.0,0.4,0.4,157,1236.161330388452,51400.28792090497
10,73,0.817728791725066,1.2154394030251368,1.3433988428777481,1.430729949171881,0.8381708874316609,0.09086704328111343,1.0,1.0,0.0,0.4,0.4,159,2716.220411190975,47950.71652081631
10,74,0.8177243668827233,1.2265969073323808,1.3675490160182706,1.4505825593400061,0.8001633836120767,0.09086704328111356,1.0,1.0,0.0,0.4,0.4,161,2708.936254753485,47929.27608528753
10,75,0.8156859825248401,1.2375181382959854,1.413585615747592,1.4566798915708068,0.8264164848434281,0.09694374592249572,1.0,1.0,0.0,0.4,0.4,167,1235.6096248136316,48653.917412749695
10,76,0.8153196498231297,1.2443890423535358,1.432714864652234,1.484136333375342,0.8151332555561673,0.09955671436798949,1.0,1.0,0.0,0.4,0.4,169,1348.1114816279728,51666.31168236321
10,77,0.8150272778962765,1.2296650415038406,1.404387652620808,1.4755664435173994,0.812278641345545,0.10084977077690085,1.0,1.0,0.0,0.4,0.4,171,1339.2318389324562,51942.748053054114
10,78,0.8144835189113502,1.2341721863362374,1.420748306684771,1.4989740345488753,0.8234032842426688,0.10056412087179552,1.0,1.0,0.0,0.4,0.4,173,1338.4559920813676,51509.03299692814
10,79,0.8143777311973356,1.2328448156849938,1.419193670538395,1.5150699047055642,0.8046462107741279,0.10105566174680616,1.0,1.0,0.0,0.4,0.4,175,1348.3833277222427,51146.14778445404
10,80,0.8136624721132898,1.2348683549724897,1.43264531185963,1.5023258222082805,0.8213671775031515,0.09891202350048012,1.0,1.0,0.0,0.4,0.4,178,1241.488703518961,49760.59108435125
10,81,0.8134581059308463,1.243378811392923,1.453695202077765,1.5298431927311116,0.8062767241776703,0.09765683720871297,1.0,1.0,0.0,0.4,0.4,181,1241.751641816023,49112.2343498663
10,82,0.8129551593107319,1.2478126123292115,1.469970030620289,1.5415790823871798,0.8236582657368021,0.09663220959481375,1.0,1.0,0.0,0.4,0.4,183,1227.4595885395595,49164.16358640449
10,83,0.8126594731574773,1.2325300695014625,1.4409885630274935,1.5440920399850628,0.814233382160199,0.09726906610711053,1.0,1.0,0.0,0.4,0.4,185,1266.867961008324,49576.706960224
10,84,0.8123724725551149,1.2285016260888855,1.436270193439439,1.5516132152726625,0.8140780902442066,0.09600536163889994,1.0,1.0,0.0,0.4,0.4,187,1253.1185470482692,48250.93694905691
10,85,0.8123197239941183,1.2277632291488132,1.4354053766408388,1.5918785833374662,0.8007481214563237,0.09706501690795796,1.0,1.0,0.0,0.4,0.4,194,1274.0273939498252,49752.72872791114
10,86,0.8121406488625322,1.2252076474261466,1.4324121131568819,1.5956116006654124,0.8089374104336888,0.0961808018314386,1.0,1.0,0.0,0.4,0.4,196,1270.4558394724947,49573.32937380108
11,0,0.9479124776397997,0.9880552028219449,0.9370358909469955,0.011670124676483594,0.0,0.0,0.0,0.0,0.0,0.4,0.4,1,1594.1202572244688,7447.518020471225
11,1,0.9302208451988767,0.9839122534901418,0.932169534257972,0.0147609197793139,0.014838486671259301,0.04763842942806326,9.836315272015e-05,0.00010433135660194,0.0,0.4,0.4,3,1581.351922312843,7112.236651167639
11,2,0.894214289075758,0.9806106000703928,0.927042063557515,0.02345438640620997,0.08188252218225103,0.034426236360832155,0.01449090885411963,0.00410935365430019,0.0,0.4,0.4,4,1479.0671787135002,7243.502654430772
11,3,0.7201114691128305,0.9993701155247001,0.9460069887629254,0.10151295162535073,0.62130776785393,0.05840500879488052,0.10883419048372797,0.11543772666723182,0.0,0.4,0.4,5,672.148991959103,6258.860415249133
11,4,0.5701536695818419,0.9285567831213363,0.8661980342478416,0.08301703413115623,0.25364465006018644,0.07628838735027345,0.08522596353488758,0.09332939771587208,0.0,0.4,0.4,7,587.2918940694009,8454.806955516327
11,5,0.5662143937721152,0.9491764994435634,0.8975487496390993,0.11075410693858323,0.1366931194425233,0.08756204184205296,0.07867975926983078,0.15654699797856997,0.0,0.4,0.4,9,779.6410640237222,3943.817064781512
11,6,0.4726039731466851,0.8682574078698064,0.8145924289422478,0.05219455617297265,0.06660933853933919,0.08117765517137598,0.02127513368164307,0.04139364775065588,0.0,0.4,0.4,11,680.9375057650906,2672.2040780504717
11,7,0.4092812802311824,0.8331078876307154,0.7739277790404391,0.052509861284748736,0.13459819299399597,0.08456215928048373,0.01980745879785971,0.03549655261077299,0.0,0.4,0.4,13,773.416488488858,3215.931495577045
11,8,0.40755915503519297,0.8545219117871862,0.8211724976541185,0.051778410240669974,0.02903692356332501,0.08456215928048379,0.019807458797860188,0.035496552610773655,0.0,0.4,0.4,14,732.7921917939135,3330.1892671335445
11,9,0.44006187211618064,0.8599193361513483,0.7859756381269919,0.09839629350315475,0.1353787533452389,0.0753792649040716,0.08492960531539176,0.09114922930509864,0.0,0.4,0.4,15,636.6334115305863,5390.0281675922215
11,10,0.39768221347675237,0.8279861600348327,0.7510818961008434,0.08858421357108977,0.11623441054128053,0.07814081861147916,0.06938848889141155,0.070075167995901,0.0,0.4,0.4,17,851.9340343496588,7069.618665881288
11,11,0.8596223580897145,1.2987843602444262,1.2187125896929962,0.5786469570674806,0.6742342696894971,0.2053076010850922,0.3626987226820217,1.0,0.0,0.4,0.4,18,627.4293184772005,47562.53098732099
11,12,0.8049570314800554,1.252238493155446,1.1681573854112042,0.5600897072202573,0.603661706748785,0.21056092987270567,0.3048617147122785,1.0,0.0,0.4,0.4,20,605.4024863590231,49390.38200016271
11,13,0.30850729615529743,0.7695856900093998,0.6967149756802168,0.09878522612043845,0.05678121690315406,0.04951217419578925,0.05395851930149832,0.04239570376872826,0.0,0.4,0.4,24,543.1205893418369,10271.718242655374
11,14,0.5781239536297649,1.0524901726331763,0.9907497154747407,0.38425156530248417,0.3974295353430356,0.1056886919025239,0.1896107039500239,0.6132943669655905,0.0,0.4,0.4,25,1071.3535542447246,3869992.941665076
11,15,0.3589069634461108,0.8239512630415219,0.7466007094952057,0.1814481865035708,0.22550313825263302,0.08534166304386652,0.06557122790719142,0.23209267063451683,0.0,0.4,0.4,26,633.8941476988996,26464.90021971913
11,16,0.3583250972412002,0.8233740117515086,0.7460173666727488,0.185472317381369,0.11878456186769988,0.08959238389143913,0.06428147763935763,0.23202904919353418,0.0,0.4,0.4,27,632.1862403119899,26489.486300143188
11,17,0.6473138854368747,1.1106605771631188,1.0242674015706543,0.5219534853556911,0.8273627768853764,0.10449463740482404,0.14644123742093848,1.0,0.0,0.4,0.4,28,641.879047698956,155778.7618623991
11,18,0.6467477297387768,1.1211923503287415,1.0476845145234712,0.5295523989841253,0.46088543257676773,0.10449463740482397,0.1464412374209386,1.0,0.0,0.4,0.4,30,649.2224304520522,155649.475532883
11,19,0.4113772354543931,0.8857620817986205,0.8122116913107664,0.32239055860143684,0.22370330079068187,0.10060956018208007,0.11876150196929292,0.4397255211481452,0.0,0.4,0.4,35,1166.095828818201,322624.2541850255
11,20,0.38531296449373414,0.8590175243078532,0.784711204760191,0.30788747483685686,0.21647961954963396,0.10003828527637412,0.10689575563584881,0.3957652237174647,0.0,0.4,0.4,37,1127.202178650296,322355.4438068168
11,21,0.42970821604917814,0.9127524437444843,0.849684992517967,0.3691706075450084,0.28980686245484755,0.09812326114855487,0.11925731588251612,0.515446187131114,0.0,0.4,0.4,39,1152.5400773160943,376587.9482567275
11,22,0.3705049515013577,0.8421092197122712,0.7658255944257594,0.30249990869833504,0.2001819593995568,0.09847851856974445,0.10537791612571996,0.38387628770584736,0.0,0.4,0.4,41,1256.1580795642178,361918.66553262086
11,23,0.36575831715151796,0.8360577561936255,0.7587366109104187,0.308121948057959,0.21686149602126628,0.09812227991080533,0.10539038090172823,0.3838809351267403,0.0,0.4,0.4,43,1219.306413777992,361597.2595590004
11,24,0.3619642702851299,0.830664552082317,0.752201774487346,0.3118574914068495,0.24337295171185008,0.0980098812269118,0.10732460043410663,0.3851293533175334,0.0,0.4,0.4,44,1132.5004276603954,361305.7267668289
11,25,0.38317666820439605,0.8610955582307399,0.794330445837908,0.34966357137756343,0.2503820268641571,0.0983080336589236,0.1145591335884508,0.4449800148453275,0.0,0.4,0.4,46,1126.6595279331962,384584.9622242687
11,26,0.39003560904157514,0.8783245681612084,0.8239382463228613,0.38097569329239156,0.2470285447480126,0.1007037197555671,0.16200502763472735,0.42167229482341845,0.0,0.4,0.4,48,1163.8737145436617,17102721.68370723
11,27,0.36188954564191667,0.8480069883524949,0.792395258706997,0.3629706849226309,0.23506924261300127,0.10005868070609687,0.14611410022779028,0.37965689156650073,0.0,0.4,0.4,50,1123.9870173268716,17103007.860682648
11,28,0.37597316961368027,0.8817889948807303,0.8507824122572822,0.39075517933516335,0.28576029694397576,0.10948377471719697,0.15279749134258724,0.42178663159481244,0.0,0.4,0.4,51,762.306487318625,17119586.58858426
11,29,0.4175480256222325,0.9048807106394403,0.8574375075320518,0.43104532483975916,0.4240201276514468,0.11149810159197937,0.16988997042194504,0.5405919644729573,0.0,0.4,0.4,52,1211.1591782536966,5261091.01627739
11,30,0.3570199150473881,0.8393827669894229,0.7898399470609672,0.39144027130580455,0.27380983719303786,0.10185244538183096,0.21069155374428944,0.36669523525350034,0.0,0.4,0.4,54,1220.8644154498909,83615208.59166361
11,31,0.34547481333035945,0.8317138284549531,0.7923404858527289,0.3966433888029754,0.3439983209776104,0.10276183255141061,0.2058939345793621,0.3656403750887399,0.0,0.4,0.4,55,1185.1719224929243,83613919.92197384
11,32,0.3435288602813219,0.8279876933574151,0.78796246839461,0.40300554310277237,0.24198574403480178,0.10261457826373199,0.2060171081213292,0.3657173367577944,0.0,0.4,0.4,57,1218.7942781408012,83609298.04632679
11,33,0.3403141611670382,0.8094091335135002,0.7549059929470784,0.39758299211454257,0.29019214520631703,0.1045231033874688,0.2079396930863951,0.3669242953850174,0.0,0.4,0.4,58,964.3726240034764,83615563.28465873
11,34,0.3375454233164,0.8041552301583919,0.7487969075926718,0.40013736618087026,0.2645578320732448,0.10384947096573276,0.2081876144750491,0.3660241825423776,0.0,0.4,0.4,59,972.2135584773284,83610994.03797017
11,35,0.289129962720316,0.7531084116530713,0.6968644734905495,0.35706290289846576,0.21994303099456816,0.10380007258745765,0.1367787771805447,0.3227447586165539,0.0,0.4,0.4,60,984.4235874866464,16793698.777908858
11,36,0.6618093346379101,1.1617435105867981,1.1546506142171835,0.7700325138353623,0.6805498284759897,0.09697553971190198,1.0,0.410690030156095,0.0,0.4,0.4,61,1130.503924478109,17163981.758465976
11,37,0.6617075034827342,1.1611596838481473,1.153916684655639,0.7771104880190542,0.567628777429564,0.09718757766234169,1.0,0.4114209497171254,0.0,0.4,0.4,63,1140.6865666694289,17174824.089557577
11,38,0.6251581592356866,1.0813370873029315,1.0519449781971253,0.7570143649994854,0.9228282973318062,0.11013074399424665,1.0,0.3734261875432901,0.0,0.4,0.4,64,926.9816482469312,19547579.13792851
11,39,0.608122643396621,1.0273014788287793,0.9886369799528718,0.7590455069797964,0.7402850888449083,0.1085177454864618,1.0,0.3736955491677413,0.0,0.4,0.4,66,1035.5646343412986,17172379.401118387
11,40,0.6060144276808483,1.030352174591375,1.0032918189703095,0.7748209871774285,0.5765126283794344,0.1085177454864618,1.0,0.3736955491677436,0.0,0.4,0.4,68,1051.2160491320044,17168953.91195851
11,41,0.578245702717217,0.9758605208588246,0.9322348453967303,0.744170715532759,0.6717228615089432,0.10690446767740018,1.0,0.3175164049417803,0.0,0.4,0.4,69,1026.041027686358,17127792.135511693
11,42,0.5772414149342898,0.9828709321872936,0.9515276089798329,0.7604305140211581,0.5415133647504375,0.10690446767740018,1.0,0.3175164049417797,0.0,0.4,0.4,71,1057.411664614679,17122855.85911023
11,43,0.578056777709147,0.9568236320032282,0.8984802161688528,0.732359754949848,0.5699445763606286,0.10646874280720624,1.0,0.3230031946091903,0.0,0.4,0.4,72,1052.0229165633814,17125809.092684265
11,44,0.5748558655306097,0.9711842922566767,0.9377575026233214,0.7809174812003981,0.5365026392400886,0.10783883209666374,1.0,0.31871315951713225,0.0,0.4,0.4,77,1873.3523301662092,17125987.8408131
11,45,0.5718232871336627,0.9593556487638029,0.9239988657368453,0.7861764236593062,0.5659766700297802,0.10774232624587284,1.0,0.31731526640125646,0.0,0.4,0.4,79,1791.3569363396405,17125184.66658543
11,46,0.6112662723113385,1.0027238490430486,0.9787827020928915,0.8196037979242953,0.6336724926196848,0.09658879117988328,1.0,0.4208632705047757,0.0,0.4,0.4,80,1440.153940295835,5206200.73206474
11,47,0.6097124505076871,1.0061539156808503,0.9938818915928866,0.8464289101168269,0.595022381232688,0.09658879117988328,1.0,0.4208632705047748,0.0,0.4,0.4,82,1374.543763011066,5210753.572491505
11,48,0.6105698000383573,1.0155099619333574,1.0156499627866449,0.8579869136055833,0.5956609987404048,0.10224500375360143,1.0,0.4248330679107254,0.0,0.4,0.4,83,3410.585436256584,5210149.575754503
11,49,0.6243167665300985,1.0383175963512934,1.0510119991880411,0.8714905184925572,0.6006095960284786,0.09803919634405957,1.0,0.4603537586738516,0.0,0.4,0.4,84,3349.2648347400805,5205266.2657558825
11,50,0.6073456851349878,1.0011187893796227,0.99889932059828,0.8631739881634066,0.6483967237431866,0.10082915834941467,1.0,0.42329855850639175,0.0,0.4,0.4,85,3393.3655280098915,5209847.463759988
11,51,0.601068622894323,0.9525962559850737,0.9309729537079531,0.8564698056655811,0.699438370534895,0.09860095051615045,1.0,0.42347852454264273,0.0,0.4,0.4,87,3159.8040973118527,5206056.506999488
11,52,0.6005263010002617,0.9482967269042553,0.9259118181586175,0.8632167156219812,0.5850694920873106,0.09889169285264916,1.0,0.4238479697278953,0.0,0.4,0.4,89,3118.751830848315,5205347.410529341
11,53,0.6239242980259587,0.988082828982735,0.990484133366571,0.8865430345046292,0.6187825727749079,0.0949969371994238,1.0,0.4850248047541812,0.0,0.4,0.4,91,1532.809042820418,5213503.859273693
11,54,0.6108728402899785,0.962596308238903,0.9517496036616012,0.880715246676078,0.59127157108941,0.08700575780032267,1.0,0.45293228802946855,0.0,0.4,0.4,92,1566.0109427340035,5211670.025420465
11,55,0.602920819959049,0.9301849106583979,0.9252772221992774,0.8748076963621648,0.8667771706300037,0.08818944318780415,1.0,0.4469769990654201,0.0,0.4,0.4,93,1543.2502394003682,5213216.779378878
11,56,0.5892593498959525,0.8964067380120591,0.8767632915926428,0.8787532882297935,0.6017661162794029,0.08937782405520908,1.0,0.4158734376248928,0.0,0.4,0.4,95,1512.2149212203483,5215512.339547252
11,57,0.5983281745933079,0.9011284244203103,0.8806423173600358,0.8953582110622359,0.6103841320930136,0.0971335675129803,1.0,0.4399772882510174,0.0,0.4,0.4,96,3203.29747838801,5210376.071584813
11,58,0.5873396100934499,0.8840698534360089,0.8732594528370142,0.9023084146405217,0.634970683340682,0.09282542265159832,1.0,0.41785646640098684,0.0,0.4,0.4,98,3388.109450522368,5214551.187381242
11,59,0.5827635282554925,0.8768822940116912,0.8655727714002297,0.8979769345933946,0.5830722390859534,0.08874528555457063,1.0,0.4071740873090219,0.0,0.4,0.4,99,3278.8874463340208,5209570.816560088
11,60,0.5790897913933057,0.844699313770804,0.8279812760405135,0.9087990525871729,0.783198403734497,0.08932772583360755,1.0,0.4056698876664508,0.0,0.4,0.4,100,3157.4241816049007,5209710.261254503
11,61,0.5827771473089497,0.8342151409196918,0.8148373641111587,0.9015227588497876,0.6216471416012753,0.08988823471257297,1.0,0.4182859873938993,0.0,0.4,0.4,102,3162.845988148419,5215330.630390702
11,62,0.5809773471745077,0.8304891345874328,0.8107515273093103,0.9106009808454911,0.5802374290553711,0.08967364791637844,1.0,0.4142238648218105,0.0,0.4,0.4,103,3157.94337796042,5214056.167164346
11,63,0.5817571893685112,0.8228006738730049,0.8014835334276026,0.9185542188052694,0.6316654138727804,0.0894157245299845,1.0,0.4180620168756538,0.0,0.4,0.4,104,3094.2661616407004,5214972.040492254
11,64,0.5816917208666389,0.7883516100548374,0.7278894611102805,0.8579076221527718,0.5729361569178222,0.08941572452998474,1.0,0.4180620168756475,0.0,0.4,0.4,105,3095.015655186676,5210913.089538195
11,65,0.5813357287513923,0.8286233927859417,0.8193850443111044,0.936156245931113,0.5986501169704845,0.08941572452998443,1.0,0.41806201687565103,0.0,0.4,0.4,106,3093.2681608339367,5212698.420471912
11,66,0.5765512197932494,0.7831763312437964,0.7664407915227456,0.9194783341522563,0.7184532301902347,0.08926568736465826,1.0,0.41388832995056807,0.0,0.4,0.4,108,3330.7004460768426,5269311.265202606
11,67,0.5909727024266079,0.8000807994374309,0.7947518102599818,0.9482828668741863,0.6130734780925349,0.0890321104216816,1.0,0.4514107837904196,0.0,0.4,0.4,110,3141.6135143916435,5272707.8591283085
11,68,0.5759828891337457,0.7698597394194049,0.7507953725411116,0.9331614984676382,0.5808224718742707,0.0884089861593426,1.0,0.41459277202445727,0.0,0.4,0.4,112,3279.3358489080592,5269950.98853896
11,69,0.5903456147474513,0.743228879400347,0.6838188319758614,0.8826164762988906,0.6355172205682298,0.08966217961251476,1.0,0.4516694387871823,0.0,0.4,0.4,113,3353.1583522503047,5279933.812161548
11,70,0.575319344152657,0.7435332167536671,0.7088381301397261,0.9356336635311825,0.6184471210803674,0.0891122138242085,1.0,0.415183037588678,0.0,0.4,0.4,114,3327.72656375992,5280792.8878641
11,71,0.574762506891364,0.7350031699154483,0.6988622798316879,0.942034484468437,0.5954656295101007,0.08864483918188135,1.0,0.4149635241634025,0.0,0.4,0.4,116,3259.266537444285,5280433.89128164
11,72,0.5717993832679318,0.7531757392646269,0.7428053078430117,0.9648396612268778,0.5654447931825852,0.08771934472717918,1.0,0.4077386461801279,0.0,0.4,0.4,120,3205.0235356284597,5267875.547974998
11,73,0.5620445401720593,0.7318908798559035,0.708461014085051,0.9587633849833092,0.5557627334893143,0.08800492768473968,1.0,0.38339817704120505,0.0,0.4,0.4,121,3249.081436756963,5273937.6771456525
11,74,0.5714042995532451,0.7410919379547737,0.7286085419241982,0.9750357779352863,0.6471332889229028,0.08905044899338951,1.0,0.4083776027050473,0.0,0.4,0.4,122,3221.107788817165,5273415.397024152
11,75,0.5737814335249262,0.7206629753356515,0.6930875524780648,0.9767029607579752,0.6089802016413342,0.08956279749733784,1.0,0.41584439603346307,0.0,0.4,0.4,124,3274.5500688878697,5281838.6361514665
11,76,0.5714963304900864,0.7117217596193233,0.6829492004348386,0.9850972383731808,0.5888014864157837,0.08906696519078149,1.0,0.41096737786192356,0.0,0.4,0.4,126,3244.082082560781,5280840.835815891
11,77,0.5707325857914929,0.7221281524498842,0.7063501810569865,0.9956913886955181,0.5637508359598477,0.08881855466099725,1.0,0.4090622448033683,0.0,0.4,0.4,128,3239.847214717115,5280663.812545579
11,78,0.8068033474560761,0.9855563814104852,1.0076564895183286,1.2882172704186892,0.8057268111872736,0.32299920610285027,1.0,1.0,0.0,0.4,0.4,136,3196.666677257444,5196931.261493864
11,79,0.8063430274736967,0.9752531881728267,0.995588817538222,1.2872690828727347,0.8359810956799795,0.32253318085716615,1.0,1.0,0.0,0.4,0.4,138,3158.747459034676,5196186.597263126
11,80,0.8059281011912733,0.9655420460126095,0.984214573777206,1.2939240925813573,0.8339129959255285,0.32251706970951866,1.0,1.0,0.0,0.4,0.4,140,3166.654083872846,5202196.588518609
11,81,0.805814876051658,0.9628184058986273,0.9810244627670122,1.3012242341570328,0.8190318110452796,0.3201823414261169,1.0,1.0,0.0,0.4,0.4,141,3179.7614134514524,5205794.60373487
11,82,0.8055664936537381,0.9567218013876359,0.9738837531369294,1.3006623479647312,0.842573327172318,0.3206417411449612,1.0,1.0,0.0,0.4,0.4,142,3182.4404825034103,5203227.583221254
11,83,0.5741241062372582,0.7574916484117924,0.8134053529725371,1.1498181656710285,0.5695415298643605,0.08960038524127312,1.0,0.4215401775790779,0.0,0.4,0.4,153,3252.7596131216574,5269073.9431008
11,84,0.5728183398012116,0.7344967813806614,0.7865494439783093,1.1434740707712132,0.6469128544649548,0.08953707658358352,1.0,0.4204173240071564,0.0,0.4,0.4,155,3198.138805356507,5235010.956917767
11,85,0.5728647175266235,0.7367048808827107,0.8001526121730204,1.1665358498748397,0.6012714262115337,0.08892271718289027,1.0,0.4213619137891714,0.0,0.4,0.4,157,3214.3417912544446,5234530.125662112
11,86,0.5728207131627163,0.7353500136763496,0.7985653275516822,1.1741131967545966,0.5732920076008736,0.08914578463734502,1.0,0.4213690380281786,0.0,0.4,0.4,159,3213.387941880753,5235011.995796753
11,87,0.5724801527361483,0.7519327781739732,0.8401765166129718,1.1820795451458,0.608164612057163,0.08868956551924716,1.0,0.4210015497753871,0.0,0.4,0.4,160,3227.8740315383584,5235988.840499097
11,88,0.5597590343840828,0.7109164053681778,0.7721165845858284,1.1770893678728784,0.5984056477755231,0.08948848787715276,1.0,0.3897027154476168,0.0,0.4,0.4,161,3211.8781701291955,5235756.740560631
11,89,0.5598526750584257,0.7206149169960585,0.7945325623849708,1.2048392576921265,0.5617473582601815,0.08909526980091827,1.0,0.39006991449596484,0.0,0.4,0.4,163,3222.359890044684,5237139.738994184
11,90,0.5599513321201159,0.7175399274426701,0.7908958741078123,1.2086862158282712,0.5676793641166166,0.08909786596575746,1.0,0.3905804161329,0.0,0.4,0.4,165,3226.987839251023,5235757.328385701
11,91,0.5598036903314727,0.7126755292315441,0.7851974048189296,1.2161332283290647,0.573246488679203,0.08928604302234014,1.0,0.3905961742657618,0.0,0.4,0.4,167,3225.246383088636,5232508.60486632
11,92,0.5481148745143603,0.6829840693940492,0.7523274519210235,1.19957156289065,0.6747316412164198,0.08886989787027078,1.0,0.36276630090603784,0.0,0.4,0.4,168,3614.2365990158055,5234342.971552664
11,93,0.5454644205045451,0.6907529437007252,0.7729585362401435,1.2248767360916242,0.5436077438036264,0.08831544725422188,1.0,0.35619820516637396,0.0,0.4,0.4,173,6012.050300007582,5234422.202789898
11,94,0.5478975806155921,0.7040873839814228,0.799240055119655,1.2274015249547747,0.5470973842558541,0.08854614442268807,1.0,0.36230346108406153,0.0,0.4,0.4,174,6180.30857434988,5235663.368184437
11,95,0.5477451491936222,0.6806542596759688,0.749652044988235,1.2304171694398338,0.5460715865397187,0.08864629280128349,1.0,0.3619878024701167,0.0,0.4,0.4,179,3515.380873088196,5242033.507427296
11,96,0.5476676876403529,0.6891082977147809,0.7706355319741861,1.2459320429226008,0.5543428241382938,0.08864629280128346,1.0,0.36198780247011775,0.0,0.4,0.4,181,3524.969087719221,5243085.474567154
11,97,0.5476099412765705,0.6879602068487147,0.7692952892249537,1.2536911565589586,0.5486961076925709,0.08843180724977316,1.0,0.3619222527307184,0.0,0.4,0.4,183,6165.686937585022,5242610.327336657
11,98,0.5480647438032659,0.7064665897638585,0.8130354603828484,1.321819657136879,0.5481924240058549,0.08809172992112257,1.0,0.36337021699992583,0.0,0.4,0.4,194,6087.542760087578,5235496.595368184
11,99,0.5471141532290322,0.6925234076294725,0.7968061351874708,1.3358702949792738,0.5758545545277356,0.08790200630417097,1.0,0.3618845892171172,0.0,0.4,0.4,197,6168.9960428159375,5234536.967848124
11,100,0.5474870955002942,0.6799408106339966,0.7709151700383055,1.3272318894765194,0.5514166402266997,0.08740617855578905,1.0,0.3629321368401861,0.0,0.4,0.4,199,6165.084996108472,5235202.778415684
12,0,0.8836262484414701,0.97237807325243,0.9186738224679404,0.01023079352208939,0.0,0.0,0.0,0.0,0.0,0.4,0.4,1,2551.7963512014067,8255.198064372069
12,1,0.8674038889547686,0.968305719789702,0.9138912318927851,0.013324156227905035,0.014585964300430061,0.06669854473793489,9.620781181176e-05,9.14958022705e-05,0.0,0.4,0.4,3,2507.6608697246384,8386.102500889901
12,2,0.7691209092134937,0.9770992749783816,0.9154886158781329,0.07350385946833228,0.34481819110292955,0.1445757930111493,0.03944502497231627,0.08777502872104063,0.0,0.4,0.4,4,2086.108972204232,42540.36484392266
12,3,0.5846617051380204,0.9362621373835261,0.8745359693602673,0.08268930623871795,0.6106052057456931,0.08232038590538168,0.09665909799690162,0.09192498562662989,0.0,0.4,0.4,5,1711.0437220441822,5606.264866714444
12,4,0.48523699124349484,0.8859403823271749,0.8163024012571579,0.07892518189723022,0.23225122408486368,0.09496450647530814,0.07677360671790597,0.10150263727187467,0.0,0.4,0.4,7,1332.1504836781216,7174.364424400463
12,5,0.45565925811236296,0.8772032788671008,0.8185466102896346,0.09236212930915016,0.14565049151241466,0.11366401217060591,0.06805206198610382,0.08985001092358187,0.0,0.4,0.4,8,1727.4502227881578,38937.94775701349
12,6,0.42897366726854835,0.852946723847465,0.7937380729172433,0.07991577678271529,0.05337876230803533,0.11288244747868796,0.04539255436985863,0.059925701675062656,0.0,0.4,0.4,10,1669.2312005746558,38605.81588751462
12,7,0.631836642169075,1.0465349920763738,0.9741738609531612,0.26894806733115045,0.25913799884748434,0.04629166627693586,0.3972797682104544,0.22223530636052452,0.0,0.4,0.4,11,4641.890005584062,4818.501759511902
12,8,0.40492584179807806,0.8438106349178247,0.7807048093337221,0.09717940782881673,0.2032640695874014,0.10769141487214547,0.03717385936452401,0.10219527362999511,0.0,0.4,0.4,12,1884.0000894130349,38954.98454670135
12,9,0.4037724786195864,0.8318721008366914,0.7556398111060074,0.09446984586406569,0.060877528938837175,0.10759518891350114,0.03717444076903077,0.10219581796040558,0.0,0.4,0.4,13,1888.62345404737,38949.09620735694
12,10,0.5214106858805593,0.9708040847610377,0.8852972653897012,0.2800813424859406,0.6270410667202744,0.048595825236456405,0.4733296504734983,0.14875886971537483,0.0,0.4,0.4,14,4869.539380157772,4432.93995366234
12,11,0.3462118096168745,0.7975728919852698,0.7104345988524101,0.1267530677981943,0.15170317103573885,0.06778982195559237,0.12720896720091923,0.08561782150853647,0.0,0.4,0.4,15,4369.336946567224,38293.39781777503
12,12,0.47233863934216214,0.9473753536102583,0.884932709563256,0.28403240096980364,0.2736545228121915,0.07505073450808611,0.28215641998732177,0.2682135071708168,0.0,0.4,0.4,16,5257.373848536941,304015.04080030124
12,13,0.4104299052575968,0.8749383766475262,0.7985521718206666,0.22736744489307392,0.18358040424549144,0.07348823429098944,0.2123447309794743,0.1987097105386848,0.0,0.4,0.4,18,5268.515896993198,299813.22593438666
12,14,0.34675860227713684,0.8235582226515635,0.7579406050337706,0.17662205268947806,0.20606439816949562,0.06443786298201912,0.17362904531815773,0.11354575494541139,0.0,0.4,0.4,19,4305.896869194008,37605.78848271826
12,15,0.3938678135174498,0.8597291958755995,0.7804084791006085,0.23816478884649725,0.19567321569267798,0.07660523243525556,0.21341495793917722,0.2024538975433141,0.0,0.4,0.4,20,5591.218583624337,304033.1273163674
12,16,0.3664249531922356,0.8433323242602707,0.7745760409254251,0.2130229180293528,0.2513199794990427,0.06531898047350963,0.23171757714249902,0.15071104161131044,0.0,0.4,0.4,21,27354.894928788457,38035.232403461065
12,17,0.3373832927413891,0.8017022531979486,0.7166485512414822,0.21639857926695322,0.2763408603610974,0.07470453912864794,0.19111801011686044,0.163372891803493,0.0,0.4,0.4,22,25290.744946000294,298755.2072142939
12,18,0.3359094644188051,0.8112290953115352,0.738888712834929,0.22430600072175427,0.1476128624308224,0.07470453912864791,0.19111801011686086,0.16337289180349296,0.0,0.4,0.4,24,25413.67110726265,298275.0005891729
12,19,0.3368082797213523,0.800712453638479,0.7150738076202002,0.2320994818282064,0.15637067573937263,0.07362375887112955,0.19500104420200498,0.16555547763165737,0.0,0.4,0.4,25,25658.092451817083,298700.03899904486
12,20,0.27148993061337984,0.7436902434397474,0.6679369797639776,0.1630395703543654,0.22121483709380202,0.0709480230348741,0.14429954059979838,0.0911655093208201,0.0,0.4,0.4,26,4439.024453350082,38926.09457457802
12,21,0.2641192027560488,0.724361564881016,0.6349611599200251,0.15900906383808472,0.10303133149140462,0.0727892665059305,0.13189915325087317,0.09269403813418145,0.0,0.4,0.4,28,4447.755026183055,38831.75479945942
12,22,0.24988725996674022,0.719666446619757,0.641970875253812,0.16006882625610339,0.13432698772444598,0.06855878824914272,0.1274079503393893,0.07635083617999351,0.0,0.4,0.4,29,4430.750583173567,39161.51000625835
12,23,0.235745386961979,0.7369282019802412,0.6966977604778254,0.19264608197664695,0.10554068519599957,0.06961837385135575,0.11431323659201809,0.07099533971757988,0.0,0.4,0.4,31,4773.165067806507,38666.27672106346
12,24,0.22957423447655265,0.7047795952254012,0.64393343299076,0.19876135236550185,0.4080363697642189,0.06703020457519898,0.15613439847271085,0.08798039723061049,0.0,0.4,0.4,32,4574.54340140572,39236.4011617714
12,25,0.21693953580719544,0.6881082332240281,0.6255712950292215,0.1963058427764599,0.12533327972459418,0.06054265672310334,0.15156650324248028,0.07555164718092383,0.0,0.4,0.4,34,4451.973102273714,39279.76507644188
12,26,0.21478696485650436,0.6837644103759842,0.6203508524370159,0.2018578479105008,0.12740302836333686,0.057857791511876235,0.15262716185014552,0.07642900101765411,0.0,0.4,0.4,35,4443.545728729261,39260.623259491935
12,27,0.19250615447407796,0.6556635032791819,0.5897935696985129,0.19322320729860046,0.11422175695586256,0.06224543343266464,0.12647058403905975,0.06819061190313414,0.0,0.4,0.4,38,4958.276044849867,37281.42085519536
12,28,0.18803079275324824,0.6574343566029301,0.6029494148036567,0.20089410045975523,0.10809938895041174,0.06224543343266464,0.12647058403905975,0.06819061190313414,0.0,0.4,0.4,40,4982.306066550303,37574.13563100941
12,29,0.18309259787230497,0.6439260274673358,0.586648108664294,0.21184058799933017,0.1358737592474765,0.0621910187778217,0.13421678876838858,0.06744569553203154,0.0,0.4,0.4,42,4908.371113229446,38548.238181993525
12,30,0.1742329031902638,0.6457388205642112,0.6012901958138446,0.214365871949759,0.07575128364914496,0.0627632189823924,0.1207082434653682,0.05997827649255314,0.0,0.4,0.4,44,5017.130784880379,38247.275483844605
12,31,0.159283753458868,0.6140050868042121,0.5644181950868431,0.21983622075523634,0.17540682869987093,0.06202267509176529,0.11713240466374804,0.05922716443616414,0.0,0.4,0.4,46,4654.252044222683,38334.3113164026
12,32,0.15894589540399368,0.6126088462655319,0.5627154503080642,0.22669615629866635,0.0771697714740848,0.06190110558351537,0.11772574315964808,0.05961737322095143,0.0,0.4,0.4,48,4724.718591047453,38270.458601670616
12,33,0.14102976072814377,0.626488247735328,0.6150750905636913,0.25569788010038197,0.06481599974626108,0.05930845950549908,0.0845023897531677,0.05111668568759074,0.0,0.4,0.4,50,4973.582985541272,206004708.0969134
12,34,0.13765985945629206,0.6290523048596928,0.6291472427020652,0.2679221700105058,0.08478612924928691,0.06037328897745371,0.08456587656011147,0.051240650645882846,0.0,0.4,0.4,52,4900.353819414509,206014568.33143327
12,35,0.14214993999659187,0.6316842956757772,0.6312632345759566,0.2664926365973512,0.08094065168479869,0.060816868926498624,0.0932157600611792,0.05670345295547746,0.0,0.4,0.4,53,5299.647359943156,206046434.34502175
12,36,0.13140210123440504,0.6005819848848327,0.584668611943271,0.2590853944537808,0.15655010309490308,0.06436607886420187,0.08483253774849574,0.05171410219666138,0.0,0.4,0.4,54,5063.2009459988085,206048503.9484344
12,37,0.12029289005125522,0.6086278302919726,0.6178564457566476,0.2718355483609325,0.05686628088941159,0.057556221888549954,0.07420671427004902,0.03897477308989105,0.0,0.4,0.4,57,5266.628823001168,206064581.73375437
12,38,0.4896056593089312,0.9496670618551466,0.9313659357663435,0.6414128744060388,0.4487865479805485,0.05613023724946804,1.0,0.04411563432553941,0.0,0.4,0.4,59,7047.553574400657,205689099.7278929
12,39,0.4837406502809629,0.934737266464164,0.9141303990615978,0.6380292221947457,0.46321965847713403,0.05696336444561882,1.0,0.04045026684114912,0.0,0.4,0.4,61,6847.634636481972,205721058.0692586
12,40,0.5585613049365896,0.9978350602916044,0.9640977770805639,0.7040299886917136,0.4965400735960835,0.06586903916686984,1.0,0.2281020500249779,0.0,0.4,0.4,62,4987.173962028244,95556.76770286074
12,41,0.4832158422904015,0.9554879761342753,0.9605991904291767,0.6580437066852549,0.4223906215187284,0.058924193350893675,1.0,0.040439226403810105,0.0,0.4,0.4,63,6815.569777059929,205724252.5858957
12,42,0.5321860541359474,0.9559870305524453,0.9392234123959684,0.7209091918765351,0.8416002223933282,0.0522155745687221,1.0,0.1992416043073571,0.0,0.4,0.4,64,4856.025159807161,195765074.4168731
12,43,0.533131955550603,0.945312259442786,0.9259004520549935,0.7312608448208524,0.5401883311399502,0.05703929787395712,1.0,0.21121323547951878,0.0,0.4,0.4,66,5306.642274026194,195772009.9851576
12,44,0.5302921900760915,0.9434747298498491,0.9348301120035165,0.7399956780716543,0.5283550621252334,0.057039297873957076,1.0,0.2112132354795193,0.0,0.4,0.4,68,5552.702289475029,195815727.5597323
12,45,0.5106643666173742,0.931726467400291,0.9459296567077002,0.7533296740337865,0.5330070106791813,0.05247200576768217,1.0,0.17185054204084824,0.0,0.4,0.4,70,5700.287707135501,195832176.74302223
12,46,0.5220609933597219,0.8955686992828517,0.8784605448643403,0.7540489992258963,0.5026581532283565,0.05809183693860498,1.0,0.21499800363365842,0.0,0.4,0.4,83,6254.881889719438,37255019.03228549
12,47,0.5160231249276829,0.8934849660087023,0.8878761816112518,0.7588368942990643,0.5120853825147877,0.05775227647999145,1.0,0.20369163852531158,0.0,0.4,0.4,85,6325.096492666668,37124980.21267165
12,48,0.5039469364521794,0.8746391251902768,0.8676394063021632,0.7611219585770505,0.4991185043517763,0.05778856004252282,1.0,0.17688167009528538,0.0,0.4,0.4,87,6025.833220724479,37003141.11164237
12,49,0.49916083255711585,0.8680062244029123,0.8606284762780608,0.7739835922068357,0.4740692680869811,0.05811280628791993,1.0,0.1658181616382261,0.0,0.4,0.4,89,6153.105146043274,36981890.54775056
12,50,0.5019498381444544,0.8888391650167657,0.9065724883250361,0.7989236433935698,0.5062439146407951,0.056386276679092295,1.0,0.17486952965087413,0.0,0.4,0.4,90,5681.595398563231,37010087.31565605
12,51,0.49555022708447843,0.8759325529519836,0.8923462338216287,0.8035062149705988,0.49166933446632954,0.05695828232593699,1.0,0.16186688492883033,0.0,0.4,0.4,92,5680.462062405042,36990944.3586669
12,52,0.5059238239634767,0.8767073803126116,0.8911896941857649,0.8071900952949473,0.5554732792978191,0.05890075508413598,1.0,0.1919981847218444,0.0,0.4,0.4,93,5350.22871928898,37428330.7495615
12,53,0.4932836828562069,0.8712576122992208,0.8979377661827268,0.8126340296775483,0.49756689426470363,0.0596308709519644,1.0,0.16208295699512262,0.0,0.4,0.4,94,5643.716170638681,36991742.13933887
12,54,0.493219428950185,0.8709018056391301,0.8975237462168152,0.8052033744538364,0.46719199070340806,0.05927513785545595,1.0,0.16204313536507603,0.0,0.4,0.4,95,5644.12575250129,37000061.9367118
12,55,0.49806662049183204,0.8605124928413325,0.8733302538625968,0.8139708036892228,0.5030924089346472,0.05882061014498553,1.0,0.1758106194552703,0.0,0.4,0.4,96,6329.62712612847,36908929.66511006
12,56,0.49216373390033846,0.8639557643567044,0.8894048209919926,0.8229358190334575,0.4722563275510051,0.058278938906175505,1.0,0.16180015615721163,0.0,0.4,0.4,98,5659.462023074861,36997012.18227842
12,57,0.48989096170591023,0.8557041861907458,0.8799684189776914,0.8278767771196714,0.5117025257341233,0.053768017056743424,1.0,0.15846558176925357,0.0,0.4,0.4,99,5680.825523889655,36253350.22986555
12,58,0.49815432209936494,0.8578238700003505,0.8808765122932749,0.8628566435282229,0.48493104801747317,0.0590328197519143,1.0,0.18145024428371817,0.0,0.4,0.4,103,6185.392012098664,36904277.212935805
12,59,0.49811906099914155,0.8452030902558353,0.8549834970858544,0.8628459688642837,0.4838687925952332,0.05913427677157077,1.0,0.1818755497663969,0.0,0.4,0.4,104,6198.221445930416,36896534.66881578
12,60,0.5059207114300379,0.8715252679851334,0.9065440515737903,0.885322991388508,0.49147876889824493,0.05899120621202893,1.0,0.2027958973898178,0.0,0.4,0.4,107,5794.144044977296,37203678.08799447
12,61,0.8227693196130474,1.2184836021256054,1.3026376256198895,1.3653095703889417,0.8037716826707443,0.06367006473785078,1.0,1.0,0.0,0.4,0.4,138,4805.976981856308,50153643.003738895
12,62,0.8221832082565812,1.2134196249630822,1.2967063471910052,1.368697365863829,0.817697860431688,0.06398029133497572,1.0,1.0,0.0,0.4,0.4,140,4792.855677483059,50153255.96516124
12,63,0.8209306683142297,1.202184331675117,1.2835467619828635,1.3907631615135152,0.8196102401070783,0.06428314167332198,1.0,1.0,0.0,0.4,0.4,144,4810.398604813437,50156392.35943562
12,64,0.8207285616460069,1.2451356456036617,1.3781807509103212,1.4179611323808436,0.8130333471753645,0.0638066733219145,1.0,1.0,0.0,0.4,0.4,145,5059.867626674044,43182212.67164043
12,65,0.8199593346620447,1.1930712243600894,1.2728729673360402,1.3937774913537586,0.8506218578687381,0.06459348987505692,1.0,1.0,0.0,0.4,0.4,146,4797.068368686256,50155990.493320525
12,66,0.8184720262734251,1.1896743248920894,1.279976275936138,1.396602576736259,0.8513914787414735,0.06742997827299371,1.0,1.0,0.0,0.4,0.4,148,4782.658170173058,50193901.19752839
12,67,0.8184061135369658,1.177679435029746,1.2548454084199032,1.4154641750050532,0.800941485399862,0.06439211750267183,1.0,1.0,0.0,0.4,0.4,153,4758.639483073328,44584056.22149272
12,68,0.8178941424398203,1.1499568100192208,1.2002115585980309,1.4188258906530726,0.8371126751273192,0.06480452012677136,1.0,1.0,0.0,0.4,0.4,154,5718.31291351305,46231307.92329264
12,69,0.8169506337659789,1.1398606551456343,1.1883864027702482,1.41731844579872,0.8707972693620322,0.06865976137924372,1.0,1.0,0.0,0.4,0.4,155,4400.924499894058,50169774.79939826
12,70,0.8165932552350643,1.1470632309012023,1.2079041630758398,1.4290817875846362,0.8138381941254621,0.06865976137924372,1.0,1.0,0.0,0.4,0.4,157,4440.465302146375,50158732.3569437
12,71,0.8161702231027106,1.1646895300733482,1.2507126602224035,1.4568092047346957,0.8066786409311417,0.06632842224686744,1.0,1.0,0.0,0.4,0.4,162,4324.890426306714,50173870.34557937
12,72,0.813962426676665,1.1267232075730567,1.1951624195500563,1.4504527038797712,0.8623105313881194,0.052026102376249085,1.0,1.0,0.0,0.4,0.4,165,5363.41296301113,51350205.62224669
12,73,0.8136574817261939,1.133971088998715,1.2147334599194157,1.4578884146688216,0.8138331648538502,0.051995835384432934,1.0,1.0,0.0,0.4,0.4,167,5410.986488924236,51340414.72086662
12,74,0.8134409627900265,1.0974948956324053,1.1387652095881542,1.4784463590930002,0.8099766677614059,0.05065045763152122,1.0,1.0,0.0,0.4,0.4,169,4760.770469454153,51235262.69671079
12,75,0.8127628767198012,1.0995124511521528,1.1522099612459713,1.474766277385073,0.8320810055200267,0.05630768254693132,1.0,1.0,0.0,0.4,0.4,171,4705.190187474969,51276807.47451
12,76,0.8123459184837274,1.0936823807531257,1.1453814517924998,1.509939312846376,0.8407936247762189,0.052738371453829515,1.0,1.0,0.0,0.4,0.4,172,6095.1826843243625,47112540.2487656
12,77,0.8123342222769145,1.0936085239626392,1.1452949701126403,1.5138226760803475,0.8005790790573548,0.052203494073928366,1.0,1.0,0.0,0.4,0.4,174,6103.107912363894,47088318.39372717
12,78,0.8116061477406757,1.0829157019622055,1.1327709399508743,1.5166913051864284,0.8739606833432063,0.05221405551696749,1.0,1.0,0.0,0.4,0.4,175,6024.8804465016165,47099052.7893955
12,79,0.8115437571917208,1.0819853115598272,1.1316811920456278,1.5243569744926377,0.8032509775621168,0.05117424340023803,1.0,1.0,0.0,0.4,0.4,177,6023.923258519526,47081157.71022628
12,80,0.8106839170372799,1.0687423787100965,1.1161702631365868,1.5231380496154538,0.8462434604313769,0.05545415586929917,1.0,1.0,0.0,0.4,0.4,179,4714.27281711843,51220673.24813935
12,81,0.8102479109012697,1.0953291136373058,1.1805554800973372,1.5585582808363583,0.8081801345399844,0.055695992086127286,1.0,1.0,0.0,0.4,0.4,185,4780.054533010866,51508506.777675696
12,82,0.8102429754962495,1.0840668079120799,1.156282736563811,1.576744450541462,0.80028317695819,0.05555099719561244,1.0,1.0,0.0,0.4,0.4,187,4816.279592986502,51497045.9704793
12,83,0.8101635078125624,1.0827387534016648,1.1547272474114878,1.5649873732981567,0.8091041997390038,0.05560792054171089,1.0,1.0,0.0,0.4,0.4,188,4779.292941397526,51471264.28940424
12,84,0.8098897111727505,1.1005914099594687,1.1978006357125244,1.5930984740567355,0.8318303719614426,0.05531261307562896,1.0,1.0,0.0,0.4,0.4,189,4780.982912448266,51500653.55934947
12,85,0.8095194452551804,1.1054833965404418,1.2146120706115697,1.6055240889285098,0.8220442936877366,0.05655408204894905,1.0,1.0,0.0,0.4,0.4,191,4763.76586598041,51501561.83244991
12,86,0.8093212261954259,1.0796217232994665,1.1621580446794018,1.607796263263709,0.8080383528548862,0.05738800427504196,1.0,1.0,0.0,0.4,0.4,194,4781.408326293062,51465422.34123978
12,87,0.8092953652237801,1.0791664440562596,1.161624850346668,1.607752835692517,0.8015879916172723,0.05738800427504198,1.0,1.0,0.0,0.4,0.4,196,4763.136874940488,51468922.33760162
12,88,0.8090892174213291,1.0755100200327998,1.1573422355658598,1.6191131665511254,0.8255415034707325,0.057760200690409415,1.0,1.0,0.0,0.4,0.4,197,4746.69115215052,51466120.6209138
12,89,0.8089657686091822,1.07329158088152,1.1547438482195336,1.6150112505062406,0.8154915891119099,0.0564861435892147,1.0,1.0,0.0,0.4,0.4,198,4723.149229874544,51449556.66142339
13,0,0.7780583715403271,0.9439833856414367,0.8854163672943871,0.0076173987845341365,0.0,0.0,0.0,0.0,0.0,0.4,0.4,1,4439.243963808355,8925.380749018175
13,1,0.7581420918018171,0.9382634974909984,0.8787012550025032,0.01056998882238594,0.020387139003441225,0.05321837477035628,0.00010929867962031,0.00011956903581750999,0.0,0.4,0.4,3,4443.399649323817,8930.219642020938
13,2,0.6817221687615065,0.9574513250143402,0.9040470033224965,0.0714862048596144,0.32708535757899687,0.09706405966067572,0.039283706432725676,0.08079132086503696,0.0,0.4,0.4,4,3306.8851281729358,47686.68966544165
13,3,0.6864745651093854,0.9943014110976104,0.9378162349031581,0.12823243226400272,0.23101502324323542,0.09489154640085676,0.20514660158014242,0.052028066729852995,0.0,0.4,0.4,5,2793.8855959114344,5626.585897739209
13,4,0.5633751507039136,0.9281758567797499,0.8647658741273655,0.09531783039756331,0.3611486921395732,0.06468114735886196,0.09264498472649034,0.10030428788336836,0.0,0.4,0.4,6,3224.796228306267,6861.043247053836
13,5,0.5666793859036456,0.9576434974733761,0.9047595041728805,0.14219158743395688,0.2068398531308863,0.09672999614900868,0.14035754142073753,0.13437610422507842,0.0,0.4,0.4,7,2179.353439353036,4324.831165930189
13,6,0.43630450981652064,0.8656443891227691,0.805138701857824,0.08670536521304285,0.3731538514068778,0.0733854449418444,0.06551036788120103,0.09048597474180192,0.0,0.4,0.4,8,1879.1053191170265,41475.857265357634
13,7,0.9199140217079862,1.3411829602163703,1.2670671106529958,0.5806192345115258,0.566703813374781,0.05476465154407721,0.4298753039762612,0.9518749184368744,0.0,0.4,0.4,10,2905.411108768405,6515.216034108932
13,8,0.40931228281888826,0.8425649081514355,0.7810500361678732,0.08081222692026391,0.05841346639887879,0.07322360762649446,0.047675197307037745,0.06535447908258687,0.0,0.4,0.4,11,1924.6495109488656,42563.513223343085
13,9,0.6892749871995221,1.1392530839742885,1.072332262898542,0.40958053620423807,0.5939259388601641,0.05869924403799287,0.29056016896052045,0.6431051582794877,0.0,0.4,0.4,12,2096.604894722529,19048.55395320166
13,10,0.6187917229021953,1.0720136485391194,1.003697292424464,0.36167942510994033,0.3428126135734092,0.04895274071729519,0.246814651477479,0.5391251067077609,0.0,0.4,0.4,14,1865.3659730761915,18719.44865818192
13,11,0.482919281260911,0.94969191413992,0.893239735272804,0.2338852553626894,0.23382580746749873,0.05479009370564467,0.09367451856171269,0.37503746358309575,0.0,0.4,0.4,15,1564.407960816578,42405.14981374961
13,12,0.5088660683382455,0.9654109925690494,0.8954433435278567,0.26837103316018907,0.22791705305365134,0.055073612848428856,0.08432802714357066,0.45921069948829885,0.0,0.4,0.4,17,1131.3532393302676,41071.97123719063
13,13,0.4630083570080749,0.9201239353231916,0.8498414212252374,0.23474163067829623,0.18038557641455005,0.05389573305109948,0.0674744323083378,0.36744261225113994,0.0,0.4,0.4,19,1129.258541600097,40522.27928478141
13,14,0.5408941265841656,1.0216695256528734,0.9766581929081969,0.33860338042877147,0.2871469220958983,0.04643269122539514,0.20509069504199542,0.4383231079261872,0.0,0.4,0.4,20,1751.044146641124,20256.464623964
13,15,0.3233861511158418,0.7945768541497497,0.735510576386305,0.11688010843949279,0.09063137676956207,0.0533690969208722,0.05344794272555781,0.06563701343112575,0.0,0.4,0.4,21,1253.2147712340193,41780.16118984976
13,16,1.0638268310460401,1.5371594114195077,1.4764176401104914,0.871862989018476,0.8683198584316936,0.09902162201893812,1.0,1.0,0.0,0.4,0.4,22,2105.744031783689,58853583.81860708
13,17,1.0610688456652997,1.5460393227571663,1.497900004343769,0.8853977879220987,0.808116494692062,0.10110516135319647,1.0,1.0,0.0,0.4,0.4,24,2099.064229075268,58853615.29207863
13,18,0.731378574980123,1.2054950994169502,1.1440125658994273,0.5511752478375873,0.4866406895342504,0.052225727353342875,1.0,0.18165445278567877,0.0,0.4,0.4,25,2042.279714334113,20647.306948296085
13,19,0.7261893186751749,1.2004933212973006,1.1388183891016355,0.5559498943553534,0.4766269901657433,0.05241056410686298,1.0,0.17195767679619514,0.0,0.4,0.4,26,1995.6127672699936,20622.60760717868
13,20,0.994508348715857,1.4697609527063653,1.4069848030109675,0.8301394313644221,0.7893874417258946,0.058743354533410196,1.0,0.8612008651372358,0.0,0.4,0.4,27,1931.5394072713457,20425.433599648382
13,21,0.9922489484264588,1.4677899446480174,1.4046212098358413,0.8391853685046397,0.7608230023445235,0.05830477873897329,1.0,0.8620053670817274,0.0,0.4,0.4,28,1986.4575251718904,20531.792950860945
13,22,0.7011449513528426,1.1766868182445054,1.1135156468193517,0.5480943414939947,0.45380863912574254,0.05037309701069124,1.0,0.1342834536794338,0.0,0.4,0.4,29,2134.8729382108127,18116.120639634955
13,23,0.6862624268823386,1.1631325383610902,1.0970480098406168,0.5520471580566827,0.5759859785170527,0.06410724424888455,1.0,0.14292695582603482,0.0,0.4,0.4,30,2667.2985749301843,47329.7949545072
13,24,0.6775165212984058,1.1657434562394893,1.111428545891904,0.5621137057957504,0.5059590287505382,0.06700267151912401,1.0,0.13941135118140097,0.0,0.4,0.4,31,2533.1288853784386,47904.49134810695
13,25,0.39782094301707216,0.8854833839255807,0.8280339684027204,0.2932328390545629,0.3222143101398184,0.04585242333850629,0.17891818841239324,0.30560042653928565,0.0,0.4,0.4,32,1926.388456804568,28852.50969654321
13,26,0.39039653748048897,0.8880404742614896,0.8415770596419668,0.3065787489712861,0.2377257458307212,0.039570487865761964,0.1842924591276256,0.3080143817849966,0.0,0.4,0.4,34,1819.470481185152,32317.943033025367
13,27,0.3648163193208053,0.8618648459647883,0.8146178158937325,0.29300329640057476,0.20728665983436861,0.03856756636604683,0.16781640368379674,0.27049190300878506,0.0,0.4,0.4,35,1817.145651088147,34569.652179450335
13,28,0.3636400279953783,0.8716944667264108,0.8372124998819317,0.3014070187605048,0.18010895754994405,0.0385675663660468,0.16781640368379674,0.270491903008785,0.0,0.4,0.4,37,1775.9513325193789,34090.1699509413
13,29,0.35131857405143363,0.85751336771367,0.821101278061921,0.30060199409347943,0.25116925327682105,0.03860583931404061,0.16117783289170332,0.2698535789452456,0.0,0.4,0.4,38,1633.0670915101534,29016.137749785677
13,30,0.6176260539137823,1.110045727691451,1.058522715429756,0.5755236759285836,0.4914875380377535,0.059676173398068064,1.0,0.1211810390938389,0.0,0.4,0.4,40,2236.6064417763337,23312.44721136016
13,31,0.5915418730620088,1.0819744411379684,1.0290545184164583,0.5635277253788258,0.4570421425436837,0.05967631655489748,0.9612657075635562,0.11012851339495655,0.0,0.4,0.4,42,2158.6243202278306,23408.2978764088
13,32,0.5828459174014738,1.072330028038273,1.018793091591189,0.557155511607592,0.44767827952747086,0.05704631258414537,0.9539043497211701,0.10238569118441113,0.0,0.4,0.4,43,2205.2305260447715,19032.47283680674
13,33,0.5314863875564709,1.0146102418809346,0.9574709954925827,0.5272890478522808,0.5327589690097514,0.0569643847996967,0.8663774202612308,0.09820064327812587,0.0,0.4,0.4,44,3323.905021898233,24299.405059062643
13,34,0.6419070017823972,1.1251897316004233,1.0760253430000821,0.6719608543484041,0.6170274554661852,0.07782280060436741,0.9761962639288735,0.31018363672929933,0.0,0.4,0.4,46,2524.615016557538,6123917.51042462
13,35,0.6394964000812537,1.1210490730803284,1.0711819263532685,0.6780951733830862,0.5288468891755458,0.07819695732140478,0.9760893655098588,0.31019805865159134,0.0,0.4,0.4,48,2538.568062487192,6120593.440361563
13,36,0.6387757560284795,1.1197927818507767,1.069711486289893,0.6837717580965824,0.5232427748654143,0.07834857299311561,0.9760539092075051,0.31021845070430015,0.0,0.4,0.4,49,2544.082794215589,6118303.773897362
13,37,0.5839932435182372,1.0614608452711425,1.0099988949945666,0.6360762712552254,0.5205442279855608,0.07729775813997389,0.8808721546253591,0.2797258306716873,0.0,0.4,0.4,50,2537.765257695773,6119601.607226107
13,38,0.26145579112309575,0.7344952368825672,0.6905450076101141,0.3211716159907175,0.27004991773641646,0.051194557685550465,0.2491986753031843,0.1461021964573826,0.0,0.4,0.4,52,2479.6504933724245,46691.38426498464
13,39,0.28793647656952326,0.7680829936690966,0.7358130350143873,0.35639644906658585,0.24207561587147233,0.05267837105276378,0.2718868594928904,0.19864582108634196,0.0,0.4,0.4,53,2024.3149703976287,47311.33368504552
13,40,0.2854238585502702,0.762578328486442,0.7293682993795106,0.3591932523760405,0.22654641290305438,0.05289837132043802,0.27180372556119314,0.19869020856689956,0.0,0.4,0.4,54,2039.2929725740853,47642.74831231345
13,41,0.20124601837989486,0.6435886805046054,0.5806601507118345,0.2889608756707163,0.18919645984436817,0.05356194506404881,0.15385527213698671,0.12945008315931694,0.0,0.4,0.4,56,2775.328191806745,45357.119451971565
13,42,0.19920662013000923,0.6387767791182671,0.575042726603864,0.28901459499835847,0.14664857840517703,0.050329140552319254,0.15345817773543344,0.12957638254331408,0.0,0.4,0.4,57,2788.175104107762,44111.05524994621
13,43,0.1923446331377421,0.6193741957366784,0.5622202978548814,0.30180259230889983,0.2506924976045196,0.04849512707048509,0.1690512219351763,0.13119360917924516,0.0,0.4,0.4,59,3164.032860813145,44504.55529023758
13,44,0.21212596482713314,0.6327634052138952,0.5739753242798878,0.32716497621999896,0.20956315535198822,0.04296757486427974,0.2260219671159717,0.1315514600538362,0.0,0.4,0.4,60,2571.9126462813338,45090.61113040937
13,45,0.21105575162698667,0.6294584144476384,0.5701063095420128,0.3334841846033456,0.1545234294064498,0.04360427029719957,0.22603213513688739,0.1315124795381802,0.0,0.4,0.4,62,2560.1551900030563,45545.027139034486
13,46,0.19435411954180992,0.6042122913739838,0.542738612429742,0.3290268993252815,0.17341746058413982,0.04585169054229562,0.20561474052192463,0.11978569350738766,0.0,0.4,0.4,64,1610.5487423510965,47080.80305433212
13,47,0.8592555603109262,1.2682695755756277,1.216887299935657,1.020803697912243,0.8169516404103985,0.07036588015549781,1.0,1.0,0.0,0.4,0.4,71,2417.7460710768987,58094905.9669107
13,48,0.8335766186590502,1.2390794546764505,1.186865912946148,1.0092744716716548,0.7926033990124346,0.06928826240138868,1.0,0.939158923920526,0.0,0.4,0.4,73,2536.3133027489325,58094156.35663191
13,49,0.8578014297162411,1.2518472104743292,1.186570812419924,1.0369879289710258,0.8028458853732314,0.0673033281856739,1.0,1.0,0.0,0.4,0.4,74,2543.684424353157,58093443.24970893
13,50,0.8330317407401764,1.2215879496800528,1.1550281911580278,1.0169199159359712,0.8293209601250642,0.0680042871008678,1.0,0.9430870248325093,0.0,0.4,0.4,75,2525.54063105136,58089290.5675499
13,51,0.6688376698695015,1.0550934042375784,0.9984340877423961,0.8622361227901899,0.7440383543705611,0.06487312461650643,1.0,0.5440920331674957,0.0,0.4,0.4,76,3311.9125704350163,58088909.08364685
13,52,0.8270703736518519,1.2091369463585884,1.1515298095657827,1.028184463492153,0.8162520775379738,0.062076341211703766,1.0,0.9430387787986708,0.0,0.4,0.4,77,2332.559804144735,58114258.93165137
13,53,0.8263798246701954,1.2065807791539849,1.1485546132238815,1.0278514098016103,0.7942571364582328,0.06246197144021872,1.0,0.942765053661307,0.0,0.4,0.4,78,2326.942521052718,58114242.92070018
13,54,0.8254350402009005,1.2021041698881385,1.1432889681071106,1.0344250940575512,0.8094873192372907,0.0616142290375065,1.0,0.9430905737631786,0.0,0.4,0.4,79,2342.5353258808764,58103233.27356144
13,55,0.7914823767087982,1.1644379849134836,1.104798958112741,1.0147518543305174,0.7611860294777653,0.060860718804617395,1.0,0.8609516296755514,0.0,0.4,0.4,81,2373.1622249975794,58103463.48552096
13,56,0.7920084414428934,1.1494247726476488,1.0758338778338699,1.016077985734191,0.7843917517983459,0.05972208636064391,1.0,0.8653186504286257,0.0,0.4,0.4,82,2468.2693372055774,58106821.68759024
13,57,0.7913781721201998,1.1466874118938997,1.072634479403396,1.0192246365600452,0.7649436579392856,0.059801927768630456,1.0,0.8652198096199291,0.0,0.4,0.4,83,2474.0728137837486,58105926.05627833
13,58,0.7911451737354666,1.1452298724948915,1.0709091284655385,1.0226213533522293,0.757137048479056,0.060573993828229,1.0,0.8654859259335803,0.0,0.4,0.4,84,2452.223127748116,58102850.14577167
13,59,0.49735509023186264,0.8848878505264252,0.8601067901411891,0.818546341682877,0.4606998045468643,0.040231942405091446,1.0,0.1385318772684438,0.0,0.4,0.4,103,17962.705010835933,90795.61090537877
13,60,0.4911168201917823,0.8613995320490531,0.8223254637202757,0.8276441007125561,0.4638408037553002,0.044381237656292497,1.0,0.12669005467078318,0.0,0.4,0.4,107,17635.83006651383,90276.13114985406
13,61,0.4961753164525966,0.8775511607702849,0.8514543235637914,0.8436094871120828,0.4566873496634488,0.04049896504180827,1.0,0.139401039232239,0.0,0.4,0.4,108,17889.003334809582,91096.55700490132
13,62,0.4909291315931462,0.8827536369392588,0.8694964734553117,0.856724906336937,0.45725851779602417,0.04173665607630121,1.0,0.12674413202052706,0.0,0.4,0.4,109,17093.687096141955,77269.10691836037
13,63,0.49544626343813286,0.8736588262873709,0.8468897421998626,0.8505466940997942,0.47664412308899984,0.04039436496526508,1.0,0.13948187248333338,0.0,0.4,0.4,110,17869.62306492146,91784.24799191552
13,64,0.5315962299353787,0.925792122512602,0.9236557923726505,0.9058831449224303,0.5224385902101665,0.04810848495662695,1.0,0.23376718648604755,0.0,0.4,0.4,112,17581.226729419286,74897.97718468182
13,65,0.5302193181136515,0.9207333827002102,0.9178356152385174,0.9011751548699387,0.5219842904363767,0.04687362001863753,1.0,0.23223689519443796,0.0,0.4,0.4,113,17483.667826329096,62376.96307922263
13,66,0.5303717923337387,0.9188403521080611,0.9155135225290754,0.9089129890235319,0.5112548643456215,0.04810848495662695,1.0,0.23376718648604794,0.0,0.4,0.4,114,17469.149741017878,74501.44562657498
13,67,0.5219114784975338,0.9103745836359032,0.9177222101654422,0.9163455115999547,0.5823730764534139,0.04763302901391654,1.0,0.21854806597502296,0.0,0.4,0.4,115,17514.872077577547,74450.74979450954
13,68,0.5339978001641956,0.9081101674768528,0.9018113533729912,0.9248997946346873,0.5261518669647403,0.048589260551344285,1.0,0.2503274603750584,0.0,0.4,0.4,116,17458.899884530296,74974.36095207438
13,69,0.5250552710928307,0.8873569773145294,0.8786462870925927,0.9205977321578663,0.5918263550489342,0.04714825607898121,1.0,0.23365254698501953,0.0,0.4,0.4,117,17498.375645342796,62766.96775400235
13,70,0.5314558627785673,0.8923488778447739,0.8833496750880192,0.9307960693562713,0.5125147148809749,0.04693911899809264,1.0,0.2503440159810805,0.0,0.4,0.4,118,17536.824685886524,74850.26411764341
13,71,0.5311463661276913,0.8902411293953976,0.8808809555107655,0.9342444495045328,0.514138852916328,0.046813083057879665,1.0,0.2503442071834959,0.0,0.4,0.4,119,17489.486421260084,45314.24064382777
13,72,0.5304402986895185,0.8968040493801617,0.8996495032663752,0.9487797085129663,0.5325440815782172,0.04693911899809264,1.0,0.2503440159810805,0.0,0.4,0.4,120,17359.68324809942,74190.77829094767
13,73,0.5230757522667246,0.8739370441728558,0.862914779932046,0.9377593813647549,0.511505130184846,0.04577891949665086,1.0,0.23384731752029703,0.0,0.4,0.4,122,17244.09048993867,62244.36408928344
13,74,0.5226660259797553,0.8834837357619472,0.8852139237087155,0.960123022998739,0.4957217884261473,0.04798526029966822,1.0,0.233325491389149,0.0,0.4,0.4,126,17171.996623105348,72541.07812936488
13,75,0.522194718625245,0.8687580819048097,0.8568765527711253,0.9558629871038328,0.5183165582161638,0.04331272175271938,1.0,0.233442316461444,0.0,0.4,0.4,127,17233.30234635683,84771.4413912576
13,76,0.5218299841944012,0.8773417517806976,0.8780091542836317,0.967064381483139,0.511978990514044,0.046433586540468405,1.0,0.23348259449809888,0.0,0.4,0.4,128,17247.63887198198,74233.81119582051
13,77,0.51718852174984,0.842596577520057,0.8373265960956362,0.9749545884191839,0.7353014349900391,0.04347162231202552,1.0,0.23329538949659515,0.0,0.4,0.4,129,17266.70460009825,83952.91547365715
13,78,0.516622056066042,0.8376745484643133,0.8315563722543682,0.9819695265016433,0.5106433199525116,0.043772902997256655,1.0,0.23337158715129142,0.0,0.4,0.4,131,17252.844363116998,84570.55870788373
13,79,0.5157635601776321,0.8305668571942246,0.823235069819032,0.9924688850112119,0.5431759616125296,0.04347519257147603,1.0,0.2333190130412063,0.0,0.4,0.4,132,17303.64526757056,85911.59298210134
13,80,0.515284545017905,0.8258498980432372,0.8176998456757301,0.9809165814153884,0.526385397433337,0.043206614851566974,1.0,0.2334710704122073,0.0,0.4,0.4,133,17255.017421803812,83975.66817557203
13,81,0.5159912992693134,0.8357168417250376,0.8401728712898822,1.0307045769685887,0.496651011375094,0.04510527724498145,1.0,0.23588522477481438,0.0,0.4,0.4,140,17150.66883006469,84225.22445251465
13,82,0.5159250301107919,0.8330858655080007,0.837047763667642,1.038188759712697,0.5046842797939808,0.043779320057329305,1.0,0.2365216436641146,0.0,0.4,0.4,142,17017.208656869967,85532.07940024624
13,83,0.4758799001819702,0.8349403759661098,0.8903432294624076,1.03716510917625,0.45644913485213034,0.03619621469215566,1.0,0.13730749348730595,0.0,0.4,0.4,157,17260.254970248585,72402.37143830357
13,84,0.8203235451067356,1.1629227799046273,1.2043163544468052,1.4166339158840566,0.8411612715109313,0.05884087133409115,1.0,1.0,0.0,0.4,0.4,158,17868.505957426707,71742.00588394236
13,85,0.4768418227879576,0.8170723167950156,0.8688763978882035,1.0490397333927057,0.5108687034210746,0.03806513531091589,1.0,0.14517183450092647,0.0,0.4,0.4,160,17148.347019082525,71149.12373387595
13,86,0.4767351055955172,0.8158093382272578,0.8673937104592215,1.0564903219516812,0.46705116416273923,0.03807513062016163,1.0,0.14522211500630705,0.0,0.4,0.4,161,17151.029835659043,71128.72954852853
13,87,0.4766138316401446,0.8260185342810193,0.8904374999477066,1.060965643132952,0.4648378017321268,0.03844730025905685,1.0,0.14515723201539318,0.0,0.4,0.4,162,17049.84149808667,71339.50286398244
13,88,0.47606998436101017,0.820475940876817,0.8839468635156212,1.0642500795914833,0.49671376636002057,0.03812138452584059,1.0,0.14513906624551942,0.0,0.4,0.4,163,17194.45193204187,71889.15550618108
13,89,0.8172951056131483,1.1547893008523022,1.2169533750886306,1.4529020533343746,0.813340271791392,0.058200579926617924,1.0,1.0,0.0,0.4,0.4,167,17630.920812416836,67707.71156865927
13,90,0.8168474196023416,1.161098585565528,1.2354250876397992,1.4647330677955481,0.8085395581331571,0.05730157555021607,1.0,1.0,0.0,0.4,0.4,171,17332.997367234173,66840.82072154814
13,91,0.8168052189706149,1.1494223740769505,1.2106673118016262,1.4730607623173353,0.8032603981450347,0.05902175112200427,1.0,1.0,0.0,0.4,0.4,172,17281.480907236364,44683.85601726423
13,92,0.8167613039214701,1.171344676562394,1.2585074285663294,1.4886104062849395,0.8033965371692633,0.05730157555021613,1.0,1.0,0.0,0.4,0.4,173,17305.665884094713,66755.46827355544
13,93,0.8163855203534477,1.1447292195499947,1.2051704102473044,1.4804273652683326,0.8293887424294647,0.05813896121851057,1.0,1.0,0.0,0.4,0.4,174,17368.02966778809,44824.651914850125
13,94,0.8154433390828805,1.1450212274160854,1.2165941283532484,1.5034745176601696,0.8380998188268683,0.05814951213286591,1.0,1.0,0.0,0.4,0.4,176,17369.514218539407,44938.65681920501
13,95,0.4691477546907994,0.775918443460716,0.8214157292157912,1.1256749522094693,0.45681450301721477,0.04349811629733125,1.0,0.13435340173203286,0.0,0.4,0.4,177,17302.180854113372,82089.11718042576
13,96,0.815218706248527,1.1319860167895976,1.1902448402654502,1.5018939012960604,0.8078296443503596,0.059860154156055355,1.0,1.0,0.0,0.4,0.4,179,31112.12926762365,67398.82645089919
13,97,0.8141670342963947,1.129369058706318,1.198261390155603,1.4957464591326755,0.8907913657467414,0.05900318409435231,1.0,1.0,0.0,0.4,0.4,180,17397.07346400425,81755.83242926563
13,98,0.8131451521124776,1.1048050082426402,1.158408886694695,1.4934098811511602,0.8935806060516391,0.05981647384551163,1.0,1.0,0.0,0.4,0.4,181,17472.492273537784,82048.1302582828
13,99,0.8130958875187153,1.1153249848375602,1.1818122203206753,1.50215998771057,0.8046529740419188,0.05929296922147159,1.0,1.0,0.0,0.4,0.4,182,17478.458982110893,81825.9340576722
13,100,0.8113837873504469,1.0907862371632153,1.1530713004049415,1.512513287261835,0.9710545176489619,0.06172432787574587,1.0,1.0,0.0,0.4,0.4,183,17773.3296742272,79297.43511503752
13,101,0.8113173504596097,1.1009817225814147,1.1760944558419162,1.5328188675638015,0.8035162567579146,0.06172432787574582,1.0,1.0,0.0,0.4,0.4,185,17728.14292960546,79121.75216803918
13,102,0.8110349738655002,1.0966525520983152,1.17102379479774,1.5285223068386404,0.8302338974478765,0.06143595161319815,1.0,1.0,0.0,0.4,0.4,186,17733.126365759068,79081.81512309524
13,103,0.8108508571643989,1.0937841048048373,1.1676642636832981,1.5399540974247472,0.8200325330357652,0.06141675395089,1.0,1.0,0.0,0.4,0.4,187,17659.56596407249,79025.31092030503
13,104,0.8106632199604684,1.102026830359757,1.1884001820970846,1.5747680910862027,0.8025857231630775,0.05973150652947122,1.0,1.0,0.0,0.4,0.4,195,17562.936636230854,78971.85348714238
13,105,0.8101674650078603,1.0940082396481887,1.1790083897727999,1.5727428103432128,0.8280027917418307,0.05929295657983299,1.0,1.0,0.0,0.4,0.4,197,17737.923793477363,78509.32566747081
14,0,0.76329614878778,0.9397101206455801,0.8804113877081318,0.0072245257068444075,0.0,0.0,0.0,0.0,0.0,0.4,0.4,1,4304.572328407447,8181.892910831497
14,1,0.7422521727767063,0.9335319302955717,0.8731608207587794,0.010127808691289365,0.021948342089764743,0.05074867923527806,0.00011015451427447999,9.747862683178e-05,0.0,0.4,0.4,3,4330.2558755782575,8336.306807604697
14,2,1.0235659926934768,1.268809073746394,1.2180889764618952,0.36861155143408103,0.4803131416046354,0.062030249070975915,0.455351707799028,0.4039334156447216,0.0,0.4,0.4,4,3305.359097243057,3310.493602041864
14,3,0.6535756260682317,0.9935907758746689,0.9337354543427705,0.1454313023785327,0.5042258125700463,0.08149931604239562,0.21360659594318193,0.09098831308351812,0.0,0.4,0.4,5,4203.948190466429,6082.025936885833
14,4,0.6056392249055994,0.9542165190642955,0.8933465563173139,0.1135855415385806,0.1313387767210923,0.08443111499272966,0.17213828093507016,0.04883337571326559,0.0,0.4,0.4,6,4170.279026630757,6445.554744287182
14,5,0.508153794505595,0.9202874804170037,0.8636053685545908,0.12022329689045685,0.44272896888879926,0.09536505623069899,0.13669089397628875,0.10009659133130473,0.0,0.4,0.4,7,2877.7146627936395,4448.67386536774
14,6,0.47912862450740573,0.8912808509323263,0.8345950462353555,0.09360837738030153,0.0658840796256134,0.0963942370819828,0.08915060431437474,0.0751758708391831,0.0,0.4,0.4,8,2893.104958968802,5061.862991598025
14,7,0.49189040614408436,0.9098344781813986,0.8363850409759124,0.15044440673774856,0.2710685280055991,0.09846560779626028,0.11673276869599325,0.17691792450782043,0.0,0.4,0.4,9,2226.0478069508968,4770.159946788506
14,8,0.4292275621121413,0.8580200485643941,0.7815750353682425,0.121113388843169,0.14414607465425222,0.09595682871732372,0.08492078053397067,0.12292364073985804,0.0,0.4,0.4,11,1730.0482366876724,5518.992440162861
14,9,0.40929313235452375,0.8438240056169691,0.7654977764739269,0.11936487929777126,0.15665988645401974,0.0988273221313984,0.09984305059182527,0.09997376539173183,0.0,0.4,0.4,12,1687.9631850225455,4656.589012667911
14,10,0.3909058005154216,0.8294912677412963,0.7496432889446673,0.12513411739125335,0.10551285132525168,0.08405243326672648,0.1136617759168114,0.07253665090513314,0.0,0.4,0.4,14,2943.6628708295416,11910.472553596006
14,11,0.7059837851838298,1.1589862063039784,1.0908186432071525,0.4726981879797629,0.4140734893245365,0.10724443389504776,0.2988220220142138,0.7023770228907414,0.0,0.4,0.4,18,3515.440741974317,6534.088504830117
14,12,0.661545614568702,1.123064906184551,1.049842073316089,0.4703480869042666,0.4968855799090776,0.11204873865318303,0.3013115141283293,0.6838803784631093,0.0,0.4,0.4,20,1949.666460038102,5511.893486191049
14,13,0.6464664726541234,1.109339558728837,1.034895621859044,0.46601601356450045,0.4372785258810892,0.11095178450019653,0.2931549523123884,0.675548788348325,0.0,0.4,0.4,21,1930.770667131443,5811.531865110198
14,14,0.6658148118529228,1.1288857157036565,1.054240425854205,0.49538713976159215,0.4164222045607767,0.11233562149623699,0.3244328908903927,0.696077691467369,0.0,0.4,0.4,22,1908.234921567829,7415.43106694553
14,15,0.6539152101733234,1.1178701317119637,1.0422142040747888,0.4917919008341495,0.42369665697999287,0.11059379023548413,0.31223258995228215,0.6954907295723759,0.0,0.4,0.4,24,1941.6638609578945,6167.17460642643
14,16,0.6535585276211999,1.1287595632241092,1.0660502085634374,0.49977812748753436,0.4041880554649945,0.11059379023548413,0.31223258995228215,0.695490729572376,0.0,0.4,0.4,26,1938.034888491395,6140.352129360718
14,17,0.5813640271973167,1.0571158421847726,0.9936320870194343,0.4434551623436666,0.3517595913855985,0.11060110913395124,0.2602355678025897,0.5796830686351704,0.0,0.4,0.4,28,1850.0034828771256,6124.58182140575
14,18,0.5757827428783636,1.0527148146403584,0.9864516927225132,0.4568875723097452,0.4613141626314506,0.11120162686879151,0.2634178690053143,0.6060715631969996,0.0,0.4,0.4,29,1729.4981735898589,5771.132083380557
14,19,0.39848206902060157,0.9089215166613343,0.8787897662948201,0.3124314905495658,0.21636934079751452,0.11832824864619049,0.1032523948551407,0.36461909180384233,0.0,0.4,0.4,33,3656.343658524528,22705.39882817308
14,20,0.3707835522302698,0.8809891780672782,0.8500771306931627,0.2940259655431392,0.17968503704825184,0.11796712541771023,0.0903568206368344,0.31907605850475795,0.0,0.4,0.4,35,3575.9750870859743,22639.36843844926
14,21,0.3472769213206137,0.8573457993293527,0.8260740629316731,0.2809020439759319,0.1495629738878057,0.1195683052791758,0.07771148846793792,0.2778624177915434,0.0,0.4,0.4,37,3443.595326985338,21548.14054653646
14,22,0.340876331157804,0.8504757159303736,0.8182171679733784,0.28249489767902536,0.18136840482554983,0.12297776214259115,0.07673022721697595,0.2760743913977622,0.0,0.4,0.4,38,3476.993304715152,21735.919140364374
14,23,0.33806901673596806,0.8474421316175341,0.8147873159235437,0.2847927258823828,0.15656083040121346,0.12580635899899725,0.07602069342507836,0.2749841307597236,0.0,0.4,0.4,39,3510.3637038564907,21883.839520411268
14,24,0.35332748218967713,0.8829126203807309,0.8734595476251534,0.3345817183325068,0.28399734034178725,0.11629982466291437,0.09339454760269675,0.3311313244329789,0.0,0.4,0.4,40,3506.5045474255253,22755.076872506903
14,25,0.3522337113241152,0.8925828787747282,0.8956877593911435,0.3393556069258393,0.1798855240154013,0.11557318233261224,0.0939008702849201,0.33325010819223333,0.0,0.4,0.4,42,3371.873027059873,22709.36493405676
14,26,0.3453523929102108,0.8844050052093184,0.886322418302546,0.34070743809704934,0.2180962442139025,0.11882462387735152,0.09280248078221434,0.33123750671069546,0.0,0.4,0.4,43,3393.002301165978,22904.34840933439
14,27,0.34681804247614717,0.8854861871193385,0.8870746072498743,0.3467661398505826,0.1860983231056131,0.11658681072173671,0.09440384528463962,0.3371423528368333,0.0,0.4,0.4,44,5554.399878282394,22863.065220933644
14,28,0.400340972175914,0.9390225756207524,0.9405775922177462,0.4223112712607423,0.22696293338829124,0.12460383178991649,0.12391991040270209,0.4419549360437481,0.0,0.4,0.4,47,3466.500185221156,23215.702831441493
14,29,0.3878843822187067,0.9078847684826554,0.8914658755182104,0.4112750765403316,0.4382523314207757,0.12877291085014675,0.18274167446761452,0.40590015245621497,0.0,0.4,0.4,48,3660.944726242889,27128.63738537221
14,30,0.3866585124173016,0.9172782580578648,0.9135498714075106,0.42022613793887265,0.24163578383274903,0.1287729108501467,0.18274167446761488,0.4059001524562177,0.0,0.4,0.4,50,3661.310636257899,27120.48392730282
14,31,0.7383363170168202,1.2868154756611363,1.3067447883078176,0.8095533199143767,0.6280302961937765,0.13200275432464703,1.0,0.49067147301957714,0.0,0.4,0.4,53,2820.724884276351,27192.26385381192
14,32,0.7256973948006511,1.2565899883348095,1.260542373059873,0.7926142135256746,0.7176213329920451,0.1359057843806431,1.0,0.48656719138331594,0.0,0.4,0.4,54,3435.836079250417,27256.29900524713
14,33,0.7191502754695165,1.256344955617514,1.271329048861689,0.8113012480782873,0.6340131746149043,0.13758272123301504,1.0,0.48668633890323065,0.0,0.4,0.4,56,3394.5890149491424,27183.063774434664
14,34,0.7193184529366916,1.2452339751311223,1.2471875369062562,0.8158522718686507,0.5955501133553998,0.1388691378645157,1.0,0.4873552921480638,0.0,0.4,0.4,58,3421.2832586874674,27267.068376286607
14,35,0.6974631093619599,1.2421470997967026,1.2686850299497174,0.817074030738354,0.6355023215358234,0.1265510739135301,1.0,0.44429925372975954,0.0,0.4,0.4,59,2766.3987424123143,27076.001416218605
14,36,0.6970468041941681,1.241378260837601,1.2677822144981787,0.8170175435729056,0.5804712452049988,0.12638792558109613,1.0,0.4443338483855196,0.0,0.4,0.4,61,2756.447902746896,27105.440109269315
14,37,0.7107061396973936,1.2286810966188275,1.2276221657404611,0.8352561302311048,0.655580770995893,0.128602691114274,1.0,0.48994865986949276,0.0,0.4,0.4,62,2780.6490573798465,1314606690291.455
14,38,0.7052434682556681,1.2345069602924392,1.2556133033335215,0.8494403046481588,0.7588020284529087,0.13068123155311245,1.0,0.5044898113945139,0.0,0.4,0.4,63,2747.194299502601,2889006318878.1914
14,39,0.7039562344139833,1.2089162891995402,1.2034175354607304,0.853380047443026,0.6262153457170052,0.12922187792342604,1.0,0.5053506765049751,0.0,0.4,0.4,64,2734.978934943959,1314609033239.9993
14,40,0.7033219591417971,1.2274595939755315,1.2469295502960267,0.861462967047872,0.6464653538265993,0.13028243676918183,1.0,0.5107590238632375,0.0,0.4,0.4,65,2674.6439140460207,2889001429544.107
14,41,0.7041419404786062,1.2161830463810845,1.2223725599003956,0.866339818955741,0.6172277111326427,0.12995768156656934,1.0,0.5146620206041503,0.0,0.4,0.4,66,2816.139046464496,2889001357201.26
14,42,0.6811675329154826,1.1919679386190292,1.1977705203655544,0.8506478212381627,0.5996831862067135,0.13184872481226326,1.0,0.45977591983676,0.0,0.4,0.4,67,2938.3462535909057,2889001423689.562
14,43,0.700239246291761,1.2281075604031062,1.2582781044418279,0.8520132060945783,0.6737718595203308,0.7375600491292534,0.5179425617016343,1.0,0.0,0.4,0.4,68,1725.9111646495628,36437295605473.12
14,44,0.6695950951618059,1.1911813378162992,1.2194956171264342,0.8382456384062851,0.6567950666791709,0.342612940074533,0.4527240700683133,1.0,0.0,0.4,0.4,69,1313.4946616775103,36437358345154.78
14,45,0.6637935231902526,1.1879613591520024,1.2268252812596245,0.8538117179501931,0.6142934689414865,0.7300593765697597,0.4524410539441486,1.0,0.0,0.4,0.4,72,1388.189654543779,36437358025078.61
14,46,0.6615769010798012,1.1813694360122438,1.219026811816592,0.8536198954780693,0.6306460550988214,0.7368819148635353,0.45357532128421213,1.0,0.0,0.4,0.4,73,1341.0186799862672,36437360638516.47
14,47,0.6214313019593655,1.14922596746043,1.209054901928163,0.8586616178671197,0.5805445303432439,0.7940588179408115,0.3730991116096334,1.0,0.0,0.4,0.4,78,1620.8058055825672,38196830173266.5
14,48,0.6203175259615715,1.1339939628059637,1.1800763597849446,0.8550077086196104,0.5796770463228171,0.7944896492522172,0.37391743704166963,1.0,0.0,0.4,0.4,79,1606.9831676852918,38196826214322.1
14,49,0.6172580642241571,1.1360807756582285,1.1936274049815874,0.8607169429653561,0.6121331214786285,0.7912787971454673,0.3735537509235919,1.0,0.0,0.4,0.4,80,1540.3141529513146,38196871363133.766
14,50,0.6008778715063382,1.0883011077038933,1.117602610639665,0.8544734919132683,0.5836481039250909,0.787803694728001,0.34288232381524003,1.0,0.0,0.4,0.4,82,1454.6583322814267,38201020809472.78
14,51,0.5994046841342924,1.0943667675873898,1.1357887630461065,0.8643253659224759,0.5545083665459247,0.787803694728001,0.34288232381524003,1.0,0.0,0.4,0.4,84,1427.76188638326,38201017014683.01
14,52,0.5979615958427876,1.100537571024207,1.1540980109780414,0.8998561680161359,0.5545348061215475,0.7878036946940867,0.34288232432962445,1.0,0.0,0.4,0.4,86,1374.5602600215234,38201008550797.25
14,53,0.8261717319596651,1.3092359322145075,1.347821410624984,1.1119146403080418,0.7887171728651747,0.4275520834099704,0.9214629081974524,1.0,0.0,0.4,0.4,90,1353.6055918572251,35321.8418666557
14,54,0.8259829782192925,1.329243121407556,1.3933103148187764,1.1220565550222188,0.7903976431103399,0.41601027690427805,0.9230422812620519,1.0,0.0,0.4,0.4,91,1357.485837602533,35144.66664938774
14,55,0.8224413542542837,1.2959365291143858,1.3322936239128484,1.1360699206748412,0.83799051278625,0.42867433926741116,0.9207434441598551,1.0,0.0,0.4,0.4,92,1929.6788095269176,35386.42619524431
14,56,0.8510190516324185,1.3375450225096521,1.3977621585827293,1.1724491021808259,0.887325212348938,0.38982247801763836,1.0,1.0,0.0,0.4,0.4,93,1285.9574727063125,579961.6451604033
14,57,0.8357326405475168,1.3093094183228264,1.3666311631231314,1.1520709323763625,0.9067508040315754,0.3925870651749408,0.9716781878431195,1.0,0.0,0.4,0.4,94,1387.316409990226,579438.3357168108
14,58,0.8357326405475163,1.3205137669832954,1.3908360598759475,1.1738856477860655,0.7886721584706862,0.3925870651749412,0.9716781878431184,1.0,0.0,0.4,0.4,96,1387.3164099902276,579438.3357168108
14,59,0.8350991515334576,1.3181115316184768,1.3880432462152006,1.1848760530798113,0.7938572962306367,0.39818027630165964,0.9713725656227842,1.0,0.0,0.4,0.4,99,1373.5702243121862,579777.4738386119
14,60,0.5385567957944513,1.0077950139915122,1.064159992589003,0.9265188365408242,0.49855154706775395,0.7578638804919731,0.23185829093807828,1.0,0.0,0.4,0.4,103,1545.563959646012,97205094523621.36
14,61,0.842595138986145,1.3224013030936503,1.402188406441848,1.2433429303520027,0.8528786178505218,0.3716900621432787,1.0,1.0,0.0,0.4,0.4,105,1215.2390127065055,652240.5041380601
14,62,0.6242438770897321,1.0509139202711442,1.1089060270338156,1.0368170855557337,0.9493994985765927,0.3453363351161856,0.47767286938690123,1.0,0.0,0.4,0.4,106,1404.435529436606,751416.623959521
14,63,0.6069999945378007,1.0278731489854398,1.0846839592235846,1.027674340652225,0.5988175924788369,0.29184887184063785,0.4791145777242788,0.9582011546853895,0.0,0.4,0.4,108,1341.9275687928755,751080.4015345972
14,64,0.6064780999141482,1.0239206271260728,1.0800344601771417,1.0350698124557245,0.5892572966873966,0.2909875049172884,0.47940090603535773,0.9582080639569757,0.0,0.4,0.4,110,1371.6836920838882,751315.2149895749
14,65,0.8273279796342948,1.2433196575746166,1.3206451060883495,1.2718511774446661,0.9960756081105413,0.34879837024185006,1.0,1.0,0.0,0.4,0.4,111,1467.7432312464073,597059.1588908078
14,66,0.8257076449017315,1.2199176548075514,1.2821536720396856,1.2905014842748095,0.8211668992585915,0.38244134421614706,1.0,1.0,0.0,0.4,0.4,115,1592.4874520029152,602658.007395537
14,67,0.8252017668037028,1.2271812649941465,1.301743019228985,1.316850369084527,0.8137023394850306,0.38404234550287797,1.0,1.0,0.0,0.4,0.4,117,1567.8953211746375,603507.9742830402
14,68,0.8246727956846254,1.2117898175933886,1.2726338632075045,1.2974475356822732,0.8291752328800215,0.38367803307563375,1.0,1.0,0.0,0.4,0.4,118,1480.068058054053,599555.6433862206
14,69,0.824403778904991,1.2320392295813543,1.3185145596960464,1.3158902058352848,0.815044844590046,0.38263487039524746,1.0,1.0,0.0,0.4,0.4,119,1603.6701363531986,602756.907473665
14,70,0.8206436765433389,1.2331446879315524,1.3530546077347165,1.315735617236111,0.8324352767704667,0.37540233511505117,1.0,1.0,0.0,0.4,0.4,126,1411.3150066669857,282447.3364866665
14,71,0.817065840255476,1.163768884664159,1.2385523386732817,1.2987051348001053,1.0517000627932225,0.3700991136477011,1.0,1.0,0.0,0.4,0.4,127,1442.279387366562,282294.3285402992
14,72,0.8156185247637112,1.1583103207598702,1.243240918669032,1.3162070837683317,0.828638079197746,0.3715263859912508,1.0,1.0,0.0,0.4,0.4,131,1416.6395399251255,281707.48711789737
14,73,0.8155964632062777,1.169256854512808,1.2671437857007595,1.3275571164166244,0.8009063412395474,0.3690979215264319,1.0,1.0,0.0,0.4,0.4,133,1432.2569054517226,282735.07704642764
14,74,0.8151176429117734,1.1859479762683773,1.308856760747973,1.3537563464176379,0.8199346830683722,0.3722704725230434,1.0,1.0,0.0,0.4,0.4,135,1512.8164483662308,281768.2960692013
14,75,0.8142817492641854,1.1757868547735293,1.2969554905433793,1.5229368547930808,0.8020036590783399,0.3520581424146279,1.0,1.0,0.0,0.4,0.4,171,1483.6486113442138,292646.46168639854
14,76,0.8134182200990949,1.1980319387877651,1.3562554797430115,1.5670447621702461,0.8086862211897471,0.3496651451697101,1.0,1.0,0.0,0.4,0.4,180,1523.488534788274,294757.8667968599
14,77,0.8132916598874949,1.1851387999040888,1.3300726590465677,1.5494715770759475,0.8058976810195315,0.35447364374211643,1.0,1.0,0.0,0.4,0.4,182,1481.881921694045,284444.0764119406
14,78,0.8128018332702013,1.1674318053497448,1.2982514690402802,1.5513934708991148,0.8232519607212951,0.3519201379855769,1.0,1.0,0.0,0.4,0.4,184,1583.7348338460904,283679.1961130816
14,79,0.8122452281359028,1.170667826947727,1.3131234308791564,1.5632776824080445,0.8272859109794033,0.3519201379855768,1.0,1.0,0.0,0.4,0.4,186,1595.5826180603267,283760.4624711008
14,80,0.8121537370151837,1.1581532041152935,1.2873838451959556,1.554436062578068,0.8091591097020228,0.3540268543503208,1.0,1.0,0.0,0.4,0.4,187,1597.3631792996937,283581.28221274214
14,81,0.8120427780305775,1.1677561255616724,1.3097130474871035,1.5756385532499744,0.8037255728621063,0.35384858590946977,1.0,1.0,0.0,0.4,0.4,190,1594.387389911896,281380.6791861908
14,82,0.8118700316546151,1.1988558181242341,1.3793838173748387,1.6358844308597926,0.8035110377499138,0.3533336456061712,1.0,1.0,0.0,0.4,0.4,195,1488.027597520791,282986.1377744944
15,0,0.8273831469654326,0.9576985232488611,0.9014803065204691,0.008878385824255637,0.0,0.0,0.0,0.0,0.0,0.4,0.4,1,3368.542604888486,8213.391414843176
15,1,0.805213632239336,0.9516985427865723,0.8944383728419988,0.011798612737889102,0.021330383795745186,0.06230900095497295,0.00010561808353773999,0.00010474096353469001,0.0,0.4,0.4,3,3342.601517547411,8174.839370466012
15,2,0.6824526764659375,0.9534428469919346,0.9004750664030928,0.06516390162253148,0.3966157451615883,0.11608012971452597,0.03860758386293055,0.0650739631394484,0.0,0.4,0.4,4,2923.2399404604494,46118.28535542564
15,3,0.6337021101019124,0.9739957488409611,0.9139190980499728,0.12698919095054212,0.3988554559108536,0.10170413855924991,0.207464191652388,0.051374384373826854,0.0,0.4,0.4,5,3339.172579864451,5426.904983220748
15,4,0.600964815055484,0.9464198137277386,0.885685617017836,0.10504108417089741,0.1064245906728401,0.10072878416806079,0.1689993470055729,0.03049863694092097,0.0,0.4,0.4,6,3219.9818159131028,5763.232747395307
15,5,0.513618049298565,0.9200061815487899,0.8644327523214427,0.11406344789250733,0.40248070254458657,0.09958111202458104,0.15665457402167943,0.06324528200564863,0.0,0.4,0.4,7,2889.8448875048043,4154.283845552472
15,6,0.4836248458849025,0.9104266640439003,0.8505438749751053,0.12818481726958705,0.16212511052837097,0.0705742015014639,0.1252691846336828,0.1335896553754806,0.0,0.4,0.4,10,2816.8792081072365,37909.04236678792
15,7,0.38567249229677575,0.8539934942608575,0.8146060558076805,0.09969626655622765,0.2813946772077235,0.07538109515968158,0.05567448722715531,0.08645108893791689,0.0,0.4,0.4,11,2190.701603139966,39558.00786454717
15,8,0.3859073145897312,0.8658905498231856,0.8393397910917999,0.11365875839698193,0.06183823773365848,0.07733072162516388,0.055988580544356126,0.09026056032653408,0.0,0.4,0.4,13,2198.636521431804,39179.83226142703
15,9,0.35700929105660256,0.8189956279883843,0.7647432626925874,0.10268579526049776,0.11329956214741364,0.039585948605033325,0.04052016374202166,0.06933750375772864,0.0,0.4,0.4,14,2093.687887155853,38331.39282179573
15,10,0.42016209094862883,0.8715537453785139,0.8040452968330016,0.168746479054252,0.11441425798533504,0.10176507946881479,0.1609230846481979,0.11207290940471719,0.0,0.4,0.4,16,2354.4550657140035,45703.97757069453
15,11,0.3951416579382164,0.864064808720189,0.8064400565034775,0.17201743726977897,0.1722626818005641,0.10600122943431381,0.16206429455881313,0.10969691909108417,0.0,0.4,0.4,18,2702.4200287643616,47697.09308123511
15,12,0.3745341166288609,0.8506108814862925,0.7866098831895385,0.2055263327550567,0.2625386637890423,0.08297499745472392,0.1947870027212548,0.1364203194559812,0.0,0.4,0.4,20,1884.086622877804,44315.197966601365
15,13,0.3620703073444036,0.8499361720117645,0.797706386403031,0.2137235683517343,0.14035416632045686,0.08518314061255623,0.1894098476872784,0.1300447212159792,0.0,0.4,0.4,24,1948.749068692178,44923.9584496242
15,14,0.31354347402238314,0.8015309165465571,0.7488064800599349,0.17527663244641623,0.09223448916482918,0.07236023939173325,0.11825911283396977,0.08740258801789172,0.0,0.4,0.4,26,2494.11125986829,46195.39912125577
15,15,0.3010933975509941,0.7891116074450839,0.7362696295712647,0.17160767343882724,0.07292560644216989,0.07264553375611296,0.10139393087511499,0.07493512891873869,0.0,0.4,0.4,28,2501.567275598407,45857.36021629085
15,16,0.2970422004434532,0.7849712197999944,0.728458128311314,0.19516588560184947,0.23754609844729643,0.05293500752338444,0.13468799907463036,0.08488157037929792,0.0,0.4,0.4,29,2766.015544187833,50166.62167410158
15,17,0.2815797049580928,0.767743663495831,0.7078776677757158,0.20189842026675947,0.15864087661657758,0.05059909698964371,0.1422508302229889,0.0831966412351297,0.0,0.4,0.4,31,2546.8290081243317,46171.81423447263
15,18,0.29973596096459354,0.7744099885699152,0.7012074645809883,0.2314024845616133,0.12353352879936563,0.08194832792653019,0.13951471770511117,0.13551399058263525,0.0,0.4,0.4,32,2193.931737023216,47828.214579493615
15,19,0.26510157747062424,0.7478219445952734,0.6844729162822447,0.20352767809519767,0.21902747456846852,0.04991493218841374,0.1427702641107402,0.08371826688454764,0.0,0.4,0.4,33,2467.99418115364,45810.407725826015
15,20,0.6053519986269587,1.0866191468826736,1.022133773607571,0.5435671931505341,0.45915199020108316,0.07544219270558329,1.0,0.09006854091054681,0.0,0.4,0.4,35,2365.4090048020707,45132.45843905847
15,21,0.2720105516905605,0.7514768779894853,0.6857092849050511,0.23543734708914316,0.1607564998814368,0.06801724295774132,0.1403056923930676,0.13062568403541053,0.0,0.4,0.4,36,2217.7653399257256,46568.13949360143
15,22,0.5962343129179944,1.085356993726067,1.031590950473741,0.5608151891854214,0.4775358252915937,0.07648995806885203,1.0,0.09220195388407444,0.0,0.4,0.4,37,2289.8543050965677,45113.91531124948
15,23,0.5923552024684098,1.0676043503527448,0.999228568725292,0.5684899806513106,0.5057869373226707,0.06160767612730097,1.0,0.0993239166915856,0.0,0.4,0.4,38,2086.747462905285,47648.36810571245
15,24,0.5751327180524133,1.0559812505008916,0.997711065699482,0.5729167406783631,0.49261624565257284,0.057438810687189944,1.0,0.08451522771726896,0.0,0.4,0.4,40,2164.403833617937,45945.30415015891
15,25,0.5731242548989051,1.052592053152872,0.9936634664843271,0.5761581760565875,0.4476952867095068,0.057585823717561324,1.0,0.08565344758604973,0.0,0.4,0.4,42,2198.132181887151,45374.1165444345
15,26,0.5663275656967668,1.0528905664971384,1.0051112537996176,0.5903913166433392,0.471907405167228,0.0568427736577759,1.0,0.08541326409230118,0.0,0.4,0.4,44,2118.1379883299155,45574.16285966993
15,27,0.5662071659076929,1.0638957411740042,1.0290830174655274,0.5994888014096353,0.43486102146512956,0.0568427736577759,1.0,0.08541326409230118,0.0,0.4,0.4,46,2140.1537482271974,45345.24480173785
15,28,0.5652190450085263,1.0508414753697772,1.0026575082358653,0.6000400882719071,0.44958528489276905,0.057711948364133195,1.0,0.08619694245290782,0.0,0.4,0.4,47,2140.812664595139,45782.66855254931
15,29,0.5538020046315383,1.0255633510687252,0.9632685466599097,0.6043384697363333,0.47217481687224816,0.055555545353115056,1.0,0.06722124794415471,0.0,0.4,0.4,48,2111.4106088893086,45146.32419117032
15,30,0.579109809771392,1.0726706669340769,1.0361286954764275,0.6368160489913965,0.46317163308874404,0.06559938031674813,1.0,0.13259395756032186,0.0,0.4,0.4,49,2098.4461842203536,46142.46052964362
15,31,0.9242846538063776,1.4165859784080013,1.379522069954099,1.0131519777402984,0.8016733133167713,0.07245201255848494,1.0,1.0,0.0,0.4,0.4,62,3367.7853314496447,62466.64682343488
15,32,0.9118949423494473,1.3824769635627012,1.3284898737039395,1.0050758889959646,0.8798471584643647,0.06949270776681142,1.0,1.0,0.0,0.4,0.4,64,3241.9160415404613,64512.22639097038
15,33,0.9065395192627043,1.383034308787206,1.340224545285495,1.023937888596905,0.8372080041702474,0.07045932845842179,1.0,1.0,0.0,0.4,0.4,66,3235.078347643994,64805.071562166944
15,34,0.9027261334251192,1.3750914554788447,1.3309213999638587,1.0327880473922102,0.8276137891867562,0.06488894699146543,1.0,1.0,0.0,0.4,0.4,68,3037.188819240348,61199.6007187384
15,35,0.9007340715969223,1.3820840864688633,1.35019329770918,1.049931900390278,0.8296453228291907,0.054632051887186284,1.0,1.0,0.0,0.4,0.4,69,3008.964949887708,63524.77421700696
15,36,0.8912185096125576,1.349381769938662,1.300808780869465,1.037430986654349,0.9499141321271131,0.06578480226379715,1.0,1.0,0.0,0.4,0.4,70,2929.2962644071986,60776.05310508944
15,37,0.8908718175075406,1.348559429285329,1.299845605923588,1.044362434948169,0.8028717283788003,0.06615891051137653,1.0,1.0,0.0,0.4,0.4,72,2968.112116158837,63342.71830012302
15,38,0.8859690922461338,1.3980916909828467,1.413269216157087,1.0615040067623034,0.8835534537335423,0.055135684643911165,1.0,1.0,0.0,0.4,0.4,73,3590.5249597957927,651100654732326.1
15,39,0.8849991760165056,1.3341527390910572,1.2829716391270418,1.036775509982218,0.817066136585009,0.06408688185991132,1.0,1.0,0.0,0.4,0.4,74,3036.93134477536,56965.8944633379
15,40,0.8688155999709979,1.3560900864782663,1.3751562542855345,1.0662292415645567,1.1163134318599082,0.055135684643911165,1.0,1.0,0.0,0.4,0.4,75,3178.459818011984,651100779804639.2
15,41,0.8678348229306752,1.3642319428054384,1.3957741297994217,1.0769357539035487,0.8106944521900057,0.05506614861299217,1.0,1.0,0.0,0.4,0.4,77,3175.9114523613466,816828582186521.2
15,42,0.8674104570932593,1.362893801372249,1.394206895411366,1.0841384755864254,0.8046724550283318,0.05519118955114449,1.0,1.0,0.0,0.4,0.4,79,3176.5565781330856,816828576367938.6
15,43,0.8628960230681391,1.3369360459177244,1.3527219354153766,1.082782135194286,0.9030443107825521,0.05598060234647791,1.0,1.0,0.0,0.4,0.4,80,3045.908841144874,1337794127638454.5
15,44,0.8614379615747095,1.3319556705388766,1.3468886870545584,1.0896493452553062,0.8173914462042677,0.05466715707426408,1.0,1.0,0.0,0.4,0.4,82,3046.632245233238,1337794109151045.8
15,45,0.8599109265947973,1.326618491637471,1.340637465779698,1.100147497288047,0.8372784863813943,0.053033975551221565,1.0,1.0,0.0,0.4,0.4,83,3021.324815692308,986861468219237.0
15,46,0.8596254806632391,1.3256075768176871,1.3394534279093833,1.1123687212347697,0.800642300779067,0.057447054081649164,1.0,1.0,0.0,0.4,0.4,94,3016.957695541044,1484513534458434.8
15,47,0.8575804766887747,1.3294549685146964,1.355041455432867,1.1427274433036216,0.8515876766820624,0.04819573963045989,1.0,1.0,0.0,0.4,0.4,95,3150.25133872215,1484513349419829.5
15,48,0.8575722863143378,1.3293939340836693,1.354969934165001,1.1250110772094746,0.8002135529058593,0.05040110500059567,1.0,1.0,0.0,0.4,0.4,96,2973.5309295653124,1484513599408392.5
15,49,0.8558568795932127,1.3230095958264076,1.347492221570001,1.1354177971457022,0.8446331861964265,0.04682132101653872,1.0,1.0,0.0,0.4,0.4,97,3165.41595510705,1484513424530229.5
15,50,0.854279729882953,1.3171285779191277,1.3406040017002376,1.1349005795826188,0.8421878825819279,0.04810591593832044,1.0,1.0,0.0,0.4,0.4,98,3231.893570748024,1484513449304015.8
15,51,0.8531559182459831,1.3125566374302624,1.3352490928281755,1.1780785647777545,0.8061554408292722,0.04853120349877496,1.0,1.0,0.0,0.4,0.4,103,3030.016640614242,1484513443632672.8
15,52,0.8496984492252436,1.2984318681793061,1.3187053705648122,1.180027724359089,0.898654869303662,0.04698883980142262,1.0,1.0,0.0,0.4,0.4,104,2900.8960751400045,1484513452826714.2
15,53,0.8496084164647968,1.309255649211019,1.3424644732865438,1.2018882122131012,0.8013268477859268,0.0469888398014226,1.0,1.0,0.0,0.4,0.4,106,2883.236898406712,1484513460553493.5
15,54,0.847979187452995,1.3022761825100453,1.3342897892169812,1.2053965763576462,0.8244108318825132,0.050521660720097575,1.0,1.0,0.0,0.4,0.4,108,3048.024741197852,1484513499444346.5
15,55,0.8477260421859325,1.2787515979865476,1.2845730593688203,1.2129551571945076,0.8007724001782179,0.05064033704425912,1.0,1.0,0.0,0.4,0.4,118,2190.33322982556,1484517494332789.2
15,56,0.8462931607866585,1.2723858948917002,1.27711713123339,1.2344839143340827,0.8222282004936533,0.046983839566396804,1.0,1.0,0.0,0.4,0.4,120,2130.8012726513816,1484516915618988.5
15,57,0.845841091082725,1.27034064307552,1.2747216280707718,1.2454352641392792,0.8071453011127504,0.047225540712306106,1.0,1.0,0.0,0.4,0.4,122,2146.2632481441183,1484516940149761.2
15,58,0.8447104974394769,1.2651392102195915,1.2686294595971108,1.25227695731003,0.8363249624390494,0.04995697259941907,1.0,1.0,0.0,0.4,0.4,123,2263.500710399142,1484517685059559.2
15,59,0.8435210830842086,1.2819428268088182,1.3104741256393773,1.263083502320165,0.8391442851440252,0.047938404339174616,1.0,1.0,0.0,0.4,0.4,124,2857.378567053273,1484520106041980.8
15,60,0.8390397936290042,1.3042867284732886,1.3809715239056226,1.2449613553989751,0.9569663352157548,0.05327423101197121,1.0,1.0,0.0,0.4,0.4,125,3538.552996603185,14318707.559040274
15,61,0.8381754366876639,1.2996800821314864,1.3755759332114716,1.2521890819061343,0.8160872409842279,0.05363475817053472,1.0,1.0,0.0,0.4,0.4,127,3513.105155031732,14318292.98500728
15,62,0.8377038445651549,1.3195373008847853,1.4209971875737768,1.2888506096507264,0.8178334770130933,0.05266481204281942,1.0,1.0,0.0,0.4,0.4,128,3508.864948015362,14317815.93452369
15,63,0.8370541472112096,1.3159730268846408,1.4168225764690305,1.2963212673952595,0.8124561699220972,0.05302258450770695,1.0,1.0,0.0,0.4,0.4,130,3483.3505920666817,14317399.748443255
15,64,0.8369867375247951,1.3043932395391986,1.392178053574285,1.2702751750456236,0.801303576910408,0.0530225845077069,1.0,1.0,0.0,0.4,0.4,132,3476.87852888123,14317760.656584289
15,65,0.8345936014456615,1.234694825707805,1.2551346430517873,1.2958949430770237,0.8318312057963908,0.05710584847806751,1.0,1.0,0.0,0.4,0.4,135,3221.0055363039205,1.2525928192291344e+36
15,66,0.8337641158650124,1.252162469552239,1.297757250517742,1.322338268680777,0.8115013878671794,0.052367318371491264,1.0,1.0,0.0,0.4,0.4,138,3114.092460672212,435042084776164.3
15,67,0.8335313072300932,1.3067776855042799,1.4171343829505894,1.3375991034646675,0.804918847076592,0.057870049352467236,1.0,1.0,0.0,0.4,0.4,140,3341.567865370534,14318210.406735158
15,68,0.8326547520743592,1.2453790994685987,1.2898122218954553,1.3443598712969913,0.837542931276432,0.05121749044596182,1.0,1.0,0.0,0.4,0.4,141,3165.729377163449,6.194368539097174e+36
15,69,0.8325354723756333,1.2894546778745486,1.3857627926942273,1.3179250676073888,0.8017309926988492,0.05656629468293282,1.0,1.0,0.0,0.4,0.4,144,3342.445497787002,14316189.292701757
15,70,0.832343729446847,1.2994615891262973,1.40856528205429,1.3440926142078864,0.8041818482386194,0.055748632916061545,1.0,1.0,0.0,0.4,0.4,146,3350.786802069037,14314387.975224923
15,71,0.8260021278541232,1.2781602307682773,1.4057792990154607,1.363261119061307,0.9017634078371225,0.053009405557114565,1.0,1.0,0.0,0.4,0.4,149,3529.802957891226,14325739.164199805
15,72,0.823543486436769,1.314640527289614,1.5039157303614084,1.4125603410924574,0.8682374296158842,0.05348035330472143,1.0,1.0,0.0,0.4,0.4,151,3277.170659225392,14325023.410882857
15,73,0.823486131503503,1.2805563023392685,1.430749014023549,1.4008669550441435,0.8016656316988848,0.05298635304222149,1.0,1.0,0.0,0.4,0.4,153,3515.00538165028,14325315.54783018
15,74,0.8220011088340857,1.3238611714593085,1.536879029714921,1.454918060997188,0.8443922968045527,0.05280675487402435,1.0,1.0,0.0,0.4,0.4,155,3253.0062762415578,14317426.929726971
15,75,0.8198259562552079,1.292655993619594,1.4892478994072396,1.437308144403167,0.8699375434291768,0.054390322446797625,1.0,1.0,0.0,0.4,0.4,157,3427.363612087998,14315224.474353423
15,76,0.8196611233789755,1.223858222316633,1.3421777320566588,1.3898361590440718,0.8037098886307452,0.05415709475743319,1.0,1.0,0.0,0.4,0.4,160,3221.010912417739,14290536.489455452
15,77,0.8191853937098815,1.2191464326272632,1.3366589804269253,1.3893869289781582,0.8162833861462724,0.05415709475743319,1.0,1.0,0.0,0.4,0.4,162,3164.09806914482,14294124.807157282
15,78,0.8188868701176004,1.249832219426473,1.4058451773209075,1.444041363757163,0.8103914980551774,0.05270310245601654,1.0,1.0,0.0,0.4,0.4,164,3251.1974873107333,14289708.726968495
15,79,0.8183424142579572,1.2218428893391913,1.350898930474897,1.4121161669874325,0.838637253150676,0.053388414296107745,1.0,1.0,0.0,0.4,0.4,165,3193.9696779849373,14291729.520041356
15,80,0.8176979865698206,1.2263177218257502,1.367221724197981,1.4471949536809254,0.8470012744263415,0.05531603632611585,1.0,1.0,0.0,0.4,0.4,166,3100.840601841836,14296363.225343153
15,81,0.8170954306881215,1.2198369594253533,1.359631283586289,1.4465141952487137,0.8452604904685412,0.05411868498320384,1.0,1.0,0.0,0.4,0.4,167,3110.037238302344,14291289.775771746
15,82,0.8165234998725686,1.2471208887775718,1.4248328928541851,1.5178718326169993,0.8073685879888588,0.05338132297044781,1.0,1.0,0.0,0.4,0.4,173,3158.04304989647,14288893.738234255
15,83,0.8164817724575386,1.235447412725679,1.4000785946556422,1.4695375684087368,0.8008169838902426,0.05450356360546933,1.0,1.0,0.0,0.4,0.4,177,3160.9353135524298,14290895.742394438
15,84,0.8155588097943051,1.2248178476985787,1.3876286447795838,1.4807892053118654,0.8742500062676362,0.048422260442721736,1.0,1.0,0.0,0.4,0.4,178,3142.582838700493,21747248.22625138
15,85,0.8154836325242654,1.22393088235357,1.386589749151948,1.476700855117127,0.8062069346245214,0.047974081817702005,1.0,1.0,0.0,0.4,0.4,179,3071.5498670610264,21732412.297882013
15,86,0.8144085257861914,1.166032800450321,1.2744493223261446,1.491011038914622,0.8915323599674086,0.055718711505336346,1.0,1.0,0.0,0.4,0.4,180,3306.8941585694656,17498456.22675129
15,87,0.8136677375535484,1.2013242078025768,1.3601115915503066,1.4857533149728228,0.8663399240965155,0.05547980595224087,1.0,1.0,0.0,0.4,0.4,181,3329.167921242867,17505717.262210324
15,88,0.8133459583243173,1.152256115517491,1.2583132056737756,1.4976256045133738,0.8297173085624547,0.05410003570650688,1.0,1.0,0.0,0.4,0.4,182,3334.145624422066,15994833.195729798
15,89,0.8125674605743091,1.141618686109923,1.2458540695798264,1.5124263860655676,0.874321361356978,0.05597805961970759,1.0,1.0,0.0,0.4,0.4,183,3340.2472594385654,17539334.644743856
15,90,0.812544448468048,1.1412964174755083,1.2454766472561882,1.5202853092665727,0.8011255579275323,0.05589979688920251,1.0,1.0,0.0,0.4,0.4,185,3352.2272646865395,17535693.19785607
15,91,0.8115597289981341,1.1830696130169174,1.349812397745912,1.526188659455443,0.8204073113166341,0.04989989428439595,1.0,1.0,0.0,0.4,0.4,191,3403.2890793457686,16366837.870774578
15,92,0.8113366535946351,1.1797125483456379,1.3458804340251733,1.5337234555784875,0.8058517105421162,0.05025669088559779,1.0,1.0,0.0,0.4,0.4,195,3372.9299261932247,16368111.604493609
15,93,0.8104726666041063,1.1774089687275477,1.3542640389359157,1.554147984994716,0.8347804330389899,0.04768525926064307,1.0,1.0,0.0,0.4,0.4,197,3314.758956178784,21732175.81604992
15,94,0.8103016181895684,1.163446274100159,1.3268284805825008,1.5557598653660651,0.8545203548075855,0.05025699436569594,1.0,1.0,0.0,0.4,0.4,198,3391.578573033542,15825129.129988324
15,95,0.8099860289086726,1.1584074287621764,1.3209266636667105,1.571005187900632,0.8154391625984805,0.050615078157236,1.0,1.0,0.0,0.4,0.4,200,3405.2726760333085,15830535.917431053
16,0,0.9354642426978547,0.9851284565341248,0.9336077912775809,0.011411981210888222,0.0,0.0,0.0,0.0,0.0,0.4,0.4,1,2070.5566563444672,6933.691568460121
16,1,0.9003543899138582,0.9766212390701796,0.9236305318096909,0.014083623314326816,0.02996755125414913,0.0620270319284935,0.00010064936599677,9.166258945734e-05,0.0,0.4,0.4,3,1866.229217607382,7653.741089204409
16,2,0.8910741051617784,0.9789437422096701,0.9253113667477294,0.022147258202056,0.03295692802990761,0.02048412559105747,0.01453053970713597,0.0008343362701976701,0.0,0.4,0.4,4,2043.0701067656355,6518.057394978125
16,3,1.033280571437228,1.3014980520886499,1.2347478180343519,0.41566409099445706,0.9396354088334637,0.00539817212518247,1.0,0.013244895786152188,0.0,0.4,0.4,5,2084.623694761413,35156022.36515744
16,4,0.6452527347997936,0.9663382500758009,0.9226689250115212,0.09219356222247525,0.10559163003622643,0.07482986646963155,0.08623411379854069,0.07571960473602805,0.0,0.4,0.4,8,970.2182710990484,6078.066978266657
16,5,0.646106445982909,0.9685816801547817,0.9247694724259828,0.09519547132278217,0.07383170156937827,0.07481758771484198,0.09036621686294488,0.07928141992916682,0.0,0.4,0.4,9,969.8508977864624,6028.655495627337
16,6,0.5187192870826896,0.9216329363346132,0.8816320653025601,0.09797438481397619,0.4348027922584686,0.07780605889445061,0.06895889933397706,0.0894501116255608,0.0,0.4,0.4,10,851.8073871855888,57427.1991474644
16,7,0.5199412924862608,0.9230152871689883,0.8829875977257893,0.09949865834110146,0.06598525779946003,0.07704354395516272,0.07101015361210058,0.09124667122085188,0.0,0.4,0.4,11,852.7496143385579,57344.46800296349
16,8,0.5160764271760568,0.9315276946822898,0.9043031261309392,0.10436120849008121,0.07132237156377977,0.07780605889445061,0.06895889933397706,0.0894501116255608,0.0,0.4,0.4,12,820.1653667364378,57744.294730828864
16,9,0.4855882024344483,0.8945886056628704,0.8535659370551849,0.08703265777521547,0.07491043214181939,0.07579543479934835,0.04603888695722446,0.059674693258182886,0.0,0.4,0.4,13,814.8347690167998,56820.41022986921
16,10,0.5796947216312395,1.018335138692519,1.0020161278434268,0.21530292520244776,0.1687836599065255,0.07280741245345282,0.2378130915942001,0.14018455763856774,0.0,0.4,0.4,16,1795.5940139428542,24700.01221158496
16,11,0.5176713328690727,0.9618516770993554,0.9444801365166843,0.17182291291962645,0.12232509754372124,0.07343117522213356,0.1585965113904877,0.09355794461162588,0.0,0.4,0.4,18,1778.5440261554645,24840.72537431295
16,12,0.4959928557294841,0.9762860137011329,0.9662802361730756,0.21167384421460234,0.36861340533754333,0.0701944941218279,0.2244940508243975,0.11798952872747973,0.0,0.4,0.4,19,1397.1621295254995,28684.761724169814
16,13,0.4603310455092219,0.9424249617978218,0.9317910504893909,0.18396456538568076,0.13059713709572626,0.07912323433924391,0.16365152071644976,0.1033504079745378,0.0,0.4,0.4,20,1700.1474962946377,26727.85096158008
16,14,0.464422532469707,0.9652303266132521,0.9652373005510451,0.21469470002928756,0.22841535411032757,0.07233755707200346,0.2143417108327747,0.1161104543454384,0.0,0.4,0.4,21,1515.2629216331147,27392.731347696885
16,15,0.46442253529417005,0.9652303277989402,0.9652373017367332,0.2146947012175474,0.13218150008314838,0.07233755646543003,0.2143417135598748,0.11611045458255846,0.0,0.4,0.4,22,1515.2629162967096,27392.731312391104
16,16,0.46246740741639714,0.965171021160625,0.9645093273066864,0.2241389294902018,0.16330729482728146,0.07421803861585742,0.21764848543786802,0.12241665095328265,0.0,0.4,0.4,23,1494.3460341380426,28533.617609998928
16,17,0.4216089478835918,0.9263230284396659,0.9249183030930019,0.20017606136708846,0.11672524337357285,0.07281091641362837,0.16195435246846196,0.09183809081101256,0.0,0.4,0.4,25,1428.5992664950531,28533.37932667864
16,18,0.3967575549212043,0.919884183404775,0.9282697618532827,0.20454050896289075,0.16805297881122688,0.08021366447921133,0.16310780428784072,0.09343853186972334,0.0,0.4,0.4,27,1365.746054266239,104231.37532758217
16,19,0.39464798359479525,0.9182801917187925,0.9263911146787202,0.21055998622404457,0.11375205229150998,0.08021366447921122,0.16310780428783941,0.09343853186972369,0.0,0.4,0.4,28,1403.6591731256417,103789.52629873928
16,20,0.37215794234466815,0.8962765261929838,0.9041301364832596,0.1950232884995294,0.09268871998531086,0.07819148218439478,0.13050653101853485,0.07478673782216472,0.0,0.4,0.4,29,1372.085531635376,104118.81326946228
16,21,0.37184205907923845,0.896036764276639,0.9038489346598864,0.1950036672046503,0.08381733866341418,0.07896528986551336,0.13050707397983946,0.0747920054364849,0.0,0.4,0.4,30,1338.4808367805483,104089.635331044
16,22,0.9510032045756771,1.4666297328932938,1.4598330051812418,0.8104192137661275,0.7388731799298087,0.056947530968432566,1.0,0.683270112779407,0.0,0.4,0.4,31,1707.45317605911,44282253648.23396
16,23,0.9008302656264624,1.418883320101458,1.4102342829587453,0.7779776702290938,0.6741375840605948,0.04845583004327033,1.0,0.5909455820758549,0.0,0.4,0.4,33,1552.4345413930482,44281570513.1209
16,24,0.8962237099728446,1.4150124377435471,1.4057529978803913,0.7837258315654035,0.6613966375980068,0.052439821152233314,1.0,0.5901790611814397,0.0,0.4,0.4,34,1545.101143801298,44281598468.03072
16,25,0.9280945627501047,1.447632291833621,1.437529777205872,0.8214991535944087,0.7076565715257196,0.04933536566765806,1.0,0.6840351696038331,0.0,0.4,0.4,35,1707.154899323669,44281672666.66299
16,26,0.8529323114846192,1.39736664254278,1.4073232359880903,0.776476735320518,0.8792892425040031,0.051028108997591956,1.0,0.5890891455217784,0.0,0.4,0.4,36,1553.316165751993,44286355846.60079
16,27,0.7542429813870446,1.2745886495117855,1.2545013699489733,0.7249275451644352,0.5916238645234443,0.04463308975983264,0.9252015759702203,0.4719835138084064,0.0,0.4,0.4,41,1529.853937199225,44282502334.70042
16,28,0.7513353178139457,1.2824489268252282,1.274789394624729,0.747527094320845,0.5704035179805784,0.04463308975983275,0.9252015759702198,0.47198351380840703,0.0,0.4,0.4,43,1557.6380045919436,44282255193.79629
16,29,0.7450154542963118,1.275380860763755,1.2667829302743667,0.7487080213139348,0.5955476176758436,0.052781484442853875,0.924161355684998,0.46905212296247073,0.0,0.4,0.4,44,1581.084976373481,44281689959.15524
16,30,0.731552070861418,1.2591086852861944,1.2477719978858404,0.736433726144553,0.6688348451857016,0.04655417096126207,0.9239381956202305,0.4685745337159529,0.0,0.4,0.4,45,1243.4565527977516,44281067191.56736
16,31,0.7201668724846311,1.2440043930176587,1.229946928379262,0.7462802535011972,0.6132043808881048,0.04523711808243364,0.9244954737878308,0.46997506553863905,0.0,0.4,0.4,47,1251.789913456331,44281960724.229324
16,32,0.7175517053518982,1.2403019084120785,1.225545392331896,0.7462854031967485,0.5866902030473649,0.04325414352030657,0.9250098280742496,0.4704089608080902,0.0,0.4,0.4,48,1266.6695742609854,44279204374.91906
16,33,0.7141620266784678,1.2358432826553924,1.2204341077326255,0.7546497273954381,0.570812799766695,0.04429535774753618,0.9241205414831365,0.46967997832181296,0.0,0.4,0.4,50,1265.8478840805133,44279678460.39162
16,34,0.6581186507141126,1.1828999393024464,1.1762024585970379,0.7219586237181908,0.6934573048670324,0.04584645125583518,0.8644915529567243,0.431547898759377,0.0,0.4,0.4,51,1843.1270120470235,44282177933.998825
16,35,0.695400056460431,1.2132039258383396,1.2034173832920438,0.7727018692548573,0.6926025540724989,0.05016042963289624,0.9416099992723865,0.47528095547056903,0.0,0.4,0.4,52,1617.5196053214422,44281734740.9988
16,36,0.6920432873537238,1.2075440358167693,1.1968133537750498,0.7754053710617084,0.5858641917729126,0.04962708145972649,0.941309457164874,0.4752153815310939,0.0,0.4,0.4,54,1626.5979590988911,44281321091.19898
16,37,0.6354887034277699,1.1461751742656492,1.1335656232094578,0.730154193104241,0.55452472756127,0.04993703958664138,0.8618747069598914,0.4286571418019724,0.0,0.4,0.4,56,1600.893507701246,44282049934.75506
16,38,0.6330847934767487,1.14182530269371,1.128487236291725,0.7398531364309439,0.5309718170142318,0.04941734400870529,0.8617289061697282,0.428561846362018,0.0,0.4,0.4,58,1612.1212974545529,44281636289.39056
16,39,0.9018420083347337,1.3956354398047925,1.3771471045500516,1.0272201461275459,1.0101049346773463,0.42312488858046926,1.0,1.0,0.0,0.4,0.4,59,7584.504205529047,44280000078.0182
16,40,0.8987418658881468,1.3889404585190261,1.3693055521107236,1.0300382928475016,0.8233897472874355,0.4157942297113733,1.0,1.0,0.0,0.4,0.4,61,7568.7220478886975,44279895458.46147
16,41,0.895338666697381,1.381352528120503,1.3604181487644995,1.0355939989004956,0.8530142598489882,0.4053251676136359,1.0,1.0,0.0,0.4,0.4,62,7400.262463818901,44279562621.193375
16,42,0.8937286092827414,1.3776608853497279,1.3560942616190237,1.0491273302903505,0.8128578692094334,0.41942348845626576,1.0,1.0,0.0,0.4,0.4,64,7683.037222893168,44279875278.22478
16,43,0.8865001206538865,1.3715447908523581,1.3600125116287676,1.0440666545509922,0.9209857419906011,0.4065133639866401,1.0,1.0,0.0,0.4,0.4,65,7762.987421576741,44286677573.676834
16,44,0.6286198099239748,1.0957458686171928,1.0792778816803885,0.8148067018512823,0.5934633710309258,0.04343517448715306,1.0,0.3825519596267784,0.0,0.4,0.4,70,8293.808964141557,44280532125.28719
16,45,0.8705942192899789,1.3282329121758134,1.3092830668739601,1.0674738893455809,0.8511900386205973,0.41955655483078874,1.0,1.0,0.0,0.4,0.4,72,8353.601701709782,44281139836.93551
16,46,0.8681834716788643,1.3208727068812902,1.3006623263099448,1.076848722905393,0.8259059245141483,0.4133592872254551,1.0,1.0,0.0,0.4,0.4,74,8251.577589544248,44280859833.51979
16,47,0.8659349934611427,1.3246332484635608,1.3161488461257322,1.0862246543525784,0.8249607619246728,0.4133592872254551,1.0,1.0,0.0,0.4,0.4,76,8368.434509311246,44280684132.98273
16,48,0.8632781122758915,1.3046100228964597,1.281614703512849,1.092999721970117,0.8611161565102833,0.4113581896455245,1.0,1.0,0.0,0.4,0.4,77,8709.421877387585,44280539919.41516
16,49,0.8610179846399082,1.296887372241216,1.2725694284505829,1.0993648513327945,0.8269701719372708,0.40441078643112166,1.0,1.0,0.0,0.4,0.4,79,8686.771629351992,44280435290.58875
16,50,0.858612891156913,1.3107748423597758,1.3109987899126403,1.1120326539126748,0.8595161012837962,0.39708258179871875,1.0,1.0,0.0,0.4,0.4,80,21937.26305843838,44281488729.71985
16,51,0.8561613684598348,1.3017422594621535,1.3004192852308842,1.1220085208999477,0.8315435033621027,0.398338719295732,1.0,1.0,0.0,0.4,0.4,82,21846.726291709147,44281309189.49317
16,52,0.8559483173764001,1.2897360859234857,1.275275097698708,1.1222734797229132,0.8056042403587027,0.4014354439149579,1.0,1.0,0.0,0.4,0.4,83,10496.329232405033,44281333611.32204
16,53,0.854234185356195,1.2943770961886392,1.2917928360886082,1.12853557440598,0.8458402844322207,0.3954927854127669,1.0,1.0,0.0,0.4,0.4,84,21808.26304338544,44281221739.03847
16,54,0.8529235503947394,1.3116431725423705,1.334179160907236,1.1416991094849718,0.8179868415897575,0.40487935104425565,1.0,1.0,0.0,0.4,0.4,86,18530.381934735546,44280643638.57564
16,55,0.8523746010132911,1.3094457620606046,1.3316054451175314,1.1451578881107527,0.8076586932222666,0.40325164417782944,1.0,1.0,0.0,0.4,0.4,88,18553.222166116582,44280288411.90244
16,56,0.8519014850151029,1.28513046537044,1.2809626132742684,1.1420991117328385,0.8133281927504139,0.39991504953364393,1.0,1.0,0.0,0.4,0.4,89,18429.4004747394,44280504296.14715
16,57,0.8517844071537507,1.2846509091266562,1.2804009416660727,1.145652851517295,0.8033105263632023,0.3966223078615426,1.0,1.0,0.0,0.4,0.4,90,18301.44408502205,44280482042.63629
16,58,0.8476074565393235,1.2894628841846028,1.3082004054796577,1.157978790702983,0.9230889529167866,0.40001008768878804,1.0,1.0,0.0,0.4,0.4,91,15159.509884250549,44281774179.831314
16,59,0.8463529525381168,1.2726553354051418,1.2774327434337898,1.154137019789299,0.8389438581948128,0.3854969834034666,1.0,1.0,0.0,0.4,0.4,92,18654.24290837897,44280001063.38826
16,60,0.8420335328571209,1.2635254735404202,1.2778209923713706,1.1702329499388906,0.8710079333657923,0.38887294449091125,1.0,1.0,0.0,0.4,0.4,94,18447.620980732376,44280119213.49325
16,61,0.8419879990021635,1.2633009967674833,1.277558069692161,1.1772414232250497,0.8007887034002037,0.3887547425950186,1.0,1.0,0.0,0.4,0.4,96,18451.40165214183,44281011013.20356
16,62,0.8418775661815489,1.251551783312383,1.2527150588751268,1.1774892893414588,0.8038028692434172,0.3733054915414204,1.0,1.0,0.0,0.4,0.4,97,18471.30420325044,44280995000.09118
16,63,0.8401693719413761,1.2541456611486357,1.2668348663162519,1.1874749620036726,0.860136037287349,0.3883015262978724,1.0,1.0,0.0,0.4,0.4,98,18536.247260321976,44279881098.54181
16,64,0.8398141000943962,1.252312747605104,1.2646880471951127,1.1946904041629662,0.8064028426261076,0.38871083110847887,1.0,1.0,0.0,0.4,0.4,100,18498.53171562137,44278892289.59096
16,65,0.839798561393096,1.274641262438223,1.3130038131990465,1.2089186939705558,0.8002776774443582,0.3885928244992295,1.0,1.0,0.0,0.4,0.4,102,18584.41744365855,44279694533.20055
16,66,0.8355858354571415,1.2516704328785813,1.2860990870080502,1.2145865518030972,0.8534769656525796,0.3894122618158344,1.0,1.0,0.0,0.4,0.4,105,18950.538461395616,44280176480.19661
16,67,0.8350323936644718,1.248469800992707,1.2823505195659224,1.3206238777318071,0.8009311668108421,0.03981304591644775,1.0,1.0,0.0,0.4,0.4,129,1573.1024325294356,44279759580.24877
16,68,0.8334407350121418,1.2277979350017503,1.247056611117607,1.322331406963463,0.833061842652608,0.0399606762838708,1.0,1.0,0.0,0.4,0.4,131,1606.8085194563043,44280068084.87932
16,69,0.83322960924577,1.2377156026316611,1.2697543775937121,1.3306236923389714,0.8089867112196178,0.03967810769829776,1.0,1.0,0.0,0.4,0.4,132,1938.92875916864,44279995892.53858
16,70,0.8320626362408141,1.2192729465739296,1.2370716515809281,1.3299639155598038,0.850617710851779,0.03907457729485795,1.0,1.0,0.0,0.4,0.4,133,1533.1002647757043,44280095768.27287
16,71,0.8308306783586432,1.2561674907882034,1.3246114525103372,1.3697122063602007,0.8552607162878594,0.03369701315181436,1.0,1.0,0.0,0.4,0.4,134,1595.355059383013,44281247429.37764
16,72,0.8302097170405909,1.2296616222079848,1.2714029100101034,1.352893004106477,0.8286258465324549,0.03745745767276046,1.0,1.0,0.0,0.4,0.4,135,1612.4681736246932,44279592871.70964
16,73,0.8284941021510178,1.217934976105533,1.2576680707144554,1.3675617994180507,0.8409488615089666,0.036933219833621675,1.0,1.0,0.0,0.4,0.4,137,1716.7120310086225,44279340749.73427
16,74,0.8283787419587125,1.2171355447344339,1.2567317326479888,1.374990454768548,0.8056686040301773,0.03322151814608934,1.0,1.0,0.0,0.4,0.4,138,1633.7486591919806,44279497213.558624
16,75,0.827938196951155,1.2140002213994068,1.2530594764301988,1.3821908803135803,0.8218188321623958,0.03565303913353611,1.0,1.0,0.0,0.4,0.4,139,1664.4521258673165,44279149258.43882
16,76,0.8252924391361403,1.183089615897674,1.205773288604326,1.3756925059429674,0.9378604818632452,0.03356811175335256,1.0,1.0,0.0,0.4,0.4,140,1653.5567843321448,44279859481.42424
16,77,0.8229084024092839,1.1749022829356193,1.2072657865482537,1.3823581833690548,0.8677829711393519,0.03846623267603931,1.0,1.0,0.0,0.4,0.4,142,1572.088478732952,44281161868.59726
16,78,0.8228172053099239,1.1741652537138894,1.2064025445298632,1.3935382378917727,0.8027129253336287,0.03823404600718242,1.0,1.0,0.0,0.4,0.4,144,1582.7952320386055,44280301800.30817
16,79,0.6859788349202471,1.024498989826325,1.0434229935133665,1.2630649484667376,0.6663946127624875,0.041072716716046995,1.0,0.6584103993118124,0.0,0.4,0.4,148,2162.74020333523,44277433919.0616
16,80,0.8181373070570572,1.1188834460347494,1.1305714313085464,1.4018670754723437,0.9475498944208035,0.04288825340790337,1.0,1.0,0.0,0.4,0.4,150,2984.767345812096,44277983843.00337
16,81,0.8165474789998661,1.124141810166678,1.1588939189993424,1.4291088895156014,0.8239565085227384,0.04153231760653639,1.0,1.0,0.0,0.4,0.4,155,2766.528801551487,44279248760.4268
16,82,0.8156030758140391,1.1020938485585319,1.1219884198537267,1.426725236940074,0.8757606027815102,0.04165877010474003,1.0,1.0,0.0,0.4,0.4,156,2752.7212772869148,44279294867.85837
16,83,0.8154367551701369,1.1113322730666764,1.1438906598604666,1.4354293367099267,0.8137268091088976,0.041169161564013464,1.0,1.0,0.0,0.4,0.4,157,2733.5382098963805,44275531805.43376
16,84,0.8148825818750909,1.0934553395082967,1.1118704570051539,1.4385656958492343,0.8466344718591897,0.04056214666671164,1.0,1.0,0.0,0.4,0.4,158,2712.5740171241346,44278691781.97804
16,85,0.8147231461975242,1.10270470576318,1.1337854921010992,1.4472192075435637,0.8136726863223385,0.040329011495423325,1.0,1.0,0.0,0.4,0.4,159,2911.0957142288016,44278326819.53951
16,86,0.8141931765456822,1.0848576910435392,1.1018003937212988,1.4415206583636055,0.846346959210047,0.04154154969277593,1.0,1.0,0.0,0.4,0.4,160,2762.9503037108675,44278695632.6017
16,87,0.8137174174340911,1.0787286032219168,1.094621692518652,1.4447044556875586,0.8428047298918234,0.04139496460947326,1.0,1.0,0.0,0.4,0.4,161,2822.554274368236,44279779759.88183
16,88,0.813418128814495,1.074784103522601,1.090001681077874,1.448088150047278,0.8275514014864122,0.04087490700658451,1.0,1.0,0.0,0.4,0.4,162,2904.567137807216,44279511242.31611
16,89,0.8133634514625183,1.0852592873418097,1.1133524564143489,1.4682534175560908,0.8025413318436866,0.04087490700658451,1.0,1.0,0.0,0.4,0.4,164,2937.432222052342,44279437654.71359
16,90,0.8126937397313327,1.0649411475071409,1.0784730432404461,1.4659180650453698,0.8636703919780416,0.040836230724301044,1.0,1.0,0.0,0.4,0.4,165,2739.687800589013,44281899414.17809
17,0,0.8897307853725902,0.9739135080565021,0.9204722214676397,0.010369306319299719,0.0,0.0,0.0,0.0,0.0,0.4,0.4,1,2543.4991128771626,8476.759457379796
17,1,0.8692579131442282,0.9687733932671708,0.9144389862130646,0.013360485931194899,0.018288820634754576,0.0523999204655886,0.00010241048510978,8.593246390473e-05,0.0,0.4,0.4,3,2460.077610546137,8339.60696047634
17,2,0.7431856535606082,0.9789560455786087,0.929020330013305,0.07460923271455897,0.4002105087658999,0.11529221795857406,0.04020100536183468,0.08300160807713548,0.0,0.4,0.4,4,2108.9348473544446,44480.06525560314
17,3,0.6431464956598754,0.9645294706770854,0.9065497274164775,0.10286385931686785,0.24684449393275365,0.06374684467450842,0.11189053042849709,0.09267195886244114,0.0,0.4,0.4,6,1654.788340080963,6294.046840107911
17,4,0.4882121785612009,0.8924401183574027,0.8372666376692506,0.0852291539933206,0.2648816668808632,0.07554417086297163,0.06605667191631344,0.07908957845867201,0.0,0.4,0.4,8,995.5943639629908,40688.7210483842
17,5,0.46005430765387045,0.8684996606481108,0.8125369508975417,0.07577860297021449,0.05482005131081065,0.07329865328058548,0.04405889624831802,0.05275752723974506,0.0,0.4,0.4,10,989.7415127347006,40346.859165309885
17,6,0.455564222812542,0.8668535093930708,0.810340555068921,0.07857849072096759,0.06277172548985659,0.07562183167479211,0.04651074274012323,0.05422351081169199,0.0,0.4,0.4,11,979.3761458007086,40478.10487061735
17,7,0.40341713378458033,0.846744948003303,0.7985265638671468,0.0841848769954894,0.1324021431554881,0.057450319728873725,0.036155898457257155,0.05499272559698851,0.0,0.4,0.4,13,3826.42392733535,21680.34538565628
17,8,0.41442567512221984,0.869233023554571,0.83394274095006,0.0958522072566218,0.05111679095981278,0.058223592048041305,0.0473091519538773,0.07310535174682464,0.0,0.4,0.4,14,3763.49024529275,21500.502515045933
17,9,0.4553463675330459,0.9057035599660218,0.8389410213506976,0.18379358004805124,0.36595345770068227,0.054708458684493824,0.10088701003959173,0.2465952002411001,0.0,0.4,0.4,15,951.1676218842372,39297.49542909666
17,10,0.42741943971516716,0.8777845285425614,0.8109954423757842,0.16577254243177986,0.11162580354741669,0.054166250888479685,0.08073168631881444,0.19733932583493868,0.0,0.4,0.4,17,917.3383477573786,39085.78366057213
17,11,1.090474068694784,1.5472846303078693,1.4771951878391274,0.858172168495811,0.9312804627759045,0.07791857595983213,1.0,1.0,0.0,0.4,0.4,18,3280.363441368133,239796.6035089641
17,12,1.0769304018970025,1.5478871102376708,1.488982548941872,0.8701950064679589,0.8369170799983019,0.06986701712554899,1.0,1.0,0.0,0.4,0.4,20,3200.8627241919885,238225.0414145213
17,13,1.0693709614353821,1.5417629803950397,1.4818096219333285,0.8773397626521338,0.8213891000785922,0.06870060400253883,1.0,1.0,0.0,0.4,0.4,22,3131.265853383757,238133.26415349427
17,14,1.0691028681095371,1.5415521808055264,1.4815627095195856,0.885893638937095,0.801537994892423,0.06762628401763017,1.0,1.0,0.0,0.4,0.4,23,3214.0827822797355,238353.71854179507
17,15,1.049965181133182,1.5252262398473628,1.4624408095892565,0.8856563531897446,0.9139470500922183,0.06511537201663438,1.0,1.0,0.0,0.4,0.4,24,3217.099949268294,238093.1648677901
17,16,0.6383517784536799,1.0929140207668926,1.0002498264244082,0.510337896156583,0.4390931521425193,0.06497652008337444,0.39853873640202536,0.6333071924449175,0.0,0.4,0.4,30,2540.709810554157,92076.63104207956
17,17,0.5311336572515393,1.0193295975127483,0.9654892720830613,0.41741086591680004,0.31383628551810516,0.06276290704357788,0.38606309378315057,0.3803856897654517,0.0,0.4,0.4,31,3017.413110891047,219696.68330247368
17,18,0.7137019799483341,1.2018820886855863,1.1450806538088638,0.6290774120070863,0.6297399014574475,0.05944927436778561,0.49671249661768585,0.769344253072744,0.0,0.4,0.4,32,3295.1580341200947,93759.96849397729
17,19,0.7070671512518907,1.1720070169337973,1.0879259089501576,0.6077356399554763,0.5314585676268784,0.0594492743677857,0.4967124966176904,0.769344253072733,0.0,0.4,0.4,34,3183.209640984316,94001.0230177696
17,20,0.703674483514092,1.2130064258230284,1.1802734482445356,0.6516259116141518,0.5195410625801925,0.05944927436778561,0.4967124966176855,0.7693442530727441,0.0,0.4,0.4,36,3098.253857927896,94208.36198630383
17,21,0.6475203110934359,1.1117145717768508,1.0264597497853278,0.5619449940480225,0.47430262474355317,0.0602875160914228,0.4419414358298298,0.6905178650899417,0.0,0.4,0.4,37,3033.595227634657,94169.52319072638
17,22,0.8261372254010155,1.3234241878107218,1.276482650735143,0.7771568325888991,0.6630005090146412,0.07153515170188834,0.5877470446874141,1.0,0.0,0.4,0.4,38,3173.470361967197,93073.76447682144
17,23,0.8249568373396303,1.332573786788587,1.2975919196316203,0.7990336929382493,0.6603431354744609,0.055063761192974604,0.5978038116164006,1.0,0.0,0.4,0.4,40,3142.495104436832,98973.30028026192
17,24,0.42697475767786564,0.9233068083455825,0.8752360567857455,0.4098232201751001,0.24229645427053745,0.06335423552992762,0.2918473615198109,0.31209065982583806,0.0,0.4,0.4,45,2680.583435088772,219210.3907244312
17,25,0.8536475880319313,1.3498829132232282,1.3017075696087448,0.8667128309660175,0.6708941599887424,0.10448300450908854,0.6719049991394027,1.0,0.0,0.4,0.4,47,2151.7365087734534,83750.17846604952
17,26,0.8528650371762756,1.348940067844862,1.30059456929787,0.8763632570929611,0.6757523165162772,0.10214719685913536,0.6720315767207856,1.0,0.0,0.4,0.4,48,2185.9446507258244,83899.80468714506
17,27,0.8258648786521563,1.3209717327238542,1.2716715301963992,0.8532956861555995,0.6853545843542082,0.10453460671168827,0.6160482162387177,1.0,0.0,0.4,0.4,49,2095.4228624703665,83864.3978528184
17,28,0.8248354376006584,1.3181173161253468,1.267058726387888,0.8405848697694297,0.727797021805388,0.038937808417868855,0.6345804013203795,1.0,0.0,0.4,0.4,50,1978.510668431525,15385.259322733244
17,29,0.7812440725918125,1.2462282405838196,1.1654160522169468,0.8012737138412784,0.7770593550342427,0.04277616450824578,0.5656599946755805,1.0,0.0,0.4,0.4,51,1931.9159946418815,88682.88493117508
17,30,0.7576607844550389,1.2503984601411173,1.2054256829331598,0.8175295244236802,0.680164796075191,0.036307502976642904,0.53821299525738,1.0,0.0,0.4,0.4,53,1608.8886995346122,14944.76674793401
17,31,0.7401875073151712,1.2027918015601502,1.128347832874777,0.8074350075001732,0.6807092735321916,0.04222790432113484,0.5258758150357817,1.0,0.0,0.4,0.4,55,1612.8379448573376,88623.80323810576
17,32,0.7389550512405074,1.2009764572965191,1.1262874643553333,0.8134654725165149,0.6132953405536812,0.04035957637358215,0.5249144652539129,1.0,0.0,0.4,0.4,58,1562.8380764009678,88422.10503729178
17,33,0.7759819506675126,1.2109435458164648,1.1083715798249831,0.8462723858239218,0.7300850110754071,0.02859580465676125,0.6333262624100006,1.0,0.0,0.4,0.4,59,1804.317247531323,87257.06053445916
17,34,0.8084332811324361,1.2533922620791902,1.163350937458603,0.8800107806821658,0.7065039840399896,0.026848755711320997,0.7182954340785235,1.0,0.0,0.4,0.4,60,1770.929977591093,87162.43187891705
17,35,0.7671347269854171,1.206132360020605,1.113871195601817,0.8574182823518745,0.7435615030133594,0.02947826226670222,0.6325520554059373,1.0,0.0,0.4,0.4,61,1776.7613773593494,86218.75470644476
17,36,0.7668185673572501,1.21672978366666,1.1373651447057078,0.8671091944495732,0.6551283425676846,0.02947826226670222,0.6325520554059374,1.0,0.0,0.4,0.4,63,1781.6878872538932,86163.55145691057
17,37,0.7362960810624685,1.1777872034075632,1.0955164792751324,0.8533591601815265,0.6903001062731302,0.03138647036437596,0.5776188084418024,1.0,0.0,0.4,0.4,65,1466.8995893881424,86130.54636099288
17,38,0.7351857011232596,1.175015988491341,1.0921966004500865,0.8633209790373104,0.6538555382799622,0.03364635718285395,0.5787000442816085,1.0,0.0,0.4,0.4,66,1450.997238572314,86626.10842908367
17,39,0.7124258796760821,1.1328783280216528,1.034455325183981,0.8628949328414477,0.6511358251841548,0.051790190515049114,0.5393679640765828,1.0,0.0,0.4,0.4,69,1709.342636635153,85639.42312858847
17,40,0.6956823775903511,1.114407185978646,1.015452187281992,0.8607479648387917,0.6112282771080781,0.0517797918375005,0.5009544750337522,1.0,0.0,0.4,0.4,71,1663.3697865478475,85555.4862033834
17,41,0.7061091433931448,1.1789608590069813,1.1444318742628692,0.9236849063417653,0.6240431520265317,0.13679645340620852,0.5307038879817851,1.0,0.0,0.4,0.4,73,1722.0315413895546,96029.0616507762
17,42,0.7065362316543151,1.1081897095190283,0.9944694648933537,0.8814864169355183,0.664125697638541,0.04917029013647192,0.5391843401618293,1.0,0.0,0.4,0.4,74,1671.4313794593716,87605.99892194505
17,43,0.6849781719076701,1.1599612622618711,1.1357572208467581,0.925357417263856,0.6280319458419139,0.05768638324433677,0.49425221361729876,1.0,0.0,0.4,0.4,76,1743.8992999724146,95274.9610378065
17,44,0.6843253572032136,1.1583345430600263,1.133850893464161,0.9322205822173445,0.6034080544627157,0.058278762941946186,0.4942663452166512,1.0,0.0,0.4,0.4,78,1745.1185736485363,95564.07545033202
17,45,0.7209094468270941,1.15674855843461,1.0919728651148435,0.9154961600015769,0.6635816661402512,0.09259703318660786,0.5931713268885249,1.0,0.0,0.4,0.4,80,6067.579052616407,5529427066658.174
17,46,0.7193900550735116,1.1525686174795695,1.0870521601332797,0.9253778241308795,0.6676229195255289,0.09201342405804144,0.5935345702330869,1.0,0.0,0.4,0.4,81,5976.835383767659,5529425042714.74
17,47,0.7192307851672775,1.151996600741221,1.0863659980998666,0.9322017042110514,0.639836086604612,0.0914339809484354,0.5937705802929816,1.0,0.0,0.4,0.4,83,5911.092626745708,5529423552878.822
17,48,0.7178837442292791,1.1824626215780811,1.1553384567661178,0.9491673427173645,0.6439871763079874,0.09390336996066184,0.5931335459308004,1.0,0.0,0.4,0.4,86,2101.500904270611,5529177394173.645
17,49,0.713052568881577,1.1688715735679298,1.1393891712781998,0.9690300415733486,0.7336083171221247,0.16516169463839644,0.5935822514061461,1.0,0.0,0.4,0.4,87,6063.422930101642,5529423567667.831
17,50,0.7129563583462155,1.1571081856986318,1.1145028207034033,0.9725911726027453,0.6425862636071731,0.17230591848506133,0.5939720902927237,1.0,0.0,0.4,0.4,88,6055.473463526419,5529426720469.262
17,51,0.711962010981346,1.1769833664939098,1.1599735734483876,0.9829847351400008,0.6456865205125069,0.15375694518768962,0.5935558178691119,1.0,0.0,0.4,0.4,90,6049.638635132638,5529423291177.34
17,52,0.7115251538556269,1.1639760442320184,1.1336078174656024,0.9865839644762803,0.6523059366358233,0.14458318937636197,0.5942734953452876,1.0,0.0,0.4,0.4,91,6115.128891356593,5529424456851.104
17,53,0.7103422181408328,1.1610047909128762,1.1301706247552925,1.00009923345223,0.6564586756905717,0.17401163035363892,0.5936467689167125,1.0,0.0,0.4,0.4,92,6141.865827855876,5529421748717.498
17,54,0.7101695935351826,1.1606787753992232,1.1298047241166347,1.006992977547578,0.6381788390155954,0.1754429971228853,0.5934134378400572,1.0,0.0,0.4,0.4,94,6118.873113715217,5529419524531.196
17,55,0.7009898813927256,1.200563694004924,1.232907553771564,1.065840158549255,0.6559147752827921,0.1696124248442898,0.5791264105200649,1.0,0.0,0.4,0.4,97,8340.952380438106,5532797216896.417
17,56,0.6994000376046541,1.1954944236415967,1.2269606006539875,1.0654247744504013,0.6675035259965569,0.17610798278643539,0.5792661910076035,1.0,0.0,0.4,0.4,98,8318.021428768967,5532796084728.249
17,57,0.681424387389491,1.177397290924649,1.2088329548733188,1.055182541069276,0.6144098747669963,0.1952989161679705,0.5344687225004596,1.0,0.0,0.4,0.4,100,5210.694832933483,5531631942179.336
17,58,0.6812214647724371,1.18715019352083,1.2312739650857045,1.0703456409719956,0.6205292268206231,0.19342904238417785,0.5354014480114505,1.0,0.0,0.4,0.4,102,9354.368608175091,5533097954842.733
17,59,0.6810942248792975,1.1860326176463851,1.2299091992021616,1.0778643796553586,0.619525778514656,0.19390436012223655,0.5362148654532668,1.0,0.0,0.4,0.4,104,9260.750789579874,5533101455629.619
17,60,0.6809914919119326,1.1743003418558127,1.2050705788084817,1.085224087651933,0.6188926811951767,0.1935403439519,0.536440569354856,1.0,0.0,0.4,0.4,105,9265.93240718808,5533104109771.356
17,61,0.8594615521552397,1.369849162037439,1.4355986809116033,1.3248682109242473,0.8547025901948583,0.0554791970495194,1.0,1.0,0.0,0.4,0.4,108,11815382.16703885,5529175916825.69
17,62,0.8571357560167345,1.3614460715068795,1.4257564358314467,1.3315446218586924,0.8294829988517054,0.1631568406863145,1.0,1.0,0.0,0.4,0.4,110,11828320.540822634,5529176117426.186
17,63,0.8553855378292384,1.3548663204914555,1.4180498551792748,1.338377898661074,0.8229428679413667,0.1636997088874169,1.0,1.0,0.0,0.4,0.4,112,11829087.959450768,5529174908326.655
17,64,0.8541223960668571,1.3501598307106626,1.4125373370545389,1.3150723636209491,0.8169852662682613,0.1520527418126838,1.0,1.0,0.0,0.4,0.4,114,11999733.212648932,5529184176240.668
17,65,0.8513106825504702,1.349947150508428,1.4233698564233515,1.3169072103655446,0.8391897206830337,0.15303902577517334,1.0,1.0,0.0,0.4,0.4,116,11997251.334626265,5529179376418.313
17,66,0.8483819396671582,1.360141781102663,1.4574738215755652,1.3326001083792711,0.8286793478434391,0.05864161229165858,1.0,1.0,0.0,0.4,0.4,119,11812564.615855746,5529176332813.98
17,67,0.8471850110035857,1.3549382966692212,1.4513792909315884,1.339619936805181,0.8182867469437145,0.05832054393780103,1.0,1.0,0.0,0.4,0.4,121,11813401.69024173,5529174843000.161
17,68,0.8465032455627695,1.341375488692175,1.424411967227249,1.3806621507929884,0.8212191045260773,0.0481834425697431,1.0,1.0,0.0,0.4,0.4,122,11820525.1748725,5529184011493.698
17,69,0.8462519409023422,1.3506354547642117,1.4463394693331892,1.335455143541409,0.8078975059019489,0.05721134774833521,1.0,1.0,0.0,0.4,0.4,123,11810237.529754717,5529177530207.445
17,70,0.8451033063072075,1.3351359576144086,1.4171038715840227,1.3875881153216643,0.8365991488961357,0.0481836467665318,1.0,1.0,0.0,0.4,0.4,124,11820595.940288346,5529185853233.691
17,71,0.8435243637584785,1.3604315664264468,1.4799767746165373,1.4109542044808805,0.8517521436420155,0.14514364050644513,1.0,1.0,0.0,0.4,0.4,125,11814476.85988376,5529178414348.04
17,72,0.8411980845719584,1.3490417209657972,1.466636286531784,1.4213067500570653,0.839753142126521,0.1469080473941221,1.0,1.0,0.0,0.4,0.4,127,11814760.095332276,5529172056980.678
17,73,0.8404128208870134,1.35623232918587,1.4861400706630126,1.4407296240669534,0.813888534620593,0.1469080473941221,1.0,1.0,0.0,0.4,0.4,129,11811420.702780183,5529169813894.246
17,74,0.8402976381715321,1.3444646515331486,1.4612754722339343,1.4322846521604822,0.8041182981528143,0.1476298891306306,1.0,1.0,0.0,0.4,0.4,130,11816011.711109208,5529170126474.041
17,75,0.8392921221202777,1.3504419226187703,1.4793580172257332,1.4432007444921418,0.8364076891672972,0.14744146705295086,1.0,1.0,0.0,0.4,0.4,131,11814135.660103668,5529173435732.675
17,76,0.8384523061043268,1.3459840156466978,1.4741367022081433,1.4503857777780378,0.8155298292345914,0.14798636668139847,1.0,1.0,0.0,0.4,0.4,133,11813837.172090188,5529171501490.537
17,77,0.8377078091212946,1.3531696658877796,1.493634580913585,1.4676731993508105,0.8140324640743917,0.14798345212330472,1.0,1.0,0.0,0.4,0.4,135,11813211.311473057,5529175451601.188
17,78,0.8292234953628317,1.2678216478185105,1.36042510404376,1.43412578113811,1.161393556486812,0.20272103741503528,1.0,1.0,0.0,0.4,0.4,136,12083521.878746592,5532169930416.322
17,79,0.8290103865231226,1.2775510832115562,1.382902466906322,1.4465901680876447,0.8051237930122271,0.2027210374150353,1.0,1.0,0.0,0.4,0.4,138,12080067.720952349,5532167632787.298
17,80,0.8271527118296147,1.2643411465668346,1.3674302513441075,1.446631932964074,0.8922577229256679,0.20268393892209197,1.0,1.0,0.0,0.4,0.4,139,12158894.747200647,5532181596479.576
17,81,0.8269816774016732,1.2630878036708706,1.3659622937251175,1.4502938271071546,0.808773523175452,0.20424031511897311,1.0,1.0,0.0,0.4,0.4,140,12159284.56885891,5532181151765.567
17,82,0.8267722759084948,1.2615368110706542,1.36414565352132,1.4539220316709565,0.8054051934220481,0.20173878475765267,1.0,1.0,0.0,0.4,0.4,142,12159982.272500604,5532172454996.35
17,83,0.8261704102509075,1.257027614660744,1.358864234392386,1.461054957049725,0.8314936712701801,0.2047960984575566,1.0,1.0,0.0,0.4,0.4,143,12158606.375613997,5532179124547.806
17,84,0.8256284188381151,1.252887873168059,1.3540155517419628,1.4682229827367541,0.8144558715753416,0.20503921260767224,1.0,1.0,0.0,0.4,0.4,145,12158705.731239608,5532177034052.477
17,85,0.8221225173697788,1.235292176693823,1.3444881314721007,1.4768978568720277,1.0011519991831324,0.20310781162737085,1.0,1.0,0.0,0.4,0.4,146,12082259.61728495,5532172692598.645
17,86,0.8203834508542716,1.2307084396342551,1.3502011059943877,1.499559474016532,0.8275660051920146,0.20383657835026364,1.0,1.0,0.0,0.4,0.4,150,12081969.088089423,5532174744515.034
17,87,0.8200539698580884,1.2275878192714078,1.3465460411272225,1.5068735398159614,0.8108970145362013,0.20999221724755515,1.0,1.0,0.0,0.4,0.4,152,12078444.216155691,5532179619245.964
17,88,0.8195860618047802,1.2230813582981823,1.3412678371745503,1.5102618381052242,0.831486330390236,0.206091519810561,1.0,1.0,0.0,0.4,0.4,153,12081628.01948339,5532172924143.037
17,89,0.8195625492131657,1.2228512396870832,1.340998352911132,1.5140390263508272,0.8015985330681369,0.20597380195745368,1.0,1.0,0.0,0.4,0.4,154,12083585.944021102,5532173540226.318
17,90,0.8193618761087338,1.209685411958902,1.3144961142954479,1.51228852191484,0.8137159200752203,0.2065539861005509,1.0,1.0,0.0,0.4,0.4,155,12084835.864658078,5532172512745.392
17,91,0.819329094049353,1.2205697145272631,1.3383260165107833,1.521433870084043,0.8022486450169193,0.20785516355320222,1.0,1.0,0.0,0.4,0.4,156,12081288.580013957,5532175947672.549
17,92,0.8192639114998861,1.2199227837513353,1.3375682847664556,1.5251699000223833,0.804490444899785,0.2065539861005509,1.0,1.0,0.0,0.4,0.4,157,12083228.279727198,5532171443425.221
17,93,0.8168405167645326,1.2058385331562707,1.3321537310939433,1.5472695469540478,0.8441642347986429,0.20446211573528367,1.0,1.0,0.0,0.4,0.4,161,12089246.490913715,5532171186712.677
17,94,0.8134772563566094,1.1876109508078727,1.332968089309985,1.6227803939759617,0.8177363000360118,0.2268002138206311,1.0,1.0,0.0,0.4,0.4,177,12139898.78365137,3683298941935.8135
17,95,0.8130351074192619,1.1816764209204487,1.3260172719268788,1.6392300907821586,0.8103616808209232,0.22473637344513056,1.0,1.0,0.0,0.4,0.4,181,12141340.788285475,3683296829248.917
17,96,0.8124765189276353,1.1739474445678715,1.3169645822744576,1.6464086354026688,0.8269908805619399,0.224115987501466,1.0,1.0,0.0,0.4,0.4,183,12140876.662675343,3683299600583.3374
17,97,0.8124395436605935,1.1734261729146462,1.3163540924797554,1.6542483326162283,0.8018189047711857,0.22370485415615585,1.0,1.0,0.0,0.4,0.4,185,12140316.905393807,3683295073956.1406
17,98,0.812097701027984,1.168549744129817,1.3106424958901517,1.6656328798459668,0.8170325452615121,0.22338226910691855,1.0,1.0,0.0,0.4,0.4,187,12141341.887980958,3683291957253.657
17,99,0.812065197968572,1.1792854782932416,1.3342985161239775,1.6867303734004833,0.8016374854059306,0.22311681652070883,1.0,1.0,0.0,0.4,0.4,189,12140536.650835631,3683289073427.6064
17,100,0.8112870659591809,1.1565432286615636,1.2965798398474773,1.6763616803706523,0.8805766004617175,0.2166216345902805,1.0,1.0,0.0,0.4,0.4,190,12144191.887932517,3683293952421.246
17,101,0.810643202876217,1.1465260595222473,1.2848471367411838,1.687274358318275,0.8139931463484339,0.22626199524028312,1.0,1.0,0.0,0.4,0.4,195,12144075.798371002,3683283759080.6006
17,102,0.8104783212662542,1.1438870469806979,1.2817561712683712,1.6949203046834636,0.8092153931802657,0.2253677904266928,1.0,1.0,0.0,0.4,0.4,197,12144837.01303826,3683284739239.6
17,103,0.8102283298496599,1.151029956023581,1.3012040507021485,1.7142674149375736,0.8283641206095507,0.2141110261468903,1.0,1.0,0.0,0.4,0.4,198,12146911.639313385,3683287791423.917
18,0,0.9198594345507013,0.9813479120710974,0.9291798374065678,0.011053573584910636,0.0,0.0,0.0,0.0,0.0,0.4,0.4,1,2002.9587191167516,8202.562124913826
18,1,0.9114949721488899,0.9794064137290349,0.9268894095554904,0.014368404170487327,0.0072997032645124825,0.04864432417830577,0.00010969014148205,0.00013003259264151998,0.0,0.4,0.4,3,1725.327532115262,7470.161763773426
18,2,0.8701594429153919,0.9745469706817907,0.9199240631252256,0.022986167737386234,0.09327898887809781,0.02971424123031575,0.01507213778053772,0.0037605841395322104,0.0,0.4,0.4,4,1774.5785558159655,7609.401235035619
18,3,0.655137632552072,0.9430857506190626,0.8885204571900169,0.051524734095212424,0.5682792298153349,0.05938048398763611,0.04626465205706715,0.05484460657403371,0.0,0.4,0.4,5,969.4673076507684,5784.933825010119
18,4,0.5426203415576412,0.8921076122249869,0.8306274538194289,0.04184076184312045,0.17083876950987748,0.07603704508054948,0.03227862669078138,0.04232802856378825,0.0,0.4,0.4,7,1297.6985795950327,3601.447338750645
18,5,0.4426960866431251,0.8475949605143085,0.7771102497602317,0.05019987177044614,0.22157652762680663,0.08607539990723416,0.03224591887909328,0.06252709768545896,0.0,0.4,0.4,9,625.3488454017125,2186.267411579539
18,6,0.4161918811383643,0.8308388615019856,0.7582305283373171,0.0502414995987991,0.07720521955839159,0.08263809257376366,0.030007770021517388,0.05387561747736598,0.0,0.4,0.4,11,349.58944480549576,3423.279637639332
18,7,0.40170766982265826,0.8224447667680498,0.7482734649550087,0.05738600828905259,0.06575233816259395,0.08716175716882706,0.03165134491323017,0.05406291217297794,0.0,0.4,0.4,13,705.6183601045412,3619.267542769644
18,8,0.4878598024211657,0.9087649709204926,0.8345495457924688,0.14631219186393862,0.12266098535716433,0.09918382451138996,0.03312287096944402,0.26903600635471714,0.0,0.4,0.4,14,565.2698002737053,3909.917215162325
18,9,0.36753863244547075,0.8103555954303577,0.7460256579937941,0.062289913161102106,0.09299815302728981,0.0747428671372779,0.03461455656877664,0.038985363025815664,0.0,0.4,0.4,16,6181.267066146136,4454.249543513586
18,10,0.3541737803822445,0.8004838258974484,0.7349530195663199,0.06543836897063955,0.051029843602297356,0.09443176910314169,0.030528540211551443,0.03592311281572385,0.0,0.4,0.4,18,13493.863526118512,4484.95629704936
18,11,0.4030544673028774,0.8443856954745632,0.763378468869532,0.13639090304555712,0.19711062350355216,0.07903368918819956,0.04399104027515386,0.196366405894554,0.0,0.4,0.4,19,693849.3200897103,3227.296497449735
18,12,0.39312577351510863,0.8361629620228257,0.7543675434827323,0.13778330683595094,0.10859363297553104,0.08174953023715974,0.038133737886190164,0.193173232621112,0.0,0.4,0.4,21,699436.000360011,3004.357366635892
18,13,0.38923061168583595,0.8332728647676954,0.7509829903792224,0.14567121733543797,0.10260290118570353,0.0822246063758458,0.03811388913269364,0.1931859717884949,0.0,0.4,0.4,23,699432.9921640302,2983.522770339912
18,14,0.33439966137321603,0.8013293015365658,0.7448061291778544,0.09872898056076682,0.0492023043808604,0.06874934433299909,0.03029110722199773,0.06855124488271278,0.0,0.4,0.4,24,33198.45458263684,4446.289885251603
18,15,0.425117757942136,0.8813002316226728,0.8115268983999144,0.19407604802828604,0.14224816434228504,0.08277170788446837,0.04954387079511695,0.28088079273441413,0.0,0.4,0.4,25,1205215.5038595195,2745.090527467255
18,16,0.30730955068832816,0.7872421064500581,0.7427286515286259,0.08316232316422444,0.050257394271389304,0.05567355143880677,0.030905962676373078,0.01917115153116632,0.0,0.4,0.4,26,696514.4935368546,6300.7773372455895
18,17,0.3069882249158231,0.7982002146304193,0.7666438833201549,0.09063312103485163,0.0209216216662011,0.05548233747481962,0.0309131028311412,0.0191809799094607,0.0,0.4,0.4,28,695998.4092143556,6345.651903054451
18,18,0.5609720746766225,1.0648590709635142,1.0454065761587117,0.3597747805371909,0.31729898274081536,0.05495565461751387,0.26544855711580667,0.4363721415785231,0.0,0.4,0.4,29,21271.60443838308,716318.3000467184
18,19,0.2709510015076934,0.7813088588841343,0.7547735996041537,0.12272174572279229,0.18302430861063976,0.05647833868257329,0.06836366278855367,0.02797502862066864,0.0,0.4,0.4,31,1200514.5426269248,3980.296599745583
18,20,0.2511124433522901,0.762751862628571,0.7336632579019935,0.12572576890126214,0.09054091600922481,0.051765823256894605,0.05958447805755278,0.027635039425466818,0.0,0.4,0.4,33,1203966.0412825695,6891.995445820852
18,21,0.2508998860132919,0.7604704426963904,0.7281589049854393,0.1454506605690665,0.17556760586671327,0.05118421498773017,0.06412942570887546,0.06443519809631035,0.0,0.4,0.4,34,1199007.2434343302,3710.386659681853
18,22,0.2327246167042914,0.7532915038922885,0.7336101729025398,0.14344284999249168,0.050358532556916455,0.051896560679033074,0.05967935637615449,0.028335092575621317,0.0,0.4,0.4,35,1199126.0680588963,7633.481821074903
18,23,0.246567044882471,0.7548314873484145,0.7206033973483466,0.15408580392675927,0.1199843306850511,0.05715734655148948,0.06613543829375018,0.07630847583411088,0.0,0.4,0.4,36,1197541.6220502066,3533.337381913658
18,24,0.23194861682953602,0.7506639983072262,0.7285664235957577,0.16715562913401058,0.06443350015808874,0.05961530192754788,0.05701078985266015,0.05970749636150826,0.0,0.4,0.4,38,1199061.660322194,7694.417706254981
18,25,0.38797598194208727,0.9063979275889181,0.8839870823358201,0.32975594798414276,0.2170391862040673,0.05916425959442858,0.06127522988800107,0.4493507603256228,0.0,0.4,0.4,39,1199664.8354364976,7590.64406525621
18,26,0.38748268234786065,0.9058045087931347,0.8832920137206782,0.3244961143187499,0.20838065335155992,0.059164259594428704,0.06127522988800029,0.44935076032562404,0.0,0.4,0.4,40,1199230.592885706,7658.413042710908
18,27,0.9646270904653789,1.4780283314306377,1.4514869009125984,0.9256224400318712,0.9643204112640871,0.11158538389105344,1.0,1.0,0.0,0.4,0.4,41,1200973.9188226294,7824.86641115353
18,28,0.9598444082642292,1.4715636397207632,1.4439150952000563,0.9345839818254279,0.8225915508125121,0.12414825021960338,1.0,1.0,0.0,0.4,0.4,43,1198723.6080402066,8026.044413617579
18,29,0.9575432501082319,1.4683819849268893,1.4401885090650253,0.94065970883924,0.8111065731358529,0.12389383169032339,1.0,1.0,0.0,0.4,0.4,45,1198138.485832899,7869.680980830706
18,30,0.956360503360556,1.4667246522255555,1.438247395608804,0.9493451071541014,0.8057711920540416,0.11124579542586892,1.0,1.0,0.0,0.4,0.4,47,1200684.397510611,7706.721215996488
18,31,0.9554415028679458,1.4766371909116827,1.4609392566591222,0.9704464635448937,0.8090259548815995,0.08382998529915169,1.0,1.0,0.0,0.4,0.4,48,1201913.220590958,8010.032778979849
18,32,0.955414732100193,1.4654054878843663,1.4367023393753713,0.9605009936050853,0.8002634419987467,0.11539351372187052,1.0,1.0,0.0,0.4,0.4,49,1201389.81301372,7625.327908347138
18,33,0.9535811647209272,1.4627951974280058,1.4336450348295449,0.9735212214250947,0.8181700270287178,0.11443768415453251,1.0,1.0,0.0,0.4,0.4,50,1197898.4547782962,8237.889675631039
18,34,0.9534384881921311,1.462610213522204,1.4334283713190006,0.9701951940623602,0.801422151271511,0.11604314266991678,1.0,1.0,0.0,0.4,0.4,51,1199623.4932042086,7957.204586232952
18,35,0.9525763951816887,1.4613546480839337,1.431957789066327,0.9767031751842267,0.8043119092216817,0.15870700060220672,1.0,1.0,0.0,0.4,0.4,53,1202951.232638084,7828.948089205698
18,36,0.9349227007111364,1.4680626226939526,1.4730595525445755,0.9901230762340517,0.9879410812630044,0.08541607404676113,1.0,1.0,0.0,0.4,0.4,54,1196859.6143822945,8321.623451147057
18,37,0.9320293855096214,1.4633251882856633,1.4675108144750122,0.9896861510661853,0.81653657244559,0.08783918043299167,1.0,1.0,0.0,0.4,0.4,56,1196785.7730482053,8291.8356161159
18,38,0.9304686289277107,1.4607275492239693,1.4644683391094957,0.9995163307648941,0.8090679201448299,0.08877967473381371,1.0,1.0,0.0,0.4,0.4,58,1196049.701495721,8271.37754157034
18,39,0.9172485308128884,1.4262292475454799,1.4129802439885717,1.005996292869033,0.8813408937435591,0.07565937983320721,1.0,1.0,0.0,0.4,0.4,60,1200957.0849554571,7992.050445207659
18,40,0.914582524896931,1.4212237403420924,1.4071174684988184,1.0124019164037268,0.8174796764311352,0.07772549917641038,1.0,1.0,0.0,0.4,0.4,62,1200597.2883677804,8005.602583859078
18,41,0.9118257897171315,1.4271317706866329,1.4251190435414913,1.01534805030555,0.818497119544016,0.09142624822467134,1.0,1.0,0.0,0.4,0.4,64,1200169.4544458068,8046.693082219412
18,42,0.9115572876982315,1.426609302279858,1.4245071101982636,1.0274255684155071,0.8036470733704635,0.08212395265133561,1.0,1.0,0.0,0.4,0.4,65,1199847.4813508291,8053.713155591793
18,43,0.11902920915802621,0.6597525360285061,0.7034201582626638,0.26810612671720213,0.2790241801625705,0.04664416778662582,0.04102447819996088,0.020771598523549033,0.0,0.4,0.4,66,7384.928030869426,12652.421930322807
18,44,0.10689661213730463,0.629136436721536,0.667465577849305,0.2690168806922536,0.13407773161862332,0.047162554842095375,0.04140528679634646,0.02178056833451967,0.0,0.4,0.4,68,7490.115565105929,12259.282937101543
18,45,0.10646846227407133,0.6280027691805269,0.6661377756689956,0.26890874999661973,0.029222100492734278,0.047162554842095375,0.04140528679634657,0.02178056833451967,0.0,0.4,0.4,70,7509.333232214776,12437.171467737102
18,46,0.10296410744937202,0.6062489145022778,0.6294616367905265,0.2753644384943161,0.06554632168794312,0.04525664270635148,0.04217763994548205,0.02268806299030711,0.0,0.4,0.4,72,7438.493557403027,12129.697418224505
18,47,0.10043089723852547,0.5989620531038629,0.6209267873637919,0.2746699140209886,0.05098053576684704,0.045256642706351505,0.04217763994548182,0.02268806299030684,0.0,0.4,0.4,74,7506.794098298391,12643.215440686465
18,48,0.10263121183296901,0.5973522348500462,0.6183232877181951,0.2885179662829242,0.07067731777966946,0.0408780153340905,0.04104182020572336,0.03430569976399399,0.0,0.4,0.4,75,7641.288425592946,12961.225134787332
18,49,0.09384325549740191,0.5910198815861869,0.6227580047964704,0.2862177580780094,0.11671878739650161,0.04611783689374492,0.041814564227493876,0.02229461432897193,0.0,0.4,0.4,76,7538.133973804232,12318.076732517437
18,50,0.09452626606974963,0.5915834601014142,0.6232881538954219,0.29352373394283626,0.026678897328258296,0.044295037618270236,0.041651254163292725,0.02435497516466502,0.0,0.4,0.4,82,7381.297881524789,13118.034129762946
18,51,0.0895099650360933,0.5510751978680887,0.5638738204262713,0.30592936707045437,0.2721521223022903,0.04422503733228392,0.04176216601963192,0.03719455837790503,0.0,0.4,0.4,83,7575.5111927988355,11571.587505582607
18,52,0.08880190850680374,0.5487308317181758,0.5611440874999377,0.308842176772885,0.03935172367045013,0.04425706933718287,0.04166067356642407,0.03705987713921433,0.0,0.4,0.4,85,7518.906576815837,11590.801249876617
18,53,0.0866469556416229,0.5464499174448714,0.5588339182025095,0.31021701049385103,0.030545525019713197,0.04507176440644619,0.038442780125272816,0.035003324291068325,0.0,0.4,0.4,86,36126.183953415326,13657.607491494517
18,54,0.08725583088912103,0.5428859300595901,0.5542941098990447,0.30511203826932987,0.07131854967034473,0.04395164467228564,0.04173296692066605,0.03704710074400473,0.0,0.4,0.4,87,7506.008918324503,11687.765504225456
18,55,0.08500835067880842,0.5403235565148322,0.5516583838979147,0.3166651375816497,0.032392628123067466,0.044863492383068956,0.03842979607303705,0.035015859568568716,0.0,0.4,0.4,88,36214.68691691708,13789.766977116971
18,56,0.08644704308952245,0.5395651162954606,0.5503902312983029,0.31875995368057997,0.0523749971986803,0.04341954448948045,0.0417745629950513,0.03721580729244957,0.0,0.4,0.4,89,7489.416710378869,11830.613011320373
18,57,0.09018370741278041,0.5491417801711482,0.5717327807792121,0.355061441688437,0.062346007251584026,0.0494765370360028,0.048023667385208815,0.04492059939655544,0.0,0.4,0.4,91,7476.907926667166,13304.897661449542
18,58,0.08958267288268654,0.5467455290902627,0.5689261460877594,0.36185022677114953,0.045553252571089636,0.04927071038473098,0.04801068333297301,0.04493313467405544,0.0,0.4,0.4,93,7437.169801451666,13513.910253751785
18,59,0.08850822309327305,0.5420978145002662,0.5634663633868428,0.3615068838592558,0.053821889003173855,0.04890637154936236,0.04805413218759841,0.0451255254886739,0.0,0.4,0.4,95,7447.580318691823,13297.225546067242
18,60,0.0825076566608139,0.531340292661724,0.5727003124887884,0.36700803319140873,0.28426785870007154,0.05130462007402289,0.06217395029298125,0.03581689619838016,0.0,0.4,0.4,96,7262.510397305986,17722.65603500812
18,61,0.08259236300702642,0.5412976897789363,0.5953704855484585,0.37778249674902586,0.04550151866950766,0.049041939023617094,0.06325959301097714,0.03581661664107022,0.0,0.4,0.4,98,7263.036822170175,17722.78820611301
18,62,0.08112436777253645,0.530573960055601,0.5826609099084938,0.38485795204595363,0.08100592252687205,0.052085177308724626,0.062871575945312,0.03838623672425587,0.0,0.4,0.4,100,7334.565932573796,17593.33706587408
18,63,0.07929732965050795,0.5460810752667429,0.6230909757977012,0.43087678241053773,0.04722071972859787,0.05430086330903209,0.06375344773724573,0.035986864010443584,0.0,0.4,0.4,106,7467.441458707658,17483.40320431084
18,64,0.07937492669325977,0.5557370851891799,0.6454035551776257,0.4421407616537583,0.04736769780630881,0.05289127112609475,0.06385350357691999,0.03703634246604856,0.0,0.4,0.4,108,7541.708410638916,17204.82559664131
18,65,0.07672477576715928,0.5450755779413778,0.633053423872568,0.440456763098107,0.10923698950691516,0.05397582343921342,0.06268513495298021,0.03620150161931519,0.0,0.4,0.4,109,7362.050044664737,17189.65646397234
18,66,0.07546785365156465,0.5379142047008731,0.6246656195479336,0.439774198574503,0.0641568845260436,0.05397582343921344,0.06268513495298064,0.036201501619315915,0.0,0.4,0.4,111,7423.966324873474,17553.35466566351
18,67,0.0825229620841589,0.5556998248606078,0.6553535756239137,0.46885325720244375,0.050725795806795926,0.052192873060896615,0.07352492251222893,0.04325142447967133,0.0,0.4,0.4,112,6955.530399688805,15986.144320518742
18,68,0.08235586116420376,0.5548246664995046,0.6543312548571885,0.4760828518399275,0.052686119418414855,0.05226660826480891,0.07350069132880968,0.04323294049790047,0.0,0.4,0.4,113,6956.298697420573,15558.198997369316
18,69,0.08306951066196738,0.5438466470667825,0.6302516605163808,0.4695194910612023,0.049569311566621824,0.055733551877326794,0.06856152489892715,0.05021335615895357,0.0,0.4,0.4,115,6909.474301248149,19106.97846351961
18,70,0.07995311418611639,0.5408699896333475,0.6379954635496701,0.4785874728077625,0.1396447719007465,0.05435997560761172,0.07375172954267414,0.04285705402522329,0.0,0.4,0.4,116,7045.908638405485,15827.270651618514
18,71,0.0798443871617488,0.5402051038162078,0.6372165997662247,0.4785240487680567,0.051284128368589144,0.05435997525048718,0.07375172428083865,0.04285704994213788,0.0,0.4,0.4,117,7067.704449869462,15953.81730520734
18,72,0.07919659207163625,0.5364390291457958,0.6328130433188712,0.4781394188453096,0.0725923323882364,0.054751233582876244,0.073843840877862,0.04265450551683271,0.0,0.4,0.4,118,7071.940901389016,15812.214593637473
18,73,0.07974061125690905,0.5340173600920294,0.6297867524843037,0.49000415617152765,0.07243040510692178,0.056376787968388443,0.06903446555566374,0.05023576563254324,0.0,0.4,0.4,119,7050.265492086279,18344.449850573128
18,74,0.45700030907361355,0.9208112049402866,1.0399787821095847,0.981645803465498,0.4354535303581789,0.056261860731922894,1.0,0.0682317348526322,0.0,0.4,0.4,132,884813789.3681946,16330.120002700196
18,75,0.45758809219177465,0.9067914230443641,1.0230417155211664,0.9871940883825439,0.48980987196680953,0.06688973934898762,1.0,0.07576875517355053,0.0,0.4,0.4,134,884845343.6213175,15824.403541606578
18,76,0.45372192134254774,0.8971706078133846,1.0122815751777332,0.9912612673026259,0.45055752268314136,0.05641697928054288,1.0,0.06834859955096834,0.0,0.4,0.4,136,884843292.2787335,15665.37520879118
18,77,0.4522697797375337,0.896583593218768,1.0226608356380325,0.997908552800685,0.46890915818116236,0.05637391958421003,1.0,0.0685676307453277,0.0,0.4,0.4,138,884865092.0617526,15402.841997345866
18,78,0.45204501184815704,0.9047369206476656,1.0432612239719479,1.0130958338475575,0.4388953647733786,0.05624592438036945,1.0,0.06901816412585864,0.0,0.4,0.4,140,884865016.6162751,15296.003160539138
18,79,0.4520101545438224,0.9045704338432491,1.0430689679160983,1.0130652454635307,0.4281145941550506,0.056205990404699924,1.0,0.0689776422469797,0.0,0.4,0.4,142,884848547.9318211,15020.180327120344
18,80,0.4510748584974321,0.9092373705424236,1.0596432234519406,1.0319221860278571,0.4497329164822071,0.055657816976785825,1.0,0.06859581281086027,0.0,0.4,0.4,144,884882990.7278341,15532.280912718134
18,81,0.4506046797165089,0.9030471972397879,1.0523406969263804,1.0464682344770686,0.4731391224469918,0.05532592326393152,1.0,0.06935562368985816,0.0,0.4,0.4,145,884871879.748036,15269.028648182368
18,82,0.4506127315728067,0.8894190353147545,1.025240332194032,1.0230198331607292,0.4473854940403603,0.06127269693967298,1.0,0.07018212497016088,0.0,0.4,0.4,146,884897016.0844345,13463.980702864432
18,83,0.4473543411098777,0.8928461121107077,1.0407940448108415,1.031923862087539,0.4431758808196028,0.04394708077852314,1.0,0.06349505591112334,0.0,0.4,0.4,148,884886007.523625,13410.158902409898
18,84,0.44732647118706015,0.8893647345148189,1.0366463186548893,1.0319743321572405,0.45296935257791987,0.04472588498347383,1.0,0.0645177989833842,0.0,0.4,0.4,149,884898226.2599094,13870.07233935742
18,85,0.5775876450238333,1.0078336548507063,1.1420016104314707,1.2337994705588662,0.5563718352053526,0.08507964546664733,1.0,0.39035377360860096,0.0,0.4,0.4,169,884917534.2908242,13104.50428721307
18,86,0.5768719897965208,1.0006809146409417,1.133611213733825,1.2408086769158313,0.5814509235825234,0.08455599612391655,1.0,0.3905390549745511,0.0,0.4,0.4,171,884932020.6498495,12923.056369726391
18,87,0.43069920259921474,0.8753516022191615,1.0339828851675443,1.1098655003010023,0.41329042273759364,0.04677880045955987,1.0,0.025576713080997286,0.0,0.4,0.4,175,884677127.4671293,14466.925348208042
18,88,0.4306064446191291,0.8848582100509148,1.0561824082256153,1.1440008445802508,0.41450937282058437,0.04555801523500902,1.0,0.02582189646794572,0.0,0.4,0.4,178,884711216.6977205,31507.775800997995
18,89,0.43043218060528105,0.8838811295938214,1.0550516615247374,1.1438372239827586,0.41338035050620914,0.04688511736383383,1.0,0.02562310823061787,0.0,0.4,0.4,180,884681406.7426277,31768.28042872845
18,90,0.4300254046068626,0.8790733592531647,1.0494024109346198,1.1510927866657878,0.4275132922273095,0.04646207347204724,1.0,0.025887075329157273,0.0,0.4,0.4,182,884714121.9100914,31743.613209600026
18,91,0.43000576536423474,0.8788827335092008,1.0491791858398674,1.1510746023990777,0.4110199392838915,0.0464620734720473,1.0,0.02588707532915771,0.0,0.4,0.4,184,884711806.8703358,31713.634930525703
18,92,0.4302065355997754,0.8976935480341478,1.0932664431850485,1.1893219520622746,0.4183748131624911,0.04851015061020555,1.0,0.02746867783332313,0.0,0.4,0.4,188,884689450.994612,14303.65668116867
18,93,0.42882066988292566,0.9203406300861077,1.153094798515466,1.2149464398835141,0.4230263798721171,0.0454987750424592,1.0,0.026628535401415732,0.0,0.4,0.4,194,884575582.8770854,14315.712890854713
18,94,0.42850822359194074,0.9286607188925777,1.173928329137945,1.2303301406421547,0.4205406909616878,0.045493433162697425,1.0,0.026528738910652837,0.0,0.4,0.4,196,884566894.7840841,14660.612188379087
19,0,0.8112534974274055,0.9533050700036718,0.8963343841054282,0.008474428291040972,0.0,0.0,0.0,0.0,0.0,0.4,0.4,1,3603.058692963679,7463.113328154744
19,1,0.7927606231788132,0.9482074545721164,0.8903525664130699,0.011460931568013965,0.018098629132939626,0.04271531894147699,0.00010136823555110001,6.328986538246001e-05,0.0,0.4,0.4,3,3488.233991830102,7410.110382554102
19,2,0.7651714300097784,0.944417233349935,0.8849173647090376,0.01871012103227317,0.07296659590264043,0.01648153492307635,0.01414520816999946,0.00055718425917624,0.0,0.4,0.4,4,3339.1288518404085,7304.487801227033
19,3,0.5779566144318367,0.9093718063710016,0.850148613650512,0.04251112209049993,0.5529112990736863,0.052199007976027625,0.05221846108958461,0.03260290913488431,0.0,0.4,0.4,5,2004.079407419899,5035.091700430978
19,4,0.4336417647929527,0.8460827864116419,0.7739580081347786,0.05226784090221648,0.3091594311718532,0.0901289477637382,0.04545661814841354,0.06947787274217758,0.0,0.4,0.4,7,2495.0573906063423,3768.33512378596
19,5,0.36161857936405284,0.7970487604705381,0.7184000699037165,0.04293238398281915,0.16792248311636299,0.08039044173854722,0.03659086314290447,0.05099407330817879,0.0,0.4,0.4,9,1685.1365956020377,1902.5287789648744
19,6,0.2943467187388011,0.7452279013575825,0.6585228050010598,0.039352036687333766,0.1945388279217254,0.10080546960997609,0.02946443214043548,0.04617631972637781,0.0,0.4,0.4,11,2030.4761142745624,3567.8988956353687
19,7,0.25736621565944906,0.7231854983237175,0.6428285454743625,0.0653770864503079,0.10368183800917624,0.09569084417559712,0.02740088490451432,0.06223654638854355,0.0,0.4,0.4,15,2465.1739539412374,3207.016717506244
19,8,0.24501169811788884,0.7107632501771186,0.6292991454100045,0.06835629355160497,0.05247637896132305,0.09596466172046336,0.022849635980956788,0.05189561386821777,0.0,0.4,0.4,17,2429.389011195049,3191.576811160432
19,9,0.22699378039214826,0.6918712231927268,0.6077902187400216,0.068777095690106,0.07964578126844139,0.09762801053916116,0.02277198247719652,0.042943573212623445,0.0,0.4,0.4,19,2581.7906730553377,2902.359541525356
19,10,0.22858448657163144,0.7269972748770306,0.6817710508561864,0.07459738137023908,0.03463812640220936,0.09622483139654608,0.02355084562760401,0.048088558349184365,0.0,0.4,0.4,20,2622.6072385255734,2908.733716705588
19,11,0.22055079499976396,0.6846984382080659,0.5994057794635137,0.07524462590328357,0.06962452889735399,0.09555676736790189,0.02072904722248957,0.04474213605604014,0.0,0.4,0.4,21,2608.5016393824885,2900.754131659337
19,12,0.21681447331078538,0.6916537544943224,0.6186611014161335,0.07351425547813668,0.054595985059512075,0.09783681821094316,0.02002304491789214,0.04505138909402555,0.0,0.4,0.4,22,2238.880667628456,3198.245612855701
19,13,0.21071128780706358,0.6840998074730018,0.6094675268784944,0.07305832415497514,0.09491437170767421,0.09930622518967605,0.02159950031987193,0.04852470971775523,0.0,0.4,0.4,23,2217.757404578566,3110.542831752052
19,14,0.23805735134770217,0.7109282967498223,0.635788999215387,0.1098842575428394,0.078517450146511,0.09703562608849386,0.02865877778188717,0.1159372939158096,0.0,0.4,0.4,24,2304.13390490328,3113.808466184647
19,15,0.1884429632985246,0.6553374354849134,0.5756848970178193,0.07649548965754913,0.2126654472652569,0.09859401659822364,0.02272919101411278,0.048775284543839656,0.0,0.4,0.4,25,2244.3514835534424,2879.116129392922
19,16,0.21093088899578377,0.677821150583979,0.5981660063571319,0.11401972384814865,0.051135287921417534,0.09662762991930832,0.02607728482940544,0.10167409073062603,0.0,0.4,0.4,28,2472.338606307467,2825.807853870921
19,17,0.1842124998313485,0.6621266503754766,0.595358647512823,0.10329303150406885,0.029485427545216804,0.09959586741791557,0.01972385877693589,0.04243533380490044,0.0,0.4,0.4,29,2280.7153896719947,2838.787370431136
19,18,0.18218674746971025,0.6592532485979781,0.5919639197103324,0.09831316019511886,0.04629937422870668,0.09875728707631888,0.0198997236905162,0.04268688961072746,0.0,0.4,0.4,30,2279.2436060604405,2854.009538056111
19,19,0.18953993284217413,0.6538249060472985,0.5726092954008984,0.11690474339158066,0.055098318076113484,0.0978415731633236,0.020579190276631982,0.06996177775737593,0.0,0.4,0.4,32,2287.079470257789,2617.725983822465
19,20,0.18946954003751879,0.6535828563209028,0.5722697702472969,0.12324605226160722,0.038531317510659,0.09858237064746,0.02083665300382346,0.07052247261419556,0.0,0.4,0.4,34,2308.979879069132,2729.143028179694
19,21,0.18810916248914128,0.6477699249741639,0.5640980819501055,0.12489931813761804,0.1406900275201957,0.09137113750260674,0.02207315650819985,0.08918637742342522,0.0,0.4,0.4,35,1988.7728885625124,3302.989638929561
19,22,0.15427359913540697,0.6063969621771074,0.5192600385323078,0.11603900479939158,0.07046973743577134,0.08825188576091302,0.02324005489926043,0.03516957045936757,0.0,0.4,0.4,38,2045.4823863984243,2895.148694112258
19,23,0.15239926227175946,0.6031740807990026,0.5154666654414976,0.1188752969061146,0.03510845709505067,0.08859415624476677,0.02339566656022879,0.03528530523403891,0.0,0.4,0.4,40,2021.0981605293352,2926.2735638083805
19,24,0.16827202022591242,0.612410483343091,0.5220506525966506,0.14287808648422948,0.15651870435006626,0.08854067406951815,0.029826533612255818,0.09066512340196536,0.0,0.4,0.4,41,1956.0287060665669,2978.9321892955973
19,25,0.16205483989709757,0.6050327517218884,0.5142337999954266,0.14623370044772965,0.052324523095868464,0.08826190875913853,0.026849486646193882,0.08160731139682419,0.0,0.4,0.4,43,1997.401602442732,2875.295110434205
19,26,0.16109110881827204,0.6033097217847355,0.5122261989710076,0.15208692482789538,0.04912878477348561,0.08865115512404932,0.026728092440375488,0.08157643004858978,0.0,0.4,0.4,45,2013.7624809436545,2818.880820283962
19,27,0.5489557614369115,1.009141246397207,0.9424367938981171,0.5619764279054064,0.4693737013080122,0.08845900038526516,1.0,0.09053807745968993,0.0,0.4,0.4,47,1968.0923855265703,3033.3839967243025
19,28,0.5438560911099346,1.002641069851875,0.935443069218093,0.5550061193456546,0.4426409307523466,0.08818075601559813,1.0,0.08149294728861335,0.0,0.4,0.4,49,2009.336364807751,2925.9140659346517
19,29,0.13283506942714624,0.5938359447133239,0.5366132313649725,0.17549138210147172,0.15335407404316517,0.08863288895282662,0.03862130865264883,0.03700944235274112,0.0,0.4,0.4,50,2541.152807839805,2734.226208825642
19,30,0.7098168890113097,1.2013534061730446,1.1821411579387733,0.7761538660085194,0.6234582771374999,0.11539925697511481,0.5248622497631541,1.0,0.0,0.4,0.4,53,3633.333039324252,7488541.261082701
19,31,0.709624688383875,1.2121885898888745,1.2059205556663288,0.7918980470311727,0.6110545009095179,0.11540046457269075,0.524761250642906,1.0,0.0,0.4,0.4,55,3637.163842247366,7487867.942410451
19,32,0.7095094742008698,1.2119682961786362,1.2056668584225485,0.7889612450762956,0.6112466895863523,0.11540122179886525,0.524698193438752,1.0,0.0,0.4,0.4,56,3639.571884628682,7487446.570491791
19,33,0.7052919301543897,1.1917861631392759,1.1709989046377691,0.7943192719277562,0.6398603685343158,0.11638239434303832,0.5239363423374727,1.0,0.0,0.4,0.4,58,3417.13736715115,7489201.212042293
19,34,0.7045842852391205,1.1898172730814123,1.168643170669661,0.758871077276237,0.6151394893720561,0.11529144542278105,0.5246610842987596,1.0,0.0,0.4,0.4,61,3649.953275895168,7481377.082986541
19,35,0.704110106414326,1.2114917361213673,1.2162427337630928,0.819961299768724,0.6125154105545949,0.11638239434303824,0.5239363423374719,1.0,0.0,0.4,0.4,62,3521.7616633034827,7485272.521310195
19,36,0.6832782790503047,1.1871154311997087,1.1907990151486039,0.7946957827172326,0.6131896614658674,0.13282402436740423,0.47857431936458744,1.0,0.0,0.4,0.4,64,3615.277921470707,7594882.0591369
19,37,0.13330692788074017,0.6148038311143293,0.6022661773879887,0.27599115985097483,0.08196768354841716,0.07718665341880152,0.04941930879642499,0.07340390967183756,0.0,0.4,0.4,68,2917.885270976134,6495.860596208207
19,38,0.13219250564323293,0.5992168065651194,0.5727664813312864,0.2803503295135266,0.06867280260950914,0.07621351263876994,0.05029639165816063,0.07488572997491974,0.0,0.4,0.4,70,2939.6669837145137,6673.403004572572
19,39,0.13199794155180017,0.6100920974354869,0.5966050011956403,0.2971951955658914,0.05046661976964632,0.07724482451417286,0.05033246167674031,0.07457068352216603,0.0,0.4,0.4,73,2848.120172044355,6617.063524277311
19,40,0.12524999150860147,0.5867658918245524,0.5588064556768813,0.2925995897890509,0.10654307686361705,0.06795393048346504,0.04626204920488165,0.06982245395209857,0.0,0.4,0.4,74,23229.44175130397,7191.1773124200745
19,41,0.1423503684921147,0.6251129798960113,0.6228383254431993,0.3375063185355689,0.07077273194850806,0.0720097984299076,0.0599682037519161,0.10058217239460739,0.0,0.4,0.4,76,2833.284243061905,3448.806449667468
19,42,0.13395778403435335,0.6093770393885298,0.6051558510879241,0.34223344257993765,0.09942219855471258,0.07435212002933284,0.05547747584052254,0.09414739759946232,0.0,0.4,0.4,78,2867.6902607411835,3701.0124257397592
19,43,0.13641886510872436,0.6082334285012474,0.6030745130448045,0.3567194008865606,0.08327553643404971,0.07241112977729841,0.059356963981194374,0.10109418649166568,0.0,0.4,0.4,80,3080.686549126016,3427.6704091211022
19,44,0.1305211730867587,0.5993198841239203,0.5933854052578227,0.3552713149660442,0.0756178579470028,0.07508359948742394,0.05497632560139302,0.09451695403869173,0.0,0.4,0.4,82,2998.366303859858,3616.135388194734
19,45,0.1299509788823752,0.5975499990725334,0.591309015966337,0.3621343223307718,0.06606688683173931,0.07523184239942309,0.05502276005748881,0.09451995558151628,0.0,0.4,0.4,84,3046.610771877416,3643.780972637233
19,46,0.12743789346702214,0.5930233611140516,0.5862705516397975,0.3671689810922652,0.07914796678206695,0.07544119382609564,0.05298040385942375,0.09271602350445893,0.0,0.4,0.4,85,2911.132542315134,3469.5787249636246
19,47,0.12791111279394776,0.6038117270707064,0.6098345591584433,0.37148341968794507,0.06834896710312763,0.07473307534895483,0.054351960891695486,0.09358831597021824,0.0,0.4,0.4,86,3163.652382176961,3678.4819224945895
19,48,0.49290513048003165,0.9720476235150509,0.9993613218427759,0.7704436927472365,0.4709253549034436,0.0674701892892541,1.0,0.08126646762385693,0.0,0.4,0.4,91,2951.4884301657085,10812.362105293045
19,49,0.4903807162528668,0.9630007212765375,0.9887646849985081,0.7801249886201771,0.46410868406964606,0.06790708793142416,1.0,0.08127170082189925,0.0,0.4,0.4,93,2904.8165597936622,10672.149765382288
19,50,0.48644205213943587,0.9701874362552774,1.0089333213283358,0.7729407539526514,0.4293570658529859,0.06635971618243365,1.0,0.07149945063811629,0.0,0.4,0.4,94,2911.9698083938065,8186.628785814585
19,51,0.48188649773193365,0.9570503156868774,0.9937923751703841,0.7775748196715326,0.5089254884366013,0.0685749707135857,1.0,0.06790872526396598,0.0,0.4,0.4,95,2834.3476753466075,7060.110846125409
19,52,0.4787453283267367,0.9358007898665396,0.9579571285968017,0.775836585973792,0.49098389162158246,0.0675181235541332,1.0,0.06593629448078381,0.0,0.4,0.4,96,2906.071330096654,8189.968058013415
19,53,0.4784627012759756,0.9342075884375708,0.9560654731515954,0.7864394098090354,0.4326109761589305,0.06899219736831555,1.0,0.06631075606466841,0.0,0.4,0.4,98,2931.459880789544,8371.138757715493
19,54,0.4730622478012746,0.9198028860000641,0.9396296072407051,0.7865705655912978,0.5068484966280983,0.06719015493849786,1.0,0.059949423984958394,0.0,0.4,0.4,99,2843.224814204264,7940.120977022916
19,55,0.4749623698734913,0.9310688269286518,0.9634844166963838,0.785251050992774,0.4320904097909881,0.06656930302943623,1.0,0.06611281712192178,0.0,0.4,0.4,102,2800.202066652032,7952.599985188643
19,56,0.4720899386858287,0.926824815255856,0.958936052686399,0.8004662986220796,0.4362411369643538,0.06739317288779063,1.0,0.05994573549263512,0.0,0.4,0.4,103,2869.185607779385,7909.0127475189265
19,57,0.47048427490410716,0.9223762879564709,0.9538561110778,0.7923364128601212,0.44905915228414367,0.06510225410287993,1.0,0.05804198404759624,0.0,0.4,0.4,104,2768.5844298417,7904.894182431539
19,58,0.47021724908717727,0.9177871139974564,0.9483079413648612,0.8218464036481389,0.46415690479808885,0.07378213030465994,1.0,0.06056764638393515,0.0,0.4,0.4,105,3533.7383417607853,10156.094381978715
19,59,0.46857687612275917,0.9141220881401875,0.9442025383059898,0.7987139246609631,0.4405476920538029,0.07025439305824437,1.0,0.05783421277373633,0.0,0.4,0.4,106,2778.585835238021,8452.045136896459
19,60,0.4674249555697254,0.9159060831667684,0.957189639155396,0.8206176572179547,0.49718001890333485,0.07309982691153985,1.0,0.06052172285090916,0.0,0.4,0.4,107,3547.489367297158,9764.066319130472
19,61,0.46683710416530366,0.9129377280777755,0.9537077217371874,0.8313536277391071,0.43467948390471667,0.07406127739176731,1.0,0.060597641292391737,0.0,0.4,0.4,109,3361.798628855521,10376.511834698296
19,62,0.4613343174041704,0.8766373433860288,0.9002298129069685,0.8357677692270253,0.5096451671860074,0.07495654322594816,1.0,0.05883385421168184,0.0,0.4,0.4,111,3954.9089992674735,8773.684023932989
19,63,0.45754538624337593,0.8520978195779066,0.8821131087178259,0.8421908312921246,0.5593970585018028,0.0778170909790628,1.0,0.06549868597219326,0.0,0.4,0.4,113,6733.968302460571,9161.657521092187
19,64,0.4561583281963974,0.842883266693853,0.8713175298642767,0.848684070420592,0.4584539102190511,0.07808085242442837,1.0,0.06554084114116046,0.0,0.4,0.4,115,6681.609729091322,9038.268104465733
19,65,0.4547003492958862,0.8344182166911415,0.8614465578807168,0.8659883621672655,0.4450701522981638,0.07882868421326848,1.0,0.06489783797735624,0.0,0.4,0.4,118,6717.047879229873,8911.066799318061
19,66,0.4530296912609634,0.8198390723052876,0.8443003320193717,0.8870007601512634,0.47873267604622366,0.07853016492207114,1.0,0.0659284514767791,0.0,0.4,0.4,120,6646.799832979921,8196.153527976605
19,67,0.4489688778342599,0.8355316990069173,0.9070834489666997,0.9756547029514469,0.43646680028163676,0.07509119138953896,1.0,0.06481489160364233,0.0,0.4,0.4,139,2637.6644466350504,6109.700128069082
19,68,0.4532119482653283,0.834060299639779,0.915344892506199,0.9685577560254724,0.5655975357408337,0.07475186073289518,1.0,0.08082683578372636,0.0,0.4,0.4,140,1601.5055963669288,13708.279336135976
19,69,0.444868263903673,0.8008644503751347,0.8665372349572337,0.9797590107970184,0.5320776513438967,0.07460969001275085,1.0,0.06396724929833754,0.0,0.4,0.4,141,2545.5732337774,6065.118968616911
19,70,0.44303632277398775,0.7963263410305665,0.8614837358237166,0.9897547721293941,0.43457507579813925,0.07523147746939504,1.0,0.060145709055746774,0.0,0.4,0.4,143,2600.1536328410266,6285.805484126913
19,71,0.4429517655528291,0.795453368482382,0.8604608037166809,0.9973264841368844,0.42711403732779735,0.07533058127367301,1.0,0.06015248185699734,0.0,0.4,0.4,145,2591.813162866486,6181.419416110201
19,72,0.4445864972695831,0.7895628507809972,0.8531415406543371,1.0061711704267207,0.4848697973576335,0.0742762999084108,1.0,0.06628261008831202,0.0,0.4,0.4,146,2526.72424465526,6013.459130279169
19,73,0.447569968954638,0.8003677408590391,0.8763068533729395,0.9901578532469743,0.4558693331774967,0.074642980323231,1.0,0.07462804438233392,0.0,0.4,0.4,147,1678.7495859360415,13288.054050261038
19,74,0.44122676824263635,0.8011973544555228,0.9002673199471751,1.0428813481657624,0.46405160478252533,0.07253329472903661,1.0,0.06258209613678503,0.0,0.4,0.4,150,1707.0769912816163,14257.55258442752
19,75,0.43885742841769637,0.7801800611919439,0.8648547338847189,1.0326676928469227,0.48024726733144085,0.07156166965572504,1.0,0.05841078662667119,0.0,0.4,0.4,151,1691.0692250719396,14410.347994661512
19,76,0.43952065494388765,0.7828698196917104,0.8788315530638141,1.040300604044064,0.4481454123597881,0.07146794766359338,1.0,0.062135605586537745,0.0,0.4,0.4,154,1709.0854660466005,14238.378220756147
19,77,0.4378790888922146,0.7689354029486412,0.8516939392940513,1.0549775699391304,0.4260749848661392,0.07234067779161524,1.0,0.05827111817922762,0.0,0.4,0.4,157,1699.9291788765709,13952.682284007646
19,78,0.43711411963613855,0.7841143224135788,0.8916715535137939,1.0619146479196995,0.4721024297059849,0.07113486619689904,1.0,0.05774663693138811,0.0,0.4,0.4,158,1680.1655199859204,14063.849493691803
19,79,0.43626304096861046,0.7826335242735944,0.8900738628729661,1.0649527258768832,0.42707360363189784,0.07047027783120653,1.0,0.05575172503746353,0.0,0.4,0.4,159,1910.680893697785,10791.066143556243
19,80,0.43612171146876844,0.7564715699112281,0.8481683015194844,1.071837969971433,0.46067685538178715,0.07029308625205836,1.0,0.058401939374616775,0.0,0.4,0.4,162,1623.227072187433,14124.781186216034
19,81,0.43807554148913364,0.7651327702839951,0.8690005337057999,1.089793752831609,0.4313003821892969,0.07657526092816662,1.0,0.064152650104912,0.0,0.4,0.4,168,1794.6515185411524,13701.178224581154
19,82,0.43685844584100647,0.8115805678938075,0.9789133529077206,1.1956271428721332,0.43132716084066947,0.08213028141151565,1.0,0.06266460834330548,0.0,0.4,0.4,178,3930.104302216536,4800.104343711855
19,83,0.43676867498287025,0.819197355483653,0.9988883335870167,1.2081196047292404,0.43832855126567394,0.08077421329334865,1.0,0.06307226972746727,0.0,0.4,0.4,180,3861.360752271197,4662.227174734503
19,84,0.43826612706236895,0.8076346343515483,0.973984638934255,1.199890283421172,0.4338012984682574,0.08223510928683922,1.0,0.06714671248684771,0.0,0.4,0.4,182,3899.0817458435545,4751.074382612967
19,85,0.4379076723379758,0.7534086223673042,0.8660990103885337,1.2034664550167267,0.49474297842044457,0.08115572839068971,1.0,0.06782010660697065,0.0,0.4,0.4,183,3803.529443847679,7280.803930872149
19,86,0.4376903586897541,0.7617242829482994,0.886926711481898,1.2165215727100986,0.4370862923355042,0.08095045938177318,1.0,0.06772804567972716,0.0,0.4,0.4,185,3813.9377949505215,7138.159843409015
19,87,0.43732262373138164,0.7657484499760044,0.9027084189665535,1.2231404211941532,0.45247648657978523,0.08088328161011005,1.0,0.06792550435277274,0.0,0.4,0.4,187,3871.546972610864,5490.441537363293
19,88,0.4368175839371239,0.7711151061348409,0.9201041319881064,1.2472752149120985,0.4468132314063629,0.08196060726601934,1.0,0.06751237524887146,0.0,0.4,0.4,189,4020.7404570525687,4614.212875432134
19,89,0.43696576815093036,0.7783742047878646,0.9505857227049447,1.2664578726164886,0.4847670940575013,0.07785613041563476,1.0,0.07019806602124914,0.0,0.4,0.4,191,4024.049534642093,4540.859201079393
19,90,0.4392019052503988,0.7851523972430584,0.96915827930748,1.2763540539296545,0.4552601540680557,0.07866861930980437,1.0,0.07674076692977345,0.0,0.4,0.4,193,3949.685294342089,4451.188782417616
19,91,0.43673682354099624,0.7889800434086618,0.9850987078837358,1.3077446444286889,0.43755790820807583,0.07887928488232909,1.0,0.07126113387017684,0.0,0.4,0.4,197,3978.081181667953,4433.589321405727
20,0,0.9404020270864863,0.9862790495896204,0.9349554750580403,0.011507232717215274,0.0,0.0,0.0,0.0,0.0,0.4,0.4,1,1671.2716758651864,8073.358099974274
20,1,0.9323091693775736,0.9844311526211296,0.9327791804297271,0.014807190782732644,0.0068662210675301,0.054349814107740146,0.00010637536253598,6.730759416534e-05,0.0,0.4,0.4,3,1662.1827429995246,6938.105617832152
20,2,0.8319775941650488,1.0674547253985935,1.0175441819638367,0.16498030789268375,0.5967698730800741,0.07943614040795344,0.1714734531714825,0.1726078581009629,0.0,0.4,0.4,4,3084.8397072679604,8826.840313790144
20,3,1.0552079948389945,1.3074420426812272,1.242155577919296,0.4138512652884884,0.4994514198104484,0.00469263162184704,1.0,0.00673726505236834,0.0,0.4,0.4,5,1743.6381831921924,35168162.48748753
20,4,0.60418238819819,0.9367269743815101,0.8629918672209924,0.1043610079200955,0.4259465188888984,0.07713034093091552,0.10282889799350066,0.100453843006343,0.0,0.4,0.4,6,2691.898701030584,16818.651613112022
20,5,0.567755000257962,0.9056305269407632,0.8312084755731645,0.08276958863742537,0.06824318270693683,0.0772580856853279,0.06857306758901521,0.06699692214220447,0.0,0.4,0.4,8,2699.121073139683,16877.80455569356
20,6,0.5589786254567568,0.9018303603454234,0.8267417912709858,0.08628115880662576,0.0813974061410072,0.0772308108110014,0.06880308676873995,0.06699438318404122,0.0,0.4,0.4,9,2649.768238475457,17672.33268895687
20,7,0.4777463113886046,0.8762796762448117,0.8070980813255445,0.08952639558383528,0.3488312894205133,0.07917803552381192,0.07362712556544393,0.07383528265527516,0.0,0.4,0.4,10,2901.8384229846843,18413.519073232725
20,8,0.43614838070403505,0.8483178381371062,0.7762394644918021,0.08331880870162614,0.10671635986209949,0.0537249534234633,0.05989901569380433,0.059945656519005894,0.0,0.4,0.4,12,2723.109972132467,14612.909876312488
20,9,0.3863016279023527,0.814895910595473,0.7385113402562523,0.07937164620967035,0.12746659238539568,0.05552857259661411,0.050788292063015626,0.04836360595769943,0.0,0.4,0.4,14,3049.1650511031426,15106.911804445825
20,10,0.37356286832142144,0.8288960924778305,0.7771267797888547,0.09492715022083745,0.09589405774788592,0.0554038909154239,0.0500592640058942,0.04830374640944946,0.0,0.4,0.4,15,2993.2742216843835,13795.662119034014
20,11,0.3661277093830106,0.8149368021739974,0.7484752456864636,0.09138114774558377,0.115447574242292,0.060750787806150855,0.058021316990557605,0.0581502036352979,0.0,0.4,0.4,16,3499.375237112867,16799.015389794793
20,12,0.41263281131411683,0.8873988592654825,0.8457738740188917,0.17028069260109238,0.15426474682642582,0.1369738071522213,0.08279707612223682,0.1755060184534098,0.0,0.4,0.4,17,3059.493279368848,21655.10938819449
20,13,0.3155270007506513,0.7985087908927218,0.7520536753494511,0.10596975582786042,0.23639920835144393,0.058646122735967775,0.0573476952435225,0.04923867341986735,0.0,0.4,0.4,18,3581.638522163265,15812.465716249551
20,14,0.30511417220003123,0.8008189011014258,0.766127105136732,0.11115501113757398,0.06612405924358492,0.058487737148142524,0.05418107276480553,0.04823084789178586,0.0,0.4,0.4,20,3280.864094251242,15593.02153818778
20,15,0.32099577869055623,0.8072418311146222,0.7577335233957518,0.14715888985843212,0.143148671594787,0.09975894864752935,0.06265368580078648,0.1103370871343867,0.0,0.4,0.4,21,3430.3808806191955,17088.516604163524
20,16,0.2702158548556264,0.7695060544416584,0.7294029961523569,0.11619454090762296,0.1879232877195053,0.07518599391845696,0.051066460948825707,0.05205762556826439,0.0,0.4,0.4,22,3709.179604640077,16158.031784227696
20,17,0.26789915283546023,0.7560616457828022,0.7027066768179202,0.1222255175209854,0.05091229350444414,0.07372319563090256,0.05128192674014348,0.04991176905827751,0.0,0.4,0.4,23,3585.5454319630567,16389.75952333584
20,18,0.2509821475895305,0.7278768540557179,0.6590533874451445,0.10543217596937866,0.13833135961918766,0.08024304154141162,0.04439441000806181,0.050376016321032537,0.0,0.4,0.4,24,4146.535944453537,15697.984373919118
20,19,0.2649683691645384,0.7625533947343741,0.7159921423293771,0.15837661258822924,0.22459696674253615,0.10139481398998651,0.06848748527551288,0.11153092248706849,0.0,0.4,0.4,25,3604.595410403883,17769.874138375908
20,20,0.31639956182773266,0.8019003722039486,0.7412354767996894,0.22141246896659234,0.17396025378656144,0.09727504651933497,0.09552428165200334,0.2269764700928067,0.0,0.4,0.4,26,3603.439668600801,19340.752760979434
20,21,0.2685984184318867,0.7762072686476073,0.7412133857545116,0.1764917661401732,0.09621820538662323,0.10688795175860026,0.07248808095511142,0.13457510163343506,0.0,0.4,0.4,27,3304.718512851295,17938.90068372222
20,22,0.2627696572365376,0.7580933984165265,0.7089952374881906,0.1784682210059244,0.12737646972323852,0.10524191737813833,0.0719511709600711,0.13395163942266913,0.0,0.4,0.4,28,3239.793007016626,17881.94462169742
20,23,0.24864533232534158,0.7315880355276022,0.6684275282429899,0.1597005992164401,0.11661799069389579,0.1026428325727041,0.0651731331549562,0.11797723718322532,0.0,0.4,0.4,29,3151.181809379571,16121.652595955346
20,24,0.24733276805942778,0.7411314612260894,0.6906870465098498,0.16761698152153684,0.07902518779043535,0.1026428325727041,0.06517313315495611,0.11797723718322532,0.0,0.4,0.4,31,3219.837542255743,16036.302951189287
20,25,0.20444349845919654,0.6850838306705638,0.6201123364810107,0.13461349828454014,0.06863025536389622,0.06621681097217305,0.05348762688640509,0.03983937204269618,0.0,0.4,0.4,33,7933.975847028621,15770.02272419532
20,26,0.18039100931402222,0.6504321755318984,0.5793434580103796,0.1337096875775243,0.28776890673688393,0.05896662278701319,0.055414974984750454,0.04058164408120894,0.0,0.4,0.4,34,8110.73518915684,15720.442722237713
20,27,0.17938575075216195,0.6588023102310998,0.5998349014476378,0.14808609831725372,0.05868588167430107,0.05706985468286672,0.057607561136174844,0.04413785002157045,0.0,0.4,0.4,36,7293.960458922149,16062.342214147264
20,28,0.17771037612780155,0.6549558039824139,0.5949800146630888,0.1548383214893173,0.08421688063249952,0.05521687944744354,0.062237872461465046,0.04461219655799048,0.0,0.4,0.4,37,7868.451182413509,16082.62048908757
20,29,0.15897577760787793,0.6400718542664954,0.5900224333398633,0.1567327426958324,0.15926196860091382,0.06785734926967676,0.04579436337671462,0.04071108074997215,0.0,0.4,0.4,38,9009.215076512037,18824.46210305904
20,30,0.15510065966484926,0.6356387240025957,0.5853677011391645,0.16208333568145117,0.035981175809307174,0.06671203787760716,0.041641692561235136,0.03701557978534261,0.0,0.4,0.4,40,8946.9456696288,18887.622194132007
20,31,0.1732162011156874,0.6428042320300026,0.5794517778666769,0.1765534750376928,0.059283528866134166,0.05470655720981271,0.08050773677362182,0.04525597142282791,0.0,0.4,0.4,41,2695.0429889337674,18280.005102739728
20,32,0.17161211169249488,0.6395898962128755,0.5756384717947239,0.18287885527345213,0.062364925197615134,0.05450702591989966,0.08086578951893833,0.04560564605010008,0.0,0.4,0.4,43,2692.6619878930514,18112.001669968267
20,33,0.3755703088795175,0.8423863071820771,0.787083048625022,0.4307563478647092,0.2892602337453174,0.08384601596588906,0.10071813178325033,0.5682682506792445,0.0,0.4,0.4,51,28380.607347146764,18866.562928834108
20,34,0.3706723234895005,0.8307051286921714,0.7731682509388786,0.437534020076641,0.3142040482565536,0.08377124876222038,0.10229533691825846,0.5700949320128996,0.0,0.4,0.4,53,30800.7208172479,18920.518213125797
20,35,0.38160147916405107,0.8414325916775718,0.7838244736377078,0.448649808305973,0.2832927458330149,0.08612724696606915,0.10380965747124882,0.596439162275572,0.0,0.4,0.4,54,30600.034628990667,18702.86266306236
20,36,0.3683946487442261,0.8256596235150224,0.7672386849469515,0.44380765779315945,0.30192728839159727,0.08475933132413686,0.10224766228030599,0.5704341210919446,0.0,0.4,0.4,55,30083.547635425457,19107.43747099011
20,37,0.37886545955635664,0.8353689838760818,0.7767024636644204,0.45482960608590406,0.2904948860903357,0.08710240476437638,0.10376198564533368,0.5967783303344305,0.0,0.4,0.4,56,29886.05843605845,18890.083080272827
20,38,0.2805492716606752,0.7458758948003561,0.6994726480632424,0.36393024559759,0.21361250064091192,0.07553352571619469,0.09590561992917174,0.36365632730028563,0.0,0.4,0.4,57,30266.606876274374,19803.65325984374
20,39,0.27148111643436146,0.7292569727251468,0.6805692689407492,0.36949464229314716,0.2271298445931011,0.0771956863105601,0.0926183365076686,0.35874512542791265,0.0,0.4,0.4,59,30425.13416235957,19284.343464845108
20,40,0.2704420034580348,0.7266693946779554,0.6775254600392084,0.3760392675897668,0.18992533602394623,0.07682864147047012,0.09275267543664828,0.3588013474722154,0.0,0.4,0.4,61,30350.91415874845,19286.685368428814
20,41,0.2697579730294941,0.7250284348975152,0.6756045953355899,0.38259569034265817,0.19203255449004913,0.07632458598040404,0.09268850684760442,0.3588500299818719,0.0,0.4,0.4,62,30194.271579651755,19309.5282930202
20,42,0.26960073155369635,0.7245616539459087,0.6750468963784233,0.3826141060439614,0.1844158320457664,0.07681628251495368,0.09286398007822529,0.35883343634034276,0.0,0.4,0.4,63,30125.00012697855,18777.696908505503
20,43,0.20501464345541798,0.6220328767064836,0.5322692651336588,0.3177301538896682,0.14447248523014153,0.07381855300122143,0.10123737942200679,0.19637717704800772,0.0,0.4,0.4,65,30569.52412244576,18675.595787245467
20,44,0.2655977722797267,0.732209032285379,0.7056443546946135,0.37660062623420676,0.25727472938644436,0.07580465962760422,0.09493786689392471,0.36439429024142655,0.0,0.4,0.4,66,30572.635198343407,18731.622277300423
20,45,0.25747992942758124,0.7004318112686703,0.6475212306108813,0.436831226327725,0.17838641410217193,0.07773950983619889,0.08862281116154089,0.35232209505816997,0.0,0.4,0.4,73,30125.06166590937,19538.83882029398
20,46,0.2542944617672065,0.6942671888838053,0.6405424917431206,0.4452822637876819,0.19156960049446403,0.08019587754867663,0.08689772322191483,0.3505202446066258,0.0,0.4,0.4,75,29911.917120210128,20068.611272535592
20,47,0.2539839776318611,0.6934337011494438,0.6395670170255693,0.4519274556023739,0.18076927776077328,0.07898613137400654,0.08688684264682604,0.35052120878238807,0.0,0.4,0.4,76,29755.08829653404,19717.461087301366
20,48,0.25351665946524554,0.6919887955197986,0.6378578632779655,0.452023890671516,0.18582174227415735,0.08042228361802957,0.08688361535731932,0.35076871031120505,0.0,0.4,0.4,77,29828.13649316558,20042.580951259893
20,49,0.8737932745202512,1.3710392479600695,1.3926655792809315,1.1309624836155558,0.8070565526137677,0.12193040815384348,1.0,1.0,0.0,0.4,0.4,90,2626.724754803396,11615.754461865014
20,50,0.8737735518338678,1.3709812908953132,1.39259766688438,1.1377575669634434,0.8003999673716009,0.12193040815384353,1.0,1.0,0.0,0.4,0.4,91,2626.8492507044225,11615.971748928838
20,51,0.8725874082951981,1.3674925833335827,1.388511440318914,1.1410596103817565,0.824229625723573,0.1218176256677804,1.0,1.0,0.0,0.4,0.4,92,2645.6572489466403,11270.466311815291
20,52,0.872504642368493,1.3561548821347347,1.3641504434777918,1.1414440453728094,0.8017033605673916,0.12130780016207979,1.0,1.0,0.0,0.4,0.4,93,2591.1849871013646,11758.2199428309
20,53,0.8697940987456947,1.3703100831188082,1.4028931205857762,1.158455385873038,0.8568828240769282,0.11243059679039409,1.0,1.0,0.0,0.4,0.4,94,2305.0820413609745,9840.92973292159
20,54,0.8678481901725181,1.3642738291796725,1.3958232104492967,1.165163416978518,0.8210744162053573,0.11182453931187712,1.0,1.0,0.0,0.4,0.4,96,2313.7065269814475,9879.307574343193
20,55,0.8668595762014917,1.361144489612393,1.3921579095107668,1.1721417249991064,0.8109285687322213,0.11146025951964258,1.0,1.0,0.0,0.4,0.4,98,2336.1206362279745,8532.767963332888
20,56,0.8604705205616202,1.3288193214150927,1.3432151841357691,1.1595434380586123,0.9491228805573749,0.07717976511082654,1.0,1.0,0.0,0.4,0.4,99,2557.3531494807235,25673.390876270016
20,57,0.8567771415471114,1.315420981568713,1.3275223024966434,1.1654911701712858,0.8931630114934186,0.08967906042327592,1.0,1.0,0.0,0.4,0.4,100,2673.912536054924,16341.965321483747
20,58,0.855217751548647,1.3095226962173614,1.3206138729475199,1.164903687091674,0.8410646394432103,0.07911062586474983,1.0,1.0,0.0,0.4,0.4,101,2701.052408742072,26069.42921976956
20,59,0.8547062803124441,1.2976915906265134,1.2956748661535245,1.1721508108229364,0.8137060787428563,0.08906620898072848,1.0,1.0,0.0,0.4,0.4,102,2613.060541922699,16184.641369704575
20,60,0.8500948503274871,1.3001801541504054,1.3207530441485695,1.173822562746237,0.929313518046577,0.053862684661405716,1.0,1.0,0.0,0.4,0.4,103,2223.693233875365,9488.93804005852
20,61,0.8464016085169339,1.2953020157176482,1.326121273036574,1.1759659101116315,0.9118740985128746,0.05275693734129775,1.0,1.0,0.0,0.4,0.4,104,2386.4925096527177,10546.782629976948
20,62,0.8428973066188794,1.2789564138083134,1.306976276329833,1.17806617573292,0.8570493699568236,0.05189874943130227,1.0,1.0,0.0,0.4,0.4,106,2438.03855612968,11334.9379196901
20,63,0.8390217087061442,1.259423857196528,1.2840986568305892,1.1835717602717861,0.9366988401760968,0.0517345137307925,1.0,1.0,0.0,0.4,0.4,107,2448.730803478003,10537.474074142006
20,64,0.835530333130304,1.2065394888067213,1.1889124449761952,1.2105176069549826,0.814921626975066,0.14070596879253056,1.0,1.0,0.0,0.4,0.4,116,27944.174991021864,9623.314202375408
20,65,0.8337792171186651,1.1962356117098918,1.176843919990142,1.2167736075679483,0.835977006060459,0.14137829735373839,1.0,1.0,0.0,0.4,0.4,118,27939.992573750624,9817.424996916829
20,66,0.8329508475454519,1.191189243921026,1.1709333761673553,1.2235118168086854,0.8176137042303144,0.14264831698276245,1.0,1.0,0.0,0.4,0.4,120,27819.09585392264,9542.004422570535
20,67,0.8273190423073462,1.1535487803157976,1.1268466168012512,1.220062165881766,1.063138295044039,0.15149036173007957,1.0,1.0,0.0,0.4,0.4,121,27077.48318398333,10381.076811557728
20,68,0.8270842352207755,1.1630166395758708,1.1490176849129887,1.2821145443831465,0.8007995671195597,0.13937300728950397,1.0,1.0,0.0,0.4,0.4,136,28606.56357985112,9400.634352982746
20,69,0.8262259438592297,1.1680782232312943,1.166027804581849,1.2945567176308703,0.8446380306237828,0.15820322901887252,1.0,1.0,0.0,0.4,0.4,137,27169.31136793423,9339.506116229426
20,70,0.821708998673034,1.1532071926597975,1.1707735359760507,1.3142702875115195,1.058512853140086,0.15319647069348136,1.0,1.0,0.0,0.4,0.4,138,28132.484158979525,10201.60040406715
20,71,0.821698662340821,1.1643193912969516,1.1948705602844893,1.3258527323391478,0.8003215430482631,0.15319647069348136,1.0,1.0,0.0,0.4,0.4,140,28121.25808464887,10204.9927297436
20,72,0.819802652624206,1.1243387616079752,1.1258793080573235,1.3201941970035382,0.8613665988246595,0.15486975827325636,1.0,1.0,0.0,0.4,0.4,142,27405.50553326338,10467.185250153088
20,73,0.8196478239488154,1.1228411100231104,1.1241251997510273,1.3276048825246347,0.8052291076943987,0.155187913897384,1.0,1.0,0.0,0.4,0.4,144,27505.732855660677,10557.80477771744
20,74,0.8194416561817724,1.1320354256147147,1.145975800090051,1.3467163524065084,0.8035094839270226,0.15596118979472356,1.0,1.0,0.0,0.4,0.4,148,27549.82208999253,10447.44137445619
20,75,0.8194127152179453,1.1429587081558328,1.1698516333948414,1.343138106148503,0.8019875697670513,0.1556612415088941,1.0,1.0,0.0,0.4,0.4,149,27386.475294824708,11128.071523130382
20,76,0.819329787593297,1.1421471382844453,1.1689011223064858,1.354542459181026,0.8028452291842714,0.15717968066393542,1.0,1.0,0.0,0.4,0.4,151,27421.786275414717,11079.20987043772
20,77,0.819262899534287,1.1414841368179949,1.168124558815482,1.3812593245220768,0.8045976107098285,0.15617928842126227,1.0,1.0,0.0,0.4,0.4,152,27264.876006802668,10760.10558182932
20,78,0.8184771566610047,1.1447967506431482,1.1830861518946376,1.4155346024762796,0.8551320548051544,0.15690079448424163,1.0,1.0,0.0,0.4,0.4,153,27062.8769411352,10423.765337400351
20,79,0.8180060244758147,1.13992527983731,1.1773803951149793,1.4189353979765285,0.8170037951542878,0.15724194873659897,1.0,1.0,0.0,0.4,0.4,155,26950.49980398031,10238.293302344717
20,80,0.8178120969773615,1.1490939507099953,1.1992009433983313,1.4308125258858704,0.8071087382414621,0.1577186648465974,1.0,1.0,0.0,0.4,0.4,157,26944.891199697315,10413.64895972543
20,81,0.8177748908031806,1.1599052513118342,1.2229454137872793,1.4506321109217746,0.8013711722209444,0.1577186648465974,1.0,1.0,0.0,0.4,0.4,159,26969.930847249718,10406.366782066263
20,82,0.8177140739114319,1.0932479592146391,1.078382362146693,1.3769962279388845,0.8022439108569842,0.08803437412633301,1.0,1.0,0.0,0.4,0.4,161,27876.426611054096,12024.089737956385
20,83,0.8172827813016703,1.0986242890535944,1.095761111616353,1.3970885893775242,0.8080587649240277,0.08839715114679839,1.0,1.0,0.0,0.4,0.4,165,27284.56952292028,11548.576222757118
20,84,0.8171080896928435,1.107931612373235,1.1177442559563762,1.4015051422015237,0.8132527806584972,0.09036987594931632,1.0,1.0,0.0,0.4,0.4,166,27160.146232366707,11118.551921670574
20,85,0.8166674233807433,1.0918727184214139,1.0878532871765252,1.4115686062270654,0.816963531782365,0.08942668429957351,1.0,1.0,0.0,0.4,0.4,168,27184.88565748835,11433.64076938639
20,86,0.8162090439362923,1.0979067498182427,1.1060024322480342,1.4157854118908348,0.818047967511522,0.09097503618000452,1.0,1.0,0.0,0.4,0.4,170,27147.433562592487,11738.6833459086
20,87,0.8157376502699141,1.1148738087493797,1.148038696549171,1.4358830728772647,0.8190008367520181,0.13559095816943928,1.0,1.0,0.0,0.4,0.4,172,27099.045550382743,11082.86770632803
20,88,0.8147284964124344,1.0803536235774127,1.0854433485286497,1.422035709106988,0.8845958272454939,0.09235411022118109,1.0,1.0,0.0,0.4,0.4,173,27822.92644364609,12404.926278841978
20,89,0.8129406445926515,1.0683452274964385,1.0824601242685312,1.450040566115101,0.881060131898691,0.08968949183803378,1.0,1.0,0.0,0.4,0.4,175,27974.02695427041,14826.593949793512
20,90,0.8121307195478346,1.0681940946196098,1.0933648210636302,1.457660060391612,0.8396799971986233,0.08518035466238735,1.0,1.0,0.0,0.4,0.4,177,27226.52800495228,14572.840206421684
20,91,0.8110995488035115,1.04163488502404,1.0511754093870809,1.4589896543259284,0.8536213947545523,0.085798644229681,1.0,1.0,0.0,0.4,0.4,179,27234.239076355967,14442.246366548185
20,92,0.8105545052206004,1.0330695489051203,1.0411431408282634,1.4696009069723632,0.829899056822025,0.08677744248398742,1.0,1.0,0.0,0.4,0.4,181,27246.366605400875,14420.79606527792
20,93,0.8104009596484351,1.053003701815176,1.0866546169734272,1.482008642698918,0.8086264728909693,0.08555155360454483,1.0,1.0,0.0,0.4,0.4,183,27280.75035079012,14496.10330121892
21,0,0.7459530327412136,0.9345832284393094,0.8744063570727512,0.006753005352424813,0.0,0.0,0.0,0.0,0.0,0.4,0.4,1,4560.242137953979,7480.451802248074
21,1,0.7235600262627694,0.9278297754023329,0.8664852297948678,0.00958596557079043,0.02387389658884195,0.0478822596139532,0.00010897207854047,5.2157758479159995e-05,0.0,0.4,0.4,3,4511.4389159510765,7396.605412535607
21,2,0.6867301816620353,0.9202562531488969,0.8565785007481864,0.01670172825610457,0.10127341867663552,0.01795858802447952,0.014880315170777638,0.00040875211274532996,0.0,0.4,0.4,4,4494.028646079183,7321.076955308953
21,3,0.4159147670575264,0.8404431353615514,0.7652456424864997,0.05827621645058003,1.0582762164505801,0.05866030132330811,0.09853048562512218,0.04716005550132788,0.0,0.4,0.4,5,3791.9496514523594,5047.438419805018
21,4,0.3116967516064457,0.7625529409494637,0.6761370180464694,0.04765201668018593,0.2755513067601892,0.06833968600851091,0.0713880172026102,0.04334378549786978,0.0,0.4,0.4,7,3692.5985544649,2858.9641172527663
21,5,0.2499442007721907,0.7045353566492336,0.6104476802307636,0.033519192038828485,0.1882082299076778,0.06614444726389196,0.05050353343453301,0.03117607827024581,0.0,0.4,0.4,9,3612.21899772548,8110.031453954385
21,6,0.23946699162518434,0.6940101219628761,0.5995164692705927,0.0307654046833339,0.03279484615459739,0.06632710092309688,0.03788873736059297,0.02340385475847362,0.0,0.4,0.4,11,3554.7460099558093,8148.404413805481
21,7,0.256753745358029,0.71105187671288,0.615482244267253,0.05945009393124145,0.06977953697500791,0.045861947207475426,0.03878749481064804,0.08081559228532112,0.0,0.4,0.4,13,3711.063597448472,8256.085674435019
21,8,0.24461097054863326,0.6987498439588397,0.6027108778479299,0.05585442708538839,0.04785375483936122,0.0467211503190708,0.031041372939436717,0.06465975599053159,0.0,0.4,0.4,15,3689.5474606080415,8266.45389454468
21,9,0.2064701529758948,0.6693921316241586,0.5825424404672775,0.044528904036140016,0.0976993014882768,0.06091678927126175,0.031372946363851774,0.01856138483274975,0.0,0.4,0.4,17,3598.140410505954,8051.771370279997
21,10,0.24155475703908066,0.6991446914985279,0.6077380881328325,0.17445462119261937,0.09063766429030867,0.05789954280351154,0.12722776138068553,0.06360908814157484,0.0,0.4,0.4,30,4895.919788174138,22952.976470435467
21,11,0.20195085537765153,0.6560126430796149,0.5697188200821423,0.1642173960641787,0.38963197111295034,0.05316190638609147,0.10367134657218842,0.06647058043351839,0.0,0.4,0.4,31,4714.899136816574,5702.140735474455
21,12,0.19982233580434786,0.6527234112736775,0.5659213530297881,0.16578904635717867,0.07809799589287272,0.05281640716589821,0.10313315744394944,0.06620427981817556,0.0,0.4,0.4,33,4647.736216740533,5714.308414136109
21,13,0.19258883033119562,0.6438272773430942,0.5563147869572679,0.1760900502301437,0.09195843962244646,0.051750885250356926,0.09948060106252664,0.05798722570395197,0.0,0.4,0.4,34,4834.104908142722,5822.0176063504605
21,14,0.18620254148627524,0.6594567749611722,0.5977785821865536,0.19943530713413288,0.05832235316316507,0.04593077027004243,0.0823297826859371,0.06062372864879369,0.0,0.4,0.4,40,3415.1031168269087,6214.434507439851
21,15,0.17232015802830272,0.6235648664598732,0.5446823570183703,0.1850556937194713,0.22846184726359636,0.04011935655682243,0.08722713107611066,0.05537529302952604,0.0,0.4,0.4,41,3852.5784420930095,6200.019035909442
21,16,0.17976653829744824,0.6261946446449782,0.5456007358955416,0.2063087488882312,0.13943524605393326,0.04313473135068206,0.1164139167922276,0.05774518312302064,0.0,0.4,0.4,42,4090.3561905223337,4723.26321507474
21,17,0.15682167063691752,0.6109861492107944,0.5422071743729833,0.21057967146821874,0.06226259897963754,0.03735192222842792,0.0847350739344537,0.040698254306595114,0.0,0.4,0.4,46,3950.746428176396,18027.22057581465
21,18,0.16106155003923966,0.5898451534792788,0.4940762502262325,0.21838699891597116,0.06730569128581995,0.03949651506735087,0.09007897352264307,0.05296073061935286,0.0,0.4,0.4,50,4544.107023838196,8678.44223843633
21,19,0.15842881822870541,0.574869639462105,0.47522045233527926,0.23339076342706716,0.117637994747334,0.04163047280024264,0.09626125905950468,0.06598542483559777,0.0,0.4,0.4,53,4559.006017979593,9414.292310534674
21,20,0.15842881822598112,0.5860739881225747,0.4994252178564116,0.265324164523032,0.06489992222764249,0.0416304728002426,0.09626125905950512,0.06598542483559802,0.0,0.4,0.4,55,4559.006017570688,9414.103302971012
21,21,0.14065158343694967,0.5610038602833114,0.4721858533073755,0.2646824263560769,0.1417172679038594,0.03928039766683489,0.07701572526780873,0.05422173795022027,0.0,0.4,0.4,56,4406.6044056350775,8588.902524218169
21,22,0.18459705929391948,0.5871003440589513,0.48339886296535356,0.32516985826166134,0.17695312185307013,0.037281407252465745,0.1990168830507448,0.052961235466749045,0.0,0.4,0.4,57,5254.923182945857,45502.63474893063
21,23,0.18427899643515797,0.5862689834165115,0.4824254099907728,0.32835912743746315,0.10647064986909602,0.036630951693311556,0.19901311458365506,0.05295997785233404,0.0,0.4,0.4,58,5193.876989074646,45490.44523158761
21,24,0.18382979076105507,0.5852318399314632,0.4812224412617688,0.328297696875971,0.10758305304594698,0.03734112949601242,0.19886773339421016,0.05293336179510476,0.0,0.4,0.4,59,5261.870661652885,45355.01242506808
21,25,0.1528579607518375,0.5875438629995977,0.522442753988406,0.2839444700676721,0.07191408174303314,0.048723395838793274,0.08841309344849882,0.08649717903222556,0.0,0.4,0.4,61,2769.266050908972,9717327.917799875
21,26,0.14983328698341203,0.5794526151546083,0.5129581211894001,0.289947082710125,0.09833667155552037,0.046628364286679054,0.08855532429853558,0.08646650996827569,0.0,0.4,0.4,63,3000.175263054788,9712462.114788389
21,27,0.1424300233685697,0.5701914236219171,0.5031929861837533,0.29314090568861206,0.07395469105196578,0.04509778080541852,0.08060699000097322,0.07861933529194873,0.0,0.4,0.4,65,3012.13404112539,9717415.503225092
21,33,0.0962301726914964,0.48899266123415114,0.42341680995124586,0.3158245696656549,0.05556482846970957,0.05228903818807057,0.04588856648558349,0.051345775341720024,0.0,0.4,0.4,76,3706.0583193733487,6174.397006530789
21,38,0.1384805315130675,0.49172766993139605,0.43839307744657413,0.40069910462644237,0.28343445853250787,0.05038830214086628,0.15001845410521183,0.09889734639116285,0.0,0.4,0.4,84,6093.830709942389,7578.216584319021
21,55,0.8177707176336296,1.081726299898746,1.0538058172643416,1.316669207799214,0.8127650844323917,1.0,1.0,1.0,0.0,0.4,0.4,135,3655.058325860528,8114.137080577586
21,56,0.8161008700357884,1.0742607802918624,1.0561434472542461,1.3432933269497145,0.9283332730710048,1.0,1.0,1.0,0.0,0.4,0.4,136,3701.741769644264,6163.4129784971465
21,57,0.8157452833081554,1.0701456577293396,1.0513236355743376,1.3256108594666813,0.807185403045874,1.0,1.0,1.0,0.0,0.4,0.4,140,3711.162743072228,6615.808588712871
21,58,0.8154114275425046,1.06621192881197,1.0467162223752384,1.3558333705890386,0.8054953442118049,1.0,1.0,1.0,0.0,0.4,0.4,145,3736.4933813758503,6919.184307177175
21,59,0.8153060345175643,1.064955850479321,1.0452449839641442,1.3435933259961121,0.8043861349665566,1.0,1.0,1.0,0.0,0.4,0.4,147,3746.3085874204457,6797.4797412731805
21,60,0.8146608474429569,1.0571083955253386,1.0360536480374105,1.3624382940452429,0.8548146150874556,1.0,1.0,1.0,0.0,0.4,0.4,148,3918.883947413046,10181.60325104853
21,61,0.8137130423196051,1.0450572582461661,1.0219386961685988,1.3660013241077702,0.8420853953160619,1.0,1.0,1.0,0.0,0.4,0.4,150,3911.765612180347,10125.383415268048
21,62,0.8132332434079036,1.0387001033909584,1.014492807257007,1.3681862380122616,0.82219782372344,1.0,1.0,1.0,0.0,0.4,0.4,152,3902.199221673706,9124.52999812502
21,63,0.8132332387602534,1.0386999324261659,1.014492610409481,1.3681862224000327,0.8000017836251836,1.0,1.0,1.0,0.0,0.4,0.4,154,3902.2002035846,9124.52755491073
21,64,0.8131525653729871,1.0376125963440033,1.0132190069147287,1.3765586497537656,0.8075948385313982,1.0,1.0,1.0,0.0,0.4,0.4,155,3967.5143937508574,9488.396012152609
21,65,0.8124209110426002,1.049915222833374,1.0497919649726888,1.3764826453828163,0.8705758892692184,1.0,1.0,1.0,0.0,0.4,0.4,156,3189.783947350435,8128.787030970556
21,66,0.8123661846034251,1.0491407523220224,1.0488848259559473,1.383960028860908,0.8027041090488994,1.0,1.0,1.0,0.0,0.4,0.4,158,3182.120152429173,8148.492744539018
21,67,0.811992226363134,1.0437832286102742,1.0426099829779383,1.394796307750695,0.8062455311113004,1.0,1.0,1.0,0.0,0.4,0.4,164,3185.8451162819565,7898.98018154664
21,68,0.8117439130496561,1.0625495210207623,1.0867535000474402,1.511933704740104,0.8011541656963745,1.0,1.0,1.0,0.0,0.4,0.4,186,2937.657606428306,9229.343504851937
21,69,0.811172092079652,1.0763564667219168,1.1250883746969038,1.543211782678501,0.8300366921947623,1.0,1.0,1.0,0.0,0.4,0.4,188,2900.769131030485,9057.210831892708
21,70,0.8098139213088142,1.0544969083154285,1.0994852043493855,1.5437895707053304,0.8763405954724695,1.0,1.0,1.0,0.0,0.4,0.4,190,2972.424550097668,9226.656542687237
21,71,0.8091965745966364,1.021399663113876,1.0385565643335115,1.5285945622553392,0.837323490546886,1.0,1.0,1.0,0.0,0.4,0.4,192,2975.72043062776,9337.305233223857
21,72,0.808778261824944,1.0362859095519312,1.078155462564784,1.5744109922928295,0.8105360781741497,1.0,1.0,1.0,0.0,0.4,0.4,197,20615.404060129367,9178.073681233163
21,73,0.8087395503196366,1.0355663187390665,1.077312561457438,1.574342390041115,0.8024836331371394,1.0,1.0,1.0,0.0,0.4,0.4,199,20626.10045170101,9165.426956065316
21,74,0.8086213363691908,1.0333687372925076,1.0747387144360494,1.5741328148900076,0.8152599063094141,1.0,1.0,1.0,0.0,0.4,0.4,200,20719.87169164581,9056.312414025868
22,0,0.686786299656946,0.9161533947410375,0.8528203198089895,0.005058472716347731,0.0,0.0,0.0,0.0,0.0,0.4,0.4,1,5385.398149823153,7846.471281465036
22,1,0.6681964164993245,0.9100886086373232,0.8457031851508303,0.00796902125937738,0.021538960723735852,0.05940936062970211,0.00010335418196356001,9.71494271304e-05,0.0,0.4,0.4,3,5286.295364040516,7759.244978326453
22,2,0.6444783160849724,0.9064042722908044,0.8402399038623817,0.0160357736909413,0.07933778615662486,0.03057059610278759,0.01418376659791722,0.0027745933461433897,0.0,0.4,0.4,4,5120.072973480526,7904.580393316921
22,3,0.48842002821902286,0.8617227670551988,0.7968578418163121,0.03251912927945333,0.4964314783832406,0.07232235200902717,0.024770870858601073,0.023283778824566483,0.0,0.4,0.4,5,4075.0924014199873,6014.096017921059
22,4,0.4786439645612331,0.8520549770641686,0.7871733440423315,0.029538414758256623,0.00999307035626326,0.07215701562033314,0.0124282867024125,0.0117013676568732,0.0,0.4,0.4,7,4071.097739633664,5928.951846799288
22,5,0.4550286109777066,0.8709832055649677,0.8287939136941052,0.05721435114814161,0.16198601189403736,0.11432216644543744,0.01632722889314456,0.04740350891156157,0.0,0.4,0.4,8,4524.003916179106,6881.533233034073
22,6,0.4080167800324072,0.857739878876366,0.8078151895704744,0.08671783829961618,0.21492371051197565,0.1012217854657412,0.05456595650667613,0.08897785539221192,0.0,0.4,0.4,10,3787.8949629931194,5941.28738774057
22,7,0.3950853578010681,0.8604474482998259,0.8220681315551781,0.09915321490741111,0.08653560807832716,0.1012217854657411,0.05456595650667646,0.08897785539221191,0.0,0.4,0.4,12,3864.724798222897,5157.596436087577
22,9,0.43520876127667774,0.9043446592763459,0.8475346465461501,0.2016732179630271,0.21813177067646827,0.07934448622376275,0.09415790336417221,0.26641019827746726,0.0,0.4,0.4,15,3762.1467672602994,1132035.0098005435
22,10,0.3659408399093641,0.8650255399142515,0.8290812986370352,0.18027672582820556,0.21917909398342353,0.08823096722493692,0.060771784061693535,0.2204409908041701,0.0,0.4,0.4,17,4034.8694125619913,1192005.1558733962
22,11,0.3704513422483675,0.870112572643906,0.8287313635884743,0.21594308077018104,0.2545505296099608,0.0682729717538472,0.10311667751160909,0.27018151976056104,0.0,0.4,0.4,19,4602.8536820882655,1134419.3786916158
22,12,0.38878497314021526,0.8535135441508657,0.7691552784498266,0.2446851494993288,0.35009516015989417,0.10300235510461997,0.1482791479806623,0.3255898015738746,0.0,0.4,0.4,20,3159.2909031839376,2548131.4134863494
22,13,0.3368881524627237,0.858033281561832,0.8387412708284134,0.21680270927027706,0.1378598130629349,0.07048076037408793,0.0790496368674238,0.26513681395775895,0.0,0.4,0.4,21,4848.868731605855,1193490.5247946226
22,14,0.38530708669154634,0.8495742645283278,0.7644593691156608,0.2503369686473682,0.22069484403185913,0.10306277222979368,0.14889593915618546,0.3261695643684046,0.0,0.4,0.4,22,3097.0249109918086,2547265.7521818536
22,15,0.3296254927291874,0.850273824204122,0.829840115543097,0.22094669820155238,0.1542980036142928,0.08149238980717974,0.07564861541222731,0.2658048400201233,0.0,0.4,0.4,23,4552.939874441911,1192538.7231333903
22,16,0.312638449543327,0.8217591526163719,0.7881695676702247,0.21320401138895706,0.12482555817702765,0.07561458433445173,0.07797344741136311,0.22246905679530965,0.0,0.4,0.4,24,4535.834088681235,1192255.1592377236
22,17,0.29048403032853365,0.8002365737939201,0.7664311817009917,0.19429598594946917,0.11510590691921439,0.07970320036677375,0.05423315323107418,0.19555378505064042,0.0,0.4,0.4,25,4021.57577806513,1191990.4008451567
22,18,0.32611980996773954,0.8426481557635471,0.8184687747571584,0.23422214680281206,0.27918961101648543,0.07451645081024225,0.11380287499614258,0.26326607901369553,0.0,0.4,0.4,26,4303.790925914401,1131178.107057704
22,19,0.2701061241142888,0.8073456972189269,0.807820820315776,0.21548878640471653,0.12844713575982286,0.07149944694797858,0.060803933496794915,0.19164295307653345,0.0,0.4,0.4,28,4799.6045582836105,1189194.0864654826
22,20,0.26726387685835495,0.8038203252371895,0.8038002141856392,0.21772330978459084,0.12050328471044713,0.0762748923397796,0.05972782214810298,0.19113445332214485,0.0,0.4,0.4,29,4637.336874556,1188165.0258249522
22,21,0.2550023632865158,0.7853508372047935,0.7814889917166705,0.22589214059899337,0.26095270174017904,0.07251068186661509,0.06872763365883919,0.1920437849461885,0.0,0.4,0.4,30,4850.118867485258,1188646.577916571
22,22,0.2415134697095473,0.7606075970510101,0.7437177759061503,0.22112033962639116,0.09205092191807773,0.07245657461415865,0.05929720524239499,0.16802789706844784,0.0,0.4,0.4,31,4839.834109791355,1189003.5272047543
22,23,0.24573791960680394,0.7719719144011775,0.7659805481815111,0.23321433388533572,0.18909041358348316,0.07905739192681825,0.0681523151950327,0.19025789726249026,0.0,0.4,0.4,32,4614.697165082174,1191512.9799846143
22,24,0.2456473087288713,0.771871381269593,0.7658752194721712,0.24190436888162958,0.10348722322577929,0.07904604314123939,0.06797683977030362,0.1902525628352842,0.0,0.4,0.4,33,4612.393112609922,1191565.090522851
22,25,0.21291156545222767,0.7366124795758814,0.7376960584947181,0.22921803084755066,0.3328745842975003,0.07536045039008722,0.060370411230343216,0.1681321164861967,0.0,0.4,0.4,34,4862.973157422063,1188463.4386066813
22,26,0.15910412075200372,0.648724800217122,0.610626704060831,0.15534030729580736,0.04001261534564131,0.05115413017879363,0.039759688273808644,0.055685694512506836,0.0,0.4,0.4,38,3888.876438036268,1069406.1321531958
22,27,0.17391493811127748,0.6536594439599742,0.6119640405020379,0.21201034856987996,0.2108426542097195,0.06977164233015942,0.04393946697370007,0.11635607092398478,0.0,0.4,0.4,39,4005.320756855321,1295080.278277133
22,28,0.14566989961074758,0.6338447778748582,0.6042016465367849,0.16834990548560905,0.07729388799103185,0.05905275934006151,0.03567106789806187,0.06091909758412972,0.0,0.4,0.4,40,4138.381351234969,1067325.4023395458
22,29,0.11193714419141143,0.5720746273775603,0.5338316878079186,0.1585449410081341,0.20243991567392808,0.04082745020362577,0.041433286353381185,0.02627052282134292,0.0,0.4,0.4,42,3719.858096864617,5190289.826671192
22,30,0.11217958053477728,0.5802800347468575,0.5541284741220628,0.17894513989308775,0.04792986098437941,0.04008232589743605,0.04662733565480458,0.0268502623325304,0.0,0.4,0.4,44,3710.398575205943,6531751.95652305
22,31,0.10606723156865283,0.570159868139024,0.5429025948152018,0.1837796899155163,0.048278232996121426,0.040397722125183624,0.0408108607217402,0.02350924389348884,0.0,0.4,0.4,46,3679.140341238436,6533054.630226821
22,32,0.10119516200856189,0.5618360727507523,0.5336414244150204,0.18958141559833425,0.041989261101501904,0.04120534511140717,0.0362853548709155,0.020908001052825788,0.0,0.4,0.4,48,3640.721328654335,6536795.403135498
22,33,0.11119746283281193,0.5798385130191587,0.5637859003001859,0.19905609123403104,0.06969933452777383,0.05430536283957268,0.05038401581817318,0.03633671584910519,0.0,0.4,0.4,49,3677.1823853814217,1004966.1515621915
22,34,0.156658172471092,0.5772925407104731,0.5183926614138202,0.2491545085253905,0.14366721986442949,0.07601986130329481,0.07213741162401938,0.14839156805840514,0.0,0.4,0.4,52,4707.054380459366,4416291.729716992
22,35,0.15333576014853756,0.5663007466872116,0.5054930003612808,0.25490937009073794,0.12708567423079348,0.07610955045779937,0.07230526905052384,0.1485948177316768,0.0,0.4,0.4,54,4647.118798796999,4414824.1396077145
22,36,0.14872338385000347,0.5607028458315516,0.510018130649168,0.26257087204239377,0.19759732160239427,0.07610955047387671,0.0723052685022125,0.14859481666687627,0.0,0.4,0.4,55,4525.334184568286,4417971.29272646
22,37,0.14872338365372173,0.5607028464767968,0.5100181312944132,0.2625708726826841,0.08836023447640047,0.07610955045779934,0.07230526905052338,0.14859481773167843,0.0,0.4,0.4,56,4525.334172421282,4417971.292659633
22,38,0.14694675251752734,0.554145540976747,0.5023265689373736,0.27133998282299143,0.13428543721951647,0.0771900515248349,0.07244952040667758,0.1486152428073822,0.0,0.4,0.4,57,4547.819898279493,4418208.215718143
22,39,0.14608821833809615,0.5529756419643175,0.5010791828095282,0.2746953929706895,0.08949846597381854,0.07025682979409628,0.07176425673165518,0.14750797329160123,0.0,0.4,0.4,59,4476.193743750468,4403896.037394228
22,40,0.13853145950321522,0.5456384242732526,0.5041851089353534,0.2859556891866501,0.1873704680615609,0.07126874265744444,0.0687268811839694,0.14152202287874288,0.0,0.4,0.4,60,4365.185664332038,4660648.12314817
22,41,0.13810463465527706,0.5551758655815444,0.5264376056846637,0.2953974543517862,0.09568624365601594,0.0712687426064457,0.06872688065321053,0.14152202185338308,0.0,0.4,0.4,61,4319.989181902084,4661943.279082424
22,42,0.1361710441772139,0.5360926066536951,0.49299153774543303,0.3009330433322246,0.13990853081006085,0.07221989461518181,0.06890905448611324,0.14153005187365308,0.0,0.4,0.4,62,4406.632313761535,4658822.656426191
22,43,0.14309659460808763,0.5495206174991113,0.518356184431449,0.3053196867282282,0.11422211565993558,0.07424970192858664,0.07652705219266591,0.15500079658280302,0.0,0.4,0.4,64,4361.888736060105,4662859.771875452
22,44,0.1327438984336362,0.5318357786745378,0.49902874997253543,0.3164811734428171,0.15149862610792575,0.07481574416530135,0.06974932887224669,0.14154466244296104,0.0,0.4,0.4,65,4454.843851000974,4657597.089474649
22,45,0.10985839118572292,0.5014307240630156,0.4669606714084147,0.3098042949036463,0.07512663604389427,0.10848584937618504,0.059312367124417245,0.10024556082658179,0.0,0.4,0.4,71,4153.253682200832,8917934.93706841
22,46,0.10805711672039697,0.4902296492359809,0.45370906961784263,0.319775042332306,0.10641283972294827,0.10769565749968082,0.05976042299408686,0.10173032569536411,0.0,0.4,0.4,73,4192.035746350557,8917818.500897942
22,47,0.1218340611741513,0.5145991909538794,0.49094672568531594,0.3368632783422789,0.08395249148313304,0.11017943740162932,0.06487997774499671,0.13145822021847747,0.0,0.4,0.4,74,4176.324662874351,8917614.610428382
22,48,0.10676393323916988,0.48240165657317213,0.44447234397058133,0.3262815500660269,0.11702241110911007,0.10790275124822446,0.05992048999932338,0.10256306748626068,0.0,0.4,0.4,75,4198.208262221192,8917451.286157165
22,49,0.11355148939368782,0.4871386574299848,0.44877008240134686,0.3401067857832053,0.09021123460245294,0.10770616190442368,0.05919569961079467,0.12154324939447933,0.0,0.4,0.4,76,4168.47955912581,8917710.011015719
22,50,0.09918754101482524,0.4622797155039312,0.42168178535176615,0.3270701871520404,0.15137644021302815,0.10208748400516847,0.057022700061885936,0.09411289726032925,0.0,0.4,0.4,77,4200.612769971948,8935935.576196235
22,51,0.09810188234069808,0.45583109070971356,0.4141052420279792,0.3370143571810498,0.08362293940934093,0.09989322363966652,0.05772051189807039,0.09375871522049381,0.0,0.4,0.4,79,4039.886322037025,8945236.563143253
22,52,0.10383560157320496,0.45940438663921124,0.41722667470677277,0.3464073269948448,0.08516006315258706,0.10011689209345216,0.06367542933516536,0.10333200448912569,0.0,0.4,0.4,80,4193.594022122483,8943622.939304827
22,53,0.09719502240472022,0.45012951939455853,0.40740221177489216,0.35049190494325655,0.07194746552271786,0.0999974755852602,0.0578954161966306,0.09394950947774103,0.0,0.4,0.4,82,4173.495177071993,8945143.463651437
22,54,0.0967181477967967,0.4446579941550355,0.40089299739189804,0.35746035856586444,0.08248232768129388,0.09983682476788616,0.05820252186887389,0.09511107134813288,0.0,0.4,0.4,84,4193.941991814977,8945007.202777369
22,55,0.09061960709314214,0.4579026530181617,0.43950484975206006,0.41553219900179783,0.05844931635954924,0.10219113117062968,0.05214808025838673,0.08750974104796298,0.0,0.4,0.4,94,4164.160300228791,8929301.252755214
22,56,0.11542208921309956,0.4625512341239025,0.4507826199464356,0.4391232897495831,0.34647542903486594,0.14593469987223268,0.0807996456839768,0.13547873295862256,0.0,0.4,0.4,95,4357.070844331711,46751089.34000681
22,57,0.10685992559054971,0.44281967520226184,0.43961546524088085,0.45669209675360456,0.1417421251591644,0.14744345413080803,0.07666335493475432,0.12703287155464768,0.0,0.4,0.4,98,4284.297670107716,1269819057.3082354
22,58,0.10633510967289497,0.43737380125008307,0.43320424517499906,0.46350572585210514,0.10135470052691878,0.14743308709156036,0.07680974953480668,0.1273644199440596,0.0,0.4,0.4,100,4269.205705474894,1269817056.578743
22,59,0.10631535900327642,0.43360445923493385,0.4287016181190352,0.4707650325223916,0.09713170142907146,0.14663731836671523,0.07707348205923614,0.1283810106465329,0.0,0.4,0.4,102,4293.79164073718,1269815361.4396462
22,60,0.10838273225199338,0.44064792333854585,0.4475319535339046,0.5066485576019799,0.1016084570667398,0.14566615715260964,0.08585080407631532,0.12691813130244672,0.0,0.4,0.4,105,4341.091473895596,37084535.30441598
22,61,0.10569587572934752,0.4257356327294604,0.43025226044763615,0.5152764038592746,0.180562114929927,0.1437009161089697,0.07991779646283217,0.13012966302033646,0.0,0.4,0.4,106,4400.619910699281,1269738717.844318
22,62,0.4909704085764253,0.8216936724126154,0.8608199774300368,0.9077793918628884,0.5317214603352127,0.1444158693611142,1.0,0.18002473291871185,0.0,0.4,0.4,109,4263.253350545138,1270610997.1393418
22,63,0.4825381636464573,0.7812059248027569,0.8033859902725901,0.9145280803207293,0.519409652183868,0.14224944808069626,1.0,0.16441641129704615,0.0,0.4,0.4,112,4311.472118649299,1270533118.4436357
22,64,0.48264453723671347,0.7743698193238232,0.7952446826717797,0.9219481633401821,0.49329031465631856,0.1407242784067829,1.0,0.16637974634448843,0.0,0.4,0.4,114,4267.033600366161,1271086086.0561604
22,65,0.47981815350686025,0.7699465020497595,0.8014277822822926,0.9379175914938646,0.5135856876467813,0.1414574608358467,1.0,0.16225920445086128,0.0,0.4,0.4,116,4332.150453927162,1270496773.2086818
22,66,0.4794624508569525,0.776992154675336,0.8207649244611688,0.9453959176500435,0.4793910985866114,0.14505038153873678,1.0,0.16221267291930588,0.0,0.4,0.4,118,4237.821819294255,1270618309.2006445
22,67,0.48033049391819843,0.7882466230570139,0.8448676603266567,0.9574113707257006,0.47199767604309667,0.14253213983760354,1.0,0.1645600871166511,0.0,0.4,0.4,119,4294.02963833101,1270986080.0993571
22,68,0.4793893280249647,0.7736789614567338,0.8168489110387648,0.9601507227962754,0.4834106043594143,0.1443424187789856,1.0,0.16272924775784603,0.0,0.4,0.4,120,4274.022301138607,1270694556.2005112
22,69,0.4787856490288271,0.7773564823340048,0.8322413123414524,0.9748595332352493,0.49128931712245755,0.1442745679606991,1.0,0.16268112066462645,0.0,0.4,0.4,122,4275.508990171486,1270597318.026779
22,70,0.07888809559051166,0.30165137942845793,0.28787790863359664,0.5368277120892104,0.21588578718499585,0.14218271666267107,0.06471569790734125,0.10211983711172364,0.0,0.4,0.4,123,4036.081407493125,1270000731.6089275
22,71,0.07846704924714959,0.2818152876311883,0.25353230109418434,0.5357628966171032,0.12838771806860516,0.14201431563677025,0.06455062949940539,0.10273393381703044,0.0,0.4,0.4,124,4128.796647369032,1270028646.1854997
22,72,0.07856987814468633,0.29051105862054205,0.2747494846571912,0.5473813939722695,0.08673275610920514,0.14115305297745614,0.06495314400000772,0.10305328998782859,0.0,0.4,0.4,125,4119.052790746167,1269975898.803911
22,73,0.07825301764222534,0.27701299306284044,0.24788840889506658,0.5391167592686873,0.08184177505092853,0.14249885406330903,0.06473254422717069,0.10283053044254079,0.0,0.4,0.4,126,4101.224453689674,1270049259.0359883
22,74,0.07815075873156398,0.27530841162641223,0.245890234635998,0.5463564968177831,0.07305792592401782,0.14152979841232272,0.0647461723993138,0.10284239085860684,0.0,0.4,0.4,128,4060.4315654064135,1270059631.7286625
22,75,0.0988763739253076,0.31520935761962565,0.31120027992247756,0.5861030788813563,0.10007677915367491,0.17119637922825567,0.07083623822230452,0.14912436216801478,0.0,0.4,0.4,130,4096.6090262893085,1564119389.363789
22,76,0.09563990250532231,0.3161486159369601,0.3238559752652689,0.6060861654485021,0.13744284517430233,0.17338613514062814,0.06411374171757253,0.1489317045805864,0.0,0.4,0.4,131,4103.747001393266,1270412532.1890836
22,77,0.3989086401570635,0.606642848524651,0.6229890275355059,0.9278284991975125,0.47892707629414305,0.14358327482001854,0.8554749546547498,0.11946590959336023,0.0,0.4,0.4,133,4206.619759150242,1270037705.958496
22,78,0.39897600363515184,0.6168444815141472,0.6459972033917157,0.9358042521434495,0.3940828268720751,0.1439662119278287,0.8556806352488234,0.11958547161446609,0.0,0.4,0.4,135,4101.987676318076,1270064263.1343324
22,79,0.39936023785566865,0.6134304232528339,0.6418952414441674,0.9436877917063745,0.4187462810088993,0.14280261879468073,0.8564155919280003,0.12035741379867396,0.0,0.4,0.4,136,4107.209573070142,1270218829.6821215
22,80,0.3993543175987568,0.6116523993919332,0.6397965198213957,0.9554060029458886,0.40386106394069754,0.1427521799125788,0.8564044103104227,0.12060497920264882,0.0,0.4,0.4,137,4142.909476578874,1270413901.6733592
22,81,0.3988545801903817,0.6054718852949086,0.6325889725645153,0.9543474630251306,0.432487257010529,0.14287658264711237,0.8562206430703492,0.12033064611610808,0.0,0.4,0.4,138,4169.497472619293,1270217775.4799955
22,82,0.4312742287076841,0.6362748750112335,0.6630998068589145,0.9752291413504548,0.4351108812264482,0.14250590275851688,0.9378709364644957,0.11995211635700827,0.0,0.4,0.4,139,4146.542465669934,1268586729.2042224
22,83,0.4321859993222079,0.6353083082889309,0.6617929700047025,0.9952149964737229,0.42907108708110553,0.1418485258165712,0.9392211580903045,0.12115328739202029,0.0,0.4,0.4,142,4156.017175985184,1268953872.559139
22,84,0.4319231434409328,0.6748117752412233,0.7523885663155705,0.9410530902596987,0.46041384517336686,0.14184852581657112,0.9392211580903049,0.12115328739202111,0.0,0.4,0.4,143,4246.618745957631,1268910981.4744484
22,85,0.43086338206000785,0.6115314565320237,0.6229885551914839,0.9966563589084871,0.46922326691963157,0.13994101987712865,0.9388458752182393,0.11968789885957032,0.0,0.4,0.4,144,4216.56143274659,1268875358.1041589
22,86,0.4306679683630205,0.5991945414054517,0.6084695834362561,1.0002514702680547,0.5124524310278227,0.13878486059473485,0.9392770802466813,0.12026728397190845,0.0,0.4,0.4,145,4192.970791351828,1269149852.393088
22,87,0.4302210948945044,0.6216567728925976,0.6680142752688386,1.0741650596682446,0.43505381198227866,0.13815866357132028,0.9396503621081156,0.1200316842338293,0.0,0.4,0.4,152,4292.547592065859,1269084176.1456344
22,88,0.4301608243715509,0.6311421256325539,0.6902033960662539,1.0818143759933494,0.42993739675806125,0.13725775409885438,0.9397066437378261,0.12001315253607951,0.0,0.4,0.4,154,4285.120177828045,1269094993.399436
22,89,0.4300746415941007,0.617797738823901,0.6634906563019869,1.0855231101858744,0.43888676751873534,0.13820087411366233,0.9396320980735734,0.12010376026365788,0.0,0.4,0.4,155,4285.864671308844,1269106819.4723573
22,90,0.43025577240167967,0.6288444947842229,0.6874775590488503,1.0895842005533403,0.4265584698304209,0.13644044639969113,0.9398088813564772,0.12041773803308779,0.0,0.4,0.4,156,4291.952336553748,1269088325.1900706
22,91,0.4718497868454154,0.6078858263315879,0.6333629854670187,1.1011751728133559,0.6132167799426279,0.1387003129340243,0.9677517388598822,0.2005444816774796,0.0,0.4,0.4,158,3987.9694344624822,1269144482.3994184
22,92,0.4937873387543671,0.6278910466717641,0.6640379957516322,1.134558929755724,0.5376026237635285,0.13839229017416882,0.9704929067770299,0.25383005119725915,0.0,0.4,0.4,160,4067.141788345991,1269499214.726447
22,93,0.49365416507226967,0.6255094958306093,0.6612584135115742,1.138176681607114,0.5054494340452463,0.1383648032463005,0.9704118484177824,0.2537661887007373,0.0,0.4,0.4,161,4103.52072487782,1269499203.1269398
22,94,0.4935457490384747,0.6191108443071532,0.6537461561796472,1.14548597599867,0.5126077453941317,0.13867718532972367,0.9704760569233413,0.2539645305931163,0.0,0.4,0.4,163,4067.890021983844,1269499849.200621
22,95,0.4713780578612899,0.5839935543083127,0.6053197118929012,1.1225462957945134,0.4798089359806769,0.13738698975824476,0.9681107231913495,0.2010498687973788,0.0,0.4,0.4,164,3923.592176300896,1269168730.6596236
22,96,0.4933691495597321,0.6246885706720187,0.6713607946015808,1.1650581263455337,0.5164413232073617,0.13867718532972367,0.9704760569233409,0.2539645305931165,0.0,0.4,0.4,165,4104.4456711624025,1269482177.3236628
22,97,0.47118668751809656,0.5758070490984902,0.5957197575870892,1.1412237522142143,0.475466124095742,0.13694998867604416,0.9681113288541896,0.20121716836412945,0.0,0.4,0.4,169,3935.4894842109143,1269162501.2375474
22,98,0.29193166741785914,0.4234037465210773,0.48112393709401957,1.02959396878258,0.293559382400038,0.13749823407479628,0.5922436981074761,0.12947571169293456,0.0,0.4,0.4,179,4407.751183548582,1268867123.8708243
22,99,0.2921619206648572,0.4134698935506266,0.4693971268390008,1.048774475913871,0.32577911827161055,0.1382653662872905,0.5925654160109262,0.1304923614920087,0.0,0.4,0.4,181,4418.126432377369,1268972379.9994545
22,100,0.29201387214546165,0.40472101938451616,0.4591331357090047,1.0598259212693149,0.3099266377993605,0.1363213065572402,0.5927153802642537,0.13058985042092944,0.0,0.4,0.4,184,4330.334161686746,1268981805.3764007
22,101,0.5075262853184386,0.669590787694996,0.7878327605388222,1.2917034999278219,0.5145793302810365,0.14208496177510227,1.0,0.2625474172037144,0.0,0.4,0.4,189,4337.517071158325,1269632970.5837607
22,102,0.5010889002786669,0.6700152700764533,0.8004939014095148,1.321648893262819,0.5025963342230446,0.14184858053575564,1.0,0.24674722046816672,0.0,0.4,0.4,197,4291.469993448263,1269739867.4527044
22,103,0.5019875125265049,0.6744016809713571,0.8165246711436213,1.33995786801246,0.5551054735097196,0.1473121561390398,1.0,0.24949988535366857,0.0,0.4,0.4,198,4273.370722527894,1269885595.393888
23,0,0.863533444071922,0.9672426328065196,0.9126589494562481,0.009755954771016385,0.0,0.0,0.0,0.0,0.0,0.4,0.4,1,2901.76782291691,7282.54215610486
23,1,0.8407069006310156,0.9613253276854861,0.9057139105235387,0.012683674664344727,0.021041078352697994,0.049552886283390066,0.00010951626075884999,9.980891620816e-05,0.0,0.4,0.4,3,2917.810054968196,7081.3110484834615
23,2,0.8008634667771705,0.9551542788670986,0.8973768657911095,0.020314249664771848,0.09489496210709358,0.02249569119062158,0.01486241837744479,0.0015383683566194,0.0,0.4,0.4,4,2885.783276614565,7129.751453895372
23,3,0.5256453763179533,0.9093206812784277,0.8427854360983843,0.08122334633732786,0.9639361455644925,0.06070964506409211,0.10015612409869298,0.09127844695056642,0.0,0.4,0.4,5,2526.4911586319804,4759.167487541356
23,4,0.36599516663402615,0.8089386351846499,0.7271897506897829,0.06925890061809686,0.3752601422575051,0.08952250538767217,0.0822461177343308,0.08032045062618029,0.0,0.4,0.4,7,3193.7327261341243,2589.346187250356
23,5,0.3016359809789546,0.7546070724888705,0.6656601893309392,0.055094873379738896,0.19949150960927603,0.10936507244109597,0.0581299563030291,0.07368309438047553,0.0,0.4,0.4,9,2734.268182769158,5110.3780297754
23,6,0.28168752307725164,0.7353392243152008,0.6453448676467965,0.05050502758449352,0.06094404312171512,0.1093599245558863,0.0436241719438511,0.05531205902079608,0.0,0.4,0.4,11,2718.5656559888475,5166.645237218871
23,7,0.2720942491121155,0.7265298309286299,0.6345565740062439,0.053487307935144945,0.1230079981250777,0.1093351220170399,0.04563015142788844,0.060169662284567285,0.0,0.4,0.4,12,2762.849886336116,5099.779348857142
23,8,0.2608906831736578,0.7154183000811632,0.6229899529627172,0.053377827318832616,0.04314511606386201,0.10996297199349163,0.036521797283164195,0.04814202633459057,0.0,0.4,0.4,14,2725.2532532200894,5037.843900801747
23,9,0.2572056665634638,0.7234904256536063,0.6437876226310342,0.05028214400606569,0.04707400196723245,0.11253644563628004,0.037671298361893306,0.04317878534246255,0.0,0.4,0.4,15,2353.455599492722,4524.796539158163
23,10,0.23930023279835405,0.7048534342518197,0.6219714712339457,0.05322490453962143,0.09590768821590287,0.09920634183763528,0.038756328694929544,0.0419105243325309,0.0,0.4,0.4,17,2613.3983368940458,3824.856772645616
23,11,0.22383230124236225,0.6996952908948882,0.628214834229868,0.06208028182583766,0.08931560128732181,0.07512093910375056,0.03760691202370272,0.02549724376818576,0.0,0.4,0.4,18,2503.543982144697,2769.9429507547707
23,12,0.21289115359087793,0.6758556447655364,0.5889679356764917,0.05206954674739599,0.12545419847875652,0.094974480317878,0.03258335761255068,0.034064964602089395,0.0,0.4,0.4,19,2471.6783245902247,3850.355099699008
23,13,0.21081146642625614,0.6732602261479471,0.5858967655999826,0.057891201330819035,0.04562145912898988,0.10344039838816546,0.03333814344909301,0.0337666495168001,0.0,0.4,0.4,20,2416.67366998456,4149.332158412556
23,14,0.23234515546872664,0.6945130930092509,0.6068593959976694,0.0912539923166987,0.06164218282702055,0.057579299151310936,0.08501715386258134,0.03945674123395944,0.0,0.4,0.4,21,2298.38658948412,3532.220826201145
23,15,0.19362411340937527,0.6519182261734111,0.5610173179102215,0.06323161920761491,0.15855579287365526,0.09878528313977022,0.03464461511655811,0.03074509357606296,0.0,0.4,0.4,22,2433.4320062811803,4062.233070334245
23,16,0.2139368946235825,0.6691034021180182,0.5761236815606632,0.0993641528323409,0.14025119391191335,0.08048072247959401,0.09003097960443757,0.04866791967042454,0.0,0.4,0.4,23,2203.2406280868936,2583.566128793494
23,17,0.21343140410614964,0.6654197464300937,0.5705927449644346,0.11289790094567342,0.10025229222396875,0.07453707197963541,0.1094797301556449,0.04697716149057991,0.0,0.4,0.4,25,2084.3643380694584,2815.540590287409
23,18,0.21243272533039265,0.6637950957644311,0.5686271752805095,0.12123708346144993,0.06990048143447838,0.0741230979492252,0.11014029507636809,0.04723132761191654,0.0,0.4,0.4,27,2104.2032554754,2806.170907829064
23,19,0.1622988460780446,0.6199153254315841,0.5352491780121251,0.07509942876435444,0.12436366121152743,0.09246941686176777,0.03245195552401,0.02368556304729249,0.0,0.4,0.4,28,2855.7271054637413,3321.7522601600417
23,20,0.15840674193181695,0.6152200794548295,0.5301758630655242,0.08291316968494844,0.027674186574026524,0.09279501104242624,0.028854734743468807,0.02106298498531773,0.0,0.4,0.4,30,2848.4581529154484,3403.4321901293742
23,21,0.15912152022653672,0.600950697178296,0.5012056829622776,0.08978273900500298,0.09617232621445691,0.07600890831741287,0.03939522505147368,0.02768186149075828,0.0,0.4,0.4,31,2928.476667304073,3435.8952881007995
23,22,0.14959336353750702,0.5998620823754951,0.5119440316576066,0.09950586326428883,0.06925027120069188,0.08734938194105972,0.031398253483238596,0.02207795146262053,0.0,0.4,0.4,32,2841.456639674728,3410.282264431451
23,23,0.14934173071661055,0.5993713499780285,0.51135416370196,0.10761310392184471,0.025520350784645627,0.08757579777443833,0.03150236737254594,0.02219336872667462,0.0,0.4,0.4,33,2840.1418312045,3596.5789245042315
23,24,0.14435092502744007,0.5978921541847706,0.5198572941733727,0.10881656444945025,0.14950744109964664,0.052315500130274105,0.050170510965245316,0.01587570075029037,0.0,0.4,0.4,34,2621.3175625348617,25664.760818467632
23,25,0.1408491853852624,0.5782492522550944,0.48541804816242723,0.11585608099403938,0.06508628565971955,0.049818989930082706,0.05524950933787607,0.01591477829554675,0.0,0.4,0.4,36,2650.1353672799187,26323.69412647141
23,26,0.13898727633958463,0.5967703025143891,0.529229101545768,0.12100028100570248,0.057731239097745496,0.0661170649926186,0.05180720403770526,0.02001852074800429,0.0,0.4,0.4,37,2519.366500032581,26888.565108021307
23,27,0.13101249092824552,0.5826128623677689,0.5129801206846749,0.13156768827102083,0.11207878514137183,0.06571650487250195,0.04741598267828178,0.01954874408574394,0.0,0.4,0.4,38,2446.402082703399,18268.65506780285
23,28,0.130822414739948,0.5818665433224184,0.5120508009051995,0.13806445466077297,0.030839214465899385,0.06733855527777123,0.04769975274698709,0.02007007387906907,0.0,0.4,0.4,40,2441.601516627132,18408.149345047023
23,29,0.11522318294171296,0.5295959122300872,0.42932569228193596,0.13809327166118882,0.11407442580265671,0.07019765307764883,0.0403408231279643,0.01778609600096855,0.0,0.4,0.4,42,2861.1881490026303,11158.917376609768
23,30,0.11145379516155526,0.518706200277683,0.4163538495914351,0.14451240418020195,0.06696505724514071,0.07058225511506785,0.04242084641520677,0.01887634110740291,0.0,0.4,0.4,44,2909.0541975041087,10989.696215846594
23,31,0.10864643847805588,0.5256200825793464,0.4358441825926831,0.1503867094460086,0.03999987531111877,0.06931871230198396,0.039587336218515165,0.017174320554107312,0.0,0.4,0.4,45,2970.396951588559,16995.731371783215
23,32,0.10852583943303201,0.5254763030787531,0.43569379208695985,0.1567382468106999,0.02273361759065197,0.06942354229452212,0.03933235386651079,0.01716602185057412,0.0,0.4,0.4,47,2936.479442925435,16696.35830028644
23,33,0.10829132418019266,0.5248162053236223,0.43491251005752407,0.16641137777914414,0.027587580377039803,0.07059399084616104,0.03961320219477485,0.017003132503942482,0.0,0.4,0.4,48,2933.951653741462,16904.763734035958
23,34,0.10629153392901108,0.5167932396102278,0.4252014397595599,0.17215256045420274,0.09333860715307697,0.07028946912748156,0.0389998941176305,0.02220317376670208,0.0,0.4,0.4,49,2977.598298796601,17124.338759341226
23,35,0.10588202969043277,0.5153895196274635,0.423523556060151,0.17883378185823423,0.03026579223828927,0.07031831418715948,0.03923376959879671,0.0224618567159234,0.0,0.4,0.4,51,2996.387449941721,17104.862197604965
23,36,0.10353310561665047,0.5094992152772412,0.41666572781058275,0.18470812292004857,0.04417598848461719,0.0728658612991139,0.03842820551827679,0.02266591627746451,0.0,0.4,0.4,53,3014.2380813832474,16681.919313983475
23,37,0.5395089959055078,0.9299792935814897,0.8330628179052042,0.6225604055888657,0.6355912257380838,0.0730181188736272,0.1718973458557374,1.0,0.0,0.4,0.4,54,4048.993978082393,7790.983180144249
23,38,0.5394455938981181,0.9405735024090568,0.856507575533158,0.6261152635088094,0.47597601693476743,0.0719700290547684,0.1725607730332113,1.0,0.0,0.4,0.4,55,4088.396909989247,8556.997507696336
23,39,0.5291671280342748,0.9067551895105515,0.816890987253025,0.6297364553852736,0.5868013895199632,0.0679199238428746,0.17265795005073936,1.0,0.0,0.4,0.4,57,4297.850399855328,10019.309827829453
23,40,0.5282385630002238,0.9043732198975566,0.8141640554612997,0.638334538043362,0.4756380868100144,0.06892611440809487,0.17173964881392856,1.0,0.0,0.4,0.4,59,4236.458073576373,9012.113046646651
23,41,0.5281897887185532,0.9144935315515235,0.8370385155308939,0.6443499534978308,0.4790925944390476,0.06799966635312252,0.17262494589010458,1.0,0.0,0.4,0.4,60,4256.717540060554,10094.891214017807
23,42,0.5893906421876965,0.9653762270699947,0.885498161293006,0.7124775314416985,0.5835037155815288,0.07711249315030297,0.3352025906671867,1.0,0.0,0.4,0.4,62,4306.517842850912,9080.856975390378
23,43,0.5754731355374942,0.9514755927924009,0.8715830885166806,0.7020842854731211,0.5229837640672274,0.0736788175709251,0.30066342872824725,1.0,0.0,0.4,0.4,63,4324.223136790902,8422.030167801544
23,44,0.587414482858398,0.9580715279532315,0.8769637264985564,0.7184835727749499,0.581382030008939,0.07714102770760586,0.33489342835446945,1.0,0.0,0.4,0.4,64,4394.802223071406,9208.079483735488
23,45,0.5825258984635671,0.9371543691188751,0.8524239449679654,0.7201660169818914,0.6819155086081068,0.07449556857988748,0.33548336097525,1.0,0.0,0.4,0.4,65,4579.849579823477,9486.583641167335
23,46,0.5805778697368349,0.9301392332894508,0.8442851944147916,0.7259010231053642,0.5566523928113885,0.07594618785875508,0.33434831103421336,1.0,0.0,0.4,0.4,67,4758.278454042921,8808.898730355662
23,47,0.5806842949812269,0.9409901079225826,0.8680350865202375,0.7417241380631069,0.535375438615505,0.07520897091637813,0.3349494551912747,1.0,0.0,0.4,0.4,70,4572.028429240609,9458.222195486953
23,48,0.5806334784155465,0.9203922365661116,0.8323908802841367,0.7411200549883715,0.6199147273073994,0.07528685917583157,0.34132721398442656,1.0,0.0,0.4,0.4,71,4613.687398406064,8933.682521216699
23,49,0.59032871704027,0.9182825612183112,0.8277373091992242,0.7558938768314724,0.6530218121152562,0.07606323467705765,0.37318871566943346,1.0,0.0,0.4,0.4,72,4597.880725598819,8838.997357471622
23,50,0.5887734560521857,0.9090998105054219,0.8169330400566066,0.7621020498349438,0.582628260896942,0.07514023856523379,0.3739031966853204,1.0,0.0,0.4,0.4,74,6717.70863261531,8763.41443369944
23,51,0.5755347770490733,0.8993054335478111,0.8185060291694124,0.7698526149315686,0.5514266586945048,0.07415399809814063,0.3452508422909328,1.0,0.0,0.4,0.4,79,4643.567072681705,9185.077139179011
23,52,0.5745441376853442,0.8971258370869736,0.8160775308030356,0.7758544094548565,0.5424355810167811,0.07337217358719117,0.3434331433377582,1.0,0.0,0.4,0.4,81,4536.512284986569,9678.000463122053
23,53,0.5838121327329457,0.8830607048859196,0.7971962704335993,0.8147885979536591,0.5841684764087599,0.07722260547851514,0.37857787422323785,1.0,0.0,0.4,0.4,87,5591.045805002366,208971675.350408
23,54,0.5866213675712744,0.8903149553445396,0.8160777361401651,0.8284217464163287,0.5835062708145744,0.07530873715821444,0.38874910549753483,1.0,0.0,0.4,0.4,89,5710.406174460857,208945559.28627244
23,55,0.5861813969572821,0.887312272158373,0.8125567070793862,0.835105833044473,0.5660924035459937,0.07543603742011513,0.38880844443716417,1.0,0.0,0.4,0.4,91,5695.395788278201,208927797.9199001
23,56,0.588309151621573,0.8649800442948616,0.774562493999219,0.8344709774651904,0.6142130002447561,0.07395521739304942,0.3998400681797429,1.0,0.0,0.4,0.4,93,5646.78809352149,208964084.4221044
23,57,0.7374879887803698,1.0463541471284494,0.9946555095146724,1.0614954912399797,0.7103075504559859,0.07627378418895064,0.7733698004082098,1.0,0.0,0.4,0.4,105,4843.740325199455,16193.303725465676
23,58,0.7361485306644087,1.039762460549949,0.987015867868105,1.0640867902685462,0.7524277390611558,0.07606154654737698,0.7721880862090766,1.0,0.0,0.4,0.4,106,4807.019313813634,15830.964391852374
23,59,0.7360540678582047,1.0359521667681357,0.9824723805440524,1.0677417520892543,0.7384337293508015,0.07541911678003907,0.7733656026073377,1.0,0.0,0.4,0.4,107,4776.847067096368,16302.51246871475
23,60,0.7349173156498277,1.028673309866162,0.9739810272523866,1.0886278437360914,0.7586176542383889,0.07640177873001013,0.7728688727622247,1.0,0.0,0.4,0.4,108,4812.735594655011,16036.660508346216
23,61,0.7558610252984836,1.0456178362051105,0.990133563472764,1.098674406401851,0.7420074698735378,0.07493228930281105,0.8267916827222095,1.0,0.0,0.4,0.4,111,4159.620114543662,17074.51596923294
23,62,0.7330204501906823,1.013617532796675,0.9563460837194032,1.0907372046308468,0.7806003389342011,0.07520903641952124,0.7728792967573396,1.0,0.0,0.4,0.4,112,4733.3462290962925,16104.06857645126
23,63,0.7536930608865724,1.0297176544936755,0.9715558839224059,1.1147995103562738,0.7486037466222383,0.07486461217818734,0.82612634454795,1.0,0.0,0.4,0.4,114,4146.701430646519,16910.37402868414
23,64,0.7504618601395125,1.0038239306841508,0.9412892719151719,1.122793234012656,0.7894835127301716,0.07517393888886853,0.8252264419451347,1.0,0.0,0.4,0.4,117,4436.107032456217,17581.74883231959
23,65,0.7504590701630363,1.0150021217313232,0.9654637885331061,1.1489494613628906,0.7301835408943943,0.07517393888886857,0.8252264419451356,1.0,0.0,0.4,0.4,119,4435.807657304106,17582.840396159463
23,66,0.7532194398745349,1.0095235688340556,0.9692806038430535,1.1410165583970096,0.886162311895629,0.07524124168229342,0.8376060373107077,1.0,0.0,0.4,0.4,120,4196.887005988468,17115.333990306324
23,67,0.75321943187154,1.0095235608857611,0.9692805958947591,1.1406205628654247,0.7350447653846723,0.07524124180056374,0.837606017439972,1.0,0.0,0.4,0.4,121,4196.8870071563815,17115.333986195554
23,68,0.72442882563252,0.9795759443474145,0.9391138278829657,1.1194935000864663,0.7152907963599789,0.0757653754831171,0.7659365821912221,1.0,0.0,0.4,0.4,122,4256.49073727983,17125.63138918295
23,69,0.7476799414450157,0.9998682143476668,0.9697306132381069,1.1653385929492321,0.8413792501498926,0.07202295905192242,0.8277205584578903,1.0,0.0,0.4,0.4,123,4563.850172402663,17825.418608013133
23,70,0.7471079021370933,0.9927323970165479,0.9613628427105495,1.1721150539021736,0.7561396992316092,0.07184696421568733,0.8278648016839683,1.0,0.0,0.4,0.4,125,4535.835736529822,17797.52814438789
23,71,0.7459338722075455,0.9702527266420237,0.9239950440866341,1.1778102371553336,0.8070037188004544,0.07178211510415114,0.8272321752891942,1.0,0.0,0.4,0.4,126,4522.124536518944,17649.69740167074
23,72,0.7458478000363904,0.9682424525239642,0.9216256383327885,1.1850307589429887,0.7383104937414868,0.07208504183806455,0.8274478431290913,1.0,0.0,0.4,0.4,128,4579.453310467943,17819.520580544355
23,73,0.7434751165929108,0.9512132093318587,0.923736509966132,1.1938751652034085,1.0113714074670894,0.07000669886912889,0.829008868996309,1.0,0.0,0.4,0.4,129,4747.235438869533,29931.297936001305
23,74,0.7446752906084586,0.9182401444254846,0.8735571835518308,1.2161829561548334,0.762980438239806,0.06889321198058604,0.8359826725333548,1.0,0.0,0.4,0.4,135,4413.177035014863,15715.185448834492
23,75,0.7450173454678455,0.8968481428449169,0.8372466839221935,1.207282683352727,0.774587044345048,0.06748358324392674,0.8385132991727513,1.0,0.0,0.4,0.4,137,4428.569714774164,23477.3097640798
23,76,0.7448491316268281,0.9051250613583955,0.8580226279996488,1.2343539525445286,0.7455565173931787,0.0674835832439267,0.8385132991727522,1.0,0.0,0.4,0.4,139,4441.667547279473,23417.3990001406
23,77,0.7562883528048099,0.915591542104291,0.8683124084237477,1.2494493257686416,0.7541070771432994,0.0677799642636669,0.8672593597607344,1.0,0.0,0.4,0.4,140,4445.726608426453,23463.626717817227
23,78,0.7440978015557078,0.906883973697696,0.8712043568410155,1.2332756364714228,0.792318893109965,0.06632304578709926,0.8379325126668589,1.0,0.0,0.4,0.4,141,4602.902012584624,23336.935502271088
23,79,0.7437842284511984,0.9024811970359609,0.8660607643872902,1.2401833904878132,0.7502004288765057,0.06600424725266743,0.837739521568649,1.0,0.0,0.4,0.4,143,4543.610169566567,23156.10338182157
23,80,0.7439626109296944,0.9018412095324603,0.8652725930192045,1.2477156152959026,0.7383476083024434,0.06551839274932579,0.8383026848507076,1.0,0.0,0.4,0.4,145,4594.508247144937,23077.62313571404
23,81,0.7432238057005401,0.9010174613984049,0.864433484822355,1.2626493228012543,0.7347986268299577,0.06689834070621892,0.8364677058061096,1.0,0.0,0.4,0.4,148,4496.401058456317,17945.103075764684
23,82,0.7430207668262272,0.8862623415174429,0.8360721717912653,1.249313250178163,0.7592598915500992,0.06707830267648635,0.8364326494261405,1.0,0.0,0.4,0.4,149,4511.322220404983,17901.260917129774
23,83,0.7429917940596991,0.8956815595141991,0.8581743635329198,1.269645208429898,0.7475871493905035,0.06608728099583315,0.8366051057114525,1.0,0.0,0.4,0.4,150,4421.831391754333,17938.206228168652
23,84,0.7428408759507927,0.8818460592536701,0.8308900689337142,1.2562821493519494,0.7529077265563168,0.0661032227090012,0.8365700493314842,1.0,0.0,0.4,0.4,151,4436.296943903168,17894.11531266447
23,85,0.7427285321624675,0.8800090264364293,0.8287416466180614,1.2634218525545085,0.7409639553911244,0.06618273585744343,0.8365247033646892,1.0,0.0,0.4,0.4,153,4499.926671447369,17928.685677815785
23,86,0.7423541475682345,0.8942590533696799,0.8675884182055731,1.299259359123186,0.7919069735138353,0.06471402681897422,0.836627133463308,1.0,0.0,0.4,0.4,154,4529.958119019718,20527.3264589628
23,87,0.7422904860292019,0.8777990218952623,0.8371927208787588,1.294242491051918,0.7730532653095255,0.06466605257990306,0.8371398925449253,1.0,0.0,0.4,0.4,155,4466.607429709527,20882.64545279388
23,88,0.7420721526186482,0.8747673749306796,0.8336549388052021,1.2890328752644524,0.7450651938779193,0.06474823073442651,0.8369490186540096,1.0,0.0,0.4,0.4,157,4619.778097457909,20613.746013917094
23,89,0.7419147449810926,0.8701650101001623,0.8282534413459399,1.3046818158176854,0.7674300917656383,0.06436115381034012,0.8371084618019518,1.0,0.0,0.4,0.4,158,4494.3046820422,20868.183017983032
23,90,0.7417558012866139,0.9031493081624834,0.9001550526201548,1.3603591873475924,0.7350918679210496,0.06440165938376938,0.8367688207482875,1.0,0.0,0.4,0.4,167,4394.908276500246,20192.027793267494
23,91,0.7413894215081563,0.9170281382070019,0.9385695235432924,1.3805002115936946,0.7646193567787849,0.0649699476250899,0.8368352674314726,1.0,0.0,0.4,0.4,169,4513.956961889006,20410.42691504885
23,92,0.740779141952322,0.9092378989686282,0.9294926830415674,1.3872351871799875,0.7606866096786089,0.0657761679371471,0.8361418614717561,1.0,0.0,0.4,0.4,171,4654.636941371505,20284.379781063988
24,0,0.9098861010082387,0.9789142282456921,0.9263293539949745,0.010830155086930415,0.0,0.0,0.0,0.0,0.0,0.4,0.4,1,2124.762773842159,7561.0999227386
24,1,0.8852996907190155,0.9728656137595721,0.9192297386745658,0.013750107219040702,0.021520463395785425,0.06389142973715653,0.00011585981085181999,0.0001049844790755,0.0,0.4,0.4,3,2125.0724512960232,7409.764541602327
24,2,1.0275076251186779,1.280281065857361,1.228923850972206,0.38346171233126203,0.7961693585123092,0.07703419928644448,0.4765258763419011,0.42074013951917644,0.0,0.4,0.4,4,3472.168471073611,3168.487863438701
24,3,0.6539940576546928,0.9829423431633861,0.9243131680055502,0.12827120255620494,0.4080190609714375,0.10052458384203529,0.20769162695064153,0.05238346872839154,0.0,0.4,0.4,5,3174.280647310344,3475.206629698677
24,4,0.7249193132659664,1.0933742227192107,1.0438495375934123,0.2601044887875775,0.3017506134534519,0.047127991915009895,0.2696313975542587,0.2953895200414546,0.0,0.4,0.4,7,2086.229233515346,7172.404352237817
24,5,0.5718299610264335,0.9702274133621471,0.9160942913750445,0.16139596149037727,0.3177426829684444,0.07579203710305508,0.17377031367324464,0.1506569442578347,0.0,0.4,0.4,8,2575.809304881218,4339.3835071032345
24,6,0.5302605283605963,0.9412102243980228,0.8847621322999148,0.14859196784605086,0.16145929382569943,0.06082130578755607,0.14609899055587644,0.13957947814426397,0.0,0.4,0.4,10,2003.178843468933,3509.8380832873945
24,7,0.4367940652859323,0.8594705411837888,0.8005615902770433,0.0864662967036786,0.09717188566019484,0.05952317797288855,0.06686739124226812,0.050386701331839825,0.0,0.4,0.4,12,3075.88588385145,4317.883892962733
24,8,0.4057855082165629,0.8459273337640687,0.7824392527856091,0.10396278717515081,0.1533857386186931,0.06268725866990998,0.07972829727256245,0.07051244626234222,0.0,0.4,0.4,14,2051.999193033173,3925.2938733750425
24,9,0.38893535101578736,0.8308122584064073,0.7667811132796325,0.10141081021384336,0.059226699580039704,0.0622779984087227,0.0638942428888979,0.05648644969365583,0.0,0.4,0.4,16,2014.7685416642091,3828.480083862664
24,10,0.40105695668573166,0.8439383412852501,0.779582091059851,0.11626005645001383,0.07643085053297344,0.09280766659618248,0.07627713983754632,0.08166431517806089,0.0,0.4,0.4,17,2704.533712361862,3213.276585285556
24,11,0.3848313919717882,0.8281225920096001,0.7636322220277214,0.10659393655470954,0.053623883129595096,0.06158925238429173,0.06384684327172667,0.05651321284421505,0.0,0.4,0.4,18,1972.5917560835364,3739.965645991417
24,12,0.3578028422319451,0.8108272226067416,0.7426027283084087,0.11366520972306936,0.20494405149712883,0.08326029517493812,0.06307391265775933,0.06855727966113102,0.0,0.4,0.4,19,1922.5599836545207,4018.1435225425967
24,13,0.32506340590296884,0.7911064069150208,0.7350217066499783,0.09009146957489082,0.06183807687647913,0.07237253362573756,0.040298194055782534,0.02658599965290278,0.0,0.4,0.4,20,2704.954456697657,5175.635439788845
24,14,0.3139367116203852,0.7949722266241361,0.7498015104938571,0.10132667363295116,0.07415569777705416,0.06329808277779769,0.05231041186925929,0.02668654694500741,0.0,0.4,0.4,22,2858.118370957407,5368.053532739015
24,15,0.3229979748882985,0.7822830526237093,0.7106954399348119,0.11325378567546837,0.060742637612958145,0.08820881178533117,0.05491476230394021,0.054451964603680056,0.0,0.4,0.4,23,2800.261044025109,3286.968822367134
24,16,0.2996312046849966,0.7834655541054327,0.7363199050514572,0.10793638651433532,0.09514859753181858,0.06456428850097236,0.05162268653737343,0.02743781140076882,0.0,0.4,0.4,24,2911.4274315481844,4225.716803496764
24,17,0.2920545367482375,0.7565026732399596,0.6802012015696237,0.12103973606379458,0.1742843156664421,0.07203804514732536,0.05661587422007629,0.057111523679346646,0.0,0.4,0.4,25,1950.739266030728,4095.9942438633343
24,18,0.2808735899499673,0.7457679375719394,0.6687391447975826,0.12199781248403245,0.053834254684195906,0.07156725488653072,0.048542471273545565,0.04896628332420675,0.0,0.4,0.4,27,1910.8749132386224,4015.362645101524
24,19,0.2791515109184409,0.7671675725370763,0.714337689865604,0.13849544335267422,0.08520832481184365,0.06534362579824717,0.06414086025934328,0.05715330076386151,0.0,0.4,0.4,29,1929.7773236377568,4351.8568708322255
24,20,0.34479575273393037,0.8218431529434149,0.7555136639649536,0.23331519682425034,0.13851345327556341,0.0696756088830059,0.20414477475474052,0.08913359134440373,0.0,0.4,0.4,30,3030.90259175656,3147.6227673862336
24,21,0.3139266022777055,0.7906936179851306,0.7210929898137364,0.22300919701772523,0.2383169308446986,0.06266189017338579,0.17972886002972177,0.08342827236065312,0.0,0.4,0.4,31,1947.2997493241,3990.799663120548
24,22,0.3199363426687959,0.7964026991028749,0.7256969794180561,0.24018736986844574,0.1634950155041055,0.0582469690633306,0.20286896739363924,0.0906935330510074,0.0,0.4,0.4,32,2074.3618603292057,3947.634490449981
24,23,0.3048670654347994,0.7919389445285248,0.7332444970630086,0.23279168208489864,0.14737882294493473,0.05641853841642872,0.18537278374658664,0.08345957242227404,0.0,0.4,0.4,33,1987.8064659541956,4081.244409170578
24,24,0.31160147501542984,0.7869106191436844,0.7145564313863071,0.23940372023972284,0.14342308993852076,0.058398948397744156,0.2030334265600417,0.09086216857221618,0.0,0.4,0.4,34,1971.60673327024,4283.141655469237
24,25,0.2990099744941925,0.7963672745914442,0.7495128952530087,0.2408548934042564,0.12800480302825942,0.05641853841642872,0.1853727837465867,0.08345957242227404,0.0,0.4,0.4,35,1907.3615597643125,4314.771028777709
24,26,0.29521113185427567,0.7781680952068606,0.7146769884120663,0.2593602078800594,0.27374645647345885,0.05800069671318817,0.2147559616188917,0.08967217625392264,0.0,0.4,0.4,36,2763.4335621405107,3857.673794860414
24,27,0.2940396511044922,0.7875688772869636,0.7368982721180373,0.26155272841341914,0.12472417212912827,0.06165135799705691,0.21189274151027865,0.09065292654089899,0.0,0.4,0.4,37,1885.304835655492,4166.252583981286
24,28,0.2189306263757916,0.7102519461814013,0.6579219858297181,0.19303920179107997,0.12119530156394914,0.06315716173359393,0.07877171024042712,0.05470520412567591,0.0,0.4,0.4,38,2162.687263041805,5068.35642231932
24,29,0.2866861524012403,0.7777120614502065,0.7251401484916659,0.2707297471590029,0.13264484603807047,0.055948242015571456,0.2159471851805171,0.08971172256471671,0.0,0.4,0.4,39,2842.867339898271,4040.5802604877927
24,30,0.28501221725087245,0.7862344875273859,0.7460347800009338,0.2771854060315165,0.14825933402088104,0.055346092724168294,0.2179597324111035,0.09016663000923895,0.0,0.4,0.4,40,2638.371296046332,4273.116257511348
24,31,0.26723168323736657,0.7559121777732745,0.7018728147201669,0.2779948168723996,0.14315162963172157,0.05848736335724475,0.1921061221232701,0.08047496496657243,0.0,0.4,0.4,41,2074.2996872902618,3423.651193901046
24,32,0.2529515322500774,0.7390496796369906,0.6910401850917821,0.28442469613598376,0.26420778259983674,0.0635761726783778,0.2141955570801044,0.08997665768813412,0.0,0.4,0.4,43,1888.486144379227,5159.832052364252
24,33,0.24678521317909607,0.7282772468856771,0.6782938944592178,0.2902467353811249,0.20494270725532138,0.06021302537999203,0.2170588012737253,0.0889958829695642,0.0,0.4,0.4,44,2120.1319413927718,5078.997340700645
24,34,0.2251359263585469,0.6875889746351669,0.6216821120151566,0.28231231726091716,0.22736670606728918,0.05783859187681843,0.19467457293638918,0.08033969531702864,0.0,0.4,0.4,45,1768.3471057134946,4946.752135081722
24,35,0.22137630278291415,0.6914343147546629,0.637267711752483,0.2876473061407564,0.13522025690128175,0.057838591876818425,0.19467457293638873,0.08033969531702836,0.0,0.4,0.4,47,1649.7539807739013,5196.119134072264
24,36,0.23444609969651736,0.7042566137318657,0.6499585207976767,0.31102194772813624,0.13069624227180002,0.06281449028889653,0.20091510177965857,0.10807271147991977,0.0,0.4,0.4,48,1827.8201462815755,5221.771234692727
24,37,0.23065833395036145,0.7075390609005531,0.664861265252412,0.31652884956632227,0.1510921136024546,0.0629301586984029,0.20126832410436052,0.108066782964232,0.0,0.4,0.4,50,1753.2726048093282,5488.95606145105
24,38,0.24489103681729874,0.7172542854046599,0.6730836466191631,0.3312886265078151,0.20288030299763854,0.064938222954011,0.21925938701001718,0.13615623604416055,0.0,0.4,0.4,51,2032.4149413878647,2251706.113617857
24,39,0.2259389588235638,0.6864006573547388,0.6290011919191236,0.3194993576800721,0.12619724847801875,0.05684577873601737,0.21924170250686456,0.09038154364926912,0.0,0.4,0.4,55,4065.8713891843263,4609.275521499641
24,40,0.8119871786019628,1.2923023634310788,1.2794301548966298,1.0170313517166485,0.7465198848298756,0.06474691415831008,0.8214527311542821,1.0,0.0,0.4,0.4,72,5971.132478234996,4046591236.619052
24,41,0.7779171353369325,1.2524056014630667,1.237900766476448,0.9996925824373658,0.71528568183243,0.06611047836240612,0.7455450279974968,1.0,0.0,0.4,0.4,76,7176.075448750084,4046585226.72796
24,42,0.8693934754338752,1.3356456036617241,1.3290469522031896,1.1091632598848644,0.9035606521008355,0.06533036319814146,1.0,1.0,0.0,0.4,0.4,78,5881.393083869864,4046584392.120556
24,43,0.8687708244210237,1.3336521541777597,1.3267120780786525,1.1194852440990308,0.8067198374677579,0.06533036319814145,1.0,1.0,0.0,0.4,0.4,80,6142.237978822505,4046337963.655789
24,44,0.8683422929422582,1.3211173574997768,1.3009489363081457,1.1192349229180514,0.8093165065325418,0.06473933592863446,1.0,1.0,0.0,0.4,0.4,81,6048.518921682717,4046439201.283094
24,45,0.8655239875135434,1.3232421079446057,1.3145192766877019,1.1150070825461353,0.862684446757767,0.06591859098117964,1.0,1.0,0.0,0.4,0.4,82,6124.252928889689,4046323597.309185
24,46,0.8653367935935528,1.3226556987053262,1.3138324100528194,1.1289749276786352,0.8042534417294318,0.06577830999369903,1.0,1.0,0.0,0.4,0.4,83,5982.2671444762045,4046401671.029397
24,47,0.8635771003988548,1.316818789714587,1.3069960923141406,1.135436995569636,0.8405653989917172,0.06755534945059957,1.0,1.0,0.0,0.4,0.4,84,6260.037889952151,4046190521.395648
24,48,0.8611720900285069,1.3198317022579749,1.3216067062540164,1.1383301832862909,0.8571985781604735,0.06683206685816845,1.0,1.0,0.0,0.4,0.4,85,6240.967104392025,4045969318.487512
24,49,0.8605263067542185,1.3066551037478475,1.2950915413174426,1.1310325978936424,0.8078599739280591,0.06475441657727987,1.0,1.0,0.0,0.4,0.4,87,5895.431624514428,4046590008.611654
24,50,0.855987561493184,1.3010886610593064,1.2996538108171913,1.1508506430528902,0.8575933172514109,0.06712086248751345,1.0,1.0,0.0,0.4,0.4,89,7651.388029843653,4045944680.107667
24,51,0.8552460056569532,1.2982745805699367,1.2963577958378822,1.1681871602053386,0.8065512217005021,0.06743699413743084,1.0,1.0,0.0,0.4,0.4,92,7775.042848452518,4045961843.3479815
24,52,0.7043797201239658,1.137318211116979,1.1330846029314525,1.026592318690549,0.7470739202132421,0.057395418786523024,0.6314306139138248,1.0,0.0,0.4,0.4,93,4956.155075461031,676915.8325452679
24,53,0.7035925451930904,1.1228860405607484,1.10509486977173,1.0328237001273197,0.6757235987046865,0.057386126142203196,0.6314887254237921,1.0,0.0,0.4,0.4,94,4999.194611445635,676936.070335693
24,54,0.7031575210452431,1.132114395730408,1.1269792267967578,1.0261655630370323,0.6594433775321515,0.056913443395905816,0.6315806629606415,1.0,0.0,0.4,0.4,96,4878.408501855154,678283.6769945321
24,55,0.8491751753862581,1.2513987698228335,1.219290611383482,1.1804777789343817,0.8396454761514306,0.06605099240992195,1.0,1.0,0.0,0.4,0.4,97,8453.617642612677,3532952289.672765
24,56,0.8477251293239714,1.2675428042414656,1.2603630445803216,1.1870398231627861,0.8437437125097322,0.057069548624261335,1.0,1.0,0.0,0.4,0.4,98,4991.18351734057,677161.2650288658
24,57,0.8471746282360083,1.2763233850345115,1.2817288750780662,1.227133355095336,0.8021165676855004,0.057245958149415556,1.0,1.0,0.0,0.4,0.4,106,5159.614469870538,675341.6087795502
24,58,0.7470884128774067,1.1569671694850105,1.1475996619361266,1.1138467299537411,0.738338206638979,0.05787681256941617,0.755495854166613,1.0,0.0,0.4,0.4,108,4789.047639441517,670843.643952361
24,59,0.8443497813825439,1.2971580095082071,1.339376722989993,1.2558172263310334,0.808799251479255,0.05821908216105737,1.0,1.0,0.0,0.4,0.4,110,4516.78271734394,670687.853515452
24,60,0.8393025617361515,1.249662109457644,1.26158349924299,1.2350645661834379,0.9746881043085226,0.05840968304247618,1.0,1.0,0.0,0.4,0.4,111,4427.324760965431,669945.12591434
24,61,0.8391006465944475,1.2485855441574274,1.260322493989917,1.2531023237039305,0.8037054643817587,0.058796307364933874,1.0,1.0,0.0,0.4,0.4,113,4615.840938799073,668682.6667116693
24,62,0.8388537609587514,1.2584857733784738,1.2829998539391356,1.2571624898413927,0.8091100040420833,0.058778189552521065,1.0,1.0,0.0,0.4,0.4,114,4598.42696333278,668771.2579176194
24,63,0.8371264124593875,1.2379371730031206,1.2478505628067622,1.2561280368416088,0.8652576766313305,0.05729299550120074,1.0,1.0,0.0,0.4,0.4,115,4536.942881525967,668984.8711546003
24,64,0.8339152612112131,1.1858493295829358,1.1535970801475202,1.249268195597255,0.8645348511337645,0.05249139800688109,1.0,1.0,0.0,0.4,0.4,117,4257.93000547248,668969.0498560945
24,65,0.8329859026490953,1.2026081533964508,1.1953895815953337,1.2612936760802258,0.8394292250346052,0.05308120002314639,1.0,1.0,0.0,0.4,0.4,118,4111.752273073995,670868.3206719967
24,66,0.8303401508053502,1.1745106025953311,1.1513983588952967,1.270332746103304,0.8590070273549092,0.053110154109354255,1.0,1.0,0.0,0.4,0.4,120,4285.95295039033,670458.8549485415
24,67,0.830286083653123,1.1741486701289887,1.150974480555467,1.2776228434603094,0.8012529956632319,0.05309068112757872,1.0,1.0,0.0,0.4,0.4,122,4289.171830598114,670831.6851849547
24,68,0.8261587966147721,1.1897380947598006,1.2135604455105704,1.2949947765344976,0.90215164411737,0.07418895305391619,1.0,1.0,0.0,0.4,0.4,124,4081.8885461464647,685263.93788924
24,69,0.825795779294625,1.2205621920763803,1.2829086479186458,1.3213651580464676,0.8193114318026474,0.0631665241665547,1.0,1.0,0.0,0.4,0.4,125,3900.4921606398057,697775.0526126759
24,70,0.8228981462465839,1.1860744902150437,1.2314330198077168,1.3268461495688624,0.8816768639754982,0.071283260448498,1.0,1.0,0.0,0.4,0.4,127,3920.645211243986,698469.1532725493
24,71,0.8178463038977388,1.1608447028482307,1.2240457914589433,1.3495210150792456,0.883319257005168,0.07883080895161153,1.0,1.0,0.0,0.4,0.4,131,4017.141815997743,684387.2868223322
24,72,0.8173301975742507,1.1327550164275797,1.1689821578714534,1.329694259758498,0.8096047059142504,0.07573182628454109,1.0,1.0,0.0,0.4,0.4,135,4039.493772802787,682098.9291684153
24,73,0.8162931279197552,1.1102888749362623,1.1315869020805605,1.3363385415179971,0.8801661376808307,0.07527501377642712,1.0,1.0,0.0,0.4,0.4,136,4033.0235791594887,682034.9497940248
24,74,0.8157773074739498,1.1041534614173067,1.1244007206719169,1.320331021060772,0.8207254514072828,0.07587249400182065,1.0,1.0,0.0,0.4,0.4,138,4026.0323271675247,683916.9246266135
24,75,0.8156206795609215,1.11350626137183,1.1464368826123401,1.331748929090793,0.8064038343451811,0.07587249400182065,1.0,1.0,0.0,0.4,0.4,140,4019.690416837524,683690.6605422124
24,76,0.8152354996672873,1.1090890440204424,1.1412632703119416,1.354321824300906,0.8005697704786892,0.07535810772641703,1.0,1.0,0.0,0.4,0.4,148,3997.721011658496,683182.0684993116
24,77,0.8146224195105127,1.1126551986333073,1.156521840692347,1.3653416699051988,0.8287588269700961,0.07535810772641702,1.0,1.0,0.0,0.4,0.4,150,3978.8011077348174,682518.6319812613
24,78,0.8146816384833437,1.1694209807138893,1.2784177684550788,1.4869486913329304,0.8011325331450878,0.06294785101754813,1.0,1.0,0.0,0.4,0.4,165,4815.991958077461,690057.2241479092
24,79,0.8144011879010061,1.1771275606786107,1.2985258744918546,1.4870519054681601,0.8244141045092981,0.06231698005758324,1.0,1.0,0.0,0.4,0.4,166,4777.829997220646,690100.3137527306
24,80,0.8131831603500319,1.1612724567597983,1.2799554100983568,1.485586851040091,0.8553330238776468,0.05247312337657252,1.0,1.0,0.0,0.4,0.4,168,6890.348041108404,689971.1726011606
24,81,0.8127806859114048,1.155780383756122,1.2735227610201476,1.5008590187223265,0.8095908160201672,0.05285476375594905,1.0,1.0,0.0,0.4,0.4,172,6827.719567278378,690162.3139749303
25,0,0.8421810475177594,0.9616544775892938,0.9061137692088738,0.009242125085512311,0.0,0.0,0.0,0.0,0.0,0.4,0.4,1,3237.0552683094347,7240.456033468433
25,1,0.8246074294366889,0.9570135578996867,0.9006628418126806,0.012292402393880677,0.01660691010691374,0.06827739844044386,8.620034091585e-05,0.00013585291659822,0.0,0.4,0.4,3,3244.8803463103936,6944.340059159947
25,2,0.8015865325319078,0.9552644474102274,0.8975279168534895,0.020207527540247384,0.06294598921164452,0.05603365044481361,0.0097072877844306,0.00637182576862669,0.0,0.4,0.4,4,3017.6042982169524,7200.843307478581
25,3,0.6018691516477584,0.9355148347853433,0.8903303849229821,0.06935604238228603,0.31705223537205895,0.07985209712236543,0.042007809012975086,0.06500551395103796,0.0,0.4,0.4,6,1714.1053662856702,5718.670433599636
25,4,0.48714892581455416,0.8718431588818784,0.8051358915764845,0.057790062207339524,0.2138762100634291,0.07475061938865055,0.03938207181972314,0.06086888380834367,0.0,0.4,0.4,8,1210.9302446791694,3805.4009682973456
25,5,0.6155404193498607,1.0299865498109761,0.9879933512708314,0.22874197902124266,0.23584510382198903,0.07357325292495645,0.1791772876686379,0.2792007149437022,0.0,0.4,0.4,9,2406.015294633582,3069.419693465624
25,6,0.4311942106495231,0.8364931360955726,0.7659184686331075,0.04868858115616051,0.13256873517301881,0.08389010697904234,0.02682124978877093,0.04151149757353706,0.0,0.4,0.4,10,1162.6549624282163,7832.355860043679
25,7,0.5058790018546722,0.9595858074230341,0.9245918407822254,0.19091086757762232,0.2764459983047257,0.08157645162503398,0.13058786735905142,0.21138318675514967,0.0,0.4,0.4,11,2351.2554912424644,2381.1279821088083
25,8,0.43356942055231723,0.8949701132448836,0.8578308119528938,0.12966082925719846,0.1720435430034838,0.07473713259681142,0.08600629028418355,0.12574243171644664,0.0,0.4,0.4,12,1345.006502858827,3943.413312980926
25,9,0.48801249325123064,0.9634349727640685,0.9384262866555777,0.21969142679118558,0.16477843772934497,0.07216565799339947,0.15581920489682866,0.21177877682329357,0.0,0.4,0.4,14,2300.124031950435,1866.0407113092283
25,10,0.4146375946204017,0.9139319768246832,0.897026124962772,0.19547642709772511,0.21480215417418408,0.08565018537537145,0.11561540330317924,0.17171083843929497,0.0,0.4,0.4,16,2445.8113971338557,1603.130646520658
25,11,0.3889712790629814,0.8889608216544722,0.8717120042203395,0.1831107547298211,0.09895952792911773,0.08483100838848076,0.0925117212367973,0.13739461877303238,0.0,0.4,0.4,18,2446.289897567244,1564.903429038285
25,12,0.38740655168075333,0.887806820367739,0.8703485461466036,0.18552485036838634,0.10056154181377933,0.08458441691455752,0.09254945658170446,0.13752873070642768,0.0,0.4,0.4,19,2456.6222313731128,1353.191078445905
25,13,0.34860151643091586,0.8581288250134634,0.8333899967583831,0.197573644163942,0.4018059142876485,0.05111524238856522,0.14576238048226675,0.11640236409577184,0.0,0.4,0.4,20,1463.9779786800896,25122.53828588592
25,14,0.3291120023694114,0.838793965052296,0.813782904071238,0.1796782436176725,0.09820184965159187,0.057420231832066036,0.11756402821167362,0.10023678824795099,0.0,0.4,0.4,21,1432.830565336963,19909.68245475322
25,15,0.32919150096111627,0.8388938982984482,0.8138518324817339,0.18825247829453595,0.08868913722559754,0.05071398832238525,0.12148220449041433,0.097021929197474,0.0,0.4,0.4,22,1460.7095734195962,24958.71983976812
25,16,0.34679464466196136,0.8567353225387622,0.8312222231926824,0.2142321899524252,0.12718407819744268,0.05100196565568856,0.14977125187755716,0.12021221896526084,0.0,0.4,0.4,23,1504.9041016333338,24833.03894459881
25,17,0.2736592496486443,0.7841729371693026,0.7543360773981351,0.15499999040077705,0.23707793680803924,0.05964434723003884,0.08031472158365816,0.07138127768668759,0.0,0.4,0.4,24,1649.7806952559422,15338.430795720822
25,18,0.25632560234398255,0.765163645805684,0.731680741019268,0.15892283179863526,0.13730417630693378,0.053857345718916226,0.08115034544843543,0.07624761211710274,0.0,0.4,0.4,26,1473.7125168070038,14002.828904872244
25,19,0.2546467134586391,0.7744396825682436,0.7536272717194115,0.1704140918511991,0.06966343289831696,0.05385734571891628,0.08115034544843595,0.07624761211710254,0.0,0.4,0.4,28,1515.9418497280417,13690.091166832592
25,20,0.24337000987513724,0.7515648591649209,0.7172512974414177,0.16994453976287618,0.07461976507881937,0.05521213005089477,0.06972890419456096,0.06579733728591755,0.0,0.4,0.4,29,1478.256553778314,13898.181636065165
25,21,0.23607152677410687,0.7421929399724514,0.7057179449680607,0.17156101400467472,0.14560537750557578,0.05220388490336355,0.07312288480263382,0.0705259660305477,0.0,0.4,0.4,30,1575.555739906113,12592.948527732768
25,22,0.23966900110152733,0.7561688223619398,0.7319700898977551,0.21141453531337562,0.07431107250504787,0.06320479219593891,0.0726187275782247,0.08853569448363034,0.0,0.4,0.4,33,1521.419657501713,15218.51068406196
25,23,0.38080158282405396,0.8933564439078135,0.8662440557878663,0.3762312868091615,0.3375538149277211,0.06708584771391043,0.13462697978339158,0.41202954470612563,0.0,0.4,0.4,34,1918.302602093187,112266.56078794456
25,24,0.3674524857167273,0.8464785839598366,0.7873441575086632,0.3746666986528233,0.3520896333542808,0.06934103523025222,0.16105472628987988,0.41231975454691394,0.0,0.4,0.4,36,2368.7029998019552,106906.32589367084
25,25,0.32497086046548673,0.7921850205162964,0.7197695060136196,0.3391622211238774,0.1993396059794431,0.0736306114952013,0.12449077581860084,0.3452569844958321,0.0,0.4,0.4,37,2304.9000537165707,77889.92370708828
25,26,0.3474557788972493,0.787865283759617,0.6875110851296433,0.3403862146126709,0.2963233873301875,0.06694656491617819,0.1517068682839115,0.39154941840874047,0.0,0.4,0.4,38,2463.3889059877506,102284.63091575002
25,27,0.5261686879875189,0.9764950884104988,0.8886009656339351,0.5206774069232935,0.4199255556061373,0.0919415327215113,0.1874548897424234,0.8072542072896841,0.0,0.4,0.4,39,6141.29497947752,113244.80271085208
25,28,0.4861000199479207,0.9687739367839389,0.9193604151514746,0.5185041438118198,0.3702146823838755,0.08586327362187529,0.18013420613850778,0.718843483445121,0.0,0.4,0.4,41,5407.386482351596,111974.49880609596
25,29,0.5230619362760698,1.0036927059246181,0.9534567328753284,0.5608747648981487,0.4329027709139899,0.0923873525141936,0.18692379484433233,0.8113568201648697,0.0,0.4,0.4,42,5929.044996454891,112230.7253537212
25,30,0.46701544755557867,0.93286163955801,0.8772437886219033,0.5216644737709508,0.5793677181511293,0.07426099673433523,0.18183940817664399,0.7179278469720811,0.0,0.4,0.4,43,5294.63272662964,111859.49408694512
25,31,0.4665707567746364,0.9431591909575071,0.9003867585865147,0.540427031436604,0.36306127070219485,0.07426099673433514,0.18183940817664296,0.7179278469720834,0.0,0.4,0.4,45,5315.266354346696,111990.30341631736
25,32,0.36311640585682514,0.81773055506493,0.7584748766661948,0.4415427534218126,0.40825661499707755,0.06203511088662104,0.24377507370202398,0.42126912673932015,0.0,0.4,0.4,46,2441.638454511159,73009.85488979473
25,33,0.42157064997845245,0.8577132248255779,0.7930225632227783,0.5166040078151899,0.4484570584639573,0.07023083893622498,0.2533514939388204,0.5909898671194664,0.0,0.4,0.4,48,3469.0624515408263,109571.57017751092
25,34,0.579767908404786,1.0118190327782994,0.9459803349204734,0.676820095625543,0.5460989040299142,0.056781939381815014,0.513614391320212,0.7327498860214119,0.0,0.4,0.4,49,3003.886296527662,130853.94494200851
25,35,0.6039267862604558,1.0486332420792785,1.0061690478521281,0.7213048630304888,0.6350921510883051,0.10667394099960703,0.3207233232552413,1.0,0.0,0.4,0.4,50,3935.397033424358,79434.73875217982
25,36,0.589821935623583,1.0320180705114126,0.9888962527171473,0.7178743581246047,0.5287874195293691,0.10683849612394103,0.28878592227485705,1.0,0.0,0.4,0.4,52,3904.4068052759008,79574.95245218955
25,37,0.5784397166237403,1.0076828671782359,0.9511020150034308,0.7104516303304202,0.5238601770132003,0.1066480024400066,0.2626512024069627,1.0,0.0,0.4,0.4,53,3784.477507459886,77275.50688324754
25,38,0.5881753544052029,1.0269469679446122,0.9829342056527289,0.733886964373986,0.5330417181477545,0.10639411427309595,0.2891130302336221,1.0,0.0,0.4,0.4,54,4054.56372079033,80006.2923852928
25,39,0.4113590885628875,0.8531706634947406,0.8200173666843751,0.5570428929572571,0.38917291551717215,0.04756201805689578,0.2885499338771776,0.5693668195869914,0.0,0.4,0.4,56,2226.976146972226,72693.84874112983
25,40,0.6034835405676531,1.0437805727374134,1.0103003951341574,0.7658732080057724,0.5443213668162186,0.08662305211969852,0.34305433354449527,0.9961588203932029,0.0,0.4,0.4,57,4225.063547683289,88165.09763863377
25,41,0.40690359802537857,0.8148404466353242,0.7735765738899042,0.5747709874864169,0.6699631983212446,0.05417458292907967,0.2655970460407945,0.6148915584036729,0.0,0.4,0.4,58,3073.6734083669426,93429.513178658
25,42,0.3942575845815073,0.7924782619475259,0.7489920730578192,0.5641796606649065,0.3879682416708973,0.05699949469016875,0.2660694956396342,0.590955498753719,0.0,0.4,0.4,60,3156.195437989155,109276.32890060004
25,43,0.3348050573191298,0.719934352481689,0.6630204723406512,0.5118670994268232,0.3013724827761952,0.057224597236495436,0.2295531042086784,0.4803585015763928,0.0,0.4,0.4,61,2605.978486533913,94107.2156827296
25,44,0.5681022057307165,0.9616748575538859,0.9381937239731947,0.7596077538622482,0.7522404912026329,0.10034411841799784,0.31152315766105787,1.0,0.0,0.4,0.4,62,3964.917147612468,75597.04789632442
25,45,0.5664854174216083,0.9489399869111876,0.9230700907566506,0.7763210864461335,0.5745108485149879,0.09619078006104888,0.31455895207620715,1.0,0.0,0.4,0.4,64,3796.593708197685,79261.50858553253
25,46,0.5653350477561553,0.9359814570316678,0.8969849793492402,0.7682629428737379,0.529467248572552,0.1004482295078764,0.3120109431391218,1.0,0.0,0.4,0.4,65,3914.4893259976234,75853.94027486455
25,47,0.5537108990305027,0.9331097233606832,0.9065901743966751,0.7674323248261713,0.5355159629717817,0.09545595501369739,0.2844662828441812,1.0,0.0,0.4,0.4,66,3750.969556857293,80702.03941230473
25,48,0.5512657632547223,0.9266636551953678,0.8992989331473404,0.7790333331902194,0.5293269121136446,0.0997935311525214,0.28069006893873144,1.0,0.0,0.4,0.4,68,3903.404648497101,76388.09409093318
25,49,0.5508245501634477,0.9358670112593953,0.9211734163669129,0.7891737621061815,0.5256774238343028,0.09708278738527236,0.28049682706888823,1.0,0.0,0.4,0.4,69,3828.449106039076,89444.17209677426
25,50,0.5507160034903746,0.9240812886042518,0.8962875285036478,0.7821201812673473,0.5162120938048145,0.09951903388374164,0.28049445576103216,1.0,0.0,0.4,0.4,70,3786.6026656104714,76181.91599275882
25,51,0.5189635498911671,0.8983727573856561,0.8824953896225608,0.761276212553776,0.5259209061822955,0.08883223937726749,0.2581807698855673,0.9458606889305059,0.0,0.4,0.4,71,3201.792610436048,81717.03797248681
25,52,0.5212231101738636,0.8654402689781124,0.8102309920853124,0.746512623280158,0.49094902143483266,0.09652460060927356,0.2550418543562508,0.9555209233152959,0.0,0.4,0.4,73,3808.473820541233,88910.36953338221
25,53,0.5198137750788367,0.8789408825352003,0.8588658359119943,0.7816243778002856,0.5261552217111418,0.09921670031820692,0.2552873460596371,0.9614503444271492,0.0,0.4,0.4,77,3397.0232454085044,75236.20468928386
25,54,0.5417086169800319,0.9010857547257071,0.9025269883131722,0.8191245326000565,0.6039920797089675,0.0977109938231273,0.2815473854127835,1.0,0.0,0.4,0.4,79,3443.506256090664,76617.10388956292
25,55,0.5405572062270546,0.9038413818413021,0.9168259793511438,0.8290108119934922,0.5720784520244434,0.09736485939203707,0.28169744848186096,1.0,0.0,0.4,0.4,80,3340.136959099816,76445.90702640833
25,56,0.5405473721436973,0.903771115311464,0.9167436314693346,0.8360415424688614,0.5131686381181894,0.09736485939203707,0.28169744848186096,1.0,0.0,0.4,0.4,81,3346.699639465021,76515.52369154622
25,57,0.5155469771277291,0.8499352112212548,0.8356307117974289,0.8007653167177009,0.5407550342669112,0.09906835790586628,0.25659178575819447,0.9651651147992307,0.0,0.4,0.4,82,3278.554142823444,76294.1266441958
25,58,0.5154310946717795,0.8602785811852217,0.8588271586733358,0.807691056481761,0.4917029020660323,0.09906835790586628,0.2565917857581937,0.9651651147992364,0.0,0.4,0.4,84,3289.2388575032137,76413.11634782868
25,59,0.5171494971996135,0.8718430395537726,0.8831234320313217,0.823737912853221,0.5015853241344405,0.09755471430197676,0.2590947651195564,0.9674843420547443,0.0,0.4,0.4,85,3304.89619731152,76144.81399165312
25,60,0.5385224813433199,0.8457538757717364,0.804509750642643,0.8239650311456701,0.5337094044528092,0.09703563966022036,0.28102385925850115,1.0,0.0,0.4,0.4,86,3134.246174869618,76267.69397188054
25,61,0.5102872649661633,0.8373275932368333,0.8215713023416781,0.8277497015730915,0.49519240056357716,0.0974963989598988,0.25560118049108016,0.9558303256438523,0.0,0.4,0.4,88,3083.255978100974,75849.25475470399
25,62,0.510910523669279,0.845279958838826,0.84176336016677,0.8501005476549117,0.5165072097470503,0.09621050132336664,0.2571744158433638,0.9572330055851976,0.0,0.4,0.4,89,3171.0408775687,75748.70372490735
25,63,0.47619138288809404,0.8085198111706986,0.804602887750804,0.8083190285027282,0.4594936849983803,0.09913996594247364,0.2385315091065121,0.8898191197693883,0.0,0.4,0.4,91,3343.136458811235,76771.19175771462
25,64,0.5090247566722321,0.8403639361028516,0.8362532283695665,0.8519023080602026,0.49222680807772645,0.09710315149659582,0.2555545752568682,0.9552358332701356,0.0,0.4,0.4,92,3156.3532639219693,75777.74767109884
25,65,0.5202879947638844,0.8672139293948057,0.8877715328635465,0.8744198121931757,0.523715402067269,0.10090772669488508,0.2644153024952239,0.9769354216150852,0.0,0.4,0.4,94,3337.143604865852,76473.7365852696
25,66,0.5278430776408705,0.8627315940323455,0.8701261925561649,0.8856040480433466,0.5075217697974465,0.09653322445383494,0.2605253293834403,1.0,0.0,0.4,0.4,96,3332.7795206430974,76538.4946887948
25,67,0.4984613946062572,0.8332845061390546,0.8406664021253003,0.8672729056434791,0.47509697478620916,0.09632877072948298,0.23888825742581105,0.9482052764365643,0.0,0.4,0.4,98,3331.049327966031,76735.15495051947
25,68,0.5373048247670849,0.8904255225964297,0.9230089162494218,0.9198606281751355,0.5468509778877406,0.09585707748721128,0.2855973803433767,1.0,0.0,0.4,0.4,99,3366.7793417441326,76500.61621991858
25,69,0.535692465439151,0.8941795933913609,0.9386317925408885,0.9369748358402025,0.5210909011641895,0.09653233602441427,0.28349244101908216,1.0,0.0,0.4,0.4,105,3194.710266443,76098.09847509561
25,70,0.7124594014532033,1.0706012350660394,1.1149866530312162,1.26982938403104,0.6903381103073778,0.09930053384190092,1.0,0.7255214719366796,0.0,0.4,0.4,126,7447.279968169333,99655.08876575256
25,71,0.6900791554798505,1.047695974778215,1.0919798861880756,1.2598140354459333,0.6699668375768753,0.09993659485493714,1.0,0.6697405859706325,0.0,0.4,0.4,128,7499.840196831197,99536.28909286548
25,72,0.7122028912826385,1.0792884070158832,1.1362373781135613,1.2856994130504775,0.6970820056020474,0.09873374180413405,1.0,0.7256072265792148,0.0,0.4,0.4,130,7535.223745631801,99801.7193240304
25,73,0.689793635004277,1.0456666577980502,1.089613551904091,1.2756493495583736,0.6678985344431665,0.1006309968002919,1.0,0.6695868054328333,0.0,0.4,0.4,131,7450.189151486811,99772.07177147872
25,74,0.6898615546658706,1.0442206683109183,1.0878752775813663,1.2782741758474612,0.6800155099892143,0.0991881879557618,1.0,0.6702382581191477,0.0,0.4,0.4,132,7521.07968879779,99577.69739814918
25,75,0.6886791269503378,1.0423425962033046,1.0858630080690728,1.2845486411385663,0.6697394163096989,0.09904131067452607,1.0,0.6675023343755194,0.0,0.4,0.4,134,7368.450854433499,100088.24299915126
25,76,0.6900275073814423,1.0436751916150142,1.0871926492131356,1.2896176587441568,0.6684739407196061,0.0990811552732494,1.0,0.6708782737509196,0.0,0.4,0.4,135,7549.082126155356,99618.16319324845
25,77,0.7106026027180634,0.9819206538184907,0.9336778761851398,1.247080667780636,0.7219454061551618,0.10487240449895951,1.0,0.7236068000764762,0.0,0.4,0.4,136,41081.36050736709,91350.0297731982
25,78,0.7100787166174543,0.9645439195808561,0.9130799726250391,1.2285880941798835,0.8205948318036111,0.10668334393434209,1.0,0.7271888307400514,0.0,0.4,0.4,137,40319.730345049225,90278.3028887034
25,79,0.7069382473281313,0.9646683044945251,0.924691337433014,1.24151149124582,0.7520531002961391,0.10547825331050178,1.0,0.7215856934295386,0.0,0.4,0.4,138,40953.70341795286,89353.95315826559
25,80,0.706508963030969,0.9343272868149863,0.8778224965539068,1.2432622067210934,0.832239715701552,0.10599236722830815,1.0,0.7252322052913295,0.0,0.4,0.4,139,40674.436899773,89779.93850907733
25,81,0.704782169929777,0.9248205475867424,0.8668565386340914,1.2451264240824351,0.748628167361007,0.10450158317788971,1.0,0.7227675704027038,0.0,0.4,0.4,140,41184.4725074926,88766.15852411023
25,82,0.7033832668778289,0.91770046454279,0.8586668954484502,1.2436761490219697,0.7318456061814976,0.10626987591733435,1.0,0.7205837143784999,0.0,0.4,0.4,141,41221.90268842475,89022.18039939457
25,83,0.7047307526025661,0.9145970024377634,0.8547330232013125,1.263139762278974,0.723846742472511,0.10331396376841732,1.0,0.7249473177489074,0.0,0.4,0.4,142,41052.32787141823,89495.15290303683
25,84,0.7153303714311507,0.9234247887936535,0.8632302599944703,1.2730786067883062,0.7075611321245576,0.10666348725923261,1.0,0.7518414100912458,0.0,0.4,0.4,144,41736.19698977387,97483.3133123564
25,85,0.7074635762749453,0.9128291305177869,0.8521263249210617,1.2767289487131324,0.7138662201937676,0.1050665050420789,1.0,0.7327682897009493,0.0,0.4,0.4,145,40775.18774562548,90200.84069794782
25,86,0.7068392360038322,0.9116616265794111,0.8508582739065247,1.2833501717298061,0.6964232188067951,0.10493508618213447,1.0,0.7313181174251009,0.0,0.4,0.4,146,41267.175502080165,89738.67560542873
25,87,0.7072388183254052,0.9064477339424961,0.8446013030635313,1.2836789415897538,0.7361759885095207,0.10485989676265131,1.0,0.7335133569867779,0.0,0.4,0.4,147,41022.95063256605,90167.849938436
25,88,0.7070340886293633,0.9019064993276661,0.839255594886782,1.2906737126470516,0.7100683373424894,0.10453478325436971,1.0,0.7339029872426769,0.0,0.4,0.4,149,41076.98750659289,90023.13585542935
25,89,0.7686591424801443,0.9383745811070339,0.8492146835285911,1.3074768008950013,0.760473485155595,0.11213018809824489,1.0,0.8885101054688496,0.0,0.4,0.4,153,41458.25967231474,89984.63407281633
25,90,0.7684927956829763,0.9381768205538763,0.8599425707023993,1.3201633478130197,0.7984218005066103,0.11140859879051268,1.0,0.890290818066046,0.0,0.4,0.4,155,41682.15466043947,89807.35147272205
25,91,0.7092276225283779,0.8961235167723071,0.8429338593660777,1.313080653049052,0.7362735349902547,0.10358958355281464,1.0,0.7431019292330201,0.0,0.4,0.4,156,39495.39284750841,93453.6335292648
25,92,0.7700538447238194,0.944220239371568,0.8777492573332004,1.3547780682287347,0.7639437772026614,0.11214760829087107,1.0,0.8954504964056799,0.0,0.4,0.4,158,41617.9080726156,90670.20720585898
25,93,0.7083463949624598,0.8943442670651272,0.8519334627925603,1.3432211344995415,0.736905449948587,0.10315152181356022,1.0,0.7430745270947102,0.0,0.4,0.4,160,39567.976411846204,93389.518917756
25,94,0.7075245490821609,0.8964656395208915,0.8655447814426349,1.3628160453985703,0.727625918178866,0.10273021451377931,1.0,0.7424181255573639,0.0,0.4,0.4,162,39695.51814533802,92455.28448332495
25,95,0.7076443521999245,0.8903381538646613,0.8582772579897731,1.3663666363653462,0.720744062144501,0.10315630532369209,1.0,0.7437419791712051,0.0,0.4,0.4,164,39740.38760741388,92740.96238048354
25,96,0.707557054810282,0.8729016006788538,0.8267209493246221,1.3561613718821863,0.7206231613434347,0.10234599523895638,1.0,0.7445001456930861,0.0,0.4,0.4,166,39961.73572384372,92884.04792488892
25,97,0.7080590469480683,0.8726060300872844,0.8262800714879137,1.367449124140233,0.7013472296890462,0.1028375504856911,1.0,0.7458811826447932,0.0,0.4,0.4,168,39837.81554395567,92784.7832872245
25,98,0.7083182602214757,0.8951530216907192,0.8748062399735853,1.394896996053903,0.6994416826776415,0.10237069884905114,1.0,0.7465466225135555,0.0,0.4,0.4,169,39933.42794732207,92541.86510458682
25,99,0.7083788626979859,0.8800591283960109,0.8459936286315501,1.3957799664591715,0.7062461655177004,0.1024330716062816,1.0,0.7473071768459769,0.0,0.4,0.4,173,40110.99162562921,93332.4126835466
25,100,0.707516723133192,0.8964698765261423,0.8874728814798618,1.4157372588557404,0.7173856026262504,0.10235496538358883,1.0,0.745925802907068,0.0,0.4,0.4,175,39766.06480270287,92527.58079427623
25,101,0.7076432503145036,0.89350217883506,0.8839439070229401,1.4487126615027854,0.7015418912725983,0.10199939393839057,1.0,0.7466991915499934,0.0,0.4,0.4,183,39913.27164674499,93052.71483529329
25,102,0.7076445308445176,0.8925361604976353,0.8828026275824506,1.4810745232709626,0.6997572254856903,0.10412786776579981,1.0,0.7468434886545408,0.0,0.4,0.4,190,39687.681032583336,75900.76099504325
25,103,0.7077594840035211,0.9088081607451187,0.923943619060548,1.5135604546686863,0.7069087938951812,0.10226162781995307,1.0,0.7480284850782001,0.0,0.4,0.4,196,40645.51371577692,77519.73203470033
25,104,0.7077322420549175,0.9023569587944567,0.9163310691640407,1.5101842080215515,0.7469027395399933,0.10202683149568711,1.0,0.7488537764668617,0.0,0.4,0.4,197,40701.39810311983,77866.3483546447
25,105,0.7075569958294644,0.8836406082500918,0.8832902002181678,1.5023129336020578,0.753802372007321,0.1021073454720209,1.0,0.7494026238182963,0.0,0.4,0.4,198,40542.97381928458,77694.14170013994
25,106,0.7065243243470055,0.8899794356873335,0.901938911005367,1.5158712256386189,0.7270406167954804,0.10242958524096339,1.0,0.7473210420032006,0.0,0.4,0.4,199,40584.12144563886,77150.43607323756
25,107,0.7065361351472184,0.8864856073063159,0.8978138753770033,1.5300222889069421,0.724865498828136,0.1028896957991238,1.0,0.7478006185582246,0.0,0.4,0.4,200,40445.36977172208,77275.18208533643
26,0,0.8052897141889848,0.9516586790490768,0.8944061313542546,0.008323050242275802,0.0,0.0,0.0,0.0,0.0,0.4,0.4,1,3938.899918891793,8769.411063151392
26,1,0.7829889772856611,0.9454414018147119,0.8871124861255447,0.011208282838501626,0.02201700961461528,0.05331175859089328,0.00010936365514201,5.996254056922e-05,0.0,0.4,0.4,3,3888.380323787266,8647.727209257946
26,2,0.7511128526304526,0.9404527187040431,0.880224012092193,0.018610880185692603,0.08365173711207798,0.01895330672316009,0.014954875354846511,0.00047622433905994004,0.0,0.4,0.4,4,3929.543855938603,8728.805583119029
26,3,0.4876410168897285,0.871724639750509,0.8051213294637839,0.043991152324116614,0.8295555424076375,0.0651872119990073,0.06357827762731869,0.034859067636288946,0.0,0.4,0.4,5,3335.5607019116264,6475.021477113614
26,4,0.38649534788728346,0.81784904313832,0.7405969903536043,0.05120576211918611,0.2648125951396238,0.09511033295468148,0.057785033478889546,0.061412630689124434,0.0,0.4,0.4,7,2648.633822893513,7307.2764478691
26,5,0.3740030767194127,0.8256430689213536,0.758027422561441,0.07199356061505703,0.1325161249544163,0.09421569907935387,0.08399851826057507,0.0757851125034934,0.0,0.4,0.4,9,2822.2793680469176,6702.21374838161
26,6,0.3502630904173219,0.8025985918152363,0.734680537959177,0.05973850879990869,0.04880279145574743,0.09347979238984674,0.05602831674762802,0.050559287025021174,0.0,0.4,0.4,11,2802.8915417518883,6559.890947091371
26,7,0.3654055655674213,0.8306730842379321,0.7749646633980949,0.08692194644580839,0.07487560304957652,0.07149771647556613,0.09336298029444325,0.06694480792908827,0.0,0.4,0.4,14,2191.82699665221,6494.667243524273
26,8,0.3302933309118924,0.7987867930955925,0.7414230999665751,0.08472749099675371,0.10955618476324483,0.07025065034663898,0.07407069891349369,0.030685097855542343,0.0,0.4,0.4,15,1906.05428963456,11511.029041920085
26,9,0.32910603139257855,0.8093899793921133,0.7646883260674243,0.09296173246329248,0.05017915685393408,0.07110431280728645,0.07573737245465403,0.03245640091622267,0.0,0.4,0.4,17,1905.8081346374324,11544.437552497917
26,10,0.351877938192075,0.8355346087965196,0.788531245286177,0.14130455374847023,0.17657892903486078,0.09218969665754403,0.10594052544678842,0.10121495957465551,0.0,0.4,0.4,18,2437.3697525546686,14752.75671134407
26,11,0.34262039809196243,0.8380600598341463,0.8035817259018313,0.15017438989829004,0.08665569038148929,0.09209403678041475,0.0995823317600098,0.09281707979171547,0.0,0.4,0.4,20,2536.920621011516,14332.0057607567
26,12,0.3426203916186089,0.8492644084946156,0.8277865570388054,0.15789629025158458,0.07696000144092129,0.0920940367804148,0.0995823317600104,0.09281707979171444,0.0,0.4,0.4,22,2536.922783986599,14332.011762971018
26,13,0.3315282022828049,0.8270069984621717,0.7924949762862467,0.15973175005973544,0.0674780049484614,0.0919833616008204,0.0835196749726689,0.08173946175236312,0.0,0.4,0.4,23,2618.959066957258,14636.264840743246
26,14,0.342746416592516,0.849772757399658,0.8279603908688482,0.18016111489861003,0.09169178540702108,0.0918834385141546,0.10397539639763768,0.09457849672281986,0.0,0.4,0.4,24,2375.9441111678425,14713.758913601932
26,15,0.3367120907472067,0.8554015636118701,0.8461624226533055,0.19331626286970677,0.08505886393098686,0.09181551256593577,0.10024343114788592,0.09061224820084798,0.0,0.4,0.4,26,2404.6391914465985,14456.573061690262
26,16,0.3096736793273531,0.8193772101124231,0.7943321244122205,0.17710104209436348,0.1251138943927381,0.09193874762445434,0.0978393864194031,0.07191747764954881,0.0,0.4,0.4,28,2218.9425776666344,13093.398692163326
26,17,0.3077136302493044,0.8286893452882613,0.8165175198412982,0.16647411084005342,0.06848364383955186,0.091965122943803,0.09604637344803793,0.0708391990309574,0.0,0.4,0.4,31,2232.814318711853,13199.037779864924
26,18,0.3071590156752119,0.8281790153817756,0.8159198251358019,0.16642543482747016,0.06853159850449023,0.09196512294380288,0.09604637344803788,0.07083919903095931,0.0,0.4,0.4,33,2276.052918913889,13325.064921914349
26,19,0.41366522716676984,0.9683594286522472,0.9950294878880794,0.32043333437632143,0.17529685209029022,0.07743893863769517,0.34701921440737465,0.0873404838897763,0.0,0.4,0.4,35,5150.254525673698,17210.33631364791
26,20,0.4360665621165709,0.9687868737675082,0.9688519156896649,0.34649085726355267,0.22579352823699061,0.07196908052634499,0.44098588039343856,0.05928082835853641,0.0,0.4,0.4,36,9897.121369284929,16650.923773388284
26,21,0.49604043326492175,1.0066675647081964,0.978548830813384,0.4068948126904674,0.3170386769933656,0.047994767598958335,0.6194391604056153,0.06341201778529527,0.0,0.4,0.4,38,9125.08319440591,306397.6960588003
26,22,0.6480025803254218,1.1586389331921414,1.1299388565714996,0.5676784120189202,0.45221693815980835,0.04366950875642162,1.0,0.07126458206708088,0.0,0.4,0.4,39,3758.060173806228,311235.649621076
26,23,0.35215831869697034,0.8849319159436443,0.8801161727152269,0.31276629988508886,0.17383997853210686,0.07288625034346795,0.31915496749525035,0.04272392409346841,0.0,0.4,0.4,42,9842.185725823172,16714.861613461253
26,24,0.3451219069785491,0.8769422589763127,0.8702315721684343,0.3212788185870119,0.18628476628290358,0.07103125035821922,0.3257083253501273,0.043858527294139034,0.0,0.4,0.4,44,9797.04305982232,16862.735299583044
26,25,0.3300069479606756,0.861005695252263,0.8531216447624104,0.3180220281710434,0.1864755678608681,0.06998511633134073,0.23793914222856655,0.1089152636954868,0.0,0.4,0.4,45,9516.508772676669,24403.05122272629
26,26,0.37371550069806175,0.9145486131628829,0.9180893998463221,0.3779814304974089,0.2224036224676289,0.07002639698498679,0.3668132721620297,0.10888916010974321,0.0,0.4,0.4,47,13756.214885699268,24968.355451209965
26,27,0.31042020501149054,0.8505909665132069,0.8535069221918118,0.32002087069190766,0.15517776176303844,0.07439834798077408,0.286183814096972,0.03874419101016194,0.0,0.4,0.4,48,9952.60428109252,16054.016687115303
26,28,0.9779894025784385,1.517756788050245,1.520182553771198,0.9957480014284399,0.8210745781670643,0.130793710779955,1.0,1.0,0.0,0.4,0.4,49,9828.821552913138,19921.694560377466
26,29,0.3062188844473922,0.8451529075281322,0.8469667018962427,0.3270571724328261,0.15478601325781755,0.07231209883965505,0.28801167652130977,0.03941196000881493,0.0,0.4,0.4,50,9935.81186601904,15082.965823641236
26,30,0.3038152137284319,0.8420893702572995,0.8433617985231607,0.3334956734580532,0.14209818267209487,0.07306479519499262,0.28808811220304686,0.03957952869684338,0.0,0.4,0.4,52,9894.90339285715,15168.793692985102
26,31,0.3018255834331544,0.837346817862063,0.8366036377468443,0.3493894853931628,0.1792032653720096,0.06151770469960512,0.3226924697332413,0.022542685842164407,0.0,0.4,0.4,54,7648.640911563576,12164.48698990977
26,32,0.29964973462990535,0.8335106739595443,0.8316965961968216,0.35785969215657043,0.16231175955126922,0.060415446801116233,0.3246128584858783,0.02666495798620467,0.0,0.4,0.4,56,7610.998028123674,12177.226583176527
26,33,0.3188503220513682,0.8517793496279683,0.8493954531036091,0.3854547230170425,0.1853330871604895,0.05968029565853602,0.3784707010433273,0.02679624176918497,0.0,0.4,0.4,57,7624.4389344512065,12177.6739141728
26,34,0.2906739527938176,0.844506297188547,0.867245750296808,0.3666974233230159,0.17333301561497377,0.05511149754036805,0.3273432722313037,0.016534389636075588,0.0,0.4,0.4,58,7617.749953822176,13530.411525641031
26,35,0.2845218694513958,0.8104740568460284,0.8043450194813494,0.36764610283283394,0.25960641923518435,0.06438571606283149,0.3264134042103246,0.03026228291058674,0.0,0.4,0.4,59,7196.39713004018,11974.438615899122
26,36,0.29044619522768955,0.8232150088403681,0.8280206547884041,0.3924639450672749,0.1987335801365103,0.07525869340555175,0.34432628736887627,0.04634610565148865,0.0,0.4,0.4,61,1905.7172147020672,13850.607469213515
26,37,0.2820709030565188,0.8208715949270355,0.8364676318233025,0.410769660050395,0.18579991687582725,0.08372530420582705,0.34253707184580684,0.04653081784789254,0.0,0.4,0.4,64,1957.130585782419,14448.809279319586
26,38,0.28356549190995756,0.8140984156517137,0.8265342455551317,0.4311341606925205,0.29513455434570873,0.07518973645806121,0.3708132925335906,0.047456925718926526,0.0,0.4,0.4,65,2059.916437799948,13404.135896047446
26,39,0.2748381708684989,0.7987849234934769,0.8088742174264224,0.43867983432411545,0.26159597316803374,0.08431346361621135,0.36651315900426706,0.047724842852750686,0.0,0.4,0.4,66,1867.094958112301,13376.380494679144
26,40,0.2742467916637837,0.7841421202183639,0.780267464786302,0.42646669162108364,0.20700029900289124,0.08608348078773972,0.3679892271307172,0.05171748428077436,0.0,0.4,0.4,67,1877.501187663721,16270.976589026855
26,41,0.1892092545128395,0.6983967300296363,0.6942841910339181,0.3595444009938732,0.08839094251604274,0.08601649889173628,0.16060657302807282,0.04820767561727572,0.0,0.4,0.4,69,16731.37568913897,12042.521302827656
26,42,0.26870241783730336,0.7960755125125099,0.8165795668548348,0.45555419405712316,0.2232778754143287,0.08250166768395752,0.3677091299885936,0.0494939264254671,0.0,0.4,0.4,70,2057.420630151006,13736.157142699672
26,43,0.17898419322823628,0.6635433559192783,0.6518650308836376,0.3922400818891958,0.17704671205736527,0.06530763922669144,0.204159091164144,0.027968397645319287,0.0,0.4,0.4,73,6053.691243507554,13306.373657227983
26,44,0.16173416009964847,0.6222567470759555,0.6040744065635711,0.3957431796912836,0.17780193394358965,0.06699271775796693,0.19045751240001388,0.03339832456664663,0.0,0.4,0.4,76,6950.836269088068,13735.317206176182
26,45,0.161667282584704,0.633329579302518,0.6281311567477307,0.406045767555753,0.08984639378657737,0.06737457998257403,0.1904212972043279,0.03334894609531313,0.0,0.4,0.4,78,6949.480017934555,13713.86948307752
26,46,0.16060938479840509,0.6300695720679863,0.6243041435731841,0.4129323994054362,0.10111785324439772,0.06709045276531256,0.19043440060743824,0.03346223022497335,0.0,0.4,0.4,80,6995.10067151158,13653.977291744875
26,47,0.16068925953280666,0.6300421593052236,0.624248122854634,0.4237727938663011,0.09094936833377314,0.06245046247189625,0.19068078428863916,0.03356446873127988,0.0,0.4,0.4,81,6918.976755540481,14325.73142222972
26,48,0.16936096400113246,0.6219756747537443,0.6017697412522607,0.4062072970580743,0.1590727085077497,0.05305612082188586,0.23466555707766434,0.018028178218155798,0.0,0.4,0.4,82,6118.277889517087,12196.507410028804
26,49,0.16880078539581636,0.6382971258751886,0.6529839377436599,0.45997457964958854,0.19130922646902984,0.062269859401868285,0.24434684815301444,0.02510004272028792,0.0,0.4,0.4,84,5861.375251607637,13706.734465031788
26,50,0.15478028962655124,0.6061238580663034,0.616529995697315,0.4795855855799937,0.27623716700459705,0.06109849611870209,0.2281107625139795,0.02339230025080946,0.0,0.4,0.4,85,5850.700663710056,13261.196699284304
26,51,0.15737645748390794,0.6063154922599359,0.6161767124001655,0.4608507166783184,0.1252373167281548,0.061916467707232456,0.23646106225946006,0.02347607779805927,0.0,0.4,0.4,86,5768.275139118943,12884.900502307348
26,52,0.17180121556230118,0.6247380911308922,0.6459589617751945,0.5058227689095462,0.18756781041377196,0.05980799207738187,0.2765388066239398,0.02539740866601502,0.0,0.4,0.4,87,6324.979691527733,12939.0235232821
26,53,0.1665987703159526,0.6147042014395052,0.634836843649734,0.5088245796796894,0.13928608901653872,0.06166216243201841,0.2673436491288167,0.02539346306699658,0.0,0.4,0.4,89,5774.873388710757,13070.887442514657
26,54,0.14979190925599317,0.5958754453350188,0.6155554219298068,0.5253148710641243,0.10460484035738835,0.06277755245405882,0.2285519845120741,0.02372145407594707,0.0,0.4,0.4,94,6096.337485013296,12193.070560326709
26,55,0.2456356125210733,0.6677271061983612,0.6715805303721345,0.6122339496297675,0.31570561737092695,0.06299569717981261,0.4791510854454124,0.02201703627700666,0.0,0.4,0.4,95,5992.388969258543,11548.758817504027
26,56,0.24891065799365397,0.6568992689181911,0.6577011592293218,0.6284873895259705,0.2696868291270166,0.06273989021785129,0.4953080567097571,0.0233370582223311,0.0,0.4,0.4,97,7499.735776196617,12168.864311264922
26,57,0.2487674103872392,0.6673864202728946,0.6810659107401592,0.6396266605080989,0.20995966369680366,0.06273989021785129,0.4953080567097567,0.023337058222331182,0.0,0.4,0.4,99,7492.200848493599,12252.769588679945
26,58,0.2484696036126915,0.6659348944003709,0.6793677143312232,0.6431458122745249,0.2124750182567411,0.06253363299154197,0.4952906609795654,0.023326585219411618,0.0,0.4,0.4,101,7497.575165018936,12568.550654142568
26,59,0.2472340904934453,0.6622998281334792,0.6752208752797576,0.6495500838782564,0.2276810871090139,0.06450129158449475,0.4949251757356997,0.02207599365307584,0.0,0.4,0.4,102,8231.082631787876,12785.463852916471
26,60,0.31227221280830386,0.722677011128367,0.7346084976915331,0.7177990784940568,0.31331418678082956,0.07919602750618612,0.6518673957049468,0.03052154651411248,0.0,0.4,0.4,103,7702.648090791071,12345.854402426685
26,61,0.2452609927162341,0.6538929350362892,0.6654497764224913,0.6557023277620002,0.22163830110780092,0.06461015771135821,0.49376748555244615,0.02213171239380678,0.0,0.4,0.4,104,8205.759917296291,12739.849067553165
26,62,0.2913586853960739,0.6910084828410932,0.7006792332364324,0.7138083476948007,0.33140803146212705,0.06630325726107147,0.6128938293485574,0.02332640834105925,0.0,0.4,0.4,105,7341.438020724604,11657.00428767734
26,63,0.29098421577526873,0.6886723628246717,0.6979339876490412,0.720965775326723,0.26288477626548723,0.06725833852718732,0.6130094441719394,0.02334314851284023,0.0,0.4,0.4,107,7337.460410864849,11849.76680629261
26,64,0.2732471186810231,0.6577257571874671,0.6535688677922802,0.696123510103599,0.25441601914125245,0.06409964912682628,0.5721574727886448,0.0209407834970903,0.0,0.4,0.4,108,7151.947206124882,12089.10379616396
26,65,0.28923279048725753,0.6799219861189622,0.6877312343834743,0.7272408001166107,0.2963157235569183,0.06937275990720031,0.6120950421334816,0.02358167050531436,0.0,0.4,0.4,109,7315.568158457812,11799.184093635851
26,66,0.30441608558182015,0.7019276399147266,0.7218340239990123,0.7501595255846237,0.2887723410934201,0.07620955690414198,0.6323458253868272,0.043523229030207625,0.0,0.4,0.4,111,9424.318100368368,11533.82193118528
26,67,0.4443795044074744,0.9302540004683728,1.0539033737282046,1.013503251026785,0.41138534671951743,0.06777289943752952,1.0,0.02641391676689604,0.0,0.4,0.4,124,58631.904418579805,12755.377163005123
26,68,0.44279711920903275,0.9219664095522152,1.0442433456489753,1.0277957091643863,0.46625799714876864,0.06690406524232233,1.0,0.025729876131909118,0.0,0.4,0.4,125,58153.83467407819,14198.31021247162
26,69,0.4415124952685133,0.9112969619936518,1.0316674702798665,1.0239161331046693,0.4367503454168468,0.059720810583615155,1.0,0.026886333618297058,0.0,0.4,0.4,128,58457.09820574075,15638.097725890824
26,70,0.4410551528425158,0.9082664139987495,1.028118006990215,1.0313347493187077,0.42128264914795116,0.0602038936246187,1.0,0.02688541359968949,0.0,0.4,0.4,130,58524.64374359573,15869.876906048345
26,71,0.43972526269349893,0.8963654415504413,1.014094837499671,1.0383945941821233,0.45464967914597776,0.05992549169803851,1.0,0.02811223034495791,0.0,0.4,0.4,132,58545.11305917178,15740.361773212237
26,72,0.4412889604967402,0.9263496419259335,1.0820475833426377,1.0955427763232592,0.42200128230379674,0.06644928302891016,1.0,0.034122630350349,0.0,0.4,0.4,137,59651.2323611673,12931.25606562031
26,73,0.4575611001111695,0.9292973927414571,1.0823596506168933,1.124166171615428,0.5395611147793821,0.06021776797619514,1.0,0.07996464212330559,0.0,0.4,0.4,138,53399.854864594585,13984.384468550656
26,74,0.4569963863525199,0.924796576043212,1.0770858106529042,1.131563404433825,0.447782558093681,0.060171096229778884,1.0,0.08000097823381962,0.0,0.4,0.4,140,53384.6767193664,14027.761747357576
26,75,0.4563600898623845,0.9193404182509806,1.0706858720874841,1.1389042465096113,0.45125930433281103,0.06019304955067546,1.0,0.0801339348726119,0.0,0.4,0.4,142,53397.58095198812,13896.76229819067
26,76,0.43962835643028086,0.9005085506601198,1.0514430791666705,1.1175950429058645,0.4241396736113424,0.06135652424185495,1.0,0.03905555753446942,0.0,0.4,0.4,144,58467.82857354044,14118.681800655588
26,77,0.439060118464065,0.8952997760075434,1.0453305539479691,1.1171745337657728,0.4340508157405645,0.061380073505816216,1.0,0.039226119138885476,0.0,0.4,0.4,146,58488.10994086692,13995.1430114988
26,78,0.4386486063942124,0.891803716959723,1.041235600475506,1.116841180106041,0.4277955326533308,0.06138007350581629,1.0,0.039226119138884956,0.0,0.4,0.4,148,58381.10520712558,14155.003136710666
26,79,0.43757061152656235,0.8904445791346373,1.0398219181144412,1.1321327084594563,0.4168784758065992,0.06144389718963032,1.0,0.036624970510585,0.0,0.4,0.4,149,58387.51091967143,14118.271564131728
26,80,0.43466668221432886,0.8650255293040575,1.0100645658291088,1.1297188199571837,0.5914991425163184,0.05961511803956439,1.0,0.03640997118828576,0.0,0.4,0.4,150,58308.46566598484,14143.059002739028
26,81,0.4798311292785269,0.9918602747923483,1.2393828402658997,1.3165465546298205,0.46685120787440215,0.05626004968300963,1.0,0.15160964004376917,0.0,0.4,0.4,160,59790.551901430925,13001.612328090445
26,82,0.47962769096469116,0.9886121031922488,1.2355550378364113,1.3243496855084027,0.472617700380341,0.0575536569031152,1.0,0.15195025863883624,0.0,0.4,0.4,162,59924.34275528903,12941.47684322502
26,83,0.48030983797358723,0.9863270336900564,1.2327063982194448,1.329033683888183,0.4846814004371646,0.058018668550119445,1.0,0.15446483812452724,0.0,0.4,0.4,163,59655.74658396882,13570.234680332514
26,84,0.47948291891534356,0.9815483851367471,1.2271782365819475,1.3322165783649644,0.49194433555220707,0.05894134048528319,1.0,0.1534595360680118,0.0,0.4,0.4,164,59833.1099742552,12697.757158689425
26,85,0.49346374015241934,1.0340024026321737,1.3304344196500422,1.4608844017498333,0.47825245111880876,0.057556602761490785,1.0,0.19006942810738078,0.0,0.4,0.4,186,76540.89234752825,12367.650775102778
26,86,0.5281559184548608,1.0589442945763787,1.35353910158103,1.5116973620053205,0.549223085077179,0.057573108515683216,1.0,0.27924340501330136,0.0,0.4,0.4,188,76572.80446970547,12565.640788610996
27,0,0.7598431365270533,0.9386985219666254,0.879226365600186,0.0071316657342071835,0.0,0.0,0.0,0.0,0.0,0.4,0.4,1,4385.51769965892,8286.619518873438
27,1,0.7419025789488533,0.9334141499560181,0.8730261117240323,0.010101173876491093,0.018744199055155113,0.05578004408624051,9.189597747971e-05,6.833044032730999e-05,0.0,0.4,0.4,3,4199.462695786417,7737.792623709351
27,2,0.7330919442063143,0.9365066962912475,0.875227623881086,0.020235867273912866,0.044701306246619193,0.06828505386190081,0.00961986973974624,0.01127915136379424,0.0,0.4,0.4,4,3923.405121914372,7789.024459319847
27,3,0.4897307011933509,0.8669526187442985,0.8014726902367222,0.03326081703731632,0.7295566424882823,0.06878750802069847,0.040209819483517054,0.02989853033987803,0.0,0.4,0.4,5,3163.518269375442,5901.701809988002
27,4,0.3918076063252943,0.8130566955424776,0.7387538020845099,0.03078290743966265,0.2056044109788053,0.08436869756224381,0.03143862550766331,0.032727097785605966,0.0,0.4,0.4,7,2860.771926706694,5996.857500774474
27,5,0.37849489549953025,0.8187378330583147,0.7382039471819591,0.07318855574745566,0.19476160533063028,0.08646752040059189,0.09175335473293952,0.0775748932954248,0.0,0.4,0.4,9,2995.723818947092,4556.3413013423415
27,6,0.37831372234207183,0.8298129323354321,0.7622575994187831,0.08977320315470808,0.06818230998035923,0.08646752040059189,0.09175335473293875,0.0775748932954241,0.0,0.4,0.4,11,2992.417746234348,4594.311367253115
27,7,0.3567203223580294,0.7979284479550237,0.7169755588241041,0.06515072916847375,0.06555298733221149,0.08897097583398869,0.06465741415021509,0.0587636365820855,0.0,0.4,0.4,12,2230.0860036168824,5431.568092313773
27,8,0.34103829332300534,0.7967812211409478,0.7272385115903628,0.07606547036109235,0.1111713902856975,0.08186472176347351,0.06212963404594175,0.05363120650918668,0.0,0.4,0.4,13,2625.613104150002,4539.554989382563
27,9,0.36703429223348655,0.8144760675719199,0.730288968287409,0.10563802222905415,0.11831717829117064,0.08502350118042887,0.0640109918408643,0.14799231769935667,0.0,0.4,0.4,15,2418.731959630101,145710.91376548237
27,10,0.43010452891151285,0.8805111245205611,0.7942129620989894,0.18686824861207646,0.24926869406524396,0.06639921815040714,0.29837793289263603,0.1095289955081088,0.0,0.4,0.4,16,2727.8150895647614,195756.68970935768
27,11,0.39021774700673034,0.8448267544307101,0.7510049326776889,0.19581858958879483,0.3248231171849171,0.06383557339764896,0.31028105420467744,0.11824615115739578,0.0,0.4,0.4,18,2621.216980113558,189263.30763494747
27,12,0.35947628999166,0.8140557289746244,0.7198498761329803,0.17379181050542786,0.15071146517357115,0.06394629393900539,0.2586513856644769,0.09855419161305876,0.0,0.4,0.4,20,2570.5367836199694,189166.3761129297
27,13,0.34276637100173357,0.8075552329982519,0.7233067829037251,0.18095134676741317,0.20500724800379788,0.06490422941964018,0.25879297056785294,0.09857697876073553,0.0,0.4,0.4,22,2654.966464701372,189317.2199927526
27,14,0.29829147294722236,0.7632476308236161,0.6783912922698232,0.16935059800972518,0.10941006770186743,0.04587126572258899,0.1869548875435732,0.06851955650635429,0.0,0.4,0.4,26,1687.9718534557503,1091733.1109354575
27,15,0.2749941094276403,0.7344556702744375,0.644331015858381,0.1743052456821989,0.2101142523846437,0.04843848063810969,0.19014774510005483,0.07025359996684274,0.0,0.4,0.4,28,1697.7700450730008,1092021.4154424726
27,16,0.28613784734599035,0.7896320254704106,0.7510108019515258,0.22967576287894015,0.13665067732337044,0.05498630568749063,0.19961891596803824,0.09395822912526948,0.0,0.4,0.4,29,1774.983015816523,1200558.7345916366
27,17,0.2730530692684635,0.7497157508232399,0.6821841310351848,0.21215937102919438,0.23553210354414988,0.053248277296261706,0.1970039638473167,0.09527402952005506,0.0,0.4,0.4,30,1710.072027965496,1201069.2888705635
27,18,0.2708530532163923,0.7472673158726907,0.6795886408459809,0.21558716899434824,0.12132181187842175,0.05078132348261708,0.1950010531534572,0.09330359804700115,0.0,0.4,0.4,31,1737.0746910625503,1200242.998473706
27,19,0.2880251579822721,0.7974598336777796,0.7684375301565789,0.2559529310348505,0.14799606761562895,0.0456435697862225,0.2415013910273009,0.09329369147181857,0.0,0.4,0.4,32,1713.6028145860164,1152183.3380203913
27,20,0.2691204290987852,0.7885282338919687,0.7718100706961744,0.2513186400827564,0.14626645685736828,0.05348234010010341,0.19473248835401774,0.09988786219687909,0.0,0.4,0.4,33,1799.9291407057913,1224938.401286915
27,21,0.2922086676233849,0.7529526811883914,0.669661174600381,0.23922020164192823,0.21495443329384317,0.05524796390487222,0.24716456499940861,0.12149935040985678,0.0,0.4,0.4,34,1802.6659514958485,1235001.7769659946
27,22,0.28651201386660174,0.7549579272430582,0.683091490772941,0.2465780497563968,0.17814146993543054,0.05524796390487222,0.24716456499940861,0.12149935040985678,0.0,0.4,0.4,36,1766.3536138149975,1233053.861750247
27,23,0.24710902854184813,0.7140419425000488,0.6414973506136237,0.21757391679054522,0.1376212612948448,0.056603844036314535,0.17598284207128972,0.10029168263108379,0.0,0.4,0.4,37,1920.9920727972965,1248415.496576386
27,24,0.40164826885906113,0.8631398425918329,0.7882296239224909,0.38322646298427215,0.3698986764223432,0.061589163297186375,0.23873631544089946,0.4448161379871533,0.0,0.4,0.4,38,1993.9471384471944,1004104.174893393
27,25,0.4148657658113452,0.8685794609680153,0.7906091008243917,0.4141479174915855,0.35912493371428417,0.058668690132220126,0.288415465209649,0.4534074248676928,0.0,0.4,0.4,40,1852.6521493406824,987990.4423311012
27,26,0.3795712832027577,0.8312411888107454,0.7525145372490453,0.3895057504064593,0.27923084431748924,0.05752612720185083,0.2564071527756425,0.40311139063906587,0.0,0.4,0.4,42,1892.701343379028,987516.894163803
27,27,0.37475594971230775,0.8208840588456889,0.7401862328106922,0.395873057349881,0.30515366297928365,0.07217944701243134,0.25665059116126215,0.405749784203781,0.0,0.4,0.4,44,1894.4382996506376,982886.3640353974
27,28,0.37322028760809745,0.8065316173262757,0.7122791227936418,0.39613577349921536,0.2876468421574121,0.06949367492811359,0.256953096004691,0.4056666737959661,0.0,0.4,0.4,45,1894.2854950323415,982661.2958937816
27,29,0.37311646956127564,0.8175913580835342,0.7363253854502341,0.4050020478817586,0.2655561794625295,0.07093999859480152,0.2566883483072181,0.4057733498388353,0.0,0.4,0.4,46,1936.816677537728,982414.7562484992
27,30,0.3452748951331681,0.7770834774529352,0.6823215293673959,0.381462118903911,0.2587800612823411,0.06876368094463822,0.23128291655640706,0.36515304463540416,0.0,0.4,0.4,47,1883.35819338786,982994.9228742372
27,31,0.2418444565547137,0.7006947837162806,0.6427781130643418,0.2792123162705293,0.18514314536770146,0.047973179858064804,0.22063696315455425,0.13227097674318317,0.0,0.4,0.4,49,2321.012789330137,2294271.807718306
27,32,0.21823630557224433,0.6650135296301781,0.5937802154902841,0.2718385313977268,0.12591003134144602,0.04917166262199918,0.18777694622783805,0.10855392468725886,0.0,0.4,0.4,51,4423.719729714905,2288867.520308699
27,33,0.24148083034902873,0.6958640178792864,0.6365409232602228,0.30368918616630824,0.18712438892591227,0.045974808137813614,0.22840599149525098,0.13295619577648937,0.0,0.4,0.4,52,2495.515087845215,2295973.0359091437
27,34,0.5837231981381494,1.0152428388435797,0.949268257567366,0.6642458438390866,0.7740631658500092,0.07057140197942367,0.25690655668923934,1.0,0.0,0.4,0.4,53,4273.178005636199,336713823130130.9
27,35,0.5850498974034157,1.0037129501670492,0.9242556413315897,0.6670668143924592,0.5269832474385977,0.066741722216461,0.2631330368162947,1.0,0.0,0.4,0.4,54,4408.031563235105,336713823125067.3
27,36,0.5842433384197239,1.0240189479721364,0.9702368158256512,0.6879252876056563,0.5165289338376623,0.0684147538481163,0.26263637526999883,1.0,0.0,0.4,0.4,55,4412.352186754872,336713839803267.25
27,37,0.5727018249605966,0.9861832044263011,0.9053494531823935,0.6787238184222244,0.5389257501975904,0.06783753592554043,0.2394021645613631,1.0,0.0,0.4,0.4,56,4389.609099759395,336713839118937.25
27,38,0.5813380842274682,1.0049043095977592,0.9367746472184532,0.6977578127608761,0.5169535147532798,0.06624714060401386,0.2625207473324388,1.0,0.0,0.4,0.4,57,4421.687352404844,336713839037884.7
27,39,0.5809416879962341,1.0144780902748343,0.9590279694512194,0.6972841190057766,0.5178908882170002,0.066741722216461,0.26313303681629485,1.0,0.0,0.4,0.4,58,4427.582534973454,336713862993723.44
27,40,0.5208477404615487,0.9653117979069232,0.9430828805695844,0.6682148985178031,0.6920185575621929,0.05104671380801863,1.0,0.14056564666183308,0.0,0.4,0.4,59,3426.883855623,3052547.3756847405
27,41,0.5199466859706061,0.9398933497237072,0.8911463657479689,0.6543643847743206,0.4667734714024069,0.051031436112183526,1.0,0.14058893769596076,0.0,0.4,0.4,61,3338.751058443899,3055024.1572588217
27,42,0.518603571650379,0.9576886934592831,0.9341465755416732,0.6811351056310637,0.47250253181342566,0.05136202814743991,1.0,0.14067731293462707,0.0,0.4,0.4,63,3260.858062548932,3055887.429088814
27,43,0.5038340646771233,0.9183780255099172,0.868316636497794,0.6534098002243683,0.4638115218739464,0.044509604793924365,1.0,0.10598886068058666,0.0,0.4,0.4,64,3154.4034015448933,2293594.318166336
27,44,0.6434402814826099,1.0392447428399278,0.9743655840340307,0.7925109098620631,0.6002829404480237,0.08377668204562067,1.0,0.46269470514246536,0.0,0.4,0.4,69,6933.497208022809,14622069727070.568
27,45,0.4850466909611493,0.9011182491399287,0.8617538049589236,0.6468313615059949,0.44516064059707006,0.07378131321832831,1.0,0.06845561319885929,0.0,0.4,0.4,70,2017.4566527985824,1140452.0858977071
27,46,0.769223881214937,1.1546877820644403,1.0978494977812598,0.9327933668945161,0.9005376684377728,0.056729535202803924,1.0,0.795692029416453,0.0,0.4,0.4,71,3029.3191807279627,58457042464867.19
27,47,0.771210421155794,1.1787443489916827,1.1478302811130077,0.9505638452653078,0.7235384580908883,0.09316253046964697,1.0,0.8009328050609505,0.0,0.4,0.4,72,2103.346413422796,157973612876530.7
27,48,0.6306240462619204,1.026819688878705,0.9828751172317397,0.8007121583392504,0.5810130709780187,0.09365944265449244,1.0,0.44956926888724735,0.0,0.4,0.4,73,2189.3287807341503,14622076171745.746
27,49,0.7686487979752981,1.1630868021751355,1.1187457039638409,0.9523422658944528,0.7345819846524907,0.060943318943710835,1.0,0.7960254926003069,0.0,0.4,0.4,74,2847.703576063498,58457043500556.36
27,50,0.6292962587159757,1.021251434842724,0.9763525215735637,0.8168953374375287,0.591206831439717,0.09468947189437318,1.0,0.4495801273499991,0.0,0.4,0.4,76,2131.828794182161,14622075446136.98
27,51,0.6456983468195922,1.0303532620364722,0.9838282677044299,0.8552784051459512,0.6067189990159698,0.11479549986803654,1.0,0.4960727294016686,0.0,0.4,0.4,84,5230.924160377692,14622080222263.666
27,52,0.7029270657837688,1.1073557346865073,1.096803172162697,0.9381540617729649,0.7830575922380478,0.06300069700584228,1.0,0.6487676219650415,0.0,0.4,0.4,85,6984.307107178172,157973240063618.4
27,53,0.2104542334008094,0.6271323875154623,0.6403971267685153,0.524972405666256,0.1807571866751952,0.05515819857628403,0.1855222089605118,0.23854254221475282,0.0,0.4,0.4,93,4401.529061111107,14615190833864.746
27,54,0.4678818963081827,0.9100000133420807,0.9605313302682675,0.7900294660124925,0.4998299091486999,0.04827323725038048,1.0,0.07253091707648995,0.0,0.4,0.4,94,6948.82036142042,1911718.6760949872
27,55,0.464795907298582,0.839864809974698,0.8230812411821251,0.7493175544440034,0.4598275332390044,0.050891766312895145,1.0,0.07099913630705779,0.0,0.4,0.4,97,6999.737647858815,1926803.703582128
27,56,0.46454674007925617,0.8629741223229652,0.8830511272289621,0.7890676955957687,0.47582387676020943,0.04403635794380098,1.0,0.0759938759946581,0.0,0.4,0.4,99,7254.713115225653,1520063.3675531826
27,57,0.4590148314671385,0.8266122514143643,0.8297065795053669,0.7707357466860241,0.5079000756102205,0.049856009845112584,1.0,0.07123151921973998,0.0,0.4,0.4,101,6349.57600928767,1930449.974212262
27,58,0.45835365810154355,0.856713917029092,0.8982352630253858,0.8211558463433655,0.45180079757509645,0.04518005715166047,1.0,0.07084231068538115,0.0,0.4,0.4,102,7101.4498532184825,1520617.201634256
27,59,0.45791786410939783,0.8768238031221975,0.9439715326923619,0.8391525398072924,0.4358496335490589,0.044828566097124586,1.0,0.07056359151327579,0.0,0.4,0.4,104,7194.532772733102,1521059.328481859
27,60,0.45435199628809764,0.7943550254884697,0.7811649637566187,0.7854084552341833,0.5218301990244962,0.04971631984118611,1.0,0.06653785395528064,0.0,0.4,0.4,105,6646.360043597718,1926242.4055390728
27,61,0.45272991367620297,0.7912338010586196,0.7885301661788126,0.7951057912805858,0.4782383249605229,0.05098581608135936,1.0,0.06742536071029562,0.0,0.4,0.4,107,6664.21978820271,1929846.1125454104
27,62,0.4520449798707145,0.7881627768557866,0.784989637345904,0.8019072404682277,0.43621179502913493,0.04992217771205954,1.0,0.06660049651033106,0.0,0.4,0.4,109,6636.924165049703,1926149.8931549203
27,63,0.450468434725045,0.7755196099421364,0.7701800724268353,0.8078016580044012,0.5149978145258687,0.04892957024508619,1.0,0.06661721918503738,0.0,0.4,0.4,110,8113.838097303192,1926474.8946214688
27,64,0.4492933308297658,0.7653736690521873,0.7582903537904069,0.8109313147590045,0.49783481135752533,0.04970192186916862,1.0,0.06670859719503167,0.0,0.4,0.4,111,6637.682853585599,1926937.383487188
27,65,0.43950411576273046,0.7521433293828137,0.7443939382386799,0.8086148456390778,0.42639170166305934,0.053709600728779026,1.0,0.043355515787724806,0.0,0.4,0.4,114,6734.268424393747,1934206.2881144655
27,66,0.4388057813921563,0.7682638237799327,0.7854368036793873,0.8412793618346307,0.43935558292899046,0.054517429624931925,1.0,0.04338428519024835,0.0,0.4,0.4,116,6649.399137910918,1933739.296347548
27,67,0.43856518925094123,0.7769473488146736,0.8066815487645854,0.8406493692575863,0.4264083818722481,0.04745206750307228,1.0,0.04349511550358501,0.0,0.4,0.4,118,7193.652434769519,1543752.3363185427
27,68,0.5695990655146064,0.8910573366266202,0.9066926855189907,0.9865424190703396,0.5714470121103571,0.05959596410979691,1.0,0.37281018824489687,0.0,0.4,0.4,120,7221.636737598807,157969456527986.72
27,69,0.4441768330620042,0.7433680911911479,0.7547616812775679,0.8616794121291729,0.599226457258277,0.04955596891171986,1.0,0.06551180484171724,0.0,0.4,0.4,121,7245.685491425696,1540042.3495180022
27,70,0.428422151910348,0.7009660463032306,0.6855568674323003,0.8424420706735469,0.4435707900167877,0.04064592615869261,1.0,0.027231403402920927,0.0,0.4,0.4,122,7360.150584671445,824581.2483134728
27,71,0.4327815712605739,0.7149049441187243,0.7230793217560786,0.8578515496884764,0.5157083489023838,0.04984731972358941,1.0,0.0413487394035453,0.0,0.4,0.4,123,7338.282837044573,1544622.9072086683
27,72,0.4292461077904688,0.6842577877025808,0.6873737047200178,0.8727290155822675,0.6211606382603552,0.04857471467078842,1.0,0.03857096978238236,0.0,0.4,0.4,124,7391.484641162128,1545689.0531011578
27,73,0.4271343824857233,0.6560757635083472,0.6543787811207745,0.8662689750075853,0.5135041519785679,0.04968919541275667,1.0,0.0383777376028407,0.0,0.4,0.4,126,7171.991676554224,1544764.3047490022
27,74,0.4266172118194849,0.6626038209525932,0.6731436920837655,0.8768023101276288,0.43069912012665046,0.0476642529930892,1.0,0.037834341464355034,0.0,0.4,0.4,128,7159.084128897982,1540630.4846927351
27,75,0.4261060003911369,0.6543686267946043,0.6634931039887446,0.8837268649623813,0.4440472538158263,0.047608813866794046,1.0,0.03790830610235776,0.0,0.4,0.4,130,7085.04466881784,1541273.8675386815
27,76,0.42691260503366624,0.653006085508162,0.6617337893429964,0.884650335253776,0.432243313229139,0.04728330799267644,1.0,0.0402933852421083,0.0,0.4,0.4,131,7169.792206304684,1540870.0268875316
27,77,0.4258720412941972,0.6508597789829009,0.6593850908927061,0.8910492028040344,0.4235252266287006,0.04810879716477509,1.0,0.03788189054841552,0.0,0.4,0.4,132,7056.589987241202,1541028.239401223
27,78,0.4336086465326118,0.7178358860007493,0.8029060581054427,0.974772283160038,0.4532351470518234,0.03085397301859265,1.0,0.058547173832482466,0.0,0.4,0.4,134,6790.651721928669,1122210.378150878
27,79,0.5581786235025703,0.7574363621046698,0.7612767612823755,1.0530664106815557,0.6147461274802061,0.06232759749133041,1.0,0.3727143944137445,0.0,0.4,0.4,136,7174.596216386531,157969444364051.2
27,80,0.43350249891095854,0.731124391169447,0.8624934155451948,1.0562155292063697,0.43641567591269576,0.030415083050548342,1.0,0.06298223976773802,0.0,0.4,0.4,145,6772.260733880137,1122112.055277048
27,81,0.4335024104674349,0.7311226868303989,0.8624913211471283,1.0523546769789935,0.42520374855083287,0.030415180341104207,1.0,0.06298225303993821,0.0,0.4,0.4,146,6772.262729074971,1122109.5209961636
27,82,0.433468347207671,0.730575377209155,0.8618513196440747,1.0641359747107653,0.4289708216038619,0.031137427759355678,1.0,0.06296802014574714,0.0,0.4,0.4,147,6766.620820825165,1121985.1162479096
27,83,0.4333070513385568,0.7275977769078078,0.8583649923243757,1.0678451357663263,0.4459258945629961,0.02980365335757032,1.0,0.06295072999129894,0.0,0.4,0.4,148,6772.290104627146,1121726.2167539916
27,84,0.43267552702952156,0.7133538434164051,0.8416671336546242,1.0706002734303917,0.5253502107920369,0.0296150789658493,1.0,0.06316314929666847,0.0,0.4,0.4,149,6650.848381762825,1122596.45116056
27,85,0.4257900425844493,0.6268383742304439,0.6969082793721342,1.0382557526252445,0.674950966267669,0.0313087648824828,1.0,0.050027665487639386,0.0,0.4,0.4,150,6775.8320970668165,1116862.729088775
27,86,0.42559300337599393,0.6331387687744444,0.715369296541044,1.0496648844308323,0.4369274820937136,0.03130876488248279,1.0,0.05002766548763939,0.0,0.4,0.4,152,6743.290185638607,1117827.335008486
27,87,0.42557608407136416,0.6327176824897957,0.7148760622561365,1.0575576020403228,0.4229420925404622,0.03130876488248279,1.0,0.05002766548763937,0.0,0.4,0.4,153,6748.147167558724,1117678.0158051697
27,88,0.4246413619351823,0.606406833859351,0.6840479577954443,1.055200630353092,0.6043200201307959,0.030510539712189533,1.0,0.05019102337374108,0.0,0.4,0.4,154,6620.529893037982,1118308.9015702216
27,89,0.42385867649004294,0.5123294115981776,0.5404186908325678,1.0425242514402369,0.8514787927836799,0.032360992457589235,1.0,0.0530449984976758,0.0,0.4,0.4,155,6262.861513120256,1180211.207228551
27,90,0.42387451659315634,0.5032058093580208,0.529687029315706,1.0576122079017247,0.43787830938864714,0.033989143566626315,1.0,0.05370839041778215,0.0,0.4,0.4,159,6280.335703208842,1182657.083778582
27,91,0.42360232018762634,0.4896580542174585,0.5248417931787439,1.0674138788018195,0.5971082458753546,0.03554852703802509,1.0,0.05457263728214438,0.0,0.4,0.4,160,6279.714901129102,1200472.0804645834
27,92,0.42300861091720715,0.5106811646613699,0.5717270567723639,1.1032599769664886,0.42206318999092934,0.033320875768489286,1.0,0.0531354577081344,0.0,0.4,0.4,167,6316.950765730263,1180461.9044245991
27,93,0.4233670215972726,0.4965065624695592,0.5439686165411892,1.0908905935526259,0.4455173370141082,0.0340368601069097,1.0,0.054227503562709965,0.0,0.4,0.4,168,6554.1458140880695,1184569.5016712174
27,94,0.4229704509991476,0.48337929580630723,0.528611513196816,1.0978489733248662,0.5125087875976103,0.03491171551867756,1.0,0.053958041568456815,0.0,0.4,0.4,169,6319.793969076245,1182903.0886746778
27,95,0.42279095855795573,0.4920196007569755,0.5498349695327571,1.1331944684762836,0.42712941365382695,0.03380410808920585,1.0,0.05363983527314348,0.0,0.4,0.4,172,6289.21141181607,1205751.3101663429
27,96,0.4224329005099052,0.4818760523549681,0.5379799520088118,1.124593510773978,0.49114971034813903,0.03491477074231465,1.0,0.05326597279285703,0.0,0.4,0.4,173,6288.904212507316,1138443.775146943
27,97,0.42333246583559536,0.5053917432094254,0.5985757123450162,1.1694124213187982,0.46163807235778503,0.0355580202965389,1.0,0.05607299223498606,0.0,0.4,0.4,175,6086.037217679434,1209436.0659683254
27,98,0.4223419742720247,0.46794076834193266,0.5216260592931004,1.1310175124735162,0.4416884363318278,0.03341335285236871,1.0,0.05373562547383013,0.0,0.4,0.4,176,6306.351243041109,1206229.0128253151
27,99,0.4219469953553371,0.46152808846185767,0.5141620601517389,1.1619446497414083,0.4301495022878964,0.03333755349809331,1.0,0.0530499392807162,0.0,0.4,0.4,181,6263.863441123591,1201998.5058623787
27,100,0.42207327283978385,0.4763862570448334,0.5536829522085899,1.1745659420535364,0.4478856395343676,0.03332039482536734,1.0,0.053711046544188165,0.0,0.4,0.4,183,6319.970130500854,1206736.1573494491
27,101,0.4217678236729045,0.4625777490841981,0.5264727413422823,1.1815477935720093,0.42966791924885406,0.03333585221693234,1.0,0.053055765034945315,0.0,0.4,0.4,185,6268.809428351133,1202471.8352689222
27,102,0.4217128355864079,0.470650959452914,0.5470106317486876,1.1938469369504814,0.442529459365769,0.032945026709002824,1.0,0.05305297787168826,0.0,0.4,0.4,186,6242.078289184955,1203996.4338027835
27,103,0.4216954640514686,0.46960380369120774,0.5457838117453251,1.2057847474900418,0.42859608118107323,0.033335852216932346,1.0,0.05305576503494532,0.0,0.4,0.4,187,6262.411491424772,1202710.650374983
27,104,0.421633817149362,0.46653545837164373,0.5421914052273481,1.211880498286916,0.42480720453781023,0.033286842095263544,1.0,0.0530355762135134,0.0,0.4,0.4,193,6268.950719292455,1202798.1985463426
27,105,0.4201744773843482,0.46247033805811405,0.5376722896267587,1.2310412737874596,0.4243691512817577,0.033009008657199065,1.0,0.04949915709234753,0.0,0.4,0.4,197,6380.558727414306,1202170.8525945428
27,106,0.420115620640679,0.45949701309936897,0.5341913861421458,1.2347486148374944,0.4405040586239608,0.03342254397880222,1.0,0.049477382169043974,0.0,0.4,0.4,198,6363.110695161157,1202036.5437607004
27,107,0.41988808520079807,0.4459058737201397,0.5182735895571213,1.237483972819198,0.5146878270009341,0.03336210704326985,1.0,0.049462330927235135,0.0,0.4,0.4,199,6364.46129300545,1201873.960370659
28,0,0.8486429210918783,0.9633719898976904,0.9081254196953299,0.009407871000785729,0.0,0.0,0.0,0.0,0.0,0.4,0.4,1,3480.347090046348,9040.92978374538
28,1,0.8332983494528033,0.9593995843761046,0.9034551948888225,0.012537104145878669,0.014419227028627184,0.07620111694837599,9.766164814445e-05,0.00015868913843285,0.0,0.4,0.4,3,3527.433822541549,9171.231888462647
28,2,1.3571000454762103,1.577867091324979,1.5164236449219515,0.6626123225833528,0.9078553416359615,0.3090325132805501,0.6266990721427341,1.0,0.0,0.4,0.4,4,2028.5793936518244,376463.94154822745
28,3,0.5651956841827686,0.9384295833403242,0.8737106780307546,0.10074721879190972,0.72861031043876,0.09336261687406576,0.09055286776452223,0.1471381739012785,0.0,0.4,0.4,5,3315.069434227912,6654.691517103005
28,4,0.44649395964228733,0.8665385977637522,0.7925841540752221,0.0824319905373611,0.2642823519094061,0.08903829199436034,0.0717030315360908,0.12108081731279555,0.0,0.4,0.4,7,2550.2064140074644,8419.704123893907
28,5,0.4386891809795082,0.8729195215582553,0.8111397285056652,0.08833139256705817,0.09366957036338608,0.0890382920101144,0.07170303603008248,0.12108082490154756,0.0,0.4,0.4,9,2369.7270181589097,7920.08992455419
28,6,0.35915579631913347,0.8075832660531675,0.7413748478431336,0.052122589639748584,0.12860018788958233,0.10131006044856342,0.03633687033552802,0.057754978580055516,0.0,0.4,0.4,11,2953.5447407310294,7972.534556366855
28,7,0.37284376868751457,0.8345895619677847,0.7804416990460756,0.08638403202844913,0.07745303133537074,0.10094744953207688,0.056133661421939554,0.09118468989856364,0.0,0.4,0.4,13,2615.8991531650927,6974.24384098795
28,8,0.36814988686456923,0.8584491072657452,0.8274118862797383,0.11913576100740111,0.10082853940023613,0.09485386522415465,0.07040044640261137,0.12273828089774677,0.0,0.4,0.4,18,1965.4300903857288,2946.855262663453
28,9,0.34174237937744045,0.8336765780814528,0.8016934539381141,0.10637679024128417,0.07727328808112383,0.09422536632942824,0.052874997829578586,0.09214080541194154,0.0,0.4,0.4,20,1895.2334033141324,3010.2874087640694
28,10,0.3719577291531104,0.8569662126785335,0.8087906520272384,0.1545486719813594,0.2412995410125922,0.09108387982011446,0.07334014755725302,0.20450621327985768,0.0,0.4,0.4,21,1702.079526056231,3444.7913286487046
28,11,0.6994441906581496,1.2098645917084547,1.1835867486290597,0.5139407028548522,0.6340251883765798,0.08656743239060292,0.9903750188420537,0.17359519848238378,0.0,0.4,0.4,22,2035.098513981411,2082.114955608963
28,12,0.6952852267291191,1.217090237193808,1.2022891080841225,0.5252996705693692,0.5010359543023325,0.08673202325403424,1.0,0.1762702530488113,0.0,0.4,0.4,24,2247.2663258473067,2366.420116166152
28,13,0.5206471040748895,1.0314482376980894,1.00290687151198,0.36692137442939143,0.33169116468023596,0.08568856083664951,0.6114640674716778,0.13950848515387665,0.0,0.4,0.4,25,1982.213336670941,1955.579077671127
28,14,0.6776507588491959,1.2106932688582628,1.207945046904418,0.5219129107693525,0.46578353985177123,0.0868675613815617,1.0,0.1460997219436407,0.0,0.4,0.4,26,1990.9392023645955,3025.493591629195
28,15,0.5792906058539007,1.101096442841403,1.0848699265477988,0.4318955257228154,0.37259226239977705,0.0868617506000918,0.8190016679923404,0.08809265151825223,0.0,0.4,0.4,28,2020.0249142634043,2704.63026022346
28,16,0.5736915407604727,1.0946317622403972,1.0756331631504854,0.443043866020066,0.4855886287700278,0.08827482026086954,0.8234154989655448,0.10798320326064603,0.0,0.4,0.4,29,2144.0217885661714,2706.4338283501643
28,17,0.5076443944051314,1.0280480428713084,1.0081128868026152,0.3892070917490712,0.33054465202353484,0.08723134470484292,0.6885493812693622,0.09006250442572941,0.0,0.4,0.4,31,2031.601864034335,2713.927231788407
28,18,0.5083987162799974,1.028675899409747,1.0085462981089521,0.3957386687022126,0.3211382538514726,0.08689281284664543,0.6899379449503752,0.09308287988711925,0.0,0.4,0.4,32,1983.0246866213,2540.580375339263
28,19,0.9787983334871426,1.4961668411219908,1.4727318014133912,0.8856377000174376,0.9348038526398614,0.05800320305359356,1.0,1.0,0.0,0.4,0.4,33,2126.588467913282,9840.010561816362
28,20,0.5144838820071412,1.0267430505978792,0.999425716558616,0.4440631147054929,0.5118219182303348,0.07242229235655467,0.7300352585968819,0.15307881166770923,0.0,0.4,0.4,34,4390.14890733468,3108.0618536916118
28,21,0.4530101455574094,0.963985148627539,0.9358582866212671,0.3937794308133361,0.3117482524089457,0.07122928254460889,0.610395203851378,0.1276416253771832,0.0,0.4,0.4,36,4247.014867321258,3124.291902651549
28,22,0.9378412889484818,1.4615333062924019,1.4543303634290887,0.9260657631617195,0.9033832321437711,0.1853541906251089,1.0,1.0,0.0,0.4,0.4,38,2101.003071958928,2648.741841429481
28,23,0.9377256377170738,1.461370547809663,1.4541397494078496,0.9323316486319749,0.8012812740886808,0.183394031436496,1.0,1.0,0.0,0.4,0.4,39,2150.370045332784,2399.598426161382
28,24,0.93348751304209,1.4545174240905636,1.4461129634463328,0.9373192252325627,0.8238540155820718,0.18378803705797184,1.0,1.0,0.0,0.4,0.4,41,2383.836075918575,7164.306505579427
28,25,0.7048448008738363,1.1956437305167407,1.157927306484296,0.6971409826559959,0.7203025322696958,0.05567641657073495,1.0,0.457171393350227,0.0,0.4,0.4,42,1679.359254237506,4046.293889089019
28,26,0.908767494607488,1.3875794078036026,1.3455480241692017,0.9370269619942335,0.8870875220514329,0.06686729054340061,1.0,1.0,0.0,0.4,0.4,44,1586.287849736868,5412.469069277427
28,27,0.8950488845079575,1.3583406670105909,1.311301935103045,0.9249269950544436,1.004096943771517,0.0664402751186812,1.0,1.0,0.0,0.4,0.4,45,1661.0366501293329,3900.9493067165145
28,28,0.8938783359889592,1.3558806546070952,1.3084207434773587,0.927856622537962,0.806237556555637,0.06734362209942363,1.0,1.0,0.0,0.4,0.4,48,1619.12541510296,4495.844265728108
28,29,0.877615376580984,1.3146328338739384,1.2601088488081078,0.9491971453419472,1.086181487536615,0.06463596563165355,1.0,1.0,0.0,0.4,0.4,49,1401.29655956574,6139.363665258213
28,30,0.8759550685178773,1.3100002008836316,1.2546828779790737,0.9579464817692865,0.8161955862581232,0.06567526831108095,1.0,1.0,0.0,0.4,0.4,51,1540.4000394044735,6011.801297972284
28,31,0.8734510217536504,1.3028311342274508,1.2462860186682319,0.9665896146628085,0.8250784275996739,0.06503591545571265,1.0,1.0,0.0,0.4,0.4,53,1517.4314288052926,6172.298486236879
28,32,0.8689486901777236,1.3228900914362454,1.3030252840148917,1.0486915426652317,0.8067454626911147,0.13819343241174195,1.0,1.0,0.0,0.4,0.4,67,1181.4916467658163,83029.1517128745
28,33,0.8678252933819196,1.319385997043164,1.298921078708696,1.0581930528267707,0.8122391973624774,0.1400354604733287,1.0,1.0,0.0,0.4,0.4,69,1190.5117210264973,82900.59633661338
28,34,0.8670794694310628,1.3282312025278855,1.320362826735726,1.0678408506796675,0.808232821236124,0.1389240387002172,1.0,1.0,0.0,0.4,0.4,71,1122.458175610589,87665.87935242073
28,35,0.8670527391262645,1.3281464039906603,1.3202634843508185,1.0686767206021064,0.8005915500866161,0.14143896286836216,1.0,1.0,0.0,0.4,0.4,72,1141.4991199781568,85846.85095829895
28,36,0.8659451111590035,1.3245973458570743,1.31610678637096,1.0711086679012993,0.8247877720495069,0.14074744063754208,1.0,1.0,0.0,0.4,0.4,73,1139.8812355117104,86631.65846314529
28,37,0.8612535634171206,1.3201770511394164,1.3220110966887488,1.0840984123798076,0.9095731697615459,0.14117818827397952,1.0,1.0,0.0,0.4,0.4,74,1208.792491123788,156125.85463958763
28,38,0.8596919535201489,1.303462165277649,1.2913518976298375,1.07998360828023,0.8382417413224921,0.14369427876042723,1.0,1.0,0.0,0.4,0.4,75,1187.9981251152765,155982.81329081353
28,39,0.859143624303833,1.3015006862099372,1.2890546869986537,1.0906080940727092,0.8068269727073046,0.14418227670806377,1.0,1.0,0.0,0.4,0.4,77,1170.1261445287548,156831.20670669654
28,40,0.8586389641061725,1.3220771538465157,1.3353183831574107,1.107059031643185,0.8126703038970589,0.14103151444298875,1.0,1.0,0.0,0.4,0.4,78,1149.135962408065,156421.49112842293
28,41,0.8572171949650991,1.2944871975151977,1.280839911649581,1.10008718067317,0.836262150390799,0.1434803202089065,1.0,1.0,0.0,0.4,0.4,79,1143.6211968052442,157482.37584301122
28,42,0.8566285138919452,1.325906423275489,1.3508851511480606,1.127627011749801,0.8152610409093043,0.1077913049409817,1.0,1.0,0.0,0.4,0.4,80,1111.5221860884485,86248.31347667037
28,43,0.8563369543272492,1.2912183506769992,1.2770112272642749,1.1070542130082623,0.807616040803278,0.14407039703725638,1.0,1.0,0.0,0.4,0.4,81,1152.4998693199072,157473.1381955399
28,44,0.8559979969556634,1.3347425676261924,1.3723161381769897,1.1376980231538298,0.8088991557684097,0.10817751705132313,1.0,1.0,0.0,0.4,0.4,82,1128.1554605673532,86378.45714999501
28,45,0.8553745258773859,1.287568765245251,1.272736880079568,1.1103477717344985,0.8165055267175669,0.14288889963686685,1.0,1.0,0.0,0.4,0.4,83,1155.6800807091756,158175.99802581986
28,46,0.8550332518469569,1.3310736631728588,1.36801895667924,1.1476832505389765,0.8091049316274249,0.10945813675770313,1.0,1.0,0.0,0.4,0.4,84,1162.0037420007409,86887.61813493771
28,47,0.8544882551950737,1.340179931896175,1.3897664089145159,1.1699756346669785,0.8029317337416535,0.1085832585451286,1.0,1.0,0.0,0.4,0.4,89,1287.273980494226,87272.21631375761
28,48,0.3918739989894391,0.8279501214877387,0.8244318186701043,0.6673381808856147,0.3454537269659973,0.12523570910333465,0.1323314756639096,0.7152363846330299,0.0,0.4,0.4,96,1997.6002425261452,68571140.6634252
28,49,0.39051133047531683,0.8222194298147618,0.8177064981585509,0.6740188798180076,0.37964865808332615,0.12455865132056736,0.13246336010514237,0.7152965286253019,0.0,0.4,0.4,97,2051.485871563988,68559410.50777067
28,50,0.3903259390303146,0.8215201313710132,0.8168906695722269,0.6775095589983846,0.3438443994670547,0.12519851603945842,0.13239290005686652,0.7153198422524947,0.0,0.4,0.4,98,2008.9821853440203,68583119.12464021
28,51,0.3885295625160115,0.8137113184788383,0.8077275147531952,0.6804501634576978,0.36679696344165463,0.12475081105549295,0.1324994479588965,0.7154620581705697,0.0,0.4,0.4,100,2043.0384408239056,68597884.38355649
28,52,0.3869129088400788,0.8156614653135064,0.8209784378674043,0.6944742648754405,0.37452477101511233,0.1275848947858684,0.1329851508838934,0.7166538258830542,0.0,0.4,0.4,102,1852.1135092224044,68618960.11966012
28,53,0.3831879945481528,0.8017156300450636,0.8047918150098159,0.6996105323717716,0.3846784423651447,0.12965659671143537,0.13257332405292477,0.7149121857599454,0.0,0.4,0.4,104,1976.7091312309367,68620229.68395936
28,54,0.35680088676805266,0.7737454981982439,0.77647773041087,0.6806032986330834,0.32004644300414437,0.1310099895228537,0.12263116871595019,0.6599489652082496,0.0,0.4,0.4,106,1990.9175964197943,68627809.09174156
28,55,0.3828579622880764,0.7992026691436986,0.8018048783437968,0.7140152574528909,0.344553151768739,0.12953067201799712,0.13264051554375175,0.7154815371800308,0.0,0.4,0.4,107,1986.547767513976,68623681.21697
28,56,0.3561828114368238,0.7707548378251164,0.7729732488811925,0.6876022590940014,0.3286910066173395,0.13052887335213378,0.12264842313244395,0.6599561401427214,0.0,0.4,0.4,108,1960.4419006847568,68623649.13336027
28,57,0.38229614491771385,0.796209828181299,0.7982860054592089,0.7210769563701622,0.3451313072424258,0.12923136999298143,0.1327261691651051,0.7155926648209677,0.0,0.4,0.4,109,2003.8560070964984,68635346.90291412
28,58,0.3823708657152018,0.8074533531732238,0.822522378645529,0.7393615969860299,0.33956765008311235,0.12887398798395794,0.13274518657411138,0.7157835701798787,0.0,0.4,0.4,111,2001.017246961415,68637437.41935742
28,59,0.37506940644485365,0.7969642666862217,0.8113463341010709,0.7471618162159508,0.3609572120287041,0.1244202051818503,0.13217618233851663,0.7001573707072484,0.0,0.4,0.4,112,2011.4147066258377,68615266.54549542
28,60,0.48172191727379743,0.9085754437601719,0.9346212810716821,0.7822392567702733,0.4593144257203765,0.11688562180290922,0.23053862875501788,0.8723263441858018,0.0,0.4,0.4,115,2148.751012252877,68480454.54276727
28,61,0.5196518828094572,0.9597765546719175,1.009887753567985,0.8566168739788236,0.507565728140454,0.11846803475389571,0.2513200657865294,0.9517847117320304,0.0,0.4,0.4,118,2004.165960845336,68377492.65163252
28,62,0.51306368469527,0.9640937439504162,1.027142416439413,0.8575932508503925,0.4773103226140726,0.11501206192079302,0.2502681819867797,0.9365389150740617,0.0,0.4,0.4,119,1899.83059276195,68427035.0458717
28,63,0.51830077019974,0.954484020697137,1.0037671166504039,0.8596743653859109,0.5119919928471475,0.11945401482157222,0.2510946671704612,0.950867268497545,0.0,0.4,0.4,120,2042.958505113756,68380665.4380291
28,64,0.4790917538548136,0.8982274801849712,0.9332867083438251,0.8950221313912012,0.4933705760241253,1.0,0.10719001088191996,1.0,0.0,0.4,0.4,121,3.6809624162285695e+19,132095549.8447564
28,65,0.43352144044671737,0.8341548145210994,0.8654065021093017,0.7737409364551038,0.5556767446973663,0.11522937757490843,0.21293132076754132,0.7896602445635331,0.0,0.4,0.4,122,1924.19735487862,68476612.19685695
28,66,0.5042379376211382,0.9103529324739336,0.9534411349826671,0.9371643731164885,0.5203008768046089,1.0,0.1820660422577532,1.0,0.0,0.4,0.4,123,3.6809624155643728e+19,132132907.47725956
28,67,0.5021801778506338,0.883431956897945,0.9000211077505397,0.9202744161131504,0.49170360358355536,1.0,0.17805476960967948,1.0,0.0,0.4,0.4,124,3.687103261411226e+21,480351633.3987812
28,68,0.5013395651358381,0.8905688268612015,0.9302597309638252,0.942834692018608,0.5909564507739278,1.0,0.1822022372031348,1.0,0.0,0.4,0.4,125,3.680962415449584e+19,132129489.28430375
28,69,0.5012344656113263,0.9010318721801216,0.953596202046727,0.9541601829865861,0.47546372539629783,1.0,0.1822022372031353,1.0,0.0,0.4,0.4,127,3.6809624158172537e+19,132129413.71305884
28,70,0.6089445319245217,0.9657157747040025,0.9990090948766207,1.055828562746362,0.8411070864256214,1.0,0.4634595522851906,1.0,0.0,0.4,0.4,128,3.687103261301397e+21,480145321.2326597
28,71,0.6081185778766239,0.9578070059845526,0.9897245187847007,1.062762322281369,0.6135621894966037,1.0,0.46377171951990104,1.0,0.0,0.4,0.4,130,3.68710326125507e+21,480137011.00751054
28,72,0.6057441186212394,0.939643349939277,0.9793731101964777,1.0533744894410737,0.7985453284119045,1.0,0.4660899657867166,1.0,0.0,0.4,0.4,131,3.687103261331296e+21,480196318.5256917
28,73,0.6038325656572545,0.9075174148921521,0.9306430988092494,1.0704220894404612,0.7330114251425668,1.0,0.4663914391504429,1.0,0.0,0.4,0.4,132,3.687103261287532e+21,480274923.18423146
28,74,0.6024008094230066,0.8908095900822994,0.9110633309283719,1.0765418562465565,0.6451783201124125,1.0,0.46654629102644557,1.0,0.0,0.4,0.4,134,3.687103261285444e+21,480272025.68081343
28,75,0.6016827791045093,0.8907149753221831,0.9219918549908195,1.083326774713163,0.6271861550184705,1.0,0.4671645780901189,1.0,0.0,0.4,0.4,136,3.687103261285084e+21,480261084.0950256
28,76,0.6016505953892233,0.8652968437052773,0.9028020026261823,1.109216757653726,0.6818533235064251,1.0,0.4744683414171401,1.0,0.0,0.4,0.4,139,3.687103261069562e+21,480204077.2959057
28,77,0.6008241155587495,0.8499991642065616,0.8848509879924864,1.1269883597163382,0.6080169009686474,1.0,0.4749579261254896,1.0,0.0,0.4,0.4,145,3.687103261060936e+21,480140936.45717657
28,78,0.5996154968789824,0.8300115749293971,0.861438513812387,1.1365605875195504,0.6598307822905436,1.0,0.4749846147009612,1.0,0.0,0.4,0.4,147,3.687103261062234e+21,480187260.11746246
28,79,0.5993251549026266,0.8246040975014087,0.855101259557523,1.1436838533854758,0.6089754282820536,1.0,0.4750405256787392,1.0,0.0,0.4,0.4,149,3.68710326101468e+21,480193194.7791296
28,80,0.5993672547074717,0.8351482785905973,0.8785183090229157,1.1632250089681824,0.5911408503469571,1.0,0.4752514859320686,1.0,0.0,0.4,0.4,154,3.687103261102467e+21,480073409.1707244
28,81,0.585622550030455,0.803639049539327,0.8437917985132471,1.1568480055721198,0.7085959186014562,1.0,0.4434445789439871,1.0,0.0,0.4,0.4,155,3.687103261048181e+21,480055345.6001597
28,82,0.6140697820370942,0.8032651725905506,0.8272414681229288,1.1955806520390349,0.7363279306657706,1.0,0.5168838455567377,1.0,0.0,0.4,0.4,156,3.687103261109945e+21,479972780.460704
28,83,0.6132191946599961,0.7773563250921515,0.7968376025237361,1.2011502781285361,0.6987231623629366,1.0,0.5177288691085834,1.0,0.0,0.4,0.4,158,3.687103261146936e+21,479950381.1910151
28,84,0.6132077611801777,0.7770572504315222,0.7964869694936867,1.2087764216308465,0.6081418619017899,1.0,0.5177323590153438,1.0,0.0,0.4,0.4,160,3.687103261164197e+21,479951256.8281539
28,85,0.6127396802719093,0.7771408189072846,0.807667745568597,1.0813126014536891,0.6329665123028363,1.0,0.5177181711501542,1.0,0.0,0.4,0.4,163,3.687103261144979e+21,479944667.1276971
28,86,0.6128700882832335,0.7765722480458985,0.8069743872789072,1.0739097742112413,0.6097872389269036,1.0,0.5181179464519154,1.0,0.0,0.4,0.4,165,3.6871032610986514e+21,479936309.70418006
28,87,0.601504679825532,0.8383943767804721,0.9588643590850839,1.142658545701292,0.6155629317702028,1.0,0.4902608866761257,1.0,0.0,0.4,0.4,167,3.769201408356245e+21,490651986.5204255
28,88,0.6012761175087473,0.8324208669202912,0.9518678730758903,1.142089235570396,0.6165999005136461,1.0,0.490260886676125,1.0,0.0,0.4,0.4,169,3.769201408409344e+21,490662799.8536372
28,89,0.6053054387019359,0.7665738281467117,0.8075454732734928,1.2398399807743088,0.6194706630018145,1.0,0.5005971185628236,1.0,0.0,0.4,0.4,170,3.8531275777160847e+21,501585708.853501
28,90,0.6010149494249181,0.7620969827177264,0.8030356938362009,1.2433351829250503,0.5966320708809547,1.0,0.48988926276594524,1.0,0.0,0.4,0.4,172,3.7692009835348833e+21,490665419.8082138
28,91,0.6009933044803697,0.8264934536193393,0.9449356823930749,1.1372922034639363,0.6164403943196076,1.0,0.4901102778214044,1.0,0.0,0.4,0.4,173,3.769201408455525e+21,490668857.5412674
28,92,0.5836897593920625,0.7282043390844551,0.755188218270034,1.2335082064577498,0.5973933782255689,1.0,0.44709852294470764,1.0,0.0,0.4,0.4,174,3.687103261176955e+21,480021814.41588897
28,93,0.5835625556226873,0.7240332421084488,0.750298139322098,1.2370432344406366,0.588628788910698,1.0,0.4471648131923052,1.0,0.0,0.4,0.4,177,3.687103261143144e+21,480019594.6838929
28,94,0.5833086889833766,0.717500060688996,0.7426496383797161,1.2520169577347848,0.6015831589022109,1.0,0.4471128368613324,1.0,0.0,0.4,0.4,179,3.687103261171676e+21,480024913.3708229
28,95,0.5832524536481206,0.7277569709406346,0.7657488142632795,1.2642668592762427,0.582052163396281,1.0,0.44705354777790446,1.0,0.0,0.4,0.4,181,3.6871032611550265e+21,480020853.317567
28,96,0.5832330441181777,0.7233346578029677,0.7605455709000501,1.2718292522626502,0.6108169850495018,1.0,0.4474015440249993,1.0,0.0,0.4,0.4,182,3.6871032611146967e+21,480014290.4726703
28,97,0.5718290648655889,0.7113726843678649,0.7484846310535427,1.264897936217841,0.5689214750702413,1.0,0.4189412629363417,1.0,0.0,0.4,0.4,185,3.6871032611457566e+21,480009003.7864539
28,98,0.5831300259616385,0.7199657850509917,0.7565974615758665,1.27938018791134,0.598597450574357,1.0,0.4474333574426728,1.0,0.0,0.4,0.4,186,3.687103261117569e+21,480003048.6765898
28,99,0.5830672750836011,0.704635647025347,0.7275460057593205,1.290036732581593,0.594190425309955,1.0,0.447640271084195,1.0,0.0,0.4,0.4,188,3.687103261205944e+21,480028744.617792
29,0,0.7685321822261556,0.941235126597292,0.8821974509295205,0.007364632186192171,0.0,0.0,0.0,0.0,0.0,0.4,0.4,1,4550.314266473199,6910.691873093363
29,1,0.752987081441428,0.936741262271696,0.8769183766372586,0.01042998065029379,0.016105214539520584,0.07828222811733856,8.264843040355e-05,0.00014630752434526998,0.0,0.4,0.4,3,4398.710849393001,6822.243075377565
29,2,0.7399505971040922,0.9409891556680464,0.8798901279063467,0.02376125497740398,0.06383180703638888,0.07667874631684042,0.009109039184304819,0.020367546672043248,0.0,0.4,0.4,4,4129.500744887352,6728.591920403141
29,3,1.1113467940857022,1.3520206702350586,1.2877395402427694,0.4570283803748501,0.5711775994610905,0.21486972461500292,0.10350778871163077,1.0,0.0,0.4,0.4,5,4655.13506827938,1060241.6583891036
29,4,0.9898281438971342,1.2663126331401424,1.2128528850813651,0.37055986840079125,0.44647687255664037,0.07978697239320108,0.2759720072224809,0.6170653812716785,0.0,0.4,0.4,6,2342.9937892053704,6892.016042090561
29,5,0.5827527309565325,0.9273405399371792,0.8808802862411073,0.05627114175075314,0.28643356206699777,0.09560495896316087,0.037975799267912405,0.06722626369055677,0.0,0.4,0.4,7,2027.4678165814817,5390.405004828072
29,6,0.5684993900289385,0.9332421562929627,0.8699268482785213,0.09912612229071983,0.24484617783772603,0.09406993140947875,0.11491340582180716,0.08931808298540712,0.0,0.4,0.4,8,1539.0065515231986,2253.275923235771
29,7,0.42932597033377873,0.8551241023709082,0.7954852227823714,0.05918612287047051,0.42118955881782455,0.09274375558859912,0.03529600232710123,0.08174566427768967,0.0,0.4,0.4,9,2487.5669897678827,4118.33623901456
29,8,0.4637080777908712,0.9175250650286524,0.8489322897635089,0.17694025517912937,0.5265979082238954,0.09399142763901433,0.1900852255464792,0.21366784297250424,0.0,0.4,0.4,10,3567.868646527233,4112.657795441179
29,9,0.33934620081366407,0.7948526694186927,0.7254315582661475,0.05639519259124552,0.07744737320265882,0.0907018132754416,0.032833490815367725,0.07633092847295159,0.0,0.4,0.4,11,3322.7339117042275,5985.522489612384
29,10,0.29434725504298564,0.7573751443322975,0.6827743263057219,0.05232042818033043,0.14205304210086234,0.0946150405930771,0.028312453280728678,0.06277075220007786,0.0,0.4,0.4,13,2089.8917954086846,3716.4380842216897
29,11,0.2844535999451781,0.7478431081145823,0.6728563418590917,0.053522506414410885,0.03702760465181753,0.09428729641635626,0.022660796484698688,0.05022774543425272,0.0,0.4,0.4,15,2140.0684522274346,3601.610033230182
29,12,0.2838058532376988,0.7472972287380895,0.6721979496177579,0.06425581392944334,0.033859183915935676,0.09329969139977368,0.02285292585013563,0.050312179638394974,0.0,0.4,0.4,16,2129.260598632798,3595.912264792455
29,13,0.25645099450708475,0.733404863347353,0.6668660229308394,0.06686896934356529,0.21116673732504082,0.09413211165193727,0.024760611539317582,0.050479308476789254,0.0,0.4,0.4,17,2216.1604598608205,3447.379059122389
29,14,0.2483350513562542,0.725345569600494,0.6582844039467253,0.07137066516116966,0.03573634775623155,0.09459474389504038,0.02064503376521046,0.04207082681834418,0.0,0.4,0.4,19,2112.8860712104715,3536.90051407768
29,15,0.2476687336114166,0.7246794456866547,0.6576136656342652,0.0763090062323125,0.024540872487142575,0.09432265345430708,0.02006826824222927,0.04104981364988025,0.0,0.4,0.4,21,2161.687191844156,3564.9356417217723
29,16,0.24677217798829554,0.7237917543742276,0.6565662803434348,0.08184789723127464,0.027749500819456027,0.09447430073632854,0.02012134174280045,0.04110904422995364,0.0,0.4,0.4,23,2092.6914392800145,3567.793517100608
29,17,0.41874730806185967,0.8833651754676348,0.798791192300373,0.27010796979772056,0.3980835105815803,0.06841426637578397,0.03368402439169207,0.5179623201140466,0.0,0.4,0.4,24,2280.2287687153243,4686.648663334227
29,18,0.6763882795145538,1.1624943299776458,1.1025781175920875,0.5506856335576977,0.49616370728757847,0.07642621060369668,0.21305586697580864,1.0,0.0,0.4,0.4,29,3651.158036222367,7137.604079394128
29,19,0.9876743705705459,1.484416430913341,1.4368054874791194,0.8749228554408095,0.8141678162462402,0.07223336898175212,1.0,1.0,0.0,0.4,0.4,31,3680.708368172698,7638.12154481826
29,20,0.9544005472199152,1.441550086486815,1.3865979511322077,0.8768161996097602,0.9496900938026523,0.07284213211167448,1.0,1.0,0.0,0.4,0.4,33,3646.6328793384746,7148.4059851489965
29,21,0.9543534772508382,1.4526877588780946,1.4107247650329504,0.887804112910211,0.8002329185189383,0.07218051630100922,1.0,1.0,0.0,0.4,0.4,35,3653.285670787968,7134.991173970511
29,22,0.9538274548741437,1.4519394459800408,1.4098482686144598,0.8989520296039504,0.8026129107338655,0.07281455104404011,1.0,1.0,0.0,0.4,0.4,37,3563.452249215969,7069.679710497774
29,23,0.9403689434811882,1.465505331323357,1.45898265786417,0.8931031014794668,0.940016449805959,0.07906936323289364,1.0,1.0,0.0,0.4,0.4,38,4243.906577692405,8466.954791858157
29,24,0.9284899728885787,1.4125727508619832,1.3637397539222198,0.9183787237911039,0.8449782449457477,0.07600720668713665,1.0,1.0,0.0,0.4,0.4,41,3622.582389230693,2472.0922977626374
29,25,0.887700902635563,1.3768217320849807,1.3385319258700092,0.910565077878698,0.7840997138688647,0.07877189515868381,1.0,0.9184872609379451,0.0,0.4,0.4,47,3351.6414788699485,2435.824907459521
29,26,0.8875127383103398,1.376480486358567,1.338132194160065,0.9178993427219677,0.7685858055889485,0.07877189515868381,1.0,0.9184872609379464,0.0,0.4,0.4,49,3384.436521207831,2408.4078374438827
29,27,0.8869744307813199,1.3642470708365602,1.3127112486309263,0.9146305512639937,0.7750754373794977,0.07928595902145075,1.0,0.9186414822291489,0.0,0.4,0.4,50,3384.5143592641834,2415.723608828354
29,28,0.8856440078380898,1.3615706774231775,1.3095281368380587,0.9211012236145355,0.7780709614569927,0.079492644377954,1.0,0.9193472904558732,0.0,0.4,0.4,52,3285.857547685624,2416.6557963985997
29,29,0.8738460845233673,1.3591492766994577,1.328543922662104,0.9353270196280712,0.9558639128801174,0.07300476276291638,1.0,0.9238978799195472,0.0,0.4,0.4,53,3770.471504617565,2606.4133166062807
29,30,0.8988406233185516,1.3779402418211515,1.345339759486443,0.9627619260777099,0.8405966383341237,0.13495893240148163,1.0,1.0,0.0,0.4,0.4,55,3357.91555693876,2362.6013038075207
29,31,0.8914640834010668,1.3723710636959254,1.3498984857307197,0.9676800006340657,0.8585766461290574,0.06554628059038047,1.0,1.0,0.0,0.4,0.4,57,4127.908437480862,2555.4680776018336
29,32,0.8905208935504139,1.3701329635934747,1.347277132839666,0.9739346416908613,0.807816060632456,0.06555141378306792,1.0,1.0,0.0,0.4,0.4,59,4198.307208352197,2634.700623919024
29,33,0.8864236457148298,1.371352455460466,1.3597871212112262,0.9905497322058288,0.8697783154462252,0.05894979906737905,1.0,1.0,0.0,0.4,0.4,60,4327.200886249745,2630.615875303152
29,34,0.8565900714421015,1.3526442535624579,1.3540575739858411,0.9666906914228695,0.77106516055488,0.06303012486143875,1.0,0.9255379003543458,0.0,0.4,0.4,61,3778.853985424709,2533.0933310830405
29,35,0.886254533712,1.3821285373149894,1.3834903848513493,0.9998806478889898,0.8020965183651941,0.05874301133440958,1.0,1.0,0.0,0.4,0.4,62,4187.828709733204,2666.013328409921
29,36,0.8125153258466995,1.3020398593656517,1.3016150259650554,0.9352370225215204,0.8032874163167043,0.05731232550501185,1.0,0.8258628309750362,0.0,0.4,0.4,63,4077.010216618821,2651.014025314279
29,37,0.8528999089749423,1.3421989836762984,1.3417125390597326,0.9791852252372324,0.7733050081588712,0.05693695749173662,1.0,0.9271577795018333,0.0,0.4,0.4,64,4098.625482735918,2543.8613942783472
29,38,0.8114316453148527,1.2992798583315692,1.2983929336707645,0.9478780729868223,0.738450904455248,0.05704169375275366,1.0,0.825706107229561,0.0,0.4,0.4,66,4020.0571991251554,2670.033613850375
29,39,0.8111331461177439,1.2982722917187268,1.297190505884068,0.9549117929662427,0.7383582211911853,0.058679143479853604,1.0,0.8260311900255626,0.0,0.4,0.4,67,3742.775489308072,4540.093005509732
29,40,0.8103825448693394,1.2954805603213813,1.2938415962828524,0.9550745578479146,0.7536027607431608,0.052373307596562335,1.0,0.8271876486092269,0.0,0.4,0.4,68,3973.090467680255,2740.743386168041
29,41,0.8082986905830347,1.2817800401581518,1.267028170458836,0.9644321685090513,0.7301826292744295,0.05349235403268765,1.0,0.8225859173912464,0.0,0.4,0.4,72,3352.970175151296,2668.8087663431597
29,42,0.8718123567152543,1.3652898729432401,1.385931556640054,1.1736709344041314,0.8061576934880598,0.07626958794082121,1.0,1.0,0.0,0.4,0.4,96,3105.482438163356,101918.73943282836
29,43,0.8612500140214847,1.331307713974192,1.3461297086092316,1.1777319646407012,0.9183510474364401,0.07615187129487754,1.0,1.0,0.0,0.4,0.4,98,2850.4615952546787,263204.2741812015
29,44,0.8609489227672695,1.3414643903844272,1.3691075234993297,1.1957129306863958,0.8024336638484734,0.07263036881042403,1.0,1.0,0.0,0.4,0.4,101,2862.8205025983216,88895.02851235088
29,45,0.8589899492939298,1.345745519760752,1.3852034832563462,1.2170175811182227,0.8161185580883398,0.07484247416769994,1.0,1.0,0.0,0.4,0.4,104,2892.810067552934,93519.81377725845
29,46,0.8584988956144386,1.3439758631905536,1.3831307444209144,1.2242383913132442,0.8061800976180045,0.07485379121604903,1.0,1.0,0.0,0.4,0.4,106,2898.448128553023,93464.68756086253
29,47,0.8582355771694876,1.3430213667523914,1.3820128473194155,1.2204599705053947,0.806666756074266,0.07558803239344512,1.0,1.0,0.0,0.4,0.4,107,2847.130239287369,93577.52637714948
29,48,0.8548739217473262,1.3305368337234893,1.3673902256804396,1.2230224771786524,0.8877180373752098,0.07843366448606862,1.0,1.0,0.0,0.4,0.4,108,2643.626838913403,92702.32054765437
29,49,0.8527059195413479,1.3332459418300844,1.3816449392928791,1.248051882490206,0.859293092132457,0.06982551220690822,1.0,1.0,0.0,0.4,0.4,109,54817.901365634905,93701.62832116552
29,50,0.8523210846919629,1.331653404785219,1.3797799402134692,1.2442696622705394,0.8107655754028154,0.0783268173395213,1.0,1.0,0.0,0.4,0.4,110,2612.7877566549605,80882.71766018524
29,51,0.8469147457622335,1.3200165151989838,1.3772317489863335,1.2532936797903838,0.9596107174786971,0.06751236400429486,1.0,1.0,0.0,0.4,0.4,111,53877.49216217581,108915.24932784536
29,52,0.8466098819998131,1.3186624740400648,1.3756458796991273,1.2605305918131293,0.809505712530737,0.06837498146651659,1.0,1.0,0.0,0.4,0.4,112,53991.15549099486,109097.57874567792
29,53,0.8444905485468553,1.3089306451399199,1.3642473580765424,1.2560214699921417,0.867716048791147,0.06485853453741758,1.0,1.0,0.0,0.4,0.4,113,28425.780100565014,108395.380021846
29,54,0.8440404069654963,1.3068170074066223,1.361771672354904,1.2633122929731608,0.8147696668121849,0.06539651552991253,1.0,1.0,0.0,0.4,0.4,114,28590.583261060423,108746.16440162688
29,55,0.8432108276959751,1.30286720779873,1.3571455586408123,1.270443993689247,0.8137937549534615,0.06590165015492135,1.0,1.0,0.0,0.4,0.4,116,28476.675130850857,108671.65891904484
29,56,0.84269372973928,1.3003683863872704,1.354218764004881,1.2777058408679123,0.817442287019502,0.06116058287391056,1.0,1.0,0.0,0.4,0.4,117,28527.65061087104,inf
29,57,0.8425697195195859,1.2997689838237387,1.3535167401104786,1.2814035221347084,0.8021070332051657,0.0658635769658286,1.0,1.0,0.0,0.4,0.4,119,28741.31889080435,107727.67891603777
29,58,0.8415926857070555,1.294957350695378,1.3478810610501606,1.2809598478691113,0.8335934632359949,0.06542376234640605,1.0,1.0,0.0,0.4,0.4,120,28813.35335070124,108587.9792393514
29,59,0.7073825500822221,1.1778656100125855,1.2556606825951175,1.1624375860725742,0.6824485435198749,0.05798638832648283,1.0,0.6677397414914834,0.0,0.4,0.4,123,2850.131993030536,128729.9301223804
29,60,0.7065916780843551,1.160770007717044,1.224482837130085,1.1582734573871936,0.6895890536116208,0.057013643944171535,1.0,0.6688023430781291,0.0,0.4,0.4,125,2824.455142687239,128103.15330796751
29,61,0.706073327725316,1.1705360038615154,1.2470551293462941,1.1731153778552434,0.6711661228449572,0.057156529523966035,1.0,0.668041485464621,0.0,0.4,0.4,127,2794.9188282425653,128542.40645583766
29,62,0.6914580593247706,1.1665644019297792,1.255965315813219,1.1778908687487792,0.6551944361140765,0.05412951160315134,1.0,0.6318351919830258,0.0,0.4,0.4,129,2869.051090897688,105501.254442095
29,63,0.7132002614630703,1.1609982232667855,1.2233664192897886,1.203754096654265,0.6840618375919192,0.05527523415199172,1.0,0.6890017772250073,0.0,0.4,0.4,134,2656.218124949381,102150.55405474742
29,64,0.712198494297285,1.1672762037607027,1.2418256975218502,1.214773735638637,0.708555601996157,0.0556097251086294,1.0,0.6886444166525016,0.0,0.4,0.4,135,2785.890857160867,106533.29613948062
29,65,0.7027202717856338,1.1380696250778102,1.2192733626768304,1.2158064576124805,0.9309173702774063,0.0609339527943619,1.0,0.6802599276246458,0.0,0.4,0.4,136,2634.676820256075,131631.01078874076
29,66,0.7021984320905543,1.1447510235180673,1.2381489720907073,1.231010382363116,0.688737632156071,0.06059717184489631,1.0,0.6807260425297914,0.0,0.4,0.4,138,2665.55084771835,128982.45111895306
29,67,0.701085109778431,1.1212221367855557,1.1993749496751782,1.2304390227394622,0.7188376382270838,0.05805413664469259,1.0,0.6826788176524827,0.0,0.4,0.4,140,2593.3789037485158,128086.5739183782
29,68,0.6996621733593631,1.1161740533640478,1.193605533151159,1.2406996771461558,0.6869764981130297,0.057585135888077586,1.0,0.6805887580988035,0.0,0.4,0.4,142,2658.685321271992,127340.6932464486
29,69,0.7036426763811481,1.1095308103510346,1.1848614808933235,1.2646626610149685,0.720664381926816,0.07037720008006063,1.0,0.6946478876854625,0.0,0.4,0.4,144,2568.771034270313,20030.623096154864
29,70,0.6717983808185514,1.0540577913299904,1.1464672005390835,1.2928230302511894,0.6780691454082011,0.059014152205583516,1.0,0.6301935516316874,0.0,0.4,0.4,158,2669.8429797299987,127039.691726237
29,71,0.6716089192301411,1.0527168660249355,1.1449064628418704,1.3004444780055224,0.6565052612705687,0.05898555833006258,1.0,0.6300506749417525,0.0,0.4,0.4,160,2675.97642051063,127022.73256809074
29,72,0.6707526991492692,1.0581651822420457,1.1624212705833497,1.3078020273834596,0.6898252445544762,0.06028700065494831,1.0,0.6292950360585816,0.0,0.4,0.4,161,2598.294669942009,127791.51831953056
29,73,0.6703273910841067,1.0450965025727021,1.1360782811963914,1.3070249316555989,0.6625971993963191,0.05845484931000909,1.0,0.6286305105679284,0.0,0.4,0.4,162,2642.313402605868,126445.02951970843
29,74,0.669832822256186,1.0281777163034607,1.1051656157689322,1.2983444825013397,0.6928119452543783,0.059731967034594505,1.0,0.628846077682666,0.0,0.4,0.4,163,2627.490465290274,127696.24164749152
29,75,0.6691706627492425,1.0323401961135863,1.1211226011724247,1.3098281093417332,0.675748290518261,0.05973196703459458,1.0,0.6288460776826639,0.0,0.4,0.4,165,2566.8712591606622,127435.73632522993
29,76,0.6510783913419141,1.0126535500328648,1.1011347141365788,1.3156549867045673,0.6397585568005115,0.05974654911778332,1.0,0.5840275317754557,0.0,0.4,0.4,167,2587.731803854382,127718.70831026466
29,77,0.6691549660677338,1.0486899757061279,1.162332790266675,1.3604998462513798,0.6559439418315406,0.05645758258587681,1.0,0.630349899355726,0.0,0.4,0.4,176,2669.9655956564397,1121609.6308103888
29,78,0.6676149376751488,1.0629026219794748,1.2012940199783344,1.3838351728241407,0.6682831846165166,0.06088088487270663,1.0,0.6281418918540448,0.0,0.4,0.4,179,2549.6815805548763,127688.3707386224
30,0,0.9730560317336571,0.993900489087531,0.9438821166778277,0.012207057973661237,0.0,0.0,0.0,0.0,0.0,0.4,0.4,1,1170.9783780536643,7719.731526176145
30,1,0.9491671455014772,0.9884230540398157,0.9374503917733844,0.015185153797771606,0.019554802048816742,0.07258063709722555,0.00010534518783734,0.00013170592161439,0.0,0.4,0.4,3,1145.7727092243035,7700.219769258982
30,2,0.9144653699924,0.9876862448136874,0.9348669366749299,0.02655699621435644,0.08545078088230987,0.059825054517621976,0.01493926568646248,0.01041349088523862,0.0,0.4,0.4,4,1169.878971419404,7465.379835063111
30,3,0.601347628959655,0.9517720051728308,0.8901676823425881,0.09752925386621993,0.9787029007185343,0.08893553371902074,0.10024776216838771,0.12533295708335995,0.0,0.4,0.4,5,1555.817979201968,4775.590191410123
30,4,0.4887511891660285,0.8928676756585043,0.8225596531938664,0.08942240348585807,0.2598242726224833,0.09393858058418711,0.0807533568541649,0.1246228710835802,0.0,0.4,0.4,7,1672.2249452903875,5821.679954159035
30,5,0.389046802870473,0.8273114963510286,0.7475896785855933,0.07888531462491137,0.26332687828842366,0.10818995213594736,0.06757052226316418,0.11133675785275066,0.0,0.4,0.4,9,1882.80062284089,5678.038233519287
30,6,0.3611447380932986,0.8115615417115124,0.7444599633031264,0.06674673096082323,0.05071386713953066,0.10984036030317076,0.04501546804859707,0.07206027252321008,0.0,0.4,0.4,13,1835.6936858507036,4766.626082707609
30,7,0.44315088441321926,0.8828955561654224,0.8025859417834451,0.1598807856541027,0.1327311133299311,0.11554769800632347,0.06053726830598305,0.2659108842961873,0.0,0.4,0.4,17,1500.24660414842,74204.0637738819
30,8,0.45038249339773845,0.8924358157483624,0.8111036014260161,0.1831487460109295,0.16686845976566522,0.09218915107081524,0.09137338963044069,0.2738540576357479,0.0,0.4,0.4,19,1954.9701866827425,5802.265774442779
30,9,0.4425163999456794,0.890644580670577,0.8060399811480584,0.2038362772609761,0.23021714950676414,0.10478673989408238,0.061586146300361924,0.3469320586136193,0.0,0.4,0.4,21,1246.6748545294408,73108.15217989663
30,10,0.4359766045468776,0.888453274876903,0.8001348397281804,0.2264490876648988,0.25855065678535405,0.11129244849986986,0.07476675165174392,0.3824899712804895,0.0,0.4,0.4,23,1452.9992078994546,71601.58450982237
30,11,0.4349167308987731,0.8987277460293726,0.8232506447341708,0.23354183195239384,0.18614282256562498,0.11129244849986986,0.07476675165174441,0.3824899712804898,0.0,0.4,0.4,25,1383.976096019025,72006.82344692678
30,12,0.6910185210855531,1.180477460295862,1.125698360368642,0.5413709528887793,0.5856996819830089,0.15505717505962965,0.3443842607141871,0.838637862758507,0.0,0.4,0.4,27,2080.1306163187774,65098.15400873625
30,13,0.6785396897799264,1.1765702936978923,1.1306905031207761,0.5556093376084227,0.5613188076337101,0.1550630571289367,0.3508150566313333,0.854298012071394,0.0,0.4,0.4,29,1753.6135712237294,67077.31268720166
30,14,0.682692110688849,1.146297199061567,1.06026268739767,0.5463588322766553,0.5078023822232753,0.1640741794536144,0.3429132653113089,0.8873837300764702,0.0,0.4,0.4,32,1859.0743328878311,96588.82085020392
30,15,0.580725418269193,1.0844272055809703,1.0459563298619379,0.49590037309323165,0.5924116245944777,0.15352712290488,0.2934508359736661,0.7349186440445983,0.0,0.4,0.4,33,1706.0577308736647,105129.14813056707
30,16,0.5817153661661998,1.0835014407631935,1.043681862610922,0.508291359017756,0.4457628102089631,0.1434557107013964,0.2860075165156043,0.7597371392321844,0.0,0.4,0.4,35,1640.9422131227377,92955.33670594728
30,17,0.5809796846621232,1.0823529946877746,1.0422594339979927,0.5116813792149917,0.42992029635972856,0.1498544538569638,0.30548387630469004,0.7413885307579756,0.0,0.4,0.4,36,1672.479025805648,95034.62954537629
30,18,0.6777351506772927,1.1783590278376002,1.137780279829789,0.6133506107236195,0.5374000936539347,0.13794236888189956,0.36127337732445697,0.9326976113901599,0.0,0.4,0.4,37,1655.6690226627404,104130.16592782114
30,19,0.7402524088856036,1.2398272187558428,1.2058453849290542,0.7193314706514973,0.8663857829638173,0.1432387563018109,1.0,0.5131128608222117,0.0,0.4,0.4,38,3670.1870799404337,65021.48636437114
30,20,0.7856749395391651,1.2833802600544795,1.2484905927679892,0.7741990266289767,0.6737390417898563,0.1390559679050995,1.0,0.635247799982138,0.0,0.4,0.4,40,3143.4595670675285,75941.7001096269
30,21,0.779634416646284,1.2840112911046768,1.2603113523343517,0.7817569680436807,0.6899165136039108,0.1390559679050996,1.0,0.635247799982136,0.0,0.4,0.4,42,3119.700378400338,75755.88873381374
30,22,0.7796344165444404,1.2952156397651464,1.2845161178554836,0.8003561270224846,0.6540995811643513,0.1390559679050995,1.0,0.6352477999821361,0.0,0.4,0.4,44,3119.70037797808,75755.88872832835
30,23,0.7429793366262583,1.2470675541725986,1.2232500740150767,0.7739860281896893,0.6226729733203642,0.138353992870827,1.0,0.5446040893476163,0.0,0.4,0.4,45,3089.3396574417598,75398.80124082275
30,24,0.7490689438521019,1.2460618494653897,1.2195201700949594,0.7841096141797705,0.743859753124597,0.14833895288501192,1.0,0.5818583754431107,0.0,0.4,0.4,46,3088.0983974113174,75456.6502006379
30,25,0.9119704054273554,1.4723863223036822,1.522450696584341,1.0840730285751672,0.8017568273440485,0.09562207791783636,1.0,1.0,0.0,0.4,0.4,79,3377.242162766596,33508.97880481771
30,26,0.9035653556579224,1.455596553862672,1.50278556309744,1.0859735288043582,0.9183391212430839,0.08573146314788209,1.0,1.0,0.0,0.4,0.4,80,3447.1169068015724,34908.43875449611
30,27,0.8988185139453786,1.45632247037287,1.5147174759002855,1.1091009946011998,0.8142043796898549,0.08642242503727054,1.0,1.0,0.0,0.4,0.4,85,3331.7452756774774,40803.12306012736
30,28,0.893629089872134,1.444659936067716,1.5010577011279755,1.1080805873093222,0.881507405716586,0.08624836091083972,1.0,1.0,0.0,0.4,0.4,86,3455.0542578820823,42938.57599087731
30,29,0.8904760965259513,1.437343155830562,1.4924878128415715,1.1213924474573964,0.8258383105534853,0.08609124422578243,1.0,1.0,0.0,0.4,0.4,88,3407.010161641316,41077.16274447243
30,30,0.889725542121607,1.4467050169191031,1.5145346701642532,1.1388133449956115,0.8062790311080736,0.08609124422578249,1.0,1.0,0.0,0.4,0.4,90,3413.443804221576,40997.25013496359
30,31,0.8874785586776188,1.452392160751356,1.5322777187891359,1.1559249943414964,0.8127375559279751,1.0,1.0,1.0,0.0,0.4,0.4,93,5890.30635278106,346036184.36039203
30,32,0.8715644211357759,1.4317100368728317,1.5302169220369626,1.2025536657237725,0.9505750137363997,1.0,1.0,1.0,0.0,0.4,0.4,95,2684.55601199629,22724663.80197475
30,33,0.8715042952704806,1.4203622487512089,1.5058440487284241,1.1952809675899911,0.8012523871258073,1.0,1.0,1.0,0.0,0.4,0.4,96,2703.051245572537,22721082.481458507
30,34,0.8671694540405552,1.4181578287129386,1.5143437936796458,1.2049340758039655,0.8932480164696095,1.0,1.0,1.0,0.0,0.4,0.4,97,2636.271588282691,22722776.40130248
30,35,0.8637926397352645,1.4296345242883275,1.549949377377836,1.229641963358434,0.808521871536051,1.0,1.0,1.0,0.0,0.4,0.4,106,2709.8949628210157,22536790.63066258
30,36,0.8575645204757429,1.407795823586559,1.524370616123571,1.2202334827644012,0.8760687050147972,1.0,1.0,1.0,0.0,0.4,0.4,108,2726.906056789788,22528701.81612124
30,37,0.8475757250819344,1.3789349149856198,1.5016488998651067,1.261030757204784,0.8559706316328368,1.0,1.0,1.0,0.0,0.4,0.4,113,2597.9411796896625,22535313.11373236
30,38,0.8461683202703769,1.3726630715620156,1.4943030094968432,1.2717107919140516,0.8218888525749773,1.0,1.0,1.0,0.0,0.4,0.4,115,2671.5721146722594,22508144.88329477
30,39,0.8434113608822558,1.3598516538492937,1.4792975194193363,1.2667864040004688,0.8894963663379511,1.0,1.0,1.0,0.0,0.4,0.4,116,2629.619119807674,22529052.51609951
30,40,0.8430902113909812,1.3695120194660513,1.501694043564457,1.2928731375896856,0.8053906962105496,1.0,1.0,1.0,0.0,0.4,0.4,118,3025.829432976675,22618779.34622841
30,41,0.8430810115075129,1.3806720882451875,1.525847038186189,1.3080717890537485,0.8001031872229483,1.0,1.0,1.0,0.0,0.4,0.4,121,3020.8608347448726,22619095.736220676
30,42,0.8416845193470757,1.3738977792955653,1.5179125737144776,1.315014326051338,0.8238396232623093,1.0,1.0,1.0,0.0,0.4,0.4,123,2858.136778841015,22611001.664262075
30,43,0.8414445077778032,1.3726642683155654,1.5164677784877414,1.3186675474518101,0.8083488654861631,1.0,1.0,1.0,0.0,0.4,0.4,124,2845.959014129025,22612077.528623328
30,44,0.8401991980239912,1.3663925958567538,1.5091220849670037,1.325836460810275,0.8440330121093766,1.0,1.0,1.0,0.0,0.4,0.4,125,2838.1554761225366,22607843.68166712
30,45,0.8400489859075192,1.3768474348656197,1.5324489761369615,1.3409720967790388,0.801080277829002,1.0,1.0,1.0,0.0,0.4,0.4,130,2834.679474318475,22631031.42059729
30,46,0.8399645699795127,1.3763803590517099,1.5319020024773913,1.3447246632341106,0.8030406571982882,1.0,1.0,1.0,0.0,0.4,0.4,131,2835.198781031664,22630440.46205855
30,47,0.8389586491425709,1.3822885603610435,1.5499037087517493,1.3520425754536975,0.8366887977147603,1.0,1.0,1.0,0.0,0.4,0.4,132,2899.0355195918432,22626166.934308257
30,48,0.83766621184448,1.3753518348582685,1.5417790239538505,1.3552313247578374,0.8484387052408273,1.0,1.0,1.0,0.0,0.4,0.4,133,2845.8035885135587,22626178.440636385
30,49,0.8372038601993267,1.327999716198444,1.4419907793994078,1.3388033502162824,0.8177052390630342,1.0,1.0,1.0,0.0,0.4,0.4,134,2856.9985135146635,22632695.5563585
30,50,0.836996458943353,1.3492619236189147,1.4890576790810526,1.3542492732780915,0.8080101863257056,1.0,1.0,1.0,0.0,0.4,0.4,135,2851.9325224453187,22633354.333743468
30,51,0.836289519117923,1.3229008622181913,1.4360186223009084,1.3495771679954176,0.8275998149514703,1.0,1.0,1.0,0.0,0.4,0.4,136,2842.1173824786574,22639823.756258804
30,52,0.831997316039546,1.3197908416724973,1.4545393498861103,1.3547481978398923,0.9790958721480765,1.0,1.0,1.0,0.0,0.4,0.4,137,3679.9861101282286,22576623.117369663
30,53,0.8319973224592734,1.3309951903329669,1.478744377870611,1.3666585345581703,0.8000021581684686,1.0,1.0,1.0,0.0,0.4,0.4,139,3679.986343172094,22576623.10239788
30,54,0.8311019348873278,1.3251986290333266,1.4719551066907028,1.3661169356209775,0.820020195604404,1.0,1.0,1.0,0.0,0.4,0.4,141,3592.793176561124,22577178.400598407
30,55,0.8304094320737545,1.3318312081697237,1.4908053570348252,1.3851922479333805,0.8316962500236741,1.0,1.0,1.0,0.0,0.4,0.4,142,3567.299872434732,22580988.046088524
30,56,0.8299139581093675,1.3285225265348044,1.4869299541699585,1.4044867054909314,0.8115394167897356,1.0,1.0,1.0,0.0,0.4,0.4,144,3591.7831601874977,22585316.59087813
30,57,0.8296129860521251,1.3264940292683178,1.4845542013758064,1.3999017016215962,0.80708608161937,1.0,1.0,1.0,0.0,0.4,0.4,146,3554.5376809871,22579153.66770836
30,58,0.8370002589616303,1.3941425752341257,1.585951346378025,1.4324050411919016,0.8200015775320465,1.0,1.0,1.0,0.0,0.4,0.4,155,3295.9801799802563,22513142.788513582
30,59,0.841088716756811,1.4380907848694449,1.6595893813095373,1.4601751546077937,0.9631625508531944,1.0,1.0,1.0,0.0,0.4,0.4,156,3385.591684094538,22515243.94017553
30,60,0.8418381698503192,1.441830297782202,1.6639693699999905,1.4719947556566293,0.8281063769111594,1.0,1.0,1.0,0.0,0.4,0.4,159,3411.8289768963778,22521246.68179342
30,61,0.8329269093825818,1.392778276187639,1.606516794834091,1.4713275742791083,0.8159038780205183,1.0,1.0,1.0,0.0,0.4,0.4,160,3603.216097585224,22517281.304636776
30,62,0.8420804832512101,1.4542358450768336,1.6895812016386635,1.4797614767335343,0.8112483006955926,1.0,1.0,1.0,0.0,0.4,0.4,161,3357.2526146280434,22526569.387736384
30,63,0.8461430283648748,1.4733871502006912,1.712012174100876,1.4853444174128199,0.8141232894474553,1.0,1.0,1.0,0.0,0.4,0.4,162,3472.027060656333,22491770.20375655
30,64,0.8456945472876045,1.4601491753299514,1.685425422280594,1.484075936059917,0.8264749001730625,1.0,1.0,1.0,0.0,0.4,0.4,163,3453.436470500617,22491483.228577934
30,65,0.8499244139880253,1.4898558467608374,1.7313011975809802,1.4983344579849227,0.8244456578410695,1.0,1.0,1.0,0.0,0.4,0.4,165,3443.423732965229,22598605.550512068
30,66,0.8375989379041469,1.4310092521871738,1.6623768735127347,1.50161913806611,0.8005911252522979,1.0,1.0,1.0,0.0,0.4,0.4,166,3691.200503313419,22512373.593414985
30,67,0.8391882079919679,1.4395203924667785,1.6723454947047358,1.5051834823738797,0.821814996724889,1.0,1.0,1.0,0.0,0.4,0.4,167,3800.45270338436,22508759.932300515
30,68,0.8355971168658237,1.4085993581126854,1.6250473647956043,1.498337988041452,0.859882928041934,1.0,1.0,1.0,0.0,0.4,0.4,168,3297.9705487119872,22499948.41639722
30,69,0.838194587768115,1.4342353578271743,1.666155558626377,1.5238263046223706,0.8049664851170413,1.0,1.0,1.0,0.0,0.4,0.4,171,3601.0321404549845,22530469.04949734
30,70,0.8337626046462261,1.4202270156001098,1.6608298488040396,1.5150024731734946,1.0055967306442049,1.0,1.0,1.0,0.0,0.4,0.4,172,3578.111770517239,22504831.22175783
30,71,0.8332024421879765,1.428023181116255,1.6810428745722992,1.5350299951507753,0.8907228869364725,1.0,1.0,1.0,0.0,0.4,0.4,173,3554.6018960946008,22508811.42026361
30,72,0.8327040780715563,1.4137503563547398,1.6532440669171353,1.5336531931431674,0.8226294742744966,1.0,1.0,1.0,0.0,0.4,0.4,174,3546.4245551022177,22507503.575310804
30,73,0.8283879409854118,1.3852539446920349,1.6198674533743667,1.542585168298002,0.8072139927111641,1.0,1.0,1.0,0.0,0.4,0.4,176,3506.531667083816,22492919.75915894
30,74,0.8326901129083496,1.4360723745257329,1.701552155867546,1.5502393231147589,0.816858209473325,1.0,1.0,1.0,0.0,0.4,0.4,177,3557.7826970489623,22508723.463919204
30,75,0.8316650445655003,1.4072142013614783,1.6455885353901007,1.5470921623646054,0.8562579745889005,1.0,1.0,1.0,0.0,0.4,0.4,178,3530.4175676146942,22509015.802989285
30,76,0.8305271412015754,1.411034751586019,1.6611450673093868,1.5772849783252996,0.8025843718070929,1.0,1.0,1.0,0.0,0.4,0.4,182,3596.192318297848,22510493.976985488
