Run,Equation_Index,Hybrid_MSE_Train,Hybrid_AIC_Train,Hybrid_BIC_Train,Hybrid_MDL_Train,Hybrid_PSM_Train,Extrapolation_Divergence,Sensitivity_Interpolation,Sensitivity_Extrapolation,Lambda1,Lambda2,Lambda3,Complexity,MSE_Test_Interpolation,MSE_Test_Extrapolation
1,0,0.6431445611099564,0.9015169278652524,0.8356772624440771,0.0037126713552783843,0.0,0.0,0.0,0.0,0.8,0.8,0.3,1,6328.096169968375,6994.644494371916
1,1,0.6870509789399732,0.9535584455283623,0.8869687216675795,0.06312745424234292,0.07171492770719988,0.07039654402387599,7.806692045648e-05,0.00013697358343827,0.8,0.8,0.3,3,5988.334115031348,7123.986898293119
1,2,0.6999461242628888,0.979162763129951,0.9113551002333855,0.09751134000426213,0.1388453751386155,0.09060127439829212,0.0091878115898059,0.0310215930538905,0.8,0.8,0.3,4,5541.561691482352,7255.523004847028
1,3,0.5731912396618247,0.9542382667016416,0.8881397040706257,0.12382626349657654,0.5794008038832964,0.08608014532280392,0.037754940592171035,0.06624354432282525,0.8,0.8,0.3,5,3183.3390862262377,5428.108192069795
1,4,0.5224865203063344,0.9530375754936694,0.8760438087081351,0.18502531568002029,0.4035279569110122,0.08715372352446393,0.07156351571980772,0.18128746361430143,0.8,0.8,0.3,7,2916.637912065059,4295.217858363379
1,5,0.5208802815751714,0.9622759884733008,0.8812493189118986,0.2207771081132147,0.29643573623580954,0.08522860632137344,0.09713264237214611,0.22752654699670752,0.8,0.8,0.3,9,3479.8286901760102,5252.9572115475
1,6,0.5130360087570673,0.9572175730146535,0.8748570674928536,0.22830460287408572,0.2440208432239772,0.08686426714277859,0.0968575963716137,0.23299842961378703,0.8,0.8,0.3,11,1969.510719611833,14168.621696157705
1,7,0.6380440995801121,1.1077414841795132,1.0496504043306327,0.39224353808269646,0.3904177780541804,0.06961382854085116,0.23883351986287438,0.36115469805302175,0.8,0.8,0.3,13,6025.922933094537,2837.234247564664
1,8,0.649385548694378,1.1264077317395376,1.0584815599863602,0.4699536908451846,0.6317867901164447,0.08778278626872223,0.27264209499051156,0.4761986173444971,0.8,0.8,0.3,15,6104.772428213506,2931.9946852391963
1,9,0.6140041321442596,1.088984143232301,1.0161754365170164,0.465483678762332,0.5218107959856385,0.09448723930713147,0.26337116270245664,0.4533308964731929,0.8,0.8,0.3,17,4136.610689480518,2444.241596441336
1,10,0.612772790565348,1.087575263098049,1.0145355962350564,0.47254143285722455,0.4269364101733237,0.09429890356130172,0.26343557522825506,0.4534608954469112,0.8,0.8,0.3,19,4022.337182298674,2484.484196781635
1,11,0.61321899050256,1.0879640394823658,1.0148517189968038,0.4818848032146503,0.4259982005406405,0.09464086037260197,0.26402235638299854,0.45369349110560425,0.8,0.8,0.3,20,4098.875606357978,2602.981852046018
1,12,0.5886501952116419,1.0710822185336948,1.007435098562697,0.471397537567747,0.5605430319842,0.06694121964413095,0.2873928818921837,0.4404299922096942,0.8,0.8,0.3,21,8243.15895072625,2891.007060490753
1,13,0.5946625416298699,1.0723859437725975,1.0054944115212372,0.4957248692593017,0.501654116409336,0.06452042684996505,0.3032352200695383,0.47213308106612695,0.8,0.8,0.3,23,5804.317986028517,2561.1076596304165
1,14,0.598773937350054,1.081616463045869,1.0243229671432217,0.5194611914473776,0.523204384163706,0.06725936895691631,0.31844474219427477,0.48391714039247463,0.8,0.8,0.3,25,8550.443150440198,2987.713378159697
1,15,0.5244730130118943,1.0079413616463595,0.9507137771294677,0.4502451356426468,0.3822098064978708,0.060032704332071564,0.26990157682873117,0.3857679303426527,0.8,0.8,0.3,26,8506.460303215252,2599.891414294479
1,16,0.5653169947984069,1.05163306058911,1.0037469262858325,0.5099352136536266,0.5054136016206737,0.06737390496356062,0.30183062177700204,0.4605595263351671,0.8,0.8,0.3,28,7899.006476560658,3458.1028734563743
1,17,0.5215733041807138,0.9933104720416662,0.9310054155586299,0.4734276162393708,0.45255851016105586,0.06046706269023414,0.2734049812220929,0.42532778530865817,0.8,0.8,0.3,29,7307.2914297927155,3450.47873264765
1,18,0.5565659536467802,1.037681404651123,0.987639643889334,0.5171211071558375,0.46221570060212885,0.06317868308554267,0.30292491595919196,0.464279616863368,0.8,0.8,0.3,30,7444.055630945647,2903.1022254951195
1,19,0.549120694039142,1.0248553122399664,0.9727411431272747,0.5233924570197764,0.47370153533235837,0.059957544601741644,0.30439906100111386,0.4665226277653679,0.8,0.8,0.3,32,7690.131884198636,2902.542296279419
1,20,0.5634521651501876,1.026656588013574,0.9610501760163104,0.5422407522238417,0.4674145709423859,0.06146520355142734,0.3079024653944759,0.5060824827313732,0.8,0.8,0.3,33,6782.236656136689,3256.3461289250727
1,21,1.00580366154747,1.4750891034242446,1.4206523160680635,0.9905705953918957,0.9698634112688795,0.22240865263609472,0.5216388325064656,1.0,0.8,0.8,0.3,34,10116.158741711388,9425.6006087327
1,22,0.9035014331537823,1.3794163341528012,1.336381857332227,0.9004931138381183,0.831053808941695,0.1963333460057572,0.425783951770111,1.0,0.8,0.8,0.3,36,8498.607852504074,6007.443138355504
1,23,1.7035265104838475,2.153488256748515,2.0833187374790594,1.7126445588539225,1.6231510867111347,1.0,0.6259944782907843,1.0,0.8,0.8,0.3,38,8595.839919872722,3256.0590994238555
1,24,0.8522639970441774,1.3415038153450687,1.3311855355277271,0.8977753435043139,0.7928823030703545,0.08233903764238659,0.6439025311091745,0.6062551446450517,0.8,0.8,0.3,45,9570.20142699098,3727.4786944710913
1,25,0.8542505750385802,1.3423786200923065,1.331736194655495,0.9070823506868985,0.7722485872697648,0.08248298454782312,0.646395552951412,0.6084484145454109,0.8,0.8,0.3,47,9561.31839213575,3748.201384023275
1,26,0.8543659006885347,1.3420843580352388,1.3313230693738078,0.9196644822189548,0.7684601635817165,0.082925847906852,0.6464378603936549,0.6084874757475894,0.8,0.8,0.3,49,9705.557712532089,3583.84311730946
1,27,0.8534342803717798,1.3497344398605169,1.3512180152085838,0.9290814995017296,0.7823045305244813,0.08360309937819582,0.6467277158083763,0.60876792929279,0.8,0.8,0.3,51,9633.119897299764,3832.613140724848
1,28,1.2396013884036672,1.6847647358749753,1.642427065037287,1.3473090735609021,1.1964417024472636,0.07960217787318763,1.0,1.0,0.8,0.8,0.3,57,11337.079588677689,2807.411987883761
1,29,1.2310029844715096,1.6565069006041888,1.609129994826745,1.368934675421534,1.205951226890817,0.08106124930614911,1.0,1.0,0.8,0.8,0.3,62,10611.275908947067,3156.212082844278
1,30,1.2039811323165175,1.627029246107313,1.5790396701432234,1.3704759309278587,1.1425842083133657,0.04868662016451417,1.0,1.0,0.8,0.8,0.3,69,15390.119064109016,5234.998447289922
1,31,1.2032002824671066,1.6356162947549173,1.6001789291382698,1.379993478344807,1.147924663856349,0.04868662016451417,1.0,1.0,0.8,0.8,0.3,71,15325.56946086114,5317.958188428599
1,32,1.1991734520766697,1.6227887126067955,1.5852179901600032,1.3791126305240633,1.2254852998251862,0.048223615806930534,1.0,1.0,0.8,0.8,0.3,72,14354.33883738282,5603.154041790418
1,33,1.1958121505143393,1.6249018146010403,1.598965682856969,1.386442707687578,1.1933332907561118,0.04682894195388049,1.0,1.0,0.8,0.8,0.3,73,14033.516645459458,5768.7992379947145
1,34,1.1960776929178778,1.5969264020541334,1.5436211063839582,1.3725496016063994,1.1954894919094543,0.04985681517443951,1.0,1.0,0.8,0.8,0.3,74,14199.007979697251,5958.761703516523
1,35,1.1940921799141864,1.5828421445382699,1.526749302478059,1.3895165025164056,1.1989233111686084,0.05259758585790013,1.0,1.0,0.8,0.8,0.3,76,13608.983603749535,10557.362024724212
1,36,1.1943664715104323,1.5884040735550569,1.543972901254064,1.401483483426232,1.1715520613550787,0.05531690885933398,1.0,1.0,0.8,0.8,0.3,78,15295.48919162837,10769.357200950337
1,37,1.1928614772929111,1.5846040159575214,1.5396574538675798,1.4104300630010504,1.1539735768576551,0.05432870342182962,1.0,1.0,0.8,0.8,0.3,80,14951.993003528318,10700.82117029474
1,38,1.1927704656592428,1.5857255293794843,1.5515530507281834,1.4222309979939982,1.192262386814825,0.05797600404662551,1.0,1.0,0.8,0.8,0.3,82,16003.337898775764,10502.06654939472
1,39,1.1894699303734289,1.5769637509250045,1.5416002533619833,1.4340403747073502,1.156475745543383,0.05571669957406722,1.0,1.0,0.8,0.8,0.3,86,15231.715914005686,10844.247982604322
1,40,1.1977426789458683,1.618491434000221,1.62205148444558,1.557266112499545,1.1530829752839458,0.0661805909372731,1.0,1.0,0.8,0.8,0.3,109,8794.23912938791,6105.388259922191
1,41,1.1910448841052288,1.60268351317616,1.6148756308529097,1.5571170857745416,1.2405836625266333,0.06430040164345995,1.0,1.0,0.8,0.8,0.3,111,7629.1723900761235,4026.613259309728
1,42,1.1866884634964439,1.5779093422730655,1.5858285891412405,1.5696515467584422,1.2386844474655012,0.06452051292783784,1.0,1.0,0.8,0.8,0.3,113,8002.092321554922,5975.318973310629
1,43,1.1831311772371824,1.5580597497165865,1.5626390398678598,1.571309305046349,1.2193736545074583,0.06408639203656533,1.0,1.0,0.8,0.8,0.3,115,7821.334746314828,5828.936375085071
1,44,1.1887006593864993,1.5602817845603718,1.5641813765456718,1.595600697239311,1.1713606125490976,0.07182533387814435,1.0,1.0,0.8,0.8,0.3,117,7785.010282005525,5780.627814053751
1,45,1.1816655183771323,1.5418496252721623,1.5327099903142412,1.5811899523691084,1.1519639771951091,0.0630730899135597,1.0,1.0,0.8,0.8,0.3,118,7717.383181209467,6380.580817986641
1,46,1.1880825473949457,1.5680942261162087,1.5844334397539266,1.6026791789724844,1.1786318320972304,0.07167941566676861,1.0,1.0,0.8,0.8,0.3,119,7759.938739131021,5795.820228316348
1,47,1.1864270803018915,1.562085856274461,1.5775472577442624,1.6050464868721752,1.1743640978190673,0.07057650009246734,1.0,1.0,0.8,0.8,0.3,121,7632.205486952586,5949.759447132623
1,48,1.1806075986002953,1.5185282823982813,1.5049241303709293,1.5923635521494768,1.2157168371499687,0.06650794194549045,1.0,1.0,0.8,0.8,0.3,123,7984.945537069683,4988.933585259872
1,49,1.1781624280850114,1.5046388932028403,1.499577291704959,1.6022373918506718,1.3359418486944705,0.06767943010790248,1.0,1.0,0.8,0.8,0.3,124,7757.031193723972,4877.755047992804
1,50,1.1778220137924735,1.4974190548488215,1.4910181350113432,1.6205758789111313,1.1683933541899196,0.06843061272326284,1.0,1.0,0.8,0.8,0.3,128,7674.260760413978,4803.362045408829
1,51,1.1773515836551205,1.4938270016894966,1.4868202279143528,1.6275810149972743,1.1670535244121645,0.06836212322771083,1.0,1.0,0.8,0.8,0.3,130,7676.614758570559,4894.02812137863
1,52,1.1757650330292584,1.473615385923104,1.45217314951401,1.6256379918250923,1.2126026017913722,0.06757676996377623,1.0,1.0,0.8,0.8,0.3,131,7554.579755984851,5012.347098535693
1,53,1.1728945730406828,1.4716189239332735,1.46119088225957,1.6345888466784766,1.233447539043985,0.06557378478572251,1.0,1.0,0.8,0.8,0.3,132,7246.870320325116,4989.657187308454
1,54,1.1734384665270194,1.489466531467945,1.504062160331278,1.688939067728178,1.158611775512663,0.06700763818009595,1.0,1.0,0.8,0.8,0.3,140,7171.091917643597,5046.858925735816
1,55,1.1723807534183244,1.4573778031329294,1.4660932067609644,1.6955636102526268,1.2756428899316827,0.06981466081407822,1.0,1.0,0.8,0.8,0.3,142,7368.542247943496,5114.297166473772
1,56,1.1673012764442257,1.4500752086284137,1.4583728929242155,1.6980244312083557,1.15950826357625,0.06373557476289321,1.0,1.0,0.8,0.8,0.3,144,7183.940876443232,5121.394111190539
1,57,1.1637021644995837,1.430734815987475,1.425180803137759,1.693788728760728,1.1825406800255354,0.059778380357397506,1.0,1.0,0.8,0.8,0.3,145,7074.605981784121,5348.290620038972
1,58,1.165775185981635,1.450677520544534,1.4702748940450718,1.7310952499131662,1.1676463372738135,0.0628984920850703,1.0,1.0,0.8,0.8,0.3,147,7091.73830598036,4486.718238857771
1,59,1.1669241020898842,1.4339241290722218,1.4392701554484897,1.7088505451440763,1.2031002039025125,0.06509234962337605,1.0,1.0,0.8,0.8,0.3,148,7247.753862140467,4587.507250188146
1,60,1.164754251369159,1.4316191054035745,1.4369399337665623,1.7255519428027368,1.1509624402375944,0.06239528460180134,1.0,1.0,0.8,0.8,0.3,149,7046.621428978373,4463.946306758511
1,61,1.1647542513909672,1.4428234540553573,1.4611446992790076,1.7490135762571872,1.1499169714654511,0.06239528459094292,1.0,1.0,0.8,0.8,0.3,151,7046.6214272483685,4463.946310591512
1,62,1.1647381776483368,1.4302667500313457,1.43533841766146,1.7489785229678472,1.155082902654532,0.06252262354588475,1.0,1.0,0.8,0.8,0.3,153,7013.100858046007,4577.646807804758
1,63,1.1719008008806095,1.459646208782057,1.4906832359812785,1.7529632217209015,1.1574881618906925,0.07149701034810027,1.0,1.0,0.8,0.8,0.3,158,7273.6438554753795,5096.966572995997
1,64,1.1651979215969814,1.4846375491022394,1.5543185919592721,1.8051524385738633,1.1543180434223783,0.0633292284215678,1.0,1.0,0.8,0.8,0.3,162,7100.963396002274,4761.276312501997
1,65,1.1636357975663398,1.439842133743462,1.4796607079933486,1.791015003529168,1.3085412835450418,0.06353044549611919,1.0,1.0,0.8,0.8,0.3,163,7590.362047498338,5064.942779711408
1,66,1.171442015867565,1.4408628389728217,1.4794305088418345,1.8025045674770495,1.2098851483215245,0.07393627437993688,1.0,1.0,0.8,0.8,0.3,164,7203.502157687723,12532.060298691727
1,67,1.1565209153356593,1.4227952526490553,1.4717249899159177,1.7995096742983392,1.2539985062047243,0.056604684733787644,1.0,1.0,0.8,0.8,0.3,165,7494.16673011415,5050.91683520646
1,68,1.155114469357987,1.3645370933941305,1.3921611578705566,1.7957605008668742,1.3155340089676297,0.05840662177725566,1.0,1.0,0.8,0.8,0.3,167,7345.127736500493,5182.024878802625
1,69,1.1550827588259764,1.3751379363360414,1.4156591095408144,1.8157837711476172,1.148823549430987,0.05840662177725566,1.0,1.0,0.8,0.8,0.3,169,7353.495522995616,5132.485865631728
1,70,1.1557969485186814,1.3725082230347285,1.412425176550077,1.7233626639333903,1.155837089304883,0.059529730686696036,1.0,1.0,0.8,0.8,0.3,172,7264.301896217085,5222.239452338032
1,71,1.1569746893217707,1.347921728296268,1.3941917882252983,1.8496392419517245,1.1845362400978565,0.06331077092664164,1.0,1.0,0.8,0.8,0.3,180,7199.769859332659,4715.554768224953
1,72,1.1575197105775656,1.3391155950426479,1.3837130675643199,1.861254733542683,1.1652535718880062,0.0645127687429058,1.0,1.0,0.8,0.8,0.3,185,7331.818470948148,5279.939057356641
1,73,1.1584617687182257,1.361257637991636,1.4316400474072934,1.8992999451990682,1.155551955661977,0.0657561735794989,1.0,1.0,0.8,0.8,0.3,188,7319.36226005884,4791.621246208718
1,74,1.1584249128294097,1.3715680972329884,1.4547978465522142,1.919832573433732,1.1588186892160957,0.06575617357949884,1.0,1.0,0.8,0.8,0.3,189,7322.175100045131,4779.686534309889
1,75,1.1569122744446714,1.3460336318126631,1.4029743514847264,1.8886964645415418,1.15507682796836,0.06395193725961305,1.0,1.0,0.8,0.8,0.3,192,7393.492532911425,5193.092420886734
1,76,1.1561228509782024,1.4000140928587872,1.5217339345827219,1.9537110607184924,1.1519440483981769,0.0630318728275549,1.0,1.0,0.8,0.8,0.3,198,7226.576534675088,4578.492355489445
2,0,0.6561914119546178,0.9059938119293248,0.8409208212321314,0.004125318391028411,0.0,0.0,0.0,0.0,0.8,0.8,0.3,1,5838.701153768161,7738.23237532027
2,1,0.7135505367072188,0.9729705785404087,0.9070355757445616,0.07906801629365157,0.08958730721177827,0.08987579566720164,7.440955467995e-05,0.00016658966063781,0.8,0.8,0.3,3,5679.354008972681,7642.945016623757
2,2,0.7562835822467225,1.0299890451324294,0.962716525573985,0.14549739307395804,0.1913946248705909,0.10800611807934957,0.022430491372228557,0.10829834911869689,0.8,0.8,0.3,4,5822.3512821982295,7059.985935587387
2,3,0.5798776203068132,0.9731459657478023,0.9049268523551495,0.1539767158695955,0.7190209123395338,0.11081320709110401,0.04184456055100686,0.09368247359772808,0.8,0.8,0.3,5,3265.6686866489363,5723.367621327269
2,4,0.49179895706308324,0.930738594006445,0.8507507524287852,0.1786074699269527,0.4165492679264789,0.09269950465145495,0.06982152941436194,0.15508742208952878,0.8,0.8,0.3,7,3422.9398909841925,4470.444789811565
2,5,0.5052497701196249,0.9462824184526508,0.8654108802364981,0.19883678232601104,0.23328082465327024,0.092769407207143,0.0839029857381175,0.1863651207998679,0.8,0.8,0.3,8,3308.572999901912,4317.147880922094
2,6,0.480119975194095,0.9277205137186076,0.8435348795355615,0.2029880265801138,0.3340314950012881,0.0798262452495069,0.09860879068103881,0.18429787981164142,0.8,0.8,0.3,9,3711.3224161299695,5367.1042281542495
2,7,0.4644366889599868,0.9175924685570261,0.8283873012179302,0.22497259501497113,0.31913229519419284,0.08140792003490817,0.1124634629000862,0.20707310786791014,0.8,0.8,0.3,11,2222.7458937491347,3841.525569583164
2,8,0.4519550449997135,0.9175486749912399,0.8387977769778846,0.24462742933100176,0.2727994455264775,0.08356045644473827,0.12136579184594738,0.18966349269446764,0.8,0.8,0.3,13,3977.2989680676897,5390.264802338143
2,9,0.4476336644568738,0.9356817444710398,0.8827725454064012,0.24056472368634696,0.2240200568004804,0.08325758661285053,0.11780200074390837,0.18882322717309408,0.8,0.8,0.3,14,3951.22130659503,5383.738381026376
2,10,0.4358617860968882,0.9014388512986804,0.8191292592187123,0.253983426466185,0.36404532654525956,0.07944906618529561,0.12378457229537196,0.2097423826980624,0.8,0.8,0.3,15,2412.391741205386,3719.8436869287216
2,11,0.409255009060128,0.8857524428718379,0.8155599610730581,0.23859622691308213,0.22182777500219464,0.08368912747922702,0.10659891401518524,0.17182432644544615,0.8,0.8,0.3,17,2404.84210360047,3605.822586671703
2,12,0.439179966301532,0.9039341524789054,0.8196215269597803,0.27502930251587926,0.26250147517171146,0.08199535994495186,0.13903499668220604,0.2095917990031894,0.8,0.8,0.3,19,2507.9352284913634,3524.590880666465
2,13,0.435872448907043,0.9001420375588661,0.8150300326160201,0.2807604578242681,0.2568761328939483,0.08261733854372025,0.13930369721726027,0.21013406772367701,0.8,0.8,0.3,21,2471.6344169475096,3488.071957367991
2,14,0.4716231026770378,0.9349327120589122,0.8485176568970991,0.3269426249892564,0.3362349786078294,0.08237214244063953,0.15002077831720353,0.32354115295898656,0.8,0.8,0.3,22,2476.5015324475303,3379.5327743978405
2,15,0.9106947730597332,1.384315061478593,1.309315238484187,0.7864425118866818,0.8000792200537827,0.1320589724752152,0.4059552787674793,1.0,0.8,0.8,0.3,23,3163.516237224464,2497.270088632175
2,16,0.5983582571449091,1.0648083938025064,0.9848721642610834,0.4977757005842656,0.636003195089488,0.08826810372169766,0.2133817098728353,0.6613640152590818,0.8,0.8,0.3,24,2841.904738382148,2637.568694535067
2,17,0.5491315563714059,1.0257589957477455,0.9580970423543611,0.4686686136038293,0.40155260564384637,0.07088899543081147,0.2330757333005863,0.5018143581274265,0.8,0.8,0.3,28,2713.028640665136,2485.992274421532
2,18,1.3154041253490119,1.7909444141035322,1.7227587739023615,1.240711115825933,1.1668422265173597,0.07744859021080816,1.0,1.0,0.8,0.8,0.3,32,4030.9493324238647,33556.47141927933
2,19,1.3129437725818869,1.7872283408178806,1.7183405654936104,1.2487346417965617,1.1766626875656545,0.07792902309167173,1.0,1.0,0.8,0.8,0.3,34,3973.5001121817086,33517.26489323686
2,20,1.2841489364972174,1.7468511432735585,1.664756942159222,1.219333853214083,1.142773094849344,0.08619253934124506,0.9567736305862423,1.0,0.8,0.8,0.3,35,4223.553397680983,34281.40490846838
2,21,1.2892075912135916,1.7635450883210197,1.7023045255422249,1.240191840220364,1.3692307867547249,0.07339309762582356,1.0,1.0,0.8,0.8,0.3,36,4675.282416450754,34915.3529570833
2,22,0.6132845176379716,1.1091585126311283,1.0735716990107862,0.5842519774877281,0.49752110640664965,0.06746812598937284,0.43585113293807654,0.27097488726382823,0.8,0.8,0.3,37,2685.5275428844543,73938.55654988304
2,23,1.2842331706819927,1.7544444389179374,1.691501952423427,1.2550038583766925,1.215405174405421,0.07443937401030509,1.0,1.0,0.8,0.8,0.3,38,4577.232328521272,35064.89364758703
2,24,0.5774356525754238,1.0591223272305668,1.0273443739608843,0.5814391372392096,0.7953855377711716,0.05691542163697971,0.4194149162655371,0.3177163372115793,0.8,0.8,0.3,39,2594.7879216299057,72572.1165400867
2,25,0.5772260927929448,1.0603208394367778,1.0385023733832626,0.6144639862495814,0.5254703944073629,0.06410946614361326,0.41797892734947534,0.3281995948006084,0.8,0.8,0.3,42,2488.113016332871,71590.6655486162
2,26,0.5807126734789548,1.0714026891412818,1.0615100873814596,0.6354854318261168,0.5121957052432122,0.06410379348965356,0.42565930150390996,0.328241227029731,0.8,0.8,0.3,44,2487.602592966964,71614.78090974892
2,27,0.581025874981965,1.0700260605377765,1.0596377587403525,0.645627540479054,0.501908710534512,0.0658660730664199,0.4257355377134543,0.32839843927713475,0.8,0.8,0.3,46,2480.6247901608804,71594.91460552523
2,28,1.2349812956464525,1.7009641579150647,1.6643964789463932,1.2753738955820595,1.1498533479520705,0.05773641577870061,1.0,1.0,0.8,0.8,0.3,48,2849.525556613854,73658.33500605848
2,29,1.2422698894269697,1.6990599049926638,1.6698292276444355,1.2979178028174494,1.2818193686853383,0.08268866846146775,1.0,1.0,0.8,0.8,0.3,50,9096.307823044408,73754.23964648621
2,30,1.2426154757730574,1.680574808229869,1.63635189031718,1.3044117390708168,1.2513155443376913,0.0881255107827065,1.0,1.0,0.8,0.8,0.3,51,8874.280145222074,69589.23079450181
2,31,1.2244897325419697,1.6647575392945275,1.6312700380019634,1.3081368135105407,1.2028906470723655,0.07088121166298945,1.0,1.0,0.8,0.8,0.3,53,3344.211042149912,68579.50942928165
2,32,1.2237841996503713,1.67519636175215,1.6546942417006305,1.3290993392162291,1.1561819385490681,0.07003436249479085,1.0,1.0,0.8,0.8,0.3,57,3292.935022500229,68550.63127579037
2,33,1.2205725372639329,1.6715597975401983,1.6611881515208602,1.3268919374548107,1.1872102822081199,0.07243324711309519,1.0,1.0,0.8,0.8,0.3,61,3394.26992006475,66401.96876135639
2,34,1.223926362800939,1.685060379861347,1.6874288319999062,1.3620871669941075,1.1645160676290613,0.07720424027281844,1.0,1.0,0.8,0.8,0.3,65,3701.081801660081,73355.38597299662
2,35,1.2230429672548095,1.6931796687343323,1.7080201986120553,1.3817048829398408,1.1829820086441711,0.07720424014589602,1.0,1.0,0.8,0.8,0.3,66,3701.42957399811,73129.19939039978
2,36,1.223160978043294,1.6815248792949653,1.6832285135907685,1.3785072939656555,1.1676465856568763,0.07763748650227417,1.0,1.0,0.8,0.8,0.3,67,3506.7603616884016,73137.97690208197
2,37,1.2220650134710886,1.6793912692540556,1.6808456013709596,1.388103110126804,1.1716084203676216,0.07678996675843446,1.0,1.0,0.8,0.8,0.3,68,3674.472907995848,73140.01507713055
2,38,1.2195285918527843,1.6849135710449439,1.6986148155433214,1.3856455537618901,1.1911008248576098,0.07518777296758442,1.0,1.0,0.8,0.8,0.3,69,3554.980852301948,73064.86697364012
2,39,1.2196820969278088,1.67203998025534,1.6723102547915631,1.404804893300889,1.1667638405249585,0.07624333949170745,1.0,1.0,0.8,0.8,0.3,72,4112.44290661466,74179.25608750251
2,40,1.5125710634242726,1.9468119756802968,1.953272706566135,1.7403944836357066,1.608353325326309,0.45540941550988867,1.0,1.0,0.8,0.8,0.3,74,5212.475070874376,75893.58212431768
2,41,1.214232665162529,1.6436128159819956,1.6490688988996374,1.4532526904614433,1.1721188196342016,0.08374335955588665,1.0,1.0,0.8,0.8,0.3,80,2439.830679658377,75489.43024457147
2,42,1.2019295247432928,1.6191339074669313,1.6537949350801064,1.4766588829262526,1.5655366997327387,0.08263337249093297,1.0,1.0,0.8,0.8,0.3,81,6681637.407857104,74893.45208641599
2,43,1.2065951261747783,1.6103557228262455,1.6315498488321707,1.4861910218478063,1.190672976801051,0.08907020024615815,1.0,1.0,0.8,0.8,0.3,82,950661.1128519996,75152.64498545209
2,44,1.2000703192586206,1.6116750534409792,1.6451772112724123,1.486507141489687,1.1932796016949365,0.08176978402385375,1.0,1.0,0.8,0.8,0.3,83,6680877.475840451,74746.83405837962
2,45,1.2022516829298047,1.5983466604784802,1.6179590616811068,1.4869957854905709,1.2053198116783075,0.08560391106275891,1.0,1.0,0.8,0.8,0.3,84,2681.695823903238,75105.95861204722
2,46,1.1953351299143666,1.5905246151942185,1.6099537309526524,1.4896902814579887,1.1686580504052901,0.07716415396103565,1.0,1.0,0.8,0.8,0.3,85,9676251.350520618,75125.36271415232
2,47,1.201366445156147,1.571503766840574,1.575110944576614,1.5019282092927666,1.2855315734960102,0.08798709346042459,1.0,1.0,0.8,0.8,0.3,86,950056.7976171154,74666.09980230831
2,48,1.2002925650140703,1.5674865925489918,1.5704986240964485,1.5083958308512972,1.1820370166940664,0.08730962727482103,1.0,1.0,0.8,0.8,0.3,88,949804.4181689952,74526.30189070952
2,49,1.1932189707089929,1.574843988926872,1.6022536278496669,1.5147417064064115,1.1968140712398552,0.08019910969262015,1.0,1.0,0.8,0.8,0.3,90,2699.4078550967006,74879.80795714425
2,50,1.195685049664659,1.5318828734920762,1.5179370121140836,1.4985684075646184,1.1877300593920799,0.08569534343359007,1.0,1.0,0.8,0.8,0.3,95,2513.367836625521,75113.4723738186
2,51,1.2031907673169369,1.5739614996011448,1.6099940046588395,1.559595084129098,1.2189738398322105,0.09704409568884134,1.0,1.0,0.8,0.8,0.3,97,5609.320492903253,77463.21046028374
2,52,1.1920157174962087,1.5115852192124517,1.4943631226853111,1.5099256660047315,1.1928605263000072,0.08423569374000756,1.0,1.0,0.8,0.8,0.3,99,2614.774086191652,74712.69217940285
2,53,1.1915273508207915,1.5105611489209436,1.5040508534834218,1.5241533277565862,1.19963294189326,0.08565620848377595,1.0,1.0,0.8,0.8,0.3,102,2382.768261466481,74874.91915818918
2,54,1.189554410312202,1.5018408744679388,1.4940233803020315,1.533262804621408,1.1940963443448127,0.08429698309130476,1.0,1.0,0.8,0.8,0.3,104,2398.275584458532,74528.18212124801
2,55,1.1894884475620895,1.5006014948491053,1.4925571751945335,1.5368631749110844,1.1768005709083955,0.08440333887997012,1.0,1.0,0.8,0.8,0.3,105,2438.267900826192,80794.21457298148
2,56,1.189489979408295,1.496595107283168,1.4877776830786185,1.5442172917981503,1.1995279703001107,0.08503804740867524,1.0,1.0,0.8,0.8,0.3,106,2372.464547872782,74356.2972457294
2,57,1.1882982020036181,1.5029154555612265,1.5063876537171343,1.561374910917029,1.1769912832034666,0.08412140097994113,1.0,1.0,0.8,0.8,0.3,109,2968.076084815394,74585.50985456108
2,58,1.1731467001996103,1.5341506191011394,1.611644882984152,1.6168860145810158,1.2356776314587194,0.0681909851643322,1.0,1.0,0.8,0.8,0.3,111,4843.193891814075,75563.95482756609
2,59,1.1729101386567453,1.528890363114544,1.6054320388229288,1.6278645152865778,1.174288863224753,0.06857072665789023,1.0,1.0,0.8,0.8,0.3,113,4865.931158309728,75239.47402128117
2,60,1.1727265505146993,1.5275694669742375,1.6038957496595758,1.635337850183069,1.1591851270081717,0.0684916277522367,1.0,1.0,0.8,0.8,0.3,115,4916.585579188118,75237.69238983572
2,61,1.1871875766607989,1.5240817425124056,1.5861327603464905,1.6268571833304784,1.2219363455732903,0.08744067090634529,1.0,1.0,0.8,0.8,0.3,116,5057.915012398112,75787.74298328624
2,62,1.182968686364286,1.4902410846328862,1.524932647077686,1.6005834841324378,1.221884261110691,0.08306603707212976,1.0,1.0,0.8,0.8,0.3,117,2964.970808526802,75260.6515654718
2,63,1.1861917543599443,1.5213922895078484,1.594018044621767,1.6369278366632365,1.2137190027714695,0.08777896017866735,1.0,1.0,0.8,0.8,0.3,118,4971.4795044300645,75466.68633406424
2,64,1.1811195646049022,1.4888562179565923,1.534534249011949,1.609949647494951,1.2042512955631377,0.08202992560946495,1.0,1.0,0.8,0.8,0.3,119,2535.717940033686,74631.80297629799
2,65,1.1853180536732768,1.4653461249329207,1.4949473419092099,1.6174432502966563,1.2967339530130202,0.0891014062169059,1.0,1.0,0.8,0.8,0.3,120,2960.972868992433,74789.27918339072
2,66,1.1801724235708149,1.465818101659872,1.5073830852987247,1.6269845877703686,1.1807410288946245,0.08325327044099964,1.0,1.0,0.8,0.8,0.3,123,2921.0930000625776,75058.3916193453
2,67,1.1795519151755414,1.47525452569009,1.5296076463666402,1.699193118183657,1.166853980037093,0.08259401532381629,1.0,1.0,0.8,0.8,0.3,134,4808.860118395226,74418.82903341699
2,68,1.180145941297754,1.4718762303891515,1.525493848506135,1.703542420975372,1.1970276907784398,0.0837385858673733,1.0,1.0,0.8,0.8,0.3,135,4808.82696008037,74417.38900435601
2,69,1.1823718601168196,1.4773760518173493,1.5425298136983348,1.7172424189927475,1.2294556911158359,0.08729643196644912,1.0,1.0,0.8,0.8,0.3,136,4859.9261495022565,74317.78085059187
2,70,1.1826234329461622,1.487980966279283,1.5659785263275172,1.7213778434272602,1.1765562898891775,0.08769238962400001,1.0,1.0,0.8,0.8,0.3,137,4892.818809504688,74324.21658328906
2,71,1.178538647591747,1.4716205798935853,1.5364190739381356,1.6930423190495472,1.1747514299399047,0.08269520055642912,1.0,1.0,0.8,0.8,0.3,138,4899.507087976309,75262.6170854931
2,72,1.1775997706440335,1.4749426863484958,1.5514647340459438,1.6956699004356333,1.2174602561084606,0.08216446683249924,1.0,1.0,0.8,0.8,0.3,139,4866.736872625312,75391.30036775631
2,73,1.1765768608611535,1.4469053807733478,1.507528871313565,1.6979412592528018,1.2838708710444295,0.08227631708942333,1.0,1.0,0.8,0.8,0.3,140,4424.52551157184,74681.05185426943
2,74,1.1767890156946401,1.4662545885909377,1.5522811627221604,1.7180135865820463,1.1784400870315985,0.08281583154627345,1.0,1.0,0.8,0.8,0.3,142,4361.071410090803,74810.32237773904
2,75,1.175277423396244,1.454896815435353,1.5391277627244293,1.7237771958855437,1.2019994439800388,0.08172498982328011,1.0,1.0,0.8,0.8,0.3,144,4299.472567426103,74551.85827211376
2,76,1.1783110735958415,1.5124066192672088,1.6723233948028997,1.876026336840712,1.1796962680469276,0.08649403143453543,1.0,1.0,0.8,0.8,0.3,153,87668.50809929523,74483.38474204946
2,77,1.1776734894631098,1.5042673407912341,1.6628245767309364,1.8829392009556771,1.196720094146389,0.08624337103123446,1.0,1.0,0.8,0.8,0.3,155,87553.6134098535,74257.50187585162
2,78,1.1713582697641955,1.4846017220728986,1.6297698300488523,1.8581733520421941,1.178807498940195,0.07850351678331675,1.0,1.0,0.8,0.8,0.3,156,5713.832377413076,86091.90680029233
2,79,1.1749872247631938,1.4868293736119507,1.6427210118855673,1.86517751405302,1.213473798084264,0.0839021328889337,1.0,1.0,0.8,0.8,0.3,158,5507.253432457396,78137.2680493107
2,80,1.1706868937384205,1.4219966796514254,1.534047015993637,1.8595931566413324,1.2628576272330279,0.08020124987193272,1.0,1.0,0.8,0.8,0.3,160,4301.421858717869,85719.85042942077
2,81,1.170900286405606,1.4304426408295499,1.5549613000965594,1.8758247057909092,1.175363315354472,0.08063950896517318,1.0,1.0,0.8,0.8,0.3,162,4313.521618375065,78157.9831265019
2,82,1.1700529554183217,1.4372372080149083,1.5741185453563218,1.8950387245218803,1.1703276956897144,0.07978286713502376,1.0,1.0,0.8,0.8,0.3,166,4386.398301477983,78026.41992714076
2,83,1.1736587016058497,1.505819085544595,1.7312994205755838,1.959162338913038,1.1925362610524644,0.0850240500141063,1.0,1.0,0.8,0.8,0.3,170,7663.065375645594,76415.4268733229
2,84,1.1760942669731176,1.4837996475635402,1.6939173211927063,1.9526588809539571,1.2674060854102152,0.08874656030454742,1.0,1.0,0.8,0.8,0.3,171,7177.41031571683,85531.16282224187
2,85,1.1654782233556775,1.431312092456508,1.634001157600812,1.9599219056591837,1.465507392418449,0.07735838674900565,1.0,1.0,0.8,0.8,0.3,172,23742.30133654205,88029.83868927864
2,86,1.1659454426217333,1.395723139124548,1.5700011647747665,1.9637875660721689,1.2603810130859483,0.07847384797167212,1.0,1.0,0.8,0.8,0.3,173,24545.09939767473,88196.63904454604
2,87,1.1684079078705318,1.4174188707973838,1.6171376675114153,1.9660408818951114,1.1767365935108904,0.08167137078417858,1.0,1.0,0.8,0.8,0.3,175,23564.705222598488,86814.54918698111
2,88,1.165129344270784,1.3765048919495073,1.5475397374762279,1.9700229747542977,1.2719641794985306,0.07812303791895456,1.0,1.0,0.8,0.8,0.3,176,23623.16459507788,87987.01748783805
2,89,1.1651865200421618,1.3809033207177928,1.5637311688213233,1.9902472951125756,1.1873397224203004,0.07842930053417567,1.0,1.0,0.8,0.8,0.3,178,24577.35861494053,88112.49141598037
2,90,1.1648819764321108,1.3666782551211643,1.5360279503309613,1.9897665225615768,1.181985572606787,0.07813959019501344,1.0,1.0,0.8,0.8,0.3,179,24549.481663603925,88145.43097679442
2,91,1.1684553457626785,1.3917497519547921,1.5869402901650846,2.00567047992947,1.1694063329536186,0.08263684765060422,1.0,1.0,0.8,0.8,0.3,181,23377.72562407559,87061.42957441324
2,92,1.1635206552450919,1.373231098192877,1.5550029030893875,2.0088909902412824,1.1783141710679474,0.07654697006109488,1.0,1.0,0.8,0.8,0.3,182,24419.5362179787,87789.57680215336
2,93,1.1639839040300832,1.3673168345013818,1.5479682913526072,2.008942462698811,1.2075421838638383,0.07733181389798757,1.0,1.0,0.8,0.8,0.3,183,24583.964621701285,87868.41856461414
2,94,1.1676810501704145,1.4044598055085213,1.6240834288824042,2.0208311691842837,1.1659512208061784,0.08195835358312459,1.0,1.0,0.8,0.8,0.3,186,7344.8965911845635,89415.42609056638
2,95,1.1648492418114345,1.4088971467858904,1.651865517342177,2.023971891099491,1.1721340400037386,0.07888295512030821,1.0,1.0,0.8,0.8,0.3,198,7120.288914890235,80994.04581608498
3,0,0.8893577374420154,0.9738199903148445,0.9203627086272101,0.010360729544651427,0.0,0.0,0.0,0.0,0.8,0.8,0.3,1,2476.329664230657,8284.225276350258
3,1,0.8985237663994511,0.9997764043382706,0.9453389600115416,0.044909789559432305,0.0516660643528914,0.03945945654403858,0.00011592375110809001,6.442396946943e-05,0.8,0.8,0.3,3,2402.9189792846782,8069.217531638076
3,2,0.8510354825899414,0.9826151627014165,0.9263169704791643,0.039932691085678075,0.10127467244188224,0.016395304085963,0.015089625713914251,0.00065428106980675,0.8,0.8,0.3,4,2451.6920959042045,8220.79690507463
3,3,0.6457291566360028,0.9815158809935386,0.9217862287208989,0.11735253241204369,0.7796738255699289,0.04826697799299396,0.07283991919410687,0.04048037339596096,0.8,0.8,0.3,5,1667.5946985626713,5060.923192823444
3,4,0.5674292255980934,0.9717867698582111,0.9014086856803819,0.17181529830694184,0.3783654431669645,0.05131948196576874,0.11898449245124501,0.08411670565322824,0.8,0.8,0.3,7,1579.145554223645,2960.6955991132586
3,5,0.4838804713354176,0.9303928301451173,0.8467659307659825,0.20605278227013257,0.46760047112736375,0.04539132189242688,0.15672233482162964,0.11918640224247654,0.8,0.8,0.3,9,2066.5858980363205,5497.135804918017
3,6,0.5075976424669048,0.9560922663931688,0.8713936272686849,0.2468822582601399,0.24445047882561954,0.044260472248677366,0.19003260229763944,0.13990053286653278,0.8,0.8,0.3,12,2023.990361402436,4557.827077960729
3,7,0.8870726439193447,1.3368688993593636,1.2510626923753685,0.6397215518279885,0.6604283811360359,0.04748334750579869,0.4252939267378236,0.7947556308335879,0.8,0.8,0.3,13,1990.6139585552971,67056.10707435153
3,8,0.5021540140211639,0.9522386496605529,0.8662774407449759,0.25682739316056596,0.23634110918415346,0.04422969924174576,0.1939298642872836,0.14131898578661778,0.8,0.8,0.3,15,2028.9361429187984,5267.271714492339
3,9,0.6689036498763198,1.143166280120993,1.0815352503280669,0.4451717007315133,0.4449986566647063,0.04586401598252714,0.39707972569310324,0.18948139349227938,0.8,0.8,0.3,17,2286.5281196982523,7675.806478987511
3,10,0.6639111920126678,1.1286187823312863,1.0518846333572995,0.45569889497269167,0.5059086116417906,0.046940166272249936,0.40430881345755665,0.19711581368242873,0.8,0.8,0.3,18,2246.051334429314,15603.408010590285
3,11,0.5831856001774031,1.0592304399889827,0.9952610039156625,0.3804920978342652,0.35050360309697903,0.0433128966171592,0.32113986985904147,0.164518774054692,0.8,0.8,0.3,19,2122.097385900641,14929.78865965272
3,12,0.5856981009678286,1.0618849260415288,0.9976533299553352,0.3929062107869202,0.35044983491796294,0.04349299968904289,0.3250285027747015,0.16762039732792833,0.8,0.8,0.3,21,2129.641470316505,14822.6461384105
3,13,0.579393953371145,1.0556937422848407,0.9912367340459806,0.3922959930982994,0.3494227467136375,0.04227731017401065,0.3212376134678826,0.16472209134558655,0.8,0.8,0.3,22,2119.400204441511,14823.373453791944
3,14,0.5304498982227795,0.996166205816617,0.9176218343873349,0.3546208029507432,0.31345256962067447,0.03218526420367795,0.28903092053216806,0.13759547943076195,0.8,0.8,0.3,25,2428.063246077634,6784.975289129061
3,15,0.5329122964001267,1.00988050457941,0.9414905453379744,0.3803503450448413,0.37478369320193483,0.0328433852257176,0.3064251682119546,0.15321834206102952,0.8,0.8,0.3,27,2207.786253911245,16525.04519221182
3,16,0.5084338347137756,0.9846372751340562,0.913798174259669,0.37580326725143326,0.35637335276154936,0.03278170259479485,0.2957372875743121,0.14541042901641907,0.8,0.8,0.3,29,2249.529749178163,14603.868505488086
3,17,0.5683120407779916,1.0438942192037697,0.9719505444706269,0.45161247246257286,0.4171900467868227,0.03301326870901842,0.36593657103937527,0.17661679973106117,0.8,0.8,0.3,30,2494.210245452184,16877.597932133394
3,18,0.6961196220424624,1.1595858045192624,1.0731606904947206,0.5936181379694409,0.5283090072322906,0.026883616201933108,0.5484114167953476,0.1581746316014136,0.8,0.8,0.3,33,2421.162239466227,6269.204461456907
3,19,0.6606309240836734,1.1318101232811928,1.0551917102419717,0.582647983181114,0.5517565288681602,0.0264393741981535,0.5196520905542739,0.16828074913466667,0.8,0.8,0.3,35,2199.964141176953,4719.377414485475
3,20,0.6951632157463161,1.1626719239132923,1.083412490035663,0.6357447242934448,0.5874897736653375,0.03690565875853976,0.5634204020126015,0.17793352242203614,0.8,0.8,0.3,37,2044.671297985052,15484.553342412975
3,21,0.651917238830401,1.1280397375337479,1.0601884709615517,0.6076132979318684,0.5295843547738692,0.0289833048769028,0.5263584575964183,0.17609569872032355,0.8,0.8,0.3,39,2105.2073883426137,12673.19365748101
3,22,0.6704553384559877,1.1447419592460562,1.0758553763455416,0.6382853025985542,0.5409473191388202,0.03252937892186722,0.5446702726925883,0.1936336868448149,0.8,0.8,0.3,41,2021.5681629667656,10973.073542589747
3,23,0.6957370668951725,1.1680394020174354,1.0980953505415445,0.6789528551872899,0.5924884327051508,0.031176510193874678,0.5823262685764001,0.19506651162086297,0.8,0.8,0.3,42,2232.679624821994,14753.64330029218
3,24,1.1682774875196285,1.6566642579373418,1.6096864885988105,1.166735664055863,1.0580164474700253,0.31133900036317547,0.6052343307738594,1.0,0.8,0.8,0.3,47,1830.9226575411008,9663.86951539729
3,25,1.1822533511155136,1.668308813252412,1.6203097778432924,1.1870217756436587,1.0924671692496077,0.3283498009609596,0.6102330755796885,1.0,0.8,0.8,0.3,48,1656.3940302225262,7847.258205646275
3,26,1.1821756203494935,1.6793833996351515,1.6443628395375376,1.1957935989608326,1.0513174501436333,0.3283498009609593,0.6102330755796886,1.0,0.8,0.8,0.3,50,1655.6632093648072,7832.352679861297
3,27,1.088273475161068,1.565206555288467,1.5135354606357068,1.1318285076440031,1.0064738556447264,0.34212583163169524,0.4943822278441143,1.0,0.8,0.8,0.3,54,2200.613211351103,9831.234576221425
3,28,1.4535677306477706,1.9119309567223346,1.8445498379731184,1.5298389449749512,1.4548834034576748,0.30369470838206575,1.0,1.0,0.8,0.8,0.3,55,2024.481268609208,424673110.7253392
3,29,1.4522105866448884,1.906074162262002,1.8371811077449685,1.5292090451314093,1.376209689170201,0.30740970638741694,1.0,1.0,0.8,0.8,0.3,57,1961.481460722239,424621513.0206232
3,30,1.4458913286464894,1.889187515891692,1.8168835888143622,1.536960295505168,1.4186475801617553,0.311197077845027,1.0,1.0,0.8,0.8,0.3,59,2042.66591470277,424597967.63064766
3,31,1.4411963731778428,1.8815459930571532,1.8083197025228144,1.540396133065084,1.385211647316684,0.30837776784203447,1.0,1.0,0.8,0.8,0.3,60,2011.5520550440065,424615968.6254064
3,32,1.4410307062700722,1.8778886910106578,1.8035592917190286,1.552110674291652,1.3973471118200864,0.31185772720049254,1.0,1.0,0.8,0.8,0.3,61,1960.3210034172268,424862060.7240087
3,33,1.4354342909351412,1.8892314804364834,1.8393793432069099,1.5853848034791824,1.404869829546559,0.3091487391626825,1.0,1.0,0.8,0.8,0.3,62,1910.61824368768,425066424.1673599
3,34,1.4333411132452691,1.8799803813409188,1.8280920641479643,1.5635620983777385,1.4330053610019988,0.3124466210247149,1.0,1.0,0.8,0.8,0.3,63,1889.2647665064585,425128374.0264574
3,35,1.4373242373413657,1.8586463298038192,1.7799487999771437,1.5660453954702962,1.3887128012690606,0.31968757248789303,1.0,1.0,0.8,0.8,0.3,64,1860.8786723619207,424851602.8006171
3,36,1.4368683418744255,1.8575229833269302,1.778632421604151,1.5629738975975167,1.3642512970876541,0.31969299410835833,1.0,1.0,0.8,0.8,0.3,65,1884.3820772648503,424579520.4649898
3,37,1.4340753991409627,1.8488590865704235,1.7683823270917505,1.5724038581269981,1.420406577549912,0.3204402178126811,1.0,1.0,0.8,0.8,0.3,66,1829.5586502714648,424837598.57187855
3,38,1.4310797581364205,1.8405534221614535,1.758665106662366,1.5749425929579128,1.4138928228061765,0.3203617579511091,1.0,1.0,0.8,0.8,0.3,67,1842.5260841215852,424855216.2396029
3,39,1.4324096509051374,1.8544409021252126,1.7960060286233064,1.5877783912794237,1.4665545398717301,0.328305863060717,1.0,1.0,0.8,0.8,0.3,68,4276.132193751399,6558.139248318703
3,40,1.4300237160742957,1.8448328444397215,1.7845820572234352,1.5983048407155485,1.3883084048566805,0.3295496228091247,1.0,1.0,0.8,0.8,0.3,71,4200.428031652251,6638.930342242695
3,41,1.4034097574760545,1.8087995421001424,1.7462364820311802,1.5815406520356559,1.4354131287915346,0.3013860666411387,1.0,1.0,0.8,0.8,0.3,72,4233.600804165255,4405.797286395549
3,42,1.3984711712067466,1.7996370362613343,1.7360557558880059,1.6063478987506548,1.3482722257553894,0.2973643464733502,1.0,1.0,0.8,0.8,0.3,76,4854.954155018302,7485.878046546997
3,43,1.3915695607796106,1.7835126442837086,1.7177436696061241,1.6052643906003017,1.4238721886272472,0.29317696814816613,1.0,1.0,0.8,0.8,0.3,77,4698.216062307592,7580.157797666638
3,44,1.3968602148874507,1.7629641862932204,1.6808161814338967,1.6206906741839717,1.4825885713374845,0.30615486984415835,1.0,1.0,0.8,0.8,0.3,78,4038.514634392762,18422.244433482407
3,45,1.3847465798917482,1.7515861508323858,1.6906002093250285,1.6227698083396176,1.3790113398180788,0.29924213893996265,1.0,1.0,0.8,0.8,0.3,83,4533.729660251171,19702.908056007967
3,46,1.3694262928369747,1.7154108981182914,1.6393319739408023,1.6124939165110794,1.3689477118721693,0.28330164863707724,1.0,1.0,0.8,0.8,0.3,85,4638.2638238878,22590.0440026166
3,47,1.3837877612744862,1.737949094721831,1.6742189795401503,1.6446837853059224,1.355064965824538,0.3022260539253747,1.0,1.0,0.8,0.8,0.3,87,4666.090895862029,20300.961061240632
3,48,1.379163719934983,1.7079935804699278,1.6282571788115718,1.6418148597044164,1.4018786807934163,0.3007261539712195,1.0,1.0,0.8,0.8,0.3,89,4629.453256637964,19977.941918864584
3,49,1.3558268708754946,1.68262188039567,1.6131169518844837,1.6410121861489153,1.4332843689453953,0.27521755085677635,1.0,1.0,0.8,0.8,0.3,90,4680.985106649243,20365.290578306725
3,50,1.3737532264125565,1.685691913233821,1.6238568154043695,1.6682830041397712,1.4517676611265014,0.30395760991667453,1.0,1.0,0.8,0.8,0.3,92,4612.444370782816,15533.339086652846
3,51,1.37271246733792,1.6751572530088514,1.6114135237004774,1.6784811875300163,1.3826966009387855,0.30472035077618437,1.0,1.0,0.8,0.8,0.3,94,4589.55807685291,15443.911244123468
3,52,1.377484594667831,1.6705541573833578,1.6049380129512245,1.6909061528866707,1.4272995379204951,0.31263319307418336,1.0,1.0,0.8,0.8,0.3,95,4664.62549502296,15718.838052745288
3,53,1.3820460733922952,1.6736820130383097,1.607784213871465,1.709663125267368,1.3584704024119527,0.318599291688189,1.0,1.0,0.8,0.8,0.3,98,4611.558095311942,14991.289932059011
3,54,1.376688890690725,1.686986609407431,1.6463482365030857,1.7120233154373639,1.3802711331414153,0.3126331930741833,1.0,1.0,0.8,0.8,0.3,99,4635.0093419950645,15537.24477160545
3,55,1.3560107347547292,1.6361626538115908,1.5570797510362504,1.6875216314818577,1.3408235439213716,0.28705273104758444,1.0,1.0,0.8,0.8,0.3,100,4332.081671239404,17544.299801874666
3,56,1.3568516251990366,1.626529248236174,1.5563131571730662,1.6889420736541507,1.4676510759850185,0.29117676376682844,1.0,1.0,0.8,0.8,0.3,101,4278.78127864771,16903.11749491593
3,57,1.3531719031128302,1.621268372028274,1.5507163922872766,1.7032203637046275,1.351561605212877,0.2870527310475845,1.0,1.0,0.8,0.8,0.3,102,4292.173951979631,17294.442344276846
3,58,1.3530594641894405,1.6152836164089905,1.5436165121745733,1.6924752057110743,1.3677170318514942,0.2877112066023546,1.0,1.0,0.8,0.8,0.3,103,4292.070516237803,16975.223111594805
3,59,1.3616547350911634,1.5965109104212838,1.497883041297179,1.697688070543138,1.3491060343051215,0.2992610507415981,1.0,1.0,0.8,0.8,0.3,107,1904.590590755856,9799.013346539305
3,60,1.3435651491482592,1.5731979782969767,1.484409463092465,1.7039047148534678,1.45228118411185,0.27918807190193584,1.0,1.0,0.8,0.8,0.3,108,4307.430186800394,12231.439305024707
3,61,1.3468291031506865,1.5394037159800855,1.4327000619077335,1.6901905424660861,1.5298755317991355,0.2868220852432141,1.0,1.0,0.8,0.8,0.3,109,2056.2974031606173,10449.884748160292
3,62,1.3448997739544668,1.5319371422534556,1.4241891880325028,1.6916652419970972,1.37078970395088,0.28511069225362073,1.0,1.0,0.8,0.8,0.3,110,1889.1863185841853,7971.760150989711
3,63,1.3419266681673945,1.5243283002325712,1.4157087566078304,1.6920724301555585,1.3610870116056903,0.2819623081972904,1.0,1.0,0.8,0.8,0.3,111,1845.8937034670284,9923.544776986037
3,64,1.3412078650597024,1.5130094082914354,1.402403563075205,1.6946776816181397,1.4068063679189107,0.2823112939937098,1.0,1.0,0.8,0.8,0.3,112,1888.582197775265,10068.436821594714
3,65,1.3413678869472492,1.512170764444895,1.4013782238419639,1.6982230901919544,1.3336978199564,0.28262515117211096,1.0,1.0,0.8,0.8,0.3,113,1900.255912742081,10024.882615400897
3,66,1.3411082435615376,1.5230183711206975,1.425208348989741,1.713128225124213,1.3265676125012325,0.2823112939937098,1.0,1.0,0.8,0.8,0.3,114,1884.9520427153036,10025.62012224621
3,67,1.3403402745557575,1.5073277433112346,1.3958229828397426,1.7039453680196097,1.3537312967946467,0.2817704141038652,1.0,1.0,0.8,0.8,0.3,115,1907.2130976819549,10071.017203934043
3,68,1.340823128395152,1.5117443068507936,1.4228075401084403,1.7360027558968414,1.3554713916489736,0.2843383428507911,1.0,1.0,0.8,0.8,0.3,120,5091.212756598155,10844.604811753648
3,69,1.340521666950141,1.5312979307217907,1.4678894232397488,1.759051560862708,1.3467351655294126,0.2842195705569225,1.0,1.0,0.8,0.8,0.3,121,5475.0382965678855,10908.709210365803
3,70,1.342046837191285,1.5203616981137686,1.4437203864369832,1.76411739235674,1.3384048080862436,0.28625025895500494,1.0,1.0,0.8,0.8,0.3,122,5542.566542073389,10967.908040662474
3,71,1.3384993734870407,1.5181658432504526,1.4636480910903598,1.768944130090387,1.4852095660046916,0.283796935347571,1.0,1.0,0.8,0.8,0.3,123,6485.359578346075,30489.791414921965
3,72,1.3385860079092262,1.5116441061253072,1.4559131846244526,1.7761474078570685,1.3784306982141799,0.2845005265018159,1.0,1.0,0.8,0.8,0.3,124,6471.518764106872,31348.62857767003
3,73,1.3376945095616282,1.5038340461558228,1.4468402563034324,1.7786423231727364,1.3773615643838053,0.28395530463739377,1.0,1.0,0.8,0.8,0.3,125,6519.503953566226,31263.860910806798
3,74,1.3349618409861337,1.4937632325918924,1.435430395259597,1.7873322146700708,1.3522941229971088,0.2811399900624814,1.0,1.0,0.8,0.8,0.3,127,6494.790684749456,31111.67164832568
3,75,1.3358858091050392,1.4909003490016501,1.4318777426082951,1.8019048059110117,1.333142362161177,0.2825967261344088,1.0,1.0,0.8,0.8,0.3,131,6173.481265730336,31525.32442414585
3,76,1.3378369396900849,1.4677748043249446,1.3822651343108292,1.7942756117830114,1.338234978194279,0.2852466904482145,1.0,1.0,0.8,0.8,0.3,133,6204.425346011896,31716.78711544182
3,77,1.3346172808859706,1.4637692458487044,1.3781175232355567,1.8030317615923313,1.3302498427679017,0.28127664382120243,1.0,1.0,0.8,0.8,0.3,134,5485.474219775022,30927.76074886076
3,78,1.3350291815700663,1.452244604537863,1.3534592632356017,1.798527838941735,1.3308301094645187,0.28184714432531005,1.0,1.0,0.8,0.8,0.3,135,5077.316550760034,30164.23765984744
3,79,1.3330281194448264,1.439741009714931,1.3390490991560982,1.7997143080738658,1.4020075205641356,0.28013439863597034,1.0,1.0,0.8,0.8,0.3,136,4236.70283987531,30967.283787639517
3,80,1.335809154422951,1.4682910440851071,1.405180665936728,1.8384634806166515,1.346615906286236,0.28417122950895785,1.0,1.0,0.8,0.8,0.3,139,6216.364231630072,31445.26604560951
3,81,1.3339018160182807,1.4770791126434706,1.426877289539432,1.8559676232153466,1.326380283890265,0.28182212989902805,1.0,1.0,0.8,0.8,0.3,143,6241.072743205893,31543.155591524952
3,82,1.332198883250815,1.4742353619473563,1.4238267395815352,1.8616200531798828,1.33260796488754,0.27977663323726387,1.0,1.0,0.8,0.8,0.3,144,6193.595306186884,31799.81530268407
3,83,1.3320140374793576,1.4651092702346666,1.4130865048938925,1.861036777754223,1.389592698125665,0.2801508435857272,1.0,1.0,0.8,0.8,0.3,145,6165.468892671036,31605.88952215412
3,84,1.333734989859812,1.4651479324056123,1.412821800089537,1.9091158040428364,1.3270109022799026,0.2824135927780581,1.0,1.0,0.8,0.8,0.3,154,6777.740033249494,34038.238280293226
3,85,1.3337309127973034,1.4762710727895054,1.4369315538713388,1.9237590116232826,1.3261428440752097,0.28241359277805833,1.0,1.0,0.8,0.8,0.3,156,6777.490426020997,34079.08031525767
3,86,1.3336357150598788,1.4692273057601077,1.4286360024481304,1.9324206067909377,1.376609466434352,0.28274609734212286,1.0,1.0,0.8,0.8,0.3,157,6759.460065075135,31637.77987710398
3,87,1.333966620417164,1.4698377607505961,1.4402830891311351,1.9412041896227266,1.411555804556618,0.2838376321883867,1.0,1.0,0.8,0.8,0.3,158,6802.059900997071,34490.37596136312
3,88,1.3376221282396463,1.4828283351328146,1.4659367801781455,1.9894528613093596,1.3337187798779049,0.2885335895927351,1.0,1.0,0.8,0.8,0.3,163,6802.152709653429,33728.907357804695
3,89,1.3358527637225868,1.478550147086781,1.4612072862691854,1.9912960000336584,1.348562169906522,0.28647927756235586,1.0,1.0,0.8,0.8,0.3,164,6925.461707249999,34051.984616527174
3,90,1.335865691157475,1.477085918496836,1.4594789149102327,1.9949476298547204,1.339450863906848,0.2865774746876273,1.0,1.0,0.8,0.8,0.3,165,6909.210455295708,34107.17259220297
3,91,1.3353708533983972,1.4766780819836287,1.4700829599169263,2.018100901897205,1.3687958974306642,0.2865774746876273,1.0,1.0,0.8,0.8,0.3,167,6907.741281556046,34404.05970312928
3,92,1.3352988181476124,1.4763777888642438,1.469741881793045,2.018017499157032,1.3296155220609411,0.2865001212928332,1.0,1.0,0.8,0.8,0.3,171,6779.13453303198,33423.26323702989
3,93,1.3381591078486041,1.477706694958937,1.4707963912264923,2.0376552119768383,1.3360248706997926,0.29016410645876733,1.0,1.0,0.8,0.8,0.3,174,6732.997726297375,33324.0321590911
3,94,1.3342604440540773,1.4658954943450162,1.4575718889787865,2.037092597505641,1.385719827901068,0.28571515961152494,1.0,1.0,0.8,0.8,0.3,175,6824.894903924498,34009.20130659267
3,95,1.3357258007880515,1.4819470983779255,1.49822913782186,2.051212554130122,1.3872750873352966,0.2879543410911059,1.0,1.0,0.8,0.8,0.3,176,6777.021239890208,26189.64017354471
4,0,0.8021607911716064,0.9507901779016893,0.8933888889545047,0.00824319303519446,0.0,0.0,0.0,0.0,0.8,0.8,0.3,1,3753.92073634071,7410.693878293279
4,1,0.8666851405520852,1.0229300064833415,0.9650224788962489,0.08646720663938201,0.08543253325145307,0.09369478138847172,8.747159149222001e-05,0.00023335821689445002,0.8,0.8,0.3,3,3958.795927546421,6862.047535684059
4,2,1.8036227965927147,2.0852122255093515,2.0180079263539894,1.2004770928294797,1.592495101123039,0.3971463261430096,0.7174334184462141,1.0,0.8,0.8,0.3,4,3659.968685104716,376024.5898549557
4,3,0.6413869975926777,0.9857031423726724,0.9249221389398338,0.12877594887928992,0.3666010635028889,0.04541492374557134,0.09177382814576324,0.03201574149782202,0.8,0.8,0.3,5,1959.498479403781,4287.403531135229
4,4,0.6426930382124812,0.9871437618896638,0.9263453500220552,0.1351274152605013,0.12160082426302647,0.04541811344422379,0.093475712718907,0.032609452119399966,0.8,0.8,0.3,6,1948.0924863103749,4271.230351113555
4,5,0.58061369800356,0.9977766017295021,0.924971593781622,0.21074416055710452,0.6983089004081316,0.05442966673582496,0.14713211609714316,0.1346346046782348,0.8,0.8,0.3,7,3947.291066152824,7433.902147918459
4,6,0.5544653213227002,0.9904696058371804,0.9117704397775813,0.24003921697376301,0.3461078722491639,0.0587937070883255,0.1751943341204819,0.13852929451072984,0.8,0.8,0.3,9,2048.005418912624,4903.349108828619
4,7,0.5936995567674993,1.0367696524886738,0.9551181398900792,0.3054675000893671,0.4123485139166809,0.0756797654800475,0.20100913476183302,0.2364596518463172,0.8,0.8,0.3,10,3190.539218605925,9185.377117421192
4,8,0.4956419307996678,0.9568349828466063,0.8843303079007658,0.23930414279144677,0.38250044320043874,0.04938585679095679,0.1735300093323085,0.15106962442396427,0.8,0.8,0.3,11,2764.677099233155,4646.19599991217
4,9,0.5736861326680556,1.0261156284631736,0.93784983092448,0.3357869675619837,0.429436880633402,0.08465541605905151,0.21574244822728422,0.26646167269563403,0.8,0.8,0.3,12,3195.395150471015,16834.465079709753
4,10,0.57367836601602,1.0261089608362544,0.9378420882551141,0.34200343818607565,0.3203043458137285,0.08465541605905152,0.2157424482272831,0.2664616726956357,0.8,0.8,0.3,13,3196.7646859563847,16826.15211410814
4,11,0.5443554113215643,0.9986606604857506,0.9071609772366422,0.3316967436204787,0.4435271434974046,0.08562853741472844,0.2038846415409036,0.26691618784724697,0.8,0.8,0.3,14,2415.4888598473817,17812.982704310234
4,12,0.5279075426211759,0.9825064603572069,0.8885156760954325,0.33521505227417403,0.360873723567586,0.08625619847034516,0.20032133976547212,0.2693834144569568,0.8,0.8,0.3,16,2426.921770601072,18110.10299437986
4,13,0.5349925538124259,0.9890645420708287,0.8928516348762595,0.36024205363831574,0.374920364118555,0.07077768057112986,0.23998323924227655,0.27000477269354073,0.8,0.8,0.3,18,3025.51291845904,16575.15249574486
4,14,0.4854207859752593,0.9485176762981934,0.8618689896130767,0.3444765998286792,0.36800128617949046,0.058112684437242566,0.22466189489885777,0.2390192313882656,0.8,0.8,0.3,20,1986.112450380556,23745.6693255165
4,15,0.7780192560689463,1.237887002857614,1.1481830118270961,0.680340274110754,0.6466720744062933,0.0451657412189842,0.3406899506343847,0.988171929478548,0.8,0.8,0.3,23,2039.9315248873595,1069781.469080275
4,16,0.8046264490239852,1.2641089073686527,1.1740969710612879,0.7111755677077127,0.6394457052920752,0.04445444771936965,0.3719893619985599,1.0,0.8,0.8,0.3,25,2047.002898703468,1134928.7359745137
4,17,0.794307378562958,1.253675763635917,1.1635777982173392,0.7071502737840092,0.6267067566266131,0.04472575022978572,0.3593051391417287,1.0,0.8,0.8,0.3,26,2045.98873251691,1109174.4238603646
4,18,0.8017163729746997,1.2603420621327734,1.1696794377065998,0.7168161322724871,0.6562662357205061,0.04438084447368666,0.37210445176115087,1.0,0.8,0.8,0.3,27,1999.9140462537675,1135149.892113844
4,19,0.47354316123314805,0.9411586645437063,0.8619433798637927,0.3946743610904275,0.3755308381754434,0.04770783668455325,0.2509253304749538,0.24321099112933608,0.8,0.8,0.3,28,1914.6063490520323,23079.62560387315
4,20,1.6777584194201902,2.1434220939354196,2.0630102820818523,1.628782190086415,1.5372768551304863,1.0,0.5264000983064794,1.0,0.8,0.8,0.3,31,2035.361584859696,3820713.45034074
4,21,1.645795152351491,2.130235476323154,2.0737827859008813,1.6108361991672293,1.5390645688800364,1.0,0.4968095967456955,1.0,0.8,0.8,0.3,33,1853.63948384959,3933914.822233501
4,22,1.6626087136243342,2.1449002484049746,2.087340223067792,1.6392520314994632,1.5411571797729302,1.0,0.5232227087212602,1.0,0.8,0.8,0.3,35,1929.8539355982996,3816882.982311548
4,23,2.030081016546219,2.4928512781541614,2.418477486745272,2.02176438234648,2.0555201730960944,1.0,1.0,1.0,0.8,0.8,0.3,36,2088.488881605953,3829310.19698544
4,24,2.0264106703351628,2.48660593427344,2.411162567054469,2.027463977250916,1.9218123867919947,1.0,1.0,1.0,0.8,0.8,0.3,38,2039.88817098712,3831894.262602876
4,25,2.0180855473449197,2.4941979678269903,2.4422181514153793,2.0428121051921377,1.9518524151503966,1.0,1.0,1.0,0.8,0.8,0.3,40,2208.6702968462696,3931025.389646505
4,26,2.0176805763798322,2.482223935669368,2.417111824224083,2.038332624846078,1.9052230495575377,1.0,1.0,1.0,0.8,0.8,0.3,41,2034.9717897283008,2378070.5668767085
4,27,1.7414248910556955,2.2265577761102664,2.1867778998464504,1.7812966611964522,1.6530362791245032,1.0,0.657289183382112,1.0,0.8,0.8,0.3,42,2322.6285244559253,3946567.494137041
4,28,2.004079580179092,2.477929642003998,2.4342456953711045,2.059082506201382,1.9796091583787512,1.0,1.0,1.0,0.8,0.8,0.3,44,2377.749640216291,3945583.4282342033
4,29,2.0001631221296643,2.4472064139151666,2.3760973298157992,2.0483709661950558,1.9290358237420377,1.0,1.0,1.0,0.8,0.8,0.3,46,1847.459325632736,2391378.151319665
4,30,1.9979901111120348,2.4424561571474186,2.3705335001025576,2.054566079155674,1.9165881939863223,1.0,1.0,1.0,0.8,0.8,0.3,48,1873.7948003043089,2391365.4445237587
4,31,1.9976476968468828,2.441973010642986,2.3699676290804685,2.072658909288451,1.9052931671535625,1.0,1.0,1.0,0.8,0.8,0.3,49,1574.432393680012,2400528.986474728
4,32,1.6949596959944884,2.1575461909556055,2.1103013345553636,1.7800664664454524,1.6491123507452234,1.0,0.6255116088138359,1.0,0.8,0.8,0.3,50,1300.002794704195,2542752.8012107625
4,33,1.9882952926744826,2.419954796908786,2.3441787002840244,2.0682328337880818,2.003234232038121,1.0,1.0,1.0,0.8,0.8,0.3,51,1716.1067394280774,2397112.532457625
4,34,1.6901064689894139,2.1411710331434093,2.0905325832039736,1.797756077494671,1.6155760922264937,1.0,0.6298124681403946,1.0,0.8,0.8,0.3,54,1293.9813519858722,2544879.9088555174
4,35,1.6631817421874373,2.100380603810313,2.0359863099366837,1.7755699868274917,1.6094792750284,1.0,0.5983417722192519,1.0,0.8,0.8,0.3,55,1410.0229053892467,2544187.73725194
4,36,1.6913851283684398,2.1349829759320222,2.082250327752894,1.8155134084935305,1.637173609287893,1.0,0.637362931337784,1.0,0.8,0.8,0.3,57,1889.9810893110807,2544207.1056169835
4,37,1.6938722161017201,2.135525111873464,2.0822583436331943,1.8291865490819956,1.62444212274093,1.0,0.6419392396582357,1.0,0.8,0.8,0.3,59,1897.1708492158969,2544235.7388616446
4,38,1.9706798925745959,2.3833724344061515,2.3124129556642936,2.117540466386271,2.0913816977910606,1.0,1.0,1.0,0.8,0.8,0.3,60,4463.669496306078,1635890.625375397
4,39,1.9703477939449656,2.38237143554435,2.3112405974138692,2.127520175409039,1.9035131262366773,1.0,1.0,1.0,0.8,0.8,0.3,62,4500.120916002398,1645658.7574115372
4,40,1.9612218940441688,2.364261135043807,2.3011106268661963,2.148127376177795,1.9344375509539,1.0,1.0,1.0,0.8,0.8,0.3,68,3731.4984560590287,3426912.4032042176
4,41,1.9580311420038456,2.3526447612327077,2.28750491954776,2.140445090413289,1.979194808979187,1.0,1.0,1.0,0.8,0.8,0.3,69,3929.4767894525817,3396172.0353880017
4,42,1.9497330641775976,2.320152218503263,2.249447796757816,2.147645532730416,2.013480389038445,1.0,1.0,1.0,0.8,0.8,0.3,71,3838.9735223870985,3398711.527530843
4,43,1.948783291717966,2.2937321742490266,2.196339580880121,2.143901847033302,1.9282108695030968,1.0,1.0,1.0,0.8,0.8,0.3,72,3357.626092919268,3414170.252584096
4,44,1.9468815914789848,2.307811979759478,2.234994135912193,2.149910134003061,1.9580519042384879,1.0,1.0,1.0,0.8,0.8,0.3,73,3927.873213810272,3407090.731504731
4,45,1.9454018353585698,2.2900249736821072,2.203079246483417,2.162902270362642,1.923358394828408,1.0,1.0,1.0,0.8,0.8,0.3,75,6280.903664175449,1167223.3475022423
4,46,1.9409541951900586,2.2685078577555826,2.177877120162685,2.171084855707548,1.9747144805577068,1.0,1.0,1.0,0.8,0.8,0.3,77,6570.749417049793,1215471.813222005
4,47,1.9375341554498815,2.2505486901318696,2.1568423872040707,2.1762294914379203,1.9627331945312296,1.0,1.0,1.0,0.8,0.8,0.3,79,6029.914324081407,1151230.5943041672
4,48,1.9351079568673402,2.236911341505165,2.140869522766794,2.185172004452555,1.9955298245664204,1.0,1.0,1.0,0.8,0.8,0.3,80,5762.279451450012,1223296.4614282218
4,49,1.9338784288519875,2.2296024256484803,2.132308886314123,2.1810902863250403,1.9507309615841513,1.0,1.0,1.0,0.8,0.8,0.3,81,4409.128491521768,1467479.3846082026
4,50,1.930711664433018,2.2097315297117577,2.109034947128723,2.1860530177660134,1.969392140088489,1.0,1.0,1.0,0.8,0.8,0.3,83,4124.6487681198505,1482995.143336656
4,51,1.9268441956716706,2.160393825948438,2.0290844057258486,2.188837093973524,1.9470245191420485,1.0,1.0,1.0,0.8,0.8,0.3,87,4103.120164659695,1483602.7730313437
4,52,1.9261372982542846,2.1551000721044016,2.022884102344441,2.1949814768805274,1.9123217290183636,1.0,1.0,1.0,0.8,0.8,0.3,90,4022.7929571131695,1523598.669681966
4,53,1.9261027124703676,2.1660430155966908,2.046782835578117,2.209351246955677,1.9009153790238869,1.0,1.0,1.0,0.8,0.8,0.3,92,3994.763514793934,1523268.708945687
4,54,1.9259271708448926,2.1535345474967977,2.021050402021703,2.2081126357934306,1.9093264308322004,1.0,1.0,1.0,0.8,0.8,0.3,93,4309.874139910491,1475030.7593211543
4,55,1.9258222586045106,2.1639045879684384,2.0442781476542793,2.21586665709325,1.9056028139655183,1.0,1.0,1.0,0.8,0.8,0.3,94,4040.3068576429528,1522856.2344914218
4,56,1.9233779689627137,2.1443795538075356,2.0214093206778743,2.218434237556999,2.036512087412899,1.0,1.0,1.0,0.8,0.8,0.3,95,3858.1538771947767,1475779.847151424
4,57,1.9233324848613287,2.188794497327179,2.117757654711329,2.2760945808398283,1.9002953393060966,1.0,1.0,1.0,0.8,0.8,0.3,104,3155.322135305011,2406316.3013460687
4,58,1.9188791211576601,2.1368247905788142,2.0458059469212455,2.2714527337093315,2.042363865860937,1.0,1.0,1.0,0.8,0.8,0.3,106,101181.10617842074,2774800.267840656
4,59,1.916736781208513,2.1254250291601826,2.043535638785314,2.288648398447891,1.952644508080742,1.0,1.0,1.0,0.8,0.8,0.3,109,99272.61334041094,2772889.814104682
4,60,1.9164870266610274,2.122650270573155,2.0402856861271443,2.2954731920623543,1.909746144826291,1.0,1.0,1.0,0.8,0.8,0.3,111,99866.18827607646,2771901.16180439
4,61,1.9153444735559566,2.1093928057160367,2.024757828330847,2.3048557742984537,1.9924116012474808,1.0,1.0,1.0,0.8,0.8,0.3,112,101043.45342740792,2773491.0536507363
4,62,1.9146108512772975,2.111670911580001,2.038507759270173,2.311112024434533,1.9311744632256618,1.0,1.0,1.0,0.8,0.8,0.3,114,100521.96156015983,2773179.931695689
4,63,1.9142415075064239,2.1294468049458404,2.081491450715088,2.341057778446964,1.916178645699204,1.0,1.0,1.0,0.8,0.8,0.3,116,102045.04250528544,2772181.1085495087
4,64,1.9135461547355117,2.109264582121442,2.0467709591107006,2.3474435348372733,1.9313953748984687,1.0,1.0,1.0,0.8,0.8,0.3,118,104709.61290246509,2834415.942678672
4,65,1.9135156997819656,2.120062889399029,2.070500469087655,2.3663649975025196,1.9014040096220637,1.0,1.0,1.0,0.8,0.8,0.3,120,104695.94232163456,2834355.7376468563
4,66,1.9123240684742273,2.1485514366812657,2.1481948753764875,2.4235248552686275,1.9228084241025056,1.0,1.0,1.0,0.8,0.8,0.3,125,4360.468471249218,2460494.6135838185
4,67,1.9122671227475527,2.080505910466593,2.002005535089974,2.373390125807968,1.902830629917413,1.0,1.0,1.0,0.8,0.8,0.3,127,2400.004320938659,2488604.120507246
4,68,1.9086518606176528,2.0667582895485377,2.030230452023599,2.390905126164368,2.309383013479546,1.0,1.0,1.0,0.8,0.8,0.3,128,2100.496940796485,2515553.485489846
4,69,1.908086183598536,2.0559745142783385,2.0175998617342974,2.4010601611878037,1.9249938147057553,1.0,1.0,1.0,0.8,0.8,0.3,131,2013.7145966490684,2519633.956654028
4,70,1.9079353314826266,2.0530219523068065,2.014141710009211,2.4045078724588094,1.910309440747506,1.0,1.0,1.0,0.8,0.8,0.3,133,2025.9012195576167,2519683.836157494
4,71,1.907868105011968,2.0628973916328976,2.0367900677562307,2.4204473967824116,1.9092655443512718,1.0,1.0,1.0,0.8,0.8,0.3,134,2035.0538598611445,2519479.41683828
4,72,1.9077059605431759,2.0484606116350945,2.0087992681471434,2.418118229975428,1.903229730781601,1.0,1.0,1.0,0.8,0.8,0.3,141,1292.7812247813656,2521030.012709008
4,73,1.9063517523624114,2.053126924689581,2.0475098591083514,2.471060030413932,2.0013632153003384,1.0,1.0,1.0,0.8,0.8,0.3,143,7025.958714562157,2500894.803972333
4,74,1.9055887212254456,2.0460771059763734,2.0503343586464817,2.5597123814285587,1.9057700261298014,1.0,1.0,1.0,0.8,0.8,0.3,165,7126.705970870593,2687140.15905576
4,75,1.905194864395132,2.0360832735312737,2.038629082962177,2.569953549620421,1.9698244972814625,1.0,1.0,1.0,0.8,0.8,0.3,166,7072.474399752074,2686971.7278645234
4,76,1.9049716991027001,2.0302091796981023,2.0317489338409898,2.576849140519599,1.9204966697075987,1.0,1.0,1.0,0.8,0.8,0.3,168,6965.437521418309,2685929.826542914
4,77,1.9049679913186301,2.0301205344530384,2.0316451951946632,2.584286486049651,1.9003451738873767,1.0,1.0,1.0,0.8,0.8,0.3,170,6982.20181945884,2687319.425475452
4,78,1.9044973005186774,2.050814454902266,2.089128150495445,2.614919369357925,1.9450948388495435,1.0,1.0,1.0,0.8,0.8,0.3,172,6992.765177201351,2686123.9670664435
4,79,1.9044890164374273,2.0617844108318164,2.1130586417966875,2.6355674971938496,1.9008141226219692,1.0,1.0,1.0,0.8,0.8,0.3,174,7030.280215869703,2685752.2768933857
4,80,1.9043317146213428,2.0572943624786983,2.107799663285745,2.6428052125393626,1.9156738284753687,1.0,1.0,1.0,0.8,0.8,0.3,176,7054.994078478512,2688456.2390108537
5,0,0.6082461388547634,0.8890836842741882,0.8211147449164453,0.0025701283600943494,0.0,0.0,0.0,0.0,0.8,0.8,0.3,1,6548.559839128705,7949.630026841793
5,1,0.6432800056668623,0.9332204838039037,0.8643330429704859,0.05497231237708643,0.06822914687930934,0.06174640415969551,9.799641766906e-05,8.14820591139e-05,0.8,0.8,0.3,3,6385.956396009149,7831.4716797377405
5,2,0.60622052080884,0.910746028605828,0.8403135211487602,0.04301647434350507,0.09917063960057408,0.03033653889744859,0.01410778814344465,0.00164181407894401,0.8,0.8,0.3,4,6189.284138990312,8153.5815942592335
5,3,0.8631478311539489,1.1924194130990287,1.1191043842355215,0.3442153038277631,0.4523152256299934,0.01540158793765382,0.3930626752851636,0.02593650242472741,0.8,0.8,0.3,5,5802.47726154762,8040.831517271692
5,4,0.5462525421385033,0.9313341217437027,0.8793897709213193,0.10927661548778787,0.26682931871728455,0.06842259628360924,0.02314442352358241,0.01614564529266829,0.8,0.8,0.3,6,4595.335725600586,7040.523422620817
5,5,0.5243686699549435,0.955654308438539,0.9103269341211352,0.1673568986094026,0.2586677010607302,0.08571629142617408,0.04031862358961852,0.09219824158117643,0.8,0.8,0.3,8,3930.247297800598,6197.821778566593
5,6,0.5196800070779756,0.9509501225995246,0.9056134936021459,0.16268981932057838,0.12398892786923132,0.0856144563010399,0.03714575616038756,0.08543081506048625,0.8,0.8,0.3,9,4019.6013737543135,5852.2448163395175
5,7,0.5641866257884771,1.0091828368585833,0.9605213523797624,0.23855424286496185,0.33709466035366753,0.08570646895054898,0.08771897397202058,0.20914674461154528,0.8,0.8,0.3,10,3266.4287321377674,5441.664564452776
5,8,0.5521933316609897,1.0160401318819434,0.9781487653294957,0.26239901059456366,0.3011103940842518,0.04285031606140585,0.18771014812984171,0.08571073870386989,0.8,0.8,0.3,11,2570.0123315067003,9362.792035819928
5,9,0.5181148467116252,0.9878154007662225,0.947927880821424,0.24013621571713573,0.27499422650965943,0.060174150792315015,0.10797223552283271,0.19691702193392305,0.8,0.8,0.3,12,2610.373195706202,4445.656210761883
5,10,0.4854698828222171,0.9561430917378816,0.8974354002548041,0.24392143926197993,0.4445135538319214,0.04081843000958058,0.1762946698605939,0.11138644779110751,0.8,0.8,0.3,13,4555.215402175225,131116.28977856174
5,11,0.5261350659733425,0.9995909724300713,0.9387659709810883,0.31636368116268343,0.2917387968539582,0.04751927066085871,0.1969571966611156,0.22445480019631298,0.8,0.8,0.3,16,4350.684023844607,131344.20659696238
5,12,0.522120651365795,1.0190961134952061,0.9842932836175116,0.3319219113542187,0.2656947285046836,0.06335829088008524,0.20720478463821138,0.14479996566947592,0.8,0.8,0.3,17,4287.113675752175,150739.5684221392
5,13,0.4385894233775741,0.9351679749097965,0.8996651738442708,0.2622779033044199,0.19099689666476521,0.06455415123884875,0.1254074251317411,0.09360158899896348,0.8,0.8,0.3,19,4095.100934444104,80889.20857713198
5,14,0.4881120020481768,0.9986754172992239,0.9711690291478811,0.33927427325987697,0.36351834454640136,0.049334140827198905,0.21534100539937978,0.1661065511682974,0.8,0.8,0.3,21,3832.400646130841,117678.87760347864
5,15,0.48754022871488334,0.9981165333915842,0.9705145111231437,0.3451763175616128,0.265468101550002,0.049334140827198905,0.2153410053993797,0.16610655116829715,0.8,0.8,0.3,22,3867.389860235413,116585.6381323506
5,16,1.368868644394216,1.8561717478919648,1.7981243853912579,1.255159940054708,1.3492337488796462,0.08498363876985607,1.0,1.0,0.8,0.8,0.3,23,4398.821504038895,7714.384329694129
5,17,1.3441931672168896,1.8464548206638016,1.8069577159676675,1.2849677228656549,1.3313033710565856,0.09921029496487944,1.0,1.0,0.8,0.8,0.3,25,3676.6380233576433,8490.33696926804
5,18,1.3127019556610124,1.8064608214446858,1.7620303818504903,1.2763837752493399,1.2688058337907548,0.08522554577504202,1.0,1.0,0.8,0.8,0.3,27,3659.8675349963696,6907.499380738474
5,19,1.3109227612576628,1.8042921896167663,1.7596672530250022,1.2836753831651566,1.1711063711647083,0.08393483230027782,1.0,1.0,0.8,0.8,0.3,29,3602.7315901820307,7015.434637508418
5,20,1.2831706889062668,1.8057799894927975,1.798081243060949,1.2698020483178576,1.1894408819438151,0.058927464957926834,1.0,1.0,0.8,0.8,0.3,31,2957.6952957454296,11974.083405349404
5,21,1.3156873143107854,1.8367276968990978,1.828327631559262,1.3089695356420956,1.196490658534056,0.10273142622999198,1.0,1.0,0.8,0.8,0.3,33,3222.101368186577,14321.050167364596
5,22,0.9855298101408576,1.5223796838652421,1.5372265598212487,0.996504803759247,0.9738268306461837,0.06596952261560567,0.8215522820202036,0.5049776768299521,0.8,0.8,0.3,34,2994.381103713759,15212.76589277737
5,23,0.9862140277017393,1.5222046620780525,1.5367120166834025,1.0013590297869905,0.8702367036897982,0.06470006409141857,0.8243514349518424,0.5069194557317009,0.8,0.8,0.3,36,2888.4215755843243,15105.104868880366
5,24,0.9813455562358929,1.5274067828070494,1.5544730659319383,1.0121145271381904,0.8689032488605078,0.06380765429081674,0.821637381437483,0.505128793877501,0.8,0.8,0.3,38,2974.5804315151554,14971.967237120338
5,25,1.1546670543433042,1.68205963249258,1.6933590120849733,1.1911493748508526,1.1547469351717108,0.03023400778780886,1.0,0.7257224287517878,0.8,0.8,0.3,39,3381.8501036321272,13449.210110959555
5,26,1.1587648447301648,1.680385361916933,1.6990691349412335,1.22359652779656,1.1763272411151975,0.04851232077355283,1.0,0.7433669883971137,0.8,0.8,0.3,41,3122.716227208226,14588.358496725788
5,27,1.1608962034899832,1.669518400046468,1.6746483864040855,1.2334161886456783,1.0729095496817136,0.04962748933331003,1.0,0.7522874703851042,0.8,0.8,0.3,44,3068.0262124023475,14787.182840545458
5,28,1.1558240930288424,1.684840913132061,1.7153575738581766,1.244773879464656,1.070251324643629,0.04823262701579911,1.0,0.7443443366045521,0.8,0.8,0.3,47,3123.6034708311017,14151.650597323776
5,29,1.1556631772674504,1.650855334867157,1.6423064726340606,1.190267698044314,1.0644769750169225,0.04823262701579905,1.0,0.7443443366045523,0.8,0.8,0.3,48,3123.5832867032573,14189.802676128074
5,30,1.1830463487799427,1.7054812604738112,1.7340396442937134,1.3060128606128882,1.1133198618027393,0.052740339648012766,1.0,0.8392403881790207,0.8,0.8,0.3,52,3541.8065943305146,23980.23915854096
5,31,1.1820890246629085,1.702341054844583,1.730265755071053,1.3129463575458782,1.1074605819097156,0.052949329691947836,1.0,0.8405485595671973,0.8,0.8,0.3,54,3533.2193595547105,23978.38187382776
5,32,0.757215857499937,1.2248239305315984,1.1985354632114364,0.8575628014185714,0.7646936742186214,0.09001363717931987,0.37840432075914776,1.0,0.8,0.8,0.3,55,3559.691657407281,22861463.89607367
5,33,0.74844753498876,1.204189157163895,1.1746861435587552,0.8581593871673527,0.80397233805627,0.08547294838530417,0.3806147510064189,1.0,0.8,0.8,0.3,56,2916.276697790075,22860666.032216765
5,34,0.7481954593927904,1.2018636942882976,1.1718143637067533,0.8647309928740505,0.6848750783035151,0.0864560908710221,0.3807127474240878,1.0,0.8,0.8,0.3,58,3016.9958006730485,22858231.66116668
5,35,0.77807027687625,1.229190479829628,1.1984749698347963,0.8955936230414068,0.7321424064423883,0.09514187290341594,0.4110476860253843,1.0,0.8,0.8,0.3,59,3013.51575976648,22869643.05064789
5,36,0.8272606373038001,1.271096257716728,1.2385093697254919,0.9643963661220878,0.8340861663376302,0.09069384139092894,0.48153717201692803,1.0,0.8,0.8,0.3,60,2953.583139657777,22859475.19945782
5,37,0.8273533926908061,1.2684844746975912,1.2352138953273633,0.9688052400232592,0.7731060659079683,0.09101103974579364,0.48294527977778207,1.0,0.8,0.8,0.3,62,2939.821029950609,22866500.02378117
5,38,0.829759927329919,1.2702231632422516,1.236784658490625,0.9748289763342921,0.7687288399961163,0.09185110416677772,0.48550417989595684,1.0,0.8,0.8,0.3,63,2939.0492084148614,22867552.64378643
5,39,0.8523302838216482,1.3016599108628442,1.2806366977309338,1.0078400011705426,0.8094004915558566,0.09867906626500472,0.508238271845812,1.0,0.8,0.8,0.3,64,2934.7477410782026,22876160.726402137
5,40,0.8279111946915236,1.274743775714771,1.2530998542047116,1.0013803338587008,0.7706811170435133,0.09094490453828746,0.4868574042344653,1.0,0.8,0.8,0.3,67,2918.728365884042,22866069.619954266
5,41,0.8266802636953823,1.2811318092712316,1.2716049462768944,1.0169247413786506,0.7715985329750004,0.09064692904512525,0.4875839915377528,1.0,0.8,0.8,0.3,71,2857.2301181043813,22801866.859390013
5,42,0.8266395958565846,1.290950424423071,1.29409467655192,1.024963092132806,0.7698627817001222,0.08968196976589603,0.48922204485979764,1.0,0.8,0.8,0.3,73,2864.5523218951,22797285.00787735
5,43,0.8271116268960228,1.2902199843880668,1.2930705263129663,1.0328001851501745,0.7701222332905868,0.0897251422826548,0.4904097208009054,1.0,0.8,0.8,0.3,75,2854.774213817626,22804854.42302589
5,44,0.8248276075984189,1.2741967763232915,1.2634313750101192,1.0413261994377772,0.77125265492955,0.09192672347501152,0.48667516934186067,1.0,0.8,0.8,0.3,78,2717.930975053957,22798776.35794572
5,45,0.848732946357349,1.2844104934465124,1.260046338235812,1.0631231302509339,0.8120458447355032,0.09283056306227712,0.5169099253801541,1.0,0.8,0.8,0.3,79,3013.6138456593035,22809752.90192647
5,46,0.7772061294292198,1.2121938082545554,1.1876641402107173,1.0157945557834756,0.7175081270871986,0.11040167640224881,0.41027689034127224,1.0,0.8,0.8,0.3,86,3332.4228538271864,110916982.91564412
5,47,0.785409863895485,1.1930007031367516,1.1412806577756742,1.0117152092552912,0.775211584132476,0.11173521841862974,0.4216435759328652,1.0,0.8,0.8,0.3,87,3318.7788527761345,110820108.61814617
5,48,0.7819583692779776,1.2111319257691642,1.185217480382949,1.025246672756876,0.7315316524416036,0.1109206017715407,0.41853805041515224,1.0,0.8,0.8,0.3,88,3238.4595210467,110787426.37888391
5,49,0.7850431430831946,1.2008929319838606,1.161477857013677,1.025692494273132,0.7478484551896529,0.11142427429133558,0.4228911698154413,1.0,0.8,0.8,0.3,89,3350.1537987390234,110940878.42673048
5,50,0.7849295786563587,1.2116794426907447,1.1851933908162688,1.0359661222668486,0.7289097676304853,0.11142427429133565,0.42289116981544145,1.0,0.8,0.8,0.3,91,3350.314330284696,110935427.2493574
5,51,0.782314902346449,1.1973722507068127,1.157770896291681,1.03730919437227,0.7273596733891567,0.11233099935702928,0.4189434043741135,1.0,0.8,0.8,0.3,93,3325.929359067998,110823350.68980904
5,52,0.8740039602029384,1.3225461198630701,1.3219162608375432,1.1466450584343433,0.8180051041796663,0.11217906576768133,0.5337671252207163,1.0,0.8,0.8,0.3,94,3418.765235414948,110856651.32001242
5,53,1.2263429996634545,1.7007612415228797,1.7373312927314106,1.5504300975327794,1.2453430165359467,0.08984854262405811,1.0,1.0,0.8,0.8,0.3,95,4537.889149272063,841080029.337857
5,54,0.8163641519639415,1.2215834582472738,1.1796956501783489,1.0877944591826614,0.7811160495430345,0.11377880446669657,0.46444833693849275,1.0,0.8,0.8,0.3,96,2934.1653784188265,110780236.87215474
5,55,1.2158418545143277,1.686478117977343,1.7431512729782652,1.5523955487810253,1.280630641875974,0.08703376989614761,1.0,1.0,0.8,0.8,0.3,98,4651.557587614108,841027448.550568
5,56,1.2154933364134641,1.6960257618007561,1.7654118323721446,1.5816061725045576,1.1716039031885848,0.0870614816813586,1.0,1.0,0.8,0.8,0.3,104,4703.202610073893,841010571.3207535
5,57,1.2161220763279608,1.6955199071258578,1.764657194991033,1.5898592219970518,1.175668491160911,0.08824545055516833,1.0,1.0,0.8,0.8,0.3,106,4781.548665314648,841011085.1845518
5,58,1.2140414853617754,1.6998541645749499,1.7809463267809822,1.6071329370664664,1.1911546426202744,0.08728991859720893,1.0,1.0,0.8,0.8,0.3,108,4688.804156014713,841014530.8183553
5,59,1.212655274488148,1.6838184751763163,1.7511627419590985,1.606259917301909,1.184608120494404,0.08670622921252198,1.0,1.0,0.8,0.8,0.3,110,4698.466488126129,840984807.618557
5,60,1.21453678013539,1.6717665754651632,1.7255208512584577,1.6345854237421718,1.19601753012928,0.0899491194097984,1.0,1.0,0.8,0.8,0.3,111,4680.934170039189,840961369.8954703
5,61,1.2115309741643157,1.6932683475887675,1.7840744930155772,1.6742965527494988,1.1871318189035416,0.0890407090276347,1.0,1.0,0.8,0.8,0.3,116,4663.642787003328,841029449.0462215
5,62,1.2091510046925948,1.6755010429564858,1.752418769260304,1.6686371253280206,1.1819413726427757,0.08731786194566343,1.0,1.0,0.8,0.8,0.3,119,4565.104807176854,841010563.8068736
5,63,1.2089135803272855,1.6950754205983463,1.7974458500377264,1.6915132454919017,1.181371258778786,0.08777682073411226,1.0,1.0,0.8,0.8,0.3,121,4691.761698062006,841014956.6231589
5,64,1.2086745934679606,1.67229777392817,1.7486397969997751,1.687057255358572,1.1711274888135508,0.08751566285513328,1.0,1.0,0.8,0.8,0.3,122,4688.466618960776,841024056.500603
5,65,1.2080012503580875,1.6803194358812814,1.7691334728942258,1.694523085174134,1.1914981313094206,0.08739469760832402,1.0,1.0,0.8,0.8,0.3,123,4560.904990765925,841006269.9181144
5,66,1.2271492406965658,1.6729497896592571,1.7670020156543305,1.720503449637098,1.51320511171452,0.12083450892476093,1.0,1.0,0.8,0.8,0.3,124,3816.36328182084,146890859.06153852
5,67,1.2212215408680123,1.6710798111922995,1.7766951962100468,1.7442755130577627,1.2037145943353715,0.11498413676115371,1.0,1.0,0.8,0.8,0.3,129,3845.073477894325,146883365.26506147
5,68,1.224358991255902,1.6711090773922317,1.7761021992498065,1.7708452470008442,1.2041059808772954,0.11956261293760077,1.0,1.0,0.8,0.8,0.3,132,3672.172338267895,146891274.87456733
5,69,1.2224465830923745,1.6682801680418842,1.7730901079861996,1.776481704089956,1.1976244159051004,0.11736342092930611,1.0,1.0,0.8,0.8,0.3,134,3760.711609459637,146884952.4868696
5,70,1.2222431937803013,1.6785072539331365,1.7961631938950602,1.7884486450258603,1.20012349805543,0.11726999639422624,1.0,1.0,0.8,0.8,0.3,135,3774.5357091899846,146882549.8311124
5,71,1.2490469365596215,1.691180467315882,1.7952523007588943,1.814541192714403,1.2449116602836465,0.15137610934869572,1.0,1.0,0.8,0.8,0.3,136,3708.802363571637,66195637.28817078
5,72,1.2267504198432782,1.834896451380799,2.0272368183497185,1.848108847934771,1.1784113981839928,0.09117714609270341,1.0,1.0,0.8,0.8,0.3,150,5337.960769404832,840947674.72892
5,73,1.2234167168686867,1.812452168729383,2.0005363209072113,1.8559580430724585,1.251107236381738,0.09418780527681483,1.0,1.0,0.8,0.8,0.3,151,5149.020297161855,841094467.5818121
5,74,1.2174635671080063,1.7850381409468237,1.9684263879334025,1.861262179939086,1.247402393733432,0.09419571961969923,1.0,1.0,0.8,0.8,0.3,152,5035.690743929325,840960301.6135005
5,75,1.2179766482199639,1.7797800798520969,1.961936568671747,1.8664234467722245,1.2143992160420196,0.09661396799827382,1.0,1.0,0.8,0.8,0.3,153,4955.755170091802,840954502.3299211
5,76,1.2206338095528058,1.807863843414262,2.0060796981451006,1.8754159592671447,1.222362158892478,0.09538630321660704,1.0,1.0,0.8,0.8,0.3,155,5467.2895395669175,841000627.4698942
5,77,1.2208673069204277,1.8073243773949148,2.005373033278908,1.887526375220536,1.1790572399149517,0.09593265931296394,1.0,1.0,0.8,0.8,0.3,157,5469.059414467341,841002548.1535137
5,78,1.2185677111079873,1.8078124818750185,2.017043361406735,1.889756569869479,1.1983834201547459,0.09580892354003093,1.0,1.0,0.8,0.8,0.3,159,5433.628007140162,840954650.9373952
5,79,1.219481771821246,1.8257177527845527,2.049198048449872,1.9061354142686497,1.1806199718373485,0.09506923359964921,1.0,1.0,0.8,0.8,0.3,163,5469.897454326581,841002225.3190068
5,80,1.2190013790672523,1.8218748431335958,2.0446292948287175,1.918534454264497,1.2020763777524608,0.09556358175861099,1.0,1.0,0.8,0.8,0.3,165,5470.219638830355,841000621.8468442
5,81,1.2191867517389343,1.823644692844375,2.046739052313137,1.9303393886712696,1.177611250026853,0.09529498104767016,1.0,1.0,0.8,0.8,0.3,167,5483.641493559744,840994178.3182288
5,82,1.2208950988853695,1.8506013287072363,2.06881430977997,1.9184291715947903,1.2053997200663795,0.08373468557606253,1.0,1.0,0.8,0.8,0.3,169,5900.442847630609,1813971830.0815637
5,83,1.218488424778648,1.8568298850959424,2.0874498487371964,1.9412524298453702,1.2149230558013902,0.08184697937973742,1.0,1.0,0.8,0.8,0.3,170,5936.967371123899,1813974664.575254
5,84,1.217626425703738,1.8503688668855094,2.0797160983420078,1.9496364491201092,1.1894990297869497,0.08306029233908438,1.0,1.0,0.8,0.8,0.3,172,5876.962020987418,1813982369.5828
5,85,1.217147881570004,1.8554783275730788,2.0965644986280028,1.9623671268519642,1.1829172140809223,0.0846513420547169,1.0,1.0,0.8,0.8,0.3,174,5838.269550367737,1814042426.517012
5,86,1.2191752694611777,1.848302829955174,2.0768291268617793,1.9763876183728002,1.2062988678935533,0.08646984845756213,1.0,1.0,0.8,0.8,0.3,176,5798.984410338582,1813876119.93422
5,87,1.2188357515984518,1.858028846052364,2.099302421542132,1.9967286595720168,1.1692807051765803,0.08646984845756214,1.0,1.0,0.8,0.8,0.3,178,5800.8820104547,1813882620.4021611
5,88,1.217311231563579,1.892777865533258,2.163190997680922,2.044726041503193,1.163210540344597,0.07898874710115265,1.0,1.0,0.8,0.8,0.3,190,4495.70035082023,14820.40469252616
5,89,1.2179155094653866,1.8904939093864892,2.1602279645537825,2.042005178977352,1.1835850446972755,0.08109007126075476,1.0,1.0,0.8,0.8,0.3,191,4456.353126187021,15044.331420684755
5,90,1.2188984090005333,1.8901516735127541,2.159603269762582,2.0471923212404106,1.2121918854184985,0.08272411181966732,1.0,1.0,0.8,0.8,0.3,192,4479.263640473443,15154.16205954157
6,0,0.9646302106311722,0.9919586709709902,0.9416077403596876,0.012028603597799217,0.0,0.0,0.0,0.0,0.8,0.8,0.3,1,1347.1691016899426,8216.98775085299
6,1,0.984500046048005,1.028838096765982,0.9775964823024132,0.05702694179270732,0.06024392311521268,0.052450937713635196,0.00010509115076175,0.00011897876605684,0.8,0.8,0.3,3,1341.80318662831,8239.858363615698
6,2,0.8972081371481976,1.0930765397755202,1.0461887290361263,0.17256163116515516,0.49824678340260814,0.11395097522842364,0.0399646599349393,0.07490589158956878,0.8,0.8,0.3,4,1248.596089582216,44668.34011157035
6,3,0.7584861009615124,1.0618145512440402,1.0059742322813043,0.17707955621556823,0.5386341904668129,0.06433498715060723,0.10104030911537949,0.1143926126358524,0.8,0.8,0.3,5,1282.749269164623,6439.282240658859
6,4,0.7676751756102497,1.131963142279486,1.0684439531738341,0.3090100261864931,0.43472701339464204,0.0991296743248014,0.20666881454528654,0.12321967374908831,0.8,0.8,0.3,7,1416.1717732584932,5393.393186140242
6,5,0.6534733251784548,1.0595121325443126,1.004004214429361,0.254075483501417,0.4305710346006281,0.07186239832136733,0.1410049690503202,0.18929850422542122,0.8,0.8,0.3,8,1058.5915193191315,40953.47374054111
6,6,0.5975877998636148,1.008131137750271,0.9517628796999986,0.21114758215713653,0.2158102718839321,0.09571200201340246,0.0770342061737452,0.1417637109754683,0.8,0.8,0.3,9,1086.6891100351525,6502.772056229416
6,7,0.5890206943093956,1.002425776871996,0.9454888545687506,0.21895513152441728,0.18993767335396147,0.09260924265559932,0.07711736761453233,0.1418669330613095,0.8,0.8,0.3,11,1065.566741399091,6388.428698502228
6,8,0.5854997085063174,1.0037468070585667,0.9458034093273915,0.22709533076941318,0.22658413703888072,0.08696471036130063,0.08511573591802264,0.1595837567155186,0.8,0.8,0.3,12,1071.570150236836,6176.258820247997
6,9,0.6991352372301752,1.1186603398123078,1.0604411062011556,0.3487563611147208,0.3133102757484644,0.06995760092255811,0.21178955962542254,0.25555258900526445,0.8,0.8,0.3,13,1223.2886564473993,39506.07846953344
6,10,0.5722546747565512,0.9985012106094292,0.9387516733165353,0.24095766024540874,0.25325260404010863,0.09534098497651872,0.08839510926839873,0.1461710578868436,0.8,0.8,0.3,14,1066.364886908645,6250.726604149906
6,11,0.576339709368924,1.0358419929365699,0.9826191768798236,0.3140911520143709,0.3870556197075794,0.08276675388173126,0.1668222250956097,0.1836898522894162,0.8,0.8,0.3,16,1150.643899190881,39491.374763334985
6,12,1.5505278313201962,1.9990480624665221,1.9327043061935194,1.297498037300928,1.2306358952333765,0.16236488277083566,1.0,1.0,0.8,0.8,0.3,22,790.2778639420325,103420985.57414784
6,13,1.5302986012327413,1.995858642461925,1.9400139758454318,1.3028942865956006,1.3320746150308491,0.1626302158678379,1.0,1.0,0.8,0.8,0.3,23,734.5705906724946,103421554.15532738
6,14,1.5277886499572662,1.9827424307054498,1.9135999026386608,1.3016046281677975,1.242007860097891,0.16241078504233517,1.0,1.0,0.8,0.8,0.3,24,775.0268846860771,104662693.81425647
6,15,1.5270480247001497,1.9935827764423255,1.9372575369064233,1.30900499670662,1.2381673794218064,0.16329336718545548,1.0,1.0,0.8,0.8,0.3,25,725.6404905409217,103425372.38743392
6,16,1.526295444291585,1.9928775266822314,1.9365227455941214,1.3072435816747325,1.2312477150197034,0.1626270069182662,1.0,1.0,0.8,0.8,0.3,26,725.9415131381295,103486917.3576418
6,17,1.5054583563965487,1.9738794604627008,1.9165407582850957,1.3063445460455243,1.236911886906926,0.14606122767709695,1.0,1.0,0.8,0.8,0.3,28,710.7283711661908,103552724.2299913
6,18,0.8495542028582614,1.3367546100103993,1.285871245518328,0.7140094899689537,0.6957123373292875,0.05575142356565958,0.502844503892627,0.532870079125199,0.8,0.8,0.3,31,858.0976470199382,332361.6680819966
6,19,1.2737660432753193,1.7724082298072326,1.7340882252361707,1.1469519626461753,1.0396863750062992,0.03813245723582317,1.0,0.677447530891542,0.8,0.8,0.3,34,783.0691003809536,2760680.2840503408
6,20,1.2201069683302994,1.7193204158456168,1.679508073759509,1.1132963977473072,1.0197949088205516,0.03990282110135577,1.0,0.5248140990068988,0.8,0.8,0.3,36,765.1876352719921,389565.653495873
6,21,1.2427233551085128,1.7640798206958337,1.7460198666897873,1.1688542750358064,1.2098096594883905,0.04080822047350498,1.0,0.6796011486818311,0.8,0.8,0.3,37,747.8226056313441,2893852.0613173167
6,22,1.239435716420558,1.7491030328607111,1.7169704509054005,1.1739948621477967,1.0827252172446915,0.04060178251645326,1.0,0.6884396863163003,0.8,0.8,0.3,38,796.4340646310869,2767895.360539624
6,23,1.2393692401988199,1.7373318734602612,1.6912692374454203,1.1666208054456604,1.0821663975340878,0.04178433718011375,1.0,0.7014889023359128,0.8,0.8,0.3,39,875.0759250824531,2769448.190060781
6,24,1.333592755126265,1.8424175473071929,1.8088813024409112,1.272566384954711,1.1469271887807602,0.0790007928710914,0.9716545076921672,1.0,0.8,0.8,0.3,42,957.9203357111772,273881.85192823235
6,25,1.2075987247332578,1.7318373156044558,1.718048271658152,1.188993748458993,1.2988482602470035,0.04134940021861787,1.0,0.703246806524576,0.8,0.8,0.3,43,712.4274290733512,2882794.9491026704
6,26,1.2022821209768706,1.7146767421481188,1.6874641674922612,1.1885967031648177,1.057815779416352,0.04061750958051521,1.0,0.6935769568955763,0.8,0.8,0.3,44,816.0983096468162,2767367.562689167
6,27,1.1880424631008195,1.7140534196926982,1.7079260286086182,1.1937520856762571,1.247322090715853,0.04497127863080585,1.0,0.7008768025399778,0.8,0.8,0.3,45,691.9119551855094,2887790.844251926
6,28,1.186085561966934,1.687158701305316,1.6538425533018624,1.2000903578064617,1.0969032407545363,0.04071609563501052,1.0,0.7203878430394222,0.8,0.8,0.3,46,997.375241368352,2765698.0863983296
6,29,1.1821132943347632,1.6917575420795499,1.6702538534596527,1.2053254989485398,1.0976008936240296,0.04399314728050353,1.0,0.7127559467864534,0.8,0.8,0.3,47,803.2334682985136,2888568.1661403514
6,30,1.1797362605723165,1.6857857171808706,1.6627704154183154,1.2128837244466197,1.1130223513618034,0.04359976831665771,1.0,0.7233196356701816,0.8,0.8,0.3,48,964.1255044669304,2764482.0188059374
6,31,1.1804121096736153,1.6861519848387865,1.6629931015779096,1.2152085973620865,1.0594019161145343,0.04576718810179165,1.0,0.7215565860143509,0.8,0.8,0.3,49,807.1280111320631,2888243.53941772
6,32,1.1792723308706696,1.684485548076204,1.6611266318550748,1.2201960574387485,1.0602749492072827,0.04358381866342944,1.0,0.7257169836399335,0.8,0.8,0.3,50,968.2987771513478,2764399.6134127597
6,33,1.1760359628443913,1.6670475816502242,1.6294883114522718,1.2247875875737353,1.0778424726565234,0.04217963523268783,1.0,0.7320371074816838,0.8,0.8,0.3,52,968.1487177106944,2770025.203261249
6,34,1.2843211924437838,1.794438400651672,1.7816111096400151,1.3566404994462957,1.1786996861734949,0.0821836477004872,1.0,1.0,0.8,0.8,0.3,56,766.010228125396,283003.58731923613
6,35,1.2770738421279992,1.7802460747600006,1.7741737696918871,1.3737099355240925,1.304128299128829,0.09602385686058544,1.0,1.0,0.8,0.8,0.3,58,864.917538907602,384376.5183987196
6,36,1.2568315663805314,1.7374064369755586,1.7148334413478585,1.3906508365518881,1.2370431101779638,0.08202744185463172,1.0,1.0,0.8,0.8,0.3,60,813.5026310199794,405411.31774480006
6,37,1.2652184040663346,1.7226946289739822,1.6936519808822348,1.4005973084868166,1.4524352229062105,0.11085943985798026,1.0,1.0,0.8,0.8,0.3,61,981.3770336264892,403126.8284782436
6,38,1.2593719946872182,1.7162263851701958,1.6870183139258692,1.3984028305845702,1.186561562255241,0.10398178765833772,1.0,1.0,0.8,0.8,0.3,63,945.777663589898,403779.8452371492
6,39,1.2591001471304217,1.7266631019110255,1.710324076794678,1.408005280540686,1.1858617671277358,0.10398178765833772,1.0,1.0,0.8,0.8,0.3,65,954.5375491090967,404087.0017411215
6,40,1.2711959873072902,1.7227222460782754,1.6921038232696481,1.433684426187564,1.2507768357342135,0.12239583137947443,1.0,1.0,0.8,0.8,0.3,66,1079.3383049601794,403074.0899065568
6,41,1.2641582281008898,1.7349106131258147,1.729474722949123,1.4356714993238022,1.208934766246722,0.11559456951587796,1.0,1.0,0.8,0.8,0.3,68,971.9047132690214,369789.7220210833
6,42,1.2641582287917736,1.746114962462843,1.7536797516101825,1.4490208375275029,1.192475825953723,0.11559457036157653,1.0,1.0,0.8,0.8,0.3,70,971.9047112516556,369789.7069027673
6,43,1.2638042189597676,1.7533429573844816,1.7729680670575287,1.4706460322118224,1.2136818213644456,0.11748580014677781,1.0,1.0,0.8,0.8,0.3,72,1192.1940579894913,354718.92173399945
6,44,1.2615563852928415,1.75939443639888,1.7912974512566981,1.4657340997301966,1.2072241249970794,0.1163189769468466,1.0,1.0,0.8,0.8,0.3,74,1012.0895872763838,346706.8756090183
6,45,1.2632820792015507,1.7345892253140216,1.7394394581694295,1.4697392099902882,1.2413656352699332,0.12100072246829949,1.0,1.0,0.8,0.8,0.3,75,956.7748994366968,373609.5668769524
6,46,1.259274791829231,1.7067583269194313,1.6852760201641008,1.4667220345844167,1.2050044483462732,0.11664212294425365,1.0,1.0,0.8,0.8,0.3,76,999.0095363669012,405372.09642297926
6,47,1.260302484964324,1.7247837170337998,1.7279640561041447,1.476097969475003,1.2519335915499918,0.12093234460820376,1.0,1.0,0.8,0.8,0.3,77,940.1031131230042,374115.79028886737
6,48,1.2538830996281387,1.7040483380197533,1.7037993210525852,1.4845230190569565,1.2424966450529098,0.12004407615344057,1.0,1.0,0.8,0.8,0.3,80,945.9903619197028,391478.4959149016
6,49,1.2516414620812228,1.7070783292839473,1.7184416592738663,1.4974154811446276,1.224206925190241,0.11995750302899819,1.0,1.0,0.8,0.8,0.3,82,924.7483757833144,392250.4792587569
6,50,1.2476597489524028,1.6721637012193729,1.6555606089248034,1.4934333024865314,1.2350324927065843,0.1186711727746802,1.0,1.0,0.8,0.8,0.3,84,980.8776414844126,394135.9043760836
6,51,1.2453255730881558,1.689663473268904,1.6984746779367323,1.5127841278098668,1.20540884514387,0.11681768424488033,1.0,1.0,0.8,0.8,0.3,86,953.7683113432548,122574.32218604696
6,52,1.2445038298964084,1.6514499251675299,1.620403200815823,1.5143619807039925,1.2287669606115623,0.11731581977150014,1.0,1.0,0.8,0.8,0.3,87,1001.8611640814712,67159.37994071424
6,53,1.2390030146340922,1.6615964408284234,1.6550336671921029,1.5121722313791404,1.252370383280713,0.11306276456157975,1.0,1.0,0.8,0.8,0.3,88,967.649571090404,131982.92390529433
6,54,1.2427328364788792,1.6301310342507744,1.584207472669269,1.5283809483252704,1.2102701197738628,0.1183686315017746,1.0,1.0,0.8,0.8,0.3,89,965.4428082983662,66334.91494532344
6,55,1.2374116959122292,1.6172342901596932,1.5802053320310958,1.5224906578196018,1.361066480103332,0.1182111115029699,1.0,1.0,0.8,0.8,0.3,90,1044.5826287978252,66891.99806718824
6,56,1.2361627185099728,1.6122555848039841,1.5744237476285996,1.5323817636621264,1.2270174056960785,0.11784754808130674,1.0,1.0,0.8,0.8,0.3,91,1046.3606798518774,67348.98089795609
6,57,1.2351997122784086,1.6071848180127624,1.5684735880047045,1.5319764953129091,1.230242996137923,0.11792860385565851,1.0,1.0,0.8,0.8,0.3,92,1047.2368556944634,66805.78553955979
6,58,1.2433716680338973,1.6095021278523278,1.5695462679929915,1.5123560935453326,1.2546688654090272,0.12990988283214325,1.0,1.0,0.8,0.8,0.3,93,1153.4510419895964,66635.26528476637
6,59,1.2288626219912262,1.577769805906056,1.5342044917772608,1.5354711735967805,1.3405858264270338,0.11658908643872037,1.0,1.0,0.8,0.8,0.3,94,1023.2030448526288,106874.4848429965
6,60,1.2287741701604926,1.5776045404803576,1.5340233089009905,1.5318199305701756,1.193848751427161,0.11649876071569634,1.0,1.0,0.8,0.8,0.3,95,1023.356118418005,115068.40228352044
6,61,1.2276980814396523,1.56727366570812,1.5217831158483857,1.5423248955946527,1.2329612682538695,0.11752136233490515,1.0,1.0,0.8,0.8,0.3,97,1022.6388075690433,114901.68929350744
6,62,1.2398098654359315,1.607689264939174,1.6001103949612492,1.601858291159471,1.2184725709566204,0.13398061423556706,1.0,1.0,0.8,0.8,0.3,101,1185.556558561669,73684.37754787007
6,63,1.2387501387879383,1.6120863084450126,1.6163422451272114,1.5972132118688231,1.2305219579323055,0.13398061423556704,1.0,1.0,0.8,0.8,0.3,103,1166.415128944635,74070.06127992574
6,64,1.2386637620704934,1.6227358763528696,1.6398972169642358,1.607952069719738,1.2091178105990945,0.13398061423556706,1.0,1.0,0.8,0.8,0.3,105,1154.9872163680036,74353.79078155819
6,65,1.228832116905825,1.5564412252163247,1.5085103345467699,1.5732763829958771,1.2010876182492942,0.12179277865727962,1.0,1.0,0.8,0.8,0.3,106,1113.9216927403247,73669.42270699341
6,66,1.2260553478713205,1.5766110767732269,1.565510676530648,1.596647578598545,1.2897622088711016,0.12083658080056725,1.0,1.0,0.8,0.8,0.3,107,1109.4698498224118,73585.90135739624
6,67,1.219340938374801,1.5262319796876784,1.4849209078634915,1.5912285257341867,1.3604330176060322,0.11660001477350176,1.0,1.0,0.8,0.8,0.3,108,1081.7685230989491,73721.18444285894
6,68,1.2211448813690575,1.5465967706630728,1.530528907272354,1.6077997797401598,1.2265762895963417,0.11957627030040056,1.0,1.0,0.8,0.8,0.3,109,1089.830912735733,74307.8284376035
6,69,1.2168000839445214,1.5164409721675594,1.4953442294422399,1.604310668028824,1.3999977780851685,0.11858659466366968,1.0,1.0,0.8,0.8,0.3,110,1148.007769365306,74118.66128861136
6,70,1.2155255437129007,1.4976311292377213,1.4731663033973068,1.6070802223700198,1.2644126350419636,0.11965838708700505,1.0,1.0,0.8,0.8,0.3,112,1151.92920212484,73987.22814767889
6,71,1.2150542646069038,1.4809800059405764,1.4425655536705941,1.6104311334175678,1.2151400201970413,0.11977762590111614,1.0,1.0,0.8,0.8,0.3,114,1152.9806767589116,73837.68815614707
6,72,1.2156938656487772,1.4686486062559172,1.4277710258930785,1.600093857279437,1.298493027439853,0.12234182019939273,1.0,1.0,0.8,0.8,0.3,115,1145.3990056562066,75544.69110253561
6,73,1.213327246158939,1.452654594629086,1.4092074648409945,1.6051044890952155,1.249242541731107,0.12110350231725212,1.0,1.0,0.8,0.8,0.3,117,1104.5078524893904,74416.45815517347
6,74,1.2127054442320873,1.4439758329033818,1.3990175715302264,1.6118204441797488,1.2278258435279665,0.1212854848851227,1.0,1.0,0.8,0.8,0.3,119,1119.0665764458274,75188.37865773466
6,75,1.2125242199689472,1.435639303899616,1.3891570512894058,1.6226330217647464,1.2596793201343233,0.12198843416748859,1.0,1.0,0.8,0.8,0.3,120,1132.4305201422776,75896.56060158683
6,76,1.2087579517103177,1.3598561291979687,1.3220611592487834,1.6387048732751042,1.906673204147315,0.12562106743989795,1.0,1.0,0.8,0.8,0.3,121,8655.067421216248,78380.6566283319
6,77,1.2081348070064517,1.3491810290714332,1.3095719211021344,1.648893248009306,1.274456278556276,0.12551798807154937,1.0,1.0,0.8,0.8,0.3,122,8689.172447851011,78113.8819199951
6,78,1.2075166209142603,1.3483031779801307,1.308647380669205,1.6482608738732731,1.2007326133610936,0.12476174896904288,1.0,1.0,0.8,0.8,0.3,124,8555.055741430027,78364.75686409659
6,79,1.2079891547650448,1.3574223869080104,1.3303065271990795,1.6637065293131381,1.2191265248342265,0.12551798807154937,1.0,1.0,0.8,0.8,0.3,125,8635.885759295388,78311.96542801347
6,80,1.2078452287797046,1.3455840109245958,1.3053787196393585,1.6559589301452917,1.2042980100320768,0.12537319677656153,1.0,1.0,0.8,0.8,0.3,126,8682.90056807857,79106.3898532933
6,81,1.207737071577049,1.3311845893104417,1.288410476952522,1.6661180570202827,1.3052963470502748,0.12612426970242924,1.0,1.0,0.8,0.8,0.3,127,8511.991630918725,79211.96314502535
6,82,1.2076289084449576,1.3376823998151939,1.3070837524903092,1.6698308310857375,1.217885659747794,0.12626311812791863,1.0,1.0,0.8,0.8,0.3,129,8419.804871539774,77313.53517033267
6,83,1.2059434191923537,1.339052910747188,1.3199953219633858,1.6906984259838016,1.259119502032468,0.12462470573619885,1.0,1.0,0.8,0.8,0.3,130,8502.933031533217,77290.72629089514
6,84,1.2081510467888619,1.3289586046585407,1.29670392059483,1.6889105442708274,1.2099686959890774,0.1274460124445352,1.0,1.0,0.8,0.8,0.3,131,8510.634919230937,79332.99210515509
6,85,1.2066176119880923,1.3206644868596593,1.2872007223649429,1.7021342064129665,1.2254505330594732,0.12590388835888486,1.0,1.0,0.8,0.8,0.3,133,8442.421475351022,76175.3791655753
6,86,1.2057642741247212,1.336820619684995,1.3283937778184707,1.7243686812049666,1.2392722292216518,0.12512562787571035,1.0,1.0,0.8,0.8,0.3,134,8535.757193331141,81328.70076035468
6,87,1.2074308268752452,1.3182626828359238,1.2952264173852357,1.7328047424298587,1.2240102774211854,0.1276760388739458,1.0,1.0,0.8,0.8,0.3,137,8476.924832951674,77762.42092590309
6,88,1.2002038457502577,1.3149079382678714,1.3145752851211958,1.7443457160353641,1.2628739264554518,0.11954090801304648,1.0,1.0,0.8,0.8,0.3,139,8315.89444617992,77463.85394504984
6,89,1.200249796304201,1.3221540095815962,1.3341107897820486,1.7558381440919435,1.2103254068989302,0.11978216334986383,1.0,1.0,0.8,0.8,0.3,141,8302.591895385378,77079.50720721099
6,90,1.2000257595963948,1.3018693534140964,1.2992550163086494,1.755029542608977,1.2599680074785777,0.1198963574117752,1.0,1.0,0.8,0.8,0.3,142,8262.239277191293,76966.50525422285
6,91,1.2000305724323959,1.30862614780818,1.3182235179736643,1.7704159584667445,1.2041183574618575,0.12009436768208148,1.0,1.0,0.8,0.8,0.3,146,8401.47960803878,77871.58243925034
6,92,1.1989761721620218,1.292268484313866,1.288139571963919,1.7844573348469568,1.2025574591809929,0.1189495339794839,1.0,1.0,0.8,0.8,0.3,150,8329.465366621906,81724.2143204876
6,93,1.1923918884145472,1.2737220311761366,1.2674778831149933,1.7298854257102643,1.2321021403787515,0.11120565687646733,1.0,1.0,0.8,0.8,0.3,152,8281.91520166061,76139.75073291003
6,94,1.1918671278306314,1.2325947867629499,1.1971394035688887,1.7889934850745923,1.2544488432449847,0.11123862527539416,1.0,1.0,0.8,0.8,0.3,154,8311.808037393615,76344.0965241031
6,95,1.1906043066072607,1.2245679363094697,1.1879212055623491,1.7986866139344135,1.200068464801156,0.10990150695293646,1.0,1.0,0.8,0.8,0.3,158,8300.641497869636,77541.90839982513
6,96,1.195503251551388,1.220292571409381,1.2261719397134365,1.8340509708256407,1.2907735893092502,0.11770000556778201,1.0,1.0,0.8,0.8,0.3,162,8391.643824326673,82762.58911073356
6,97,1.1946105134293619,1.2108158657074892,1.2262364463257183,1.8517459637351659,1.2289503832331277,0.11709954639235505,1.0,1.0,0.8,0.8,0.3,166,8440.757043295187,82520.17584271505
6,98,1.1934545107377736,1.2042118806962718,1.2186810023279315,1.8580780389558338,1.2120389422238103,0.11578840704060875,1.0,1.0,0.8,0.8,0.3,168,8357.963034132456,82581.66109200066
6,99,1.1946618930773378,1.1942503507718043,1.2178179208505078,1.8658631747843883,1.234029766274298,0.1178129384647553,1.0,1.0,0.8,0.8,0.3,172,8447.695505826265,82461.06815743093
6,100,1.1942818379449973,1.204871922682993,1.241404646730171,1.88565041862934,1.1941620757130622,0.11734230380628481,1.0,1.0,0.8,0.8,0.3,177,8459.706670439507,82667.54161849954
6,101,1.19420965847628,1.2030707935234737,1.2393023024982603,1.8934243709439158,1.2061318092661675,0.11728971329819242,1.0,1.0,0.8,0.8,0.3,178,8390.01967818335,80939.05475991135
6,102,1.1949259389848559,1.1998817972533145,1.235432959175775,1.9058123351637126,1.2224190529781365,0.11826914036716034,1.0,1.0,0.8,0.8,0.3,179,8346.664559339259,80826.62296134446
6,103,1.1948978457472792,1.1981871087447558,1.2334481455687292,1.8976744584225809,1.2063818733495437,0.11826914036716034,1.0,1.0,0.8,0.8,0.3,180,8358.346248916405,80775.23275847916
6,104,1.1955417383008495,1.2092899958840806,1.2574216396342355,1.9105733681387789,1.2005813076294984,0.11908977897678823,1.0,1.0,0.8,0.8,0.3,181,8349.327565392234,80728.32515957323
6,105,1.1954230010900957,1.208791594614203,1.2568570524828762,1.9104250089764416,1.1978535460455346,0.118949325517099,1.0,1.0,0.8,0.8,0.3,182,8356.871628315703,80501.27513195692
6,106,1.195891367472371,1.2044042736509806,1.2516245403870971,1.945389731557497,1.207198440527259,0.11963561424394986,1.0,1.0,0.8,0.8,0.3,185,8392.828087850825,80375.59941801775
6,107,1.195299130653996,1.1957917450582356,1.2416160710280322,1.9560789055852756,1.223713756021006,0.11905710438756903,1.0,1.0,0.8,0.8,0.3,187,8382.022702126416,80093.053538111
6,108,1.1958997459271739,1.2294784363356657,1.3142128035935152,1.9972579345496528,1.1961938532662983,0.11981827446538915,1.0,1.0,0.8,0.8,0.3,198,8300.200060855956,79841.61448143396
6,109,1.194971938574963,1.2256757621598124,1.3099102249070125,2.0080709217521773,1.2051725774014719,0.11871492321870378,1.0,1.0,0.8,0.8,0.3,200,8312.343057931404,80077.51503604407
7,0,0.7080529351620791,0.9229536903391642,0.8607852300314258,0.005684717174335176,0.0,0.0,0.0,0.0,0.8,0.8,0.3,1,5272.118751306345,8587.343653980564
7,1,0.7302660455082216,0.9563520699346896,0.8932881301969303,0.047228463423287875,0.056892891539342516,0.0481506145590692,0.00010521765220967,7.671314551957001e-05,0.8,0.8,0.3,3,5205.5116331844665,8599.742662838558
7,2,0.716698608502474,1.0481503689584375,0.9889714530313138,0.19283370193837127,0.5454297861230024,0.12977108852196678,0.04142382783169663,0.11830551012944332,0.8,0.8,0.3,4,4410.455193163619,43614.71142003719
7,3,0.5692268174900097,0.9436244654630523,0.8786019205004716,0.1075203103289611,0.33939612111636885,0.05883971727207192,0.05396188451206363,0.03934307421000492,0.8,0.8,0.3,5,3229.0901160406984,6597.545714095783
7,4,0.6142290546879704,0.9902225754448922,0.9249872432190186,0.155260419365623,0.15935302917182131,0.05900207381978345,0.10079562491570429,0.07348908932592457,0.8,0.8,0.3,6,2735.000803502143,6063.407108942711
7,5,0.5595589934336306,0.9519499773194319,0.8988502924354475,0.1329078229294368,0.14011428246666183,0.07237457647515629,0.04130030053043442,0.04839730732943004,0.8,0.8,0.3,7,3020.450130362157,6215.3022336109925
7,6,0.5509419643403197,0.9860105434143334,0.9240294214468021,0.21491378775175624,0.5536302299268087,0.08472121870891339,0.09538571234376028,0.15764858433944814,0.8,0.8,0.3,8,2377.9462815708507,40880.13710417795
7,7,0.5441100322014142,0.9928918763242438,0.9431708748980705,0.2207656027471953,0.20624871855378904,0.08472121870891337,0.09538571234376028,0.15764858433944814,0.8,0.8,0.3,10,2437.045289628796,41639.3222603148
7,8,0.5387690457519231,0.9787464924296053,0.9153205523541424,0.225608586001255,0.2214388233880951,0.08509661208506637,0.09613513561765104,0.15855756875672655,0.8,0.8,0.3,11,2389.3375110356947,41567.26905435579
7,9,0.5180741365654007,0.9659061573076877,0.8998214117504033,0.23180181419215676,0.30355062460107274,0.08803513803575753,0.09610106286107747,0.15976228594440472,0.8,0.8,0.3,12,1845.7618210558423,37616.00346218917
7,10,0.5136754364565915,0.9687303747201387,0.8995595890234726,0.25781829663418954,0.2790934797714542,0.10320397727358036,0.10255212060245548,0.17158891590924613,0.8,0.8,0.3,14,1696.9409155823807,38388.12133837413
7,11,0.4957259608816826,0.9556435153804272,0.8836250528476122,0.2641952540053335,0.27758414886450544,0.10129941621457783,0.10719979545945937,0.17607957678689323,0.8,0.8,0.3,16,1304.1913146371433,33449.802124298345
7,12,0.4680781894677449,0.9280732147081692,0.8560221648569242,0.24120449794939341,0.19374338576400407,0.10727992544797191,0.07390875384851119,0.15764037038479659,0.8,0.8,0.3,17,1605.8639860952833,33541.52080556502
7,13,0.5750460368375793,1.0486610622405887,0.9876629636238085,0.3697791963950181,0.392237046925605,0.08078974583277293,0.21011246297718472,0.26758893511338616,0.8,0.8,0.3,18,2513.7106098504155,1070370.658746797
7,14,0.5599735219521133,1.047324836479794,0.9961701229107166,0.37969269999523436,0.3832728119381307,0.0746329392768169,0.21346132919521882,0.2947258765157686,0.8,0.8,0.3,20,3133.8759782460884,1089788.085262251
7,15,0.5592333817078612,1.0468219070380316,0.9951877991229255,0.38925641994962995,0.33096717600116005,0.07678849154020971,0.21641376800961193,0.28875825412780987,0.8,0.8,0.3,22,3125.731158600967,1068898.3369256645
7,16,0.6196326574282165,1.1077619118897546,1.0546031259361488,0.46595548325568104,0.41184374266388574,0.08497535958310984,0.2854577253172949,0.3156193746476169,0.8,0.8,0.3,25,1977.505586981784,1060444.2362632882
7,17,0.7069463298833342,1.1951710010205479,1.141178058506789,0.5686089926687029,0.5002415816105201,0.06403265674998064,0.3895343747132693,0.4015278675222538,0.8,0.8,0.3,27,2641.691969690072,2496431.379878114
7,18,0.6161590798747129,1.1043924267318785,1.0498652744764196,0.47876525632888534,0.41736637630310036,0.08503530866570647,0.28734563080944425,0.3258286535405416,0.8,0.8,0.3,28,1943.9966535780688,1059414.9636438803
7,19,0.6998070321052234,1.1851387482781055,1.1242406631750281,0.6042984114041305,0.7737818828816665,0.05791355329006866,0.4305785979491512,0.4093556345176661,0.8,0.8,0.3,29,2075.7882624454214,2496178.015657014
7,20,0.6756754623237031,1.169530639153922,1.11913224082824,0.5988597946871044,0.5521996932402362,0.06726117305389433,0.40518897245573643,0.4114359831023856,0.8,0.8,0.3,31,2136.778475991747,2495939.332399483
7,21,0.7132263757319945,1.1901833351174202,1.122827639169158,0.6557009914370842,0.6370299717341354,0.06252791153507968,0.4573870084424702,0.46806677037858363,0.8,0.8,0.3,33,2086.8252613284835,2527315.103871404
7,22,0.6765767596704775,1.1603880452617874,1.1036030554652496,0.6380881928087423,0.5790997378903073,0.05478261489149686,0.45292229685880814,0.4112547513451948,0.8,0.8,0.3,35,2031.620515951045,2472934.8788446924
7,23,0.7248345096740749,1.2027986976481562,1.1431760639954651,0.6986772501063783,0.6463716443718289,0.050670119156962165,0.4595156018417068,0.6012416969116933,0.8,0.8,0.3,37,4190.463463365615,2474902.0380896046
7,24,0.7176526981373805,1.184179322811656,1.1198173853692703,0.7145971051238873,0.6942146417781916,0.051162254859219734,0.4735668470533751,0.5926388189709163,0.8,0.8,0.3,39,4163.060816212885,2474797.674482484
7,25,0.7190345649543057,1.1807722113971533,1.1146326647006357,0.7268875563410603,0.6407956020111673,0.04758869688186359,0.48428281805123746,0.5968352009666333,0.8,0.8,0.3,41,3913.7712532256073,2473355.977969396
7,26,0.7164270284272124,1.177889083193726,1.1116500385807597,0.7339416476003187,0.6042742264821916,0.04747299997915757,0.4829477161281758,0.5930300317102896,0.8,0.8,0.3,43,3912.1132958360017,2472811.596904972
7,27,1.4313189088936116,1.9122913357221458,1.880267826691606,1.4902042215306859,1.4289794454285447,0.2887275771177744,1.0,1.0,0.8,0.8,0.3,45,2680.77640377047,28703634887.94477
7,28,1.5007529267598392,1.9379970471364685,1.8835266350951045,1.5870214901474358,1.6155952637239552,0.40381439832064003,1.0,1.0,0.8,0.8,0.3,47,2632.2548883681693,6017745080.622872
7,29,1.4046732375279134,1.8514283011206547,1.8095118889713742,1.4981529964107259,1.336748769333283,0.2848570463378991,1.0,1.0,0.8,0.8,0.3,49,2748.0494670338526,28703714863.84209
7,30,1.4037456486213773,1.82758037216494,1.7696057726778505,1.5049897727032644,1.45766632626005,0.2913703150200154,1.0,1.0,0.8,0.8,0.3,50,2763.090779317235,28702755311.04349
7,31,1.2346330292336831,1.6555682475462945,1.5968546079614812,1.3495812905858202,1.1697126998842922,0.08174909845932195,1.0,1.0,0.8,0.8,0.3,57,2243.079564945845,382193715096670.9
7,32,1.237320810992427,1.6687150286266845,1.6228123392453382,1.365349305610152,1.1762594229562497,0.08556109898188059,1.0,1.0,0.8,0.8,0.3,58,3556.397238294571,382233678015830.4
7,33,1.2327417053072407,1.6495377747049538,1.589781534835623,1.3557128802945175,1.200197126377247,0.08182150515881823,1.0,1.0,0.8,0.8,0.3,59,2222.2232294662376,382193765027499.8
7,34,1.2267856403371578,1.6244511466029106,1.560034232535606,1.3486992595981533,1.357552061141908,0.08448136708919479,1.0,1.0,0.8,0.8,0.3,60,2693.320885757425,382233616881124.9
7,35,1.223652397181258,1.614331464938115,1.548266938746473,1.3608299167270277,1.2007037116369002,0.08385742853324657,1.0,1.0,0.8,0.8,0.3,62,2405.816959292845,382233627783337.06
7,36,1.221049854190907,1.6082835508900277,1.5414156279969295,1.365593517179388,1.1821486274393016,0.08216162836593047,1.0,1.0,0.8,0.8,0.3,64,2470.56733790719,382233548929068.1
7,37,1.2200140316038528,1.596436617344906,1.5270876125687622,1.3766841060361987,1.2694721403732816,0.08546176599313374,1.0,1.0,0.8,0.8,0.3,65,2599.653399998219,382233646748292.4
7,38,1.2176230643739558,1.5842572620771993,1.5127059294685585,1.372943460070631,1.2588603755515753,0.08631296396282628,1.0,1.0,0.8,0.8,0.3,66,3667.5480913634287,382233601456425.25
7,39,1.937661775425712,2.3072672859296404,2.2786831320436147,2.1250021573810307,2.0228254095187648,1.0,1.0,1.0,0.8,0.8,0.3,69,2196.1948309282807,277590728324564.6
7,40,1.9369778409626055,2.3035082830305047,2.2742803090401176,2.1379923366031135,1.9065654540588337,1.0,1.0,1.0,0.8,0.8,0.3,73,2216.201656046393,277590708448557.6
7,41,1.9303858074366624,2.2188651528019205,2.130814682358302,2.13832110787791,2.178656245594883,1.0,1.0,1.0,0.8,0.8,0.3,74,3586.5871227386683,382194085903401.9
7,42,1.9289669880008555,2.2315950203084802,2.1678879612121134,2.1544302427321247,1.9335292175423777,1.0,1.0,1.0,0.8,0.8,0.3,76,3520.2378136230536,411328227339716.9
7,43,1.9270507003276014,2.217935788188299,2.151889506596426,2.15660500706177,1.947697742181939,1.0,1.0,1.0,0.8,0.8,0.3,78,3527.793338762492,382194103504174.1
7,44,1.926496611200869,2.2138261364991454,2.147076125269041,2.1630931680893966,1.9143506802807255,1.0,1.0,1.0,0.8,0.8,0.3,80,3479.2542658934026,382194113995829.6
7,45,1.9258956987066758,2.220487095791146,2.1659594459975713,2.1730127252832054,1.9158678542027392,1.0,1.0,1.0,0.8,0.8,0.3,82,3517.2473846261337,411328249555448.3
7,46,1.925338942603025,2.2161936569497405,2.1609307134764832,2.183025443152202,1.9149952428025896,1.0,1.0,1.0,0.8,0.8,0.3,84,3481.7317912790904,411328320491752.6
7,47,1.9244633490137615,2.231683580071147,2.201236950485367,2.192858203416749,1.9241776930781835,1.0,1.0,1.0,0.8,0.8,0.3,86,2467.4371090243267,382194120378967.2
7,48,1.9237177539593542,2.214416477928659,2.169930779223557,2.195807197940656,1.942388787664653,1.0,1.0,1.0,0.8,0.8,0.3,87,2425.8772273772165,382194071157387.6
7,49,1.9233302445027693,2.211191740007001,2.166153931353493,2.20603011347439,1.9112466199795997,1.0,1.0,1.0,0.8,0.8,0.3,89,2407.935793100598,382194084792827.4
7,50,1.9228291696493265,2.2069533518288744,2.1611898304368533,2.2091758672001696,1.9295716144365211,1.0,1.0,1.0,0.8,0.8,0.3,90,2407.895641805625,382194084791961.0
7,51,1.9220607635745888,2.1890936857145666,2.1291897060292166,2.2085169836997713,1.9464607230984694,1.0,1.0,1.0,0.8,0.8,0.3,91,2379.437017051706,382194108204549.3
7,52,1.1753351135996768,1.4661501907993102,1.4433540801705782,1.6033697829998015,1.156993754427341,0.06812789590642221,1.0,1.0,0.8,0.8,0.3,122,2087.0899332414147,34399834056770.555
7,53,1.1744592723478535,1.463252277822021,1.4400679875952471,1.5952038885636377,1.1697008390103354,0.06733839130138743,1.0,1.0,0.8,0.8,0.3,123,2084.6281589790333,34399826612001.867
7,54,1.173544968145868,1.4659981987138513,1.4543704149534964,1.598065120379491,1.2127309846439518,0.06730469494829246,1.0,1.0,0.8,0.8,0.3,124,2114.807695496813,34399834017888.805
7,55,1.1728997807393409,1.4754872214492283,1.476655623132415,1.6162336658826388,1.1616543382938185,0.06665177794706192,1.0,1.0,0.8,0.8,0.3,125,2139.180609235291,34399779832308.883
7,56,1.1730507226216988,1.462818677630194,1.4506784463161781,1.624159989301083,1.1662240346448822,0.06707057584804528,1.0,1.0,0.8,0.8,0.3,126,2153.940034813561,34399782633561.945
7,57,1.1729741843666612,1.461030685584501,1.448564300012148,1.608531813914432,1.167073041349066,0.06721648423655989,1.0,1.0,0.8,0.8,0.3,127,2119.962609242129,34399834298733.105
7,58,1.1730655175659894,1.4722980889957522,1.4728268329343717,1.6238195940587812,1.154088760308643,0.06733462457737947,1.0,1.0,0.8,0.8,0.3,128,2079.103890172395,34399836360647.797
7,59,1.17303889554302,1.470037256793442,1.4701406332673437,1.6348905782335033,1.1627668248267267,0.06761330496160929,1.0,1.0,0.8,0.8,0.3,130,2117.800689499346,34399833793867.08
7,60,1.173392700343079,1.4335252677321313,1.4157782002354762,1.6316096449039625,1.3549058024463219,0.07137829704425472,1.0,1.0,0.8,0.8,0.3,131,2175.6005349943525,34399804619646.824
7,61,1.1745783785061499,1.431546054355655,1.4132045792373278,1.6327913276422257,1.1830452099928246,0.07324272564676769,1.0,1.0,0.8,0.8,0.3,132,2231.04228156734,34399803322490.133
7,62,1.1735903820831948,1.4223542815687362,1.4024774086304692,1.6391241827902174,1.2209833968439183,0.07295996553667881,1.0,1.0,0.8,0.8,0.3,133,2234.8740626232798,34399803603550.75
7,63,1.1735903823783824,1.4223542815252372,1.4024774085869702,1.6391241828607523,1.15836942932091,0.0729599654823051,1.0,1.0,0.8,0.8,0.3,134,2234.874062572294,34399803603550.75
7,64,1.1731735375485879,1.402592099681455,1.368196844562072,1.6379473588232805,1.2204240226788254,0.07334140628212885,1.0,1.0,0.8,0.8,0.3,135,2238.0143685606963,34399803538194.586
7,65,1.1713957693118437,1.4077142378254357,1.3855189986840317,1.6441533919373663,1.189885340030902,0.07158179234219421,1.0,1.0,0.8,0.8,0.3,136,2186.1387633019326,34399800194347.52
7,66,1.172298610097139,1.4372015254235153,1.453074212284725,1.6683849117865297,1.1713285015032928,0.07324010582771853,1.0,1.0,0.8,0.8,0.3,139,2242.612561774098,34399795944421.773
7,67,1.1713229240900584,1.4301348673697127,1.4448790006653753,1.6748019525664974,1.1812201742941753,0.07264408068321378,1.0,1.0,0.8,0.8,0.3,141,2240.040114669334,34399794832059.05
7,68,1.1692996796310164,1.4401265431240342,1.4789532237087648,1.6846413076913096,1.2347991372144118,0.07112546137264601,1.0,1.0,0.8,0.8,0.3,142,2297.375448693136,34399793702993.2
7,69,1.1691860804519294,1.4345172025332127,1.4723320806072142,1.6920007389255527,1.198513747575653,0.07149925097677726,1.0,1.0,0.8,0.8,0.3,143,2295.23520233587,34399792590633.32
7,70,1.1690245337947132,1.420761301579139,1.445135992926103,1.6913870069852515,1.175295841057072,0.07151881977049294,1.0,1.0,0.8,0.8,0.3,144,2303.238107886308,34399792517297.3
7,71,1.1663181316958746,1.424527415270975,1.46103416102017,1.6885414236603153,1.1900453108589926,0.06855975945848566,1.0,1.0,0.8,0.8,0.3,145,2296.061053857919,34399797332058.92
7,72,1.1679560448660384,1.4214183147464603,1.4570547790789146,1.6980526944024692,1.1923695648086028,0.07102579438504994,1.0,1.0,0.8,0.8,0.3,146,2287.5715472081297,34399803100307.73
7,73,1.1662852573665408,1.4192216566306222,1.454761915607826,1.7115607174031193,1.1590567056247387,0.0689822096266488,1.0,1.0,0.8,0.8,0.3,147,2212.7539942043904,34399794043357.074
7,74,1.1661637402366385,1.4033844070282628,1.425098491316405,1.7145295687860371,1.1722299768191118,0.0692175923952328,1.0,1.0,0.8,0.8,0.3,149,2269.0329230067177,34399792202737.52
7,75,1.1660755227162443,1.4131900927188943,1.4476651573400365,1.7263786445604343,1.1602413461648633,0.06921759239523284,1.0,1.0,0.8,0.8,0.3,151,2275.332076343183,34399795111549.35
7,76,1.1648703748405402,1.407880242982318,1.44160530092932,1.7206174178765894,1.1850870746916473,0.06805393177176527,1.0,1.0,0.8,0.8,0.3,152,2327.7461653933656,34399776372090.84
7,77,1.1698615018268852,1.377165713305386,1.3934340289921818,1.7285035615065354,1.2517909040433297,0.07619268474200086,1.0,1.0,0.8,0.8,0.3,154,2045.721483759347,39714835152924.23
7,78,1.1692892714260408,1.3661183604037155,1.3804908386477375,1.7426052506689074,1.2383010976900108,0.07622138394356247,1.0,1.0,0.8,0.8,0.3,155,2095.080695131814,39714835268790.37
7,79,1.1705569393812856,1.358143870942976,1.37084781515445,1.746292146715998,1.230804110983532,0.07843109430827039,1.0,1.0,0.8,0.8,0.3,156,2225.737135586466,39714896969197.92
7,80,1.1700718477253873,1.355177589187034,1.3674344037457502,1.7531900273830392,1.1715058399286542,0.07798760112573008,1.0,1.0,0.8,0.8,0.3,158,2254.616556046293,39714897357492.36
7,81,1.1687440060238703,1.3643311493639119,1.389458202474362,1.7688884467018458,1.1664041093199093,0.07637489347515967,1.0,1.0,0.8,0.8,0.3,159,2137.154146227356,39714836845795.14
7,82,1.1703605144871236,1.3644025624647858,1.3892512395513474,1.7770434992890622,1.1741949594701517,0.07849607641359478,1.0,1.0,0.8,0.8,0.3,160,2214.933630338909,39714917303774.29
7,83,1.1706928250473554,1.3416459225307424,1.3513566118012363,1.7730532622622388,1.2509515431919205,0.07965710448793498,1.0,1.0,0.8,0.8,0.3,161,2084.040370611224,39716980843193.05
7,84,1.16900637189012,1.303382981407803,1.306550341314701,1.7732565172177093,1.4304768326118678,0.07958808406890476,1.0,1.0,0.8,0.8,0.3,162,2152.896478738828,39716978783012.92
7,85,1.168950811220052,1.3131577224709392,1.329080721777663,1.7855199687665806,1.1686407480069188,0.07958808406890476,1.0,1.0,0.8,0.8,0.3,164,2155.996414456129,39716979930625.945
7,86,1.1675631706924852,1.304902409394049,1.3196024254742416,1.7913487963113697,1.1874917087515715,0.0781954419664863,1.0,1.0,0.8,0.8,0.3,166,2139.472953049542,39716983312540.22
7,87,1.17031818383244,1.317129763074612,1.3445221249609867,1.806439905683737,1.1779269194915807,0.08172366750277486,1.0,1.0,0.8,0.8,0.3,167,2113.09147491935,39716980222070.08
7,88,1.1694778559227694,1.3034437386760833,1.3175435920776946,1.8044733123322614,1.1765133494618363,0.08075264897236303,1.0,1.0,0.8,0.8,0.3,168,2147.399834945535,39716961395619.24
7,89,1.1700499325720477,1.3515253608346063,1.4401277969191015,1.7582900189160215,1.2372922841420515,0.08237413908882234,1.0,1.0,0.8,0.8,0.3,170,2112.9605516629936,39716980222069.484
7,90,1.166151253948294,1.230000232299776,1.2316988422819866,1.7740047987321905,1.2543186726483255,0.07946493442815847,1.0,1.0,0.8,0.8,0.3,174,2042.3372939070389,34401825393685.168
7,91,1.1659295355811647,1.2295176472581897,1.2311705093293899,1.7812096511420508,1.1643031320736916,0.07919690097304496,1.0,1.0,0.8,0.8,0.3,176,2017.5821000750725,34401833474710.76
7,92,1.1668687456683147,1.216226713437959,1.2043464801862318,1.7802484625282065,1.186125960218923,0.0804745924105284,1.0,1.0,0.8,0.8,0.3,177,2046.4546542517155,34401830619843.1
7,93,1.1649728768621448,1.2425035069882264,1.2686681060614378,1.820239057900625,1.1821541483274953,0.07828744068621987,1.0,1.0,0.8,0.8,0.3,179,2042.499158884662,34401825393685.04
7,94,1.166792908137096,1.2183746823138684,1.2179159756256974,1.8221934511483535,1.1730834192004562,0.08067981603895083,1.0,1.0,0.8,0.8,0.3,182,2062.021538561083,34401837666007.125
7,95,1.1644602583285946,1.284625444870698,1.3734414763600045,1.8117274331185682,1.232652008236636,0.07807594631284057,1.0,1.0,0.8,0.8,0.3,183,2082.752139791519,34401837384527.8
7,96,1.1649188474383474,1.214319774214067,1.2245114704775917,1.8399197851459672,1.1883346928196812,0.07875832219052839,1.0,1.0,0.8,0.8,0.3,184,2078.68870854242,34401835167443.625
7,97,1.1671257936619808,1.2489527442416515,1.2979380112503163,1.8871317470388773,1.1661857492808865,0.0815532111091719,1.0,1.0,0.8,0.8,0.3,193,2055.4097142985347,34401791907860.96
7,98,1.16770460460234,1.2471056576216328,1.2956652646213156,1.8819427786508605,1.1717087054435236,0.08235067626619844,1.0,1.0,0.8,0.8,0.3,196,2025.6031657902445,34401790871813.117
7,99,1.167567973216873,1.2239864220715215,1.2574813040309503,1.8789572679130282,1.2500758011249191,0.08252398113698535,1.0,1.0,0.8,0.8,0.3,197,2076.1706170274374,34401851051443.77
7,100,1.1673036206769882,1.2454564289560561,1.3048340855949447,1.8938591381585412,1.1705822550020553,0.08221270805913772,1.0,1.0,0.8,0.8,0.3,198,1993.6809179691604,34401812485043.312
7,101,1.1658601472942478,1.2326395994557815,1.2789873253825494,1.9018412724205698,1.1655462757209207,0.08041316376627314,1.0,1.0,0.8,0.8,0.3,199,2074.6445785808564,34401851376061.24
8,0,0.9715185392425278,0.9935479596847923,0.9434691961836249,0.012176214320389107,0.0,0.0,0.0,0.0,0.8,0.8,0.3,1,1198.4437216261465,7671.279404044189
8,1,1.0146370081276905,1.0539762443953207,1.0029992006748696,0.08076271576692766,0.0839897532184764,0.0819237728721522,9.158662429444001e-05,0.00020398985418201002,0.8,0.8,0.3,3,1364.070827993687,7012.180407012359
8,2,1.2748115039200054,1.5508659937917237,1.4974317681894036,0.6650619767263406,1.2720312336842245,0.10118013589516975,0.37137507466127034,0.8785835543492599,0.8,0.8,0.3,4,4006.501595852733,3135.569295109509
8,3,0.7426920678358211,1.0757660676229635,1.0163435805091336,0.21161752633030023,0.4457284484529567,0.10036314098789148,0.08254789338033316,0.1838579908737494,0.8,0.8,0.3,5,1254.860433665775,4662.49042929165
8,4,0.7082042388946613,1.0884339899598805,1.0225567048224875,0.26463138704696015,0.38436421800330295,0.09131061849941949,0.13713745069238117,0.23028749343232646,0.8,0.8,0.3,7,1307.059635101676,5297.274420616968
8,5,0.6367124890639224,1.065263252210173,0.9888919020631948,0.3024512666090418,0.5030214455067503,0.10451849422972914,0.13620343582319144,0.3245758926664283,0.8,0.8,0.3,9,1326.601567652399,1862.882493045617
8,6,0.6293193665286512,1.060457537968754,0.9832753259849865,0.3076860927752485,0.3064164794188397,0.1042998558317368,0.13629892754043435,0.324669845779615,0.8,0.8,0.3,11,1352.5658947886398,1850.877489662988
8,7,0.6330696097264166,1.066359447775576,0.9884635887368742,0.3210488105492088,0.32905992189355365,0.10407012073037711,0.14431254211004063,0.3374756162028283,0.8,0.8,0.3,12,1410.6791391449185,1809.296752902996
8,8,0.6227149927347617,1.0561466182643602,0.9782017626847209,0.3142097598867928,0.2920140876046336,0.10408564745051237,0.13658540269216174,0.32495170511918525,0.8,0.8,0.3,13,1380.1295981219826,1840.784957439478
8,9,0.6162150276114581,1.05332822963752,0.9740548013824568,0.3240098879279242,0.34915405200474936,0.10444148404658216,0.14231547619425308,0.3251881173257945,0.8,0.8,0.3,14,1302.8677062778163,4139.0100282831045
8,10,0.5697338774870262,1.0470536036558524,1.003933195394885,0.3238651475574565,0.32979033933406937,0.09792226779500252,0.14191001662524627,0.2661400350384307,0.8,0.8,0.3,16,1888.7567707503915,30332.83537367561
8,11,0.5394747664939773,1.02448188847501,0.9763080258697814,0.33533186134940896,0.38169293769720214,0.0942073270613274,0.15130049453683678,0.2741268229826926,0.8,0.8,0.3,18,1666.9625745967492,31235.592108908902
8,12,0.5381494879176763,1.0235369613572214,0.9749879341023426,0.3466943714638922,0.28754102146354954,0.09563345668537107,0.15137620236580154,0.2742746422315306,0.8,0.8,0.3,20,1680.9591941480612,30954.30087956924
8,13,0.5524020139420485,1.0517189261134439,1.0114573921522274,0.39793783060334026,0.38845958377716694,0.09072007863487348,0.19622868944956945,0.3160964141148487,0.8,0.8,0.3,23,1682.8709288726125,40978.85955574019
8,14,1.0357340535016546,1.5127077632639474,1.4443771062211546,0.9063733529475928,0.8620276349249523,0.13128403977878342,0.5185427106556899,1.0,0.8,0.8,0.3,25,1537.692568184592,57156.13808189639
8,15,1.0300689881334404,1.50616732934973,1.4351062244471664,0.9223916973102972,0.8849659378047563,0.13343005812339856,0.5281505158141602,1.0,0.8,0.8,0.3,27,1032.1208469875014,50277.89969599218
8,16,1.0280210184184435,1.503905838711536,1.4324547406015726,0.9281529283251466,0.8372284020701506,0.1335591498870853,0.5280413382587226,1.0,0.8,0.8,0.3,29,1013.4415670239076,50314.54722010674
8,17,1.0264168607241446,1.5022379994814221,1.4306267017707448,0.9326047802661288,0.8353114191180511,0.13351439617120736,0.5271706921196609,1.0,0.8,0.8,0.3,30,986.1722235731736,51060.92990276196
8,18,1.0297996235895017,1.505241447178387,1.4330771041048662,0.9422026987253953,0.8570945739417173,0.13234140145422446,0.5361344752156882,1.0,0.8,0.8,0.3,31,942.87170514742,48324.63778806567
8,19,0.9927185004546542,1.4679546848262028,1.395494648792599,0.9088773069397365,0.8112651994589022,0.12940266007832274,0.49462340786635994,1.0,0.8,0.8,0.3,32,1055.2995237039058,47569.15234907328
8,20,0.9954306524993959,1.4808861146412413,1.4201805955450653,0.9172092038754802,0.8590275864537831,0.13226471299864634,0.5030142511298786,1.0,0.8,0.8,0.3,33,2263.6123687900026,58272.46052412357
8,21,0.9926846111280099,1.4779745691243502,1.4170821873127153,0.92373186170431,0.8102124628465672,0.1373748976470126,0.4956287199258946,1.0,0.8,0.8,0.3,35,1462.7997227809683,54347.44035176147
8,22,0.9850941289215946,1.5137136405905631,1.5033220142496957,0.9588772618074608,0.8367079530910071,0.13374429452472314,0.4988704760026124,1.0,0.8,0.8,0.3,37,1139.4518914240812,49487.71621408224
8,23,1.6275921272004454,2.1296341765127322,2.089987396967815,1.6161159445409508,1.5297727085109296,1.0,0.4542767410959977,1.0,0.8,0.8,0.3,39,1177.0845528993948,44484.83691142061
8,24,1.5798954855916243,2.078013244993791,2.035925360189408,1.585248552562598,1.525610156838925,1.0,0.40756831369619667,1.0,0.8,0.8,0.3,40,1430.0985436625035,45261.530516503095
8,25,1.6167347691189569,2.098125583245318,2.0401193341510484,1.6380102103441592,1.514074857129618,1.0,0.4680112565743924,1.0,0.8,0.8,0.3,43,1120.6142083019952,45047.53280817807
8,26,1.5874050260827517,2.0656124305337435,2.006100701380386,1.6185480481984846,1.512087753258567,1.0,0.4383590051536645,1.0,0.8,0.8,0.3,44,1244.337810341229,45480.08747512072
8,27,1.5704940894575175,2.056907050007707,2.0090628353510356,1.614802875864474,1.465740133434336,1.0,0.4232008089103977,1.0,0.8,0.8,0.3,46,1347.7731539273173,45945.6670140355
8,28,1.5555668669470322,2.0400198113359496,1.9913413624709246,1.6115010139284343,1.4435565253322817,1.0,0.4081806716660165,1.0,0.8,0.8,0.3,48,1267.8799253049017,47239.80075077758
8,29,1.5608263805451386,2.0385826379977594,1.987230931301806,1.6285020860469905,1.495228702429139,1.0,0.42589663050071325,1.0,0.8,0.8,0.3,50,1342.9996623924349,48442.74827816962
8,30,1.5595917428736978,2.036268430673932,1.9845072342307233,1.637676589813756,1.4491417208987405,1.0,0.42599212221795585,1.0,0.8,0.8,0.3,52,1351.2151807303112,48200.65351066611
8,31,1.5511450109995837,2.0378650979069093,1.9986701277898151,1.6431816652485467,1.4396309538153644,1.0,0.4171541310458887,1.0,0.8,0.8,0.3,55,1411.4687993908676,48485.53757552736
8,32,1.5672118179701535,2.0494195057520437,2.0085872809337832,1.6694171588058648,1.5216101750255075,1.0,0.4435475798685241,1.0,0.8,0.8,0.3,56,2515.8730140991474,48317.02288666236
8,33,1.6099978391941197,2.102653059317733,2.0745540628249053,1.7708078133762555,1.4995181538572149,1.0,0.4980350079918051,1.0,0.8,0.8,0.3,66,1393.929796683027,47513.41717113858
8,34,1.6108350895692916,2.1030933455787078,2.074854850481135,1.7790649039295896,1.5025313792119424,1.0,0.49960388857108723,1.0,0.8,0.8,0.3,68,1395.655329010891,47462.048925699135
8,35,1.5545160271958918,2.045396086461093,2.0166777690433815,1.7284134247940954,1.4643451606720344,1.0,0.43098410104244733,1.0,0.8,0.8,0.3,69,1306.0086489612254,46086.09563811584
8,36,1.5721662286208609,2.073439611428093,2.057442273655085,1.7569996482384354,1.4689604713519362,1.0,0.45407374993358396,1.0,0.8,0.8,0.3,71,1292.1713451347964,46743.30080892908
8,37,1.3314846266519809,1.8261925789124724,1.8080021144034581,1.4906923220111408,1.273537515947247,0.16102196542626634,1.0,1.0,0.8,0.8,0.3,73,2239.393837525449,54118.87940931972
8,38,1.3310595480618135,1.8249803295379874,1.806530854313255,1.4942601084254534,1.239850702328898,0.16139709690446655,1.0,1.0,0.8,0.8,0.3,74,2134.728059041496,54680.014450774375
8,39,1.3260486570040015,1.8166976322228372,1.7971879532493078,1.4915484780560109,1.270990452910197,0.1587822329003042,1.0,1.0,0.8,0.8,0.3,75,2177.704915693292,56065.48620217674
8,40,1.3238562312389497,1.8093758527878263,1.788286471500241,1.502843425306976,1.2608456324344248,0.16116051535046066,1.0,1.0,0.8,0.8,0.3,77,2122.5673551602317,55128.48135612482
8,41,1.3270067286713367,1.8114151199732402,1.789978118981704,1.5101308938499318,1.2476839592797446,0.1662471442692552,1.0,1.0,0.8,0.8,0.3,78,1947.169948903,55103.85610243592
8,42,1.3223716846255769,1.8054289267479446,1.783592118663239,1.5131360900998383,1.2452120065700458,0.16168191692664508,1.0,1.0,0.8,0.8,0.3,79,2119.062762551884,54906.85546537508
8,43,1.3168663542421795,1.7953246922869919,1.772118001033501,1.5171668945050845,1.2834020370426873,0.15905071346293234,1.0,1.0,0.8,0.8,0.3,80,2134.530968711721,54970.6965549374
8,44,1.2902580596263418,1.7661885992210957,1.7521033627919107,1.5112232753391324,1.3672099560480815,0.13693821322741068,1.0,1.0,0.8,0.8,0.3,81,1926.8730594192195,56576.157802773385
8,45,1.293052832031471,1.7552688703907138,1.73752421163962,1.5197070663995633,1.2946207504221234,0.14999859547344443,1.0,1.0,0.8,0.8,0.3,83,2332.352140065591,56727.373195504304
8,46,1.2875623738390318,1.7472549362967917,1.7288580328268484,1.5186166683434408,1.2290520564127367,0.1447419062173485,1.0,1.0,0.8,0.8,0.3,85,2316.9124293059467,57223.8168584103
8,47,1.2882232773123115,1.746964986797253,1.728323214367897,1.5230947457293675,1.2269302494277898,0.14616669254558304,1.0,1.0,0.8,0.8,0.3,86,2131.0209784988087,56975.1127639202
8,48,1.2867541455909322,1.7446525408611697,1.7257947921382566,1.5253942523331037,1.2246563327127324,0.14485243051502855,1.0,1.0,0.8,0.8,0.3,87,2278.701533281629,57690.38593566336
8,49,1.2894482867369728,1.7510387160494265,1.7432637863743803,1.5554008523875444,1.301895628976174,0.15282831090863788,1.0,1.0,0.8,0.8,0.3,88,1900.671707839712,62460.25816794429
8,50,1.2845429266967827,1.751065806922851,1.7547503759942364,1.55237503367859,1.281703481031922,0.1501049398046525,1.0,1.0,0.8,0.8,0.3,89,2280.226104408946,58473.399652272186
8,51,1.2792434677420468,1.7207293675179705,1.7080750900930648,1.5509448612606536,1.3566569008055238,0.1505550875249971,1.0,1.0,0.8,0.8,0.3,90,2155.844457523446,72637.50810806386
8,52,1.277397400283135,1.7260143377296295,1.7254021459662072,1.5642714260340318,1.2395212925970744,0.15015238490303834,1.0,1.0,0.8,0.8,0.3,92,2274.654521361186,69997.14009824317
8,53,1.2764958473479897,1.711006290502768,1.696713904246493,1.5676458874890542,1.234157153115378,0.15035873256991394,1.0,1.0,0.8,0.8,0.3,94,2106.866589703538,72547.87430752422
8,54,1.2757006188867361,1.709108486764877,1.694558979232425,1.5706782616858306,1.2251181429517057,0.14986132055651388,1.0,1.0,0.8,0.8,0.3,96,2228.3376506997447,65177.98316081306
8,55,1.2728802463733306,1.7479050144522692,1.7846147075295884,1.6411168580678228,1.2212439657245933,0.14775909491475891,1.0,1.0,0.8,0.8,0.3,106,2294.015623889401,62500.56061583587
8,56,1.2705136232976555,1.7270465612694745,1.7490838297132496,1.6513091500414376,1.286435379533973,0.14789471746541188,1.0,1.0,0.8,0.8,0.3,107,2126.9488379448057,66229.60556119129
8,57,1.2704985299068479,1.7269856978032403,1.7490124396770679,1.6513033440116738,1.2187411585772292,0.14789471746541188,1.0,1.0,0.8,0.8,0.3,108,2143.980083195529,66098.6867076385
8,58,1.269142926722619,1.7211881815575827,1.7422074506092342,1.665725491271412,1.238945821664097,0.14800187272032234,1.0,1.0,0.8,0.8,0.3,110,2077.217636107371,66429.1826923996
8,59,1.5671414221255215,2.0182473775054084,2.0390449152065933,1.9488342101410698,1.5270568520284884,0.5209442631248795,1.0,1.0,0.8,0.8,0.3,111,1995.9048915843089,67798.52934830527
8,60,1.574215023854905,2.015262517493594,2.0338210812149917,1.9685998322349196,1.5569146719448994,0.5335548578292123,1.0,1.0,0.8,0.8,0.3,114,2086.697699109057,66561.00663360443
8,61,1.562536009439964,2.001171868984063,2.0191984525148707,1.9682225407763168,1.5230482931642102,0.5198252261665786,1.0,1.0,0.8,0.8,0.3,117,2023.2910839610076,66566.53786838625
8,62,1.2613069989241212,1.7090180781958664,1.7395764576062323,1.6861200689369775,1.2343413521892892,0.14404877106552033,1.0,1.0,0.8,0.8,0.3,118,2309.3276830888176,66990.18452553819
8,63,1.5621157068804539,2.015236866498011,2.057525058422477,2.006776102782698,1.543804099882507,0.5220920880386065,1.0,1.0,0.8,0.8,0.3,120,1968.305072391005,68062.45404538795
8,64,1.5818694086446359,1.9997797791162915,2.034587435812028,2.042529336099089,1.6982222960449387,0.5573708998617322,1.0,1.0,0.8,0.8,0.3,122,3086.63192884523,65934.93163503305
8,65,1.6788710925925328,2.0929356884822385,2.1269458708621873,2.158968062125644,1.651834954325788,0.6796358555278154,1.0,1.0,0.8,0.8,0.3,126,2598.2366554999835,53349.66919073276
8,66,1.574613274612701,1.9863351317444533,2.0305636326951704,2.0671591772563773,1.655631661765786,0.5526884178098633,1.0,1.0,0.8,0.8,0.3,127,3129.9368231011176,66586.28242219656
8,67,1.564588063363528,1.947564901283154,1.9645040308044768,2.0701365106171554,1.5508272604442979,0.5416387101640535,1.0,1.0,0.8,0.8,0.3,130,2650.5761640575406,58744.07679164061
8,68,1.5695408817803138,1.93259933502211,1.9563194785657438,2.078777649759305,1.7971014972820634,0.554322384236445,1.0,1.0,0.8,0.8,0.3,131,2443.5827016095463,67506.04825756924
8,69,1.5592794481021872,1.9185592997027068,1.9415353228607934,2.083559931416955,1.5489265761008486,0.5422038915542183,1.0,1.0,0.8,0.8,0.3,133,2583.9362839992405,64476.08521963992
8,70,1.5547914949617425,1.9117583543994165,1.9450897840027737,2.091584007724269,1.6390971234637945,0.5390051829735745,1.0,1.0,0.8,0.8,0.3,134,2376.5029389020738,66203.1957953927
8,71,1.5514423631664143,1.889392519276862,1.919043954976009,2.099970593558964,1.605359854842512,0.5379077402540774,1.0,1.0,0.8,0.8,0.3,136,2499.263448239241,66402.9455434338
8,72,1.5509775302616864,1.873253075578545,1.8890454127946656,2.0912241478087523,1.5654127298648854,0.5380057996425793,1.0,1.0,0.8,0.8,0.3,137,2524.086281374984,66921.43481051116
8,73,1.5499973254945683,1.870974267338205,1.8865173523228764,2.108870464460444,1.5329793795844475,0.5369752862075149,1.0,1.0,0.8,0.8,0.3,140,2490.0325254716645,65840.75360373236
8,74,1.5530001636372226,1.865937761453532,1.879943674742014,2.1194281889237043,1.543976289792887,0.5419007143206386,1.0,1.0,0.8,0.8,0.3,146,2531.366962695534,288373.6026961028
8,75,1.5498938049993498,1.8327779667587436,1.8410965747807737,2.127577842676825,1.7654448202955615,0.5419629322901751,1.0,1.0,0.8,0.8,0.3,147,2689.203803732299,289502.31267743144
8,76,1.5469726273487898,1.818624031294768,1.8139363325315079,2.1380975735631456,1.530931993963906,0.5383159118061076,1.0,1.0,0.8,0.8,0.3,148,2405.2429474766623,289398.34125679487
8,77,1.5479630626281806,1.8292281844224314,1.8372428421986489,2.133078949666236,1.5439155434590102,0.5397443999682533,1.0,1.0,0.8,0.8,0.3,149,2428.8540798990507,291331.9169868759
8,78,1.5425485045610783,1.8195993563101898,1.8268234854332674,2.1350863108938087,1.5590539606637652,0.5334765032307897,1.0,1.0,0.8,0.8,0.3,150,2392.1011242195736,289953.31440924096
8,79,1.5425078368631562,1.8183132993302749,1.825304212871801,2.1424775306849693,1.5316183366556422,0.5335713139301305,1.0,1.0,0.8,0.8,0.3,152,2398.671009766861,290347.5249651809
8,80,1.5428098085331932,1.8263890877987738,1.8457391039614546,2.1403048901659605,1.55358519119665,0.5343435530707533,1.0,1.0,0.8,0.8,0.3,153,2565.346906310484,291121.39435386576
8,81,1.536407595879086,1.778273777617091,1.778956573983082,2.1544905827442054,1.7549284005787174,0.5295648675476637,1.0,1.0,0.8,0.8,0.3,154,3188.595958980321,65728.27395680209
8,82,1.5379702998030682,1.7665680158010637,1.7648077103010802,2.1668870673004856,1.5759385156949255,0.5327647205779014,1.0,1.0,0.8,0.8,0.3,156,3181.9258582285324,65414.67561178552
9,0,1.0,1.0,0.9510262383316989,0.012767904366277633,0.0,0.0,0.0,0.0,0.8,0.8,0.3,1,781.8546428463583,8001.541735541956
9,1,1.0239660085117945,1.0421762545787385,0.9922919501600478,0.06316733930064135,0.06605917200053481,0.05922232646947889,0.00010725661360837,9.750412846396e-05,0.8,0.8,0.3,3,750.5536819822771,7868.089025500393
9,2,1.3536265930733573,1.4962486579170804,1.4393129839178869,0.5678851684495322,0.8324399868724386,0.0727610151370449,0.44975293536534294,0.41576155504565593,0.8,0.8,0.3,4,2050.2562396800377,3963.041035090403
9,3,0.7749983574269991,1.0887047585221008,1.031516344461353,0.2110697551488781,0.7404238574186908,0.07263612672476423,0.13355810384718295,0.12141411216340567,0.8,0.8,0.3,5,779.0753984461219,5405.576237134425
9,4,0.7377635712734011,1.1317830901616932,1.0634263832722284,0.31797763809665464,0.5370807512836027,0.09575475663982565,0.197762604831506,0.24952575318652928,0.8,0.8,0.3,7,1247.6255921705292,7399.780792509689
9,5,0.7764139069468086,1.1845380533723369,1.1135954016854874,0.389616831088769,0.4323637397257677,0.09905172431749666,0.25263500651185666,0.32059048703077336,0.8,0.8,0.3,9,1721.7920019007738,7319.256854731728
9,6,1.565687849011094,2.0015752319816595,1.9551951329011672,1.2454552044957226,1.1896294374669008,0.1006942089437162,1.0,1.0,0.8,0.8,0.3,15,2213.304288933668,35492.74537043269
9,7,1.5437169271902238,2.000102849529221,1.947971890943281,1.2770384544971776,1.329936483714619,0.14082922051064908,1.0,1.0,0.8,0.8,0.3,17,612.4299927960712,39691.16904283609
9,8,1.5389211413719501,1.9971392418363505,1.944355067020049,1.285219053428251,1.2268376084792123,0.14189291896555264,1.0,1.0,0.8,0.8,0.3,19,628.8954259616494,39685.89636065059
9,9,1.5389212409037296,1.9747305446607997,1.8959451424281202,1.2699989625958816,1.2135144645136966,0.14189291914728755,1.0,1.0,0.8,0.8,0.3,21,628.8963216463865,39685.87603044779
9,10,1.5382373968377812,2.019077293339579,1.9922148068162298,1.3036603764545027,1.2167270795404086,0.14188332751701815,1.0,1.0,0.8,0.8,0.3,22,598.1921676945465,40780.10540076605
9,11,1.5296719333697746,1.9675850946821127,1.8880066790538828,1.2792072419841571,1.240165144991956,0.13874976085190246,1.0,1.0,0.8,0.8,0.3,23,884.7040492976181,39617.12219789638
9,12,1.4800179426463542,1.9572375591739837,1.9141845412506118,1.2687760296440513,1.232055898490381,0.10187279076606318,1.0,1.0,0.8,0.8,0.3,25,288.87565812600644,38486.023624619
9,13,2.0123963264120066,2.5033942245720504,2.471964585798024,1.8290609170114849,1.7524958935053965,1.0,0.7806148479743223,1.0,0.8,0.8,0.3,27,1468.9327005439336,95715.08846857928
9,14,2.0460984314959085,2.5304761386432904,2.482874609060876,1.8851838265309535,1.8459488188048059,1.0,0.8516208819211235,1.0,0.8,0.8,0.3,29,2258.2451985872062,246025.01732873885
9,15,1.4407619910810758,1.9592665122089576,1.9502821040430252,1.3097194408111805,1.1868125761851462,0.09839956959311368,1.0,1.0,0.8,0.8,0.3,31,179.8677083804359,39259.59280760762
9,16,1.4514151053505282,1.9699632173779698,1.9608667899371486,1.3204470877919852,1.1941855020396948,0.11258809017590996,1.0,1.0,0.8,0.8,0.3,32,184.24386023021844,41182.9776050631
9,17,1.4133489068647003,1.9345865755540748,1.9218918036842538,1.3134093373442581,1.3224710086193119,0.09463154048284587,1.0,1.0,0.8,0.8,0.3,33,209.22173926909716,34388.48376289515
9,18,1.399221268678747,1.92101226218718,1.9063338721338225,1.3103470353374218,1.2545478183714913,0.09214180225188587,1.0,1.0,0.8,0.8,0.3,34,208.4242762044392,35321.190570928295
9,19,1.3911517668840108,1.8678194791996479,1.7981232807089806,1.2887139221508392,1.2444420151501014,0.10368342906792852,1.0,1.0,0.8,0.8,0.3,36,238.91099429427783,35742.16817602085
9,20,1.3899149247959988,1.9001199233779351,1.869200745526004,1.3240131734755918,1.1875246981408487,0.10368116064695505,1.0,1.0,0.8,0.8,0.3,38,246.56569455937296,35999.38182481952
9,21,1.3809171726785368,1.9011881357558174,1.8809874235821187,1.3438345986355866,1.2795291093081913,0.10766958599746153,1.0,1.0,0.8,0.8,0.3,39,227.32650730652125,35869.989470396315
9,22,1.3544137235205254,1.8809199125606408,1.8687556537225305,1.3476952448717567,1.2847153141209708,0.10456079859651064,1.0,1.0,0.8,0.8,0.3,41,230.3155448191388,36613.0646568298
9,23,1.3527820509738053,1.8897416908911564,1.8900154591903313,1.357384778911053,1.1960147797157001,0.10568809147699668,1.0,1.0,0.8,0.8,0.3,43,268.96763980974475,36230.49752363672
9,24,1.351247199887627,1.8760614418024926,1.8626652695010526,1.362286402365337,1.1996327238022964,0.10747981713175421,1.0,1.0,0.8,0.8,0.3,45,265.4136241079358,36827.49497585967
9,25,1.3357643308960983,1.8647622576532812,1.8601743213999846,1.3712791236551243,1.273445822351937,0.10994946602771882,1.0,1.0,0.8,0.8,0.3,47,269.53553610799787,36866.29359112364
9,26,1.3125984434320286,1.833744367896107,1.8253908486338555,1.3755748168714004,1.255715683971642,0.09866183133260432,1.0,1.0,0.8,0.8,0.3,49,422.6372309469958,36844.33976536013
9,27,1.3168187504018223,1.8306695141124372,1.8192815449791369,1.395301956730855,1.25544716972124,0.11696675300932544,1.0,1.0,0.8,0.8,0.3,51,770.4420601709969,31948.17691396044
9,28,1.3104575516126102,1.8609871294284466,1.8985485366975774,1.4468856175408604,1.217652970264542,0.12112536623861395,1.0,1.0,0.8,0.8,0.3,57,2841.1238373882984,48131.41445083877
9,29,1.3043344514526605,1.8509061134223599,1.887076468819518,1.451043556717207,1.223302511005448,0.11867684045100632,1.0,1.0,0.8,0.8,0.3,59,2684.244576294727,47047.545935067705
9,30,1.2972146793631327,1.849526659760187,1.8968558941342546,1.4582048515374997,1.230683410419442,0.11638919438103797,1.0,1.0,0.8,0.8,0.3,61,2774.2942231530324,46925.325588080486
9,31,1.277783529150988,1.8231940756977585,1.877921518998845,1.453376194935049,1.302524020066803,0.1103591739116084,1.0,1.0,0.8,0.8,0.3,63,4037.055503330332,46860.01822274733
9,32,1.281647950784181,1.8124684146273198,1.8532137477113422,1.4761138220464964,1.2145032891833853,0.11812202674712076,1.0,1.0,0.8,0.8,0.3,65,2727.740137011022,46691.95558137919
9,33,1.281439092850474,1.8231537141768703,1.876810648071455,1.493289687384327,1.1963047834444072,0.11812202674712076,1.0,1.0,0.8,0.8,0.3,67,2710.9800526044087,46576.06781481984
9,34,1.2808975845862847,1.8081707695808258,1.8479055184606081,1.4916528358029482,1.2336918262154828,0.1201264601300398,1.0,1.0,0.8,0.8,0.3,68,2816.085783935734,43657.70370889078
9,35,1.267797145709661,1.7712543375295162,1.8045839976108506,1.488384863441756,1.4582285888970035,0.12073081524311424,1.0,1.0,0.8,0.8,0.3,69,2689.467832806901,47679.44561921786
9,36,1.2579110078574571,1.7657658456067589,1.8103706162471354,1.4843700605403511,1.2249978458510626,0.11245824485719,1.0,1.0,0.8,0.8,0.3,71,4075.8162910839615,50207.27943857327
9,37,1.2578075627858423,1.776641258005895,1.8341904792386323,1.5017276124826655,1.1911010893023137,0.11245824485719,1.0,1.0,0.8,0.8,0.3,73,4070.63787622316,50170.87823295129
9,38,1.2596016583976697,1.75895575098531,1.8014511583527086,1.5132732291879394,1.2373359645822741,0.1193422884073172,1.0,1.0,0.8,0.8,0.3,75,2663.478856278071,46336.96618482115
9,39,1.2387482261408842,1.7034636662555702,1.706707493949068,1.4895010602736256,1.176497489908387,0.09381875284095724,1.0,1.0,0.8,0.8,0.3,82,1658.7707364957955,30204.628482876546
9,40,1.2336151123838546,1.7346589879461496,1.78785222197562,1.5292500105336917,1.2571414564053562,0.09177323385624946,1.0,1.0,0.8,0.8,0.3,83,1752.2384893266972,27363.18878273406
9,41,1.2336693942528982,1.7339131876972707,1.7869151775572623,1.5330896514765586,1.177693084582605,0.09223691107830431,1.0,1.0,0.8,0.8,0.3,85,1764.120179531657,27257.4036425749
9,42,1.2328258421962035,1.732811055778556,1.7857512809441944,1.546704439689229,1.1743120112113092,0.09131016582090248,1.0,1.0,0.8,0.8,0.3,87,1724.2937733683757,27162.80126524375
9,43,1.2317451051818618,1.7289491602763445,1.7812282484014264,1.5463466455935753,1.1999949338454636,0.09130827771971466,1.0,1.0,0.8,0.8,0.3,88,1742.945567697109,27214.42942461906
9,44,1.224200610615515,1.696396217286733,1.7324541712675134,1.5348702917422035,1.203339830840815,0.08813019381729846,1.0,1.0,0.8,0.8,0.3,92,1757.2383140840527,22093.53043541829
9,45,1.2257738750265705,1.7137892004133213,1.774343650532644,1.5630460688561276,1.235629595056139,0.09284247453940604,1.0,1.0,0.8,0.8,0.3,93,1825.9735118836008,28324.162681465405
9,46,1.222549725505057,1.7258340665788465,1.8107805899288414,1.59407461938232,1.2389233066372447,0.09163211203604084,1.0,1.0,0.8,0.8,0.3,94,1819.058522721229,24318.32825009354
9,47,1.2103658968979878,1.6216805238941465,1.6444479621212411,1.527020393840045,1.588432203419505,0.09174249644914154,1.0,1.0,0.8,0.8,0.3,95,1301.9791651945868,28427.208528089715
9,48,1.2105443563711118,1.6204557926939558,1.6429303507825883,1.5381555072287576,1.1798536769226298,0.09234971088876835,1.0,1.0,0.8,0.8,0.3,97,1276.8178526945733,28158.443035344942
9,49,1.210715602362863,1.6170122193071306,1.6387343082259114,1.5495342184913374,1.190171815497034,0.09353706071172377,1.0,1.0,0.8,0.8,0.3,99,1328.7103373054583,28498.394361177467
9,50,1.2125948628708787,1.637189941506865,1.694759662773215,1.5855188460577432,1.2441287811868031,0.0997648112761198,1.0,1.0,0.8,0.8,0.3,101,1462.9310291694856,33584.1991856969
9,51,1.2127780783860231,1.6352140074000756,1.6923430649367388,1.6006598782237524,1.1893940187499843,0.10051074139506573,1.0,1.0,0.8,0.8,0.3,103,1482.797862781928,33616.17258400573
9,52,1.206519125652132,1.5784994838598678,1.5932218193492116,1.5661202209853917,1.3160581936376126,0.09648768749283004,1.0,1.0,0.8,0.8,0.3,104,1517.3993287115634,30555.562226817136
9,53,1.2064427242626476,1.5775399583441907,1.5920851516872523,1.577179459116498,1.1808770921787322,0.0965807744317472,1.0,1.0,0.8,0.8,0.3,106,1510.481641855537,29755.29614690703
9,54,1.2059798730261777,1.5533588404475691,1.541640622296663,1.55491476121004,1.1877328637377975,0.09628026809741433,1.0,1.0,0.8,0.8,0.3,107,1514.389797097038,29699.185392702253
9,55,1.192727144677142,1.580829439036045,1.6526803436638848,1.602274696413034,1.4726736120316741,0.0868461867282755,1.0,1.0,0.8,0.8,0.3,108,1530.8279851984466,27328.319436105
9,56,1.1943063146304318,1.5932376486623017,1.6780160715512755,1.633338372898517,1.1717023967961906,0.08888356826505919,1.0,1.0,0.8,0.8,0.3,113,1473.974269064633,33325.56396917159
9,57,1.1914568120878317,1.5768478732493627,1.6590065613844243,1.630842022773487,1.2768740397676286,0.08751940219073391,1.0,1.0,0.8,0.8,0.3,114,1480.3783178893416,25691.763528223863
9,58,1.19094095155983,1.5738065263430523,1.6663317530105424,1.6422697120830787,1.2248535850045557,0.08893748738780143,1.0,1.0,0.8,0.8,0.3,116,1650.4291354285026,25771.472743782284
9,59,1.1887370702547586,1.5392438877719339,1.6038715042248535,1.6585210104873511,1.1829929316459915,0.08758637044958276,1.0,1.0,0.8,0.8,0.3,122,1536.058902817048,21971.072467647664
9,60,1.1855145862746002,1.5316675671390982,1.6172467409972682,1.6633792463939854,1.3752987056980681,0.08696232915561106,1.0,1.0,0.8,0.8,0.3,123,1732.9328645976752,21666.740121345483
9,61,1.1906584577824595,1.5107102323842658,1.5805053687708963,1.671892779919486,1.2328294264916522,0.0950874839831998,1.0,1.0,0.8,0.8,0.3,125,1680.3810120509977,25318.86239617235
9,62,1.1906554921505852,1.521877652649492,1.6046670902996247,1.6834784729497032,1.176198781555478,0.0950874839831998,1.0,1.0,0.8,0.8,0.3,127,1679.8117709813723,25313.523418244917
9,63,1.1891549825951417,1.5081103255869486,1.5777014255859678,1.6932888110340398,1.1827318230947137,0.0933277723617338,1.0,1.0,0.8,0.8,0.3,128,1776.3204555740783,24195.60407568353
9,64,1.1879715671086162,1.5230131276908387,1.6174298462047596,1.6998829628082237,1.221955219842363,0.09252463034875684,1.0,1.0,0.8,0.8,0.3,129,1764.661069736737,26306.40860249359
9,65,1.1830545113056257,1.4724376313254848,1.5474988140507626,1.677878086061144,1.4309347560638523,0.08969622218022294,1.0,1.0,0.8,0.8,0.3,130,1650.1459428726769,21448.92130341125
9,66,1.180837373767466,1.4511120647640736,1.522681270809264,1.6910769443299964,1.2420293062937393,0.08852712269999294,1.0,1.0,0.8,0.8,0.3,132,1693.835702332644,21493.070742006887
9,67,1.1816204611500558,1.4475098483126485,1.5182805567650717,1.6992572801621402,1.1881629883592795,0.08985232821602714,1.0,1.0,0.8,0.8,0.3,134,1719.129359940449,21629.97250837749
9,68,1.179936673434598,1.4271106108619094,1.4944849009211596,1.7081994410209742,1.2406412903962605,0.08914424488751543,1.0,1.0,0.8,0.8,0.3,136,1855.182788122504,21228.2441752682
9,69,1.180015044468565,1.4263307267085896,1.4935496506599728,1.7200931413634242,1.1745876981717653,0.08930267256609115,1.0,1.0,0.8,0.8,0.3,138,1931.9448302988724,21346.822955102027
9,70,1.1797517971962526,1.4173694682794495,1.4830162983161523,1.7232646641825637,1.203688307616079,0.08957582900993742,1.0,1.0,0.8,0.8,0.3,140,1931.9534190271224,21550.08037223653
9,71,1.180330078843865,1.421115553716745,1.498313342224825,1.7468404270351834,1.1923612981263203,0.0908327287709708,1.0,1.0,0.8,0.8,0.3,143,1817.330856107924,21141.94553220977
9,72,1.1798169553132791,1.4197035732848873,1.4967395038792957,1.7577639891317844,1.1755032850182394,0.09024976106731984,1.0,1.0,0.8,0.8,0.3,145,1854.2636525082803,21416.6574865333
9,73,1.1793467575598557,1.4158288272144555,1.4922516060646243,1.7533151707939136,1.196909083384948,0.0898811182246408,1.0,1.0,0.8,0.8,0.3,146,1931.0064842342128,21288.223184948387
9,74,1.179230252643897,1.4105422590545678,1.4860350660483517,1.7644383824242607,1.2099918111547514,0.09006127882861051,1.0,1.0,0.8,0.8,0.3,147,1912.9639582248376,21617.98546923052
9,75,1.1796916200593992,1.4084508563605451,1.4834847111769345,1.7762652520713638,1.182068788750652,0.09079708057585753,1.0,1.0,0.8,0.8,0.3,149,1928.8859697326172,21790.63481877153
9,76,1.1802260176197212,1.4199999574240543,1.5080004770596713,1.8004765431164276,1.1735864741095148,0.09147527891123408,1.0,1.0,0.8,0.8,0.3,152,1988.9933359568024,19802.57258311497
9,77,1.1794645478206491,1.4393523233606913,1.563932824970254,1.8616389089291372,1.179644221299297,0.0913250513701358,1.0,1.0,0.8,0.8,0.3,167,1877.035231738068,21929.956060611992
9,78,1.1794645478476156,1.4617608497424017,1.6123423560380827,1.890567396836372,1.173060084276051,0.09132505140209111,1.0,1.0,0.8,0.8,0.3,171,1877.035234448506,21929.956082318407
9,79,1.1794640535445928,1.4595223206781702,1.6097030363368108,1.8818359596382888,1.1895376089187193,0.09145252508846871,1.0,1.0,0.8,0.8,0.3,172,1906.8841380986544,22834.07885859636
9,80,1.1791337901054861,1.4571170626134922,1.60692634619015,1.9025269235726903,1.1880462985146492,0.09115681300334226,1.0,1.0,0.8,0.8,0.3,173,1805.5910168494927,21791.193223623264
9,81,1.1796592770774772,1.4520945625908819,1.6009116238610448,1.8981037964377632,1.214194597392678,0.0921217182747422,1.0,1.0,0.8,0.8,0.3,174,1927.3827113916925,22840.53604776848
9,82,1.1796104259977174,1.4621272040694697,1.6237439684547776,1.9105450338761876,1.1777729775440648,0.09212171830664674,1.0,1.0,0.8,0.8,0.3,176,1920.2744061580056,22797.09254099238
9,83,1.17936681197543,1.4594139479710826,1.620589453323834,1.9180614195350392,1.1825625092333574,0.09195091117388857,1.0,1.0,0.8,0.8,0.3,178,1977.214613328185,23050.09189781844
10,0,0.7922326238700641,0.9480128548427701,0.890135917967599,0.007990598170689141,0.0,0.0,0.0,0.0,0.8,0.8,0.3,1,4142.118626963242,8787.441425597292
10,1,0.818107148215716,0.984985301591588,0.9263551846804043,0.052357141412106546,0.056762120559377995,0.05157062828531409,0.00010196117805215999,0.00010985789032766,0.8,0.8,0.3,3,4167.72697989299,8929.762531177656
10,2,0.8061808765277345,0.9802361198326134,0.9211633167025001,0.05230019230787162,0.05891203888344749,0.033029202424883594,0.01469684997786569,0.00341769688157765,0.8,0.8,0.3,4,4442.534521102825,9643.839795151038
10,3,0.6393936247073458,1.0045758309804256,0.9410986132868464,0.1603158838504608,0.8658518204563647,0.06323992110201436,0.09203802457461996,0.09916620622521369,0.8,0.8,0.3,5,2976.852578017777,6589.6696206581255
10,4,0.5673855439515911,0.9704312490978371,0.900353836454997,0.16576694928446073,0.29135536042507565,0.0555236481013322,0.10072594189691286,0.11122510659404336,0.8,0.8,0.3,7,2260.7626319686265,15966.85785334931
10,5,0.5738849518928305,0.989118749615933,0.9163228669343607,0.20254130079963378,0.24806753421164063,0.059095396424664035,0.1267896938637954,0.1474018077005226,0.8,0.8,0.3,9,1783.9079778738628,35210.97798208216
10,6,1.6949926445085626,2.1269990377733907,2.0658817553642463,1.3481073499237102,1.3823853723492532,1.0,0.28415558657058965,1.0,0.8,0.8,0.3,10,3015.461226495648,6696.251669074087
10,7,0.5089891520311527,0.9405933349579078,0.8632762249176399,0.18855014475184811,0.3003570141493628,0.04009005778823767,0.13096555863114534,0.11319582706957396,0.8,0.8,0.3,11,2208.075488472858,15887.647316322826
10,8,0.5718068925698536,1.0083767957817076,0.9293288314447775,0.2754040565696449,0.31931645632899214,0.03478215073562269,0.2340624056986786,0.11206051184354326,0.8,0.8,0.3,12,2695.081068168636,15858.19841336781
10,9,0.49559995262681295,0.9361428243340982,0.8554831139020839,0.20786154641319507,0.25136782868266055,0.04507014923787312,0.14026652801249467,0.12533804478890995,0.8,0.8,0.3,13,2206.5335649196654,15839.769050270226
10,10,0.927867323217906,1.3697927927168718,1.288524520874522,0.6550508237822985,0.6479412172438603,0.15986237926895377,0.24398083169045268,1.0,0.8,0.8,0.3,14,2625.6700285959405,15987.887213973016
10,11,0.5155866783518899,0.9601926099530419,0.8776142230297513,0.24682479092901216,0.27447708720454783,0.053287597201573535,0.15833315916659435,0.1727592384248938,0.8,0.8,0.3,15,2214.141045561318,15794.605591607466
10,12,0.9244196073979414,1.3707211776338886,1.2872168361319476,0.6663057968734074,0.655942659886319,0.25177342644914413,0.16955120589450773,1.0,0.8,0.8,0.3,17,2106.6785225797485,15418.788587569585
10,13,0.48010131779468596,0.9393617974174486,0.8677962075619424,0.23602375847164486,0.24410985543656805,0.04381608033966499,0.16016529720464856,0.12503922665718792,0.8,0.8,0.3,18,1053.2507789206943,12445.873326741748
10,14,1.552226361399531,2.0119028385355886,1.940049020855333,1.3200343206314427,1.2865776892484018,1.0,0.2186508970077587,1.0,0.8,0.8,0.3,19,1406.498804345208,12493.53675784094
10,15,1.3724401630295942,1.8594714294078023,1.8009291451695135,1.2180542875587834,1.6916842200714035,0.09272115414834632,1.0,1.0,0.8,0.8,0.3,20,1108.0781251996086,14412.438778360116
10,16,1.3679923667510014,1.8655358701099827,1.818937208926067,1.2257602238771859,1.1967608064306896,0.0940104143572878,1.0,1.0,0.8,0.8,0.3,22,1147.853852601444,14179.867499483847
10,17,1.3417718302410593,1.8357710381291008,1.7854846711106651,1.230501249101205,1.20459839461187,0.08372085765249389,1.0,1.0,0.8,0.8,0.3,26,1438.9318500907684,13141.12975234572
10,18,1.3448752451131405,1.837442620269421,1.7860264037307496,1.2452099882804548,1.1982616849572727,0.0940572495202375,1.0,1.0,0.8,0.8,0.3,28,1428.7956721939504,15564.37120637729
10,19,1.3440810916100088,1.847610922285566,1.8090177354843158,1.2609114194776538,1.1788443973369986,0.0940572495202375,1.0,1.0,0.8,0.8,0.3,30,1411.0526339617998,15413.093830635862
10,20,1.3356508000001528,1.838120653345347,1.7987480375170741,1.2574682737087035,1.1809887879754235,0.08788390794311743,1.0,1.0,0.8,0.8,0.3,33,945.0187170327396,22546.7740781618
10,21,1.3460188830951052,1.8477641290684736,1.8066537234952316,1.293917952389181,1.2350496718490522,0.1126223442803151,1.0,1.0,0.8,0.8,0.3,35,1198.675804292189,23488.15645190256
10,22,1.323595530976978,1.8222233567435704,1.787820795733418,1.2987600369217762,1.3087660575946851,0.11262234428031506,1.0,1.0,0.8,0.8,0.3,37,1040.326297874571,21191.56361337016
10,23,1.3287783057643727,1.8229172907185753,1.7866076409791656,1.3297984729170713,1.2278863887060738,0.1274097151782617,1.0,1.0,0.8,0.8,0.3,40,1459.3267558175453,22829.40716065246
10,24,1.318205572373899,1.8156429897825361,1.7892598637322208,1.3429077780489551,1.2641714772577457,0.12674818147078115,1.0,1.0,0.8,0.8,0.3,42,1458.6875188015788,20267.30435372835
10,25,1.3180855311829878,1.8036442966728876,1.7640193567248124,1.3510181013612712,1.2052089645747106,0.12751597456908212,1.0,1.0,0.8,0.8,0.3,45,1440.1587954754525,22208.65182241906
10,26,1.3158349082126455,1.7999652999216857,1.7598203955191494,1.356644399657099,1.2119721240207189,0.1267130744420623,1.0,1.0,0.8,0.8,0.3,47,1408.7764237605877,22309.24499686132
10,27,1.3364939068925075,1.8279100542132511,1.7993727926886225,1.3821212235569225,1.2547329931133262,0.15780500288435634,1.0,1.0,0.8,0.8,0.3,49,1362.6956398422235,11835.778634584223
10,28,1.3378892545943326,1.8291681719181272,1.80058646263534,1.3857871130635753,1.2294453306833257,0.15970184200378482,1.0,1.0,0.8,0.8,0.3,50,1368.3144723241828,11829.265906300709
10,29,1.32700839283453,1.8076101104436813,1.7754830464858495,1.3898205227787792,1.3715400360146894,0.15863192360982886,1.0,1.0,0.8,0.8,0.3,51,1312.064686749596,7684.871781936677
10,30,1.3270083922514782,1.8076101103502749,1.7754830463924431,1.389820522684009,1.2269062363393644,0.15863192349307087,1.0,1.0,0.8,0.8,0.3,52,1312.06467516168,7684.871649779394
10,31,1.3234971287329518,1.7989393769006388,1.7651970293095653,1.398756160823744,1.293618198551007,0.15958366620399994,1.0,1.0,0.8,0.8,0.3,53,1304.1553844874825,7593.89501504797
10,32,1.3234971283145627,1.7989393768096444,1.765197029218571,1.404394243356267,1.2276670612663907,0.15958366609025693,1.0,1.0,0.8,0.8,0.3,54,1304.155374347698,7593.894885805523
10,33,1.3221630649465597,1.7969097306997182,1.762952846033819,1.4047316311362006,1.2356995509117081,0.1586126459548311,1.0,1.0,0.8,0.8,0.3,55,1313.9017685372723,7537.790033167461
10,34,1.321880048356843,1.794258089950209,1.7595830214789547,1.4115956199492232,1.2576341980887302,0.16053987556497198,1.0,1.0,0.8,0.8,0.3,56,1291.9523094398992,7651.808604537798
10,35,1.3134307082015018,1.8079847603683166,1.7992422173527636,1.4159854236635934,1.2228574367052725,0.1501874139553519,1.0,1.0,0.8,0.8,0.3,57,1452.3927512651694,5872.037571292622
10,36,1.3659985805614496,1.85711986835544,1.847354516519633,1.4775437864371141,1.3168911397648255,0.2190712629105628,1.0,1.0,0.8,0.8,0.3,58,1396.1861922633657,7858.721366964548
10,37,1.3655045329378044,1.8540194299824362,1.8434894000291566,1.4820054002884586,1.3078275285046352,0.2207775017230027,1.0,1.0,0.8,0.8,0.3,59,1423.1829438457048,7699.969487224122
10,38,1.3004539524025758,1.7707835868936823,1.7551483311486744,1.4282085961776056,1.4338282206885007,0.15399554298120724,1.0,1.0,0.8,0.8,0.3,60,1471.083865490257,6122.57052330877
10,39,1.3514269386884732,1.8188155562060717,1.8024302817545654,1.4801757082064584,1.2896853686080871,0.21950979728692022,1.0,1.0,0.8,0.8,0.3,62,1409.2478284092954,7536.849521164813
10,40,1.3509093782174328,1.8180440603143369,1.8015915249389025,1.485588105675014,1.277970336845708,0.21903631008355823,1.0,1.0,0.8,0.8,0.3,63,1406.856825892357,7532.547016201586
10,41,1.3480699663104514,1.811994329073116,1.7946969432388218,1.4852654011932758,1.308565979627181,0.2176404186960863,1.0,1.0,0.8,0.8,0.3,64,1424.0205914913945,7179.304864943301
10,42,1.3391982770656288,1.8025808927108737,1.7952677262168255,1.5044022545398883,1.332791222013045,0.21388439231558123,1.0,1.0,0.8,0.8,0.3,66,1535.0669468843512,6426.211444164961
10,43,1.287334311478558,1.7493754188849824,1.7519677542769176,1.4624317484661011,1.2877041046337379,0.1559640430452454,1.0,1.0,0.8,0.8,0.3,68,1338.4906429949406,5881.6736924444
10,44,1.2860904814244825,1.7419074685608942,1.743000453341277,1.4701226673594656,1.2566511111483485,0.15757256152680263,1.0,1.0,0.8,0.8,0.3,70,1345.5213943597212,6208.501006678477
10,45,1.2796208129046638,1.69190162243642,1.6516480112700804,1.4933553537713535,1.232070225171187,0.15419748787243145,1.0,1.0,0.8,0.8,0.3,81,1186.3660147089054,14515.041302549083
10,46,1.2786028568393848,1.699218915567952,1.6712999559727233,1.5070004481396504,1.2368149866122025,0.1541974878724315,1.0,1.0,0.8,0.8,0.3,83,1145.4298542947377,14199.952763892008
10,47,1.3085791639775806,1.7238290993788987,1.6946721347878964,1.5448910871692954,1.305704373011344,0.1939972028771516,1.0,1.0,0.8,0.8,0.3,84,1258.527292439072,14188.693759016403
10,48,1.2748867560907522,1.678000192741764,1.6356289730490763,1.5078636968384247,1.2305475896142073,0.15227677284654562,1.0,1.0,0.8,0.8,0.3,85,1178.3932660712835,14587.304934028343
10,49,1.2755592218521232,1.677749353927699,1.6351670052846758,1.5022696909194868,1.2313873299688032,0.1535038308180184,1.0,1.0,0.8,0.8,0.3,86,1090.560506978727,11989.9076675146
10,50,1.2741910618941066,1.6743070224736119,1.6312515540141554,1.5116270185726284,1.2317720050729657,0.15265440531482416,1.0,1.0,0.8,0.8,0.3,88,1067.3194136379504,12104.25333755689
10,51,1.308555255510029,1.7067175895680116,1.6632181269025783,1.5531752760300834,1.2752492998380334,0.19640825183021154,1.0,1.0,0.8,0.8,0.3,89,1229.4176447688217,12001.050968678954
10,52,1.2724167611299146,1.6693413519013396,1.6255616339868177,1.517509574706925,1.2328038003763446,0.15173376219862847,1.0,1.0,0.8,0.8,0.3,90,1071.4581081288682,11908.780284936774
10,53,1.2732682156451571,1.6656602654982813,1.6208593073959043,1.5297559819729751,1.2444935638615817,0.1545860417485899,1.0,1.0,0.8,0.8,0.3,92,1126.4872651267106,11824.824238655468
10,54,1.2712033730773842,1.6657947615579998,1.6319898511893312,1.5572431395747268,1.2651838523145877,0.15537925184688678,1.0,1.0,0.8,0.8,0.3,94,1205.4803828083204,12954.515513092225
10,55,1.2680528970096419,1.6575930289083651,1.6226770251743867,1.5621376363839203,1.24524908084422,0.1532370146869615,1.0,1.0,0.8,0.8,0.3,96,1235.1267197666384,13108.300704294084
10,56,1.2673037224647272,1.6544525790004392,1.6190137323745364,1.5689738624281977,1.2331657616753768,0.15312781388917135,1.0,1.0,0.8,0.8,0.3,98,1235.084719145342,13064.236798803602
10,57,1.2649298719984237,1.6502359983616774,1.6143954533850469,1.5669722820474261,1.2370291237081839,0.15078913428711604,1.0,1.0,0.8,0.8,0.3,99,1271.0724395350912,12687.859192246313
10,58,1.265260929977464,1.6499950163735615,1.6140300860600034,1.5745110231607977,1.2261811322922875,0.15139572985170088,1.0,1.0,0.8,0.8,0.3,100,1243.5809688850743,12725.271893826935
10,59,1.262807891384652,1.6348578669428602,1.5855711990031487,1.5756778288897384,1.2234211991134234,0.1488245110220643,1.0,1.0,0.8,0.8,0.3,103,1078.3538216913153,12848.229631834614
10,60,1.2641482868496354,1.6318458048414353,1.5816178740257465,1.581196762285612,1.2599393793849527,0.15192965359366212,1.0,1.0,0.8,0.8,0.3,104,1198.3098577388937,13447.233959914618
10,61,1.2637355160666854,1.6299734598633804,1.5794310401995733,1.5880699401602092,1.2279381365240234,0.151884638420328,1.0,1.0,0.8,0.8,0.3,106,1228.720172217239,12887.70421521797
10,62,1.2554475611969753,1.598106235842297,1.5425719971149154,1.5862034435237267,1.4223057277199178,0.1484859839160042,1.0,1.0,0.8,0.8,0.3,107,1197.7074973786318,14841.590935361408
10,63,1.2102192875402047,1.6672509794861117,1.7528810350432655,1.6005518088094006,1.1784459207604339,0.0942992262226518,1.0,1.0,0.8,0.8,0.3,132,1285.9855852533467,30442.613433755207
10,64,1.2100291996379935,1.6717453134189986,1.8012559411858693,1.7280869179144431,1.215661391765626,0.10317445035344538,1.0,1.0,0.8,0.8,0.3,142,1300.9484856138104,55207.08423779606
10,65,1.206742847309209,1.6708533516572681,1.811620270030429,1.7407170964191638,1.216213587970858,0.10078559673898475,1.0,1.0,0.8,0.8,0.3,144,1352.6117064873863,46869.87174969306
10,66,1.2066856226493041,1.6685845341283658,1.808915494669036,1.7523116863512802,1.1868342446720503,0.10113144332772228,1.0,1.0,0.8,0.8,0.3,147,1342.389019660237,46530.4682839577
10,67,1.2059759097741232,1.6650632957133646,1.8048413282724998,1.7594210283623326,1.1918657873403422,0.10076594665482683,1.0,1.0,0.8,0.8,0.3,149,1349.2524865169908,47033.27087106968
10,68,1.2058277508705888,1.6815086095140932,1.846147182806621,1.7712844132838215,1.2279110802970328,0.10163727525159168,1.0,1.0,0.8,0.8,0.3,150,1232.7680850718702,48334.6622169061
10,69,1.2051781492354623,1.6466049820765751,1.7829344865015193,1.7666049839676754,1.2292972564040718,0.10286334622776154,1.0,1.0,0.8,0.8,0.3,152,1245.6752658457203,49721.37501850864
10,70,1.2048288120407884,1.6433231030878013,1.7899225524489213,1.7787605063838592,1.2951050937256108,0.10468620979801065,1.0,1.0,0.8,0.8,0.3,153,1240.0185984468349,57934.7556989497
10,71,1.199443901903689,1.5960106678366088,1.712877297212484,1.7849251724525648,1.2567187198079273,0.1007952892909169,1.0,1.0,0.8,0.8,0.3,155,1233.5149234429148,51388.13390481493
10,72,1.19942305515303,1.6070045588371502,1.7368356096307676,1.7891230753845024,1.1813699658954708,0.10079528929091697,1.0,1.0,0.8,0.8,0.3,157,1236.161330388452,51400.28792090497
10,73,1.1904224263499568,1.5881330376500273,1.7160924775026387,1.8034235837967718,1.2108645220565517,0.09086704328111343,1.0,1.0,0.8,0.8,0.3,159,2716.220411190975,47950.71652081631
10,74,1.1904180015076142,1.5992905419572716,1.7402426506431614,1.823276193964897,1.1728570182369675,0.09086704328111356,1.0,1.0,0.8,0.8,0.3,161,2708.936254753485,47929.27608528753
10,75,1.1932409792628367,1.615073135033982,1.7911406124855886,1.8342348883088033,1.2039714815814246,0.09694374592249572,1.0,1.0,0.8,0.8,0.3,167,1235.6096248136316,48653.917412749695
10,76,1.1949650213175211,1.6240344138479272,1.8123602361466256,1.8637817048697338,1.194778627050559,0.09955671436798949,1.0,1.0,0.8,0.8,0.3,169,1348.1114816279728,51666.31168236321
10,77,1.1957070945177972,1.6103448581253612,1.785067469242329,1.8562462601389205,1.1929584579670658,0.10084977077690085,1.0,1.0,0.8,0.8,0.3,171,1339.2318389324562,51942.748053054114
10,78,1.1949348156087867,1.6146234830336739,1.8011996033822077,1.879425331246312,1.2038545809401053,0.10056412087179552,1.0,1.0,0.8,0.8,0.3,173,1338.4559920813676,51509.03299692814
10,79,1.1952222605947804,1.613689345082439,1.80003819993584,1.8959144341030092,1.1854907401715729,0.10105566174680616,1.0,1.0,0.8,0.8,0.3,175,1348.3833277222427,51146.14778445404
10,80,1.1927920909136738,1.6139979737728738,1.8117749306600144,1.8814554410086648,1.2004967963035356,0.09891202350048012,1.0,1.0,0.8,0.8,0.3,178,1241.488703518961,49760.59108435125
10,81,1.1915835756978166,1.6215042811598932,1.8318206718447354,1.907968662498082,1.1844021939446405,0.09765683720871297,1.0,1.0,0.8,0.8,0.3,181,1241.751641816023,49112.2343498663
10,82,1.190260926986583,1.6251183800050626,1.8472757982961399,1.918884850063031,1.2009640334126532,0.09663220959481375,1.0,1.0,0.8,0.8,0.3,183,1227.4595885395595,49164.16358640449
10,83,1.1904747260431658,1.610345322387151,1.818803815913182,1.9219072928707515,1.1920486350458874,0.09726906610711053,1.0,1.0,0.8,0.8,0.3,185,1266.867961008324,49576.706960224
10,84,1.1891767618662348,1.6053059154000053,1.8130744827505592,1.9284175045837826,1.1908823795553267,0.09600536163889994,1.0,1.0,0.8,0.8,0.3,187,1253.1185470482692,48250.93694905691
10,85,1.1899717375204848,1.6054152426751798,1.8130573901672051,1.9695305968638328,1.17840013498269,0.09706501690795796,1.0,1.0,0.8,0.8,0.3,194,1274.0273939498252,49752.72872791114
10,86,1.1890852903276832,1.6021522888912973,1.8093567546220328,1.9725562421305634,1.1858820518988398,0.0961808018314386,1.0,1.0,0.8,0.8,0.3,196,1270.4558394724947,49573.32937380108
11,0,0.9479124776397997,0.9880552028219449,0.9370358909469955,0.011670124676483594,0.0,0.0,0.0,0.0,0.8,0.8,0.3,1,1594.1202572244688,7447.518020471225
11,1,0.9683605008667552,1.0220519091580205,0.9703091899258505,0.05290057544719238,0.05297814233913778,0.04763842942806326,9.836315272015e-05,0.00010433135660194,0.8,0.8,0.3,3,1581.351922312843,7112.236651167639
11,2,0.9271407063406416,1.0135370173352762,0.9599684808223986,0.05638080367109353,0.1148089394471346,0.034426236360832155,0.01449090885411963,0.00410935365430019,0.8,0.8,0.3,4,1479.0671787135002,7243.502654430772
11,3,0.7988253796755029,1.0780840260873725,1.0247208993255978,0.18022686218802317,0.7000216784166023,0.05840500879488052,0.10883419048372797,0.11543772666723182,0.8,0.8,0.3,5,672.148991959103,6258.860415249133
11,4,0.7521214152470992,1.1105245287865935,1.0481657799130988,0.26498477979641333,0.4356123957254436,0.07628838735027345,0.17045192706977602,0.18665879543173805,0.8,0.8,0.3,7,587.2918940694009,8454.806955516327
11,5,0.7619891379652692,1.1449512436367175,1.0933234938322531,0.30652885113173717,0.33246786363567726,0.08756204184205296,0.15735951853966007,0.31309399595714604,0.8,0.8,0.3,9,779.6410640237222,3943.817064781512
11,6,0.6007931885223994,0.9964466232455206,0.942781644317962,0.1803837715486869,0.19479855391505346,0.08117765517137598,0.06382540104492809,0.12418094325196857,0.8,0.8,0.3,11,680.9375057650906,2672.2040780504717
11,7,0.5607891343781971,0.9846157417777301,0.9254356331874538,0.20401771543176353,0.28610604714101073,0.08456215928048373,0.0792298351914402,0.1419862104430957,0.8,0.8,0.3,13,773.416488488858,3215.931495577045
11,8,0.559067009182207,1.0060297659342001,0.9726803518011324,0.20328626438768396,0.180544777710339,0.08456215928048379,0.0792298351914396,0.14198621044309606,0.8,0.8,0.3,14,732.7921917939135,3330.1892671335445
11,9,0.906344823395269,1.3262022874304367,1.2522585894060803,0.5646792447822431,0.6016617046243272,0.0753792649040716,0.4246185444465995,0.4557207921558251,0.8,0.8,0.3,15,636.6334115305863,5390.0281675922215
11,10,0.8635503051130261,1.2938542516711065,1.216949987737117,0.5544523052073634,0.5821025021775542,0.07814081861147916,0.41627385954949164,0.420406039541407,0.8,0.8,0.3,17,851.9340343496588,7069.618665881288
11,11,1.5787889498849796,2.017950952039691,1.9378791814882614,1.2978135488627458,1.3934008614847622,0.2053076010850922,1.0,1.0,0.8,0.8,0.3,18,627.4293184772005,47562.53098732099
11,12,1.5514610894933085,1.9987425511686994,1.9146614434244575,1.3065937652335105,1.3501657647620382,0.21056092987270567,1.0,1.0,0.8,0.8,0.3,20,605.4024863590231,49390.38200016271
11,13,0.7565682666679248,1.217646660522027,1.144775946192844,0.5468461966330658,0.5048421874157814,0.04951217419578925,0.431610353715687,0.33901545803845645,0.8,0.8,0.3,24,543.1205893418369,10271.718242655374
11,14,1.4415128787855382,1.91587909778895,1.854138640630514,1.2476404904582576,1.260818460498809,0.1056886919025239,1.0,1.0,0.8,0.8,0.3,25,1071.3535542447246,3869992.941665076
11,15,1.0807345689261179,1.545778868521529,1.4684283149752126,0.9032757919835779,0.9473307437326401,0.08534166304386652,0.5907747930769964,1.0,0.8,0.8,0.3,26,633.8941476988996,26464.90021971913
11,16,1.0747995938637944,1.5398485083741027,1.462491863295343,0.9019468140039633,0.8352590584902941,0.08959238389143913,0.5791560003032494,1.0,0.8,0.8,0.3,27,632.1862403119899,26489.486300143188
11,17,1.3723331003923585,1.8356797921186028,1.7492866165261383,1.246972700311175,1.5523819918408603,0.10449463740482404,1.0,1.0,0.8,0.8,0.3,28,641.879047698956,155778.7618623991
11,18,1.3717669446942606,1.8462115652842253,1.772703729478955,1.254571613939609,1.1859046475322514,0.10449463740482397,1.0,1.0,0.8,0.8,0.3,30,649.2224304520522,155649.475532883
11,19,1.368470074353082,1.8428549206973095,1.7693045302094554,1.2794833975001256,1.1807961396893707,0.10060956018208007,1.0,1.0,0.8,0.8,0.3,35,1166.095828818201,322624.2541850255
11,20,1.364279200973508,1.8379837607876273,1.763677441239965,1.2868537113166307,1.195445856029408,0.10003828527637412,1.0,1.0,0.8,0.8,0.3,37,1127.202178650296,322355.4438068168
11,21,1.35432542376257,1.8373696514578761,1.7743022002313589,1.2937878152584004,1.2144240701682394,0.09812326114855487,1.0,1.0,0.8,0.8,0.3,39,1152.5400773160943,376587.9482567275
11,22,1.3535860848245265,1.8251903530354399,1.7489067277489279,1.2855810420215037,1.1832630927227255,0.09847851856974445,1.0,1.0,0.8,0.8,0.3,41,1256.1580795642178,361918.66553262086
11,23,1.348547614668775,1.8188470537108825,1.7415259084276757,1.2909112455752159,1.1996507935385232,0.09812227991080533,1.0,1.0,0.8,0.8,0.3,43,1219.306413777992,361597.2595590004
11,24,1.3433905937660033,1.8120908755631906,1.7336280979682195,1.293283814887723,1.2247992751927235,0.0980098812269118,1.0,1.0,0.8,0.8,0.3,44,1132.5004276603954,361305.7267668289
11,25,1.3380074357580236,1.8159263257843674,1.7491612133915357,1.304494338931191,1.2052127944177846,0.0983080336589236,1.0,1.0,0.8,0.8,0.3,46,1126.6595279331962,384584.9622242687
11,26,1.3371276558627707,1.8254166149824038,1.7710302931440567,1.328067740113587,1.1941205915692081,0.1007037197555671,1.0,1.0,0.8,0.8,0.3,48,1163.8737145436617,17102721.68370723
11,27,1.3316280934890778,1.817745536199656,1.7621338065541583,1.332709232769792,1.2048077904601624,0.10005868070609687,1.0,1.0,0.8,0.8,0.3,50,1123.9870173268716,17103007.860682648
11,28,1.333726540212478,1.839542365479528,1.8085357828560802,1.348508549933961,1.2435136675427734,0.10948377471719697,1.0,1.0,0.8,0.8,0.3,51,762.306487318625,17119586.58858426
11,29,1.3225537329378552,1.8098864179550629,1.7624432148476745,1.3360510321553818,1.3290258349670696,0.11149810159197937,1.0,1.0,0.8,0.8,0.3,52,1211.1591782536966,5261091.01627739
11,30,1.307547155753737,1.789910007695772,1.7403671877673161,1.3419675120121535,1.2243370778993867,0.10185244538183096,1.0,1.0,0.8,0.8,0.3,54,1220.8644154498909,83615208.59166361
11,31,1.2990705555042472,1.7853095706288409,1.7459362280266166,1.350239130976863,1.2975940631514982,0.10276183255141061,1.0,1.0,0.8,0.8,0.3,55,1185.1719224929243,83613919.92197384
11,32,1.296926744940658,1.7813855780167513,1.7413603530539463,1.3564034277621086,1.195383628694138,0.10261457826373199,1.0,1.0,0.8,0.8,0.3,57,1218.7942781408012,83609298.04632679
11,33,1.2939870484884484,1.7630820208349103,1.7085788802684885,1.3512558794359528,1.2438650325277272,0.1045231033874688,1.0,1.0,0.8,0.8,0.3,58,964.3726240034764,83615563.28465873
11,34,1.2909402812820154,1.7575500881240074,1.7021917655582874,1.3535322241464858,1.2179526900388604,0.10384947096573276,1.0,1.0,0.8,0.8,0.3,59,972.2135584773284,83610994.03797017
11,35,1.2883606064714428,1.752339055404198,1.6960951172416763,1.3562935466495925,1.219173674745695,0.10380007258745765,1.0,1.0,0.8,0.8,0.3,60,984.4235874866464,16793698.777908858
11,36,1.2751137543449937,1.7750479302938817,1.7679550339242673,1.3833369335424461,1.2938542481830733,0.09697553971190198,1.0,1.0,0.8,0.8,0.3,61,1130.503924478109,17163981.758465976
11,37,1.2748891857257574,1.7743413660911704,1.7670983668986622,1.3902921702620776,1.1808104596725872,0.09718757766234169,1.0,1.0,0.8,0.8,0.3,63,1140.6865666694289,17174824.089557577
11,38,1.263892279413768,1.720071207481013,1.6906790983752065,1.3957484851775668,1.5615624175098874,0.11013074399424665,1.0,1.0,0.8,0.8,0.3,64,926.9816482469312,19547579.13792851
11,39,1.245458620118694,1.6646374555508523,1.6259729566749448,1.3963814837018695,1.3776210655669814,0.1085177454864618,1.0,1.0,0.8,0.8,0.3,66,1035.5646343412986,17172379.401118387
11,40,1.2433504044029202,1.667688151313447,1.6406277956923818,1.4121569638995006,1.2138486051015065,0.1085177454864618,1.0,1.0,0.8,0.8,0.3,68,1051.2160491320044,17168953.91195851
11,41,1.236762714882425,1.6343775330240329,1.5907518575619384,1.4026877276979672,1.3302398736741512,0.10690446767740018,1.0,1.0,0.8,0.8,0.3,69,1026.041027686358,17127792.135511693
11,42,1.2357584270994981,1.641387944352502,1.6100446211450412,1.4189475261863664,1.2000303769156457,0.10690446767740018,1.0,1.0,0.8,0.8,0.3,71,1057.411664614679,17122855.85911023
11,43,1.2340304941112359,1.612797348405317,1.5544539325709417,1.3883334713519369,1.2259182927627175,0.10646874280720624,1.0,1.0,0.8,0.8,0.3,72,1052.0229165633814,17125809.092684265
11,44,1.233641667401088,1.6299700941271549,1.5965433044937996,1.4397032830708762,1.1952884411105666,0.10783883209666374,1.0,1.0,0.8,0.8,0.3,77,1873.3523301662092,17125987.8408131
11,45,1.2310910415698584,1.6186234031999984,1.5832666201730412,1.4454441780955019,1.225244424465976,0.10774232624587284,1.0,1.0,0.8,0.8,0.3,79,1791.3569363396405,17125184.66658543
11,46,1.2201919970533348,1.611649573785045,1.5877084268348878,1.4285295226662915,1.2425982173616812,0.09658879117988328,1.0,1.0,0.8,0.8,0.3,80,1440.153940295835,5206200.73206474
11,47,1.2186381752496838,1.6150796404228471,1.6028076163348834,1.4553546348588235,1.2039481059746848,0.09658879117988328,1.0,1.0,0.8,0.8,0.3,82,1374.543763011066,5210753.572491505
11,48,1.2224325758769483,1.6273727377719485,1.6275127386252362,1.4698496894441744,1.2075237745789957,0.10224500375360143,1.0,1.0,0.8,0.8,0.3,83,3410.585436256584,5210149.575754503
11,49,1.2186066201358055,1.6326074499570005,1.6453018527937482,1.4657803720982645,1.1948994496341856,0.09803919634405957,1.0,1.0,0.8,0.8,0.3,84,3349.2648347400805,5205266.2657558825
11,50,1.2186895884119628,1.6124626926565977,1.610243223875255,1.4745178914403818,1.2597406270201617,0.10082915834941467,1.0,1.0,0.8,0.8,0.3,85,3393.3655280098915,5209847.463759988
11,51,1.2105579734901861,1.562085606580937,1.5404623043038164,1.4659591562614442,1.3089277211307582,0.09860095051615045,1.0,1.0,0.8,0.8,0.3,87,3159.8040973118527,5206056.506999488
11,52,1.210100467391223,1.5578708932952166,1.535485984549579,1.4727908820129425,1.1946436584782718,0.09889169285264916,1.0,1.0,0.8,0.8,0.3,89,3118.751830848315,5205347.410529341
11,53,1.2059119258838253,1.5700704568406016,1.5724717612244377,1.4685306623624959,1.2007702006327745,0.0949969371994238,1.0,1.0,0.8,0.8,0.3,91,1532.809042820418,5213503.859273693
11,54,1.1993045313184492,1.5510279992673737,1.540181294690072,1.4691469377045487,1.1797032621178807,0.08700575780032267,1.0,1.0,0.8,0.8,0.3,92,1566.0109427340035,5211670.025420465
11,55,1.1946815748831243,1.5219456655824732,1.5170379771233529,1.4665684512862402,1.458537925554079,0.08818944318780415,1.0,1.0,0.8,0.8,0.3,93,1543.2502394003682,5213216.779378878
11,56,1.1944122340901626,1.5015596222062693,1.4819161757868529,1.4839061724240037,1.206919000473613,0.08937782405520908,1.0,1.0,0.8,0.8,0.3,95,1512.2149212203483,5215512.339547252
11,57,1.200044113303285,1.5028443631302875,1.482358256070013,1.4970741497722133,1.2121000708029908,0.0971335675129803,1.0,1.0,0.8,0.8,0.3,96,3203.29747838801,5210376.071584813
11,58,1.194457361654334,1.4911876049968928,1.4803772043978982,1.5094261662014057,1.242088434901566,0.09282542265159832,1.0,1.0,0.8,0.8,0.3,98,3388.109450522368,5214551.187381242
11,59,1.1908901217755403,1.4850088875317389,1.4736993649202774,1.5061035281134423,1.1911988326060012,0.08874528555457063,1.0,1.0,0.8,0.8,0.3,99,3278.8874463340208,5209570.816560088
11,60,1.1882840169936115,1.4538935393711097,1.4371755016408194,1.5179932781874788,1.3923926293348028,0.08932772583360755,1.0,1.0,0.8,0.8,0.3,100,3157.4241816049007,5209710.261254503
11,61,1.1873733401214484,1.4388113337321906,1.4194335569236574,1.5061189516622864,1.226243334413774,0.08988823471257297,1.0,1.0,0.8,0.8,0.3,102,3162.845988148419,5215330.630390702
11,62,1.1870267195788862,1.4365385069918115,1.416800899713689,1.5166503532498699,1.1862868014597496,0.08967364791637844,1.0,1.0,0.8,0.8,0.3,103,3157.94337796042,5214056.167164346
11,63,1.1860649622422372,1.4271084467467312,1.4057913063013288,1.5228619916789956,1.2359731867465065,0.0894157245299845,1.0,1.0,0.8,0.8,0.3,104,3094.2661616407004,5214972.040492254
11,64,1.1859994937403677,1.3926593829285665,1.3321972339840094,1.4622153950265007,1.177243929791551,0.08941572452998474,1.0,1.0,0.8,0.8,0.3,105,3095.015655186676,5210913.089538195
11,65,1.1856435016251194,1.4329311656596688,1.4236928171848315,1.5404640188048402,1.2029578898442117,0.08941572452998443,1.0,1.0,0.8,0.8,0.3,106,3093.2681608339367,5212698.420471912
11,66,1.1824084377047488,1.3890335491552959,1.3722980094342452,1.525335552063756,1.3243104481017343,0.08926568736465826,1.0,1.0,0.8,0.8,0.3,108,3330.7004460768426,5269311.265202606
11,67,1.1816340772477854,1.3907421742586084,1.3854131850811593,1.5389442416953638,1.2037348529137124,0.0890321104216816,1.0,1.0,0.8,0.8,0.3,110,3141.6135143916435,5272707.8591283085
11,68,1.180872969251437,1.3747498195370962,1.355685452658803,1.5380515785853295,1.1857125519919618,0.0884089861593426,1.0,1.0,0.8,0.8,0.3,112,3279.3358489080592,5269950.98853896
11,69,1.1814075829225903,1.334290847575486,1.2748808001510001,1.4736784444740296,1.2265791887433686,0.08966217961251476,1.0,1.0,0.8,0.8,0.3,113,3353.1583522503047,5279933.812161548
11,70,1.1805359001765525,1.3487497727775628,1.3140546861636218,1.5408502195550782,1.223663677104263,0.0891122138242085,1.0,1.0,0.8,0.8,0.3,114,3327.72656375992,5280792.8878641
11,71,1.179692968571508,1.3399336315955925,1.303792741511832,1.546964946148581,1.2003960911902447,0.08864483918188135,1.0,1.0,0.8,0.8,0.3,116,3259.266537444285,5280433.89128164
11,72,1.178879400577624,1.3602557565743192,1.3498853251527039,1.57191967853657,1.1725248104922774,0.08771934472717918,1.0,1.0,0.8,0.8,0.3,120,3205.0235356284597,5267875.547974998
11,73,1.179089211503369,1.3489355511872134,1.3255056854163607,1.5758080563146188,1.172807404820624,0.08800492768473968,1.0,1.0,0.8,0.8,0.3,121,3249.081436756963,5273937.6771456525
11,74,1.1792936176659379,1.3489812560674663,1.336497860036891,1.582925096047979,1.2550226070355954,0.08905044899338951,1.0,1.0,0.8,0.8,0.3,122,3221.107788817165,5273415.397024152
11,75,1.1790939131094114,1.3259754549201366,1.2984000320625497,1.5820154403424602,1.2142926812258192,0.08956279749733784,1.0,1.0,0.8,0.8,0.3,124,3274.5500688878697,5281838.6361514665
11,76,1.1783629514979421,1.318588380627179,1.2898158214426945,1.5919638593810366,1.1956681074236395,0.08906696519078149,1.0,1.0,0.8,0.8,0.3,126,3244.082082560781,5280840.835815891
11,77,1.1781625315989432,1.3295580982573347,1.3137801268644371,1.6031213345029687,1.1711807817672981,0.08881855466099725,1.0,1.0,0.8,0.8,0.3,128,3239.847214717115,5280663.812545579
11,78,1.3652027123383563,1.5439557462927656,1.566055854400609,1.8466166353009696,1.364126176069554,0.32299920610285027,1.0,1.0,0.8,0.8,0.3,136,3196.666677257444,5196931.261493864
11,79,1.3643695721594298,1.5332797328585597,1.553615362223955,1.8452956275584675,1.3940076403657125,0.32253318085716615,1.0,1.0,0.8,0.8,0.3,138,3158.747459034676,5196186.597263126
11,80,1.3639417569588883,1.5235557017802244,1.542228229544821,1.851937748348972,1.3919266516931434,0.32251706970951866,1.0,1.0,0.8,0.8,0.3,140,3166.654083872846,5202196.588518609
11,81,1.3619607491925516,1.518964279039521,1.5371703359079059,1.8573701072979265,1.3751776841861731,0.3201823414261169,1.0,1.0,0.8,0.8,0.3,141,3179.7614134514524,5205794.60373487
11,82,1.3620798865697072,1.5132351943036049,1.5303971460528984,1.8571757408807001,1.399086720088287,0.3206417411449612,1.0,1.0,0.8,0.8,0.3,142,3182.4404825034103,5203227.583221254
11,83,1.1771883433986456,1.3605558855731796,1.4164695901339246,1.752882402832416,1.172605767025748,0.08960038524127312,1.0,1.0,0.8,0.8,0.3,153,3252.7596131216574,5269073.9431008
11,84,1.1762810714652159,1.3379595130446658,1.3900121756423134,1.7469368024352174,1.2503755861289592,0.08953707658358352,1.0,1.0,0.8,0.8,0.3,155,3198.138805356507,5235010.956917767
11,85,1.1754581257572672,1.3392982891133545,1.4027460204036641,1.7691292581054834,1.2038648344421774,0.08892271718289027,1.0,1.0,0.8,0.8,0.3,157,3214.3417912544446,5234530.125662112
11,86,1.175589725661321,1.3381190261749543,1.4013343400502867,1.7768822092532013,1.176061020099478,0.08914578463734502,1.0,1.0,0.8,0.8,0.3,159,3213.387941880753,5235011.995796753
11,87,1.1750311852413913,1.354483810679216,1.4427275491182148,1.7846305776510427,1.2107156445624059,0.08868956551924716,1.0,1.0,0.8,0.8,0.3,160,3227.8740315383584,5235988.840499097
11,88,1.1754687385067584,1.3266261094908534,1.387826288708504,1.792799071995554,1.2141153518981986,0.08948848787715276,1.0,1.0,0.8,0.8,0.3,161,3211.8781701291955,5235756.740560631
11,89,1.1751009251007745,1.3358631670384071,1.4097808124273195,1.8200875077344754,1.1769956083025304,0.08909526980091827,1.0,1.0,0.8,0.8,0.3,163,3222.359890044684,5237139.738994184
11,90,1.174997458439562,1.3325860537621161,1.4059420004272583,1.8237323421477172,1.1827254904360627,0.08909786596575746,1.0,1.0,0.8,0.8,0.3,165,3226.987839251023,5235757.328385701
11,91,1.17499405504304,1.3278658939431114,1.4003877695304972,1.8313235930406322,1.1884368533907705,0.08928604302234014,1.0,1.0,0.8,0.8,0.3,167,3225.246383088636,5232508.60486632
11,92,1.1741042724481618,1.3089734673278508,1.378316849854825,1.8255609608244516,1.3007210391502213,0.08886989787027078,1.0,1.0,0.8,0.8,0.3,168,3614.2365990158055,5234342.971552664
11,93,1.1736374962413731,1.3189260194375532,1.4011316119769714,1.8530498118284522,1.1717808195404544,0.08831544725422188,1.0,1.0,0.8,0.8,0.3,173,6012.050300007582,5234422.202789898
11,94,1.173813111720118,1.3300029150859487,1.425155586224181,1.8533170560593006,1.1730129153603799,0.08854614442268807,1.0,1.0,0.8,0.8,0.3,174,6180.30857434988,5235663.368184437
11,95,1.1738670624466023,1.306776172928949,1.3757739582412152,1.8565390826928139,1.1721934997926988,0.08864629280128349,1.0,1.0,0.8,0.8,0.3,179,3515.380873088196,5242033.507427296
11,96,1.1737896008933326,1.3152302109677605,1.3967574452271658,1.8720539561755805,1.1804647373912736,0.08864629280128346,1.0,1.0,0.8,0.8,0.3,181,3524.969087719221,5243085.474567154
11,97,1.1735864859841016,1.313936751556246,1.395271833932485,1.8796677012664895,1.174672652400102,0.08843180724977316,1.0,1.0,0.8,0.8,0.3,183,6165.686937585022,5242610.327336657
11,98,1.1731900409401936,1.3315918869007863,1.4381607575197761,1.9469449542738069,1.1733177211427825,0.08809172992112257,1.0,1.0,0.8,0.8,0.3,194,6087.542760087578,5235496.595368184
11,99,1.172681922585522,1.3180911769859625,1.4223739045439607,1.9614380643357634,1.2014223238842254,0.08790200630417097,1.0,1.0,0.8,0.8,0.3,197,6168.9960428159375,5234536.967848124
11,100,1.172239183608851,1.3046928987425535,1.3956672581468623,1.9519839775850762,1.1761687283352564,0.08740617855578905,1.0,1.0,0.8,0.8,0.3,199,6165.084996108472,5235202.778415684
12,0,0.8836262484414701,0.97237807325243,0.9186738224679404,0.01023079352208939,0.0,0.0,0.0,0.0,0.8,0.8,0.3,1,2551.7963512014067,8255.198064372069
12,1,0.9207920582896143,1.0216938891245475,0.9672794012276308,0.06671232556275061,0.06797413363527563,0.06669854473793489,9.620781181176e-05,9.14958022705e-05,0.8,0.8,0.3,3,2507.6608697246384,8386.102500889901
12,2,0.8917820507392357,1.0997604165041235,1.0381497574038747,0.1961650009940742,0.4674793326286714,0.1445757930111493,0.03944502497231627,0.08777502872104063,0.8,0.8,0.3,4,2086.108972204232,42540.36484392266
12,3,0.6799891544984235,1.0315895867439293,0.9698634187206704,0.17801675559912095,0.7059326551060962,0.08232038590538168,0.09665909799690162,0.09192498562662989,0.8,0.8,0.3,5,1711.0437220441822,5606.264866714444
12,4,0.6736374519396044,1.0743408430232846,1.0047028619532676,0.26732564259333985,0.4206516847809733,0.09496450647530814,0.15354721343581118,0.20300527454375472,0.8,0.8,0.3,7,1332.1504836781216,7174.364424400463
12,5,0.6462229413646498,1.0677669621193875,1.0091102935419214,0.282925812561437,0.3362141747647015,0.11366401217060591,0.13610412296922028,0.1797000143476672,0.8,0.8,0.3,8,1727.4502227881578,38937.94775701349
12,6,0.6400275807590962,1.0640006373380126,1.004791986407791,0.29096969027326297,0.264432675798583,0.11288244747868796,0.13617766177225882,0.17977709502586242,0.8,0.8,0.3,10,1669.2312005746558,38605.81588751462
12,7,1.1908083675368426,1.6055067174441413,1.5331455863209287,0.8279197926989181,0.8181097242152521,0.04629166627693586,0.7953394098580505,0.4449096476272336,0.8,0.8,0.3,11,4641.890005584062,4818.501759511902
12,8,0.6770017829420661,1.1158865760618126,1.05278075047771,0.36925534897280476,0.47534001073138943,0.10769141487214547,0.1487081907514963,0.4090130328096075,0.8,0.8,0.3,12,1884.0000894130349,38954.98454670135
12,9,0.6757735084105402,1.103873130627645,1.0276408408969613,0.3664708756550195,0.332878558729791,0.10759518891350114,0.1487105217436321,0.4090152158567391,0.8,0.8,0.3,13,1888.62345404737,38949.09620735694
12,10,1.2454622772906205,1.6948556761710987,1.6093488567997625,1.0041329338960017,1.3510926581303355,0.048595825236456405,1.0,0.44670113098815084,0.8,0.8,0.3,14,4869.539380157772,4432.93995366234
12,11,0.9531409614571098,1.4045020438255051,1.3173637506926454,0.7336822196384296,0.7586323228759742,0.06778982195559237,0.6366288118178258,0.4284165343509437,0.8,0.8,0.3,15,4369.336946567224,38293.39781777503
12,12,1.2317105634994032,1.7067472777674995,1.644304633720497,1.0434043251270448,1.0330264469694326,0.07505073450808611,0.8472717802431964,0.8055396107315687,0.8,0.8,0.3,16,5257.373848536941,304015.04080030124
12,13,1.2236516839016465,1.688160155291576,1.6117739504647162,1.0405892235371237,0.9968021828895413,0.07348823429098944,0.8501716703911774,0.7957187716852664,0.8,0.8,0.3,18,5268.515896993198,299813.22593438666
12,14,0.9759082914766617,1.4527079118510884,1.3870902942332954,0.8057717418890029,0.8352140873690205,0.06443786298201912,0.6951377851493831,0.4545303026661022,0.8,0.8,0.3,19,4305.896869194008,37605.78848271826
12,15,1.2155860244050316,1.6814474067631815,1.6021266899881905,1.059882999734079,1.01739142658026,0.07660523243525556,0.8544607974816797,0.8107097638234337,0.8,0.8,0.3,20,5591.218583624337,304033.1273163674
12,16,1.189197242024211,1.666104613092246,1.5973483297574003,1.035795206861328,1.074092268331018,0.06531898047350963,0.9280328492672286,0.6035409084696945,0.8,0.8,0.3,21,27354.894928788457,38035.232403461065
12,17,1.2661882441676011,1.7305072046241605,1.6454535026676942,1.145203530693165,1.2051458117873093,0.07470453912864794,0.9568256490404412,0.8179238721969394,0.8,0.8,0.3,22,25290.744946000294,298755.2072142939
12,18,1.2647144158450188,1.7400340467377489,1.6676936642611426,1.1531109521479679,1.076417813857036,0.07470453912864791,0.9568256490404426,0.8179238721969423,0.8,0.8,0.3,24,25413.67110726265,298275.0005891729
12,19,1.2811469458601072,1.745051119777234,1.6594124737589553,1.1764381479669614,1.1007093418781277,0.07362375887112955,0.9762579944486289,0.828852907388044,0.8,0.8,0.3,25,25658.092451817083,298700.03899904486
12,20,0.9486004850457677,1.4208007978721353,1.3450475341963655,0.8401501247867532,0.8983253915261898,0.0709480230348741,0.7221084656255841,0.45617127824089554,0.8,0.8,0.3,26,4439.024453350082,38926.09457457802
12,21,0.899630511134366,1.3598728732593333,1.2704724682983424,0.7945203722164019,0.7385426398697218,0.0727892665059305,0.6599614951544711,0.46382658534672566,0.8,0.8,0.3,28,4447.755026183055,38831.75479945942
12,22,0.9728254419118638,1.4426046285648806,1.3649090571989357,0.883007008201227,0.8572651696695697,0.06855878824914272,0.7650756506034573,0.45844715156932264,0.8,0.8,0.3,29,4430.750583173567,39161.51000625835
12,23,0.8943622146270236,1.3955450296452858,1.35531458814287,0.8512629096416915,0.7641575128610442,0.06961837385135575,0.6864485205862648,0.42628914212929114,0.8,0.8,0.3,31,4773.165067806507,38666.27672106346
12,24,1.0938076483139403,1.5690130090627887,1.5081668468281475,1.0629947662028894,1.2722697836016066,0.06703020457519898,0.937185582374414,0.5283556751967525,0.8,0.8,0.3,32,4574.54340140572,39236.4011617714
12,25,1.1333252830221094,1.6044939804389422,1.5419570422441353,1.1126915899913739,1.0417190269395082,0.06054265672310334,1.0,0.5293296066859765,0.8,0.8,0.3,34,4451.973102273714,39279.76507644188
12,26,1.1300931649748944,1.5990706104943744,1.535657052555406,1.117164048028891,1.042709228481727,0.057857791511876235,1.0,0.5354747735200296,0.8,0.8,0.3,35,4443.545728729261,39260.623259491935
12,27,1.128238924243945,1.591396273049049,1.52552633946838,1.1289559770684674,1.0499545267257295,0.06224543343266464,1.0,0.5460030046687094,0.8,0.8,0.3,38,4958.276044849867,37281.42085519536
12,28,1.1237635625231153,1.5931671263727971,1.5386821845735237,1.1366268702296223,1.0438321587202788,0.06224543343266464,1.0,0.5460030046687094,0.8,0.8,0.3,40,4982.306066550303,37574.13563100941
12,29,1.11419147068965,1.575024900284681,1.517746981481639,1.1429394608166754,1.0669726320648216,0.0621910187778217,1.0,0.540036838384186,0.8,0.8,0.3,42,4908.371113229446,38548.238181993525
12,30,1.1142520795644255,1.5857579969383728,1.5413093721880062,1.1543850483239209,1.0157704600233066,0.0627632189823924,1.0,0.5402773639047209,0.8,0.8,0.3,44,5017.130784880379,38247.275483844605
12,31,1.098410281534238,1.5531316148795822,1.5035447231622132,1.1589627488306065,1.114533356775241,0.06202267509176529,1.0,0.5335073854730756,0.8,0.8,0.3,46,4654.252044222683,38334.3113164026
12,32,1.0986362361828972,1.5522991870444354,1.5024057910869677,1.16638649707757,1.0168601122529881,0.06190110558351537,1.0,0.5370223428811028,0.8,0.8,0.3,48,4724.718591047453,38270.458601670616
12,33,1.0422889627681986,1.5277474497753827,1.516334292603746,1.156957082140437,0.9660752017863159,0.05930845950549908,0.9240604112784766,0.5627057852972587,0.8,0.8,0.3,50,4973.582985541272,206004708.0969134
12,34,1.0406637126312832,1.5320561580346839,1.5321510958770563,1.1709260231854968,0.9877899824242782,0.06037328897745371,0.9247587661548549,0.5640693998384733,0.8,0.8,0.3,52,4900.353819414509,206014568.33143327
12,35,1.0424832672591935,1.5320176229383788,1.5315965618385583,1.1668259638599527,0.9812739789474002,0.060816868926498624,0.9267611763288544,0.5674619208832725,0.8,0.8,0.3,53,5299.647359943156,206046434.34502175
12,36,1.041214183360391,1.5103940670108187,1.494480694069257,1.1688974765797668,1.066362185220889,0.06436607886420187,0.9276923161640249,0.5692800736048914,0.8,0.8,0.3,54,5063.2009459988085,206048503.9484344
12,37,0.9694403487341683,1.4577752889748858,1.4670039044395606,1.1209830070438456,0.9060137395723247,0.057556221888549954,0.884939706975995,0.4680777017841766,0.8,0.8,0.3,57,5266.628823001168,206064581.73375437
12,38,1.0624554108755777,1.522516813421793,1.50421568733299,1.2142626259726852,1.021636299547195,0.05613023724946804,1.0,0.4853060516576261,0.8,0.8,0.3,59,7047.553574400657,205689099.7278929
12,39,1.0587600981582916,1.5097567143414927,1.4891498469389266,1.2130486700720744,1.0382391063544627,0.05696336444561882,1.0,0.4854295435243112,0.8,0.8,0.3,61,6847.634636481972,205721058.0692586
12,40,1.107810622290694,1.547084377645709,1.5133470944346683,1.2532793060458183,1.045789390950188,0.06586903916686984,1.0,0.6259830201019996,0.8,0.8,0.3,62,4987.173962028244,95556.76770286074
12,41,1.0597687610442603,1.532040894888134,1.5371521091830354,1.2345966254391136,0.9989435402725871,0.058924193350893675,1.0,0.4852975154488928,0.8,0.8,0.3,63,6815.569777059929,205724252.5858957
12,42,1.0456089897864411,1.469409966202939,1.452646348046462,1.2343321275270287,1.355023158043822,0.0522155745687221,1.0,0.5044903923948629,0.8,0.8,0.3,64,4856.025159807161,195765074.4168731
12,43,1.0850865712683637,1.4972668751605467,1.4778550677727542,1.2832154605386132,1.0921429468577109,0.05703929787395712,1.0,0.6360282387013417,0.8,0.8,0.3,66,5306.642274026194,195772009.9851576
12,44,1.0822468057938526,1.49542934556761,1.4867847277212776,1.2919502937894154,1.0803096778429946,0.057039297873957076,1.0,0.6360282387013437,0.8,0.8,0.3,68,5552.702289475029,195815727.5597323
12,45,1.0444858759334905,1.4655479767164072,1.4797511660238165,1.2871511833499027,1.0668285199952976,0.05247200576768217,1.0,0.5352804050610329,0.8,0.8,0.3,70,5700.287707135501,195832176.74302223
12,46,1.0668270141257472,1.440334720048877,1.4232265656303658,1.2988150199919217,1.047424173994382,0.05809183693860498,1.0,0.6143058422286823,0.8,0.8,0.3,83,6254.881889719438,37255019.03228549
12,47,1.0647498036781495,1.4422116447591689,1.4366028603617185,1.307563573049531,1.0608120612652543,0.05775227647999145,1.0,0.6133383765886601,0.8,0.8,0.3,85,6325.096492666668,37124980.21267165
12,48,1.0573463464688366,1.428038535206934,1.4210388163188203,1.3145213685937076,1.0525179143684336,0.05778856004252282,1.0,0.5930707667358435,0.8,0.8,0.3,87,6025.833220724479,37003141.11164237
12,49,1.0626813375154072,1.4315267293612035,1.424148981236352,1.3375040971651269,1.0375897730452723,0.05811280628791993,1.0,0.6111917486108192,0.8,0.8,0.3,89,6153.105146043274,36981890.54775056
12,50,1.0575208972844676,1.444410224156779,1.4621435474650495,1.3544947025335832,1.0618149737808085,0.056386276679092295,1.0,0.6013661655236303,0.8,0.8,0.3,90,5681.595398563231,37010087.31565605
12,51,1.057189361585268,1.437571687452773,1.4539853683224182,1.3651453494713883,1.0533084689671193,0.05695828232593699,1.0,0.6027308753719074,0.8,0.8,0.3,92,5680.462062405042,36990944.3586669
12,52,1.060888355553114,1.4316719119022487,1.446154225775402,1.3621546268845846,1.1104378108874562,0.05890075508413598,1.0,0.6154773380368875,0.8,0.8,0.3,93,5350.22871928898,37428330.7495615
12,53,1.0578030203493978,1.4357769497924115,1.4624571036759177,1.3771533671707392,1.0620862317578945,0.0596308709519644,1.0,0.6054927450988948,0.8,0.8,0.3,94,5643.716170638681,36991742.13933887
12,54,1.057329045828146,1.435011422517091,1.461633363094776,1.3693129913317974,1.031301607581369,0.05927513785545595,1.0,0.6050225357987551,0.8,0.8,0.3,95,5644.12575250129,37000061.9367118
12,55,1.0575961347630078,1.4200420071125082,1.4328597681337725,1.3735003179603986,1.062621923205823,0.05882061014498553,1.0,0.6093242464576515,0.8,0.8,0.3,96,6329.62712612847,36908929.66511006
12,56,1.0546118398562059,1.4264038703125719,1.45185292694786,1.3853839249893252,1.0347044335068727,0.058278938906175505,1.0,0.6018167243127059,0.8,0.8,0.3,98,5659.462023074861,36997012.18227842
12,57,1.0370580821717612,1.402871306656597,1.4271355394435423,1.3750438975855224,1.0588696461999743,0.053768017056743424,1.0,0.5584631317605253,0.8,0.8,0.3,99,5680.825523889655,36253350.22986555
12,58,1.0645080880981417,1.4241776359991272,1.4472302782920516,1.4292104095269997,1.0512848140162498,0.0590328197519143,1.0,0.6390253597024417,0.8,0.8,0.3,103,6185.392012098664,36904277.212935805
12,59,1.0650940319583269,1.4121780612150205,1.4219584680450397,1.429820939823469,1.0508437635544183,0.05913427677157077,1.0,0.6413925648282912,0.8,0.8,0.3,104,6198.221445930416,36896534.66881578
12,60,1.065716375760398,1.4313209323154936,1.4663397159041502,1.445118655718868,1.051274433228605,0.05899120621202893,1.0,0.6457368610555467,0.8,0.8,0.3,107,5794.144044977296,37203678.08799447
12,61,1.173705371403328,1.569419653915886,1.6535736774101701,1.7162456221792224,1.1547077344610248,0.06367006473785078,1.0,1.0,0.8,0.8,0.3,138,4805.976981856308,50153643.003738895
12,62,1.1733674413245618,1.5646038580310628,1.6478905802589858,1.7198815989318097,1.1688820934996687,0.06398029133497572,1.0,1.0,0.8,0.8,0.3,140,4792.855677483059,50153255.96516124
12,63,1.1723571816528873,1.5536108450137747,1.6349732753215211,1.7421896748521728,1.171036753445736,0.06428314167332198,1.0,1.0,0.8,0.8,0.3,144,4810.398604813437,50156392.35943562
12,64,1.1717739003035386,1.5961809842611934,1.7292260895678528,1.7690064710383753,1.164078685832896,0.0638066733219145,1.0,1.0,0.8,0.8,0.3,145,5059.867626674044,43182212.67164043
12,65,1.1716341265620902,1.5447460162601352,1.6245477592360857,1.7454522832538042,1.2022966497687837,0.06459348987505692,1.0,1.0,0.8,0.8,0.3,146,4797.068368686256,50155990.493320525
12,66,1.17241600889182,1.5436183075104843,1.633920258554533,1.750546559354654,1.2053354613598686,0.06742997827299371,1.0,1.0,0.8,0.8,0.3,148,4782.658170173058,50193901.19752839
12,67,1.1699198075391033,1.5291931290318832,1.606359102422041,1.7669778690071907,1.1524551794019995,0.06439211750267183,1.0,1.0,0.8,0.8,0.3,153,4758.639483073328,44584056.22149272
12,68,1.1697377585412374,1.501800426120638,1.5520551746994482,1.77066950675449,1.1889562912287364,0.06480452012677136,1.0,1.0,0.8,0.8,0.3,154,5718.31291351305,46231307.92329264
12,69,1.1718784428693738,1.4947884642490294,1.5433142118736434,1.7722462549021152,1.2257250784654272,0.06865976137924372,1.0,1.0,0.8,0.8,0.3,155,4400.924499894058,50169774.79939826
12,70,1.1715210643384593,1.5019910400045975,1.5628319721792348,1.7840095966880314,1.1687660032288572,0.06865976137924372,1.0,1.0,0.8,0.8,0.3,157,4440.465302146375,50158732.3569437
12,71,1.1692329609002046,1.5177522678708422,1.6037753980198974,1.8098719425321896,1.1597413787286357,0.06632842224686744,1.0,1.0,0.8,0.8,0.3,162,4324.890426306714,50173870.34557937
12,72,1.1555833085776641,1.4683440894740558,1.5367833014510555,1.7920735857807708,1.2039314132891188,0.052026102376249085,1.0,1.0,0.8,0.8,0.3,165,5363.41296301113,51350205.62224669
12,73,1.15525415003374,1.4755677573062613,1.5563301282269622,1.799485082976368,1.1554298331613966,0.051995835384432934,1.0,1.0,0.8,0.8,0.3,167,5410.986488924236,51340414.72086662
12,74,1.1539613288952435,1.4380152617376223,1.4792855756933712,1.8189667251982173,1.1504970338666227,0.05065045763152122,1.0,1.0,0.8,0.8,0.3,169,4760.770469454153,51235262.69671079
12,75,1.157809022757346,1.444558597189698,1.4972561072835162,1.819812423422618,1.1771271515575716,0.05630768254693132,1.0,1.0,0.8,0.8,0.3,171,4705.190187474969,51276807.47451
12,76,1.1545366156467909,1.4358730779161892,1.4875721489555636,1.8521300100094398,1.1829843219392826,0.052738371453829515,1.0,1.0,0.8,0.8,0.3,172,6095.1826843243625,47112540.2487656
12,77,1.1540970175360572,1.4353713192217818,1.4870577653717827,1.8555854713394904,1.1423418743164975,0.052203494073928366,1.0,1.0,0.8,0.8,0.3,174,6103.107912363894,47088318.39372717
12,78,1.1533773921542496,1.4246869463757796,1.4745421843644484,1.8584625496000027,1.2157319277567802,0.05221405551696749,1.0,1.0,0.8,0.8,0.3,175,6024.8804465016165,47099052.7893955
12,79,1.1524831519119112,1.4229247062800177,1.4726205867658182,1.8652963692128282,1.1441903722823072,0.05117424340023803,1.0,1.0,0.8,0.8,0.3,177,6023.923258519526,47081157.71022628
12,80,1.155047241732719,1.4131057034055357,1.4605335878320262,1.8675013743108935,1.1906067851268163,0.05545415586929917,1.0,1.0,0.8,0.8,0.3,179,4714.27281711843,51220673.24813935
12,81,1.1548047045701715,1.4398859073062078,1.5251122737662393,1.9031150745052603,1.1527369282088862,0.055695992086127286,1.0,1.0,0.8,0.8,0.3,185,4780.054533010866,51508506.777675696
12,82,1.1546837732527395,1.4285076056685697,1.5007235343203011,1.9211852482979523,1.14472397471468,0.05555099719561244,1.0,1.0,0.8,0.8,0.3,187,4816.279592986502,51497045.9704793
12,83,1.154649844245931,1.4272250898350336,1.4992135838448566,1.9094737097315257,1.1535905361723726,0.05560792054171089,1.0,1.0,0.8,0.8,0.3,188,4779.292941397526,51471264.28940424
12,84,1.1541398016332538,1.4448415004199717,1.5420507261730276,1.9373485645172386,1.1760804624219459,0.05531261307562896,1.0,1.0,0.8,0.8,0.3,189,4780.982912448266,51500653.55934947
12,85,1.1547627108943397,1.4507266621796013,1.559855336250729,1.9507673545676691,1.1672875593268959,0.05655408204894905,1.0,1.0,0.8,0.8,0.3,191,4763.76586598041,51501561.83244991
12,86,1.1552316296154594,1.4255321267195002,1.5080684480994353,1.9537066666837426,1.1539487562749198,0.05738800427504196,1.0,1.0,0.8,0.8,0.3,194,4781.408326293062,51465422.34123978
12,87,1.1552057686438137,1.4250768474762932,1.5075352537667015,1.953663239112551,1.1474983950373059,0.05738800427504198,1.0,1.0,0.8,0.8,0.3,196,4763.136874940488,51468922.33760162
12,88,1.1552973779736566,1.4217181805851273,1.5035503961181873,1.9653213271034533,1.17174966402306,0.057760200690409415,1.0,1.0,0.8,0.8,0.3,197,4746.69115215052,51466120.6209138
12,89,1.1541546834805538,1.418480495752892,1.4999327630909056,1.9602001653776122,1.1606805039832817,0.0564861435892147,1.0,1.0,0.8,0.8,0.3,198,4723.149229874544,51449556.66142339
13,0,0.7780583715403271,0.9439833856414367,0.8854163672943871,0.0076173987845341365,0.0,0.0,0.0,0.0,0.8,0.8,0.3,1,4439.243963808355,8925.380749018175
13,1,0.8007485541863686,0.9808699598755498,0.9213077173870546,0.05317645120693734,0.06299360138799262,0.05321837477035628,0.00010929867962031,0.00011956903581750999,0.8,0.8,0.3,3,4443.399649323817,8930.219642020938
13,2,0.7670077669766338,1.0427369232294672,0.9893326015376236,0.1567718030747416,0.41237095579412403,0.09706405966067572,0.039283706432725676,0.08079132086503696,0.8,0.8,0.3,4,3306.8851281729358,47686.68966544165
13,3,0.8392436361891424,1.1470704821773674,1.0905853059829154,0.2810015033437598,0.3837840943229925,0.09489154640085676,0.20514660158014242,0.052028066729852995,0.8,0.8,0.3,5,2793.8855959114344,5626.585897739209
13,4,0.6421476336932623,1.0069483397690986,0.9435383571167142,0.1740903133869122,0.4399211751289221,0.06468114735886196,0.09264498472649034,0.10030428788336836,0.8,0.8,0.3,6,3224.796228306267,6861.043247053836
13,5,0.6867687889686397,1.0777329005383702,1.0248489072378746,0.262280990498951,0.3269292561958804,0.09672999614900868,0.14035754142073753,0.13437610422507842,0.8,0.8,0.3,7,2179.353439353036,4324.831165930189
13,6,0.591722503453912,1.0210623827601606,0.9605566954952154,0.24212335885043423,0.5285718450442691,0.0733854449418444,0.1310207323730004,0.18097196278238892,0.8,0.8,0.3,8,1879.1053191170265,41475.857265357634
13,7,1.397617454070577,1.8188863925789611,1.7447705430155869,1.0583226668741166,1.0444072457373719,0.05476465154407721,0.8582397501157292,1.0,0.8,0.8,0.3,10,2905.411108768405,6515.216034108932
13,8,0.5959162913937757,1.0291689167263227,0.9676540447427605,0.26741623549515126,0.24501747497376616,0.07322360762649446,0.14302383253981452,0.1960597566589668,0.8,0.8,0.3,11,1924.6495109488656,42563.513223343085
13,9,1.358501601613925,1.8084796983886913,1.7415588773129451,1.078807150618641,1.263152553274567,0.05869924403799287,0.8696666876000148,1.0,0.8,0.8,0.3,12,2096.604894722529,19048.55395320166
13,10,1.4314412666080985,1.8846631922450223,1.816346836130367,1.1743289688158434,1.1554621572793122,0.04895274071729519,0.9848290680077035,1.0,0.8,0.8,0.3,14,1865.3659730761915,18719.44865818192
13,11,0.9392275295672365,1.4060001624462457,1.3495479835791298,0.690193503669015,0.6901340557738243,0.05479009370564467,0.37495120774966656,1.0,0.8,0.8,0.3,15,1564.407960816578,42405.14981374961
13,12,0.9058151314532772,1.3623600556840811,1.2923924066428885,0.6653200962752207,0.6248661161686829,0.055073612848428856,0.33788207936129544,1.0,0.8,0.8,0.3,17,1131.3532393302676,41071.97123719063
13,13,0.9024964559244326,1.3596120342395492,1.2893295201415949,0.6742297295946538,0.6198736753309076,0.05389573305109948,0.3379229128740864,1.0,0.8,0.8,0.3,19,1129.258541600097,40522.27928478141
13,14,1.4206747583772086,1.9014501574459166,1.85643882470124,1.2183840122218146,1.1669275538889414,0.04643269122539514,1.0,1.0,0.8,0.8,0.3,20,1751.044146641124,20256.464623964
13,15,0.6307837537547023,1.1019744567886103,1.0429081790251657,0.4242777110783534,0.39802897940842263,0.0533690969208722,0.2673711068996765,0.3281314068169833,0.8,0.8,0.3,21,1253.2147712340193,41780.16118984976
13,16,1.4430441286611908,1.9163767090346584,1.855634937725642,1.2510802866336266,1.2475371560468442,0.09902162201893812,1.0,1.0,0.8,0.8,0.3,22,2105.744031783689,58853583.81860708
13,17,1.441952974747857,1.9269234518397236,1.8787841334263262,1.2662819170046558,1.1890006237746191,0.10110516135319647,1.0,1.0,0.8,0.8,0.3,24,2099.064229075268,58853615.29207863
13,18,1.400497375748526,1.874613900185353,1.8131313666678301,1.2202940486059901,1.1557594903026531,0.052225727353342875,1.0,1.0,0.8,0.8,0.3,25,2042.279714334113,20647.306948296085
13,19,1.3993346992421873,1.8736387018643132,1.811963769668648,1.2290952749223658,1.1497723707327556,0.05241056410686298,1.0,1.0,0.8,0.8,0.3,26,1995.6127672699936,20622.60760717868
13,20,1.3970226862876909,1.8722752902781992,1.8094991405828014,1.232653768936256,1.1919017792977284,0.058743354533410196,1.0,1.0,0.8,0.8,0.3,27,1931.5394072713457,20425.433599648382
13,21,1.3940906245849465,1.8696316208065051,1.806462885994329,1.2410270446631273,1.1626646785030113,0.05830477873897329,1.0,1.0,0.8,0.8,0.3,28,1986.4575251718904,20531.792950860945
13,22,1.3877300474896221,1.8632719143812848,1.800100742956131,1.2346794376307741,1.140393735262522,0.05037309701069124,1.0,1.0,0.8,0.8,0.3,29,2134.8729382108127,18116.120639634955
13,23,1.3803774399510325,1.857247551429784,1.7911630229093107,1.2461621711253763,1.2701009915857464,0.06410724424888455,1.0,1.0,0.8,0.8,0.3,30,2667.2985749301843,47329.7949545072
13,24,1.3753541180411448,1.863581052982228,1.8092661426346428,1.2599513025384892,1.203796625493277,0.06700267151912401,1.0,1.0,0.8,0.8,0.3,31,2533.1288853784386,47904.49134810695
13,25,1.3406954357072058,1.8283578766157143,1.7709084610928538,1.2361073317446964,1.2650888028299518,0.04585242333850629,1.0,1.0,0.8,0.8,0.3,32,1926.388456804568,28852.50969654321
13,26,1.3251301914080498,1.8227741281890502,1.7763107135695275,1.241312402898847,1.172459399758282,0.039570487865761964,1.0,1.0,0.8,0.8,0.3,34,1819.470481185152,32317.943033025367
13,27,1.32034704973661,1.8173955763805931,1.7701485463095372,1.2485340268163796,1.1628173902501735,0.03856756636604683,1.0,1.0,0.8,0.8,0.3,35,1817.145651088147,34569.652179450335
13,28,1.3191707584111831,1.8272251971422155,1.7927432302977364,1.2569377491763096,1.1356396879657489,0.0385675663660468,1.0,1.0,0.8,0.8,0.3,37,1775.9513325193789,34090.1699509413
13,29,1.3097906807678867,1.8159854744301231,1.7795733847783741,1.2590741008099324,1.209641359993274,0.03860583931404061,1.0,1.0,0.8,0.8,0.3,38,1633.0670915101534,29016.137749785677
13,30,1.3168945769947014,1.8093142507723698,1.757791238510675,1.2747921990095024,1.1907560611186725,0.059676173398068064,1.0,1.0,0.8,0.8,0.3,40,2236.6064417763337,23312.44721136016
13,31,1.3107252379225216,1.8011578059984814,1.7482378832769714,1.2827110902393388,1.1762255074041965,0.05967631655489748,1.0,1.0,0.8,0.8,0.3,42,2158.6243202278306,23408.2978764088
13,32,1.3059669511065577,1.7954510617433568,1.7419141252962729,1.2802765453126759,1.1707993132325547,0.05704631258414537,1.0,1.0,0.8,0.8,0.3,43,2205.2305260447715,19032.47283680674
13,33,1.2912266699804857,1.7743505243049496,1.7172112779165976,1.2870293302762954,1.292499251433766,0.0569643847996967,1.0,1.0,0.8,0.8,0.3,44,3323.905021898233,24299.405059062643
13,34,1.289613282002622,1.772896011820648,1.723731623220307,1.319667134568629,1.2647337356864101,0.07782280060436741,1.0,1.0,0.8,0.8,0.3,46,2524.615016557538,6123917.51042462
13,35,1.2875389962737975,1.7690916692728722,1.7192245225458123,1.32613776957563,1.1768894853680896,0.07819695732140478,1.0,1.0,0.8,0.8,0.3,48,2538.568062487192,6120593.440361563
13,36,1.2869456704582498,1.767962696280547,1.7178814007196634,1.3319416725263529,1.1714126892951846,0.07834857299311561,1.0,1.0,0.8,0.8,0.3,49,2544.082794215589,6118303.773897362
13,37,1.2815922559113977,1.7590598576643033,1.7075979073877274,1.3336752836483858,1.2181432403787213,0.07729775813997389,1.0,1.0,0.8,0.8,0.3,50,2537.765257695773,6119601.607226107
13,38,1.2442910885673095,1.7173305343267808,1.6733803050543277,1.3040069134349312,1.2528852151806302,0.051194557685550465,1.0,1.0,0.8,0.8,0.3,52,2479.6504933724245,46691.38426498464
13,39,1.2418661011800414,1.7220126182796147,1.6897426596249054,1.310326073677104,1.1960052404819905,0.05267837105276378,1.0,1.0,0.8,0.8,0.3,53,2024.3149703976287,47311.33368504552
13,40,1.2395449819553837,1.7166994518915553,1.683489422784624,1.3133143757811538,1.1806675363081678,0.05289837132043802,1.0,1.0,0.8,0.8,0.3,54,2039.2929725740853,47642.74831231345
13,41,1.2307734323126125,1.673116094437323,1.610187564644552,1.318488289603434,1.2187238737770858,0.05356194506404881,1.0,1.0,0.8,0.8,0.3,56,2775.328191806745,45357.119451971565
13,42,1.2262561084603656,1.6658262674486235,1.6020922149342205,1.316064083328715,1.1736980667355335,0.050329140552319254,1.0,1.0,0.8,0.8,0.3,57,2788.175104107762,44111.05524994621
13,43,1.2110428023483617,1.6380723649472981,1.580918467065501,1.3205007615195195,1.2693906668151391,0.04849512707048509,1.0,1.0,0.8,0.8,0.3,59,3164.032860813145,44504.55529023758
13,44,1.203470653850634,1.624108094237396,1.5653200133033887,1.3185096652434998,1.2009078443754888,0.04296757486427974,1.0,1.0,0.8,0.8,0.3,60,2571.9126462813338,45090.61113040937
13,45,1.2029213219947192,1.621323984815371,1.5619718799097455,1.3253497549710784,1.1463889997741825,0.04360427029719957,1.0,1.0,0.8,0.8,0.3,62,2560.1551900030563,45545.027139034486
13,46,1.2008752983639215,1.6107334701960954,1.5492597912518538,1.3355480781473932,1.1799386394062514,0.04585169054229562,1.0,1.0,0.8,0.8,0.3,64,1610.5487423510965,47080.80305433212
13,47,1.2155482644353244,1.624562279700026,1.5731800040600552,1.3770964020366412,1.1732443445347966,0.07036588015549781,1.0,1.0,0.8,0.8,0.3,71,2417.7460710768987,58094905.9669107
13,48,1.2133436590119506,1.618846495029351,1.5666329532990486,1.3890415120245554,1.1723704393653351,0.06928826240138868,1.0,1.0,0.8,0.8,0.3,73,2536.3133027489325,58094156.35663191
13,49,1.2116440922647802,1.6056898730228684,1.5404134749684633,1.390830591519565,1.1566885479217706,0.0673033281856739,1.0,1.0,0.8,0.8,0.3,74,2543.684424353157,58093443.24970893
13,50,1.210200360487867,1.5987565694277432,1.5321968109057185,1.3940885356836619,1.2064895798727546,0.0680042871008678,1.0,1.0,0.8,0.8,0.3,75,2525.54063105136,58089290.5675499
13,51,1.2030993562957084,1.5893550906637852,1.5326957741686031,1.3964978092163969,1.278300040796768,0.06487312461650643,1.0,1.0,0.8,0.8,0.3,76,3311.9125704350163,58088909.08364685
13,52,1.1995159351017466,1.581582507808483,1.5239753710156774,1.4006300249420478,1.1886976389878685,0.062076341211703766,1.0,1.0,0.8,0.8,0.3,77,2332.559804144735,58114258.93165137
13,53,1.1992433803578475,1.5794443348416372,1.5214181689115338,1.4007149654892623,1.167120692145885,0.06246197144021872,1.0,1.0,0.8,0.8,0.3,78,2326.942521052718,58114242.92070018
13,54,1.1974901939256342,1.5741593236128724,1.5153441218318444,1.4064802477822849,1.1815424729620245,0.0616142290375065,1.0,1.0,0.8,0.8,0.3,79,2342.5353258808764,58103233.27356144
13,55,1.1957902998822716,1.5687459080869572,1.5091068812862145,1.4190597775039906,1.1654939526512387,0.060860718804617395,1.0,1.0,0.8,0.8,0.3,81,2373.1622249975794,58103463.48552096
13,56,1.1936586503599582,1.5510749815647136,1.4774840867509347,1.4177281946512559,1.1860419607154107,0.05972208636064391,1.0,1.0,0.8,0.8,0.3,82,2468.2693372055774,58106821.68759024
13,57,1.1931317904871326,1.5484410302608325,1.4743880977703288,1.4209782549269778,1.1666972763062184,0.059801927768630456,1.0,1.0,0.8,0.8,0.3,83,2474.0728137837486,58105926.05627833
13,58,1.1934099984246176,1.5474946971840426,1.4731739531546897,1.4248861780413804,1.1594018731682072,0.060573993828229,1.0,1.0,0.8,0.8,0.3,84,2452.223127748116,58102850.14577167
13,59,1.1741278932485584,1.561660653543121,1.5368795931578847,1.4953191446995728,1.13747260756356,0.040231942405091446,1.0,1.0,0.8,0.8,0.3,103,17962.705010835933,90795.61090537877
13,60,1.175945788448503,1.5462285003057739,1.5071544319769965,1.512473068969277,1.148669772012021,0.044381237656292497,1.0,1.0,0.8,0.8,0.3,107,17635.83006651383,90276.13114985406
13,61,1.1728140727931475,1.554189917110836,1.5280930799043424,1.5202482434526339,1.1333261060039999,0.04049896504180827,1.0,1.0,0.8,0.8,0.3,108,17889.003334809582,91096.55700490132
13,62,1.1736208036459763,1.565445308992089,1.5521881455081419,1.539416578389767,1.1399501898488544,0.04173665607630121,1.0,1.0,0.8,0.8,0.3,109,17093.687096141955,77269.10691836037
13,63,1.1719690064170116,1.5501815692662497,1.5234124851787414,1.527069437078673,1.1531668660678787,0.04039436496526508,1.0,1.0,0.8,0.8,0.3,110,17869.62306492146,91784.24799191552
13,64,1.1765761433062611,1.5707720358834847,1.5686357057435332,1.5508630582933127,1.167418503581049,0.04810848495662695,1.0,1.0,0.8,0.8,0.3,112,17581.226729419286,74897.97718468182
13,65,1.1748234560507864,1.565337520637345,1.5624397531756522,1.5457792928070737,1.1665884283735115,0.04687362001863753,1.0,1.0,0.8,0.8,0.3,113,17483.667826329096,62376.96307922263
13,66,1.175351705704621,1.5638202654789437,1.5604934358999578,1.5538929023944144,1.1562347777165038,0.04810848495662695,1.0,1.0,0.8,0.8,0.3,114,17469.149741017878,74501.44562657498
13,67,1.172598675318658,1.5610617804570273,1.5684094069865664,1.5670327084210787,1.233060273274538,0.04763302901391654,1.0,1.0,0.8,0.8,0.3,115,17514.872077577547,74450.74979450954
13,68,1.1727382244552478,1.5468505917679052,1.5405517776640434,1.5636402189257395,1.1648922912557924,0.048589260551344285,1.0,1.0,0.8,0.8,0.3,116,17458.899884530296,74974.36095207438
13,69,1.169312857162008,1.5316145633837068,1.5229038731617701,1.5648553182270435,1.2360839411181115,0.04714825607898121,1.0,1.0,0.8,0.8,0.3,117,17498.375645342796,62766.96775400235
13,70,1.1688695515846093,1.529762566650816,1.5207633638940612,1.5682097581623133,1.1499284036870168,0.04693911899809264,1.0,1.0,0.8,0.8,0.3,118,17536.824685886524,74850.26411764341
13,71,1.1684591497005967,1.527553912968303,1.5181937390836708,1.5715572330774383,1.1514516364892333,0.046813083057879665,1.0,1.0,0.8,0.8,0.3,119,17489.486421260084,45314.24064382777
13,72,1.1678539874955605,1.5342177381862037,1.5370631920724172,1.5861933973190083,1.1699577703842592,0.04693911899809264,1.0,1.0,0.8,0.8,0.3,120,17359.68324809942,74190.77829094767
13,73,1.1661599608559265,1.5170212527620577,1.505998988521248,1.5808435899539568,1.1545893387740478,0.04577891949665086,1.0,1.0,0.8,0.8,0.3,122,17244.09048993867,62244.36408928344
13,74,1.1677240376638303,1.5285417474460221,1.5302719353927905,1.6051810346828141,1.1407798001102223,0.04798526029966822,1.0,1.0,0.8,0.8,0.3,126,17171.996623105348,72541.07812936488
13,75,1.163467969442843,1.5100313327224077,1.498149803588723,1.5971362379214307,1.1595898090337617,0.04331272175271938,1.0,1.0,0.8,0.8,0.3,127,17233.30234635683,84771.4413912576
13,76,1.1655838156275364,1.5210955832138329,1.521762985716767,1.6108182129162743,1.1557328219471792,0.046433586540468405,1.0,1.0,0.8,0.8,0.3,128,17247.63887198198,74233.81119582051
13,77,1.1586476638008223,1.4840557195710393,1.4787857381466185,1.6164137304701665,1.3767605770410214,0.04347162231202552,1.0,1.0,0.8,0.8,0.3,129,17266.70460009825,83952.91547365715
13,78,1.1582917436033306,1.4793442360016023,1.473226059791657,1.623639214038932,1.1523130074898003,0.043772902997256655,1.0,1.0,0.8,0.8,0.3,131,17252.844363116998,84570.55870788373
13,79,1.1572161090183304,1.472019406034923,1.4646876186597304,1.6339214338519101,1.184628510453228,0.04347519257147603,1.0,1.0,0.8,0.8,0.3,132,17303.64526757056,85911.59298210134
13,80,1.1564614087342757,1.467026761759608,1.458876709392101,1.6220934451317592,1.1675622611497076,0.043206614851566974,1.0,1.0,0.8,0.8,0.3,133,17255.017421803812,83975.66817557203
13,81,1.1577214311553727,1.4774469736110971,1.4819030031759415,1.672434708854648,1.1383811432611535,0.04510527724498145,1.0,1.0,0.8,0.8,0.3,140,17150.66883006469,84225.22445251465
13,82,1.1563398286910096,1.4735006640882184,1.4774625622478597,1.6786035582929146,1.1450990783741983,0.043779320057329305,1.0,1.0,0.8,0.8,0.3,142,17017.208656869967,85532.07940024624
13,83,1.1499138745407722,1.508974350324912,1.5643772038212098,1.7111990835350521,1.1304831092109324,0.03619621469215566,1.0,1.0,0.8,0.8,0.3,157,17260.254970248585,72402.37143830357
13,84,1.1673962421740085,1.5099954769719004,1.551389051514078,1.7637066129513295,1.1882339685782042,0.05884087133409115,1.0,1.0,0.8,0.8,0.3,158,17868.505957426707,71742.00588394236
13,85,1.1492251972363199,1.4894556912433778,1.5412597723365657,1.721423107841068,1.1832520778694366,0.03806513531091589,1.0,1.0,0.8,0.8,0.3,160,17148.347019082525,71149.12373387595
13,86,1.1491063640891237,1.4881805967208643,1.539764968952828,1.7288615804452878,1.1394224226563456,0.03807513062016163,1.0,1.0,0.8,0.8,0.3,161,17151.029835659043,71128.72954852853
13,87,1.1493087790412329,1.4987134816821075,1.5631324473487949,1.73366059053404,1.137532749133215,0.03844730025905685,1.0,1.0,0.8,0.8,0.3,162,17049.84149808667,71339.50286398244
13,88,1.148511465483475,1.4929174219992818,1.556388344638086,1.7366915607139481,1.1691552474824853,0.03812138452584059,1.0,1.0,0.8,0.8,0.3,163,17194.45193204187,71889.15550618108
13,89,1.1638555695544428,1.5013497647935967,1.5635138390299252,1.7994625172756689,1.1599007357326863,0.058200579926617924,1.0,1.0,0.8,0.8,0.3,167,17630.920812416836,67707.71156865927
13,90,1.1626886800425145,1.5069398460057009,1.581266348079972,1.810574328235721,1.15438081857333,0.05730157555021607,1.0,1.0,0.8,0.8,0.3,171,17332.997367234173,66840.82072154814
13,91,1.1640226198682182,1.496639774974554,1.5578847126992295,1.820278163214939,1.150477799042638,0.05902175112200427,1.0,1.0,0.8,0.8,0.3,172,17281.480907236364,44683.85601726423
13,92,1.1626025643616429,1.5171859370025669,1.6043486890065022,1.8344516667251125,1.1492377976094361,0.05730157555021613,1.0,1.0,0.8,0.8,0.3,173,17305.665884094713,66755.46827355544
13,93,1.1628966893282562,1.4912403885248031,1.551681579222113,1.826938534243141,1.1758999114042732,0.05813896121851057,1.0,1.0,0.8,0.8,0.3,174,17368.02966778809,44824.651914850125
13,94,1.1619629487891732,1.491540837122378,1.5631137380595412,1.8499941273664622,1.184619428533161,0.05814951213286591,1.0,1.0,0.8,0.8,0.3,176,17369.514218539407,44938.65681920501
13,95,1.1502048870358512,1.456975575805768,1.5024728615608431,1.8067320845545212,1.1378716353622667,0.04349811629733125,1.0,1.0,0.8,0.8,0.3,177,17302.180854113372,82089.11718042576
13,96,1.1631068295733713,1.4798741401144417,1.5381329635902945,1.8497820246209045,1.155717767675204,0.059860154156055355,1.0,1.0,0.8,0.8,0.3,179,31112.12926762365,67398.82645089919
13,97,1.1613695815718765,1.4765716059818,1.5454639374310848,1.8429490064081573,1.2379939130222233,0.05900318409435231,1.0,1.0,0.8,0.8,0.3,180,17397.07346400425,81755.83242926563
13,98,1.160998331188887,1.4526581873190494,1.5062620657711043,1.84126306022757,1.2414337851280484,0.05981647384551163,1.0,1.0,0.8,0.8,0.3,181,17472.492273537784,82048.1302582828
13,99,1.1605302628958927,1.4627593602147373,1.5292465956978525,1.8495943630877476,1.1520873494190962,0.05929296922147159,1.0,1.0,0.8,0.8,0.3,182,17478.458982110893,81825.9340576722
13,100,1.1607632496510436,1.4401656994638121,1.5024507627055386,1.8618927495624318,1.3204339799495586,0.06172432787574587,1.0,1.0,0.8,0.8,0.3,183,17773.3296742272,79297.43511503752
13,101,1.1606968127602064,1.4503611848820113,1.525473918142513,1.882198329864398,1.1528957190585112,0.06172432787574582,1.0,1.0,0.8,0.8,0.3,185,17728.14292960546,79121.75216803918
13,102,1.1601837351560587,1.4458013133888736,1.5201725560882984,1.8776710681291993,1.179382658738435,0.06143595161319815,1.0,1.0,0.8,0.8,0.3,186,17733.126365759068,79081.81512309524
13,103,1.159984260325111,1.4429175079655494,1.5167976668440102,1.8890875005854595,1.1691659361964772,0.06141675395089,1.0,1.0,0.8,0.8,0.3,187,17659.56596407249,79025.31092030503
13,104,1.1584484251840452,1.449812035583334,1.536185387320662,1.9225532963097798,1.1503709283866546,0.05973150652947122,1.0,1.0,0.8,0.8,0.3,195,17562.936636230854,78971.85348714238
13,105,1.1576018302717268,1.4414426049120552,1.5264427550366662,1.9201771756070796,1.175437157005697,0.05929295657983299,1.0,1.0,0.8,0.8,0.3,197,17737.923793477363,78509.32566747081
14,0,0.76329614878778,0.9397101206455801,0.8804113877081318,0.0072245257068444075,0.0,0.0,0.0,0.0,0.8,0.8,0.3,1,4304.572328407447,8181.892910831497
14,1,0.7828854301079554,0.9741651876268208,0.9137940780900285,0.05076106602253843,0.06258159942101381,0.05074867923527806,0.00011015451427447999,9.747862683178e-05,0.8,0.8,0.3,3,4330.2558755782575,8336.306807604697
14,2,1.2149375335053967,1.4601806145583138,1.4094605172738148,0.5599830922460007,0.6716846824165552,0.062030249070975915,0.455351707799028,0.4039334156447216,0.8,0.8,0.3,4,3305.359097243057,3310.493602041864
14,3,0.7951188859710691,1.1351340357775064,1.075278714245608,0.28697456228137014,0.6457690724728837,0.08149931604239562,0.21360659594318193,0.09098831308351812,0.8,0.8,0.3,5,4203.948190466429,6082.025936885833
14,4,0.7371560917024846,1.0857333858611808,1.024863423114199,0.24510240833546584,0.2628556435179776,0.08443111499272966,0.17213828093507016,0.04883337571326559,0.8,0.8,0.3,6,4170.279026630757,6445.554744287182
14,5,0.6291125379475391,1.041246223858948,0.9845641119965349,0.2411820403324011,0.5636877123307436,0.09536505623069899,0.13669089397628875,0.10009659133130473,0.8,0.8,0.3,7,2877.7146627936395,4448.67386536774
14,6,0.5843866688148236,0.9965388952397443,0.9398530905427734,0.19886642168771934,0.17114212393303124,0.0963942370819828,0.08915060431437474,0.0751758708391831,0.8,0.8,0.3,8,2893.104958968802,5061.862991598025
14,7,0.745551559149171,1.1634956311864852,1.0900461939809993,0.40410555974283524,0.5247296810106858,0.09846560779626028,0.2330346933195869,0.35307063131311495,0.8,0.8,0.3,9,2226.0478069508968,4770.159946788506
14,8,0.7366261670061531,1.165418653458406,1.088973640262254,0.4285119937371807,0.4515446795482639,0.09595682871732372,0.2541624865350126,0.36813640400558034,0.8,0.8,0.3,11,1730.0482366876724,5518.992440162861
14,9,0.7373405612421952,1.1718714345046408,1.0935452053615984,0.44741230818544264,0.4847073153416911,0.0988273221313984,0.298878625204846,0.2993646580403291,0.8,0.8,0.3,12,1687.9631850225455,4656.589012667911
14,10,0.8352365202994229,1.2738219875252976,1.1939740087286688,0.5694648371752545,0.5498435711092529,0.08405243326672648,0.4555339433128194,0.29046996416380766,0.8,0.8,0.3,14,2943.6628708295416,11910.472553596006
14,11,1.4912997143378859,1.9443021354580345,1.8761345723612086,1.258014117133819,1.1993894184785927,0.10724443389504776,1.0,1.0,0.8,0.8,0.3,18,3515.440741974317,6534.088504830117
14,12,1.4571078484546731,1.9186271400705222,1.84540430720206,1.2659103207902376,1.2924478137950486,0.11204873865318303,1.0,1.0,0.8,0.8,0.3,20,1949.666460038102,5511.893486191049
14,13,1.4477464039899952,1.9106194900647089,1.8361755531949158,1.2672959449003722,1.238558457216961,0.11095178450019653,1.0,1.0,0.8,0.8,0.3,21,1930.770667131443,5811.531865110198
14,14,1.4474790761068077,1.9105499799575416,1.8359046901080902,1.2770514040154772,1.1980864688146617,0.11233562149623699,1.0,1.0,0.8,0.8,0.3,22,1908.234921567829,7415.43106694553
14,15,1.4393009145518476,1.9032558360904879,1.827599908453313,1.2771776052126735,1.2090823613585169,0.11059379023548413,1.0,1.0,0.8,0.8,0.3,24,1941.6638609578945,6167.17460642643
14,16,1.438944231999724,1.9141452676026334,1.8514359129419615,1.2851638318660585,1.1895737598435185,0.11059379023548413,1.0,1.0,0.8,0.8,0.3,26,1938.034888491395,6140.352129360718
14,17,1.4338774599293738,1.9096292749168298,1.8461455197514913,1.2959685950757236,1.2042730241176556,0.11060110913395124,1.0,1.0,0.8,0.8,0.3,28,1850.0034828771256,6124.58182140575
14,18,1.4169482714924713,1.8938803432544662,1.8276172213366209,1.298053100923853,1.3024796912455583,0.11120162686879151,1.0,1.0,0.8,0.8,0.3,29,1729.4981735898589,5771.132083380557
14,19,1.1850837001460668,1.6955231477867996,1.6653913974202854,1.099033121675031,1.0029709719229798,0.11832824864619049,0.7238595335901324,1.0,0.8,0.8,0.3,33,3656.343658524528,22705.39882817308
14,20,1.180530134105012,1.6907357599420203,1.659823712567905,1.1037725474178814,0.9894316189229939,0.11796712541771023,0.7239325414965136,1.0,0.8,0.8,0.3,35,3575.9750870859743,22639.36843844926
14,21,1.1610403652690644,1.6711092432778034,1.6398375068801239,1.0946654879243825,0.9633264178362564,0.1195683052791758,0.7004229527861282,1.0,0.8,0.8,0.3,37,3443.595326985338,21548.14054653646
14,22,1.1513859256646146,1.6609853104371843,1.6287267624801889,1.093004492185836,0.9918779993323603,0.12297776214259115,0.6915615402982911,1.0,0.8,0.8,0.3,38,3476.993304715152,21735.919140364374
14,23,1.1464214757640334,1.6557945906455995,1.623139774951609,1.093145184910448,0.9649132894292787,0.12580635899899725,0.6851366268784853,1.0,0.8,0.8,0.3,39,3510.3637038564907,21883.839520411268
14,24,1.1751414245859997,1.7047265627770534,1.6952734900214759,1.1563956607288293,1.1058112827381097,0.11629982466291437,0.7482305393503265,1.0,0.8,0.8,0.3,40,3506.5045474255253,22755.076872506903
14,25,1.175656762445834,1.7160059298964472,1.7191108105128625,1.1627786580475583,1.0033085751371202,0.11557318233261224,0.752281120808113,1.0,0.8,0.8,0.3,42,3371.873027059873,22709.36493405676
14,26,1.1655676420177845,1.704620254316892,1.7065376674101198,1.160922687204623,1.0383114933214763,0.11882462387735152,0.7434644312535705,1.0,0.8,0.8,0.3,43,3393.002301165978,22904.34840933439
14,27,1.1725091625404895,1.7111773071836807,1.7127657273142167,1.1724572599149248,1.0117894431699554,0.11658681072173671,0.7563001884194276,1.0,0.8,0.8,0.3,44,5554.399878282394,22863.065220933644
14,28,1.2682398325118125,1.8069214359566508,1.8084764525536445,1.2902101315966406,1.0948617937241896,0.12460383178991649,0.8682071668531816,1.0,0.8,0.8,0.3,47,3466.500185221156,23215.702831441493
14,29,1.3554459801292924,1.875446366393241,1.8590274734287962,1.3788366744509173,1.4058139293313614,0.12877291085014675,1.0,1.0,0.8,0.8,0.3,48,3660.944726242889,27128.63738537221
14,30,1.354220110327886,1.8848398559684492,1.881111469318095,1.387787735849457,1.2091973817433335,0.1287729108501467,1.0,1.0,0.8,0.8,0.3,50,3661.310636257899,27120.48392730282
14,31,1.347669931268707,1.8961490899130231,1.9160784025597044,1.4188869341662635,1.2373639104456633,0.13200275432464703,1.0,1.0,0.8,0.8,0.3,53,2820.724884276351,27192.26385381192
14,32,1.3397951457518393,1.8706877392859977,1.8746401240110613,1.4067119644768629,1.3317190839432334,0.1359057843806431,1.0,1.0,0.8,0.8,0.3,54,3435.836079250417,27256.29900524713
14,33,1.3345419168946362,1.871736597042634,1.886720690286809,1.4266928895034072,1.249404816040024,0.13758272123301504,1.0,1.0,0.8,0.8,0.3,56,3394.5890149491424,27183.063774434664
14,34,1.3354716463690788,1.8613871685635093,1.8633407303386431,1.4320054653010377,1.2117033067877867,0.1388691378645157,1.0,1.0,0.8,0.8,0.3,58,3421.2832586874674,27267.068376286607
14,35,1.3209842670008802,1.8656682574356227,1.8922061875886378,1.4405951883772743,1.2590234791747437,0.1265510739135301,1.0,1.0,0.8,0.8,0.3,59,2766.3987424123143,27076.001416218605
14,36,1.320423605304837,1.86475506194827,1.8911590156088478,1.4403943446835747,1.203848046315668,0.12638792558109613,1.0,1.0,0.8,0.8,0.3,61,2756.447902746896,27105.440109269315
14,37,1.317608828641016,1.8355837855624497,1.8345248546840833,1.442158819174727,1.2624834599395152,0.128602691114274,1.0,1.0,0.8,0.8,0.3,62,2780.6490573798465,1314606690291.455
14,38,1.3079925289403527,1.8372560209771238,1.858362364018206,1.4521893653328433,1.361551089137593,0.13068123155311245,1.0,1.0,0.8,0.8,0.3,63,2747.194299502601,2889006318878.1914
14,39,1.3051934661507343,1.8101535209362911,1.804654767197481,1.454617279179777,1.227452577453756,0.12922187792342604,1.0,1.0,0.8,0.8,0.3,64,2734.978934943959,1314609033239.9993
14,40,1.3032442990118476,1.827381933845582,1.8468518901660773,1.4613853069179223,1.2463876936966498,0.13028243676918183,1.0,1.0,0.8,0.8,0.3,65,2674.6439140460207,2889001429544.107
14,41,1.3022432774902015,1.8142843833926798,1.820473896911991,1.4644411559673365,1.215329048144238,0.12995768156656934,1.0,1.0,0.8,0.8,0.3,66,2816.139046464496,2889001357201.26
14,42,1.3027361448305892,1.8135365505341359,1.8193391322806611,1.4722164331532694,1.22125179812182,0.13184872481226326,1.0,1.0,0.8,0.8,0.3,67,2938.3462535909057,2889001423689.562
14,43,1.78311026091451,2.310978575025855,2.3411491190645766,1.9348842207173274,1.75664287414308,0.7375600491292534,1.0,1.0,0.8,0.8,0.3,68,1725.9111646495628,36437295605473.12
14,44,1.462595819194107,1.9841820618486004,2.0124963411587355,1.6312463624385865,1.449795790711472,0.342612940074533,1.0,1.0,0.8,0.8,0.3,69,1313.4946616775103,36437358345154.78
14,45,1.7668646028684012,2.291032438830151,2.3298963609377727,1.9568827976283416,1.7173645486196352,0.7300593765697597,1.0,1.0,0.8,0.8,0.3,72,1388.189654543779,36437358025078.61
14,46,1.7696523044569445,2.289444839389387,2.327102215193735,1.9616952988552125,1.738721458475965,0.7368819148635353,1.0,1.0,0.8,0.8,0.3,73,1341.0186799862672,36437360638516.47
14,47,1.8074387116681614,2.3352333771692253,2.3950623116369587,2.0446690275759156,1.7665519400520397,0.7940588179408115,1.0,1.0,0.8,0.8,0.3,78,1620.8058055825672,38196830173266.5
14,48,1.8063422705466776,2.3200187073910694,2.3661011043700504,2.0410324532047164,1.7657017909079231,0.7944896492522172,1.0,1.0,0.8,0.8,0.3,79,1606.9831676852918,38196826214322.1
14,49,1.8008596015710943,2.319682313005165,2.377228942328524,2.044318480312293,1.7957346588255658,0.7912787971454673,1.0,1.0,0.8,0.8,0.3,80,1540.3141529513146,38196871363133.766
14,50,1.793967897762643,2.281391133960198,2.3106926368959697,2.0475635181695733,1.7767381301813958,0.787803694728001,1.0,1.0,0.8,0.8,0.3,82,1454.6583322814267,38201020809472.78
14,51,1.7924947103905973,2.2874567938436945,2.3288787893024114,2.0574153921787808,1.7475983928022296,0.787803694728001,1.0,1.0,0.8,0.8,0.3,84,1427.76188638326,38201017014683.01
14,52,1.7910516218662074,2.2936275970476268,2.347188037001461,2.0929461940395555,1.7476248321449672,0.7878036946940867,1.0,1.0,0.8,0.8,0.3,86,1374.5602600215234,38201008550797.25
14,53,1.4996282354086607,1.982692435663503,2.0212779140739796,1.7853711437570374,1.4621736763141702,0.4275520834099704,1.0,1.0,0.8,0.8,0.3,90,1353.6055918572251,35321.8418666557
14,54,1.4895742872378943,1.9928344304261578,2.056901623837378,1.7856478640408204,1.4539889521289417,0.41601027690427805,1.0,1.0,0.8,0.8,0.3,91,1357.485837602533,35144.66664938774
14,55,1.4970834480042707,1.970578622864373,2.0069357176628353,1.810712014424828,1.512632606536237,0.42867433926741116,1.0,1.0,0.8,0.8,0.3,92,1929.6788095269176,35386.42619524431
14,56,1.4628770340465291,1.949403004923763,2.00962014099684,1.7843070845949367,1.4991831947630487,0.38982247801763836,1.0,1.0,0.8,0.8,0.3,93,1285.9574727063125,579961.6451604033
14,57,1.4611310175502217,1.9347077953255312,1.9920295401258363,1.7774693093790674,1.5321491810342802,0.3925870651749408,1.0,1.0,0.8,0.8,0.3,94,1387.316409990226,579438.3357168108
14,58,1.461131017550222,1.945912143986001,2.016234436878653,1.7992840247887714,1.4140705354733918,0.3925870651749412,1.0,1.0,0.8,0.8,0.3,96,1387.3164099902276,579438.3357168108
14,59,1.4650943463256718,1.9481067264106908,2.0180384410074144,1.8148712478720255,1.4238524910228507,0.39818027630165964,1.0,1.0,0.8,0.8,0.3,99,1373.5702243121862,579777.4738386119
14,60,1.7521045838127984,2.2213428020098593,2.2777077806073502,2.1400666245591715,1.7120993350861011,0.7578638804919731,1.0,1.0,0.8,0.8,0.3,103,1545.563959646012,97205094523621.36
14,61,1.439947188700768,1.9197533528082733,1.9995404561564711,1.840694980066626,1.4502306675651448,0.3716900621432787,1.0,1.0,0.8,0.8,0.3,105,1215.2390127065055,652240.5041380601
14,62,1.4094437974279201,1.8361138406093322,1.8941059473720037,1.8220170058939218,1.7345994189147806,0.3453363351161856,1.0,1.0,0.8,0.8,0.3,106,1404.435529436606,751416.623959521
14,63,1.3655527990464438,1.7864259534940827,1.8432367637322276,1.786227145160868,1.35737039698748,0.29184887184063785,1.0,1.0,0.8,0.8,0.3,108,1341.9275687928755,751080.4015345972
14,64,1.3642245158510458,1.7816670430629704,1.8377808761140393,1.792816228392622,1.347003712624294,0.2909875049172884,1.0,1.0,0.8,0.8,0.3,110,1371.6836920838882,751315.2149895749
14,65,1.406366675827775,1.8223583537680967,1.8996838022818296,1.8508898736381463,1.5751143043040214,0.34879837024185006,1.0,1.0,0.8,0.8,0.3,111,1467.7432312464073,597059.1588908078
14,66,1.4316607202746492,1.825870730180469,1.8881067474126032,1.8964545596477274,1.4271199746315093,0.38244134421614706,1.0,1.0,0.8,0.8,0.3,115,1592.4874520029152,602658.007395537
14,67,1.4324356432060052,1.8344151413964491,1.9089768956312874,1.9240842454868294,1.4209362158873329,0.38404234550287797,1.0,1.0,0.8,0.8,0.3,117,1567.8953211746375,603507.9742830402
14,68,1.4316152221451326,1.8187322440538956,1.8795762896680113,1.9043899621427802,1.4361176593405285,0.38367803307563375,1.0,1.0,0.8,0.8,0.3,118,1480.068058054053,599555.6433862206
14,69,1.430511675221189,1.8381471258975524,1.9246224560122445,1.9219981021514827,1.421152740906244,0.38263487039524746,1.0,1.0,0.8,0.8,0.3,119,1603.6701363531986,602756.907473665
14,70,1.42096554463538,1.8334665560235937,1.9533764758267578,1.916057485328152,1.4327571448625076,0.37540233511505117,1.0,1.0,0.8,0.8,0.3,126,1411.3150066669857,282447.3364866665
14,71,1.413145131173637,1.7598481755823199,1.8346316295914427,1.8947844257182662,1.6477793537113834,0.3700991136477011,1.0,1.0,0.8,0.8,0.3,127,1442.279387366562,282294.3285402992
14,72,1.412839633556712,1.7555314295528708,1.840462027462033,1.9134281925613326,1.4258591879907467,0.3715263859912508,1.0,1.0,0.8,0.8,0.3,131,1416.6395399251255,281707.48711789737
14,73,1.4108748004274232,1.7645351917339538,1.862422122921905,1.9228354536377699,1.396184678460693,0.3690979215264319,1.0,1.0,0.8,0.8,0.3,133,1432.2569054517226,282735.07704642764
14,74,1.4129340209302081,1.783764354286812,1.906673138766408,1.9515727244360728,1.417751061086807,0.3722704725230434,1.0,1.0,0.8,0.8,0.3,135,1512.8164483662308,281768.2960692013
14,75,1.3959282631958876,1.7574333687052317,1.8786020044750817,2.104583368724783,1.3836501730100423,0.3520581424146279,1.0,1.0,0.8,0.8,0.3,171,1483.6486113442138,292646.46168639854
14,76,1.3931503362348632,1.7777640549235334,1.9359875958787798,2.1467768783060146,1.3884183373255152,0.3496651451697101,1.0,1.0,0.8,0.8,0.3,180,1523.488534788274,294757.8667968599
14,77,1.396870574881188,1.768717714897782,1.9136515740402609,2.1330504920696405,1.3894765960132247,0.35447364374211643,1.0,1.0,0.8,0.8,0.3,182,1481.881921694045,284444.0764119406
14,78,1.394337943658663,1.7489679157382063,1.8797875794287418,2.1329295812875766,1.4047880711097567,0.3519201379855769,1.0,1.0,0.8,0.8,0.3,184,1583.7348338460904,283679.1961130816
14,79,1.3937813385243643,1.7522039373361886,1.894659541267618,2.144813792796506,1.4088220213678648,0.3519201379855768,1.0,1.0,0.8,0.8,0.3,186,1595.5826180603267,283760.4624711008
14,80,1.3953752204954404,1.7413746875955503,1.8706053286762123,2.1376575460583247,1.3923805931822795,0.3540268543503208,1.0,1.0,0.8,0.8,0.3,187,1597.3631792996937,283581.28221274214
14,81,1.3951216467581533,1.7508349942892483,1.8927919162146793,2.15871742197755,1.386804441589682,0.35384858590946977,1.0,1.0,0.8,0.8,0.3,190,1594.387389911896,281380.6791861908
14,82,1.3945369481395522,1.7815227346091713,1.9620507338597757,2.2185513473447296,1.386177954234851,0.3533336456061712,1.0,1.0,0.8,0.8,0.3,195,1488.027597520791,282986.1377744944
15,0,0.8273831469654326,0.9576985232488611,0.9014803065204691,0.008878385824255637,0.0,0.0,0.0,0.0,0.8,0.8,0.3,1,3368.542604888486,8213.391414843176
15,1,0.8550926061403761,1.0015775166876124,0.9443173467430388,0.06167758663892908,0.07120935769678517,0.06230900095497295,0.00010561808353773999,0.00010474096353469001,0.8,0.8,0.3,3,3342.601517547411,8174.839370466012
15,2,0.7842524174687858,1.0552425879947827,1.002274807405941,0.16696364262537963,0.4984154861644364,0.11608012971452597,0.03860758386293055,0.0650739631394484,0.8,0.8,0.3,4,2923.2399404604494,46118.28535542564
15,3,0.7929136591728847,1.1332072979119336,1.0731306471209454,0.2862007400215145,0.558067004981826,0.10170413855924991,0.207464191652388,0.051374384373826854,0.8,0.8,0.3,5,3339.172579864451,5426.904983220748
15,4,0.7460977174980699,1.0915527161703245,1.0308185194604218,0.2501739866134831,0.2515574931154258,0.10072878416806079,0.1689993470055729,0.03049863694092097,0.8,0.8,0.3,6,3219.9818159131028,5763.232747395307
15,5,0.6496202403263368,1.0560083725765614,1.0004349433492146,0.25006563892027905,0.5384828935723583,0.09958111202458104,0.15665457402167943,0.06324528200564863,0.8,0.8,0.3,7,2889.8448875048043,4154.283845552472
15,6,0.717125132811399,1.1439269509703966,1.0840441619016017,0.36168510419608346,0.3956253974548674,0.0705742015014639,0.25053833422629423,0.2671793144931843,0.8,0.8,0.3,10,2816.8792081072365,37909.04236678792
15,7,0.5300404903499283,0.99836149231401,0.958974053860833,0.24406426460938016,0.42576267526087597,0.07538109515968158,0.1113071681385446,0.17289205960200144,0.8,0.8,0.3,11,2190.701603139966,39558.00786454717
15,8,0.5329607311405501,1.0129439663740045,0.9863932076426187,0.2607121749478008,0.20889165428447734,0.07733072162516388,0.11192052358510059,0.18050692243654456,0.8,0.8,0.3,13,2198.636521431804,39179.83226142703
15,9,0.5043303189903321,0.9663166559221138,0.9120642906263169,0.2500068231942273,0.2606205900811432,0.039585948605033325,0.12150348493877934,0.20797516032859842,0.8,0.8,0.3,14,2093.687887155853,38331.39282179573
15,10,1.199871656327217,1.6512633107571022,1.5837548622115898,0.94845604443284,0.894123823363923,0.10176507946881479,0.8004164172546041,0.5572092187367299,0.8,0.8,0.3,16,2354.4550657140035,45703.97757069453
15,11,1.017139093446695,1.486062244228668,1.4284374920119562,0.7940148727782576,0.7942601173090428,0.10600122943431381,0.6430704522573902,0.438148585383581,0.8,0.8,0.3,18,2702.4200287643616,47697.09308123511
15,12,1.2878313851452166,1.7639081500026481,1.6999071517058943,1.1188236012714126,1.175835932305398,0.08297499745472392,0.9696327787929189,0.6789799212971197,0.8,0.8,0.3,20,1884.086622877804,44315.197966601365
15,13,1.2507869322216563,1.7386527968890173,1.6864230112802838,1.102440193228987,1.0290707911977095,0.08518314061255623,0.9427581100076073,0.6471515064747493,0.8,0.8,0.3,24,1948.749068692178,44923.9584496242
15,14,1.0094977448773812,1.4974851874015553,1.444760750914933,0.8712309033014143,0.7881887600198273,0.07236023939173325,0.7043051230170623,0.522955537562354,0.8,0.8,0.3,26,2494.11125986829,46195.39912125577
15,15,1.0090935076160017,1.4971117175100916,1.4442697396362725,0.8796077835038348,0.7809257165071775,0.07264553375611296,0.7043823034939348,0.5230315472750359,0.8,0.8,0.3,28,2501.567275598407,45857.36021629085
15,16,1.1794131218310182,1.6673421411875595,1.610829049698879,1.0775368069894145,1.1199170198348616,0.05293500752338444,0.9375563863570837,0.5926854468825394,0.8,0.8,0.3,29,2766.015544187833,50166.62167410158
15,17,1.1993063019910954,1.6854702605288339,1.6256042648087186,1.1196250172997622,1.0763674736495803,0.05059909698964371,0.991952004399443,0.5795490150166025,0.8,0.8,0.3,31,2546.8290081243317,46171.81423447263
15,18,1.3166775847849905,1.7913516123903122,1.7181490884013852,1.2483441083820102,1.1404751526197625,0.08194832792653019,0.9722303005027255,0.9453673479736364,0.8,0.8,0.3,32,2193.931737023216,47828.214579493615
15,19,1.1858685001621734,1.6685888672868225,1.605239838973794,1.124294600786747,1.1397943972600177,0.04991493218841374,0.995587882501322,0.5832002777929188,0.8,0.8,0.3,33,2467.99418115364,45810.407725826015
15,20,1.191818936902594,1.6730860851583091,1.6086007118832064,1.1300341314261695,1.0456189284767183,0.07544219270558329,1.0,0.5404686682512911,0.8,0.8,0.3,35,2365.4090048020707,45132.45843905847
15,21,1.2741008772736981,1.7535672035726229,1.6877996104881887,1.2375276726722808,1.1628468254645745,0.06801724295774132,0.9782327139175797,0.9115430355142404,0.8,0.8,0.3,36,2217.7653399257256,46568.13949360143
15,22,1.186528554154481,1.6756512349625534,1.6218851917102275,1.151109430421908,1.0678300665280802,0.07648995806885203,1.0,0.5532768544501155,0.8,0.8,0.3,37,2289.8543050965677,45113.91531124948
15,23,1.2100237946685086,1.6852729425528439,1.6168971609253908,1.1861585728514097,1.1234555295227695,0.06160767612730097,1.0,0.6937067265829746,0.8,0.8,0.3,38,2086.747462905285,47648.36810571245
15,24,1.1644329818303492,1.6452815142788273,1.5870113294774177,1.162217004456299,1.0819165094305088,0.057438810687189944,1.0,0.5905176877169717,0.8,0.8,0.3,40,2164.403833617937,45945.30415015891
15,25,1.164470200073438,1.643937998327405,1.58500941165886,1.1675041212311204,1.0390412318840396,0.057585823717561324,1.0,0.5984622174496788,0.8,0.8,0.3,42,2198.132181887151,45374.1165444345
15,26,1.1566765866547668,1.6432395874551387,1.5954602747576176,1.1807403376013392,1.062256426125228,0.0568427736577759,1.0,0.5968003588956659,0.8,0.8,0.3,44,2118.1379883299155,45574.16285966993
15,27,1.156556186865693,1.6542447621320044,1.6194320384235277,1.1898378223676356,1.0252100424231296,0.0568427736577759,1.0,0.5968003588956659,0.8,0.8,0.3,46,2140.1537482271974,45345.24480173785
15,28,1.1575958819390406,1.6432183123002915,1.5950343451663795,1.1924169252024215,1.0419621218232833,0.057711948364133195,1.0,0.6022868507345691,0.8,0.8,0.3,47,2140.812664595139,45782.66855254931
15,29,1.1524843451035425,1.6242456915407295,1.5619508871319139,1.2030208102083375,1.0708571573442522,0.055555545353115056,1.0,0.6037546778905798,0.8,0.8,0.3,48,2111.4106088893086,45146.32419117032
15,30,1.2566466314687492,1.750207488631434,1.713665517173785,1.3143528706887537,1.1407084547861013,0.06559938031674813,1.0,0.9269830015602916,0.8,0.8,0.3,49,2098.4461842203536,46142.46052964362
15,31,1.2822462638531655,1.7745475884547894,1.737483680000887,1.3711135877870864,1.1596349233635592,0.07245201255848494,1.0,1.0,0.8,0.8,0.3,62,3367.7853314496447,62466.64682343488
15,32,1.2674891085628965,1.7380711297761504,1.6840840399173886,1.3606700552094138,1.2354413246778138,0.06949270776681142,1.0,1.0,0.8,0.8,0.3,64,3241.9160415404613,64512.22639097038
15,33,1.2629069820294418,1.7394017715539436,1.6965920080522325,1.3803053513636427,1.193575466936985,0.07045932845842179,1.0,1.0,0.8,0.8,0.3,66,3235.078347643994,64805.071562166944
15,34,1.2546372910182917,1.727002613072017,1.682832557557031,1.3846992049853828,1.1795249467799285,0.06488894699146543,1.0,1.0,0.8,0.8,0.3,68,3037.188819240348,61199.6007187384
15,35,1.2444397131066713,1.7257897279786123,1.693898939218929,1.393637541900027,1.1733509643389397,0.054632051887186284,1.0,1.0,0.8,0.8,0.3,69,3008.964949887708,63524.77421700696
15,36,1.2438463514235953,1.7020096117497,1.6534366226805026,1.3900588284653868,1.3025419739381507,0.06578480226379715,1.0,1.0,0.8,0.8,0.3,70,2929.2962644071986,60776.05310508944
15,37,1.2437989459166419,1.70148655769443,1.6527727343326895,1.3972895633572704,1.1557988567879016,0.06615891051137653,1.0,1.0,0.8,0.8,0.3,72,2968.112116158837,63342.71830012302
15,38,1.2300776399612627,1.7422002386979758,1.7573777638722163,1.4056125544774325,1.2276620014486712,0.055135684643911165,1.0,1.0,0.8,0.8,0.3,73,3590.5249597957927,651100654732326.1
15,39,1.2362686815044346,1.6854222445789862,1.6342411446149707,1.3880450154701471,1.168335642072938,0.06408688185991132,1.0,1.0,0.8,0.8,0.3,74,3036.93134477536,56965.8944633379
15,40,1.2129241476861268,1.7001986341933952,1.7192648020006636,1.4103377892796856,1.4604219795750373,0.055135684643911165,1.0,1.0,0.8,0.8,0.3,75,3178.459818011984,651100779804639.2
15,41,1.211887741821069,1.7082848616958322,1.7398270486898155,1.4209886727939425,1.1547473710803995,0.05506614861299217,1.0,1.0,0.8,0.8,0.3,77,3175.9114523613466,816828582186521.2
15,42,1.211563408734175,1.7070467530131646,1.7383598470522819,1.428291427227341,1.1488254066692474,0.05519118955114449,1.0,1.0,0.8,0.8,0.3,79,3176.5565781330856,816828576367938.6
15,43,1.2076805049453214,1.6817205277949068,1.6975064172925587,1.4275666170714683,1.2478287926597345,0.05598060234647791,1.0,1.0,0.8,0.8,0.3,80,3045.908841144874,1337794127638454.5
15,44,1.2051716872341207,1.675689396198288,1.6906224127139697,1.4333830709147175,1.161125171863679,0.05466715707426408,1.0,1.0,0.8,0.8,0.3,82,3046.632245233238,1337794109151045.8
15,45,1.2023381070357744,1.6690456720784483,1.6830646462206753,1.4425746777290243,1.1797056668223715,0.053033975551221565,1.0,1.0,0.8,0.8,0.3,83,3021.324815692308,986861468219237.0
15,46,1.2055831239285584,1.6715652200830065,1.6854110711747026,1.4583263645000892,1.1465999440443864,0.057447054081649164,1.0,1.0,0.8,0.8,0.3,94,3016.957695541044,1484513534458434.8
15,47,1.1961370683931425,1.6680115602190642,1.693598047137235,1.4812840350079894,1.1901442683864303,0.04819573963045989,1.0,1.0,0.8,0.8,0.3,95,3150.25133872215,1484513349419829.5
15,48,1.1978931703148143,1.669714818084146,1.6952908181654773,1.4653319612099514,1.1405344369063357,0.05040110500059567,1.0,1.0,0.8,0.8,0.3,96,2973.5309295653124,1484513599408392.5
15,49,1.1933139364064436,1.6604666526396386,1.6849492783832318,1.4728748539589334,1.1820902430096574,0.04682132101653872,1.0,1.0,0.8,0.8,0.3,97,3165.41595510705,1484513424530229.5
15,50,1.1927644626336094,1.6556133106697841,1.6790887344508942,1.473385312333275,1.1806726153325842,0.04810591593832044,1.0,1.0,0.8,0.8,0.3,98,3231.893570748024,1484513449304015.8
15,51,1.191980881045003,1.6513816002292823,1.6740740556271954,1.5169035275767744,1.144980403628292,0.04853120349877496,1.0,1.0,0.8,0.8,0.3,103,3030.016640614242,1484513443632672.8
15,52,1.1872895210663819,1.6360229400204445,1.65629644240595,1.5176187962002274,1.2362459411448001,0.04698883980142262,1.0,1.0,0.8,0.8,0.3,104,2900.8960751400045,1484513452826714.2
15,53,1.187199488305935,1.646846721052157,1.680055545127682,1.5394792840542395,1.1389179196270647,0.0469888398014226,1.0,1.0,0.8,0.8,0.3,106,2883.236898406712,1484513460553493.5
15,54,1.188396516029073,1.6426935110861234,1.6747071177930593,1.5458139049337243,1.1648281604585913,0.050521660720097575,1.0,1.0,0.8,0.8,0.3,108,3048.024741197852,1484513499444346.5
15,55,1.1882383118213398,1.619263867621955,1.6250853290042275,1.5534674268299151,1.1412846698136252,0.05064033704425912,1.0,1.0,0.8,0.8,0.3,118,2190.33322982556,1484517494332789.2
15,56,1.183880232439776,1.6099729665448177,1.6147042028865075,1.5720709859872002,1.1598152721467707,0.046983839566396804,1.0,1.0,0.8,0.8,0.3,120,2130.8012726513816,1484516915618988.5
15,57,1.1836215236525698,1.608121075645365,1.6125020606406169,1.583215696709124,1.1449257336825953,0.047225540712306106,1.0,1.0,0.8,0.8,0.3,122,2146.2632481441183,1484516940149761.2
15,58,1.1846760755190122,1.605104788299127,1.6085950376766462,1.5922425353895655,1.1762905405185848,0.04995697259941907,1.0,1.0,0.8,0.8,0.3,123,2263.500710399142,1484517685059559.2
15,59,1.1818718065555482,1.6202935502801579,1.648824849110717,1.6014342257915049,1.1774950086153648,0.047938404339174616,1.0,1.0,0.8,0.8,0.3,124,2857.378567053273,1484520106041980.8
15,60,1.181659178438581,1.6469061132828657,1.7235909087151997,1.5875807402085524,1.2995857200253318,0.05327423101197121,1.0,1.0,0.8,0.8,0.3,125,3538.552996603185,14318707.559040274
15,61,1.1810832432240919,1.6425878886679144,1.7184837397478994,1.5950968884425623,1.1589950475206556,0.05363475817053472,1.0,1.0,0.8,0.8,0.3,127,3513.105155031732,14318292.98500728
15,62,1.1798356941994104,1.6616691505190408,1.7631290372080324,1.6309824592849822,1.1599653266473489,0.05266481204281942,1.0,1.0,0.8,0.8,0.3,128,3508.864948015362,14317815.93452369
15,63,1.179472214817375,1.6583910944908065,1.7592406440751962,1.638739335001425,1.1548742375282628,0.05302258450770695,1.0,1.0,0.8,0.8,0.3,130,3483.3505920666817,14317399.748443255
15,64,1.1794048051309607,1.646811307145364,1.7345961211804506,1.612693242651789,1.1437216445165737,0.0530225845077069,1.0,1.0,0.8,0.8,0.3,132,3476.87852888123,14317760.656584289
15,65,1.1802782802281155,1.580379504490259,1.6008193218342415,1.641579621859478,1.1775158845788447,0.05710584847806751,1.0,1.0,0.8,0.8,0.3,135,3221.0055363039205,1.2525928192291344e+36
15,66,1.1756579705622054,1.594056324249432,1.639651105214935,1.66423212337797,1.1533952425643723,0.052367318371491264,1.0,1.0,0.8,0.8,0.3,138,3114.092460672212,435042084776164.3
15,67,1.179827346712067,1.653073724986254,1.7634304224325634,1.683895142946641,1.1512148865585659,0.057870049352467236,1.0,1.0,0.8,0.8,0.3,140,3341.567865370534,14318210.406735158
15,68,1.1736287444311289,1.5863530918253683,1.6307862142522247,1.6853338636537607,1.1785169236332014,0.05121749044596182,1.0,1.0,0.8,0.8,0.3,141,3165.729377163449,6.194368539097174e+36
15,69,1.1777885081219797,1.634707713620895,1.7310158284405734,1.6631781033537352,1.1469840284451955,0.05656629468293282,1.0,1.0,0.8,0.8,0.3,144,3342.445497787002,14316189.292701757
15,70,1.1769426357796964,1.6440604954591465,1.7531641883871394,1.6886915205407356,1.1487807545714686,0.055748632916061545,1.0,1.0,0.8,0.8,0.3,146,3350.786802069037,14314387.975224923
15,71,1.1684096522998149,1.620567755213969,1.7481868234611524,1.7056686435069988,1.2441709322828143,0.053009405557114565,1.0,1.0,0.8,0.8,0.3,149,3529.802957891226,14325739.164199805
15,72,1.166327769080546,1.6574248099333913,1.8467000130051854,1.7553446237362347,1.2110217122596614,0.05348035330472143,1.0,1.0,0.8,0.8,0.3,151,3277.170659225392,14325023.410882857
15,73,1.1658752139372803,1.6229453847730457,1.7731380964573262,1.7432560374779207,1.144054714132662,0.05298635304222149,1.0,1.0,0.8,0.8,0.3,153,3515.00538165028,14325315.54783018
15,74,1.1642465127333053,1.666106575358528,1.8791244336141408,1.7971634648964074,1.1866377007037723,0.05280675487402435,1.0,1.0,0.8,0.8,0.3,155,3253.0062762415578,14317426.929726971
15,75,1.163338214212646,1.6361682515770322,1.832760157364678,1.7808204023606051,1.2134498013866148,0.054390322446797625,1.0,1.0,0.8,0.8,0.3,157,3427.363612087998,14315224.474353423
15,76,1.162986799184922,1.5671838981225794,1.6855034078626054,1.7331618348500184,1.1470355644366919,0.05415709475743319,1.0,1.0,0.8,0.8,0.3,160,3221.010912417739,14290536.489455452
15,77,1.162511069515828,1.5624721084332096,1.679984656232872,1.7327126047841048,1.1596090619522188,0.05415709475743319,1.0,1.0,0.8,0.8,0.3,162,3164.09806914482,14294124.807157282
15,78,1.1610493520824137,1.5919947013912863,1.7480076592857208,1.7862038457219762,1.1525539800199907,0.05270310245601654,1.0,1.0,0.8,0.8,0.3,164,3251.1974873107333,14289708.726968495
15,79,1.1610531456948434,1.5645536207760775,1.6936096619117833,1.7548268984243187,1.1813479845875623,0.053388414296107745,1.0,1.0,0.8,0.8,0.3,165,3193.9696779849373,14291729.520041356
15,80,1.1619508156307132,1.5705705508866428,1.7114745532588735,1.7914477827418183,1.1912541034872342,0.05531603632611585,1.0,1.0,0.8,0.8,0.3,166,3100.840601841836,14296363.225343153
15,81,1.1603903786746845,1.5631319074119163,1.702926231572852,1.7898091432352772,1.1885554384551043,0.05411868498320384,1.0,1.0,0.8,0.8,0.3,167,3110.037238302344,14291289.775771746
15,82,1.1592285582489268,1.5898259471539302,1.7675379512305438,1.860576890993358,1.150073646365217,0.05338132297044781,1.0,1.0,0.8,0.8,0.3,173,3158.04304989647,14288893.738234255
15,83,1.1600846233419142,1.5790502636100545,1.7436814455400176,1.8131404192931122,1.1444198347746182,0.05450356360546933,1.0,1.0,0.8,0.8,0.3,177,3160.9353135524298,14290895.742394438
15,84,1.1542966181484824,1.5635556560527564,1.7263664531337612,1.8195270136660426,1.2129878146218136,0.048422260442721736,1.0,1.0,0.8,0.8,0.3,178,3142.582838700493,21747248.22625138
15,85,1.153862897978427,1.5623101478077315,1.7249690146061096,1.8150801205712888,1.144586200078683,0.047974081817702005,1.0,1.0,0.8,0.8,0.3,179,3071.5498670610264,21732412.297882013
15,86,1.1589834949904605,1.51060776965459,1.6190242915304136,1.8355860081188913,1.2361073291716778,0.055718711505336346,1.0,1.0,0.8,0.8,0.3,180,3306.8941585694656,17498456.22675129
15,87,1.158051582315341,1.5457080525643694,1.7044954363120992,1.8301371597346154,1.2107237688583081,0.05547980595224087,1.0,1.0,0.8,0.8,0.3,181,3329.167921242867,17505717.262210324
15,88,1.1566259868895228,1.4955361440826969,1.6015932342389811,1.8409056330785796,1.1729973371276603,0.05410003570650688,1.0,1.0,0.8,0.8,0.3,182,3334.145624422066,15994833.195729798
15,89,1.1573499082700751,1.4864011338056888,1.5906365172755923,1.8572088337613335,1.219103809052744,0.05597805961970759,1.0,1.0,0.8,0.8,0.3,183,3340.2472594385654,17539334.644743856
15,90,1.15726428597941,1.4860162549868703,1.59019648476755,1.8650051467779347,1.1458453954388943,0.05589979688920251,1.0,1.0,0.8,0.8,0.3,185,3352.2272646865395,17535693.19785607
15,91,1.1514796444256508,1.5229895284444341,1.6897323131734288,1.86610857488296,1.160327226744151,0.04989989428439595,1.0,1.0,0.8,0.8,0.3,191,3403.2890793457686,16366837.870774578
15,92,1.1515420063031134,1.5199179010541162,1.6860857867336516,1.8739288082869658,1.1460570632505944,0.05025669088559779,1.0,1.0,0.8,0.8,0.3,195,3372.9299261932247,16368111.604493609
15,93,1.1486208740126207,1.5155571761360622,1.6924122463444302,1.8922961924032304,1.1729286404475043,0.04768525926064307,1.0,1.0,0.8,0.8,0.3,197,3314.758956178784,21732175.81604992
15,94,1.150507213682125,1.5036518695927157,1.6670340760750575,1.895965460858622,1.1947259503001422,0.05025699436569594,1.0,1.0,0.8,0.8,0.3,198,3391.578573033542,15825129.129988324
15,95,1.1504780914344614,1.4988994912879654,1.6614187261924993,1.911497250426421,1.1559312251242693,0.050615078157236,1.0,1.0,0.8,0.8,0.3,200,3405.2726760333085,15830535.917431053
16,0,0.9354642426978547,0.9851284565341248,0.9336077912775809,0.011411981210888222,0.0,0.0,0.0,0.0,0.8,0.8,0.3,1,2070.5566563444672,6933.691568460121
16,1,0.9500071089441059,1.0262739581004274,0.9732832508399386,0.0637363423445746,0.07962027028439692,0.0620270319284935,0.00010064936599677,9.166258945734e-05,0.8,0.8,0.3,3,1866.229217607382,7653.741089204409
16,2,0.913190187890459,1.0010598249383507,0.94742744947641,0.0442633409307366,0.05507301075858821,0.02048412559105747,0.01453053970713597,0.0008343362701976701,0.8,0.8,0.3,4,2043.0701067656355,6518.057394978125
16,3,1.4362746195587588,1.704492100210181,1.637741866155883,0.8186581391159878,1.3426294569549946,0.00539817212518247,1.0,0.013244895786152188,0.8,0.8,0.3,5,2084.623694761413,35156022.36515744
16,4,0.7320383130213124,1.0531238282973197,1.00945450323304,0.17897914044399396,0.19237720825774515,0.07482986646963155,0.08623411379854069,0.07571960473602805,0.8,0.8,0.3,8,970.2182710990484,6078.066978266657
16,5,0.7341788609070439,1.0566540950789167,1.0128418873501177,0.18326788624691703,0.16190411649351313,0.07481758771484198,0.09036621686294488,0.07928141992916682,0.8,0.8,0.3,9,969.8508977864624,6028.655495627337
16,6,0.6816048352165232,1.0845184844684468,1.0445176134363936,0.26085993294780974,0.5976883403923021,0.07780605889445061,0.13791779804689736,0.1789002232152345,0.8,0.8,0.3,10,851.8073871855888,57427.1991474644
16,7,0.6850376455462158,1.0881116402289435,1.0480839507857445,0.26459501140105646,0.23108161085941506,0.07704354395516272,0.14202030619211317,0.1824933429177176,0.8,0.8,0.3,11,852.7496143385579,57344.46800296349
16,8,0.6789619753098904,1.0944132428161235,1.067188674264773,0.26724675662391484,0.23420791969761343,0.07780605889445061,0.1379177980468974,0.1789002232152345,0.8,0.8,0.3,12,820.1653667364378,57744.294730828864
16,9,0.6681396646659854,1.0771400678944074,1.036117399286722,0.2695841200067527,0.25746189437335654,0.07579543479934835,0.13811665602744347,0.1790240721875555,0.8,0.8,0.3,13,814.8347690167998,56820.41022986921
16,10,0.9513252685800887,1.389965685641368,1.3736466747922758,0.586933472151297,0.5404142068553748,0.07280741245345282,0.47559860278856425,0.28034931482780906,0.8,0.8,0.3,16,1795.5940139428542,24700.01221158496
16,11,0.9403509238615907,1.3845312680918733,1.3671597275092024,0.5945025039121444,0.5450046885362392,0.07343117522213356,0.47575264537384865,0.28064772305525887,0.8,0.8,0.3,18,1778.5440261554645,24840.72537431295
16,12,1.06005344473975,1.5403466027113988,1.5303408251833415,0.7757344332248683,0.9326739943478094,0.0701944941218279,0.6734098862936279,0.35390172166217415,0.8,0.8,0.3,19,1397.1621295254995,28684.761724169814
16,13,0.9025705341288108,1.3846644504174108,1.37403053910898,0.6262040540052698,0.5728366257153152,0.07912323433924391,0.49091767335173897,0.31002511314399234,0.8,0.8,0.3,20,1700.1474962946377,26727.85096158008
16,14,1.008943358239676,1.5097511523832212,1.5097581263210142,0.7592155257992566,0.7729361798802966,0.07233755707200346,0.642938185669135,0.34827032549447806,0.8,0.8,0.3,21,1515.2629216331147,27392.731347696885
16,15,1.0089433661539777,1.509751158658748,1.509758132596541,0.759215532077355,0.6767023309429561,0.07233755646543003,0.6429381938540281,0.3482703262040486,0.8,0.8,0.3,22,1515.2629162967096,27392.731312391104
16,16,1.0182593120678223,1.52096292581205,1.5203012319581113,0.7799308341416268,0.7190991994787065,0.07421803861585742,0.6528585804170954,0.3671888799384102,0.8,0.8,0.3,23,1494.3460341380426,28533.617609998928
16,17,1.0066999259675318,1.5114140065236057,1.5100092811769419,0.7852670394510284,0.7018162214575128,0.07281091641362837,0.6477170436371983,0.36728529118356124,0.8,0.8,0.3,25,1428.5992664950531,28533.37932667864
16,18,0.9922908221059866,1.5154174505895572,1.5238030290380649,0.8000737761476732,0.7635862459960093,0.08021366447921133,0.6523410766977281,0.37369336235418776,0.8,0.8,0.3,27,1365.746054266239,104231.37532758217
16,19,0.9901812507795795,1.5138134589035768,1.5219243818635044,0.8060932534088289,0.7092853194762943,0.08021366447921122,0.6523410766977304,0.3736933623541875,0.8,0.8,0.3,28,1403.6591731256417,103789.52629873928
16,20,0.9867031320726374,1.510821715920953,1.5186753262112287,0.8095684782274986,0.70723390971328,0.07819148218439478,0.6524359529801972,0.3738684971085847,0.8,0.8,0.3,29,1372.085531635376,104118.81326946228
16,21,0.9870140439913433,1.5112087491887438,1.5190209195719913,0.810175652116755,0.698989323575519,0.07896528986551336,0.6524386677910198,0.3738948351780268,0.8,0.8,0.3,30,1338.4808367805483,104089.635331044
16,22,1.4232531842386604,1.938879712556277,1.9320829848442251,1.2826691934291108,1.211123159592792,0.056947530968432566,1.0,1.0,0.8,0.8,0.3,31,1707.45317605911,44282253648.23396
16,23,1.4032166968307367,1.9212697513057322,1.9126207141630198,1.2803641014333682,1.176524015264869,0.04845583004327033,1.0,1.0,0.8,0.8,0.3,33,1552.4345413930482,44281570513.1209
16,24,1.4021039424220554,1.9208926701927582,1.911633230329602,1.2896060640146143,1.1672768700472176,0.052439821152233314,1.0,1.0,0.8,0.8,0.3,34,1545.101143801298,44281598468.03072
16,25,1.393948787442698,1.9134865165262143,1.9033840018984651,1.287353378287002,1.173510796218313,0.04933536566765806,1.0,1.0,0.8,0.8,0.3,35,1707.154899323669,44281672666.66299
16,26,1.3581191404739814,1.9025534715321422,1.9125100649774525,1.2816635643098802,1.3844760714933653,0.051028108997591956,1.0,1.0,0.8,0.8,0.3,36,1553.316165751993,44286355846.60079
16,27,1.3310754172834602,1.851421085408201,1.8313338058453887,1.3017599810608507,1.1684563004198598,0.04463308975983264,1.0,1.0,0.8,0.8,0.3,41,1529.853937199225,44282502334.70042
16,28,1.328167753710361,1.8592813627216436,1.8516218305211447,1.3243595302172606,1.1472359538769938,0.04463308975983275,1.0,1.0,0.8,0.8,0.3,43,1557.6380045919436,44282255193.79629
16,29,1.3299552503916074,1.8603206568590507,1.8517227263696625,1.3336478174092303,1.1804874137711392,0.052781484442853875,1.0,1.0,0.8,0.8,0.3,44,1581.084976373481,44281689959.15524
16,30,1.3117903158959543,1.8393469303207308,1.8280102429203768,1.3166719711790893,1.2490730902202378,0.04655417096126207,1.0,1.0,0.8,0.8,0.3,45,1243.4565527977516,44281067191.56736
16,31,1.2985683512199901,1.8224058717530178,1.8083484071146207,1.324681732236556,1.1916058596234638,0.04523711808243364,1.0,1.0,0.8,0.8,0.3,47,1251.789913456331,44281960724.229324
16,32,1.2939875046152076,1.816737707675388,1.8019811915952053,1.3227212024600579,1.1631260023106742,0.04325414352030657,1.0,1.0,0.8,0.8,0.3,48,1266.6695742609854,44279204374.91906
16,33,1.292078104954517,1.8137593609314415,1.7983501860086746,1.3325658056714873,1.148728878042744,0.04429535774753618,1.0,1.0,0.8,0.8,0.3,50,1265.8478840805133,44279678460.39162
16,34,1.2763800310323403,1.8011613196206742,1.7944638389152656,1.3402200040364185,1.31171868518526,0.04584645125583518,1.0,1.0,0.8,0.8,0.3,51,1843.1270120470235,44282177933.998825
16,35,1.2687720182695659,1.7865758876474744,1.7767893451011787,1.3460738310639921,1.2659745158816338,0.05016042963289624,1.0,1.0,0.8,0.8,0.3,52,1617.5196053214422,44281734740.9988
16,36,1.265135017043118,1.7806357655061633,1.7699050834644439,1.3484971007511024,1.1589559214623066,0.04962708145972649,1.0,1.0,0.8,0.8,0.3,54,1626.5979590988911,44281321091.19898
16,37,1.2592255955923375,1.7699120664302168,1.7573025153740254,1.3538910852688086,1.1782616197258375,0.04993703958664138,1.0,1.0,0.8,0.8,0.3,56,1600.893507701246,44282049934.75506
16,38,1.2565023676710145,1.7652428768879755,1.7519048104859911,1.3632707106252095,1.1543893912084975,0.04941734400870529,1.0,1.0,0.8,0.8,0.3,58,1612.1212974545529,44281636289.39056
16,39,1.5403419191991092,2.034135350669168,2.015647015414427,1.6657200569919215,1.648604845541722,0.42312488858046926,1.0,1.0,0.8,0.8,0.3,59,7584.504205529047,44280000078.0182
16,40,1.5313772496572455,2.0215758422881245,2.0019409358798224,1.6626736766166004,1.4560251310565342,0.4157942297113733,1.0,1.0,0.8,0.8,0.3,61,7568.7220478886975,44279895458.46147
16,41,1.51959880078829,2.0056126622114117,1.9846782828554081,1.6598541329914043,1.477274393939897,0.4053251676136359,1.0,1.0,0.8,0.8,0.3,62,7400.262463818901,44279562621.193375
16,42,1.5292674000477542,2.0131996761147404,1.9916330523840364,1.6846661210553633,1.448396659974446,0.41942348845626576,1.0,1.0,0.8,0.8,0.3,64,7683.037222893168,44279875278.22478
16,43,1.5117108118431986,1.9967554820416702,1.9852232028180798,1.6692773457403043,1.5461964331799132,0.4065133639866401,1.0,1.0,0.8,0.8,0.3,65,7762.987421576741,44286677573.676834
16,44,1.2103471656629858,1.6774732243562038,1.6610052374193998,1.3965340575902936,1.175190726769937,0.04343517448715306,1.0,1.0,0.8,0.8,0.3,70,8293.808964141557,44280532125.28719
16,45,1.5062394631546099,1.9638781560404446,1.944928310738591,1.7031191332102118,1.4868352824852284,0.41955655483078874,1.0,1.0,0.8,0.8,0.3,72,8353.601701709782,44281139836.93551
16,46,1.4988709014592285,1.9515601366616544,1.9313497560903092,1.707536152685757,1.4565933542945124,0.4133592872254551,1.0,1.0,0.8,0.8,0.3,74,8251.577589544248,44280859833.51979
16,47,1.4966224232415068,1.955320678243925,1.9468362759060962,1.7169120841329426,1.455648191705037,0.4133592872254551,1.0,1.0,0.8,0.8,0.3,76,8368.434509311246,44280684132.98273
16,48,1.4923646639923112,1.9336965746128791,1.9107012552292686,1.7220862736865368,1.4902027082267029,0.4113581896455245,1.0,1.0,0.8,0.8,0.3,77,8709.421877387585,44280539919.41516
16,49,1.4845466137848056,1.9204160013861133,1.8960980575954802,1.722893480477692,1.4504988010821682,0.40441078643112166,1.0,1.0,0.8,0.8,0.3,79,8686.771629351992,44280435290.58875
16,50,1.476278956595888,1.9284409077987508,1.9286648553516155,1.7296987193516498,1.4771821667227711,0.39708258179871875,1.0,1.0,0.8,0.8,0.3,80,21937.26305843838,44281488729.71985
16,51,1.4748323438964206,1.920413234898739,1.9190902606674698,1.7406794963365335,1.4502144787986884,0.398338719295732,1.0,1.0,0.8,0.8,0.3,82,21846.726291709147,44281309189.49317
16,52,1.4770966725083665,1.910884441055452,1.8964234528306745,1.7434218348548796,1.426752595490669,0.4014354439149579,1.0,1.0,0.8,0.8,0.3,83,10496.329232405033,44281333611.32204
16,53,1.4706284136864085,1.9107713245188527,1.9081870644188217,1.7449298027361935,1.4622345127624343,0.3954927854127669,1.0,1.0,0.8,0.8,0.3,84,21808.26304338544,44281221739.03847
16,54,1.476827031230144,1.9355466533777752,1.9580826417426407,1.7656025903203763,1.4418903224251622,0.40487935104425565,1.0,1.0,0.8,0.8,0.3,86,18530.381934735546,44280643638.57564
16,55,1.4749759163555547,1.9320470774028682,1.954206760459795,1.7677592034530163,1.4302600085645303,0.40325164417782944,1.0,1.0,0.8,0.8,0.3,88,18553.222166116582,44280288411.90244
16,56,1.4718335246420182,1.9050625049973553,1.9008946529011836,1.7620311513597537,1.4332602323773291,0.39991504953364393,1.0,1.0,0.8,0.8,0.3,89,18429.4004747394,44280504296.14715
16,57,1.4690822534429848,1.9019487554158905,1.8976987879553069,1.7629506978065292,1.4206083726524366,0.3966223078615426,1.0,1.0,0.8,0.8,0.3,90,18301.44408502205,44280482042.63629
16,58,1.4676155266903539,1.9094709543356332,1.9282084756306883,1.7779868608540135,1.5430970230678172,0.40001008768878804,1.0,1.0,0.8,0.8,0.3,91,15159.509884250549,44281774179.831314
16,59,1.4547505392608902,1.881052922127915,1.885830330156563,1.7625346065120724,1.447341444917586,0.3854969834034666,1.0,1.0,0.8,0.8,0.3,92,18654.24290837897,44280001063.38826
16,60,1.4531318884498499,1.8746238291331492,1.8889193479640998,1.7813313055316198,1.4821062889585215,0.38887294449091125,1.0,1.0,0.8,0.8,0.3,94,18447.620980732376,44280119213.49325
16,61,1.4529917930781784,1.874304790843498,1.8885618637681756,1.7882452173010643,1.4117924974762186,0.3887547425950186,1.0,1.0,0.8,0.8,0.3,96,18451.40165214183,44281011013.20356
16,62,1.4405219594146852,1.8501961765455195,1.851359452108263,1.776133682574595,1.4024472624765536,0.3733054915414204,1.0,1.0,0.8,0.8,0.3,97,18471.30420325044,44280995000.09118
16,63,1.4508105929796742,1.8647868821869336,1.8774760873545497,1.7981161830419705,1.470777258325647,0.3883015262978724,1.0,1.0,0.8,0.8,0.3,98,18536.247260321976,44279881098.54181
16,64,1.4507827649811793,1.863281412491887,1.875656712081896,1.8056590690497494,1.4173715075128908,0.38871083110847887,1.0,1.0,0.8,0.8,0.3,100,18498.53171562137,44278892289.59096
16,65,1.4506728209924797,1.8855155220376068,1.92387807279843,1.8197929535699395,1.4111519370437418,0.3885928244992295,1.0,1.0,0.8,0.8,0.3,102,18584.41744365855,44279694533.20055
16,66,1.447115644909809,1.8632002423312488,1.8976288964607178,1.8261163612557647,1.4650067751052471,0.3894122618158344,1.0,1.0,0.8,0.8,0.3,105,18950.538461395616,44280176480.19661
16,67,1.16688283039763,1.5803202377258654,1.6142009562990804,1.6524743144649652,1.1327816035440004,0.03981304591644775,1.0,1.0,0.8,0.8,0.3,129,1573.1024325294356,44279759580.24877
16,68,1.1654092760392385,1.559766476028847,1.5790251521447036,1.6542999479905598,1.1650303836797045,0.0399606762838708,1.0,1.0,0.8,0.8,0.3,131,1606.8085194563043,44280068084.87932
16,69,1.1649720954044083,1.5694580887902994,1.6014968637523506,1.6623661784976096,1.140729197378256,0.03967810769829776,1.0,1.0,0.8,0.8,0.3,132,1938.92875916864,44279995892.53858
16,70,1.1633222980767004,1.550532608409816,1.5683313134168146,1.6612235773956903,1.1818773726876652,0.03907457729485795,1.0,1.0,0.8,0.8,0.3,133,1533.1002647757043,44280095768.27287
16,71,1.1577882888800948,1.5831251013096548,1.6515690630317887,1.6966698168816523,1.182218326809311,0.03369701315181436,1.0,1.0,0.8,0.8,0.3,134,1595.355059383013,44281247429.37764
16,72,1.1601756831787993,1.5596275883461932,1.601368876148312,1.6828589702446854,1.1585918126706631,0.03745745767276046,1.0,1.0,0.8,0.8,0.3,135,1612.4681736246932,44279592871.70964
16,73,1.158040678017915,1.5474815519724303,1.5872146465813526,1.6971083752849483,1.1704954373758638,0.036933219833621675,1.0,1.0,0.8,0.8,0.3,137,1716.7120310086225,44279340749.73427
16,74,1.154955956475584,1.5437127592513056,1.5833089471648603,1.7015676692854196,1.1322458185470488,0.03322151814608934,1.0,1.0,0.8,0.8,0.3,138,1633.7486591919806,44279497213.558624
16,75,1.156460628257984,1.5425226527062357,1.581581907737028,1.7107133116204092,1.1503412634692247,0.03565303913353611,1.0,1.0,0.8,0.8,0.3,139,1664.4521258673165,44279149258.43882
16,76,1.1521469285388224,1.5099441053003562,1.532627778007008,1.7025469953456496,1.2647149712659274,0.03356811175335256,1.0,1.0,0.8,0.8,0.3,140,1653.5567843321448,44279859481.42424
16,77,1.1536813885501154,1.5056752690764508,1.538038772689085,1.7131311695098863,1.1985559572801834,0.03846623267603931,1.0,1.0,0.8,0.8,0.3,142,1572.088478732952,44281161868.59726
16,78,1.1534044421156697,1.5047524905196352,1.536989781335609,1.7241254746975188,1.1333001621393746,0.03823404600718242,1.0,1.0,0.8,0.8,0.3,144,1582.7952320386055,44280301800.30817
16,79,1.1554728485683599,1.4939930034744378,1.5129170071614793,1.7325589621148503,1.1358886264106,0.041072716716046995,1.0,1.0,0.8,0.8,0.3,148,2162.74020333523,44277433919.0616
16,80,1.15244790978338,1.4531940487610722,1.4648820340348694,1.7361776781986666,1.2818604971471261,0.04288825340790337,1.0,1.0,0.8,0.8,0.3,150,2984.767345812096,44277983843.00337
16,81,1.1497733330850952,1.4573676642519071,1.4921197730845714,1.7623347436008308,1.1571823626079676,0.04153231760653639,1.0,1.0,0.8,0.8,0.3,155,2766.528801551487,44279248760.4268
16,82,1.1489300918978311,1.4354208646423239,1.4553154359375187,1.760052253023866,1.2090876188653024,0.04165877010474003,1.0,1.0,0.8,0.8,0.3,156,2752.7212772869148,44279294867.85837
16,83,1.1483720844213476,1.4442676023178873,1.4768259891116775,1.7683646659611376,1.1466621383601083,0.041169161564013464,1.0,1.0,0.8,0.8,0.3,157,2733.5382098963805,44275531805.43376
16,84,1.1473322992084602,1.425905056841666,1.4443201743385232,1.771015413182604,1.179084189192559,0.04056214666671164,1.0,1.0,0.8,0.8,0.3,158,2712.5740171241346,44278691781.97804
16,85,1.1469863553938628,1.434967914959519,1.466048701297438,1.7794824167399026,1.1459358955186771,0.040329011495423325,1.0,1.0,0.8,0.8,0.3,159,2911.0957142288016,44278326819.53951
16,86,1.147426416299903,1.41809093079776,1.4350336334755196,1.7747538981178266,1.1795801989642678,0.04154154969277593,1.0,1.0,0.8,0.8,0.3,160,2762.9503037108675,44278695632.6017
16,87,1.1468333891216695,1.4118445749094954,1.4277376642062307,1.7778204273751372,1.175920701579402,0.04139496460947326,1.0,1.0,0.8,0.8,0.3,161,2822.554274368236,44279779759.88183
16,88,1.1461180544197627,1.4074840291278687,1.4227016066831417,1.7807880756525456,1.1602513270916797,0.04087490700658451,1.0,1.0,0.8,0.8,0.3,162,2904.567137807216,44279511242.31611
16,89,1.146063377067786,1.4179592129470773,1.4460523820196165,1.8009533431613585,1.135241257448954,0.04087490700658451,1.0,1.0,0.8,0.8,0.3,164,2937.432222052342,44279437654.71359
16,90,1.1453627243107736,1.397610132086582,1.4111420278198872,1.7985870496248109,1.1963393765574823,0.040836230724301044,1.0,1.0,0.8,0.8,0.3,165,2739.687800589013,44281899414.17809
17,0,0.8897307853725902,0.9739135080565021,0.9204722214676397,0.010369306319299719,0.0,0.0,0.0,0.0,0.8,0.8,0.3,1,2543.4991128771626,8476.759457379796
17,1,0.9112102204643525,1.0107257005872952,0.956391293533189,0.055312793251319214,0.0602411279548789,0.0523999204655886,0.00010241048510978,8.593246390473e-05,0.8,0.8,0.3,3,2460.077610546137,8339.60696047634
17,2,0.843199669264488,1.0789700612824884,1.0290343457171847,0.17462324841843854,0.5002245244697795,0.11529221795857406,0.04020100536183468,0.08300160807713548,0.8,0.8,0.3,4,2108.9348473544446,44480.06525560314
17,3,0.7296329876846369,1.051015962701847,0.9930362194412391,0.1893503513416293,0.33333098595751515,0.06374684467450842,0.11189053042849709,0.09267195886244114,0.8,0.8,0.3,6,1654.788340080963,6294.046840107911
17,4,0.6437334367334283,1.0479613765296298,0.992787895841478,0.24075041216554788,0.42040292505309046,0.07554417086297163,0.13211333939888834,0.15817916704244506,0.8,0.8,0.3,8,995.5943639629908,40688.7210483842
17,5,0.6331897812326194,1.0416351342268595,0.9856724244762906,0.2489140765489633,0.22795552488955947,0.07329865328058548,0.13217667998002697,0.158272587884947,0.8,0.8,0.3,10,989.7415127347006,40346.859165309885
17,6,0.6361934288246515,1.0474827154051802,0.9909697610810304,0.2592076967330771,0.24340093150196607,0.07562183167479211,0.13953044695366557,0.16267028176689807,0.8,0.8,0.3,11,979.3761458007086,40478.10487061735
17,7,0.5946064400419624,1.037934254260685,0.989715870124529,0.2753741832528715,0.32359144941287016,0.057450319728873725,0.14462163266727263,0.2199706465405442,0.8,0.8,0.3,13,3826.42392733535,21680.34538565628
17,8,0.5921755479757624,1.0469828964081136,1.0116926138036026,0.2736020801101645,0.22886666381335544,0.058223592048041305,0.14192747077125822,0.21931608026127933,0.8,0.8,0.3,14,3763.49024529275,21500.502515045933
17,9,0.9793679425927494,1.4297251350257252,1.362962596410401,0.7078151551077547,0.8899750327603857,0.054708458684493824,0.4043219487395907,0.9859671107757084,0.8,0.8,0.3,15,951.1676218842372,39297.49542909666
17,10,0.9788975120537464,1.4292626008811407,1.3624735147143634,0.7172506147703592,0.663103875885996,0.054166250888479685,0.40440634072417037,0.986161346366535,0.8,0.8,0.3,17,917.3383477573786,39085.78366057213
17,11,1.4528089294626498,1.909619491075735,1.8395300486069932,1.2205070292636768,1.2936153235437702,0.07791857595983213,1.0,1.0,0.8,0.8,0.3,18,3280.363441368133,239796.6035089641
17,12,1.4328240155974419,1.9037807239381104,1.8448761626423114,1.226088620168398,1.192810693698741,0.06986701712554899,1.0,1.0,0.8,0.8,0.3,20,3200.8627241919885,238225.0414145213
17,13,1.4243314446374131,1.896723463597071,1.8367701051353598,1.2323002458541648,1.1763495832806232,0.06870060400253883,1.0,1.0,0.8,0.8,0.3,22,3131.265853383757,238133.26415349427
17,14,1.4232038953236414,1.8956532080196309,1.83566373673369,1.2399946661511991,1.1556390221065271,0.06762628401763017,1.0,1.0,0.8,0.8,0.3,23,3214.0827822797355,238353.71854179507
17,15,1.4020574787464897,1.8773185374606702,1.814533107202564,1.237748650803052,1.2660393477055258,0.06511537201663438,1.0,1.0,0.8,0.8,0.3,24,3217.099949268294,238093.1648677901
17,16,1.3775946229816023,1.832156865294815,1.7394926709523306,1.2495807406845054,1.1783359966704416,0.06497652008337444,1.0,1.0,0.8,0.8,0.3,30,2540.709810554157,92076.63104207956
17,17,1.3747644694669607,1.8629604097281698,1.8091200842984827,1.2610416781322216,1.1574670977335266,0.06276290704357788,1.0,1.0,0.8,0.8,0.3,31,3017.413110891047,219696.68330247368
17,18,1.3548386995663908,1.8430188083036427,1.7862173734269204,1.270214131625143,1.270876621075504,0.05944927436778561,1.0,1.0,0.8,0.8,0.3,32,3295.1580341200947,93759.96849397729
17,19,1.34820387086995,1.8131437365518566,1.7290626285682171,1.2488723595735356,1.1725952872449377,0.0594492743677857,1.0,1.0,0.8,0.8,0.3,34,3183.209640984316,94001.0230177696
17,20,1.3448112031321486,1.854143145441085,1.8214101678625922,1.2927626312322085,1.160677782198249,0.05944927436778561,1.0,1.0,0.8,0.8,0.3,36,3098.253857927896,94208.36198630383
17,21,1.3427666035986656,1.8069608642820805,1.7217060422905577,1.2571912865532522,1.1695489172487827,0.0602875160914228,1.0,1.0,0.8,0.8,0.3,37,3033.595227634657,94169.52319072638
17,22,1.3482665288875606,1.8455534912972669,1.798611954221688,1.2992861360754442,1.1851298125011862,0.07153515170188834,1.0,1.0,0.8,0.8,0.3,38,3173.470361967197,93073.76447682144
17,23,1.32988632164745,1.8375032710964065,1.8025214039394397,1.303963177246069,1.1652726197822805,0.055063761192974604,1.0,1.0,0.8,0.8,0.3,40,3142.495104436832,98973.30028026192
17,24,1.3360829375635483,1.8324149882312653,1.7843442366714282,1.3189314000607826,1.15140463415622,0.06335423552992762,1.0,1.0,0.8,0.8,0.3,45,2680.583435088772,219210.3907244312
17,25,1.3684719919834412,1.864707317174738,1.8165319735602548,1.3815372349175272,1.185718563940252,0.10448300450908854,1.0,1.0,0.8,0.8,0.3,47,2151.7365087734534,83750.17846604952
17,26,1.3657701639752697,1.8618451946438561,1.813499696096864,1.3892683838919553,1.1886574433152712,0.10214719685913536,1.0,1.0,0.8,0.8,0.3,48,2185.9446507258244,83899.80468714506
17,27,1.36307327752602,1.8581801315977178,1.8088799290702626,1.390504085029463,1.2225629832280718,0.10453460671168827,1.0,1.0,0.8,0.8,0.3,49,2095.4228624703665,83864.3978528184
17,28,1.3021535238068018,1.7954354023314902,1.7443768125940313,1.317902955975573,1.2051151080115312,0.038937808417868855,1.0,1.0,0.8,0.8,0.3,50,1978.510668431525,15385.259322733244
17,29,1.289201006328177,1.7541851743201842,1.6733729859533113,1.309230647577643,1.2850162887706071,0.04277616450824578,1.0,1.0,0.8,0.8,0.3,51,1931.9159946418815,88682.88493117508
17,30,1.2714215887334013,1.7641592644194797,1.7191864872115221,1.3312903287020428,1.1939256003535534,0.036307502976642904,1.0,1.0,0.8,0.8,0.3,53,1608.8886995346122,14944.76674793401
17,31,1.2636195047577665,1.7262237990027456,1.6517798303173723,1.3308670049427684,1.2041412709747867,0.04222790432113484,1.0,1.0,0.8,0.8,0.3,55,1612.8379448573376,88623.80323810576
17,32,1.2612769262378078,1.72329833229382,1.6486093393526338,1.3357873475138156,1.1356172155509816,0.04035957637358215,1.0,1.0,0.8,0.8,0.3,58,1562.8380764009678,88422.10503729178
17,33,1.2455280894289213,1.6804896845778738,1.577917718586392,1.3158185245853307,1.199631149836816,0.02859580465676125,1.0,1.0,0.8,0.8,0.3,59,1804.317247531323,87257.06053445916
17,34,1.2425941120700836,1.6875530930168376,1.5975117683962505,1.3141716116198132,1.140664814977637,0.026848755711320997,1.0,1.0,0.8,0.8,0.3,60,1770.929977591093,87162.43187891705
17,35,1.237696514636404,1.676694147671592,1.584432983252804,1.3279800700028612,1.2141232906643462,0.02947826226670222,1.0,1.0,0.8,0.8,0.3,61,1776.7613773593494,86218.75470644476
17,36,1.237380355008237,1.6872915713176468,1.6079269323566947,1.3376709821005601,1.1256901302186713,0.02947826226670222,1.0,1.0,0.8,0.8,0.3,63,1781.6878872538932,86163.55145691057
17,37,1.2303577339772482,1.6718488563223428,1.589578132189912,1.3474208130963063,1.18436175918791,0.03138647036437596,1.0,1.0,0.8,0.8,0.3,65,1466.8995893881424,86130.54636099288
17,38,1.2306227691568994,1.6704530565249809,1.5876336684837262,1.3587580470709504,1.149292606313602,0.03364635718285395,1.0,1.0,0.8,0.8,0.3,66,1450.997238572314,86626.10842908367
17,39,1.2381108464574884,1.6585632948030589,1.560140291965387,1.3885798996228538,1.1768207919655609,0.051790190515049114,1.0,1.0,0.8,0.8,0.3,69,1709.342636635153,85639.42312858847
17,40,1.2367244210468507,1.6554492294351457,1.5564942307384915,1.4017900082952912,1.1522703205645777,0.0517797918375005,1.0,1.0,0.8,0.8,0.3,71,1663.3697865478475,85555.4862033834
17,41,1.3032647509253976,1.7761164665392342,1.7415874817951222,1.5208405138740182,1.2211987595587845,0.13679645340620852,1.0,1.0,0.8,0.8,0.3,73,1722.0315413895546,96029.0616507762
17,42,1.230198727698761,1.6318522055634743,1.5181319609377997,1.4051489129799644,1.1877881936829868,0.04917029013647192,1.0,1.0,0.8,0.8,0.3,74,1671.4313794593716,87605.99892194505
17,43,1.23342639305622,1.708409483410421,1.684205441995308,1.4738056384124059,1.1764801669904639,0.05768638324433677,1.0,1.0,0.8,0.8,0.3,76,1743.8992999724146,95274.9610378065
17,44,1.2332418294701102,1.707251015326923,1.6827673657310573,1.4811370544842408,1.1523245267296123,0.058278762941946186,1.0,1.0,0.8,0.8,0.3,78,1745.1185736485363,95564.07545033202
17,45,1.2577185426209705,1.6935576542284865,1.62878196090872,1.4523052557954532,1.2003907619341274,0.09259703318660786,1.0,1.0,0.8,0.8,0.3,80,6067.579052616407,5529427066658.174
17,46,1.25558696622671,1.688765528632768,1.6232490712864782,1.461574735284078,1.2038198306787273,0.09201342405804144,1.0,1.0,0.8,0.8,0.3,81,5976.835383767659,5529425042714.74
17,47,1.2548697378088332,1.6876355533827767,1.6220049507414223,1.467840656852607,1.1754750392461677,0.0914339809484354,1.0,1.0,0.8,0.8,0.3,83,5911.092626745708,5529423552878.822
17,48,1.2557530218254884,1.7203318991742904,1.6932077343623273,1.4870366203135739,1.1818564539041967,0.09390336996066184,1.0,1.0,0.8,0.8,0.3,86,2101.500904270611,5529177394173.645
17,49,1.3077490240298357,1.7635680287161886,1.7340856264264586,1.5637264967216074,1.3283047722703836,0.16516169463839644,1.0,1.0,0.8,0.8,0.3,87,6063.422930101642,5529423567667.831
17,50,1.3132122570171751,1.7573640843695915,1.714758719374363,1.5728470712737048,1.2428421622781327,0.17230591848506133,1.0,1.0,0.8,0.8,0.3,88,6055.473463526419,5529426720469.262
17,51,1.297545239983853,1.7625665954964167,1.7455568024508945,1.5685679641425079,1.2312697495150138,0.15375694518768962,1.0,1.0,0.8,0.8,0.3,90,6049.638635132638,5529423291177.34
17,52,1.2894823072186015,1.741933197594993,1.711564970828577,1.5645411178392548,1.2302630899987979,0.14458318937636197,1.0,1.0,0.8,0.8,0.3,91,6115.128891356593,5529424456851.104
17,53,1.312092814857059,1.7627553876291027,1.731921221471519,1.6018498301684563,1.258209272406798,0.17401163035363892,1.0,1.0,0.8,0.8,0.3,92,6141.865827855876,5529421748717.498
17,54,1.313158616097468,1.7636677979615085,1.73279374667892,1.6099820001098635,1.2411678615778807,0.1754429971228853,1.0,1.0,0.8,0.8,0.3,94,6118.873113715217,5529419524531.196
17,55,1.3050292570601314,1.80460306967233,1.8369469294389698,1.6698795342166608,1.259954150950198,0.1696124248442898,1.0,1.0,0.8,0.8,0.3,97,8340.952380438106,5532797216896.417
17,56,1.3085799474307611,1.8046743334677038,1.8361405104800943,1.6746046842765085,1.276683435822664,0.17610798278643539,1.0,1.0,0.8,0.8,0.3,98,8318.021428768967,5532796084728.249
17,57,1.3238760313236835,1.8198489348588416,1.8512845988075113,1.6976341850034684,1.256861518701189,0.1952989161679705,1.0,1.0,0.8,0.8,0.3,100,5210.694832933483,5531631942179.336
17,58,1.3218041194751993,1.8277328482235922,1.8718566197884665,1.7109282956747578,1.261111881523385,0.19342904238417785,1.0,1.0,0.8,0.8,0.3,102,9354.368608175091,5533097954842.733
17,59,1.32173176679578,1.8266701595628678,1.870546741118644,1.7185019215718413,1.2601633204311384,0.19390436012223655,1.0,1.0,0.8,0.8,0.3,104,9260.750789579874,5533101455629.619
17,60,1.3212475393315104,1.8145563892753904,1.8453266262280594,1.7254801350715108,1.2591487286147542,0.1935403439519,1.0,1.0,0.8,0.8,0.3,105,9265.93240718808,5533104109771.356
17,61,1.2038449097948551,1.7142325196770545,1.779982038551219,1.669251568563863,1.1990859478344738,0.0554791970495194,1.0,1.0,0.8,0.8,0.3,108,11815382.16703885,5529175916825.69
17,62,1.2876612285657862,1.7919715440559312,1.8562819083804982,1.762070094407744,1.2600084714007571,0.1631568406863145,1.0,1.0,0.8,0.8,0.3,110,11828320.540822634,5529176117426.186
17,63,1.286345304939172,1.785826087601389,1.8490096222892085,1.7693376657710076,1.2539026350513003,0.1636997088874169,1.0,1.0,0.8,0.8,0.3,112,11829087.959450768,5529174908326.655
17,64,1.2757645895170042,1.7718020241608097,1.834179530504686,1.7367145570710962,1.2386274597184084,0.1520527418126838,1.0,1.0,0.8,0.8,0.3,114,11999733.212648932,5529184176240.668
17,65,1.273741903170609,1.7723783711285666,1.84580107704349,1.7393384309856834,1.2616209413031723,0.15303902577517334,1.0,1.0,0.8,0.8,0.3,116,11997251.334626265,5529179376418.313
17,66,1.195295229500485,1.7070550709359902,1.8043871114088919,1.6795133982125978,1.175592637676766,0.05864161229165858,1.0,1.0,0.8,0.8,0.3,119,11812564.615855746,5529176332813.98
17,67,1.1938414461538265,1.7015947318194622,1.7980357260818296,1.6862763719554221,1.1649431820939553,0.05832054393780103,1.0,1.0,0.8,0.8,0.3,121,11813401.69024173,5529174843000.161
17,68,1.185049999618564,1.6799222427479694,1.7629587212830435,1.7192089048487829,1.1597658585818718,0.0481834425697431,1.0,1.0,0.8,0.8,0.3,122,11820525.1748725,5529184011493.698
17,69,1.1920210191010103,1.69640453296288,1.7921085475318577,1.681224221740077,1.153666584100617,0.05721134774833521,1.0,1.0,0.8,0.8,0.3,123,11810237.529754717,5529177530207.445
17,70,1.183650223720433,1.673682875027634,1.7556507889972484,1.7261350327348899,1.1751460663093611,0.0481836467665318,1.0,1.0,0.8,0.8,0.3,124,11820595.940288346,5529185853233.691
17,71,1.2596392761636346,1.7765464788316032,1.8960916870216937,1.827069116886037,1.2678670560471714,0.14514364050644513,1.0,1.0,0.8,0.8,0.3,125,11814476.85988376,5529178414348.04
17,72,1.2587245224872563,1.766568158881095,1.8841627244470815,1.8388331879723632,1.2572795800418186,0.1469080473941221,1.0,1.0,0.8,0.8,0.3,127,11814760.095332276,5529172056980.678
17,73,1.257939258802311,1.7737587671011676,1.9036665085783102,1.858256061982251,1.2314149725358907,0.1469080473941221,1.0,1.0,0.8,0.8,0.3,129,11811420.702780183,5529169813894.246
17,74,1.2584015494760366,1.762568562837653,1.879379383538439,1.8503885634649866,1.2222222094573187,0.1476298891306306,1.0,1.0,0.8,0.8,0.3,130,11816011.711109208,5529170126474.041
17,75,1.2572452957626383,1.7683950962611312,1.897311190868094,1.8611539181345027,1.2543608628096579,0.14744146705295086,1.0,1.0,0.8,0.8,0.3,131,11814135.660103668,5529173435732.675
17,76,1.2568413994494454,1.7643731089918167,1.8925257955532622,1.8687748711231567,1.2339189225797103,0.14798636668139847,1.0,1.0,0.8,0.8,0.3,133,11813837.172090188,5529171501490.537
17,77,1.2560945708199385,1.7715564275864235,1.9120213426122288,1.8860599610494544,1.2324192257730353,0.14798345212330472,1.0,1.0,0.8,0.8,0.3,135,11813211.311473057,5529175451601.188
17,78,1.2914003252948598,1.729998477750539,1.8226019339757882,1.8963026110701382,1.6235703864188404,0.20272103741503528,1.0,1.0,0.8,0.8,0.3,136,12083521.878746592,5532169930416.322
17,79,1.2911872164551508,1.7397279131435845,1.8450792968383503,1.908766998019673,1.2673006229442554,0.2027210374150353,1.0,1.0,0.8,0.8,0.3,138,12080067.720952349,5532167632787.298
17,80,1.2892998629672883,1.7264882977045082,1.8295774024817812,1.9087790841017478,1.3544048740633416,0.20268393892209197,1.0,1.0,0.8,0.8,0.3,139,12158894.747200647,5532181596479.576
17,81,1.2903739294968517,1.7264800557660491,1.829354545820296,1.9136860792023334,1.2721657752706306,0.20424031511897311,1.0,1.0,0.8,0.8,0.3,140,12159284.56885891,5532181151765.567
17,82,1.288163303714617,1.7229278388767764,1.825536681327442,1.9153130594770786,1.2667962212281703,0.20173878475765267,1.0,1.0,0.8,0.8,0.3,142,12159982.272500604,5532172454996.35
17,83,1.2900072890169527,1.7208644934267892,1.8227011131584314,1.9248918358157703,1.2953305500362255,0.2047960984575566,1.0,1.0,0.8,0.8,0.3,143,12158606.375613997,5532179124547.806
17,84,1.289659788924253,1.7169192432541969,1.8180469218281006,1.932254352822892,1.2784872416614794,0.20503921260767224,1.0,1.0,0.8,0.8,0.3,145,12158705.731239608,5532177034052.477
17,85,1.2846087666716755,1.6977784259957198,1.8069743807739973,1.9393841061739245,1.463638248485029,0.20310781162737085,1.0,1.0,0.8,0.8,0.3,146,12082259.61728495,5532172692598.645
17,86,1.2834527135344826,1.693777702314466,1.8132703686745986,1.962628736696743,1.2906352678722255,0.20383657835026364,1.0,1.0,0.8,0.8,0.3,150,12081969.088089423,5532174744515.034
17,87,1.2880477436561326,1.6955815930694522,1.8145398149252665,1.9748673136140058,1.2788907883342455,0.20999221724755515,1.0,1.0,0.8,0.8,0.3,152,12078444.216155691,5532179619245.964
17,88,1.284459277653229,1.6879545741466313,1.806141053022999,1.9751350539536732,1.2963595462386848,0.206091519810561,1.0,1.0,0.8,0.8,0.3,153,12081628.01948339,5532172924143.037
17,89,1.2843415907791287,1.6876302812530461,1.805777394477095,1.9788180679167902,1.2663775746341,0.20597380195745368,1.0,1.0,0.8,0.8,0.3,154,12083585.944021102,5532173540226.318
17,90,1.2846050649891745,1.6749286008393425,1.7797393031758888,1.977531710795281,1.2789591089556611,0.2065539861005509,1.0,1.0,0.8,0.8,0.3,155,12084835.864658078,5532172512745.392
17,91,1.2856132248919148,1.686853845369825,1.8046101473533451,1.9877180009266049,1.268532775859481,0.20785516355320222,1.0,1.0,0.8,0.8,0.3,156,12081288.580013957,5532175947672.549
17,92,1.2845071003803268,1.6851659726317758,1.8028114736468963,1.9904130889028242,1.2697336337802259,0.2065539861005509,1.0,1.0,0.8,0.8,0.3,157,12083228.279727198,5532171443425.221
17,93,1.2804102093527596,1.6694082257444978,1.7957234236821702,2.0108392395422747,1.30773392738687,0.20446211573528367,1.0,1.0,0.8,0.8,0.3,161,12089246.490913715,5532171186712.677
17,94,1.2949174274131143,1.6690511218643778,1.8144082603664897,2.104220565032467,1.2991764710925167,0.2268002138206311,1.0,1.0,0.8,0.8,0.3,177,12139898.78365137,3683298941935.8135
17,95,1.2928242061753663,1.6614655196765533,1.8058063706829832,2.119019189538263,1.2901507795770277,0.22473637344513056,1.0,1.0,0.8,0.8,0.3,181,12141340.788285475,3683296829248.917
17,96,1.2917693089288083,1.6532402345690445,1.7962573722756303,2.1257014254038413,1.3062836705631127,0.224115987501466,1.0,1.0,0.8,0.8,0.3,183,12140876.662675343,3683299600583.3374
17,97,1.2914034269855181,1.652390056239571,1.79531797580468,2.133212215941153,1.2807827880961105,0.22370485415615585,1.0,1.0,0.8,0.8,0.3,185,12140316.905393807,3683295073956.1406
17,98,1.2908035163135188,1.647255559415352,1.7893483111756865,2.144338695131502,1.295738360547047,0.22338226910691855,1.0,1.0,0.8,0.8,0.3,187,12141341.887980958,3683291957253.657
17,99,1.290558651185139,1.6577789315098086,1.8127919693405448,2.1652238266170505,1.2801309386224977,0.22311681652070883,1.0,1.0,0.8,0.8,0.3,189,12140536.650835631,3683289073427.6064
17,100,1.2845843736314053,1.629840536333788,1.7698771475197017,2.1496589880428765,1.353873908133942,0.2166216345902805,1.0,1.0,0.8,0.8,0.3,190,12144191.887932517,3683293952421.246
17,101,1.2916527990684437,1.627535655714474,1.7658567329334105,2.1682839545105015,1.2950027425406605,0.22626199524028312,1.0,1.0,0.8,0.8,0.3,195,12144075.798371002,3683283759080.6006
17,102,1.2907725536076085,1.624181279322052,1.7620504036097255,2.1752145370248175,1.2895096255216199,0.2253677904266928,1.0,1.0,0.8,0.8,0.3,197,12144837.01303826,3683284739239.6
17,103,1.281517150767172,1.6223187769410934,1.7724928716196608,2.1855562358550857,1.299652941527063,0.2141110261468903,1.0,1.0,0.8,0.8,0.3,198,12146911.639313385,3683287791423.917
18,0,0.9198594345507013,0.9813479120710974,0.9291798374065678,0.011053573584910636,0.0,0.0,0.0,0.0,0.8,0.8,0.3,1,2002.9587191167516,8202.562124913826
18,1,0.9504413042888632,1.0183527458690083,0.9658357416954637,0.05331473631046061,0.04624603540448577,0.04864432417830577,0.00010969014148205,0.00013003259264151998,0.8,0.8,0.3,3,1725.327532115262,7470.161763773426
18,2,0.8995836325979064,1.0039711603643053,0.94934825280774,0.05241035741990071,0.12270317856061229,0.02971424123031575,0.01507213778053772,0.0037605841395322104,0.8,0.8,0.3,4,1774.5785558159655,7609.401235035619
18,3,0.7156634199076043,1.003611537974595,0.9490462445455492,0.1120505214507448,0.6288050171708671,0.05938048398763611,0.04626465205706715,0.05484460657403371,0.8,0.8,0.3,5,969.4673076507684,5784.933825010119
18,4,0.6506499353637769,1.0001372060311227,0.9386570476255647,0.14987035564925622,0.2788683633160133,0.07603704508054948,0.06455725338156243,0.08465605712758034,0.8,0.8,0.3,7,1297.6985795950327,3601.447338750645
18,5,0.6073117931698286,1.012210667041012,0.9417259562869351,0.21481557829714956,0.38619223415351,0.08607539990723416,0.09673775663727976,0.18758129305637722,0.8,0.8,0.3,9,625.3488454017125,2186.267411579539
18,6,0.6094246052395164,1.0240715856031375,0.9514632524384691,0.24347422369995106,0.27043794365954354,0.08263809257376366,0.12003108008606973,0.215502469909462,0.8,0.8,0.3,11,349.58944480549576,3423.279637639332
18,7,0.6448511206356244,1.065588217581016,0.9914169157679747,0.3005294591020188,0.30889578897556014,0.08716175716882706,0.1582567245661516,0.2703145608648883,0.8,0.8,0.3,13,705.6183601045412,3619.267542769644
18,8,0.8788501093060563,1.2997552778053831,1.2255398526773593,0.5373024987488293,0.5136512922420549,0.09918382451138996,0.1656334977568039,1.0,0.8,0.8,0.3,14,565.2698002737053,3909.917215162325
18,9,0.5948562662885236,1.0376732292734105,0.973343291836847,0.289607547004155,0.3203157868703427,0.0747428671372779,0.17310618575872064,0.19492786454696984,0.8,0.8,0.3,16,6181.267066146136,4454.249543513586
18,10,0.6143749542136019,1.0606849997288057,0.9951541933976773,0.325639542801997,0.3112310174336548,0.09443176910314169,0.18321237238068008,0.21555507285070036,0.8,0.8,0.3,18,13493.863526118512,4484.95629704936
18,11,0.916730599876258,1.3580618280479437,1.2770546014429125,0.6500670356189377,0.7107867560769328,0.07903368918819956,0.3082401996133801,1.0,0.8,0.8,0.3,19,693849.3200897103,3227.296497449735
18,12,0.8797863921777567,1.322823580685474,1.2410281621453805,0.6244439254985991,0.5952542516381791,0.08174953023715974,0.2672297283448015,1.0,0.8,0.8,0.3,21,699436.000360011,3004.357366635892
18,13,0.8761624411472355,1.320204694229095,1.237914819840622,0.6326030467968375,0.5895347306471032,0.0822246063758458,0.267090110911498,1.0,0.8,0.8,0.3,23,699432.9921640302,2983.522770339912
18,14,0.6632001310229398,1.1301297711862897,1.0736065988275783,0.42752945021049066,0.37800277403058424,0.06874934433299909,0.2119736266356278,0.47919677905568836,0.8,0.8,0.3,24,33198.45458263684,4446.289885251603
18,15,0.9766406627873319,1.4328231364678685,1.3630498032451102,0.7455989528734819,0.6937710691874809,0.08277170788446837,0.39684425493679193,1.0,0.8,0.8,0.3,25,1205215.5038595195,2745.090527467255
18,16,0.5758604897534875,1.0557930455152176,1.0112795905937852,0.35171326222938376,0.3188083333365486,0.05567355143880677,0.24751997474884782,0.1534232126601714,0.8,0.8,0.3,26,696514.4935368546,6300.7773372455895
18,17,0.5754486904949934,1.0666606802095895,1.035104348899325,0.3590935866140218,0.28938208724537123,0.05548233747481962,0.24757709598699496,0.15350183968653086,0.8,0.8,0.3,28,695998.4092143556,6345.651903054451
18,18,1.4242083188929018,1.9280953151797935,1.908642820374991,1.22301102475347,1.1805352269570946,0.05495565461751387,1.0,1.0,0.8,0.8,0.3,29,21271.60443838308,716318.3000467184
18,19,0.6564563221925546,1.1668141795689955,1.140278920289015,0.5082270664076535,0.568529629295501,0.05647833868257329,0.41060762572278975,0.1679067524141989,0.8,0.8,0.3,31,1200514.5426269248,3980.296599745583
18,20,0.6496936983743278,1.1613331176506088,1.1322445129240313,0.5243070239232998,0.4891221710312624,0.051765823256894605,0.4175081318503781,0.19349965976475744,0.8,0.8,0.3,33,1203966.0412825695,6891.995445820852
18,21,0.7349495970817866,1.2445201537648853,1.212208616053934,0.6295003716375612,0.659617316935208,0.05118421498773017,0.4492477095724878,0.45043340314131564,0.8,0.8,0.3,34,1199007.2434343302,3710.386659681853
18,22,0.6330955943831195,1.1536624815711165,1.133981150581368,0.5438138276713197,0.4507295102357445,0.051896560679033074,0.41817432652279257,0.19840015832692598,0.8,0.8,0.3,35,1199126.0680588963,7633.481821074903
18,23,0.7660110987975899,1.2742755412635334,1.2400474512634654,0.673529857841878,0.6394283846001698,0.05715734655148948,0.4632897976666154,0.5335463473059312,0.8,0.8,0.3,36,1197541.6220502066,3533.337381913658
18,24,0.7411995345549123,1.2599149160326024,1.237817341321134,0.6764065468593868,0.573684417883465,0.05961530192754788,0.45641984093951493,0.47703372639131114,0.8,0.8,0.3,38,1199061.660322194,7694.417706254981
18,25,0.920818588571082,1.439240534217913,1.416829688964815,0.8625985546131376,0.7498817928330621,0.05916425959442858,0.4872019937986269,1.0,0.8,0.8,0.3,39,1199664.8354364976,7590.64406525621
18,26,0.9203252889768563,1.4386471154221303,1.4161346203496739,0.8573387209477457,0.7412232599805556,0.059164259594428704,0.48720199379862805,1.0,0.8,0.8,0.3,40,1199230.592885706,7658.413042710908
18,27,1.3538953975782217,1.8672966385434806,1.840755208025441,1.314890747144714,1.35358871837693,0.11158538389105344,1.0,1.0,0.8,0.8,0.3,41,1200973.9188226294,7824.86641115353
18,28,1.359163008439912,1.870882239896446,1.8432336953757393,1.3339025820011108,1.2219101509881949,0.12414825021960338,1.0,1.0,0.8,0.8,0.3,43,1198723.6080402066,8026.044413617579
18,29,1.3566583154604908,1.8674970502791481,1.839303574417284,1.339774774191499,1.2102216384881115,0.12389383169032339,1.0,1.0,0.8,0.8,0.3,45,1198138.485832899,7869.680980830706
18,30,1.3453571397012511,1.8557212885662506,1.8272440319494991,1.3383417434947964,1.1947678283947367,0.11124579542586892,1.0,1.0,0.8,0.8,0.3,47,1200684.397510611,7706.721215996488
18,31,1.3225054911072671,1.843701179151004,1.8280032448984438,1.3375104517842151,1.1760899431209209,0.08382998529915169,1.0,1.0,0.8,0.8,0.3,48,1201913.220590958,8010.032778979849
18,32,1.3477295430776894,1.8577202988618626,1.8290171503528678,1.3528158045825818,1.192578252976243,0.11539351372187052,1.0,1.0,0.8,0.8,0.3,49,1201389.81301372,7625.327908347138
18,33,1.3451313120445534,1.8543453447516318,1.825195182153171,1.3650713687487206,1.2097201743523438,0.11443768415453251,1.0,1.0,0.8,0.8,0.3,50,1197898.4547782962,8237.889675631039
18,34,1.3462730023280645,1.8554447276581378,1.8262628854549339,1.3630297081982936,1.1942566654074445,0.11604314266991678,1.0,1.0,0.8,0.8,0.3,51,1199623.4932042086,7957.204586232952
18,35,1.379541995663454,1.8883202485656991,1.8589233895480926,1.403668775665992,1.231277509703447,0.15870700060220672,1.0,1.0,0.8,0.8,0.3,53,1202951.232638084,7828.948089205698
18,36,1.3032555599485454,1.8363954819313615,1.8413924117819847,1.3584559354714607,1.3562739405004134,0.08541607404676113,1.0,1.0,0.8,0.8,0.3,54,1196859.6143822945,8321.623451147057
18,37,1.3023007298560147,1.833596532632057,1.8377821588214054,1.3599574954125786,1.1868079167919834,0.08783918043299167,1.0,1.0,0.8,0.8,0.3,56,1196785.7730482053,8291.8356161159
18,38,1.3014923687147617,1.8317512890110206,1.8354920788965468,1.370540070551945,1.180091659931881,0.08877967473381371,1.0,1.0,0.8,0.8,0.3,58,1196049.701495721,8271.37754157034
18,39,1.2777760346794542,1.7867567514120457,1.7735077478551375,1.3665237967355988,1.2418683976101248,0.07565937983320721,1.0,1.0,0.8,0.8,0.3,60,1200957.0849554571,7992.050445207659
18,40,1.2767629242380594,1.7834041396832208,1.7692978678399467,1.374582315744855,1.1796600757722635,0.07772549917641038,1.0,1.0,0.8,0.8,0.3,62,1200597.2883677804,8005.602583859078
18,41,1.2849667882968685,1.8002727692663703,1.7982600421212287,1.3884890488852872,1.1916381181237532,0.09142624822467134,1.0,1.0,0.8,0.8,0.3,64,1200169.4544458068,8046.693082219412
18,42,1.2772564498193,1.7923084644009268,1.7902062723193322,1.3931247305365757,1.1693462354915318,0.08212395265133561,1.0,1.0,0.8,0.8,0.3,65,1199847.4813508291,8053.713155591793
18,43,0.6409843187659958,1.1817076456364757,1.2253752678706333,0.7900612363251716,0.8009792897705401,0.04664416778662582,0.5350202168002458,0.27114010875958716,0.8,0.8,0.3,66,7384.928030869426,12652.421930322807
18,44,0.6365900735575968,1.1588298981418281,1.1971590392695972,0.7987103421125458,0.6637711930389155,0.047162554842095375,0.539958183184341,0.2842373768382985,0.8,0.8,0.3,68,7490.115565105929,12259.282937101543
18,45,0.6361619236943636,1.1576962306008192,1.1958312370892878,0.798602211416912,0.5589155619130266,0.047162554842095375,0.5399581831843412,0.28423737683829836,0.8,0.8,0.3,70,7509.333232214776,12437.171467737102
18,46,0.6420898153737978,1.1453746224267036,1.1685873447149522,0.8144901464187418,0.604672029612369,0.04525664270635148,0.5500217479658845,0.29616425520317546,0.8,0.8,0.3,72,7438.493557403027,12129.697418224505
18,47,0.6395566051629517,1.138087761028289,1.160052495288218,0.8137956219454148,0.5901062436912732,0.045256642706351505,0.5500217479658847,0.2961642552031754,0.8,0.8,0.3,74,7506.794098298391,12643.215440686465
18,48,0.6676583581585194,1.1623793811755965,1.1833504340437455,0.8535451126084745,0.6357044641052199,0.0408780153340905,0.5352454643698792,0.4475579018342052,0.8,0.8,0.3,75,7641.288425592946,12961.225134787332
18,49,0.6286332203185725,1.1258098464073574,1.157547969617641,0.82100772289918,0.6515087522176722,0.04611783689374492,0.5452944170722465,0.2910127769032125,0.8,0.8,0.3,76,7538.133973804232,12318.076732517437
18,50,0.6334368252461685,1.130494019277833,1.1621987130718407,0.8324342931192551,0.5655894565046772,0.044295037618270236,0.5431585614373551,0.3178339055436722,0.8,0.8,0.3,82,7381.297881524789,13118.034129762946
18,51,0.6745428628328878,1.1361080956648832,1.1489067182230657,0.8909622648672488,0.8571850200990849,0.04422503733228392,0.5446170319723531,0.485139773706999,0.8,0.8,0.3,83,7575.5111927988355,11571.587505582607
18,52,0.6723741230400176,1.1323030462513897,1.1447163020331514,0.892414391306099,0.6229239382036641,0.04425706933718287,0.5432976300806457,0.48338891760402136,0.8,0.8,0.3,85,7518.906576815837,11590.801249876617
18,53,0.6303644504334358,1.0901674122366842,1.1025514129943224,0.853934505285664,0.574263019811526,0.04507176440644619,0.5004018988843711,0.4557233530856517,0.8,0.8,0.3,86,36126.183953415326,13657.607491494517
18,54,0.671262972880437,1.1268930720509063,1.1383012518903608,0.8891191802606458,0.6553256916616607,0.04395164467228564,0.5442386694155974,0.48322305928959297,0.8,0.8,0.3,87,7506.008918324503,11687.765504225456
18,55,0.628472948232297,1.0837881540683207,1.0951229814514032,0.8601297351351382,0.5758572256765561,0.044863492383068956,0.5002326335801351,0.455886530131892,0.8,0.8,0.3,88,36214.68691691708,13789.766977116971
18,56,0.6710337208865771,1.1241517940925152,1.1349769090953574,0.9033466314776346,0.6369616749957349,0.04341954448948045,0.5447779264813177,0.4854161637847212,0.8,0.8,0.3,89,7489.416710378869,11830.613011320373
18,57,0.7590996900704365,1.2180577628288045,1.2406487634368681,1.0239774243460933,0.7312619899092402,0.0494765370360028,0.6104697097013762,0.5937889732681956,0.8,0.8,0.3,91,7476.907926667166,13304.897661449542
18,58,0.7582477145997029,1.2154105708072789,1.2375911878047756,1.0305152684881658,0.7142182942881059,0.04927071038473098,0.6103004443971403,0.5939521503144354,0.8,0.8,0.3,93,7437.169801451666,13513.910253751785
18,59,0.7579900483684082,1.2115796397754013,1.2329481886619778,1.030988709134391,0.7233037142783091,0.04890637154936236,0.6108652570782204,0.5964546181452599,0.8,0.8,0.3,95,7447.580318691823,13297.225546067242
18,60,0.9235330435132192,1.3723656795141292,1.4137256993411937,1.208033420043814,1.125293245552477,0.05130462007402289,0.8671441691825871,0.48487564681220635,0.8,0.8,0.3,96,7262.510397305986,17722.65603500812
18,61,0.9335419703308045,1.3922472971027144,1.4463200928722366,1.228732104072804,0.8964511259932858,0.049041939023617094,0.8823562255108353,0.4848718651901175,0.8,0.8,0.3,98,7263.036822170175,17722.78820611301
18,62,0.9401057395358823,1.3895553318189469,1.4416422816718397,1.2438393238092995,0.9399872942902179,0.052085177308724626,0.8769303031632252,0.5209070415120435,0.8,0.8,0.3,100,7334.565932573796,17593.33706587408
18,63,0.9404931122672497,1.4072768578834847,1.484286758414443,1.2920725650272795,0.9084165023453397,0.05430086330903209,0.8893149936594664,0.48733073913672886,0.8,0.8,0.3,106,7467.441458707658,17483.40320431084
18,64,0.9445179127481527,1.4208800712440728,1.5105465412325185,1.3072837477086512,0.9125106838612017,0.05289127112609475,0.8907182556634401,0.5020376768015079,0.8,0.8,0.3,108,7541.708410638916,17204.82559664131
18,65,0.9269000126363529,1.3952508148105716,1.483228660741762,1.2906319999673008,0.9594122263761088,0.05397582343921342,0.8743053976645765,0.4903497153835998,0.8,0.8,0.3,109,7362.050044664737,17189.65646397234
18,66,0.9256430905207575,1.388089441570066,1.4748408564171267,1.289949435443696,0.9143321213952365,0.05397582343921344,0.8743053976645758,0.49034971538359995,0.8,0.8,0.3,111,7423.966324873474,17553.35466566351
18,67,1.065956227951681,1.53913309072813,1.6387868414914357,1.452286523069966,1.0341590616743181,0.052192873060896615,1.0,0.6279650207185496,0.8,0.8,0.3,112,6955.530399688805,15986.144320518742
18,68,1.0657820249115961,1.5382508302468971,1.637757418604581,1.4595090155873198,1.0361122831658074,0.05226660826480891,1.0,0.6276877662207644,0.8,0.8,0.3,113,6956.298697420573,15558.198997369316
18,69,1.098328249152737,1.5591053855575523,1.6455103990071507,1.484778229551972,1.0648280500573915,0.055733551877326794,1.0,0.7272728313735352,0.8,0.8,0.3,115,6909.474301248149,19106.97846351961
18,70,1.0634328204929335,1.5243496959401648,1.6214751698564873,1.4620671791145796,1.1231244782075636,0.05435997560761172,1.0,0.6221174641596222,0.8,0.8,0.3,116,7045.908638405485,15827.270651618514
18,71,1.063324080113359,1.523684796767818,1.620696292717835,1.462003741719667,1.0347638213201993,0.05435997525048718,1.0,0.6221174081347035,0.8,0.8,0.3,117,7067.704449869462,15953.81730520734
18,72,1.0621305573377713,1.5193729944119307,1.6157470085850063,1.4610733841114447,1.0555262976543716,0.054751233582876244,1.0,0.6191077231923731,0.8,0.8,0.3,118,7071.940901389016,15812.214593637473
18,73,1.0954535751205894,1.5497303239557096,1.645499716347984,1.505717120035208,1.0881433689706022,0.056376787968388443,1.0,0.7277320865475081,0.8,0.8,0.3,119,7050.265492086279,18344.449850573128
18,74,1.174717103718099,1.638527999584772,1.75769557675407,1.6993625981099836,1.1531703250026644,0.056261860731922894,1.0,1.0,0.8,0.8,0.3,132,884813789.3681946,16330.120002700196
18,75,1.1807923816015446,1.629995712454134,1.7462460049309363,1.7103983777923137,1.2130141613765795,0.06688973934898762,1.0,1.0,0.8,0.8,0.3,134,884845343.6213175,15824.403541606578
18,76,1.1715160649465948,1.6149647514174317,1.7300757187817803,1.709055410906673,1.1683516662871885,0.05641697928054288,1.0,1.0,0.8,0.8,0.3,136,884843292.2787335,15665.37520879118
18,77,1.1699418631067706,1.614255676588005,1.7403329190072696,1.715580636169922,1.1865812415503993,0.05637391958421003,1.0,1.0,0.8,0.8,0.3,138,884865092.0617526,15402.841997345866
18,78,1.1694344857021093,1.622126394501618,1.7606506978259,1.7304853077015097,1.1562848386273308,0.05624592438036945,1.0,1.0,0.8,0.8,0.3,140,884865016.6162751,15296.003160539138
18,79,1.1693838899687905,1.621944169268217,1.7604427033410663,1.730438980888499,1.1454883295800187,0.056205990404699924,1.0,1.0,0.8,0.8,0.3,142,884848547.9318211,15020.180327120344
18,80,1.1681627869545166,1.626325298999508,1.7767311519090252,1.7490101144849417,1.1668208449392916,0.055657816976785825,1.0,1.0,0.8,0.8,0.3,144,884882990.7278341,15532.280912718134
18,81,1.1671231688517107,1.61956568637499,1.7688591860615825,1.7629867236122705,1.1896576115821937,0.05532592326393152,1.0,1.0,0.8,0.8,0.3,145,884871879.748036,15269.028648182368
18,82,1.1715580391364808,1.6103643428784287,1.746185639757706,1.7439651407244032,1.1683308016040344,0.06127269693967298,1.0,1.0,0.8,0.8,0.3,146,884897016.0844345,13463.980702864432
18,83,1.157113983368247,1.6026057543690768,1.7505536870692107,1.7416835043459085,1.152935523077972,0.04394708077852314,1.0,1.0,0.8,0.8,0.3,148,884886007.523625,13410.158902409898
18,84,1.1573000595804854,1.5993383229082443,1.7466199070483148,1.7419479205506658,1.1629429409713452,0.04472588498347383,1.0,1.0,0.8,0.8,0.3,149,884898226.2599094,13870.07233935742
18,85,1.1895098519537108,1.6197558617805838,1.7539238173613483,1.8457216774887437,1.1682940421352301,0.08507964546664733,1.0,1.0,0.8,0.8,0.3,169,884917534.2908242,13104.50428721307
18,86,1.1883011647058337,1.6121100895502545,1.7450403886431378,1.852237851825144,1.1928800984918362,0.08455599612391655,1.0,1.0,0.8,0.8,0.3,171,884932020.6498495,12923.056369726391
18,87,0.9732499801483582,1.4179023797683048,1.5765336627166875,1.6524162778501454,0.955841200286737,0.04677880045955987,1.0,0.3845280747129812,0.8,0.8,0.3,175,884677127.4671293,14466.925348208042
18,88,0.9732156259413208,1.4274673913731064,1.598791589547807,1.6866100259024424,0.957118554142776,0.04555801523500902,1.0,0.38830509240454253,0.8,0.8,0.3,178,884711216.6977205,31507.775800997995
18,89,0.9732883441307842,1.4267372931193247,1.5979078250502408,1.6866933875082617,0.9562365140317124,0.04688511736383383,1.0,0.38532437642227774,0.8,0.8,0.3,180,884681406.7426277,31768.28042872845
18,90,0.9735351201240303,1.4225830747703323,1.5929121264517874,1.6946025021829554,0.9710230077444773,0.04646207347204724,1.0,0.38898295623730933,0.8,0.8,0.3,182,884714121.9100914,31743.613209600026
18,91,0.9735154808814023,1.4223924490263684,1.592688901357035,1.6945843179162452,0.9545296548010591,0.0464620734720473,1.0,0.38898295623730933,0.8,0.8,0.3,184,884711806.8703358,31713.634930525703
18,92,0.9818926924554898,1.4493797048898622,1.644952600040763,1.741008108917989,0.9700609700182056,0.04851015061020555,1.0,0.41288502500293084,0.8,0.8,0.3,188,884689450.994612,14303.65668116867
18,93,0.9747720749829833,1.4662920351861655,1.6990462036155238,1.760897844983572,0.9689777849721748,0.0454987750424592,1.0,0.40067933075552203,0.8,0.8,0.3,194,884575582.8770854,14315.712890854713
18,94,0.9740686437004415,1.4742211390010787,1.719488749246446,1.7758905607506557,0.9661011110701885,0.045493433162697425,1.0,0.3992572304753464,0.8,0.8,0.3,196,884566894.7840841,14660.612188379087
19,0,0.8112534974274055,0.9533050700036718,0.8963343841054282,0.008474428291040972,0.0,0.0,0.0,0.0,0.8,0.8,0.3,1,3603.058692963679,7463.113328154744
19,1,0.826967096639677,0.9824139280329802,0.9245590398739337,0.045667405028877756,0.052305102593803415,0.04271531894147699,0.00010136823555110001,6.328986538246001e-05,0.8,0.8,0.3,3,3488.233991830102,7410.110382554102
19,2,0.7839590227903217,0.9632048261304783,0.9037049574895809,0.037497713812816406,0.09175418868318368,0.01648153492307635,0.01414520816999946,0.00055718425917624,0.8,0.8,0.3,4,3339.1288518404085,7304.487801227033
19,3,0.6373429143350041,0.968758106274169,0.9095349135536794,0.10189742199366744,0.6122975989768538,0.052199007976027625,0.05221846108958461,0.03260290913488431,0.8,0.8,0.3,5,2004.079407419899,5035.091700430978
19,4,0.5741884393304741,0.9866294609491633,0.9145046826722999,0.19281451543973793,0.44970610570937464,0.0901289477637382,0.09091323629682596,0.13895574548435524,0.8,0.8,0.3,7,2495.0573906063423,3768.33512378596
19,5,0.5246096956947897,0.9600398768012748,0.8813911862344532,0.2059235003135559,0.33091359944709975,0.08039044173854722,0.10977258942871333,0.1529822199245387,0.8,0.8,0.3,9,1685.1365956020377,1902.5287789648744
19,6,0.49443256020110266,0.9453137428198841,0.8586086464633613,0.2394378781496354,0.394624669384027,0.10080546960997609,0.11785772856174112,0.1847052789055105,0.8,0.8,0.3,11,2030.4761142745624,3567.8988956353687
19,7,0.5009839576472745,0.966803240311543,0.886446287462188,0.3089948284381334,0.3472995799970018,0.09569084417559712,0.1369906488199865,0.3110917336952725,0.8,0.8,0.3,15,2465.1739539412374,3207.016717506244
19,8,0.49493576852149346,0.9606873205807231,0.8792232158136091,0.31828036395520953,0.30240044936492766,0.09596466172046336,0.13708346619554818,0.31127889336821724,0.8,0.8,0.3,17,2429.389011195049,3191.576811160432
19,9,0.4653985721427176,0.9302760149432961,0.846195010490591,0.30718188744067537,0.3180505730190108,0.09762801053916116,0.13663172075568034,0.25761076330208066,0.8,0.8,0.3,19,2581.7906730553377,2902.359541525356
19,10,0.47648695494663723,0.9748997432520363,0.9296735192311922,0.32249984974524487,0.28254059477721516,0.09622483139654608,0.1413014204062781,0.2884574284115394,0.8,0.8,0.3,20,2622.6072385255734,2908.733716705588
19,11,0.48081484743272074,0.9449624906410226,0.8596698318964704,0.3355086783362403,0.32988858133031074,0.09555676736790189,0.14509639869496804,0.31309997631357567,0.8,0.8,0.3,21,2608.5016393824885,2900.754131659337
19,12,0.4757500657306689,0.950589346914206,0.8775966938360171,0.3324498478980202,0.3135315774793956,0.09783681821094316,0.14014655474390292,0.31526222553591243,0.8,0.8,0.3,22,2238.880667628456,3198.245612855701
19,13,0.4849246189605694,0.9583131386265078,0.8836808580320004,0.347271655308481,0.3691277028611801,0.09930622518967605,0.1511817425577617,0.3395754699020217,0.8,0.8,0.3,23,2217.757404578566,3110.542831752052
19,14,0.6618059975126724,1.1346769429147925,1.0595376453803573,0.5336329037078097,0.5022660963114812,0.09703562608849386,0.2006220436047521,0.8115364636315073,0.8,0.8,0.3,24,2304.13390490328,3113.808466184647
19,15,0.4683939152614355,0.9352883874478243,0.8556358489807302,0.35644644162045996,0.4926163992281677,0.09859401659822364,0.15909740523632904,0.34133201572816557,0.8,0.8,0.3,25,2244.3514835534424,2879.116129392922
19,16,0.6480476875636163,1.1149379491518117,1.0352828049249645,0.5511365224159812,0.4882520864892501,0.09662762991930832,0.20863497610417303,0.8133575465768669,0.8,0.8,0.3,28,2472.338606307467,2825.807853870921
19,17,0.4670676882121212,0.9449818387562492,0.8782138358935956,0.3861482198848415,0.3123406159259895,0.09959586741791557,0.15778324408584388,0.3393852540349987,0.8,0.8,0.3,29,2280.7153896719947,2838.787370431136
19,18,0.46592975629840133,0.9429962574266691,0.8757069285390234,0.38205616902380996,0.33004238305739775,0.09875728707631888,0.1591904693637502,0.3413981633237775,0.8,0.8,0.3,30,2279.2436060604405,2854.009538056111
19,19,0.6062164589370578,1.070501432142182,0.989285821495782,0.5335812694864642,0.471774844170997,0.0978415731633236,0.20585659124396413,0.6997812726088551,0.8,0.8,0.3,32,2287.079470257789,2617.725983822465
19,20,0.6101532274740986,1.0742665437574828,0.9929534576838768,0.543929739698187,0.4592150049472389,0.09858237064746,0.20843121851587965,0.7053882211770526,0.8,0.8,0.3,34,2308.979879069132,2729.143028179694
19,21,0.6159400212285603,1.0756007837135828,0.9919289406895244,0.552730176877037,0.5685208862596146,0.09137113750260674,0.19859972967303985,0.8011932619051725,0.8,0.8,0.3,35,1988.7728885625124,3302.989638929561
19,22,0.49309529589871975,0.9452186589404201,0.8580817352956205,0.45486070156270436,0.40929143419908415,0.08825188576091302,0.232621680709451,0.3516223124349092,0.8,0.8,0.3,38,2045.4823863984243,2895.148694112258
19,23,0.49297833445965833,0.9437531529869013,0.8560457376293965,0.45945436909401344,0.3756875292829495,0.08859415624476677,0.23417779731913244,0.3527796601816218,0.8,0.8,0.3,40,2021.0981605293352,2926.2735638083805
19,24,0.65015289099787,1.0942913541150485,1.0039315233686081,0.6247589572561871,0.6383995751220237,0.08854067406951815,0.26860921049259573,0.8145254197598497,0.8,0.8,0.3,41,1956.0287060665669,2978.9321892955973
19,25,0.648590662599031,1.091568574423822,1.00076962269736,0.6327695231496631,0.5388603457978018,0.08826190875913853,0.26866360918242427,0.8145937585529678,0.8,0.8,0.3,43,1997.401602442732,2875.295110434205
19,26,0.6469354411425086,1.0891540541089721,0.998070531295244,0.6379312571521318,0.5349731170977221,0.08865115512404932,0.26744966712424245,0.8142849450706307,0.8,0.8,0.3,45,2013.7624809436545,2818.880820283962
19,27,1.2275215801823824,1.6877070651426778,1.621002612643588,1.2405422466508773,1.1479395200534832,0.08845900038526516,1.0,0.8133794980704494,0.8,0.8,0.3,47,1968.0923855265703,3033.3839967243025
19,28,1.2258378680660384,1.6846228468079787,1.6174248461741967,1.2369878963017584,1.1246227077084505,0.08818075601559813,1.0,0.8134478368635687,0.8,0.8,0.3,49,2009.336364807751,2925.9140659346517
19,29,0.5771565645781089,1.0381574398642865,0.9809347265159352,0.6198128772524343,0.5976755691941278,0.08863288895282662,0.3796862104059252,0.3330617202203905,0.8,0.8,0.3,50,2541.152807839805,2734.226208825642
19,30,1.29219139468614,1.783727911847875,1.7645156636136037,1.3585283716833496,1.20583278281233,0.11539925697511481,1.0,1.0,0.8,0.8,0.3,53,3633.333039324252,7488541.261082701
19,31,1.2920405597848652,1.7946044612898646,1.7883364270673192,1.3743139184321629,1.193470372310508,0.11540046457269075,1.0,1.0,0.8,0.8,0.3,55,3637.163842247366,7487867.942410451
19,32,1.2919511742644612,1.7944099962422275,1.78810855848614,1.371402945139887,1.1936883896499437,0.11540122179886525,1.0,1.0,0.8,0.8,0.3,56,3639.571884628682,7487446.570491791
19,33,1.2888233086938314,1.7753175416787175,1.754530283177211,1.377850650467198,1.2233917470737574,0.11638239434303832,1.0,1.0,0.8,0.8,0.3,58,3417.13736715115,7489201.212042293
19,34,1.2869530078578415,1.7721859957001334,1.751011893288382,1.3412397998949581,1.1975082119907772,0.11529144542278105,1.0,1.0,0.8,0.8,0.3,61,3649.953275895168,7481377.082986541
19,35,1.2876414849537678,1.795023114660809,1.7997741123025348,1.4034926783081658,1.1960467890940367,0.11638239434303824,1.0,1.0,0.8,0.8,0.3,62,3521.7616633034827,7485272.521310195
19,36,1.298107770798393,1.8019449229477973,1.8056285068966924,1.409525274465321,1.2280191532139557,0.13282402436740423,1.0,1.0,0.8,0.8,0.3,64,3615.277921470707,7594882.0591369
19,37,0.7621305419553716,1.2436274451889608,1.2310897914626202,0.9048147739256062,0.7107912976230486,0.07718665341880152,0.494590547815635,0.7351038015812905,0.8,0.8,0.3,68,2917.885270976134,6495.860596208207
19,38,0.7707618249937476,1.2377861259156342,1.2113358006818011,0.9189196488640412,0.7072421219600238,0.07621351263876994,0.5033648927435813,0.7499314789928863,0.8,0.8,0.3,70,2939.6669837145137,6673.403004572572
19,39,0.7708448439854517,1.2489389998691385,1.2354519036292917,0.9360420979995431,0.6893135222032979,0.07724482451417286,0.5037238407710622,0.7467774276167534,0.8,0.8,0.3,73,2848.120172044355,6617.063524277311
19,40,0.7713454407062008,1.2328613410221516,1.2049019048744807,0.9386950389866502,0.7526385260612164,0.06795393048346504,0.5092862634506443,0.7691236510436799,0.8,0.8,0.3,74,23229.44175130397,7191.1773124200745
19,41,0.9636477979047982,1.446410409308695,1.4441357548558829,1.1588037479482525,0.8920701613611917,0.0720097984299076,0.6598871764092086,1.0,0.8,0.8,0.3,76,2833.284243061905,3448.806449667468
19,42,0.9663598867152952,1.4417791420694719,1.437557953768866,1.1746355452608794,0.9318243012356544,0.07435212002933284,0.6659629450418367,1.0,0.8,0.8,0.3,78,2867.6902607411835,3701.0124257397592
19,43,0.9526970240155321,1.4245115874080552,1.4193526719516123,1.1729975597933684,0.8995536953408574,0.07241112977729841,0.6531621440926412,1.0,0.8,0.8,0.3,80,3080.686549126016,3427.6704091211022
19,44,0.9587492752918898,1.4275479863290517,1.421613507462954,1.1834994171711755,0.903845960152134,0.07508359948742394,0.6599481680890323,1.0,0.8,0.8,0.3,82,2998.366303859858,3616.135388194734
19,45,0.9587243387320883,1.4263233589222466,1.4200823758160503,1.190907682180485,0.8948402466814525,0.07523184239942309,0.6605062152322209,1.0,0.8,0.8,0.3,84,3046.610771877416,3643.780972637233
19,46,0.9383220682311273,1.403907535878157,1.3971547264039026,1.1780531558563703,0.890032141546172,0.07544119382609564,0.6360122383109771,1.0,0.8,0.8,0.3,85,2911.132542315134,3469.5787249636246
19,47,0.9504839804741789,1.4263845947509377,1.4324074268386746,1.1940562873681764,0.8909218347833587,0.07473307534895483,0.652453147682291,1.0,0.8,0.8,0.3,86,3163.652382176961,3678.4819224945895
19,48,1.1584073175466374,1.6375498105816568,1.6648635089093817,1.435945879813842,1.1364275419700494,0.0674701892892541,1.0,0.8134420756158175,0.8,0.8,0.3,91,2951.4884301657085,10812.362105293045
19,49,1.156245915241851,1.6288659202655218,1.6546298839874922,1.4459901876091614,1.1299738830586303,0.06790708793142416,1.0,0.8134940299086819,0.8,0.8,0.3,93,2904.8165597936622,10672.149765382288
19,50,1.1256834954197572,1.6094288795355987,1.648174764608657,1.4121821972329727,1.0685985091333072,0.06635971618243365,1.0,0.7158448352987367,0.8,0.8,0.3,94,2911.9698083938065,8186.628785814585
19,51,1.133916869935272,1.6090806878902157,1.6458227473737226,1.429605191874871,1.1609558606399395,0.0685749707135857,1.0,0.7477796191268535,0.8,0.8,0.3,95,2834.3476753466075,7060.110846125409
19,52,1.1043817057731686,1.5614371673129714,1.5835935060432336,1.4014729634202239,1.1166202690680143,0.0675181235541332,1.0,0.659987987984796,0.8,0.8,0.3,96,2906.071330096654,8189.968058013415
19,53,1.1062529301955744,1.5619978173571696,1.583855702071194,1.4142296387286342,1.0604012050785292,0.06899219736831555,1.0,0.6637359115027119,0.8,0.8,0.3,98,2931.459880789544,8371.138757715493
19,54,1.1008537279314634,1.547594366130253,1.567421087370894,1.4143620457214865,1.134639976758287,0.06719015493849786,1.0,0.6600637525779132,0.8,0.8,0.3,99,2843.224814204264,7940.120977022916
19,55,1.1201976304681016,1.5763040875232621,1.6087196772909942,1.4304863115873845,1.0773256703855985,0.06656930302943623,1.0,0.7280831500661001,0.8,0.8,0.3,102,2800.202066652032,7952.599985188643
19,56,1.1000331365477103,1.5547680131177377,1.5868792505482805,1.4284094964839613,1.0641843348262354,0.06739317288779063,1.0,0.6600231791623437,0.8,0.8,0.3,103,2869.185607779385,7909.0127475189265
19,57,1.108557563635084,1.5604495766874478,1.591929399808777,1.4304097015910981,1.0871324410151204,0.06510225410287993,1.0,0.6973609302257046,0.8,0.8,0.3,104,2768.5844298417,7904.894182431539
19,58,1.123328434093921,1.5708982990042,1.6014191263716047,1.4749575886548825,1.1172680898048324,0.07378213030465994,1.0,0.7277084643886323,0.8,0.8,0.3,105,3533.7383417607853,10156.094381978715
19,59,1.1100879385928273,1.5556331506102554,1.5857136007760577,1.440224987131031,1.082058754523871,0.07025439305824437,1.0,0.6948041104432238,0.8,0.8,0.3,106,2778.585835238021,8452.045136896459
19,60,1.1198430208693582,1.568324148466401,1.6096077044550285,1.4730357225175874,1.1495980842029676,0.07309982691153985,1.0,0.7271563097025483,0.8,0.8,0.3,107,3547.489367297158,9764.066319130472
19,61,1.1202674826168313,1.5663681065293031,1.607138100188715,1.4847840061906348,1.0881098623562442,0.07406127739176731,1.0,0.7280680435169012,0.8,0.8,0.3,109,3361.798628855521,10376.511834698296
19,62,1.1274877400403,1.5427907660221585,1.5663832355430982,1.501921191863155,1.175798589822137,0.07495654322594816,1.0,0.7657390991334794,0.8,0.8,0.3,111,3954.9089992674735,8773.684023932989
19,63,1.1296579037757843,1.524210337110315,1.5542256262502343,1.514303348824533,1.2315095760342112,0.0778170909790628,1.0,0.7868610637934517,0.8,0.8,0.3,113,6733.968302460571,9161.657521092187
19,64,1.1286166325198277,1.5153415710172835,1.5437758341877073,1.5211423747440225,1.1309122145424815,0.07808085242442837,1.0,0.7873665294678396,0.8,0.8,0.3,115,6681.609729091322,9038.268104465733
19,65,1.1256994925234656,1.5054173599187208,1.5324457011082961,1.5369875053948447,1.1160692955257432,0.07882868421326848,1.0,0.7796511034930236,0.8,0.8,0.3,118,6717.047879229873,8911.066799318061
19,66,1.1271116783834425,1.4939210594277668,1.5183823191418508,1.5610827472737425,1.1528146631687028,0.07853016492207114,1.0,0.7920974525851131,0.8,0.8,0.3,120,6646.799832979921,8196.153527976605
19,67,1.1167454147983962,1.5033082359710535,1.574859985930836,1.643431239915583,1.104243337245773,0.07509119138953896,1.0,0.7787651349798734,0.8,0.8,0.3,139,2637.6644466350504,6109.700128069082
19,68,1.14767042154789,1.5285187729223408,1.6098033657887607,1.6630162293080342,1.2600560090233954,0.07475186073289518,1.0,0.8899590633657869,0.8,0.8,0.3,140,1601.5055963669288,13708.279336135976
19,69,1.109542519057447,1.4655387055289089,1.5312114901110077,1.6444332659507928,1.196751906497671,0.07460969001275085,1.0,0.7685780095430284,0.8,0.8,0.3,141,2545.5732337774,6065.118968616911
19,70,1.1140232098685048,1.4673132281250836,1.5324706229182334,1.6607416592239113,1.105561962892656,0.07523147746939504,1.0,0.7828666291376651,0.8,0.8,0.3,143,2600.1536328410266,6285.805484126913
19,71,1.114041640495144,1.466543243424697,1.5315506786589959,1.6684163590791994,1.0982039122701124,0.07533058127367301,1.0,0.7829546755539184,0.8,0.8,0.3,145,2591.813162866486,6181.419416110201
19,72,1.1164030067105437,1.4613793602219576,1.5249580500952975,1.6779876798676812,1.1566863067985942,0.0742762999084108,1.0,0.7963617118318556,0.8,0.8,0.3,146,2526.72424465526,6013.459130279169
19,73,1.146352038667907,1.499149810572308,1.5750889230862084,1.6889399229602433,1.1546514028907657,0.074642980323231,1.0,0.8963963440253926,0.8,0.8,0.3,147,1678.7495859360415,13288.054050261038
19,74,1.1185881834314442,1.4785587696443305,1.5776287351359828,1.72024276335457,1.1414130199713333,0.07253329472903661,1.0,0.8145587262009751,0.8,0.8,0.3,150,1707.0769912816163,14257.55258442752
19,75,1.1183650978077484,1.459687730581996,1.544362403274771,1.7121753622369744,1.1597549367214928,0.07156166965572504,1.0,0.8187421610538015,0.8,0.8,0.3,151,1691.0692250719396,14410.347994661512
19,76,1.11446688805181,1.4578160527996327,1.5537777861717363,1.7152468371519862,1.1230916454677105,0.07146794766359338,1.0,0.8087537240388754,0.8,0.8,0.3,154,1709.0854660466005,14238.378220756147
19,77,1.1174783683486396,1.448534682405066,1.5312932187504764,1.7345768493955551,1.105674264322564,0.07234067779161524,1.0,0.8167839483160794,0.8,0.8,0.3,157,1699.9291788765709,13952.682284007646
19,78,1.1137561502510043,1.4607563530284444,1.5683135841286595,1.738556678534565,1.1487444603208505,0.07113486619689904,1.0,0.8094426414330055,0.8,0.8,0.3,158,1680.1655199859204,14063.849493691803
19,79,1.1047864105437801,1.451156893848764,1.5585972324481356,1.7334760954520527,1.0955969732070674,0.07047027783120653,1.0,0.7814927910839659,0.8,0.8,0.3,159,1910.680893697785,10791.066143556243
19,80,1.1145797058975253,1.434929564339985,1.5266262959482413,1.7502959644001903,1.139134849810544,0.07029308625205836,1.0,0.818614337256523,0.8,0.8,0.3,162,1623.227072187433,14124.781186216034
19,81,1.1433720853099025,1.4704293141047642,1.5742970775265688,1.7950902966523778,1.136596926010066,0.07657526092816662,1.0,0.898991317067335,0.8,0.8,0.3,168,1794.6515185411524,13701.178224581154
19,82,1.1592408943309944,1.5339630163837954,1.7012958013977084,1.9180095913621211,1.1537096093306574,0.08213028141151565,1.0,0.9391468889936585,0.8,0.8,0.3,178,3930.104302216536,4800.104343711855
19,83,1.1597382841557655,1.5421669646565483,1.721857942759912,1.9310892139021358,1.161298160438569,0.08077421329334865,1.0,0.9452638214306776,0.8,0.8,0.3,180,3861.360752271197,4662.227174734503
19,84,1.1589680038842107,1.52833651117339,1.6946865157560969,1.9205921602430138,1.1545031752900992,0.08223510928683922,1.0,0.9392415812903652,0.8,0.8,0.3,182,3899.0817458435545,4751.074382612967
19,85,1.1603926408474834,1.4758935908768118,1.5885839788980411,1.9259514235262343,1.217227946929952,0.08115572839068971,1.0,0.94896142813248,0.8,0.8,0.3,183,3803.529443847679,7280.803930872149
19,86,1.159657957198494,1.4836918814570392,1.6088943099906379,1.9384891712188388,1.1590538908442443,0.08095045938177318,1.0,0.9476614975840407,0.8,0.8,0.3,185,3813.9377949505215,7138.159843409015
19,87,1.1599916295376091,1.4884174557822318,1.625377424772781,1.9458094270003807,1.1751454923860127,0.08088328161011005,1.0,0.950441940864162,0.8,0.8,0.3,187,3871.546972610864,5490.441537363293
19,88,1.1587812302269223,1.4930787524246392,1.6420677782779047,1.9692388612018967,1.1687768776961611,0.08196060726601934,1.0,0.9446670352551042,0.8,0.8,0.3,189,4020.7404570525687,4614.212875432134
19,89,1.1657429653627052,1.5071514019996395,1.6793629199167195,1.9952350698282635,1.2135442912692762,0.07785613041563476,1.0,0.9819050642925555,0.8,0.8,0.3,191,4024.049534642093,4540.859201079393
19,90,1.170472862906719,1.5164233548993786,1.7004292369638,2.007625011585975,1.186531111724376,0.07866861930980437,1.0,0.9967745632679534,0.8,0.8,0.3,193,3949.685294342089,4451.188782417616
19,91,1.1703727799721335,1.522615999839799,1.7187346643148733,2.041380600859826,1.1711938646392133,0.07887928488232909,1.0,0.9967899402444829,0.8,0.8,0.3,197,3978.081181667953,4433.589321405727
20,0,0.9404020270864863,0.9862790495896204,0.9349554750580403,0.011507232717215274,0.0,0.0,0.0,0.0,0.8,0.8,0.3,1,1671.2716758651864,8073.358099974274
20,1,0.9758248400493635,1.0279468232929196,0.976294851101517,0.05832286145452262,0.050381891739320075,0.054349814107740146,0.00010637536253598,6.730759416534e-05,0.8,0.8,0.3,3,1662.1827429995246,6938.105617832152
20,2,0.9468551019499082,1.182332233183453,1.132421689748696,0.2798578156775432,0.7116473808649336,0.07943614040795344,0.1714734531714825,0.1726078581009629,0.8,0.8,0.3,4,3084.8397072679604,8826.840313790144
20,3,1.4582883736312355,1.710522421473468,1.6452359567115369,0.8169316440807292,0.9025317986026892,0.00469263162184704,1.0,0.00673726505236834,0.8,0.8,0.3,5,1743.6381831921924,35168162.48748753
20,4,0.8093720939724443,1.1419166801557643,1.0681815729952469,0.30955071369434983,0.6311362246631527,0.07713034093091552,0.20565778346106015,0.20090767553537078,0.8,0.8,0.3,6,2691.898701030584,16818.651613112022
20,5,0.8002060409257642,1.1380815676085654,1.0636595162409666,0.31522062930522765,0.3006942233747391,0.0772580856853279,0.20571917974644638,0.2009907473829024,0.8,0.8,0.3,8,2699.121073139683,16877.80455569356
20,6,0.7918663500063554,1.134718084895022,1.0596295158205844,0.3191688833562244,0.3142851306906058,0.0772308108110014,0.20640890648939272,0.20098312896798606,0.8,0.8,0.3,9,2649.768238475457,17672.33268895687
20,7,0.7252606081365873,1.1237939729927944,1.0546123780735273,0.337040692331818,0.596345586168496,0.07917803552381192,0.22088135367573258,0.22150582892211582,0.8,0.8,0.3,10,2901.8384229846843,18413.519073232725
20,8,0.6948020829882459,1.106971540421317,1.0348931667760128,0.3419725109858369,0.3653700621463103,0.0537249534234633,0.23959603450728806,0.23978260274911264,0.8,0.8,0.3,12,2723.109972132467,14612.909876312488
20,9,0.666762271057859,1.0953565537509793,1.0189719834117585,0.35983228936517675,0.40792723554090204,0.05552857259661411,0.2539414288987508,0.24181800389166802,0.8,0.8,0.3,14,3049.1650511031426,15106.911804445825
20,10,0.6512319367200207,1.1065651608764298,1.054795848187454,0.3725962186194366,0.3735631261464851,0.0554038909154239,0.25029443902201765,0.24151869538261123,0.8,0.8,0.3,15,2993.2742216843835,13795.662119034014
20,11,0.6875702718906564,1.1363793646816434,1.0699178081941094,0.4128237102532298,0.436890136749938,0.060750787806150855,0.29010655353646253,0.2907509922796582,0.8,0.8,0.3,16,3499.375237112867,16799.015389794793
20,12,1.0141070111375101,1.4888730590888757,1.447248073842285,0.7717548924244857,0.7557389466498192,0.1369738071522213,0.41439646102003136,0.8789974103861663,0.8,0.8,0.3,17,3059.493279368848,21655.10938819449
20,13,0.683678950797204,1.1666607409392744,1.1202056253960038,0.4741217058744131,0.6045511583979966,0.058646122735967775,0.34405389421228494,0.295421613177688,0.8,0.8,0.3,18,3581.638522163265,15812.465716249551
20,14,0.6578080790838015,1.1535128079851962,1.1188210120205022,0.46384891802134426,0.41881796612735517,0.058487737148142524,0.3250683969846614,0.2893792261338789,0.8,0.8,0.3,20,3280.864094251242,15593.02153818778
20,15,0.9147578473436477,1.4010038997677137,1.3514955920488432,0.7409209585115236,0.7369107402478785,0.09975894864752935,0.4388872736656856,0.7734713332552959,0.8,0.8,0.3,21,3430.3808806191955,17088.516604163524
20,16,0.6843540110501474,1.1836442106361795,1.143541152346878,0.530332697102144,0.6020614439140264,0.07518599391845696,0.3574216143794961,0.36433901387664896,0.8,0.8,0.3,22,3709.179604640077,16158.031784227696
20,17,0.6784288171183179,1.16659131006566,1.113236341100778,0.5327551818038432,0.46144195778730185,0.07372319563090256,0.35897477439300346,0.3494958886103376,0.8,0.8,0.3,23,3585.5454319630567,16389.75952333584
20,18,0.6823008560815511,1.1591955625477386,1.0903720959371652,0.5367508844613993,0.5696500681112082,0.08024304154141162,0.35519032306887927,0.40293395778475205,0.8,0.8,0.3,24,4146.535944453537,15697.984373919118
20,19,0.8923705665576057,1.3899555921274414,1.3433943397224444,0.7857788099812965,0.8519991641356034,0.10139481398998651,0.47968801918999154,0.7818109798470578,0.8,0.8,0.3,25,3604.595410403883,17769.874138375908
20,20,1.1005416599277518,1.586042470303968,1.5253775748997087,1.0055545670666115,0.9581023518865805,0.09727504651933497,0.669152951978094,1.0,0.8,0.8,0.3,26,3603.439668600801,19340.752760979434
20,21,0.9605849078877184,1.468193758103439,1.4331998752103434,0.8684782555960051,0.788204694842455,0.10688795175860026,0.5078129998062815,0.9435033374644837,0.8,0.8,0.3,27,3304.718512851295,17938.90068372222
20,22,0.949588123367139,1.444911864547128,1.395813703618792,0.8652866871365259,0.8141949358538401,0.10524191737813833,0.5040568649705311,0.9391352146825399,0.8,0.8,0.3,28,3239.793007016626,17881.94462169742
20,23,0.9585259306480198,1.4414686338502807,1.3783081265656683,0.8695811975391186,0.8264985890165741,0.1026428325727041,0.521795212960755,0.945301033437279,0.8,0.8,0.3,29,3151.181809379571,16121.652595955346
20,24,0.9572133663821063,1.451012059548768,1.4005676448325284,0.8774975798442155,0.7889057861131139,0.1026428325727041,0.5217952129607553,0.945301033437279,0.8,0.8,0.3,31,3219.837542255743,16036.302951189287
20,25,0.7726947567748659,1.2533350889862331,1.18836359479668,0.7028647566002095,0.6368815136795656,0.06621681097217305,0.5413772681692605,0.3983559819138766,0.8,0.8,0.3,33,7933.975847028621,15770.02272419532
20,26,0.7600663781076062,1.2301075443254825,1.1590188268039636,0.7133850563711084,0.8674442755304679,0.05896662278701319,0.561456504508943,0.40578504861067605,0.8,0.8,0.3,34,8110.73518915684,15720.442722237713
20,27,0.7240715844760306,1.2034881439549685,1.1445207351715063,0.6927719320411223,0.6033717153981697,0.05706985468286672,0.5257186947207095,0.39717719554701897,0.8,0.8,0.3,36,7293.960458922149,16062.342214147264
20,28,0.7548663162762588,1.2321117441308713,1.1721359548115462,0.7319942616377746,0.6613728207809568,0.05521687944744354,0.5691090757527125,0.40145067865371553,0.8,0.8,0.3,37,7868.451182413509,16082.62048908757
20,29,0.6690504256814133,1.1501465023400306,1.1000970814133986,0.6668073907693677,0.6693366166744491,0.06785734926967676,0.4603385626168193,0.40706698738337704,0.8,0.8,0.3,38,9009.215076512037,18824.46210305904
20,30,0.6675019102325257,1.1480399745702723,1.0977689517068412,0.6744845862491277,0.5483824263769836,0.06671203787760716,0.4604457405034452,0.4071264560048856,0.8,0.8,0.3,40,8946.9456696288,18887.622194132007
20,31,0.8807935331790382,1.3503815640933534,1.2870291099300277,0.8841308071010436,0.766860860929485,0.05470655720981271,0.7399314604530576,0.407241337372115,0.8,0.8,0.3,41,2695.0429889337674,18280.005102739728
20,32,0.8822688290347944,1.3502466135551754,1.2862951891370238,0.8935355726157518,0.7730216425399148,0.05450702591989966,0.743153935160908,0.4103884090175628,0.8,0.8,0.3,43,2692.6619878930514,18112.001669968267
20,33,1.275052568667231,1.7418685669697906,1.6865653084127354,1.3302386076524226,1.1887424935330309,0.08384601596588906,1.0,1.0,0.8,0.8,0.3,51,28380.607347146764,18866.562928834108
20,34,1.2687332149268136,1.7287660201294848,1.6712291423761918,1.3355949115139543,1.2122649396938667,0.08377124876222038,1.0,1.0,0.8,0.8,0.3,53,30800.7208172479,18920.518213125797
20,35,1.270403748838178,1.730234861351699,1.6726267433118347,1.3374520779801,1.172095015507142,0.08612724696606915,1.0,1.0,0.8,0.8,0.3,54,30600.034628990667,18702.86266306236
20,36,1.2671294004546354,1.7243943752254316,1.6659734366573609,1.342542409503569,1.2006620401020065,0.08475933132413686,1.0,1.0,0.8,0.8,0.3,55,30083.547635425457,19107.43747099011
20,37,1.2683312569759522,1.7248347812956772,1.6661682610840158,1.3442954035054997,1.1799606835099312,0.08710240476437638,1.0,1.0,0.8,0.8,0.3,56,29886.05843605845,18890.083080272827
20,38,1.2571513133418482,1.722477936481529,1.6760746897444154,1.3405322872787628,1.1902145423220847,0.07553352571619469,1.0,1.0,0.8,0.8,0.3,57,30266.606876274374,19803.65325984374
20,39,1.252692280708577,1.7104681369993624,1.6617804332149648,1.350705806567363,1.2083410088673168,0.0771956863105601,1.0,1.0,0.8,0.8,0.3,59,30425.13416235957,19284.343464845108
20,40,1.2512833074708654,1.707510698690786,1.6583667640520392,1.3568805716025976,1.1707666400367769,0.07682864147047012,1.0,1.0,0.8,0.8,0.3,61,30350.91415874845,19286.685368428814
20,41,1.2502022270820268,1.705472688950048,1.6560488493881227,1.3630399443951908,1.1724768085425818,0.07632458598040404,1.0,1.0,0.8,0.8,0.3,62,30194.271579651755,19309.5282930202
20,42,1.2503747909982321,1.7053357133904445,1.655820955822959,1.3633881654884972,1.1651898914903023,0.07681628251495368,1.0,1.0,0.8,0.8,0.3,63,30125.00012697855,18777.696908505503
20,43,1.2450236632683893,1.662041896519455,1.5722782849466304,1.3577391737026396,1.184481505043113,0.07381855300122143,1.0,1.0,0.8,0.8,0.3,65,30569.52412244576,18675.595787245467
20,44,1.2425086371276697,1.709119897133322,1.6825552195425566,1.3535114910821497,1.2341855942343873,0.07580465962760422,1.0,1.0,0.8,0.8,0.3,66,30572.635198343407,18731.622277300423
20,45,1.243293574808656,1.6862454566497451,1.6333348759919561,1.4226448717087998,1.1642000594832467,0.07773950983619889,1.0,1.0,0.8,0.8,0.3,73,30125.06166590937,19538.83882029398
20,46,1.2434839766747317,1.6834567037913304,1.6297320066506458,1.434471778695207,1.1807591154019892,0.08019587754867663,1.0,1.0,0.8,0.8,0.3,75,29911.917120210128,20068.611272535592
20,47,1.2422096621593808,1.6816593856769635,1.627792701553089,1.4401531401298937,1.168994962288293,0.07898613137400654,1.0,1.0,0.8,0.8,0.3,76,29755.08829653404,19717.461087301366
20,48,1.2427935560922596,1.6812656921468128,1.6271347599049795,1.44130078729853,1.1750986389011713,0.08042228361802957,1.0,1.0,0.8,0.8,0.3,77,29828.13649316558,20042.580951259893
20,49,1.271337601043326,1.7685835744831444,1.7902099058040062,1.5285068101386308,1.2046008791368426,0.12193040815384348,1.0,1.0,0.8,0.8,0.3,90,2626.724754803396,11615.754461865014
20,50,1.2713178783569428,1.7685256174183879,1.790141993407455,1.5353018934865184,1.1979442938946756,0.12193040815384353,1.0,1.0,0.8,0.8,0.3,91,2626.8492507044225,11615.971748928838
20,51,1.2700415088294223,1.7649466838678072,1.7859655408531385,1.5385137109159808,1.2216837262577973,0.1218176256677804,1.0,1.0,0.8,0.8,0.3,92,2645.6572489466403,11270.466311815291
20,52,1.269550882498157,1.7532011222643986,1.7611966836074557,1.5384902855024734,1.1987496006970553,0.12130780016207979,1.0,1.0,0.8,0.8,0.3,93,2591.1849871013646,11758.2199428309
20,53,1.25973857617801,1.7602545605511235,1.7928375980180917,1.5483998633053535,1.2468273015092435,0.11243059679039409,1.0,1.0,0.8,0.8,0.3,94,2305.0820413609745,9840.92973292159
20,54,1.2573078216220197,1.7537334606291743,1.7852828418987983,1.5546230484280197,1.210534047654859,0.11182453931187712,1.0,1.0,0.8,0.8,0.3,96,2313.7065269814475,9879.307574343193
20,55,1.2560277838172058,1.7503126972281071,1.7813261171264811,1.5613099326148205,1.2000967763479353,0.11146025951964258,1.0,1.0,0.8,0.8,0.3,98,2336.1206362279745,8532.767963332888
20,56,1.2222143326502815,1.690563133503754,1.7049589962244303,1.5212872501472736,1.3108666926460362,0.07717976511082654,1.0,1.0,0.8,0.8,0.3,99,2557.3531494807235,25673.390876270016
20,57,1.2285203898857322,1.687164229907334,1.699265550835264,1.5372344185099065,1.2649062598320393,0.08967906042327592,1.0,1.0,0.8,0.8,0.3,100,2673.912536054924,16341.965321483747
20,58,1.2185062522404468,1.6728111969091612,1.6839023736393197,1.528192187783474,1.20435314013501,0.07911062586474983,1.0,1.0,0.8,0.8,0.3,101,2701.052408742072,26069.42921976956
20,59,1.225959247497027,1.6689445578110962,1.6669278333381075,1.5434037780075192,1.184959045927439,0.08906620898072848,1.0,1.0,0.8,0.8,0.3,102,2613.060541922699,16184.641369704575
20,60,1.1931849980566116,1.64327030187953,1.6638431918776941,1.5169127104753615,1.2724036657757016,0.053862684661405716,1.0,1.0,0.8,0.8,0.3,103,2223.693233875365,9488.93804005852
20,61,1.1886071583899722,1.6375075655906866,1.6683268229096122,1.5181714599846696,1.254079648385913,0.05275693734129775,1.0,1.0,0.8,0.8,0.3,104,2386.4925096527177,10546.782629976948
20,62,1.1844163061639212,1.6204754133533552,1.6484952758748748,1.5195851752779619,1.1985683695018654,0.05189874943130227,1.0,1.0,0.8,0.8,0.3,106,2438.03855612968,11334.9379196901
20,63,1.1804093196907783,1.600811468181162,1.6254862678152233,1.5249593712564202,1.2780864511607308,0.0517345137307925,1.0,1.0,0.8,0.8,0.3,107,2448.730803478003,10537.474074142006
20,64,1.2480951081643286,1.6191042638407458,1.6014772200102196,1.623082381989007,1.2274864020090905,0.14070596879253056,1.0,1.0,0.8,0.8,0.3,116,27944.174991021864,9623.314202375408
20,65,1.2468818550016558,1.6093382495928823,1.5899465578731327,1.6298762454509392,1.2490796439434497,0.14137829735373839,1.0,1.0,0.8,0.8,0.3,118,27939.992573750624,9817.424996916829
20,66,1.247069501131662,1.6053078975072361,1.585052029753565,1.6376304703948952,1.2317323578165245,0.14264831698276245,1.0,1.0,0.8,0.8,0.3,120,27819.09585392264,9542.004422570535
20,67,1.2485113316914098,1.5747410696998614,1.548038906185315,1.6412544552658297,1.4843305844281027,0.15149036173007957,1.0,1.0,0.8,0.8,0.3,121,27077.48318398333,10381.076811557728
20,68,1.2385826410523786,1.574515045407474,1.5605160907445919,1.6936129502147497,1.212297972951163,0.13937300728950397,1.0,1.0,0.8,0.8,0.3,136,28606.56357985112,9400.634352982746
20,69,1.2527885270743278,1.5946408064463926,1.5925903877969472,1.7211193008459686,1.271200613838881,0.15820322901887252,1.0,1.0,0.8,0.8,0.3,137,27169.31136793423,9339.506116229426
20,70,1.2442661752278192,1.5757643692145828,1.5933307125308358,1.7368274640663046,1.4810700296948711,0.15319647069348136,1.0,1.0,0.8,0.8,0.3,138,28132.484158979525,10201.60040406715
20,71,1.2442558388956062,1.586876567851737,1.6174277368392744,1.7484099088939329,1.2228787196030482,0.15319647069348136,1.0,1.0,0.8,0.8,0.3,140,28121.25808464887,10204.9927297436
20,72,1.243698459242811,1.5482345682265803,1.5497751146759284,1.7440900036221432,1.2852624054432646,0.15486975827325636,1.0,1.0,0.8,0.8,0.3,142,27405.50553326338,10467.185250153088
20,73,1.2437981550667225,1.5469914411410175,1.5482755308689347,1.7517552136425418,1.2293794388123058,0.155187913897384,1.0,1.0,0.8,0.8,0.3,144,27505.732855660677,10557.80477771744
20,74,1.2442106080175512,1.5568043774504936,1.5707447519258297,1.7714853042422873,1.2282784357628014,0.15596118979472356,1.0,1.0,0.8,0.8,0.3,148,27549.82208999253,10447.44137445619
20,75,1.2439417084250608,1.567487701362948,1.594380626601957,1.7676670993556185,1.2265165629741666,0.1556612415088941,1.0,1.0,0.8,0.8,0.3,149,27386.475294824708,11128.071523130382
20,76,1.2450735321244455,1.5678908828155937,1.5946448668376343,1.7802862037121745,1.2285889737154196,0.15717968066393542,1.0,1.0,0.8,0.8,0.3,151,27421.786275414717,11079.20987043772
20,77,1.2442063302712967,1.5664275675550046,1.5930679895524917,1.8062027552590865,1.2295410414468384,0.15617928842126227,1.0,1.0,0.8,0.8,0.3,152,27264.876006802668,10760.10558182932
20,78,1.243997792248398,1.5703173862305417,1.608606787482031,1.841055238063673,1.2806526903925477,0.15690079448424163,1.0,1.0,0.8,0.8,0.3,153,27062.8769411352,10423.765337400351
20,79,1.243799583465094,1.5657188388265892,1.6031739541042584,1.8447289569658076,1.2427973541435668,0.15724194873659897,1.0,1.0,0.8,0.8,0.3,155,26950.49980398031,10238.293302344717
20,80,1.2439870288546393,1.5752688825872736,1.6253758752756091,1.8569874577631482,1.2332836701187402,0.1577186648465974,1.0,1.0,0.8,0.8,0.3,157,26944.891199697315,10413.64895972543
20,81,1.2439498226804586,1.5860801831891123,1.6491203456645573,1.8768070427990529,1.2275461040982225,0.1577186648465974,1.0,1.0,0.8,0.8,0.3,159,26969.930847249718,10406.366782066263
20,82,1.1881415732124985,1.4636754585157055,1.4488098614477596,1.747423727239951,1.1726714101580507,0.08803437412633301,1.0,1.0,0.8,0.8,0.3,161,27876.426611054096,12024.089737956385
20,83,1.1880005022191091,1.4693420099710333,1.4664788325337916,1.767806310294963,1.1787764858414664,0.08839715114679839,1.0,1.0,0.8,0.8,0.3,165,27284.56952292028,11548.576222757118
20,84,1.1894039904522966,1.480227513132688,1.4900401567158295,1.7738010429609767,1.1855486814179503,0.09036987594931632,1.0,1.0,0.8,0.8,0.3,166,27160.146232366707,11118.551921670574
20,85,1.188208770820402,1.4634140658610726,1.459394634616184,1.7831099536667245,1.1885048792220239,0.08942668429957351,1.0,1.0,0.8,0.8,0.3,168,27184.88565748835,11433.64076938639
20,86,1.188989072880296,1.4706867787622464,1.478782461192038,1.7885654408348384,1.1908279964555255,0.09097503618000452,1.0,1.0,0.8,0.8,0.3,170,27147.433562592487,11738.6833459086
20,87,1.2242104168054655,1.5233465752849311,1.5565114630847223,1.8443558394128161,1.2274736032875695,0.13559095816943928,1.0,1.0,0.8,0.8,0.3,172,27099.045550382743,11082.86770632803
20,88,1.1886117845893793,1.4542369117543577,1.4593266367055948,1.7959189972839331,1.2584791154224388,0.09235411022118109,1.0,1.0,0.8,0.8,0.3,173,27822.92644364609,12404.926278841978
20,89,1.1846922380630784,1.4400968209668656,1.4542117177389582,1.8217921595855282,1.2528117253691182,0.08968949183803378,1.0,1.0,0.8,0.8,0.3,175,27974.02695427041,14826.593949793512
20,90,1.1802750032777445,1.4363383783495196,1.4615091047935402,1.825804344121522,1.2078242809285333,0.08518035466238735,1.0,1.0,0.8,0.8,0.3,177,27226.52800495228,14572.840206421684
20,91,1.1797384641872564,1.4102738004077848,1.4198143247708257,1.8276285697096732,1.2222603101382972,0.085798644229681,1.0,1.0,0.8,0.8,0.3,179,27234.239076355967,14442.246366548185
20,92,1.1799764592077904,1.4024915028923102,1.4105650948154536,1.8390228609595531,1.199321010809215,0.08677744248398742,1.0,1.0,0.8,0.8,0.3,181,27246.366605400875,14420.79606527792
20,93,1.1788422025320708,1.421444944698812,1.4550958598570631,1.850449885582554,1.1770677157746052,0.08555155360454483,1.0,1.0,0.8,0.8,0.3,183,27280.75035079012,14496.10330121892
21,0,0.7459530327412136,0.9345832284393094,0.8744063570727512,0.006753005352424813,0.0,0.0,0.0,0.0,0.8,0.8,0.3,1,4560.242137953979,7480.451802248074
21,1,0.7619042070095002,0.9661739561490638,0.9048294105415986,0.04793014631752126,0.06221807733557278,0.0478822596139532,0.00010897207854047,5.2157758479159995e-05,0.8,0.8,0.3,3,4511.4389159510765,7396.605412535607
21,2,0.7070083029386555,0.9405343744255171,0.8768566220248066,0.036979849532724714,0.12155153995325566,0.01795858802447952,0.014880315170777638,0.00040875211274532996,0.8,0.8,0.3,4,4494.028646079183,7321.076955308953
21,3,0.497539196816089,0.9220675651201139,0.8468700722450623,0.13990064620914258,1.1399006462091426,0.05866030132330811,0.09853048562512218,0.04716005550132788,0.8,0.8,0.3,5,3791.9496514523594,5047.438419805018
21,4,0.46070287815595856,0.9115590674989765,0.8251431445959823,0.19665814322969877,0.42455743330970197,0.06833968600851091,0.14277603440521774,0.08668757099573969,0.8,0.8,0.3,7,3692.5985544649,2858.9641172527663
21,5,0.4194548645874937,0.8740460204645366,0.7799583440460665,0.20302985585413147,0.3577188937229807,0.06614444726389196,0.15151060030359936,0.09352823481073812,0.8,0.8,0.3,9,3612.21899772548,8110.031453954385
21,6,0.41734022078010047,0.8718833511177922,0.7773896984255088,0.20863863383825,0.21066807530951348,0.06632710092309688,0.15155494944236997,0.09361541903389739,0.8,0.8,0.3,11,3554.7460099558093,8148.404413805481
21,7,0.4667761862630111,0.921074317617862,0.8255046851722351,0.2694725348362235,0.27980197787999,0.045861947207475426,0.155153436125599,0.32350456358970064,0.8,0.8,0.3,13,3711.063597448472,8256.085674435019
21,8,0.464935831807844,0.9190747052180503,0.8230357391071406,0.2761792883445991,0.2681786160985719,0.0467211503190708,0.15521028565537945,0.3235338801721261,0.8,0.8,0.3,15,3689.5474606080415,8266.45389454468
21,9,0.3885679378924082,0.8514899165406719,0.7646402253837908,0.22662668895265337,0.2797970864047902,0.06091678927126175,0.15687025150804806,0.09280628257235371,0.8,0.8,0.3,17,3598.140410505954,8051.771370279997
21,10,1.0583282705665151,1.5159182050259623,1.4245116016602668,0.9912281347200539,0.9074111778177432,0.05789954280351154,0.8912469418747474,0.44597021864577135,0.8,0.8,0.3,30,4895.919788174138,22952.976470435467
21,11,0.8976957593952889,1.3517575470972525,1.2654637240997797,0.8599623000818161,1.0853768751305877,0.05316190638609147,0.7268302657495006,0.4660264570381548,0.8,0.8,0.3,31,4714.899136816574,5702.140735474455
21,12,0.8920395459329045,1.3449406214022341,1.2581385631583448,0.8580062564857354,0.7703152060214294,0.05281640716589821,0.7230629418518265,0.46416235273075623,0.8,0.8,0.3,33,4647.736216740533,5714.308414136109
21,13,0.9481266108785142,1.3993650578904129,1.3118525675045865,0.9316278307774624,0.8474962201697651,0.051750885250356926,0.7971712006791267,0.4646241417010769,0.8,0.8,0.3,34,4834.104908142722,5822.0176063504605
21,14,0.8392049680207558,1.3124592014956529,1.2507810087210343,0.8524377336686134,0.7113247796976456,0.04593077027004243,0.6596435800617195,0.4857478360098776,0.8,0.8,0.3,40,3415.1031168269087,6214.434507439851
21,15,0.9261925373934304,1.3774372458250008,1.298554736383498,0.9389280730845991,0.9823342266287242,0.04011935655682243,0.7863425345703685,0.4991461203520989,0.8,0.8,0.3,41,3852.5784420930095,6200.019035909442
21,16,1.100679792592829,1.547107898940359,1.4665139901909225,1.127222003183612,1.060348500349314,0.04313473135068206,1.0,0.5202303639364481,0.8,0.8,0.3,42,4090.3561905223337,4723.26321507474
21,17,0.9388666143401554,1.3930310929140322,1.3242521180762212,0.9926246151714566,0.8443075426828754,0.03735192222842792,0.8500291015202837,0.4077115200022935,0.8,0.8,0.3,46,3950.746428176396,18027.22057581465
21,18,0.9283987049572148,1.3571823083972538,1.2614134051442076,0.9857241538339463,0.8346428462037951,0.03949651506735087,0.812086545306307,0.477621960919491,0.8,0.8,0.3,50,4544.107023838196,8678.44223843633
21,19,0.9993293931044946,1.4157702143378943,1.3161210272110686,1.0742913383028565,0.9585385696231232,0.04163047280024264,0.867619775456433,0.5946634994282992,0.8,0.8,0.3,53,4559.006017979593,9414.292310534674
21,20,0.9993293931017707,1.4269745629983643,1.3403257927322012,1.1062247393988216,0.9058004971034321,0.0416304728002426,0.8676197754564337,0.5946634994282997,0.8,0.8,0.3,55,4559.006017570688,9414.103302971012
21,21,0.977471787720929,1.3978240645672908,1.3090060575913547,1.1015026306400562,0.9785374721878387,0.03928039766683489,0.8484100181012554,0.5972095231890621,0.8,0.8,0.3,56,4406.6044056350775,8588.902524218169
21,22,1.0886179034011507,1.4911211881661823,1.3874197070725847,1.2291907023688924,1.0809739659603013,0.037281407252465745,1.0,0.5832898857075203,0.8,0.8,0.3,57,5254.923182945857,45502.63474893063
21,23,1.0877773556281136,1.489767342609467,1.3859237691837285,1.2318574866304188,1.0099690090620517,0.036630951693311556,1.0,0.5832761160423401,0.8,0.8,0.3,58,5193.876989074646,45490.44523158761
21,24,1.0878764670235734,1.4892785161939817,1.3852691175242873,1.2323443731384893,1.0116297293084653,0.03734112949601242,1.0,0.5829807024714478,0.8,0.8,0.3,59,5261.870661652885,45355.01242506808
21,25,1.1154600480704466,1.550145950318207,1.4850448413070154,1.2465465573862813,1.0345161690616422,0.048723395838793274,0.919615609397915,0.8596499737384409,0.8,0.8,0.3,61,2769.266050908972,9717327.917799875
21,26,1.1117608092691418,1.541380137440338,1.4748856434751298,1.2518746049958547,1.0602641938412503,0.046628364286679054,0.9210397061096212,0.8593393322513802,0.8,0.8,0.3,63,3000.175263054788,9712462.114788389
21,27,1.10955324573254,1.5373146459858873,1.4703162085477235,1.2602641280525826,1.0410779134159363,0.04509778080541852,0.9211268336810621,0.8594468696398486,0.8,0.8,0.3,65,3012.13404112539,9717415.503225092
21,33,0.7760111635724902,1.1687736521151448,1.1031978008322396,0.9956055605466487,0.7353458193507034,0.05228903818807057,0.59639329835182,0.6657628612666757,0.8,0.8,0.3,76,3706.0583193733487,6174.397006530789
21,38,1.1792248530272107,1.5324719914455394,1.4791373989607173,1.4414434261405857,1.3241787800466511,0.05038830214086628,1.0,1.0,0.8,0.8,0.3,84,6093.830709942389,7578.216584319021
21,55,1.9177707176336296,2.181726299898746,2.1538058172643417,2.416669207799214,1.9127650844323918,1.0,1.0,1.0,0.8,0.8,0.3,135,3655.058325860528,8114.137080577586
21,56,1.9161008700357884,2.1742607802918625,2.1561434472542462,2.443293326949714,2.028333273071005,1.0,1.0,1.0,0.8,0.8,0.3,136,3701.741769644264,6163.4129784971465
21,57,1.9157452833081556,2.1701456577293396,2.1513236355743373,2.425610859466681,1.9071854030458741,1.0,1.0,1.0,0.8,0.8,0.3,140,3711.162743072228,6615.808588712871
21,58,1.9154114275425045,2.16621192881197,2.1467162223752383,2.4558333705890387,1.9054953442118048,1.0,1.0,1.0,0.8,0.8,0.3,145,3736.4933813758503,6919.184307177175
21,59,1.9153060345175643,2.164955850479321,2.1452449839641443,2.443593325996112,1.9043861349665567,1.0,1.0,1.0,0.8,0.8,0.3,147,3746.3085874204457,6797.4797412731805
21,60,1.914660847442957,2.1571083955253387,2.1360536480374104,2.462438294045243,1.9548146150874557,1.0,1.0,1.0,0.8,0.8,0.3,148,3918.883947413046,10181.60325104853
21,61,1.9137130423196052,2.145057258246166,2.121938696168599,2.4660013241077703,1.942085395316062,1.0,1.0,1.0,0.8,0.8,0.3,150,3911.765612180347,10125.383415268048
21,62,1.9132332434079038,2.1387001033909585,2.114492807257007,2.4681862380122617,1.92219782372344,1.0,1.0,1.0,0.8,0.8,0.3,152,3902.199221673706,9124.52999812502
21,63,1.9132332387602535,2.1386999324261655,2.114492610409481,2.468186222400033,1.9000017836251837,1.0,1.0,1.0,0.8,0.8,0.3,154,3902.2002035846,9124.52755491073
21,64,1.913152565372987,2.1376125963440034,2.1132190069147287,2.4765586497537653,1.9075948385313983,1.0,1.0,1.0,0.8,0.8,0.3,155,3967.5143937508574,9488.396012152609
21,65,1.9124209110426003,2.149915222833374,2.149791964972689,2.4764826453828164,1.9705758892692185,1.0,1.0,1.0,0.8,0.8,0.3,156,3189.783947350435,8128.787030970556
21,66,1.9123661846034252,2.1491407523220225,2.148884825955947,2.483960028860908,1.9027041090488994,1.0,1.0,1.0,0.8,0.8,0.3,158,3182.120152429173,8148.492744539018
21,67,1.911992226363134,2.1437832286102743,2.142609982977938,2.494796307750695,1.9062455311113005,1.0,1.0,1.0,0.8,0.8,0.3,164,3185.8451162819565,7898.98018154664
21,68,1.911743913049656,2.1625495210207624,2.1867535000474403,2.611933704740104,1.9011541656963746,1.0,1.0,1.0,0.8,0.8,0.3,186,2937.657606428306,9229.343504851937
21,69,1.9111720920796522,2.176356466721917,2.2250883746969037,2.643211782678501,1.9300366921947625,1.0,1.0,1.0,0.8,0.8,0.3,188,2900.769131030485,9057.210831892708
21,70,1.909813921308814,2.154496908315428,2.1994852043493855,2.6437895707053305,1.9763405954724698,1.0,1.0,1.0,0.8,0.8,0.3,190,2972.424550097668,9226.656542687237
21,71,1.9091965745966364,2.1213996631138756,2.1385565643335114,2.628594562255339,1.9373234905468861,1.0,1.0,1.0,0.8,0.8,0.3,192,2975.72043062776,9337.305233223857
21,72,1.908778261824944,2.136285909551931,2.178155462564784,2.674410992292829,1.9105360781741498,1.0,1.0,1.0,0.8,0.8,0.3,197,20615.404060129367,9178.073681233163
21,73,1.9087395503196367,2.135566318739066,2.177312561457438,2.674342390041115,1.9024836331371395,1.0,1.0,1.0,0.8,0.8,0.3,199,20626.10045170101,9165.426956065316
21,74,1.9086213363691908,2.1333687372925074,2.1747387144360495,2.6741328148900076,1.9152599063094142,1.0,1.0,1.0,0.8,0.8,0.3,200,20719.87169164581,9056.312414025868
22,0,0.686786299656946,0.9161533947410375,0.8528203198089895,0.005058472716347731,0.0,0.0,0.0,0.0,0.8,0.8,0.3,1,5385.398149823153,7846.471281465036
22,1,0.7157555317331584,0.9576477238711572,0.8932623003846643,0.055528136493211463,0.06909807595756993,0.05940936062970211,0.00010335418196356001,9.71494271304e-05,0.8,0.8,0.3,3,5286.295364040516,7759.244978326453
22,2,0.674330840271755,0.9362567964775871,0.8700924280491643,0.04588829787772392,0.10919031034340747,0.03057059610278759,0.01418376659791722,0.0027745933461433897,0.8,0.8,0.3,4,5120.072973480526,7904.580393316921
22,3,0.5538578802872285,0.9271606191234043,0.8622956938845177,0.09795698134765884,0.5618693304514462,0.07232235200902717,0.024770870858601073,0.023283778824566483,0.8,0.8,0.3,5,4075.0924014199873,6014.096017921059
22,4,0.5536237946317693,0.9270348071347048,0.8621531741128677,0.10451824482879271,0.08497290042679934,0.07215701562033314,0.02485657340482515,0.02340273531374579,0.8,0.8,0.3,7,4071.097739633664,5928.951846799288
22,5,0.5755597084498162,0.9915143030370773,0.9493250111662148,0.1777454486202512,0.28251710936614693,0.11432216644543744,0.03265430969873426,0.09480737226218228,0.8,0.8,0.3,8,4524.003916179106,6881.533233034073
22,6,0.57226806607588,1.0219911649198388,0.9720664756139473,0.25096912434308893,0.3791749965554484,0.1012217854657412,0.10912958866485264,0.17795903832850962,0.8,0.8,0.3,10,3787.8949629931194,5941.28738774057
22,7,0.5593366438445392,1.024698734343297,0.9863194175986492,0.26340450095088214,0.2507868941217982,0.1012217854657411,0.10912958866485141,0.17795903832850796,0.8,0.8,0.3,12,3864.724798222897,5157.596436087577
22,9,0.9555160151038915,1.4246519131035595,1.3678419003733637,0.7219804717902407,0.738439024503682,0.07934448622376275,0.3763236318810741,1.0,0.8,0.8,0.3,15,3762.1467672602994,1132035.0098005435
22,10,0.9154502702554332,1.4145349702603205,1.3785907289831043,0.7297861561742747,0.7686885243294928,0.08823096722493692,0.36426220814058136,1.0,0.8,0.8,0.3,17,4034.8694125619913,1192005.1558733962
22,11,0.9054619239799258,1.405123154375464,1.3637419453200323,0.7509536625017392,0.7895611113415189,0.0682729717538472,0.41213935404668556,1.0,0.8,0.8,0.3,19,4602.8536820882655,1134419.3786916158
22,12,1.1731802393140258,1.6379088103246762,1.553550544623637,1.0290804156731392,1.1344904263337046,0.10300235510461997,0.7394262023899115,1.0,0.8,0.8,0.3,20,3159.2909031839376,2548131.4134863494
22,13,0.8714880259152733,1.3926331550143816,1.373341144280963,0.7514025827228266,0.6724596865154844,0.07048076037408793,0.3948623068541903,1.0,0.8,0.8,0.3,21,4848.868731605855,1193490.5247946226
22,14,1.1717392296795626,1.6360064075163443,1.5508915121036773,1.0367691116353845,1.0071269870198754,0.10306277222979368,0.7425101582675216,1.0,0.8,0.8,0.3,22,3097.0249109918086,2547265.7521818536
22,15,0.8605338181273916,1.3811821496023262,1.3607484409413013,0.7518550235997565,0.685206329012497,0.08149238980717974,0.3778697446567509,1.0,0.8,0.8,0.3,23,4552.939874441911,1192538.7231333903
22,16,0.9270956283073999,1.436216331380445,1.4026267464342979,0.82766119015303,0.7392827369411006,0.07561458433445173,0.4676781412239758,1.0,0.8,0.8,0.3,24,4535.834088681235,1192255.1592377236
22,17,0.9012286083912924,1.4109811518566786,1.3771757597637502,0.8050405640122278,0.725850484981973,0.07970320036677375,0.43362099135253185,1.0,0.8,0.8,0.3,25,4021.57577806513,1191990.4008451567
22,18,0.8988281250549528,1.4153564708507604,1.3911770898443716,0.8069304618900253,0.8518979261036987,0.07451645081024225,0.4549034200536933,1.0,0.8,0.8,0.3,26,4303.790925914401,1131178.107057704
22,19,0.8664849970001609,1.4037245701047991,1.404199693201648,0.8118676592905887,0.724826008645695,0.07149944694797858,0.4251975874460257,1.0,0.8,0.8,0.3,28,4799.6045582836105,1189194.0864654826
22,20,0.8620692918642927,1.3986257402431275,1.3986056291915772,0.8125287247905286,0.7153086997163849,0.0762748923397796,0.41766301415276647,1.0,0.8,0.8,0.3,29,4637.336874556,1188165.0258249522
22,21,0.8932721217464457,1.4236205956647232,1.4197587501766005,0.8641618990589233,0.8992224602001089,0.07251068186661509,0.48071222551081105,1.0,0.8,0.8,0.3,30,4850.118867485258,1188646.577916571
22,22,0.8877308867338343,1.4068250140752971,1.389935192930437,0.8673377566506781,0.7382683389423647,0.07245657461415865,0.47397774782162144,1.0,0.8,0.8,0.3,31,4839.834109791355,1189003.5272047543
22,23,0.8869682861758024,1.4132022809701759,1.4072109147505094,0.8744447004543341,0.8303207801524815,0.07905739192681825,0.47668567251319116,1.0,0.8,0.8,0.3,32,4614.697165082174,1191512.9799846143
22,24,0.8859578630583453,1.412181935599067,1.4061857738016452,0.8822149232111036,0.7437977775552532,0.07904604314123939,0.47545685107339697,1.0,0.8,0.8,0.3,33,4612.393112609922,1191565.090522851
22,25,0.8678539362447504,1.391554850368404,1.3926384292872407,0.8841604016400733,0.9878169550900229,0.07536045039008722,0.48256877695883604,1.0,0.8,0.8,0.3,34,4862.973157422063,1188463.4386066813
22,26,0.4525633081488908,0.9421839876140091,0.9040858914577181,0.4487994946926944,0.33347180274252836,0.05115413017879363,0.23833034437608158,0.3334992028917102,0.8,0.8,0.3,38,3888.876438036268,1069406.1321531958
22,27,0.8520830383066196,1.3318275441553162,1.29013214069738,0.890178448765222,0.8890107544050616,0.06977164233015942,0.48308625186286047,1.0,0.8,0.8,0.3,39,4005.320756855321,1295080.278277133
22,28,0.48159071687780786,0.9697655951419184,0.9401224638038451,0.5042707227526693,0.4132147052580921,0.05905275934006151,0.24946281167660977,0.4258147554886661,0.8,0.8,0.3,40,4138.381351234969,1067325.4023395458
22,29,0.40447418969145144,0.8646116728776003,0.8263687333079586,0.4510819865081741,0.4949769611739681,0.04082745020362577,0.28973631944086037,0.1838918448478024,0.8,0.8,0.3,42,3719.858096864617,5190289.826671192
22,30,0.43205307700771634,0.9001535312197965,0.8740019705950017,0.4988186363660268,0.36780335745731846,0.04008232589743605,0.32601544186004205,0.18795440487296844,0.8,0.8,0.3,44,3710.398575205943,6531751.95652305
22,31,0.42995987896515747,0.8940525155355284,0.8667952422117063,0.5076723373120209,0.3721708803926261,0.040397722125183624,0.3261000859544432,0.18807480926298265,0.8,0.8,0.3,46,3679.140341238436,6533054.630226821
22,32,0.4286718948158652,0.8893128055580556,0.8611181572223238,0.5170581484056376,0.36946599390880525,0.04120534511140717,0.3261729223886243,0.1881715372559156,0.8,0.8,0.3,48,3640.721328654335,6536795.403135498
22,33,0.5801732797440908,1.0488143299304375,1.032761717211465,0.6680319081453099,0.5386751514390528,0.05430536283957268,0.4527264094158814,0.32679563924608984,0.8,0.8,0.3,49,3677.1823853814217,1004966.1515621915
22,34,1.0054380613135576,1.4260724295529388,1.367172550256286,1.0979343973678561,0.9924471087068951,0.07601986130329481,0.7202194895909995,1.0,0.8,0.8,0.3,52,4707.054380459366,4416291.729716992
22,35,1.003383196261196,1.4163481827998703,1.3555404364739394,1.1049568062033965,0.977133110343452,0.07610955045779937,0.7218997880741241,1.0,0.8,0.8,0.3,54,4647.118798796999,4414824.1396077145
22,36,0.9987708162342861,1.4107502782158343,1.3600655630334508,1.1126183044266764,1.047644753986677,0.07610955047387671,0.721899782591021,1.0,0.8,0.8,0.3,55,4525.334184568286,4417971.29272646
22,37,0.9987708197663798,1.410750282589455,1.3600655674070714,1.112618308795342,0.9384076705890585,0.07610955045779934,0.7218997880741241,1.0,0.8,0.8,0.3,56,4525.334172421282,4417971.292659633
22,38,0.9989449929303522,1.4061437813895719,1.3543248093501985,1.1233382232358162,0.9862836776323414,0.0771900515248349,0.723340130598226,1.0,0.8,0.8,0.3,57,4547.819898279493,4418208.215718143
22,39,0.987753883270819,1.3946413068970405,1.3427448477422512,1.1163610579034124,0.9311641309065415,0.07025682979409628,0.7164613663834356,1.0,0.8,0.8,0.3,59,4476.193743750468,4403896.037394228
22,40,1.015228040125457,1.4223350048954944,1.3808816895575953,1.162652269808892,1.0640670486838026,0.07126874265744444,0.7547264351517138,1.0,0.8,0.8,0.3,60,4365.185664332038,4660648.12314817
22,41,1.0148012111884872,1.4318724421147546,1.403134182217874,1.1720940308849963,0.972382820189226,0.0712687426064457,0.7547264293133636,1.0,0.8,0.8,0.3,61,4319.989181902084,4661943.279082424
22,42,1.015153837360883,1.4150753998373642,1.3719743309291021,1.1799158365158937,1.01889132399373,0.07221989461518181,0.7567281500442877,1.0,0.8,0.8,0.3,62,4406.632313761535,4658822.656426191
22,43,1.0210898861085864,1.4275139089996103,1.396349475931948,1.183312978228727,0.9922154071604343,0.07424970192858664,0.7640058368347712,1.0,0.8,0.8,0.3,64,4361.888736060105,4662859.771875452
22,44,1.0208507059351863,1.419942586176088,1.3871355574740856,1.2045879809443674,1.039605433609476,0.07481574416530135,0.7659647608692401,1.0,0.8,0.8,0.3,65,4454.843851000974,4657597.089474649
22,45,0.9067738936722503,1.298346226549543,1.263876173894942,1.1067197973901737,0.8720421385304216,0.10848584937618504,0.5924374927074736,1.0,0.8,0.8,0.3,71,4153.253682200832,8917934.93706841
22,46,0.9071529224724701,1.289325454988054,1.2528048753699157,1.1188708480843792,0.9055086454750214,0.10769565749968082,0.596919474035136,1.0,0.8,0.8,0.3,73,4192.035746350557,8917818.500897942
22,47,0.9498918609271254,1.3426569907068535,1.31900452543829,1.164921078095253,0.9120102912361072,0.11017943740162932,0.6480619112713254,1.0,0.8,0.8,0.3,74,4176.324662874351,8917614.610428382
22,48,0.9069076884087406,1.2825454117427428,1.244616099140152,1.1264253052355977,0.9171661662786808,0.10790275124822446,0.598518721456531,1.0,0.8,0.8,0.3,75,4198.208262221192,8917451.286157165
22,49,0.898494426849413,1.27208159488571,1.2337130198570723,1.1250497232389307,0.8751541720581781,0.10770616190442368,0.58884198441787,1.0,0.8,0.8,0.3,76,4168.47955912581,8917710.011015719
22,50,0.921666529738937,1.284758704228043,1.244160774075878,1.1495491758761522,0.9738554289371399,0.10208748400516847,0.6265790505610789,1.0,0.8,0.8,0.3,77,4200.612769971948,8935935.576196235
22,51,0.9248235908494422,1.2825527992184576,1.2408269505367233,1.1637360656897937,0.910344647918085,0.09989322363966652,0.6342485255555457,1.0,0.8,0.8,0.3,79,4039.886322037025,8945236.563143253
22,52,0.9259953191986514,1.2815641042646577,1.2393863923322193,1.1685670446202914,0.9073197807780335,0.10011689209345216,0.6360864718505015,1.0,0.8,0.8,0.3,80,4193.594022122483,8943622.939304827
22,53,0.9253919253591021,1.2783264223489403,1.235599114729274,1.1786888078976383,0.9001443684770996,0.0999974755852602,0.6361711159449027,1.0,0.8,0.8,0.3,82,4173.495177071993,8945143.463651437
22,54,0.9269015929959645,1.2748414393542031,1.2310764425910659,1.187643803765032,0.9126657728804617,0.09983682476788616,0.6395492783395769,1.0,0.8,0.8,0.3,84,4193.941991814977,8945007.202777369
22,55,0.916562598382312,1.2838456443073314,1.2654478410412298,1.2414751902909675,0.884392307648719,0.10219113117062968,0.6250665185940074,1.0,0.8,0.8,0.3,94,4164.160300228791,8929301.252755214
22,56,1.1546499759353086,1.5017791208461115,1.4900105066686447,1.478351176471792,1.3857033157570748,0.14593469987223268,0.8862393478518282,1.0,0.8,0.8,0.3,95,4357.070844331711,46751089.34000681
22,57,1.1787469284116212,1.5147066780233334,1.5115024680619524,1.5285790995746762,1.213629127980236,0.14744345413080803,0.9192634126402324,1.0,0.8,0.8,0.3,98,4284.297670107716,1269819057.3082354
22,58,1.1794294137640076,1.510468105341196,1.5062985492661118,1.5366000299432179,1.1744490046180314,0.14743308709156036,0.9210218777617636,1.0,0.8,0.8,0.3,100,4269.205705474894,1269817056.578743
22,59,1.1807927510582765,1.5080818512899339,1.5031790101740352,1.5452424245773917,1.1716090934840715,0.14663731836671523,0.9241866680549192,1.0,0.8,0.8,0.3,102,4293.79164073718,1269815361.4396462
22,60,1.2398080838225762,1.5720732749091288,1.5789573051044876,1.638073909172563,1.2330338086373227,0.14566615715260964,1.0,1.0,0.8,0.8,0.3,105,4341.091473895596,37084535.30441598
22,61,1.2031441029336496,1.5231838599337626,1.5277004876519384,1.6127246310635768,1.2780103421342293,0.1437009161089697,0.9581330976379923,1.0,0.8,0.8,0.3,106,4400.619910699281,1269738717.844318
22,62,1.234493210897832,1.565216474734022,1.6043427797514436,1.651302194184295,1.2752442626566194,0.1444158693611142,1.0,1.0,0.8,0.8,0.3,109,4263.253350545138,1270610997.1393418
22,63,1.2305711575921958,1.5292389187484954,1.5514189842183288,1.662561074266468,1.2674426461296067,0.14224944808069626,1.0,1.0,0.8,0.8,0.3,112,4311.472118649299,1270533118.4436357
22,64,1.2286720614243445,1.5203973435114542,1.5412722068594107,1.6679756875278131,1.2393178388439496,0.1407242784067829,1.0,1.0,0.8,0.8,0.3,114,4267.033600366161,1271086086.0561604
22,65,1.228080440395193,1.5182087889380924,1.5496900691706255,1.6861798783821975,1.261847974535114,0.1414574608358467,1.0,1.0,0.8,0.8,0.3,116,4332.150453927162,1270496773.2086818
22,66,1.2306176869202197,1.5281473907386032,1.571920160524436,1.6965511537133107,1.2305463346498784,0.14505038153873678,1.0,1.0,0.8,0.8,0.3,118,4237.821819294255,1270618309.2006445
22,67,1.2285321709416208,1.5364483000804363,1.593069337350079,1.7056130477491231,1.2201993530665192,0.14253213983760354,1.0,1.0,0.8,0.8,0.3,119,4294.02963833101,1270986080.0993571
22,68,1.2297715639450149,1.524061197376784,1.567231146958815,1.7105329587163256,1.2337928402794645,0.1443424187789856,1.0,1.0,0.8,0.8,0.3,120,4274.022301138607,1270694556.2005112
22,69,1.229132855131536,1.5277036884367137,1.582588518444161,1.7252067393379582,1.2416365232251663,0.1442745679606991,1.0,1.0,0.8,0.8,0.3,122,4275.508990171486,1270597318.026779
22,70,1.150195206694445,1.3729584905323913,1.3591850197375301,1.6081348231931438,1.2871928982889291,0.14218271666267107,0.905368939726778,1.0,0.8,0.8,0.3,123,4036.081407493125,1270000731.6089275
22,71,1.1476084526049273,1.3509566909889659,1.3226737044519619,1.6049042999748808,1.1975291214263828,0.14201431563677025,0.9030547202186696,1.0,0.8,0.8,0.3,124,4128.796647369032,1270028646.1854997
22,72,1.1512428190386181,1.3631839995144739,1.3474224255511231,1.6200543348662013,1.159405697003137,0.14115305297745614,0.9086913401338768,1.0,0.8,0.8,0.3,125,4119.052790746167,1269975898.803911
22,73,1.1497030389430858,1.3484630143637009,1.319338430195927,1.6105667805695478,1.153291796351789,0.14249885406330903,0.9055952098976221,1.0,0.8,0.8,0.3,126,4101.224453689674,1270049259.0359883
22,74,1.1489679756043525,1.3461256284992007,1.3167074515087867,1.6171737136905715,1.1438751427968064,0.14152979841232272,0.9057860043076232,1.0,0.8,0.8,0.3,128,4060.4315654064135,1270059631.7286625
22,75,1.2406126838281988,1.4569456675225168,1.4529365898253688,1.7278393887842476,1.241813089056566,0.17119637922825567,0.9909543083455178,1.0,0.8,0.8,0.3,130,4096.6090262893085,1564119389.363789
22,76,1.166659647302082,1.3871683607337197,1.3948757200620285,1.677105910245262,1.208462589971062,0.17338613514062814,0.8969112690044009,1.0,0.8,0.8,0.3,131,4103.747001393266,1270412532.1890836
22,77,1.2237989143138344,1.4315331226814219,1.4478793016922766,1.7527187733542835,1.3038173504509138,0.14358327482001854,1.0,1.0,0.8,0.8,0.3,133,4206.619759150242,1270037705.958496
22,78,1.224042530432099,1.4419110083110944,1.4710637301886629,1.7608707789403966,1.2191493536690223,0.1439662119278287,1.0,1.0,0.8,0.8,0.3,135,4101.987676318076,1270064263.1343324
22,79,1.2228931306007436,1.436963315997909,1.4654281341892423,1.7672206844514495,1.2422791737539742,0.14280261879468073,1.0,1.0,0.8,0.8,0.3,136,4107.209573070142,1270218829.6821215
22,80,1.2227523057235912,1.4350503875167677,1.4631945079462303,1.7788039910707232,1.227259052065532,0.1427521799125788,1.0,1.0,0.8,0.8,0.3,137,4142.909476578874,1270413901.6733592
22,81,1.2225353306334887,1.4291526357380155,1.4562697230076225,1.7780282134682377,1.2561680074536359,0.14287658264711237,1.0,1.0,0.8,0.8,0.3,138,4169.497472619293,1270217775.4799955
22,82,1.222149729785896,1.4271503760894453,1.4539753079371265,1.7661046424286668,1.2259863823046602,0.14250590275851688,1.0,1.0,0.8,0.8,0.3,139,4146.542465669934,1268586729.2042224
22,83,1.221515041782535,1.424637350749258,1.4511220124650295,1.78454403893405,1.2184001295414326,0.1418485258165712,1.0,1.0,0.8,0.8,0.3,142,4156.017175985184,1268953872.559139
22,84,1.2212521859012593,1.4641408177015498,1.5417176087758973,1.730382132720025,1.2497428876336933,0.14184852581657112,1.0,1.0,0.8,0.8,0.3,143,4246.618745957631,1268910981.4744484
22,85,1.2194026883305868,1.4000707628026028,1.411527861462063,1.7851956651790661,1.2577625731902107,0.13994101987712865,1.0,1.0,0.8,0.8,0.3,144,4216.56143274659,1268875358.1041589
22,86,1.2178781111513726,1.3864046841938038,1.3956797262246081,1.787461613056407,1.2996625738161747,0.13878486059473485,1.0,1.0,0.8,0.8,0.3,145,4192.970791351828,1269149852.393088
22,87,1.2168752072147826,1.4083108852128758,1.4546683875891169,1.8608191719885228,1.2217079243025568,0.13815866357132028,1.0,1.0,0.8,0.8,0.3,152,4292.547592065859,1269084176.1456344
22,88,1.216079109141072,1.4170604104020752,1.4761216808357753,1.867732660762871,1.2158556815275825,0.13725775409885438,1.0,1.0,0.8,0.8,0.3,154,4285.120177828045,1269094993.399436
22,89,1.2167409975501382,1.4044640947799383,1.4501570122580243,1.8721894661419118,1.2255531234747727,0.13820087411366233,1.0,1.0,0.8,0.8,0.3,155,4285.864671308844,1269106819.4723573
22,90,1.2153174817656065,1.4139062041481498,1.4725392684127774,1.8746459099172672,1.2116201791943477,0.13644044639969113,1.0,1.0,0.8,0.8,0.3,156,4291.952336553748,1269088325.1900706
22,91,1.21549154897769,1.351527588463863,1.3770047475992937,1.8448169349456307,1.3568585420749029,0.1387003129340243,1.0,1.0,0.8,0.8,0.3,158,3987.9694344624822,1269144482.3994184
22,92,1.2147719877039864,1.3488756956213837,1.385022644701252,1.8555435787053434,1.258587272713148,0.13839229017416882,1.0,1.0,0.8,0.8,0.3,160,4067.141788345991,1269499214.726447
22,93,1.2146747928219022,1.3465301235802418,1.3822790412612067,1.8591973093567464,1.226470061794879,0.1383648032463005,1.0,1.0,0.8,0.8,0.3,161,4103.52072487782,1269499203.1269398
22,94,1.2147112622956706,1.3402763575643493,1.374911669436843,1.8666514892558659,1.2337732586513277,0.13867718532972367,1.0,1.0,0.8,0.8,0.3,163,4067.890021983844,1269499849.200621
22,95,1.2136234128723944,1.3262389093194171,1.3475650669040058,1.864791650805618,1.2220542909917815,0.13738698975824476,1.0,1.0,0.8,0.8,0.3,164,3923.592176300896,1269168730.6596236
22,96,1.214534662816928,1.3458540839292146,1.3925263078587768,1.8862236396027297,1.2376068364645578,0.13867718532972367,1.0,1.0,0.8,0.8,0.3,165,4104.4456711624025,1269482177.3236628
22,97,1.2130152795716043,1.317635641151998,1.3375483496405969,1.883052344267722,1.2172947161492498,0.13694998867604416,1.0,1.0,0.8,0.8,0.3,169,3935.4894842109143,1269162501.2375474
22,98,1.2132424907575319,1.34471456986075,1.4024347604336924,1.9509047921222529,1.2148702057397107,0.13749823407479628,1.0,1.0,0.8,0.8,0.3,179,4407.751183548582,1268867123.8708243
22,99,1.2135511026935157,1.334859075579285,1.3907863088676593,1.9701636579425295,1.2471683003002692,0.1382653662872905,1.0,1.0,0.8,0.8,0.3,181,4418.126432377369,1268972379.9994545
22,100,1.2117488251171806,1.324455972356235,1.3788680886807236,1.9795608742410338,1.2296615907710795,0.1363213065572402,1.0,1.0,0.8,0.8,0.3,184,4330.334161686746,1268981805.3764007
22,101,1.2161752878570347,1.3782397902335923,1.4964817630774185,2.0003525024664177,1.2232283328196327,0.14208496177510227,1.0,1.0,0.8,0.8,0.3,189,4337.517071158325,1269632970.5837607
22,102,1.2158688765200047,1.3847952463177913,1.5152738776508528,2.036428869504157,1.2173763104643824,0.14184858053575564,1.0,1.0,0.8,0.8,0.3,197,4291.469993448263,1269739867.4527044
22,103,1.2200372832962691,1.3924514517411215,1.5345744419133858,2.0580076387822244,1.273155244279484,0.1473121561390398,1.0,1.0,0.8,0.8,0.3,198,4273.370722527894,1269885595.393888
23,0,0.863533444071922,0.9672426328065196,0.9126589494562481,0.009755954771016385,0.0,0.0,0.0,0.0,0.8,0.8,0.3,1,2901.76782291691,7282.54215610486
23,1,0.8803830352704103,1.0010014623248809,0.9453900451629333,0.052359809303739506,0.060717212992092776,0.049552886283390066,0.00010951626075884999,9.980891620816e-05,0.8,0.8,0.3,3,2917.810054968196,7081.3110484834615
23,2,0.8246511502449837,0.9789419623349118,0.9211645492589228,0.044101933132585085,0.11868264557490682,0.02249569119062158,0.01486241837744479,0.0015383683566194,0.8,0.8,0.3,4,2885.783276614565,7129.751453895372
23,3,0.6051476973136475,0.988823002274122,0.9222877570940786,0.1607256673330221,1.0434384665601868,0.06070964506409211,0.10015612409869298,0.09127844695056642,0.8,0.8,0.3,5,2526.4911586319804,4759.167487541356
23,4,0.552372602350599,0.9953160709012226,0.9135671864063556,0.2556363363346697,0.561637577974078,0.08952250538767217,0.16449223546866446,0.16064090125235989,0.8,0.8,0.3,7,3193.7327261341243,2589.346187250356
23,5,0.5422294987281289,0.9952005902380447,0.9062537070801133,0.29568839112891315,0.4400850273584503,0.10936507244109597,0.1743898689090888,0.22104928314142755,0.8,0.8,0.3,9,2734.268182769158,5110.3780297754
23,6,0.5355727913813806,0.9892244926193297,0.8992301359509254,0.30439029588862243,0.314829311425844,0.1093599245558863,0.1744966877754041,0.2212482360831848,0.8,0.8,0.3,11,2718.5656559888475,5166.645237218871
23,7,0.5354454962297255,0.9898810780462399,0.8979078211238538,0.316838555052755,0.3863592452426878,0.1093351220170399,0.18250892428280296,0.2406531185423934,0.8,0.8,0.3,12,2762.849886336116,5099.779348857142
23,8,0.5332776220126811,0.9878052389201867,0.8953768918017406,0.32576476615785593,0.31553205490288533,0.10996297199349163,0.18259652622515496,0.24068289903735982,0.8,0.8,0.3,14,2725.2532532200894,5037.843900801747
23,9,0.4872574867597584,0.9535422458499011,0.873839442827329,0.28033396420236034,0.2771258221635271,0.11253644563628004,0.1506851934475754,0.172715141369842,0.8,0.8,0.3,15,2353.455599492722,4524.796539158163
23,10,0.46071144608028847,0.926264647533754,0.84338268451588,0.2746361178215559,0.31731890149783737,0.09920634183763528,0.1550253147797165,0.1676420973301241,0.8,0.8,0.3,17,2613.3983368940458,3824.856772645616
23,11,0.4473223867837494,0.9231853764362754,0.8517049197712552,0.2855703673672248,0.31280568682870896,0.07512093910375056,0.1879864324279928,0.12748616877582614,0.8,0.8,0.3,18,2503.543982144697,2769.9429507547707
23,12,0.44364228631265934,0.9066067774873179,0.8197190683982732,0.2828206794691774,0.35620533120053793,0.094974480317878,0.16291678806275073,0.1703248230104481,0.8,0.8,0.3,19,2471.6783245902247,3850.355099699008
23,13,0.48752590006334584,0.9499746597850367,0.8626111992370722,0.3346056349679086,0.32233589276607955,0.10344039838816546,0.20004486500452537,0.20256046703098063,0.8,0.8,0.3,20,2416.67366998456,4149.332158412556
23,14,0.6280413124423847,1.090209249982909,1.0025555529713275,0.4869501492903568,0.4573383398006786,0.057579299151310936,0.4254548943879792,0.1968612006028076,0.8,0.8,0.3,21,2298.38658948412,3532.220826201145
23,15,0.4682020564224408,0.9264961691864766,0.835595260923287,0.3378095622206804,0.4331337358867208,0.09878528313977022,0.20795596794587765,0.18446941873865214,0.8,0.8,0.3,22,2433.4320062811803,4062.233070334245
23,16,0.656136259210663,1.1113027667050988,1.0183230461477435,0.5415635174194213,0.5824505584989939,0.08048072247959401,0.45052402309726014,0.24291709278513984,0.8,0.8,0.3,23,2203.2406280868936,2583.566128793494
23,17,0.8209151502557513,1.2729034925796954,1.1780764911140362,0.7203816470952752,0.7077360383735705,0.07453707197963541,0.6574789893683817,0.28151217909892634,0.8,0.8,0.3,25,2084.3643380694584,2815.540590287409
23,18,0.822850499353719,1.2742128697877575,1.179044949303836,0.7316548574847763,0.6803182554578048,0.0741230979492252,0.6614460002012847,0.28303714859410734,0.8,0.8,0.3,27,2104.2032554754,2806.170907829064
23,19,0.478492631689276,0.9361091110428157,0.8514429636233567,0.3912932143755859,0.4405574468227589,0.09246941686176777,0.2597849659977558,0.18948428917377863,0.8,0.8,0.3,28,2855.7271054637413,3321.7522601600417
23,20,0.47743325013986004,0.9342465876628726,0.8492023712735673,0.4019396778929915,0.3467006947820696,0.09279501104242624,0.25985968218663896,0.18956613838768505,0.8,0.8,0.3,30,2848.4581529154484,3403.4321901293742
23,21,0.5120929685373664,0.9539221454891256,0.8541771312731075,0.4427541873158327,0.44914377452528664,0.07600890831741287,0.3156933938589623,0.22146813728874126,0.8,0.8,0.3,31,2928.476667304073,3435.8952881007995
23,22,0.4839505057409282,0.9342192245789163,0.8463011738610278,0.43386300546771,0.40360741340411305,0.08734938194105972,0.282819547314506,0.1987082692577074,0.8,0.8,0.3,32,2841.456639674728,3410.282264431451
23,23,0.48485285287170726,0.9348824721331253,0.8468652858570567,0.4431242260769414,0.3610314729397423,0.08757579777443833,0.2837558696434055,0.1997469422016995,0.8,0.8,0.3,33,2840.1418312045,3596.5789245042315
23,24,0.5200086002747079,0.9735498294320384,0.8955149694206405,0.48447423969671805,0.5251651163469144,0.052315500130274105,0.40265092514585926,0.12701006570858442,0.8,0.8,0.3,34,2621.3175625348617,25664.760818467632
23,25,0.5451867506581103,0.9825868175279423,0.8897556134352752,0.5201936462668872,0.46942385093256744,0.049818989930082706,0.44343806721076306,0.12732544871180126,0.8,0.8,0.3,36,2650.1353672799187,26323.69412647141
23,26,0.5438106507835027,1.0015936769583071,0.934052475989686,0.5258236554496205,0.4625546135416635,0.0661170649926186,0.4157676066332881,0.16015309019158813,0.8,0.8,0.3,37,2519.366500032581,26888.565108021307
23,27,0.5519552243771141,1.0035555958166373,0.9339228541335435,0.5525104217198894,0.5330215185902404,0.06571650487250195,0.4279693292839177,0.1759331894311436,0.8,0.8,0.3,38,2446.402082703399,18268.65506780285
23,28,0.5561914835048776,1.007235612087348,0.937419869670129,0.5634335234257026,0.456208283230829,0.06733855527777123,0.43052325990226575,0.18062515757107508,0.8,0.8,0.3,40,2441.601516627132,18408.149345047023
23,29,0.5634645777415109,0.9778373070298852,0.8775670870817339,0.5863346664609869,0.5623158206024547,0.07019765307764883,0.4457979681258033,0.19565221829536447,0.8,0.8,0.3,42,2861.1881490026303,11158.917376609768
23,30,0.5806609202885447,0.9879133254046724,0.8855609747184245,0.6137195293071913,0.53617218237213,0.07058225511506785,0.46870825707145614,0.20764530128938002,0.8,0.8,0.3,44,2909.0541975041087,10989.696215846594
23,31,0.5473989996288114,0.964372643730102,0.8745967437434387,0.5891392705967642,0.4787524364618743,0.06931871230198396,0.4366593588323813,0.18891588984104116,0.8,0.8,0.3,45,2970.396951588559,16995.731371783215
23,32,0.5451942406688348,0.9621447043145559,0.8723621933227627,0.5934066480465027,0.4594020188264548,0.06942354229452212,0.4338519798295655,0.1888244460778889,0.8,0.8,0.3,47,2936.479442925435,16696.35830028644
23,33,0.5477847122497675,0.9643095933931972,0.8744058981270991,0.6059047658487191,0.46708096844661473,0.07059399084616104,0.4369435293966978,0.18703301918258264,0.8,0.8,0.3,48,2933.951653741462,16904.763734035958
23,34,0.5932441578372573,1.003745863518474,0.9121540636678062,0.659105184362449,0.5802912310613232,0.07028946912748156,0.46913995680604287,0.2663010343838656,0.8,0.8,0.3,49,2977.598298796601,17124.338759341226
23,35,0.5958389557018413,1.0053464456388719,0.9134804820715596,0.6687907078696427,0.5202227182496977,0.07031831418715948,0.4719483999000251,0.26940601755849614,0.8,0.8,0.3,51,2996.387449941721,17104.862197604965
23,36,0.5887393805168775,0.9947054901774681,0.9018720027108098,0.6699143978202757,0.5293822633848443,0.0728658612991139,0.4622477242207975,0.2718435173419814,0.8,0.8,0.3,53,3014.2380813832474,16681.919313983475
23,37,1.0308661207062466,1.4213364183822284,1.3244199427059429,1.1139175303896045,1.1269483505388225,0.0730181188736272,0.7521269600551648,1.0,0.8,0.8,0.3,54,4048.993978082393,7790.983180144249
23,38,1.0371261621094463,1.438254070620385,1.3541881437444863,1.1237958317201375,0.9736565851460957,0.0719700290547684,0.7614110677259974,1.0,0.8,0.8,0.3,55,4088.396909989247,8556.997507696336
23,39,1.0246636346524611,1.402251696128738,1.3123874938712115,1.12523296200346,1.0822978961381495,0.0679199238428746,0.762779684455228,1.0,0.8,0.8,0.3,57,4297.850399855328,10019.309827829453
23,40,1.0146261561745378,1.3907608130718707,1.3005516486356137,1.124722131217676,0.9620256799843283,0.06892611440809487,0.7499282014667619,1.0,0.8,0.8,0.3,59,4236.458073576373,9012.113046646651
23,41,1.0233943336205455,1.4096980764535159,1.3322430604328863,1.1395544983998231,0.97429713934104,0.06799966635312252,0.7623184877194201,1.0,0.8,0.8,0.3,60,4256.717540060554,10094.891214017807
23,42,1.2169996004410644,1.5929851853233623,1.5131071195463737,1.3400864896950662,1.2111126738348965,0.07711249315030297,1.0,1.0,0.8,0.8,0.3,62,4306.517842850912,9080.856975390378
23,43,1.2141508181029355,1.590153275357842,1.5102607710821219,1.3407619680385623,1.1616614466326685,0.0736788175709251,1.0,1.0,0.8,0.8,0.3,63,4324.223136790902,8422.030167801544
23,44,1.2151699336826949,1.5858269787775285,1.5047191773228534,1.346239023599247,1.2091374808332358,0.07714102770760586,1.0,1.0,0.8,0.8,0.3,64,4394.802223071406,9208.079483735488
23,45,1.207929008937377,1.562557479592685,1.4778270554417754,1.3455691274557016,1.3073186190819168,0.07449556857988748,1.0,1.0,0.8,0.8,0.3,65,4579.849579823477,9486.583641167335
23,46,1.2075954956101538,1.5571568591627696,1.4713028202881104,1.3529186489786829,1.1836700186847071,0.07594618785875508,1.0,1.0,0.8,0.8,0.3,67,4758.278454042921,8808.898730355662
23,47,1.2068716896378195,1.5671775025791754,1.4942224811768303,1.3679115327196996,1.1615628332720978,0.07520897091637813,1.0,1.0,0.8,0.8,0.3,70,4572.028429240609,9458.222195486953
23,48,1.204332080162441,1.544090838313006,1.4560894820310313,1.3648186567352663,1.2436133290542941,0.07528685917583157,1.0,1.0,0.8,0.8,0.3,71,4613.687398406064,8933.682521216699
23,49,1.2019038185141426,1.529857662692184,1.439312410673097,1.367468978305345,1.264596913589129,0.07606323467705765,1.0,1.0,0.8,0.8,0.3,72,4597.880725598819,8838.997357471622
23,50,1.1993243682302446,1.5196507226834808,1.4274839522346656,1.3726529620130028,1.1931791730750008,0.07514023856523379,1.0,1.0,0.8,0.8,0.3,74,6717.70863261531,8763.41443369944
23,51,1.1967576386112126,1.5205282951099506,1.439728890731552,1.391075476493708,1.1726495202566443,0.07415399809814063,1.0,1.0,0.8,0.8,0.3,79,4643.567072681705,9185.077139179011
23,52,1.1958686192199939,1.5184503186216232,1.4374020123376854,1.3971788909895062,1.1637600625514308,0.07337217358719117,1.0,1.0,0.8,0.8,0.3,81,4536.512284986569,9678.000463122053
23,53,1.1941590674264626,1.4934076395794367,1.4075432051271164,1.4251355326471762,1.1945154111022769,0.07722260547851514,1.0,1.0,0.8,0.8,0.3,87,5591.045805002366,208971675.350408
23,54,1.191368715098832,1.4950623028720973,1.4208250836677228,1.4331690939438864,1.188253618342132,0.07530873715821444,1.0,1.0,0.8,0.8,0.3,89,5710.406174460857,208945559.28627244
23,55,1.1910068491185086,1.4921377243195997,1.4173821592406126,1.4399312852056994,1.1709178557072202,0.07543603742011513,1.0,1.0,0.8,0.8,0.3,91,5695.395788278201,208927797.9199001
23,56,1.1875372982641155,1.464208190937404,1.3737906406417615,1.433699124107733,1.2134411468872985,0.07395521739304942,1.0,1.0,0.8,0.8,0.3,93,5646.78809352149,208964084.4221044
23,57,1.1891590959682463,1.4980252543163262,1.446326616702549,1.5131665984278564,1.1619786576438624,0.07627378418895064,1.0,1.0,0.8,0.8,0.3,105,4843.740325199455,16193.303725465676
23,58,1.1881225334186796,1.4917364633042198,1.438989870622376,1.5160607930228172,1.2044017418154267,0.07606154654737698,1.0,1.0,0.8,0.8,0.3,106,4807.019313813634,15830.964391852374
23,59,1.1870431202393008,1.486941219149232,1.4334614329251487,1.5187308044703507,1.1894227817318979,0.07541911678003907,1.0,1.0,0.8,0.8,0.3,107,4776.847067096368,16302.51246871475
23,60,1.186891189528946,1.4806471837452804,1.4259549011315047,1.5406017176152098,1.2105915281175073,0.07640177873001013,1.0,1.0,0.8,0.8,0.3,108,4812.735594655011,16036.660508346216
23,61,1.1850901836518488,1.4748469945584755,1.419362721826129,1.5279035647552162,1.1712366282269029,0.07493228930281105,1.0,1.0,0.8,0.8,0.3,111,4159.620114543662,17074.51596923294
23,62,1.1840359606233635,1.4646330432293562,1.4073615941520845,1.541752715063528,1.2316158493668823,0.07520903641952124,1.0,1.0,0.8,0.8,0.3,112,4733.3462290962925,16104.06857645126
23,63,1.1831342128099422,1.4591588064170453,1.4009970358457757,1.5442406622796436,1.1780448985456082,0.07486461217818734,1.0,1.0,0.8,0.8,0.3,114,4146.701430646519,16910.37402868414
23,64,1.1805104344725534,1.4338725050171917,1.3713378462482129,1.552841808345697,1.2195320870632125,0.07517393888886853,1.0,1.0,0.8,0.8,0.3,117,4436.107032456217,17581.74883231959
23,65,1.180507644496077,1.4450506960643639,1.3955123628661468,1.5789980356959312,1.1602321152274349,0.07517393888886857,1.0,1.0,0.8,0.8,0.3,119,4435.807657304106,17582.840396159463
23,66,1.1783700182960866,1.4346741472556073,1.3944311822646052,1.5661671368185615,1.3113128903171807,0.07524124168229342,1.0,1.0,0.8,0.8,0.3,120,4196.887005988468,17115.333990306324
23,67,1.1783700183360022,1.4346741473502236,1.3944311823592215,1.5657711493298871,1.1601953518491346,0.07524124180056374,1.0,1.0,0.8,0.8,0.3,121,4196.8870071563815,17115.333986195554
23,68,1.1786664931425248,1.4338136118574194,1.3933514953929707,1.5737311675964711,1.1695284638699839,0.0757653754831171,1.0,1.0,0.8,0.8,0.3,122,4256.49073727983,17125.63138918295
23,69,1.1742100853033974,1.4263983582060489,1.3962607570964887,1.591868736807614,1.2679093940082744,0.07202295905192242,1.0,1.0,0.8,0.8,0.3,123,4563.850172402663,17825.418608013133
23,70,1.173439552836056,1.4190640477155105,1.3876944934095121,1.5984467046011364,1.1824713499305717,0.07184696421568733,1.0,1.0,0.8,0.8,0.3,125,4535.835736529822,17797.52814438789
23,71,1.1724666941751887,1.396785548609667,1.3505278660542774,1.604343059122977,1.2335365407680976,0.07178211510415114,1.0,1.0,0.8,0.8,0.3,126,4522.124536518944,17649.69740167074
23,72,1.1725366962552055,1.3949313487427795,1.3483145345516037,1.6117196551618036,1.164999389960302,0.07208504183806455,1.0,1.0,0.8,0.8,0.3,128,4579.453310467943,17819.520580544355
23,73,1.1678769280896903,1.3756150208286384,1.3481383214629115,1.618276976700188,1.4357732189638688,0.07000669886912889,1.0,1.0,0.8,0.8,0.3,129,4747.235438869533,29931.297936001305
23,74,1.1653967911795855,1.3389616449966115,1.2942786841229577,1.6369044567259603,1.1837019388109329,0.06889321198058604,1.0,1.0,0.8,0.8,0.3,135,4413.177035014863,15715.185448834492
23,75,1.1635988923938863,1.3154296897709579,1.2558282308482343,1.6258642302787678,1.193168591271089,0.06748358324392674,1.0,1.0,0.8,0.8,0.3,137,4428.569714774164,23477.3097640798
23,76,1.1634306785528685,1.323706608284436,1.2766041749256891,1.652935499470569,1.1641380643192192,0.0674835832439267,1.0,1.0,0.8,0.8,0.3,139,4441.667547279473,23417.3990001406
23,77,1.1636085803114498,1.3229117696109307,1.2756326359303873,1.6567695532752815,1.1614273046499393,0.0677799642636669,1.0,1.0,0.8,0.8,0.3,140,4445.726608426453,23463.626717817227
23,78,1.1619832331186435,1.3247694052606318,1.2890897884039514,1.6511610680343587,1.2102043246729008,0.06632304578709926,1.0,1.0,0.8,0.8,0.3,141,4602.902012584624,23336.935502271088
23,79,1.1614918176258728,1.3201887862106354,1.2837683535619646,1.6578909796624879,1.16790801805118,0.06600424725266743,1.0,1.0,0.8,0.8,0.3,143,4543.610169566567,23156.10338182157
23,80,1.161056251188872,1.3189348497916378,1.282366233278382,1.6648092555550804,1.155441248561621,0.06551839274932579,1.0,1.0,0.8,0.8,0.3,145,4594.508247144937,23077.62313571404
23,81,1.1621553959430715,1.3199490516409362,1.2833650750648864,1.6815809130437855,1.153730217072489,0.06689834070621892,1.0,1.0,0.8,0.8,0.3,148,4496.401058456317,17945.103075764684
23,82,1.1621103491969602,1.305351923888176,1.2551617541619982,1.6684028325488958,1.1783494739208322,0.06707830267648635,1.0,1.0,0.8,0.8,0.3,149,4511.322220404983,17901.260917129774
23,83,1.1612195765717845,1.3139093420262846,1.2764021460450052,1.6878729909419836,1.165814931902589,0.06608728099583315,1.0,1.0,0.8,0.8,0.3,150,4421.831391754333,17938.206228168652
23,84,1.1610954343853999,1.3001006176882774,1.2491446273683215,1.6745367077865567,1.171162284990924,0.0661032227090012,1.0,1.0,0.8,0.8,0.3,151,4436.296943903168,17894.11531266447
23,85,1.1610648395025467,1.2983453337765085,1.2470779539581405,1.6817581598945874,1.1593002627312035,0.06618273585744343,1.0,1.0,0.8,0.8,0.3,153,4499.926671447369,17928.685677815785
23,86,1.1594745156380908,1.3113794214395362,1.2847087862754294,1.716379727193042,1.2090273415836914,0.06471402681897422,1.0,1.0,0.8,0.8,0.3,154,4529.958119019718,20527.3264589628
23,87,1.1591673710751542,1.2946759069412146,1.2540696059247112,1.7111193760978705,1.1899301503554778,0.06466605257990306,1.0,1.0,0.8,0.8,0.3,155,4466.607429709527,20882.64545279388
23,88,1.1590911297445856,1.2917863520566168,1.2506739159311395,1.7060518523903898,1.1620841710038567,0.06474823073442651,1.0,1.0,0.8,0.8,0.3,157,4619.778097457909,20613.746013917094
23,89,1.158560283308584,1.2868105484276537,1.2448989796734313,1.721327354145177,1.1840756300931297,0.06436115381034012,1.0,1.0,0.8,0.8,0.3,158,4494.3046820422,20868.183017983032
23,90,1.1585696004943145,1.3199631073701839,1.3169688518278553,1.777172986555293,1.1519056671287502,0.06440165938376938,1.0,1.0,0.8,0.8,0.3,167,4394.908276500246,20192.027793267494
23,91,1.1586312726356391,1.3342699893344847,1.3558113746707752,1.7977420627211775,1.1818612079062678,0.0649699476250899,1.0,1.0,0.8,0.8,0.3,169,4513.956961889006,20410.42691504885
23,92,1.1589433317133373,1.3274020887296434,1.3476568728025828,1.8053993769410028,1.1788507994396242,0.0657761679371471,1.0,1.0,0.8,0.8,0.3,171,4654.636941371505,20284.379781063988
24,0,0.9098861010082387,0.9789142282456921,0.9263293539949745,0.010830155086930415,0.0,0.0,0.0,0.0,0.8,0.8,0.3,1,2124.762773842159,7561.0999227386
24,1,0.9364486799851738,1.0240146030257307,0.9703787279407241,0.0648990964851991,0.07266945266194383,0.06389142973715653,0.00011585981085181999,0.0001049844790755,0.8,0.8,0.3,3,2125.0724512960232,7409.764541602327
24,2,1.2376713211326762,1.4904447618713592,1.4390875469862043,0.5936254083452605,1.0063330545263076,0.07703419928644448,0.4765258763419011,0.42074013951917644,0.8,0.8,0.3,4,3472.168471073611,3168.487863438701
24,3,0.8122520286357384,1.1412003141444316,1.0825711389865957,0.28652917353725066,0.5662770319524831,0.10052458384203529,0.20769162695064153,0.05238346872839154,0.8,0.8,0.3,5,3174.280647310344,3475.206629698677
24,4,1.1452019005063558,1.5136568099596002,1.464132124833802,0.6803870760279672,0.7220332006938415,0.047127991915009895,0.5392218161582594,0.590703692733532,0.8,0.8,0.3,7,2086.229233515346,7172.404352237817
24,5,0.6869060217523918,1.0853034740881056,1.031170352101003,0.2764720222163357,0.4328187436944028,0.07579203710305508,0.17377031367324464,0.1506569442578347,0.8,0.8,0.3,8,2575.809304881218,4339.3835071032345
24,6,0.7821520476297285,1.1931017436671547,1.1366536515690469,0.4004834871151829,0.41335081309483146,0.06082130578755607,0.2921977602827285,0.2791588463098685,0.8,0.8,0.3,10,2003.178843468933,3509.8380832873945
24,7,0.6433631841962744,1.0660396600941309,1.0071307091873853,0.2930354156140207,0.30374100457053693,0.05952317797288855,0.2006300840535748,0.151160487729382,0.8,0.8,0.3,12,3075.88588385145,4317.883892962733
24,8,0.7356068345130136,1.1757486600605194,1.1122605790820599,0.43378411347160145,0.48320706491514376,0.06268725866990998,0.3189400736557034,0.28205252616640586,0.8,0.8,0.3,14,2051.999193033173,3925.2938733750425
24,9,0.7309339024800933,1.1728108098707133,1.1087796647439383,0.44340936167814926,0.4012252510443456,0.0622779984087227,0.31949744305134226,0.28243491776425145,0.8,0.8,0.3,16,2014.7685416642091,3828.480083862664
24,10,0.7537360840869117,1.1966174686864302,1.132261218461031,0.46893918385119393,0.4291099779341535,0.09280766659618248,0.3045320684039184,0.3266130713578074,0.8,0.8,0.3,17,2704.533712361862,3213.276585285556
24,11,0.7261377474603496,1.1694289474981616,1.1049385775162828,0.44790029204327086,0.3949302386181564,0.06158925238429173,0.31926044496548706,0.28256873351705003,0.8,0.8,0.3,18,1972.5917560835364,3739.965645991417
24,12,0.7263825056506187,1.1794068860254152,1.1111823917270824,0.4822448731417429,0.5735237149158025,0.08326029517493812,0.31475277769901416,0.342738940156893,0.8,0.8,0.3,19,1922.5599836545207,4018.1435225425967
24,13,0.5573583657561099,1.0234013667681618,0.9673166665031194,0.32238642942803186,0.29413303672962016,0.07237253362573756,0.2015883319978118,0.13293314945925222,0.8,0.8,0.3,20,2704.954456697657,5175.635439788845
24,14,0.582468404121482,1.063503919125233,1.018333202994954,0.3698583661340479,0.34268739027815087,0.06329808277779769,0.26182589013682567,0.13343765898368248,0.8,0.8,0.3,22,2858.118370957407,5368.053532739015
24,15,0.7109483341911957,1.1702334119266067,1.0986457992377092,0.5012041449783657,0.4486929969158555,0.08820881178533117,0.3289139207394256,0.3266628801538002,0.8,0.8,0.3,23,2800.261044025109,3286.968822367134
24,16,0.6170179311922295,1.1008522806126657,1.05370663155869,0.42532311302156817,0.4125353240390514,0.06456428850097236,0.3099621357821496,0.1646326208533073,0.8,0.8,0.3,24,2911.4274315481844,4225.716803496764
24,17,0.6782765022214827,1.1427246387132048,1.066423167042869,0.5072617015370398,0.5605062811396873,0.07203804514732536,0.33912057959084063,0.34262008280827205,0.8,0.8,0.3,25,1950.739266030728,4095.9942438633343
24,18,0.6733002350974558,1.1381945827194277,1.061165789945071,0.5144244576315209,0.4462608998316844,0.07156725488653072,0.33920293671019836,0.3427133123640205,0.8,0.8,0.3,27,1910.8749132386224,4015.362645101524
24,19,0.6932908059635913,1.181306867582227,1.1284769849107543,0.5526347383978245,0.49934761985699394,0.06534362579824717,0.3844005297617791,0.34287211668803746,0.8,0.8,0.3,29,1929.7773236377568,4351.8568708322255
24,20,1.2984985225647692,1.7755459227742536,1.7092164337957922,1.1870179666550893,1.0922162231064023,0.0696756088830059,1.0,0.7175787638803063,0.8,0.8,0.3,30,3030.90259175656,3147.6227673862336
24,21,1.260124580169709,1.7368915958771343,1.66729096770574,1.1692071749097288,1.1845149087367022,0.06266189017338579,1.0,0.6711043956981496,0.8,0.8,0.3,31,1947.2997493241,3990.799663120548
24,22,1.2681051306456121,1.7445714870796911,1.6738657673948723,1.188356157845262,1.1116638034809219,0.0582469690633306,1.0,0.7299873763467015,0.8,0.8,0.3,32,2074.3618603292057,3947.634490449981
24,23,1.243875882573772,1.7309477616674973,1.6722533142019813,1.171800499223871,1.0863876400839072,0.05641853841642872,1.0,0.6713564295779127,0.8,0.8,0.3,33,1987.8064659541956,4081.244409170578
24,24,1.2601622585456842,1.735471402673939,1.6631172149165616,1.1879645037699773,1.0919838734687752,0.058398948397744156,1.0,0.731332876216541,0.8,0.8,0.3,34,1971.60673327024,4283.141655469237
24,25,1.238018791633165,1.735376091730417,1.6885217123919816,1.1798637105432292,1.0670136201672322,0.05641853841642872,1.0,0.6713564295779136,0.8,0.8,0.3,35,1907.3615597643125,4314.771028777709
24,26,1.2363613679142247,1.7193183312668094,1.6558272244720151,1.2005104439400083,1.2148966925334077,0.05800069671318817,1.0,0.7217364461284135,0.8,0.8,0.3,36,2763.4335621405107,3857.673794860414
24,27,1.2412288634641877,1.7347580896466588,1.6840874844777325,1.2087419407731144,1.0719133844888236,0.06165135799705691,1.0,0.7296213106084026,0.8,0.8,0.3,37,1885.304835655492,4166.252583981286
24,28,0.772789684178793,1.2641110039844028,1.2117810436327194,0.7468982595940814,0.6750543593669506,0.06315716173359393,0.5522901751386133,0.3829731801722561,0.8,0.8,0.3,38,2162.687263041805,5068.35642231932
24,29,1.2257954472760548,1.7168213563250212,1.6642494433664805,1.2098390420338174,1.0717541409128852,0.055948242015571456,1.0,0.7220475478681699,0.8,0.8,0.3,39,2842.867339898271,4040.5802604877927
24,30,1.2237482529951595,1.724970523271673,1.684770815745221,1.2159214417758037,1.0869953697651682,0.055346092724168294,1.0,0.725699021776965,0.8,0.8,0.3,40,2638.371296046332,4273.116257511348
24,31,1.2235662952993636,1.7122467898352713,1.6582074267821638,1.2343294289343965,1.0994862416937186,0.05848736335724475,1.0,0.7285905207071274,0.8,0.8,0.3,41,2074.2996872902618,3423.651193901046
24,32,1.1994146605639395,1.6855128079508528,1.6375033134056443,1.2308878244498458,1.210670910913699,0.0635761726783778,1.0,0.7242369202615178,0.8,0.8,0.3,43,1888.486144379227,5159.832052364252
24,33,1.1874393765202327,1.668931410226814,1.6189480578003548,1.2309008987222616,1.145596870596458,0.06021302537999203,1.0,0.7163520557815295,0.8,0.8,0.3,44,2120.1319413927718,5078.997340700645
24,34,1.1796247605398182,1.642077808816438,1.576170946196428,1.2368011514421884,1.1818555402485604,0.05783859187681843,1.0,0.7274122266039453,0.8,0.8,0.3,45,1768.3471057134946,4946.752135081722
24,35,1.1758651369641842,1.6459231489359327,1.5917565459337528,1.2421361403220263,1.0897090910825518,0.057838591876818425,1.0,0.72741222660394,0.8,0.8,0.3,47,1649.7539807739013,5196.119134072264
24,36,1.2540600988844486,1.723870612919797,1.6695725199856077,1.3306359469160673,1.150310241459731,0.06281449028889653,1.0,0.9765251075354842,0.8,0.8,0.3,48,1827.8201462815755,5221.771234692727
24,37,1.250210466356043,1.7270911933062345,1.6844133976580933,1.3360809819720036,1.170644246008136,0.0629301586984029,1.0,0.9764734942479871,0.8,0.8,0.3,50,1753.2726048093282,5488.95606145105
24,38,1.2546753659588366,1.7270386145461976,1.6828679757607008,1.3410729556493528,1.2126646321391763,0.064938222954011,1.0,1.0,0.8,0.8,0.3,51,2032.4149413878647,2251706.113617857
24,39,1.1657811325224243,1.6262428310535992,1.568843365617984,1.2593415313789325,1.0660394221768792,0.05684577873601737,1.0,0.7273828305750003,0.8,0.8,0.3,55,4065.8713891843263,4609.275521499641
24,40,1.235203617466898,1.7155188022960142,1.7026465937615651,1.4402477905815838,1.1697363236948108,0.06474691415831008,1.0,1.0,0.8,0.8,0.3,72,5971.132478234996,4046591236.619052
24,41,1.2325875068278587,1.7070759729539928,1.6925711379673742,1.454362953928292,1.1699560533233564,0.06611047836240612,1.0,1.0,0.8,0.8,0.3,76,7176.075448750084,4046585226.72796
24,42,1.2216577659923884,1.6879098942202375,1.681311242761703,1.4614275504433776,1.2558249426593486,0.06533036319814146,1.0,1.0,0.8,0.8,0.3,78,5881.393083869864,4046584392.120556
24,43,1.2210351149795369,1.6859164447362731,1.678976368637166,1.471749534657544,1.1589841280262712,0.06533036319814145,1.0,1.0,0.8,0.8,0.3,80,6142.237978822505,4046337963.655789
24,44,1.2201337616851657,1.6729088262426843,1.6527404050510532,1.471026391660959,1.1611079752754494,0.06473933592863446,1.0,1.0,0.8,0.8,0.3,81,6048.518921682717,4046439201.283094
24,45,1.2182588602984872,1.6759769807295495,1.6672541494726456,1.467741955331079,1.2154193195427108,0.06591859098117964,1.0,1.0,0.8,0.8,0.3,82,6124.252928889689,4046323597.309185
24,46,1.217959441588512,1.6752783467002852,1.6664550580477786,1.4815975756735946,1.156876089724391,0.06577830999369903,1.0,1.0,0.8,0.8,0.3,83,5982.2671444762045,4046401671.029397
24,47,1.2176213799593345,1.6708630692750668,1.6610403718746203,1.4894812751301154,1.194609678552197,0.06755534945059957,1.0,1.0,0.8,0.8,0.3,84,6260.037889952151,4046190521.395648
24,48,1.2146377435150417,1.6732973557445097,1.6750723597405512,1.4917958367728257,1.2106642316470082,0.06683206685816845,1.0,1.0,0.8,0.8,0.3,85,6240.967104392025,4045969318.487512
24,49,1.2123298400160425,1.6584586370096714,1.6468950745792663,1.4828361311554665,1.1596635071898829,0.06475441657727987,1.0,1.0,0.8,0.8,0.3,87,5895.431624514428,4046590008.611654
24,50,1.2096842514831947,1.6547853510493173,1.6533505008072023,1.5045473330429011,1.2112900072414217,0.06712086248751345,1.0,1.0,0.8,0.8,0.3,89,7651.388029843653,4045944680.107667
24,51,1.2091956009668978,1.6522241758798815,1.650307391147827,1.5221367555152834,1.1605008170104467,0.06743699413743084,1.0,1.0,0.8,0.8,0.3,92,7775.042848452518,4045961843.3479815
24,52,1.1977238095876543,1.6306623005806675,1.6264286923951412,1.5199364081542375,1.2404180096769306,0.057395418786523024,1.0,1.0,0.8,0.8,0.3,93,4956.155075461031,676915.8325452679
24,53,1.1969059559373363,1.6161994513049942,1.5984082805159756,1.5261371108715656,1.1690370094489322,0.057386126142203196,1.0,1.0,0.8,0.8,0.3,94,4999.194611445635,676936.070335693
24,54,1.1960560105777112,1.625012885262876,1.619877716329226,1.5190640525695003,1.1523418670646195,0.056913443395905816,1.0,1.0,0.8,0.8,0.3,96,4878.408501855154,678283.6769945321
24,55,1.2020159693141956,1.6042395637507711,1.57213140531142,1.533318572862319,1.1924862700793681,0.06605099240992195,1.0,1.0,0.8,0.8,0.3,97,8453.617642612677,3532952289.672765
24,56,1.1933807682233806,1.6131984431408746,1.606018683479731,1.5326954620621953,1.1893993514091412,0.057069548624261335,1.0,1.0,0.8,0.8,0.3,98,4991.18351734057,677161.2650288658
24,57,1.1929713947555407,1.622120151554044,1.6275256415975987,1.5729301216148686,1.147913334205033,0.057245958149415556,1.0,1.0,0.8,0.8,0.3,106,5159.614469870538,675341.6087795502
24,58,1.1911915212662945,1.6010702778738983,1.5917027703250144,1.5579498383426287,1.1824413150278668,0.05787681256941617,1.0,1.0,0.8,0.8,0.3,108,4789.047639441517,670843.643952361
24,59,1.19092504711139,1.643733275237053,1.685951988718839,1.6023924920598793,1.155374517208101,0.05821908216105737,1.0,1.0,0.8,0.8,0.3,110,4516.78271734394,670687.853515452
24,60,1.1860303081701324,1.5963898558916252,1.608311245676971,1.5817923126174187,1.3214158507425036,0.05840968304247618,1.0,1.0,0.8,0.8,0.3,111,4427.324760965431,669945.12591434
24,61,1.1861376924863947,1.5956225900493746,1.6073595398818639,1.6001393695958777,1.1507425102737057,0.058796307364933874,1.0,1.0,0.8,0.8,0.3,113,4615.840938799073,668682.6667116693
24,62,1.1858763126007683,1.6055083250204907,1.6300224055811525,1.6041850414834096,1.1561325556841002,0.058778189552521065,1.0,1.0,0.8,0.8,0.3,114,4598.42696333278,668771.2579176194
24,63,1.182960808860348,1.5837715694040813,1.593684959207723,1.6019624332425695,1.211092073032291,0.05729299550120074,1.0,1.0,0.8,0.8,0.3,115,4536.942881525967,668984.8711546003
24,64,1.175908379616718,1.5278424479884405,1.495590198553025,1.5912613140027603,1.2065279695392694,0.05249139800688109,1.0,1.0,0.8,0.8,0.3,117,4257.93000547248,668969.0498560945
24,65,1.1754508626676123,1.5450731134149678,1.5378545416138507,1.6037586360987428,1.1818941850531222,0.05308120002314639,1.0,1.0,0.8,0.8,0.3,118,4111.752273073995,670868.3206719967
24,66,1.1728282740928335,1.5169987258828146,1.4938864821827802,1.6128208693907875,1.2014951506423925,0.053110154109354255,1.0,1.0,0.8,0.8,0.3,120,4285.95295039033,670458.8549485415
24,67,1.1727586285551859,1.5166212150310516,1.4934470254575298,1.6200953883623723,1.143725540565295,0.05309068112757872,1.0,1.0,0.8,0.8,0.3,122,4289.171830598114,670831.6851849547
24,68,1.185509959057905,1.5490892572029336,1.5729116079537035,1.6543459389776305,1.261502806560503,0.07418895305391619,1.0,1.0,0.8,0.8,0.3,124,4081.8885461464647,685263.93788924
24,69,1.1763289986278687,1.571095411409624,1.6334418672518896,1.6718983773797114,1.169844651135891,0.0631665241665547,1.0,1.0,0.8,0.8,0.3,125,3900.4921606398057,697775.0526126759
24,70,1.1799247546053824,1.5431010985738423,1.5884596281665153,1.683872757927661,1.2387034723342965,0.071283260448498,1.0,1.0,0.8,0.8,0.3,127,3920.645211243986,698469.1532725493
24,71,1.180910951059028,1.52390935000952,1.5871104386202326,1.7125856622405349,1.2463839041664573,0.07883080895161153,1.0,1.0,0.8,0.8,0.3,131,4017.141815997743,684387.2868223322
24,72,1.1779156586018835,1.4933404774552124,1.5295676188990865,1.6902797207861309,1.1701901669418833,0.07573182628454109,1.0,1.0,0.8,0.8,0.3,135,4039.493772802787,682098.9291684153
24,73,1.176513138940897,1.470508885957404,1.491806913101702,1.6965585525391391,1.2403861487019725,0.07527501377642712,1.0,1.0,0.8,0.8,0.3,136,4033.0235791594887,682034.9497940248
24,74,1.1764753026754062,1.4648514566187634,1.4850987158733733,1.6810290162622286,1.1814234466087392,0.07587249400182065,1.0,1.0,0.8,0.8,0.3,138,4026.0323271675247,683916.9246266135
24,75,1.176318674762378,1.4742042565732867,1.5071348778137965,1.6924469242922493,1.1671018295466375,0.07587249400182065,1.0,1.0,0.8,0.8,0.3,140,4019.690416837524,683690.6605422124
24,76,1.1755219858484207,1.469375530201576,1.5015497564930753,1.7146083104820398,1.1608562566598226,0.07535810772641703,1.0,1.0,0.8,0.8,0.3,148,3997.721011658496,683182.0684993116
24,77,1.1749089056916464,1.4729416848144412,1.5168083268734807,1.7256281560863325,1.1890453131512297,0.07535810772641702,1.0,1.0,0.8,0.8,0.3,150,3978.8011077348174,682518.6319812613
24,78,1.1650399192973824,1.5197792615279277,1.6287760492691175,1.837306972146969,1.1514908139591262,0.06294785101754813,1.0,1.0,0.8,0.8,0.3,165,4815.991958077461,690057.2241479092
24,79,1.1642547719470726,1.5269811447246773,1.6483794585379212,1.836905489514227,1.1742676885553647,0.06231698005758324,1.0,1.0,0.8,0.8,0.3,166,4777.829997220646,690100.3137527306
24,80,1.1551616590512899,1.5032509554610565,1.6219339087996147,1.8275653497413489,1.1973115225789048,0.05247312337657252,1.0,1.0,0.8,0.8,0.3,168,6890.348041108404,689971.1726011606
24,81,1.155064496916164,1.4980641947608813,1.6158065720249069,1.8431428297270858,1.1518746270249265,0.05285476375594905,1.0,1.0,0.8,0.8,0.3,172,6827.719567278378,690162.3139749303
25,0,0.8421810475177594,0.9616544775892938,0.9061137692088738,0.009242125085512311,0.0,0.0,0.0,0.0,0.8,0.8,0.3,1,3237.0552683094347,7240.456033468433
25,1,0.8792502430337505,1.0116563714967484,0.9553056554097423,0.06693521599094228,0.07124972370397535,0.06827739844044386,8.620034091585e-05,0.00013585291659822,0.8,0.8,0.3,3,3244.8803463103936,6944.340059159947
25,2,0.8496591854246682,1.0033371003029878,0.94560056974625,0.06828018043300785,0.11101864210440497,0.05603365044481361,0.0097072877844306,0.00637182576862669,0.8,0.8,0.3,4,3017.6042982169524,7200.843307478581
25,3,0.676053401555737,1.0096990846933218,0.9645146348309607,0.1435402922902646,0.39123648528003757,0.07985209712236543,0.042007809012975086,0.06500551395103796,0.8,0.8,0.3,6,1714.1053662856702,5718.670433599636
25,4,0.6063821012258956,0.9910763342932197,0.9243690669878258,0.1770232376186809,0.33310938547477054,0.07475061938865055,0.0787644037672834,0.12173846379273649,0.8,0.8,0.3,8,1210.9302446791694,3805.4009682973456
25,5,0.9452517426500295,1.359697873111145,1.3177046745710004,0.5584533023214115,0.5655564271221579,0.07357325292495645,0.35835445247373615,0.5584012000871695,0.8,0.8,0.3,9,2406.015294633582,3069.419693465624
25,6,0.5727049200536055,0.978003845499655,0.9074291780371899,0.19019929056024293,0.27407944457710126,0.08389010697904234,0.08046397401722667,0.12453514517330137,0.8,0.8,0.3,10,1162.6549624282163,7832.355860043679
25,7,0.9380071748472617,1.3917139804156238,1.356720013774815,0.623039040570212,0.7085741712973154,0.08157645162503398,0.39176341205816895,0.6341490123056924,0.8,0.8,0.3,11,2351.2554912424644,2381.1279821088083
25,8,0.7282440986626806,1.189644791355247,1.1525054900632572,0.4243355073675618,0.46671822111384714,0.07473713259681142,0.2580197536749892,0.3772288596439164,0.8,0.8,0.3,12,1345.006502858827,3943.413312980926
25,9,0.9632593628999462,1.4386818424127839,1.4136731563042932,0.6949382964399011,0.6400253073780604,0.07216565799339947,0.467442818976154,0.6353309358704055,0.8,0.8,0.3,14,2300.124031950435,1866.0407113092283
25,10,0.9442305743063184,1.4435249565106,1.426619104648689,0.7250694067836418,0.7443951338601008,0.08565018537537145,0.46244092768252665,0.6868352864552929,0.8,0.8,0.3,16,2445.8113971338557,1603.130646520658
25,11,0.9409920173763087,1.4409815599677995,1.4237327425336668,0.7351314930431485,0.6509802662424451,0.08483100838848076,0.46253658861081715,0.686963989059403,0.8,0.8,0.3,18,2446.289897567244,1564.903429038285
25,12,0.9395131998881002,1.4399134685750858,1.4224551943539505,0.7376314985757333,0.6526681900211263,0.08458441691455752,0.4627251936184881,0.6876341156538777,0.8,0.8,0.3,19,2456.6222313731128,1353.191078445905
25,13,1.0428074572366954,1.5523347658192432,1.5275959375641626,0.8917795849697215,1.096011855093428,0.05111524238856522,0.7294281831669456,0.5821236606419544,0.8,0.8,0.3,20,1463.9779786800896,25122.53828588592
25,14,0.9089236921725056,1.4186056548553903,1.3935945938743322,0.7594899334207666,0.678013539454686,0.057420231832066036,0.5882705830531866,0.5012645482624731,0.8,0.8,0.3,21,1432.830565336963,19909.68245475322
25,15,1.040636549799321,1.5503389471366529,1.5252968813199386,0.8996975271327408,0.8001341860638024,0.05071398832238525,0.7295040937998278,0.5822407887186319,0.8,0.8,0.3,22,1460.7095734195962,24958.71983976812
25,16,1.0595321574107275,1.5694728352875282,1.5439597359414485,0.9269697027011914,0.8399215909462088,0.05100196565568856,0.7494723288072049,0.601171551718595,0.8,0.8,0.3,23,1504.9041016333338,24833.03894459881
25,17,0.8610457869861989,1.3715594745068573,1.34172261473569,0.7423865277383319,0.824464474145594,0.05964434723003884,0.562985609700959,0.49986990500298256,0.8,0.8,0.3,24,1649.7806952559422,15338.430795720822
25,18,0.7634729736219763,1.2723110170836778,1.2388281122972618,0.666070203076629,0.6444515475849275,0.053857345718916226,0.48718507571706837,0.4575753905180709,0.8,0.8,0.3,26,1473.7125168070038,14002.828904872244
25,19,0.7617940847366335,1.2815870538462382,1.260774642997406,0.6775614631291935,0.5768108041763114,0.05385734571891628,0.4871850757170689,0.45757539051807206,0.8,0.8,0.3,28,1515.9418497280417,13690.091166832592
25,20,0.7622364846282792,1.2704313339180628,1.2361177721945595,0.6888110145160181,0.5934862398319612,0.05521213005089477,0.48838302213915225,0.46066949864431894,0.8,0.8,0.3,29,1478.256553778314,13898.181636065165
25,21,0.778169588219299,1.2842910014176436,1.2478160064132529,0.713659075449867,0.687703438950768,0.05220388490336355,0.5121016682273044,0.49371053091310146,0.8,0.8,0.3,30,1575.555739906113,12592.948527732768
25,22,0.8180592466951847,1.334559067955597,1.3103603354914124,0.789804780907033,0.6527013180987052,0.06320479219593891,0.5083016817202797,0.6188227842847481,0.8,0.8,0.3,33,1521.419657501713,15218.51068406196
25,23,1.3158076511993755,1.828362512283135,1.801250124163188,1.3112373551844831,1.2725598833030427,0.06708584771391043,1.0,1.0,0.8,0.8,0.3,34,1918.302602093187,112266.56078794456
25,24,1.2935755215662115,1.7726016198093208,1.7134671933581476,1.3007897345023076,1.278212669203765,0.06934103523025222,1.0,1.0,0.8,0.8,0.3,36,2368.7029998019552,106906.32589367084
25,25,1.2959762455358745,1.7631904055866843,1.6907748910840075,1.3101676061942653,1.170344991049831,0.0736306114952013,1.0,1.0,0.8,0.8,0.3,37,2304.9000537165707,77889.92370708828
25,26,1.2837105161531313,1.724120021015499,1.6237658223855251,1.2766409518685526,1.2325781245860692,0.06694656491617819,1.0,1.0,0.8,0.8,0.3,38,2463.3889059877506,102284.63091575002
25,27,1.3018382753518851,1.7521646757748648,1.6642705529983013,1.2963469942876595,1.1955951429705034,0.0919415327215113,1.0,1.0,0.8,0.8,0.3,39,6141.29497947752,113244.80271085208
25,28,1.2951995630119695,1.7778734798479878,1.7284599582155236,1.3276036868758685,1.1793142254479243,0.08586327362187529,1.0,1.0,0.8,0.8,0.3,41,5407.386482351596,111974.49880609596
25,29,1.297659572283744,1.7782903419322922,1.7280543688830026,1.335472400905823,1.207500406921664,0.0923873525141936,1.0,1.0,0.8,0.8,0.3,42,5929.044996454891,112230.7253537212
25,30,1.2665173428835568,1.7323635348859885,1.6767456839498818,1.321166369098929,1.3788696134791076,0.07426099673433523,1.0,1.0,0.8,0.8,0.3,43,5294.63272662964,111859.49408694512
25,31,1.266072652102614,1.7426610862854848,1.6998886539144922,1.3399289267645815,1.1625631660301725,0.07426099673433514,1.0,1.0,0.8,0.8,0.3,45,5315.266354346696,111990.30341631736
25,32,1.2467268143895844,1.7013409635976893,1.6420852851989542,1.3251531619545718,1.2918670235298368,0.06203511088662104,1.0,1.0,0.8,0.8,0.3,46,2441.638454511159,73009.85488979473
25,33,1.2400187767041178,1.676161351551243,1.6114706899484437,1.3350521345408553,1.2669051851896225,0.07023083893622498,1.0,1.0,0.8,0.8,0.3,48,3469.0624515408263,109571.57017751092
25,34,1.2266477489735885,1.658698873347102,1.5928601754892757,1.3236999361943456,1.1929787445987168,0.056781939381815014,1.0,1.0,0.8,0.8,0.3,49,3003.886296527662,130853.94494200851
25,35,1.2609766097580448,1.7056830655768678,1.6632188713497174,1.378354686528078,1.2921419745858942,0.10667394099960703,1.0,1.0,0.8,0.8,0.3,50,3935.397033424358,79434.73875217982
25,36,1.259778363612793,1.7019744985006227,1.6588526807063573,1.3878307861138148,1.1987438475185792,0.10683849612394103,1.0,1.0,0.8,0.8,0.3,52,3904.4068052759008,79574.95245218955
25,37,1.2586976376129604,1.687940788167456,1.6313599359926512,1.3907095513196406,1.2041180980024206,0.1066480024400066,1.0,1.0,0.8,0.8,0.3,53,3784.477507459886,77275.50688324754
25,38,1.2576454337302307,1.69641704726964,1.652404284977757,1.403357043699014,1.2025117974727824,0.10639411427309595,1.0,1.0,0.8,0.8,0.3,54,4054.56372079033,80006.2923852928
25,39,1.2062420016227366,1.6480535765545896,1.614900279744224,1.3519258060171062,1.1840558285770213,0.04756201805689578,1.0,1.0,0.8,0.8,0.3,56,2226.976146972226,72693.84874112983
25,40,1.2370967206883328,1.677393752858093,1.643913575254837,1.399486388126452,1.177934546936898,0.08662305211969852,1.0,1.0,0.8,0.8,0.3,57,4225.063547683289,88165.09763863377
25,41,1.1980478225908553,1.605984671200801,1.564720798455381,1.3659152120518938,1.4611074228867216,0.05417458292907967,1.0,1.0,0.8,0.8,0.3,58,3073.6734083669426,93429.513178658
25,42,1.1970471825763012,1.5952678599423198,1.551781671052613,1.3669692586597002,1.190757839665691,0.05699949469016875,1.0,1.0,0.8,0.8,0.3,60,3156.195437989155,109276.32890060004
25,43,1.1966200927942976,1.581749387956857,1.5248355078158191,1.3736821349019912,1.1631875182513631,0.057224597236495436,1.0,1.0,0.8,0.8,0.3,61,2605.978486533913,94107.2156827296
25,44,1.2237682374006915,1.6173408892238612,1.5938597556431697,1.4152737855322235,1.4079065228726082,0.10034411841799784,1.0,1.0,0.8,0.8,0.3,62,3964.917147612468,75597.04789632442
25,45,1.2176144606399646,1.600069030129544,1.574199133975007,1.42745012966449,1.2256398917333442,0.09619078006104888,1.0,1.0,0.8,0.8,0.3,64,3796.593708197685,79261.50858553253
25,46,1.2208892541068077,1.5915356633823203,1.5525391856998925,1.4238171492243903,1.1850214549232045,0.1004482295078764,1.0,1.0,0.8,0.8,0.3,65,3914.4893259976234,75853.94027486455
25,47,1.2162891499037882,1.5956879742339687,1.5691684252699607,1.4300105756994568,1.1980942138450672,0.09545595501369739,1.0,1.0,0.8,0.8,0.3,66,3750.969556857293,80702.03941230473
25,48,1.2188245606012469,1.5942224525418924,1.566857730493865,1.446592130536744,1.196885709460169,0.0997935311525214,1.0,1.0,0.8,0.8,0.3,68,3903.404648497101,76388.09409093318
25,49,1.2162920492441103,1.601334510340058,1.5866409154475754,1.454641261186844,1.1911449229149653,0.09708278738527236,1.0,1.0,0.8,0.8,0.3,69,3828.449106039076,89444.17209677426
25,50,1.2181334482929551,1.5914987334068322,1.5637049733062283,1.4495376260699278,1.183629538607395,0.09951903388374164,1.0,1.0,0.8,0.8,0.3,70,3786.6026656104714,76181.91599275882
25,51,1.2084127578665518,1.5878219653610408,1.5719445975979456,1.4507254205291609,1.2153701141576803,0.08883223937726749,1.0,1.0,0.8,0.8,0.3,71,3201.792610436048,81717.03797248681
25,52,1.2142176795926638,1.5584348383969127,1.5032255615041126,1.4395071926989582,1.1839435908536329,0.09652460060927356,1.0,1.0,0.8,0.8,0.3,73,3808.473820541233,88910.36953338221
25,53,1.2124920591386878,1.5716191665950514,1.5515441199718454,1.4743026618601367,1.218833505770993,0.09921670031820692,1.0,1.0,0.8,0.8,0.3,77,3397.0232454085044,75236.20468928386
25,54,1.2072584578734202,1.5666355956190954,1.5680768292065608,1.4846743734934449,1.269541920602356,0.0977109938231273,1.0,1.0,0.8,0.8,0.3,79,3443.506256090664,76617.10388956292
25,55,1.20577011434794,1.5690542899621875,1.5820388874720293,1.4942237201143775,1.2372913601453286,0.09736485939203707,1.0,1.0,0.8,0.8,0.3,80,3340.136959099816,76445.90702640833
25,56,1.2057602802645826,1.5689840234323493,1.58195653959022,1.5012544505897467,1.1783815462390748,0.09736485939203707,1.0,1.0,0.8,0.8,0.3,81,3346.699639465021,76515.52369154622
25,57,1.206098903229452,1.5404871373229778,1.5261826378991519,1.491317242819424,1.2313069603686342,0.09906835790586628,1.0,1.0,0.8,0.8,0.3,82,3278.554142823444,76294.1266441958
25,58,1.2059830207735005,1.5508305072869428,1.549379084775057,1.4982429825834822,1.1822548281677532,0.09906835790586628,1.0,1.0,0.8,0.8,0.3,84,3289.2388575032137,76413.11634782868
25,59,1.2045616257714746,1.559255168125634,1.570535560603183,1.511150041425082,1.1889974527063016,0.09755471430197676,1.0,1.0,0.8,0.8,0.3,85,3304.89619731152,76144.81399165312
25,60,1.2037414493680958,1.5109728437965124,1.4697287186674188,1.489183999170446,1.198928372477585,0.09703563966022036,1.0,1.0,0.8,0.8,0.3,86,3134.246174869618,76267.69397188054
25,61,1.2037117816801093,1.5307521099507795,1.5149958190556243,1.5211742182870378,1.1886169172775232,0.0974963989598988,1.0,1.0,0.8,0.8,0.3,88,3083.255978100974,75849.25475470399
25,62,1.2021159561565478,1.5364853913260947,1.532968792654039,1.5413059801421805,1.207712642234319,0.09621050132336664,1.0,1.0,0.8,0.8,0.3,89,3171.0408775687,75748.70372490735
25,63,1.204163104091713,1.5364915323743176,1.5325746089544228,1.536290749706347,1.1874654062019991,0.09913996594247364,1.0,1.0,0.8,0.8,0.3,91,3343.136458811235,76771.19175771462
25,64,1.2023911144587072,1.5337302938893267,1.5296195861560418,1.5452686658466777,1.1855931658642016,0.09710315149659582,1.0,1.0,0.8,0.8,0.3,92,3156.3532639219693,75777.74767109884
25,65,1.204473886475669,1.5513998211065902,1.571957424575331,1.5586057039049601,1.2079012937790534,0.10090772669488508,1.0,1.0,0.8,0.8,0.3,94,3337.143604865852,76473.7365852696
25,66,1.2008595254505623,1.5357480418420373,1.5431426403658568,1.5586204958530385,1.1805382176071384,0.09653322445383494,1.0,1.0,0.8,0.8,0.3,96,3332.7795206430974,76538.4946887948
25,67,1.2006869976448935,1.5355101091776908,1.5428920051639365,1.5694985086821154,1.1773225778248455,0.09632877072948298,1.0,1.0,0.8,0.8,0.3,98,3331.049327966031,76735.15495051947
25,68,1.1997515346195031,1.5528722324488482,1.5854556261018402,1.5823073380275539,1.209297687740159,0.09585707748721128,1.0,1.0,0.8,0.8,0.3,99,3366.7793417441326,76500.61621991858
25,69,1.1995213578510495,1.5580084858032595,1.602460684952787,1.600803728252101,1.1849197935760882,0.09653233602441427,1.0,1.0,0.8,0.8,0.3,105,3194.710266443,76098.09847509561
25,70,1.2016912397520523,1.5598330733648884,1.6042184913300652,1.759061222329889,1.1795699486062268,0.09930053384190092,1.0,1.0,0.8,0.8,0.3,126,7447.279968169333,99655.08876575256
25,71,1.2021321969755474,1.559749016273912,1.6040329276837724,1.77186707694163,1.182019879072572,0.09993659485493714,1.0,1.0,0.8,0.8,0.3,128,7499.840196831197,99536.28909286548
25,72,1.2009469940942599,1.5680325098275045,1.6249814809251826,1.7744435158620988,1.1858261084136688,0.09873374180413405,1.0,1.0,0.8,0.8,0.3,130,7535.223745631801,99801.7193240304
25,73,1.2024637102713773,1.5583367330651505,1.6022836271711913,1.7883194248254737,1.1805686097102668,0.1006309968002919,1.0,1.0,0.8,0.8,0.3,131,7450.189151486811,99772.07177147872
25,74,1.2011168017828209,1.5554759154278688,1.5991305246983167,1.7895294229644116,1.1912707571061647,0.0991881879557618,1.0,1.0,0.8,0.8,0.3,132,7521.07968879779,99577.69739814918
25,75,1.200911241739751,1.554574710992718,1.5980951228584859,1.7967807559279794,1.181971531099112,0.09904131067452607,1.0,1.0,0.8,0.8,0.3,134,7368.450854433499,100088.24299915126
25,76,1.200941122099674,1.554588806333246,1.5981062639313672,1.8005312734623886,1.1793875554378377,0.0990811552732494,1.0,1.0,0.8,0.8,0.3,135,7549.082126155356,99618.16319324845
25,77,1.2050578062866406,1.4763758573870678,1.428133079753717,1.7415358713492133,1.216400609723739,0.10487240449895951,1.0,1.0,0.8,0.8,0.3,136,41081.36050736709,91350.0297731982
25,78,1.2045498594689072,1.4590150624323093,1.4075511154764924,1.7230592370313367,1.3150659746550641,0.10668334393434209,1.0,1.0,0.8,0.8,0.3,137,40319.730345049225,90278.3028887034
25,79,1.2026865726047171,1.460416629771111,1.4204396627096,1.7372598165224062,1.2478014255727252,0.10547825331050178,1.0,1.0,0.8,0.8,0.3,138,40953.70341795286,89353.95315826559
25,80,1.2012099746970837,1.4290282984811011,1.3725235082200216,1.7379632183872082,1.3269407273676668,0.10599236722830815,1.0,1.0,0.8,0.8,0.3,139,40674.436899773,89779.93850907733
25,81,1.1992764083110072,1.4193147859679727,1.3613507770153217,1.7396206624636654,1.2431224057422372,0.10450158317788971,1.0,1.0,0.8,0.8,0.3,140,41184.4725074926,88766.15852411023
25,82,1.2001656818602964,1.4144828795252578,1.3554493104309178,1.740458564004437,1.2286280211639653,0.10626987591733435,1.0,1.0,0.8,0.8,0.3,141,41221.90268842475,89022.18039939457
25,83,1.197402996517737,1.4072692463529344,1.3474052671164836,1.7558120061941447,1.216518986387682,0.10331396376841732,1.0,1.0,0.8,0.8,0.3,142,41052.32787141823,89495.15290303683
25,84,1.1999245972020385,1.4080190145645413,1.3478244857653583,1.7576728325591942,1.1921553578954454,0.10666348725923261,1.0,1.0,0.8,0.8,0.3,144,41736.19698977387,97483.3133123564
25,85,1.1984094644282286,1.4037750186710702,1.343072213074345,1.767674836866416,1.2048121083470509,0.1050665050420789,1.0,1.0,0.8,0.8,0.3,145,40775.18774562548,90200.84069794782
25,86,1.1982600579794995,1.4030824485550786,1.342279095882192,1.7747709937054734,1.1878440407824624,0.10493508618213447,1.0,1.0,0.8,0.8,0.3,146,41267.175502080165,89738.67560542873
25,87,1.1977213929408153,1.3969303085579061,1.3350838776789413,1.7741615162051636,1.2266585631249307,0.10485989676265131,1.0,1.0,0.8,0.8,0.3,147,41022.95063256605,90167.849938436
25,88,1.1971007203357884,1.3919731310340913,1.329322226593207,1.7807403443534764,1.2001349690489145,0.10453478325436971,1.0,1.0,0.8,0.8,0.3,149,41076.98750659289,90023.13585542935
25,89,1.2029592507712004,1.37267468939809,1.2835147918196472,1.7417769091860575,1.194773593446651,0.11213018809824489,1.0,1.0,0.8,0.8,0.3,153,41458.25967231474,89984.63407281633
25,90,1.201503347488968,1.371187372359868,1.292953122508391,1.7531738996190114,1.231432352312602,0.11140859879051268,1.0,1.0,0.8,0.8,0.3,155,41682.15466043947,89807.35147272205
25,91,1.1948585176774216,1.381754411921351,1.3285647545151213,1.7987115481980958,1.2219044301392983,0.10358958355281464,1.0,1.0,0.8,0.8,0.3,156,39495.39284750841,93453.6335292648
25,92,1.2015917327942442,1.375758127441993,1.3092871454036255,1.7863159562991597,1.1954816652730862,0.11214760829087107,1.0,1.0,0.8,0.8,0.3,158,41617.9080726156,90670.20720585898
25,93,1.1936378015754239,1.3796356736780913,1.3372248694055244,1.8285125411125056,1.222196856561551,0.10315152181356022,1.0,1.0,0.8,0.8,0.3,160,39567.976411846204,93389.518917756
25,94,1.1927414704702388,1.3816825609089693,1.3507617028307128,1.8480329667866482,1.212842839566944,0.10273021451377931,1.0,1.0,0.8,0.8,0.3,162,39695.51814533802,92455.28448332495
25,95,1.1926726047903962,1.375366406455133,1.3433055105802447,1.8513948889558178,1.2057723147349728,0.10315630532369209,1.0,1.0,0.8,0.8,0.3,164,39740.38760741388,92740.96238048354
25,96,1.1916337927242127,1.3569783385927845,1.310797687238553,1.840238109796117,1.2046998992573654,0.10234599523895638,1.0,1.0,0.8,0.8,0.3,166,39961.73572384372,92884.04792488892
25,97,1.191976614278704,1.35652359741792,1.3101976388185494,1.8513666914708686,1.1852647970196817,0.1028375504856911,1.0,1.0,0.8,0.8,0.3,168,39837.81554395567,92784.7832872245
25,98,1.1915961702952944,1.378430931764538,1.3580841500474041,1.878174906127722,1.1827195927514602,0.10237069884905114,1.0,1.0,0.8,0.8,0.3,169,39933.42794732207,92541.86510458682
25,99,1.1914024492446202,1.3630827149426452,1.3290172151781845,1.878803553005806,1.1892697520643347,0.1024330716062816,1.0,1.0,0.8,0.8,0.3,173,40110.99162562921,93332.4126835466
25,100,1.191030374277236,1.3799835276701862,1.3709865326239057,1.8992509099997845,1.2008992537702943,0.10235496538358883,1.0,1.0,0.8,0.8,0.3,175,39766.06480270287,92527.58079427623
25,101,1.1905630888452186,1.376422017365775,1.3668637455536554,1.9316325000335006,1.1844617298033133,0.10199939393839057,1.0,1.0,0.8,0.8,0.3,183,39913.27164674499,93052.71483529329
25,102,1.1922094295953412,1.377101059248459,1.3673675263332743,1.9656394220217863,1.1843221242365138,0.10412786776579981,1.0,1.0,0.8,0.8,0.3,190,39687.681032583336,75900.76099504325
25,103,1.1903573922282036,1.3914060689698011,1.4065415272852304,1.9961583628933688,1.1895067021198638,0.10226162781995307,1.0,1.0,0.8,0.8,0.3,196,40645.51371577692,77519.73203470033
25,104,1.1898121966647226,1.3844369134042618,1.3984110237738459,1.9922641626313566,1.2289826941497983,0.10202683149568711,1.0,1.0,0.8,0.8,0.3,197,40701.39810311983,77866.3483546447
25,105,1.1894818226797625,1.36556543510039,1.365215027068466,1.9842377604523562,1.2357271988576193,0.1021073454720209,1.0,1.0,0.8,0.8,0.3,198,40542.97381928458,77694.14170013994
25,106,1.189539575738496,1.372994687078824,1.3849541623968575,1.9988864770301094,1.2100558681869709,0.10242958524096339,1.0,1.0,0.8,0.8,0.3,199,40584.12144563886,77150.43607323756
25,107,1.1897276443632276,1.3696771165223252,1.3810053845930124,2.013213798122951,1.2080570080441453,0.1028896957991238,1.0,1.0,0.8,0.8,0.3,200,40445.36977172208,77275.18208533643
26,0,0.8052897141889848,0.9516586790490768,0.8944061313542546,0.008323050242275802,0.0,0.0,0.0,0.0,0.8,0.8,0.3,1,3938.899918891793,8769.411063151392
26,1,0.8256761333663757,0.9881285578954265,0.9297996422062592,0.05389543891921613,0.0647041656953298,0.05331175859089328,0.00010936365514201,5.996254056922e-05,0.8,0.8,0.3,3,3888.380323787266,8647.727209257946
26,2,0.7722098257170132,0.9615496917906038,0.9013209851787537,0.039707853272253284,0.10474871019863867,0.01895330672316009,0.014954875354846511,0.00047622433905994004,0.8,0.8,0.3,4,3929.543855938603,8728.805583119029
26,3,0.5617361907762329,0.9458198136370134,0.8792165033502883,0.11808632621062104,0.903650716294142,0.0651872119990073,0.06357827762731869,0.034859067636288946,0.8,0.8,0.3,5,3335.5607019116264,6475.021477113614
26,4,0.5442081805635214,0.9755618758145579,0.8983098230298422,0.20891859479542396,0.42252542781586166,0.09511033295468148,0.11557006695777987,0.1228252613782479,0.8,0.8,0.3,7,2648.633822893513,7307.2764478691
26,5,0.5653308803962853,1.0169708725982263,0.9493552262383136,0.26332136429192965,0.3238439286312889,0.09421569907935387,0.16799703652115033,0.15157022500698877,0.8,0.8,0.3,9,2822.2793680469176,6702.21374838161
26,6,0.562383201336965,1.0147187027348792,0.94680064887882,0.2718586197195517,0.26092290237539045,0.09347979238984674,0.1680849502428816,0.1516778610750667,0.8,0.8,0.3,11,2802.8915417518883,6559.890947091371
26,7,0.6429125482855258,1.1081800669560367,1.0524716461161994,0.3644289291639129,0.35238258576768106,0.07149771647556613,0.28020659611934384,0.20088882643863043,0.8,0.8,0.3,14,2191.82699665221,6494.667243524273
26,8,0.6183660886762818,1.0868595508599819,1.0294958577309645,0.3728002487611432,0.3976289425276343,0.07025065034663898,0.2961935985315066,0.12273225789829123,0.8,0.8,0.3,15,1906.05428963456,11511.029041920085
26,9,0.6239454474892794,1.1042293954888143,1.0595277421641254,0.3878011485599934,0.345018572950635,0.07110431280728645,0.30286029269614934,0.1298174701410098,0.8,0.8,0.3,17,1905.8081346374324,11544.437552497917
26,10,0.8030261036041852,1.28668277420863,1.2396794106982871,0.5924527191605805,0.6277270944469711,0.09218969665754403,0.42357737439280313,0.4046556752680338,0.8,0.8,0.3,18,2437.3697525546686,14752.75671134407
26,11,0.7691691309409155,1.2646087926830996,1.2301304587507844,0.5767231227472431,0.5132044232304424,0.09209403678041475,0.39814255836472384,0.37106407117844104,0.8,0.8,0.3,20,2536.920621011516,14332.0057607567
26,12,0.7691691244675598,1.2758131413435665,1.2543352898877564,0.5844450231005355,0.5035087342898722,0.0920940367804148,0.3981425583647203,0.3710640711784426,0.8,0.8,0.3,22,2536.922783986599,14332.011762971018
26,13,0.7954258348555274,1.2909046310348944,1.2563926088589692,0.623629382632458,0.531375637521184,0.0919833616008204,0.4173692313964952,0.40839737621627614,0.8,0.8,0.3,23,2618.959066957258,14636.264840743246
26,14,0.7828250620772574,1.2898514028843995,1.2680390363535896,0.6202397603833516,0.5317704308917626,0.0918834385141546,0.41570817434685925,0.3780897081470445,0.8,0.8,0.3,24,2375.9441111678425,14713.758913601932
26,15,0.7631138939564807,1.281803366821144,1.2725642258625796,0.6197180660789807,0.5114606671402607,0.09181551256593577,0.40078031334784237,0.3622247140591497,0.8,0.8,0.3,26,2404.6391914465985,14456.573061690262
26,16,0.8141769017145035,1.3238804324995737,1.298835346799371,0.6816042644815139,0.6296171167798885,0.09193874762445434,0.48881035730665634,0.3593556135661419,0.8,0.8,0.3,28,2218.9425776666344,13093.398692163326
26,17,0.8046018349942293,1.3255775500331861,1.313405724586223,0.6633623155849784,0.5653718485844768,0.091965122943803,0.47985217264666247,0.3539619908805021,0.8,0.8,0.3,31,2232.814318711853,13199.037779864924
26,18,0.8040472204201362,1.3250672201267,1.312808029880726,0.6633136395723944,0.5654198032494144,0.09196512294380288,0.4798521726466626,0.3539619908805024,0.8,0.8,0.3,33,2276.052918913889,13325.064921914349
26,19,1.2066152239854595,1.7613094254709367,1.7879794847067692,1.113383331195011,0.9682468489089798,0.07743893863769517,1.0,0.34914241742464613,0.8,0.8,0.3,35,5150.254525673698,17210.33631364791
26,20,1.1824048658018915,1.7151251774528287,1.7151902193749855,1.0928291609488732,0.9721318319223112,0.07196908052634499,1.0,0.2962324092167818,0.8,0.8,0.3,36,9897.121369284929,16650.923773388284
26,21,1.156337650024433,1.6669647814677078,1.6388460475728952,1.0671920294499786,0.9773358937528768,0.047994767598958335,1.0,0.3168062465223624,0.8,0.8,0.3,38,9125.08319440591,306397.6960588003
26,22,1.1612492358595048,1.6718855887262245,1.6431855121055827,1.0809250675530033,0.9654635936938915,0.04366950875642162,1.0,0.3560562711859269,0.8,0.8,0.3,39,3758.060173806228,311235.649621076
26,23,1.1553818770103916,1.6881554742570657,1.6833397310286482,1.1159898581985102,0.9770635368455284,0.07288625034346795,1.0,0.29888704891378176,0.8,0.8,0.3,42,9842.185725823172,16714.861613461253
26,24,1.1461754566088522,1.6779958086066158,1.6712851217987374,1.122332368217315,0.9873383159132068,0.07103125035821922,1.0,0.3068509680047808,0.8,0.8,0.3,44,9797.04305982232,16862.735299583044
26,25,1.275672552322662,1.8066712996142495,1.798787249124397,1.26368763253303,1.1321411722228545,0.06998511633134073,1.0,0.7613975788884508,0.8,0.8,0.3,45,9516.508772676669,24403.05122272629
26,26,1.2678201421283581,1.8086532545931793,1.8121940412766187,1.2720860719277054,1.1165082638979253,0.07002639698498679,1.0,0.7612149891700537,0.8,0.8,0.3,47,13756.214885699268,24968.355451209965
26,27,1.1329040553234888,1.673074816825205,1.67599077250381,1.1425047210039057,0.9776616120750365,0.07439834798077408,1.0,0.30978791323410787,0.8,0.8,0.3,48,9952.60428109252,16054.016687115303
26,28,1.3826243712024027,1.922391756674209,1.9248175223951622,1.400382970052404,1.2257095467910282,0.130793710779955,1.0,1.0,0.8,0.8,0.3,49,9828.821552913138,19921.694560377466
26,29,1.1276409652725645,1.6665749883533043,1.668388782721415,1.1484792532579984,0.9762080940829898,0.07231209883965505,1.0,0.3151395212183268,0.8,0.8,0.3,50,9935.81186601904,15082.965823641236
26,30,1.1261440522492583,1.6644182087781259,1.6656906370439872,1.1558245119788795,0.9644270211929212,0.07306479519499262,1.0,0.31648019574929454,0.8,0.8,0.3,52,9894.90339285715,15168.793692985102
26,31,1.0671243943422377,1.6026456287711464,1.6019024486559277,1.114688296302246,0.944502076281093,0.06151770469960512,1.0,0.1805956979318716,0.8,0.8,0.3,54,7648.640911563576,12164.48698990977
26,32,1.0715534206496464,1.6054143599792856,1.6036002822165627,1.1297633781763117,0.9342154455710104,0.060415446801116233,1.0,0.2136081838922712,0.8,0.8,0.3,56,7610.998028123674,12177.226583176527
26,33,1.068885624005085,1.6018146515816851,1.5994307550573261,1.1354900249707593,0.9353683891142064,0.05968029565853602,1.0,0.21465947517297645,0.8,0.8,0.3,57,7624.4389344512065,12177.6739141728
26,34,1.0369656667661777,1.5907980111609072,1.6135374642691682,1.1129891372953762,0.9196247295873341,0.05511149754036805,1.0,0.13251193562339192,0.8,0.8,0.3,58,7617.749953822176,13530.411525641031
26,35,1.0661229631118525,1.592075150506485,1.585946113141806,1.1492471964932904,1.041207512895641,0.06438571606283149,1.0,0.24254265219518656,0.8,0.8,0.3,59,7196.39713004018,11974.438615899122
26,36,1.147618226529797,1.6803870401424754,1.6851926860905113,1.2496359763693823,1.0559056114386176,0.07525869340555175,1.0,0.510780112619373,0.8,0.8,0.3,61,1905.7172147020672,13850.607469213515
26,37,1.1472658474478121,1.6860665393183287,1.7016625762145958,1.2759646044416884,1.0509948612671205,0.08372530420582705,1.0,0.5128061896803713,0.8,0.8,0.3,64,1957.130585782419,14448.809279319586
26,38,1.1333093870131998,1.6638423107549563,1.6762781406583742,1.2808780557957629,1.1448784494489512,0.07518973645806121,1.0,0.5230006441260008,0.8,0.8,0.3,65,2059.916437799948,13404.135896047446
26,39,1.1343787178088696,1.6583254704338475,1.6684147643667933,1.2982203812644864,1.1211365201084045,0.08431346361621135,1.0,0.5259499226340292,0.8,0.8,0.3,66,1867.094958112301,13376.380494679144
26,40,1.1461974046243695,1.65609273317895,1.6522180777468878,1.2984173045816696,1.078950911963477,0.08608348078773972,1.0,0.5698883763166356,0.8,0.8,0.3,67,1877.501187663721,16270.976589026855
26,41,1.1338759184558602,1.643063393972657,1.6389508549769387,1.3042110649368939,1.0330576064590635,0.08601649889173628,1.0,0.5312638809592369,0.8,0.8,0.3,69,16731.37568913897,12042.521302827656
26,42,1.1314560109269987,1.658829105602205,1.67933315994453,1.3183077871468185,1.086031468504024,0.08250166768395752,1.0,0.5454449383605116,0.8,0.8,0.3,70,2057.420630151006,13736.157142699672
26,43,1.0476352646190314,1.5321944273100734,1.5205161022744327,1.260891153279991,1.0456977834481604,0.06530763922669144,1.0,0.3641865184440911,0.8,0.8,0.3,73,6053.691243507554,13306.373657227983
26,44,1.0561430172117643,1.5166656041880715,1.498483263675687,1.2901520368033994,1.0722107910557055,0.06699271775796693,1.0,0.43452339230802195,0.8,0.8,0.3,76,6950.836269088068,13735.317206176182
26,45,1.0562230374017643,1.5278853341195782,1.5226869115647907,1.3006015223728131,0.9844021486036376,0.06737457998257403,1.0,0.4338806271695246,0.8,0.8,0.3,78,6949.480017934555,13713.86948307752
26,46,1.0553296329699529,1.524789820239534,1.519024391744732,1.3076526475769839,0.9958381014159455,0.06709045276531256,1.0,0.43535512764087453,0.8,0.8,0.3,80,6995.10067151158,13653.977291744875
26,47,1.0519324207040894,1.5212853204765064,1.515491284025917,1.315015955037584,0.982192529505056,0.06245046247189625,1.0,0.4366029746724447,0.8,0.8,0.3,81,6918.976755540481,14325.73142222972
26,48,0.9811467392482204,1.4337614500008322,1.4135555164993487,1.2179930723051622,0.9708584837548376,0.05305612082188586,1.0,0.2347279090263573,0.8,0.8,0.3,82,6118.277889517087,12196.507410028804
26,49,1.0088055159156109,1.478301856394983,1.4929886682634543,1.299979310169383,1.0313139569888243,0.062269859401868285,1.0,0.32655866449206944,0.8,0.8,0.3,84,5861.375251607637,13706.734465031788
26,50,1.0013894301704347,1.4527329986101871,1.4631391362411987,1.3261947261238771,1.1228463075484805,0.06109849611870209,1.0,0.32777189584945765,0.8,0.8,0.3,85,5850.700663710056,13261.196699284304
26,51,0.9946043671818472,1.443543401957875,1.4534046220981045,1.2980786263762574,0.962465226426094,0.061916467707232456,1.0,0.3055653051838697,0.8,0.8,0.3,86,5768.275139118943,12884.900502307348
26,52,0.9980494634551308,1.4509863390237219,1.4722072096680243,1.332071016802376,1.0138160583066016,0.05980799207738187,1.0,0.33058780115635344,0.8,0.8,0.3,87,6324.979691527733,12939.0235232821
26,53,0.9979939973523414,1.446099428475894,1.4662320706861225,1.3402198067160782,0.9706813160529275,0.06166216243201841,1.0,0.3305344732303309,0.8,0.8,0.3,89,5774.873388710757,13070.887442514657
26,54,0.9988192000946475,1.444902736173673,1.4645827127684612,1.3743421619027787,0.9536321311960427,0.06277755245405882,1.0,0.3323820810353857,0.8,0.8,0.3,94,6096.337485013296,12193.070560326709
26,55,0.9881283438609033,1.4102198375381911,1.4140732617119645,1.3547266809695973,1.058198348710757,0.06299569717981261,1.0,0.308544740949825,0.8,0.8,0.3,95,5992.388969258543,11548.758817504027
26,56,0.9897740517725735,1.3977626626971105,1.3985645530082411,1.36935078330489,1.010550222905936,0.06273989021785129,1.0,0.3270984252582456,0.8,0.8,0.3,97,7499.735776196617,12168.864311264922
26,57,0.9896308041661588,1.4082498140518143,1.4219293045190786,1.3804900542870184,0.9508230574757232,0.06273989021785129,1.0,0.3270984252582454,0.8,0.8,0.3,99,7492.200848493599,12252.769588679945
26,58,0.9891350908759357,1.406600381663615,1.4200332015944672,1.3838112995377692,0.9531405055199852,0.06253363299154197,1.0,0.3269515978320043,0.8,0.8,0.3,101,7497.575165018936,12568.550654142568
26,59,0.9848477178357812,1.399913455475815,1.4128345026220934,1.3871637112205923,0.9652947144513498,0.06450129158449475,1.0,0.3093768727675009,0.8,0.8,0.3,102,8231.082631787876,12785.463852916471
26,60,1.0218222484595982,1.4322270467796614,1.4441585333428275,1.4273491141453511,1.022864222432124,0.07919602750618612,1.0,0.3971626351132305,0.8,0.8,0.3,103,7702.648090791071,12345.854402426685
26,61,0.9836347183176355,1.3922666606376908,1.4038235020238927,1.3940760533634016,0.9600120267092024,0.06461015771135821,1.0,0.3101509287027201,0.8,0.8,0.3,104,8205.759917296291,12739.849067553165
26,62,0.9880100926888022,1.3876598901338215,1.3973306405291608,1.410459754987529,1.0280594387548554,0.06630325726107147,1.0,0.32698965519905926,0.8,0.8,0.3,105,7341.438020724604,11657.00428767734
26,63,0.9884171172976794,1.3861052643470824,1.395366889171452,1.4183986768491337,0.9603176777878979,0.06725833852718732,1.0,0.3272242259152423,0.8,0.8,0.3,107,7337.460410864849,11849.76680629261
26,64,0.9816434871265052,1.3661221256329492,1.3619652362377621,1.404519878549081,0.9628123875867345,0.06409964912682628,1.0,0.31451983886105017,0.8,0.8,0.3,108,7151.947206124882,12089.10379616396
26,65,0.9896313943723692,1.3803205900040738,1.388129838268586,1.4276394040017224,0.99671432744203,0.06937275990720031,1.0,0.330570270049566,0.8,0.8,0.3,109,7315.568158457812,11799.184093635851
26,66,1.0706685360713153,1.4681800904042217,1.4880864744885074,1.5164119760741188,1.0550247915829152,0.07620955690414198,1.0,0.585441422443318,0.8,0.8,0.3,111,9424.318100368368,11533.82193118528
26,67,1.1880322572507396,1.673906753311638,1.7975561265714701,1.7571560038700504,1.1550380995627827,0.06777289943752952,1.0,1.0,0.8,0.8,0.3,124,58631.904418579805,12755.377163005123
26,68,1.186028420950127,1.6651977112933094,1.7874746473900696,1.7710270109054806,1.209489298889863,0.06690406524232233,1.0,1.0,0.8,0.8,0.3,125,58153.83467407819,14198.31021247162
26,69,1.1785346102880867,1.6483190770132252,1.7686895852994395,1.7609382481242426,1.1737724604364201,0.059720810583615155,1.0,1.0,0.8,0.8,0.3,128,58457.09820574075,15638.097725890824
26,70,1.178464102302335,1.6456753634585686,1.7655269564500344,1.768743698778527,1.1586915986077704,0.0602038936246187,1.0,1.0,0.8,0.8,0.3,130,58524.64374359573,15869.876906048345
26,71,1.1764207639139466,1.633060942770889,1.750790338720119,1.7750900954025712,1.1913451803664254,0.05992549169803851,1.0,1.0,0.8,0.8,0.3,132,58545.11305917178,15740.361773212237
26,72,1.1807993347797288,1.665860016208922,1.8215579576256262,1.835053150606248,1.1615116565867853,0.06644928302891016,1.0,1.0,0.8,0.8,0.3,137,59651.2323611673,12931.25606562031
26,73,1.1737494576428034,1.645485750273091,1.7985480081485272,1.840354529147062,1.255749472311016,0.06021776797619514,1.0,1.0,0.8,0.8,0.3,138,53399.854864594585,13984.384468550656
26,74,1.1731328720428151,1.6409330617335074,1.7932222963431996,1.8476998901241204,1.1639190437839764,0.060171096229778884,1.0,1.0,0.8,0.8,0.3,140,53384.6767193664,14027.761747357576
26,75,1.17246095555388,1.6354412839424761,1.7867867377789797,1.8550051122011066,1.1673601700243068,0.06019304955067546,1.0,1.0,0.8,0.8,0.3,142,53397.58095198812,13896.76229819067
26,76,1.1730913528099771,1.6339715470398162,1.7849060755463668,1.851058039285561,1.1576026699910387,0.06135652424185495,1.0,1.0,0.8,0.8,0.3,144,58467.82857354044,14118.681800655588
26,77,1.1724737296131638,1.6287133871566424,1.778744165097068,1.8505881449148718,1.1674644268896632,0.061380073505816216,1.0,1.0,0.8,0.8,0.3,146,58488.10994086692,13995.1430114988
26,78,1.1720622175433115,1.6252173281088222,1.7746492116246053,1.8502547912551404,1.16120914380243,0.06138007350581629,1.0,1.0,0.8,0.8,0.3,148,58381.10520712558,14155.003136710666
26,79,1.1720757410740326,1.6249497086821074,1.7743270476619115,1.8666378380069268,1.1513836053540694,0.06144389718963032,1.0,1.0,0.8,0.8,0.3,149,58387.51091967143,14118.271564131728
26,80,1.167794788170666,1.598153635260395,1.743192671785446,1.862846925913521,1.3246272484726558,0.05961511803956439,1.0,1.0,0.8,0.8,0.3,150,58308.46566598484,14143.059002739028
26,81,1.164195313007427,1.6762244585212482,1.9237470239947998,2.00091073835872,1.1512153916033023,0.05626004968300963,1.0,1.0,0.8,0.8,0.3,160,59790.551901430925,13001.612328090445
26,82,1.1648905130316487,1.6738749252592064,1.9208178599033692,2.00961250757536,1.1578805224472986,0.0575536569031152,1.0,1.0,0.8,0.8,0.3,162,59924.34275528903,12941.47684322502
26,83,1.1649388375638718,1.670956033280341,1.9173353978097294,2.0136626834784677,1.1693104000274492,0.058018668550119445,1.0,1.0,0.8,0.8,0.3,163,59655.74658396882,13570.234680332514
26,84,1.1652521768763653,1.667317643097769,1.9129474945429692,2.017985836325986,1.177713593513229,0.05894134048528319,1.0,1.0,0.8,0.8,0.3,164,59833.1099742552,12697.757158689425
26,85,1.1634812511186596,1.7040199135984142,2.0004519306162827,2.1309019127160735,1.1482699620850492,0.057556602761490785,1.0,1.0,0.8,0.8,0.3,186,76540.89234752825,12367.650775102778
26,86,1.1625170432620868,1.693305419383605,1.9879002263882561,2.1460584868125467,1.1835842098844052,0.057573108515683216,1.0,1.0,0.8,0.8,0.3,188,76572.80446970547,12565.640788610996
27,0,0.7598431365270533,0.9386985219666254,0.879226365600186,0.0071316657342071835,0.0,0.0,0.0,0.0,0.8,0.8,0.3,1,4385.51769965892,8286.619518873438
27,1,0.7865565395648048,0.9780681105719696,0.9176800723399838,0.05475513449244265,0.06339815967110667,0.05578004408624051,9.189597747971e-05,6.833044032730999e-05,0.8,0.8,0.3,3,4199.462695786417,7737.792623709351
27,2,0.790440020055354,0.9938547721402872,0.9325756997301257,0.0775839431229526,0.10204938209565892,0.06828505386190081,0.00961986973974624,0.01127915136379424,0.8,0.8,0.3,4,3923.405121914372,7789.024459319847
27,3,0.5578547823693287,0.9350766999202763,0.8695967714127,0.10138489821329412,0.7976807236642601,0.06878750802069847,0.040209819483517054,0.02989853033987803,0.8,0.8,0.3,5,3163.518269375442,5901.701809988002
27,4,0.5035743345414069,0.9248234237585902,0.8505205303006225,0.14254963565577522,0.3173711391949179,0.08436869756224381,0.06287725101532737,0.06545419557121114,0.8,0.8,0.3,7,2860.771926706694,5996.857500774474
27,5,0.5732879161586154,1.0135308537173997,0.9329969678410444,0.2679815764065408,0.3895546259897154,0.08646752040059189,0.1835067094658792,0.15514978659084674,0.8,0.8,0.3,9,2995.723818947092,4556.3413013423415
27,6,0.5731067430011586,1.0246059529945188,0.9570506200778699,0.28456622381379487,0.26297533063944606,0.08646752040059189,0.18350670946587927,0.15514978659084996,0.8,0.8,0.3,11,2992.417746234348,4594.311367253115
27,7,0.5865789961640918,1.027787121761086,0.9468342326301665,0.29500940297453615,0.29541166113827383,0.08897097583398869,0.19396198541588625,0.17626908366360888,0.8,0.8,0.3,12,2230.0860036168824,5431.568092313773
27,8,0.5576049420802602,1.0133478698982028,0.9438051603476176,0.2926321191183472,0.3277380390429524,0.08186472176347351,0.1863889021378248,0.1608936195275587,0.8,0.8,0.3,13,2625.613104150002,4539.554989382563
27,9,0.7324757376221133,1.1799175129605466,1.0957304136760357,0.4710794676176808,0.4837586236797973,0.08502350118042887,0.2559419723197348,0.5915679680152806,0.8,0.8,0.3,15,2418.731959630101,145710.91376548237
27,10,1.2842414302320733,1.7346480258411217,1.6483498634195497,1.041005149932637,1.1034055953858044,0.06639921815040714,1.0,0.5472676605351089,0.8,0.8,0.3,16,2727.8150895647614,195756.68970935768
27,11,1.2471332341122685,1.7017422415362482,1.607920419783227,1.052734076694333,1.1817386042904552,0.06383557339764896,1.0,0.5908597017741608,0.8,0.8,0.3,18,2621.216980113558,189263.30763494747
27,12,1.245031730077725,1.699611169060689,1.605405316219045,1.0593472505914927,1.0362669052596358,0.06394629393900539,1.0,0.590935452819582,0.8,0.8,0.3,20,2570.5367836199694,189166.3761129297
27,13,1.2290640248534717,1.69385288684999,1.609604436755463,1.067249000619151,1.0913049018555359,0.06490422941964018,1.0,0.5910741668248702,0.8,0.8,0.3,22,2654.966464701372,189317.2199927526
27,14,1.1968269901280124,1.6617831480044063,1.5769268094506133,1.067886115190515,1.0079455848826573,0.04587126572258899,1.0,0.5467609407422991,0.8,0.8,0.3,26,1687.9718534557503,1091733.1109354575
27,15,1.1777779221941227,1.6372394830409198,1.5471148286248635,1.0770890584486812,1.112898065151126,0.04843848063810969,1.0,0.5606452209425117,0.8,0.8,0.3,28,1697.7700450730008,1092021.4154424726
27,16,1.2376961082700493,1.7411902863944695,1.7025690628755847,1.181234023802999,1.0882089382474294,0.05498630568749063,1.0,0.7500002480379646,0.8,0.8,0.3,29,1774.983015816523,1200558.7345916366
27,17,1.226895554782312,1.7035582363370885,1.6360266165490331,1.1660018565430428,1.1893745890579983,0.053248277296261706,1.0,0.7605168700792921,0.8,0.8,0.3,30,1710.072027965496,1201069.2888705635
27,18,1.2195808736196565,1.695995136275955,1.6283164612492451,1.1643149893976126,1.070049632281686,0.05078132348261708,1.0,0.7447487403245129,0.8,0.8,0.3,31,1737.0746910625503,1200242.998473706
27,19,1.214088544325536,1.7235232200210435,1.6945009164998428,1.1820163173781144,1.0740594539588928,0.0456435697862225,1.0,0.7448885450464456,0.8,0.8,0.3,32,1713.6028145860164,1152183.3380203913
27,20,1.233251408883593,1.7526592136767767,1.7359410504809822,1.2154496198675642,1.110397436642176,0.05348234010010341,1.0,0.797310826416946,0.8,0.8,0.3,33,1799.9291407057913,1224938.401286915
27,21,1.2799986751701207,1.7407426887351272,1.6574511821471167,1.227010209188664,1.202744440840579,0.05524796390487222,1.0,0.9701906752884805,0.8,0.8,0.3,34,1802.6659514958485,1235001.7769659946
27,22,1.2743020214133374,1.7427479347897936,1.6708814983196765,1.2343680573031324,1.165931477482166,0.05524796390487222,1.0,0.9701906752884796,0.8,0.8,0.3,36,1766.3536138149975,1233053.861750247
27,23,1.2520791632580286,1.7190120772162292,1.646467485329804,1.2225440515067256,1.1425913960110252,0.056603844036314535,1.0,0.9006562312269271,0.8,0.8,0.3,37,1920.9920727972965,1248415.496576386
27,24,1.2774986181255892,1.7389901918583608,1.664079973189019,1.2590768122508003,1.2457490256888712,0.061589163297186375,1.0,1.0,0.8,0.8,0.3,38,1993.9471384471944,1004104.174893393
27,25,1.2650715618861845,1.7187852570428548,1.6408148968992313,1.264353713566425,1.2093307297891236,0.058668690132220126,1.0,1.0,0.8,0.8,0.3,40,1852.6521493406824,987990.4423311012
27,26,1.2617847675983551,1.7134546732063427,1.6347280216446427,1.2717192348020565,1.1614443287130864,0.05752612720185083,1.0,1.0,0.8,0.8,0.3,42,1892.701343379028,987516.894163803
27,27,1.2675393571762357,1.713667466309617,1.63296964027462,1.2886564648138088,1.1979370704432115,0.07217944701243134,1.0,1.0,0.8,0.8,0.3,44,1894.4382996506376,982886.3640353974
27,28,1.2637673196303254,1.6970786493485037,1.60282615481587,1.2866828055214434,1.1781938741796403,0.06949367492811359,1.0,1.0,0.8,0.8,0.3,45,1894.2854950323415,982661.2958937816
27,29,1.2648837891786955,1.7093586777009542,1.628092705067654,1.2967693674991785,1.1573234990799495,0.07093999859480152,1.0,1.0,0.8,0.8,0.3,46,1936.816677537728,982414.7562484992
27,30,1.2617114554121542,1.6935200377319213,1.598758089646382,1.2978986791828973,1.1752166215613273,0.06876368094463822,1.0,1.0,0.8,0.8,0.3,47,1883.35819338786,982994.9228742372
27,31,1.2390598244820705,1.6979101516436375,1.6399934809916987,1.276427684197886,1.1823585132950585,0.047973179858064804,1.0,1.0,0.8,0.8,0.3,49,2321.012789330137,2294271.807718306
27,32,1.239041287303805,1.6858185113617388,1.6145851972218448,1.2926435131292875,1.1467150130730066,0.04917166262199918,1.0,1.0,0.8,0.8,0.3,51,4423.719729714905,2288867.520308699
27,33,1.2337158019505836,1.6880989894808411,1.6287758948617777,1.295924157767863,1.179359360527467,0.045974808137813614,1.0,1.0,0.8,0.8,0.3,52,2495.515087845215,2295973.0359091437
27,34,1.2374176970459927,1.668937337751423,1.6029627564752091,1.3179403427469298,1.4277576647578525,0.07057140197942367,1.0,1.0,0.8,0.8,0.3,53,4273.178005636199,336713823130130.9
27,35,1.2331900604500667,1.6518531132137004,1.5723958043782407,1.3152069774391102,1.1751234104852486,0.066741722216461,1.0,1.0,0.8,0.8,0.3,54,4408.031563235105,336713823125067.3
27,36,1.2339205913902174,1.67369620094263,1.6199140687961446,1.3376025405761498,1.166206186808156,0.0684147538481163,1.0,1.0,0.8,0.8,0.3,55,4412.352186754872,336713839803267.25
27,37,1.2312109878764839,1.6446923673421883,1.5638586160982808,1.3372329813381116,1.1974349131134776,0.06783753592554043,1.0,1.0,0.8,0.8,0.3,56,4389.609099759395,336713839118937.25
27,38,1.2293274977777038,1.652893723147995,1.5847640607686888,1.3457472263111117,1.1649429283035153,0.06624714060401386,1.0,1.0,0.8,0.8,0.3,57,4421.687352404844,336713839037884.7
27,39,1.229081851042885,1.662618253321485,1.6071681324978704,1.3454242820524276,1.1660310512636511,0.066741722216461,1.0,1.0,0.8,0.8,0.3,58,4427.582534973454,336713862993723.44
27,40,1.2054588528432304,1.649922910288605,1.6276939929512662,1.352826010899485,1.3766296699438747,0.05104671380801863,1.0,1.0,0.8,0.8,0.3,59,3426.883855623,3052547.3756847405
27,41,1.2045362597819687,1.6244829235350697,1.5757359395593316,1.3389539585856831,1.1513630452137695,0.051031436112183526,1.0,1.0,0.8,0.8,0.3,61,3338.751058443899,3055024.1572588217
27,42,1.2034222689944802,1.6425073908033843,1.6189652728857744,1.365953802975165,1.1573212291575268,0.05136202814743991,1.0,1.0,0.8,0.8,0.3,63,3260.858062548932,3055887.429088814
27,43,1.197046204240028,1.611590165072822,1.561528776060699,1.3466219397872732,1.1570236614368512,0.044509604793924365,1.0,1.0,0.8,0.8,0.3,64,3154.4034015448933,2293594.318166336
27,44,1.2253837450621203,1.6211882064194385,1.5563090476135413,1.3744543734415735,1.182226404027534,0.08377668204562067,1.0,1.0,0.8,0.8,0.3,69,6933.497208022809,14622069727070.568
27,45,1.121578447293155,1.5376500054719344,1.4982855612909294,1.2833631178380005,1.0816923969290757,0.07378131321832831,1.0,0.6829631701229557,0.8,0.8,0.3,70,2017.4566527985824,1140452.0858977071
27,46,1.196330697610599,1.5817945984601025,1.524956314176922,1.359900183290178,1.3276444848334348,0.056729535202803924,1.0,1.0,0.8,0.8,0.3,71,3029.3191807279627,58457042464867.19
27,47,1.2253673235071314,1.6329012513430203,1.601987183464345,1.4047207476166452,1.1776953604422256,0.09316253046964697,1.0,1.0,0.8,0.8,0.3,72,2103.346413422796,157973612876530.7
27,48,1.2257238928306153,1.6219195354474,1.5779749638004348,1.3958120049079454,1.1761129175467138,0.09365944265449244,1.0,1.0,0.8,0.8,0.3,73,2189.3287807341503,14622076171745.746
27,49,1.1989932560901442,1.5934312602899816,1.5490901620786868,1.3826867240092988,1.1649264427673367,0.060943318943710835,1.0,1.0,0.8,0.8,0.3,74,2847.703576063498,58457043500556.36
27,50,1.2252157852914747,1.617170961418223,1.5722720481490626,1.4128148640130276,1.187126358015216,0.09468947189437318,1.0,1.0,0.8,0.8,0.3,76,2131.828794182161,14622075446136.98
27,51,1.239105654953354,1.623760570170234,1.5772355758381915,1.448685713279713,1.2001263071497317,0.11479549986803654,1.0,1.0,0.8,0.8,0.3,84,5230.924160377692,14622080222263.666
27,52,1.1938205746024262,1.5982492435051647,1.5876966809813544,1.4290475705916221,1.273951101056705,0.06300069700584228,1.0,1.0,0.8,0.8,0.3,85,6984.307107178172,157973240063618.4
27,53,1.1849548917917307,1.601633045906384,1.6148977851594368,1.4994730640571776,1.1552578450661166,0.05515819857628403,1.0,1.0,0.8,0.8,0.3,93,4401.529061111107,14615190833864.746
27,54,1.1774881192778912,1.6196062363117891,1.670137553237976,1.499635688982201,1.2094361321184084,0.04827323725038048,1.0,1.0,0.8,0.8,0.3,94,6948.82036142042,1911718.6760949872
27,55,1.174944766492175,1.550013669168291,1.533230100375718,1.4594664136375963,1.1699763924325974,0.050891766312895145,1.0,0.992783668887,0.8,0.8,0.3,97,6999.737647858815,1926803.703582128
27,56,1.165376734287429,1.5638041165311383,1.5838811214371349,1.4898976898039415,1.1766538709683823,0.04403635794380098,1.0,0.9866615275033179,0.8,0.8,0.3,99,7254.713115225653,1520063.3675531826
27,57,1.16921868369595,1.5368161036431758,1.5399104317341783,1.4809395989148355,1.218103927839032,0.049856009845112584,1.0,0.9960388401353912,0.8,0.8,0.3,101,6349.57600928767,1930449.974212262
27,58,1.1633158672287398,1.5616761261562884,1.6031974721525821,1.5261180554705618,1.1567630067022927,0.04518005715166047,1.0,0.990516958933401,0.8,0.8,0.3,102,7101.4498532184825,1520617.201634256
27,59,1.1615392056510485,1.5804451446638483,1.6475928742340127,1.542773881348943,1.1394709750907097,0.044828566097124586,1.0,0.986613084230871,0.8,0.8,0.3,104,7194.532772733102,1521059.328481859
27,60,1.1665656587129125,1.5065686879132845,1.4933786261814335,1.497622117658998,1.234043861449311,0.04971631984118611,1.0,0.9968524937799271,0.8,0.8,0.3,105,6646.360043597718,1926242.4055390728
27,61,1.1665484222571723,1.505052309639589,1.5023486747597818,1.508924299861555,1.192056833541492,0.05098581608135936,1.0,1.0,0.8,0.8,0.3,107,6664.21978820271,1929846.1125454104
27,62,1.1646805144808068,1.500798311465879,1.4976251719559963,1.51454277507832,1.1488473296392272,0.04992217771205954,1.0,0.9977933034819234,0.8,0.8,0.3,109,6636.924165049703,1926149.8931549203
27,63,1.1623777229169918,1.4874288981340833,1.4820893606187824,1.519710946196348,1.2269071027178156,0.04892957024508619,1.0,0.9980417322329764,0.8,0.8,0.3,110,8113.838097303192,1926474.8946214688
27,64,1.1621962310286271,1.4782765692510487,1.4711932539892683,1.5238342149578659,1.2107377115563867,0.04970192186916862,1.0,0.999416005271797,0.8,0.8,0.3,111,6637.682853585599,1926937.383487188
27,65,1.048480237607371,1.3611194512274545,1.3533700600833205,1.4175909674837186,1.0353678235077,0.053709600728779026,1.0,0.6111688252556906,0.8,0.8,0.3,114,6734.268424393747,1934206.2881144655
27,66,1.0485374796735978,1.3779955220613742,1.3951685019608286,1.4510110601160722,1.0490872812104317,0.054517429624931925,1.0,0.6115715621919838,0.8,0.8,0.3,116,6649.399137910918,1933739.296347548
27,67,1.0290443580149098,1.3674265175786422,1.397160717528554,1.4311285380215548,1.0168875506362167,0.04745206750307228,1.0,0.5663852032098158,0.8,0.8,0.3,118,7193.652434769519,1543752.3363185427
27,68,1.1681517615044852,1.489610032616499,1.5052453815088696,1.5850951150602184,1.1699997081002358,0.05959596410979691,1.0,1.0,0.8,0.8,0.3,120,7221.636737598807,157969456527986.72
27,69,1.1520415269053457,1.4512327850344895,1.4626263751209094,1.5695441059725146,1.3070911511016186,0.04955596891171986,1.0,0.9814154688355083,0.8,0.8,0.3,121,7245.685491425696,1540042.3495180022
27,70,0.9651541841208947,1.2376980785137772,1.2222888996428471,1.3791741028840936,0.9803028222273343,0.04064592615869261,1.0,0.38369284214920335,0.8,0.8,0.3,122,7360.150584671445,824581.2483134728
27,71,1.0310420534557252,1.3131654263138755,1.3213398039512296,1.4561120318836276,1.113968831097535,0.04984731972358941,1.0,0.5830737405923261,0.8,0.8,0.3,123,7338.282837044573,1544622.9072086683
27,72,1.0275034702465535,1.2825151501586656,1.2856310671761024,1.470986378038352,1.21941800071644,0.04857471467078842,1.0,0.5827532621080234,0.8,0.8,0.3,124,7391.484641162128,1545689.0531011578
27,73,1.024579194161285,1.253520575183909,1.2518235927963361,1.463713786683147,1.1109489636541297,0.04968919541275667,1.0,0.5768151679549753,0.8,0.8,0.3,126,7171.991676554224,1544764.3047490022
27,74,1.0201521486973977,1.2561387578305057,1.266678628961678,1.4703372470055414,1.0242340570045632,0.0476642529930892,1.0,0.568457570230611,0.8,0.8,0.3,128,7159.084128897982,1540630.4846927351
27,75,1.019899838076578,1.2481624644800455,1.2572869416741856,1.4775207026478225,1.0378410915012675,0.047608813866794046,1.0,0.5695670301098298,0.8,0.8,0.3,130,7085.04466881784,1541273.8675386815
27,76,1.018368733587362,1.2444622140618578,1.253189917896692,1.4761064638074717,1.0236994417828347,0.04728330799267644,1.0,0.565822787521326,0.8,0.8,0.3,131,7169.792206304684,1540870.0268875316
27,77,1.0199574495092816,1.244945187197985,1.2534704991077903,1.4851346110191188,1.017610634843785,0.04810879716477509,1.0,0.5691704223421012,0.8,0.8,0.3,132,7056.589987241202,1541028.239401223
27,78,1.0807069544036323,1.3649341938717696,1.4500043659764632,1.6218705910310582,1.1003334549228438,0.03085397301859265,1.0,0.8194466632971309,0.8,0.8,0.3,134,6790.651721928669,1122210.378150878
27,79,1.158954943730137,1.3582126823322362,1.362053081509942,1.6538427309091224,1.2155224477077726,0.06232759749133041,1.0,1.0,0.8,0.8,0.3,136,7174.596216386531,157969444364051.2
27,80,1.0782098394644475,1.375831731722936,1.5072007560986838,1.7009228697598586,1.0811230164661847,0.030415083050548342,1.0,0.8185605667338184,0.8,0.8,0.3,145,6772.260733880137,1122112.055277048
27,81,1.0782098753707399,1.3758301517337042,1.5071987860504337,1.6970621418822989,1.069911213454138,0.030415180341104207,1.0,0.81856073948799,0.8,0.8,0.3,146,6772.262729074971,1122109.5209961636
27,82,1.0787036881051648,1.3758107181066486,1.5070866605415685,1.709371315608259,1.0742061625013557,0.031137427759355678,1.0,0.8183753558276935,0.8,0.8,0.3,147,6766.620820825165,1121985.1162479096
27,83,1.0774149246892706,1.3717056502585216,1.5024728656750894,1.7119530091170398,1.0900337679137098,0.02980365335757032,1.0,0.8181508088705899,0.8,0.8,0.3,148,6772.290104627146,1121726.2167539916
27,84,1.0773761550900485,1.358054471476932,1.4863677617151512,1.7153009014909186,1.170050838852564,0.0296150789658493,1.0,0.8209127486883825,0.8,0.8,0.3,149,6650.848381762825,1122596.45116056
27,85,1.0405658808916785,1.2416142125376728,1.3116841176793632,1.6530315909324738,1.289726804574898,0.0313087648824828,1.0,0.6991329753209955,0.8,0.8,0.3,150,6775.8320970668165,1116862.729088775
27,86,1.040368841683223,1.2479146070816733,1.330145134848273,1.6644407227380615,1.0517033204009427,0.03130876488248279,1.0,0.6991329753209955,0.8,0.8,0.3,152,6743.290185638607,1117827.335008486
27,87,1.0403519223785933,1.2474935207970248,1.3296519005633656,1.672333440347552,1.0377179308476914,0.03130876488248279,1.0,0.6991329753209955,0.8,0.8,0.3,153,6748.147167558724,1117678.0158051697
27,88,1.0393994064650394,1.221164878389208,1.2988060023253012,1.669958674882949,1.219078064660653,0.030510539712189533,1.0,0.7014200736986728,0.8,0.8,0.3,154,6620.529893037982,1118308.9015702216
27,89,1.0509966588491297,1.1394673939572644,1.1675566731916547,1.6696622337993237,1.4786167751427666,0.032360992457589235,1.0,0.7415572926402858,0.8,0.8,0.3,155,6262.861513120256,1180211.207228551
27,90,1.0548354249715213,1.1341667177363857,1.160647937694071,1.6885731162800894,1.068839217767012,0.033989143566626315,1.0,0.7508431656405892,0.8,0.8,0.3,159,6280.335703208842,1182657.083778582
27,91,1.0590787630491787,1.125134497079011,1.1603182360402964,1.702890321663372,1.2325846887369072,0.03554852703802509,1.0,0.762888920479967,0.8,0.8,0.3,160,6279.714901129102,1200472.0804645834
27,92,1.0512574176463592,1.138929971390522,1.199975863501516,1.7315087836956407,1.0503119967200814,0.033320875768489286,1.0,0.7428209639920478,0.8,0.8,0.3,167,6316.950765730263,1180461.9044245991
27,93,1.0563365033897405,1.1294760442620273,1.1769380983336573,1.7238600753450937,1.0784868188065762,0.0340368601069097,1.0,0.7581033171067473,0.8,0.8,0.3,168,6554.1458140880695,1184569.5016712174
27,94,1.055616335369281,1.1160251801764407,1.1612573975669493,1.7304948576949994,1.1451546719677437,0.03491171551867756,1.0,0.7543324286085802,0.8,0.8,0.3,169,6319.793969076245,1182903.0886746778
27,95,1.0533695213206602,1.1225981635196798,1.1804135322954614,1.7637730312389879,1.0577079764165314,0.03380410808920585,1.0,0.7499707013353236,0.8,0.8,0.3,172,6289.21141181607,1205751.3101663429
27,96,1.0523236569591174,1.1117668088041803,1.167870708458024,1.7544842672231902,1.1210404667973513,0.03491477074231465,1.0,0.7442177632416778,0.8,0.8,0.3,173,6288.904212507316,1138443.775146943
27,97,1.0645900269730535,1.1466493043468833,1.2398332734824744,1.8106699824562562,1.102895633495243,0.0355580202965389,1.0,0.7841344726474047,0.8,0.8,0.3,175,6086.037217679434,1209436.0659683254
27,98,1.0529704600490661,1.0985692541189742,1.1522545450701418,1.7616459982505577,1.0723169221088693,0.03341335285236871,1.0,0.7513068456155954,0.8,0.8,0.3,176,6306.351243041109,1206229.0128253151
27,99,1.0499108611013173,1.0894919542078378,1.142125925897719,1.7899085154873886,1.0581133680338766,0.03333755349809331,1.0,0.7417126621993065,0.8,0.8,0.3,181,6263.863441123591,1201998.5058623787
27,100,1.052532652849266,1.1068456370543154,1.184142332218072,1.8050253220630184,1.0783450195438498,0.03332039482536734,1.0,0.7509582758895448,0.8,0.8,0.3,183,6319.970130500854,1206736.1573494491
27,101,1.0497523811413636,1.090562306552657,1.1544572988107413,1.8095323510404682,1.057652476717313,0.03333585221693234,1.0,0.7417939390296373,0.8,0.8,0.3,185,6268.809428351133,1202471.8352689222
27,102,1.0493741414281466,1.0983122652946526,1.1746719375904264,1.82150824279222,1.0701907652075078,0.032945026709002824,1.0,0.7417549187440393,0.8,0.8,0.3,186,6242.078289184955,1203996.4338027835
27,103,1.0496800215199276,1.0975883611596666,1.1737683692137841,1.8337693049585007,1.0565806386495322,0.033335852216932346,1.0,0.7417939390296371,0.8,0.8,0.3,187,6262.411491424772,1202710.650374983
27,104,1.0495286893290678,1.0944303305513496,1.170086277407054,1.839775370466622,1.0527020767175161,0.033286842095263544,1.0,0.7415987632963346,0.8,0.8,0.3,193,6268.950719292455,1202798.1985463426
27,105,1.0492248484808266,1.0915207091545924,1.166722660723237,1.8600916448839382,1.053419522378236,0.033009008657199065,1.0,0.7414760900255273,0.8,0.8,0.3,197,6380.558727414306,1202170.8525945428
27,106,1.0494075330643882,1.0887889255230783,1.163483298565855,1.8640405272612035,1.06979597104767,0.03342254397880222,1.0,0.7411494336942834,0.8,0.8,0.3,198,6363.110695161157,1202036.5437607004
27,107,1.0490697758862302,1.0750875644055717,1.1474552802425533,1.86666566350463,1.143869517686366,0.03336210704326985,1.0,0.7409231247390342,0.8,0.8,0.3,199,6364.46129300545,1201873.960370659
28,0,0.8486429210918783,0.9633719898976904,0.9081254196953299,0.009407871000785729,0.0,0.0,0.0,0.0,0.8,0.8,0.3,1,3480.347090046348,9040.92978374538
28,1,0.8942824387569187,1.0203836736802199,0.9644392841929379,0.07352119344999396,0.07540331633274247,0.07620111694837599,9.766164814445e-05,0.00015868913843285,0.8,0.8,0.3,3,3527.433822541549,9171.231888462647
28,2,1.7550056849577442,1.975772730806513,1.9143292844034854,1.0605179620648866,1.3057609811174953,0.3090325132805501,0.6266990721427341,1.0,0.8,0.8,0.3,4,2028.5793936518244,376463.94154822745
28,3,0.6613931073977022,1.0346270065552579,0.9699081012456882,0.19694464200684336,0.8248077336536936,0.09336261687406576,0.09055286776452223,0.1471381739012785,0.8,0.8,0.3,5,3315.069434227912,6654.691517103005
28,4,0.6279843945436423,1.0480290326651072,0.9740745889765771,0.2639224254387161,0.44577278681076105,0.08903829199436034,0.1434060630721803,0.24216163462559,0.8,0.8,0.3,7,2550.2064140074644,8419.704123893907
28,5,0.6201796228040073,1.0544099633827542,0.9926301703301642,0.2698218343915572,0.2751600121878851,0.0890382920101144,0.14340607206016545,0.2421616498030906,0.8,0.8,0.3,9,2369.7270181589097,7920.08992455419
28,6,0.5417550746390699,0.9901825443731039,0.92397412616307,0.23472186795968492,0.31119946620951866,0.10131006044856342,0.10901061100658542,0.1732649357401689,0.8,0.8,0.3,11,2953.5447407310294,7972.534556366855
28,7,0.6114613961063375,1.0732071893866078,1.0190593264648986,0.3250016594472721,0.3160706587541937,0.10094744953207688,0.16840098426581918,0.27355406969569135,0.8,0.8,0.3,13,2615.8991531650927,6974.24384098795
28,8,0.6461827191279609,1.1364819395291368,1.10544471854313,0.39716859327079274,0.37886137166362777,0.09485386522415465,0.21118949472748935,0.3681787840740657,0.8,0.8,0.3,18,1965.4300903857288,2946.855262663453
28,9,0.6388624808770725,1.1307966795810849,1.098813555437746,0.40349689174091624,0.3743933895807559,0.09422536632942824,0.21148666627792273,0.36852265570119774,0.8,0.8,0.3,20,1895.2334033141324,3010.2874087640694
28,10,0.8133257663339444,1.2983342498593673,1.2501586892080723,0.5959167091621933,0.6826675781934262,0.09108387982011446,0.2931526571325443,0.8170578398451708,0.8,0.8,0.3,21,1702.079526056231,3444.7913286487046
28,11,1.259276279850168,1.7696966809004733,1.7434188378210782,1.0737727920468707,1.1938572775685983,0.08656743239060292,1.0,0.5205541006977039,0.8,0.8,0.3,22,2035.098513981411,2082.114955608963
28,12,1.2527207245285097,1.7745257349931987,1.7597246058835132,1.08273516836876,1.0584714521017233,0.08673202325403424,1.0,0.5285266013856262,0.8,0.8,0.3,24,2247.2663258473067,2366.420116166152
28,13,1.2561449589405904,1.7669460925637908,1.7384047263776812,1.1024192292950925,1.067189019545937,0.08568856083664951,1.0,0.5577867574886775,0.8,0.8,0.3,25,1982.213336670941,1955.579077671127
28,14,1.2201031366476247,1.7531456466566917,1.7503974247028466,1.0643652885677812,1.0082359176501998,0.0868675613815617,1.0,0.4379940582354519,0.8,0.8,0.3,26,1990.9392023645955,3025.493591629195
28,15,1.2179864260283844,1.7397922630158866,1.7235657467222825,1.070591345897299,1.011288082574261,0.0868617506000918,1.0,0.4401471583288247,0.8,0.8,0.3,28,2020.0249142634043,2704.63026022346
28,16,1.2335663022798087,1.7545065237597333,1.7355079246698215,1.102918627539402,1.1454633902893638,0.08827482026086954,1.0,0.5393812873370558,0.8,0.8,0.3,29,2144.0217885661714,2706.4338283501643
28,17,1.2279310217602102,1.748334670226387,1.728399514157694,1.1094937191041498,1.0508312793786134,0.08723134470484292,1.0,0.5398210195641363,0.8,0.8,0.3,31,2031.601864034335,2713.927231788407
28,18,1.232084894257304,1.7523620773870534,1.7322324760862586,1.1194248466795191,1.0448244318287792,0.08689281284664543,1.0,0.5579341921166263,0.8,0.8,0.3,32,1983.0246866213,2540.580375339263
28,19,1.3252008959300174,1.8425694035648656,1.8191343638562663,1.2320402624603124,1.2812064150827362,0.05800320305359356,1.0,1.0,0.8,0.8,0.3,33,2126.588467913282,9840.010561816362
28,20,1.2485150474949447,1.7607742160856827,1.7334568820464193,1.1780942801932963,1.2458530837181383,0.07242229235655467,1.0,0.7644631990279872,0.8,0.8,0.3,34,4390.14890733468,3108.0618536916118
28,21,1.2442437884606004,1.7552187915307296,1.727091929524458,1.1850130737165268,1.1029818953121364,0.07122928254460889,1.0,0.7648831618630936,0.8,0.8,0.3,36,4247.014867321258,3124.291902651549
28,22,1.386124641448569,1.9098166587924892,1.9026137159291763,1.3743491156618066,1.3516665846438582,0.1853541906251089,1.0,1.0,0.8,0.8,0.3,38,2101.003071958928,2648.741841429481
28,23,1.3844408628662708,1.90808577295886,1.9008549745570467,1.3790468737811719,1.2479964992378776,0.183394031436496,1.0,1.0,0.8,0.8,0.3,39,2150.370045332784,2399.598426161382
28,24,1.3805179426884675,1.901547853736941,1.8931433930927104,1.3843496548789402,1.2708844452284493,0.18378803705797184,1.0,1.0,0.8,0.8,0.3,41,2383.836075918575,7164.306505579427
28,25,1.2665173767903335,1.7573163064332378,1.7195998824007932,1.258813558572493,1.281975108186193,0.05567641657073495,1.0,1.0,0.8,0.8,0.3,42,1679.359254237506,4046.293889089019
28,26,1.2622613270422085,1.741073240238323,1.699041856603922,1.290520794428954,1.2405813544861535,0.06686729054340061,1.0,1.0,0.8,0.8,0.3,44,1586.287849736868,5412.469069277427
28,27,1.2482011046029025,1.7114928871055357,1.66445415519799,1.2780792151493885,1.3572491638664619,0.0664402751186812,1.0,1.0,0.8,0.8,0.3,45,1661.0366501293329,3900.9493067165145
28,28,1.247753233668498,1.7097555522866341,1.6622956411568977,1.2817315202175008,1.160112454235176,0.06734362209942363,1.0,1.0,0.8,0.8,0.3,48,1619.12541510296,4495.844265728108
28,29,1.229324149086307,1.666341606379261,1.6118176213134305,1.3009059178472702,1.4378902600419377,0.06463596563165355,1.0,1.0,0.8,0.8,0.3,49,1401.29655956574,6139.363665258213
28,30,1.2284952831667422,1.6625404155324963,1.6072230926279387,1.3104866964181514,1.168735800906988,0.06567526831108095,1.0,1.0,0.8,0.8,0.3,51,1540.4000394044735,6011.801297972284
28,31,1.2254797541182205,1.654859866592021,1.5983147510328022,1.3186183470273787,1.177107159964244,0.06503591545571265,1.0,1.0,0.8,0.8,0.3,53,1517.4314288052926,6172.298486236879
28,32,1.2795034361071171,1.733444837365639,1.7135800299442854,1.4592462885946251,1.2173002086205083,0.13819343241174195,1.0,1.0,0.8,0.8,0.3,67,1181.4916467658163,83029.1517128745
28,33,1.2798536617605827,1.731414365421827,1.710949447087359,1.4702214212054334,1.2242675657411404,0.1400354604733287,1.0,1.0,0.8,0.8,0.3,69,1190.5117210264973,82900.59633661338
28,34,1.2782187003912366,1.7393704334880593,1.7315020576958997,1.4789800816398415,1.2193720521962979,0.1389240387002172,1.0,1.0,0.8,0.8,0.3,71,1122.458175610589,87665.87935242073
28,35,1.2802039094209543,1.74129757428535,1.7334146546455083,1.4818278908967961,1.2137427203813058,0.14143896286836216,1.0,1.0,0.8,0.8,0.3,72,1141.4991199781568,85846.85095829895
28,36,1.2785430636690371,1.737195298367108,1.7287047388809935,1.4837066204113332,1.2373857245595405,0.14074744063754208,1.0,1.0,0.8,0.8,0.3,73,1139.8812355117104,86631.65846314529
28,37,1.2741961140363043,1.7331196017586,1.7349536473079326,1.4970409629989914,1.3225157203807296,0.14117818827397952,1.0,1.0,0.8,0.8,0.3,74,1208.792491123788,156125.85463958763
28,38,1.2746473765284907,1.718417588285991,1.7063073206381794,1.494939031288572,1.253197164330834,0.14369427876042723,1.0,1.0,0.8,0.8,0.3,75,1187.9981251152765,155982.81329081353
28,39,1.274489445670284,1.7168465075763881,1.7044005083651048,1.5059539154391604,1.2221727940737557,0.14418227670806377,1.0,1.0,0.8,0.8,0.3,77,1170.1261445287548,156831.20670669654
28,40,1.2714641756605634,1.7349023654009066,1.7481435947118018,1.519884243197576,1.22549551545145,0.14103151444298875,1.0,1.0,0.8,0.8,0.3,78,1149.135962408065,156421.49112842293
28,41,1.2720014511322244,1.709271453682323,1.695624167816706,1.5148714368402951,1.251046406557924,0.1434803202089065,1.0,1.0,0.8,0.8,0.3,79,1143.6211968052442,157482.37584301122
28,42,1.2428615578447304,1.7121394672282744,1.737118195100846,1.5138600557025865,1.2014940848620896,0.1077913049409817,1.0,1.0,0.8,0.8,0.3,80,1111.5221860884485,86248.31347667037
28,43,1.2715932719570544,1.7064746683068044,1.6922675448940798,1.5223105306380675,1.222872358433083,0.14407039703725638,1.0,1.0,0.8,0.8,0.3,81,1152.4998693199072,157473.1381955399
28,44,1.242540010596722,1.7212845812672508,1.7588581518180482,1.5242400367948885,1.1954411694094682,0.10817751705132313,1.0,1.0,0.8,0.8,0.3,82,1128.1554605673532,86378.45714999501
28,45,1.2696856455868795,1.7018798849547447,1.6870479997890617,1.5246588914439922,1.2308166464270605,0.14288889963686685,1.0,1.0,0.8,0.8,0.3,83,1155.6800807091756,158175.99802581986
28,46,1.2425997612531194,1.7186401725790212,1.7555854660854024,1.535249759945139,1.1966714410335875,0.10945813675770313,1.0,1.0,0.8,0.8,0.3,84,1162.0037420007409,86887.61813493771
28,47,1.2413548620311765,1.7270465387322778,1.7766330157506187,1.5568422415030814,1.1897983405777564,0.1085832585451286,1.0,1.0,0.8,0.8,0.3,89,1287.273980494226,87272.21631375761
28,48,1.253035422153331,1.6891115446516307,1.6855932418339965,1.5284996040495067,1.2066151501298892,0.12523570910333465,1.0,1.0,0.8,0.8,0.3,96,1997.6002425261452,68571140.6634252
28,49,1.251054296039593,1.682762395379038,1.6782494637228271,1.5345618453822838,1.2401916236476023,0.12455865132056736,1.0,1.0,0.8,0.8,0.3,97,2051.485871563988,68559410.50777067
28,50,1.251399654938137,1.6825938472788355,1.6779643854800492,1.538583274906207,1.2049181153748771,0.12519851603945842,1.0,1.0,0.8,0.8,0.3,98,2008.9821853440203,68583119.12464021
28,51,1.2491456089086195,1.674327364871446,1.668343561145803,1.5410662098503058,1.2274130098342626,0.12475081105549295,1.0,1.0,0.8,0.8,0.3,100,2043.0384408239056,68597884.38355649
28,52,1.2491252339619945,1.6778737904354222,1.6831907629893201,1.556686589997356,1.236737096137028,0.1275848947858684,1.0,1.0,0.8,0.8,0.3,102,1852.1135092224044,68618960.11966012
28,53,1.247919067992153,1.666446703489064,1.6695228884538162,1.5643416058157718,1.249409515809145,0.12965659671143537,1.0,1.0,0.8,0.8,0.3,104,1976.7091312309367,68620229.68395936
28,54,1.2485768248166558,1.6655214362468471,1.668253668459473,1.5723792366816867,1.2118223810527475,0.1310099895228537,1.0,1.0,0.8,0.8,0.3,106,1990.9175964197943,68627809.09174156
28,55,1.247233678812961,1.6635783856685833,1.6661805948686814,1.5783909739777755,1.2089288682936237,0.12953067201799712,1.0,1.0,0.8,0.8,0.3,107,1986.547767513976,68623681.21697
28,56,1.2475640848084646,1.6621361111967574,1.6643545222528335,1.5789835324656423,1.2200722799889805,0.13052887335213378,1.0,1.0,0.8,0.8,0.3,108,1960.4419006847568,68623649.13336027
28,57,1.24635370731767,1.6602673905812553,1.6623435678591651,1.5851345187701182,1.2091888696423818,0.12923136999298143,1.0,1.0,0.8,0.8,0.3,109,2003.8560070964984,68635346.90291412
28,58,1.2460585534007722,1.6711410408587943,1.6862100663310995,1.6030492846716002,1.2032553377686828,0.12887398798395794,1.0,1.0,0.8,0.8,0.3,111,2001.017246961415,68637437.41935742
28,59,1.241672149372028,1.663567009613396,1.6779490770282453,1.613764559143125,1.2275599549558784,0.1244202051818503,1.0,1.0,0.8,0.8,0.3,112,2011.4147066258377,68615266.54549542
28,60,1.234084425539797,1.6609379520261716,1.6869837893376818,1.5346017650362729,1.211676933986376,0.11688562180290922,1.0,1.0,0.8,0.8,0.3,115,2148.751012252877,68480454.54276727
28,61,1.23318439960515,1.6733090714676102,1.7234202703636778,1.5701493907745163,1.2210982449361465,0.11846803475389571,1.0,1.0,0.8,0.8,0.3,118,2004.165960845336,68377492.65163252
28,62,1.230350495407568,1.6813805546627143,1.744429227151711,1.5748800615626906,1.1945971333263705,0.11501206192079302,1.0,1.0,0.8,0.8,0.3,119,1899.83059276195,68427035.0458717
28,63,1.2330792077897952,1.6692624582871924,1.7185455542404593,1.5744528029759663,1.226770430437203,0.11945401482157222,1.0,1.0,0.8,0.8,0.3,120,2042.958505113756,68380665.4380291
28,64,1.9362157495020458,2.355351475832203,2.3904107039910567,2.3521461270384334,1.9504945716713575,1.0,1.0,1.0,0.8,0.8,0.3,121,3.6809624162285695e+19,132095549.8447564
28,65,1.2246683163742145,1.6253016904485966,1.6565533780367987,1.5648878123826009,1.3468236206248634,0.11522937757490843,1.0,1.0,0.8,0.8,0.3,122,1924.19735487862,68476612.19685695
28,66,1.9314115207180371,2.337526515570832,2.380614718079566,2.364337956213387,1.9474744599015077,1.0,1.0,1.0,0.8,0.8,0.3,123,3.6809624155643728e+19,132132907.47725956
28,67,1.930958270006762,2.312210049054073,2.3287991999066677,2.3490525082692786,1.9204816957396837,1.0,1.0,1.0,0.8,0.8,0.3,124,3.687103261411226e+21,480351633.3987812
28,68,1.9284586702545845,2.3176879319799477,2.357378836082571,2.369953797137354,2.0180755558926737,1.0,1.0,1.0,0.8,0.8,0.3,125,3.680962415449584e+19,132129489.28430375
28,69,1.9283535707300723,2.3281509772988676,2.380715307165473,2.3812792881053317,1.9025828305150438,1.0,1.0,1.0,0.8,0.8,0.3,127,3.6809624158172537e+19,132129413.71305884
28,70,1.9235607110104456,2.280331953789926,2.3136252739625442,2.3704447418322854,2.1557232655115453,1.0,1.0,1.0,0.8,0.8,0.3,128,3.687103261301397e+21,480145321.2326597
28,71,1.9226098900686635,2.2722983181765923,2.30421583097674,2.3772536344734085,1.9280535016886433,1.0,1.0,1.0,0.8,0.8,0.3,130,3.68710326125507e+21,480137011.00751054
28,72,1.9193081323065528,2.2532073636245906,2.2929371238817913,2.366938503126387,2.112109342097218,1.0,1.0,1.0,0.8,0.8,0.3,131,3.687103261331296e+21,480196318.5256917
28,73,1.9172759899970775,2.220960839231975,2.2440865231490723,2.383865513780284,2.0464548494823895,1.0,1.0,1.0,0.8,0.8,0.3,132,3.687103261287532e+21,480274923.18423146
28,74,1.9157822930124284,2.204191073671721,2.2244448145177937,2.389923339835978,1.9585598037018344,1.0,1.0,1.0,0.8,0.8,0.3,134,3.687103261285444e+21,480272025.68081343
28,75,1.9148169478684618,2.2038491440861354,2.235126023754772,2.3964609434771154,1.9403203237824231,1.0,1.0,1.0,0.8,0.8,0.3,136,3.687103261285084e+21,480261084.0950256
28,76,1.9118632588223672,2.1755095071384214,2.213014666059326,2.4194294210868694,1.9920659869395692,1.0,1.0,1.0,0.8,0.8,0.3,139,3.687103261069562e+21,480204077.2959057
28,77,1.9108409451085537,2.1600159937563657,2.1948678175422907,2.4370051892661424,1.9180337305184516,1.0,1.0,1.0,0.8,0.8,0.3,145,3.687103261060936e+21,480140936.45717657
28,78,1.909621650998598,2.1400177290490126,2.1714446679320023,2.446566741639166,1.9698369364101593,1.0,1.0,1.0,0.8,0.8,0.3,147,3.687103261062234e+21,480187260.11746246
28,79,1.909308944631131,2.134587887229913,2.165085049286027,2.45366764311398,1.918959218010558,1.0,1.0,1.0,0.8,0.8,0.3,149,3.68710326101468e+21,480193194.7791296
28,80,1.9092666603346442,2.14504768421777,2.1884177146500883,2.473124414595355,1.9010402559741297,1.0,1.0,1.0,0.8,0.8,0.3,154,3.687103261102467e+21,480073409.1707244
28,81,1.9082447184528604,2.126261217961732,2.1664139669356524,2.4794701739945246,2.0312180870238614,1.0,1.0,1.0,0.8,0.8,0.3,155,3.687103261048181e+21,480055345.6001597
28,82,1.9073162438143991,2.0965116343678556,2.1204879299002335,2.4888271138163396,2.0295743924430756,1.0,1.0,1.0,0.8,0.8,0.3,156,3.687103261109945e+21,479972780.460704
28,83,1.906127647016563,2.070264777448718,2.089746054880303,2.4940587304851025,1.9916316147195035,1.0,1.0,1.0,0.8,0.8,0.3,158,3.687103261146936e+21,479950381.1910151
28,84,1.9061148175740403,2.069964306825385,2.0893940258875494,2.5016834780247086,1.9010489182956525,1.0,1.0,1.0,0.8,0.8,0.3,160,3.687103261164197e+21,479951256.8281539
28,85,1.9056524118118476,2.0700535504472226,2.1005804771085352,2.3742253329936274,1.9258792438427748,1.0,1.0,1.0,0.8,0.8,0.3,163,3.687103261144979e+21,479944667.1276971
28,86,1.9056229097024675,2.0693250694651324,2.099727208698141,2.3666625956304745,1.9025400603461373,1.0,1.0,1.0,0.8,0.8,0.3,165,3.6871032610986514e+21,479936309.70418006
28,87,1.905400325155082,2.142290022110022,2.2627600044146337,2.4465541910308417,1.9194585770997528,1.0,1.0,1.0,0.8,0.8,0.3,167,3.769201408356245e+21,490651986.5204255
28,88,1.9051717628382974,2.136316512249841,2.2557635184054403,2.445984880899946,1.9204955458431963,1.0,1.0,1.0,0.8,0.8,0.3,169,3.769201408409344e+21,490662799.8536372
28,89,1.9050665912768066,2.066334980721582,2.1073066258483633,2.539601133349179,1.9192318155766852,1.0,1.0,1.0,0.8,0.8,0.3,170,3.8531275777160847e+21,501585708.853501
28,90,1.90505924431854,2.066141277611348,2.1070799887298226,2.547379477818672,1.9006763657745767,1.0,1.0,1.0,0.8,0.8,0.3,172,3.7692009835348833e+21,490665419.8082138
28,91,1.904949193351808,2.1304493424907776,2.248891571264513,2.4412480923353743,1.920396283191046,1.0,1.0,1.0,0.8,0.8,0.3,173,3.769201408455525e+21,490668857.5412674
28,92,1.9048503502141794,2.049364929906572,2.076348809092151,2.5546687972798665,1.918553969047686,1.0,1.0,1.0,0.8,0.8,0.3,174,3.687103261176955e+21,480021814.41588897
28,93,1.9046966303457653,2.0451673168315265,2.071432214045176,2.5581773091637143,1.909762863633776,1.0,1.0,1.0,0.8,0.8,0.3,177,3.687103261143144e+21,480019594.6838929
28,94,1.9044635542388437,2.038654925944463,2.063804503635183,2.5731718229902514,1.9227380241576781,1.0,1.0,1.0,0.8,0.8,0.3,179,3.687103261171676e+21,480024913.3708229
28,95,1.904431034536959,2.048935551829473,2.0869273951521174,2.5854454401650813,1.9032307442851193,1.0,1.0,1.0,0.8,0.8,0.3,181,3.6871032611550265e+21,480020853.317567
28,96,1.904272426508178,2.044374040192968,2.0815849532900503,2.5928686346526506,1.931856367439502,1.0,1.0,1.0,0.8,0.8,0.3,182,3.6871032611146967e+21,480014290.4726703
28,97,1.9042525596910524,2.043796179193328,2.080908125879006,2.597321431043304,1.9013449698957048,1.0,1.0,1.0,0.8,0.8,0.3,185,3.6871032611457566e+21,480009003.7864539
28,98,1.9041566829845695,2.0409924420739225,2.077624118598797,2.6004068449342705,1.919624107597288,1.0,1.0,1.0,0.8,0.8,0.3,186,3.687103261117569e+21,480003048.6765898
28,99,1.904011166649923,2.025579538591669,2.0484898973256422,2.6109806241479148,1.915134316876277,1.0,1.0,1.0,0.8,0.8,0.3,188,3.687103261205944e+21,480028744.617792
29,0,0.7685321822261556,0.941235126597292,0.8821974509295205,0.007364632186192171,0.0,0.0,0.0,0.0,0.8,0.8,0.3,1,4550.314266473199,6910.691873093363
29,1,0.8156312925550258,0.9993854733852937,0.9395625877508563,0.07307419176389154,0.07874942565311834,0.07828222811733856,8.264843040355e-05,0.00014630752434526998,0.8,0.8,0.3,3,4398.710849393001,6822.243075377565
29,2,0.802900455164082,1.0039390137280364,0.9428399859663366,0.08671111303739393,0.12678166509637884,0.07667874631684042,0.009109039184304819,0.020367546672043248,0.8,0.8,0.3,4,4129.500744887352,6728.591920403141
29,3,1.224645689262357,1.4653195654117133,1.401038435419424,0.5703272755515048,0.6844764946377451,0.21486972461500292,0.10350778871163077,1.0,0.8,0.8,0.3,5,4655.13506827938,1060241.6583891036
29,4,1.1023399865735195,1.3788244758165278,1.3253647277577505,0.4830717110771766,0.5589887152330257,0.07978697239320108,0.2759720072224809,0.6170653812716785,0.8,0.8,0.3,6,2342.9937892053704,6892.016042090561
29,5,0.6677043914651704,1.0122922004458172,0.9658319467497452,0.14122280225939113,0.3713852225756358,0.09560495896316087,0.037975799267912405,0.06722626369055677,0.8,0.8,0.3,7,2027.4678165814817,5390.405004828072
29,6,0.799481748701691,1.1642245149657153,1.1009092069512738,0.3301084809634724,0.4758285365104786,0.09406993140947875,0.22979188344466822,0.1786183410410689,0.8,0.8,0.3,8,1539.0065515231986,2253.275923235771
29,7,0.562225310452719,0.9880234424898484,0.9283845629013118,0.19208546298941073,0.5540888989367647,0.09274375558859912,0.07059200465420393,0.16349132855538043,0.8,0.8,0.3,9,2487.5669897678827,4118.33623901456
29,8,0.8096611379591004,1.2634781251968819,1.194885349931738,0.5228933153473585,0.8725509683921245,0.09399142763901433,0.3801123382120926,0.42723758298312325,0.8,0.8,0.3,10,3567.868646527233,4112.657795441179
29,9,0.515740097301227,0.9712465659062556,0.9018254547537103,0.23278908907880846,0.25384126969022175,0.0907018132754416,0.09850047244610388,0.2289927854188476,0.8,0.8,0.3,11,3322.7339117042275,5985.522489612384
29,10,0.4995307584635488,0.9625586477528605,0.8879578297262849,0.2575039316008935,0.34723654552142547,0.0946150405930771,0.11324981312291431,0.25108300880030854,0.8,0.8,0.3,13,2089.8917954086846,3716.4380842216897
29,11,0.4967128244008576,0.9601023325702618,0.8851155663147712,0.2657817308700904,0.24928682910749703,0.09428729641635626,0.113303982423492,0.25113872717127145,0.8,0.8,0.3,15,2140.0684522274346,3601.610033230182
29,12,0.496059365111634,0.9595507406120247,0.8844514614916932,0.2765093258033785,0.24611269578987088,0.09329969139977368,0.1142644466166501,0.2515608121873613,0.8,0.8,0.3,16,2129.260598632798,3595.912264792455
29,13,0.47641576688014514,0.9533696357204134,0.8868307953038999,0.28683374171662573,0.43113150969810127,0.09413211165193727,0.12379546482736148,0.252395597320214,0.8,0.8,0.3,17,2216.1604598608205,3447.379059122389
29,14,0.47374152986145535,0.950752048105695,0.8836908824519263,0.2967771436663708,0.26114282626143265,0.09459474389504038,0.12386229335248271,0.25242397646868164,0.8,0.8,0.3,19,2112.8860712104715,3536.90051407768
29,15,0.4688903530270615,0.9459010651022995,0.87883528504991,0.2975306256479574,0.24576249190278748,0.09432265345430708,0.120401700214596,0.2462978974578874,0.8,0.8,0.3,21,2161.687191844156,3564.9356417217723
29,16,0.4684315614441798,0.945451137830112,0.8782256637993192,0.30350728068715893,0.2494088842753403,0.09447430073632854,0.12072014121802599,0.246653280938341,0.8,0.8,0.3,23,2092.6914392800145,3567.793517100608
29,17,0.7409147072776836,1.2055325746834589,1.120958591516197,0.5922753690135446,0.7202509097974044,0.06841426637578397,0.23511815489686544,1.0,0.8,0.8,0.3,24,2280.2287687153243,4686.648663334227
29,18,1.3523069012071878,1.8384129516702796,1.7784967392847213,1.2266042552503316,1.1720823289802125,0.07642621060369668,1.0,1.0,0.8,0.8,0.3,29,3651.158036222367,7137.604079394128
29,19,1.3454610657559476,1.8422031260987428,1.7945921826645213,1.2327095506262111,1.171954511431642,0.07223336898175212,1.0,1.0,0.8,0.8,0.3,31,3680.708368172698,7638.12154481826
29,20,1.3126742529092548,1.7998237921761546,1.7448716568215474,1.2350899052990998,1.307963799491992,0.07284213211167448,1.0,1.0,0.8,0.8,0.3,33,3646.6328793384746,7148.4059851489965
29,21,1.3120978902916456,1.8104321719189023,1.7684691780737578,1.2455485259510184,1.1579773315597457,0.07218051630100922,1.0,1.0,0.8,0.8,0.3,35,3653.285670787968,7134.991173970511
29,22,1.3120790957093758,1.8101910868152729,1.7680999094496919,1.2572036704391825,1.1608645515690976,0.07281455104404011,1.0,1.0,0.8,0.8,0.3,37,3563.452249215969,7069.679710497774
29,23,1.3036244340675032,1.8287608219096723,1.822238148450485,1.2563585920657818,1.303271940392274,0.07906936323289364,1.0,1.0,0.8,0.8,0.3,38,4243.906577692405,8466.954791858157
29,24,1.2892957382382881,1.7733785162116924,1.7245455192719292,1.2791844891408133,1.205784010295457,0.07600720668713665,1.0,1.0,0.8,0.8,0.3,41,3622.582389230693,2472.0922977626374
29,25,1.283323514387332,1.7724443438367496,1.7341545376217784,1.3061876896304672,1.1797223256206337,0.07877189515868381,1.0,1.0,0.8,0.8,0.3,47,3351.6414788699485,2435.824907459521
29,26,1.2831353500621083,1.7721030981103354,1.7337548059118335,1.3135219544737362,1.164208417340717,0.07877189515868381,1.0,1.0,0.8,0.8,0.3,49,3384.436521207831,2408.4078374438827
29,27,1.282946605106821,1.7602192451620613,1.7086834229564272,1.3106027255894948,1.1710476117049988,0.07928595902145075,1.0,1.0,0.8,0.8,0.3,50,3384.5143592641834,2415.723608828354
29,28,1.2814992071581037,1.7574258767431916,1.7053833361580726,1.3169564229345496,1.1739261607770068,0.079492644377954,1.0,1.0,0.8,0.8,0.3,52,3285.857547685624,2416.6557963985997
29,29,1.2626907427658816,1.747993934941972,1.7173885809046183,1.3241716778705854,1.3447085711226319,0.07300476276291638,1.0,1.0,0.8,0.8,0.3,53,3770.471504617565,2606.4133166062807
29,30,1.306807769239737,1.7859073877423368,1.7533069054076282,1.3707290719988954,1.248563784255309,0.13495893240148163,1.0,1.0,0.8,0.8,0.3,55,3357.91555693876,2362.6013038075207
29,31,1.2439011078733713,1.7248080881682297,1.7023355102030242,1.32011702510637,1.2110136706013617,0.06554628059038047,1.0,1.0,0.8,0.8,0.3,57,4127.908437480862,2555.4680776018336
29,32,1.2429620245768682,1.7225740946199293,1.6997182638661203,1.3263757727173158,1.1602571916589104,0.06555141378306792,1.0,1.0,0.8,0.8,0.3,59,4198.307208352197,2634.700623919024
29,33,1.233583484968733,1.7185122947143692,1.7069469604651297,1.337709571459732,1.2169381547001283,0.05894979906737905,1.0,1.0,0.8,0.8,0.3,60,4327.200886249745,2630.615875303152
29,34,1.2367990111895142,1.7328531933098705,1.7342665137332538,1.3468996311702823,1.1512741003022926,0.06303012486143875,1.0,1.0,0.8,0.8,0.3,61,3778.853985424709,2533.0933310830405
29,35,1.2332489427795277,1.729122946382517,1.730484793918877,1.3468750569565175,1.1490909274327217,0.05874301133440958,1.0,1.0,0.8,0.8,0.3,62,4187.828709733204,2666.013328409921
29,36,1.2280200538606945,1.7175445873796467,1.7171197539790506,1.3507417505355155,1.2187921443306993,0.05731232550501185,1.0,1.0,0.8,0.8,0.3,63,4077.010216618821,2651.014025314279
29,37,1.2275863631675983,1.7168854378689544,1.7163989932523886,1.3538716794298884,1.147991462351527,0.05693695749173662,1.0,1.0,0.8,0.8,0.3,64,4098.625482735918,2543.8613942783472
29,38,1.2267825574252311,1.714630770441948,1.7137438457811431,1.3632289850972008,1.1538018165656265,0.05704169375275366,1.0,1.0,0.8,0.8,0.3,66,4020.0571991251554,2670.033613850375
29,39,1.2276639848914017,1.7148031304923845,1.7137213446577257,1.3714426317399007,1.1548890599648431,0.058679143479853604,1.0,1.0,0.8,0.8,0.3,67,3742.775489308072,4540.093005509732
29,40,1.2214061315028983,1.7065041469549405,1.7048651829164114,1.3660981444814737,1.16462634737672,0.052373307596562335,1.0,1.0,0.8,0.8,0.3,68,3973.090467680255,2740.743386168041
29,41,1.2220582068526862,1.6955395564278035,1.6807876867284877,1.378191684778703,1.143942145544081,0.05349235403268765,1.0,1.0,0.8,0.8,0.3,72,3352.970175151296,2668.8087663431597
29,42,1.2328280270679113,1.7263055432958971,1.746947226992711,1.5346866047567882,1.1671733638407167,0.07626958794082121,1.0,1.0,0.8,0.8,0.3,96,3105.482438163356,101918.73943282836
29,43,1.2221715110573868,1.692229211010094,1.7070512056451337,1.5386534616766032,1.279272544472342,0.07615187129487754,1.0,1.0,0.8,0.8,0.3,98,2850.4615952546787,263204.2741812015
29,44,1.2190532178156088,1.6995686854327665,1.727211818547669,1.5538172257347351,1.1605379588968125,0.07263036881042403,1.0,1.0,0.8,0.8,0.3,101,2862.8205025983216,88895.02851235088
29,45,1.2188639286280898,1.7056194990949118,1.7450774625905063,1.5768915604523828,1.1759925374224998,0.07484247416769994,1.0,1.0,0.8,0.8,0.3,104,2892.810067552934,93519.81377725845
29,46,1.218381928587278,1.703858896163393,1.7430137773937537,1.5841214242860833,1.1660631305908438,0.07485379121604903,1.0,1.0,0.8,0.8,0.3,106,2898.448128553023,93464.68756086253
29,47,1.2187060030842438,1.7034917926671473,1.7424832732341717,1.5809303964201507,1.167137181989022,0.07558803239344512,1.0,1.0,0.8,0.8,0.3,107,2847.130239287369,93577.52637714948
29,48,1.217620853336181,1.6932837653123443,1.7301371572692943,1.5857694087675072,1.2504649689640648,0.07843366448606862,1.0,1.0,0.8,0.8,0.3,108,2643.626838913403,92702.32054765437
29,49,1.2085663293068745,1.689106351595611,1.7375053490584056,1.603912292255733,1.2151535018979835,0.06982551220690822,1.0,1.0,0.8,0.8,0.3,109,54817.901365634905,93701.62832116552
29,50,1.21498253856358,1.6943148586568362,1.7424413940850862,1.6069311161421567,1.1734270292744324,0.0783268173395213,1.0,1.0,0.8,0.8,0.3,110,2612.7877566549605,80882.71766018524
29,51,1.2009246369656694,1.6740264064024197,1.7312416401897694,1.60730357099382,1.313620608682133,0.06751236400429486,1.0,1.0,0.8,0.8,0.3,111,53877.49216217581,108915.24932784536
29,52,1.2013098671730265,1.673362459213278,1.7303458648723409,1.6152305769863429,1.16420569770395,0.06837498146651659,1.0,1.0,0.8,0.8,0.3,112,53991.15549099486,109097.57874567792
29,53,1.1963773761767893,1.660817472769854,1.7161341857064765,1.6079082976220758,1.2196028764210811,0.06485853453741758,1.0,1.0,0.8,0.8,0.3,113,28425.780100565014,108395.380021846
29,54,1.1963576193894263,1.6591342198305525,1.7140888847788343,1.6156295053970908,1.1670868792361149,0.06539651552991253,1.0,1.0,0.8,0.8,0.3,114,28590.583261060423,108746.16440162688
29,55,1.195932147819912,1.655588527922667,1.7098668787647495,1.6231653138131843,1.1665150750773985,0.06590165015492135,1.0,1.0,0.8,0.8,0.3,116,28476.675130850857,108671.65891904484
29,56,1.1916221960384084,1.649296852686399,1.7031472303040096,1.6266343071670406,1.1663707533186305,0.06116058287391056,1.0,1.0,0.8,0.8,0.3,117,28527.65061087104,inf
29,57,1.1952605810922488,1.6524598453964017,1.7062076016831413,1.6340943837073714,1.1547978947778286,0.0658635769658286,1.0,1.0,0.8,0.8,0.3,119,28741.31889080435,107727.67891603777
29,58,1.1939316955841803,1.6472963605725028,1.7002200709272854,1.6332988577462362,1.1859324731131198,0.06542376234640605,1.0,1.0,0.8,0.8,0.3,120,28813.35335070124,108587.9792393514
29,59,1.186675764146815,1.6571588240771782,1.7349538966597104,1.641730800137167,1.1617417575844677,0.05798638832648283,1.0,1.0,0.8,0.8,0.3,123,2850.131993030536,128729.9301223804
29,60,1.1846816560084406,1.6388599856411294,1.7025728150541708,1.636363435311279,1.1676790315357064,0.057013643944171535,1.0,1.0,0.8,0.8,0.3,125,2824.455142687239,128103.15330796751
29,61,1.1845819571586405,1.6490446332948399,1.7255637587796187,1.651624007288568,1.1496747522782815,0.057156529523966035,1.0,1.0,0.8,0.8,0.3,127,2794.9188282425653,128542.40645583766
29,62,1.1820275918140812,1.6571339344190898,1.7465348483025298,1.66846040123809,1.1457639686033871,0.05412951160315134,1.0,1.0,0.8,0.8,0.3,129,2869.051090897688,105501.254442095
29,63,1.1818197378946607,1.629617699698376,1.6919858957213791,1.6723735730858558,1.1526813140235097,0.05527523415199172,1.0,1.0,0.8,0.8,0.3,134,2656.218124949381,102150.55405474742
29,64,1.1812285077231879,1.6363062171866056,1.7108557109477531,1.68380374906454,1.1775856154220599,0.0556097251086294,1.0,1.0,0.8,0.8,0.3,135,2785.890857160867,106533.29613948062
29,65,1.1793634629712648,1.6147128162634414,1.6959165538624617,1.6924496487981118,1.4075605614630375,0.0609339527943619,1.0,1.0,0.8,0.8,0.3,136,2634.676820256075,131631.01078874076
29,66,1.178385752554555,1.6209383439820677,1.7143362925547079,1.7071977028271166,1.1649249526200713,0.06059717184489631,1.0,1.0,0.8,0.8,0.3,138,2665.55084771835,128982.45111895306
29,67,1.174456892033192,1.5945939190403167,1.6727467319299392,1.703810804994223,1.1922094204818448,0.05805413664469259,1.0,1.0,0.8,0.8,0.3,140,2593.3789037485158,128086.5739183782
29,68,1.1734947788303038,1.5900066588349886,1.6674381386220998,1.7145322826170963,1.1608091035839705,0.057585135888077586,1.0,1.0,0.8,0.8,0.3,142,2658.685321271992,127340.6932464486
29,69,1.1820852813710114,1.5879734153408982,1.6633040858831871,1.743105266004832,1.1991069869166795,0.07037720008006063,1.0,1.0,0.8,0.8,0.3,144,2568.771034270313,20030.623096154864
29,70,1.1669322819303432,1.5491916924417823,1.6416011016508751,1.7879569313629813,1.173203046519993,0.059014152205583516,1.0,1.0,0.8,0.8,0.3,158,2669.8429797299987,127039.691726237
29,71,1.1667770959174903,1.5478850427122846,1.6400746395292194,1.7956126546928717,1.1516734379579179,0.05898555833006258,1.0,1.0,0.8,0.8,0.3,160,2675.97642051063,127022.73256809074
29,72,1.1672642852497952,1.554676768342572,1.6589328566838757,1.8043136134839857,1.1863368306550022,0.06028700065494831,1.0,1.0,0.8,0.8,0.3,161,2598.294669942009,127791.51831953056
29,73,1.1656390663049425,1.5404081777935381,1.6313899564172274,1.8023366068764348,1.157908874617155,0.05845484931000909,1.0,1.0,0.8,0.8,0.3,162,2642.313402605868,126445.02951970843
29,74,1.1660799648107953,1.52442485885807,1.6014127583235416,1.794591625055949,1.1890590878089875,0.059731967034594505,1.0,1.0,0.8,0.8,0.3,163,2627.490465290274,127696.24164749152
29,75,1.1654178053038526,1.5285873386681965,1.617369743727035,1.8060752518963434,1.1719954330728712,0.05973196703459458,1.0,1.0,0.8,0.8,0.3,165,2566.8712591606622,127435.73632522993
29,76,1.1652646179259585,1.5268397766169093,1.615320940720623,1.8298412132886117,1.153944783384556,0.05974654911778332,1.0,1.0,0.8,0.8,0.3,167,2587.731803854382,127718.70831026466
29,77,1.162181072394145,1.541716082032539,1.6553588965930859,1.853525952577791,1.1489700481579517,0.05645758258587681,1.0,1.0,0.8,0.8,0.3,176,2669.9655956564397,1121609.6308103888
29,78,1.1650628888316963,1.5603505731360223,1.6987419711348817,1.8812831239806882,1.165731135773064,0.06088088487270663,1.0,1.0,0.8,0.8,0.3,179,2549.6815805548763,127688.3707386224
30,0,0.9730560317336571,0.993900489087531,0.9438821166778277,0.012207057973661237,0.0,0.0,0.0,0.0,0.8,0.8,0.3,1,1170.9783780536643,7719.731526176145
30,1,1.0072606226622314,1.0465165312005698,0.9955438689341383,0.07327863095852555,0.07764827920957068,0.07258063709722555,0.00010534518783734,0.00013170592161439,0.8,0.8,0.3,3,1145.7727092243035,7700.219769258982
30,2,0.9672597707925588,1.0404806456138462,0.9876613374750887,0.07935139701451514,0.13824518168246858,0.059825054517621976,0.01493926568646248,0.01041349088523862,0.8,0.8,0.3,4,1169.878971419404,7465.379835063111
30,3,0.7000618650938906,1.0504862413070666,0.9888819184768237,0.1962434900004556,1.07741713685277,0.08893553371902074,0.10024776216838771,0.12533295708335995,0.8,0.8,0.3,5,1555.817979201968,4775.590191410123
30,4,0.6857306560750919,1.0898471425675678,1.0195391201029296,0.28640187039492143,0.4568037395315466,0.09393858058418711,0.16150671370832997,0.24924574216715895,0.8,0.8,0.3,7,1672.2249452903875,5821.679954159035
30,5,0.6664081880319339,1.1046728815124895,1.0249510637470542,0.35624669978637236,0.5406882634498846,0.10818995213594736,0.20271156678949187,0.3340102735582517,0.8,0.8,0.3,9,1882.80062284089,5678.038233519287
30,6,0.6327085548904757,1.0831253585086893,1.0160237801003034,0.3383105477580003,0.3222776839367077,0.10984036030317076,0.1800618721943898,0.28824109009283816,0.8,0.8,0.3,13,1835.6936858507036,4766.626082707609
30,7,0.8987394421539028,1.338484113906106,1.2581744995241286,0.6154693433947863,0.5883196710706147,0.11554769800632347,0.24216207547061624,1.0,0.8,0.8,0.3,17,1500.24660414842,74204.0637738819
30,8,1.043515608390461,1.485568930741085,1.4042367164187388,0.7762818610036522,0.7600015747583879,0.09218915107081524,0.4568409663031824,1.0,0.8,0.8,0.3,19,1954.9701866827425,5802.265774442779
30,9,0.9094254024194417,1.3575535831443395,1.2729489836218209,0.6707452797347384,0.6971261519805265,0.10478673989408238,0.3081086156551112,1.0,0.8,0.8,0.3,21,1246.6748545294408,73108.15217989663
30,10,0.9413486453443043,1.3938253156743297,1.3055068805256071,0.7318211284623255,0.7639226975827809,0.11129244849986986,0.3740509639630303,1.0,0.8,0.8,0.3,23,1452.9992078994546,71601.58450982237
30,11,0.9402887716961987,1.4040997868267984,1.3286226855315966,0.7389138727498195,0.6915148633630506,0.11129244849986986,0.3740509639630292,1.0,0.8,0.8,0.3,25,1383.976096019025,72006.82344692678
30,12,1.441855411744179,1.9313143509544883,1.8765352510272681,1.2922078435474054,1.3365365726416352,0.15505717505962965,1.0,1.0,0.8,0.8,0.3,27,2080.1306163187774,65098.15400873625
30,13,1.420544908001985,1.9185755119199508,1.8726957213428348,1.2976145558304812,1.3033240258557688,0.1550630571289367,1.0,1.0,0.8,0.8,0.3,29,1753.6135712237294,67077.31268720166
30,14,1.421832656096629,1.8854377444693469,1.79940323280545,1.285499377684435,1.2469429276310553,0.1640741794536144,1.0,1.0,0.8,0.8,0.3,32,1859.0743328878311,96588.82085020392
30,15,1.3921993245857913,1.8959011118975686,1.857430236178536,1.30737427940983,1.403885530911076,0.15352712290488,1.0,1.0,0.8,0.8,0.3,33,1706.0577308736647,105129.14813056707
30,16,1.3781820724282015,1.8799681470251952,1.8401485688729238,1.3047580652797577,1.2422295164709647,0.1434557107013964,1.0,1.0,0.8,0.8,0.3,35,1640.9422131227377,92955.33670594728
30,17,1.382114284922628,1.8834875949482794,1.8433940342584976,1.3128159794754966,1.2310548966202333,0.1498544538569638,1.0,1.0,0.8,0.8,0.3,36,1672.479025805648,95034.62954537629
30,18,1.3705006502969657,1.871124527457273,1.8305457794494617,1.3061161103432923,1.2301655932736075,0.13794236888189956,1.0,1.0,0.8,0.8,0.3,37,1655.6690226627404,104130.16592782114
30,19,1.3495982695981676,1.8491730794684067,1.8151912456416184,1.3286773313640614,1.4757316436763814,0.1432387563018109,1.0,1.0,0.8,0.8,0.3,38,3670.1870799404337,65021.48636437114
30,20,1.3428205938703894,1.840525914385704,1.8056362470992136,1.331344680960201,1.2308846961210806,0.1390559679050995,1.0,1.0,0.8,0.8,0.3,40,3143.4595670675285,75941.7001096269
30,21,1.3367800709775093,1.8411569454359022,1.817457006665577,1.338902622374906,1.2470621679351361,0.1390559679050996,1.0,1.0,0.8,0.8,0.3,42,3119.700378400338,75755.88873381374
30,22,1.3367800708756656,1.8523612940963716,1.841661772186709,1.3575017813537098,1.2112452354955765,0.1390559679050995,1.0,1.0,0.8,0.8,0.3,44,3119.70037797808,75755.88872832835
30,23,1.3358208951838735,1.8399091127302138,1.816091632572692,1.3668275867473045,1.2155145318779794,0.138353992870827,1.0,1.0,0.8,0.8,0.3,45,3089.3396574417598,75398.80124082275
30,24,1.3349967559828673,1.831989661596155,1.8054479822257246,1.370037426310536,1.3297875652553623,0.14833895288501192,1.0,1.0,0.8,0.8,0.3,46,3088.0983974113174,75456.6502006379
30,25,1.2884680677616245,1.8488839846379514,1.8989483589186105,1.4605706909094363,1.1782544896783176,0.09562207791783636,1.0,1.0,0.8,0.8,0.3,79,3377.242162766596,33508.97880481771
30,26,1.272150526176228,1.824181724380978,1.871370733615746,1.4545586993226638,1.2869242917613897,0.08573146314788209,1.0,1.0,0.8,0.8,0.3,80,3447.1169068015724,34908.43875449611
30,27,1.267956453975195,1.8254604104026864,1.883855415930102,1.478238934631016,1.1833423197196713,0.08642242503727054,1.0,1.0,0.8,0.8,0.3,85,3331.7452756774774,40803.12306012736
30,28,1.2626277786008058,1.8136586247963875,1.8700563898566473,1.477079276037994,1.2505060944452577,0.08624836091083972,1.0,1.0,0.8,0.8,0.3,86,3455.0542578820823,42938.57599087731
30,29,1.259349091906577,1.8062161512111878,1.8613608082221973,1.4902654428380224,1.1947113059341112,0.08609124422578243,1.0,1.0,0.8,0.8,0.3,88,3407.010161641316,41077.16274447243
30,30,1.258598537502233,1.8155780122997294,1.8834076655448795,1.5076863403762377,1.1751520264886997,0.08609124422578249,1.0,1.0,0.8,0.8,0.3,90,3413.443804221576,40997.25013496359
30,31,1.987478558677619,2.552392160751356,2.632277718789136,2.2559249943414965,1.9127375559279753,1.0,1.0,1.0,0.8,0.8,0.3,93,5890.30635278106,346036184.36039203
30,32,1.9715644211357761,2.5317100368728314,2.6302169220369622,2.3025536657237726,2.0505750137364,1.0,1.0,1.0,0.8,0.8,0.3,95,2684.55601199629,22724663.80197475
30,33,1.9715042952704807,2.520362248751209,2.6058440487284242,2.2952809675899912,1.9012523871258071,1.0,1.0,1.0,0.8,0.8,0.3,96,2703.051245572537,22721082.481458507
30,34,1.9671694540405553,2.5181578287129387,2.6143437936796454,2.304934075803965,1.9932480164696096,1.0,1.0,1.0,0.8,0.8,0.3,97,2636.271588282691,22722776.40130248
30,35,1.9637926397352647,2.529634524288327,2.649949377377836,2.3296419633584335,1.908521871536051,1.0,1.0,1.0,0.8,0.8,0.3,106,2709.8949628210157,22536790.63066258
30,36,1.957564520475743,2.507795823586559,2.6243706161235707,2.3202334827644013,1.9760687050147971,1.0,1.0,1.0,0.8,0.8,0.3,108,2726.906056789788,22528701.81612124
30,37,1.9475757250819343,2.4789349149856195,2.601648899865107,2.3610307572047837,1.955970631632837,1.0,1.0,1.0,0.8,0.8,0.3,113,2597.9411796896625,22535313.11373236
30,38,1.946168320270377,2.4726630715620157,2.5943030094968433,2.3717107919140514,1.9218888525749775,1.0,1.0,1.0,0.8,0.8,0.3,115,2671.5721146722594,22508144.88329477
30,39,1.9434113608822559,2.4598516538492934,2.5792975194193364,2.366786404000469,1.9894963663379512,1.0,1.0,1.0,0.8,0.8,0.3,116,2629.619119807674,22529052.51609951
30,40,1.9430902113909811,2.469512019466051,2.601694043564457,2.3928731375896852,1.9053906962105496,1.0,1.0,1.0,0.8,0.8,0.3,118,3025.829432976675,22618779.34622841
30,41,1.943081011507513,2.4806720882451874,2.6258470381861887,2.408071789053748,1.9001031872229481,1.0,1.0,1.0,0.8,0.8,0.3,121,3020.8608347448726,22619095.736220676
30,42,1.9416845193470758,2.473897779295565,2.6179125737144773,2.415014326051338,1.9238396232623094,1.0,1.0,1.0,0.8,0.8,0.3,123,2858.136778841015,22611001.664262075
30,43,1.9414445077778033,2.4726642683155653,2.616467778487741,2.4186675474518102,1.9083488654861631,1.0,1.0,1.0,0.8,0.8,0.3,124,2845.959014129025,22612077.528623328
30,44,1.9401991980239914,2.4663925958567536,2.6091220849670034,2.4258364608102747,1.9440330121093765,1.0,1.0,1.0,0.8,0.8,0.3,125,2838.1554761225366,22607843.68166712
30,45,1.9400489859075194,2.4768474348656193,2.6324489761369616,2.4409720967790385,1.9010802778290021,1.0,1.0,1.0,0.8,0.8,0.3,130,2834.679474318475,22631031.42059729
30,46,1.939964569979513,2.47638035905171,2.6319020024773914,2.44472466323411,1.9030406571982883,1.0,1.0,1.0,0.8,0.8,0.3,131,2835.198781031664,22630440.46205855
30,47,1.938958649142571,2.4822885603610434,2.649903708751749,2.4520425754536976,1.9366887977147604,1.0,1.0,1.0,0.8,0.8,0.3,132,2899.0355195918432,22626166.934308257
30,48,1.93766621184448,2.4753518348582686,2.64177902395385,2.455231324757837,1.9484387052408274,1.0,1.0,1.0,0.8,0.8,0.3,133,2845.8035885135587,22626178.440636385
30,49,1.9372038601993269,2.427999716198444,2.5419907793994074,2.4388033502162823,1.9177052390630343,1.0,1.0,1.0,0.8,0.8,0.3,134,2856.9985135146635,22632695.5563585
30,50,1.936996458943353,2.4492619236189146,2.589057679081052,2.4542492732780916,1.9080101863257057,1.0,1.0,1.0,0.8,0.8,0.3,135,2851.9325224453187,22633354.333743468
30,51,1.936289519117923,2.4229008622181913,2.536018622300908,2.4495771679954172,1.9275998149514704,1.0,1.0,1.0,0.8,0.8,0.3,136,2842.1173824786574,22639823.756258804
30,52,1.9319973160395463,2.419790841672497,2.5545393498861104,2.4547481978398924,2.0790958721480766,1.0,1.0,1.0,0.8,0.8,0.3,137,3679.9861101282286,22576623.117369663
30,53,1.9319973224592735,2.4309951903329665,2.5787443778706107,2.46665853455817,1.9000021581684687,1.0,1.0,1.0,0.8,0.8,0.3,139,3679.986343172094,22576623.10239788
30,54,1.9311019348873277,2.4251986290333267,2.5719551066907025,2.4661169356209776,1.920020195604404,1.0,1.0,1.0,0.8,0.8,0.3,141,3592.793176561124,22577178.400598407
30,55,1.9304094320737546,2.4318312081697235,2.5908053570348253,2.48519224793338,1.931696250023674,1.0,1.0,1.0,0.8,0.8,0.3,142,3567.299872434732,22580988.046088524
30,56,1.9299139581093676,2.4285225265348043,2.5869299541699586,2.5044867054909314,1.9115394167897357,1.0,1.0,1.0,0.8,0.8,0.3,144,3591.7831601874977,22585316.59087813
30,57,1.9296129860521252,2.4264940292683175,2.5845542013758065,2.499901701621596,1.9070860816193702,1.0,1.0,1.0,0.8,0.8,0.3,146,3554.5376809871,22579153.66770836
30,58,1.9370002589616304,2.4941425752341253,2.685951346378025,2.5324050411919012,1.9200015775320465,1.0,1.0,1.0,0.8,0.8,0.3,155,3295.9801799802563,22513142.788513582
30,59,1.9410887167568112,2.5380907848694445,2.7595893813095373,2.5601751546077933,2.0631625508531943,1.0,1.0,1.0,0.8,0.8,0.3,156,3385.591684094538,22515243.94017553
30,60,1.9418381698503193,2.5418302977822016,2.7639693699999905,2.5719947556566294,1.9281063769111595,1.0,1.0,1.0,0.8,0.8,0.3,159,3411.8289768963778,22521246.68179342
30,61,1.932926909382582,2.492778276187639,2.7065167948340907,2.5713275742791084,1.9159038780205184,1.0,1.0,1.0,0.8,0.8,0.3,160,3603.216097585224,22517281.304636776
30,62,1.9420804832512102,2.5542358450768337,2.789581201638663,2.579761476733534,1.9112483006955927,1.0,1.0,1.0,0.8,0.8,0.3,161,3357.2526146280434,22526569.387736384
30,63,1.9461430283648748,2.5733871502006913,2.812012174100876,2.58534441741282,1.9141232894474551,1.0,1.0,1.0,0.8,0.8,0.3,162,3472.027060656333,22491770.20375655
30,64,1.9456945472876046,2.5601491753299515,2.7854254222805936,2.584075936059917,1.9264749001730623,1.0,1.0,1.0,0.8,0.8,0.3,163,3453.436470500617,22491483.228577934
30,65,1.9499244139880254,2.5898558467608375,2.83130119758098,2.5983344579849224,1.9244456578410696,1.0,1.0,1.0,0.8,0.8,0.3,165,3443.423732965229,22598605.550512068
30,66,1.937598937904147,2.531009252187174,2.7623768735127348,2.60161913806611,1.900591125252298,1.0,1.0,1.0,0.8,0.8,0.3,166,3691.200503313419,22512373.593414985
30,67,1.939188207991968,2.5395203924667786,2.7723454947047355,2.6051834823738798,1.921814996724889,1.0,1.0,1.0,0.8,0.8,0.3,167,3800.45270338436,22508759.932300515
30,68,1.935597116865824,2.5085993581126855,2.7250473647956044,2.598337988041452,1.959882928041934,1.0,1.0,1.0,0.8,0.8,0.3,168,3297.9705487119872,22499948.41639722
30,69,1.938194587768115,2.534235357827174,2.7661555586263766,2.62382630462237,1.9049664851170414,1.0,1.0,1.0,0.8,0.8,0.3,171,3601.0321404549845,22530469.04949734
30,70,1.9337626046462262,2.52022701560011,2.7608298488040397,2.6150024731734947,2.105596730644205,1.0,1.0,1.0,0.8,0.8,0.3,172,3578.111770517239,22504831.22175783
30,71,1.9332024421879765,2.5280231811162546,2.7810428745722993,2.6350299951507754,1.9907228869364726,1.0,1.0,1.0,0.8,0.8,0.3,173,3554.6018960946008,22508811.42026361
30,72,1.9327040780715563,2.51375035635474,2.7532440669171354,2.633653193143167,1.9226294742744967,1.0,1.0,1.0,0.8,0.8,0.3,174,3546.4245551022177,22507503.575310804
30,73,1.9283879409854119,2.485253944692035,2.7198674533743663,2.6425851682980017,1.9072139927111642,1.0,1.0,1.0,0.8,0.8,0.3,176,3506.531667083816,22492919.75915894
30,74,1.9326901129083496,2.536072374525733,2.8015521558675456,2.650239323114759,1.916858209473325,1.0,1.0,1.0,0.8,0.8,0.3,177,3557.7826970489623,22508723.463919204
30,75,1.9316650445655004,2.507214201361478,2.745588535390101,2.6470921623646055,1.9562579745889006,1.0,1.0,1.0,0.8,0.8,0.3,178,3530.4175676146942,22509015.802989285
30,76,1.9305271412015756,2.5110347515860187,2.7611450673093865,2.677284978325299,1.902584371807093,1.0,1.0,1.0,0.8,0.8,0.3,182,3596.192318297848,22510493.976985488
