Run,Equation_Index,Hybrid_MSE_Train,Hybrid_AIC_Train,Hybrid_BIC_Train,Hybrid_MDL_Train,Hybrid_PSM_Train,Extrapolation_Divergence,Sensitivity_Interpolation,Sensitivity_Extrapolation,Lambda1,Lambda2,Lambda3,Complexity,MSE_Test_Interpolation,MSE_Test_Extrapolation
1,0,0.6431445611099564,0.9015169278652524,0.8356772624440771,0.0037126713552783843,0.0,0.0,0.0,0.0,0.9,0.7,0.2,1,6328.096169968375,6994.644494371916
1,1,0.6940691292919714,0.9605765958803605,0.8939868720195776,0.07014560459434104,0.078733078059198,0.07039654402387599,7.806692045648e-05,0.00013697358343827,0.9,0.7,0.2,3,5988.334115031348,7123.986898293119
1,2,0.7049853112383484,0.9842019501054106,0.9163942872088451,0.1025505269797217,0.14388456211407508,0.09060127439829212,0.0091878115898059,0.0310215930538905,0.9,0.7,0.2,4,5541.561691482352,7255.523004847028
1,3,0.5713994057026054,0.9524464327424222,0.8863478701114064,0.12203442953735731,0.5776089699240771,0.08608014532280392,0.037754940592171035,0.06624354432282525,0.9,0.7,0.2,5,3183.3390862262377,5428.108192069795
1,4,0.5059167947253699,0.9364678499127049,0.8594740831271707,0.16845559009905575,0.38695823133004764,0.08715372352446393,0.07156351571980772,0.18128746361430143,0.9,0.7,0.2,7,2916.637912065059,4295.217858363379
1,5,0.4969372232704235,0.9383329301685527,0.8573062606071505,0.19683404980846667,0.2724926779310615,0.08522860632137344,0.09713264237214611,0.22752654699670752,0.9,0.7,0.2,9,3479.8286901760102,5252.9572115475
1,6,0.4887368328728052,0.9329183971303914,0.8505578916085915,0.20400542698982352,0.21972166733971502,0.08686426714277859,0.0968575963716137,0.23299842961378703,0.9,0.7,0.2,11,1969.510719611833,14168.621696157705
1,7,0.5850066606426075,1.054704045242009,0.9966129653931283,0.33920609914519195,0.33738033911667586,0.06961382854085116,0.23883351986287438,0.36115469805302175,0.9,0.7,0.2,13,6025.922933094537,2837.234247564664
1,8,0.5832797560877493,1.0603019391329087,0.9923757673797314,0.40384789823855594,0.5656809975098159,0.08778278626872223,0.27264209499051156,0.4761986173444971,0.9,0.7,0.2,15,6104.772428213506,2931.9946852391963
1,9,0.5517826501574077,1.026762661245449,0.9539539545301646,0.40326219677548014,0.45958931399878666,0.09448723930713147,0.26337116270245664,0.4533308964731929,0.9,0.7,0.2,17,4136.610689480518,2444.241596441336
1,10,0.5505130338539614,1.0253155063866626,0.9522758395236699,0.4102816761458381,0.3646766534619372,0.09429890356130172,0.26343557522825506,0.4534608954469112,0.9,0.7,0.2,19,4022.337182298674,2484.484196781635
1,11,0.5509114917909599,1.0256565407707656,0.9525442202852037,0.4195773045030503,0.36369070182904045,0.09464086037260197,0.26402235638299854,0.45369349110560425,0.9,0.7,0.2,20,4098.875606357978,2602.981852046018
1,12,0.5225620297658672,1.00499405308792,0.9413469331169222,0.40530937212197227,0.4944548665384253,0.06694121964413095,0.2873928818921837,0.4404299922096942,0.9,0.7,0.2,21,8243.15895072625,2891.007060490753
1,13,0.5235777542012998,1.0013011563440275,0.9344096240926669,0.4246400818307317,0.430569328980766,0.06452042684996505,0.3032352200695383,0.47213308106612695,0.9,0.7,0.2,23,5804.317986028517,2561.1076596304165
1,14,0.5252636859870707,1.0081062116828856,0.9508127157802384,0.44595094008439423,0.4496941328007227,0.06725936895691631,0.31844474219427477,0.48391714039247463,0.9,0.7,0.2,25,8550.443150440198,2987.713378159697
1,15,0.4649093327279631,0.9483776813624282,0.8911500968455364,0.3906814553587155,0.3226461262139395,0.060032704332071564,0.26990157682873117,0.3857679303426527,0.9,0.7,0.2,26,8506.460303215252,2599.891414294479
1,16,0.4958153704835461,0.982131436274249,0.9342453019709716,0.44043358933876575,0.4359119773058129,0.06737390496356062,0.30183062177700204,0.4605595263351671,0.9,0.7,0.2,28,7899.006476560658,3458.1028734563743
1,17,0.45774673379666214,0.9294839016576144,0.8671788451745781,0.40960104585531903,0.3887319397770041,0.06046706269023414,0.2734049812220929,0.42532778530865817,0.9,0.7,0.2,29,7307.2914297927155,3450.47873264765
1,18,0.4861633686730786,0.9672788196774212,0.9172370589156322,0.44671852218213576,0.3918131156284272,0.06317868308554267,0.30292491595919196,0.464279616863368,0.9,0.7,0.2,30,7444.055630945647,2903.1022254951195
1,19,0.478024279622668,0.9537588978234921,0.9016447287108006,0.45229604260330236,0.4026051209158844,0.059957544601741644,0.30439906100111386,0.4665226277653679,0.9,0.7,0.2,32,7690.131884198636,2902.542296279419
1,20,0.48820019069274545,0.9514046135561319,0.8857982015588681,0.4669887777663996,0.3921625964849438,0.06146520355142734,0.3079024653944759,0.5060824827313732,0.9,0.7,0.2,33,6782.236656136689,3256.3461289250727
1,21,0.8758806435604329,1.3451660854372074,1.2907292980810263,0.8606475774048585,0.8399403932818423,0.22240865263609472,0.5216388325064656,1.0,0.9,0.7,0.2,34,10116.158741711388,9425.6006087327
1,22,0.7805563725773468,1.2564712735763657,1.2134367967557915,0.777548053261683,0.7081087483652597,0.1963333460057572,0.425783951770111,1.0,0.9,0.7,0.2,36,8498.607852504074,6007.443138355504
1,23,1.640927062654769,2.090888808919437,2.020719289649981,1.650045111024844,1.5605516388820562,1.0,0.6259944782907843,1.0,0.9,0.7,0.2,38,8595.839919872722,3256.0590994238555
1,24,0.7354821332329935,1.2247219515338847,1.2144036717165432,0.7809934796931299,0.6761004392591705,0.08233903764238659,0.6439025311091745,0.6062551446450517,0.9,0.7,0.2,45,9570.20142699098,3727.4786944710913
1,25,0.7370144767436801,1.2251425217974066,1.2145000963605952,0.7898462523919986,0.6550124889748649,0.08248298454782312,0.646395552951412,0.6084484145454109,0.9,0.7,0.2,47,9561.31839213575,3748.201384023275
1,26,0.7371659518650954,1.2248844092117994,1.2141231205503686,0.8024645333955156,0.6512602147582772,0.082925847906852,0.6464378603936549,0.6084874757475894,0.9,0.7,0.2,49,9705.557712532089,3583.84311730946
1,27,0.7362450257994827,1.2325451852882199,1.2340287606362867,0.8118922449294325,0.6651152759521843,0.08360309937819582,0.6467277158083763,0.60876792929279,0.9,0.7,0.2,51,9633.119897299764,3832.613140724848
1,28,1.0475616061909858,1.4927249536622942,1.4503872828246056,1.155269291348221,1.0044019202345822,0.07960217787318763,1.0,1.0,0.9,0.7,0.2,57,11337.079588677689,2807.411987883761
1,29,1.0391091094021243,1.4646130255348035,1.4172361197573597,1.1770408003521486,1.0140573518214318,0.08106124930614911,1.0,1.0,0.9,0.7,0.2,62,10611.275908947067,3156.212082844278
1,30,1.0088497943329688,1.4318979081237642,1.3839083321596746,1.17534459294431,0.9474528703298171,0.04868662016451417,1.0,1.0,0.9,0.7,0.2,69,15390.119064109016,5234.998447289922
1,31,1.008068944483558,1.4404849567713687,1.4050475911547209,1.1848621403612583,0.9527933258728003,0.04868662016451417,1.0,1.0,0.9,0.7,0.2,71,15325.56946086114,5317.958188428599
1,32,1.0039958136573626,1.4276110741874881,1.390040351740696,1.1839349921047562,1.030307661405879,0.048223615806930534,1.0,1.0,0.9,0.7,0.2,72,14354.33883738282,5603.154041790418
1,33,1.0004950447097274,1.4295847087964282,1.4036485770523568,1.191125601882966,0.9980161849514999,0.04682894195388049,1.0,1.0,0.9,0.7,0.2,73,14033.516645459458,5768.7992379947145
1,34,1.0010633744353217,1.4019120835715773,1.3486067879014019,1.1775352831238433,1.0004751734268982,0.04985681517443951,1.0,1.0,0.9,0.7,0.2,74,14199.007979697251,5958.761703516523
1,35,0.9993519384999763,1.3881019031240596,1.3320090610638489,1.1947762611021953,1.0041830697543983,0.05259758585790013,1.0,1.0,0.9,0.7,0.2,76,13608.983603749535,10557.362024724212
1,36,0.9998981623963656,1.39393576444099,1.3495045921399973,1.207015174312165,0.9770837522410121,0.05531690885933398,1.0,1.0,0.9,0.7,0.2,78,15295.48919162837,10769.357200950337
1,37,0.9982943476350941,1.3900368862997043,1.3450903242097627,1.2158629333432331,0.959406447199838,0.05432870342182962,1.0,1.0,0.9,0.7,0.2,80,14951.993003528318,10700.82117029474
1,38,0.9985680660639054,1.3915231297841466,1.357350651132846,1.2280285983986605,0.9980599872194873,0.05797600404662551,1.0,1.0,0.9,0.7,0.2,82,16003.337898775764,10502.06654939472
1,39,0.9950416003308356,1.3825354208824112,1.3471719233193897,1.239612044664757,0.9620474155007894,0.05571669957406722,1.0,1.0,0.9,0.7,0.2,86,15231.715914005686,10844.247982604322
1,40,1.0043607380395956,1.425109493093948,1.428669543539307,1.3638841715932721,0.9597010343776731,0.0661805909372731,1.0,1.0,0.9,0.7,0.2,109,8794.23912938791,6105.388259922191
1,41,0.9974749242695746,1.409113553340506,1.4213056710172556,1.3635471259388874,1.0470137026909794,0.06430040164345995,1.0,1.0,0.9,0.7,0.2,111,7629.1723900761235,4026.613259309728
1,42,0.9931405147892276,1.3843613935658492,1.3922806404340242,1.3761035980512257,1.0451364987582847,0.06452051292783784,1.0,1.0,0.9,0.7,0.2,113,8002.092321554922,5975.318973310629
1,43,0.9895398164408389,1.3644683889202427,1.369047679071516,1.3777179442500052,1.0257822937111147,0.06408639203656533,1.0,1.0,0.9,0.7,0.2,115,7821.334746314828,5828.936375085071
1,44,0.9958831927743135,1.3674643179481858,1.371363909933486,1.402783230627125,0.978543145936912,0.07182533387814435,1.0,1.0,0.9,0.7,0.2,117,7785.010282005525,5780.627814053751
1,45,0.9879728273684882,1.3481569342635182,1.339017299305597,1.3874972613604641,0.9582712861864651,0.0630730899135597,1.0,1.0,0.9,0.7,0.2,118,7717.383181209467,6380.580817986641
1,46,0.9952504889616225,1.3752621676828853,1.3916013813206034,1.4098471205391612,0.9857997736639073,0.07167941566676861,1.0,1.0,0.9,0.7,0.2,119,7759.938739131021,5795.820228316348
1,47,0.993484730311138,1.3691435062837074,1.384604907753509,1.4121041368814218,0.981421747828314,0.07057650009246734,1.0,1.0,0.9,0.7,0.2,121,7632.205486952586,5949.759447132623
1,48,0.9872583927948442,1.32517907659283,1.3115749245654782,1.3990143463440259,1.0223676313445178,0.06650794194549045,1.0,1.0,0.9,0.7,0.2,123,7984.945537069683,4988.933585259872
1,49,0.9849303710958015,1.3114068362136302,1.306345234715749,1.409005334861462,1.1427097917052607,0.06767943010790248,1.0,1.0,0.9,0.7,0.2,124,7757.031193723972,4877.755047992804
1,50,0.9846650750647996,1.3042621161211476,1.2978611962836692,1.4274189401834574,0.9752364154622459,0.06843061272326284,1.0,1.0,0.9,0.7,0.2,128,7674.260760413978,4803.362045408829
1,51,0.9841877959778915,1.3006632140122676,1.2936564402371236,1.434417227320045,0.9738897367349355,0.06836212322771083,1.0,1.0,0.9,0.7,0.2,130,7676.614758570559,4894.02812137863
1,52,0.9825227100256357,1.2803730629194814,1.2589308265103876,1.4323956688214698,1.0193602787877498,0.06757676996377623,1.0,1.0,0.9,0.7,0.2,131,7554.579755984851,5012.347098535693
1,53,0.979451951519255,1.2781763024118455,1.267748260738142,1.4411462251570486,1.0400049175225572,0.06557378478572251,1.0,1.0,0.9,0.7,0.2,132,7246.870320325116,4989.657187308454
1,54,0.9801392303450289,1.2961672952859544,1.3107629241492875,1.4956398315461874,0.9653125393306725,0.06700763818009595,1.0,1.0,0.9,0.7,0.2,140,7171.091917643597,5046.858925735816
1,55,0.9793622194997322,1.264359269214337,1.273074672842372,1.5025450763340344,1.0826243560130906,0.06981466081407822,1.0,1.0,0.9,0.7,0.2,142,7368.542247943496,5114.297166473772
1,56,0.973674833920515,1.2564487661047028,1.2647464504005046,1.504397988684645,0.9658818210525393,0.06373557476289321,1.0,1.0,0.9,0.7,0.2,144,7183.940876443232,5121.394111190539
1,57,0.9696800025353236,1.2367126540232147,1.2311586411734987,1.4997665667964677,0.988518518061275,0.059778380357397506,1.0,1.0,0.9,0.7,0.2,145,7074.605981784121,5348.290620038972
1,58,0.9720650351901419,1.2569673697530408,1.2765647432535787,1.5373850991216733,0.9739361864823204,0.0628984920850703,1.0,1.0,0.9,0.7,0.2,147,7091.73830598036,4486.718238857771
1,59,0.9734333370522217,1.2404333640345593,1.2457793904108272,1.515359780106414,1.00960943886485,0.06509234962337605,1.0,1.0,0.9,0.7,0.2,148,7247.753862140467,4587.507250188146
1,60,0.9709937798293391,1.2378586338637547,1.2431794622267425,1.5317914712629168,0.9572019686977744,0.06239528460180134,1.0,1.0,0.9,0.7,0.2,149,7046.621428978373,4463.946306758511
1,61,0.9709937798500614,1.2490629825144515,1.2673842277381018,1.5552531047162812,0.9561564999245453,0.06239528459094292,1.0,1.0,0.9,0.7,0.2,151,7046.6214272483685,4463.946310591512
1,62,0.970990440002925,1.2365190123859342,1.2415906800160483,1.5552307853224354,0.9613351650091204,0.06252262354588475,1.0,1.0,0.9,0.7,0.2,153,7013.100858046007,4577.646807804758
1,63,0.9790505019154196,1.266795909816867,1.2978329370160886,1.5601129227557113,0.9646378629255024,0.07149701034810027,1.0,1.0,0.9,0.7,0.2,158,7273.6438554753795,5096.966572995997
1,64,0.9715308444391382,1.290970471944396,1.3606515148014287,1.6114853614160198,0.9606509662645351,0.0633292284215678,1.0,1.0,0.9,0.7,0.2,162,7100.963396002274,4761.276312501997
1,65,0.9699888421159517,1.2461951782930738,1.2860137525429602,1.5973680480787797,1.1148943280946535,0.06353044549611919,1.0,1.0,0.9,0.7,0.2,163,7590.362047498338,5064.942779711408
1,66,0.9788356433055585,1.2482564664108153,1.2868241362798278,1.6098981949150433,1.017278775759518,0.07393627437993688,1.0,1.0,0.9,0.7,0.2,164,7203.502157687723,12532.060298691727
1,67,0.9621813838090381,1.2284557211224338,1.2773854583892963,1.6051701427717178,1.0596589746781029,0.056604684733787644,1.0,1.0,0.9,0.7,0.2,165,7494.16673011415,5050.91683520646
1,68,0.9609551315357125,1.170377755571856,1.198001820048282,1.6016011630445997,1.1213746711453552,0.05840662177725566,1.0,1.0,0.9,0.7,0.2,167,7345.127736500493,5182.024878802625
1,69,0.9609234210037019,1.1809785985137669,1.2214997717185399,1.6216244333253427,0.9546642116087125,0.05840662177725566,1.0,1.0,0.9,0.7,0.2,169,7353.495522995616,5132.485865631728
1,70,0.9617499215873508,1.178461196103398,1.2183781496187465,1.5293156370020597,0.9617900623735527,0.059529730686696036,1.0,1.0,0.9,0.7,0.2,172,7264.301896217085,5222.239452338032
1,71,0.9633057664144347,1.154252805388932,1.2005228653179623,1.6559703190443884,0.9908673171905205,0.06331077092664164,1.0,1.0,0.9,0.7,0.2,180,7199.769859332659,4715.554768224953
1,72,0.963970987451856,1.1455668719169383,1.1901643444386103,1.6677060104169736,0.9717048487622966,0.0645127687429058,1.0,1.0,0.9,0.7,0.2,185,7331.818470948148,5279.939057356641
1,73,0.9650373860761754,1.1678332553495858,1.2382156647652431,1.705875562557018,0.962127573019927,0.0657561735794989,1.0,1.0,0.9,0.7,0.2,188,7319.36226005884,4791.621246208718
1,74,0.9650005301873594,1.1781437145909384,1.261373463910164,1.7264081907916817,0.9653943065740456,0.06575617357949884,1.0,1.0,0.9,0.7,0.2,189,7322.175100045131,4779.686534309889
1,75,0.9633074681706324,1.1524288255386241,1.2093695452106876,1.695091658267503,0.9614720216943213,0.06395193725961305,1.0,1.0,0.9,0.7,0.2,192,7393.492532911425,5193.092420886734
1,76,0.962426038260958,1.2063172801415425,1.3280371218654772,1.7600142480012477,0.9582472356809324,0.0630318728275549,1.0,1.0,0.9,0.7,0.2,198,7226.576534675088,4578.492355489445
2,0,0.6561914119546178,0.9059938119293248,0.8409208212321314,0.004125318391028411,0.0,0.0,0.0,0.0,0.9,0.7,0.2,1,5838.701153768161,7738.23237532027
2,1,0.7225140163524072,0.9819340581855971,0.91599905538975,0.08803149593883994,0.09855078685696662,0.08987579566720164,7.440955467995e-05,0.00016658966063781,0.9,0.7,0.2,3,5679.354008972681,7642.945016623757
2,2,0.7540113100055649,1.027716772891272,0.9604442533328273,0.14322512083280045,0.1891223526294333,0.10800611807934957,0.022430491372228557,0.10829834911869689,0.9,0.7,0.2,4,5822.3512821982295,7059.985935587387
2,3,0.57740623760105,0.9706745830420391,0.9024554696493863,0.15150533316383238,0.7165495296337706,0.11081320709110401,0.04184456055100686,0.09368247359772808,0.9,0.7,0.2,5,3265.6686866489363,5723.367621327269
2,4,0.4785780123778397,0.9175176493212014,0.8375298077435416,0.1653865252417091,0.40332832324123535,0.09269950465145495,0.06982152941436194,0.15508742208952878,0.9,0.7,0.2,7,3422.9398909841925,4470.444789811565
2,5,0.48749990018654066,0.9285325485195665,0.8476610103034139,0.1810869123929268,0.215530954720186,0.092769407207143,0.0839029857381175,0.1863651207998679,0.9,0.7,0.2,8,3308.572999901912,4317.147880922094
2,6,0.45981193266977766,0.9074124711942902,0.8232268370112441,0.18267998405579647,0.3137234524769708,0.0798262452495069,0.09860879068103881,0.18429787981164142,0.9,0.7,0.2,9,3711.3224161299695,5367.1042281542495
2,7,0.44062382388667787,0.8937796034837173,0.8045744361446214,0.20115972994166229,0.2953194301208839,0.08140792003490817,0.1124634629000862,0.20707310786791014,0.9,0.7,0.2,11,2222.7458937491347,3841.525569583164
2,8,0.42920816219014585,0.8948017921816722,0.8160508941683169,0.22188054652143405,0.25005256271690984,0.08356045644473827,0.12136579184594738,0.18966349269446764,0.9,0.7,0.2,13,3977.2989680676897,5390.264802338143
2,9,0.4252969003264586,0.9133449803406244,0.8604357812759857,0.21822795955593174,0.20168329267006518,0.08325758661285053,0.11780200074390837,0.18882322717309408,0.9,0.7,0.2,14,3951.22130659503,5383.738381026376
2,10,0.4104539972160743,0.8760310624178664,0.7937214703378985,0.22857563758537108,0.33863753766444565,0.07944906618529561,0.12378457229537196,0.2097423826980624,0.9,0.7,0.2,15,2412.391741205386,3719.8436869287216
2,11,0.38978159776198756,0.8662790315736973,0.7960865497749177,0.21912281561494173,0.20235436370405419,0.08368912747922702,0.10659891401518524,0.17182432644544615,0.9,0.7,0.2,17,2404.84210360047,3605.822586671703
2,12,0.4125168227274876,0.8772710089048611,0.792958383385736,0.2483661589418349,0.23583833159766707,0.08199535994495186,0.13903499668220604,0.2095917990031894,0.9,0.7,0.2,19,2507.9352284913634,3524.590880666465
2,13,0.40919040626732134,0.8734599949191444,0.7883479899762984,0.25407841518454644,0.2301940902542266,0.08261733854372025,0.13930369721726027,0.21013406772367701,0.9,0.7,0.2,21,2471.6344169475096,3488.071957367991
2,14,0.4325041237934827,0.8958137331753568,0.8093986780135438,0.2878236461057014,0.2971159997242743,0.08237214244063953,0.15002077831720353,0.32354115295898656,0.9,0.7,0.2,22,2476.5015324475303,3379.5327743978405
2,15,0.7833051424305069,1.2569254308493665,1.1819256078549605,0.6590528812574554,0.6726895894245563,0.1320589724752152,0.4059552787674793,1.0,0.9,0.7,0.2,23,3163.516237224464,2497.270088632175
2,16,0.5197104950038872,0.9861606316614844,0.9062244021200614,0.4191279384432437,0.5573554329484661,0.08826810372169766,0.2133817098728353,0.6613640152590818,0.9,0.7,0.2,24,2841.904738382148,2637.568694535067
2,17,0.48273144677168567,0.9593588861480253,0.891696932754641,0.40226850400410913,0.3351524960441262,0.07088899543081147,0.2330757333005863,0.5018143581274265,0.9,0.7,0.2,28,2713.028640665136,2485.992274421532
2,18,1.1231489843700924,1.5986892731246127,1.5305036329234423,1.0484559748470137,0.9745870855384404,0.07744859021080816,1.0,1.0,0.9,0.7,0.2,32,4030.9493324238647,33556.47141927933
2,19,1.120736674891054,1.5950212431270476,1.5261334678027774,1.0565275441057287,0.9844555898748217,0.07792902309167173,1.0,1.0,0.9,0.7,0.2,34,3973.5001121817086,33517.26489323686
2,20,1.0970908273727176,1.5597930341490587,1.477698833034722,1.0322757440895831,0.9557149857248441,0.08619253934124506,0.9567736305862423,1.0,0.9,0.7,0.2,35,4223.553397680983,34281.40490846838
2,21,1.096546900976174,1.5708843980836018,1.509643835304807,1.0475311499829463,1.1765700965173072,0.07339309762582356,1.0,1.0,0.9,0.7,0.2,36,4675.282416450754,34915.3529570833
2,22,0.5493487282167185,1.045222723209875,1.009635909589533,0.520316188066475,0.43358531698539643,0.06746812598937284,0.43585113293807654,0.27097488726382823,0.9,0.7,0.2,37,2685.5275428844543,73938.55654988304
2,23,1.0916771080830232,1.5618883763189677,1.4989458898244572,1.062447795777723,1.0228491118064515,0.07443937401030509,1.0,1.0,0.9,0.7,0.2,38,4577.232328521272,35064.89364758703
2,24,0.5094140693914101,0.9911007440465531,0.9593227907768707,0.513417554055196,0.7273639545871579,0.05691542163697971,0.4194149162655371,0.3177163372115793,0.9,0.7,0.2,39,2594.7879216299057,72572.1165400867
2,25,0.5090191871922978,0.9921139338361308,0.9702954677826156,0.5462570806489344,0.45726348880671575,0.06410946614361326,0.41797892734947534,0.3281995948006084,0.9,0.7,0.2,42,2488.113016332871,71590.6655486162
2,26,0.511732999974556,1.0024230156368832,0.9925304138770609,0.5665057583217179,0.44321603173881335,0.06410379348965356,0.42565930150390996,0.328241227029731,0.9,0.7,0.2,44,2487.602592966964,71614.78090974892
2,27,0.512199084589548,1.0011992701453596,0.9908109683479357,0.5768007500866371,0.4330819201420951,0.0658660730664199,0.4257355377134543,0.32839843927713475,0.9,0.7,0.2,46,2480.6247901608804,71594.91460552523
2,28,1.0407549372243223,1.5067377994929345,1.470170120524263,1.0811475371599295,0.9556269895299405,0.05773641577870061,1.0,1.0,0.9,0.7,0.2,48,2849.525556613854,73658.33500605848
2,29,1.0505387562731163,1.5073287718388104,1.4780980944905822,1.106186669663596,1.090088235531485,0.08268866846146775,1.0,1.0,0.9,0.7,0.2,50,9096.307823044408,73754.23964648621
2,30,1.0514280268513279,1.4893873593081393,1.4451644413954505,1.1132242901490872,1.060128095415962,0.0881255107827065,1.0,1.0,0.9,0.7,0.2,51,8874.280145222074,69589.23079450181
2,31,1.0315778537082685,1.4718456604608263,1.4383581591682624,1.1152249346768395,1.0099787682386643,0.07088121166298945,1.0,1.0,0.9,0.7,0.2,53,3344.211042149912,68579.50942928165
2,32,1.0307876358998505,1.4821997980016288,1.4616976779501096,1.1361027754657083,0.9631853747985473,0.07003436249479085,1.0,1.0,0.9,0.7,0.2,57,3292.935022500229,68550.63127579037
2,33,1.0278158619752424,1.4788031222515075,1.4684314762321693,1.1341352621661203,0.9944536069194292,0.07243324711309519,1.0,1.0,0.9,0.7,0.2,61,3394.26992006475,66401.96876135639
2,34,1.0316467868282206,1.4927808038886285,1.4951492560271877,1.1698075910213892,0.9722364916563431,0.07720424027281844,1.0,1.0,0.9,0.7,0.2,65,3701.081801660081,73355.38597299662
2,35,1.030763391269399,1.5009000927489218,1.5157406226266448,1.1894253069544303,0.9907024326587606,0.07720424014589602,1.0,1.0,0.9,0.7,0.2,66,3701.42957399811,73129.19939039978
2,36,1.0309247266935213,1.4892886279451927,1.490992262240996,1.1862710426158827,0.9754103343071037,0.07763748650227417,1.0,1.0,0.9,0.7,0.2,67,3506.7603616884016,73137.97690208197
2,37,1.029744010146932,1.4870702659298989,1.488524598046803,1.1957821068026473,0.9792874170434649,0.07678996675843446,1.0,1.0,0.9,0.7,0.2,68,3674.472907995848,73140.01507713055
2,38,1.0270473691495425,1.492432348341702,1.5061335928400796,1.1931643310586484,0.9986196021543681,0.07518777296758442,1.0,1.0,0.9,0.7,0.2,69,3554.980852301948,73064.86697364012
2,39,1.0273064308769795,1.4796643142045107,1.4799345887407338,1.2124292272500594,0.9743881744741292,0.07624333949170745,1.0,1.0,0.9,0.7,0.2,72,4112.44290661466,74179.25608750251
2,40,1.358112004975261,1.7923529172312855,1.7988136481171237,1.5859354251866953,1.4538942668772976,0.45540941550988867,1.0,1.0,0.9,0.7,0.2,74,5212.475070874376,75893.58212431768
2,41,1.0226070011181176,1.451987151937584,1.4574432348552258,1.2616270264170317,0.9804931555897902,0.08374335955588665,1.0,1.0,0.9,0.7,0.2,80,2439.830679658377,75489.43024457147
2,42,1.0101928619923861,1.4273972447160246,1.4620582723291997,1.2849222201753456,1.3738000369818317,0.08263337249093297,1.0,1.0,0.9,0.7,0.2,81,6681637.407857104,74893.45208641599
2,43,1.0155021461993938,1.419262742850861,1.4404568688567863,1.2950980418724218,0.9995799968256669,0.08907020024615815,1.0,1.0,0.9,0.7,0.2,82,950661.1128519996,75152.64498545209
2,44,1.0082472976610057,1.4198520318433643,1.4533541896747975,1.2946841198920722,1.0014565800973216,0.08176978402385375,1.0,1.0,0.9,0.7,0.2,83,6680877.475840451,74746.83405837962
2,45,1.0108120740360804,1.406907051584756,1.4265194527873826,1.2955561765968466,1.0138802027845832,0.08560391106275891,1.0,1.0,0.9,0.7,0.2,84,2681.695823903238,75105.95861204722
2,46,1.0030515453104702,1.398241030590322,1.4176701463487558,1.297406696854092,0.9763744658013935,0.07716415396103565,1.0,1.0,0.9,0.7,0.2,85,9676251.350520618,75125.36271415232
2,47,1.0101651545021895,1.3803024761866163,1.3839096539226563,1.3107269186388089,1.0943302828420525,0.08798709346042459,1.0,1.0,0.9,0.7,0.2,86,950056.7976171154,74666.09980230831
2,48,1.0090235277415522,1.3762175552764737,1.3792295868239304,1.3171267935787792,0.9907679794215485,0.08730962727482103,1.0,1.0,0.9,0.7,0.2,88,949804.4181689952,74526.30189070952
2,49,1.0012388816782547,1.3828638998961338,1.410273538818929,1.3227616173756733,1.0048339822091172,0.08019910969262015,1.0,1.0,0.9,0.7,0.2,90,2699.4078550967006,74879.80795714425
2,50,1.004254584008018,1.340452407835435,1.3265065464574424,1.3071379419079774,0.9962995937354389,0.08569534343359007,1.0,1.0,0.9,0.7,0.2,95,2513.367836625521,75113.4723738186
2,51,1.012895176885821,1.383665909170029,1.4196984142277234,1.3692994936979817,1.0286782494010944,0.09704409568884134,1.0,1.0,0.9,0.7,0.2,97,5609.320492903253,77463.21046028374
2,52,1.0004392868702092,1.3200087885864522,1.3027866920593116,1.318349235378732,1.0012840956740077,0.08423569374000756,1.0,1.0,0.9,0.7,0.2,99,2614.774086191652,74712.69217940285
2,53,1.000092971669169,1.319126769769321,1.3126164743317992,1.3327189486049635,1.0081985627416377,0.08565620848377595,1.0,1.0,0.9,0.7,0.2,102,2382.768261466481,74874.91915818918
2,54,0.9979841086213324,1.3102705727770692,1.3024530786111617,1.3416925029305384,1.002526042653943,0.08429698309130476,1.0,1.0,0.9,0.7,0.2,104,2398.275584458532,74528.18212124801
2,55,0.9979287814500866,1.3090418287371022,1.3009975090825303,1.3453035087990812,0.9852409047963924,0.08440333887997012,1.0,1.0,0.9,0.7,0.2,105,2438.267900826192,80794.21457298148
2,56,0.9979937841491622,1.3050989120240355,1.296281487819486,1.3527210965390175,1.0080317750409782,0.08503804740867524,1.0,1.0,0.9,0.7,0.2,106,2372.464547872782,74356.2972457294
2,57,0.9967103421016124,1.3113275956592203,1.3147997938151283,1.369787051015023,0.9854034233014606,0.08412140097994113,1.0,1.0,0.9,0.7,0.2,109,2968.076084815394,74585.50985456108
2,58,0.9799657987160435,1.3409697176175726,1.418463981500585,1.423705113097449,1.0424967299751524,0.0681909851643322,1.0,1.0,0.9,0.7,0.2,111,4843.193891814075,75563.95482756609
2,59,0.9797672113225342,1.335747435780333,1.4122891114887175,1.4347215879523667,0.9811459358905419,0.06857072665789023,1.0,1.0,0.9,0.7,0.2,113,4865.931158309728,75239.47402128117
2,60,0.9795757132899228,1.334418629749461,1.4107449124347993,1.4421870129582925,0.9660342897833953,0.0684916277522367,1.0,1.0,0.9,0.7,0.2,115,4916.585579188118,75237.69238983572
2,61,0.9959316437514334,1.3328258096030399,1.394876827437125,1.4356012504211126,1.0306804126639246,0.08744067090634529,1.0,1.0,0.9,0.7,0.2,116,5057.915012398112,75787.74298328624
2,62,0.991275290071499,1.298547688340099,1.333239250784899,1.4088900878396509,1.0301908648179041,0.08306603707212976,1.0,1.0,0.9,0.7,0.2,117,2964.970808526802,75260.6515654718
2,63,0.9949696503778112,1.330170185525715,1.4027959406396338,1.445705732681103,1.0224968987893361,0.08777896017866735,1.0,1.0,0.9,0.7,0.2,118,4971.4795044300645,75466.68633406424
2,64,0.9893225571658486,1.2970592105175385,1.3427372415728953,1.4181526400558975,1.0124542881240841,0.08202992560946495,1.0,1.0,0.9,0.7,0.2,119,2535.717940033686,74631.80297629799
2,65,0.9942281942949673,1.274256265554611,1.3038574825309002,1.4263533909183468,1.1056440936347107,0.0891014062169059,1.0,1.0,0.9,0.7,0.2,120,2960.972868992433,74789.27918339072
2,66,0.9884977506149148,1.2741434287039717,1.3157084123428244,1.4353099148144683,0.9890663559387245,0.08325327044099964,1.0,1.0,0.9,0.7,0.2,123,2921.0930000625776,75058.3916193453
2,67,0.987811316707923,1.2835139272224716,1.3378670478990216,1.5074525197160387,0.9751133815694744,0.08259401532381629,1.0,1.0,0.9,0.7,0.2,134,4808.860118395226,74418.82903341699
2,68,0.9885197998844912,1.2802500889758885,1.3338677070928722,1.5119162795621093,1.0054015493651771,0.0837385858673733,1.0,1.0,0.9,0.7,0.2,135,4808.82696008037,74417.38900435601
2,69,0.9911015033134645,1.286105695013994,1.3512594568949794,1.5259720621893922,1.0381853343124807,0.08729643196644912,1.0,1.0,0.9,0.7,0.2,136,4859.9261495022565,74317.78085059187
2,70,0.9913926719085622,1.2967502052416826,1.374747765289917,1.53014708238966,0.9853255288515774,0.08769238962400001,1.0,1.0,0.9,0.7,0.2,137,4892.818809504688,74324.21658328906
2,71,0.9868081676473899,1.2798900999492282,1.3446885939937785,1.5013118391051898,0.9830209499955476,0.08269520055642912,1.0,1.0,0.9,0.7,0.2,138,4899.507087976309,75262.6170854931
2,72,0.9858162173272835,1.2831591330317456,1.3596811807291935,1.503886347118883,1.0256767027917106,0.08216446683249924,1.0,1.0,0.9,0.7,0.2,139,4866.736872625312,75391.30036775631
2,73,0.9848044925700958,1.25513301248229,1.3157565030225074,1.5061688909617441,1.0920985027533718,0.08227631708942333,1.0,1.0,0.9,0.7,0.2,140,4424.52551157184,74681.05185426943
2,74,0.9850705988492674,1.274536171745565,1.3605627458767875,1.5262951697366736,0.9867216701862258,0.08281583154627345,1.0,1.0,0.9,0.7,0.2,142,4361.071410090803,74810.32237773904
2,75,0.983449922378572,1.2630693144176808,1.347300261706757,1.5319496948678715,1.0101719429623668,0.08172498982328011,1.0,1.0,0.9,0.7,0.2,144,4299.472567426103,74551.85827211376
2,76,0.986960476739295,1.3210560224106622,1.4809727979463532,1.6846757399841654,0.9883456711903811,0.08649403143453543,1.0,1.0,0.9,0.7,0.2,153,87668.50809929523,74483.38474204946
2,77,0.9862978265662332,1.3128916778943573,1.4714489138340596,1.6915635380588003,1.0053444312495123,0.08624337103123446,1.0,1.0,0.9,0.7,0.2,155,87553.6134098535,74257.50187585162
2,78,0.9792086214425271,1.2924520737512302,1.4376201817271836,1.6660237037205257,0.9866578506185266,0.07850351678331675,1.0,1.0,0.9,0.7,0.2,156,5713.832377413076,86091.90680029233
2,79,0.9833774380520872,1.2952195869008438,1.4511112251744605,1.673567727341913,1.0218640113731572,0.0839021328889337,1.0,1.0,0.9,0.7,0.2,158,5507.253432457396,78137.2680493107
2,80,0.9787070187256137,1.2300168046386184,1.3420671409808302,1.6676132816285254,1.070877752220221,0.08020124987193272,1.0,1.0,0.9,0.7,0.2,160,4301.421858717869,85719.85042942077
2,81,0.9789642373021232,1.2385065917260671,1.3630252509930765,1.6838886566874265,0.9834272662509893,0.08063950896517318,1.0,1.0,0.9,0.7,0.2,162,4313.521618375065,78157.9831265019
2,82,0.978031242131824,1.2452154947284104,1.3820968320698241,1.7030170112353824,0.9783059824032168,0.07978286713502376,1.0,1.0,0.9,0.7,0.2,166,4386.398301477983,78026.41992714076
2,83,0.9821611066072602,1.3143214905460054,1.5398018255769943,1.7676647439144484,1.0010386660538748,0.0850240500141063,1.0,1.0,0.9,0.7,0.2,170,7663.065375645594,76415.4268733229
2,84,0.9849689230035721,1.2926743035939947,1.5027919772231608,1.7615335369844118,1.0762807414406697,0.08874656030454742,1.0,1.0,0.9,0.7,0.2,171,7177.41031571683,85531.16282224187
2,85,0.973214062030578,1.2390479311314082,1.4417369962757125,1.7676577443340842,1.2732432310933495,0.07735838674900565,1.0,1.0,0.9,0.7,0.2,172,23742.30133654205,88029.83868927864
2,86,0.9737928274189003,1.203570523921715,1.3778485495719337,1.771634950869336,1.0682283978831155,0.07847384797167212,1.0,1.0,0.9,0.7,0.2,173,24545.09939767473,88196.63904454604
2,87,0.9765750449489496,1.2255860078758014,1.425304804589833,1.774208018973529,0.9849037305893082,0.08167137078417858,1.0,1.0,0.9,0.7,0.2,175,23564.705222598488,86814.54918698111
2,88,0.9729416480626794,1.1843171957414027,1.355352041268123,1.777835278546193,1.0797764832904257,0.07812303791895456,1.0,1.0,0.9,0.7,0.2,176,23623.16459507788,87987.01748783805
2,89,0.9730294500955794,1.18874625077121,1.371574098874741,1.798090225165993,0.9951826524737177,0.07842930053417567,1.0,1.0,0.9,0.7,0.2,178,24577.35861494053,88112.49141598037
2,90,0.972695935451612,1.1744922141406655,1.3438419093504625,1.7975804815810779,0.9897995316262882,0.07813959019501344,1.0,1.0,0.9,0.7,0.2,179,24549.481663603925,88145.43097679442
2,91,0.9767190305277389,1.2000134367198523,1.3952039749301448,1.8139341646945304,0.977670017718679,0.08263684765060422,1.0,1.0,0.9,0.7,0.2,181,23377.72562407559,87061.42957441324
2,92,0.9711753522512012,1.1808857951989864,1.3626576000954966,1.816545687247392,0.9859688680740568,0.07654697006109488,1.0,1.0,0.9,0.7,0.2,182,24419.5362179787,87789.57680215336
2,93,0.971717085419882,1.1750500158911803,1.3557014727424057,1.8166756440886096,1.0152753652536368,0.07733181389798757,1.0,1.0,0.9,0.7,0.2,183,24583.964621701285,87868.41856461414
2,94,0.9758768855287268,1.2126556408668336,1.4322792642407165,1.8290270045425963,0.9741470561644907,0.08195835358312459,1.0,1.0,0.9,0.7,0.2,186,7344.8965911845635,89415.42609056638
2,95,0.972737537323465,1.216785442297921,1.4597538128542078,1.8318601866115218,0.9800223355157693,0.07888295512030821,1.0,1.0,0.9,0.7,0.2,198,7120.288914890235,80994.04581608498
3,0,0.8893577374420154,0.9738199903148445,0.9203627086272101,0.010360729544651427,0.0,0.0,0.0,0.0,0.9,0.7,0.2,1,2476.329664230657,8284.225276350258
3,1,0.9024516772817972,1.0037043152206169,0.9492668708938877,0.04883770044177841,0.05559397523523751,0.03945945654403858,0.00011592375110809001,6.442396946943e-05,0.9,0.7,0.2,3,2402.9189792846782,8069.217531638076
3,2,0.8511006223201657,0.9826803024316407,0.9263821102093885,0.03999783081590226,0.10133981217210644,0.016395304085963,0.015089625713914251,0.00065428106980675,0.9,0.7,0.2,4,2451.6920959042045,8220.79690507463
3,3,0.6392238251762954,0.9750105495338312,0.9152808972611914,0.1108472009523363,0.7731684941102215,0.04826697799299396,0.07283991919410687,0.04048037339596096,0.9,0.7,0.2,5,1667.5946985626713,5060.923192823444
3,4,0.5522510539842229,0.9566085982443405,0.8862305140665114,0.15663712669307137,0.36318727155309405,0.05131948196576874,0.11898449245124501,0.08411670565322824,0.9,0.7,0.2,7,1579.145554223645,2960.6955991132586
3,5,0.46082872981824974,0.9073410886279493,0.8237141892488146,0.18300104075296464,0.4445487296101958,0.04539132189242688,0.15672233482162964,0.11918640224247654,0.9,0.7,0.2,9,2066.5858980363205,5497.135804918017
3,6,0.47903037617535527,0.9275250001016193,0.8428263609771354,0.21831499196859044,0.21588321253407006,0.044260472248677366,0.19003260229763944,0.13990053286653278,0.9,0.7,0.2,12,2023.990361402436,4557.827077960729
3,7,0.7698160229127835,1.2196122783528023,1.1338060713688074,0.5224649308214272,0.5431717601294745,0.04748334750579869,0.4252939267378236,0.7947556308335879,0.9,0.7,0.2,13,1990.6139585552971,67056.10707435153
3,8,0.47305209893794836,0.9231367345773374,0.8371755256617603,0.22772547807735036,0.20723919410093788,0.04422969924174576,0.1939298642872836,0.14131898578661778,0.9,0.7,0.2,15,2028.9361429187984,5267.271714492339
3,9,0.6148339395560342,1.0890965698007071,1.0274655400077812,0.3911019904112276,0.39092894634442066,0.04586401598252714,0.39707972569310324,0.18948139349227938,0.9,0.7,0.2,17,2286.5281196982523,7675.806478987511
3,10,0.6084627459258941,1.0731703362445129,0.9964361872705261,0.400250448885918,0.450460165555017,0.046940166272249936,0.40430881345755665,0.19711581368242873,0.9,0.7,0.2,18,2246.051334429314,15603.408010590285
3,11,0.5389510254477456,1.0149958652593252,0.9510264291860051,0.3362575231046077,0.30626902836732156,0.0433128966171592,0.32113986985904147,0.164518774054692,0.9,0.7,0.2,19,2122.097385900641,14929.78865965272
3,12,0.5407825109264698,1.01696933600017,0.9527377399139765,0.3479906207455615,0.30553424487660424,0.04349299968904289,0.3250285027747015,0.16762039732792833,0.9,0.7,0.2,21,2129.641470316505,14822.6461384105
3,13,0.5350257139071992,1.0113255028208947,0.9468684945820348,0.3479277536343535,0.30505450724969163,0.04227731017401065,0.3212376134678826,0.16472209134558655,0.9,0.7,0.2,22,2119.400204441511,14823.373453791944
3,14,0.49100578464685424,0.9567220922406917,0.8781777208114097,0.31517668937481796,0.27400845604474927,0.03218526420367795,0.28903092053216806,0.13759547943076195,0.9,0.7,0.2,25,2428.063246077634,6784.975289129061
3,15,0.4902322838954001,0.9672004920746832,0.8988105328332476,0.33767033254011464,0.3321036806972082,0.0328433852257176,0.3064251682119546,0.15321834206102952,0.9,0.7,0.2,27,2207.786253911245,16525.04519221182
3,16,0.46759723331418196,0.9438006737344626,0.8729615728600755,0.3349666658518396,0.3155367513619557,0.03278170259479485,0.2957372875743121,0.14541042901641907,0.9,0.7,0.2,29,2249.529749178163,14603.868505488086
3,17,0.5173580305718498,0.9929402089976279,0.9209965342644851,0.40065846225643104,0.3662360365806809,0.03301326870901842,0.36593657103937527,0.17661679973106117,0.9,0.7,0.2,30,2494.210245452184,16877.597932133394
3,18,0.6281493788229795,1.0916155612997793,1.0051904472752375,0.525647894749958,0.4603387640128077,0.026883616201933108,0.5484114167953476,0.1581746316014136,0.9,0.7,0.2,33,2421.162239466227,6269.204461456907
3,19,0.5944815775345945,1.0656607767321142,0.9890423636928928,0.5164986366320352,0.4856071823190814,0.0264393741981535,0.5196520905542739,0.16828074913466667,0.9,0.7,0.2,35,2199.964141176953,4719.377414485475
3,20,0.6247183891787064,1.0922270973456822,1.012967663468053,0.565299897725835,0.5170449470977276,0.03690565875853976,0.5634204020126015,0.17793352242203614,0.9,0.7,0.2,37,2044.671297985052,15484.553342412975
3,21,0.584570153686417,1.0606926523897637,0.9928413858175675,0.5402662127878843,0.4622372696298852,0.0289833048769028,0.5263584575964183,0.17609569872032355,0.9,0.7,0.2,39,2105.2073883426137,12673.19365748101
3,22,0.599877880394434,1.0741645011845027,1.0052779182839882,0.5677078445370005,0.4703698610772666,0.03252937892186722,0.5446702726925883,0.1936336868448149,0.9,0.7,0.2,41,2021.5681629667656,10973.073542589747
3,23,0.6211154398948334,1.0934177750170966,1.0234737235412057,0.6043312281869508,0.5178668057048118,0.031176510193874678,0.5823262685764001,0.19506651162086297,0.9,0.7,0.2,42,2232.679624821994,14753.64330029218
3,24,1.03888795447856,1.5272747248962733,1.4802969555577419,1.0373461310147944,0.928626914428957,0.31133900036317547,0.6052343307738594,1.0,0.9,0.7,0.2,47,1830.9226575411008,9663.86951539729
3,25,1.0540650236536404,1.540120485790539,1.4921214503814193,1.0588334481817858,0.9642788417877346,0.3283498009609596,0.6102330755796885,1.0,0.9,0.7,0.2,48,1656.3940302225262,7847.258205646275
3,26,1.0539872928876206,1.5511950721732786,1.5161745120756647,1.0676052714989597,0.9231291226817604,0.3283498009609593,0.6102330755796886,1.0,0.9,0.7,0.2,50,1655.6632093648072,7832.352679861297
3,27,0.9730478355398262,1.449980915667225,1.3983098210144649,1.0166028680227612,0.8912482160234843,0.34212583163169524,0.4943822278441143,1.0,0.9,0.7,0.2,54,2200.613211351103,9831.234576221425
3,28,1.283937201485977,1.742300427560541,1.6749193088113248,1.3602084158131575,1.285252874295881,0.30369470838206575,1.0,1.0,0.9,0.7,0.2,55,2024.481268609208,424673110.7253392
3,29,1.2829515572836299,1.7368151329007435,1.66792207838371,1.3599500157701507,1.2069506598089426,0.30740970638741694,1.0,1.0,0.9,0.7,0.2,57,1961.481460722239,424621513.0206232
3,30,1.2770110364309917,1.7203072236761945,1.6480032965988647,1.3680800032896705,1.2497672879462578,0.311197077845027,1.0,1.0,0.9,0.7,0.2,59,2042.66591470277,424597967.63064766
3,31,1.2720341499620462,1.7123837698413567,1.6391574793070176,1.371233909849287,1.2160494241008872,0.30837776784203447,1.0,1.0,0.9,0.7,0.2,60,2011.5520550440065,424615968.6254064
3,32,1.2722164789901214,1.709074463730707,1.6347450644390777,1.383296447011701,1.2285328845401355,0.31185772720049254,1.0,1.0,0.9,0.7,0.2,61,1960.3210034172268,424862060.7240087
3,33,1.2663491648514091,1.7201463543527515,1.670294217123178,1.4162996773954506,1.2357847034628269,0.3091487391626825,1.0,1.0,0.9,0.7,0.2,62,1910.61824368768,425066424.1673599
3,34,1.2645857753477403,1.7112250434433902,1.6593367262504355,1.39480676048021,1.26425002310447,0.3124466210247149,1.0,1.0,0.9,0.7,0.2,63,1889.2647665064585,425128374.0264574
3,35,1.269292994590155,1.6906150870526084,1.6119175572259328,1.3980141527190852,1.2206815585178497,0.31968757248789303,1.0,1.0,0.9,0.7,0.2,64,1860.8786723619207,424851602.8006171
3,36,1.268837641285261,1.6894922827377659,1.6106017210149866,1.3949431970083523,1.1962205964984898,0.31969299410835833,1.0,1.0,0.9,0.7,0.2,65,1884.3820772648503,424579520.4649898
3,37,1.2661194209222308,1.6809031083516917,1.6004263488730184,1.4044478799082663,1.2524505993311799,0.3204402178126811,1.0,1.0,0.9,0.7,0.2,66,1829.5586502714648,424837598.57187855
3,38,1.263115933931531,1.6725895979565644,1.5907012824574767,1.4069787687530235,1.2459289986012874,0.3203617579511091,1.0,1.0,0.9,0.7,0.2,67,1842.5260841215852,424855216.2396029
3,39,1.2652402372112088,1.687271488431284,1.6288366149293778,1.420608977585495,1.2993851261778018,0.328305863060717,1.0,1.0,0.9,0.7,0.2,68,4276.132193751399,6558.139248318703
3,40,1.262978678355208,1.677787806720634,1.6175370195043477,1.431259802996461,1.2212633671375928,0.3295496228091247,1.0,1.0,0.9,0.7,0.2,71,4200.428031652251,6638.930342242695
3,41,1.2335483641401679,1.638938148764256,1.576375088695294,1.4116792586997697,1.2655517354556483,0.3013860666411387,1.0,1.0,0.9,0.7,0.2,72,4233.600804165255,4405.797286395549
3,42,1.2282076058540816,1.6293734709086694,1.5657921905353407,1.4360843333979896,1.1780086604027242,0.2973643464733502,1.0,1.0,0.9,0.7,0.2,76,4854.954155018302,7485.878046546997
3,43,1.2208872575944272,1.612830341098525,1.5470613664209407,1.434582087415118,1.2531898854420636,0.29317696814816613,1.0,1.0,0.9,0.7,0.2,77,4698.216062307592,7580.157797666638
3,44,1.2274757018718663,1.593579673277636,1.5114316684183122,1.4513061611683875,1.3132040583219002,0.30615486984415835,1.0,1.0,0.9,0.7,0.2,78,4038.514634392762,18422.244433482407
3,45,1.2146707937857444,1.581510364726382,1.5205244232190245,1.4526940222336138,1.208935553712075,0.29924213893996265,1.0,1.0,0.9,0.7,0.2,83,4533.729660251171,19702.908056007967
3,46,1.1977564577006823,1.5437410629819992,1.46766213880451,1.440824081374787,1.197277876735877,0.28330164863707724,1.0,1.0,0.9,0.7,0.2,85,4638.2638238878,22590.0440026166
3,47,1.2140103666670234,1.5681717001143685,1.5044415849326875,1.4749063906984599,1.1852875712170754,0.3022260539253747,1.0,1.0,0.9,0.7,0.2,87,4666.090895862029,20300.961061240632
3,48,1.209236335332105,1.5380661958670496,1.4583297942086937,1.4718874751015383,1.2319512961905381,0.3007261539712195,1.0,1.0,0.9,0.7,0.2,89,4629.453256637964,19977.941918864584
3,49,1.183348625961172,1.5101436354813476,1.4406387069701612,1.4685339412345926,1.2608061240310728,0.27521755085677635,1.0,1.0,0.9,0.7,0.2,90,4680.985106649243,20365.290578306725
3,50,1.2041489874042237,1.5160876742254883,1.454252576396037,1.4986787651314384,1.2821634221181686,0.30395760991667453,1.0,1.0,0.9,0.7,0.2,92,4612.444370782816,15533.339086652846
3,51,1.2031845024155385,1.5056292880864695,1.4418855587780957,1.5089532226076348,1.2131686360164038,0.30472035077618437,1.0,1.0,0.9,0.7,0.2,94,4589.55807685291,15443.911244123468
3,52,1.208747913975249,1.501817476690776,1.4362013322586427,1.5221694721940888,1.2585628572279133,0.31263319307418336,1.0,1.0,0.9,0.7,0.2,95,4664.62549502296,15718.838052745288
3,53,1.213906002561114,1.5055419422071286,1.4396441430402838,1.5415230544361866,1.1903303315807714,0.318599291688189,1.0,1.0,0.9,0.7,0.2,98,4611.558095311942,14991.289932059011
3,54,1.2079522099981432,1.5182499287148492,1.4776115558105039,1.543286634744782,1.2115344524488334,0.3126331930741833,1.0,1.0,0.9,0.7,0.2,99,4635.0093419950645,15537.24477160545
3,55,1.1847160078594876,1.464867926916349,1.3857850241410086,1.5162269045866161,1.16952881702613,0.28705273104758444,1.0,1.0,0.9,0.7,0.2,100,4332.081671239404,17544.299801874666
3,56,1.1859693015757191,1.4556469246128567,1.3854308335497487,1.5180597500308335,1.2967687523617013,0.29117676376682844,1.0,1.0,0.9,0.7,0.2,101,4278.78127864771,16903.11749491593
3,57,1.1818771762175884,1.449973645133032,1.3794216653920348,1.5319256368093856,1.1802668783176353,0.2870527310475845,1.0,1.0,0.9,0.7,0.2,102,4292.173951979631,17294.442344276846
3,58,1.1818305848496757,1.4440547370692258,1.3723876328348086,1.5212463263713096,1.1964881525117295,0.2877112066023546,1.0,1.0,0.9,0.7,0.2,103,4292.070516237803,16975.223111594805
3,59,1.191580840165323,1.4264370154954433,1.3278091463713386,1.5276141756172976,1.1790321393792813,0.2992610507415981,1.0,1.0,0.9,0.7,0.2,107,1904.590590755856,9799.013346539305
3,60,1.1714839563384527,1.4011167854871702,1.3123282702826584,1.5318235220436613,1.2801999913020434,0.27918807190193584,1.0,1.0,0.9,0.7,0.2,108,4307.430186800394,12231.439305024707
3,61,1.1755113116750078,1.3680859245044068,1.2613822704320548,1.5188727509904074,1.3585577403234568,0.2868220852432141,1.0,1.0,0.9,0.7,0.2,109,2056.2974031606173,10449.884748160292
3,62,1.173410843179829,1.3604482114788174,1.2527002572578647,1.520176311222459,1.199300773176242,0.28511069225362073,1.0,1.0,0.9,0.7,0.2,110,1889.1863185841853,7971.760150989711
3,63,1.1701228989871235,1.3525245310523,1.2439049874275592,1.5202686609752873,1.1892832424254192,0.2819623081972904,1.0,1.0,0.9,0.7,0.2,111,1845.8937034670284,9923.544776986037
3,64,1.1694389944590733,1.341240537690806,1.2306346924745757,1.5229088110175104,1.2350374973182816,0.2823112939937098,1.0,1.0,0.9,0.7,0.2,112,1888.582197775265,10068.436821594714
3,65,1.1696304020644603,1.3404332795621057,1.2296407389591748,1.5264856053091653,1.161960335073611,0.28262515117211096,1.0,1.0,0.9,0.7,0.2,113,1900.255912742081,10024.882615400897
3,66,1.1693393729609085,1.3512495005200682,1.2534394783891116,1.541359354523584,1.1547987419006032,0.2823112939937098,1.0,1.0,0.9,0.7,0.2,114,1884.9520427153036,10025.62012224621
3,67,1.168517315966144,1.335504784721621,1.224000024250129,1.532122409429996,1.181908338205033,0.2817704141038652,1.0,1.0,0.9,0.7,0.2,115,1907.2130976819549,10071.017203934043
3,68,1.169256962680231,1.3401781411358726,1.2512413743935193,1.5644365901819204,1.1839052259340523,0.2843383428507911,1.0,1.0,0.9,0.7,0.2,120,5091.212756598155,10844.604811753648
3,69,1.168943624005833,1.3597198877774828,1.296311380295441,1.5874735179184,1.1751571225851047,0.2842195705569225,1.0,1.0,0.9,0.7,0.2,121,5475.0382965678855,10908.709210365803
3,70,1.1706718630867854,1.348986724009269,1.2723454123324835,1.5927424182522403,1.167029833981744,0.28625025895500494,1.0,1.0,0.9,0.7,0.2,122,5542.566542073389,10967.908040662474
3,71,1.1668790670217977,1.3465455367852093,1.2920277846251167,1.5973238236251437,1.3135892595394483,0.283796935347571,1.0,1.0,0.9,0.7,0.2,123,6485.359578346075,30489.791414921965
3,72,1.1670360605594077,1.3400941587754887,1.284363237274634,1.60459746050725,1.206880750864361,0.2845005265018159,1.0,1.0,0.9,0.7,0.2,124,6471.518764106872,31348.62857767003
3,73,1.1660900400253675,1.332229576619562,1.2752357867671715,1.6070378536364756,1.2057570948475445,0.28395530463739377,1.0,1.0,0.9,0.7,0.2,125,6519.503953566226,31263.860910806798
3,74,1.1630758399923817,1.3218772315981402,1.263544394265845,1.6154462136763188,1.1804081220033569,0.2811399900624814,1.0,1.0,0.9,0.7,0.2,127,6494.790684749456,31111.67164832568
3,75,1.16414548171848,1.3191600216150907,1.2601374152217357,1.6301644785244525,1.1614020347746177,0.2825967261344088,1.0,1.0,0.9,0.7,0.2,131,6173.481265730336,31525.32442414585
3,76,1.166361608734906,1.296299473369766,1.2107898033556506,1.6228002808278326,1.1667596472391002,0.2852466904482145,1.0,1.0,0.9,0.7,0.2,133,6204.425346011896,31716.78711544182
3,77,1.1627449452680907,1.2918969102308242,1.2062451876176767,1.6311594259744513,1.158377507150022,0.28127664382120243,1.0,1.0,0.9,0.7,0.2,134,5485.474219775022,30927.76074886076
3,78,1.163213896002597,1.2804293189703937,1.1816439776681327,1.626712553374266,1.1590148238970495,0.28184714432531005,1.0,1.0,0.9,0.7,0.2,135,5077.316550760034,30164.23765984744
3,79,1.1610415593084233,1.2677544495785278,1.1670625390196951,1.6277277479374626,1.2300209604277323,0.28013439863597034,1.0,1.0,0.9,0.7,0.2,136,4236.70283987531,30967.283787639517
3,80,1.1642262773738468,1.2967081670360026,1.2335977888876237,1.6668806035675472,1.1750330292371316,0.28417122950895785,1.0,1.0,0.9,0.7,0.2,139,6216.364231630072,31445.26604560951
3,81,1.1620840290081835,1.3052613256333732,1.2550595025293345,1.6841498362052492,1.1545624968801675,0.28182212989902805,1.0,1.0,0.9,0.7,0.2,143,6241.072743205893,31543.155591524952
3,82,1.160176546574541,1.3022130252710824,1.2518044029052613,1.6895977165036091,1.160585628211266,0.27977663323726387,1.0,1.0,0.9,0.7,0.2,144,6193.595306186884,31799.81530268407
3,83,1.1600291218379304,1.2931243545932392,1.2411015892524648,1.6890518621127955,1.2176077824842375,0.2801508435857272,1.0,1.0,0.9,0.7,0.2,145,6165.468892671036,31605.88952215412
3,84,1.1619763491376176,1.293389291683418,1.2410631593673427,1.737357163320642,1.1552522615577083,0.2824135927780581,1.0,1.0,0.9,0.7,0.2,154,6777.740033249494,34038.238280293226
3,85,1.161972272075109,1.304512432067311,1.2651729131491445,1.7520003709010883,1.1543842033530154,0.28241359277805833,1.0,1.0,0.9,0.7,0.2,156,6777.490426020997,34079.08031525767
3,86,1.161910324794091,1.2975019154943197,1.2569106121823423,1.7606952165251497,1.2048840761685642,0.28274609734212286,1.0,1.0,0.9,0.7,0.2,157,6759.460065075135,31637.77987710398
3,87,1.1623503836360025,1.2982215239694346,1.2686668523499736,1.769587952841565,1.2399395677754566,0.2838376321883867,1.0,1.0,0.9,0.7,0.2,158,6802.059900997071,34490.37596136312
3,88,1.1664754871989196,1.311681694092088,1.294790139137419,1.8183062202686329,1.1625721388371784,0.2885335895927351,1.0,1.0,0.9,0.7,0.2,163,6802.152709653429,33728.907357804695
3,89,1.1645006914788223,1.3071980748430165,1.289855214025421,1.8199439277898937,1.1772100976627573,0.28647927756235586,1.0,1.0,0.9,0.7,0.2,164,6925.461707249999,34051.984616527174
3,90,1.1645234386262378,1.3057436659655985,1.2881366623789954,1.8236053773234828,1.1681086113756107,0.2865774746876273,1.0,1.0,0.9,0.7,0.2,165,6909.210455295708,34107.17259220297
3,91,1.1640286008671596,1.3053358294523913,1.298740707385689,1.8467586493659673,1.1974536448994266,0.2865774746876273,1.0,1.0,0.9,0.7,0.2,167,6907.741281556046,34404.05970312928
3,92,1.1639488302768957,1.305027800993527,1.2983918939223282,1.8466675112863156,1.1582655341902244,0.2865001212928332,1.0,1.0,0.9,0.7,0.2,171,6779.13453303198,33423.26323702989
3,93,1.1671755184944808,1.3067231056048134,1.299812801872369,1.8666716226227151,1.1650412813456692,0.29016410645876733,1.0,1.0,0.9,0.7,0.2,174,6732.997726297375,33324.0321590911
3,94,1.1628319600152295,1.2944670103061686,1.286143404939939,1.8656641134667933,1.2142913438622205,0.28571515961152494,1.0,1.0,0.9,0.7,0.2,175,6824.894903924498,34009.20130659267
3,95,1.1645212348971619,1.3107425324870359,1.3270245719309706,1.8800079882392324,1.216070521444407,0.2879543410911059,1.0,1.0,0.9,0.7,0.2,176,6777.021239890208,26189.64017354471
4,0,0.8021607911716064,0.9507901779016893,0.8933888889545047,0.00824319303519446,0.0,0.0,0.0,0.0,0.9,0.7,0.2,1,3753.92073634071,7410.693878293279
4,1,0.8760225357100937,1.03226740164135,0.9743598740542574,0.09580460179739052,0.09476992840946158,0.09369478138847172,8.747159149222001e-05,0.00023335821689445002,0.9,0.7,0.2,3,3958.795927546421,6862.047535684059
4,2,1.671594087362394,1.953183516279031,1.885979217123669,1.068448383599159,1.4604663918927183,0.3971463261430096,0.7174334184462141,1.0,0.9,0.7,0.2,4,3659.968685104716,376024.5898549557
4,3,0.6335495330028763,0.977865677782871,0.9170846743500324,0.12093848428948853,0.3587635989130875,0.04541492374557134,0.09177382814576324,0.03201574149782202,0.9,0.7,0.2,5,1959.498479403781,4287.403531135229
4,4,0.6346263330730728,0.9790770567502556,0.9182786448826468,0.12706071012109293,0.11353411912361815,0.04541811344422379,0.093475712718907,0.032609452119399966,0.9,0.7,0.2,6,1948.0924863103749,4271.230351113555
4,5,0.5578799925996046,0.975042896325547,0.9022378883776667,0.18801045515314924,0.6755751950041765,0.05442966673582496,0.14713211609714316,0.1346346046782348,0.9,0.7,0.2,7,3947.291066152824,7433.902147918459
4,6,0.5289723291684116,0.9649766136828917,0.8862774476232926,0.21454622481947438,0.32061488009487527,0.0587937070883255,0.1751943341204819,0.13852929451072984,0.9,0.7,0.2,9,2048.005418912624,4903.349108828619
4,7,0.557520654654689,1.0005907503758635,0.9189392377772689,0.26928859797655685,0.3761696118038707,0.0756797654800475,0.20100913476183302,0.2364596518463172,0.9,0.7,0.2,10,3190.539218605925,9185.377117421192
4,8,0.46812055310313616,0.9293136051500746,0.8568089302042341,0.21178276509491517,0.35497906550390707,0.04938585679095679,0.1735300093323085,0.15106962442396427,0.9,0.7,0.2,11,2764.677099233155,4646.19599991217
4,9,0.5339312621816689,0.9863607579767871,0.8980949604380934,0.296032097075597,0.38968201014701537,0.08465541605905151,0.21574244822728422,0.26646167269563403,0.9,0.7,0.2,12,3195.395150471015,16834.465079709753
4,10,0.5339234955296334,0.9863540903498678,0.8980872177687275,0.30224856769968894,0.28054947532734176,0.08465541605905152,0.2157424482272831,0.2664616726956357,0.9,0.7,0.2,13,3196.7646859563847,16826.15211410814
4,11,0.505838182124222,0.9601434312884084,0.8686437480393,0.29317951442313644,0.4050099143000624,0.08562853741472844,0.2038846415409036,0.26691618784724697,0.9,0.7,0.2,14,2415.4888598473817,17812.982704310234
4,12,0.4895626870459675,0.9441616047819985,0.8501708205202241,0.29687019669896564,0.32252886799237757,0.08625619847034516,0.20032133976547212,0.2693834144569568,0.9,0.7,0.2,16,2426.921770601072,18110.10299437986
4,13,0.49107152067595716,0.9451435089343599,0.8489306017397908,0.31632102050184707,0.33099933098208634,0.07077768057112986,0.23998323924227655,0.27000477269354073,0.9,0.7,0.2,18,3025.51291845904,16575.15249574486
4,14,0.4448639417902712,0.9079608321132053,0.8213121454280885,0.3039197556436911,0.32744444199450234,0.058112684437242566,0.22466189489885777,0.2390192313882656,0.9,0.7,0.2,20,1986.112450380556,23745.6693255165
4,15,0.6496496421795513,1.1095173889682193,1.0198133979377013,0.5519706602213592,0.5183024605168983,0.0451657412189842,0.3406899506343847,0.988171929478548,0.9,0.7,0.2,23,2039.9315248873595,1069781.469080275
4,16,0.671872957596066,1.1313554159407337,1.0413434796333687,0.5784220762797938,0.5066922138641561,0.04445444771936965,0.3719893619985599,1.0,0.9,0.7,0.2,25,2047.002898703468,1134928.7359745137
4,17,0.6628494396717637,1.1222178247447228,1.032119859326145,0.575692334892815,0.4952488177354188,0.04472575022978572,0.3593051391417287,1.0,0.9,0.7,0.2,26,2045.98873251691,1109174.4238603646
4,18,0.6689440122459533,1.127569701404027,1.0369070769778532,0.5840437715437408,0.5234938749917597,0.04438084447368666,0.37210445176115087,1.0,0.9,0.7,0.2,27,1999.9140462537675,1135149.892113844
4,19,0.42890031274117435,0.8965158160517327,0.817300531371819,0.3500315125984538,0.3308879896834697,0.04770783668455325,0.2509253304749538,0.24321099112933608,0.9,0.7,0.2,28,1914.6063490520323,23079.62560387315
4,20,1.625118409589542,2.090782084104772,2.0103702722512047,1.5761421802557667,1.4846368452998382,1.0,0.5264000983064794,1.0,0.9,0.7,0.2,31,2035.361584859696,3820713.45034074
4,21,1.5961141926769213,2.0805545166485846,2.0241018262263117,1.5611552394926596,1.4893836092054666,1.0,0.4968095967456955,1.0,0.9,0.7,0.2,33,1853.63948384959,3933914.822233501
4,22,1.6102864427522081,2.0925779775328484,2.035017952195666,1.586929760627337,1.4888349089008042,1.0,0.5232227087212602,1.0,0.9,0.7,0.2,35,1929.8539355982996,3816882.982311548
4,23,1.930081016546219,2.3928512781541613,2.318477486745272,1.9217643823464796,1.9555201730960945,1.0,1.0,1.0,0.9,0.7,0.2,36,2088.488881605953,3829310.19698544
4,24,1.9264106703351627,2.3866059342734403,2.3111625670544695,1.9274639772509161,1.8218123867919946,1.0,1.0,1.0,0.9,0.7,0.2,38,2039.88817098712,3831894.262602876
4,25,1.9180855473449197,2.3941979678269902,2.3422181514153797,1.9428121051921379,1.8518524151503966,1.0,1.0,1.0,0.9,0.7,0.2,40,2208.6702968462696,3931025.389646505
4,26,1.9176805763798321,2.3822239356693684,2.317111824224083,1.9383326248460782,1.8052230495575377,1.0,1.0,1.0,0.9,0.7,0.2,41,2034.9717897283008,2378070.5668767085
4,27,1.6756959727174843,2.1608288577720556,2.1210489815082396,1.715567742858241,1.587307360786292,1.0,0.657289183382112,1.0,0.9,0.7,0.2,42,2322.6285244559253,3946567.494137041
4,28,1.9040795801790917,2.3779296420039984,2.3342456953711044,1.9590825062013817,1.8796091583787509,1.0,1.0,1.0,0.9,0.7,0.2,44,2377.749640216291,3945583.4282342033
4,29,1.9001631221296642,2.347206413915167,2.2760973298157996,1.9483709661950557,1.8290358237420377,1.0,1.0,1.0,0.9,0.7,0.2,46,1847.459325632736,2391378.151319665
4,30,1.8979901111120345,2.342456157147419,2.270533500102558,1.954566079155674,1.8165881939863222,1.0,1.0,1.0,0.9,0.7,0.2,48,1873.7948003043089,2391365.4445237587
4,31,1.8976476968468825,2.341973010642986,2.269967629080469,1.9726589092884508,1.8052931671535621,1.0,1.0,1.0,0.9,0.7,0.2,49,1574.432393680012,2400528.986474728
4,32,1.6324085351131046,2.094995030074222,2.04775017367398,1.7175153055640686,1.5865611898638396,1.0,0.6255116088138359,1.0,0.9,0.7,0.2,50,1300.002794704195,2542752.8012107625
4,33,1.8882952926744825,2.3199547969087857,2.2441787002840243,1.9682328337880817,1.9032342320381213,1.0,1.0,1.0,0.9,0.7,0.2,51,1716.1067394280774,2397112.532457625
4,34,1.6271252221753743,2.0781897863293697,2.027551336389934,1.7347748306806312,1.5525948454124539,1.0,0.6298124681403946,1.0,0.9,0.7,0.2,54,1293.9813519858722,2544879.9088555174
4,35,1.603347564965512,2.0405464265883886,1.9761521327147584,1.7157358096055664,1.5496450978064746,1.0,0.5983417722192519,1.0,0.9,0.7,0.2,55,1410.0229053892467,2544187.73725194
4,36,1.6276488352346612,2.071246682798244,2.0185140346191157,1.751777115359752,1.5734373161541144,1.0,0.637362931337784,1.0,0.9,0.7,0.2,57,1889.9810893110807,2544207.1056169835
4,37,1.6296782921358965,2.071331187907641,2.018064419667371,1.7649926251161718,1.5602481987751062,1.0,0.6419392396582357,1.0,0.9,0.7,0.2,59,1897.1708492158969,2544235.7388616446
4,38,1.8706798925745958,2.283372434406152,2.212412955664294,2.017540466386271,1.9913816977910608,1.0,1.0,1.0,0.9,0.7,0.2,60,4463.669496306078,1635890.625375397
4,39,1.8703477939449653,2.28237143554435,2.2112405974138696,2.027520175409039,1.803513126236677,1.0,1.0,1.0,0.9,0.7,0.2,62,4500.120916002398,1645658.7574115372
4,40,1.8612218940441687,2.2642611350438075,2.201110626866196,2.0481273761777947,1.8344375509539,1.0,1.0,1.0,0.9,0.7,0.2,68,3731.4984560590287,3426912.4032042176
4,41,1.8580311420038453,2.2526447612327076,2.18750491954776,2.040445090413289,1.8791948089791868,1.0,1.0,1.0,0.9,0.7,0.2,69,3929.4767894525817,3396172.0353880017
4,42,1.8497330641775973,2.220152218503263,2.149447796757816,2.047645532730416,1.9134803890384446,1.0,1.0,1.0,0.9,0.7,0.2,71,3838.9735223870985,3398711.527530843
4,43,1.8487832917179656,2.1937321742490266,2.096339580880121,2.043901847033302,1.8282108695030965,1.0,1.0,1.0,0.9,0.7,0.2,72,3357.626092919268,3414170.252584096
4,44,1.8468815914789845,2.2078119797594784,2.1349941359121933,2.0499101340030608,1.8580519042384875,1.0,1.0,1.0,0.9,0.7,0.2,73,3927.873213810272,3407090.731504731
4,45,1.8454018353585695,2.190024973682107,2.103079246483417,2.062902270362642,1.8233583948284078,1.0,1.0,1.0,0.9,0.7,0.2,75,6280.903664175449,1167223.3475022423
4,46,1.8409541951900585,2.168507857755583,2.077877120162685,2.071084855707548,1.8747144805577065,1.0,1.0,1.0,0.9,0.7,0.2,77,6570.749417049793,1215471.813222005
4,47,1.8375341554498814,2.1505486901318696,2.056842387204071,2.0762294914379202,1.8627331945312295,1.0,1.0,1.0,0.9,0.7,0.2,79,6029.914324081407,1151230.5943041672
4,48,1.83510795686734,2.136911341505165,2.040869522766794,2.085172004452555,1.89552982456642,1.0,1.0,1.0,0.9,0.7,0.2,80,5762.279451450012,1223296.4614282218
4,49,1.8338784288519874,2.1296024256484802,2.032308886314123,2.0810902863250402,1.8507309615841512,1.0,1.0,1.0,0.9,0.7,0.2,81,4409.128491521768,1467479.3846082026
4,50,1.8307116644330177,2.1097315297117576,2.009034947128723,2.0860530177660133,1.8693921400884888,1.0,1.0,1.0,0.9,0.7,0.2,83,4124.6487681198505,1482995.143336656
4,51,1.8268441956716706,2.060393825948438,1.9290844057258483,2.0888370939735244,1.8470245191420482,1.0,1.0,1.0,0.9,0.7,0.2,87,4103.120164659695,1483602.7730313437
4,52,1.8261372982542843,2.0551000721044015,1.9228841023444407,2.0949814768805273,1.8123217290183635,1.0,1.0,1.0,0.9,0.7,0.2,90,4022.7929571131695,1523598.669681966
4,53,1.8261027124703673,2.0660430155966907,1.9467828355781167,2.109351246955677,1.8009153790238865,1.0,1.0,1.0,0.9,0.7,0.2,92,3994.763514793934,1523268.708945687
4,54,1.8259271708448923,2.0535345474967976,1.9210504020217027,2.1081126357934306,1.8093264308322003,1.0,1.0,1.0,0.9,0.7,0.2,93,4309.874139910491,1475030.7593211543
4,55,1.8258222586045103,2.0639045879684383,1.9442781476542792,2.11586665709325,1.8056028139655182,1.0,1.0,1.0,0.9,0.7,0.2,94,4040.3068576429528,1522856.2344914218
4,56,1.8233779689627136,2.0443795538075356,1.9214093206778744,2.118434237556999,1.936512087412899,1.0,1.0,1.0,0.9,0.7,0.2,95,3858.1538771947767,1475779.847151424
4,57,1.8233324848613284,2.088794497327179,2.0177576547113287,2.176094580839828,1.8002953393060965,1.0,1.0,1.0,0.9,0.7,0.2,104,3155.322135305011,2406316.3013460687
4,58,1.81887912115766,2.036824790578814,1.9458059469212454,2.171452733709332,1.9423638658609368,1.0,1.0,1.0,0.9,0.7,0.2,106,101181.10617842074,2774800.267840656
4,59,1.8167367812085127,2.0254250291601825,1.943535638785314,2.188648398447891,1.8526445080807419,1.0,1.0,1.0,0.9,0.7,0.2,109,99272.61334041094,2772889.814104682
4,60,1.8164870266610273,2.022650270573155,1.940285686127144,2.1954731920623543,1.8097461448262906,1.0,1.0,1.0,0.9,0.7,0.2,111,99866.18827607646,2771901.16180439
4,61,1.8153444735559565,2.009392805716037,1.924757828330847,2.204855774298454,1.8924116012474805,1.0,1.0,1.0,0.9,0.7,0.2,112,101043.45342740792,2773491.0536507363
4,62,1.8146108512772974,2.011670911580001,1.9385077592701732,2.2111120244345335,1.8311744632256615,1.0,1.0,1.0,0.9,0.7,0.2,114,100521.96156015983,2773179.931695689
4,63,1.8142415075064235,2.0294468049458407,1.9814914507150878,2.2410577784469643,1.816178645699204,1.0,1.0,1.0,0.9,0.7,0.2,116,102045.04250528544,2772181.1085495087
4,64,1.8135461547355114,2.009264582121442,1.9467709591107005,2.247443534837273,1.8313953748984686,1.0,1.0,1.0,0.9,0.7,0.2,118,104709.61290246509,2834415.942678672
4,65,1.8135156997819653,2.020062889399029,1.9705004690876549,2.26636499750252,1.8014040096220636,1.0,1.0,1.0,0.9,0.7,0.2,120,104695.94232163456,2834355.7376468563
4,66,1.8123240684742272,2.0485514366812656,2.0481948753764874,2.3235248552686274,1.8228084241025053,1.0,1.0,1.0,0.9,0.7,0.2,125,4360.468471249218,2460494.6135838185
4,67,1.8122671227475526,1.9805059104665927,1.9020055350899743,2.273390125807968,1.8028306299174128,1.0,1.0,1.0,0.9,0.7,0.2,127,2400.004320938659,2488604.120507246
4,68,1.8086518606176527,1.9667582895485376,1.9302304520235989,2.290905126164368,2.2093830134795462,1.0,1.0,1.0,0.9,0.7,0.2,128,2100.496940796485,2515553.485489846
4,69,1.808086183598536,1.9559745142783382,1.9175998617342975,2.301060161187804,1.8249938147057552,1.0,1.0,1.0,0.9,0.7,0.2,131,2013.7145966490684,2519633.956654028
4,70,1.8079353314826263,1.9530219523068064,1.914141710009211,2.3045078724588093,1.810309440747506,1.0,1.0,1.0,0.9,0.7,0.2,133,2025.9012195576167,2519683.836157494
4,71,1.8078681050119678,1.9628973916328976,1.9367900677562306,2.320447396782412,1.8092655443512717,1.0,1.0,1.0,0.9,0.7,0.2,134,2035.0538598611445,2519479.41683828
4,72,1.8077059605431758,1.9484606116350944,1.9087992681471435,2.318118229975428,1.8032297307816008,1.0,1.0,1.0,0.9,0.7,0.2,141,1292.7812247813656,2521030.012709008
4,73,1.806351752362411,1.9531269246895813,1.9475098591083513,2.3710600304139318,1.9013632153003381,1.0,1.0,1.0,0.9,0.7,0.2,143,7025.958714562157,2500894.803972333
4,74,1.8055887212254453,1.9460771059763735,1.9503343586464816,2.4597123814285586,1.805770026129801,1.0,1.0,1.0,0.9,0.7,0.2,165,7126.705970870593,2687140.15905576
4,75,1.8051948643951317,1.9360832735312734,1.938629082962177,2.469953549620421,1.8698244972814624,1.0,1.0,1.0,0.9,0.7,0.2,166,7072.474399752074,2686971.7278645234
4,76,1.8049716991027,1.930209179698102,1.93174893384099,2.476849140519599,1.8204966697075984,1.0,1.0,1.0,0.9,0.7,0.2,168,6965.437521418309,2685929.826542914
4,77,1.80496799131863,1.9301205344530383,1.9316451951946632,2.484286486049651,1.8003451738873764,1.0,1.0,1.0,0.9,0.7,0.2,170,6982.20181945884,2687319.425475452
4,78,1.8044973005186773,1.9508144549022657,1.9891281504954452,2.5149193693579255,1.8450948388495434,1.0,1.0,1.0,0.9,0.7,0.2,172,6992.765177201351,2686123.9670664435
4,79,1.804489016437427,1.9617844108318163,2.0130586417966874,2.53556749719385,1.800814122621969,1.0,1.0,1.0,0.9,0.7,0.2,174,7030.280215869703,2685752.2768933857
4,80,1.8043317146213425,1.9572943624786985,2.007799663285745,2.5428052125393625,1.8156738284753684,1.0,1.0,1.0,0.9,0.7,0.2,176,7054.994078478512,2688456.2390108537
5,0,0.6082461388547634,0.8890836842741882,0.8211147449164453,0.0025701283600943494,0.0,0.0,0.0,0.0,0.9,0.7,0.2,1,6548.559839128705,7949.630026841793
5,1,0.6494366982351535,0.9393771763721949,0.8704897355387771,0.06112900494537769,0.07438583944760059,0.06174640415969551,9.799641766906e-05,8.14820591139e-05,0.9,0.7,0.2,3,6385.956396009149,7831.4716797377405
5,2,0.6076792144763461,0.912204722273334,0.8417722148162663,0.04447516801101107,0.10062933326808006,0.03033653889744859,0.01410778814344465,0.00164181407894401,0.9,0.7,0.2,4,6189.284138990312,8153.5815942592335
5,3,0.8227880721767251,1.1520596541218049,1.0787446252582977,0.30385554485053934,0.41195546665276955,0.01540158793765382,0.3930626752851636,0.02593650242472741,0.9,0.7,0.2,5,5802.47726154762,8040.831517271692
5,4,0.5491657948852391,0.9342473744904386,0.8823030236680552,0.11218986823452372,0.26974257146402036,0.06842259628360924,0.02314442352358241,0.01614564529266829,0.9,0.7,0.2,6,4595.335725600586,7040.523422620817
5,5,0.5196886125804813,0.9509742510640768,0.905646876746673,0.16267684123494053,0.2539876436862682,0.08571629142617408,0.04031862358961852,0.09219824158117643,0.9,0.7,0.2,8,3930.247297800598,6197.821778566593
5,6,0.5159837955859923,0.9472539111075411,0.9019172821101624,0.15899360782859498,0.12029271637724795,0.0856144563010399,0.03714575616038756,0.08543081506048625,0.9,0.7,0.2,9,4019.6013737543135,5852.2448163395175
5,7,0.5430707008251753,0.9880669118952816,0.9394054274164607,0.21743831790166018,0.3159787353903658,0.08570646895054898,0.08771897397202058,0.20914674461154528,0.9,0.7,0.2,10,3266.4287321377674,5441.664564452776
5,8,0.5291362745837591,0.9929830748047127,0.9550917082522651,0.23934195351733303,0.27805333700702123,0.04285031606140585,0.18771014812984171,0.08571073870386989,0.9,0.7,0.2,11,2570.0123315067003,9362.792035819928
5,9,0.4936433360451811,0.9633438900997784,0.92345637015498,0.21566470505069166,0.2505227158432154,0.060174150792315015,0.10797223552283271,0.19691702193392305,0.9,0.7,0.2,12,2610.373195706202,4445.656210761883
5,10,0.46078361405800505,0.9314568229736695,0.872749131490592,0.21923517049776783,0.4198272850677094,0.04081843000958058,0.1762946698605939,0.11138644779110751,0.9,0.7,0.2,13,4555.215402175225,131116.28977856174
5,11,0.4887457933536855,0.9622016998104144,0.9013766983614313,0.27897440854302646,0.2543495242343012,0.04751927066085871,0.1969571966611156,0.22445480019631298,0.9,0.7,0.2,16,4350.684023844607,131344.20659696238
5,12,0.4932560054230348,0.9902314675524458,0.9554286376747515,0.3030572654114585,0.23683008256192342,0.06335829088008524,0.20720478463821138,0.14479996566947592,0.9,0.7,0.2,17,4287.113675752175,150739.5684221392
5,13,0.4231439370883885,0.9197224886206109,0.8842196875550852,0.24683241701523437,0.17555141037557961,0.06455415123884875,0.1254074251317411,0.09360158899896348,0.9,0.7,0.2,19,4095.100934444104,80889.20857713198
5,14,0.45490066047412886,0.9654640757251761,0.9379576875738332,0.3060629316858291,0.3303070029723535,0.049334140827198905,0.21534100539937978,0.1661065511682974,0.9,0.7,0.2,21,3832.400646130841,117678.87760347864
5,15,0.45432888714083547,0.9649051918175364,0.9373031695490959,0.31196497598756495,0.23225675997595419,0.049334140827198905,0.2153410053993797,0.16610655116829715,0.9,0.7,0.2,22,3867.389860235413,116585.6381323506
5,16,1.1773670082712013,1.6646701117689504,1.6066227492682434,1.0636583039316936,1.1577321127566318,0.08498363876985607,1.0,1.0,0.9,0.7,0.2,23,4398.821504038895,7714.384329694129
5,17,1.1541141967133774,1.6563758501602894,1.6168787454641553,1.0948887523621427,1.1412244005530734,0.09921029496487944,1.0,1.0,0.9,0.7,0.2,25,3676.6380233576433,8490.33696926804
5,18,1.1212245102385165,1.6149833760221899,1.5705529364279944,1.084906329826844,1.077328388368259,0.08522554577504202,1.0,1.0,0.9,0.7,0.2,27,3659.8675349963696,6907.499380738474
5,19,1.1193162444876905,1.6126856728467938,1.5680607362550296,1.0920688663951843,0.979499854394736,0.08393483230027782,1.0,1.0,0.9,0.7,0.2,29,3602.7315901820307,7015.434637508418
5,20,1.0890634354020594,1.6116727359885898,1.6039739895567415,1.0756947948136502,0.9953336284396077,0.058927464957926834,1.0,1.0,0.9,0.7,0.2,31,2957.6952957454296,11974.083405349404
5,21,1.1259604569337844,1.6470008395220967,1.638600774182261,1.1192426782650948,1.006763801157055,0.10273142622999198,1.0,1.0,0.9,0.7,0.2,33,3222.101368186577,14321.050167364596
5,22,0.8594737665174024,1.396323640241787,1.4111705161977934,0.870448760135792,0.8477707870227285,0.06596952261560567,0.8215522820202036,0.5049776768299521,0.9,0.7,0.2,34,2994.381103713759,15212.76589277737
5,23,0.8595569450425267,1.39554757941884,1.41005493402419,0.8747019471277779,0.7435796210305857,0.06470006409141857,0.8243514349518424,0.5069194557317009,0.9,0.7,0.2,36,2888.4215755843243,15105.104868880366
5,24,0.8550497041334761,1.401110930704633,1.4281772138295217,0.8858186750357738,0.7426073967580912,0.06380765429081674,0.821637381437483,0.505128793877501,0.9,0.7,0.2,38,2974.5804315151554,14971.967237120338
5,25,0.9851182122469062,1.5125107903961823,1.5238101699885753,1.0216005327544548,0.9851980930753127,0.03023400778780886,1.0,0.7257224287517878,0.9,0.7,0.2,39,3381.8501036321272,13449.210110959555
5,26,0.9892793779678086,1.510899895154577,1.5295836681788773,1.0541110610342037,1.0068417743528415,0.04851232077355283,1.0,0.7433669883971137,0.9,0.7,0.2,41,3122.716227208226,14588.358496725788
5,27,0.9906302053848037,1.4992524019412885,1.504382388298906,1.063150190540499,0.9026435515765343,0.04962748933331003,1.0,0.7522874703851042,0.9,0.7,0.2,44,3068.0262124023475,14787.182840545458
5,28,0.9862129220699668,1.5152297421731857,1.5457464028993013,1.0751627085057804,0.9006401536847536,0.04823262701579911,1.0,0.7443443366045521,0.9,0.7,0.2,47,3123.6034708311017,14151.650597323776
5,29,0.9860520063085749,1.4812441639082818,1.4726953016751851,1.0206565270854386,0.894865804058047,0.04823262701579905,1.0,0.7443443366045523,0.9,0.7,0.2,48,3123.5832867032573,14189.802676128074
5,30,1.004396343926842,1.5268312556207104,1.5553896394406128,1.1273628557597875,0.9346698569496386,0.052740339648012766,1.0,0.8392403881790207,0.9,0.7,0.2,52,3541.8065943305146,23980.23915854096
5,31,1.0033291016753836,1.5235811318570582,1.551505832083528,1.1341864345583532,0.9287006589221907,0.052949329691947836,1.0,0.8405485595671973,0.9,0.7,0.2,54,3533.2193595547105,23978.38187382776
5,32,0.6283767891419542,1.0959848621736155,1.0696963948534535,0.7287237330605887,0.6358546058606387,0.09001363717931987,0.37840432075914776,1.0,0.9,0.7,0.2,55,3559.691657407281,22861463.89607367
5,33,0.6189333547266485,1.0746749769017834,1.0451719632966436,0.7286452069052411,0.6744581577941584,0.08547294838530417,0.3806147510064189,1.0,0.9,0.7,0.2,56,2916.276697790075,22860666.032216765
5,34,0.6187697937374839,1.072438028632991,1.0423886980514465,0.735305327218744,0.5554494126482086,0.0864560908710221,0.3807127474240878,1.0,0.9,0.7,0.2,58,3016.9958006730485,22858231.66116668
5,35,0.646479695564053,1.0975998985174311,1.0668843885225994,0.7640030417292099,0.6005518251301913,0.09514187290341594,0.4110476860253843,1.0,0.9,0.7,0.2,59,3013.51575976648,22869643.05064789
5,36,0.6881763042412001,1.132011924654128,1.0994250366628917,0.8253120330594879,0.6950018332750303,0.09069384139092894,0.48153717201692803,1.0,0.9,0.7,0.2,60,2953.583139657777,22859475.19945782
5,37,0.6881599686876072,1.1292910506943923,1.0960204713241644,0.8296118160200603,0.6339126419047695,0.09101103974579364,0.48294527977778207,1.0,0.9,0.7,0.2,62,2939.821029950609,22866500.02378117
5,38,0.690394619757001,1.1308578556693336,1.097419350917707,0.8354636687613741,0.6293635324231984,0.09185110416677772,0.48550417989595684,1.0,0.9,0.7,0.2,63,2939.0492084148614,22867552.64378643
5,39,0.7113743632635674,1.1607039903047633,1.139680777172853,0.8668840806124618,0.6684445709977758,0.09867906626500472,0.508238271845812,1.0,0.9,0.7,0.2,64,2934.7477410782026,22876160.726402137
5,40,0.6883199447219057,1.1351525257451531,1.1135086042350937,0.8617890838890829,0.6310898670738954,0.09094490453828746,0.4868574042344653,1.0,0.9,0.7,0.2,67,2918.728365884042,22866069.619954266
5,41,0.6869865574461196,1.141438103021969,1.1319112400276317,0.8772310351293879,0.6319048267257377,0.09064692904512525,0.4875839915377528,1.0,0.9,0.7,0.2,71,2857.2301181043813,22801866.859390013
5,42,0.6866855883471943,1.1509964169136808,1.1541406690425298,0.8850090846234155,0.6299087741907321,0.08968196976589603,0.48922204485979764,1.0,0.9,0.7,0.2,73,2864.5523218951,22797285.00787735
5,43,0.6870431690441976,1.1501515265362416,1.1530020684611413,0.8927317272983493,0.6300537754387616,0.0897251422826548,0.4904097208009054,1.0,0.9,0.7,0.2,75,2854.774213817626,22804854.42302589
5,44,0.6853527630117339,1.1347219317366066,1.1239565304234342,0.9018513548510922,0.6317778103428651,0.09192672347501152,0.48667516934186067,1.0,0.9,0.7,0.2,78,2717.930975053957,22798776.35794572
5,45,0.7063250101255611,1.1420025572147245,1.1176384020040244,0.9207151940191463,0.6696379085037155,0.09283056306227712,0.5169099253801541,1.0,0.9,0.7,0.2,79,3013.6138456593035,22809752.90192647
5,46,0.6472186080353175,1.0822062868606528,1.057676618816815,0.885807034389573,0.5875206056932961,0.11040167640224881,0.41027689034127224,1.0,0.9,0.7,0.2,86,3332.4228538271864,110916982.91564412
5,47,0.6544190281440614,1.062009867385328,1.0102898220242507,0.8807243735038677,0.6442207483810525,0.11173521841862974,0.4216435759328652,1.0,0.9,0.7,0.2,87,3318.7788527761345,110820108.61814617
5,48,0.6511966244136163,1.0803701809048027,1.0544557355185877,0.8944849278925149,0.6007699075772424,0.1109206017715407,0.41853805041515224,1.0,0.9,0.7,0.2,88,3238.4595210467,110787426.37888391
5,49,0.6538964535307838,1.06974624243145,1.0303311674612663,0.8945458047207213,0.6167017656372422,0.11142427429133558,0.4228911698154413,1.0,0.9,0.7,0.2,89,3350.1537987390234,110940878.42673048
5,50,0.6537828891039481,1.080532753138334,1.0540467012638581,0.9048194327144381,0.5977630780780747,0.11142427429133565,0.42289116981544145,1.0,0.9,0.7,0.2,91,3350.314330284696,110935427.2493574
5,51,0.6516536618447405,1.066711010205104,1.0271096557899726,0.9066479538705616,0.5966984328874483,0.11233099935702928,0.4189434043741135,1.0,0.9,0.7,0.2,93,3325.929359067998,110823350.68980904
5,52,0.7318451542576347,1.1803873139177665,1.1797574548922396,1.0044862524890399,0.6758462982343628,0.11217906576768133,0.5337671252207163,1.0,0.9,0.7,0.2,94,3418.765235414948,110856651.32001242
5,53,1.0353278539258601,1.5097460957852855,1.5463161469938163,1.359414951795185,1.0543278707983523,0.08984854262405811,1.0,1.0,0.9,0.7,0.2,95,4537.889149272063,841080029.337857
5,54,0.6812971987167619,1.0865165050000942,1.0446286969311693,0.9527275059354816,0.6460490962958548,0.11377880446669657,0.46444833693849275,1.0,0.9,0.7,0.2,96,2934.1653784188265,110780236.87215474
5,55,1.0245452315039425,1.4951814949669575,1.5518546499678798,1.3610989257706398,1.089334018865589,0.08703376989614761,1.0,1.0,0.9,0.7,0.2,98,4651.557587614108,841027448.550568
5,56,1.0241994845815998,1.5047319099688916,1.5741179805402805,1.3903123206726933,0.9803100513567204,0.0870614816813586,1.0,1.0,0.9,0.7,0.2,104,4703.202610073893,841010571.3207535
5,57,1.0249466213834777,1.5043444521813745,1.5734817400465497,1.3986837670525682,0.9844930362164279,0.08824545055516833,1.0,1.0,0.9,0.7,0.2,106,4781.548665314648,841011085.1845518
5,58,1.0227704772214963,1.5085831564346706,1.5896753186407027,1.4158619289261873,0.9998836344799953,0.08728991859720893,1.0,1.0,0.9,0.7,0.2,108,4688.804156014713,841014530.8183553
5,59,1.0213258974094002,1.4924890980975685,1.5598333648803504,1.4149305402231611,0.993278743415656,0.08670622921252198,1.0,1.0,0.9,0.7,0.2,110,4698.466488126129,840984807.618557
5,60,1.0235316920763697,1.4807614874061428,1.534515763199437,1.4435803356831514,1.0050124420702597,0.0899491194097984,1.0,1.0,0.9,0.7,0.2,111,4680.934170039189,840961369.8954703
5,61,1.0204350450670792,1.5021724184915308,1.5929785639183405,1.4832006236522621,0.9960358898063051,0.0890407090276347,1.0,1.0,0.9,0.7,0.2,116,4663.642787003328,841029449.0462215
5,62,1.017882790887161,1.484232829151052,1.5611505554548701,1.4773689115225868,0.9906731588373419,0.08731786194566343,1.0,1.0,0.9,0.7,0.2,119,4565.104807176854,841010563.8068736
5,63,1.0176912624006966,1.5038531026717574,1.6062235321111373,1.500290927565313,0.9901489408521971,0.08777682073411226,1.0,1.0,0.9,0.7,0.2,121,4691.761698062006,841014956.6231589
5,64,1.0174261597534737,1.481049340213683,1.5573913632852883,1.4958088216440852,0.9798790550990639,0.08751566285513328,1.0,1.0,0.9,0.7,0.2,122,4688.466618960776,841024056.500603
5,65,1.0167407201189198,1.4890589056421137,1.577872942655058,1.5032625549349663,1.000237601070253,0.08739469760832402,1.0,1.0,0.9,0.7,0.2,123,4560.904990765925,841006269.9181144
5,66,1.0392326915890417,1.485033240551733,1.5790854665468064,1.5325869005295738,1.325288562606996,0.12083450892476093,1.0,1.0,0.9,0.7,0.2,124,3816.36328182084,146890859.06153852
5,67,1.0327199545441277,1.4825782248684147,1.5881936098861622,1.5557739267338782,1.015213008011487,0.11498413676115371,1.0,1.0,0.9,0.7,0.2,129,3845.073477894325,146883365.26506147
5,68,1.036315252549662,1.4830653386859916,1.5880584605435664,1.582801508294604,1.0160622421710555,0.11956261293760077,1.0,1.0,0.9,0.7,0.2,132,3672.172338267895,146891274.87456733
5,69,1.034182925185305,1.4800165101348146,1.58482645007913,1.5882180461828865,1.009360757998031,0.11736342092930611,1.0,1.0,0.9,0.7,0.2,134,3760.711609459637,146884952.4868696
5,70,1.0339701934197238,1.4902342535725588,1.6078901935344827,1.6001756446652826,1.0118504976948526,0.11726999639422624,1.0,1.0,0.9,0.7,0.2,135,3774.5357091899846,146882549.8311124
5,71,1.0641845474944909,1.5063180782507513,1.6103899116937637,1.6296788036492724,1.0600492712185159,0.15137610934869572,1.0,1.0,0.9,0.7,0.2,136,3708.802363571637,66195637.28817078
5,72,1.0358681344525482,1.6440141659900693,1.8363545329589888,1.657226562544041,0.9875291127932628,0.09117714609270341,1.0,1.0,0.9,0.7,0.2,150,5337.960769404832,840947674.72892
5,73,1.032835497396368,1.6218709492570647,1.8099551014348927,1.6653768236001398,1.0605260169094193,0.09418780527681483,1.0,1.0,0.9,0.7,0.2,151,5149.020297161855,841094467.5818121
5,74,1.0268831390699762,1.5944577129087933,1.7778459598953724,1.670681751901056,1.0568219656954017,0.09419571961969923,1.0,1.0,0.9,0.7,0.2,152,5035.690743929325,840960301.6135005
5,75,1.0276380450197913,1.589441476651924,1.771597965471574,1.6760848435720515,1.0240606128418468,0.09661396799827382,1.0,1.0,0.9,0.7,0.2,153,4955.755170091802,840954502.3299211
5,76,1.0301724398744663,1.6174024737359225,1.8156183284667613,1.6849545895888052,1.0319007892141387,0.09538630321660704,1.0,1.0,0.9,0.7,0.2,155,5467.2895395669175,841000627.4698942
5,77,1.030460572851724,1.6169176433262111,1.8149662992102045,1.6971196411518323,0.988650505846248,0.09593265931296394,1.0,1.0,0.9,0.7,0.2,157,5469.059414467341,841002548.1535137
5,78,1.0281486034619904,1.6173933742290216,1.8266242537607382,1.6993374622234818,1.0079643125087487,0.09580892354003093,1.0,1.0,0.9,0.7,0.2,159,5433.628007140162,840954650.9373952
5,79,1.0289886951812108,1.6352246761445175,1.8587049718098372,1.7156423376286145,0.9901268951973132,0.09506923359964921,1.0,1.0,0.9,0.7,0.2,163,5469.897454326581,841002225.3190068
5,80,1.0285577372431134,1.6314312013094565,1.8541856530045784,1.728090812440358,1.0116327359283217,0.09556358175861099,1.0,1.0,0.9,0.7,0.2,165,5470.219638830355,841000621.8468442
5,81,1.0287162498437012,1.633174190949142,1.8562685504179042,1.7398688867760363,0.9871407481316199,0.09529498104767016,1.0,1.0,0.9,0.7,0.2,167,5483.641493559744,840994178.3182288
5,82,1.0292685674429756,1.6589747972648425,1.877187778337576,1.7268026401523964,1.0137731886239856,0.08373468557606253,1.0,1.0,0.9,0.7,0.2,169,5900.442847630609,1813971830.0815637
5,83,1.0266731227166217,1.6650145830339158,1.89563454667517,1.7494371277833436,1.0231077537393638,0.08184697937973742,1.0,1.0,0.9,0.7,0.2,170,5936.967371123899,1813974664.575254
5,84,1.0259324549376463,1.6586748961194175,1.8880221275759161,1.7579424783540176,0.997805059020858,0.08306029233908438,1.0,1.0,0.9,0.7,0.2,172,5876.962020987418,1813982369.5828
5,85,1.0256130157754757,1.6639434617785505,1.9050296328334742,1.7708322610574359,0.9913823482863939,0.0846513420547169,1.0,1.0,0.9,0.7,0.2,174,5838.269550367737,1814042426.517012
5,86,1.027822254306934,1.65694981480093,1.8854761117075356,1.7850346032185562,1.0149458527393096,0.08646984845756213,1.0,1.0,0.9,0.7,0.2,176,5798.984410338582,1813876119.93422
5,87,1.0274827364442078,1.66667583089812,1.9079494063878886,1.8053756444177729,0.9779276900223364,0.08646984845756214,1.0,1.0,0.9,0.7,0.2,178,5800.8820104547,1813882620.4021611
5,88,1.0252101062736942,1.7006767402433731,1.9710898723910373,1.8526249162133084,0.9711094150547122,0.07898874710115265,1.0,1.0,0.9,0.7,0.2,190,4495.70035082023,14820.40469252616
5,89,1.0260245165914619,1.6986029165125645,1.9683369716798578,1.8501141861034276,0.991694051823351,0.08109007126075476,1.0,1.0,0.9,0.7,0.2,191,4456.353126187021,15044.331420684755
5,90,1.0271708201824998,1.6984240846947205,1.967875680944549,1.8554647324223772,1.0204642966004651,0.08272411181966732,1.0,1.0,0.9,0.7,0.2,192,4479.263640473443,15154.16205954157
6,0,0.9646302106311722,0.9919586709709902,0.9416077403596876,0.012028603597799217,0.0,0.0,0.0,0.0,0.9,0.7,0.2,1,1347.1691016899426,8216.98775085299
6,1,0.9897227328276866,1.0340607835456637,0.9828191690820949,0.06224962857238898,0.06546660989489432,0.052450937713635196,0.00010509115076175,0.00011897876605684,0.9,0.7,0.2,3,1341.80318662831,8239.858363615698
6,2,0.8971161795185892,1.0929845821459119,1.0460967714065177,0.17246967353554674,0.49815482577299963,0.11395097522842364,0.0399646599349393,0.07490589158956878,0.9,0.7,0.2,4,1248.596089582216,44668.34011157035
6,3,0.7433763075014499,1.0467047577839776,0.9908644388212418,0.16196976275550576,0.5235243970067505,0.06433498715060723,0.10104030911537949,0.1143926126358524,0.9,0.7,0.2,5,1282.749269164623,6439.282240658859
6,4,0.7445992942132921,1.1088872608825286,1.0453680717768767,0.28593414478953577,0.41165113199768466,0.0991296743248014,0.20666881454528654,0.12321967374908831,0.9,0.7,0.2,7,1416.1717732584932,5393.393186140242
6,5,0.6276292176830175,1.0336680250488752,0.9781601069339236,0.22823137600597962,0.40472692710519076,0.07186239832136733,0.1410049690503202,0.18929850422542122,0.9,0.7,0.2,8,1058.5915193191315,40953.47374054111
6,6,0.5852792083500337,0.9958225462366899,0.9394542881864174,0.19883899064355542,0.203501680370351,0.09571200201340246,0.0770342061737452,0.1417637109754683,0.9,0.7,0.2,9,1086.6891100351525,6502.772056229416
6,7,0.5763831885073714,0.9897882710699716,0.9328513487667264,0.20631762572239304,0.17730016755193723,0.09260924265559932,0.07711736761453233,0.1418669330613095,0.9,0.7,0.2,11,1065.566741399091,6388.428698502228
6,8,0.5697262302790933,0.9879733288313425,0.9300299311001673,0.21132185254218913,0.21081065881165667,0.08696471036130063,0.08511573591802264,0.1595837567155186,0.9,0.7,0.2,12,1071.570150236836,6176.258820247997
6,9,0.6593967824593623,1.0789218850414952,1.0207026514303426,0.3090179063439079,0.27357182097765154,0.06995760092255811,0.21178955962542254,0.25555258900526445,0.9,0.7,0.2,13,1223.2886564473993,39506.07846953344
6,10,0.5583321565386788,0.9845786923915568,0.9248291550986629,0.22703514202753636,0.23933008582223628,0.09534098497651872,0.08839510926839873,0.1461710578868436,0.9,0.7,0.2,14,1066.364886908645,6250.726604149906
6,11,0.5495651770185945,1.0090674605862404,0.9558446445294941,0.2873166196640414,0.3602810873572499,0.08276675388173126,0.1668222250956097,0.1836898522894162,0.9,0.7,0.2,16,1150.643899190881,39491.374763334985
6,12,1.3667643195972796,1.8152845507436055,1.7489407944706026,1.1137345255780113,1.04687238351046,0.16236488277083566,1.0,1.0,0.9,0.7,0.2,22,790.2778639420325,103420985.57414784
6,13,1.346561622819525,1.8121216640487086,1.7562769974322154,1.119157308182384,1.1483376366176328,0.1626302158678379,1.0,1.0,0.9,0.7,0.2,23,734.5705906724946,103421554.15532738
6,14,1.3440297284614995,1.7989835092096829,1.729840981142894,1.1178457066720309,1.0582489386021243,0.16241078504233517,1.0,1.0,0.9,0.7,0.2,24,775.0268846860771,104662693.81425647
6,15,1.343377361418695,1.8099121131608709,1.7535868736249687,1.1253343334251653,1.054496716140352,0.16329336718545548,1.0,1.0,0.9,0.7,0.2,25,725.6404905409217,103425372.38743392
6,16,1.3425581449834116,1.8091402273740578,1.7527854462859478,1.1235062823665591,1.04751041571153,0.1626270069182662,1.0,1.0,0.9,0.7,0.2,26,725.9415131381295,103486917.3576418
6,17,1.3200644791642582,1.7884855832304103,1.7311468810528055,1.1209506688132338,1.0515180096746357,0.14606122767709695,1.0,1.0,0.9,0.7,0.2,28,710.7283711661908,103552724.2299913
6,18,0.7515578869130447,1.2387582940651827,1.1878749295731115,0.616013174023737,0.5977160213840707,0.05575142356565958,0.502844503892627,0.532870079125199,0.9,0.7,0.2,31,858.0976470199382,332361.6680819966
6,19,1.1098345359097472,1.6084767224416607,1.5701567178705989,0.9830204552806032,0.8757548676407274,0.03813245723582317,1.0,0.677447530891542,0.9,0.7,0.2,34,783.0691003809536,2760680.2840503408
6,20,1.071615840539745,1.5708292880550623,1.5310169459689544,0.9648052699567526,0.8713037810299972,0.03990282110135577,1.0,0.5248140990068988,0.9,0.7,0.2,36,765.1876352719921,389565.653495873
6,21,1.07884406228768,1.6002005278750009,1.5821405738689542,1.0049749822149736,1.0459303666675577,0.04080822047350498,1.0,0.6796011486818311,0.9,0.7,0.2,37,747.8226056313441,2893852.0613173167
6,22,1.0746519260405734,1.5843192424807264,1.5521866605254155,1.0092110717678118,0.9179414268647066,0.04060178251645326,1.0,0.6884396863163003,0.9,0.7,0.2,38,796.4340646310869,2767895.360539624
6,23,1.0733987836832397,1.571361416944681,1.5252987809298404,1.0006503489300804,0.9161959410185079,0.04178433718011375,1.0,0.7014889023359128,0.9,0.7,0.2,39,875.0759250824531,2769448.190060781
6,24,1.1443273836441572,1.653152175825085,1.6196159309588032,1.0833010134726033,0.9576618172986524,0.0790007928710914,0.9716545076921672,1.0,0.9,0.7,0.2,42,957.9203357111772,273881.85192823235
6,25,1.041408984102662,1.5656475749738596,1.5518585310275559,1.0228040078283969,1.1326585196164076,0.04134940021861787,1.0,0.703246806524576,0.9,0.7,0.2,43,712.4274290733512,2882794.9491026704
6,26,1.0369861762453645,1.5493807974166125,1.5221682227607551,1.0233007584333116,0.8925198346848457,0.04061750958051521,1.0,0.6935769568955763,0.9,0.7,0.2,44,816.0983096468162,2767367.562689167
6,27,1.0224519107099022,1.548462867301781,1.5423354762177013,1.02816153328534,1.081731538324936,0.04497127863080585,1.0,0.7008768025399778,0.9,0.7,0.2,45,691.9119551855094,2887790.844251926
6,28,1.0181183872264927,1.5191915265648748,1.4858753785614212,1.0321231830660205,0.928936066014095,0.04071609563501052,1.0,0.7203878430394222,0.9,0.7,0.2,46,997.375241368352,2765698.0863983296
6,29,1.0152370143841682,1.524881262128955,1.5033775735090575,1.0384492189979446,0.9307246136734346,0.04399314728050353,1.0,0.7127559467864534,0.9,0.7,0.2,47,803.2334682985136,2888568.1661403514
6,30,1.011764273836964,1.5178137304455181,1.494798428682963,1.0449117377112673,0.9450503646264509,0.04359976831665771,1.0,0.7233196356701816,0.9,0.7,0.2,48,964.1255044669304,2764482.0188059374
6,31,1.0128331698823594,1.5185730450475308,1.4954141617866537,1.0476296575708306,0.8918229763232782,0.04576718810179165,1.0,0.7215565860143509,0.9,0.7,0.2,49,807.1280111320631,2888243.53941772
6,32,1.011059014373019,1.5162722315785535,1.492913315357424,1.051982740941098,0.8920616327096323,0.04358381866342944,1.0,0.7257169836399335,0.9,0.7,0.2,50,968.2987771513478,2764399.6134127597
6,33,1.0070502156194916,1.4980618344253245,1.460502564227372,1.0558018403488356,0.9088567254316237,0.04217963523268783,1.0,0.7320371074816838,0.9,0.7,0.2,52,968.1487177106944,2770025.203261249
6,34,1.0925395572138323,1.6026567654217205,1.5898294744100636,1.1648588642163442,0.9869180509435433,0.0821836477004872,1.0,1.0,0.9,0.7,0.2,56,766.010228125396,283003.58731923613
6,35,1.0866762278140578,1.589848460446059,1.5837761553779457,1.1833123212101508,1.1137306848148876,0.09602385686058544,1.0,1.0,0.9,0.7,0.2,58,864.917538907602,384376.5183987196
6,36,1.0650343105659945,1.5456091811610218,1.5230361855333217,1.198853580737351,1.0452458543634267,0.08202744185463172,1.0,1.0,0.9,0.7,0.2,60,813.5026310199794,405411.31774480006
6,37,1.0763043480521326,1.53378057295978,1.5047379248680326,1.2116832524726147,1.2635211668920083,0.11085943985798026,1.0,1.0,0.9,0.7,0.2,61,981.3770336264892,403126.8284782436
6,38,1.0697701734530518,1.5266245639360292,1.4974164926917028,1.2088010093504036,0.9969597410210749,0.10398178765833772,1.0,1.0,0.9,0.7,0.2,63,945.777663589898,403779.8452371492
6,39,1.0694983258962556,1.537061280676859,1.5207222555605113,1.2184034593065196,0.9962599458935695,0.10398178765833772,1.0,1.0,0.9,0.7,0.2,65,954.5375491090967,404087.0017411215
6,40,1.0834355704452376,1.5349618292162228,1.5043434064075953,1.2459240093255113,1.063016418872161,0.12239583137947443,1.0,1.0,0.9,0.7,0.2,66,1079.3383049601794,403074.0899065568
6,41,1.0757176850524777,1.5464700700774023,1.5410341799007106,1.2472309562753898,1.0204942231983098,0.11559456951587796,1.0,1.0,0.9,0.7,0.2,68,971.9047132690214,369789.7220210833
6,42,1.0757176858279311,1.5576744194990004,1.56523920864634,1.2605802945636604,1.0040352829898807,0.11559457036157653,1.0,1.0,0.9,0.7,0.2,70,971.9047112516556,369789.7069027673
6,43,1.0755527989744453,1.5650915373991594,1.5847166470722063,1.2823946122265,1.0254304013791231,0.11748580014677781,1.0,1.0,0.9,0.7,0.2,72,1192.1940579894913,354718.92173399945
6,44,1.073188282987526,1.5710263340935644,1.6029293489513827,1.277365997424881,1.018856022691764,0.1163189769468466,1.0,1.0,0.9,0.7,0.2,74,1012.0895872763838,346706.8756090183
6,45,1.0753821514483806,1.5466892975608513,1.5515395304162591,1.281839282237118,1.053465707516763,0.12100072246829949,1.0,1.0,0.9,0.7,0.2,75,956.7748994366968,373609.5668769524
6,46,1.0709390041236564,1.5184225392138566,1.496940232458526,1.2783862468788418,1.0166686606406985,0.11664212294425365,1.0,1.0,0.9,0.7,0.2,76,999.0095363669012,405372.09642297926
6,47,1.0723957194251443,1.5368769514946201,1.540057290564965,1.2881912039358232,1.064026826010812,0.12093234460820376,1.0,1.0,0.9,0.7,0.2,77,940.1031131230042,374115.79028886737
6,48,1.0658875072434826,1.5160527456350972,1.5158037286679291,1.2965274266723004,1.0545010526682537,0.12004407615344057,1.0,1.0,0.9,0.7,0.2,80,945.9903619197028,391478.4959149016
6,49,1.0636372123841227,1.519074079586847,1.530437409576766,1.3094112314475275,1.0362026754931406,0.11995750302899819,1.0,1.0,0.9,0.7,0.2,82,924.7483757833144,392250.4792587569
6,50,1.0595268662298707,1.4840308184968407,1.4674277262022712,1.3053004197639992,1.0468996099840524,0.1186711727746802,1.0,1.0,0.9,0.7,0.2,84,980.8776414844126,394135.9043760836
6,51,1.0570073415126437,1.501345241693392,1.5101564463612203,1.3244658962343547,1.017090613568358,0.11681768424488033,1.0,1.0,0.9,0.7,0.2,86,953.7683113432548,122574.32218604696
6,52,1.0562354118735584,1.4631815071446794,1.432134782792973,1.3260935626811425,1.0404985425887123,0.11731581977150014,1.0,1.0,0.9,0.7,0.2,87,1001.8611640814712,67159.37994071424
6,53,1.05030929109025,1.4729027172845812,1.4663399436482607,1.3234785078352982,1.0636766597368708,0.11306276456157975,1.0,1.0,0.9,0.7,0.2,88,967.649571090404,131982.92390529433
6,54,1.0545696996290566,1.4419678974009515,1.396044335819446,1.3402178114754475,1.0221069829240401,0.1183686315017746,1.0,1.0,0.9,0.7,0.2,89,965.4428082983662,66334.91494532344
6,55,1.049232807062526,1.4290554013099903,1.3920264431813927,1.3343117689698987,1.172887591253629,0.1182111115029699,1.0,1.0,0.9,0.7,0.2,90,1044.5826287978252,66891.99806718824
6,56,1.0479474733181033,1.4240403396121144,1.38620850243673,1.344166518470257,1.038802160504209,0.11784754808130674,1.0,1.0,0.9,0.7,0.2,91,1046.3606798518774,67348.98089795609
6,57,1.0469925726639744,1.418977678398328,1.3802664483902702,1.3437693556984749,1.0420358565234888,0.11792860385565851,1.0,1.0,0.9,0.7,0.2,92,1047.2368556944634,66805.78553955979
6,58,1.0563626563171113,1.422493116135542,1.3825372562762055,1.3253470818285467,1.0676598536922415,0.12990988283214325,1.0,1.0,0.9,0.7,0.2,93,1153.4510419895964,66635.26528476637
6,59,1.0405215306350981,1.389428714549928,1.345863400421133,1.3471300822406527,1.1522447350709057,0.11658908643872037,1.0,1.0,0.9,0.7,0.2,94,1023.2030448526288,106874.4848429965
6,60,1.0404240462320622,1.3892544165519272,1.3456731849725598,1.3434698066417452,1.0054986274987305,0.11649876071569634,1.0,1.0,0.9,0.7,0.2,95,1023.356118418005,115068.40228352044
6,61,1.0394502176731426,1.3790258019416104,1.333535252081876,1.3540770318281432,1.04471340448736,0.11752136233490515,1.0,1.0,0.9,0.7,0.2,97,1022.6388075690433,114901.68929350744
6,62,1.0532079268594883,1.4210873263627308,1.4135084563848057,1.4152563525830277,1.0318706323801772,0.13398061423556706,1.0,1.0,0.9,0.7,0.2,101,1185.556558561669,73684.37754787007
6,63,1.0521482002114948,1.4254843698685693,1.429740306550768,1.4106112732923795,1.043920019355862,0.13398061423556704,1.0,1.0,0.9,0.7,0.2,103,1166.415128944635,74070.06127992574
6,64,1.0520618234940502,1.436133937776426,1.4532952783877924,1.4213501311432946,1.022515872022651,0.13398061423556706,1.0,1.0,0.9,0.7,0.2,105,1154.9872163680036,74353.79078155819
6,65,1.0410113947715527,1.3686205030820524,1.3206896124124976,1.3854556608616049,1.0132668961150222,0.12179277865727962,1.0,1.0,0.9,0.7,0.2,106,1113.9216927403247,73669.42270699341
6,66,1.038139005951377,1.3886947348532834,1.3775943346107045,1.4087312366786016,1.1018458669511582,0.12083658080056725,1.0,1.0,0.9,0.7,0.2,107,1109.4698498224118,73585.90135739624
6,67,1.0310009398521511,1.3378919811650283,1.2965809093408416,1.4028885272115366,1.1720930190833823,0.11660001477350176,1.0,1.0,0.9,0.7,0.2,108,1081.7685230989491,73721.18444285894
6,68,1.0331025083990975,1.3585543976931127,1.342486534302394,1.4197574067701995,1.0385339166263816,0.11957627030040056,1.0,1.0,0.9,0.7,0.2,109,1089.830912735733,74307.8284376035
6,69,1.0286587434108885,1.3282996316339262,1.3072028889086067,1.4161693274951905,1.2118564375515353,0.11858659466366968,1.0,1.0,0.9,0.7,0.2,110,1148.007769365306,74118.66128861136
6,70,1.027491382421601,1.3095969679464219,1.2851321421060071,1.41904606107872,1.0763784737506639,0.11965838708700505,1.0,1.0,0.9,0.7,0.2,112,1151.92920212484,73987.22814767889
6,71,1.0270320271970153,1.2929577685306877,1.2545433162607054,1.4224088960076793,1.0271177827871527,0.11977762590111614,1.0,1.0,0.9,0.7,0.2,114,1152.9806767589116,73837.68815614707
6,72,1.0279280476687165,1.2808827882758562,1.2400052079130177,1.412328039299376,1.1107272094597922,0.12234182019939273,1.0,1.0,0.9,0.7,0.2,115,1145.3990056562066,75544.69110253561
6,73,1.0254375963906641,1.2647649448608111,1.2213178150727193,1.4172148393269406,1.0613528919628323,0.12110350231725212,1.0,1.0,0.9,0.7,0.2,117,1104.5078524893904,74416.45815517347
6,74,1.0248339927205996,1.256104381391894,1.2111461200187386,1.423948992668261,1.0399543920164787,0.1212854848851227,1.0,1.0,0.9,0.7,0.2,119,1119.0665764458274,75188.37865773466
6,75,1.0247230633856959,1.2478381473163647,1.2013558947061544,1.434831865181495,1.0718781635510721,0.12198843416748859,1.0,1.0,0.9,0.7,0.2,120,1132.4305201422776,75896.56060158683
6,76,1.0213200584543074,1.1724182359419586,1.134623265992773,1.4512669800190938,1.7192353108913045,0.12562106743989795,1.0,1.0,0.9,0.7,0.2,121,8655.067421216248,78380.6566283319
6,77,1.0206866058136066,1.161732827878588,1.1221237199092893,1.4614450468164608,1.0870080773634307,0.12551798807154937,1.0,1.0,0.9,0.7,0.2,122,8689.172447851011,78113.8819199951
6,78,1.0199927958111645,1.1607793528770347,1.121123555566109,1.4607370487701772,1.0132087882579979,0.12476174896904288,1.0,1.0,0.9,0.7,0.2,124,8555.055741430027,78364.75686409659
6,79,1.0205409535721996,1.1699741857151653,1.1428583260062344,1.4762583281202928,1.0316783236413813,0.12551798807154937,1.0,1.0,0.9,0.7,0.2,125,8635.885759295388,78311.96542801347
6,80,1.0203825484573608,1.1581213306022518,1.1179160393170144,1.4684962498229475,1.0168353297097328,0.12537319677656153,1.0,1.0,0.9,0.7,0.2,126,8682.90056807857,79106.3898532933
6,81,1.0203494985472918,1.1437970162806845,1.1010229039227648,1.4787304839905255,1.1179087740205176,0.12612426970242924,1.0,1.0,0.9,0.7,0.2,127,8511.991630918725,79211.96314502535
6,82,1.0202552202577495,1.1503087116279855,1.1197100643031008,1.4824571428985291,1.0305119715605857,0.12626311812791863,1.0,1.0,0.9,0.7,0.2,129,8419.804871539774,77313.53517033267
6,83,1.0184058897659736,1.1515153813208077,1.1324577925370054,1.5031608965574215,1.0715819726060878,0.12462470573619885,1.0,1.0,0.9,0.7,0.2,130,8502.933031533217,77290.72629089514
6,84,1.0208956480333153,1.141703205902994,1.1094485218392836,1.501655145515281,1.0227132972335309,0.1274460124445352,1.0,1.0,0.9,0.7,0.2,131,8510.634919230937,79332.99210515509
6,85,1.0192080008239808,1.1332548756955476,1.0997911112008314,1.5147245952488546,1.0380409218953617,0.12590388835888486,1.0,1.0,0.9,0.7,0.2,133,8442.421475351022,76175.3791655753
6,86,1.0182768369122923,1.149333182472566,1.1409063406060416,1.5368812439925374,1.0517847920092227,0.12512562787571035,1.0,1.0,0.9,0.7,0.2,134,8535.757193331141,81328.70076035468
6,87,1.0201984307626397,1.1310302867233184,1.10799402127263,1.5455723463172533,1.0367778813085797,0.1276760388739458,1.0,1.0,0.9,0.7,0.2,137,8476.924832951674,77762.42092590309
6,88,1.0121579365515623,1.126862029069176,1.1265293759225004,1.5562998068366685,1.0748280172567564,0.11954090801304648,1.0,1.0,0.9,0.7,0.2,139,8315.89444617992,77463.85394504984
6,89,1.0122280126391874,1.1341322259165825,1.1460890061170348,1.5678163604269297,1.0223036232339164,0.11978216334986383,1.0,1.0,0.9,0.7,0.2,141,8302.591895385378,77079.50720721099
6,90,1.0120153953375721,1.113858989155274,1.111244652049827,1.5670191783501544,1.0719576432197553,0.1198963574117752,1.0,1.0,0.9,0.7,0.2,142,8262.239277191293,76966.50525422285
6,91,1.0120400092006039,1.120635584576388,1.1302329547418724,1.5824253952349525,1.0161277942300655,0.12009436768208148,1.0,1.0,0.9,0.7,0.2,146,8401.47960803878,77871.58243925034
6,92,1.0108711255599703,1.1041634377118146,1.1000345253618673,1.5963522882449048,1.0144524125789411,0.1189495339794839,1.0,1.0,0.9,0.7,0.2,150,8329.465366621906,81724.2143204876
6,93,1.0035124541021938,1.0848425968637831,1.0785984488026399,1.5410059913979108,1.043222706066398,0.11120565687646733,1.0,1.0,0.9,0.7,0.2,152,8281.91520166061,76139.75073291003
6,94,1.0029909903581706,1.0437186492904893,1.008263266096428,1.6001173476021315,1.065572705772524,0.11123862527539416,1.0,1.0,0.9,0.7,0.2,154,8311.808037393615,76344.0965241031
6,95,1.0015944573025544,1.0355580870047632,0.9989113562576428,1.609676764629707,1.0110586154964496,0.10990150695293646,1.0,1.0,0.9,0.7,0.2,158,8300.641497869636,77541.90839982513
6,96,1.007273252108166,1.0320625719661594,1.0379419402702146,1.6458209713824188,1.1025435898660283,0.11770000556778201,1.0,1.0,0.9,0.7,0.2,162,8391.643824326673,82762.58911073356
6,97,1.0063204680685973,1.0225258203467247,1.0379464009649537,1.6634559183744013,1.0406603378723631,0.11709954639235505,1.0,1.0,0.9,0.7,0.2,166,8440.757043295187,82520.17584271505
6,98,1.0050333514418344,1.0157907214003326,1.0302598430319923,1.6696568796598943,1.0236177829278712,0.11578840704060875,1.0,1.0,0.9,0.7,0.2,168,8357.963034132456,82581.66109200066
6,99,1.0064431869238133,1.0060316446182798,1.0295992146969832,1.6776444686308636,1.0458110601207733,0.1178129384647553,1.0,1.0,0.9,0.7,0.2,172,8447.695505826265,82461.06815743093
6,100,1.0060160683256256,1.0166061530636212,1.0531388771107992,1.6973846490099682,1.0058963060936905,0.11734230380628481,1.0,1.0,0.9,0.7,0.2,177,8459.706670439507,82667.54161849954
6,101,1.005938629806099,1.014799764853293,1.0510312738280794,1.7051533422737348,1.0178607805959865,0.11728971329819242,1.0,1.0,0.9,0.7,0.2,178,8390.01967818335,80939.05475991135
6,102,1.006752853021572,1.0117087112900303,1.0472598732124907,1.7176392492004287,1.0342459670148525,0.11826914036716034,1.0,1.0,0.9,0.7,0.2,179,8346.664559339259,80826.62296134446
6,103,1.0067247597839952,1.0100140227814716,1.045275059605445,1.7095013724592967,1.0182087873862598,0.11826914036716034,1.0,1.0,0.9,0.7,0.2,180,8358.346248916405,80775.23275847916
6,104,1.0074507161985282,1.0211989737817593,1.0693306175319142,1.7224823460364576,1.0124902855271771,0.11908977897678823,1.0,1.0,0.9,0.7,0.2,181,8349.327565392234,80728.32515957323
6,105,1.0073179336418054,1.020686527165913,1.068751985034586,1.7223199415281514,1.0097484785972444,0.118949325517099,1.0,1.0,0.9,0.7,0.2,182,8356.871628315703,80501.27513195692
6,106,1.007854928896766,1.0163678350753755,1.063588101811492,1.7573532929818918,1.0191620019516539,0.11963561424394986,1.0,1.0,0.9,0.7,0.2,185,8392.828087850825,80375.59941801775
6,107,1.0072048410927528,1.0076974554969924,1.053521781466789,1.7679846160240325,1.0356194664597629,0.11905710438756903,1.0,1.0,0.9,0.7,0.2,187,8382.022702126416,80093.053538111
6,108,1.0078815733737125,1.0414602637822046,1.1261946310400541,1.8092397619961915,1.0081756807128373,0.11981827446538915,1.0,1.0,0.9,0.7,0.2,198,8300.200060855956,79841.61448143396
6,109,1.0068434308968333,1.0375472544816826,1.1217817172288826,1.8199424140740479,1.017044069723342,0.11871492321870378,1.0,1.0,0.9,0.7,0.2,200,8312.343057931404,80077.51503604407
7,0,0.7080529351620791,0.9229536903391642,0.8607852300314258,0.005684717174335176,0.0,0.0,0.0,0.0,0.9,0.7,0.2,1,5272.118751306345,8587.343653980564
7,1,0.7350629138843556,0.9611489383108236,0.8980849985730643,0.05202533179942188,0.06168975991547652,0.0481506145590692,0.00010521765220967,7.671314551957001e-05,0.9,0.7,0.2,3,5205.5116331844665,8599.742662838558
7,2,0.7137027835585568,1.04515454401452,0.9859756280873966,0.18983787699445395,0.5424339611790852,0.12977108852196678,0.04142382783169663,0.11830551012944332,0.9,0.7,0.2,4,4410.455193163619,43614.71142003719
7,3,0.5657802933450099,0.9401779413180527,0.8751553963554719,0.10407378618396142,0.33594959697136917,0.05883971727207192,0.05396188451206363,0.03934307421000492,0.9,0.7,0.2,5,3229.0901160406984,6597.545714095783
7,4,0.6027007906457856,0.9786943114027077,0.913458979176834,0.14373215532343844,0.14782476512963677,0.05900207381978345,0.10079562491570429,0.07348908932592457,0.9,0.7,0.2,6,2735.000803502143,6063.407108942711
7,5,0.5578266902951597,0.950217674180961,0.8971179892969766,0.13117551979096595,0.13838197932819096,0.07237457647515629,0.04130030053043442,0.04839730732943004,0.9,0.7,0.2,7,3020.450130362157,6215.3022336109925
7,6,0.5341106565428902,0.9691792356169038,0.9071981136493725,0.1980824799543267,0.5367989221293792,0.08472121870891339,0.09538571234376028,0.15764858433944814,0.9,0.7,0.2,8,2377.9462815708507,40880.13710417795
7,7,0.5272787244039847,0.9760605685268142,0.926339567100641,0.20393429494976584,0.18941741075635954,0.08472121870891337,0.09538571234376028,0.15764858433944814,0.9,0.7,0.2,10,2437.045289628796,41639.3222603148
7,8,0.521809436522992,0.9617868832006742,0.8983609431252114,0.20864897677232389,0.204479214159164,0.08509661208506637,0.09613513561765104,0.15855756875672655,0.9,0.7,0.2,11,2389.3375110356947,41567.26905435579
7,9,0.5012913154884282,0.9491233362307152,0.8830385906734308,0.2150189931151843,0.28676780352410025,0.08803513803575753,0.09610106286107747,0.15976228594440472,0.9,0.7,0.2,12,1845.7618210558423,37616.00346218917
7,10,0.4965817305327795,0.9516366687963266,0.8824658830996603,0.24072459071037738,0.26199977384764206,0.10320397727358036,0.10255212060245548,0.17158891590924613,0.9,0.7,0.2,14,1696.9409155823807,38388.12133837413
7,11,0.4775279652785051,0.9374455197772497,0.8654270572444347,0.245997258402156,0.25938615326132797,0.10129941621457783,0.10719979545945937,0.17607957678689323,0.9,0.7,0.2,16,1304.1913146371433,33449.802124298345
7,12,0.4556512695892113,0.9156462948296358,0.8435952449783907,0.22877757807085983,0.18131646588547048,0.10727992544797191,0.07390875384851119,0.15764037038479659,0.9,0.7,0.2,17,1605.8639860952833,33541.52080556502
7,13,0.5353548716117995,1.008969897014809,0.9479717983980287,0.3300880311692383,0.3525458816998252,0.08078974583277293,0.21011246297718472,0.26758893511338616,0.9,0.7,0.2,18,2513.7106098504155,1070370.658746797
7,14,0.5166180953086962,1.0039694098363772,0.9528146962672995,0.33633727335181735,0.3399173852947136,0.0746329392768169,0.21346132919521882,0.2947258765157686,0.9,0.7,0.2,20,3133.8759782460884,1089788.085262251
7,15,0.51639502864814,1.0039835539783106,0.9523494460632045,0.3464180668899088,0.2881288229414389,0.07678849154020971,0.21641376800961193,0.28875825412780987,0.9,0.7,0.2,22,3125.731158600967,1068898.3369256645
7,16,0.5680224833900362,1.0561517378515743,1.0029929518979686,0.4143453092175008,0.3602335686257055,0.08497535958310984,0.2854577253172949,0.3156193746476169,0.9,0.7,0.2,25,1977.505586981784,1060444.2362632882
7,17,0.6342433713347799,1.1224680424719935,1.0684750999582346,0.4959060341201486,0.42753862306196583,0.06403265674998064,0.3895343747132693,0.4015278675222538,0.9,0.7,0.2,27,2641.691969690072,2496431.379878114
7,18,0.5633451823062849,1.0515785291634505,0.9970513769079917,0.42595135876045737,0.36455247873467245,0.08503530866570647,0.28734563080944425,0.3258286535405416,0.9,0.7,0.2,28,1943.9966535780688,1059414.9636438803
7,19,0.6216049641875486,1.1069366803604306,1.0460385952573534,0.5260963434864556,0.6955798149639916,0.05791355329006866,0.4305785979491512,0.4093556345176661,0.9,0.7,0.2,29,2075.7882624454214,2496178.015657014
7,20,0.6007390840732805,1.094594260903499,1.0441958625778174,0.5239234164366817,0.47726331498981345,0.06726117305389433,0.40518897245573643,0.4114359831023856,0.9,0.7,0.2,31,2136.778475991747,2495939.332399483
7,21,0.626933789003397,1.1038907483888227,1.0365350524405605,0.5694084047084867,0.5507373850055379,0.06252791153507968,0.4573870084424702,0.46806677037858363,0.9,0.7,0.2,33,2086.8252613284835,2527315.103871404
7,22,0.5956373163392269,1.0794486019305365,1.022663612133999,0.5571487494774917,0.49816029455905664,0.05478261489149686,0.45292229685880814,0.4112547513451948,0.9,0.7,0.2,35,2031.620515951045,2472934.8788446924
7,23,0.6238257917144311,1.1017899796885124,1.0421673460358214,0.5976685321467344,0.5453629264121852,0.050670119156962165,0.4595156018417068,0.6012416969116933,0.9,0.7,0.2,37,4190.463463365615,2474902.0380896046
7,24,0.6161483570208733,1.0826749816951486,1.018313044252763,0.6130927640073801,0.5927103006616844,0.051162254859219734,0.4735668470533751,0.5926388189709163,0.9,0.7,0.2,39,4163.060816212885,2474797.674482484
7,25,0.615681632740705,1.0774192791835526,1.011279732487035,0.6235346241274595,0.5374426697975665,0.04758869688186359,0.48428281805123746,0.5968352009666333,0.9,0.7,0.2,41,3913.7712532256073,2473355.977969396
7,26,0.6135765536412816,1.0750386084077954,1.008799563794829,0.6310911728143878,0.5014237516962607,0.04747299997915757,0.4829477161281758,0.5930300317102896,0.9,0.7,0.2,43,3912.1132958360017,2472811.596904972
7,27,1.2601916666053887,1.741164093433923,1.7091405844033831,1.3190769792424633,1.2578522031403219,0.2887275771177744,1.0,1.0,0.9,0.7,0.2,45,2680.77640377047,28703634887.94477
7,28,1.3411343665919029,1.7783784869685324,1.7239080749271682,1.4274029299794995,1.4559767035560192,0.40381439832064003,1.0,1.0,0.9,0.7,0.2,47,2632.2548883681693,6017745080.622872
7,29,1.233158942161703,1.6799140057544446,1.6379975936051638,1.3266387010445158,1.1652344739670728,0.2848570463378991,1.0,1.0,0.9,0.7,0.2,49,2748.0494670338526,28703714863.84209
7,30,1.2328826801233785,1.6567174036669412,1.598742804179852,1.3341268042052656,1.2868033577620512,0.2913703150200154,1.0,1.0,0.9,0.7,0.2,50,2763.090779317235,28702755311.04349
7,31,1.0428079390796152,1.4637431573922266,1.4050295178074133,1.157756200431752,0.9778876097302243,0.08174909845932195,1.0,1.0,0.9,0.7,0.2,57,2243.079564945845,382193715096670.9
7,32,1.045876920890615,1.4772711385248722,1.4313684491435261,1.17390541550834,0.9848155328544377,0.08556109898188059,1.0,1.0,0.9,0.7,0.2,58,3556.397238294571,382233678015830.4
7,33,1.0409238558231224,1.4577199252208355,1.3979636853515045,1.1638950308103992,1.0083792768931288,0.08182150515881823,1.0,1.0,0.9,0.7,0.2,59,2222.2232294662376,382193765027499.8
7,34,1.035233777046077,1.43289928331183,1.3684823692445252,1.1571473963070726,1.1660001978508274,0.08448136708919479,1.0,1.0,0.9,0.7,0.2,60,2693.320885757425,382233616881124.9
7,35,1.0320381400345826,1.4227172077914396,1.3566526815997975,1.1692156595803522,1.0090894544902247,0.08385742853324657,1.0,1.0,0.9,0.7,0.2,62,2405.816959292845,382233627783337.06
7,36,1.0292660170275,1.4164997137266204,1.3496317908335225,1.1738096800159807,0.9903647902758945,0.08216162836593047,1.0,1.0,0.9,0.7,0.2,64,2470.56733790719,382233548929068.1
7,37,1.0285602082031662,1.4049827939442192,1.3356337891680754,1.185230282635512,1.0780183169725948,0.08546176599313374,1.0,1.0,0.9,0.7,0.2,65,2599.653399998219,382233646748292.4
7,38,1.0262543607702383,1.3928885584734818,1.321337225864841,1.1815747564669132,1.0674916719478578,0.08631296396282628,1.0,1.0,0.9,0.7,0.2,66,3667.5480913634287,382233601456425.25
7,39,1.8376617754257116,2.2072672859296407,2.1786831320436146,2.0250021573810306,1.922825409518765,1.0,1.0,1.0,0.9,0.7,0.2,69,2196.1948309282807,277590728324564.6
7,40,1.8369778409626054,2.2035082830305046,2.1742803090401175,2.0379923366031134,1.8065654540588334,1.0,1.0,1.0,0.9,0.7,0.2,73,2216.201656046393,277590708448557.6
7,41,1.8303858074366621,2.1188651528019204,2.0308146823583018,2.03832110787791,2.0786562455948827,1.0,1.0,1.0,0.9,0.7,0.2,74,3586.5871227386683,382194085903401.9
7,42,1.8289669880008554,2.13159502030848,2.0678879612121133,2.0544302427321246,1.8335292175423774,1.0,1.0,1.0,0.9,0.7,0.2,76,3520.2378136230536,411328227339716.9
7,43,1.827050700327601,2.1179357881882988,2.051889506596426,2.05660500706177,1.8476977421819387,1.0,1.0,1.0,0.9,0.7,0.2,78,3527.793338762492,382194103504174.1
7,44,1.8264966112008687,2.1138261364991453,2.0470761252690415,2.0630931680893965,1.8143506802807254,1.0,1.0,1.0,0.9,0.7,0.2,80,3479.2542658934026,382194113995829.6
7,45,1.8258956987066755,2.120487095791146,2.065959445997571,2.0730127252832053,1.8158678542027389,1.0,1.0,1.0,0.9,0.7,0.2,82,3517.2473846261337,411328249555448.3
7,46,1.8253389426030247,2.1161936569497404,2.0609307134764836,2.0830254431522017,1.8149952428025895,1.0,1.0,1.0,0.9,0.7,0.2,84,3481.7317912790904,411328320491752.6
7,47,1.8244633490137614,2.131683580071147,2.101236950485367,2.092858203416749,1.8241776930781832,1.0,1.0,1.0,0.9,0.7,0.2,86,2467.4371090243267,382194120378967.2
7,48,1.823717753959354,2.114416477928659,2.069930779223557,2.095807197940656,1.842388787664653,1.0,1.0,1.0,0.9,0.7,0.2,87,2425.8772273772165,382194071157387.6
7,49,1.8233302445027693,2.111191740007001,2.0661539313534933,2.10603011347439,1.8112466199795996,1.0,1.0,1.0,0.9,0.7,0.2,89,2407.935793100598,382194084792827.4
7,50,1.8228291696493264,2.1069533518288743,2.061189830436853,2.1091758672001695,1.829571614436521,1.0,1.0,1.0,0.9,0.7,0.2,90,2407.895641805625,382194084791961.0
7,51,1.8220607635745887,2.0890936857145666,2.0291897060292166,2.1085169836997713,1.8464607230984693,1.0,1.0,1.0,0.9,0.7,0.2,91,2379.437017051706,382194108204549.3
7,52,0.9821479031903189,1.272962980389952,1.2501668697612203,1.4101825725904436,0.9638065440179833,0.06812789590642221,1.0,1.0,0.9,0.7,0.2,122,2087.0899332414147,34399834056770.555
7,53,0.9811931114779922,1.2699861169521593,1.2468018267253858,1.4019377276937763,0.976434678140474,0.06733839130138743,1.0,1.0,0.9,0.7,0.2,123,2084.6281589790333,34399826612001.867
7,54,0.980275437640697,1.2727286682086805,1.2611008844483254,1.4047955898743203,1.019461454138781,0.06730469494829246,1.0,1.0,0.9,0.7,0.2,124,2114.807695496813,34399834017888.805
7,55,0.9795649585340469,1.282152399243934,1.283320800927121,1.4228988436773449,0.9683195160885247,0.06665177794706192,1.0,1.0,0.9,0.7,0.2,125,2139.180609235291,34399779832308.883
7,56,0.9797577802065032,1.2695257352149982,1.2573855039009825,1.4308670468858873,0.9729310922296868,0.06707057584804528,1.0,1.0,0.9,0.7,0.2,126,2153.940034813561,34399782633561.945
7,57,0.9796958327903171,1.2677523340081567,1.2552859484358037,1.415253462338088,0.9737946897727219,0.06721648423655989,1.0,1.0,0.9,0.7,0.2,127,2119.962609242129,34399834298733.105
7,58,0.9797989800237272,1.27903155145349,1.2795602953921092,1.430553056516519,0.9608222227663807,0.06733462457737947,1.0,1.0,0.9,0.7,0.2,128,2079.103890172395,34399836360647.797
7,59,0.9798002260391809,1.2767985872896028,1.2769019637635044,1.441651908729664,0.9695281553228876,0.06761330496160929,1.0,1.0,0.9,0.7,0.2,130,2117.800689499346,34399833793867.08
7,60,0.9805305300475045,1.2406630974365565,1.2229160299399016,1.4387474746083877,1.1620436321507472,0.07137829704425472,1.0,1.0,0.9,0.7,0.2,131,2175.6005349943525,34399804619646.824
7,61,0.9819026510708264,1.2388703269203316,1.2205288518020043,1.4401156002069022,0.9903694825575013,0.07324272564676769,1.0,1.0,0.9,0.7,0.2,132,2231.04228156734,34399803322490.133
7,62,0.9808863786368627,1.229650278122404,1.209773405184137,1.4464201793438851,1.028279393397586,0.07295996553667881,1.0,1.0,0.9,0.7,0.2,133,2234.8740626232798,34399803603550.75
7,63,0.9808863789266129,1.2296502780734677,1.2097734051352005,1.4464201794089828,0.9656654258691404,0.0729599654823051,1.0,1.0,0.9,0.7,0.2,134,2234.874062572294,34399803603550.75
7,64,0.9805076781768005,1.2099262403096676,1.1755309851902846,1.4452814994514933,1.027758163307038,0.07334140628212885,1.0,1.0,0.9,0.7,0.2,135,2238.0143685606963,34399803538194.586
7,65,0.978553948546063,1.214872417059655,1.192677177918251,1.4513115711715856,0.9970435192651212,0.07158179234219421,1.0,1.0,0.9,0.7,0.2,136,2186.1387633019326,34399800194347.52
7,66,0.979622620679911,1.244525536006287,1.260398222867497,1.4757089223693014,0.9786525120860645,0.07324010582771853,1.0,1.0,0.9,0.7,0.2,139,2242.612561774098,34399795944421.773
7,67,0.9785873321583796,1.2373992754380339,1.2521434087336967,1.4820663606348186,0.9884845823624966,0.07264408068321378,1.0,1.0,0.9,0.7,0.2,141,2240.040114669334,34399794832059.05
7,68,0.9764122257682808,1.2472390892612988,1.2860657698460294,1.491753853828574,1.0419116833516764,0.07112546137264601,1.0,1.0,0.9,0.7,0.2,142,2297.375448693136,34399793702993.2
7,69,0.9763360055496071,1.2416671276308902,1.2794820057048917,1.4991506640232304,1.0056636726733306,0.07149925097677726,1.0,1.0,0.9,0.7,0.2,143,2295.23520233587,34399792590633.32
7,70,0.9761764157717625,1.227913183556188,1.252287874903152,1.4985388889623006,0.9824477230341211,0.07151881977049294,1.0,1.0,0.9,0.7,0.2,144,2303.238107886308,34399792517297.3
7,71,0.9731741076417231,1.2313833912168235,1.2678901369660185,1.4953973996061636,0.996901286804841,0.06855975945848566,1.0,1.0,0.9,0.7,0.2,145,2296.061053857919,34399797332058.92
7,72,0.9750586243045432,1.228520894184965,1.2641573585174193,1.5051552738409741,0.9994721442471077,0.07102579438504994,1.0,1.0,0.9,0.7,0.2,146,2287.5715472081297,34399803100307.73
7,73,0.9731834783292055,1.2261198775932869,1.2616601365704907,1.5184589383657843,0.9659549265874037,0.0689822096266488,1.0,1.0,0.9,0.7,0.2,147,2212.7539942043904,34399794043357.074
7,74,0.9730854994761617,1.2103061662677859,1.2320202505559281,1.5214513280255602,0.9791517360586348,0.0692175923952328,1.0,1.0,0.9,0.7,0.2,149,2269.0329230067177,34399792202737.52
7,75,0.9729972819557675,1.2201118519584175,1.2545869165795596,1.5333004037999574,0.9671631054043863,0.06921759239523284,1.0,1.0,0.9,0.7,0.2,151,2275.332076343183,34399795111549.35
7,76,0.9716757680177166,1.2146856361594944,1.2484106941064963,1.5274228110537658,0.9918924678688237,0.06805393177176527,1.0,1.0,0.9,0.7,0.2,152,2327.7461653933656,34399776372090.84
7,77,0.977480770301085,1.184784981779586,1.2010532974663817,1.5361228299807352,1.0594101725175296,0.07619268474200086,1.0,1.0,0.9,0.7,0.2,154,2045.721483759347,39714835152924.23
7,78,0.976911409820397,1.1737404987980715,1.1881129770420935,1.5502273890632634,1.045923236084367,0.07622138394356247,1.0,1.0,0.9,0.7,0.2,155,2095.080695131814,39714835268790.37
7,79,0.9784000488121125,1.165986980373803,1.178690924585277,1.554135256146825,1.0386472204143589,0.07843109430827039,1.0,1.0,0.9,0.7,0.2,156,2225.737135586466,39714896969197.92
7,80,0.9778706078379602,1.1629763492996068,1.1752331638583229,1.5609887874956119,0.9793046000412271,0.07798760112573008,1.0,1.0,0.9,0.7,0.2,158,2254.616556046293,39714897357492.36
7,81,0.9763814953713863,1.1719686387114276,1.1970956918218778,1.5765259360493615,0.9740415986674251,0.07637489347515967,1.0,1.0,0.9,0.7,0.2,159,2137.154146227356,39714836845795.14
7,82,0.9782101221284829,1.172252170106145,1.197100847192707,1.5848931069304217,0.982044567111511,0.07849607641359478,1.0,1.0,0.9,0.7,0.2,160,2214.933630338909,39714917303774.29
7,83,0.9786585354961488,1.1496116329795358,1.1593223222500297,1.581018972711032,1.0589172536407139,0.07965710448793498,1.0,1.0,0.9,0.7,0.2,161,2084.040370611224,39716980843193.05
7,84,0.9769651802970103,1.1113417898146936,1.1145091497215913,1.5812153256245998,1.238435641018758,0.07958808406890476,1.0,1.0,0.9,0.7,0.2,162,2152.896478738828,39716978783012.92
7,85,0.9769096196269424,1.1211165308778295,1.1370395301845533,1.5934787771734709,0.9765995564138092,0.07958808406890476,1.0,1.0,0.9,0.7,0.2,164,2155.996414456129,39716979930625.945
7,86,0.9753827148891336,1.1127219535906974,1.12742196967089,1.5991683405080181,0.99531125294822,0.0781954419664863,1.0,1.0,0.9,0.7,0.2,166,2139.472953049542,39716983312540.22
7,87,0.9784905505827173,1.1253021298248893,1.152694491711264,1.6146122724340144,0.986099286241858,0.08172366750277486,1.0,1.0,0.9,0.7,0.2,167,2113.09147491935,39716980222070.08
7,88,0.9775531208200057,1.1115190035733193,1.1256188569749306,1.6125485772294976,0.9845886143590723,0.08075264897236303,1.0,1.0,0.9,0.7,0.2,168,2147.399834945535,39716961395619.24
7,89,0.9782873464809299,1.1597627747434882,1.2483652108279837,1.5665274328249037,1.0455296980509337,0.08237413908882234,1.0,1.0,0.9,0.7,0.2,170,2112.9605516629936,39716980222069.484
7,90,0.9740977473911099,1.0379467257425918,1.039645335724802,1.5819512921750063,1.0622651660911413,0.07946493442815847,1.0,1.0,0.9,0.7,0.2,174,2042.3372939070389,34401825393685.168
7,91,0.9738492256784692,1.0374373373554941,1.0390901994266943,1.589129341239355,0.9722228221709961,0.07919690097304496,1.0,1.0,0.9,0.7,0.2,176,2017.5821000750725,34401833474710.76
7,92,0.9749162049093674,1.0242741726790117,1.0123939394272845,1.588295921769259,0.9941734194599756,0.0804745924105284,1.0,1.0,0.9,0.7,0.2,177,2046.4546542517155,34401830619843.1
7,93,0.9728016209307668,1.0503322510568482,1.0764968501300596,1.6280678019692467,0.9899828923961174,0.07828744068621987,1.0,1.0,0.9,0.7,0.2,179,2042.499158884662,34401825393685.04
7,94,0.9748608897409909,1.0264426639177633,1.0259839572295923,1.6302614327522484,0.9811514008043514,0.08067981603895083,1.0,1.0,0.9,0.7,0.2,182,2062.021538561083,34401837666007.125
7,95,0.9722678529598785,1.092433039501982,1.1812490709912884,1.6195350277498521,1.0404596028679198,0.07807594631284057,1.0,1.0,0.9,0.7,0.2,183,2082.752139791519,34401837384527.8
7,96,0.9727946796574003,1.0221956064331197,1.0323873026966444,1.64779561736502,0.9962105250387339,0.07875832219052839,1.0,1.0,0.9,0.7,0.2,184,2078.68870854242,34401835167443.625
7,97,0.9752811147728979,1.0571080653525684,1.1060933323612332,1.6952870681497945,0.9743410703918036,0.0815532111091719,1.0,1.0,0.9,0.7,0.2,193,2055.4097142985347,34401791907860.96
7,98,0.9759396722289597,1.0553407252482525,1.1039003322479353,1.6901778462774801,0.9799437730701432,0.08235067626619844,1.0,1.0,0.9,0.7,0.2,196,2025.6031657902445,34401790871813.117
7,99,0.9758203713305713,1.03223882018522,1.0657337021446487,1.6872096660267266,1.0583281992386175,0.08252398113698535,1.0,1.0,0.9,0.7,0.2,197,2076.1706170274374,34401851051443.77
7,100,0.9755248914829018,1.05367769976197,1.1130553564008583,1.702080408964455,0.9788035258079688,0.08221270805913772,1.0,1.0,0.9,0.7,0.2,198,1993.6809179691604,34401812485043.312
7,101,0.9739014636708749,1.0406809158324086,1.0870286417591766,1.709882588797197,0.9735875920975479,0.08041316376627314,1.0,1.0,0.9,0.7,0.2,199,2074.6445785808564,34401851376061.24
8,0,0.9715185392425278,0.9935479596847923,0.9434691961836249,0.012176214320389107,0.0,0.0,0.0,0.0,0.9,0.7,0.2,1,1198.4437216261465,7671.279404044189
8,1,1.022799827767058,1.0621390640346882,1.011162020314237,0.08892553540629523,0.09215257285784398,0.0819237728721522,9.158662429444001e-05,0.00020398985418201002,0.9,0.7,0.2,3,1364.070827993687,7012.180407012359
8,2,1.1599336546084695,1.4359881444801876,1.3825539188778675,0.5501841274148046,1.1571533843726884,0.10118013589516975,0.37137507466127034,0.8785835543492599,0.9,0.7,0.2,4,4006.501595852733,3135.569295109509
8,3,0.7260877935092019,1.0591617932963444,0.9997393061825145,0.19501325200368114,0.42912417412633763,0.10036314098789148,0.08254789338033316,0.1838579908737494,0.9,0.7,0.2,5,1254.860433665775,4662.49042929165
8,4,0.6805928063321325,1.0608225573973515,0.9949452722599587,0.2370199544844313,0.3567527854407741,0.09131061849941949,0.13713745069238117,0.23028749343232646,0.9,0.7,0.2,7,1307.059635101676,5297.274420616968
8,5,0.6010864056379334,1.0296371687841839,0.9532658186372056,0.26682518318305276,0.46739536208076127,0.10451849422972914,0.13620343582319144,0.3245758926664283,0.9,0.7,0.2,9,1326.601567652399,1862.882493045617
8,6,0.5936524747798199,1.0247906462199228,0.9476084342361553,0.27201920102641725,0.27074958767000845,0.1042998558317368,0.13629892754043435,0.324669845779615,0.9,0.7,0.2,11,1352.5658947886398,1850.877489662988
8,7,0.5952978059681673,1.028587644017327,0.9506917849786249,0.2832770067909596,0.2912881181353044,0.10407012073037711,0.14431254211004063,0.3374756162028283,0.9,0.7,0.2,12,1410.6791391449185,1809.296752902996
8,8,0.5869698466986781,1.0204014722282768,0.9424566166486374,0.2784646138507093,0.2562689415685501,0.10408564745051237,0.13658540269216174,0.32495170511918525,0.9,0.7,0.2,13,1380.1295981219826,1840.784957439478
8,9,0.5799088166641115,1.0170220186901733,0.9377485904351102,0.28770367698057764,0.3128478410574028,0.10444148404658216,0.14231547619425308,0.3251881173257945,0.9,0.7,0.2,14,1302.8677062778163,4139.0100282831045
8,10,0.5387210991001588,1.016040825268985,0.9729204170080173,0.29285236917058904,0.2987775609472019,0.09792226779500252,0.14191001662524627,0.2661400350384307,0.9,0.7,0.2,16,1888.7567707503915,30332.83537367561
8,11,0.506352767448157,0.9913598894291897,0.9431860268239612,0.3022098623035887,0.3485709386513819,0.0942073270613274,0.15130049453683678,0.2741268229826926,0.9,0.7,0.2,18,1666.9625745967492,31235.592108908902
8,12,0.5051477491264802,0.9905352225660251,0.9419861953111464,0.3136926326726961,0.2545392826723534,0.09563345668537107,0.15137620236580154,0.2742746422315306,0.9,0.7,0.2,20,1680.9591941480612,30954.30087956924
8,13,0.5102415114490939,1.0095584236204893,0.969296889659273,0.35577732811038576,0.34629908128421244,0.09072007863487348,0.19622868944956945,0.3160964141148487,0.9,0.7,0.2,23,1682.8709288726125,40978.85955574019
8,14,0.8970081864139638,1.3739818961762567,1.3056512391334636,0.7676474858599021,0.7233017678372615,0.13128403977878342,0.5185427106556899,1.0,0.9,0.7,0.2,25,1537.692568184592,57156.13808189639
8,15,0.8905969423643643,1.3666952835806536,1.2956341786780903,0.7829196515412209,0.7454938920356802,0.13343005812339856,0.5281505158141602,1.0,0.9,0.7,0.2,27,1032.1208469875014,50277.89969599218
8,16,0.8885727995812795,1.364457619874372,1.293006521764409,0.7887047094879829,0.6977801832329869,0.1335591498870853,0.5280413382587226,1.0,0.9,0.7,0.2,29,1013.4415670239076,50314.54722010674
8,17,0.8870512311292993,1.3628723698865766,1.2912610721758992,0.7932391506712835,0.6959457895232057,0.13351439617120736,0.5271706921196609,1.0,0.9,0.7,0.2,30,986.1722235731736,51060.92990276196
8,18,0.8894203162133554,1.3648621398022407,1.2926977967287197,0.8018233913492487,0.7167152665655707,0.13234140145422446,0.5361344752156882,1.0,0.9,0.7,0.2,31,942.87170514742,48324.63778806567
8,19,0.8561964256758503,1.331432610047399,1.258972574013795,0.7723552321609326,0.6747431246800984,0.12940266007832274,0.49462340786635994,1.0,0.9,0.7,0.2,32,1055.2995237039058,47569.15234907328
8,20,0.8583556986862726,1.343811160828118,1.283105641731942,0.7801342500623569,0.7219526326406598,0.13226471299864634,0.5030142511298786,1.0,0.9,0.7,0.2,33,2263.6123687900026,58272.46052412357
8,21,0.8568592289001218,1.342149186896462,1.281256805084827,0.7879064794764217,0.6743870806186789,0.1373748976470126,0.4956287199258946,1.0,0.9,0.7,0.2,35,1462.7997227809683,54347.44035176147
8,22,0.8485815107738055,1.377201022442774,1.3668093961019065,0.8223646436596717,0.7001953349432182,0.13374429452472314,0.4988704760026124,1.0,0.9,0.7,0.2,37,1139.4518914240812,49487.71621408224
8,23,1.5821644530908456,2.0842065024031324,2.044559722858215,1.570688270431351,1.4843450344013296,1.0,0.4542767410959977,1.0,0.9,0.7,0.2,39,1177.0845528993948,44484.83691142061
8,24,1.5391386542220045,2.037256413624171,1.9951685288197885,1.544491721192978,1.4848533254693053,1.0,0.40756831369619667,1.0,0.9,0.7,0.2,40,1430.0985436625035,45261.530516503095
8,25,1.5699336434615174,2.051324457587879,1.9933182084936092,1.59120908468672,1.4672737314721787,1.0,0.4680112565743924,1.0,0.9,0.7,0.2,43,1120.6142083019952,45047.53280817807
8,26,1.5435691255673851,2.021776530018377,1.9622648008650199,1.574712147683118,1.4682518527432005,1.0,0.4383590051536645,1.0,0.9,0.7,0.2,44,1244.337810341229,45480.08747512072
8,27,1.5281740085664774,2.014586969116668,1.9667427544599956,1.572482794973434,1.423420052543296,1.0,0.4232008089103977,1.0,0.9,0.7,0.2,46,1347.7731539273173,45945.6670140355
8,28,1.5147487997804305,1.999201744169348,1.950523295304323,1.5706829467618324,1.4027384581656799,1.0,0.4081806716660165,1.0,0.9,0.7,0.2,48,1267.8799253049017,47239.80075077758
8,29,1.5182367174950668,1.9959929749476881,1.9446412682517344,1.585912422996919,1.4526390393790676,1.0,0.42589663050071325,1.0,0.9,0.7,0.2,50,1342.9996623924349,48442.74827816962
8,30,1.516992530651902,1.9936692184521363,1.9419080220089275,1.5950773775919602,1.4065425086769447,1.0,0.42599212221795585,1.0,0.9,0.7,0.2,52,1351.2151807303112,48200.65351066611
8,31,1.5094295978949948,1.9961496848023206,1.9569547146852262,1.6014662521439575,1.3979155407107755,1.0,0.4171541310458887,1.0,0.9,0.7,0.2,55,1411.4687993908676,48485.53757552736
8,32,1.522857059983301,2.0050647477651915,1.964232522946931,1.625062400819012,1.477255417038655,1.0,0.4435475798685241,1.0,0.9,0.7,0.2,56,2515.8730140991474,48317.02288666236
8,33,1.560194338394939,2.0528495585185524,2.024750562025725,1.721004312577075,1.4497146530580343,1.0,0.4980350079918051,1.0,0.9,0.7,0.2,66,1393.929796683027,47513.41717113858
8,34,1.5608747007121828,2.0531329567215995,2.0248944616240263,1.7291045150724809,1.4525709903548334,1.0,0.49960388857108723,1.0,0.9,0.7,0.2,68,1395.655329010891,47462.048925699135
8,35,1.511417617091647,2.0022976763568487,1.9735793589391368,1.6853150146898506,1.4212467505677895,1.0,0.43098410104244733,1.0,0.9,0.7,0.2,69,1306.0086489612254,46086.09563811584
8,36,1.5267588536275025,2.028032236434735,2.0120348986617262,1.711592273245077,1.4235530963585776,1.0,0.45407374993358396,1.0,0.9,0.7,0.2,71,1292.1713451347964,46743.30080892908
8,37,1.1475868231946074,1.642294775455099,1.6241043109460844,1.3067945185537673,1.0896397124898738,0.16102196542626634,1.0,1.0,0.9,0.7,0.2,73,2239.393837525449,54118.87940931972
8,38,1.14719925775226,1.641120039228434,1.6226705640037016,1.3103998181158998,1.0559904120193446,0.16139709690446655,1.0,1.0,0.9,0.7,0.2,74,2134.728059041496,54680.014450774375
8,39,1.1419268802940319,1.6325758555128673,1.6130661765393381,1.3074267013460412,1.0868686762002273,0.1587822329003042,1.0,1.0,0.9,0.7,0.2,75,2177.704915693292,56065.48620217674
8,40,1.1399722827739955,1.6254919043228722,1.6044025230352867,1.3189594768420219,1.076961683969471,0.16116051535046066,1.0,1.0,0.9,0.7,0.2,77,2122.5673551602317,55128.48135612482
8,41,1.1436314430982621,1.6280398344001654,1.606602833408629,1.3267556082768572,1.06430867370667,0.1662471442692552,1.0,1.0,0.9,0.7,0.2,78,1947.169948903,55103.85610243592
8,42,1.1385398763182413,1.621597118440609,1.5997603103559033,1.3293042817925025,1.0613801982627102,0.16168191692664508,1.0,1.0,0.9,0.7,0.2,79,2119.062762551884,54906.85546537508
8,43,1.1327714255884727,1.6112297636332849,1.588023072379794,1.3330719658513774,1.0993071083889805,0.15905071346293234,1.0,1.0,0.9,0.7,0.2,80,2134.530968711721,54970.6965549374
8,44,1.1039518809490827,1.5798824205438369,1.5657971841146516,1.324917096661873,1.1809037773708224,0.13693821322741068,1.0,1.0,0.9,0.7,0.2,81,1926.8730594192195,56576.157802773385
8,45,1.1080526915788151,1.5702687299380582,1.5525240711869641,1.3347069259469075,1.1096206099694679,0.14999859547344443,1.0,1.0,0.9,0.7,0.2,83,2332.352140065591,56727.373195504304
8,46,1.1020365644607664,1.5617291269185263,1.543332223448583,1.3330908589651755,1.0435262470344715,0.1447419062173485,1.0,1.0,0.9,0.7,0.2,85,2316.9124293059467,57223.8168584103
8,47,1.1028399465668697,1.5615816560518112,1.5429398836224553,1.3377114149839258,1.041546918682348,0.14616669254558304,1.0,1.0,0.9,0.7,0.2,86,2131.0209784988087,56975.1127639202
8,48,1.101239388642435,1.5591377839126723,1.5402800351897594,1.3398794953846063,1.0391415757642353,0.14485243051502855,1.0,1.0,0.9,0.7,0.2,87,2278.701533281629,57690.38593566336
8,49,1.1047311178278365,1.56632154714029,1.5585466174652438,1.370683683478408,1.1171784600670376,0.15282831090863788,1.0,1.0,0.9,0.7,0.2,88,1900.671707839712,62460.25816794429
8,50,1.099553420677248,1.566076300903316,1.5697608699747014,1.3673855276590552,1.0967139750123873,0.1501049398046525,1.0,1.0,0.9,0.7,0.2,89,2280.226104408946,58473.399652272186
8,51,1.0942989764945465,1.53578487627047,1.5231305988455641,1.3660003700131533,1.1717124095580234,0.1505550875249971,1.0,1.0,0.9,0.7,0.2,90,2155.844457523446,72637.50810806386
8,52,1.0924126387734387,1.541029576219933,1.540417384456511,1.3792866645243356,1.0545365310873782,0.15015238490303834,1.0,1.0,0.9,0.7,0.2,92,2274.654521361186,69997.14009824317
8,53,1.091531720604981,1.5260421637597594,1.5117497775034843,1.3826817607460455,1.0491930263723694,0.15035873256991394,1.0,1.0,0.9,0.7,0.2,94,2106.866589703538,72547.87430752422
8,54,1.0906867509423874,1.5240946188205282,1.509545111288076,1.3856643937414819,1.040104275007357,0.14986132055651388,1.0,1.0,0.9,0.7,0.2,96,2228.3376506997447,65177.98316081306
8,55,1.0876561558648064,1.5626809239437451,1.5993906170210643,1.4558927675592985,1.036019875216069,0.14775909491475891,1.0,1.0,0.9,0.7,0.2,106,2294.015623889401,62500.56061583587
8,56,1.0853030950441966,1.5418360330160155,1.5638733014597908,1.4660986217879786,1.1012248512805138,0.14789471746541188,1.0,1.0,0.9,0.7,0.2,107,2126.9488379448057,66229.60556119129
8,57,1.085288001653389,1.5417751695497814,1.563801911423609,1.4660928157582147,1.0335306303237703,0.14789471746541188,1.0,1.0,0.9,0.7,0.2,108,2143.980083195529,66098.6867076385
8,58,1.0839431139946512,1.5359883688296148,1.5570076378812663,1.480525678543444,1.053746008936129,0.14800187272032234,1.0,1.0,0.9,0.7,0.2,110,2077.217636107371,66429.1826923996
8,59,1.4192358484380094,1.8703418038178963,1.8911393415190814,1.8009286364535575,1.379151278340976,0.5209442631248795,1.0,1.0,0.9,0.7,0.2,111,1995.9048915843089,67798.52934830527
8,60,1.427570509637826,1.8686180032765152,1.8871765669979128,1.8219553180178407,1.4102701577278205,0.5335548578292123,1.0,1.0,0.9,0.7,0.2,114,2086.697699109057,66561.00663360443
8,61,1.4145185320566218,1.8531543916007212,1.8711809751315285,1.8202050633929743,1.375030815780868,0.5198252261665786,1.0,1.0,0.9,0.7,0.2,117,2023.2910839610076,66566.53786838625
8,62,1.075711876030673,1.5234229553024181,1.553981334712784,1.5005249460435295,1.0487462292958412,0.14404877106552033,1.0,1.0,0.9,0.7,0.2,118,2309.3276830888176,66990.18452553819
8,63,1.4143249156843143,1.8674460753018718,1.9097342672263378,1.8589853115865587,1.3960133086863675,0.5220920880386065,1.0,1.0,0.9,0.7,0.2,120,1968.305072391005,68062.45404538795
8,64,1.437606498630809,1.8555168691024646,1.8903245257982009,1.898266426085262,1.5539593860311116,0.5573708998617322,1.0,1.0,0.9,0.7,0.2,122,3086.63192884523,65934.93163503305
8,65,1.5468346781453142,1.9608992740350202,1.9949094564149688,2.0269316476784254,1.5197985398785694,0.6796358555278154,1.0,1.0,0.9,0.7,0.2,126,2598.2366554999835,53349.66919073276
8,66,1.4298821163936872,1.8416039735254395,1.8858324744761565,1.9224280190373637,1.510900503546772,0.5526884178098633,1.0,1.0,0.9,0.7,0.2,127,3129.9368231011176,66586.28242219656
8,67,1.4187519343799333,1.8017287722995592,1.8186679018208818,1.9243003816335607,1.404991131460703,0.5416387101640535,1.0,1.0,0.9,0.7,0.2,130,2650.5761640575406,58744.07679164061
8,68,1.4249731202039582,1.7880315734457544,1.8117517169893882,1.9342098881829497,1.6525337357057075,0.554322384236445,1.0,1.0,0.9,0.7,0.2,131,2443.5827016095463,67506.04825756924
8,69,1.413499837257609,1.7727796888581284,1.795755712016215,1.9377803205723767,1.4031469652562703,0.5422038915542183,1.0,1.0,0.9,0.7,0.2,133,2583.9362839992405,64476.08521963992
8,70,1.4086920132590997,1.7656588726967737,1.7989903023001308,1.9454845260216262,1.4929976417611517,0.5390051829735745,1.0,1.0,0.9,0.7,0.2,134,2376.5029389020738,66203.1957953927
8,71,1.4052331371918216,1.7431832933022695,1.7728347290014166,1.9537613675843717,1.4591506288679197,0.5379077402540774,1.0,1.0,0.9,0.7,0.2,136,2499.263448239241,66402.9455434338
8,72,1.404778110225944,1.7270536555428027,1.7428459927589233,1.9450247277730104,1.419213309829143,0.5380057996425793,1.0,1.0,0.9,0.7,0.2,137,2524.086281374984,66921.43481051116
8,73,1.4036948541153194,1.7246717959589561,1.7402148809436278,1.962567993081195,1.3866769082051988,0.5369752862075149,1.0,1.0,0.9,0.7,0.2,140,2490.0325254716645,65840.75360373236
8,74,1.4071902350692862,1.7201278328855956,1.7341337461740778,1.973618260355768,1.3981663612249506,0.5419007143206386,1.0,1.0,0.9,0.7,0.2,146,2531.366962695534,288373.6026961028
8,75,1.404090098228367,1.686974259987761,1.695292868009791,1.9817741359058423,1.619641113524579,0.5419629322901751,1.0,1.0,0.9,0.7,0.2,147,2689.203803732299,289502.31267743144
8,76,1.4008042185294005,1.6724556224753786,1.6677679237121183,1.9919291647437563,1.3847635851445164,0.5383159118061076,1.0,1.0,0.9,0.7,0.2,148,2405.2429474766623,289398.34125679487
8,77,1.4019375026250058,1.6832026244192566,1.691217282195474,1.9870533896630613,1.3978899834558352,0.5397443999682533,1.0,1.0,0.9,0.7,0.2,149,2428.8540798990507,291331.9169868759
8,78,1.395896154884157,1.6729470066332686,1.680171135756346,1.9884339612168875,1.412401610986844,0.5334765032307897,1.0,1.0,0.9,0.7,0.2,150,2392.1011242195736,289953.31440924096
8,79,1.3958649682561692,1.6716704307232877,1.6786613442648137,1.9958346620779823,1.3849754680486552,0.5335713139301305,1.0,1.0,0.9,0.7,0.2,152,2398.671009766861,290347.5249651809
8,80,1.3962441638402683,1.679823443105849,1.6991734592685297,1.9937392454730358,1.4070195465037252,0.5343435530707533,1.0,1.0,0.9,0.7,0.2,153,2565.346906310484,291121.39435386576
8,81,1.389364082633852,1.631230264371857,1.6319130607378483,2.0074470694989714,1.6078848873334834,0.5295648675476637,1.0,1.0,0.9,0.7,0.2,154,3188.595958980321,65728.27395680209
8,82,1.3912467718608583,1.6198444878588536,1.61808418235887,2.0201635393582755,1.4292149877527154,0.5327647205779014,1.0,1.0,0.9,0.7,0.2,156,3181.9258582285324,65414.67561178552
9,0,1.0,1.0,0.9510262383316989,0.012767904366277633,0.0,0.0,0.0,0.0,0.9,0.7,0.2,1,781.8546428463583,8001.541735541956
9,1,1.0298677650845351,1.0480780111514791,0.9981937067327886,0.069069095873382,0.07196092857327546,0.05922232646947889,0.00010725661360837,9.750412846396e-05,0.9,0.7,0.2,3,750.5536819822771,7868.089025500393
9,2,1.2743512455459618,1.4169733103896849,1.3600376363904916,0.48860982092213673,0.7531646393450433,0.0727610151370449,0.44975293536534294,0.41576155504565593,0.9,0.7,0.2,4,2050.2562396800377,3963.041035090403
9,3,0.7567647484984166,1.0704711495935184,1.0132827355327705,0.19283614622029566,0.7221902484901083,0.07263612672476423,0.13355810384718295,0.12141411216340567,0.9,0.7,0.2,5,779.0753984461219,5405.576237134425
9,4,0.7026102111355801,1.096629730023872,1.0282730231344073,0.2828242779588336,0.5019273911457817,0.09575475663982565,0.197762604831506,0.24952575318652928,0.9,0.7,0.2,7,1247.6255921705292,7399.780792509689
9,5,0.7289965300242952,1.1371206764498234,1.0661780247629737,0.34219945416625563,0.38494636280325434,0.09905172431749666,0.25263500651185666,0.32059048703077336,0.9,0.7,0.2,9,1721.7920019007738,7319.256854731728
9,6,1.3757572699054654,1.811644652876031,1.7652645537955387,1.055524625390094,0.9996988583612723,0.1006942089437162,1.0,1.0,0.9,0.7,0.2,15,2213.304288933668,35492.74537043269
9,7,1.3577998492412886,1.8141857715802858,1.7620548129943459,1.0911213765482424,1.1440194057656838,0.14082922051064908,1.0,1.0,0.9,0.7,0.2,17,612.4299927960712,39691.16904283609
9,8,1.3531104332685053,1.8113285337329057,1.7585443589166039,1.0994083453248062,1.0410269003757675,0.14189291896555264,1.0,1.0,0.9,0.7,0.2,19,628.8954259616494,39685.89636065059
9,9,1.3531105328184583,1.788919836575528,1.7101344343428486,1.0841882545106103,1.0277037564284253,0.14189291914728755,1.0,1.0,0.9,0.7,0.2,21,628.8963216463865,39685.87603044779
9,10,1.3524257295894828,1.8332656260912807,1.8064031395679312,1.1178487092062044,1.0309154122921105,0.14188332751701815,1.0,1.0,0.9,0.7,0.2,22,598.1921676945465,40780.10540076605
9,11,1.3435469094549646,1.781460070767303,1.7018816551390727,1.0930822180693474,1.0540401210771462,0.13874976085190246,1.0,1.0,0.9,0.7,0.2,23,884.7040492976181,39617.12219789638
9,12,1.2902052217229603,1.7674248382505897,1.7243718203272178,1.0789633087206574,1.0422431775669874,0.10187279076606318,1.0,1.0,0.9,0.7,0.2,25,288.87565812600644,38486.023624619
9,13,1.934334841614574,2.4253327397746185,2.3939031010005922,1.7509994322140525,1.674434408707964,1.0,0.7806148479743223,1.0,0.9,0.7,0.2,27,1468.9327005439336,95715.08846857928
9,14,1.9609363433037965,2.4453140504511786,2.3977125208687644,1.800021738338841,1.7607867306126932,1.0,0.8516208819211235,1.0,0.9,0.7,0.2,29,2258.2451985872062,246025.01732873885
9,15,1.250601948040387,1.769106469168269,1.7601220610023365,1.1195593977704918,0.9966525331444573,0.09839956959311368,1.0,1.0,0.9,0.7,0.2,31,179.8677083804359,39259.59280760762
9,16,1.2626739143681192,1.7812220263955607,1.7721255989547393,1.1317058968095761,1.0054443110572855,0.11258809017590996,1.0,1.0,0.9,0.7,0.2,32,184.24386023021844,41182.9776050631
9,17,1.2228120609129847,1.7440497296023592,1.7313549577325382,1.1228724913925425,1.1319341626675963,0.09463154048284587,1.0,1.0,0.9,0.7,0.2,33,209.22173926909716,34388.48376289515
9,18,1.2084354489039355,1.7302264424123681,1.715548052359011,1.1195612155626102,1.0637619985966797,0.09214180225188587,1.0,1.0,0.9,0.7,0.2,34,208.4242762044392,35321.190570928295
9,19,1.2015201097908035,1.6781878221064406,1.6084916236157734,1.0990822650576322,1.0548103580568944,0.10368342906792852,1.0,1.0,0.9,0.7,0.2,36,238.91099429427783,35742.16817602085
9,20,1.2002830408606942,1.7104880394426305,1.6795688615906992,1.1343812895402872,0.9978928142055441,0.10368116064695505,1.0,1.0,0.9,0.7,0.2,38,246.56569455937296,35999.38182481952
9,21,1.1916841312782827,1.7119550943555635,1.6917543821818648,1.1546015572353328,1.0902960679079374,0.10766958599746153,1.0,1.0,0.9,0.7,0.2,39,227.32650730652125,35869.989470396315
9,22,1.1648698033801763,1.6913759924202918,1.6792117335821815,1.1581513247314077,1.0951713939806218,0.10456079859651064,1.0,1.0,0.9,0.7,0.2,41,230.3155448191388,36613.0646568298
9,23,1.163350860121505,1.7003105000388559,1.7005842683380308,1.1679535880587526,1.0065835888633998,0.10568809147699668,1.0,1.0,0.9,0.7,0.2,43,268.96763980974475,36230.49752363672
9,24,1.1619951816008023,1.6868094235156679,1.673413251214228,1.1730343840785122,1.0103807055154717,0.10747981713175421,1.0,1.0,0.9,0.7,0.2,45,265.4136241079358,36827.49497585967
9,25,1.14675927749887,1.675757204256053,1.6711692680027563,1.182274070257896,1.0844407689547086,0.10994946602771882,1.0,1.0,0.9,0.7,0.2,47,269.53553610799787,36866.29359112364
9,26,1.122464626565289,1.643610551029367,1.6352570317671156,1.1854410000046607,1.0655818671049022,0.09866183133260432,1.0,1.0,0.9,0.7,0.2,49,422.6372309469958,36844.33976536013
9,27,1.1285154257027545,1.6423661894133694,1.6309782202800693,1.2069986320317874,1.0671438450221724,0.11696675300932544,1.0,1.0,0.9,0.7,0.2,51,770.4420601709969,31948.17691396044
9,28,1.1225700882364715,1.6730996660523079,1.7106610733214385,1.2589981541647217,1.0297655068884033,0.12112536623861395,1.0,1.0,0.9,0.7,0.2,57,2841.1238373882984,48131.41445083877
9,29,1.116202135497761,1.6627737974674603,1.6989441528646185,1.2629112407623075,1.0351701950505485,0.11867684045100632,1.0,1.0,0.9,0.7,0.2,59,2684.244576294727,47047.545935067705
9,30,1.1088535988012365,1.6611655791982904,1.708494813572358,1.2698437709756034,1.0423223298575455,0.11638919438103797,1.0,1.0,0.9,0.7,0.2,61,2774.2942231530324,46925.325588080486
9,31,1.0888194465421488,1.6342299930889193,1.6889574363900055,1.2644121123262095,1.1135599374579637,0.1103591739116084,1.0,1.0,0.9,0.7,0.2,63,4037.055503330332,46860.01822274733
9,32,1.0934601534588928,1.6242806173020319,1.665025950386054,1.2879260247212083,1.0263154918580975,0.11812202674712076,1.0,1.0,0.9,0.7,0.2,65,2727.740137011022,46691.95558137919
9,33,1.093251295525186,1.6349659168515824,1.688622850746167,1.305101890059039,1.008116986119119,0.11812202674712076,1.0,1.0,0.9,0.7,0.2,67,2710.9800526044087,46576.06781481984
9,34,1.0929102305992886,1.6201834155938297,1.659918164473612,1.303665481815952,1.0457044722284867,0.1201264601300398,1.0,1.0,0.9,0.7,0.2,68,2816.085783935734,43657.70370889078
9,35,1.0798702272339722,1.5833274190538276,1.616657079135162,1.3004579449660674,1.2703016704213146,0.12073081524311424,1.0,1.0,0.9,0.7,0.2,69,2689.467832806901,47679.44561921786
9,36,1.069156832343176,1.577011670092478,1.6216164407328542,1.29561588502607,1.0362436703367814,0.11245824485719,1.0,1.0,0.9,0.7,0.2,71,4075.8162910839615,50207.27943857327
9,37,1.069053387271561,1.587887082491614,1.6454363037243513,1.3129734369683843,1.0023469137880328,0.11245824485719,1.0,1.0,0.9,0.7,0.2,73,4070.63787622316,50170.87823295129
9,38,1.0715358872384013,1.5708899798260416,1.61338538719344,1.325207458028671,1.0492701934230058,0.1193422884073172,1.0,1.0,0.9,0.7,0.2,75,2663.478856278071,46336.96618482115
9,39,1.0481301014249798,1.5128455415396658,1.5160893692331636,1.2988829355577212,0.9858793651924829,0.09381875284095724,1.0,1.0,0.9,0.7,0.2,82,1658.7707364957955,30204.628482876546
9,40,1.0427924357694793,1.5438363113317746,1.5970295453612449,1.3384273339193162,1.066318779790981,0.09177323385624946,1.0,1.0,0.9,0.7,0.2,83,1752.2384893266972,27363.18878273406
9,41,1.0428930853607286,1.5431368788051008,1.5961388686650924,1.342313342584389,0.9869167756904353,0.09223691107830431,1.0,1.0,0.9,0.7,0.2,85,1764.120179531657,27257.4036425749
9,42,1.0419568587782937,1.5419420723606463,1.5948822975262844,1.3558354562713193,0.9834430277933994,0.09131016582090248,1.0,1.0,0.9,0.7,0.2,87,1724.2937733683757,27162.80126524375
9,43,1.040875932953833,1.5380799880483156,1.5903590761733977,1.3554774733655466,1.009125761617435,0.09130827771971466,1.0,1.0,0.9,0.7,0.2,88,1742.945567697109,27214.42942461906
9,44,1.0330136299972448,1.5052092366684626,1.541267190649243,1.343683311123933,1.0121528502225448,0.08813019381729846,1.0,1.0,0.9,0.7,0.2,92,1757.2383140840527,22093.53043541829
9,45,1.0350581224805109,1.5230734478672618,1.5836278979865843,1.372330316310068,1.0449138425100795,0.09284247453940604,1.0,1.0,0.9,0.7,0.2,93,1825.9735118836008,28324.162681465405
9,46,1.031712936708661,1.5349972777824503,1.6199438011324452,1.403237830585924,1.0480865178408487,0.09163211203604084,1.0,1.0,0.9,0.7,0.2,94,1819.058522721229,24318.32825009354
9,47,1.019540146542902,1.4308547735390604,1.453622211766155,1.3361946434849592,1.3976064530644192,0.09174249644914154,1.0,1.0,0.9,0.7,0.2,95,1301.9791651945868,28427.208528089715
9,48,1.0197793274599884,1.4296907637828327,1.452165321871465,1.3473904783176343,0.9890886480115064,0.09234971088876835,1.0,1.0,0.9,0.7,0.2,97,1276.8178526945733,28158.443035344942
9,49,1.020069308434035,1.4263659253783028,1.4480880142970836,1.3588879245625096,0.9995255215682064,0.09353706071172377,1.0,1.0,0.9,0.7,0.2,99,1328.7103373054583,28498.394361177467
9,50,1.0225713439984905,1.4471664226344767,1.5047361439008269,1.395495327185355,1.0541052623144151,0.0997648112761198,1.0,1.0,0.9,0.7,0.2,101,1462.9310291694856,33584.1991856969
9,51,1.0228291525255295,1.445265081539582,1.5023941390762452,1.4107109523632588,0.9994450928894907,0.10051074139506573,1.0,1.0,0.9,0.7,0.2,103,1482.797862781928,33616.17258400573
9,52,1.0161678944014148,1.3881482526091506,1.4028705880984944,1.3757689897346745,1.1257069623868954,0.09648768749283004,1.0,1.0,0.9,0.7,0.2,104,1517.3993287115634,30555.562226817136
9,53,1.0161008017058224,1.3871980357873652,1.401743229130427,1.3868375365596726,0.9905351696219067,0.0965807744317472,1.0,1.0,0.9,0.7,0.2,106,1510.481641855537,29755.29614690703
9,54,1.015607899835919,1.3629868672573104,1.351268649106404,1.3645427880197813,0.9973608905475388,0.09628026809741433,1.0,1.0,0.9,0.7,0.2,107,1514.389797097038,29699.185392702253
9,55,1.0014117633499695,1.3895140577088723,1.461364962336712,1.4109593150858613,1.2813582307045015,0.0868461867282755,1.0,1.0,0.9,0.7,0.2,108,1530.8279851984466,27328.319436105
9,56,1.0031946714569375,1.4021260054888074,1.4869044283777813,1.4422267297250226,0.9805907536226963,0.08888356826505919,1.0,1.0,0.9,0.7,0.2,113,1473.974269064633,33325.56396917159
9,57,1.000208752306905,1.3855998134684357,1.4677585016034975,1.4395939629925603,1.0856259799867019,0.08751940219073391,1.0,1.0,0.9,0.7,0.2,114,1480.3783178893416,25691.763528223863
9,58,0.9998347002986101,1.3827002750818322,1.4752255017493223,1.4511634608218584,1.0337473337433358,0.08893748738780143,1.0,1.0,0.9,0.7,0.2,116,1650.4291354285026,25771.472743782284
9,59,0.9974957072997168,1.3480025248168919,1.4126301412698115,1.4672796475323093,0.9917515686909497,0.08758637044958276,1.0,1.0,0.9,0.7,0.2,122,1536.058902817048,21971.072467647664
9,60,0.9942108191901611,1.3403638000546592,1.425942973912829,1.4720754793095463,1.183994938613629,0.08696232915561106,1.0,1.0,0.9,0.7,0.2,123,1732.9328645976752,21666.740121345483
9,61,1.0001672061807794,1.3202189807825855,1.3900141171692162,1.481401528317806,1.042338174889972,0.0950874839831998,1.0,1.0,0.9,0.7,0.2,125,1680.3810120509977,25318.86239617235
9,62,1.000164240548905,1.3313864010478118,1.4141758386979444,1.492987221348023,0.9857075299537978,0.0950874839831998,1.0,1.0,0.9,0.7,0.2,127,1679.8117709813723,25313.523418244917
9,63,0.9984877598313151,1.317443102823122,1.387034202822141,1.502621588270213,0.9920646003308871,0.0933277723617338,1.0,1.0,0.9,0.7,0.2,128,1776.3204555740783,24195.60407568353
9,64,0.9972240301434918,1.3322655907257144,1.426682309239635,1.5091354258430991,1.0312076828772385,0.09252463034875684,1.0,1.0,0.9,0.7,0.2,129,1764.661069736737,26306.40860249359
9,65,0.9920241335236479,1.281407253543507,1.3564684362687847,1.4868477082791662,1.2399043782818744,0.08969622218022294,1.0,1.0,0.9,0.7,0.2,130,1650.1459428726769,21448.92130341125
9,66,0.9896900860374651,1.259964777034073,1.3315339830792632,1.4999296565999958,1.0508820185637386,0.08852712269999294,1.0,1.0,0.9,0.7,0.2,132,1693.835702332644,21493.070742006887
9,67,0.9906056939716583,1.256495081134251,1.3272657895866742,1.5082425129837427,0.997148221180882,0.08985232821602714,1.0,1.0,0.9,0.7,0.2,134,1719.129359940449,21629.97250837749
9,68,0.9888510979233494,1.2360250353506608,1.303399325409911,1.5171138655097256,1.049555714885012,0.08914424488751543,1.0,1.0,0.9,0.7,0.2,136,1855.182788122504,21228.2441752682
9,69,0.9889453117251741,1.2352609939651986,1.3024799179165818,1.5290234086200332,0.9835179654283743,0.08930267256609115,1.0,1.0,0.9,0.7,0.2,138,1931.9448302988724,21346.822955102027
9,70,0.9887093800972462,1.2263270511804432,1.291973881217146,1.5322222470835574,1.0126458905170725,0.08957582900993742,1.0,1.0,0.9,0.7,0.2,140,1931.9534190271224,21550.08037223653
9,71,0.989413351720962,1.230198826593842,1.3073966151019218,1.5559236999122803,1.0014445710034172,0.0908327287709708,1.0,1.0,0.9,0.7,0.2,143,1817.330856107924,21141.94553220977
9,72,0.988841931420011,1.2287285493916191,1.3057644799860275,1.5667889652385163,0.9845282611249713,0.09024976106731984,1.0,1.0,0.9,0.7,0.2,145,1854.2636525082803,21416.6574865333
9,73,0.9883348693823197,1.2248169390369192,1.301239717887088,1.5623032826163776,1.005897195207412,0.0898811182246408,1.0,1.0,0.9,0.7,0.2,146,1931.0064842342128,21288.223184948387
9,74,0.9882363805267578,1.2195483869374286,1.2950411939312125,1.5734445103071215,1.0189979390376123,0.09006127882861051,1.0,1.0,0.9,0.7,0.2,147,1912.9639582248376,21617.98546923052
9,75,0.9887713281169848,1.2175305644181307,1.29256441923452,1.5853449601289495,0.9911484968082376,0.09079708057585753,1.0,1.0,0.9,0.7,0.2,149,1928.8859697326172,21790.63481877153
9,76,0.9893735455108446,1.2291474853151776,1.3171480049507946,1.609624071007551,0.9827340020006381,0.09147527891123408,1.0,1.0,0.9,0.7,0.2,152,1988.9933359568024,19802.57258311497
9,77,0.9885970529576624,1.2484848284977048,1.3730653301072675,1.6707714140661505,0.9887767264363105,0.0913250513701358,1.0,1.0,0.9,0.7,0.2,167,1877.035231738068,21929.956060611992
9,78,0.9885970529878247,1.2708933548826107,1.4214748611782917,1.699699901976581,0.98219258941626,0.09132505140209111,1.0,1.0,0.9,0.7,0.2,171,1877.035234448506,21929.956082318407
9,79,0.9886093060534398,1.268667573187017,1.4188482888456575,1.6909812121471355,0.9986828614275662,0.09145252508846871,1.0,1.0,0.9,0.7,0.2,172,1906.8841380986544,22834.07885859636
9,80,0.9882494714058201,1.2662327439138263,1.416042027490484,1.7116426048730242,0.9971619798149833,0.09115681300334226,1.0,1.0,0.9,0.7,0.2,173,1805.5910168494927,21791.193223623264
9,81,0.9888714489049515,1.261306734418356,1.4101237956885189,1.7073159682652372,1.0234067692201523,0.0921217182747422,1.0,1.0,0.9,0.7,0.2,174,1927.3827113916925,22840.53604776848
9,82,0.988822597828382,1.2713393759001341,1.432956140285442,1.7197572057068522,0.9869851493747295,0.09212171830664674,1.0,1.0,0.9,0.7,0.2,176,1920.2744061580056,22797.09254099238
9,83,0.9885619030928188,1.2686090390884714,1.4297845444412227,1.7272565106524278,0.9917576003507462,0.09195091117388857,1.0,1.0,0.9,0.7,0.2,178,1977.214613328185,23050.09189781844
10,0,0.7922326238700641,0.9480128548427701,0.890135917967599,0.007990598170689141,0.0,0.0,0.0,0.0,0.9,0.7,0.2,1,4142.118626963242,8787.441425597292
10,1,0.8232430291374093,0.9901211825132814,0.9314910656020977,0.05749302233379997,0.06189800148107142,0.05157062828531409,0.00010196117805215999,0.00010985789032766,0.9,0.7,0.2,3,4167.72697989299,8929.762531177656
10,2,0.8076723420842784,0.9817275853891573,0.922654782259044,0.05379165786441564,0.0604035044399915,0.033029202424883594,0.01469684997786569,0.00341769688157765,0.9,0.7,0.2,4,4442.534521102825,9643.839795151038
10,3,0.626597193737564,0.9917794000106438,0.9283021823170645,0.1475194528806789,0.8530553894865828,0.06323992110201436,0.09203802457461996,0.09916620622521369,0.9,0.7,0.2,5,2976.852578017777,6589.6696206581255
10,4,0.5517428039126288,0.9547885090588747,0.8847110964160346,0.1501242092454983,0.2757126203861132,0.0555236481013322,0.10072594189691286,0.11122510659404336,0.9,0.7,0.2,7,2260.7626319686265,15966.85785334931
10,5,0.552375341378865,0.9676091391019677,0.8948132564203952,0.18103169028566837,0.2265579236976752,0.059095396424664035,0.1267896938637954,0.1474018077005226,0.9,0.7,0.2,9,1783.9079778738628,35210.97798208216
10,6,1.6665770858515032,2.0985834791163316,2.0374661967071876,1.319691791266651,1.353969813692194,1.0,0.28415558657058965,1.0,0.9,0.7,0.2,10,3015.461226495648,6696.251669074087
10,7,0.4885820192399045,0.9201862021666596,0.8428690921263917,0.16814301196059994,0.27994988135811466,0.04009005778823767,0.13096555863114534,0.11319582706957396,0.9,0.7,0.2,11,2208.075488472858,15887.647316322826
10,8,0.5406728158891937,0.9772427191010477,0.8981947547641176,0.24426997988898497,0.2881823796483322,0.03478215073562269,0.2340624056986786,0.11206051184354326,0.9,0.7,0.2,12,2695.081068168636,15858.19841336781
10,9,0.47354651027045974,0.914089381977745,0.8334296715457307,0.1858081040568419,0.22931438632630735,0.04507014923787312,0.14026652801249467,0.12533804478890995,0.9,0.7,0.2,13,2206.5335649196654,15839.769050270226
10,10,0.8194554779757561,1.2613809474747217,1.180112675632372,0.5466389785401486,0.5395293720017105,0.15986237926895377,0.24398083169045268,1.0,0.9,0.7,0.2,14,2625.6700285959405,15987.887213973016
10,11,0.4878061983128984,0.9324121299140505,0.84983374299076,0.21904431089002066,0.2466966071655564,0.053287597201573535,0.15833315916659435,0.1727592384248938,0.9,0.7,0.2,15,2214.141045561318,15794.605591607466
10,12,0.8326418294534048,1.278943399689352,1.1954390581874113,0.5745280189288711,0.5641648819417825,0.25177342644914413,0.16955120589450773,1.0,0.9,0.7,0.2,17,2106.6785225797485,15418.788587569585
10,13,0.4559624734424688,0.9152229530652315,0.8436573632097253,0.21188491411942767,0.21997101108435085,0.04381608033966499,0.16016529720464856,0.12503922665718792,0.9,0.7,0.2,18,1053.2507789206943,12445.873326741748
10,14,1.5303612716987551,1.9900377488348129,1.918183931154557,1.2981692309306667,1.2647125995476258,1.0,0.2186508970077587,1.0,0.9,0.7,0.2,19,1406.498804345208,12493.53675784094
10,15,1.1817122784444285,1.6687435448226366,1.610201260584348,1.027326402973618,1.5009563354862379,0.09272115414834632,1.0,1.0,0.9,0.7,0.2,20,1108.0781251996086,14412.438778360116
10,16,1.17739340818673,1.6749369115457113,1.6283382503617956,1.0351612653129145,1.0061618478664183,0.0940104143572878,1.0,1.0,0.9,0.7,0.2,22,1147.853852601444,14179.867499483847
10,17,1.1501439160063085,1.64414312389435,1.5938567568759143,1.0388733348664543,1.0129704803771191,0.08372085765249389,1.0,1.0,0.9,0.7,0.2,26,1438.9318500907684,13141.12975234572
10,18,1.1542809700651642,1.6468483452214444,1.5954321286827733,1.0546157132324785,1.0076674099092964,0.0940572495202375,1.0,1.0,0.9,0.7,0.2,28,1428.7956721939504,15564.37120637729
10,19,1.1534868165620324,1.6570166472375896,1.6184234604363392,1.0703171444296775,0.9882501222890223,0.0940572495202375,1.0,1.0,0.9,0.7,0.2,30,1411.0526339617998,15413.093830635862
10,20,1.1444391907944644,1.6469090441396586,1.6075364283113858,1.0662566645030152,0.9897771787697354,0.08788390794311743,1.0,1.0,0.9,0.7,0.2,33,945.0187170327396,22546.7740781618
10,21,1.1572811175231366,1.659026363496505,1.617915957923263,1.1051801868172126,1.0463119062770838,0.1126223442803151,1.0,1.0,0.9,0.7,0.2,35,1198.675804292189,23488.15645190256
10,22,1.1348577654050094,1.6334855911716017,1.5990830301614494,1.1100222713498076,1.1200282920227165,0.11262234428031506,1.0,1.0,0.9,0.7,0.2,37,1040.326297874571,21191.56361337016
10,23,1.1415192772821987,1.6356582622364013,1.5993486124969916,1.1425394444348975,1.0406273602238998,0.1274097151782617,1.0,1.0,0.9,0.7,0.2,40,1459.3267558175453,22829.40716065246
10,24,1.130880390520977,1.6283178079296141,1.6019346818792985,1.155582596196033,1.076846295404824,0.12674818147078115,1.0,1.0,0.9,0.7,0.2,42,1458.6875188015788,20267.30435372835
10,25,1.1308371286398957,1.6163958941297956,1.5767709541817203,1.1637696988181794,1.0179605620316186,0.12751597456908212,1.0,1.0,0.9,0.7,0.2,45,1440.1587954754525,22208.65182241906
10,26,1.1285062156568517,1.6126366073658918,1.5724917029633554,1.169315707101305,1.0246434314649249,0.1267130744420623,1.0,1.0,0.9,0.7,0.2,47,1408.7764237605877,22309.24499686132
10,27,1.152274407180943,1.6436905545016864,1.615153292977058,1.197901723845358,1.0705134934017617,0.15780500288435634,1.0,1.0,0.9,0.7,0.2,49,1362.6956398422235,11835.778634584223
10,28,1.153859438794711,1.6451383561185053,1.6165566468357182,1.2017572972639534,1.045415514883704,0.15970184200378482,1.0,1.0,0.9,0.7,0.2,50,1368.3144723241828,11829.265906300709
10,29,1.1428715851955127,1.623473302804664,1.5913462388468322,1.205683715139762,1.1874032283756721,0.15863192360982886,1.0,1.0,0.9,0.7,0.2,51,1312.064686749596,7684.871781936677
10,30,1.142871584600785,1.6234733026995818,1.5913462387417499,1.205683715033316,1.0427694286886713,0.15863192349307087,1.0,1.0,0.9,0.7,0.2,52,1312.06467516168,7684.871649779394
10,31,1.1394554953533518,1.6148977435210388,1.5811553959299653,1.2147145274441438,1.1095765651714067,0.15958366620399994,1.0,1.0,0.9,0.7,0.2,53,1304.1553844874825,7593.89501504797
10,32,1.1394554949235882,1.61489774341867,1.5811553958275966,1.2203526099652926,1.0436254278754162,0.15958366609025693,1.0,1.0,0.9,0.7,0.2,54,1304.155374347698,7593.894885805523
10,33,1.1380243295420425,1.6127709952952012,1.5788141106293019,1.2205928957316836,1.0515608155071912,0.1586126459548311,1.0,1.0,0.9,0.7,0.2,55,1313.9017685372723,7537.790033167461
10,34,1.13793403591334,1.610312077506706,1.5756370090354517,1.2276496075057202,1.0736881856452274,0.16053987556497198,1.0,1.0,0.9,0.7,0.2,56,1291.9523094398992,7651.808604537798
10,35,1.128449449597037,1.6230035017638516,1.6142609587482986,1.2310041650591284,1.0378761781008077,0.1501874139553519,1.0,1.0,0.9,0.7,0.2,57,1452.3927512651694,5872.037571292622
10,36,1.1879057068525056,1.679026994646496,1.669261642810689,1.2994509127281704,1.1387982660558817,0.2190712629105628,1.0,1.0,0.9,0.7,0.2,58,1396.1861922633657,7858.721366964548
10,37,1.1875822831101044,1.6760971801547362,1.6655671502014566,1.3040831504607586,1.1299052786769355,0.2207775017230027,1.0,1.0,0.9,0.7,0.2,59,1423.1829438457048,7699.969487224122
10,38,1.1158535067006965,1.5861831411918028,1.5705478854467951,1.2436081504757261,1.2492277749866212,0.15399554298120724,1.0,1.0,0.9,0.7,0.2,60,1471.083865490257,6122.57052330877
10,39,1.173377918417165,1.6407665359347636,1.6243812614832576,1.3021266879351503,1.111636348336779,0.21950979728692022,1.0,1.0,0.9,0.7,0.2,62,1409.2478284092954,7536.849521164813
10,40,1.1728130092257887,1.6399476913226925,1.6234951559472581,1.3074917366833696,1.0998739678540637,0.21903631008355823,1.0,1.0,0.9,0.7,0.2,63,1406.856825892357,7532.547016201586
10,41,1.1698340081800598,1.6337583709427244,1.6164609851084302,1.3070294430628844,1.1303300214967893,0.2176404186960863,1.0,1.0,0.9,0.7,0.2,64,1424.0205914913945,7179.304864943301
10,42,1.1605867162971868,1.6239693319424315,1.6166561654483835,1.325790693771446,1.1541796612446027,0.21388439231558123,1.0,1.0,0.9,0.7,0.2,66,1535.0669468843512,6426.211444164961
10,43,1.1029307157830825,1.564971823189507,1.5675641585814422,1.2780281527706256,1.1033005089382624,0.1559640430452454,1.0,1.0,0.9,0.7,0.2,68,1338.4906429949406,5881.6736924444
10,44,1.1018477375771627,1.5576647247135742,1.558757709493957,1.2858799235121456,1.0724083673010285,0.15757256152680263,1.0,1.0,0.9,0.7,0.2,70,1345.5213943597212,6208.501006678477
10,45,1.0950405616919068,1.5073213712236628,1.4670677600573234,1.3087751025585965,1.04748997395843,0.15419748787243145,1.0,1.0,0.9,0.7,0.2,81,1186.3660147089054,14515.041302549083
10,46,1.094022605626628,1.5146386643551952,1.4867197047599663,1.3224201969268934,1.0522347353994455,0.1541974878724315,1.0,1.0,0.9,0.7,0.2,83,1145.4298542947377,14199.952763892008
10,47,1.1279788842652956,1.5432288196666137,1.5140718550756112,1.3642908074570104,1.125104093299059,0.1939972028771516,1.0,1.0,0.9,0.7,0.2,84,1258.527292439072,14188.693759016403
10,48,1.0901144333754067,1.4932278700264185,1.4508566503337308,1.3230913741230792,1.0457752668988616,0.15227677284654562,1.0,1.0,0.9,0.7,0.2,85,1178.3932660712835,14587.304934028343
10,49,1.090909604933925,1.4930997370095007,1.4505173883664775,1.3176200740012884,1.046737713050605,0.1535038308180184,1.0,1.0,0.9,0.7,0.2,86,1090.560506978727,11989.9076675146
10,50,1.089456502425589,1.4895724630050942,1.4465169945456375,1.3268924591041107,1.047037445604448,0.15265440531482416,1.0,1.0,0.9,0.7,0.2,88,1067.3194136379504,12104.25333755689
10,51,1.12819608069305,1.5263584147510325,1.4828589520855993,1.3728161012131044,1.0948901250210545,0.19640825183021154,1.0,1.0,0.9,0.7,0.2,89,1229.4176447688217,12001.050968678954
10,52,1.0875901373497774,1.4845147281212023,1.4407350102066803,1.3326829509267877,1.0479771765962074,0.15173376219862847,1.0,1.0,0.9,0.7,0.2,90,1071.4581081288682,11908.780284936774
10,53,1.088726819820016,1.4811188696731399,1.4363179115707632,1.345214586147834,1.0599521680364405,0.1545860417485899,1.0,1.0,0.9,0.7,0.2,92,1126.4872651267106,11824.824238655468
10,54,1.0867412982620728,1.4813326867426884,1.4475277763740197,1.3727810647594152,1.0807217774992763,0.15537925184688678,1.0,1.0,0.9,0.7,0.2,94,1205.4803828083204,12954.515513092225
10,55,1.083376598478338,1.4729167303770612,1.4380007266430825,1.3774613378526162,1.060572782312916,0.1532370146869615,1.0,1.0,0.9,0.7,0.2,96,1235.1267197666384,13108.300704294084
10,56,1.0826165038536442,1.4697653603893561,1.4343265137634533,1.3842866438171146,1.0484785430642938,0.15312781388917135,1.0,1.0,0.9,0.7,0.2,98,1235.084719145342,13064.236798803602
10,57,1.0800087854271352,1.465314911790389,1.4294743668137582,1.3820511954761376,1.0521080371368954,0.15078913428711604,1.0,1.0,0.9,0.7,0.2,99,1271.0724395350912,12687.859192246313
10,58,1.080400502962634,1.4651345893587315,1.4291696590451732,1.3896505961459675,1.0413207052774576,0.15139572985170088,1.0,1.0,0.9,0.7,0.2,100,1243.5809688850743,12725.271893826935
10,59,1.0776903424868585,1.4497403180450663,1.4004536501053548,1.3905602799919445,1.0383036502156298,0.1488245110220643,1.0,1.0,0.9,0.7,0.2,103,1078.3538216913153,12848.229631834614
10,60,1.0793412522090016,1.4470387702008012,1.3968108393851124,1.396389727644978,1.0751323447443188,0.15192965359366212,1.0,1.0,0.9,0.7,0.2,104,1198.3098577388937,13447.233959914618
10,61,1.078923979908718,1.445161923705413,1.3946195040416058,1.4032584040022418,1.0431266003660562,0.151884638420328,1.0,1.0,0.9,0.7,0.2,106,1228.720172217239,12887.70421521797
10,62,1.0702961595885756,1.4129548342338973,1.3574205955065155,1.401052041915327,1.237154326111518,0.1484859839160042,1.0,1.0,0.9,0.7,0.2,107,1197.7074973786318,14841.590935361408
10,63,1.0196492101624697,1.4766809021083767,1.5623109576655305,1.4099817314316656,0.9878758433826988,0.0942992262226518,1.0,1.0,0.9,0.7,0.2,132,1285.9855852533467,30442.613433755207
10,64,1.020346644673338,1.482062758454343,1.6115733862212134,1.5384043629497872,1.0259788368009706,0.10317445035344538,1.0,1.0,0.9,0.7,0.2,142,1300.9484856138104,55207.08423779606
10,65,1.0168214069831074,1.4809319113311663,1.621698829704327,1.5507956560930622,1.0262921476447564,0.10078559673898475,1.0,1.0,0.9,0.7,0.2,144,1352.6117064873863,46869.87174969306
10,66,1.0167987669820762,1.478697678461138,1.6190286390018083,1.5624248306840522,0.9969473890048226,0.10113144332772228,1.0,1.0,0.9,0.7,0.2,147,1342.389019660237,46530.4682839577
10,67,1.0160525044396058,1.4751398903788473,1.6149179229379822,1.569497623027815,1.0019423820058249,0.10076594665482683,1.0,1.0,0.9,0.7,0.2,149,1349.2524865169908,47033.27087106968
10,68,1.015991478395748,1.4916723370392522,1.6563109103317801,1.5814481408089804,1.038074807822192,0.10163727525159168,1.0,1.0,0.9,0.7,0.2,150,1232.7680850718702,48334.6622169061
10,69,1.0154644838582383,1.4568913166993511,1.5932208211242953,1.5768913185904514,1.0395835910268478,0.10286334622776154,1.0,1.0,0.9,0.7,0.2,152,1245.6752658457203,49721.37501850864
10,70,1.0152974330205895,1.4537917240676024,1.6003911734287222,1.58922912736366,1.1055737147054117,0.10468620979801065,1.0,1.0,0.9,0.7,0.2,153,1240.0185984468349,57934.7556989497
10,71,1.0095234308327807,1.4060901967657005,1.5229568261415753,1.5950047013816562,1.066798248737019,0.1007952892909169,1.0,1.0,0.9,0.7,0.2,155,1233.5149234429148,51388.13390481493
10,72,1.0095025840821217,1.4170840877662416,1.5469151385598592,1.599202604313594,0.9914494948245625,0.10079528929091697,1.0,1.0,0.9,0.7,0.2,157,1236.161330388452,51400.28792090497
10,73,0.9995091306780679,1.3972197419781385,1.5251791818307499,1.612510288124883,1.0199512263846628,0.09086704328111343,1.0,1.0,0.9,0.7,0.2,159,2716.220411190975,47950.71652081631
10,74,0.9995047058357254,1.4083772462853827,1.5493293549712726,1.632362898293008,0.9819437225650789,0.09086704328111356,1.0,1.0,0.9,0.7,0.2,161,2708.936254753485,47929.27608528753
10,75,1.002935353855086,1.4247675096262313,1.600834987077838,1.6439292629010527,1.0136658561736742,0.09694374592249572,1.0,1.0,0.9,0.7,0.2,167,1235.6096248136316,48653.917412749695
10,76,1.0049206927543202,1.433990085284726,1.6223159075834244,1.6737373763065324,1.0047342984873577,0.09955671436798949,1.0,1.0,0.9,0.7,0.2,169,1348.1114816279728,51666.31168236321
10,77,1.0057920715954871,1.4204298352030513,1.5951524463200186,1.6663312372166101,1.0030434350447557,0.10084977077690085,1.0,1.0,0.9,0.7,0.2,171,1339.2318389324562,51942.748053054114
10,78,1.004991227695966,1.4246798951208532,1.6112560154693871,1.6894817433334914,1.0139109930272847,0.10056412087179552,1.0,1.0,0.9,0.7,0.2,173,1338.4559920813676,51509.03299692814
10,79,1.005327826769461,1.4237949112571193,1.6101437661105205,1.7060200002776895,0.9955963063462534,0.10105566174680616,1.0,1.0,0.9,0.7,0.2,175,1348.3833277222427,51146.14778445404
10,80,1.0026832932637217,1.4238891761229218,1.6216661330100621,1.6913466433587125,1.0103879986535835,0.09891202350048012,1.0,1.0,0.9,0.7,0.2,178,1241.488703518961,49760.59108435125
10,81,1.001349259418688,1.4312699648807643,1.6415863555656065,1.7177343462189532,0.9941678776655118,0.09765683720871297,1.0,1.0,0.9,0.7,0.2,181,1241.751641816023,49112.2343498663
10,82,0.9999241479460643,1.4347816009645438,1.6569390192556213,1.728548071022512,1.0106272543721344,0.09663220959481375,1.0,1.0,0.9,0.7,0.2,183,1227.4595885395595,49164.16358640449
10,83,1.0002016326538767,1.4200722289978618,1.628530722523893,1.7316341994814624,1.0017755416565983,0.09726906610711053,1.0,1.0,0.9,0.7,0.2,185,1266.867961008324,49576.706960224
10,84,0.9987772980301248,1.4149064515638952,1.622675018914449,1.7380180407476724,1.0004829157192165,0.09600536163889994,1.0,1.0,0.9,0.7,0.2,187,1253.1185470482692,48250.93694905691
10,85,0.9996782392112804,1.4151217443659754,1.622763891858001,1.7792370985546284,0.9881066366734859,0.09706501690795796,1.0,1.0,0.9,0.7,0.2,194,1274.0273939498252,49752.72872791114
10,86,0.998703370510827,1.4117703690744412,1.6189748348051765,1.782174322313707,0.9955001320819836,0.0961808018314386,1.0,1.0,0.9,0.7,0.2,196,1270.4558394724947,49573.32937380108
11,0,0.9479124776397997,0.9880552028219449,0.9370358909469955,0.011670124676483594,0.0,0.0,0.0,0.0,0.9,0.7,0.2,1,1594.1202572244688,7447.518020471225
11,1,0.9731040743586292,1.0267954826498944,0.9750527634177246,0.0576441489390665,0.0577217158310119,0.04763842942806326,9.836315272015e-05,0.00010433135660194,0.9,0.7,0.2,3,1581.351922312843,7112.236651167639
11,2,0.9287233037258827,1.0151196147205177,0.9615510782076397,0.057963401056334754,0.11639153683237582,0.034426236360832155,0.01449090885411963,0.00410935365430019,0.9,0.7,0.2,4,1479.0671787135002,7243.502654430772
11,3,0.7822386888398951,1.0614973352517645,1.00813420848999,0.1636401713524152,0.6834349875809945,0.05840500879488052,0.10883419048372797,0.11543772666723182,0.9,0.7,0.2,5,672.148991959103,6258.860415249133
11,4,0.724039181731975,1.0824422952714694,1.0200835463979747,0.2369025462812893,0.4075301622103195,0.07628838735027345,0.17045192706977602,0.18665879543173805,0.9,0.7,0.2,7,587.2918940694009,8454.806955516327
11,5,0.7236999906997938,1.1066620963712421,1.055034346566778,0.26823970386626184,0.29417871637020193,0.08756204184205296,0.15735951853966007,0.31309399595714604,0.9,0.7,0.2,9,779.6410640237222,3943.817064781512
11,6,0.5901103196098474,0.9857637543329686,0.93209877540541,0.16970090263613485,0.18411568500250136,0.08117765517137598,0.06382540104492809,0.12418094325196857,0.9,0.7,0.2,11,680.9375057650906,2672.2040780504717
11,7,0.547123745742792,0.9709503531423249,0.9117702445520486,0.19035232679635827,0.2724406585056055,0.08456215928048373,0.0792298351914402,0.1419862104430957,0.9,0.7,0.2,13,773.416488488858,3215.931495577045
11,8,0.5454016205468017,0.9923643772987949,0.9590149631657272,0.1896208757522788,0.1668793890749338,0.08456215928048379,0.0792298351914396,0.14198621044309606,0.9,0.7,0.2,14,732.7921917939135,3330.1892671335445
11,9,0.8258488162254336,1.2457062802606012,1.1717625822362447,0.48418323761240767,0.5211656974544918,0.0753792649040716,0.4246185444465995,0.4557207921558251,0.9,0.7,0.2,15,636.6334115305863,5390.0281675922215
11,10,0.7876963970650842,1.2180003436231643,1.1410960796891751,0.4785983971594215,0.5062485941296123,0.07814081861147916,0.41627385954949164,0.420406039541407,0.9,0.7,0.2,17,851.9340343496588,7069.618665881288
11,11,1.3993197099934889,1.8384817121482004,1.7584099415967704,1.1183443089712548,1.2139316215932714,0.2053076010850922,1.0,1.0,0.9,0.7,0.2,18,627.4293184772005,47562.53098732099
11,12,1.372517182480579,1.8197986441559697,1.7357175364117279,1.127649858220781,1.1712218577493085,0.21056092987270567,1.0,1.0,0.9,0.7,0.2,20,605.4024863590231,49390.38200016271
11,13,0.6844569029120893,1.1455352967661916,1.0726645824370085,0.4747348328772303,0.43273082365994586,0.04951217419578925,0.431610353715687,0.33901545803845645,0.9,0.7,0.2,24,543.1205893418369,10271.718242655374
11,14,1.2520817479757904,1.726447966979202,1.6647075098207662,1.0582093596485098,1.0713873296890613,0.1056886919025239,1.0,1.0,0.9,0.7,0.2,25,1071.3535542447246,3869992.941665076
11,15,0.9301912559228047,1.3952355555182159,1.3178850019718997,0.752732478980265,0.796787430729327,0.08534166304386652,0.5907747930769964,1.0,0.9,0.7,0.2,26,633.8941476988996,26464.90021971913
11,16,0.9258432322226133,1.3908921467329216,1.3135355016541619,0.752990452362782,0.6863026968491129,0.08959238389143913,0.5791560003032494,1.0,0.9,0.7,0.2,27,632.1862403119899,26489.486300143188
11,17,1.1827825641328409,1.646129255859085,1.5597360802666205,1.0574221640516572,1.3628314555813426,0.10449463740482404,1.0,1.0,0.9,0.7,0.2,28,641.879047698956,155778.7618623991
11,18,1.1822164084347428,1.6566610290247075,1.5831531932194371,1.0650210776800915,0.9963541112727339,0.10449463740482397,1.0,1.0,0.9,0.7,0.2,30,649.2224304520522,155649.475532883
11,19,1.17853103037129,1.6529158767155174,1.5793654862276634,1.0895443535183336,0.9908570957075786,0.10060956018208007,1.0,1.0,0.9,0.7,0.2,35,1166.095828818201,322624.2541850255
11,20,1.1742830295011455,1.6479875893152645,1.5736812697676021,1.0968575398442681,1.0054496845570453,0.10003828527637412,1.0,1.0,0.9,0.7,0.2,37,1127.202178650296,322355.4438068168
11,21,1.1641377498774255,1.6471819775727317,1.5841145263462142,1.1036001413732557,1.0242363962830947,0.09812326114855487,1.0,1.0,0.9,0.7,0.2,39,1152.5400773160943,376587.9482567275
11,22,1.1634339366815007,1.6350382048924141,1.5587545796059021,1.095428893878478,0.9931109445796997,0.09847851856974445,1.0,1.0,0.9,0.7,0.2,41,1256.1580795642178,361918.66553262086
11,23,1.1583598426598554,1.628659281701963,1.551338136418756,1.1007234735662963,1.0094630215296037,0.09812227991080533,1.0,1.0,0.9,0.7,0.2,43,1219.306413777992,361597.2595590004
11,24,1.1531915818886944,1.6218918636858815,1.5434290860909106,1.1030848030104141,1.0346002633154145,0.0980098812269118,1.0,1.0,0.9,0.7,0.2,44,1132.5004276603954,361305.7267668289
11,25,1.147838239123916,1.6257571291502597,1.5589920167574278,1.1143251422970832,1.015043597783677,0.0983080336589236,1.0,1.0,0.9,0.7,0.2,46,1126.6595279331962,384584.9622242687
11,26,1.1471980278383271,1.6354869869579602,1.5811006651196131,1.1381381120891436,1.0041909635447646,0.1007037197555671,1.0,1.0,0.9,0.7,0.2,48,1163.8737145436617,17102721.68370723
11,27,1.1416339615596873,1.6277514042702654,1.5721396746247678,1.1427151008404015,1.0148136585307719,0.10005868070609687,1.0,1.0,0.9,0.7,0.2,50,1123.9870173268716,17103007.860682648
11,28,1.1446749176841977,1.6504907429512476,1.6194841603277996,1.1594569274056807,1.054462045014493,0.10948377471719697,1.0,1.0,0.9,0.7,0.2,51,762.306487318625,17119586.58858426
11,29,1.133703543097053,1.6210362281142607,1.5735930250068721,1.1472008423145796,1.1401756451262672,0.11149810159197937,1.0,1.0,0.9,0.7,0.2,52,1211.1591782536966,5261091.01627739
11,30,1.11773240029192,1.6000952522339549,1.550552432305499,1.1521527565503364,1.0345223224375697,0.10185244538183096,1.0,1.0,0.9,0.7,0.2,54,1220.8644154498909,83615208.59166361
11,31,1.109346738759388,1.595585753883982,1.5562124112817577,1.1605153142320042,1.107870246406639,0.10276183255141061,1.0,1.0,0.9,0.7,0.2,55,1185.1719224929243,83613919.92197384
11,32,1.1071882027670312,1.5916470358431243,1.5516218108803195,1.1666648855884816,1.005645086520511,0.10261457826373199,1.0,1.0,0.9,0.7,0.2,57,1218.7942781408012,83609298.04632679
11,33,1.104439358827195,1.573534331173657,1.5190311906072351,1.1617081897746995,1.0543173428664738,0.1045231033874688,1.0,1.0,0.9,0.7,0.2,58,964.3726240034764,83615563.28465873
11,34,1.1013252283785888,1.5679350352205805,1.5125767126548604,1.163917171243059,1.0283376371354336,0.10384947096573276,1.0,1.0,0.9,0.7,0.2,59,972.2135584773284,83610994.03797017
11,35,1.0987406137301885,1.5627190626629437,1.5064751245004218,1.1666735539083382,1.0295536820044406,0.10380007258745765,1.0,1.0,0.9,0.7,0.2,60,984.4235874866464,16793698.777908858
11,36,1.0848113083161839,1.5847454842650717,1.5776525878954573,1.193034487513636,1.1035518021542634,0.09697553971190198,1.0,1.0,0.9,0.7,0.2,61,1130.503924478109,17163981.758465976
11,37,1.0846079434919915,1.5840601238574046,1.5768171246648963,1.2000109280283116,0.9905292174388212,0.09718757766234169,1.0,1.0,0.9,0.7,0.2,63,1140.6865666694289,17174824.089557577
11,38,1.0749053538131925,1.5310842818804373,1.501692172774631,1.2067615595769912,1.372575491909312,0.11013074399424665,1.0,1.0,0.9,0.7,0.2,64,926.9816482469312,19547579.13792851
11,39,1.05631039466734,1.4754892300994982,1.436824731223591,1.2072332582505154,1.1884728401156273,0.1085177454864618,1.0,1.0,0.9,0.7,0.2,66,1035.5646343412986,17172379.401118387
11,40,1.0542021789515663,1.478539925862093,1.4514795702410277,1.2230087384481465,1.0247003796501526,0.1085177454864618,1.0,1.0,0.9,0.7,0.2,68,1051.2160491320044,17168953.91195851
11,41,1.047453161650165,1.4450679797917727,1.4014423043296784,1.213378174465707,1.1409303204418912,0.10690446767740018,1.0,1.0,0.9,0.7,0.2,69,1026.041027686358,17127792.135511693
11,42,1.046448873867238,1.4520783911202417,1.420735067912781,1.2296379729541063,1.0107208236833858,0.10690446767740018,1.0,1.0,0.9,0.7,0.2,71,1057.411664614679,17122855.85911023
11,43,1.0446773683919566,1.4234442226860375,1.3651008068516621,1.1989803456326573,1.036565167043438,0.10646874280720624,1.0,1.0,0.9,0.7,0.2,72,1052.0229165633814,17125809.092684265
11,44,1.044425550610754,1.440753977336821,1.4073271877034659,1.2504871662805424,1.006072324320233,0.10783883209666374,1.0,1.0,0.9,0.7,0.2,77,1873.3523301662092,17125987.8408131
11,45,1.0418652741944456,1.4293976358245857,1.3940408527976282,1.2562184107200889,1.0360186570905632,0.10774232624587284,1.0,1.0,0.9,0.7,0.2,79,1791.3569363396405,17125184.66658543
11,46,1.029850876171323,1.421308452903033,1.3973673059528762,1.23818840178428,1.0522570964796696,0.09658879117988328,1.0,1.0,0.9,0.7,0.2,80,1440.153940295835,5206200.73206474
11,47,1.0282970543676722,1.424738519540835,1.4124664954528716,1.2650135139768117,1.013606985092673,0.09658879117988328,1.0,1.0,0.9,0.7,0.2,82,1374.543763011066,5210753.572491505
11,48,1.0326570762523082,1.4375972381473083,1.437737239000596,1.2800741898195345,1.0177482749543558,0.10224500375360143,1.0,1.0,0.9,0.7,0.2,83,3410.585436256584,5210149.575754503
11,49,1.0284105397702115,1.442411369591406,1.455105772428154,1.27558429173267,1.0047033692685916,0.09803919634405957,1.0,1.0,0.9,0.7,0.2,84,3349.2648347400805,5205266.2657558825
11,50,1.0287725042469043,1.422545608491539,1.4203261397101963,1.284600807275323,1.069823542855103,0.10082915834941467,1.0,1.0,0.9,0.7,0.2,85,3393.3655280098915,5209847.463759988
11,51,1.0204180685418012,1.3719457016325518,1.3503223993554312,1.2758192513130593,1.1187878161823732,0.09860095051615045,1.0,1.0,0.9,0.7,0.2,87,3159.8040973118527,5206056.506999488
11,52,1.0199896366764878,1.3677600625804813,1.3453751538348435,1.2826800512982073,1.0045328277635366,0.09889169285264916,1.0,1.0,0.9,0.7,0.2,89,3118.751830848315,5205347.410529341
11,53,1.0154116196037677,1.379570150560544,1.3819714549443798,1.2780303560824382,1.0102698943527169,0.0949969371994238,1.0,1.0,0.9,0.7,0.2,91,1532.809042820418,5213503.859273693
11,54,1.0080051070984812,1.3597285750474057,1.348881870470104,1.2778475134845808,0.988403837897913,0.08700575780032267,1.0,1.0,0.9,0.7,0.2,92,1566.0109427340035,5211670.025420465
11,55,1.0035005192019046,1.3307646099012536,1.325856921442133,1.2753873956050203,1.2673568698728592,0.08818944318780415,1.0,1.0,0.9,0.7,0.2,93,1543.2502394003682,5213216.779378878
11,56,1.0033500164956834,1.3104974046117899,1.2908539581923737,1.2928439548295245,1.0158567828791338,0.08937782405520908,1.0,1.0,0.9,0.7,0.2,95,1512.2149212203483,5215512.339547252
11,57,1.009757470054583,1.3125577198815854,1.292071612821311,1.306787506523511,1.0218134275542887,0.0971335675129803,1.0,1.0,0.9,0.7,0.2,96,3203.29747838801,5210376.071584813
11,58,1.0037399039194936,1.3004701472620526,1.289659746663058,1.3187087084665654,1.0513709771667257,0.09282542265159832,1.0,1.0,0.9,0.7,0.2,98,3388.109450522368,5214551.187381242
11,59,0.9997646503309972,1.2938834160871957,1.2825738934757343,1.314978056668899,1.000073361161458,0.08874528555457063,1.0,1.0,0.9,0.7,0.2,99,3278.8874463340208,5209570.816560088
11,60,0.9972167895769721,1.2628263119544705,1.24610827422418,1.3269260507708394,1.2013254019181634,0.08932772583360755,1.0,1.0,0.9,0.7,0.2,100,3157.4241816049007,5209710.261254503
11,61,0.9963621635927056,1.2478001572034476,1.2284223803949146,1.3151077751335434,1.0352321578850312,0.08988823471257297,1.0,1.0,0.9,0.7,0.2,102,3162.845988148419,5215330.630390702
11,62,0.995994084370524,1.245505871783449,1.2257682645053267,1.3256177180415074,0.9952541662513874,0.08967364791637844,1.0,1.0,0.9,0.7,0.2,103,3157.94337796042,5214056.167164346
11,63,0.9950065346952357,1.2360500191997295,1.214732878754327,1.3318035641319939,1.044914759199505,0.0894157245299845,1.0,1.0,0.9,0.7,0.2,104,3094.2661616407004,5214972.040492254
11,64,0.9949410661933662,1.2016009553815648,1.1411388064370078,1.271156967479499,0.9861855022445494,0.08941572452998474,1.0,1.0,0.9,0.7,0.2,105,3095.015655186676,5210913.089538195
11,65,0.9945850740781179,1.241872738112667,1.2326343896378298,1.3494055912578384,1.01189946229721,0.08941572452998443,1.0,1.0,0.9,0.7,0.2,106,3093.2681608339367,5212698.420471912
11,66,0.9913350064412145,1.1979601178917616,1.1812245781707107,1.3342621208002214,1.1332370168381998,0.08926568736465826,1.0,1.0,0.9,0.7,0.2,108,3330.7004460768426,5269311.265202606
11,67,0.9905372882899535,1.1996453853007765,1.1943163961233272,1.347847452737532,1.0126380639558803,0.0890321104216816,1.0,1.0,0.9,0.7,0.2,110,3141.6135143916435,5272707.8591283085
11,68,0.9897138678673711,1.1835907181530303,1.164526351274737,1.3468924772012636,0.9945534506078959,0.0884089861593426,1.0,1.0,0.9,0.7,0.2,112,3279.3358489080592,5269950.98853896
11,69,0.9903738008838416,1.1432570655367373,1.0838470181122517,1.282644662435281,1.0355454067046201,0.08966217961251476,1.0,1.0,0.9,0.7,0.2,113,3353.1583522503047,5279933.812161548
11,70,0.9894471215589733,1.1576609941599834,1.1229659075460425,1.3497614409374987,1.0325748984866838,0.0891122138242085,1.0,1.0,0.9,0.7,0.2,114,3327.72656375992,5280792.8878641
11,71,0.9885574524896961,1.1487981155137805,1.11265722543002,1.355829430066769,1.009260575108433,0.08864483918188135,1.0,1.0,0.9,0.7,0.2,116,3259.266537444285,5280433.89128164
11,72,0.987651335050342,1.169027691047037,1.1586572596254217,1.3806916130092877,0.9812967449649954,0.08771934472717918,1.0,1.0,0.9,0.7,0.2,120,3205.0235356284597,5267875.547974998
11,73,0.9878897042718429,1.1577360439556872,1.1343061781848345,1.3846085490830926,0.9816078975890978,0.08800492768473968,1.0,1.0,0.9,0.7,0.2,121,3249.081436756963,5273937.6771456525
11,74,0.9881986625652768,1.1578863009668052,1.1454029049362298,1.3918301409473177,1.0639276519349343,0.08905044899338951,1.0,1.0,0.9,0.7,0.2,122,3221.107788817165,5273415.397024152
11,75,0.988050192859145,1.1349317346698702,1.1073563118122833,1.3909717200921938,1.0232489609755528,0.08956279749733784,1.0,1.0,0.9,0.7,0.2,124,3274.5500688878697,5281838.6361514665
11,76,0.9872696480170202,1.127495077146257,1.0987225179617726,1.4008705559001144,1.0045748039427176,0.08906696519078149,1.0,1.0,0.9,0.7,0.2,126,3244.082082560781,5280840.835815891
11,77,0.9870443870650429,1.1384399537234342,1.1226619823305368,1.4120031899690682,0.9800626372333978,0.08881855466099725,1.0,1.0,0.9,0.7,0.2,128,3239.847214717115,5280663.812545579
11,78,1.1975026329486413,1.3762556669030503,1.3983557750108937,1.6789165559112544,1.1964260966798388,0.32299920610285027,1.0,1.0,0.9,0.7,0.2,136,3196.666677257444,5196931.261493864
11,79,1.1966228902451461,1.365533050944276,1.3858686803096714,1.6775489456441839,1.2262609584514288,0.32253318085716615,1.0,1.0,0.9,0.7,0.2,138,3158.747459034676,5196186.597263126
11,80,1.1961934639298402,1.3558074087511762,1.3744799365157727,1.6841894553199237,1.224178358664095,0.32251706970951866,1.0,1.0,0.9,0.7,0.2,140,3166.654083872846,5202196.588518609
11,81,1.193978983335163,1.3509825131821325,1.3691885700505173,1.689388341440538,1.2071959183287848,0.3201823414261169,1.0,1.0,0.9,0.7,0.2,141,3179.7614134514524,5205794.60373487
11,82,1.194144060684203,1.3452993684181007,1.3624613201673943,1.689239914995196,1.231150894202783,0.3206417411449612,1.0,1.0,0.9,0.7,0.2,142,3182.4404825034103,5203227.583221254
11,83,0.9861483819227728,1.169515924097307,1.2254296286580517,1.561842441356543,0.981565805549875,0.08960038524127312,1.0,1.0,0.9,0.7,0.2,153,3252.7596131216574,5269073.9431008
11,84,0.985234779123574,1.146913220703024,1.1989658833006718,1.5558905100935758,1.0593292937873173,0.08953707658358352,1.0,1.0,0.9,0.7,0.2,155,3198.138805356507,5235010.956917767
11,85,0.9843503974755561,1.1481905608316434,1.211638292121953,1.5780215298237723,1.0127571061604663,0.08892271718289027,1.0,1.0,0.9,0.7,0.2,157,3214.3417912544446,5234530.125662112
11,86,0.9845043041250554,1.1470336046386886,1.210248918514021,1.5857967877169354,0.9849755985632127,0.08914578463734502,1.0,1.0,0.9,0.7,0.2,159,3213.387941880753,5235011.995796753
11,87,0.9839001417933158,1.1633527672311408,1.2515965056701392,1.5934995342029674,1.0195846011143306,0.08868956551924716,1.0,1.0,0.9,0.7,0.2,160,3227.8740315383584,5235988.840499097
11,88,0.9844175872944736,1.1355749582785686,1.1967751374962192,1.601747920783269,1.0230642006859136,0.08948848787715276,1.0,1.0,0.9,0.7,0.2,161,3211.8781701291955,5235756.740560631
11,89,0.9840104520808661,1.1447726940184988,1.2186903394074113,1.628997034714567,0.985905135282622,0.08909526980091827,1.0,1.0,0.9,0.7,0.2,163,3222.359890044684,5237139.738994184
11,90,0.9839072450361375,1.1414958403586917,1.2148517870238338,1.632642128744293,0.9916352770326382,0.08909786596575746,1.0,1.0,0.9,0.7,0.2,165,3226.987839251023,5235757.328385701
11,91,0.9839226593452741,1.1367944982453453,1.209316373832731,1.640252197342866,0.9973654576930044,0.08928604302234014,1.0,1.0,0.9,0.7,0.2,167,3225.246383088636,5232508.60486632
11,92,0.9829912622351888,1.1178604571148776,1.187203839641852,1.6344479506114784,1.1096080289372483,0.08886989787027078,1.0,1.0,0.9,0.7,0.2,168,3614.2365990158055,5234342.971552664
11,93,0.9824690409667951,1.1277575641629751,1.2099631567023936,1.6618813565538744,0.9806123642658764,0.08831544725422188,1.0,1.0,0.9,0.7,0.2,173,6012.050300007582,5234422.202789898
11,94,0.9826677261623866,1.1388575295282173,1.2340102006664495,1.6621716705015694,0.9818675298026487,0.08854614442268807,1.0,1.0,0.9,0.7,0.2,174,6180.30857434988,5235663.368184437
11,95,0.9827316917267306,1.1156408022090771,1.1846385875213434,1.6654037119729421,0.9810581290728271,0.08864629280128349,1.0,1.0,0.9,0.7,0.2,179,3515.380873088196,5242033.507427296
11,96,0.9826542301734609,1.1240948402478887,1.2056220745072939,1.6809185854557087,0.9893293666714018,0.08864629280128346,1.0,1.0,0.9,0.7,0.2,181,3524.969087719221,5243085.474567154
11,97,0.982429666709079,1.122779932281223,1.204115014657462,1.6885108819914667,0.9835158331250795,0.08843180724977316,1.0,1.0,0.9,0.7,0.2,183,6165.686937585022,5242610.327336657
11,98,0.9819992139323057,1.1404010598928984,1.2469699305118882,1.755754127265919,0.9821268941348948,0.08809172992112257,1.0,1.0,0.9,0.7,0.2,194,6087.542760087578,5235496.595368184
11,99,0.9814721232159391,1.1268813776163795,1.2311641051743776,1.7702282649661805,1.0102125245146425,0.08790200630417097,1.0,1.0,0.9,0.7,0.2,197,6168.9960428159375,5234536.967848124
11,100,0.9809798014644298,1.1134335165981322,1.204407876002441,1.760724595440655,0.9849093461908354,0.08740617855578905,1.0,1.0,0.9,0.7,0.2,199,6165.084996108472,5235202.778415684
12,0,0.8836262484414701,0.97237807325243,0.9186738224679404,0.01023079352208939,0.0,0.0,0.0,0.0,0.9,0.7,0.2,1,2551.7963512014067,8255.198064372069
12,1,0.9274431424019995,1.028344973236933,0.973930485340016,0.07336340967513585,0.07462521774766089,0.06669854473793489,9.620781181176e-05,9.14958022705e-05,0.9,0.7,0.2,3,2507.6608697246384,8386.102500889901
12,2,0.8935176246710148,1.1014959904359025,1.039885331335654,0.1979005749258534,0.4692149065604507,0.1445757930111493,0.03944502497231627,0.08777502872104063,0.9,0.7,0.2,4,2086.108972204232,42540.36484392266
12,3,0.6693627847266084,1.0209632169721143,0.9592370489488553,0.16739038582730598,0.6953062853342811,0.08232038590538168,0.09665909799690162,0.09192498562662989,0.9,0.7,0.2,5,1711.0437220441822,5606.264866714444
12,4,0.6474786537891787,1.0481820448728587,0.9785440638028418,0.24116684444291409,0.3944928866305475,0.09496450647530814,0.15354721343581118,0.20300527454375472,0.9,0.7,0.2,7,1332.1504836781216,7174.364424400463
12,5,0.6260089288500217,1.0475529496047593,0.9888962810272932,0.26271180004680883,0.31600016225007327,0.11366401217060591,0.13610412296922028,0.1797000143476672,0.9,0.7,0.2,8,1727.4502227881578,38937.94775701349
12,6,0.6197203498271527,1.0436934064060694,0.9844847554758477,0.27066245934131955,0.24412544486663965,0.11288244747868796,0.13617766177225882,0.17977709502586242,0.9,0.7,0.2,10,1669.2312005746558,38605.81588751462
12,7,1.071412628416008,1.4861109783233066,1.413749847200094,0.7085240535780831,0.6987139850944172,0.04629166627693586,0.7953394098580505,0.4449096476272336,0.9,0.7,0.2,11,4641.890005584062,4818.501759511902
12,8,0.6319988020731703,1.070883595192917,1.0077777696088144,0.3242523681039089,0.4303370298624936,0.10769141487214547,0.1487081907514963,0.4090130328096075,0.9,0.7,0.2,12,1884.0000894130349,38954.98454670135
12,9,0.6307604535418531,1.0588600757589581,0.9826277860282742,0.3214578207863325,0.287865503861104,0.10759518891350114,0.1487105217436321,0.4090152158567391,0.9,0.7,0.2,13,1888.62345404737,38949.09620735694
12,10,1.105651746715451,1.5550451455959293,1.469538326224593,0.8643224033208322,1.211282127555166,0.048595825236456405,1.0,0.44670113098815084,0.9,0.7,0.2,14,4869.539380157772,4432.93995366234
12,11,0.8534154090357922,1.3047764914041875,1.2176381982713278,0.633956667217112,0.6589067704546565,0.06778982195559237,0.6366288118178258,0.4284165343509437,0.9,0.7,0.2,15,4369.336946567224,38293.39781777503
12,12,1.0739344978527354,1.5489712121208314,1.4865285680738292,0.8856282594803768,0.8752503813227648,0.07505073450808611,0.8472717802431964,0.8055396107315687,0.9,0.7,0.2,16,5257.373848536941,304015.04080030124
12,13,1.0664114631231012,1.5309199345130304,1.454533729686171,0.8833490027585782,0.8395619621109958,0.07348823429098944,0.8501716703911774,0.7957187716852664,0.9,0.7,0.2,18,5268.515896993198,299813.22593438666
12,14,0.8673852689933149,1.3441848893677415,1.2785672717499486,0.6972487194056562,0.7266910648856738,0.06443786298201912,0.6951377851493831,0.4545303026661022,0.9,0.7,0.2,19,4305.896869194008,37605.78848271826
12,15,1.0567294915180458,1.5225908738761955,1.4432701571012045,0.9010264668470933,0.858534893693274,0.07660523243525556,0.8544607974816797,0.8107097638234337,0.9,0.7,0.2,20,5591.218583624337,304033.1273163674
12,16,1.0425717642978694,1.5194791353659045,1.4507228520310587,0.8891697291349866,0.9274667906046765,0.06531898047350963,0.9280328492672286,0.6035409084696945,0.9,0.7,0.2,21,27354.894928788457,38035.232403461065
12,17,1.0961837459567276,1.560502706413287,1.4754490044568205,0.9751990324822917,1.0351413135764358,0.07470453912864794,0.9568256490404412,0.8179238721969394,0.9,0.7,0.2,22,25290.744946000294,298755.2072142939
12,18,1.094709917634145,1.570029548526875,1.497689166050269,0.9831064539370941,0.9064133156461622,0.07470453912864791,0.9568256490404426,0.8179238721969423,0.9,0.7,0.2,24,25413.67110726265,298275.0005891729
12,19,1.107998231563553,1.5719024054806798,1.486263759462401,1.003289433670407,0.9275606275815733,0.07362375887112955,0.9762579944486289,0.828852907388044,0.9,0.7,0.2,25,25658.092451817083,298700.03899904486
12,20,0.8378673129626071,1.3100676257889745,1.2343143621132047,0.7294169527035926,0.7875922194430293,0.0709480230348741,0.7221084656255841,0.45617127824089554,0.9,0.7,0.2,26,4439.024453350082,38926.09457457802
12,21,0.7945306297348392,1.2547729918598065,1.1653725868988156,0.6894204908168752,0.633442758470195,0.0727892665059305,0.6599614951544711,0.46382658534672566,0.9,0.7,0.2,28,4447.755026183055,38831.75479945942
12,22,0.8573290405195002,1.3271082271725168,1.249412655806572,0.7675106068088634,0.741768768277206,0.06855878824914272,0.7650756506034573,0.45844715156932264,0.9,0.7,0.2,29,4430.750583173567,39161.51000625835
12,23,0.7900502857406035,1.2912331007588658,1.25100265925645,0.7469509807552716,0.6598455839746242,0.06961837385135575,0.6864485205862648,0.42628914212929114,0.9,0.7,0.2,31,4773.165067806507,38666.27672106346
12,24,0.9539565430143434,1.429161903763192,1.3683157415285505,0.9231436609032926,1.1324186783020096,0.06703020457519898,0.937185582374414,0.5283556751967525,0.9,0.7,0.2,32,4574.54340140572,39236.4011617714
12,25,0.9864465880258221,1.4576152854426547,1.395078347247848,0.9658128949950866,0.8948403319432208,0.06054265672310334,1.0,0.5293296066859765,0.9,0.7,0.2,34,4451.973102273714,39279.76507644188
12,26,0.982331466774079,1.4513089122935587,1.3878953543545907,0.9694023498280755,0.8949475302809116,0.057857791511876235,1.0,0.5354747735200296,0.9,0.7,0.2,35,4443.545728729261,39260.623259491935
12,27,0.9798631671203404,1.4430205159254443,1.3771505823447754,0.980580219944863,0.9015787696021251,0.06224543343266464,1.0,0.5460030046687094,0.9,0.7,0.2,38,4958.276044849867,37281.42085519536
12,28,0.9753878053995106,1.4447913692491925,1.390306427449919,0.9882511131060177,0.8954564015966742,0.06224543343266464,1.0,0.5460030046687094,0.9,0.7,0.2,40,4982.306066550303,37574.13563100941
12,29,0.9664068887290136,1.4272403183240445,1.3699623995210026,0.9951548788560387,0.9191880501041851,0.0621910187778217,1.0,0.540036838384186,0.9,0.7,0.2,42,4908.371113229446,38548.238181993525
12,30,0.9665006650721926,1.4380065824461399,1.3935579576957733,1.006633633831688,0.8680190455310737,0.0627632189823924,1.0,0.5402773639047209,0.9,0.7,0.2,44,5017.130784880379,38247.275483844605
12,31,0.951261810496107,1.405983143841451,1.356396252124082,1.0118142777924752,0.9673848857371099,0.06202267509176529,1.0,0.5335073854730756,0.9,0.7,0.2,46,4654.252044222683,38334.3113164026
12,32,0.9511241124531382,1.4047870633146764,1.3548936673572087,1.018874373347811,0.8693479885232294,0.06190110558351537,1.0,0.5370223428811028,0.9,0.7,0.2,48,4724.718591047453,38270.458601670616
12,33,0.8995431890611749,1.385001676068359,1.3735885188967223,1.014211308433413,0.8233294280792922,0.05930845950549908,0.9240604112784766,0.5627057852972587,0.9,0.7,0.2,50,4973.582985541272,206004708.0969134
12,34,0.8978182249296957,1.3892106703330964,1.3893056081754689,1.0280805354839093,0.8449444947226905,0.06037328897745371,0.9247587661548549,0.5640693998384733,0.9,0.7,0.2,52,4900.353819414509,206014568.33143327
12,35,0.8991426444306305,1.3886770001098157,1.388255939009995,1.0234853410313898,0.8379333561188373,0.060816868926498624,0.9267611763288544,0.5674619208832725,0.9,0.7,0.2,53,5299.647359943156,206046434.34502175
12,36,0.8979535522699196,1.3671334359203473,1.3512200629787858,1.0256368454892955,0.9231015541304176,0.06436607886420187,0.9276923161640249,0.5692800736048914,0.9,0.7,0.2,54,5063.2009459988085,206048503.9484344
12,37,0.8398942300470058,1.3282291702877234,1.3374577857523982,0.9914368883566831,0.7764676208851622,0.057556221888549954,0.884939706975995,0.4680777017841766,0.9,0.7,0.2,57,5266.628823001168,206064581.73375437
12,38,0.9195378294347618,1.3795992319809771,1.361298105892174,1.0713450445318693,0.8787187181063791,0.05613023724946804,1.0,0.4853060516576261,0.9,0.7,0.2,59,7047.553574400657,205689099.7278929
12,39,0.9159134802504224,1.3669100964336236,1.3463032290310575,1.0702020521642053,0.8953924884465935,0.05696336444561882,1.0,0.4854295435243112,0.9,0.7,0.2,61,6847.634636481972,205721058.0692586
12,40,0.9517992241971811,1.391072979552196,1.3573356963411556,1.097267907952305,0.889777992856675,0.06586903916686984,1.0,0.6259830201019996,0.9,0.7,0.2,62,4987.173962028244,95556.76770286074
12,41,0.9171314288344603,1.3894035626783339,1.3945147769732356,1.0919592932293136,0.8563062080627872,0.058924193350893675,1.0,0.4852975154488928,0.9,0.7,0.2,63,6815.569777059929,205724252.5858957
12,42,0.900381508003827,1.3241824844203247,1.307418866263848,1.0891046457444147,1.2097956762612077,0.0522155745687221,1.0,0.5044903923948629,0.9,0.7,0.2,64,4856.025159807161,195765074.4168731
12,43,0.9271876771856251,1.339367981077808,1.3199561736900156,1.1253165664558746,0.9342440527749724,0.05703929787395712,1.0,0.6360282387013417,0.9,0.7,0.2,66,5306.642274026194,195772009.9851576
12,44,0.9243479117111139,1.3375304514848716,1.328885833638539,1.1340513997066768,0.9224107837602558,0.057039297873957076,1.0,0.6360282387013437,0.9,0.7,0.2,68,5552.702289475029,195815727.5597323
12,45,0.8962050360041554,1.317267136787072,1.3314703260944813,1.1388703434205676,0.9185476800659624,0.05247200576768217,1.0,0.5352804050610329,0.9,0.7,0.2,70,5700.287707135501,195832176.74302223
12,46,0.9112056135967393,1.2847133195198692,1.2676051651013576,1.143193619462914,0.8918027734653741,0.05809183693860498,1.0,0.6143058422286823,0.9,0.7,0.2,83,6254.881889719438,37255019.03228549
12,47,0.9091911936672825,1.286653034748302,1.2810442503508515,1.152004963038664,0.9052534512543874,0.05775227647999145,1.0,0.6133383765886601,0.9,0.7,0.2,85,6325.096492666668,37124980.21267165
12,48,0.9038181257995044,1.2745103145376018,1.267510595649488,1.1609931479243754,0.8989896936991014,0.05778856004252282,1.0,0.5930707667358435,0.9,0.7,0.2,87,6025.833220724479,37003141.11164237
12,49,0.9073734432831172,1.2762188351289134,1.2688410870040618,1.1821962029328368,0.8822818788129824,0.05811280628791993,1.0,0.6111917486108192,0.9,0.7,0.2,89,6153.105146043274,36981890.54775056
12,50,0.9030229084000138,1.2899122352723251,1.3076455585805955,1.1999967136491292,0.9073169848963545,0.056386276679092295,1.0,0.6013661655236303,0.9,0.7,0.2,90,5681.595398563231,37010087.31565605
12,51,0.902612102280671,1.2829944281481762,1.2994081090178213,1.2105680901667915,0.8987312096625222,0.05695828232593699,1.0,0.6027308753719074,0.9,0.7,0.2,92,5680.462062405042,36990944.3586669
12,52,0.9052306972578387,1.2760142536069736,1.290496567480127,1.2064969685893094,0.9547801525921812,0.05890075508413598,1.0,0.6154773380368875,0.9,0.7,0.2,93,5350.22871928898,37428330.7495615
12,53,0.9032168329347047,1.2811907623777186,1.3078709162612245,1.222567179756046,0.9075000443432014,0.0596308709519644,1.0,0.6054927450988948,0.9,0.7,0.2,94,5643.716170638681,36991742.13933887
12,54,0.9027543060338159,1.280436682722761,1.307058623300446,1.2147382515374672,0.876726867787039,0.05927513785545595,1.0,0.6050225357987551,0.9,0.7,0.2,95,5644.12575250129,37000061.9367118
12,55,0.9025457711317412,1.2649916434812418,1.2778094045025057,1.2184499543291318,0.9075715595745563,0.05882061014498553,1.0,0.6093242464576515,0.9,0.7,0.2,96,6329.62712612847,36908929.66511006
12,56,0.9002580613155529,1.2720500917719189,1.297499148407207,1.231030146448672,0.8803506549662196,0.058278938906175505,1.0,0.6018167243127059,0.9,0.7,0.2,98,5659.462023074861,36997012.18227842
12,57,0.8865885707013829,1.2524017951862185,1.2766660279731639,1.2245743861151441,0.908400134729596,0.053768017056743424,1.0,0.5584631317605253,0.9,0.7,0.2,99,5680.825523889655,36253350.22986555
12,58,0.9065088341030889,1.2661783820040744,1.2892310242969989,1.2712111555319467,0.8932855600211971,0.0590328197519143,1.0,0.6390253597024417,0.9,0.7,0.2,103,6185.392012098664,36904277.212935805
12,59,0.9068682031526547,1.2539522324093484,1.2637326392393675,1.2715951110177968,0.8926179347487463,0.05913427677157077,1.0,0.6413925648282912,0.9,0.7,0.2,104,6198.221445930416,36896534.66881578
12,60,0.9070418102760461,1.2726463668311416,1.3076651504197987,1.2864440902345162,0.8925998677442532,0.05899120621202893,1.0,0.6457368610555467,0.9,0.7,0.2,107,5794.144044977296,37203678.08799447
12,61,0.980072377877113,1.375786660389671,1.459940683883955,1.5226126286530073,0.9610747409348099,0.06367006473785078,1.0,1.0,0.9,0.7,0.2,138,4805.976981856308,50153643.003738895
12,62,0.9797654704580592,1.3710018871645604,1.4542886093924834,1.526279628065307,0.975280122633166,0.06398029133497572,1.0,1.0,0.9,0.7,0.2,140,4792.855677483059,50153255.96516124
12,63,0.9787854958202193,1.3600391591811067,1.4414015894888532,1.5486179890195049,0.9774650676130681,0.06428314167332198,1.0,1.0,0.9,0.7,0.2,144,4810.398604813437,50156392.35943562
12,64,0.9781545676357299,1.4025616515933848,1.5356067569000442,1.5753871383705667,0.9704593531650874,0.0638066733219145,1.0,1.0,0.9,0.7,0.2,145,5059.867626674044,43182212.67164043
12,65,0.9780934755495958,1.3512053652476406,1.4310071082235913,1.5519116322413098,1.0087559987562893,0.06459348987505692,1.0,1.0,0.9,0.7,0.2,146,4797.068368686256,50155990.493320525
12,66,0.9791590067191194,1.3503613053377834,1.4406632563818322,1.5572895571819532,1.0120784591871677,0.06742997827299371,1.0,1.0,0.9,0.7,0.2,148,4782.658170173058,50193901.19752839
12,67,0.9763590192893705,1.3356323407821502,1.412798314172308,1.5734170807574575,0.9588943911522667,0.06439211750267183,1.0,1.0,0.9,0.7,0.2,153,4758.639483073328,44584056.22149272
12,68,0.9762182105539143,1.3082808781333148,1.3585356267121251,1.5771499587671667,0.9954367432414135,0.06480452012677136,1.0,1.0,0.9,0.7,0.2,154,5718.31291351305,46231307.92329264
12,69,0.978744419007298,1.3016544403869534,1.3501801880115676,1.5791122310400396,1.0325910546033514,0.06865976137924372,1.0,1.0,0.9,0.7,0.2,155,4400.924499894058,50169774.79939826
12,70,0.9783870404763837,1.3088570161425217,1.369697948317159,1.5908755728259554,0.9756319793667814,0.06865976137924372,1.0,1.0,0.9,0.7,0.2,157,4440.465302146375,50158732.3569437
12,71,0.9758658031248912,1.3243851100955288,1.4104082402445839,1.616504784756876,0.9663742209533224,0.06632842224686744,1.0,1.0,0.9,0.7,0.2,162,4324.890426306714,50173870.34557937
12,72,0.960785918815289,1.2735466997116804,1.3419859116886803,1.5972761960183954,1.0091340235267436,0.052026102376249085,1.0,1.0,0.9,0.7,0.2,165,5363.41296301113,51350205.62224669
12,73,0.9604537335721834,1.2807673408447042,1.3615297117654055,1.6046846665148113,0.9606294166998397,0.051995835384432934,1.0,1.0,0.9,0.7,0.2,167,5410.986488924236,51340414.72086662
12,74,0.9590263746583956,1.2430803075007741,1.2843506214565232,1.6240317709613692,0.9555620796297748,0.05065045763152122,1.0,1.0,0.9,0.7,0.2,169,4760.770469454153,51235262.69671079
12,75,0.9634397910120391,1.250189365444391,1.3028868755382093,1.6254431916773109,0.9827579198122647,0.05630768254693132,1.0,1.0,0.9,0.7,0.2,171,4705.190187474969,51276807.47451
12,76,0.9598104527921738,1.2411469150615722,1.2928459861009463,1.6574038471548225,0.9882581590846653,0.052738371453829515,1.0,1.0,0.9,0.7,0.2,172,6095.1826843243625,47112540.2487656
12,77,0.95931736694345,1.2405916686291745,1.2922781147791755,1.660805820746883,0.9475622237238901,0.052203494073928366,1.0,1.0,0.9,0.7,0.2,174,6103.107912363894,47088318.39372717
12,78,0.9585987977059462,1.2299083519274763,1.279763589916145,1.663683955151699,1.020953333308477,0.05221405551696749,1.0,1.0,0.9,0.7,0.2,175,6024.8804465016165,47099052.7893955
12,79,0.9576005762519348,1.2280421306200413,1.2777380111058418,1.6704137935528518,0.9493077966223311,0.05117424340023803,1.0,1.0,0.9,0.7,0.2,177,6023.923258519526,47081157.71022628
12,80,0.960592657319649,1.2186511189924654,1.266079003418956,1.6730467898978232,0.996152200713746,0.05545415586929917,1.0,1.0,0.9,0.7,0.2,179,4714.27281711843,51220673.24813935
12,81,0.9603743037787842,1.2454555065148203,1.3306818729748517,1.7086846737138728,0.9583065274174989,0.055695992086127286,1.0,1.0,0.9,0.7,0.2,185,4780.054533010866,51508506.777675696
12,82,0.9602388729723006,1.2340627053881308,1.3062786340398622,1.7267403480175132,0.9502790744342411,0.05555099719561244,1.0,1.0,0.9,0.7,0.2,187,4816.279592986502,51497045.9704793
12,83,0.9602106363001022,1.2327858818892043,1.3047743758990273,1.7150345017856965,0.9591513282265436,0.05560792054171089,1.0,1.0,0.9,0.7,0.2,188,4779.292941397526,51471264.28940424
12,84,0.9596710629408165,1.2503727617275346,1.3475819874805903,1.7428798258248015,0.9816117237295086,0.05531261307562896,1.0,1.0,0.9,0.7,0.2,189,4780.982912448266,51500653.55934947
12,85,0.9604181190992345,1.2563820703844961,1.3655107444556238,1.756422762772564,0.9729429675317907,0.05655408204894905,1.0,1.0,0.9,0.7,0.2,191,4763.76586598041,51501561.83244991
12,86,0.9609704300429636,1.2312709271470041,1.3138072485269394,1.7594454671112467,0.9596875567024239,0.05738800427504196,1.0,1.0,0.9,0.7,0.2,194,4781.408326293062,51465422.34123978
12,87,0.9609445690713179,1.230815647903797,1.3132740541942056,1.759402039540055,0.95323719546481,0.05738800427504198,1.0,1.0,0.9,0.7,0.2,196,4763.136874940488,51468922.33760162
12,88,0.9610733980426975,1.227494200654168,1.309326416187228,1.7710973471724938,0.9775256840921009,0.057760200690409415,1.0,1.0,0.9,0.7,0.2,197,4746.69115215052,51466120.6209138
12,89,0.9598032978394753,1.2241291101118132,1.3055813774498268,1.7658487797365336,0.9663291183422031,0.0564861435892147,1.0,1.0,0.9,0.7,0.2,198,4723.149229874544,51449556.66142339
13,0,0.7780583715403271,0.9439833856414367,0.8854163672943871,0.0076173987845341365,0.0,0.0,0.0,0.0,0.9,0.7,0.2,1,4439.243963808355,8925.380749018175
13,1,0.8060475048918604,0.9861689105810416,0.9266066680925464,0.058475401912429184,0.06829255209348446,0.05321837477035628,0.00010929867962031,0.00011956903581750999,0.9,0.7,0.2,3,4443.399649323817,8930.219642020938
13,2,0.7647066702129249,1.0404358264657585,0.9870315047739149,0.15447070631103288,0.41006985903041526,0.09706405966067572,0.039283706432725676,0.08079132086503696,0.9,0.7,0.2,4,3306.8851281729358,47686.68966544165
13,3,0.8230153239982284,1.1308421699864535,1.0743569937920014,0.26477319115284587,0.36755578213207857,0.09489154640085676,0.20514660158014242,0.052028066729852995,0.9,0.7,0.2,5,2793.8855959114344,5626.585897739209
13,4,0.6293208211681627,0.9941215272439989,0.9307115445916145,0.1612635008618125,0.42709436260382244,0.06468114735886196,0.09264498472649034,0.10030428788336836,0.9,0.7,0.2,6,3224.796228306267,6861.043247053836
13,5,0.668968424018959,1.0599325355886893,1.0070485422881938,0.24448062554927025,0.3091288912461997,0.09672999614900868,0.14035754142073753,0.13437610422507842,0.9,0.7,0.2,7,2179.353439353036,4324.831165930189
13,6,0.5678617784325576,0.997201657738806,0.9366959704738609,0.21826263382907973,0.5047111200229147,0.0733854449418444,0.1310207323730004,0.18097196278238892,0.9,0.7,0.2,8,1879.1053191170265,41475.857265357634
13,7,1.2172699442134116,1.638538882721796,1.5644230331584212,0.8779751570169514,0.8640597358802067,0.05476465154407721,0.8582397501157292,1.0,0.9,0.7,0.2,10,2905.411108768405,6515.216034108932
13,8,0.5693302932365469,1.0025829185690942,0.9410680465855318,0.2408302373379226,0.2184314768165375,0.07322360762649446,0.14302383253981452,0.1960597566589668,0.9,0.7,0.2,11,1924.6495109488656,42563.513223343085
13,9,1.1774048572577227,1.6273829540324891,1.5604621329567427,0.8977104062624388,1.0820558089183647,0.05869924403799287,0.8696666876000148,1.0,0.9,0.7,0.2,12,2096.604894722529,19048.55395320166
13,10,1.2378536338790573,1.6910755595159814,1.622759203401326,0.9807413360868025,0.9618745245502713,0.04895274071729519,0.9848290680077035,1.0,0.9,0.7,0.2,14,1865.3659730761915,18719.44865818192
13,11,0.8072114181628343,1.2739840510418434,1.2175318721747275,0.5581773922646127,0.5581179443694222,0.05479009370564467,0.37495120774966656,1.0,0.9,0.7,0.2,15,1564.407960816578,42405.14981374961
13,12,0.7775342848019904,1.2340792090327943,1.1641115599916017,0.537039249623934,0.4965852695173963,0.055073612848428856,0.33788207936129544,1.0,0.9,0.7,0.2,17,1131.3532393302676,41071.97123719063
13,13,0.7740937379421338,1.2312093162572504,1.1609268021592962,0.5458270116123551,0.49147095734860896,0.05389573305109948,0.3379229128740864,1.0,0.9,0.7,0.2,19,1129.258541600097,40522.27928478141
13,14,1.225318027499748,1.706093426568456,1.6610820938237794,1.023027281344354,0.9715708230114808,0.04643269122539514,1.0,1.0,0.9,0.7,0.2,20,1751.044146641124,20256.464623964
13,15,0.5765704120751236,1.0477611151090316,0.9886948373455868,0.3700643693987746,0.3438156377288438,0.0533690969208722,0.2673711068996765,0.3281314068169833,0.9,0.7,0.2,21,1253.2147712340193,41780.16118984976
13,16,1.2529462908630842,1.726278871236552,1.6655370999275358,1.0609824488355202,1.0574393182487378,0.09902162201893812,1.0,1.0,0.9,0.7,0.2,22,2105.744031783689,58853583.81860708
13,17,1.2520634908831763,1.737033967975043,1.6888946495616455,1.0763924331399752,0.9991111399099388,0.10110516135319647,1.0,1.0,0.9,0.7,0.2,24,2099.064229075268,58853615.29207863
13,18,1.20571994848386,1.6798364729206872,1.6183539394031643,1.0255166213413243,0.9609820630379873,0.052225727353342875,1.0,1.0,0.9,0.7,0.2,25,2042.279714334113,20647.306948296085
13,19,1.2045757556528733,1.6788797582749992,1.6172048260793341,1.034336331333052,0.9550134271434418,0.05241056410686298,1.0,1.0,0.9,0.7,0.2,26,1995.6127672699936,20622.60760717868
13,20,1.2028970217410317,1.6781496257315398,1.6153734760361422,1.0385281043895969,0.9977761147510693,0.058743354533410196,1.0,1.0,0.9,0.7,0.2,27,1931.5394072713457,20425.433599648382
13,21,1.1999211024588439,1.6754620986804023,1.6122933638682262,1.0468575225370245,0.9684951563769084,0.05830477873897329,1.0,1.0,0.9,0.7,0.2,28,1986.4575251718904,20531.792950860945
13,22,1.1927673571906912,1.6683092240823538,1.6051380526571999,1.0397167473318432,0.945431044963591,0.05037309701069124,1.0,1.0,0.9,0.7,0.2,29,2134.8729382108127,18116.120639634955
13,23,1.1867881643759208,1.6636582758546723,1.5975737473341989,1.0525728955502647,1.0765117160106348,0.06410724424888455,1.0,1.0,0.9,0.7,0.2,30,2667.2985749301843,47329.7949545072
13,24,1.182054385193057,1.6702813201341404,1.615966409786555,1.0666515696904015,1.0104968926451894,0.06700267151912401,1.0,1.0,0.9,0.7,0.2,31,2533.1288853784386,47904.49134810695
13,25,1.1452806780410563,1.6329431189495647,1.5754937034267045,1.0406925740785469,1.0696740451638025,0.04585242333850629,1.0,1.0,0.9,0.7,0.2,32,1926.388456804568,28852.50969654321
13,26,1.129087240194626,1.6267311769756263,1.5802677623561034,1.045269451685423,0.9764164485448581,0.039570487865761964,1.0,1.0,0.9,0.7,0.2,34,1819.470481185152,32317.943033025367
13,27,1.1242038063732147,1.6212523330171977,1.5740053029461418,1.0523907834529842,0.9666741468867781,0.03856756636604683,1.0,1.0,0.9,0.7,0.2,35,1817.145651088147,34569.652179450335
13,28,1.1230275150477877,1.6310819537788201,1.596599986934341,1.0607945058129142,0.9394964446023535,0.0385675663660468,1.0,1.0,0.9,0.7,0.2,37,1775.9513325193789,34090.1699509413
13,29,1.1136512646992907,1.6198460583615268,1.5834339687097778,1.0629346847413363,1.013501943924678,0.03860583931404061,1.0,1.0,0.9,0.7,0.2,38,1633.0670915101534,29016.137749785677
13,30,1.122862194334508,1.6152818681121766,1.5637588558504818,1.080759816349309,0.9967236784584792,0.059676173398068064,1.0,1.0,0.9,0.7,0.2,40,2236.6064417763337,23312.44721136016
13,31,1.1166928695780114,1.607125437653971,1.554205514932461,1.0886787218948284,0.9821931390596863,0.05967631655489748,1.0,1.0,0.9,0.7,0.2,42,2158.6243202278306,23408.2978764088
13,32,1.111671582364972,1.6011556930017712,1.547618756554687,1.0859811765710903,0.9765039444909691,0.05704631258414537,1.0,1.0,0.9,0.7,0.2,43,2205.2305260447715,19032.47283680674
13,33,1.0969231084604552,1.580046962784919,1.522907716396567,1.092725768756265,1.0981956899137357,0.0569643847996967,1.0,1.0,0.9,0.7,0.2,44,3323.905021898233,24299.405059062643
13,34,1.0973955620630587,1.5806782918810847,1.5315139032807434,1.1274494146290657,1.0725160157468467,0.07782280060436741,1.0,1.0,0.9,0.7,0.2,46,2524.615016557538,6123917.51042462
13,35,1.095358692005938,1.5769113650050126,1.5270442182779524,1.1339574653077704,0.98470918110023,0.07819695732140478,1.0,1.0,0.9,0.7,0.2,48,2538.568062487192,6120593.440361563
13,36,1.0947805277575613,1.5757975535798585,1.525716258018975,1.1397765298256644,0.9792475465944961,0.07834857299311561,1.0,1.0,0.9,0.7,0.2,49,2544.082794215589,6118303.773897362
13,37,1.089322031725395,1.5667896334783005,1.5153276832017246,1.1414050594623832,1.0258730161927188,0.07729775813997389,1.0,1.0,0.9,0.7,0.2,50,2537.765257695773,6119601.607226107
13,38,1.0494105443358643,1.5224499900953357,1.4784997608228825,1.109126369203486,1.058004670949185,0.051194557685550465,1.0,1.0,0.9,0.7,0.2,52,2479.6504933724245,46691.38426498464
13,39,1.0471339382853178,1.5272804553848909,1.4950104967301816,1.1155939107823802,1.0012730775872667,0.05267837105276378,1.0,1.0,0.9,0.7,0.2,53,2024.3149703976287,47311.33368504552
13,40,1.0448348190874273,1.521989289023599,1.4887792599166676,1.1186042129131977,0.9859573734402114,0.05289837132043802,1.0,1.0,0.9,0.7,0.2,54,2039.2929725740853,47642.74831231345
13,41,1.0361296268190172,1.4784722889437278,1.415543759150957,1.1238444841098387,1.0240800682834905,0.05356194506404881,1.0,1.0,0.9,0.7,0.2,56,2775.328191806745,45357.119451971565
13,42,1.0312890225155975,1.4708591815038552,1.4071251289894524,1.1210969973839466,0.9787309807907654,0.050329140552319254,1.0,1.0,0.9,0.7,0.2,57,2788.175104107762,44111.05524994621
13,43,1.01589231505541,1.4429218776543464,1.3857679797725493,1.1253502742265677,1.0742401795221876,0.04849512707048509,1.0,1.0,0.9,0.7,0.2,59,3164.032860813145,44504.55529023758
13,44,1.0077674113370616,1.4284048517238237,1.3696167707898164,1.1228064227299275,1.0052046018619167,0.04296757486427974,1.0,1.0,0.9,0.7,0.2,60,2571.9126462813338,45090.61113040937
13,45,1.0072817490244392,1.4256844118450909,1.3663323069394653,1.1297101820007982,0.9507494268039023,0.04360427029719957,1.0,1.0,0.9,0.7,0.2,62,2560.1551900030563,45545.027139034486
13,46,1.005460467418151,1.415318639250325,1.353844960306083,1.1401332472016226,0.9845238084604808,0.04585169054229562,1.0,1.0,0.9,0.7,0.2,64,1610.5487423510965,47080.80305433212
13,47,1.022584852450874,1.4315988677155758,1.3802165920756049,1.1841329900521909,0.9802809325503463,0.07036588015549781,1.0,1.0,0.9,0.7,0.2,71,2417.7460710768987,58094905.9669107
13,48,1.0202724852520895,1.4257753212694897,1.3735617795391872,1.1959703382646942,0.9792992656054738,0.06928826240138868,1.0,1.0,0.9,0.7,0.2,73,2536.3133027489325,58094156.35663191
13,49,1.0183744250833475,1.4124202058414355,1.3471438077870304,1.1975609243381322,0.9634188807403379,0.0673033281856739,1.0,1.0,0.9,0.7,0.2,74,2543.684424353157,58093443.24970893
13,50,1.0170007891979536,1.40555699813783,1.3389972396158052,1.2008889643937484,1.0132900085828414,0.0680042871008678,1.0,1.0,0.9,0.7,0.2,75,2525.54063105136,58089290.5675499
13,51,1.009586668757359,1.3958424031254355,1.3391830866302534,1.2029851216780474,1.0847873532584187,0.06487312461650643,1.0,1.0,0.9,0.7,0.2,76,3311.9125704350163,58088909.08364685
13,52,1.0057235692229167,1.3877901419296532,1.3301830051368475,1.206837659063218,0.9949052731090389,0.062076341211703766,1.0,1.0,0.9,0.7,0.2,77,2332.559804144735,58114258.93165137
13,53,1.0054895775018693,1.385690531985659,1.3276643660555554,1.2069611626332841,0.9733668892899068,0.06246197144021872,1.0,1.0,0.9,0.7,0.2,78,2326.942521052718,58114242.92070018
13,54,1.0036516168293848,1.380320746516623,1.3215055447355948,1.2126416706860355,0.9877038958657749,0.0616142290375065,1.0,1.0,0.9,0.7,0.2,79,2342.5353258808764,58103233.27356144
13,55,1.0018763717627333,1.3748319799674187,1.315192953166676,1.2251458493844523,0.9715800245317003,0.060860718804617395,1.0,1.0,0.9,0.7,0.2,81,2373.1622249975794,58103463.48552096
13,56,0.9996308589960226,1.357047190200778,1.283456295386999,1.22370040328732,0.992014169351475,0.05972208636064391,1.0,1.0,0.9,0.7,0.2,82,2468.2693372055774,58106821.68759024
13,57,0.9991119832639954,1.3544212230376953,1.2803682905471916,1.2269584477038407,0.9726774690830813,0.059801927768630456,1.0,1.0,0.9,0.7,0.2,83,2474.0728137837486,58105926.05627833
13,58,0.9994673978074404,1.3535520965668655,1.2792313525375123,1.2309435774242032,0.9654592725510298,0.060573993828229,1.0,1.0,0.9,0.7,0.2,84,2452.223127748116,58102850.14577167
13,59,0.9781510874890673,1.36568384778363,1.3409027873983939,1.2993423389400818,0.9414958018040691,0.040231942405091446,1.0,1.0,0.9,0.7,0.2,103,17962.705010835933,90795.61090537877
13,60,0.9803839122141322,1.350666624071403,1.3115925557426256,1.316911192734906,0.9531078957776502,0.044381237656292497,1.0,1.0,0.9,0.7,0.2,107,17635.83006651383,90276.13114985406
13,61,0.9768639692973284,1.3582398136150167,1.332142976408523,1.3242981399568146,0.9373760025081805,0.04049896504180827,1.0,1.0,0.9,0.7,0.2,108,17889.003334809582,91096.55700490132
13,62,0.9777944692536065,1.369618974599719,1.3563618111157718,1.343590243997397,0.9441238554564844,0.04173665607630121,1.0,1.0,0.9,0.7,0.2,109,17093.687096141955,77269.10691836037
13,63,0.976008442913538,1.3542210057627762,1.3274519216752678,1.3311088735751995,0.9572063025644051,0.04039436496526508,1.0,1.0,0.9,0.7,0.2,110,17869.62306492146,91784.24799191552
13,64,0.9813869918019238,1.375582884379147,1.3734465542391956,1.3556739067889754,0.9722293520767116,0.04810848495662695,1.0,1.0,0.9,0.7,0.2,112,17581.226729419286,74897.97718468182
13,65,0.9795108180526502,1.3700248826392085,1.367127115177516,1.3504666548089372,0.9712757903753753,0.04687362001863753,1.0,1.0,0.9,0.7,0.2,113,17483.667826329096,62376.96307922263
13,66,0.9801625542002836,1.3686311139746061,1.3653042843956202,1.3587037508900768,0.9610456262121665,0.04810848495662695,1.0,1.0,0.9,0.7,0.2,114,17469.149741017878,74501.44562657498
13,67,0.9773619782200496,1.3658250833584187,1.3731727098879578,1.37179601132247,1.0378235761759294,0.04763302901391654,1.0,1.0,0.9,0.7,0.2,115,17514.872077577547,74450.74979450954
13,68,0.9775971505103822,1.3517095178230394,1.3454107037191776,1.3684991449808737,0.9697512173109266,0.048589260551344285,1.0,1.0,0.9,0.7,0.2,116,17458.899884530296,74974.36095207438
13,69,0.9740276827699059,1.3363293889916046,1.3276186987696679,1.3695701438349415,1.0407987667260095,0.04714825607898121,1.0,1.0,0.9,0.7,0.2,117,17498.375645342796,62766.96775400235
13,70,0.9735634634844184,1.334456478550625,1.3254572757938703,1.3729036700621224,0.9546223155868261,0.04693911899809264,1.0,1.0,0.9,0.7,0.2,118,17536.824685886524,74850.26411764341
13,71,0.9731404580063845,1.3322352212740907,1.3228750473894586,1.3762385413832259,0.9561329447950213,0.046813083057879665,1.0,1.0,0.9,0.7,0.2,119,17489.486421260084,45314.24064382777
13,72,0.9725478993953696,1.3389116500860128,1.3417571039722263,1.3908873092188174,0.9746516822840683,0.04693911899809264,1.0,1.0,0.9,0.7,0.2,120,17359.68324809942,74190.77829094767
13,73,0.9707378528055914,1.3215991447117228,1.310576880470913,1.3854214819036217,0.9591672307237129,0.04577891949665086,1.0,1.0,0.9,0.7,0.2,122,17244.09048993867,62244.36408928344
13,74,0.9725225636937971,1.3333402734759887,1.335070461422757,1.4099795607127807,0.9455783261401891,0.04798526029966822,1.0,1.0,0.9,0.7,0.2,126,17171.996623105348,72541.07812936488
13,75,0.9677992416181147,1.3143626048976793,1.3024810757639949,1.4014675100967025,0.9639210812090337,0.04331272175271938,1.0,1.0,0.9,0.7,0.2,127,17233.30234635683,84771.4413912576
13,76,0.9702271742815831,1.3257389418678796,1.3264063443708136,1.415461571570321,0.9603761806012261,0.046433586540468405,1.0,1.0,0.9,0.7,0.2,128,17247.63887198198,74233.81119582051
13,77,0.9629948260320247,1.2884028818022417,1.2831329003778211,1.4207608927013688,1.1811077392722238,0.04347162231202552,1.0,1.0,0.9,0.7,0.2,129,17266.70460009825,83952.91547365715
13,78,0.9626690339030564,1.2837215263013277,1.2776033500913826,1.4280165043386577,0.956690297789526,0.043772902997256655,1.0,1.0,0.9,0.7,0.2,131,17252.844363116998,84570.55870788373
13,79,0.961563628275478,1.2763669252920704,1.2690351379168778,1.4382689531090576,0.9889760297103753,0.04347519257147603,1.0,1.0,0.9,0.7,0.2,132,17303.64526757056,85911.59298210134
13,80,0.9607820702194323,1.2713474232447644,1.2631973708772573,1.4264141066169156,0.9718829226348642,0.043206614851566974,1.0,1.0,0.9,0.7,0.2,133,17255.017421803812,83975.66817557203
13,81,0.9622319588798709,1.281957501335595,1.2864135309004394,1.4769452365791462,0.9428916709856514,0.04510527724498145,1.0,1.0,0.9,0.7,0.2,140,17150.66883006469,84225.22445251465
13,82,0.9607177606967425,1.2778785960939512,1.2818404942535924,1.4829814902986473,0.9494770103799313,0.043779320057329305,1.0,1.0,0.9,0.7,0.2,142,17017.208656869967,85532.07940024624
13,83,0.9535334960099877,1.3125939717941273,1.3679968252904253,1.5148187050042674,0.9341027306801479,0.03619621469215566,1.0,1.0,0.9,0.7,0.2,157,17260.254970248585,72402.37143830357
13,84,0.9732803293074175,1.3158795641053092,1.357273138647487,1.5695907000847387,0.9941180557116134,0.05884087133409115,1.0,1.0,0.9,0.7,0.2,158,17868.505957426707,71742.00588394236
13,85,0.9530317107674113,1.293262204774469,1.345066285867657,1.5252296213721592,0.9870585914005283,0.03806513531091589,1.0,1.0,0.9,0.7,0.2,160,17148.347019082525,71149.12373387595
13,86,0.9529138771511398,1.2919881097828803,1.343572482014844,1.5326690935073037,0.9432299357183618,0.03807513062016163,1.0,1.0,0.9,0.7,0.2,161,17151.029835659043,71128.72954852853
13,87,0.9531535090671384,1.302558211708013,1.3669771773747004,1.5375053205599458,0.9413774791591207,0.03844730025905685,1.0,1.0,0.9,0.7,0.2,162,17049.84149808667,71339.50286398244
13,88,0.952323603936059,1.2967295604518656,1.36020048309067,1.540503699166532,0.9729673859350694,0.03812138452584059,1.0,1.0,0.9,0.7,0.2,163,17194.45193204187,71889.15550618108
13,89,0.9696756275471043,1.3071698227862583,1.3693338970225868,1.6052825752683306,0.965720793725348,0.058200579926617924,1.0,1.0,0.9,0.7,0.2,167,17630.920812416836,67707.71156865927
13,90,0.968418837597536,1.3126700035607224,1.3869965056349935,1.6163044857907425,0.9601109761283515,0.05730157555021607,1.0,1.0,0.9,0.7,0.2,171,17332.997367234173,66840.82072154814
13,91,0.9699247949804186,1.302541950086754,1.3637868878114296,1.6261803383271392,0.9563799741548384,0.05902175112200427,1.0,1.0,0.9,0.7,0.2,172,17281.480907236364,44683.85601726423
13,92,0.9683327219166644,1.3229160945575884,1.4100788465615237,1.6401818242801338,0.9549679551644576,0.05730157555021613,1.0,1.0,0.9,0.7,0.2,173,17305.665884094713,66755.46827355544
13,93,0.968710585450107,1.2970542846466542,1.3574954753439639,1.6327524303649918,0.981713807526124,0.05813896121851057,1.0,1.0,0.9,0.7,0.2,174,17368.02966778809,44824.651914850125
13,94,0.9677779000024598,1.2973557883356643,1.3689286892728276,1.6558090785797488,0.9904343797464477,0.05814951213286591,1.0,1.0,0.9,0.7,0.2,176,17369.514218539407,44938.65681920501
13,95,0.9545546986655842,1.261325387435501,1.306822673190576,1.6110818961842541,0.9422214469919996,0.04349811629733125,1.0,1.0,0.9,0.7,0.2,177,17302.180854113372,82089.11718042576
13,96,0.9690928449889766,1.2858601555300473,1.3441189790058998,1.65576804003651,0.9617037830908095,0.059860154156055355,1.0,1.0,0.9,0.7,0.2,179,31112.12926762365,67398.82645089919
13,97,0.9672698999813116,1.282471924391235,1.3513642558405197,1.6488493248175924,1.0438942314316584,0.05900318409435231,1.0,1.0,0.9,0.7,0.2,180,17397.07346400425,81755.83242926563
13,98,0.9669799785734379,1.2586398347036003,1.3122437131556552,1.6472447076121208,1.0474154325125995,0.05981647384551163,1.0,1.0,0.9,0.7,0.2,181,17472.492273537784,82048.1302582828
13,99,0.9664595598180397,1.2686886571368843,1.3351758926199995,1.6555236600098946,0.9580166463412432,0.05929296922147159,1.0,1.0,0.9,0.7,0.2,182,17478.458982110893,81825.9340576722
13,100,0.9669356824386182,1.2463381322513867,1.308623195493113,1.6680651823500061,1.1266064127371331,0.06172432787574587,1.0,1.0,0.9,0.7,0.2,183,17773.3296742272,79297.43511503752
13,101,0.966869245547781,1.2565336176695856,1.3316463509300875,1.6883707626519724,0.9590681518460857,0.06172432787574582,1.0,1.0,0.9,0.7,0.2,185,17728.14292960546,79121.75216803918
13,102,0.9663273303173785,1.2519449085501932,1.326316151249618,1.6838146632905187,0.9855262538997547,0.06143595161319815,1.0,1.0,0.9,0.7,0.2,186,17733.126365759068,79081.81512309524
13,103,0.9661259357201997,1.2490591833606381,1.322939342239099,1.6952291759805485,0.9753076115915662,0.06141675395089,1.0,1.0,0.9,0.7,0.2,187,17659.56596407249,79025.31092030503
13,104,0.9644215758369923,1.255785186236281,1.3421585379736087,1.7285264469627268,0.9563440790396016,0.05973150652947122,1.0,1.0,0.9,0.7,0.2,195,17562.936636230854,78971.85348714238
13,105,0.9635311259297099,1.2473719005700383,1.3323720506946493,1.7261064712650627,0.9813664526636803,0.05929295657983299,1.0,1.0,0.9,0.7,0.2,197,17737.923793477363,78509.32566747081
14,0,0.76329614878778,0.9397101206455801,0.8804113877081318,0.0072245257068444075,0.0,0.0,0.0,0.0,0.9,0.7,0.2,1,4304.572328407447,8181.892910831497
14,1,0.7879395347173725,0.9792192922362379,0.9188481826994457,0.05581517063195561,0.06763570403043098,0.05074867923527806,0.00011015451427447999,9.747862683178e-05,0.9,0.7,0.2,3,4330.2558755782575,8336.306807604697
14,2,1.1352120460681192,1.3804551271210364,1.3297350298365376,0.48025760480872337,0.5919591949792777,0.062030249070975915,0.455351707799028,0.4039334156447216,0.9,0.7,0.2,4,3305.359097243057,3310.493602041864
14,3,0.7728093266726387,1.1128244764790758,1.0529691549471774,0.26466500298293966,0.6234595131744534,0.08149931604239562,0.21360659594318193,0.09098831308351812,0.9,0.7,0.2,5,4203.948190466429,6082.025936885833
14,4,0.7235020375369241,1.07207933169562,1.0112093689486383,0.23144835416990522,0.24920158935241693,0.08443111499272966,0.17213828093507016,0.04883337571326559,0.9,0.7,0.2,6,4170.279026630757,6445.554744287182
14,5,0.6149702950398497,1.0271039809512583,0.9704218690888455,0.22703979742471161,0.5495454694230539,0.09536505623069899,0.13669089397628875,0.10009659133130473,0.9,0.7,0.2,7,2877.7146627936395,4448.67386536774
14,6,0.5775934450076661,0.9897456714325867,0.9330598667356159,0.19207319788056185,0.16434890012587372,0.0963942370819828,0.08915060431437474,0.0751758708391831,0.9,0.7,0.2,8,2893.104958968802,5061.862991598025
14,7,0.6967875874655269,1.1147316595028411,1.041282222297355,0.35534158805919114,0.4759657093270417,0.09846560779626028,0.2330346933195869,0.35307063131311495,0.9,0.7,0.2,9,2226.0478069508968,4770.159946788506
14,8,0.6839919608238261,1.1127844472760788,1.036339434079927,0.37587778755485374,0.39891047336593694,0.09595682871732372,0.2541624865350126,0.36813640400558034,0.9,0.7,0.2,11,1730.0482366876724,5518.992440162861
14,9,0.6873989651308174,1.1219298383932628,1.0436036092502206,0.397470712074065,0.43476571923031343,0.0988273221313984,0.298878625204846,0.2993646580403291,0.9,0.7,0.2,12,1687.9631850225455,4656.589012667911
14,10,0.7690413728784327,1.2076268401043073,1.1277788613076785,0.5032696897542644,0.4836484236882628,0.08405243326672648,0.4555339433128194,0.29046996416380766,0.9,0.7,0.2,14,2943.6628708295416,11910.472553596006
14,11,1.3020241577273906,1.755026578847539,1.686859015750713,1.0687385605233237,1.0101138618680974,0.10724443389504776,1.0,1.0,0.9,0.7,0.2,18,3515.440741974317,6534.088504830117
14,12,1.268312722319991,1.7298320139358403,1.6566091810673782,1.0771151946555557,1.1036526876603667,0.11204873865318303,1.0,1.0,0.9,0.7,0.2,20,1949.666460038102,5511.893486191049
14,13,1.2588415824400148,1.7217146685147282,1.6472707316449353,1.0783911233503918,1.0496536356669806,0.11095178450019653,1.0,1.0,0.9,0.7,0.2,21,1930.770667131443,5811.531865110198
14,14,1.2587126382564313,1.721783542107165,1.6471382522577136,1.0882849661651006,1.0093200309642854,0.11233562149623699,1.0,1.0,0.9,0.7,0.2,22,1908.234921567829,7415.43106694553
14,15,1.250360293575396,1.7143152151140362,1.6386592874768613,1.0882369842362218,1.0201417403820652,0.11059379023548413,1.0,1.0,0.9,0.7,0.2,24,1941.6638609578945,6167.17460642643
14,16,1.2500036110232724,1.7252046466261814,1.6624952919655098,1.0962232108896068,1.0006331388670668,0.11059379023548413,1.0,1.0,0.9,0.7,0.2,26,1938.034888491395,6140.352129360718
14,17,1.2449375708427686,1.7206893858302246,1.6572056306648864,1.1070287059891186,1.0153331350310506,0.11060110913395124,1.0,1.0,0.9,0.7,0.2,28,1850.0034828771256,6124.58182140575
14,18,1.2280684341793504,1.7050005059413451,1.6387373840234998,1.1091732636107319,1.1135998539324372,0.11120162686879151,1.0,1.0,0.9,0.7,0.2,29,1729.4981735898589,5771.132083380557
14,19,1.0245305716516724,1.5349700192924052,1.504838268925891,0.9384799931806367,0.8424178434285854,0.11832824864619049,0.7238595335901324,1.0,0.9,0.7,0.2,33,3656.343658524528,22705.39882817308
14,20,1.0199335924971316,1.53013921833414,1.4992271709600244,0.9431760058100009,0.8288350773151136,0.11796712541771023,0.7239325414965136,1.0,0.9,0.7,0.2,35,3575.9750870859743,22639.36843844926
14,21,1.002954900518369,1.5130237785271081,1.4817520421294283,0.9365800231736872,0.8052409530855611,0.1195683052791758,0.7004229527861282,1.0,0.9,0.7,0.2,37,3443.595326985338,21548.14054653646
14,22,0.9945275478490445,1.504126932621614,1.4718683846646188,0.9361461143702658,0.8350196215167902,0.12297776214259115,0.6915615402982911,1.0,0.9,0.7,0.2,38,3476.993304715152,21735.919140364374
14,23,0.9904884489760843,1.4998615638576505,1.46720674816366,0.9372121581224993,0.8089802626413298,0.12580635899899725,0.6851366268784853,1.0,0.9,0.7,0.2,39,3510.3637038564907,21883.839520411268
14,24,1.0119483531172582,1.5415334913083119,1.5320804185527346,0.993202589260088,0.9426182112693684,0.11629982466291437,0.7482305393503265,1.0,0.9,0.7,0.2,40,3506.5045474255253,22755.076872506903
14,25,1.0119859685982837,1.5523351360488968,1.5554400166653122,0.999107864200008,0.8396377812895699,0.11557318233261224,0.752281120808113,1.0,0.9,0.7,0.2,42,3371.873027059873,22709.36493405676
14,26,1.0031036612801625,1.54215627357927,1.5440736866724978,0.9984587064670012,0.8758475125838543,0.11882462387735152,0.7434644312535705,1.0,0.9,0.7,0.2,43,3393.002301165978,22904.34840933439
14,27,1.0085378247707204,1.5472059694139115,1.5487943895444474,1.0084859221451556,0.8478181054001863,0.11658681072173671,0.7563001884194276,1.0,0.9,0.7,0.2,44,5554.399878282394,22863.065220933644
14,28,1.0938794990054859,1.6325611024503242,1.634116119047318,1.1158497980903141,0.9205014602178629,0.12460383178991649,0.8682071668531816,1.0,0.9,0.7,0.2,47,3466.500185221156,23215.702831441493
14,29,1.1683232712143068,1.6883236574782556,1.6719047645138108,1.1917139655359317,1.2186912204163758,0.12877291085014675,1.0,1.0,0.9,0.7,0.2,48,3660.944726242889,27128.63738537221
14,30,1.1670974014129005,1.6977171470534638,1.6939887604031096,1.2006650269344716,1.022074672828348,0.1287729108501467,1.0,1.0,0.9,0.7,0.2,50,3661.310636257899,27120.48392730282
14,31,1.1608702067011716,1.7093493653454876,1.729278677992169,1.232087209598728,1.0505641858781278,0.13200275432464703,1.0,1.0,0.9,0.7,0.2,53,2820.724884276351,27192.26385381192
14,32,1.1533857241899035,1.684278317724062,1.6882307024491254,1.220302542914927,1.1453096623812975,0.1359057843806431,1.0,1.0,0.9,0.7,0.2,54,3435.836079250417,27256.29900524713
14,33,1.1483001890179376,1.6854948691659353,1.7004789624101104,1.2404511616267084,1.0631630881633254,0.13758272123301504,1.0,1.0,0.9,0.7,0.2,56,3394.5890149491424,27183.063774434664
14,34,1.14935856015553,1.6752740823499608,1.6772276441250946,1.2458923790874892,1.0255902205742382,0.1388691378645157,1.0,1.0,0.9,0.7,0.2,58,3421.2832586874674,27267.068376286607
14,35,1.133639374392233,1.6783233648269755,1.7048612949799906,1.2532502957686271,1.0716785865660965,0.1265510739135301,1.0,1.0,0.9,0.7,0.2,59,2766.3987424123143,27076.001416218605
14,36,1.1330623978629466,1.6773938545063796,1.7037978081669574,1.253033137241684,1.0164868388737776,0.12638792558109613,1.0,1.0,0.9,0.7,0.2,61,2756.447902746896,27105.440109269315
14,37,1.130469097752443,1.6484440546738768,1.6473851237955104,1.255019088286154,1.0753437290509424,0.128602691114274,1.0,1.0,0.9,0.7,0.2,62,2780.6490573798465,1314606690291.455
14,38,1.1210606520956636,1.6503241441324348,1.671430487173517,1.2652574884881542,1.1746192122929042,0.13068123155311245,1.0,1.0,0.9,0.7,0.2,63,2747.194299502601,2889006318878.1914
14,39,1.1181156539430765,1.6230757087286334,1.6175769549898236,1.2675394669721192,1.0403747652460984,0.12922187792342604,1.0,1.0,0.9,0.7,0.2,64,2734.978934943959,1314609033239.9993
14,40,1.1162725426887656,1.6404101775225,1.6598801338429954,1.2744135505948404,1.0594159373735679,0.13028243676918183,1.0,1.0,0.9,0.7,0.2,65,2674.6439140460207,2889001429544.107
14,41,1.1152390456468584,1.6272801515493367,1.6334696650686478,1.2774369241239931,1.028324816300895,0.12995768156656934,1.0,1.0,0.9,0.7,0.2,66,2816.139046464496,2889001357201.26
14,42,1.1159210173118155,1.626721423015362,1.6325240047618872,1.2854013056344955,1.0344366706030463,0.13184872481226326,1.0,1.0,0.9,0.7,0.2,67,2938.3462535909057,2889001423689.562
14,43,1.6568662658274353,2.1847345799387803,2.214905123977502,1.8086402256302525,1.6303988790560051,0.7375600491292534,1.0,1.0,0.9,0.7,0.2,68,1725.9111646495628,36437295605473.12
14,44,1.2968571132015603,1.8184433558560535,1.8467576351661885,1.4655076564460394,1.2840570847189252,0.342612940074533,1.0,1.0,0.9,0.7,0.2,69,1313.4946616775103,36437358345154.78
14,45,1.6398705405253768,2.164038376487127,2.202902298594749,1.8298887352853173,1.5903704862766108,0.7300593765697597,1.0,1.0,0.9,0.7,0.2,72,1388.189654543779,36437358025078.61
14,46,1.643340495943298,2.1631330308757404,2.200790406680089,1.835383490341566,1.6124096499623182,0.7368819148635353,1.0,1.0,0.9,0.7,0.2,73,1341.0186799862672,36437360638516.47
14,47,1.6868445934622422,2.214639258963307,2.27446819343104,1.9240749093699965,1.6459578218461208,0.7940588179408115,1.0,1.0,0.9,0.7,0.2,78,1620.8058055825672,38196830173266.5
14,48,1.6857912354718991,2.1994676723162914,2.2455500692952723,1.920481418129938,1.6451507558331446,0.7944896492522172,1.0,1.0,0.9,0.7,0.2,79,1606.9831676852918,38196826214322.1
14,49,1.6799874812856408,2.198810192719712,2.256356822043071,1.9234463600268397,1.6748625385401124,0.7912787971454673,1.0,1.0,0.9,0.7,0.2,80,1540.3141529513146,38196871363133.766
14,50,1.672748267235443,2.1601715034329985,2.18947300636877,1.926343887642373,1.6555184996541958,0.787803694728001,1.0,1.0,0.9,0.7,0.2,82,1454.6583322814267,38201020809472.78
14,51,1.671275079863397,2.1662371633164947,2.2076591587752112,1.9361957616515806,1.6263787622750296,0.787803694728001,1.0,1.0,0.9,0.7,0.2,84,1427.76188638326,38201017014683.01
14,52,1.6698319913356159,2.172407966517035,2.2259684064708702,1.971726563508964,1.6264052016143757,0.7878036946940867,1.0,1.0,0.9,0.7,0.2,86,1374.5602600215234,38201008550797.25
14,53,1.3423834437496576,1.8254476440044998,1.8640331224149764,1.6281263520980342,1.304928884655167,0.4275520834099704,1.0,1.0,0.9,0.7,0.2,90,1353.6055918572251,35321.8418666557
14,54,1.3311753149283219,1.8344354581165854,1.8985026515278056,1.6272488917312482,1.2955899798193693,0.41601027690427805,1.0,1.0,0.9,0.7,0.2,91,1357.485837602533,35144.66664938774
14,55,1.3399508819310115,1.813446056791114,1.8498031515895763,1.6535794483515691,1.355500040462978,0.42867433926741116,1.0,1.0,0.9,0.7,0.2,92,1929.6788095269176,35386.42619524431
14,56,1.3018592818482928,1.7883852527255264,1.8486023887986038,1.6232893323967004,1.3381654425648124,0.38982247801763836,1.0,1.0,0.9,0.7,0.2,93,1285.9574727063125,579961.6451604033
14,57,1.3003897240677156,1.773966501843025,1.8312882466433302,1.6167280158965613,1.3714078875517741,0.3925870651749408,1.0,1.0,0.9,0.7,0.2,94,1387.316409990226,579438.3357168108
14,58,1.3003897240677158,1.7851708505034949,1.855493143396147,1.6385427313062653,1.2533292419908857,0.3925870651749412,1.0,1.0,0.9,0.7,0.2,96,1387.3164099902276,579438.3357168108
14,59,1.3049123739558375,1.7879247540408565,1.8578564686375805,1.6546892755021914,1.2636705186530166,0.39818027630165964,1.0,1.0,0.9,0.7,0.2,99,1373.5702243121862,579777.4738386119
14,60,1.6278909718619956,2.0971291900590563,2.1534941686565476,2.015853012608369,1.5878857231352985,0.7578638804919731,1.0,1.0,0.9,0.7,0.2,103,1545.563959646012,97205094523621.36
14,61,1.2771161949150958,1.756922359022601,1.836709462370799,1.6778639862809535,1.2873996737794726,0.3716900621432787,1.0,1.0,0.9,0.7,0.2,105,1215.2390127065055,652240.5041380601
14,62,1.2439774309395386,1.6706474741209507,1.7286395808836221,1.6565506394055403,1.569133052426399,0.3453363351161856,1.0,1.0,0.9,0.7,0.2,106,1404.435529436606,751416.623959521
14,63,1.1947376862305075,1.6156108406781464,1.6724216509162912,1.6154120323449317,1.1865552841715437,0.29184887184063785,1.0,1.0,0.9,0.7,0.2,108,1341.9275687928755,751080.4015345972
14,64,1.1933232663427744,1.610765793554699,1.6668796266057677,1.6219149788843505,1.1761024631160228,0.2909875049172884,1.0,1.0,0.9,0.7,0.2,110,1371.6836920838882,751315.2149895749
14,65,1.2412465128519596,1.6572381907922815,1.7345636393060146,1.685769710662331,1.4099941413282062,0.34879837024185006,1.0,1.0,0.9,0.7,0.2,111,1467.7432312464073,597059.1588908078
14,66,1.2699048546962637,1.6641148646020836,1.726350881834218,1.7346986940693419,1.2653641090531238,0.38244134421614706,1.0,1.0,0.9,0.7,0.2,115,1592.4874520029152,602658.007395537
14,67,1.2708398777562928,1.6728193759467367,1.747381130181575,1.762488480037117,1.2593404504376207,0.38404234550287797,1.0,1.0,0.9,0.7,0.2,117,1567.8953211746375,603507.9742830402
14,68,1.2699830254526956,1.6571000473614588,1.7179440929755747,1.7427577654503434,1.274485462648092,0.38367803307563375,1.0,1.0,0.9,0.7,0.2,118,1480.068058054053,599555.6433862206
14,69,1.2687751622607135,1.6764106129370768,1.762885943051769,1.7602615891910072,1.2594162279457686,0.38263487039524746,1.0,1.0,0.9,0.7,0.2,119,1603.6701363531986,602756.907473665
14,70,1.258505778146885,1.6710067895350986,1.7909167093382625,1.753597718839657,1.2702973783740126,0.37540233511505117,1.0,1.0,0.9,0.7,0.2,126,1411.3150066669857,282447.3364866665
14,71,1.250155042538407,1.5968580869470899,1.6716415409562126,1.7317943370830362,1.4847892650761532,0.3700991136477011,1.0,1.0,0.9,0.7,0.2,127,1442.279387366562,282294.3285402992
14,72,1.2499922721558367,1.5926840681519958,1.6776146660611577,1.7505808311604574,1.2630118265898715,0.3715263859912508,1.0,1.0,0.9,0.7,0.2,131,1416.6395399251255,281707.48711789737
14,73,1.2477845925800664,1.6014449838865967,1.6993319150745478,1.7597452457904128,1.233094470613336,0.3690979215264319,1.0,1.0,0.9,0.7,0.2,133,1432.2569054517226,282735.07704642764
14,74,1.2501610681825122,1.620991401539116,1.743900186018712,1.7887997716883768,1.2549781083391112,0.3722704725230434,1.0,1.0,0.9,0.7,0.2,135,1512.8164483662308,281768.2960692013
14,75,1.2311340774373503,1.5926391829466944,1.7138078187165442,1.939789182966246,1.2188559872515048,0.3520581424146279,1.0,1.0,0.9,0.7,0.2,171,1483.6486113442138,292646.46168639854
14,76,1.2281168507518339,1.6127305694405043,1.7709541103957505,1.9817433928229853,1.223384851842486,0.3496651451697101,1.0,1.0,0.9,0.7,0.2,180,1523.488534788274,294757.8667968599
14,77,1.2323179392553996,1.6041650792719935,1.7490989384144724,1.9684978564438522,1.2249239603874362,0.35447364374211643,1.0,1.0,0.9,0.7,0.2,182,1481.881921694045,284444.0764119406
14,78,1.2295299574572203,1.5841599295367639,1.7149795932272993,1.9681215950861342,1.2399800849083142,0.3519201379855769,1.0,1.0,0.9,0.7,0.2,184,1583.7348338460904,283679.1961130816
14,79,1.2289733523229218,1.5873959511347462,1.7298515550661755,1.9800058065950636,1.2440140351664224,0.3519201379855768,1.0,1.0,0.9,0.7,0.2,186,1595.5826180603267,283760.4624711008
14,80,1.2307779059304722,1.576777373030582,1.7060080141112441,1.9730602314933565,1.2277832786173113,0.3540268543503208,1.0,1.0,0.9,0.7,0.2,187,1597.3631792996937,283581.28221274214
14,81,1.2305065053491002,1.5862198528801952,1.7281767748056263,1.9941022805684971,1.222189300180629,0.35384858590946977,1.0,1.0,0.9,0.7,0.2,190,1594.387389911896,281380.6791861908
14,82,1.229870312700169,1.6168560991697882,1.7973840984203926,2.0538847119053467,1.2215113187954678,0.3533336456061712,1.0,1.0,0.9,0.7,0.2,195,1488.027597520791,282986.1377744944
15,0,0.8273831469654326,0.9576985232488611,0.9014803065204691,0.008878385824255637,0.0,0.0,0.0,0.0,0.9,0.7,0.2,1,3368.542604888486,8213.391414843176
15,1,0.861302470331166,1.0077873808784024,0.9505272109338289,0.06788745082971914,0.07741922188757522,0.06230900095497295,0.00010561808353773999,0.00010474096353469001,0.9,0.7,0.2,3,3342.601517547411,8174.839370466012
15,2,0.7854922757400004,1.0564824462659974,1.0035146656771556,0.16820350089659433,0.4996553444356512,0.11608012971452597,0.03860758386293055,0.0650739631394484,0.9,0.7,0.2,4,2923.2399404604494,46118.28535542564
15,3,0.7772002154261882,1.117493854165237,1.0574172033742488,0.27048729627481805,0.5423535612351296,0.10170413855924991,0.207464191652388,0.051374384373826854,0.9,0.7,0.2,5,3339.172579864451,5426.904983220748
15,4,0.7362207975202264,1.081675796192481,1.0209415994825783,0.2402970666356398,0.24168057313758248,0.10072878416806079,0.1689993470055729,0.03049863694092097,0.9,0.7,0.2,6,3219.9818159131028,5763.232747395307
15,5,0.637588365926062,1.043976498176287,0.9884030689489397,0.23803376452000438,0.5264510191720835,0.09958111202458104,0.15665457402167943,0.06324528200564863,0.9,0.7,0.2,7,2889.8448875048043,4154.283845552472
15,6,0.6724107880895974,1.0992126062485952,1.0393298171798002,0.316970759474282,0.3509110527330659,0.0705742015014639,0.25053833422629423,0.2671793144931843,0.9,0.7,0.2,10,2816.8792081072365,37909.04236678792
15,7,0.5091586770918418,0.9774796790559235,0.9380922406027465,0.22318245135129372,0.40488086200278955,0.07538109515968158,0.1113071681385446,0.17289205960200144,0.9,0.7,0.2,11,2190.701603139966,39558.00786454717
15,8,0.511451058700902,0.9914342939343563,0.9648835352029707,0.23920250250815267,0.18738198184482924,0.07733072162516388,0.11192052358510059,0.18050692243654456,0.9,0.7,0.2,13,2198.636521431804,39179.83226142703
15,9,0.47534104932409765,0.9373273862558794,0.8830750209600825,0.22101755352799285,0.23163132041490875,0.039585948605033325,0.12150348493877934,0.20797516032859842,0.9,0.7,0.2,14,2093.687887155853,38331.39282179573
15,10,1.0742856006749648,1.52567725510485,1.4581688065593377,0.822869988780588,0.7685377677116711,0.10176507946881479,0.8004164172546041,0.5572092187367299,0.9,0.7,0.2,16,2354.4550657140035,45703.97757069453
15,11,0.9196173126260292,1.3885404634080019,1.3309157111912904,0.6964930919575918,0.6967383364883769,0.10600122943431381,0.6430704522573902,0.438148585383581,0.9,0.7,0.2,18,2702.4200287643616,47697.09308123511
15,12,1.1312676148816851,1.6073443797391167,1.5433433814423625,0.962259831007881,1.0192721620418665,0.08297499745472392,0.9696327787929189,0.6789799212971197,0.9,0.7,0.2,20,1884.086622877804,44315.197966601365
15,13,1.100314284634676,1.588180149302037,1.5359503636933036,0.9519675456420069,0.8785981436107295,0.08518314061255623,0.9427581100076073,0.6471515064747493,0.9,0.7,0.2,24,1948.749068692178,44923.9584496242
15,14,0.8940077027586129,1.3819951452827868,1.3292707087961648,0.7557408611826459,0.6726987179010588,0.07236023939173325,0.7043051230170623,0.522955537562354,0.9,0.7,0.2,26,2494.11125986829,46195.39912125577
15,15,0.8936166759147158,1.3816348858088057,1.3287929079349865,0.764130951802549,0.6654488848058916,0.07264553375611296,0.7043823034939348,0.5230315472750359,0.9,0.7,0.2,28,2501.567275598407,45857.36021629085
15,16,1.0316824392593944,1.5196114586159355,1.463098367127255,0.9298061244177905,0.9721863372632376,0.05293500752338444,0.9375563863570837,0.5926854468825394,0.9,0.7,0.2,29,2766.015544187833,50166.62167410158
15,17,1.0472161097484554,1.5333800682861933,1.4735140725660782,0.967534825057122,0.9242772814069401,0.05059909698964371,0.991952004399443,0.5795490150166025,0.9,0.7,0.2,31,2546.8290081243317,46171.81423447263
15,18,1.1331126527300073,1.6077866803353291,1.534584156346402,1.0647791763270271,0.9569102205647794,0.08194832792653019,0.9722303005027255,0.9453673479736364,0.9,0.7,0.2,32,2193.931737023216,47828.214579493615
15,19,1.0329811773515907,1.51570154447624,1.4523525161632111,0.9714072779761641,0.986907074449435,0.04991493218841374,0.995587882501322,0.5832002777929188,0.9,0.7,0.2,33,2467.99418115364,45810.407725826015
15,20,1.0453162893480232,1.5265834376037382,1.4620980643286354,0.9835314838715985,0.8991162809221475,0.07544219270558329,1.0,0.5404686682512911,0.9,0.7,0.2,35,2365.4090048020707,45132.45843905847
15,21,1.0919250266262903,1.571391352925215,1.505623759840781,1.055351822024873,0.9806709748171667,0.06801724295774132,0.9782327139175797,0.9115430355142404,0.9,0.7,0.2,36,2217.7653399257256,46568.13949360143
15,22,1.0388498645163546,1.527972545324427,1.474206502072101,1.0034307407837815,0.9201513768899539,0.07648995806885203,1.0,0.5532768544501155,0.9,0.7,0.2,37,2289.8543050965677,45113.91531124948
15,23,1.0468138896229413,1.5220630375072763,1.4536872558798235,1.0229486678058421,0.9602456244772022,0.06160767612730097,1.0,0.6937067265829746,0.9,0.7,0.2,38,2086.747462905285,47648.36810571245
15,24,1.0111250941273708,1.4919736265758492,1.4337034417744396,1.0089091167533208,0.9286086217275304,0.057438810687189944,1.0,0.5905176877169717,0.9,0.7,0.2,40,2164.403833617937,45945.30415015891
15,25,1.0103825607002261,1.489850358954193,1.4309217722856482,1.0134164818579086,0.8849535925108278,0.057585823717561324,1.0,0.5984622174496788,0.9,0.7,0.2,42,2198.132181887151,45374.1165444345
15,26,1.0026808281309778,1.4892438289313494,1.4414645162338287,1.0267445790775502,0.908260667601439,0.0568427736577759,1.0,0.5968003588956659,0.9,0.7,0.2,44,2118.1379883299155,45574.16285966993
15,27,1.0025604283419038,1.5002490036082152,1.4654362798997385,1.0358420638438464,0.8712142838993405,0.0568427736577759,1.0,0.5968003588956659,0.9,0.7,0.2,46,2140.1537482271974,45345.24480173785
15,28,1.003138391701997,1.4887608220632478,1.4405768549293358,1.0379594349653778,0.8875046315862396,0.057711948364133195,1.0,0.6022868507345691,0.9,0.7,0.2,47,2140.812664595139,45782.66855254931
15,29,0.9976644318497958,1.4694257782869828,1.4071309738781674,1.0482008969545908,0.9160372440905058,0.055555545353115056,1.0,0.6037546778905798,0.9,0.7,0.2,48,2111.4106088893086,45146.32419117032
15,30,1.070508269344395,1.5640691265070796,1.5275271550494305,1.1282145085643993,0.9545700926617467,0.06559938031674813,1.0,0.9269830015602916,0.9,0.7,0.2,49,2098.4461842203536,46142.46052964362
15,31,1.089491465109014,1.5817927897106379,1.5447288812567355,1.1783587890429348,0.9668801246194076,0.07245201255848494,1.0,1.0,0.9,0.7,0.2,62,3367.7853314496447,62466.64682343488
15,32,1.0744383793395775,1.5450204005528314,1.4910333106940696,1.1676193259860947,1.0423905954544948,0.06949270776681142,1.0,1.0,0.9,0.7,0.2,64,3241.9160415404613,64512.22639097038
15,33,1.0699529148752838,1.5464477043997855,1.5036379408980747,1.1873512842094847,1.000621399782827,0.07045932845842179,1.0,1.0,0.9,0.7,0.2,66,3235.078347643994,64805.071562166944
15,34,1.061126185717438,1.5334915077711633,1.4893214522561775,1.1911880996845292,0.9860138414790751,0.06488894699146543,1.0,1.0,0.9,0.7,0.2,68,3037.188819240348,61199.6007187384
15,35,1.0499029182953898,1.5312529331673308,1.4993621444076475,1.1991007470887456,0.9788141695276582,0.054632051887186284,1.0,1.0,0.9,0.7,0.2,69,3008.964949887708,63524.77421700696
15,36,1.050424831649975,1.5085880919760795,1.4600151029068822,1.1966373086917663,1.1091204541645303,0.06578480226379715,1.0,1.0,0.9,0.7,0.2,70,2929.2962644071986,60776.05310508944
15,37,1.0504148369677795,1.5081024487455676,1.4593886253838269,1.2039054544084078,0.962414747839039,0.06615891051137653,1.0,1.0,0.9,0.7,0.2,72,2968.112116158837,63342.71830012302
15,38,1.0355912084256538,1.5477138071623666,1.5628913323366072,1.2111261229418233,1.0331755699130623,0.055135684643911165,1.0,1.0,0.9,0.7,0.2,73,3590.5249597957927,651100654732326.1
15,39,1.0426773696904257,1.4918309327649772,1.4406498328009618,1.194453703656138,0.9747443302589291,0.06408688185991132,1.0,1.0,0.9,0.7,0.2,74,3036.93134477536,56965.8944633379
15,40,1.0184377161505178,1.5057122026577863,1.5247783704650544,1.2158513577440766,1.265935548039428,0.055135684643911165,1.0,1.0,0.9,0.7,0.2,75,3178.459818011984,651100779804639.2
15,41,1.017394356682368,1.5137914765571312,1.5453336635511146,1.2264952876552415,0.9602539859416985,0.05506614861299217,1.0,1.0,0.9,0.7,0.2,77,3175.9114523613466,816828582186521.2
15,42,1.0170825276892892,1.5125658719682789,1.543878966007396,1.2338105461824553,0.9543445256243619,0.05519118955114449,1.0,1.0,0.9,0.7,0.2,79,3176.5565781330856,816828576367938.6
15,43,1.0132785651799692,1.4873185880295543,1.5031044775272064,1.2331646773061158,1.0534268528943822,0.05598060234647791,1.0,1.0,0.9,0.7,0.2,80,3045.908841144874,1337794127638454.5
15,44,1.0106384029415472,1.4811561119057142,1.496089128421396,1.2388497866221437,0.9665918875711053,0.05466715707426408,1.0,1.0,0.9,0.7,0.2,82,3046.632245233238,1337794109151045.8
15,45,1.0076415045908966,1.4743490696335702,1.4883680437757971,1.2478780752841463,0.9850090643774936,0.053033975551221565,1.0,1.0,0.9,0.7,0.2,83,3021.324815692308,986861468219237.0
15,46,1.0113278293367232,1.477309925491171,1.4911557765828674,1.264071069908254,0.9523446494525512,0.057447054081649164,1.0,1.0,0.9,0.7,0.2,94,3016.957695541044,1484513534458434.8
15,47,1.0009566423561884,1.47283113418211,1.4984176211002807,1.2861036089710354,0.9949638423494762,0.04819573963045989,1.0,1.0,0.9,0.7,0.2,95,3150.25133872215,1484513349419829.5
15,48,1.0029332808148739,1.4747549285842052,1.5003309286655369,1.2703720717100107,0.9455745474063952,0.05040110500059567,1.0,1.0,0.9,0.7,0.2,96,2973.5309295653124,1484513599408392.5
15,49,0.9979960685080975,1.4651487847412923,1.4896314104848856,1.2775569860605869,0.9867723751113111,0.04682132101653872,1.0,1.0,0.9,0.7,0.2,97,3165.41595510705,1484513424530229.5
15,50,0.9975750542274413,1.460423902263616,1.483899326044726,1.278195903927107,0.9854832069264161,0.04810591593832044,1.0,1.0,0.9,0.7,0.2,98,3231.893570748024,1484513449304015.8
15,51,0.9968340013948804,1.4562347205791597,1.4789271759770728,1.3217566479266518,0.9498335239781694,0.04853120349877496,1.0,1.0,0.9,0.7,0.2,103,3030.016640614242,1484513443632672.8
15,52,0.991988405046524,1.4407218240005866,1.4609953263860922,1.3223176801803695,1.0409448251249422,0.04698883980142262,1.0,1.0,0.9,0.7,0.2,104,2900.8960751400045,1484513452826714.2
15,53,0.991898372286077,1.451545605032299,1.484754429107824,1.3441781680343816,0.943616803607207,0.0469888398014226,1.0,1.0,0.9,0.7,0.2,106,2883.236898406712,1484513460553493.5
15,54,0.9934486821010828,1.447745677158133,1.4797592838650688,1.3508660710057339,0.9698803265306011,0.050521660720097575,1.0,1.0,0.9,0.7,0.2,108,3048.024741197852,1484513499444346.5
15,55,0.9933023455257657,1.4243279013263808,1.4301493627086532,1.3585314605343408,0.9463487035180511,0.05064033704425912,1.0,1.0,0.9,0.7,0.2,118,2190.33322982556,1484517494332789.2
15,56,0.9885786163964154,1.4146713505014572,1.419402586843147,1.3767693699438397,0.9645136561034104,0.046983839566396804,1.0,1.0,0.9,0.7,0.2,120,2130.8012726513816,1484516915618988.5
15,57,0.9883440777238004,1.4128436297165952,1.4172246147118475,1.3879382507803546,0.9496482877538257,0.047225540712306106,1.0,1.0,0.9,0.7,0.2,122,2146.2632481441183,1484516940149761.2
15,58,0.9896717727789539,1.4101004855590686,1.413590734936588,1.3972382326495072,0.9812862377785265,0.04995697259941907,1.0,1.0,0.9,0.7,0.2,123,2263.500710399142,1484517685059559.2
15,59,0.9866656469894657,1.425087390714075,1.4536186895446341,1.4062280662254223,0.9822888490492823,0.047938404339174616,1.0,1.0,0.9,0.7,0.2,124,2857.378567053273,1484520106041980.8
15,60,0.9869866015397781,1.4522335363840628,1.5289183318163968,1.3929081633097493,1.1049131431265289,0.05327423101197121,1.0,1.0,0.9,0.7,0.2,125,3538.552996603185,14318707.559040274
15,61,0.9864467190411452,1.4479513644849675,1.5238472155649527,1.4004603642596156,0.964358523337709,0.05363475817053472,1.0,1.0,0.9,0.7,0.2,127,3513.105155031732,14318292.98500728
15,62,0.9851021754036924,1.4669356317233226,1.5683955184123142,1.436248940489264,0.9652318078516307,0.05266481204281942,1.0,1.0,0.9,0.7,0.2,128,3508.864948015362,14317815.93452369
15,63,0.9847744732681458,1.4636933529415768,1.5645429025259665,1.4440415934521955,0.9601764959790333,0.05302258450770695,1.0,1.0,0.9,0.7,0.2,130,3483.3505920666817,14317399.748443255
15,64,0.9847070635817312,1.4521135655961348,1.5398983796312211,1.4179955011025596,0.9490239029673442,0.0530225845077069,1.0,1.0,0.9,0.7,0.2,132,3476.87852888123,14317760.656584289
15,65,0.9859888650759221,1.3860900893380657,1.406529906682048,1.4472902067072846,0.9832264694266515,0.05710584847806751,1.0,1.0,0.9,0.7,0.2,135,3221.0055363039205,1.2525928192291344e+36
15,66,0.9808947023993544,1.399293056086581,1.444887837052084,1.469468855215119,0.9586319744015215,0.052367318371491264,1.0,1.0,0.9,0.7,0.2,138,3114.092460672212,435042084776164.3
15,67,0.9856143516473135,1.4588607299215004,1.56921742736781,1.4896821478818878,0.9570018914938125,0.057870049352467236,1.0,1.0,0.9,0.7,0.2,140,3341.567865370534,14318210.406735158
15,68,0.978750493475725,1.3914748408699642,1.4359079632968206,1.4904556126983566,0.9836386726777975,0.05121749044596182,1.0,1.0,0.9,0.7,0.2,141,3165.729377163449,6.194368539097174e+36
15,69,0.9834451375902729,1.4403643430891881,1.5366724579088666,1.4688347328220284,0.9526406579134887,0.05656629468293282,1.0,1.0,0.9,0.7,0.2,144,3342.445497787002,14316189.292701757
15,70,0.9825174990713024,1.4496353587507527,1.5587390516787456,1.4942663838323418,0.9543556178630748,0.055748632916061545,1.0,1.0,0.9,0.7,0.2,146,3350.786802069037,14314387.975224923
15,71,0.9737105928555263,1.4258686957696802,1.5534877640168636,1.5109695840627102,1.0494718728385255,0.053009405557114565,1.0,1.0,0.9,0.7,0.2,149,3529.802957891226,14325739.164199805
15,72,0.9716758044110181,1.4627728452638633,1.6520480483356574,1.5606926590667067,1.0163697475901334,0.05348035330472143,1.0,1.0,0.9,0.7,0.2,151,3277.170659225392,14325023.410882857
15,73,0.9711738492415023,1.4282440200772677,1.578436731761548,1.5485546727821426,0.9493533494368842,0.05298635304222149,1.0,1.0,0.9,0.7,0.2,153,3515.00538165028,14325315.54783018
15,74,0.9695271882207075,1.4713872508459303,1.684405109101543,1.6024441403838097,0.9919183761911747,0.05280675487402435,1.0,1.0,0.9,0.7,0.2,155,3253.0062762415578,14317426.929726971
15,75,0.9687772464573257,1.4416072838217118,1.6381991896093575,1.5862594346052847,1.0188888336312947,0.054390322446797625,1.0,1.0,0.9,0.7,0.2,157,3427.363612087998,14315224.474353423
15,76,0.9684025086606651,1.3725996075983227,1.4909191173383485,1.5385775443257617,0.9524512739124351,0.05415709475743319,1.0,1.0,0.9,0.7,0.2,160,3221.010912417739,14290536.489455452
15,77,0.9679267789915713,1.3678878179089529,1.485400365708615,1.538128314259848,0.9650247714279621,0.05415709475743319,1.0,1.0,0.9,0.7,0.2,162,3164.09806914482,14294124.807157282
15,78,0.9663196623280152,1.3972650116368877,1.5532779695313221,1.5914741559675776,0.9578242902655922,0.05270310245601654,1.0,1.0,0.9,0.7,0.2,164,3251.1974873107333,14289708.726968495
15,79,0.966391987124454,1.369892462205688,1.498948503341394,1.5601657398539293,0.9866868260171728,0.053388414296107745,1.0,1.0,0.9,0.7,0.2,165,3193.9696779849373,14291729.520041356
15,80,0.9674824192633249,1.3761021545192542,1.5170061568914852,1.5969793863744297,0.9967857071198456,0.05531603632611585,1.0,1.0,0.9,0.7,0.2,166,3100.840601841836,14296363.225343153
15,81,0.9658022471730048,1.3685437759102366,1.5083381000711722,1.5952210117335972,0.9939673069534247,0.05411868498320384,1.0,1.0,0.9,0.7,0.2,167,3110.037238302344,14291289.775771746
15,82,0.9645666905459716,1.3951640794509748,1.5728760835275881,1.6659150232904023,0.9554117786622618,0.05338132297044781,1.0,1.0,0.9,0.7,0.2,173,3158.04304989647,14288893.738234255
15,83,0.965534979702461,1.3845006199706011,1.5491318019005644,1.618590775653659,0.949870191135165,0.05450356360546933,1.0,1.0,0.9,0.7,0.2,177,3160.9353135524298,14290895.742394438
15,84,0.9591388441927546,1.3683978820970284,1.5312086791780333,1.6243692397103147,1.0178300406660856,0.048422260442721736,1.0,1.0,0.9,0.7,0.2,178,3142.582838700493,21747248.22625138
15,85,0.958660306160197,1.3671075559895014,1.5297664227878798,1.6198775287530587,0.9493836082604532,0.047974081817702005,1.0,1.0,0.9,0.7,0.2,179,3071.5498670610264,21732412.297882013
15,86,0.964555366140994,1.3161796408051236,1.424596162680947,1.6411578792694248,1.0416792003222113,0.055718711505336346,1.0,1.0,0.9,0.7,0.2,180,3306.8941585694656,17498456.22675129
15,87,0.9635995629105651,1.3512560331595933,1.5100434169073231,1.6356851403298394,1.0162717494535323,0.05547980595224087,1.0,1.0,0.9,0.7,0.2,181,3329.167921242867,17505717.262210324
15,88,0.9620359904601734,1.3009461476533473,1.4070032378096315,1.64631563664923,0.9784073406983109,0.05410003570650688,1.0,1.0,0.9,0.7,0.2,182,3334.145624422066,15994833.195729798
15,89,0.9629477142320457,1.2919989397676594,1.396234323237563,1.6628066397233041,1.0247016150147148,0.05597805961970759,1.0,1.0,0.9,0.7,0.2,183,3340.2472594385654,17539334.644743856
15,90,0.9628542656683301,1.2916062346757904,1.3957864644564701,1.6705951264668548,0.9514353751278144,0.05589979688920251,1.0,1.0,0.9,0.7,0.2,185,3352.2272646865395,17535693.19785607
15,91,0.9564696338540903,1.3279795178728737,1.4947223026018681,1.6710985643113994,0.9653172161725903,0.04989989428439595,1.0,1.0,0.9,0.7,0.2,191,3403.2890793457686,16366837.870774578
15,92,0.9565676753916732,1.3249435701426757,1.4911114558222114,1.6789544773755254,0.9510827323391542,0.05025669088559779,1.0,1.0,0.9,0.7,0.2,195,3372.9299261932247,16368111.604493609
15,93,0.9533893999386851,1.3203257020621262,1.4971807722704944,1.6970647183292946,0.9776971663735685,0.04768525926064307,1.0,1.0,0.9,0.7,0.2,197,3314.758956178784,21732175.81604992
15,94,0.9555329131186947,1.3086775690292851,1.472059775511627,1.7009911602951913,0.9997516497367118,0.05025699436569594,1.0,1.0,0.9,0.7,0.2,198,3391.578573033542,15825129.129988324
15,95,0.955539599250185,1.3039609991036887,1.4664802340082226,1.7165587582421442,0.9609927329399928,0.050615078157236,1.0,1.0,0.9,0.7,0.2,200,3405.2726760333085,15830535.917431053
16,0,0.9354642426978547,0.9851284565341248,0.9336077912775809,0.011411981210888222,0.0,0.0,0.0,0.0,0.9,0.7,0.2,1,2070.5566563444672,6933.691568460121
16,1,0.9561905809414099,1.0324574300977314,0.9794667228372426,0.06991981434187852,0.08580374228170083,0.0620270319284935,0.00010064936599677,9.166258945734e-05,0.9,0.7,0.2,3,1866.229217607382,7653.741089204409
16,2,0.9137021128518314,1.001571749899723,0.9479393744377824,0.04477526589210897,0.055584935719960586,0.02048412559105747,0.01453053970713597,0.0008343362701976701,0.9,0.7,0.2,4,2043.0701067656355,6518.057394978125
16,3,1.3354899471926618,1.6037074278440837,1.5369571937897855,0.7178734667498907,1.2418447845888974,0.00539817212518247,1.0,0.013244895786152188,0.9,0.7,0.2,5,2084.623694761413,35156022.36515744
16,4,0.7233259278148186,1.0444114430908258,1.0007421180265461,0.17026675523750023,0.18366482305125142,0.07482986646963155,0.08623411379854069,0.07571960473602805,0.9,0.7,0.2,8,970.2182710990484,6078.066978266657
16,5,0.7246958559993169,1.0471710901711897,1.0033588824423907,0.17378488133919004,0.15242111158578614,0.07481758771484198,0.09036621686294488,0.07928141992916682,0.9,0.7,0.2,9,969.8508977864624,6028.655495627337
16,6,0.657703638979755,1.0606172882316787,1.0206164171996255,0.23695873671104165,0.573787144155534,0.07780605889445061,0.13791779804689736,0.1789002232152345,0.9,0.7,0.2,10,851.8073871855888,57427.1991474644
16,7,0.6602906350307489,1.0633646297134767,1.0233369402702774,0.23984800088558964,0.20633460034394824,0.07704354395516272,0.14202030619211317,0.1824933429177176,0.9,0.7,0.2,11,852.7496143385579,57344.46800296349
16,8,0.6550607790731223,1.0705120465793554,1.0432874780280046,0.2433455603871467,0.21030672346084525,0.07780605889445061,0.1379177980468974,0.1789002232152345,0.9,0.7,0.2,12,820.1653667364378,57744.294730828864
16,9,0.6440051353244203,1.0530055385528425,1.011982869945157,0.24544959066518757,0.23332736503179147,0.07579543479934835,0.13811665602744347,0.1790240721875555,0.9,0.7,0.2,13,814.8347690167998,56820.41022986921
16,10,0.8830112180637967,1.321651635125076,1.305332624275984,0.518619421635005,0.47210015633908264,0.07280741245345282,0.47559860278856425,0.28034931482780906,0.9,0.7,0.2,16,1795.5940139428542,24700.01221158496
16,11,0.8720540045408933,1.3162343487711758,1.2988628081885047,0.5262055845914471,0.47670776921554187,0.07343117522213356,0.47575264537384865,0.28064772305525887,0.9,0.7,0.2,18,1778.5440261554645,24840.72537431295
16,12,0.9643417333563526,1.4446348913280014,1.434629113799944,0.680022721841471,0.8369622829644119,0.0701944941218279,0.6734098862936279,0.35390172166217415,0.9,0.7,0.2,19,1397.1621295254995,28684.761724169814
16,13,0.8303885789131621,1.312482495201762,1.3018485838933311,0.5540220987896209,0.5006546704996665,0.07912323433924391,0.49091767335173897,0.31002511314399234,0.9,0.7,0.2,20,1700.1474962946377,26727.85096158008
16,14,0.9170562628305149,1.4178640569740601,1.4178710309118532,0.6673284303900955,0.6810490844711355,0.07233755707200346,0.642938185669135,0.34827032549447806,0.9,0.7,0.2,21,1515.2629216331147,27392.731347696885
16,15,0.9170562697947131,1.4178640622994834,1.4178710362372762,0.6673284357180905,0.5848152345836914,0.07233755646543003,0.6429381938540281,0.3482703262040486,0.9,0.7,0.2,22,1515.2629162967096,27392.731312391104
16,16,0.9236763698938575,1.4263799836380853,1.4257182897841467,0.6853478919676621,0.6245162573047417,0.07421803861585742,0.6528585804170954,0.3671888799384102,0.9,0.7,0.2,23,1494.3460341380426,28533.617609998928
16,17,0.9124807841268185,1.4171948646828927,1.4157901393362287,0.6910478976103152,0.6075970796167995,0.07281091641362837,0.6477170436371983,0.36728529118356124,0.9,0.7,0.2,25,1428.5992664950531,28533.37932667864
16,18,0.8977087446487161,1.420835373132287,1.4292209515807945,0.7054916986904025,0.6690041685387387,0.08021366447921133,0.6523410766977281,0.37369336235418776,0.9,0.7,0.2,27,1365.746054266239,104231.37532758217
16,19,0.8955991733223089,1.419231381446306,1.4273423044062337,0.7115111759515582,0.6147032420190236,0.08021366447921122,0.6523410766977304,0.3736933623541875,0.9,0.7,0.2,28,1403.6591731256417,103789.52629873928
16,20,0.8918918352821985,1.4160104191305143,1.42386402942079,0.7147571814370599,0.6124226129228413,0.07819148218439478,0.6524359529801972,0.3738684971085847,0.9,0.7,0.2,29,1372.085531635376,104118.81326946228
16,21,0.8922772226809899,1.4164719278783904,1.4242840982616378,0.7154388308064017,0.6042525022651657,0.07896528986551336,0.6524386677910198,0.3738948351780268,0.9,0.7,0.2,30,1338.4808367805483,104089.635331044
16,22,1.2289479373355034,1.7445744656531201,1.7377777379410684,1.088363946525954,1.016817912689635,0.056947530968432566,1.0,1.0,0.9,0.7,0.2,31,1707.45317605911,44282253648.23396
16,23,1.2080622798350635,1.726115334310059,1.7174662971673467,1.085209684437695,0.9813695982691961,0.04845583004327033,1.0,1.0,0.9,0.7,0.2,33,1552.4345413930482,44281570513.1209
16,24,1.2073479245372785,1.7261366523079813,1.7168772124448253,1.0948500461298376,0.9725208521624409,0.052439821152233314,1.0,1.0,0.9,0.7,0.2,34,1545.101143801298,44281598468.03072
16,25,1.1988823240094635,1.71842005309298,1.7083175384652307,1.0922869148537677,0.9784443327850785,0.04933536566765806,1.0,1.0,0.9,0.7,0.2,35,1707.154899323669,44281672666.66299
16,26,1.1632219513737405,1.7076562824319013,1.7176128758772113,1.0867663752096393,1.1895788823931244,0.051028108997591956,1.0,1.0,0.9,0.7,0.2,36,1553.316165751993,44286355846.60079
16,27,1.1355387262594432,1.655884394384184,1.635797114821372,1.1062232900368338,0.972919609395843,0.04463308975983264,1.0,1.0,0.9,0.7,0.2,41,1529.853937199225,44282502334.70042
16,28,1.1326310626863443,1.6637446716976265,1.6560851394971279,1.1288228391932438,0.951699262852977,0.04463308975983275,1.0,1.0,0.9,0.7,0.2,43,1557.6380045919436,44282255193.79629
16,29,1.1352333988358927,1.665598805303336,1.6570008748139478,1.1389259658535156,0.9857655622154244,0.052781484442853875,1.0,1.0,0.9,0.7,0.2,44,1581.084976373481,44281689959.15524
16,30,1.1164457329920805,1.6440023474168568,1.6326656600165028,1.1213273882752155,1.053728507316364,0.04655417096126207,1.0,1.0,0.9,0.7,0.2,45,1243.4565527977516,44281067191.56736
16,31,1.1030920630282333,1.626929583561261,1.612872118922864,1.1292054440447994,0.9961295714317071,0.04523711808243364,1.0,1.0,0.9,0.7,0.2,47,1251.789913456331,44281960724.229324
16,32,1.098312918967238,1.6210631220274185,1.606306605947236,1.1270466168120885,0.9674514166627046,0.04325414352030657,1.0,1.0,0.9,0.7,0.2,48,1266.6695742609854,44279204374.91906
16,33,1.0965076407292704,1.6181888967061948,1.602779721783428,1.1369953414462408,0.9531584138174976,0.04429535774753618,1.0,1.0,0.9,0.7,0.2,50,1265.8478840805133,44279678460.39162
16,34,1.0809646761579237,1.6057459647462575,1.599048484040849,1.1448046491620019,1.1163033303108434,0.04584645125583518,1.0,1.0,0.9,0.7,0.2,51,1843.1270120470235,44282177933.998825
16,35,1.0737880612328554,1.591591930610764,1.581805388064468,1.1510898740272817,1.0709905588449233,0.05016042963289624,1.0,1.0,0.9,0.7,0.2,52,1617.5196053214422,44281734740.9988
16,36,1.0700977251890904,1.5855984736521358,1.5748677916104163,1.153459808897075,0.9639186296082791,0.04962708145972649,1.0,1.0,0.9,0.7,0.2,54,1626.5979590988911,44281321091.19898
16,37,1.0642192995510016,1.5749057703888807,1.5622962193326895,1.1588847892274727,0.9832553236845016,0.04993703958664138,1.0,1.0,0.9,0.7,0.2,56,1600.893507701246,44282049934.75506
16,38,1.0614441020718848,1.570184611288846,1.5568465448868614,1.16821244502608,0.959331125609368,0.04941734400870529,1.0,1.0,0.9,0.7,0.2,58,1612.1212974545529,44281636289.39056
16,39,1.382654408057156,1.8764478395272146,1.857959504272474,1.5080325458499682,1.4909173343997686,0.42312488858046926,1.0,1.0,0.9,0.7,0.2,59,7584.504205529047,44280000078.0182
16,40,1.3729566726283826,1.8631552652592618,1.8435203588509597,1.5042530995877375,1.2976045540276713,0.4157942297113733,1.0,1.0,0.9,0.7,0.2,61,7568.7220478886975,44279895458.46147
16,41,1.3601313175496532,1.846145178972775,1.8252107996167715,1.5003866497527676,1.3178069107012604,0.4053251676136359,1.0,1.0,0.9,0.7,0.2,62,7400.262463818901,44279562621.193375
16,42,1.3712097488933805,1.8551420249603667,1.8335754012296628,1.5266084699009896,1.2903390088200724,0.41942348845626576,1.0,1.0,0.9,0.7,0.2,64,7683.037222893168,44279875278.22478
16,43,1.3523621482418624,1.837406818440334,1.8258745392167437,1.5099286821389681,1.386847769578577,0.4065133639866401,1.0,1.0,0.9,0.7,0.2,65,7762.987421576741,44286677573.676834
16,44,1.014690683111701,1.4818167418049188,1.4653487548681148,1.2008775750390086,0.9795342442186523,0.04343517448715306,1.0,1.0,0.9,0.7,0.2,70,8293.808964141557,44280532125.28719
16,45,1.3481951186376886,1.805833811523523,1.7868839662216698,1.5450747886932905,1.328790937968307,0.41955655483078874,1.0,1.0,0.9,0.7,0.2,72,8353.601701709782,44281139836.93551
16,46,1.340206830181774,1.7928960653841997,1.7726856848128545,1.5488720814083023,1.297929283017058,0.4133592872254551,1.0,1.0,0.9,0.7,0.2,74,8251.577589544248,44280859833.51979
16,47,1.3379583519640523,1.7966566069664702,1.7881722046286417,1.5582480128554879,1.2969841204275825,0.4133592872254551,1.0,1.0,0.9,0.7,0.2,76,8368.434509311246,44280684132.98273
16,48,1.3335004829568633,1.7748323935774315,1.7518370741938207,1.563222092651089,1.3313385271912552,0.4113581896455245,1.0,1.0,0.9,0.7,0.2,77,8709.421877387585,44280539919.41516
16,49,1.3249876924279176,1.7608570800292254,1.7365391362385922,1.563334559120804,1.2909398797252802,0.40441078643112166,1.0,1.0,0.9,0.7,0.2,79,8686.771629351992,44280435290.58875
16,50,1.3159872147757596,1.7681491659786226,1.768373113531487,1.5694069775315214,1.316890424902643,0.39708258179871875,1.0,1.0,0.9,0.7,0.2,80,21937.26305843838,44281488729.71985
16,51,1.3146662158259934,1.760247106828312,1.7589241325970428,1.5805133682661066,1.2900483507282614,0.398338719295732,1.0,1.0,0.9,0.7,0.2,82,21846.726291709147,44281309189.49317
16,52,1.317240216899862,1.7510279854469475,1.73656699722217,1.583565379246375,1.2668961398821648,0.4014354439149579,1.0,1.0,0.9,0.7,0.2,83,10496.329232405033,44281333611.32204
16,53,1.310177692227685,1.7503206030601293,1.747736342960098,1.5844790812774698,1.3017837913037107,0.3954927854127669,1.0,1.0,0.9,0.7,0.2,84,21808.26304338544,44281221739.03847
16,54,1.3173149663345693,1.7760345884822004,1.798570576847066,1.6060905254248017,1.2823782575295875,0.40487935104425565,1.0,1.0,0.9,0.7,0.2,86,18530.381934735546,44280643638.57564
16,55,1.3153010807733374,1.772372241820651,1.794531924877578,1.6080843678707992,1.270585172982313,0.40325164417782944,1.0,1.0,0.9,0.7,0.2,88,18553.222166116582,44280288411.90244
16,56,1.3118250295953822,1.7450540099507195,1.7408861578545478,1.602022656313118,1.2732517373306933,0.39991504953364393,1.0,1.0,0.9,0.7,0.2,89,18429.4004747394,44280504296.14715
16,57,1.308744484229139,1.7416109862020446,1.737361018741461,1.6026129285926831,1.2602706034385907,0.3966223078615426,1.0,1.0,0.9,0.7,0.2,90,18301.44408502205,44280482042.63629
16,58,1.3076165354592326,1.7494719631045117,1.7682094843995668,1.6179878696228922,1.3830980318366957,0.40001008768878804,1.0,1.0,0.9,0.7,0.2,91,15159.509884250549,44281774179.831314
16,59,1.2933002376012366,1.7196026204682615,1.7243800284969095,1.6010843048524188,1.2858911432579325,0.3854969834034666,1.0,1.0,0.9,0.7,0.2,92,18654.24290837897,44280001063.38826
16,60,1.292019182898941,1.7135111235822402,1.7278066424131908,1.6202185999807106,1.3209935834076123,0.38887294449091125,1.0,1.0,0.9,0.7,0.2,94,18447.620980732376,44280119213.49325
16,61,1.29186726733768,1.7131802651029997,1.7274373380276773,1.627120691560566,1.2506679717357203,0.3887547425950186,1.0,1.0,0.9,0.7,0.2,96,18451.40165214183,44281011013.20356
16,62,1.277852508568827,1.6875267256996613,1.6886900012624049,1.6134642317287369,1.2397778116306954,0.3733054915414204,1.0,1.0,0.9,0.7,0.2,97,18471.30420325044,44280995000.09118
16,63,1.2896407456094612,1.7036170348167206,1.7163062399843367,1.6369463356717577,1.309607410955434,0.3883015262978724,1.0,1.0,0.9,0.7,0.2,98,18536.247260321976,44279881098.54181
16,64,1.289653848092027,1.7021524956027347,1.7145277951927438,1.6445301521605973,1.2562425906237384,0.38871083110847887,1.0,1.0,0.9,0.7,0.2,100,18498.53171562137,44278892289.59096
16,65,1.2895321034424025,1.7243748044875293,1.7627373552483527,1.6586522360198623,1.2500112194936646,0.3885928244992295,1.0,1.0,0.9,0.7,0.2,102,18584.41744365855,44279694533.20055
16,66,1.2860568710913924,1.702141468512832,1.7365701226423012,1.6650575874373479,1.3039480012868305,0.3894122618158344,1.0,1.0,0.9,0.7,0.2,105,18950.538461395616,44280176480.19661
16,67,0.9708641349892746,1.38430154231751,1.418182260890725,1.4564556190566098,0.936762908135645,0.03981304591644775,1.0,1.0,0.9,0.7,0.2,129,1573.1024325294356,44279759580.24877
16,68,0.9694053436676253,1.3637625436572338,1.3830212197730904,1.4582960156189466,0.9690264513080915,0.0399606762838708,1.0,1.0,0.9,0.7,0.2,131,1606.8085194563043,44280068084.87932
16,69,0.9689399061742379,1.373425899560129,1.4054646745221802,1.4663339892674392,0.9446970081480859,0.03967810769829776,1.0,1.0,0.9,0.7,0.2,132,1938.92875916864,44279995892.53858
16,70,0.9672297558061862,1.3544400661393017,1.3722387711463002,1.4651310351251758,0.985784830417151,0.03907457729485795,1.0,1.0,0.9,0.7,0.2,133,1533.1002647757043,44280095768.27287
16,71,0.961157990195276,1.386494802624836,1.45493876434697,1.5000395181968338,0.9855880281244922,0.03369701315181436,1.0,1.0,0.9,0.7,0.2,134,1595.355059383013,44281247429.37764
16,72,0.9639214289460751,1.3633733341134688,1.405114621915588,1.4866047160119613,0.9623375584379392,0.03745745767276046,1.0,1.0,0.9,0.7,0.2,135,1612.4681736246932,44279592871.70964
16,73,0.9617340000012773,1.3511748739557923,1.3909079685647148,1.50080169726831,0.974188759359226,0.036933219833621675,1.0,1.0,0.9,0.7,0.2,137,1716.7120310086225,44279340749.73427
16,74,0.9582781082901928,1.3470349110659143,1.3866310989794692,1.5048898211000286,0.9355679703616575,0.03322151814608934,1.0,1.0,0.9,0.7,0.2,138,1633.7486591919806,44279497213.558624
16,75,0.9600259321713374,1.3460879566195891,1.3851472116503811,1.5142786155337626,0.9539065673825784,0.03565303913353611,1.0,1.0,0.9,0.7,0.2,139,1664.4521258673165,44279149258.43882
16,76,0.9555037397141575,1.3133009164756915,1.335984589182343,1.5059038065209847,1.0680717824412624,0.03356811175335256,1.0,1.0,0.9,0.7,0.2,140,1653.5567843321448,44279859481.42424
16,77,0.9575280118177192,1.3095218923440546,1.3418853959566888,1.51697779277749,1.0024025805477872,0.03846623267603931,1.0,1.0,0.9,0.7,0.2,142,1572.088478732952,44281161868.59726
16,78,0.9572278467163879,1.3085758951203534,1.3408131859363273,1.5279488792982368,0.9371235667400928,0.03823404600718242,1.0,1.0,0.9,0.7,0.2,144,1582.7952320386055,44280301800.30817
16,79,0.9595801202399643,1.2981002751460424,1.317024278833084,1.5366662337864547,0.9399958980822047,0.041072716716046995,1.0,1.0,0.9,0.7,0.2,148,2162.74020333523,44277433919.0616
16,80,0.9567367351241702,1.2574828741018624,1.2691708593756594,1.540466503539457,1.0861493224879164,0.04288825340790337,1.0,1.0,0.9,0.7,0.2,150,2984.767345812096,44277983843.00337
16,81,0.9539265648457487,1.2615208960125606,1.2962730048452251,1.5664879753614842,0.961335594368621,0.04153231760653639,1.0,1.0,0.9,0.7,0.2,155,2766.528801551487,44279248760.4268
16,82,0.9530959689083052,1.2395867416527977,1.2594813129479925,1.5642181300343398,1.0132534958757762,0.04165877010474003,1.0,1.0,0.9,0.7,0.2,156,2752.7212772869148,44279294867.85837
16,83,0.9524890005777489,1.2483845184742883,1.2809429052680785,1.5724815821175389,0.9507790545165096,0.041169161564013464,1.0,1.0,0.9,0.7,0.2,157,2733.5382098963805,44275531805.43376
16,84,0.9513885138751312,1.2299612715083372,1.248376389005194,1.575071627849275,0.9831404038592302,0.04056214666671164,1.0,1.0,0.9,0.7,0.2,158,2712.5740171241346,44278691781.97804
16,85,0.951019256543405,1.2390008161090609,1.27008160244698,1.5835153178894448,0.9499687966682195,0.040329011495423325,1.0,1.0,0.9,0.7,0.2,159,2911.0957142288016,44278326819.53951
16,86,0.9515805712691805,1.2222450857670375,1.239187788444797,1.578908053087104,0.9837343539335452,0.04154154969277593,1.0,1.0,0.9,0.7,0.2,160,2762.9503037108675,44278695632.6017
16,87,0.950972885582617,1.2159840713704424,1.231877160667178,1.5819599238360844,0.9800601980403494,0.04139496460947326,1.0,1.0,0.9,0.7,0.2,161,2822.554274368236,44279779759.88183
16,88,0.950205545120421,1.211571519828527,1.2267890973837998,1.584875566353204,0.9643388177923382,0.04087490700658451,1.0,1.0,0.9,0.7,0.2,162,2904.567137807216,44279511242.31611
16,89,0.9501508677684443,1.2220467036477356,1.2501398727202748,1.6050408338620168,0.9393287481496126,0.04087490700658451,1.0,1.0,0.9,0.7,0.2,164,2937.432222052342,44279437654.71359
16,90,0.9494463473832035,1.201693755159012,1.215225650892317,1.6026706726972408,1.0004229996299125,0.040836230724301044,1.0,1.0,0.9,0.7,0.2,165,2739.687800589013,44281899414.17809
17,0,0.8897307853725902,0.9739135080565021,0.9204722214676397,0.010369306319299719,0.0,0.0,0.0,0.0,0.9,0.7,0.2,1,2543.4991128771626,8476.759457379796
17,1,0.91643137821601,1.0159468583389526,0.9616124512848464,0.06053395100297662,0.0654622857065363,0.0523999204655886,0.00010241048510978,8.593246390473e-05,0.9,0.7,0.2,3,2460.077610546137,8339.60696047634
17,2,0.8424086297164483,1.078179021734449,1.0282433061691452,0.17383220887039894,0.49943348492173983,0.11529221795857406,0.04020100536183468,0.08300160807713548,0.9,0.7,0.2,4,2108.9348473544446,44480.06525560314
17,3,0.7155514232229939,1.036934398240204,0.9789546549795961,0.17526878687998632,0.31924942149587215,0.06374684467450842,0.11189053042849709,0.09267195886244114,0.9,0.7,0.2,6,1654.788340080963,6294.046840107911
17,4,0.622258603175592,1.0264865429717938,0.9713130622836417,0.21927557860771174,0.3989280914952543,0.07554417086297163,0.13211333939888834,0.15817916704244506,0.9,0.7,0.2,8,995.5943639629908,40688.7210483842
17,5,0.6114747197741804,1.0199200727684208,0.9639573630178517,0.22719901509052445,0.20624046343112062,0.07329865328058548,0.13217667998002697,0.158272587884947,0.9,0.7,0.2,10,989.7415127347006,40346.859165309885
17,6,0.6135355391200743,1.0248248257006032,0.9683118713764534,0.2365498070284999,0.22074304179738888,0.07562183167479211,0.13953044695366557,0.16267028176689807,0.9,0.7,0.2,11,979.3761458007086,40478.10487061735
17,7,0.5638922440940681,1.0072200583127908,0.9590016741766346,0.24465998730497715,0.2928772534649759,0.057450319728873725,0.14462163266727263,0.2199706465405442,0.9,0.7,0.2,13,3826.42392733535,21680.34538565628
17,8,0.5618735520773128,1.016680900509664,0.981390617905153,0.2433000842117148,0.19856466791490582,0.058223592048041305,0.14192747077125822,0.21931608026127933,0.9,0.7,0.2,14,3763.49024529275,21500.502515045933
17,9,0.8458098825096687,1.2961670749426446,1.2294045363273205,0.5742570950246741,0.7564169726773051,0.054708458684493824,0.4043219487395907,0.9859671107757084,0.9,0.7,0.2,15,951.1676218842372,39297.49542909666
17,10,0.8452573684335238,1.295622457260918,1.2288333710941408,0.5836104711501366,0.5294637322657734,0.054166250888479685,0.40440634072417037,0.986161346366535,0.9,0.7,0.2,17,917.3383477573786,39085.78366057213
17,11,1.2606007870586329,1.717411348671718,1.6473219062029762,1.0282988868596599,1.1014071811397532,0.07791857595983213,1.0,1.0,0.9,0.7,0.2,18,3280.363441368133,239796.6035089641
17,12,1.2398107173099964,1.7107674256506649,1.651862864354866,1.033075321880953,0.999797395411296,0.06986701712554899,1.0,1.0,0.9,0.7,0.2,20,3200.8627241919885,238225.0414145213
17,13,1.231201505037667,1.7035935239973246,1.6436401655356134,1.0391703062544186,0.9832196436808771,0.06870060400253883,1.0,1.0,0.9,0.7,0.2,22,3131.265853383757,238133.26415349427
17,14,1.2299665237254043,1.7024158364213935,1.6424263651354527,1.0467572945529622,0.96240165050829,0.06762628401763017,1.0,1.0,0.9,0.7,0.2,23,3214.0827822797355,238353.71854179507
17,15,1.208569015948153,1.6838300746623336,1.6210446444042275,1.0442601880047153,1.0725508849071892,0.06511537201663438,1.0,1.0,0.9,0.7,0.2,24,3217.099949268294,238093.1648677901
17,16,1.1840922749899396,1.6386545173031524,1.545990322960668,1.0560783926928428,0.984833648678779,0.06497652008337444,1.0,1.0,0.9,0.7,0.2,30,2540.709810554157,92076.63104207956
17,17,1.1810407601713184,1.6692367004325275,1.6153963750028406,1.0673179688365793,0.9637433884378843,0.06276290704357788,1.0,1.0,0.9,0.7,0.2,31,3017.413110891047,219696.68330247368
17,18,1.160783627003169,1.6489637357404212,1.5921623008636987,1.0761590590619212,1.0768215485122825,0.05944927436778561,1.0,1.0,0.9,0.7,0.2,32,3295.1580341200947,93759.96849397729
17,19,1.1541487983067285,1.619088663988635,1.5350075560049954,1.054817287010314,0.9785402146817161,0.0594492743677857,1.0,1.0,0.9,0.7,0.2,34,3183.209640984316,94001.0230177696
17,20,1.1507561305689271,1.6600880728778635,1.6273550952993705,1.098707558668987,0.9666227096350275,0.05944927436778561,1.0,1.0,0.9,0.7,0.2,36,3098.253857927896,94208.36198630383
17,21,1.1487953552078076,1.6129896158912227,1.5277347938996997,1.0632200381623944,0.975577668857925,0.0602875160914228,1.0,1.0,0.9,0.7,0.2,37,3033.595227634657,94169.52319072638
17,22,1.1554200440577493,1.6527070064674554,1.6057654693918766,1.106439651245633,0.992283327671375,0.07153515170188834,1.0,1.0,0.9,0.7,0.2,38,3173.470361967197,93073.76447682144
17,23,1.1353926977667472,1.6430096472157036,1.608027780058737,1.1094695533653662,0.9707789959015778,0.055063761192974604,1.0,1.0,0.9,0.7,0.2,40,3142.495104436832,98973.30028026192
17,24,1.1424183611165408,1.6387504117842577,1.5906796602244206,1.1252668236137753,0.9577400577092128,0.06335423552992762,1.0,1.0,0.9,0.7,0.2,45,2680.583435088772,219210.3907244312
17,25,1.1789202924343498,1.6751556176256466,1.6269802740111634,1.191985535368436,0.996166864391161,0.10448300450908854,1.0,1.0,0.9,0.7,0.2,47,2151.7365087734534,83750.17846604952
17,26,1.175984883661183,1.6720599143297694,1.6237144157827774,1.1994831035778688,0.9988721630011848,0.10214719685913536,1.0,1.0,0.9,0.7,0.2,48,2185.9446507258244,83899.80468714506
17,27,1.1735267381971886,1.6686335922688864,1.6193333897414313,1.2009575457006316,1.0330164438992404,0.10453460671168827,1.0,1.0,0.9,0.7,0.2,49,2095.4228624703665,83864.3978528184
17,28,1.1060473046485884,1.5993291831732768,1.548270593435818,1.1217967368173598,1.009008888853318,0.038937808417868855,1.0,1.0,0.9,0.7,0.2,50,1978.510668431525,15385.259322733244
17,29,1.0934786227790014,1.5584627907710085,1.4776506024041358,1.1135082640284675,1.0892939052214317,0.04277616450824578,1.0,1.0,0.9,0.7,0.2,51,1931.9159946418815,88682.88493117508
17,30,1.0750523390310656,1.5677900147171437,1.5228172375091862,1.1349210789997068,0.9975563506512175,0.036307502976642904,1.0,1.0,0.9,0.7,0.2,53,1608.8886995346122,14944.76674793401
17,31,1.0678422951898798,1.530446589434859,1.4560026207494856,1.1350897953748817,1.0083640614069,0.04222790432113484,1.0,1.0,0.9,0.7,0.2,55,1612.8379448573376,88623.80323810576
17,32,1.065312883875166,1.527334289931178,1.452645296989992,1.1398233051511737,0.9396531731883397,0.04035957637358215,1.0,1.0,0.9,0.7,0.2,58,1562.8380764009678,88422.10503729178
17,33,1.0483876698945975,1.4833492650435496,1.380777299052068,1.1186781050510066,1.002490730302492,0.02859580465676125,1.0,1.0,0.9,0.7,0.2,59,1804.317247531323,87257.06053445916
17,34,1.0452789876412156,1.4902379685879696,1.4001966439673825,1.1168564871909452,0.943349690548769,0.026848755711320997,1.0,1.0,0.9,0.7,0.2,60,1770.929977591093,87162.43187891705
17,35,1.0406443408630741,1.4796419738982618,1.387380809479474,1.1309278962295315,1.0170711168910165,0.02947826226670222,1.0,1.0,0.9,0.7,0.2,61,1776.7613773593494,86218.75470644476
17,36,1.040328181234907,1.4902393975443171,1.4108747585833645,1.1406188083272302,0.9286379564453415,0.02947826226670222,1.0,1.0,0.9,0.7,0.2,63,1781.6878872538932,86163.55145691057
17,37,1.0334963810136857,1.4749875033587803,1.3927167792263495,1.1505594601327438,0.9875004062243475,0.03138647036437596,1.0,1.0,0.9,0.7,0.2,65,1466.8995893881424,86130.54636099288
17,38,1.0339874048751847,1.473817692243266,1.3909983042020115,1.1621226827892355,0.9526572420318873,0.03364635718285395,1.0,1.0,0.9,0.7,0.2,66,1450.997238572314,86626.10842908367
17,39,1.043289865508993,1.4637423138545638,1.365319311016892,1.1937589186743587,0.9819998110170658,0.051790190515049114,1.0,1.0,0.9,0.7,0.2,69,1709.342636635153,85639.42312858847
17,40,1.0419024002306005,1.4606272086188954,1.3616722099222414,1.206967987479041,0.9574482997483276,0.0517797918375005,1.0,1.0,0.9,0.7,0.2,71,1663.3697865478475,85555.4862033834
17,41,1.1169443962660182,1.5897961118798547,1.5552671271357428,1.3345201592146387,1.034878404899405,0.13679645340620852,1.0,1.0,0.9,0.7,0.2,73,1722.0315413895546,96029.0616507762
17,42,1.035115756712408,1.4367692345771212,1.3230489899514468,1.2100659419936113,0.992705222696634,0.04917029013647192,1.0,1.0,0.9,0.7,0.2,74,1671.4313794593716,87605.99892194505
17,43,1.0391950313806535,1.5141781217348547,1.4899740803197414,1.2795742767368394,0.9822488053148974,0.05768638324433677,1.0,1.0,0.9,0.7,0.2,76,1743.8992999724146,95274.9610378065
17,44,1.0390697057643046,1.5130788916211173,1.4885952420252517,1.2869649307784354,0.9581524030238067,0.058278762941946186,1.0,1.0,0.9,0.7,0.2,78,1745.1185736485363,95564.07545033202
17,45,1.066978245939631,1.502817357547147,1.4380416642273806,1.2615649591141138,1.0096504652527882,0.09259703318660786,1.0,1.0,0.9,0.7,0.2,80,6067.579052616407,5529427066658.174
17,46,1.064788308632514,1.497966871038572,1.4324504136922822,1.270776077689882,1.0130211730845313,0.09201342405804144,1.0,1.0,0.9,0.7,0.2,81,5976.835383767659,5529425042714.74
17,47,1.0640131359036766,1.4967789514776202,1.4311483488362655,1.2769840549474505,0.9846184373410112,0.0914339809484354,1.0,1.0,0.9,0.7,0.2,83,5911.092626745708,5529423552878.822
17,48,1.0651433588215546,1.5297222361703564,1.5025980713583933,1.2964269573096399,0.9912467909002629,0.09390336996066184,1.0,1.0,0.9,0.7,0.2,86,2101.500904270611,5529177394173.645
17,49,1.1242651934936752,1.580084198180028,1.550601795890298,1.380242666185447,1.144820941734223,0.16516169463839644,1.0,1.0,0.9,0.7,0.2,87,6063.422930101642,5529423567667.831
17,50,1.1304428488656812,1.5745946762180976,1.5319893112228689,1.390077663122211,1.0600727541266386,0.17230591848506133,1.0,1.0,0.9,0.7,0.2,88,6055.473463526419,5529426720469.262
17,51,1.1129209345026219,1.5779422900151854,1.5609324969696634,1.3839436586612766,1.0466454440337827,0.15375694518768962,1.0,1.0,0.9,0.7,0.2,90,6049.638635132638,5529423291177.34
17,52,1.1039406261562374,1.556391516532629,1.526023289766213,1.3789994367768907,1.044721408936434,0.14458318937636197,1.0,1.0,0.9,0.7,0.2,91,6115.128891356593,5529424456851.104
17,53,1.1294939778924227,1.5801565506644664,1.5493223845068826,1.41925099320382,1.0756104354421616,0.17401163035363892,1.0,1.0,0.9,0.7,0.2,92,6141.865827855876,5529421748717.498
17,54,1.1307029158097563,1.5812120976737971,1.5503380463912084,1.427526299822152,1.0587121612901693,0.1754429971228853,1.0,1.0,0.9,0.7,0.2,94,6118.873113715217,5529419524531.196
17,55,1.1219904995445602,1.621564312156759,1.6539081719233986,1.4868407767010896,1.0769153934346267,0.1696124248442898,1.0,1.0,0.9,0.7,0.2,97,8340.952380438106,5532797216896.417
17,56,1.1261907457094045,1.6222851317463471,1.6537513087587377,1.492215482555152,1.0942942341013073,0.17610798278643539,1.0,1.0,0.9,0.7,0.2,98,8318.021428768967,5532796084728.249
17,57,1.1434059229404805,1.6393788264756386,1.670814490424308,1.5171640766202652,1.076391410317986,0.1952989161679705,1.0,1.0,0.9,0.7,0.2,100,5210.694832933483,5531631942179.336
17,58,1.141147023713617,1.6470757524620099,1.6911995240268842,1.5302711999131753,1.0804547857618028,0.19342904238417785,1.0,1.0,0.9,0.7,0.2,102,9354.368608175091,5533097954842.733
17,59,1.1411222028080035,1.6460605955750913,1.6899371771308676,1.5378923575840648,1.079553756443362,0.19390436012223655,1.0,1.0,0.9,0.7,0.2,104,9260.750789579874,5533101455629.619
17,60,1.1406015737267001,1.6339104236705801,1.6646806606232494,1.5448341694667007,1.0785027630099442,0.1935403439519,1.0,1.0,0.9,0.7,0.2,105,9265.93240718808,5533104109771.356
17,61,1.0093928294998071,1.519780439382006,1.5855299582561708,1.4747994882688145,1.0046338675394257,0.0554791970495194,1.0,1.0,0.9,0.7,0.2,108,11815382.16703885,5529175916825.69
17,62,1.1039769126344174,1.6082872281245624,1.6725975924491296,1.5783857784763753,1.0763241554693883,0.1631568406863145,1.0,1.0,0.9,0.7,0.2,110,11828320.540822634,5529176117426.186
17,63,1.1027152758279135,1.6021960584901305,1.6653795931779498,1.585707636659749,1.0702726059400418,0.1636997088874169,1.0,1.0,0.9,0.7,0.2,112,11829087.959450768,5529174908326.655
17,64,1.0909698636982725,1.5870072983420778,1.649384804685954,1.5519198312523643,1.0538327338996767,0.1520527418126838,1.0,1.0,0.9,0.7,0.2,114,11999733.212648932,5529184176240.668
17,65,1.089045805748126,1.5876822737060838,1.6611049796210071,1.5546423335632007,1.0769248438806895,0.15303902577517334,1.0,1.0,0.9,0.7,0.2,116,11997251.334626265,5529179376418.313
17,66,1.001159390729651,1.512919232165156,1.6102512726380576,1.4853775594417635,0.9814567989059317,0.05864161229165858,1.0,1.0,0.9,0.7,0.2,119,11812564.615855746,5529176332813.98
17,67,0.9996735005476065,1.507426786213242,1.6038677804756094,1.492108426349202,0.9707752364877353,0.05832054393780103,1.0,1.0,0.9,0.7,0.2,121,11813401.69024173,5529174843000.161
17,68,0.9898683438755382,1.4847405870049435,1.5677770655400176,1.524027249105757,0.964584202838846,0.0481834425697431,1.0,1.0,0.9,0.7,0.2,122,11820525.1748725,5529184011493.698
17,69,0.9977421538758438,1.5021256677377133,1.5978296823066909,1.4869453565149104,0.9593877188754505,0.05721134774833521,1.0,1.0,0.9,0.7,0.2,123,11810237.529754717,5529177530207.445
17,70,0.9884685883970861,1.4785012397042872,1.5604691536739015,1.5309533974115428,0.9799644309860143,0.0481836467665318,1.0,1.0,0.9,0.7,0.2,124,11820595.940288346,5529185853233.691
17,71,1.074153640214279,1.5910608428822475,1.710606051072338,1.6415834809366812,1.082381420097816,0.14514364050644513,1.0,1.0,0.9,0.7,0.2,125,11814476.85988376,5529178414348.04
17,72,1.0734153272266682,1.581258963620507,1.6988535291864937,1.653523992711775,1.0719703847812307,0.1469080473941221,1.0,1.0,0.9,0.7,0.2,127,11814760.095332276,5529172056980.678
17,73,1.0726300635417232,1.5884495718405798,1.7183573133177223,1.6729468667216632,1.0461057772753029,0.1469080473941221,1.0,1.0,0.9,0.7,0.2,129,11811420.702780183,5529169813894.246
17,74,1.0731645383890995,1.577331551750716,1.6941423724515017,1.6651515523780496,1.0369851983703817,0.1476298891306306,1.0,1.0,0.9,0.7,0.2,130,11816011.711109208,5529170126474.041
17,75,1.0719894424679333,1.583139242966426,1.712055337573389,1.6758980648397976,1.069105009514953,0.14744146705295086,1.0,1.0,0.9,0.7,0.2,131,11814135.660103668,5529173435732.675
17,76,1.0716400361175853,1.5791717456599563,1.7073244322214018,1.6835735077912963,1.04871755924785,0.14798636668139847,1.0,1.0,0.9,0.7,0.2,133,11813837.172090188,5529171501490.537
17,77,1.0708929160322687,1.5863547727987537,1.726819687824559,1.7008583062617848,1.0472175709853657,0.14798345212330472,1.0,1.0,0.9,0.7,0.2,135,11813211.311473057,5529175451601.188
17,78,1.1116724290363633,1.5502705814920423,1.6428740377172917,1.7165747148116417,1.4438424901603437,0.20272103741503528,1.0,1.0,0.9,0.7,0.2,136,12083521.878746592,5532169930416.322
17,79,1.1114593201966543,1.5600000168850878,1.6653514005798535,1.7290391017611764,1.0875727266857589,0.2027210374150353,1.0,1.0,0.9,0.7,0.2,138,12080067.720952349,5532167632787.298
17,80,1.1095682568594973,1.5467566915967172,1.64984579637399,1.7290474779939566,1.1746732679555505,0.20268393892209197,1.0,1.0,0.9,0.7,0.2,139,12158894.747200647,5532181596479.576
17,81,1.110797961008749,1.5469040872779463,1.6497785773321931,1.7341101107142305,1.0925898067825277,0.20424031511897311,1.0,1.0,0.9,0.7,0.2,140,12159284.56885891,5532181151765.567
17,82,1.108337182190382,1.5431017173525416,1.6457105598032071,1.7354869379528437,1.0869700997039355,0.20173878475765267,1.0,1.0,0.9,0.7,0.2,142,12159982.272500604,5532172454996.35
17,83,1.1104868988627083,1.5413441032725448,1.643180723004187,1.7453714456615257,1.115810159881981,0.2047960984575566,1.0,1.0,0.9,0.7,0.2,143,12158606.375613997,5532179124547.806
17,84,1.11016371018502,1.5374231645149636,1.6385508430888678,1.752758274083659,1.0989911629222466,0.20503921260767224,1.0,1.0,0.9,0.7,0.2,145,12158705.731239608,5532177034052.477
17,85,1.1049195478344125,1.5180892071584566,1.6272851619367343,1.7596948873366614,1.2839490296477658,0.20310781162737085,1.0,1.0,0.9,0.7,0.2,146,12082259.61728495,5532172692598.645
17,86,1.1038363713695087,1.5141613601494923,1.6336540265096249,1.783012394531769,1.1110189257072518,0.20383657835026364,1.0,1.0,0.9,0.7,0.2,150,12081969.088089423,5532174744515.034
17,87,1.1090469653808879,1.5165808147942075,1.635539036650022,1.795866535338761,1.099890010059001,0.20999221724755515,1.0,1.0,0.9,0.7,0.2,152,12078444.216155691,5532179619245.964
17,88,1.105068429634285,1.5085637261276872,1.626750205004055,1.795744205934729,1.1169686982197409,0.206091519810561,1.0,1.0,0.9,0.7,0.2,153,12081628.01948339,5532172924143.037
17,89,1.1049389709748738,1.5082276614487913,1.62637477467284,1.7994154481125355,1.086974954829845,0.20597380195745368,1.0,1.0,0.9,0.7,0.2,154,12083585.944021102,5532173540226.318
17,90,1.1052604635992296,1.4955839994493976,1.6003947017859435,1.7981871094053357,1.099614507565716,0.2065539861005509,1.0,1.0,0.9,0.7,0.2,155,12084835.864658078,5532172512745.392
17,91,1.106398741247235,1.507639361725145,1.625395663708665,1.8085035172819248,1.0893182922148013,0.20785516355320222,1.0,1.0,0.9,0.7,0.2,156,12081288.580013957,5532175947672.549
17,92,1.1051624989903819,1.505821371241831,1.6234668722569514,1.811068487512879,1.0903890323902807,0.2065539861005509,1.0,1.0,0.9,0.7,0.2,157,12083228.279727198,5532171443425.221
17,93,1.1008564209262879,1.489854437318026,1.6161696352556985,1.8312854511158032,1.128180138960398,0.20446211573528367,1.0,1.0,0.9,0.7,0.2,161,12089246.490913715,5532171186712.677
17,94,1.1175974487951772,1.4917311432464406,1.6370882817485528,1.9269005864145297,1.1218564924745797,0.2268002138206311,1.0,1.0,0.9,0.7,0.2,177,12139898.78365137,3683298941935.8135
17,95,1.1152978435198793,1.4839391570210663,1.6282800080274962,1.9414928268827762,1.1126244169215407,0.22473637344513056,1.0,1.0,0.9,0.7,0.2,181,12141340.788285475,3683296829248.917
17,96,1.1141809076789546,1.4756518333191908,1.618668971025777,1.948113024153988,1.1286952693132593,0.224115987501466,1.0,1.0,0.9,0.7,0.2,183,12140876.662675343,3683299600583.3374
17,97,1.1137739124011337,1.4747605416551866,1.6176884612202953,1.9555827013567686,1.103153273511726,0.22370485415615585,1.0,1.0,0.9,0.7,0.2,185,12140316.905393807,3683295073956.1406
17,98,1.1131417432242106,1.4695937863260438,1.611686538086378,1.9666769220421936,1.1180765874577387,0.22338226910691855,1.0,1.0,0.9,0.7,0.2,187,12141341.887980958,3683291957253.657
17,99,1.1128703328372098,1.4800906131618794,1.6351036509926153,1.9875355082691213,1.1024426202745685,0.22311681652070883,1.0,1.0,0.9,0.7,0.2,189,12140536.650835631,3683289073427.6064
17,100,1.1062465370904333,1.451502699792816,1.5915393109787297,1.9713211515019045,1.1755360715929697,0.2166216345902805,1.0,1.0,0.9,0.7,0.2,190,12144191.887932517,3683293952421.246
17,101,1.1142789985924717,1.450161855238502,1.5884829324574385,1.99091015403453,1.1176289420646885,0.22626199524028312,1.0,1.0,0.9,0.7,0.2,195,12144075.798371002,3683283759080.6006
17,102,1.1133093326502776,1.446718058364721,1.5845871826523947,1.997751316067487,1.112046404564289,0.2253677904266928,1.0,1.0,0.9,0.7,0.2,197,12144837.01303826,3683284739239.6
17,103,1.102928253381861,1.4437298795557825,1.5939039742343497,2.006967338469775,1.1210640441417519,0.2141110261468903,1.0,1.0,0.9,0.7,0.2,198,12146911.639313385,3683287791423.917
18,0,0.9198594345507013,0.9813479120710974,0.9291798374065678,0.011053573584910636,0.0,0.0,0.0,0.0,0.9,0.7,0.2,1,2002.9587191167516,8202.562124913826
18,1,0.9552817644332814,1.0231932060134263,0.9706762018398819,0.05815519645487883,0.05108649554890399,0.04864432417830577,0.00010969014148205,0.00013003259264151998,0.9,0.7,0.2,3,1725.327532115262,7470.161763773426
18,2,0.900671784528931,1.00505931229533,0.9504364047387647,0.05349850935092528,0.12379133049163686,0.02971424123031575,0.01507213778053772,0.0037605841395322104,0.9,0.7,0.2,4,1774.5785558159655,7609.401235035619
18,3,0.7114905424432579,0.9994386605102485,0.9448733670812028,0.10787764398639833,0.6246321397065208,0.05938048398763611,0.04626465205706715,0.05484460657403371,0.9,0.7,0.2,5,969.4673076507684,5784.933825010119
18,4,0.6433323088209175,0.9928195794882633,0.9313394210827053,0.14255272910639688,0.27155073677315394,0.07603704508054948,0.06455725338156243,0.08465605712758034,0.9,0.7,0.2,7,1297.6985795950327,3601.447338750645
18,5,0.5874874281911862,0.9923863020623696,0.9219015913082929,0.19499121331850727,0.36636786917486774,0.08607539990723416,0.09673775663727976,0.18758129305637722,0.9,0.7,0.2,9,625.3488454017125,2186.267411579539
18,6,0.5841350594973396,0.9987820398609608,0.9261737066962923,0.21818467795777424,0.24514839791736676,0.08263809257376366,0.12003108008606973,0.215502469909462,0.9,0.7,0.2,11,349.58944480549576,3423.279637639332
18,7,0.6107101678094031,1.0314472647547948,0.9572759629417535,0.26638850627579747,0.2747548361493388,0.08716175716882706,0.1582567245661516,0.2703145608648883,0.9,0.7,0.2,13,705.6183601045412,3619.267542769644
18,8,0.7722051419815148,1.1931103104808418,1.118894885352818,0.43065753142428786,0.40700632491751354,0.09918382451138996,0.1656334977568039,1.0,0.9,0.7,0.2,14,565.2698002737053,3909.917215162325
18,9,0.5655271479716824,1.0083441109565694,0.9440141735200056,0.2602784286873137,0.2909866685535014,0.0747428671372779,0.17310618575872064,0.19492786454696984,0.9,0.7,0.2,16,6181.267066146136,4454.249543513586
18,10,0.5839413866007781,1.030251432115982,0.9647206257848533,0.29520597518917313,0.2807974498208309,0.09443176910314169,0.18321237238068008,0.21555507285070036,0.9,0.7,0.2,18,13493.863526118512,4484.95629704936
18,11,0.79380994883374,1.2351411770054257,1.1541339504003945,0.5271463845764197,0.5878661050344147,0.07903368918819956,0.3082401996133801,1.0,0.9,0.7,0.2,19,693849.3200897103,3227.296497449735
18,12,0.7612383723669927,1.2042755608747095,1.1224801423346162,0.5058959056878349,0.476706231827415,0.08174953023715974,0.2672297283448015,1.0,0.9,0.7,0.2,21,699436.000360011,3004.357366635892
18,13,0.7576758906936703,1.2017181437755298,1.1194282693870568,0.5141164963432723,0.47104818019353795,0.0822246063758458,0.267090110911498,1.0,0.9,0.7,0.2,23,699432.9921640302,2983.522770339912
18,14,0.6009580248871081,1.0678876650504578,1.0113644926917464,0.3652873440746589,0.3157606678947525,0.06874934433299909,0.2119736266356278,0.47919677905568836,0.9,0.7,0.2,24,33198.45458263684,4446.289885251603
18,15,0.8452334080820996,1.301415881762636,1.2316425485398776,0.6141916981682496,0.5623638144822485,0.08277170788446837,0.39684425493679193,1.0,0.9,0.7,0.2,25,1205215.5038595195,2745.090527467255
18,16,0.5413335261564662,1.0212660819181962,0.976752626996764,0.31718629863236253,0.2842813697395274,0.05567355143880677,0.24751997474884782,0.1534232126601714,0.9,0.7,0.2,26,696514.4935368546,6300.7773372455895
18,17,0.5408890306751226,1.0321010203897187,1.0005446890794543,0.3245339267941512,0.25482242742550065,0.05548233747481962,0.24757709598699496,0.15350183968653086,0.9,0.7,0.2,28,695998.4092143556,6345.651903054451
18,18,1.2297038843546528,1.7335908806415448,1.7141383858367423,1.0285065902152213,0.9860307924188458,0.05495565461751387,1.0,1.0,0.9,0.7,0.2,29,21271.60443838308,716318.3000467184
18,19,0.6042527182471129,1.1146105756235538,1.0880753163435732,0.4560234624622119,0.5163260253500594,0.05647833868257329,0.41060762572278975,0.1679067524141989,0.9,0.7,0.2,31,1200514.5426269248,3980.296599745583
18,20,0.5937695015385036,1.1054089208147844,1.0763203160882069,0.4683828270874756,0.43319797419543826,0.051765823256894605,0.4175081318503781,0.19349965976475744,0.9,0.7,0.2,33,1203966.0412825695,6891.995445820852
18,21,0.6500999073091793,1.159670463992278,1.1273589262813268,0.5446506818649539,0.5747676271626007,0.05118421498773017,0.4492477095724878,0.45043340314131564,0.9,0.7,0.2,34,1199007.2434343302,3710.386659681853
18,22,0.5766278019660509,1.097194689154048,1.0775133581642993,0.48734603525425113,0.39426171781867586,0.051896560679033074,0.41817432652279257,0.19840015832692598,0.9,0.7,0.2,35,1199126.0680588963,7633.481821074903
18,23,0.6720432189554841,1.1803076614214276,1.1460795714213596,0.5795619779997724,0.5454605047580642,0.05715734655148948,0.4632897976666154,0.5335463473059312,0.9,0.7,0.2,36,1197541.6220502066,3533.337381913658
18,24,0.6538157080145844,1.1725310894922747,1.1504335147808062,0.589022720319059,0.4863005913431371,0.05961530192754788,0.45641984093951493,0.47703372639131114,0.9,0.7,0.2,38,1199061.660322194,7694.417706254981
18,25,0.7780148151506623,1.2964367607974931,1.2740259155443951,0.7197947811927177,0.6070780194126423,0.05916425959442858,0.4872019937986269,1.0,0.9,0.7,0.2,39,1199664.8354364976,7590.64406525621
18,26,0.7775215155564363,1.2958433420017104,1.273330846929254,0.7145349475273257,0.5984194865601357,0.059164259594428704,0.48720199379862805,1.0,0.9,0.7,0.2,40,1199230.592885706,7658.413042710908
18,27,1.1650539359673269,1.6784551769325857,1.6519137464145464,1.126049285533819,1.164747256766035,0.11158538389105344,1.0,1.0,0.9,0.7,0.2,41,1200973.9188226294,7824.86641115353
18,28,1.1715778334618723,1.683297064918406,1.6556485203976996,1.1463174070230708,1.0343249760101552,0.12414825021960338,1.0,1.0,0.9,0.7,0.2,43,1198723.6080402066,8026.044413617579
18,29,1.1690476986295228,1.6798864334481804,1.6516929575863164,1.152164157360531,1.0226110216571438,0.12389383169032339,1.0,1.0,0.9,0.7,0.2,45,1198138.485832899,7869.680980830706
18,30,1.156481719243838,1.6668458681088374,1.638368611492086,1.1494663230373832,1.0058924079373235,0.11124579542586892,1.0,1.0,0.9,0.7,0.2,47,1200684.397510611,7706.721215996488
18,31,1.1308884896371822,1.652084177680919,1.6363862434283587,1.1458934503141303,0.984472941650836,0.08382998529915169,1.0,1.0,0.9,0.7,0.2,48,1201913.220590958,8010.032778979849
18,32,1.1592688944498764,1.6692596502340498,1.6405565017250547,1.1643551559547687,1.0041176043484301,0.11539351372187052,1.0,1.0,0.9,0.7,0.2,49,1201389.81301372,7625.327908347138
18,33,1.1565750804600063,1.6657891131670848,1.636638950568624,1.1765151371641738,1.021163942767797,0.11443768415453251,1.0,1.0,0.9,0.7,0.2,50,1197898.4547782962,8237.889675631039
18,34,1.157877316595056,1.6670490419251291,1.6378671997219254,1.1746340224652851,1.005860979674436,0.11604314266991678,1.0,1.0,0.9,0.7,0.2,51,1199623.4932042086,7957.204586232952
18,35,1.1954126957236746,1.7041909486259197,1.6747940896083129,1.2195394757262126,1.0471482097636675,0.15870700060220672,1.0,1.0,0.9,0.7,0.2,53,1202951.232638084,7828.948089205698
18,36,1.1117971673532212,1.6449370893360373,1.6499340191866605,1.1669975428761366,1.1648155479050892,0.08541607404676113,1.0,1.0,0.9,0.7,0.2,54,1196859.6143822945,8321.623451147057
18,37,1.1110846478993137,1.6423804506753557,1.6465660768647046,1.1687414134558776,0.9955918348352824,0.08783918043299167,1.0,1.0,0.9,0.7,0.2,56,1196785.7730482053,8291.8356161159
18,38,1.110370336188143,1.6406292564844016,1.644370046369928,1.1794180380253263,0.9889696274052622,0.08877967473381371,1.0,1.0,0.9,0.7,0.2,58,1196049.701495721,8271.37754157034
18,39,1.0853419726627747,1.5943226893953664,1.581073685838458,1.1740897347189194,1.0494343355934455,0.07565937983320721,1.0,1.0,0.9,0.7,0.2,60,1200957.0849554571,7992.050445207659
18,40,1.0845354741557003,1.5911766896008614,1.5770704177575878,1.1823548656624958,0.9874326256899044,0.07772549917641038,1.0,1.0,0.9,0.7,0.2,62,1200597.2883677804,8005.602583859078
18,41,1.0941094131193356,1.6094153940888372,1.6074026669436956,1.1976316737077541,1.0007807429462203,0.09142624822467134,1.0,1.0,0.9,0.7,0.2,64,1200169.4544458068,8046.693082219412
18,42,1.0854688450844334,1.6005208596660603,1.5984186675844654,1.2013371258017091,0.9775586307566653,0.08212395265133561,1.0,1.0,0.9,0.7,0.2,65,1199847.4813508291,8053.713155591793
18,43,0.5650327029886749,1.105756029859155,1.1494236520933128,0.7141096205478509,0.7250276739932192,0.04664416778662582,0.5350202168002458,0.27114010875958716,0.9,0.7,0.2,66,7384.928030869426,12652.421930322807
18,44,0.5588867730395424,1.0811265976237738,1.119455738751543,0.7210070415944912,0.586067892520861,0.047162554842095375,0.539958183184341,0.2842373768382985,0.9,0.7,0.2,68,7490.115565105929,12259.282937101543
18,45,0.5584586231763091,1.0799929300827649,1.1181279365712335,0.7208989108988576,0.4812122613949721,0.047162554842095375,0.5399581831843412,0.28423737683829836,0.9,0.7,0.2,70,7509.333232214776,12437.171467737102
18,46,0.561996879327527,1.0652816863804326,1.0884944086686814,0.7343972103724711,0.5245790935660981,0.04525664270635148,0.5500217479658845,0.29616425520317546,0.9,0.7,0.2,72,7438.493557403027,12129.697418224505
18,47,0.5594636691166806,1.0579948249820181,1.079959559241947,0.7337026858991438,0.5100133076450022,0.045256642706351505,0.5500217479658847,0.2961642552031754,0.9,0.7,0.2,74,7506.794098298391,12643.215440686465
18,48,0.5734658230715199,1.0681868460885973,1.089157898956746,0.7593525775214751,0.5415119290182204,0.0408780153340905,0.5352454643698792,0.4475579018342052,0.9,0.7,0.2,75,7641.288425592946,12961.225134787332
18,49,0.549614284610401,1.046790910699186,1.0785290339094693,0.7419887871910085,0.5724898165095007,0.04611783689374492,0.5452944170722465,0.2910127769032125,0.9,0.7,0.2,76,7538.133973804232,12318.076732517437
18,50,0.5517670823098927,1.0488242763415572,1.080528970135565,0.7507645501829794,0.48391971356840136,0.044295037618270236,0.5431585614373551,0.3178339055436722,0.9,0.7,0.2,82,7381.297881524789,13118.034129762946
18,51,0.575989685998181,1.0375549188301765,1.050353541388359,0.7924090880325421,0.758631843264378,0.04422503733228392,0.5446170319723531,0.485139773706999,0.9,0.7,0.2,83,7575.5111927988355,11571.587505582607
18,52,0.5741311752052691,1.0340600984166413,1.0464733541984033,0.7941714434713504,0.5246809903689156,0.04425706933718287,0.5432976300806457,0.48338891760402136,0.9,0.7,0.2,85,7518.906576815837,11590.801249876617
18,53,0.5392591016770781,0.9990620634803267,1.0114460642379648,0.7628291565293064,0.48315767105516844,0.04507176440644619,0.5004018988843711,0.4557233530856517,0.9,0.7,0.2,86,36126.183953415326,13657.607491494517
18,54,0.5729119644771465,1.0285420636476155,1.0399502434870702,0.7907681718573555,0.5569746832583703,0.04395164467228564,0.5442386694155974,0.48322305928959297,0.9,0.7,0.2,87,7506.008918324503,11687.765504225456
18,55,0.5373473810994012,0.992662586935425,1.0039974143185075,0.7690041680022425,0.4847316585436602,0.044863492383068956,0.5002326335801351,0.455886530131892,0.9,0.7,0.2,88,36214.68691691708,13789.766977116971
18,56,0.5723562663089212,1.0254743395148593,1.0362994545177016,0.8046691768999787,0.538284220418079,0.04341954448948045,0.5447779264813177,0.4854161637847212,0.9,0.7,0.2,89,7489.416710378869,11830.613011320373
18,57,0.6436214754770797,1.1025795482354475,1.1251705488435113,0.9084992097527362,0.6157837753158832,0.0494765370360028,0.6104697097013762,0.5937889732681956,0.9,0.7,0.2,91,7476.907926667166,13304.897661449542
18,58,0.6427495261670182,1.0999123823745944,1.122092999372091,0.9150170800554813,0.5987201058554215,0.04927071038473098,0.6103004443971403,0.5939521503144354,0.9,0.7,0.2,93,7437.169801451666,13513.910253751785
18,59,0.6421486980009965,1.0957382894079895,1.1171068382945661,0.9151473587669793,0.6074623639108973,0.04890637154936236,0.6108652570782204,0.5964546181452599,0.9,0.7,0.2,95,7447.580318691823,13297.225546067242
18,60,0.793461523921142,1.2422941599220523,1.2836541797491166,1.077961900451737,0.9952217259603997,0.05130462007402289,0.8671441691825871,0.48487564681220635,0.9,0.7,0.2,96,7262.510397305986,17722.65603500812
18,61,0.801723355163071,1.2604286819349808,1.314501477704503,1.0969134889050705,0.7646325108255523,0.049041939023617094,0.8823562255108353,0.4848718651901175,0.9,0.7,0.2,98,7263.036822170175,17722.78820611301
18,62,0.8055305227992278,1.2549801150822921,1.307067064935185,1.1092641070726448,0.8054120775535634,0.052085177308724626,0.8769303031632252,0.5209070415120435,0.9,0.7,0.2,100,7334.565932573796,17593.33706587408
18,63,0.8082586253185333,1.2750423709347682,1.3520522714657268,1.159838078078563,0.7761820153966232,0.05430086330903209,0.8893149936594664,0.48733073913672886,0.9,0.7,0.2,106,7467.441458707658,17483.40320431084
18,64,0.8105314466142671,1.2868936051101874,1.376560075098633,1.1732972815747658,0.7785242177273162,0.05289127112609475,0.8907182556634401,0.5020376768015079,0.9,0.7,0.2,108,7541.708410638916,17204.82559664131
18,65,0.7958320836754567,1.2641828858496753,1.3521607317808655,1.1595640710064046,0.8283442974152126,0.05397582343921342,0.8743053976645765,0.4903497153835998,0.9,0.7,0.2,109,7362.050044664737,17189.65646397234
18,66,0.7945751615598611,1.2570215126091697,1.34377292745623,1.1588815064827993,0.7832641924343401,0.05397582343921344,0.8743053976645758,0.49034971538359995,0.9,0.7,0.2,111,7423.966324873474,17553.35466566351
18,67,0.9083790131859155,1.3815558759623643,1.4812096267256705,1.2947093083042003,0.8765818469085527,0.052192873060896615,1.0,0.6279650207185496,0.9,0.7,0.2,112,6955.530399688805,15986.144320518742
18,68,0.9082399091160005,1.3807087144513015,1.4802153028089855,1.3019668997917242,0.8785701673702118,0.05226660826480891,1.0,0.6276877662207644,0.9,0.7,0.2,113,6956.298697420573,15558.198997369316
18,69,0.9311743212031163,1.3919514576079315,1.4783564710575297,1.317624301602351,0.8976741221077706,0.055733551877326794,1.0,0.7272728313735352,0.9,0.7,0.2,115,6909.474301248149,19106.97846351961
18,70,0.9066570716377323,1.3675739470849635,1.4646994210012858,1.3052914302593783,0.9663487293523625,0.05435997560761172,1.0,0.6221174641596222,0.9,0.7,0.2,116,7045.908638405485,15827.270651618514
18,71,0.9065483368249373,1.3669090534793962,1.4639205494294132,1.3052279984312452,0.8779880780317777,0.05435997525048718,1.0,0.6221174081347035,0.9,0.7,0.2,117,7067.704449869462,15953.81730520734
18,72,0.9056949083768215,1.3629373454509812,1.4593113596240568,1.3046377351504947,0.8990906486934217,0.054751233582876244,1.0,0.6191077231923731,0.9,0.7,0.2,118,7071.940901389016,15812.214593637473
18,73,0.9283180452626774,1.3825947940977976,1.4783641864900718,1.338581590177296,0.9210078391126901,0.056376787968388443,1.0,0.7277320865475081,0.9,0.7,0.2,119,7050.265492086279,18344.449850573128
18,74,0.9803432897912912,1.444154185657964,1.5633217628272622,1.5049887841831757,0.9587965110758565,0.056261860731922894,1.0,1.0,0.9,0.7,0.2,132,884813789.3681946,16330.120002700196
18,75,0.9874813555364432,1.4366846863890326,1.5529349788658349,1.5170873517272123,1.019703135311478,0.06688973934898762,1.0,1.0,0.9,0.7,0.2,134,884845343.6213175,15824.403541606578
18,76,0.9771577628746491,1.4206064493454857,1.5357174167098344,1.514697108834727,0.9739933642152425,0.05641697928054288,1.0,1.0,0.9,0.7,0.2,136,884843292.2787335,15665.37520879118
18,77,0.9755792550651916,1.4198930685464257,1.5459703109656904,1.5212180281283427,0.9922186335088203,0.05637391958421003,1.0,1.0,0.9,0.7,0.2,138,884865092.0617526,15402.841997345866
18,78,0.975059078140146,1.4277509869396547,1.5662752902639367,1.5361099001395464,0.9619094310653675,0.05624592438036945,1.0,1.0,0.9,0.7,0.2,140,884865016.6162751,15296.003160539138
18,79,0.9750044890092604,1.427564768308687,1.5660633023815362,1.5360595799289687,0.9511089286204886,0.056205990404699924,1.0,1.0,0.9,0.7,0.2,142,884848547.9318211,15020.180327120344
18,80,0.9737285686521953,1.4318910806971867,1.5822969336067036,1.5545758961826202,0.9723866266369701,0.055657816976785825,1.0,1.0,0.9,0.7,0.2,144,884882990.7278341,15532.280912718134
18,81,0.9726557611781039,1.4250982787013828,1.5743917783879755,1.5685193159386637,0.9951902039085869,0.05532592326393152,1.0,1.0,0.9,0.7,0.2,145,884871879.748036,15269.028648182368
18,82,0.977685308830448,1.4164916125723959,1.5523129094516732,1.5500924104183704,0.9744580712980015,0.06127269693967298,1.0,1.0,0.9,0.7,0.2,146,884897016.0844345,13463.980702864432
18,83,0.9615086914460991,1.407000462446929,1.5549483951470628,1.5460782124237604,0.9573302311558243,0.04394708077852314,1.0,1.0,0.9,0.7,0.2,148,884886007.523625,13410.158902409898
18,84,0.9617726480788329,1.4038109114065915,1.551092495546662,1.5464205090490133,0.9674155294696927,0.04472588498347383,1.0,1.0,0.9,0.7,0.2,149,884898226.2599094,13870.07233935742
18,85,0.9980178165003755,1.4282638263272485,1.562431781908013,1.6542296420354083,0.9768020066818948,0.08507964546664733,1.0,1.0,0.9,0.7,0.2,169,884917534.2908242,13104.50428721307
18,86,0.9967567643182251,1.420565689162646,1.5534959882555293,1.6606934514375353,1.0013356981042276,0.08455599612391655,1.0,1.0,0.9,0.7,0.2,171,884932020.6498495,12923.056369726391
18,87,0.8394750527230159,1.2841274523429627,1.4427587352913454,1.5186413504248033,0.8220662728613949,0.04677880045955987,1.0,0.3845280747129812,0.9,0.7,0.2,175,884677127.4671293,14466.925348208042
18,88,0.8389409182243674,1.2931926836561531,1.4645168818308536,1.552335318185489,0.8228438464258228,0.04555801523500902,1.0,0.38830509240454253,0.9,0.7,0.2,178,884711216.6977205,31507.775800997995
18,89,0.8394444182249399,1.2928933672134804,1.4640638991443962,1.5528494616024173,0.822392588125868,0.04688511736383383,1.0,0.38532437642227774,0.9,0.7,0.2,180,884681406.7426277,31768.28042872845
18,90,0.8392830318475041,1.288330986493806,1.4586600381752612,1.5603504139064293,0.8367709194679509,0.04646207347204724,1.0,0.38898295623730933,0.9,0.7,0.2,182,884714121.9100914,31743.613209600026
18,91,0.8392633926048759,1.288140360749842,1.4584368130805085,1.5603322296397188,0.8202775665245328,0.0464620734720473,1.0,0.38898295623730933,0.9,0.7,0.2,184,884711806.8703358,31713.634930525703
18,92,0.8454552050162173,1.3129422174505896,1.5085151126014904,1.6045706214787163,0.8336234825789329,0.04851015061020555,1.0,0.41288502500293084,0.9,0.7,0.2,188,884689450.994612,14303.65668116867
18,93,0.8392540194116771,1.3307739796148592,1.5635281480442176,1.6253797894122655,0.8334597294008683,0.0454987750424592,1.0,0.40067933075552203,0.9,0.7,0.2,194,884575582.8770854,14315.712890854713
18,94,0.8386922639691765,1.3388447592698134,1.5841123695151809,1.6405141810193904,0.8307247313389234,0.045493433162697425,1.0,0.3992572304753464,0.9,0.7,0.2,196,884566894.7840841,14660.612188379087
19,0,0.8112534974274055,0.9533050700036718,0.8963343841054282,0.008474428291040972,0.0,0.0,0.0,0.0,0.9,0.7,0.2,1,3603.058692963679,7463.113328154744
19,1,0.8312221627237314,0.9866689941170346,0.9288141059579881,0.0499224711129321,0.05656016867785776,0.04271531894147699,0.00010136823555110001,6.328986538246001e-05,0.9,0.7,0.2,3,3488.233991830102,7410.110382554102
19,2,0.7841369370397118,0.9633827403798684,0.903882871738971,0.03767562806220648,0.09193210293257374,0.01648153492307635,0.01414520816999946,0.00055718425917624,0.9,0.7,0.2,4,3339.1288518404085,7304.487801227033
19,3,0.6340806781101602,0.9654958700493251,0.9062726773288355,0.09863518576882331,0.6090353627520099,0.052199007976027625,0.05221846108958461,0.03260290913488431,0.9,0.7,0.2,5,2004.079407419899,5035.091700430978
19,4,0.5602144359287299,0.972655457547419,0.9005306792705556,0.17884051203799364,0.4357321023076303,0.0901289477637382,0.09091323629682596,0.13895574548435524,0.9,0.7,0.2,7,2495.0573906063423,3768.33512378596
19,5,0.5063732589333192,0.9418034400398043,0.8631547494729828,0.18768706355208542,0.31267716268562923,0.08039044173854722,0.10977258942871333,0.1529822199245387,0.9,0.7,0.2,9,1685.1365956020377,1902.5287789648744
19,6,0.47425680641537504,0.9251379890341564,0.8384328926776337,0.21926212436390782,0.3744489155982994,0.10080546960997609,0.11785772856174112,0.1847052789055105,0.9,0.7,0.2,11,2030.4761142745624,3567.8988956353687
19,7,0.46574480381330835,0.9315640864775767,0.8512071336282218,0.27375567460416717,0.31206042616303553,0.09569084417559712,0.1369906488199865,0.3110917336952725,0.9,0.7,0.2,15,2465.1739539412374,3207.016717506244
19,8,0.4596959987371632,0.9254475507963928,0.8439834460292788,0.28304059417087934,0.2671606795805974,0.09596466172046336,0.13708346619554818,0.31127889336821724,0.9,0.7,0.2,17,2429.389011195049,3191.576811160432
19,9,0.4357371247908577,0.9006145675914361,0.8165335631387309,0.27752044008881543,0.2883891256671508,0.09762801053916116,0.13663172075568034,0.25761076330208066,0.9,0.7,0.2,19,2581.7906730553377,2902.359541525356
19,10,0.4431335532045101,0.9415463415099092,0.896320117489065,0.28914644800311773,0.24918719303508802,0.09622483139654608,0.1413014204062781,0.2884574284115394,0.9,0.7,0.2,20,2622.6072385255734,2908.733716705588
19,11,0.4445508866686565,0.9086985298769583,0.8234058711324062,0.2992447175721762,0.2936246205662466,0.09555676736790189,0.14509639869496804,0.31309997631357567,0.9,0.7,0.2,21,2608.5016393824885,2900.754131659337
19,12,0.4399928695237817,0.9148321507073187,0.8418394976291298,0.29669265169113296,0.27777438127250836,0.09783681821094316,0.14014655474390292,0.31526222553591243,0.9,0.7,0.2,22,2238.880667628456,3198.245612855701
19,13,0.4457795202335587,0.9191680398994969,0.8445357593049895,0.30812655658147026,0.32998260413416935,0.09930622518967605,0.1511817425577617,0.3395754699020217,0.9,0.7,0.2,23,2217.757404578566,3110.542831752052
19,14,0.5702937093978959,1.043164654800016,0.9680253572655807,0.4421206155930332,0.4107538081967047,0.09703562608849386,0.2006220436047521,0.8115364636315073,0.9,0.7,0.2,24,2304.13390490328,3113.808466184647
19,15,0.4282103748248084,0.8951048470111972,0.8154523085441031,0.3162629011838328,0.4524328587915406,0.09859401659822364,0.15909740523632904,0.34133201572816557,0.9,0.7,0.2,25,2244.3514835534424,2879.116129392922
19,16,0.5555111982874432,1.0224014598756384,0.9427463156487912,0.45860003313980807,0.3957155972130769,0.09662762991930832,0.20863497610417303,0.8133575465768669,0.9,0.7,0.2,28,2472.338606307467,2825.807853870921
19,17,0.42731042514182843,0.9052245756859565,0.8384565728233029,0.3463909568145488,0.27258335285569674,0.09959586741791557,0.15778324408584388,0.3393852540349987,0.9,0.7,0.2,29,2280.7153896719947,2838.787370431136
19,18,0.4257466217372804,0.9028131228655483,0.8355237939779026,0.341873034462689,0.28985924849627687,0.09875728707631888,0.1591904693637502,0.3413981633237775,0.9,0.7,0.2,30,2279.2436060604405,2854.009538056111
19,19,0.5254368298681081,0.9897218030732324,0.9085061924268324,0.4528016404175147,0.3909952151020475,0.0978415731633236,0.20585659124396413,0.6997812726088551,0.9,0.7,0.2,32,2287.079470257789,2617.725983822465
19,20,0.5286295205695515,0.9927428368529354,0.9114297507793294,0.4624060327936399,0.37769129804269164,0.09858237064746,0.20843121851587965,0.7053882211770526,0.9,0.7,0.2,34,2308.979879069132,2729.143028179694
19,21,0.5250978358209997,0.9847585983060223,0.9010867552819639,0.46188799146947646,0.4776787008520541,0.09137113750260674,0.19859972967303985,0.8011932619051725,0.9,0.7,0.2,35,1988.7728885625124,3302.989638929561
19,22,0.4434960851603751,0.8956194482020755,0.808482524557276,0.4052614908243597,0.35969222346073937,0.08825188576091302,0.232621680709451,0.3516223124349092,0.9,0.7,0.2,38,2045.4823863984243,2895.148694112258
19,23,0.4431420043340596,0.8939168228613027,0.8062094075037978,0.4096180389684147,0.3258511991573508,0.08859415624476677,0.23417779731913244,0.3527796601816218,0.9,0.7,0.2,40,2021.0981605293352,2926.2735638083805
19,24,0.5506934953795772,0.9948319584967558,0.9044721277503154,0.5252995616378944,0.5389401795037311,0.08854067406951815,0.26860921049259573,0.8145254197598497,0.9,0.7,0.2,41,1956.0287060665669,2978.9321892955973
19,25,0.5490911167014055,0.9920690285261965,0.9012700767997347,0.5332699772520376,0.4393607999001764,0.08826190875913853,0.26866360918242427,0.8145937585529678,0.9,0.7,0.2,43,1997.401602442732,2875.295110434205
19,26,0.5476270954354262,0.9898457084018898,0.8987621855881618,0.5386229114450495,0.43566477139063975,0.08865115512404932,0.26744966712424245,0.8142849450706307,0.9,0.7,0.2,45,2013.7624809436545,2818.880820283962
19,27,1.0550295304138642,1.5152150153741593,1.4485105628750694,1.0680501968823588,0.9754474702849647,0.08845900038526516,1.0,0.8133794980704494,0.9,0.7,0.2,47,1968.0923855265703,3033.3839967243025
19,28,1.0533111599812413,1.5120961387231817,1.4448981380893997,1.0644611882169612,0.9520959996236533,0.08818075601559813,1.0,0.8134478368635687,0.9,0.7,0.2,49,2009.336364807751,2925.9140659346517
19,29,0.51474506041076,0.9757459356969377,0.9185232223485863,0.5574013730850854,0.5352640650267789,0.08863288895282662,0.3796862104059252,0.3330617202203905,0.9,0.7,0.2,50,2541.152807839805,2734.226208825642
19,30,1.1037313203836514,1.5952678375453861,1.5760555893111148,1.170068297380861,1.0173727085098414,0.11539925697511481,1.0,1.0,0.9,0.7,0.2,53,3633.333039324252,7488541.261082701
19,31,1.1035806062421343,1.6061445077471335,1.599876473524588,1.185853964889432,1.005010418767777,0.11540046457269075,1.0,1.0,0.9,0.7,0.2,55,3637.163842247366,7487867.942410451
19,32,1.1034912964443477,1.605950118422114,1.5996486806660264,1.1829430673197734,1.00522851182983,0.11540122179886525,1.0,1.0,0.9,0.7,0.2,56,3639.571884628682,7487446.570491791
19,33,1.100461548128135,1.586955781113021,1.5661685226115145,1.1894888899015015,1.0350299865080612,0.11638239434303832,1.0,1.0,0.9,0.7,0.2,58,3417.13736715115,7489201.212042293
19,34,1.0984821524001196,1.5837151402424114,1.5625410378306601,1.152768944437236,1.0090373565330553,0.11529144542278105,1.0,1.0,0.9,0.7,0.2,61,3649.953275895168,7481377.082986541
19,35,1.0992797243880716,1.606661354095113,1.6114123517368384,1.2151309177424696,1.0076850285283405,0.11638239434303824,1.0,1.0,0.9,0.7,0.2,62,3521.7616633034827,7485272.521310195
19,36,1.1113901732351334,1.6152273253845375,1.6189109093334326,1.2228076769020613,1.0413015556506962,0.13282402436740423,1.0,1.0,0.9,0.7,0.2,64,3615.277921470707,7594882.0591369
19,37,0.6468797723575591,1.1283766755911482,1.1158390218648075,0.7895640043277938,0.5955405280252362,0.07718665341880152,0.494590547815635,0.7351038015812905,0.9,0.7,0.2,68,2917.885270976134,6495.860596208207
19,38,0.6530535390839779,1.1200778400058646,1.0936275147720314,0.8012113629542715,0.5895338360502541,0.07621351263876994,0.5033648927435813,0.7499314789928863,0.9,0.7,0.2,70,2939.6669837145137,6673.403004572572
19,39,0.6535191995980874,1.1316133554817742,1.1181262592419277,0.8187164536121786,0.5719878778159335,0.07724482451417286,0.5037238407710622,0.7467774276167534,0.9,0.7,0.2,73,2848.120172044355,6617.063524277311
19,40,0.650299842305115,1.111815742621066,1.0838563064733946,0.8176494405855642,0.6315929276601304,0.06795393048346504,0.5092862634506443,0.7691236510436799,0.9,0.7,0.2,74,23229.44175130397,7191.1773124200745
19,41,0.8048600601068681,1.2876226715107646,1.2853480170579525,1.0000160101503224,0.7332824235632616,0.0720097984299076,0.6598871764092086,1.0,0.9,0.7,0.2,76,2833.284243061905,3448.806449667468
19,42,0.8071988042140446,1.2826180595682213,1.2783968712676155,1.0154744627596288,0.7726632187344038,0.07435212002933284,0.6659629450418367,1.0,0.9,0.7,0.2,78,2867.6902607411835,3701.0124257397592
19,43,0.7946219225839977,1.2664364859765207,1.2612775705200778,1.014922458361834,0.7414785939093231,0.07241112977729841,0.6531621440926412,1.0,0.9,0.7,0.2,80,3080.686549126016,3427.6704091211022
19,44,0.8002628184317289,1.2690615294688905,1.2631270506027927,1.0250129603110145,0.7453595032919731,0.07508359948742394,0.6599481680890323,1.0,0.9,0.7,0.2,82,2998.366303859858,3616.135388194734
19,45,0.8001969014488086,1.2677959216389667,1.2615549385327702,1.032380244897205,0.7363128093981726,0.07523184239942309,0.6605062152322209,1.0,0.9,0.7,0.2,84,3046.610771877416,3643.780972637233
19,46,0.7822649637826391,1.2478504314296686,1.2410976219554144,1.021996051407882,0.7339750370976839,0.07544119382609564,0.6360122383109771,1.0,0.9,0.7,0.2,85,2911.132542315134,3469.5787249636246
19,47,0.7927119732408452,1.268612587517604,1.2746354196053409,1.0362842801348426,0.7331498275500252,0.07473307534895483,0.652453147682291,1.0,0.9,0.7,0.2,86,3163.652382176961,3678.4819224945895
19,48,0.9838101289139811,1.4629526219490003,1.4902663202767252,1.261348691181186,0.9618303533373931,0.0674701892892541,1.0,0.8134420756158175,0.9,0.7,0.2,91,2951.4884301657085,10812.362105293045
19,49,0.9816872210441251,1.4543072260677958,1.4800711897897665,1.2714314934114357,0.9554151888609044,0.06790708793142416,1.0,0.8134940299086819,0.9,0.7,0.2,93,2904.8165597936622,10672.149765382288
19,50,0.9607349835081269,1.4444803676239684,1.4832262526970268,1.2472336853213424,0.9036499972216769,0.06635971618243365,1.0,0.7158448352987367,0.9,0.7,0.2,94,2911.9698083938065,8186.628785814585
19,51,0.9659964050939451,1.4411602230488887,1.4779022825323955,1.261684727033544,0.9930353957986127,0.0685749707135857,1.0,0.7477796191268535,0.9,0.7,0.2,95,2834.3476753466075,7060.110846125409
19,52,0.9451347193301022,1.402190180869905,1.4243465196001672,1.2422259769771575,0.9573732826249479,0.0675181235541332,1.0,0.659987987984796,0.9,0.7,0.2,96,2906.071330096654,8189.968058013415
19,53,0.9467785587821346,1.40252344594373,1.4243813306577544,1.2547552673151943,0.9009268336650895,0.06899219736831555,1.0,0.6637359115027119,0.9,0.7,0.2,98,2931.459880789544,8371.138757715493
19,54,0.9415663681675219,1.3883070063663112,1.4081337276069523,1.255074685957545,0.9753526169943456,0.06719015493849786,1.0,0.6600637525779132,0.9,0.7,0.2,99,2843.224814204264,7940.120977022916
19,55,0.9540462457644352,1.4101527028195957,1.4425682925873275,1.2643349268837178,0.911174285681932,0.06656930302943623,1.0,0.7280831500661001,0.9,0.7,0.2,102,2800.202066652032,7952.599985188643
19,56,0.9407701359202549,1.3955050124902821,1.4276162499208251,1.2691464958565057,0.9049213341987801,0.06739317288779063,1.0,0.6600231791623437,0.9,0.7,0.2,103,2869.185607779385,7909.0127475189265
19,57,0.9453316960228014,1.3972237090751651,1.4287035321964943,1.2671838339788155,0.9239065734028379,0.06510225410287993,1.0,0.6973609302257046,0.9,0.7,0.2,104,2768.5844298417,7904.894182431539
19,58,0.9579358006855235,1.4055056655958027,1.4360264929632074,1.309564955246485,0.9518754563964351,0.07378213030465994,1.0,0.7277084643886323,0.9,0.7,0.2,105,3533.7383417607853,10156.094381978715
19,59,0.9476329668543293,1.3931781788717574,1.4232586290375597,1.277770015392533,0.919603782785373,0.07025439305824437,1.0,0.6948041104432238,0.9,0.7,0.2,106,2778.585835238021,8452.045136896459
19,60,0.9544373725902573,1.4029185001873001,1.4442020561759277,1.3076300742384865,0.9841924359238666,0.07309982691153985,1.0,0.7271563097025483,0.9,0.7,0.2,107,3547.489367297158,9764.066319130472
19,61,0.9548668060043177,1.4009674299167894,1.4417374235762015,1.319383329578121,0.9227091857437307,0.07406127739176731,1.0,0.7280680435169012,0.9,0.7,0.2,109,3361.798628855521,10376.511834698296
19,62,0.9584094844495469,1.3737125104314054,1.3973049799523451,1.3328429362724017,1.006720334231384,0.07495654322594816,1.0,0.7657390991334794,0.9,0.7,0.2,111,3954.9089992674735,8773.684023932989
19,63,0.9587535064943453,1.3533059398288763,1.3833212289687953,1.343398951543094,1.0606051787527724,0.0778170909790628,1.0,0.7868610637934517,0.9,0.7,0.2,113,6733.968302460571,9161.657521092187
19,64,0.9576880648154865,1.3444130033129424,1.372847266483366,1.3502138070396814,0.9599836468381403,0.07808085242442837,1.0,0.7873665294678396,0.9,0.7,0.2,115,6681.609729091322,9038.268104465733
19,65,0.95561725059549,1.3353351179907453,1.3623634591803206,1.3669052634668692,0.9459870535977676,0.07882868421326848,1.0,0.7796511034930236,0.9,0.7,0.2,118,6717.047879229873,8911.066799318061
19,66,0.9557549496171384,1.3225643306614627,1.3470255903755468,1.3897260185074385,0.9814579344023986,0.07853016492207114,1.0,0.7920974525851131,0.9,0.7,0.2,120,6646.799832979921,8196.153527976605
19,67,0.9463780204393627,1.3329408416120199,1.4044925915718025,1.4730638455565495,0.9338759428867396,0.07509119138953896,1.0,0.7787651349798734,0.9,0.7,0.2,139,2637.6644466350504,6109.700128069082
19,68,0.9661497012846008,1.3469980526590515,1.4282826455254716,1.481495509044745,1.078535288760106,0.07475186073289518,1.0,0.8899590633657869,0.9,0.7,0.2,140,1601.5055963669288,13708.279336135976
19,69,0.9401456871044194,1.296141873575881,1.36181465815798,1.4750364339977646,1.0273550745446431,0.07460969001275085,1.0,0.7685780095430284,0.9,0.7,0.2,141,2545.5732337774,6065.118968616911
19,70,0.9432596947016776,1.2965497129582564,1.3617071077514065,1.489978144057084,0.934798447725829,0.07523147746939504,1.0,0.7828666291376651,0.9,0.7,0.2,143,2600.1536328410266,6285.805484126913
19,71,0.9432792310671195,1.2957808339966723,1.3607882692309714,1.497653949651175,0.9274415028420877,0.07533058127367301,1.0,0.7829546755539184,0.9,0.7,0.2,145,2591.813162866486,6181.419416110201
19,72,0.9441944655181991,1.2891708190296132,1.352749508902953,1.5057791386753367,0.9844777656062496,0.0742762999084108,1.0,0.7963617118318556,0.9,0.7,0.2,146,2526.72424465526,6013.459130279169
19,73,0.9641767022976907,1.316974474202092,1.3929135867159923,1.5067645865900272,0.9724760665205495,0.074642980323231,1.0,0.8963963440253926,0.9,0.7,0.2,147,1678.7495859360415,13288.054050261038
19,74,0.9443856402842502,1.3043562264971365,1.403426191988789,1.546040220207376,0.9672104768241393,0.07253329472903661,1.0,0.8145587262009751,0.9,0.7,0.2,150,1707.0769912816163,14257.55258442752
19,75,0.9436470486679407,1.2849696814421883,1.369644354134963,1.537457313097167,0.9850368875816852,0.07156166965572504,1.0,0.8187421610538015,0.9,0.7,0.2,151,1691.0692250719396,14410.347994661512
19,76,0.9407383104142817,1.2840874751621043,1.3800492085342082,1.5415182595144579,0.9493630678301821,0.07146794766359338,1.0,0.8087537240388754,0.9,0.7,0.2,154,1709.0854660466005,14238.378220756147
19,77,0.9430340412961931,1.2740903553526195,1.35684889169803,1.5601325223431086,0.9312299372701177,0.07234067779161524,1.0,0.8167839483160794,0.9,0.7,0.2,157,1699.9291788765709,13952.682284007646
19,78,0.9399253727273935,1.2869255755048339,1.3944828066050488,1.5647259010109542,0.9749136827972398,0.07113486619689904,1.0,0.8094426414330055,0.9,0.7,0.2,158,1680.1655199859204,14063.849493691803
19,79,0.933684159218504,1.280054642523488,1.3874949811228596,1.562373844126777,0.9244947218817914,0.07047027783120653,1.0,0.7814927910839659,0.9,0.7,0.2,159,1910.680893697785,10791.066143556243
19,80,0.9397475807970788,1.2600974392395385,1.3517941708477945,1.5754638392997435,0.9643027247100975,0.07029308625205836,1.0,0.818614337256523,0.9,0.7,0.2,162,1623.227072187433,14124.781186216034
19,81,0.9611304796959858,1.288187708490847,1.392055471912652,1.612848691038461,0.9543553203961491,0.07657526092816662,1.0,0.898991317067335,0.9,0.7,0.2,168,1794.6515185411524,13701.178224581154
19,82,0.9735392335727799,1.348261355625581,1.5155941406394942,1.7323079306039069,0.9680079485724429,0.08213028141151565,1.0,0.9391468889936585,0.9,0.7,0.2,178,3930.104302216536,4800.104343711855
19,83,0.9732893233420326,1.3557180038428154,1.535408981946179,1.7446402530884026,0.9748491996248362,0.08077421329334865,1.0,0.9452638214306776,0.9,0.7,0.2,180,3861.360752271197,4662.227174734503
19,84,0.9732673566838581,1.3426358639730374,1.5089858685557442,1.7348915130426612,0.9688025280897467,0.08223510928683922,1.0,0.9392415812903652,0.9,0.7,0.2,182,3899.0817458435545,4751.074382612967
19,85,0.9736120708733043,1.2891130209026325,1.401803408923862,1.7391708535520551,1.030447376955773,0.08115572839068971,1.0,0.94896142813248,0.9,0.7,0.2,183,3803.529443847679,7280.803930872149
19,86,0.9729868533782672,1.2970207776368126,1.4222232061704112,1.7518180673986117,0.9723827870240173,0.08095045938177318,1.0,0.9476614975840407,0.9,0.7,0.2,185,3813.9377949505215,7138.159843409015
19,87,0.973035763612204,1.3014615898568267,1.4384215588473759,1.7588535610749756,0.9881896264606076,0.08088328161011005,1.0,0.950441940864162,0.9,0.7,0.2,187,3871.546972610864,5490.441537363293
19,88,0.9725105874280136,1.3068081096257305,1.455797135478996,1.782968218402988,0.9825062348972526,0.08196060726601934,1.0,0.9446670352551042,0.9,0.7,0.2,189,4020.7404570525687,4614.212875432134
19,89,0.9753380719750131,1.3167465086119472,1.4889580265290274,1.8048301764405712,1.023139397881584,0.07785613041563476,1.0,0.9819050642925555,0.9,0.7,0.2,191,4024.049534642093,4540.859201079393
19,90,0.9786622685109041,1.3246127605035636,1.5086186425679853,1.8158144171901598,0.9947205173285609,0.07866861930980437,1.0,0.9967745632679534,0.9,0.7,0.2,193,3949.685294342089,4451.188782417616
19,91,0.9785817144359182,1.3308249343035836,1.5269435987786575,1.8495895353236107,0.9794027991029979,0.07887928488232909,1.0,0.9967899402444829,0.9,0.7,0.2,197,3978.081181667953,4433.589321405727
20,0,0.9404020270864863,0.9862790495896204,0.9349554750580403,0.011507232717215274,0.0,0.0,0.0,0.0,0.9,0.7,0.2,1,1671.2716758651864,8073.358099974274
20,1,0.9812424531644675,1.0333644364080232,0.981712464216621,0.0637404745696265,0.05579950485442396,0.054349814107740146,0.00010637536253598,6.730759416534e-05,0.9,0.7,0.2,3,1662.1827429995246,6938.105617832152
20,2,0.9203905848634589,1.155867716097004,1.1059571726622468,0.253393298591094,0.6851828637784844,0.07943614040795344,0.1714734531714825,0.1726078581009629,0.9,0.7,0.2,4,3084.8397072679604,8826.840313790144
20,3,1.358083910288183,1.6103179581304157,1.5450314933684846,0.716727180737677,0.802327335259637,0.00469263162184704,1.0,0.00673726505236834,0.9,0.7,0.2,5,1743.6381831921924,35168162.48748753
20,4,0.7764285821658926,1.1089731683492128,1.035238061188695,0.27660720188779825,0.598192712856601,0.07713034093091552,0.20565778346106015,0.20090767553537078,0.9,0.7,0.2,6,2691.898701030584,16818.651613112022
20,5,0.7672608567813621,1.1051363834641632,1.0307143320965646,0.2822754451608256,0.267749039230337,0.0772580856853279,0.20571917974644638,0.2009907473829024,0.9,0.7,0.2,8,2699.121073139683,16877.80455569356
20,6,0.7588502275417177,1.1017019624303843,1.0266133933559467,0.2861527608915867,0.2812690082259681,0.0772308108110014,0.20640890648939272,0.20098312896798606,0.9,0.7,0.2,9,2649.768238475457,17672.33268895687
20,7,0.6889396934291838,1.0874730582853909,1.0182914633661235,0.3007197776244143,0.5600246714610924,0.07917803552381192,0.22088135367573258,0.22150582892211582,0.9,0.7,0.2,10,2901.8384229846843,18413.519073232725
20,8,0.6522367146049521,1.0644061720380231,0.9923277983927192,0.29940714260254314,0.3228046937630165,0.0537249534234633,0.23959603450728806,0.23978260274911264,0.9,0.7,0.2,12,2723.109972132467,14612.909876312488
20,9,0.6227391850384785,1.0513334677315989,0.974948897392378,0.3158092033457962,0.36390414952152156,0.05552857259661411,0.2539414288987508,0.24181800389166802,0.9,0.7,0.2,14,3049.1650511031426,15106.911804445825
20,10,0.6075910123711001,1.0629242365275091,1.0111549238385333,0.32895529427051606,0.32992220179756454,0.0554038909154239,0.25029443902201765,0.24151869538261123,0.9,0.7,0.2,15,2993.2742216843835,13795.662119034014
20,11,0.6355595960896595,1.0843686888806463,1.0179071323931126,0.36081303445223273,0.384879460948941,0.060750787806150855,0.29010655353646253,0.2907509922796582,0.9,0.7,0.2,16,3499.375237112867,16799.015389794793
20,12,0.8984650047121125,1.3732310526634781,1.3316060674168875,0.6561128859990881,0.6400969402244215,0.1369738071522213,0.41439646102003136,0.8789974103861663,0.9,0.7,0.2,17,3059.493279368848,21655.10938819449
20,13,0.6255960123318035,1.1085778024738737,1.062122686930603,0.4160387674090125,0.5464682199325961,0.058646122735967775,0.34405389421228494,0.295421613177688,0.9,0.7,0.2,18,3581.638522163265,15812.465716249551
20,14,0.6022120904867616,1.0979168193881563,1.0632250234234624,0.40825292942430447,0.3632219775303154,0.058487737148142524,0.3250683969846614,0.2893792261338789,0.9,0.7,0.2,20,3280.864094251242,15593.02153818778
20,15,0.8034978815163024,1.2897439339403682,1.240235626221498,0.6296609926841783,0.6256507744205332,0.09975894864752935,0.4388872736656856,0.7734713332552959,0.9,0.7,0.2,21,3430.3808806191955,17088.516604163524
20,16,0.6196965476163786,1.1189867472024106,1.0788836889131093,0.4656752336683752,0.5374039804802576,0.07518599391845696,0.3574216143794961,0.36433901387664896,0.9,0.7,0.2,22,3709.179604640077,16158.031784227696
20,17,0.6149540703810741,1.103116563328416,1.049761594363534,0.4692804350665992,0.39796721105005795,0.07372319563090256,0.35897477439300346,0.3494958886103376,0.9,0.7,0.2,23,3585.5454319630567,16389.75952333584
20,18,0.6145127321503292,1.0914074386165167,1.022583972005943,0.4689627605301773,0.5018619441799863,0.08024304154141162,0.35519032306887927,0.40293395778475205,0.9,0.7,0.2,24,4146.535944453537,15697.984373919118
20,19,0.7763601480528993,1.2739451736227347,1.2273839212177378,0.6697683914765902,0.7359887456308971,0.10139481398998651,0.47968801918999154,0.7818109798470578,0.9,0.7,0.2,25,3604.595410403883,17769.874138375908
20,20,0.9433538693818759,1.4288546797580917,1.3681897843538324,0.8483667765207357,0.8009145613407047,0.09727504651933497,0.669152951978094,1.0,0.9,0.7,0.2,26,3603.439668600801,19340.752760979434
20,21,0.826142069336502,1.3337509195522226,1.298757036659127,0.7340354170447886,0.6537618562912386,0.10688795175860026,0.5078129998062815,0.9435033374644837,0.9,0.7,0.2,27,3304.718512851295,17938.90068372222
20,22,0.8157931071396457,1.3111168483196347,1.2620186873912989,0.7314916709090326,0.6803999196263466,0.10524191737813833,0.5040568649705311,0.9391352146825399,0.9,0.7,0.2,28,3239.793007016626,17881.94462169742
20,23,0.822080589265487,1.3050232924677476,1.2418627851831354,0.7331358561565855,0.6900532476340412,0.1026428325727041,0.521795212960755,0.945301033437279,0.9,0.7,0.2,29,3151.181809379571,16121.652595955346
20,24,0.8207680249995734,1.314566718166235,1.2641223034499955,0.7410522384616824,0.652460444730581,0.1026428325727041,0.5217952129607553,0.945301033437279,0.9,0.7,0.2,31,3219.837542255743,16036.302951189287
20,25,0.6853431128637694,1.1659834450751367,1.1010119508855836,0.615513112689113,0.5495298697684691,0.06621681097217305,0.5413772681692605,0.3983559819138766,0.9,0.7,0.2,33,7933.975847028621,15770.02272419532
20,26,0.6692388850743456,1.1392800512922219,1.068191333770703,0.6225575633378477,0.7766167824972073,0.05896662278701319,0.561456504508943,0.40578504861067605,0.9,0.7,0.2,34,8110.73518915684,15720.442722237713
20,27,0.6374889809175442,1.116905540396482,1.05793813161302,0.606189328482636,0.5167891118396835,0.05706985468286672,0.5257186947207095,0.39717719554701897,0.9,0.7,0.2,36,7293.960458922149,16062.342214147264
20,28,0.6633320287803603,1.1405774566349727,1.0806016673156476,0.6404599741418762,0.5698385332850584,0.05521687944744354,0.5691090757527125,0.40145067865371553,0.9,0.7,0.2,37,7868.451182413509,16082.62048908757
20,29,0.5890956056083613,1.0701916822669788,1.0201422613403466,0.5868525706963157,0.5893817966013971,0.06785734926967676,0.4603385626168193,0.40706698738337704,0.9,0.7,0.2,38,9009.215076512037,18824.46210305904
20,30,0.5874158943694534,1.0679539587071998,1.0176829358437687,0.5943985703860553,0.4682964105139113,0.06671203787760716,0.4604457405034452,0.4071264560048856,0.9,0.7,0.2,40,8946.9456696288,18887.622194132007
20,31,0.7715469091175022,1.2411349400318175,1.1777824858684918,0.7748841830395077,0.6576142368679491,0.05470655720981271,0.7399314604530576,0.407241337372115,0.9,0.7,0.2,41,2695.0429889337674,18280.005102739728
20,32,0.7723652972089373,1.240343081729318,1.1763916573111663,0.7836320407898946,0.6631181107140577,0.05450702591989966,0.743153935160908,0.4103884090175628,0.9,0.7,0.2,43,2692.6619878930514,18112.001669968267
20,33,1.0834371702638197,1.5502531685663792,1.4949499100093242,1.1386232092490114,0.9971270951296196,0.08384601596588906,1.0,1.0,0.9,0.7,0.2,51,28380.607347146764,18866.562928834108
20,34,1.0771103398030355,1.5371431450057065,1.4796062672524137,1.143972036390176,1.0206420645700887,0.08377124876222038,1.0,1.0,0.9,0.7,0.2,53,30800.7208172479,18920.518213125797
20,35,1.079016473534785,1.5388475860483055,1.4812394680084415,1.1460648026767069,0.9807077402037487,0.08612724696606915,1.0,1.0,0.9,0.7,0.2,54,30600.034628990667,18702.86266306236
20,36,1.075605333587049,1.5328703083578452,1.4744493697897743,1.1510183426359823,1.0091379732344201,0.08475933132413686,1.0,1.0,0.9,0.7,0.2,55,30083.547635425457,19107.43747099011
20,37,1.0770414974523896,1.5335450217721147,1.4748785015604533,1.1530056439819372,0.9886709239863687,0.08710240476437638,1.0,1.0,0.9,0.7,0.2,56,29886.05843605845,18890.083080272827
20,38,1.0647046659134674,1.5300312890531482,1.4836280423160346,1.1480856398503823,0.9977678948937041,0.07553352571619469,1.0,1.0,0.9,0.7,0.2,57,30266.606876274374,19803.65325984374
20,39,1.060411849339633,1.5181877056304185,1.4695000018460207,1.1584253751984186,1.0160605774983726,0.0771956863105601,1.0,1.0,0.9,0.7,0.2,59,30425.13416235957,19284.343464845108
20,40,1.0589661716179124,1.515193562837833,1.466049628199086,1.1645634357496444,0.9784495041838237,0.07682864147047012,1.0,1.0,0.9,0.7,0.2,61,30350.91415874845,19286.685368428814
20,41,1.057834685680067,1.5131051475480881,1.4636813079861628,1.1706724029932312,0.9801092671406222,0.07632458598040404,1.0,1.0,0.9,0.7,0.2,62,30194.271579651755,19309.5282930202
20,42,1.0580564192497275,1.5130173416419397,1.4635025840744542,1.1710697937399925,0.9728715197417974,0.07681628251495368,1.0,1.0,0.9,0.7,0.2,63,30125.00012697855,18777.696908505503
20,43,1.0524055185685115,1.469423751819577,1.379660140246752,1.1651210290027616,0.991863360343235,0.07381855300122143,1.0,1.0,0.9,0.7,0.2,65,30569.52412244576,18675.595787245467
20,44,1.05008910309043,1.5167003630960822,1.4901356855053167,1.1610919570449099,1.0417660601971477,0.07580465962760422,1.0,1.0,0.9,0.7,0.2,66,30572.635198343407,18731.622277300423
20,45,1.051067525792276,1.4940194076333648,1.441108826975576,1.2304188226924195,0.9719740104668666,0.07773950983619889,1.0,1.0,0.9,0.7,0.2,73,30125.06166590937,19538.83882029398
20,46,1.0515035644295991,1.491476291546198,1.4377515944055133,1.2424913664500745,0.9887787031568567,0.08019587754867663,1.0,1.0,0.9,0.7,0.2,75,29911.917120210128,20068.611272535592
20,47,1.0501082752967812,1.489557998814364,1.4356913146904893,1.2480517532672941,0.9768935754256935,0.07898613137400654,1.0,1.0,0.9,0.7,0.2,76,29755.08829653404,19717.461087301366
20,48,1.0508357844540623,1.4893079205086155,1.4351769882667822,1.2493430156603327,0.9831408672629742,0.08042228361802957,1.0,1.0,0.9,0.7,0.2,77,29828.13649316558,20042.580951259893
20,49,1.0835306418587103,1.5807766152985285,1.6024029466193905,1.340699850954015,1.0167939199522267,0.12193040815384348,1.0,1.0,0.9,0.7,0.2,90,2626.724754803396,11615.754461865014
20,50,1.083510919172327,1.5807186582337722,1.602335034222839,1.3474949343019025,1.01013733471006,0.12193040815384353,1.0,1.0,0.9,0.7,0.2,91,2626.8492507044225,11615.971748928838
20,51,1.0822232713962003,1.577128446434585,1.5981473034199163,1.3506954734827588,1.0338654888245753,0.1218176256677804,1.0,1.0,0.9,0.7,0.2,92,2645.6572489466403,11270.466311815291
20,52,1.0816816625143648,1.5653319022806065,1.5733274636236636,1.3506210655186812,1.0108803807132634,0.12130780016207979,1.0,1.0,0.9,0.7,0.2,93,2591.1849871013646,11758.2199428309
20,53,1.0709816358570492,1.5714976202301627,1.604080657697131,1.3596429229843927,1.0580703611882827,0.11243059679039409,1.0,1.0,0.9,0.7,0.2,94,2305.0820413609745,9840.92973292159
20,54,1.0684902755532073,1.564915914560362,1.5964652958299859,1.3658055023592073,1.0217165015860465,0.11182453931187712,1.0,1.0,0.9,0.7,0.2,96,2313.7065269814475,9879.307574343193
20,55,1.0671738097691699,1.5614587231800712,1.5924721430784452,1.3724559585667846,1.0112428022998996,0.11146025951964258,1.0,1.0,0.9,0.7,0.2,98,2336.1206362279745,8532.767963332888
20,56,1.029932309161364,1.4982811100148365,1.512676972735513,1.329005226658356,1.1185846691571186,0.07717976511082654,1.0,1.0,0.9,0.7,0.2,99,2557.3531494807235,25673.390876270016
20,57,1.0374882959280596,1.4961321359496613,1.5082334568775915,1.3462023245522339,1.073874165874367,0.08967906042327592,1.0,1.0,0.9,0.7,0.2,100,2673.912536054924,16341.965321483747
20,58,1.0264173148269218,1.480722259495636,1.4918134362257944,1.336103250369949,1.012264202721485,0.07911062586474983,1.0,1.0,0.9,0.7,0.2,101,2701.052408742072,26069.42921976956
20,59,1.0348658683950995,1.4778511787091688,1.4758344542361799,1.352310398905592,0.9938656668255119,0.08906620898072848,1.0,1.0,0.9,0.7,0.2,102,2613.060541922699,16184.641369704575
20,60,0.9985712665227522,1.4486565703456704,1.4692294603438345,1.322298978941502,1.077789934241842,0.053862684661405716,1.0,1.0,0.9,0.7,0.2,103,2223.693233875365,9488.93804005852
20,61,0.9938828521241019,1.442783259324816,1.4736025166437419,1.3234471537187993,1.0593553421200426,0.05275693734129775,1.0,1.0,0.9,0.7,0.2,104,2386.4925096527177,10546.782629976948
20,62,0.9896061811070513,1.4256652882964855,1.4536851508180046,1.3247750502210918,1.0037582444449955,0.05189874943130227,1.0,1.0,0.9,0.7,0.2,106,2438.03855612968,11334.9379196901
20,63,0.9855827710638574,1.405984919554241,1.4306597191883024,1.3301328226294993,1.0832599025338099,0.0517345137307925,1.0,1.0,0.9,0.7,0.2,107,2448.730803478003,10537.474074142006
20,64,1.0621657050435813,1.4331748607199988,1.4155478168894726,1.43715297886826,1.0415569988883433,0.14070596879253056,1.0,1.0,0.9,0.7,0.2,116,27944.174991021864,9623.314202375408
20,65,1.0610196847370297,1.4234760793282561,1.4040843876085063,1.4440140751863129,1.0632174736788236,0.14137829735373839,1.0,1.0,0.9,0.7,0.2,118,27939.992573750624,9817.424996916829
20,66,1.061334332829938,1.4195727292055123,1.3993168614518412,1.4518953020931713,1.0459971895148006,0.14264831698276245,1.0,1.0,0.9,0.7,0.2,120,27819.09585392264,9542.004422570535
20,67,1.0636603678644176,1.3898901058728692,1.3631879423583226,1.4564034914388373,1.2994796206011106,0.15149036173007957,1.0,1.0,0.9,0.7,0.2,121,27077.48318398333,10381.076811557728
20,68,1.052519941781329,1.388452346136424,1.3744533914735422,1.5075502509437,1.0262352736801132,0.13937300728950397,1.0,1.0,0.9,0.7,0.2,136,28606.56357985112,9400.634352982746
20,69,1.0686088499762147,1.4104611293482796,1.4084107106988342,1.5369396237478556,1.087020936740768,0.15820322901887252,1.0,1.0,0.9,0.7,0.2,137,27169.31136793423,9339.506116229426
20,70,1.0595858222971672,1.3910840162839306,1.4086503596001838,1.5521471111356526,1.2963896767642191,0.15319647069348136,1.0,1.0,0.9,0.7,0.2,138,28132.484158979525,10201.60040406715
20,71,1.0595754859649542,1.402196214921085,1.4327473839086224,1.563729555963281,1.0381983666723962,0.15319647069348136,1.0,1.0,0.9,0.7,0.2,140,28121.25808464887,10204.9927297436
20,72,1.0591854350701366,1.3637215440539057,1.365262090503254,1.5595769794494687,1.1007493812705902,0.15486975827325636,1.0,1.0,0.9,0.7,0.2,142,27405.50553326338,10467.185250153088
20,73,1.059316946456461,1.3625102325307556,1.3637943222586728,1.56727400503228,1.0448982302020442,0.155187913897384,1.0,1.0,0.9,0.7,0.2,144,27505.732855660677,10557.80477771744
20,74,1.0598067269970235,1.3724004964299656,1.386340870905302,1.5870814232217596,1.0438745547422736,0.15596118979472356,1.0,1.0,0.9,0.7,0.2,148,27549.82208999253,10447.44137445619
20,75,1.05950783257595,1.3830538255138374,1.409946750752846,1.5832332235065076,1.042082687125056,0.1556612415088941,1.0,1.0,0.9,0.7,0.2,149,27386.475294824708,11128.071523130382
20,76,1.0607915001908388,1.383608850881987,1.4103628349040276,1.5960041717785678,1.0443069417818132,0.15717968066393542,1.0,1.0,0.9,0.7,0.2,151,27421.786275414717,11079.20987043772
20,77,1.0598242591134228,1.3820454963971307,1.4086859183946179,1.6218206841012126,1.0451589702889645,0.15617928842126227,1.0,1.0,0.9,0.7,0.2,152,27264.876006802668,10760.10558182932
20,78,1.059687871696822,1.3860074656789656,1.424296866930455,1.6567453175120972,1.0963427698409718,0.15690079448424163,1.0,1.0,0.9,0.7,0.2,153,27062.8769411352,10423.765337400351
20,79,1.0595237783387537,1.381443033700249,1.4188981489779182,1.6604531518394674,1.0585215490172268,0.15724194873659897,1.0,1.0,0.9,0.7,0.2,155,26950.49980398031,10238.293302344717
20,80,1.0597588953392991,1.391040749071933,1.4411477417602687,1.6727593242478078,1.0490555366033998,0.1577186648465974,1.0,1.0,0.9,0.7,0.2,157,26944.891199697315,10413.64895972543
20,81,1.0597216891651182,1.4018520496737719,1.464892212149217,1.6925789092837122,1.0433179705828821,0.1577186648465974,1.0,1.0,0.9,0.7,0.2,159,26969.930847249718,10406.366782066263
20,82,0.9969450106251316,1.2724788959283386,1.2576132988603927,1.556227164652584,0.9814748475706838,0.08803437412633301,1.0,1.0,0.9,0.7,0.2,161,27876.426611054096,12024.089737956385
20,83,0.9968402173337887,1.278181725085713,1.2753185476484714,1.5766460254096426,0.9876162009561462,0.08839715114679839,1.0,1.0,0.9,0.7,0.2,165,27284.56952292028,11548.576222757118
20,84,0.9984409780472281,1.2892645007276196,1.299077144310761,1.5828380305559082,0.9945856690128818,0.09036987594931632,1.0,1.0,0.9,0.7,0.2,166,27160.146232366707,11118.551921670574
20,85,0.9971514392503593,1.2723567342910298,1.2683373030461411,1.5920526220966817,0.9974475476519811,0.08942668429957351,1.0,1.0,0.9,0.7,0.2,168,27184.88565748835,11433.64076938639
20,86,0.9980865764982965,1.2797842823802468,1.287879964810038,1.5976629444528387,0.9999255000735259,0.09097503618000452,1.0,1.0,0.9,0.7,0.2,170,27147.433562592487,11738.6833459086
20,87,1.0377695126224094,1.336905671101875,1.370070558901666,1.6579149352297597,1.0410326991045133,0.13559095816943928,1.0,1.0,0.9,0.7,0.2,172,27099.045550382743,11082.86770632803
20,88,0.9978471956114974,1.2634723227764757,1.2685620477277126,1.6051544083060512,1.0677145264445567,0.09235411022118109,1.0,1.0,0.9,0.7,0.2,173,27822.92644364609,12404.926278841978
20,89,0.9936611872468819,1.2490657701506689,1.2631806669227614,1.6307611087693314,1.0617806745529215,0.08968949183803378,1.0,1.0,0.9,0.7,0.2,175,27974.02695427041,14826.593949793512
20,90,0.9887930387439832,1.2448564138157583,1.2700271402597787,1.6343223795877606,1.0163423163947718,0.08518035466238735,1.0,1.0,0.9,0.7,0.2,177,27226.52800495228,14572.840206421684
20,91,0.9883183286102244,1.2188536648307526,1.2283941891937935,1.6362084341326413,1.0308401745612652,0.085798644229681,1.0,1.0,0.9,0.7,0.2,179,27234.239076355967,14442.246366548185
20,92,0.9886542034561889,1.2111692471407087,1.219242839063852,1.647700605207952,1.0079987550576135,0.08677744248398742,1.0,1.0,0.9,0.7,0.2,181,27246.366605400875,14420.79606527792
20,93,0.9873973578925253,1.2300001000592662,1.2636510152175175,1.6590050409430084,0.9856228711350596,0.08555155360454483,1.0,1.0,0.9,0.7,0.2,183,27280.75035079012,14496.10330121892
21,0,0.7459530327412136,0.9345832284393094,0.8744063570727512,0.006753005352424813,0.0,0.0,0.0,0.0,0.9,0.7,0.2,1,4560.242137953979,7480.451802248074
21,1,0.7666763199871935,0.9709460691267571,0.9096015235192919,0.05270225929521462,0.06699019031326614,0.0478822596139532,0.00010897207854047,5.2157758479159995e-05,0.9,0.7,0.2,3,4511.4389159510765,7396.605412535607
21,2,0.7072752550127511,0.9408013264996128,0.8771235740989023,0.03724680160682036,0.12181849202735133,0.01795858802447952,0.014880315170777638,0.00040875211274532996,0.9,0.7,0.2,4,4494.028646079183,7321.076955308953
21,3,0.4888361728357748,0.9133645411397998,0.8381670482647482,0.13119762222882841,1.1311976222288282,0.05866030132330811,0.09853048562512218,0.04716005550132788,0.9,0.7,0.2,5,3791.9496514523594,5047.438419805018
21,4,0.4445904862167139,0.895446675559732,0.8090307526567377,0.1805457512904541,0.40844504137045734,0.06833968600851091,0.14277603440521774,0.08668757099573969,0.9,0.7,0.2,7,3692.5985544649,2858.9641172527663
21,5,0.401565425802449,0.8561565816794919,0.7620689052610219,0.1851404170690869,0.33982945493793615,0.06614444726389196,0.15151060030359936,0.09352823481073812,0.9,0.7,0.2,9,3612.21899772548,8110.031453954385
21,6,0.3994558940247833,0.8539990243624751,0.7595053716701916,0.1907543070829329,0.1927837485541964,0.06632710092309688,0.15155494944236997,0.09361541903389739,0.9,0.7,0.2,11,3554.7460099558093,8148.404413805481
21,7,0.42349658101222865,0.8777947123670795,0.7822250799214526,0.22619292958544113,0.2365223726292076,0.045861947207475426,0.155153436125599,0.32350456358970064,0.9,0.7,0.2,13,3711.063597448472,8256.085674435019
21,8,0.42173353025700044,0.8758724036672069,0.7798334375562971,0.2329769867937556,0.22497631454772843,0.0467211503190708,0.15521028565537945,0.3235338801721261,0.9,0.7,0.2,15,3689.5474606080415,8266.45389454468
21,9,0.36969196341149413,0.8326139420597579,0.7457642509028769,0.20775071447173935,0.2609211119238761,0.06091678927126175,0.15687025150804806,0.09280628257235371,0.9,0.7,0.2,17,3598.140410505954,8051.771370279997
21,10,0.9303965087948144,1.3879864432542617,1.2965798398885662,0.863296372948353,0.7794794160460423,0.05789954280351154,0.8912469418747474,0.44597021864577135,0.9,0.7,0.2,30,4895.919788174138,22952.976470435467
21,11,0.7837262777551325,1.2377880654570959,1.1514942424596233,0.7459928184416597,0.9714073934904314,0.05316190638609147,0.7268302657495006,0.4660264570381548,0.9,0.7,0.2,31,4714.899136816574,5702.140735474455
21,12,0.778598657191236,1.2314997326605657,1.1446976744166761,0.7445653677440668,0.6568743172797609,0.05281640716589821,0.7230629418518265,0.46416235273075623,0.9,0.7,0.2,33,4647.736216740533,5714.308414136109
21,13,0.8271221651655295,1.2783606121774278,1.1908481217916016,0.8106233850644776,0.7264917744567804,0.051750885250356926,0.7971712006791267,0.4646241417010769,0.9,0.7,0.2,34,4834.104908142722,5822.0176063504605
21,14,0.7292589034406003,1.202513136915497,1.1408349441408785,0.7424916690884579,0.6013787151174901,0.04593077027004243,0.6596435800617195,0.4857478360098776,0.9,0.7,0.2,40,3415.1031168269087,6214.434507439851
21,15,0.8016556075568659,1.2529003159884364,1.1740178065469336,0.8143911432480344,0.8577972967921597,0.04011935655682243,0.7863425345703685,0.4991461203520989,0.9,0.7,0.2,41,3852.5784420930095,6200.019035909442
21,16,0.9529702293342524,1.3993983356817823,1.3188044269323458,0.9795124399250353,0.9126389370907374,0.04313473135068206,1.0,0.5202303639364481,0.9,0.7,0.2,42,4090.3561905223337,4723.26321507474
21,17,0.8168277444107402,1.2709922229846171,1.2022132481468062,0.8705857452420415,0.7222686727534603,0.03735192222842792,0.8500291015202837,0.4077115200022935,0.9,0.7,0.2,46,3950.746428176396,18027.22057581465
21,18,0.8033775058413701,1.232161109281409,1.1363922060283629,0.8607029547181015,0.7096216470879504,0.03949651506735087,0.812086545306307,0.477621960919491,0.9,0.7,0.2,50,4544.107023838196,8678.44223843633
21,19,0.8572641128960459,1.2737049341294455,1.1740557470026196,0.9322260580944075,0.8164732894146742,0.04163047280024264,0.867619775456433,0.5946634994282992,0.9,0.7,0.2,53,4559.006017979593,9414.292310534674
21,20,0.8572641128933216,1.2849092827899151,1.1982605125237522,0.9641594591903725,0.763735216894983,0.0416304728002426,0.8676197754564337,0.5946634994282997,0.9,0.7,0.2,55,4559.006017570688,9414.103302971012
21,21,0.8368378733585806,1.2571901502049423,1.1683721432290064,0.960868716277708,0.8379035578254904,0.03928039766683489,0.8484100181012554,0.5972095231890621,0.9,0.7,0.2,56,4406.6044056350775,8588.902524218169
21,22,0.9340170555556451,1.3365203403206771,1.2328188592270792,1.0745898545233872,0.9263731181147957,0.037281407252465745,1.0,0.5832898857075203,0.9,0.7,0.2,57,5254.923182945857,45502.63474893063
21,23,0.9331128391932106,1.3351028261745643,1.2312592527488257,1.0771929701955159,0.8553044926271487,0.036630951693311556,1.0,0.5832761160423401,0.9,0.7,0.2,58,5193.876989074646,45490.44523158761
21,24,0.9333125097260299,1.334714558896438,1.2307051602267434,1.0777804158409459,0.8570657720109217,0.03734112949601242,1.0,0.5829807024714478,0.9,0.7,0.2,59,5261.870661652885,45355.01242506808
21,25,0.9424058293406904,1.3770917315884506,1.3119906225772588,1.073492338656525,0.861461950331886,0.048723395838793274,0.919615609397915,0.8596499737384409,0.9,0.7,0.2,61,2769.266050908972,9717327.917799875
21,26,0.9383857418617095,1.3680050700329056,1.3015105760676975,1.0784995375884223,0.8868891264338178,0.046628364286679054,0.9210397061096212,0.8593393322513802,0.9,0.7,0.2,63,3000.175263054788,9712462.114788389
21,27,0.9360056534809907,1.363767053734338,1.2967686162961742,1.0867165358010331,0.8675303211643869,0.04509778080541852,0.9211268336810621,0.8594468696398486,0.9,0.7,0.2,65,3012.13404112539,9717415.503225092
21,33,0.6550244514294477,1.0477869399721023,0.982211088689197,0.8746188484036062,0.6143591072076608,0.05228903818807057,0.59639329835182,0.6657628612666757,0.9,0.7,0.2,76,3706.0583193733487,6174.397006530789
21,38,0.9842636832412972,1.3375108216596259,1.2841762291748038,1.246482256354672,1.1292176102607376,0.05038830214086628,1.0,1.0,0.9,0.7,0.2,84,6093.830709942389,7578.216584319021
21,55,1.8177707176336295,2.081726299898746,2.0538058172643416,2.3166692077992144,1.8127650844323917,1.0,1.0,1.0,0.9,0.7,0.2,135,3655.058325860528,8114.137080577586
21,56,1.8161008700357881,2.0742607802918624,2.056143447254246,2.3432933269497145,1.9283332730710048,1.0,1.0,1.0,0.9,0.7,0.2,136,3701.741769644264,6163.4129784971465
21,57,1.8157452833081553,2.0701456577293396,2.0513236355743376,2.325610859466681,1.8071854030458738,1.0,1.0,1.0,0.9,0.7,0.2,140,3711.162743072228,6615.808588712871
21,58,1.8154114275425044,2.06621192881197,2.046716222375238,2.3558333705890386,1.8054953442118047,1.0,1.0,1.0,0.9,0.7,0.2,145,3736.4933813758503,6919.184307177175
21,59,1.8153060345175642,2.064955850479321,2.0452449839641442,2.343593325996112,1.8043861349665564,1.0,1.0,1.0,0.9,0.7,0.2,147,3746.3085874204457,6797.4797412731805
21,60,1.8146608474429569,2.0571083955253386,2.0360536480374103,2.3624382940452433,1.8548146150874556,1.0,1.0,1.0,0.9,0.7,0.2,148,3918.883947413046,10181.60325104853
21,61,1.8137130423196048,2.045057258246166,2.021938696168599,2.36600132410777,1.8420853953160616,1.0,1.0,1.0,0.9,0.7,0.2,150,3911.765612180347,10125.383415268048
21,62,1.8132332434079035,2.0387001033909584,2.0144928072570067,2.3681862380122616,1.8221978237234397,1.0,1.0,1.0,0.9,0.7,0.2,152,3902.199221673706,9124.52999812502
21,63,1.8132332387602534,2.038699932426166,2.014492610409481,2.3681862224000327,1.8000017836251836,1.0,1.0,1.0,0.9,0.7,0.2,154,3902.2002035846,9124.52755491073
21,64,1.813152565372987,2.0376125963440033,2.0132190069147287,2.3765586497537656,1.8075948385313982,1.0,1.0,1.0,0.9,0.7,0.2,155,3967.5143937508574,9488.396012152609
21,65,1.8124209110426002,2.049915222833374,2.049791964972689,2.3764826453828163,1.8705758892692181,1.0,1.0,1.0,0.9,0.7,0.2,156,3189.783947350435,8128.787030970556
21,66,1.8123661846034251,2.0491407523220224,2.0488848259559473,2.3839600288609084,1.8027041090488993,1.0,1.0,1.0,0.9,0.7,0.2,158,3182.120152429173,8148.492744539018
21,67,1.8119922263631338,2.043783228610274,2.0426099829779383,2.3947963077506955,1.8062455311113002,1.0,1.0,1.0,0.9,0.7,0.2,164,3185.8451162819565,7898.98018154664
21,68,1.811743913049656,2.0625495210207623,2.08675350004744,2.5119337047401045,1.8011541656963745,1.0,1.0,1.0,0.9,0.7,0.2,186,2937.657606428306,9229.343504851937
21,69,1.811172092079652,2.0763564667219168,2.1250883746969036,2.543211782678501,1.8300366921947622,1.0,1.0,1.0,0.9,0.7,0.2,188,2900.769131030485,9057.210831892708
21,70,1.809813921308814,2.0544969083154285,2.0994852043493855,2.5437895707053304,1.8763405954724695,1.0,1.0,1.0,0.9,0.7,0.2,190,2972.424550097668,9226.656542687237
21,71,1.8091965745966363,2.021399663113876,2.0385565643335117,2.528594562255339,1.837323490546886,1.0,1.0,1.0,0.9,0.7,0.2,192,2975.72043062776,9337.305233223857
21,72,1.808778261824944,2.036285909551931,2.078155462564784,2.5744109922928295,1.8105360781741495,1.0,1.0,1.0,0.9,0.7,0.2,197,20615.404060129367,9178.073681233163
21,73,1.8087395503196364,2.0355663187390665,2.077312561457438,2.5743423900411155,1.8024836331371394,1.0,1.0,1.0,0.9,0.7,0.2,199,20626.10045170101,9165.426956065316
21,74,1.8086213363691905,2.0333687372925073,2.0747387144360494,2.5741328148900076,1.8152599063094141,1.0,1.0,1.0,0.9,0.7,0.2,200,20719.87169164581,9056.312414025868
22,0,0.686786299656946,0.9161533947410375,0.8528203198089895,0.005058472716347731,0.0,0.0,0.0,0.0,0.9,0.7,0.2,1,5385.398149823153,7846.471281465036
22,1,0.7216764174352194,0.963568609573218,0.8991831860867251,0.06144902219527227,0.07501896165963075,0.05940936062970211,0.00010335418196356001,9.71494271304e-05,0.9,0.7,0.2,3,5286.295364040516,7759.244978326453
22,2,0.6756920638876277,0.9376180200934597,0.871453651665037,0.047249521493596625,0.11055153395928016,0.03057059610278759,0.01418376659791722,0.0027745933461433897,0.9,0.7,0.2,4,5120.072973480526,7904.580393316921
22,3,0.5562846505198143,0.9295873893559903,0.8647224641171036,0.10038375158024482,0.5642961006840321,0.07232235200902717,0.024770870858601073,0.023283778824566483,0.9,0.7,0.2,5,4075.0924014199873,6014.096017921059
22,4,0.5560135653219453,0.9294245778248809,0.8645429448030438,0.10690801551896893,0.08736267111697557,0.07215701562033314,0.02485657340482515,0.02340273531374579,0.9,0.7,0.2,7,4071.097739633664,5928.951846799288
22,5,0.5742457568982682,0.9902003514855293,0.9480110596146669,0.17643149706870326,0.28120315781459904,0.11432216644543744,0.03265430969873426,0.09480737226218228,0.9,0.7,0.2,8,4524.003916179106,6881.533233034073
22,6,0.5536813819231179,1.0034044807670768,0.953479791461185,0.23238244019032683,0.36058831240268624,0.1012217854657412,0.10912958866485264,0.17795903832850962,0.9,0.7,0.2,10,3787.8949629931194,5941.28738774057
22,7,0.5407499596917773,1.0061120501905352,0.9677327334458873,0.2448178167981203,0.2322002099690364,0.1012217854657411,0.10912958866485141,0.17795903832850796,0.9,0.7,0.2,12,3864.724798222897,5157.596436087577
22,9,0.8258181005381602,1.2949539985378284,1.2381439858076326,0.5922825572245096,0.6087411099379507,0.07934448622376275,0.3763236318810741,1.0,0.9,0.7,0.2,15,3762.1467672602994,1132035.0098005435
22,10,0.7878471461638688,1.286931846168756,1.2509876048915398,0.6021830320827102,0.6410854002379283,0.08823096722493692,0.36426220814058136,1.0,0.9,0.7,0.2,17,4034.8694125619913,1192005.1558733962
22,11,0.7710752857506418,1.27073651614618,1.2293553070907486,0.6165670242724555,0.6551744731122351,0.0682729717538472,0.41213935404668556,1.0,0.9,0.7,0.2,19,4602.8536820882655,1134419.3786916158
22,12,1.0095378545854965,1.4742664255961468,1.3899081598951077,0.8654380309446101,0.9708480416051755,0.10300235510461997,0.7394262023899115,1.0,0.9,0.7,0.2,20,3159.2909031839376,2548131.4134863494
22,13,0.7390498712672628,1.260195000366371,1.2409029896329526,0.6189644280748163,0.5400215318674741,0.07048076037408793,0.3948623068541903,1.0,0.9,0.7,0.2,21,4848.868731605855,1193490.5247946226
22,14,1.0077944910757899,1.4720616689125714,1.3869467734999044,0.8728243730316116,0.8431822484161027,0.10306277222979368,0.7425101582675216,1.0,0.9,0.7,0.2,22,3097.0249109918086,2547265.7521818536
22,15,0.7308960826424344,1.251544414117369,1.2311107054563442,0.6222172881147995,0.5555685935275398,0.08149238980717974,0.3778697446567509,1.0,0.9,0.7,0.2,23,4552.939874441911,1192538.7231333903
22,16,0.7878892726184474,1.2970099756914923,1.2634203907453452,0.6884548344640775,0.6000763812521481,0.07561458433445173,0.4676781412239758,1.0,0.9,0.7,0.2,24,4535.834088681235,1192255.1592377236
22,17,0.7658368292927165,1.275589372758103,1.2417839806651745,0.669648784913652,0.5904587058833972,0.07970320036677375,0.43362099135253185,1.0,0.9,0.7,0.2,25,4021.57577806513,1191990.4008451567
22,18,0.7607894281306076,1.2773177739264152,1.2531383929200264,0.6688917649656801,0.7138592291793535,0.07451645081024225,0.4549034200536933,1.0,0.9,0.7,0.2,26,4303.790925914401,1131178.107057704
22,19,0.7311151829503562,1.2683547560549941,1.2688298791518433,0.6764978452407839,0.5894561945958903,0.07149944694797858,0.4251975874460257,1.0,0.9,0.7,0.2,28,4799.6045582836105,1189194.0864654826
22,20,0.727930479682994,1.2644869280618285,1.2644668170102782,0.6783899126092299,0.5811698875350861,0.0762748923397796,0.41766301415276647,1.0,0.9,0.7,0.2,29,4637.336874556,1188165.0258249522
22,21,0.752451967382026,1.2828004413003036,1.2789385958121808,0.7233417446945036,0.7584023058356892,0.07251068186661509,0.48071222551081105,1.0,0.9,0.7,0.2,30,4850.118867485258,1188646.577916571
22,22,0.747578769413088,1.2666728967545506,1.2497830756096908,0.7271856393299319,0.5981162216216184,0.07245657461415865,0.47397774782162144,1.0,0.9,0.7,0.2,31,4839.834109791355,1189003.5272047543
22,23,0.747205458117165,1.2734394529115385,1.267448086691872,0.7346818723956967,0.6905579520938442,0.07905739192681825,0.47668567251319116,1.0,0.9,0.7,0.2,32,4614.697165082174,1191512.9799846143
22,24,0.7463167822651295,1.272540854805851,1.2665446930084292,0.7425738424178878,0.6041566967620375,0.07904604314123939,0.47545685107339697,1.0,0.9,0.7,0.2,33,4612.393112609922,1191565.090522851
22,25,0.7271331035878754,1.2508340177115291,1.2519175966303657,0.7434395689831985,0.8470961224331481,0.07536045039008722,0.48256877695883604,1.0,0.9,0.7,0.2,34,4862.973157422063,1188463.4386066813
22,26,0.4004957664399909,0.8901164459051092,0.8520183497488182,0.39673195298379454,0.2814042610336285,0.05115413017879363,0.23833034437608158,0.3334992028917102,0.9,0.7,0.2,38,3888.876438036268,1069406.1321531958
22,27,0.7107515773533493,1.1904960832020461,1.1488006797441097,0.7488469878119519,0.7476792934517913,0.06977164233015942,0.48308625186286047,1.0,0.9,0.7,0.2,39,4005.320756855321,1295080.278277133
22,28,0.41996823609528633,0.9081431143593969,0.8784999830213236,0.44264824197014785,0.3515922244755706,0.05905275934006151,0.24946281167660977,0.4258147554886661,0.9,0.7,0.2,40,4138.381351234969,1067325.4023395458
22,29,0.36119411828294773,0.8213316014690967,0.7830886618994549,0.4078019150996704,0.45169688976546435,0.04082745020362577,0.28973631944086037,0.1838918448478024,0.9,0.7,0.2,42,3719.858096864617,5190289.826671192
22,30,0.38466432492415886,0.852764779136239,0.8266132185114443,0.4514298842824693,0.32041460537376093,0.04008232589743605,0.32601544186004205,0.18795440487296844,0.9,0.7,0.2,44,3710.398575205943,6531751.95652305
22,31,0.38258216165593323,0.8466747982263043,0.8194175249024821,0.4602946200027967,0.32479316308340184,0.040397722125183624,0.3261000859544432,0.18807480926298265,0.9,0.7,0.2,46,3679.140341238436,6533054.630226821
22,32,0.38135798336255194,0.8419988941047423,0.8138042457690104,0.4697442369523243,0.32215208245549193,0.04120534511140717,0.3261729223886243,0.1881715372559156,0.9,0.7,0.2,48,3640.721328654335,6536795.403135498
22,33,0.5076516111618509,0.9762926613481976,0.9602400486292249,0.5955102395630699,0.4661534828568128,0.05430536283957268,0.4527264094158814,0.32679563924608984,0.9,0.7,0.2,49,3677.1823853814217,1004966.1515621915
22,34,0.841018098484787,1.2616524667241682,1.2027525874275151,0.9335144345390856,0.8280271458781245,0.07601986130329481,0.7202194895909995,1.0,0.9,0.7,0.2,52,4707.054380459366,4416291.729716992
22,35,0.8388041724995636,1.2517691590382376,1.1909614127123067,0.9403777824417638,0.8125540865818195,0.07610955045779937,0.7218997880741241,1.0,0.9,0.7,0.2,54,4647.118798796999,4414824.1396077145
22,36,0.8341917930225717,1.2461712550041197,1.1954865398217362,0.9480392812149621,0.8830657307749625,0.07610955047387671,0.721899782591021,1.0,0.9,0.7,0.2,55,4525.334184568286,4417971.29272646
22,37,0.8341917960047471,1.2461712588278224,1.1954865436454387,0.9480392850337096,0.773828646827426,0.07610955045779934,0.7218997880741241,1.0,0.9,0.7,0.2,56,4525.334172421282,4417971.292659633
22,38,0.834329985023013,1.2415287734822325,1.1897098014428593,0.958723215328477,0.8216686697250022,0.0771900515248349,0.723340130598226,1.0,0.9,0.7,0.2,57,4547.819898279493,4418208.215718143
22,39,0.8231334296118851,1.2300208532381063,1.1781243940833173,0.9517406042444785,0.7665436772476075,0.07025682979409628,0.7164613663834356,1.0,0.9,0.7,0.2,59,4476.193743750468,4403896.037394228
22,40,0.84688227087603,1.2539892356460671,1.212535920308168,0.9943065005594647,0.8957212794343756,0.07126874265744444,0.7547264351517138,1.0,0.9,0.7,0.2,60,4365.185664332038,4660648.12314817
22,41,0.8464554425177953,1.2635266734440627,1.2347884135471818,1.0037482622143044,0.8040370515185342,0.0712687426064457,0.7547264293133636,1.0,0.9,0.7,0.2,61,4319.989181902084,4661943.279082424
22,42,0.8467030118179724,1.2466245742944533,1.2035235053861915,1.011465010972983,0.8504404984508194,0.07221989461518181,0.7567281500442877,1.0,0.9,0.7,0.2,62,4406.632313761535,4658822.656426191
22,43,0.8521142726179678,1.2585382955089914,1.2273738624413293,1.0143373647381084,0.8232397936698157,0.07424970192858664,0.7640058368347712,1.0,0.9,0.7,0.2,64,4361.888736060105,4662859.771875452
22,44,0.8517358042647925,1.2508276845056938,1.2180206558036917,1.0354730792739733,0.8704905319390819,0.07481574416530135,0.7659647608692401,1.0,0.9,0.7,0.2,65,4454.843851000974,4657597.089474649
22,45,0.7583787293391213,1.149951062216414,1.115481009561813,0.9583246330570447,0.7236469741972926,0.10848584937618504,0.5924374927074736,1.0,0.9,0.7,0.2,71,4153.253682200832,8917934.93706841
22,46,0.7582305408189245,1.1404030733345085,1.10388249371637,0.9699484664308335,0.7565862638214758,0.10769565749968082,0.596919474035136,1.0,0.9,0.7,0.2,73,4192.035746350557,8917818.500897942
22,47,0.7961036135401558,1.188868743319884,1.1652162780513204,1.0111328307082834,0.7582220438491374,0.11017943740162932,0.6480619112713254,1.0,0.9,0.7,0.2,74,4176.324662874351,8917614.610428382
22,48,0.7578460913879099,1.1334838147219122,1.0955545021193214,0.9773637082147668,0.7681045692578501,0.10790275124822446,0.598518721456531,1.0,0.9,0.7,0.2,75,4198.208262221192,8917451.286157165
22,49,0.7503808445980684,1.1239680126343654,1.0855994376057276,0.9769361409875861,0.7270405898068337,0.10770616190442368,0.58884198441787,1.0,0.9,0.7,0.2,76,4168.47955912581,8917710.011015719
22,50,0.769217373083346,1.132309547572452,1.0917116174202868,0.9971000192205612,0.8214062722815489,0.10208748400516847,0.6265790505610789,1.0,0.9,0.7,0.2,77,4200.612769971948,8935935.576196235
22,51,0.7713880606578543,1.1291172690268696,1.0873914203451354,1.0103005354982058,0.756909117726497,0.09989322363966652,0.6342485255555457,1.0,0.9,0.7,0.2,79,4039.886322037025,8945236.563143253
22,52,0.7723983612229466,1.1279671462889527,1.0857894343565142,1.0149700866445863,0.7537228228023285,0.10011689209345216,0.6360864718505015,1.0,0.9,0.7,0.2,80,4193.594022122483,8943622.939304827
22,53,0.7717745613231377,1.124709058312976,1.0819817506933096,1.025071443861674,0.7465270044411352,0.0999974755852602,0.6361711159449027,1.0,0.9,0.7,0.2,82,4173.495177071993,8945143.463651437
22,54,0.7729303476387954,1.120870193997034,1.0771051972338965,1.033672558407863,0.7586945275232926,0.09983682476788616,0.6395492783395769,1.0,0.9,0.7,0.2,84,4193.941991814977,8945007.202777369
22,55,0.7642750596399741,1.1315581055649937,1.1131603022988918,1.0891876515486298,0.7321047689063811,0.10219113117062968,0.6250665185940074,1.0,0.9,0.7,0.2,94,4164.160300228791,8929301.252755214
22,56,0.980619511137349,1.3277486560481517,1.315980041870685,1.3043207116738325,1.2116728509591153,0.14593469987223268,0.8862393478518282,1.0,0.9,0.7,0.2,95,4357.070844331711,46751089.34000681
22,57,1.0015649325606788,1.3375246821723907,1.3343204722110098,1.3513971037237333,1.0364471321292934,0.14744345413080803,0.9192634126402324,1.0,0.9,0.7,0.2,98,4284.297670107716,1269819057.3082354
22,58,1.0020705346969874,1.3331092262741755,1.3289396701990912,1.3592411508761975,0.9970901255510112,0.14743308709156036,0.9210218777617636,1.0,0.9,0.7,0.2,100,4269.205705474894,1269817056.578743
22,59,1.003037816089456,1.3303269163211133,1.3254240752052147,1.3674874896085711,0.9938541585152509,0.14663731836671523,0.9241866680549192,1.0,0.9,0.7,0.2,102,4293.79164073718,1269815361.4396462
22,60,1.0543746995378371,1.3866398906243897,1.3935239208197483,1.4526405248878238,1.0476004243525836,0.14566615715260964,1.0,1.0,0.9,0.7,0.2,105,4341.091473895596,37084535.30441598
22,61,1.0217008847807474,1.3417406417808602,1.3462572694990358,1.4312814129106746,1.0965671239813268,0.1437009161089697,0.9581330976379923,1.0,0.9,0.7,0.2,106,4400.619910699281,1269738717.844318
22,62,1.0489347978339434,1.3796580616701333,1.4187843666875548,1.4657437811204062,1.0896858495927306,0.1444158693611142,1.0,1.0,0.9,0.7,0.2,109,4263.253350545138,1270610997.1393418
22,63,1.0447961024002654,1.343463863556565,1.3656439290263982,1.4767860190745374,1.0816675909376763,0.14224944808069626,1.0,1.0,0.9,0.7,0.2,112,4311.472118649299,1270533118.4436357
22,64,1.0427444892650226,1.3344697713521323,1.3553446347000888,1.4820481153684912,1.0533902666846278,0.1407242784067829,1.0,1.0,0.9,0.7,0.2,114,4267.033600366161,1271086086.0561604
22,65,1.0422261864787776,1.3323545350216768,1.36383581525421,1.5003256244657819,1.0759937206186987,0.1414574608358467,1.0,1.0,0.9,0.7,0.2,116,4332.150453927162,1270496773.2086818
22,66,1.045122725074093,1.3426524288924766,1.3864251986783094,1.5110561918671843,1.045051372803752,0.14505038153873678,1.0,1.0,0.9,0.7,0.2,118,4237.821819294255,1270618309.2006445
22,67,1.0427853849253812,1.3507015140641965,1.4073225513338394,1.5198662617328833,1.0344525670502793,0.14253213983760354,1.0,1.0,0.9,0.7,0.2,119,4294.02963833101,1270986080.0993571
22,68,1.0442058058229133,1.3384954392546822,1.3816653888367134,1.5249672005942239,1.0482270821573627,0.1443424187789856,1.0,1.0,0.9,0.7,0.2,120,4274.022301138607,1270694556.2005112
22,69,1.0435603119276056,1.3421311452327833,1.397015975240231,1.5396341961340279,1.0560639800212361,0.1442745679606991,1.0,1.0,0.9,0.7,0.2,122,4275.508990171486,1270597318.026779
22,70,0.9738765843880344,1.1966398682259805,1.1828663974311193,1.431816200886733,1.1108742759825185,0.14218271666267107,0.905368939726778,1.0,0.9,0.7,0.2,123,4036.081407493125,1270000731.6089275
22,71,0.9715044121467371,1.174852650530776,1.146569663993772,1.4288002595166909,1.0214250809681928,0.14201431563677025,0.9030547202186696,1.0,0.9,0.7,0.2,124,4128.796647369032,1270028646.1854997
22,72,0.9744889903229761,1.1864301707988316,1.1706685968354809,1.443300506150559,0.9826518682874947,0.14115305297745614,0.9086913401338768,1.0,0.9,0.7,0.2,125,4119.052790746167,1269975898.803911
22,73,0.9733934033596543,1.1721533787802694,1.1430287946124955,1.4342571449861163,0.9769821607683575,0.14249885406330903,0.9055952098976221,1.0,0.9,0.7,0.2,126,4101.224453689674,1270049259.0359883
22,74,0.9725423550148224,1.1697000079096707,1.1402818309192564,1.4407480931010415,0.9674495222072763,0.14152979841232272,0.9057860043076232,1.0,0.9,0.7,0.2,128,4060.4315654064135,1270059631.7286625
22,75,1.0586368909164725,1.2749698746107905,1.2709607969136425,1.545863595872521,1.0598372961448397,0.17119637922825567,0.9909543083455178,1.0,0.9,0.7,0.2,130,4096.6090262893085,1564119389.363789
22,76,0.9943071339157046,1.2148158473473425,1.2225232066756513,1.5047533968588847,1.0361100765846847,0.17338613514062814,0.8969112690044009,1.0,0.9,0.7,0.2,131,4103.747001393266,1270412532.1890836
22,77,1.0381572417958362,1.2458914501634235,1.2622376291742785,1.5670771008362852,1.1181756779329157,0.14358327482001854,1.0,1.0,0.9,0.7,0.2,133,4206.619759150242,1270037705.958496
22,78,1.0384391516248819,1.2563076295038769,1.2854603513814455,1.5752674001331795,1.033545974861805,0.1439662119278287,1.0,1.0,0.9,0.7,0.2,135,4101.987676318076,1270064263.1343324
22,79,1.0371733924802116,1.2512435778773767,1.2797083960687103,1.5815009463309173,1.0565594356334422,0.14280261879468073,1.0,1.0,0.9,0.7,0.2,136,4107.209573070142,1270218829.6821215
22,80,1.037027523714849,1.2493256055080255,1.277469725937488,1.593079209061981,1.0415342700567898,0.1427521799125788,1.0,1.0,0.9,0.7,0.2,137,4142.909476578874,1270413901.6733592
22,81,1.0368229888982,1.2434402940027267,1.2705573812723336,1.5923158717329489,1.070455665718347,0.14287658264711237,1.0,1.0,0.9,0.7,0.2,138,4169.497472619293,1270217775.4799955
22,82,1.0364003200617475,1.241400966365297,1.268225898212978,1.5803552327045183,1.0402369725805116,0.14250590275851688,1.0,1.0,0.9,0.7,0.2,139,4146.542465669934,1268586729.2042224
22,83,1.035699894364192,1.2388222033309149,1.2653068650466865,1.598728891515707,1.0325849821230897,0.1418485258165712,1.0,1.0,0.9,0.7,0.2,142,4156.017175985184,1268953872.559139
22,84,1.0354370384829163,1.2783256702832066,1.355902461357554,1.5445669853016821,1.0639277402153504,0.14184852581657112,1.0,1.0,0.9,0.7,0.2,143,4246.618745957631,1268910981.4744484
22,85,1.0333967903182997,1.2140648647903156,1.2255219634497758,1.599189767166779,1.0717566751779235,0.13994101987712865,1.0,1.0,0.9,0.7,0.2,144,4216.56143274659,1268875358.1041589
22,86,1.0317565972108458,1.200283170253277,1.2095582122840816,1.6013400991158802,1.113541059875648,0.13878486059473485,1.0,1.0,0.9,0.7,0.2,145,4192.970791351828,1269149852.393088
22,87,1.0306910735719146,1.2221267515700078,1.2684842539462489,1.6746350383456547,1.0355237906596888,0.13815866357132028,1.0,1.0,0.9,0.7,0.2,152,4292.547592065859,1269084176.1456344
22,88,1.0298048845509575,1.2307861858119604,1.2898474562456606,1.681458436172756,1.029581456937468,0.13725775409885438,1.0,1.0,0.9,0.7,0.2,154,4285.120177828045,1269094993.399436
22,89,1.0305610849615043,1.2182841821913044,1.2639770996693904,1.686009553553278,1.0393732108861389,0.13820087411366233,1.0,1.0,0.9,0.7,0.2,155,4285.864671308844,1269106819.4723573
22,90,1.0289615264055756,1.2275502487881187,1.2861833130527462,1.688289954557236,1.0252642238343168,0.13644044639969113,1.0,1.0,0.9,0.7,0.2,156,4291.952336553748,1269088325.1900706
22,91,1.0293615802710925,1.165397619757265,1.1908747788926959,1.658686966239033,1.170728573368305,0.1387003129340243,1.0,1.0,0.9,0.7,0.2,158,3987.9694344624822,1269144482.3994184
22,92,1.0286112167214032,1.1627149246388004,1.1988618737186685,1.6693828077227602,1.0724265017305648,0.13839229017416882,1.0,1.0,0.9,0.7,0.2,160,4067.141788345991,1269499214.726447
22,93,1.0285112731465322,1.160366603904872,1.1961155215858368,1.6730337896813763,1.0403065421195088,0.1383648032463005,1.0,1.0,0.9,0.7,0.2,161,4103.52072487782,1269499203.1269398
22,94,1.028578980828643,1.1541440760973214,1.1887793879698154,1.680519207788838,1.0476409771842998,0.13867718532972367,1.0,1.0,0.9,0.7,0.2,163,4067.890021983844,1269499849.200621
22,95,1.0273621118482188,1.1399776082952415,1.1613037658798302,1.6785303497814423,1.035792989967606,0.13738698975824476,1.0,1.0,0.9,0.7,0.2,164,3923.592176300896,1269168730.6596236
22,96,1.0284023813499004,1.159721802462187,1.206394026391749,1.7000913581357018,1.05147455499753,0.13867718532972367,1.0,1.0,0.9,0.7,0.2,165,4104.4456711624025,1269482177.3236628
22,97,1.0267102784392086,1.1313306400196022,1.1512433485082012,1.6967473431353264,1.030989715016854,0.13694998867604416,1.0,1.0,0.9,0.7,0.2,169,3935.4894842109143,1269162501.2375474
22,98,1.0269923141650115,1.1584643932682297,1.2161845838411718,1.7646546155297325,1.0286200291471903,0.13749823407479628,1.0,1.0,0.9,0.7,0.2,179,4407.751183548582,1268867123.8708243
22,99,1.0273776393222447,1.148685612208014,1.2046128454963883,1.7839901945712584,1.060994836928998,0.1382653662872905,1.0,1.0,0.9,0.7,0.2,181,4418.126432377369,1268972379.9994545
22,100,1.0253809557729046,1.138088103011959,1.1925002193364476,1.7931930048967575,1.0432937214268034,0.1363213065572402,1.0,1.0,0.9,0.7,0.2,184,4330.334161686746,1268981805.3764007
22,101,1.030383784034545,1.1924482864111023,1.3106902592549285,1.814560998643928,1.0374368289971427,0.14208496177510227,1.0,1.0,0.9,0.7,0.2,189,4337.517071158325,1269632970.5837607
22,102,1.0300537345735803,1.1989801043713666,1.329458735704428,1.8506137275577323,1.031561168517958,0.14184858053575564,1.0,1.0,0.9,0.7,0.2,197,4291.469993448263,1269739867.4527044
22,103,1.034768498910173,1.2071826673550252,1.3493056575272895,1.8727388543961283,1.087886459893388,0.1473121561390398,1.0,1.0,0.9,0.7,0.2,198,4273.370722527894,1269885595.393888
23,0,0.863533444071922,0.9672426328065196,0.9126589494562481,0.009755954771016385,0.0,0.0,0.0,0.0,0.9,0.7,0.2,1,2901.76782291691,7282.54215610486
23,1,0.8853173913810525,1.0059358184355232,0.9503244012735755,0.05729416541438181,0.06565156910273508,0.049552886283390066,0.00010951626075884999,9.980891620816e-05,0.9,0.7,0.2,3,2917.810054968196,7081.3110484834615
23,2,0.8252606406906394,0.9795514527805675,0.9217740397045785,0.04471142357824083,0.11929213602056254,0.02249569119062158,0.01486241837744479,0.0015383683566194,0.9,0.7,0.2,4,2885.783276614565,7129.751453895372
23,3,0.5920752047151309,0.9757505096756053,0.9092152644955619,0.1476531747345054,1.03036597396167,0.06070964506409211,0.10015612409869298,0.09127844695056642,0.9,0.7,0.2,5,2526.4911586319804,4759.167487541356
23,4,0.5288115392172638,0.9717550077678875,0.8900061232730204,0.23207527320133448,0.5380765148407427,0.08952250538767217,0.16449223546866446,0.16064090125235989,0.9,0.7,0.2,7,3193.7327261341243,2589.346187250356
23,5,0.5136220907671868,0.9665931822771027,0.8776462991191714,0.26708098316797113,0.4114776193975082,0.10936507244109597,0.1743898689090888,0.22104928314142755,0.9,0.7,0.2,9,2734.268182769158,5110.3780297754
23,6,0.5069342914511104,0.9605859926890594,0.8705916360206551,0.2757517959583522,0.2861908114955738,0.1093599245558863,0.1744966877754041,0.2212482360831848,0.9,0.7,0.2,11,2718.5656559888475,5166.645237218871
23,7,0.5040628041489098,0.9584983859654241,0.8665251290430382,0.2854558629719393,0.3549765531618721,0.1093351220170399,0.18250892428280296,0.2406531185423934,0.9,0.7,0.2,12,2762.849886336116,5099.779348857142
23,8,0.5019459766857788,0.9564735935932843,0.8640452464748383,0.29443312083095363,0.284200409575983,0.10996297199349163,0.18259652622515496,0.24068289903735982,0.9,0.7,0.2,14,2725.2532532200894,5037.843900801747
23,9,0.46617109784164457,0.9324558569317872,0.8527530539092151,0.2592475752842466,0.25603943324541334,0.11253644563628004,0.1506851934475754,0.172715141369842,0.9,0.7,0.2,15,2353.455599492722,4524.796539158163
23,10,0.43836533905306796,0.9039185405065335,0.8210365774886595,0.2522900107943354,0.2949727944706168,0.09920634183763528,0.1550253147797165,0.1676420973301241,0.9,0.7,0.2,17,2613.3983368940458,3824.856772645616
23,11,0.4232872205737425,0.8991502102262685,0.8276697535612483,0.26153520115721796,0.28877052061870206,0.07512093910375056,0.1879864324279928,0.12748616877582614,0.9,0.7,0.2,18,2503.543982144697,2769.9429507547707
23,12,0.4198155732371272,0.8827800644117857,0.795892355322741,0.2589939663936453,0.3323786181250058,0.094974480317878,0.16291678806275073,0.1703248230104481,0.9,0.7,0.2,19,2471.6783245902247,3850.355099699008
23,13,0.4576094066986117,0.9200581664203026,0.8326947058723381,0.3046891416031746,0.2924193994013454,0.10344039838816546,0.20004486500452537,0.20256046703098063,0.9,0.7,0.2,20,2416.67366998456,4149.332158412556
23,14,0.571567632858437,1.0337355703989615,0.9460818733873798,0.4304764697064092,0.400864660216731,0.057579299151310936,0.4254548943879792,0.1968612006028076,0.9,0.7,0.2,21,2298.38658948412,3532.220826201145
23,15,0.43883804606796484,0.8971321588320007,0.806231250568811,0.3084455518662045,0.4037697255322448,0.09878528313977022,0.20795596794587765,0.18446941873865214,0.9,0.7,0.2,22,2433.4320062811803,4062.233070334245
23,16,0.5948402198703824,1.050006727364818,0.9570270068074629,0.4802674780791407,0.5211545191587132,0.08048072247959401,0.45052402309726014,0.24291709278513984,0.9,0.7,0.2,23,2203.2406280868936,2583.566128793494
23,17,0.734469740606984,1.1864580829309281,1.091631081465269,0.6339362374465077,0.6212906287248031,0.07453707197963541,0.6574789893683817,0.28151217909892634,0.9,0.7,0.2,25,2084.3643380694584,2815.540590287409
23,18,0.7358144942691023,1.1871768647031407,1.0920089442192191,0.6446188524001595,0.5932822503731879,0.0741230979492252,0.6614460002012847,0.28303714859410734,0.9,0.7,0.2,27,2104.2032554754,2806.170907829064
23,19,0.4428126478582994,0.900429127211839,0.81576297979238,0.3556132305446092,0.4048774629917822,0.09246941686176777,0.2597849659977558,0.18948428917377863,0.9,0.7,0.2,28,2855.7271054637413,3321.7522601600417
23,20,0.4417701691866702,0.8985835067096828,0.8135392903203775,0.36627659693980175,0.3110376138288798,0.09279501104242624,0.25985968218663896,0.18956613838768505,0.9,0.7,0.2,30,2848.4581529154484,3403.4321901293742
23,21,0.4659777062543373,0.9078068832060965,0.8080618689900781,0.3966389250328036,0.40302851224225755,0.07600890831741287,0.3156933938589623,0.22146813728874126,0.9,0.7,0.2,31,2928.476667304073,3435.8952881007995
23,22,0.4445326622778128,0.894801381115801,0.8068833303979125,0.3944451620045946,0.36418956994099766,0.08734938194105972,0.282819547314506,0.1987082692577074,0.9,0.7,0.2,32,2841.456639674728,3410.282264431451
23,23,0.4452601514646406,0.8952897707260586,0.8072725844499901,0.40353152466987474,0.32143877153267564,0.08757579777443833,0.2837558696434055,0.1997469422016995,0.9,0.7,0.2,33,2840.1418312045,3596.5789245042315
23,24,0.4722740512022908,0.9258152803596212,0.8477804203482234,0.43673969062430096,0.4774305672744974,0.052315500130274105,0.40265092514585926,0.12701006570858442,0.9,0.7,0.2,34,2621.3175625348617,25664.760818467632
23,25,0.4930922980588621,0.930492364928694,0.8376611608360269,0.4680991936676391,0.4173293983333193,0.049818989930082706,0.44343806721076306,0.12732544871180126,0.9,0.7,0.2,36,2650.1353672799187,26323.69412647141
23,26,0.49283028760027686,0.9506133137750813,0.8830721128064601,0.4748432922663947,0.41157425035843775,0.0661170649926186,0.4157676066332881,0.16015309019158813,0.9,0.7,0.2,37,2519.366500032581,26888.565108021307
23,27,0.49813662299285805,0.9497369944323812,0.8801042527492875,0.49869182033563336,0.47920291720598435,0.06571650487250195,0.4279693292839177,0.1759331894311436,0.9,0.7,0.2,38,2446.402082703399,18268.65506780285
23,28,0.5018104972853206,0.9528546258677909,0.8830388834505721,0.5090525372061456,0.40182729701127207,0.06733855527777123,0.43052325990226575,0.18062515757107508,0.9,0.7,0.2,40,2441.601516627132,18408.149345047023
23,29,0.506339324407159,0.9207120536955333,0.820441833747382,0.5292094131266348,0.5051905672681027,0.07019765307764883,0.4457979681258033,0.19565221829536447,0.9,0.7,0.2,42,2861.1881490026303,11158.917376609768
23,30,0.5200837899639676,0.9273361950800953,0.8249838443938475,0.5531423989826143,0.4755950520475532,0.07058225511506785,0.46870825707145614,0.20764530128938002,0.9,0.7,0.2,44,2909.0541975041087,10989.696215846594
23,31,0.49177334599166755,0.9087469900929583,0.8189710901062948,0.5335136169596203,0.42312678282473043,0.06931871230198396,0.4366593588323813,0.18891588984104116,0.9,0.7,0.2,45,2970.396951588559,16995.731371783215
23,32,0.4898689523075416,0.9068194159532625,0.8170369049614694,0.5380813596852094,0.40407673046516157,0.06942354229452212,0.4338519798295655,0.1888244460778889,0.9,0.7,0.2,47,2936.479442925435,16696.35830028644
23,33,0.49244645647645563,0.9089713376198852,0.8190676423537872,0.5505665100754071,0.41174271267330276,0.07059399084616104,0.4369435293966978,0.18703301918258264,0.9,0.7,0.2,48,2933.951653741462,16904.763734035958
23,34,0.5267290056310145,0.9372307113122313,0.8456389114615633,0.5925900321562062,0.5137760788550805,0.07028946912748156,0.46913995680604287,0.2663010343838656,0.9,0.7,0.2,49,2977.598298796601,17124.338759341226
23,35,0.528735345374705,0.9382428353117357,0.8463768717444232,0.6016870975425065,0.4531191079225615,0.07031831418715948,0.4719483999000251,0.26940601755849614,0.9,0.7,0.2,51,2996.387449941721,17104.862197604965
23,36,0.522616842490511,0.9285829521511016,0.8357494646844433,0.603791859793909,0.4632597253584777,0.0728658612991139,0.4622477242207975,0.2718435173419814,0.9,0.7,0.2,53,3014.2380813832474,16681.919313983475
23,37,0.8629552365880926,1.2534255342640745,1.1565090585877889,0.9460066462714505,0.9590374664206684,0.0730181188736272,0.7521269600551648,1.0,0.9,0.7,0.2,54,4048.993978082393,7790.983180144249
23,38,0.8681820582423232,1.269309966753262,1.1852440398773634,0.9548517278530146,0.8047124812789728,0.0719700290547684,0.7614110677259974,1.0,0.9,0.7,0.2,55,4088.396909989247,8556.997507696336
23,39,0.8551776585912259,1.2327657200675024,1.142901517809976,0.9557469859422245,0.912811920076914,0.0679199238428746,0.762779684455228,1.0,0.9,0.7,0.2,57,4297.850399855328,10019.309827829453
23,40,0.846525947468671,1.2226606043660038,1.132451439929747,0.9566219225118093,0.7939254712784616,0.06892611440809487,0.7499282014667619,1.0,0.9,0.7,0.2,59,4236.458073576373,9012.113046646651
23,41,0.8539624514839157,1.2402661943168858,1.1628111782962565,0.9701226162631933,0.8048652572044102,0.06799966635312252,0.7623184877194201,1.0,0.9,0.7,0.2,60,4256.717540060554,10094.891214017807
23,42,1.0247108497560944,1.4006964346383926,1.320818368861404,1.1477977390100964,1.0188239231499268,0.07711249315030297,1.0,1.0,0.9,0.7,0.2,62,4306.517842850912,9080.856975390378
23,43,1.0215186998600279,1.3975211571149344,1.317628652839214,1.1481298497956547,0.9690293283897611,0.0736788175709251,1.0,1.0,0.9,0.7,0.2,63,4324.223136790902,8422.030167801544
23,44,1.0228840364534555,1.3935410815482887,1.3124332800936138,1.1539531263700074,1.0168515836039964,0.07714102770760586,1.0,1.0,0.9,0.7,0.2,64,4394.802223071406,9208.079483735488
23,45,1.0153785657953658,1.3700070364506736,1.2852766122997639,1.15301868431369,1.1147681759399055,0.07449556857988748,1.0,1.0,0.9,0.7,0.2,65,4579.849579823477,9486.583641167335
23,46,1.0151901143960291,1.364751477948645,1.2788974390739858,1.1605132677645584,0.9912646374705825,0.07594618785875508,1.0,1.0,0.9,0.7,0.2,67,4758.278454042921,8808.898730355662
23,47,1.0143925867294572,1.374698399670813,1.301743378268468,1.1754324298113372,0.9690837303637354,0.07520897091637813,1.0,1.0,0.9,0.7,0.2,70,4572.028429240609,9458.222195486953
23,48,1.011860766080024,1.3516195242305893,1.2636181679486145,1.1723473426528492,1.051142014971877,0.07528685917583157,1.0,1.0,0.9,0.7,0.2,71,4613.687398406064,8933.682521216699
23,49,1.0095101419818484,1.3374639861598896,1.2469187341408026,1.1750753017730506,1.0722032370568346,0.07606323467705765,1.0,1.0,0.9,0.7,0.2,72,4597.880725598819,8838.997357471622
23,50,1.0068383920867678,1.327164746540004,1.2349979760911889,1.180166985869526,1.000693196931524,0.07514023856523379,1.0,1.0,0.9,0.7,0.2,74,6717.70863261531,8763.41443369944
23,51,1.0041730384210266,1.3279436949197645,1.2471442905413657,1.198490876303522,0.9800649200664582,0.07415399809814063,1.0,1.0,0.9,0.7,0.2,79,4643.567072681705,9185.077139179011
23,52,1.0032058365787129,1.3257875359803422,1.2447392296964044,1.2045161083482252,0.9710972799101498,0.07337217358719117,1.0,1.0,0.9,0.7,0.2,81,4536.512284986569,9678.000463122053
23,53,1.0018813279743142,1.301129900127288,1.2152654656749677,1.2328577931950275,1.0022376716501282,0.07722260547851514,1.0,1.0,0.9,0.7,0.2,87,5591.045805002366,208971675.350408
23,54,0.9988995888146535,1.3025931765879186,1.228355957383544,1.2406999676597077,0.9957844920579533,0.07530873715821444,1.0,1.0,0.9,0.7,0.2,89,5710.406174460857,208945559.28627244
23,55,0.99855045286052,1.2996813280616109,1.224925762982624,1.2474748889477107,0.9784614594492316,0.07543603742011513,1.0,1.0,0.9,0.7,0.2,91,5695.395788278201,208927797.9199001
23,56,0.9949328200034204,1.2716037126767088,1.1811861623810662,1.2410946458470378,1.0208366686266033,0.07395521739304942,1.0,1.0,0.9,0.7,0.2,93,5646.78809352149,208964084.4221044
23,57,0.9967864743871413,1.3056526327352211,1.253953995121444,1.3207939768467514,0.9696060360627574,0.07627378418895064,1.0,1.0,0.9,0.7,0.2,105,4843.740325199455,16193.303725465676
23,58,0.9957286880734171,1.2993426179589573,1.2465960252771136,1.3236669476775547,1.0120078964701642,0.07606154654737698,1.0,1.0,0.9,0.7,0.2,106,4807.019313813634,15830.964391852374
23,59,0.9945850319173046,1.2944831308272355,1.2410033446031525,1.3262727161483543,0.9969646934099017,0.07541911678003907,1.0,1.0,0.9,0.7,0.2,107,4776.847067096368,16302.51246871475
23,60,0.9945313674019469,1.288287361618281,1.2335950790045056,1.3482418954882105,1.0182317059905082,0.07640177873001013,1.0,1.0,0.9,0.7,0.2,108,4812.735594655011,16036.660508346216
23,61,0.9925834125821298,1.2823402234887564,1.22685595075641,1.335396793685497,0.9787298571571839,0.07493228930281105,1.0,1.0,0.9,0.7,0.2,111,4159.620114543662,17074.51596923294
23,62,0.9915568642653156,1.2721539468713081,1.2148824977940365,1.3492736187054801,1.0391367530088342,0.07520903641952124,1.0,1.0,0.9,0.7,0.2,112,4733.3462290962925,16104.06857645126
23,63,0.990620674027761,1.2666452676348638,1.2084834970635943,1.3517271234974622,0.9855313597634268,0.07486461217818734,1.0,1.0,0.9,0.7,0.2,114,4146.701430646519,16910.37402868414
23,64,0.9880278283614401,1.2413898989060783,1.1788552401370995,1.3603592022345836,1.0270494809520994,0.07517393888886853,1.0,1.0,0.9,0.7,0.2,117,4436.107032456217,17581.74883231959
23,65,0.9880250383849638,1.2525680899532505,1.2030297567550334,1.3865154295848179,0.9677495091163217,0.07517393888886857,1.0,1.0,0.9,0.7,0.2,119,4435.807657304106,17582.840396159463
23,66,0.9858941424643157,1.2421982714238364,1.2019553064328343,1.3736912609867906,1.1188370144854098,0.07524124168229342,1.0,1.0,0.9,0.7,0.2,120,4196.887005988468,17115.333990306324
23,67,0.9858941425160583,1.2421982715302797,1.2019553065392776,1.3732952735099433,0.967719476029191,0.07524124180056374,1.0,1.0,0.9,0.7,0.2,121,4196.8870071563815,17115.333986195554
23,68,0.9862430306908363,1.241390149405731,1.2009280329412821,1.3813077051447828,0.9771050014182954,0.0757653754831171,1.0,1.0,0.9,0.7,0.2,122,4256.49073727983,17125.63138918295
23,69,0.9814123812085898,1.2336006541112408,1.2034630530016808,1.3990710327128062,1.0751116899134665,0.07202295905192242,1.0,1.0,0.9,0.7,0.2,123,4563.850172402663,17825.418608013133
23,70,0.9806242492576245,1.226248744137079,1.1948791898310807,1.405631401022705,0.9896560463521404,0.07184696421568733,1.0,1.0,0.9,0.7,0.2,125,4535.835736529822,17797.52814438789
23,71,0.9796449056856038,1.2039637601200819,1.1577060775646923,1.411521270633392,1.0407147522785127,0.07178211510415114,1.0,1.0,0.9,0.7,0.2,126,4522.124536518944,17649.69740167074
23,72,0.9797452004390119,1.2021398529265857,1.15552303873541,1.41892815934561,0.9722078941441084,0.07208504183806455,1.0,1.0,0.9,0.7,0.2,128,4579.453310467943,17819.520580544355
23,73,0.9748775979766031,1.182615690715551,1.1551389913498242,1.4252776465871009,1.2427738888507815,0.07000669886912889,1.0,1.0,0.9,0.7,0.2,129,4747.235438869533,29931.297936001305
23,74,0.9722861123776441,1.14585096619467,1.1011680053210162,1.4437937779240189,0.9905912600089914,0.06889321198058604,1.0,1.0,0.9,0.7,0.2,135,4413.177035014863,15715.185448834492
23,75,0.9703472507182789,1.1221780480953503,1.0625765891726269,1.4326125886031604,0.9999169495954814,0.06748358324392674,1.0,1.0,0.9,0.7,0.2,137,4428.569714774164,23477.3097640798
23,76,0.9701790368772611,1.1304549666088286,1.0833525332500817,1.4596838577949616,0.9708864226436118,0.0674835832439267,1.0,1.0,0.9,0.7,0.2,139,4441.667547279473,23417.3990001406
23,77,0.9703865767378164,1.1296897660372973,1.082410632356754,1.463547549701648,0.9682053010763059,0.0677799642636669,1.0,1.0,0.9,0.7,0.2,140,4445.726608426453,23463.626717817227
23,78,0.9686155376973535,1.1314017098393416,1.0957220929826612,1.4577933726130683,1.0168366292516107,0.06632304578709926,1.0,1.0,0.9,0.7,0.2,141,4602.902012584624,23336.935502271088
23,79,0.9680922423511396,1.126789210935902,1.0903687782872313,1.4644914043877544,0.9745084427764468,0.06600424725266743,1.0,1.0,0.9,0.7,0.2,143,4543.610169566567,23156.10338182157
23,80,0.9676080904638045,1.1254866890665702,1.0889180725533145,1.4713610948300127,0.9619930878365535,0.06551839274932579,1.0,1.0,0.9,0.7,0.2,145,4594.508247144937,23077.62313571404
23,81,0.9688452300136932,1.126638885711558,1.090054909135508,1.4882707471144074,0.9604200511431107,0.06689834070621892,1.0,1.0,0.9,0.7,0.2,148,4496.401058456317,17945.103075764684
23,82,0.9688181794646087,1.1120597541558244,1.0618695844296466,1.4751106628165442,0.9850573041884807,0.06707830267648635,1.0,1.0,0.9,0.7,0.2,149,4511.322220404983,17901.260917129774
23,83,0.9678283046713678,1.120518070125868,1.0830108741445885,1.4944817190415667,0.9724236600021723,0.06608728099583315,1.0,1.0,0.9,0.7,0.2,150,4421.831391754333,17938.206228168652
23,84,0.9677057566562999,1.1067109399591772,1.0557549496392216,1.4811470300574567,0.977772607261824,0.0661032227090012,1.0,1.0,0.9,0.7,0.2,151,4436.296943903168,17894.11531266447
23,85,0.9676831130882908,1.1049636073622526,1.0536962275438846,1.4883764334803316,0.9659185363169478,0.06618273585744343,1.0,1.0,0.9,0.7,0.2,153,4499.926671447369,17928.685677815785
23,86,0.9659459183199881,1.1178508241214336,1.0911801889573267,1.5228511298749394,1.0154987442655887,0.06471402681897422,1.0,1.0,0.9,0.7,0.2,154,4529.958119019718,20527.3264589628
23,87,0.9656339763331445,1.101142512199205,1.0605362111827015,1.5175859813558605,0.9963967556134681,0.06466605257990306,1.0,1.0,0.9,0.7,0.2,155,4466.607429709527,20882.64545279388
23,88,0.9655659528180283,1.0982611751300595,1.0571487390045822,1.5125266754638325,0.9685589940772992,0.06474823073442651,1.0,1.0,0.9,0.7,0.2,157,4619.778097457909,20613.746013917094
23,89,0.9649963986896177,1.0932466638086875,1.051335095054465,1.5277634695262108,0.9905117454741637,0.06436115381034012,1.0,1.0,0.9,0.7,0.2,158,4494.3046820422,20868.183017983032
23,90,0.9650097664326913,1.1264032733085607,1.1234090177662321,1.5836131524936696,0.9583458330671271,0.06440165938376938,1.0,1.0,0.9,0.7,0.2,167,4394.908276500246,20192.027793267494
23,91,0.965128267398148,1.1407669840969936,1.162308369433284,1.6042390574836862,0.9883582026687767,0.0649699476250899,1.0,1.0,0.9,0.7,0.2,169,4513.956961889006,20410.42691504885
23,92,0.965520948507052,1.133979705523358,1.1542344895962973,1.6119769937347173,0.9854284162333389,0.0657761679371471,1.0,1.0,0.9,0.7,0.2,171,4654.636941371505,20284.379781063988
24,0,0.9098861010082387,0.9789142282456921,0.9263293539949745,0.010830155086930415,0.0,0.0,0.0,0.0,0.9,0.7,0.2,1,2124.762773842159,7561.0999227386
24,1,0.9428157385298969,1.0303816615704535,0.9767457864854471,0.07126615502992202,0.07903651120666674,0.06389142973715653,0.00011585981085181999,0.0001049844790755,0.9,0.7,0.2,3,2125.0724512960232,7409.764541602327
24,2,1.155648139475213,1.408421580213896,1.357064365328741,0.5116022266877971,0.9243098728688441,0.07703419928644448,0.4765258763419011,0.42074013951917644,0.9,0.7,0.2,4,3472.168471073611,3168.487863438701
24,3,0.7962969774520386,1.1252452629607321,1.066616087802896,0.2705741223535509,0.5503219807687834,0.10052458384203529,0.20769162695064153,0.05238346872839154,0.9,0.7,0.2,5,3174.280647310344,3475.206629698677
24,4,1.0369221488086777,1.405377058261922,1.3558523731361238,0.5721073243302891,0.6137534489961634,0.047127991915009895,0.5392218161582594,0.590703692733532,0.9,0.7,0.2,7,2086.229233515346,7172.404352237817
24,5,0.6620424996695894,1.060439952005303,1.0063068300182003,0.2516085001335333,0.4079552216116004,0.07579203710305508,0.17377031367324464,0.1506569442578347,0.9,0.7,0.2,8,2575.809304881218,4339.3835071032345
24,6,0.7310985175492244,1.1420482135866508,1.0856001214885427,0.3494299570346788,0.36229728301432734,0.06082130578755607,0.2921977602827285,0.2791588463098685,0.9,0.7,0.2,10,2003.178843468933,3509.8380832873945
24,7,0.6141364448152676,1.036812920713124,0.9779039698063785,0.26380867623301385,0.2745142651895301,0.05952317797288855,0.2006300840535748,0.151160487729382,0.9,0.7,0.2,12,3075.88588385145,4317.883892962733
24,8,0.6817763003977936,1.1219181259452995,1.05843004496684,0.3799535793563815,0.4293765307999238,0.06268725866990998,0.3189400736557034,0.28205252616640586,0.9,0.7,0.2,14,2051.999193033173,3925.2938733750425
24,9,0.6769684662394062,1.1188453736300261,1.0548142285032513,0.3894439254374622,0.34725981480365853,0.0622779984087227,0.31949744305134226,0.28243491776425145,0.9,0.7,0.2,16,2014.7685416642091,3828.480083862664
24,10,0.6999023367703574,1.142783721369876,1.0784274711444768,0.41510543653463955,0.3752762306175992,0.09280766659618248,0.3045320684039184,0.3266130713578074,0.9,0.7,0.2,17,2704.533712361862,3213.276585285556
24,11,0.6721137548505249,1.115404954888337,1.0509145849064583,0.3938762994334464,0.3409062460083319,0.06158925238429173,0.31926044496548706,0.28256873351705003,0.9,0.7,0.2,18,1972.5917560835364,3739.965645991417
24,12,0.6689593633825218,1.1219837437573181,1.0537592494589854,0.42482173087364605,0.5161005726477055,0.08326029517493812,0.31475277769901416,0.342738940156893,0.9,0.7,0.2,19,1922.5599836545207,4018.1435225425967
24,13,0.5311434709729772,0.9971864719850292,0.9411017717199868,0.2961715346448992,0.2679181419464875,0.07237253362573756,0.2015883319978118,0.13293314945925222,0.9,0.7,0.2,20,2704.954456697657,5175.635439788845
24,14,0.5492718574872109,1.030307372490962,0.9851366563606829,0.33666181949977686,0.30949084364387985,0.06329808277779769,0.26182589013682567,0.13343765898368248,0.9,0.7,0.2,22,2858.118370957407,5368.053532739015
24,15,0.6542115352804064,1.1134966130158173,1.0419090003269198,0.4444673460675762,0.39195619800506604,0.08820881178533117,0.3289139207394256,0.3266628801538002,0.9,0.7,0.2,23,2800.261044025109,3286.968822367134
24,16,0.576014884378781,1.0598492337992171,1.0127035847452417,0.3843200662081197,0.37153227722560295,0.06456428850097236,0.3099621357821496,0.1646326208533073,0.9,0.7,0.2,24,2911.4274315481844,4225.716803496764
24,17,0.617306240496304,1.0817543769880262,1.0054529053176902,0.44629143981186103,0.4995360194145086,0.07203804514732536,0.33912057959084063,0.34262008280827205,0.9,0.7,0.2,25,1950.739266030728,4095.9942438633343
24,18,0.6122653356786869,1.077159683300659,1.0001308905263022,0.4533895582127521,0.3852260004129156,0.07156725488653072,0.33920293671019836,0.3427133123640205,0.9,0.7,0.2,27,1910.8749132386224,4015.362645101524
24,19,0.6270979038984343,1.1151139655170699,1.0622840828455973,0.4864418363326675,0.433154717791837,0.06534362579824717,0.3844005297617791,0.34287211668803746,0.9,0.7,0.2,29,1929.7773236377568,4351.8568708322255
24,20,1.1337082070650393,1.6107556072745237,1.5444261182960624,1.0222276511553592,0.9274259076066722,0.0696756088830059,1.0,0.7175787638803063,0.9,0.7,0.2,30,3030.90259175656,3147.6227673862336
24,21,1.0992803296172327,1.5760473453246577,1.5064467171532636,1.0083629243572525,1.0236706581842259,0.06266189017338579,1.0,0.6711043956981496,0.9,0.7,0.2,31,1947.2997493241,3990.799663120548
24,22,1.100931089917275,1.577397446351354,1.5066917266665352,1.0211821171169249,0.9444897627525846,0.0582469690633306,1.0,0.7299873763467015,0.9,0.7,0.2,32,2074.3618603292057,3947.634490449981
24,23,1.0823820934576234,1.569453972551349,1.510759525085833,1.0103067101077228,0.9248938509677589,0.05641853841642872,1.0,0.6713564295779127,0.9,0.7,0.2,33,1987.8064659541956,4081.244409170578
24,24,1.0928688657638046,1.568178009892059,1.4958238221346818,1.0206711109880975,0.9246904806868955,0.058398948397744156,1.0,0.731332876216541,0.9,0.7,0.2,34,1971.60673327024,4283.141655469237
24,25,1.0765250025170168,1.5738823026142685,1.527027923275833,1.0183699214270807,0.9055198310510837,0.05641853841642872,1.0,0.6713564295779136,0.9,0.7,0.2,35,1907.3615597643125,4314.771028777709
24,26,1.069987792972702,1.552944756325287,1.4894536495304926,1.0341368689984858,1.0485231175918852,0.05800069671318817,1.0,0.7217364461284135,0.9,0.7,0.2,36,2763.4335621405107,3857.673794860414
24,27,1.074431868203053,1.5679610943855242,1.517290489216598,1.0419449455119798,0.9051163892276889,0.06165135799705691,1.0,0.7296213106084026,0.9,0.7,0.2,37,1885.304835655492,4166.252583981286
24,28,0.6855790648210656,1.176900384626675,1.1245704242749919,0.659687640236354,0.587843740009223,0.06315716173359393,0.5522901751386133,0.3829731801722561,0.9,0.7,0.2,38,2162.687263041805,5068.35642231932
24,29,1.059185516690795,1.5502114257397612,1.4976395127812205,1.0432291114485577,0.9051442103276252,0.055948242015571456,1.0,0.7220475478681699,0.9,0.7,0.2,39,2842.867339898271,4040.5802604877927
24,30,1.05671296008988,1.5579352303663934,1.5177355228399414,1.048886148870524,0.9199600768598885,0.055346092724168294,1.0,0.725699021776965,0.9,0.7,0.2,40,2638.371296046332,4273.116257511348
24,31,1.0565559795643753,1.5452364741002833,1.4911971110471758,1.0673191131994082,0.9324759259587303,0.05848736335724475,1.0,0.7285905207071274,0.9,0.7,0.2,41,2074.2996872902618,3423.651193901046
24,32,1.0333485858056255,1.5194467331925388,1.47143723864733,1.0648217496915318,1.0446048361553848,0.0635761726783778,1.0,0.7242369202615178,0.9,0.7,0.2,43,1888.486144379227,5159.832052364252
24,33,1.021825473480079,1.50331750718666,1.4533341547602008,1.0652869956821078,0.9799829675563042,0.06021302537999203,1.0,0.7163520557815295,0.9,0.7,0.2,44,2120.1319413927718,5078.997340700645
24,34,1.0126673970671054,1.4751204453437254,1.409213582723715,1.0698437879694755,1.0148981767758476,0.05783859187681843,1.0,0.7274122266039453,0.9,0.7,0.2,45,1768.3471057134946,4946.752135081722
24,35,1.0089077734914718,1.4789657854632206,1.4247991824610404,1.075178776849314,0.9227517276098395,0.057838591876818425,1.0,0.72741222660394,0.9,0.7,0.2,47,1649.7539807739013,5196.119134072264
24,36,1.0626890371597897,1.532499551195138,1.478201458260949,1.1392648851914087,0.9589391797350724,0.06281449028889653,1.0,0.9765251075354842,0.9,0.7,0.2,48,1827.8201462815755,5221.771234692727
24,37,1.0588561328010844,1.535736859751276,1.493059064103135,1.1447266484170453,0.9792899124531775,0.0629301586984029,1.0,0.9764734942479871,0.9,0.7,0.2,50,1753.2726048093282,5488.95606145105
24,38,1.0611691882542376,1.5335324368415986,1.4893617980561016,1.1475667779447538,1.0191584544345773,0.064938222954011,1.0,1.0,0.9,0.7,0.2,51,2032.4149413878647,2251706.113617857
24,39,0.9987274273385259,1.459189125869701,1.4017896604340858,1.0922878261950342,0.8989857169929809,0.05684577873601737,1.0,0.7273828305750003,0.9,0.7,0.2,55,4065.8713891843263,4609.275521499641
24,40,1.0416783088827288,1.5219934937118451,1.509121285177396,1.2467224819974148,0.9762110151106418,0.06474691415831008,1.0,1.0,0.9,0.7,0.2,72,5971.132478234996,4046591236.619052
24,41,1.0391985546640992,1.5136870207902333,1.4991821858036147,1.2609740017645326,0.9765671011595969,0.06611047836240612,1.0,1.0,0.9,0.7,0.2,76,7176.075448750084,4046585226.72796
24,42,1.0281908023122024,1.4944429305400513,1.4878442790815167,1.2679605867631916,1.0623579789791628,0.06533036319814146,1.0,1.0,0.9,0.7,0.2,78,5881.393083869864,4046584392.120556
24,43,1.0275681512993509,1.4924494810560869,1.4855094049569797,1.278282570977358,0.9655171643460851,0.06533036319814145,1.0,1.0,0.9,0.7,0.2,80,6142.237978822505,4046337963.655789
24,44,1.0266076952780292,1.4793827598355478,1.4592143386439165,1.2775003252538222,0.9675819088683129,0.06473933592863446,1.0,1.0,0.9,0.7,0.2,81,6048.518921682717,4046439201.283094
24,45,1.024850719396605,1.4825688398276673,1.4738460085707634,1.274333814429197,1.0220111786408286,0.06591859098117964,1.0,1.0,0.9,0.7,0.2,82,6124.252928889689,4046323597.309185
24,46,1.0245372725878816,1.481856177699655,1.4730328890471485,1.2881754066729643,0.9634539207237609,0.06577830999369903,1.0,1.0,0.9,0.7,0.2,83,5982.2671444762045,4046401671.029397
24,47,1.0243769149043944,1.4776186042201267,1.4677959068196802,1.2962368100751753,1.0013652134972568,0.06755534945059957,1.0,1.0,0.9,0.7,0.2,84,6260.037889952151,4046190521.395648
24,48,1.0213209502008584,1.4799805624303264,1.481755566426368,1.2984790434586424,1.0173474383328251,0.06683206685816845,1.0,1.0,0.9,0.7,0.2,85,6240.967104392025,4045969318.487512
24,49,1.0188052816737703,1.4649340786673994,1.4533705162369943,1.289311572813194,0.9661389488476109,0.06475441657727987,1.0,1.0,0.9,0.7,0.2,87,5895.431624514428,4046590008.611654
24,50,1.016396337731946,1.4614974372980682,1.4600625870559536,1.3112594192916522,1.0180020934901728,0.06712086248751345,1.0,1.0,0.9,0.7,0.2,89,7651.388029843653,4045944680.107667
24,51,1.015939300380641,1.4589678752936244,1.45705109056157,1.3288804549290263,0.9672445164241898,0.06743699413743084,1.0,1.0,0.9,0.7,0.2,92,7775.042848452518,4045961843.3479815
24,52,1.0034633514663065,1.4364018424593197,1.4321682342737934,1.3256759500328896,1.0461575515555828,0.057395418786523024,1.0,1.0,0.9,0.7,0.2,93,4956.155075461031,676915.8325452679
24,53,1.0026445685515564,1.4219380639192145,1.404146893130196,1.3318757234857859,0.9747756220631525,0.057386126142203196,1.0,1.0,0.9,0.7,0.2,94,4999.194611445635,676936.070335693
24,54,1.0017473549173017,1.4307042296024666,1.4255690606688163,1.3247553969090908,0.95803321140421,0.056913443395905816,1.0,1.0,0.9,0.7,0.2,96,4878.408501855154,678283.6769945321
24,55,1.0086210685551877,1.410844662991763,1.3787365045524118,1.3399236721033112,0.9990913693203602,0.06605099240992195,1.0,1.0,0.9,0.7,0.2,97,8453.617642612677,3532952289.672765
24,56,0.9990877230858066,1.4189053980033006,1.4117256383421568,1.3384024169246211,0.9951063062715673,0.057069548624261335,1.0,1.0,0.9,0.7,0.2,98,4991.18351734057,677161.2650288658
24,57,0.9986959905704822,1.4278447473689853,1.4332502374125402,1.3786547174298098,0.9536379300199744,0.057245958149415556,1.0,1.0,0.9,0.7,0.2,106,5159.614469870538,675341.6087795502
24,58,0.996979202523236,1.4068579591308399,1.397490451581956,1.3637375195995702,0.9882289962848083,0.05787681256941617,1.0,1.0,0.9,0.7,0.2,108,4789.047639441517,670843.643952361
24,59,0.9967469553274955,1.4495551834531584,1.4917738969349446,1.408214400275985,0.9611964254242067,0.05821908216105737,1.0,1.0,0.9,0.7,0.2,110,4516.78271734394,670687.853515452
24,60,0.99187127647438,1.4022308241958725,1.4141522139812184,1.3876332809216663,1.1272568190467511,0.05840968304247618,1.0,1.0,0.9,0.7,0.2,111,4427.324760965431,669945.12591434
24,61,0.9920173232228879,1.4015022207858678,1.4132391706183571,1.406019000332371,0.9566221410101992,0.058796307364933874,1.0,1.0,0.9,0.7,0.2,113,4615.840938799073,668682.6667116693
24,62,0.9917541315560203,1.4113861439757425,1.4359002245364045,1.4100628604386614,0.9620103746393522,0.058778189552521065,1.0,1.0,0.9,0.7,0.2,114,4598.42696333278,668771.2579176194
24,63,0.988690108410468,1.3895008689542012,1.3994142587578429,1.4076917327926892,1.0168213725824111,0.05729299550120074,1.0,1.0,0.9,0.7,0.2,115,4536.942881525967,668984.8711546003
24,64,0.981157519417406,1.3330915877891285,1.3008393383537131,1.396510453803448,1.0117771093399575,0.05249139800688109,1.0,1.0,0.9,0.7,0.2,117,4257.93000547248,668969.0498560945
24,65,0.980758982669927,1.3503812334172822,1.3431626616161652,1.4090667561010572,0.9872023050554368,0.05308120002314639,1.0,1.0,0.9,0.7,0.2,118,4111.752273073995,670868.3206719967
24,66,0.9781392895037688,1.32230974129375,1.2991974975937155,1.4181318848017226,1.0068061660533278,0.053110154109354255,1.0,1.0,0.9,0.7,0.2,120,4285.95295039033,670458.8549485415
24,67,0.9780676966679436,1.3219302831438096,1.2987560935702878,1.4254044564751303,0.9490346086780528,0.05309068112757872,1.0,1.0,0.9,0.7,0.2,122,4289.171830598114,670831.6851849547
24,68,0.9929288543632966,1.3565081525083251,1.380330503259095,1.461764834283022,1.0689217018658945,0.07418895305391619,1.0,1.0,0.9,0.7,0.2,124,4081.8885461464647,685263.93788924
24,69,0.9826456510445241,1.3774120638262795,1.4397585196685447,1.4782150297963665,0.9761613035525465,0.0631665241665547,1.0,1.0,0.9,0.7,0.2,125,3900.4921606398057,697775.0526126759
24,70,0.987053080650232,1.3502294246186919,1.3955879542113647,1.4910010839725105,1.0458317983791463,0.071283260448498,1.0,1.0,0.9,0.7,0.2,127,3920.645211243986,698469.1532725493
24,71,0.9887940319541892,1.3317924309046811,1.3949935195153935,1.5204687431356958,1.0542669850616182,0.07883080895161153,1.0,1.0,0.9,0.7,0.2,131,4017.141815997743,684387.2868223322
24,72,0.9854888412303375,1.3009136600836664,1.3371408015275403,1.4978529034145849,0.9777633495703373,0.07573182628454109,1.0,1.0,0.9,0.7,0.2,135,4039.493772802787,682098.9291684153
24,73,0.9840406403185396,1.2780363873350464,1.2993344144793446,1.5040860539167815,1.0479136500796151,0.07527501377642712,1.0,1.0,0.9,0.7,0.2,136,4033.0235791594887,682034.9497940248
24,74,0.9840625520755883,1.2724387060189453,1.2926859652735552,1.4886162656624105,0.9890106960089213,0.07587249400182065,1.0,1.0,0.9,0.7,0.2,138,4026.0323271675247,683916.9246266135
24,75,0.9839059241625601,1.2817915059734686,1.3147221272139784,1.5000341736924312,0.9746890789468197,0.07587249400182065,1.0,1.0,0.9,0.7,0.2,140,4019.690416837524,683690.6605422124
24,76,0.9830577966210625,1.2769113409742174,1.309085567265717,1.5221441212546811,0.9683920674324644,0.07535810772641703,1.0,1.0,0.9,0.7,0.2,148,3997.721011658496,683182.0684993116
24,77,0.982444716464288,1.2804774955870826,1.3243441376461222,1.533163966858974,0.9965811239238713,0.07535810772641702,1.0,1.0,0.9,0.7,0.2,150,3978.8011077348174,682518.6319812613
24,78,0.9713347043991369,1.3260740466296823,1.435070834370872,1.6436017572487238,0.957785599060881,0.06294785101754813,1.0,1.0,0.9,0.7,0.2,165,4815.991958077461,690057.2241479092
24,79,0.9704864699528308,1.3332128427304353,1.4546111565436795,1.643137187519985,0.9804993865611229,0.06231698005758324,1.0,1.0,0.9,0.7,0.2,166,4777.829997220646,690100.3137527306
24,80,0.960408971388947,1.3084982677987134,1.4271812211372719,1.632812662079006,1.002558834916562,0.05247312337657252,1.0,1.0,0.9,0.7,0.2,168,6890.348041108404,689971.1726011606
24,81,0.9603499732917591,1.3033496711364758,1.4210920484005019,1.6484283061026808,0.9571601034005213,0.05285476375594905,1.0,1.0,0.9,0.7,0.2,172,6827.719567278378,690162.3139749303
25,0,0.8421810475177594,0.9616544775892938,0.9061137692088738,0.009242125085512311,0.0,0.0,0.0,0.0,0.9,0.7,0.2,1,3237.0552683094347,7240.456033468433
25,1,0.8860557775520436,1.0184619060150413,0.9621111899280353,0.07374075050923527,0.07805525822226834,0.06827739844044386,8.620034091585e-05,0.00013585291659822,0.9,0.7,0.2,3,3244.8803463103936,6944.340059159947
25,2,0.8536546391138439,1.0073325539921634,0.9495960234354256,0.07227563412218348,0.1150140957935806,0.05603365044481361,0.0097072877844306,0.00637182576862669,0.9,0.7,0.2,4,3017.6042982169524,7200.843307478581
25,3,0.6733372789715724,1.006982962109157,0.961798512246796,0.14082416970609984,0.38852036269587287,0.07985209712236543,0.042007809012975086,0.06500551395103796,0.9,0.7,0.2,6,1714.1053662856702,5718.670433599636
25,4,0.5938068764087587,0.9785011094760827,0.9117938421706888,0.16444801280154397,0.32053416065763357,0.07475061938865055,0.0787644037672834,0.12173846379273649,0.9,0.7,0.2,8,1210.9302446791694,3805.4009682973456
25,5,0.8609335026864346,1.2753796331475502,1.2333864346074053,0.4741350623578166,0.481238187158563,0.07357325292495645,0.35835445247373615,0.5584012000871695,0.9,0.7,0.2,9,2406.015294633582,3069.419693465624
25,6,0.560594018832457,0.9658929442785065,0.8953182768160414,0.17808838933909435,0.26196854335595265,0.08389010697904234,0.08046397401722667,0.12453514517330137,0.9,0.7,0.2,10,1162.6549624282163,7832.355860043679
25,7,0.843573577573379,1.297280383141741,1.2622864165009324,0.5286054432963292,0.6141405740234326,0.08157645162503398,0.39176341205816895,0.6341490123056924,0.9,0.7,0.2,11,2351.2554912424644,2381.1279821088083
25,8,0.6721929505904711,1.1335936432830376,1.0964543419910477,0.36828435929535236,0.4106670730416377,0.07473713259681142,0.2580197536749892,0.3772288596439164,0.9,0.7,0.2,12,1345.006502858827,3943.413312980926
25,9,0.8601985532146302,1.3356210327274678,1.3106123466189772,0.5918774867545851,0.5369644976927445,0.07216565799339947,0.467442818976154,0.6353309358704055,0.9,0.7,0.2,14,2300.124031950435,1866.0407113092283
25,10,0.8378679714300734,1.337162353634355,1.320256501772444,0.618706803907397,0.6380325309838559,0.08565018537537145,0.46244092768252665,0.6868352864552929,0.9,0.7,0.2,16,2445.8113971338557,1603.130646520658
25,11,0.8345250604481348,1.3345146030396255,1.3172657856054928,0.6286645361149745,0.5445133093142711,0.08483100838848076,0.46253658861081715,0.686963989059403,0.9,0.7,0.2,18,2446.289897567244,1564.903429038285
25,12,0.8329357106523194,1.333335979339305,1.3158777051181696,0.6310540093399524,0.5460907007853454,0.08458441691455752,0.4627251936184881,0.6876341156538777,0.9,0.7,0.2,19,2456.6222313731128,1353.191078445905
25,13,0.9167637970946618,1.4262911056772094,1.4015522774221292,0.7657359248276879,0.9699681949513945,0.05111524238856522,0.7294281831669456,0.5821236606419544,0.9,0.7,0.2,20,1463.9779786800896,25122.53828588592
25,14,0.8057122022241463,1.3153941649070309,1.2903831039259728,0.6562784434724074,0.5748020495063266,0.057420231832066036,0.5882705830531866,0.5012645482624731,0.9,0.7,0.2,21,1432.830565336963,19909.68245475322
25,15,0.9145334603797135,1.4242358577170455,1.3991937919003312,0.7735944377131332,0.6740310966441948,0.05071398832238525,0.7295040937998278,0.5822407887186319,0.9,0.7,0.2,22,1460.7095734195962,24958.71983976812
25,16,0.9295679659237163,1.4395086438005174,1.4139955444544374,0.7970055112141802,0.7099573994591976,0.05100196565568856,0.7494723288072049,0.601171551718595,0.9,0.7,0.2,23,1504.9041016333338,24833.03894459881
25,17,0.7607246702388087,1.2712383577594673,1.2414014979882997,0.6420654109909415,0.7241433573982037,0.05964434723003884,0.562985609700959,0.49986990500298256,0.9,0.7,0.2,24,1649.7806952559422,15338.430795720822
25,18,0.6743826615703539,1.1832207050320553,1.1497378002456393,0.5769798910250066,0.5553612355333051,0.053857345718916226,0.48718507571706837,0.4575753905180709,0.9,0.7,0.2,26,1473.7125168070038,14002.828904872244
25,19,0.6727037726850109,1.1924967417946155,1.1716843309457834,0.588471151077571,0.4877204921246888,0.05385734571891628,0.4871850757170689,0.45757539051807206,0.9,0.7,0.2,28,1515.9418497280417,13690.091166832592
25,20,0.6728524455550214,1.1810472948448052,1.1467337331213021,0.5994269754427604,0.5041022007587036,0.05521213005089477,0.48838302213915225,0.46066949864431894,0.9,0.7,0.2,29,1478.256553778314,13898.181636065165
25,21,0.6828087567955949,1.1889301699939394,1.1524551749895489,0.6182982440261626,0.5923426075270637,0.05220388490336355,0.5121016682273044,0.49371053091310146,0.9,0.7,0.2,30,1575.555739906113,12592.948527732768
25,22,0.7116672793142758,1.2281671005746881,1.2039683681105033,0.683412813526124,0.5463093507177963,0.06320479219593891,0.5083016817202797,0.6188227842847481,0.9,0.7,0.2,33,1521.419657501713,15218.51068406196
25,23,1.1225162359707663,1.635071097054526,1.6079587089345788,1.117945939955874,1.0792684680744336,0.06708584771391043,1.0,1.0,0.9,0.7,0.2,34,1918.302602093187,112266.56078794456
25,24,1.1005096250892368,1.579535723332346,1.5204012968811724,1.1077238380253327,1.08514677272679,0.06934103523025222,1.0,1.0,0.9,0.7,0.2,36,2368.7029998019552,106906.32589367084
25,25,1.1033393066853947,1.5705534667362044,1.4981379522335276,1.1175306673437853,0.9777080521993511,0.0736306114952013,1.0,1.0,0.9,0.7,0.2,37,2304.9000537165707,77889.92370708828
25,26,1.0904051726447488,1.5308146775071165,1.4304604788771427,1.0833356083601704,1.039272781077687,0.06694656491617819,1.0,1.0,0.9,0.7,0.2,38,2463.3889059877506,102284.63091575002
25,27,1.111032428624036,1.561358829047016,1.4734647062704522,1.1055411475598105,1.0047892962426543,0.0919415327215113,1.0,1.0,0.9,0.7,0.2,39,6141.29497947752,113244.80271085208
25,28,1.1037858903741569,1.586459807210175,1.5370462855777107,1.1361900142380559,0.9879005528101117,0.08586327362187529,1.0,1.0,0.9,0.7,0.2,41,5407.386482351596,111974.49880609596
25,29,1.1068983075351633,1.5875290771837116,1.5372931041344218,1.1447111361572422,1.0167391421730834,0.0923873525141936,1.0,1.0,0.9,0.7,0.2,42,5929.044996454891,112230.7253537212
25,30,1.0739434425569903,1.5397896345594217,1.484171783623315,1.1285924687723623,1.186295713152541,0.07426099673433523,1.0,1.0,0.9,0.7,0.2,43,5294.63272662964,111859.49408694512
25,31,1.0734987517760475,1.550087185958918,1.5073147535879257,1.147355026438015,0.9699892657036058,0.07426099673433514,1.0,1.0,0.9,0.7,0.2,45,5315.266354346696,111990.30341631736
25,32,1.0529303254782463,1.507544474686351,1.448288796287616,1.1313566730432338,1.098070534618499,0.06203511088662104,1.0,1.0,0.9,0.7,0.2,46,2441.638454511159,73009.85488979473
25,33,1.04704186059774,1.4831844354448653,1.418493773842066,1.1420752184344776,1.073928269083245,0.07023083893622498,1.0,1.0,0.9,0.7,0.2,48,3469.0624515408263,109571.57017751092
25,34,1.03232594291177,1.4643770672852832,1.3985383694274571,1.129378130132527,0.9986569385368982,0.056781939381815014,1.0,1.0,0.9,0.7,0.2,49,3003.886296527662,130853.94494200851
25,35,1.0716440038580055,1.5163504596768282,1.4738862654496778,1.1890220806280385,1.1028093686858549,0.10667394099960703,1.0,1.0,0.9,0.7,0.2,50,3935.397033424358,79434.73875217982
25,36,1.070462213225187,1.5126583481130165,1.4695365303187513,1.1985146357262086,1.0094276971309732,0.10683849612394103,1.0,1.0,0.9,0.7,0.2,52,3904.4068052759008,79574.95245218955
25,37,1.069362437856961,1.4986055884114566,1.4420247362366516,1.201374351563641,1.014782898246421,0.1066480024400066,1.0,1.0,0.9,0.7,0.2,53,3784.477507459886,77275.50688324754
25,38,1.0682848451575404,1.5070564586969495,1.4630436964050662,1.2139964551263234,1.013151208900092,0.10639411427309595,1.0,1.0,0.9,0.7,0.2,54,4054.56372079033,80006.2923852928
25,39,1.0109982034284262,1.452809778360279,1.4196564815499135,1.1566820078227955,0.9888120303827106,0.04756201805689578,1.0,1.0,0.9,0.7,0.2,56,2226.976146972226,72693.84874112983
25,40,1.0457590259003025,1.4860560580700628,1.4525758804668067,1.2081486933384216,0.9865968521488679,0.08662305211969852,1.0,1.0,0.9,0.7,0.2,57,4225.063547683289,88165.09763863377
25,41,1.0034652808837632,1.4114021294937087,1.370138256748289,1.1713326703448015,1.2665248811796292,0.05417458292907967,1.0,1.0,0.9,0.7,0.2,58,3073.6734083669426,93429.513178658
25,42,1.0027471320453178,1.4009678094113365,1.3574816205216298,1.172669208128717,0.9964577891347077,0.05699949469016875,1.0,1.0,0.9,0.7,0.2,60,3156.195437989155,109276.32890060004
25,43,1.0023425525179472,1.3874718476805064,1.3305579675394685,1.1794045946256404,0.9689099779750125,0.057224597236495436,1.0,1.0,0.9,0.7,0.2,61,2605.978486533913,94107.2156827296
25,44,1.0338026492424912,1.4273753010656607,1.4038941674849694,1.225308197374023,1.2179409347144077,0.10034411841799784,1.0,1.0,0.9,0.7,0.2,62,3964.917147612468,75597.04789632442
25,45,1.0272335386460694,1.4096881081356487,1.3838182119811115,1.2370692076705947,1.035258969739449,0.09619078006104888,1.0,1.0,0.9,0.7,0.2,64,3796.593708197685,79261.50858553253
25,46,1.0309340770575952,1.4015804863331078,1.36258400865068,1.2338619721751778,0.995066277873992,0.1004482295078764,1.0,1.0,0.9,0.7,0.2,65,3914.4893259976234,75853.94027486455
25,47,1.025834745405158,1.4052335697353382,1.3787140207713302,1.2395561712008265,1.007639809346437,0.09545595501369739,1.0,1.0,0.9,0.7,0.2,66,3750.969556857293,80702.03941230473
25,48,1.0288039137164988,1.4042018056571444,1.3768370836091168,1.256571483651996,1.0068650625754212,0.0997935311525214,1.0,1.0,0.9,0.7,0.2,68,3903.404648497101,76388.09409093318
25,49,1.0260003279826375,1.411042789078585,1.3963491941861026,1.2643495399253712,1.0008532016534926,0.09708278738527236,1.0,1.0,0.9,0.7,0.2,69,3828.449106039076,89444.17209677426
25,50,1.028085351681329,1.4014506367952062,1.3736568766946022,1.2594895294583017,0.9935814419957691,0.09951903388374164,1.0,1.0,0.9,0.7,0.2,70,3786.6026656104714,76181.91599275882
25,51,1.0172959818042784,1.3967051892987674,1.3808278215356722,1.2596086444668873,1.0242533380954069,0.08883223937726749,1.0,1.0,0.9,0.7,0.2,71,3201.792610436048,81717.03797248681
25,52,1.023870139653591,1.36808729845784,1.3128780215650397,1.2491596527598854,0.99359605091456,0.09652460060927356,1.0,1.0,0.9,0.7,0.2,73,3808.473820541233,88910.36953338221
25,53,1.0224137291705084,1.381540836626872,1.3614657900036657,1.2842243318919573,1.0287551758028135,0.09921670031820692,1.0,1.0,0.9,0.7,0.2,77,3397.0232454085044,75236.20468928386
25,54,1.017029557255733,1.376406695001408,1.3778479285888734,1.2944454728757575,1.0793130199846686,0.0977109938231273,1.0,1.0,0.9,0.7,0.2,79,3443.506256090664,76617.10388956292
25,55,1.0155066002871436,1.378790775901391,1.3917753734112328,1.303960206053581,1.0470278460845324,0.09736485939203707,1.0,1.0,0.9,0.7,0.2,80,3340.136959099816,76445.90702640833
25,56,1.0154967662037861,1.3787205093715529,1.3916930255294235,1.3109909365289503,0.9881180321782783,0.09736485939203707,1.0,1.0,0.9,0.7,0.2,81,3346.699639465021,76515.52369154622
25,57,1.0160057390200388,1.3503939731135643,1.3360894736897382,1.3012240786100104,1.0412137961592207,0.09906835790586628,1.0,1.0,0.9,0.7,0.2,82,3278.554142823444,76294.1266441958
25,58,1.015889856564087,1.3607373430775291,1.3592859205656433,1.3081498183740685,0.9921616639583399,0.09906835790586628,1.0,1.0,0.9,0.7,0.2,84,3289.2388575032137,76413.11634782868
25,59,1.0143170972016722,1.3690106395558315,1.3802910320333803,1.3209055128552796,0.9987529241364992,0.09755471430197676,1.0,1.0,0.9,0.7,0.2,85,3304.89619731152,76144.81399165312
25,60,1.0134450133341177,1.3206764077625344,1.2794322826334408,1.298887563136468,1.008631936443607,0.09703563966022036,1.0,1.0,0.9,0.7,0.2,86,3134.246174869618,76267.69397188054
25,61,1.013461421576099,1.340501749846769,1.3247454589516139,1.3309238581830274,0.998366557173513,0.0974963989598988,1.0,1.0,0.9,0.7,0.2,88,3083.255978100974,75849.25475470399
25,62,1.0117370062888844,1.3461064414584312,1.3425898427863754,1.3509270302745169,1.0173336923666556,0.09621050132336664,1.0,1.0,0.9,0.7,0.2,89,3171.0408775687,75748.70372490735
25,63,1.0140771006859601,1.3464055289685646,1.34248860554867,1.3462047463005942,0.9973794027962464,0.09913996594247364,1.0,1.0,0.9,0.7,0.2,91,3343.136458811235,76771.19175771462
25,64,1.0121014296083668,1.3434406090389863,1.3393299013057012,1.3549789809963373,0.9953034810138612,0.09710315149659582,1.0,1.0,0.9,0.7,0.2,92,3156.3532639219693,75777.74767109884
25,65,1.0145646591451574,1.3614905937760786,1.3820481972448193,1.3686964765744485,1.0179920664485418,0.10090772669488508,1.0,1.0,0.9,0.7,0.2,94,3337.143604865852,76473.7365852696
25,66,1.0105128478959458,1.3454013642874207,1.35279596281124,1.3682738182984218,0.9901915400525216,0.09653322445383494,1.0,1.0,0.9,0.7,0.2,96,3332.7795206430974,76538.4946887948
25,67,1.0103198747178417,1.345142986250639,1.3525248822368847,1.3791313857550636,0.9869554548977937,0.09632877072948298,1.0,1.0,0.9,0.7,0.2,98,3331.049327966031,76735.15495051947
25,68,1.0093372423682243,1.362457940197569,1.3950413338505612,1.3918930457762748,1.01888339548888,0.09585707748721128,1.0,1.0,0.9,0.7,0.2,99,3366.7793417441326,76500.61621991858
25,69,1.0091745914534909,1.3676617194057008,1.4121139185552283,1.4104569618545424,0.9945730271785296,0.09653233602441427,1.0,1.0,0.9,0.7,0.2,105,3194.710266443,76098.09847509561
25,70,1.0116212931362423,1.3697631267490784,1.414148544714255,1.568991275714079,0.9895000019904168,0.09930053384190092,1.0,1.0,0.9,0.7,0.2,126,7447.279968169333,99655.08876575256
25,71,1.012125856461041,1.3697426757594056,1.414026587169266,1.5818607364271235,0.9920135385580657,0.09993659485493714,1.0,1.0,0.9,0.7,0.2,128,7499.840196831197,99536.28909286548
25,72,1.010820368274673,1.377905884007918,1.434854855105596,1.584316890042512,0.9956994825940819,0.09873374180413405,1.0,1.0,0.9,0.7,0.2,130,7535.223745631801,99801.7193240304
25,73,1.0125268099514064,1.3683998327451794,1.4123467268512202,1.5983825245055028,0.9906317093902959,0.1006309968002919,1.0,1.0,0.9,0.7,0.2,131,7450.189151486811,99772.07177147872
25,74,1.011035620578397,1.3653947342234447,1.4090493434938927,1.5994482417599876,1.0011895759017408,0.0991881879557618,1.0,1.0,0.9,0.7,0.2,132,7521.07968879779,99577.69739814918
25,75,1.0108153728072033,1.3644788420601703,1.4079992539259383,1.6066848869954318,0.9918756621665645,0.09904131067452607,1.0,1.0,0.9,0.7,0.2,134,7368.450854433499,100088.24299915126
25,76,1.0108492376269989,1.3644969218605707,1.4080143794586921,1.6104393889897135,0.9892956709651626,0.0990811552732494,1.0,1.0,0.9,0.7,0.2,135,7549.082126155356,99618.16319324845
25,77,1.0155450467365366,1.2868630978369637,1.2386203202036128,1.552023111799109,1.0268878501736347,0.10487240449895951,1.0,1.0,0.9,0.7,0.2,136,41081.36050736709,91350.0297731982
25,78,1.0152181938623415,1.2696833968257433,1.2182194498699264,1.5337275714247707,1.1257343090484984,0.10668334393434209,1.0,1.0,0.9,0.7,0.2,137,40319.730345049225,90278.3028887034
25,79,1.0132343979357674,1.270964455102161,1.2309874880406502,1.547807641853456,1.0583492509037753,0.10547825331050178,1.0,1.0,0.9,0.7,0.2,138,40953.70341795286,89353.95315826559
25,80,1.0118092114199144,1.2396275352039317,1.1831227449428523,1.5485624551100388,1.1375399640904973,0.10599236722830815,1.0,1.0,0.9,0.7,0.2,139,40674.436899773,89779.93850907733
25,81,1.0097265666287962,1.2297649442857617,1.1718009353331107,1.5500708207814544,1.0535725640600262,0.10450158317788971,1.0,1.0,0.9,0.7,0.2,140,41184.4725074926,88766.15852411023
25,82,1.0107926694520297,1.2251098671169909,1.1660762980226511,1.5510855515961703,1.0392550087556987,0.10626987591733435,1.0,1.0,0.9,0.7,0.2,141,41221.90268842475,89022.18039939457
25,83,1.0077343928945788,1.2176006427297759,1.157736663493325,1.5661434025709864,1.0268503827645237,0.10331396376841732,1.0,1.0,0.9,0.7,0.2,142,41052.32787141823,89495.15290303683
25,84,1.0105909459279616,1.2186853632904644,1.1584908344912814,1.5683391812851173,1.0028217066213685,0.10666348725923261,1.0,1.0,0.9,0.7,0.2,144,41736.19698977387,97483.3133123564
25,85,1.0089161149324364,1.214281669175278,1.1535788635785529,1.5781814873706235,1.0153187588512587,0.1050665050420789,1.0,1.0,0.9,0.7,0.2,145,40775.18774562548,90200.84069794782
25,86,1.008753566597713,1.2135759571732916,1.1527726045004052,1.5852645023236869,0.9983375494006757,0.10493508618213447,1.0,1.0,0.9,0.7,0.2,146,41267.175502080165,89738.67560542873
25,87,1.0082073826170803,1.2074162982341712,1.1455698673552064,1.5846475058814287,1.0371445528011958,0.10485989676265131,1.0,1.0,0.9,0.7,0.2,147,41022.95063256605,90167.849938436
25,88,1.0075541986612253,1.202426609359528,1.1397757049186439,1.5911938226789133,1.0105884473743514,0.10453478325436971,1.0,1.0,0.9,0.7,0.2,149,41076.98750659289,90023.13585542935
25,89,1.014172269581025,1.1838877082079142,1.0947278106294716,1.5529899279958819,1.0059866122564753,0.11213018809824489,1.0,1.0,0.9,0.7,0.2,153,41458.25967231474,89984.63407281633
25,90,1.012644207368019,1.1823282322389193,1.1040939823874423,1.5643147594980624,1.042573212191653,0.11140859879051268,1.0,1.0,0.9,0.7,0.2,155,41682.15466043947,89807.35147272205
25,91,1.005217476032703,1.1921133702766322,1.1389237128704028,1.609070506553377,1.0322633884945798,0.10358958355281464,1.0,1.0,0.9,0.7,0.2,156,39495.39284750841,93453.6335292648
25,92,1.0128064936233314,1.18697288827108,1.1205019062327124,1.5975307171282467,1.0066964261021734,0.11214760829087107,1.0,1.0,0.9,0.7,0.2,158,41617.9080726156,90670.20720585898
25,93,1.00395295375678,1.1899508258594471,1.1475400215868803,1.6388276932938615,1.032512008742907,0.10315152181356022,1.0,1.0,0.9,0.7,0.2,160,39567.976411846204,93389.518917756
25,94,1.0030144919216166,1.1919555823603472,1.1610347242820906,1.6583059882380258,1.0231158610183217,0.10273021451377931,1.0,1.0,0.9,0.7,0.2,162,39695.51814533802,92455.28448332495
25,95,1.0029882353227653,1.185682036987502,1.1536211411126138,1.6617105194881867,1.016087945267342,0.10315630532369209,1.0,1.0,0.9,0.7,0.2,164,39740.38760741388,92740.96238048354
25,96,1.0018683922481082,1.16721293811668,1.1210322867624483,1.6504727093200124,1.014934498781261,0.10234599523895638,1.0,1.0,0.9,0.7,0.2,166,39961.73572384372,92884.04792488892
25,97,1.002260369327273,1.166807352466489,1.1204813938671185,1.6616504465194375,0.9955485520682508,0.1028375504856911,1.0,1.0,0.9,0.7,0.2,168,39837.81554395567,92784.7832872245
25,98,1.0018332401801995,1.188668001649443,1.1683212199323092,1.6884119760126268,0.9929566626363653,0.10237069884905114,1.0,1.0,0.9,0.7,0.2,169,39933.42794732207,92541.86510458682
25,99,1.0016457564052483,1.1733260221032733,1.1392605223388126,1.6890468601664341,0.9995130592249628,0.1024330716062816,1.0,1.0,0.9,0.7,0.2,173,40110.99162562921,93332.4126835466
25,100,1.0012658708155948,1.190219024208545,1.1812220291622644,1.709486406538143,1.0111347503086532,0.10235496538358883,1.0,1.0,0.9,0.7,0.2,175,39766.06480270287,92527.58079427623
25,101,1.0007630282390576,1.1866219567596141,1.1770636849474942,1.7418324394273395,0.9946616691971524,0.10199939393839057,1.0,1.0,0.9,0.7,0.2,183,39913.27164674499,93052.71483529329
25,102,1.0026222163719212,1.1875138460250387,1.177780313109854,1.7760522087983661,0.9947349110130939,0.10412786776579981,1.0,1.0,0.9,0.7,0.2,190,39687.681032583336,75900.76099504325
25,103,1.0005835550101987,1.2016322317517965,1.2167676900672255,1.806384525675364,0.9997328649018591,0.10226162781995307,1.0,1.0,0.9,0.7,0.2,196,40645.51371577692,77519.73203470033
25,104,1.0000148798142912,1.1946395965538303,1.2086137069234144,1.8024668457809252,1.0391853772993669,0.10202683149568711,1.0,1.0,0.9,0.7,0.2,197,40701.39810311983,77866.3483546447
25,105,0.9996925572269646,1.1757761696475921,1.175425761615668,1.794448494999558,1.0459379334048213,0.1021073454720209,1.0,1.0,0.9,0.7,0.2,198,40542.97381928458,77694.14170013994
25,106,0.9997825342625923,1.1832376456029203,1.1951971209209538,1.8091294355542056,1.020298826711067,0.10242958524096339,1.0,1.0,0.9,0.7,0.2,199,40584.12144563886,77150.43607323756
25,107,1.00001661394314,1.1799660861022372,1.1912943541729248,1.8235027677028637,1.0183459776240575,0.1028896957991238,1.0,1.0,0.9,0.7,0.2,200,40445.36977172208,77275.18208533643
26,0,0.8052897141889848,0.9516586790490768,0.8944061313542546,0.008323050242275802,0.0,0.0,0.0,0.0,0.9,0.7,0.2,1,3938.899918891793,8769.411063151392
26,1,0.8309903766058938,0.9934428011349447,0.9351138854457774,0.05920968215873434,0.070018408934848,0.05331175859089328,0.00010936365514201,5.996254056922e-05,0.9,0.7,0.2,3,3888.380323787266,8647.727209257946
26,2,0.7725620464199386,0.9619019124935292,0.9016732058816791,0.040060073975178655,0.10510093090156401,0.01895330672316009,0.014954875354846511,0.00047622433905994004,0.9,0.7,0.2,4,3929.543855938603,8728.805583119029
26,3,0.5584111774497729,0.9424948003105533,0.8758914900238284,0.114761312884161,0.9003257029676819,0.0651872119990073,0.06357827762731869,0.034859067636288946,0.9,0.7,0.2,5,3335.5607019116264,6475.021477113614
26,4,0.5298796810253866,0.9612333762764231,0.8839813234917074,0.19459009525728932,0.4081969282777271,0.09511033295468148,0.11557006695777987,0.1228252613782479,0.9,0.7,0.2,7,2648.633822893513,7307.2764478691
26,5,0.5427957241514068,0.9944357163533477,0.926820069993435,0.24078620804705111,0.3013087723864104,0.09421569907935387,0.16799703652115033,0.15157022500698877,0.9,0.7,0.2,9,2822.2793680469176,6702.21374838161
26,6,0.5397548994441548,0.9920904008420691,0.9241723469860098,0.24923031782674154,0.23829460048258028,0.09347979238984674,0.1680849502428816,0.1516778610750667,0.9,0.7,0.2,11,2802.8915417518883,6559.890947091371
26,7,0.6019527776772851,1.0672202963477957,1.0115118755079586,0.32346915855567204,0.3114228151594402,0.07149771647556613,0.28020659611934384,0.20088882643863043,0.9,0.7,0.2,14,2191.82699665221,6494.667243524273
26,8,0.583498568067966,1.051992030251666,0.9946283371226486,0.33793272815282727,0.36276142191931837,0.07025065034663898,0.2961935985315066,0.12273225789829123,0.9,0.7,0.2,15,1906.05428963456,11511.029041920085
26,9,0.5877881024862922,1.068072050485827,1.0233703971611379,0.3516438035570061,0.3088612279476477,0.07110431280728645,0.30286029269614934,0.1298174701410098,0.9,0.7,0.2,17,1905.8081346374324,11544.437552497917
26,10,0.729421768303856,1.2130784389083007,1.166075075397958,0.5188483838602512,0.5541227591466418,0.09218969665754403,0.42357737439280313,0.4046556752680338,0.9,0.7,0.2,18,2437.3697525546686,14752.75671134407
26,11,0.7014578716646405,1.1968975334068244,1.1624191994745092,0.5090118634709682,0.4454931639541673,0.09209403678041475,0.39814255836472384,0.37106407117844104,0.9,0.7,0.2,20,2536.920621011516,14332.0057607567
26,12,0.701457865191285,1.208101882067292,1.1866240306114817,0.5167337638242606,0.4357974750135974,0.0920940367804148,0.3981425583647203,0.3710640711784426,0.9,0.7,0.2,22,2536.922783986599,14332.011762971018
26,13,0.7220475102543322,1.2175263064336992,1.1830142842577742,0.5502510580312628,0.4579973129199888,0.0919833616008204,0.4173692313964952,0.40839737621627614,0.9,0.7,0.2,23,2618.959066957258,14636.264840743246
26,14,0.7126336176792825,1.2196599584864245,1.1978475919556146,0.5500483159853765,0.4615789864937876,0.0918834385141546,0.41570817434685925,0.3780897081470445,0.9,0.7,0.2,24,2375.9441111678425,14713.758913601932
26,15,0.6959949424723748,1.2146844153370382,1.2054452743784738,0.5525991145948749,0.44434171565615505,0.09181551256593577,0.40078031334784237,0.3622247140591497,0.9,0.7,0.2,26,2404.6391914465985,14456.573061690262
26,16,0.7385541793896692,1.2482577101747392,1.2232126244745363,0.6059815421566794,0.553994394455054,0.09193874762445434,0.48881035730665634,0.3593556135661419,0.9,0.7,0.2,28,2218.9425776666344,13093.398692163326
26,17,0.7304169309358931,1.2513926459748501,1.239220820527887,0.589177411526642,0.4911869445261406,0.091965122943803,0.47985217264666247,0.3539619908805021,0.9,0.7,0.2,31,2232.814318711853,13199.037779864924
26,18,0.7298623163617999,1.2508823160683638,1.2386231258223899,0.5891287355140582,0.4912348991910782,0.09196512294380288,0.4798521726466626,0.3539619908805024,0.9,0.7,0.2,33,2276.052918913889,13325.064921914349
26,19,1.079444876106764,1.6341390775922418,1.6608091368280737,0.9862129833163158,0.8410765010302846,0.07743893863769517,1.0,0.34914241742464613,0.9,0.7,0.2,35,5150.254525673698,17210.33631364791
26,20,1.059978532932848,1.592698844583785,1.592763886505942,0.9704028280798295,0.8497054990532674,0.07196908052634499,1.0,0.2962324092167818,0.9,0.7,0.2,36,9897.121369284929,16650.923773388284
26,21,1.0294565021320925,1.5400836335753672,1.5119648996805546,0.9403108815576381,0.8504547458605364,0.047994767598958335,1.0,0.3168062465223624,0.9,0.7,0.2,38,9125.08319440591,306397.6960588003
26,22,1.0300105596165543,1.5406469124832738,1.511946835862632,0.9496863913100526,0.8342249174509409,0.04366950875642162,1.0,0.3560562711859269,0.9,0.7,0.2,39,3758.060173806228,311235.649621076
26,23,1.0327817971533604,1.5655553944000342,1.5607396511716167,0.9933897783414788,0.8544634569884968,0.07288625034346795,1.0,0.29888704891378176,0.9,0.7,0.2,42,9842.185725823172,16714.861613461253
26,24,1.022593484844196,1.5544138368419596,1.5477031500340812,0.9987503964526588,0.8637563441485505,0.07103125035821922,1.0,0.3068509680047808,0.9,0.7,0.2,44,9797.04305982232,16862.735299583044
26,25,1.106531306066951,1.6375300533585384,1.6296460028686859,1.0945463862773188,0.9629999259671436,0.06998511633134073,1.0,0.7613975788884508,0.9,0.7,0.2,45,9516.508772676669,24403.05122272629
26,26,1.0987012829098515,1.6395343953746724,1.6430751820581118,1.1029672127091985,0.9473894046794186,0.07002639698498679,1.0,0.7612149891700537,0.9,0.7,0.2,47,13756.214885699268,24968.355451209965
26,27,1.009365098798155,1.5495358602998714,1.5524518159784764,1.0189657644785721,0.8541226555497031,0.07439834798077408,1.0,0.30978791323410787,0.9,0.7,0.2,48,9952.60428109252,16054.016687115303
26,28,1.195703742280398,1.7354711277522044,1.7378968934731576,1.2134623411303993,1.0387889178690237,0.130793710779955,1.0,1.0,0.9,0.7,0.2,49,9828.821552913138,19921.694560377466
26,29,1.0033582230346971,1.5422922461154374,1.5441060404835476,1.0241965110201312,0.8519253518451225,0.07231209883965505,1.0,0.3151395212183268,0.9,0.7,0.2,50,9935.81186601904,15082.965823641236
26,30,1.001802512193828,1.5400766687226957,1.5413490969885568,1.0314829719234493,0.840085481137491,0.07306479519499262,1.0,0.31648019574929454,0.9,0.7,0.2,52,9894.90339285715,15168.793692985102
26,31,0.9552165950190111,1.4907378294479197,1.4899946493327008,1.0027804969790193,0.8325942769578663,0.06151770469960512,1.0,0.1805956979318716,0.9,0.7,0.2,54,7648.640911563576,12164.48698990977
26,32,0.9562341469405309,1.4900950862701698,1.4882810085074472,1.0144441044671961,0.8188961718618948,0.060415446801116233,1.0,0.2136081838922712,0.9,0.7,0.2,56,7610.998028123674,12177.226583176527
26,33,0.953387706053641,1.4863167336302412,1.483932837105882,1.0199921070193152,0.8198704711627622,0.05968029565853602,1.0,0.21465947517297645,0.9,0.7,0.2,57,7624.4389344512065,12177.6739141728
26,34,0.9292256229578754,1.4830579673526048,1.5057974204608657,1.0052490934870737,0.8118846857790316,0.05511149754036805,1.0,0.13251193562339192,0.9,0.7,0.2,58,7617.749953822176,13530.411525641031
26,35,0.9483072694986169,1.4742594568932494,1.4681304195285705,1.031431502880055,0.9233918192824054,0.06438571606283149,1.0,0.24254265219518656,0.9,0.7,0.2,59,7196.39713004018,11974.438615899122
26,36,1.0040660846084148,1.5368348982210933,1.5416405441691294,1.1060838344480002,0.9123534695172354,0.07525869340555175,1.0,0.510780112619373,0.9,0.7,0.2,61,1905.7172147020672,13850.607469213515
26,37,1.0043577589003576,1.5431584507708744,1.5587544876671413,1.1330565158942338,0.9080867727196661,0.08372530420582705,1.0,0.5128061896803713,0.9,0.7,0.2,64,1957.130585782419,14448.809279319586
26,38,0.9885282962464059,1.5190612199881621,1.53149704989158,1.1360969650289687,1.000097358682157,0.07518973645806121,1.0,0.5230006441260008,0.9,0.7,0.2,65,2059.916437799948,13404.135896047446
26,39,0.9902150719070878,1.5141618245320656,1.5242511184650114,1.1540567353627043,0.9769728742066226,0.08431346361621135,1.0,0.5259499226340292,0.9,0.7,0.2,66,1867.094958112301,13376.380494679144
26,40,0.9978169150714798,1.5077122436260602,1.503837588193998,1.1500368150287799,0.9305704224105874,0.08608348078773972,1.0,0.5698883763166356,0.9,0.7,0.2,67,1877.501187663721,16270.976589026855
26,41,0.9893511802491101,1.498538655765907,1.4944261167701887,1.1596863267301438,0.8885328682523133,0.08601649889173628,1.0,0.5312638809592369,0.9,0.7,0.2,69,16731.37568913897,12042.521302827656
26,42,0.9851616838593431,1.5125347785345495,1.5330388328768747,1.172013460079163,0.9397371414363684,0.08250166768395752,1.0,0.5454449383605116,0.9,0.7,0.2,70,2057.420630151006,13736.157142699672
26,43,0.9177473766972915,1.4023065393883332,1.3906282143526927,1.131003265358251,0.9158098955264204,0.06530763922669144,1.0,0.3641865184440911,0.9,0.7,0.2,73,6053.691243507554,13306.373657227983
26,44,0.9193899497567589,1.3799125367330658,1.3617301962206816,1.153398969348394,0.9354577236007001,0.06699271775796693,1.0,0.43452339230802195,0.9,0.7,0.2,76,6950.836269088068,13735.317206176182
26,45,0.9195724326830691,1.391234729400883,1.386036306846096,1.1639509176541183,0.8477515438849424,0.06737457998257403,1.0,0.4338806271695246,0.9,0.7,0.2,78,6949.480017934555,13713.86948307752
26,46,0.9185031654823966,1.387963352751978,1.3821979242571758,1.1708261800894277,0.8590116339283892,0.06709045276531256,1.0,0.43535512764087453,0.9,0.7,0.2,80,6995.10067151158,13653.977291744875
26,47,0.9145171694840346,1.3838700692564514,1.3780760328058617,1.177600703817529,0.844777278285001,0.06245046247189625,1.0,0.4366029746724447,0.9,0.7,0.2,81,6918.976755540481,14325.73142222972
26,48,0.862979560427773,1.3155942711803852,1.2953883376789015,1.099825893484715,0.8526913049343903,0.05305612082188586,1.0,0.2347279090263573,0.9,0.7,0.2,82,6118.277889517087,12196.507410028804
26,49,0.8823766354065907,1.351872975885963,1.3665597877544342,1.173550429660363,0.9048850764798042,0.062269859401868285,1.0,0.32655866449206944,0.9,0.7,0.2,84,5861.375251607637,13706.734465031788
26,50,0.874722090197359,1.3260656586371113,1.336471796268123,1.1995273861508016,0.9961789675754048,0.06109849611870209,1.0,0.32777189584945765,0.9,0.7,0.2,85,5850.700663710056,13261.196699284304
26,51,0.8702394834341833,1.3191785182102111,1.329039738350441,1.173713742628594,0.8381003426784301,0.061916467707232456,1.0,0.3055653051838697,0.9,0.7,0.2,86,5768.275139118943,12884.900502307348
26,52,0.8709714825472336,1.3239083581158246,1.3451292287601269,1.2049930358944787,0.8867380773987044,0.05980799207738187,1.0,0.33058780115635344,0.9,0.7,0.2,87,6324.979691527733,12939.0235232821
26,53,0.87110676627251,1.3192121973960624,1.3393448396062912,1.2133325756362467,0.8437940849730962,0.06166216243201841,1.0,0.3305344732303309,0.9,0.7,0.2,89,5774.873388710757,13070.887442514657
26,54,0.8718587472365147,1.3179422833155405,1.3376222599103285,1.247381709044646,0.8266716783379099,0.06277755245405882,1.0,0.3323820810353857,0.9,0.7,0.2,94,6096.337485013296,12193.070560326709
26,55,0.863573439483902,1.2856649331611898,1.2895183573349633,1.2301717765925961,0.9336434443337557,0.06299569717981261,1.0,0.308544740949825,0.9,0.7,0.2,95,5992.388969258543,11548.758817504027
26,56,0.863338198268534,1.271326809193071,1.2721286995042018,1.2429149298008504,0.8841143694018965,0.06273989021785129,1.0,0.3270984252582456,0.9,0.7,0.2,97,7499.735776196617,12168.864311264922
26,57,0.8631949506621193,1.2818139605477747,1.295493451015039,1.254054200782979,0.8243872039716836,0.06273989021785129,1.0,0.3270984252582454,0.9,0.7,0.2,99,7492.200848493599,12252.769588679945
26,58,0.8626932943918892,1.2801585851795687,1.2935914051104211,1.2573695030537226,0.8266987090359388,0.06253363299154197,1.0,0.3269515978320043,0.9,0.7,0.2,101,7497.575165018936,12568.550654142568
26,59,0.8603601597174806,1.2754258973575143,1.2883469445037925,1.2626761531022914,0.8408071563330491,0.06450129158449475,1.0,0.3093768727675009,0.9,0.7,0.2,102,8231.082631787876,12785.463852916471
26,60,0.8900255876988937,1.3004303860189568,1.3123618725821231,1.2955524533846465,0.8910675616714194,0.07919602750618612,1.0,0.3971626351132305,0.9,0.7,0.2,103,7702.648090791071,12345.854402426685
26,61,0.8590806412184993,1.2677125835385545,1.2792694249247567,1.2695219762642656,0.835457949610066,0.06461015771135821,1.0,0.3101509287027201,0.9,0.7,0.2,104,8205.759917296291,12739.849067553165
26,62,0.8619414528950033,1.2615912503400226,1.2712620007353619,1.2843911151937302,0.9019907989610565,0.06630325726107147,1.0,0.32698965519905926,0.9,0.7,0.2,105,7341.438020724604,11657.00428767734
26,63,0.862420528558874,1.2601086756082769,1.2693703004326464,1.2924020881103282,0.8343210890490924,0.06725833852718732,1.0,0.3272242259152423,0.9,0.7,0.2,107,7337.460410864849,11849.76680629261
26,64,0.8566014681530827,1.2410801066595267,1.2369232172643396,1.2794778595756584,0.837770368613312,0.06409964912682628,1.0,0.31451983886105017,0.9,0.7,0.2,108,7151.947206124882,12089.10379616396
26,65,0.8635116433581326,1.2542008389898371,1.2620100872543492,1.3015196529874857,0.8705945764277934,0.06937275990720031,1.0,0.330570270049566,0.9,0.7,0.2,109,7315.568158457812,11799.184093635851
26,66,0.9197453495173975,1.3172569038503041,1.3371632879345898,1.365488789520201,0.9041016050289975,0.07620955690414198,1.0,0.585441422443318,0.9,0.7,0.2,111,9424.318100368368,11533.82193118528
26,67,0.9948095471944924,1.4806840432553907,1.6043334165152228,1.5639332938138033,0.9618153895065356,0.06777289943752952,1.0,1.0,0.9,0.7,0.2,124,58631.904418579805,12755.377163005123
26,68,0.992718827474359,1.4718881178175416,1.5941650539143015,1.5777174174297126,1.016179705414095,0.06690406524232233,1.0,1.0,0.9,0.7,0.2,125,58153.83467407819,14198.31021247162
26,69,0.984506691346448,1.4542911580715867,1.574661666357801,1.566910329182604,0.9797445414947816,0.059720810583615155,1.0,1.0,0.9,0.7,0.2,128,58457.09820574075,15638.097725890824
26,70,0.9844844916647968,1.4516957528210304,1.571547345812496,1.5747640881409886,0.9647119879702322,0.0602038936246187,1.0,1.0,0.9,0.7,0.2,130,58524.64374359573,15869.876906048345
26,71,0.9824133130837502,1.4390534919406928,1.5567828878899226,1.581082644572375,0.9973377295362291,0.05992549169803851,1.0,1.0,0.9,0.7,0.2,132,58545.11305917178,15740.361773212237
26,72,0.9874442630826197,1.472504944511813,1.6282028859285171,1.6416980789091389,0.9681565848896763,0.06644928302891016,1.0,1.0,0.9,0.7,0.2,137,59651.2323611673,12931.25606562031
26,73,0.9797712344404228,1.4515075270707103,1.6045697849461467,1.6463763059446814,1.0617712491086353,0.06021776797619514,1.0,1.0,0.9,0.7,0.2,138,53399.854864594585,13984.384468550656
26,74,0.9791499816657929,1.446950171356485,1.5992394059661774,1.653716999747098,0.9699361534069542,0.060171096229778884,1.0,1.0,0.9,0.7,0.2,140,53384.6767193664,14027.761747357576
26,75,0.9784802605089475,1.4414605888975436,1.5928060427340471,1.661024417156174,0.9733794749793743,0.06019304955067546,1.0,1.0,0.9,0.7,0.2,142,53397.58095198812,13896.76229819067
26,76,0.9792270052341625,1.4401071994640013,1.5910417279705522,1.6571936917097463,0.9637383224152241,0.06135652424185495,1.0,1.0,0.9,0.7,0.2,144,58467.82857354044,14118.681800655588
26,77,0.9786117369637453,1.4348513945072237,1.5848821724476496,1.6567261522654533,0.9736024342402447,0.061380073505816216,1.0,1.0,0.9,0.7,0.2,146,58488.10994086692,13995.1430114988
26,78,0.978200224893893,1.4313553354594035,1.5807872189751866,1.6563927986057216,0.9673471511530114,0.06138007350581629,1.0,1.0,0.9,0.7,0.2,148,58381.10520712558,14155.003136710666
26,79,0.9782201307929956,1.4310940984010705,1.5804714373808744,1.6727822277258897,0.9575279950730324,0.06144389718963032,1.0,1.0,0.9,0.7,0.2,149,58387.51091967143,14118.271564131728
26,80,0.9737562999746225,1.4041151470643511,1.5491541835894023,1.6688084377174772,1.130588760276612,0.05961511803956439,1.0,1.0,0.9,0.7,0.2,150,58308.46566598484,14143.059002739028
26,81,0.9698213179757278,1.4818504634895493,1.7293730289631004,1.8065367433270214,0.9568413965716032,0.05626004968300963,1.0,1.0,0.9,0.7,0.2,160,59790.551901430925,13001.612328090445
26,82,0.9706458787219603,1.4796302909495178,1.7265732255936805,1.8153678732656717,0.9636358881376101,0.0575536569031152,1.0,1.0,0.9,0.7,0.2,162,59924.34275528903,12941.47684322502
26,83,0.9707407044188838,1.4767579001353528,1.7231372646647412,1.8194645503334794,0.9751122668824612,0.058018668550119445,1.0,1.0,0.9,0.7,0.2,163,59655.74658396882,13570.234680332514
26,84,0.9711463109248937,1.4732117771462971,1.7188416285914974,1.8238799703745145,0.9836077275617572,0.05894134048528319,1.0,1.0,0.9,0.7,0.2,164,59833.1099742552,12697.757158689425
26,85,0.9692369113948087,1.509775573874563,1.8062075908924315,1.9366575729922224,0.954025622361198,0.057556602761490785,1.0,1.0,0.9,0.7,0.2,186,76540.89234752825,12367.650775102778
26,86,0.9682743541136551,1.4990627302351731,1.7936575372398242,1.9518157976641148,0.9893415207359733,0.057573108515683216,1.0,1.0,0.9,0.7,0.2,188,76572.80446970547,12565.640788610996
27,0,0.7598431365270533,0.9386985219666254,0.879226365600186,0.0071316657342071835,0.0,0.0,0.0,0.0,0.9,0.7,0.2,1,4385.51769965892,8286.619518873438
27,1,0.7921185213316481,0.9836300923388129,0.9232420541068271,0.060317116259286,0.06896014143795003,0.05578004408624051,9.189597747971e-05,6.833044032730999e-05,0.9,0.7,0.2,3,4199.462695786417,7737.792623709351
27,2,0.79517862333119,0.9985933754161233,0.9373143030059617,0.08232254639878861,0.10678798537149495,0.06828505386190081,0.00961986973974624,0.01127915136379424,0.9,0.7,0.2,4,3923.405121914372,7789.024459319847
27,3,0.557722698189059,0.9349446157400066,0.8694646872324303,0.10125281403302447,0.7975486394839905,0.06878750802069847,0.040209819483517054,0.02989853033987803,0.9,0.7,0.2,5,3163.518269375442,5901.701809988002
27,4,0.49917805963897743,0.9204271488561608,0.8461242553981931,0.13815336075334575,0.31297486429248844,0.08436869756224381,0.06287725101532737,0.06545419557121114,0.9,0.7,0.2,7,2860.771926706694,5996.857500774474
27,5,0.5480690185930019,0.9883119561517865,0.9077780702754309,0.2427626788409274,0.364335728424102,0.08646752040059189,0.1835067094658792,0.15514978659084674,0.9,0.7,0.2,9,2995.723818947092,4556.3413013423415
27,6,0.5478878454355449,0.9993870554289053,0.9318317225122563,0.2593473262481811,0.23775643307383226,0.08646752040059189,0.18350670946587927,0.15514978659084996,0.9,0.7,0.2,11,2992.417746234348,4594.311367253115
27,7,0.558452986839541,0.9996611124365354,0.918708223305616,0.2668833936499855,0.2672856518137232,0.08897097583398869,0.19396198541588625,0.17626908366360888,0.9,0.7,0.2,12,2230.0860036168824,5431.568092313773
27,8,0.5310631620900692,0.9868060899080116,0.9172633803574266,0.2660903391281562,0.3011962590527614,0.08186472176347351,0.1863889021378248,0.1608936195275587,0.9,0.7,0.2,13,2625.613104150002,4539.554989382563
27,9,0.6562270937066547,1.103668869045088,1.0194817697605771,0.3948308237022222,0.4075099797643387,0.08502350118042887,0.2559419723197348,0.5915679680152806,0.9,0.7,0.2,15,2418.731959630101,145710.91376548237
27,10,1.136154585993603,1.5865611816026512,1.5002630191810797,0.8929183056941667,0.9553187511473342,0.06639921815040714,1.0,0.5472676605351089,0.9,0.7,0.2,16,2727.8150895647614,195756.68970935768
27,11,1.0944308212746172,1.5490398286985971,1.4552180069455758,0.9000316638566818,1.0290361914528041,0.06383557339764896,1.0,0.5908597017741608,0.9,0.7,0.2,18,2621.216980113558,189263.30763494747
27,12,1.092332814189667,1.5469122531726314,1.4527064003309873,0.9066483347034349,0.8835679893715781,0.06394629393900539,1.0,0.590935452819582,0.9,0.7,0.2,20,2570.5367836199694,189166.3761129297
27,13,1.0764470311129484,1.5412358931094667,1.4569874430149397,0.914632006878628,0.9386879081150127,0.06490422941964018,1.0,0.5910741668248702,0.9,0.7,0.2,22,2654.966464701372,189317.2199927526
27,14,1.0467380226260412,1.511694180502435,1.4268378419486423,0.917797147688544,0.8578566173806863,0.04587126572258899,1.0,0.5467609407422991,0.9,0.7,0.2,26,1687.9718534557503,1091733.1109354575
27,15,1.0265572481636824,1.4860188090104793,1.395894154594423,0.9258683844182409,0.9616773911206857,0.04843848063810969,1.0,0.5606452209425117,0.9,0.7,0.2,28,1697.7700450730008,1092021.4154424726
27,16,1.0681947140350019,1.5716888921594219,1.5330676686405371,1.0117326295679514,0.9187075440123819,0.05498630568749063,1.0,0.7500002480379646,0.9,0.7,0.2,29,1774.983015816523,1200558.7345916366
27,17,1.0561686955040086,1.5328313770587851,1.46529975727073,0.9952749972647397,1.018647729779695,0.053248277296261706,1.0,0.7605168700792921,0.9,0.7,0.2,30,1710.072027965496,1201069.2888705635
27,18,1.0501841319354668,1.5265983945917654,1.4589197195650554,0.9949182477134227,0.9006528905974963,0.05078132348261708,1.0,0.7447487403245129,0.9,0.7,0.2,31,1737.0746910625503,1200242.998473706
27,19,1.0441640467995137,1.5535987224950214,1.5245764189738205,1.012091819852092,0.9041349564328705,0.0456435697862225,1.0,0.7448885450464456,0.9,0.7,0.2,32,1713.6028145860164,1152183.3380203913
27,20,1.0588685602519088,1.5782763650450922,1.561558201849298,1.0410667712358799,0.9360145880104918,0.05348234010010341,1.0,0.797310826416946,0.9,0.7,0.2,33,1799.9291407057913,1224938.401286915
27,21,1.0885044040317597,1.5492484175967662,1.4659569110087558,1.0355159380503032,1.011250169702218,0.05524796390487222,1.0,0.9701906752884805,0.9,0.7,0.2,34,1802.6659514958485,1235001.7769659946
27,22,1.0828077502749764,1.5512536636514327,1.4793872271813155,1.0428737861647714,0.9744372063438053,0.05524796390487222,1.0,0.9701906752884796,0.9,0.7,0.2,36,1766.3536138149975,1233053.861750247
27,23,1.0676739245389673,1.534606838497168,1.4620622466107427,1.0381388127876643,0.9581861572919639,0.056603844036314535,1.0,0.9006562312269271,0.9,0.7,0.2,37,1920.9920727972965,1248415.496576386
27,24,1.0836575344553077,1.5451491081880795,1.4702388895187373,1.0652357285805187,1.0519079420185897,0.061589163297186375,1.0,1.0,0.9,0.7,0.2,38,1993.9471384471944,1004104.174893393
27,25,1.0709384308994065,1.5246521260560766,1.4466817659124531,1.070220582579647,1.0151975988023456,0.058668690132220126,1.0,1.0,0.9,0.7,0.2,40,1852.6521493406824,987990.4423311012
27,26,1.06753738031854,1.5192072859265278,1.4404806343648275,1.0774718475222416,0.9671969414332715,0.05752612720185083,1.0,1.0,0.9,0.7,0.2,42,1892.701343379028,987516.894163803
27,27,1.0747573018774785,1.5208854110108598,1.440187584975863,1.0958744095150519,1.0051550151444546,0.07217944701243134,1.0,1.0,0.9,0.7,0.2,44,1894.4382996506376,982886.3640353974
27,28,1.0707166871231368,1.504028016841315,1.4097755223086812,1.0936321730142546,0.9851432416724515,0.06949367492811359,1.0,1.0,0.9,0.7,0.2,45,1894.2854950323415,982661.2958937816
27,29,1.0719777890381756,1.5164526775604341,1.435186704927134,1.1038633673586586,0.9644174989394294,0.07093999859480152,1.0,1.0,0.9,0.7,0.2,46,1936.816677537728,982414.7562484992
27,30,1.068587823506618,1.500396405826385,1.4056344577408457,1.104775047277361,0.9820929896557911,0.06876368094463822,1.0,1.0,0.9,0.7,0.2,47,1883.35819338786,982994.9228742372
27,31,1.043857142467877,1.5027074696294438,1.444790798977505,1.0812250021836927,0.9871558312808648,0.047973179858064804,1.0,1.0,0.9,0.7,0.2,49,2321.012789330137,2294271.807718306
27,32,1.0439584535660047,1.4907356776239384,1.4195023634840445,1.0975606793914872,0.9516321793352065,0.04917166262199918,1.0,1.0,0.9,0.7,0.2,51,4423.719729714905,2288867.520308699
27,33,1.0383132827643649,1.4926964702946224,1.433373375675559,1.1005216385816443,0.9839568413412483,0.045974808137813614,1.0,1.0,0.9,0.7,0.2,52,2495.515087845215,2295973.0359091437
27,34,1.044474837243935,1.4759944779493652,1.4100198966731514,1.1249974829448721,1.2348148049557948,0.07057140197942367,1.0,1.0,0.9,0.7,0.2,53,4273.178005636199,336713823130130.9
27,35,1.0398642326717127,1.4585272854353464,1.3790699765998866,1.1218811496607561,0.9817975827068948,0.066741722216461,1.0,1.0,0.9,0.7,0.2,54,4408.031563235105,336713823125067.3
27,36,1.0407620667750288,1.4805376763274414,1.426755544180956,1.1444440159609615,0.9730476621929673,0.0684147538481163,1.0,1.0,0.9,0.7,0.2,55,4412.352186754872,336713839803267.25
27,37,1.0379947414690378,1.4514761209347422,1.3706423696908345,1.1440167349306656,1.0042186667060315,0.06783753592554043,1.0,1.0,0.9,0.7,0.2,56,4389.609099759395,336713839118937.25
27,38,1.0359522118381053,1.459518437208396,1.39138877482909,1.152371940371513,0.9715676423639166,0.06624714060401386,1.0,1.0,0.9,0.7,0.2,57,4421.687352404844,336713839037884.7
27,39,1.035756023264531,1.469292425543131,1.4138423047195163,1.1520984542740735,0.9727052234852971,0.066741722216461,1.0,1.0,0.9,0.7,0.2,58,4427.582534973454,336713862993723.44
27,40,1.0105635242240323,1.4550275816694067,1.4327986643320678,1.1579306822802866,1.1817343413246764,0.05104671380801863,1.0,1.0,0.9,0.7,0.2,59,3426.883855623,3052547.3756847405
27,41,1.0096394033931868,1.4295860671462879,1.3808390831705497,1.1440571021969015,0.9564661888249877,0.051031436112183526,1.0,1.0,0.9,0.7,0.2,61,3338.751058443899,3055024.1572588217
27,42,1.008558471809224,1.447643593618128,1.4241014757005184,1.1710900057899087,0.9624574319722707,0.05136202814743991,1.0,1.0,0.9,0.7,0.2,63,3260.858062548932,3055887.429088814
27,43,1.0014971647194204,1.4160411255522143,1.3659797365400912,1.1510729002666655,0.9614746219162436,0.044509604793924365,1.0,1.0,0.9,0.7,0.2,64,3154.4034015448933,2293594.318166336
27,44,1.0337614132666821,1.4295658746240003,1.364686715818103,1.1828320416461355,0.9906040722320959,0.08377668204562067,1.0,1.0,0.9,0.7,0.2,69,6933.497208022809,14622069727070.568
27,45,0.9606602616026922,1.3767318197814715,1.3373673756004665,1.1224449321475376,0.920774211238613,0.07378131321832831,1.0,0.6829631701229557,0.9,0.7,0.2,70,2017.4566527985824,1140452.0858977071
27,46,1.0020036511308792,1.3874675519803825,1.330629267697202,1.1655731368104583,1.133317438353715,0.056729535202803924,1.0,1.0,0.9,0.7,0.2,71,3029.3191807279627,58457042464867.19
27,47,1.034683576554096,1.4422175043899848,1.4113034365113097,1.2140370006636096,0.9870116134891902,0.09316253046964697,1.0,1.0,0.9,0.7,0.2,72,2103.346413422796,157973612876530.7
27,48,1.0350898370960646,1.4312854797128491,1.3873409080658838,1.2051779491733945,0.9854788618121628,0.09365944265449244,1.0,1.0,0.9,0.7,0.2,73,2189.3287807341503,14622076171745.746
27,49,1.0050875879845151,1.3995255921843524,1.3551844939730577,1.1887810559036698,0.9710207746617077,0.060943318943710835,1.0,1.0,0.9,0.7,0.2,74,2847.703576063498,58457043500556.36
27,50,1.0346847324809119,1.4266399086076602,1.3817409953384998,1.2222838112024648,0.9965953052046532,0.09468947189437318,1.0,1.0,0.9,0.7,0.2,76,2131.828794182161,14622075446136.98
27,51,1.0505852049401576,1.4352401201570375,1.388715125824995,1.2601652632665166,1.0116058571365352,0.11479549986803654,1.0,1.0,0.9,0.7,0.2,84,5230.924160377692,14622080222263.666
27,52,1.0001206443030102,1.404549313205749,1.3939967506819384,1.2353476402922061,1.0802511707572893,0.06300069700584228,1.0,1.0,0.9,0.7,0.2,85,6984.307107178172,157973240063618.4
27,53,0.9904707116493592,1.407148865764012,1.420413605017065,1.3049888839148058,0.9607736649237448,0.05515819857628403,1.0,1.0,0.9,0.7,0.2,93,4401.529061111107,14615190833864.746
27,54,0.9823154430029291,1.424433560036827,1.474964876963014,1.3044630127072387,1.0142634558434462,0.04827323725038048,1.0,1.0,0.9,0.7,0.2,94,6948.82036142042,1911718.6760949872
27,55,0.9807555762347645,1.3558244789108804,1.3390409101183076,1.2652772233801857,0.9757872021751869,0.050891766312895145,1.0,0.992783668887,0.9,0.7,0.2,97,6999.737647858815,1926803.703582128
27,56,0.9711142173314774,1.3695415995751863,1.3896186044811834,1.29563517284799,0.9823913540124306,0.04403635794380098,1.0,0.9866615275033179,0.9,0.7,0.2,99,7254.713115225653,1520063.3675531826
27,57,0.9746004006669221,1.3421978206141478,1.3452921487051503,1.2863213158858076,1.023485644810004,0.049856009845112584,1.0,0.9960388401353912,0.9,0.7,0.2,101,6349.57600928767,1930449.974212262
27,58,0.9687821770505657,1.367142435978114,1.4086637819744077,1.3315843652923876,0.9622293165241186,0.04518005715166047,1.0,0.990516958933401,0.9,0.7,0.2,102,7101.4498532184825,1520617.201634256
27,59,0.9673607538376738,1.3862666928504734,1.4534144224206378,1.3485954295355682,0.9452925232773349,0.044828566097124586,1.0,0.986613084230871,0.9,0.7,0.2,104,7194.532772733102,1521059.328481859
27,60,0.9718520413190382,1.3118550705194103,1.2986650087875593,1.302908500265124,1.0393302440554368,0.04971631984118611,1.0,0.9968524937799271,0.9,0.7,0.2,105,6646.360043597718,1926242.4055390728
27,61,0.971647003865308,1.3101508912477247,1.3074472563679176,1.3140228814696908,0.997155415149628,0.05098581608135936,1.0,1.0,0.9,0.7,0.2,107,6664.21978820271,1929846.1125454104
27,62,0.9698934019038203,1.3060111988888923,1.3028380593790096,1.3197556625013334,0.9540602170622408,0.04992217771205954,1.0,0.9977933034819234,0.9,0.7,0.2,109,6636.924165049703,1926149.8931549203
27,63,0.9674665067182029,1.2925176819352941,1.2871781444199932,1.324799729997559,1.0319958865190264,0.04892957024508619,1.0,0.9980417322329764,0.9,0.7,0.2,110,8113.838097303192,1926474.8946214688
27,64,0.9672248226883643,1.2833051609107857,1.2762218456490053,1.328862806617603,1.015766303216124,0.04970192186916862,1.0,0.999416005271797,0.9,0.7,0.2,111,6637.682853585599,1926937.383487188
27,65,0.8927343151546797,1.205373528774763,1.1976241376306294,1.261845045031027,0.8796219010550086,0.053709600728779026,1.0,0.6111688252556906,0.9,0.7,0.2,114,6734.268424393747,1934206.2881144655
27,66,0.8928320664168925,1.222290108804669,1.2394630887041234,1.2953056468593669,0.8933818679537264,0.054517429624931925,1.0,0.6115715621919838,0.9,0.7,0.2,116,6649.399137910918,1933739.296347548
27,67,0.8771510444442354,1.2155332040079678,1.2452674039578795,1.2792352244508804,0.8649942370655423,0.04745206750307228,1.0,0.5663852032098158,0.9,0.7,0.2,118,7193.652434769519,1543752.3363185427
27,68,0.9741113579154648,1.2955696290274785,1.3112049779198491,1.391054711471198,0.9759593045112154,0.05959596410979691,1.0,1.0,0.9,0.7,0.2,120,7221.636737598807,157969456527986.72
27,69,0.9588555769129667,1.2580468350421106,1.2694404251285305,1.3763581559801354,1.1139052011092396,0.04955596891171986,1.0,0.9814154688355083,0.9,0.7,0.2,121,7245.685491425696,1540042.3495180022
27,70,0.8308494925218435,1.103393386914726,1.087984208043796,1.2448694112850425,0.8459981306282833,0.04064592615869261,1.0,0.38369284214920335,0.9,0.7,0.2,122,7360.150584671445,824581.2483134728
27,71,0.8777194113688513,1.1598427842270018,1.168017161864356,1.302789389796754,0.9606461890106612,0.04984731972358941,1.0,0.5830737405923261,0.9,0.7,0.2,123,7338.282837044573,1544622.9072086683
27,72,0.87408561550283,1.129097295414942,1.132213212432379,1.3175685232946288,1.0660001459727164,0.04857471467078842,1.0,0.5827532621080234,0.9,0.7,0.2,124,7391.484641162128,1545689.0531011578
27,73,0.871866596907063,1.1008079779296869,1.0991109955421143,1.3110011894289249,0.9582363663999077,0.04968919541275667,1.0,0.5768151679549753,0.9,0.7,0.2,126,7171.991676554224,1544764.3047490022
27,74,0.8680728169736454,1.1040594261067536,1.114599297237926,1.318257915281789,0.8721547252808108,0.0476642529930892,1.0,0.568457570230611,0.9,0.7,0.2,128,7159.084128897982,1540630.4846927351
27,75,0.8677040164522744,1.0959666428557417,1.105091120049882,1.3253248810235188,0.8856452698769638,0.047608813866794046,1.0,0.5695670301098298,0.9,0.7,0.2,130,7085.04466881784,1541273.8675386815
27,76,0.8665147856344969,1.0926082661089926,1.101335969943827,1.3242525158546066,0.8718454938299696,0.04728330799267644,1.0,0.565822787521326,0.9,0.7,0.2,131,7169.792206304684,1540870.0268875316
27,77,0.8678512869915488,1.0928390246802526,1.1013643365900578,1.3330284485013861,0.8655044723260522,0.04810879716477509,1.0,0.5691704223421012,0.9,0.7,0.2,132,7056.589987241202,1541028.239401223
27,78,0.9018476853757783,1.1860749248439157,1.2711450969486093,1.4430113220032046,0.9214741858949899,0.03085397301859265,1.0,0.8194466632971309,0.9,0.7,0.2,134,6790.651721928669,1122210.378150878
27,79,0.9651877034792697,1.1644454420813692,1.168285841259075,1.4600754906582551,1.0217552074569056,0.06232759749133041,1.0,1.0,0.9,0.7,0.2,136,7174.596216386531,157969444364051.2
27,80,0.8993952910961205,1.1970171833546088,1.3283862077303565,1.5221083213915316,0.9023084680978577,0.030415083050548342,1.0,0.8185605667338184,0.9,0.7,0.2,145,6772.260733880137,1122112.055277048
27,81,0.8993953194560513,1.1970155958190154,1.328384230135745,1.5182475859676101,0.8910966575394493,0.030415180341104207,1.0,0.81856073948799,0.9,0.7,0.2,146,6772.262729074971,1122109.5209961636
27,82,0.899979895298331,1.1970869252998146,1.3283628677347346,1.5306475228014254,0.8954823696945218,0.031137427759355678,1.0,0.8183753558276935,0.9,0.7,0.2,147,6766.620820825165,1121985.1162479096
27,83,0.8985802091379684,1.1928709347072195,1.3236381501237873,1.533118293565738,0.9111990523624076,0.02980365335757032,1.0,0.8181508088705899,0.9,0.7,0.2,148,6772.290104627146,1121726.2167539916
27,84,0.898246388117795,1.1789247045046785,1.3072379947428976,1.536171134518665,0.9909210718803104,0.0296150789658493,1.0,0.8209127486883825,0.9,0.7,0.2,149,6650.848381762825,1122596.45116056
27,85,0.8737834598478271,1.0748317914938215,1.144901696635512,1.4862491698886224,1.1229443835310466,0.0313087648824828,1.0,0.6991329753209955,0.9,0.7,0.2,150,6775.8320970668165,1116862.729088775
27,86,0.8735864206393718,1.081132186037822,1.1633627138044216,1.4976583016942102,0.8849208993570914,0.03130876488248279,1.0,0.6991329753209955,0.9,0.7,0.2,152,6743.290185638607,1117827.335008486
27,87,0.873569501334742,1.0807110997531735,1.1628694795195142,1.5055510193037007,0.87093550980384,0.03130876488248279,1.0,0.6991329753209955,0.9,0.7,0.2,153,6748.147167558724,1117678.0158051697
27,88,0.8723084530663909,1.0540739249905597,1.131715048926653,1.5028677214843007,1.0519871112620045,0.030510539712189533,1.0,0.7014200736986728,0.9,0.7,0.2,154,6620.529893037982,1118308.9015702216
27,89,0.88007702883086,0.9685477639389948,0.9966370431733849,1.4987426037810538,1.307697145124497,0.032360992457589235,1.0,0.7415572926402858,0.9,0.7,0.2,155,6262.861513120256,1180211.207228551
27,90,0.8831500227641249,0.9624813155289895,0.9889625354866747,1.516887714072693,0.8971538155596157,0.033989143566626315,1.0,0.7508431656405892,0.9,0.7,0.2,159,6280.335703208842,1182657.083778582
27,91,0.8863447237049845,0.9524004577348166,0.9875841966961021,1.5301562823191777,1.059850649392713,0.03554852703802509,1.0,0.762888920479967,0.9,0.7,0.2,160,6279.714901129102,1200472.0804645834
27,92,0.8803074088240033,0.9679799625681661,1.02902585467916,1.5605587748732848,0.8793619878977255,0.033320875768489286,1.0,0.7428209639920478,0.9,0.7,0.2,167,6316.950765730263,1180461.9044245991
27,93,0.8839298576897567,0.9570693985620434,1.0045314526336735,1.55145342964511,0.9060801731065923,0.0340368601069097,1.0,0.7581033171067473,0.9,0.7,0.2,168,6554.1458140880695,1184569.5016712174
27,94,0.8836742640602907,0.9440831088674503,0.9893153262579589,1.5585527863860091,0.9732126006587534,0.03491171551867756,1.0,0.7543324286085802,0.9,0.7,0.2,169,6319.793969076245,1182903.0886746778
27,95,0.8817528619960483,0.950981504195068,1.0087968729708496,1.592156371914376,0.8860913170919195,0.03380410808920585,1.0,0.7499707013353236,0.9,0.7,0.2,172,6289.21141181607,1205751.3101663429
27,96,0.881393357709181,0.940836509554244,0.9969404092080877,1.5835539679732538,0.950110167547415,0.03491477074231465,1.0,0.7442177632416778,0.9,0.7,0.2,173,6288.904212507316,1138443.775146943
27,97,0.8897323817379669,0.9717916591117969,1.0649756282473875,1.6358123372211697,0.9280379882601565,0.0355580202965389,1.0,0.7841344726474047,0.9,0.7,0.2,175,6086.037217679434,1209436.0659683254
27,98,0.8811811107727435,0.9267799048426514,0.9804651957938191,1.5898566489742352,0.9005275728325466,0.03341335285236871,1.0,0.7513068456155954,0.9,0.7,0.2,176,6306.351243041109,1206229.0128253151
27,99,0.8790733502311958,0.9186544433377164,0.9712884150275977,1.6190710046172672,0.8872758571637551,0.03333755349809331,1.0,0.7417126621993065,0.9,0.7,0.2,181,6263.863441123591,1201998.5058623787
27,100,0.8807688647428481,0.9350818489478977,1.0123785441116542,1.6332615339566006,0.9065812314374319,0.03332039482536734,1.0,0.7509582758895448,0.9,0.7,0.2,183,6319.970130500854,1206736.1573494491
27,101,0.8789065724600928,0.9197164978713864,0.9836114901294707,1.6386865423591974,0.8868066680360425,0.03333585221693234,1.0,0.7417939390296373,0.9,0.7,0.2,185,6268.809428351133,1202471.8352689222
27,102,0.8784931522246429,0.9274312760911491,1.0037909483869227,1.6506272535887163,0.899309776004004,0.032945026709002824,1.0,0.7417549187440393,0.9,0.7,0.2,186,6242.078289184955,1203996.4338027835
27,103,0.878834212838657,0.9267425524783961,1.0029225605325134,1.66292349627723,0.8857348299682617,0.033335852216932346,1.0,0.7417939390296371,0.9,0.7,0.2,187,6262.411491424772,1202710.650374983
27,104,0.8786974972089606,0.9235991384312424,0.9992550852869467,1.6689441783465149,0.8818708845974089,0.033286842095263544,1.0,0.7415987632963346,0.9,0.7,0.2,193,6268.950719292455,1202798.1985463426
27,105,0.8783781403439938,0.9206740010177596,0.9958759525864043,1.689244936747105,0.8825728142414032,0.033009008657199065,1.0,0.7414760900255273,0.9,0.7,0.2,197,6380.558727414306,1202170.8525945428
27,106,0.8786348440928401,0.91801623655153,0.9927106095943069,1.6932678382896555,0.8990232820761219,0.03342254397880222,1.0,0.7411494336942834,0.9,0.7,0.2,198,6363.110695161157,1202036.5437607004
27,107,0.8783136741166536,0.9043314626359952,0.9766991784729769,1.6959095617350535,0.9731134159167897,0.03336210704326985,1.0,0.7409231247390342,0.9,0.7,0.2,199,6364.46129300545,1201873.960370659
28,0,0.8486429210918783,0.9633719898976904,0.9081254196953299,0.009407871000785729,0.0,0.0,0.0,0.0,0.9,0.7,0.2,1,3480.347090046348,9040.92978374538
28,1,0.9018769153730986,1.0279781502963998,0.9720337608091177,0.08111567006617382,0.08299779294892233,0.07620111694837599,9.766164814445e-05,0.00015868913843285,0.9,0.7,0.2,3,3527.433822541549,9171.231888462647
28,2,1.6232390290715257,1.8440060749202942,1.7825626285172667,0.9287513061786681,1.1739943252312768,0.3090325132805501,0.6266990721427341,1.0,0.9,0.7,0.2,4,2028.5793936518244,376463.94154822745
28,3,0.6469602649185286,1.0201941640760843,0.9554752587665147,0.18251179952766985,0.8103748911745201,0.09336261687406576,0.09055286776452223,0.1471381739012785,0.9,0.7,0.2,5,3315.069434227912,6654.691517103005
28,4,0.5983314539733013,1.018376092094766,0.944421648406236,0.23426948486837507,0.4161198462404201,0.08903829199436034,0.1434060630721803,0.24216163462559,0.9,0.7,0.2,7,2550.2064140074644,8419.704123893907
28,5,0.5905266798186931,1.02475702039744,0.96297722734485,0.2401688914062431,0.24550706920257098,0.0890382920101144,0.14340607206016545,0.2421616498030906,0.9,0.7,0.2,9,2369.7270181589097,7920.08992455419
28,6,0.5236585260092508,0.9720859957432848,0.9058775775332508,0.2166253193298658,0.29310291757969953,0.10131006044856342,0.10901061100658542,0.1732649357401689,0.9,0.7,0.2,11,2953.5447407310294,7972.534556366855
28,7,0.5773606356633941,1.0391064289436642,0.9849585660219552,0.29090089900432875,0.28196989831125036,0.10094744953207688,0.16840098426581918,0.27355406969569135,0.9,0.7,0.2,13,2615.8991531650927,6974.24384098795
28,8,0.5977312777702208,1.0880304981713969,1.0569932771853898,0.34871715191305275,0.3304099303058877,0.09485386522415465,0.21118949472748935,0.3681787840740657,0.9,0.7,0.2,18,1965.4300903857288,2946.855262663453
28,9,0.5902840853121033,1.0822182840161156,1.0502351598727768,0.354918496175947,0.3258149940157867,0.09422536632942824,0.21148666627792273,0.36852265570119774,0.9,0.7,0.2,20,1895.2334033141324,3010.2874087640694
28,10,0.7114131046181842,1.1964215881436073,1.1482460274923123,0.4940040474464333,0.5807549164776662,0.09108387982011446,0.2931526571325443,0.8170578398451708,0.9,0.7,0.2,21,1702.079526056231,3444.7913286487046
28,11,1.1158776130194579,1.6262980140697632,1.600020170990368,0.9303741252161605,1.0504586107378882,0.08656743239060292,1.0,0.5205541006977039,0.9,0.7,0.2,22,2035.098513981411,2082.114955608963
28,12,1.1085412667153505,1.6303462771800394,1.6155451480703538,0.9385557105556008,0.9142919942885641,0.08673202325403424,1.0,0.5285266013856262,0.9,0.7,0.2,24,2247.2663258473067,2366.420116166152
28,13,1.1089351392753877,1.6197362728985876,1.5911949067124782,0.9552094096298896,0.9199791998807342,0.08568856083664951,1.0,0.5577867574886775,0.9,0.7,0.2,25,1982.213336670941,1955.579077671127
28,14,1.0849904869622353,1.6180329969713023,1.6152847750174573,0.929252638882392,0.8731232679648108,0.0868675613815617,1.0,0.4379940582354519,0.9,0.7,0.2,26,1990.9392023645955,3025.493591629195
28,15,1.082657885255511,1.6044637222430134,1.588237205949409,0.9352628051244258,0.8759595418013875,0.0868617506000918,1.0,0.4401471583288247,0.9,0.7,0.2,28,2020.0249142634043,2704.63026022346
28,16,1.08845565557219,1.6093958770521146,1.5903972779622029,0.9578079808317833,1.0003527435817452,0.08827482026086954,1.0,0.5393812873370558,0.9,0.7,0.2,29,2144.0217885661714,2706.4338283501643
28,17,1.0826720542742807,1.6030757027404576,1.5831405466717643,0.9642347516182204,0.9055723118926841,0.08723134470484292,1.0,0.5398210195641363,0.9,0.7,0.2,31,2031.601864034335,2713.927231788407
28,18,1.0849807563303058,1.6052579394600552,1.5851283381592605,0.9723207087525209,0.897720293901781,0.08689281284664543,1.0,0.5579341921166263,0.9,0.7,0.2,32,1983.0246866213,2540.580375339263
28,19,1.1310012162353766,1.6483697238702248,1.6249346841616255,1.0378405827656716,1.0870067353880954,0.05800320305359356,1.0,1.0,0.9,0.7,0.2,33,2126.588467913282,9840.010561816362
28,20,1.0793109568278014,1.5915701254185393,1.564252791379276,1.008890189526153,1.076648993050995,0.07242229235655467,1.0,0.7644631990279872,0.9,0.7,0.2,34,4390.14890733468,3108.0618536916118
28,21,1.0748784005287515,1.5858534035988814,1.5577265415926094,1.0156476857846783,0.9336165073802879,0.07122928254460889,1.0,0.7648831618630936,0.9,0.7,0.2,36,4247.014867321258,3124.291902651549
28,22,1.2046600605110798,1.728352077855,1.721149134991687,1.1928845347243175,1.1702020037063692,0.1853541906251089,1.0,1.0,0.9,0.7,0.2,38,2101.003071958928,2648.741841429481
28,23,1.20278026600992,1.7264251761025096,1.719194377700696,1.1973862769248211,1.066335902381527,0.183394031436496,1.0,1.0,0.9,0.7,0.2,39,2150.370045332784,2399.598426161382
28,24,1.1988967463942646,1.719926657442738,1.7115221967985075,1.202728458584737,1.0892632489342464,0.18378803705797184,1.0,1.0,0.9,0.7,0.2,41,2383.836075918575,7164.306505579427
28,25,1.072085018447407,1.5628839480903112,1.5251675240578666,1.0643812002295665,1.0875427498432664,0.05567641657073495,1.0,1.0,0.9,0.7,0.2,42,1679.359254237506,4046.293889089019
28,26,1.0689480560965483,1.547759969292663,1.505728585658262,1.0972075234832939,1.0472680835404935,0.06686729054340061,1.0,1.0,0.9,0.7,0.2,44,1586.287849736868,5412.469069277427
28,27,1.0548451321147705,1.518136914617404,1.471098182709858,1.0847232426612565,1.16389319137833,0.0664402751186812,1.0,1.0,0.9,0.7,0.2,45,1661.0366501293329,3900.9493067165145
28,28,1.0544875958784403,1.5164899144965764,1.46903000336684,1.0884658824274431,0.9668468164451183,0.06734362209942363,1.0,1.0,0.9,0.7,0.2,48,1619.12541510296,4495.844265728108
28,29,1.0357877456494722,1.4728052029424263,1.418281217876596,1.1073695144104354,1.244353856605103,0.06463596563165355,1.0,1.0,0.9,0.7,0.2,49,1401.29655956574,6139.363665258213
28,30,1.03506280999785,1.4691079423636044,1.4137906194590466,1.1170542232492593,0.975303327738096,0.06567526831108095,1.0,1.0,0.9,0.7,0.2,51,1540.4000394044735,6011.801297972284
28,31,1.0319833456637917,1.461363458137592,1.4048183425783731,1.1251219385729498,0.9836107515098151,0.06503591545571265,1.0,1.0,0.9,0.7,0.2,53,1517.4314288052926,6172.298486236879
28,32,1.0933227793482911,1.547264180606813,1.5273993731854594,1.2730656318357993,1.0311195518616825,0.13819343241174195,1.0,1.0,0.9,0.7,0.2,67,1181.4916467658163,83029.1517128745
28,33,1.0938572078079154,1.5454179114691595,1.5249529931346917,1.2842249672527661,1.038271111788473,0.1400354604733287,1.0,1.0,0.9,0.7,0.2,69,1190.5117210264973,82900.59633661338
28,34,1.0921111042612583,1.5532628373580808,1.5453944615659212,1.292872485509863,1.0332644560663193,0.1389240387002172,1.0,1.0,0.9,0.7,0.2,71,1122.458175610589,87665.87935242073
28,35,1.0943478057077902,1.555441470572186,1.5475585509323444,1.295971787183632,1.027886616668142,0.14143896286836216,1.0,1.0,0.9,0.7,0.2,72,1141.4991199781568,85846.85095829895
28,36,1.0926178077327913,1.551270042430862,1.5427794829447474,1.2977813644750873,1.0514604686232947,0.14074744063754208,1.0,1.0,0.9,0.7,0.2,73,1139.8812355117104,86631.65846314529
28,37,1.088313932863702,1.5472374205859978,1.5490714661353302,1.311158781826389,1.1366335392081273,0.14117818827397952,1.0,1.0,0.9,0.7,0.2,74,1208.792491123788,156125.85463958763
28,38,1.0890168044045334,1.5327870161620334,1.5206767485142219,1.3093084591646147,1.0675665922068764,0.14369427876042723,1.0,1.0,0.9,0.7,0.2,75,1187.9981251152765,155982.81329081353
28,39,1.0889076733410903,1.5312647352471944,1.518818736035911,1.3203721431099666,1.036591021744562,0.14418227670806377,1.0,1.0,0.9,0.7,0.2,77,1170.1261445287548,156831.20670669654
28,40,1.0855673271048623,1.5490055168452053,1.5622467461561005,1.3339873946418748,1.0395986668957486,0.14103151444298875,1.0,1.0,0.9,0.7,0.2,78,1149.135962408065,156421.49112842293
28,41,1.0863494831531149,1.5236194857032135,1.5099721998375968,1.3292194688611856,1.0653944385788148,0.1434803202089065,1.0,1.0,0.9,0.7,0.2,79,1143.6211968052442,157482.37584301122
28,42,1.0536406883388285,1.5229185977223723,1.5478973255949442,1.3246391861966846,1.0122732153561877,0.1077913049409817,1.0,1.0,0.9,0.7,0.2,80,1111.5221860884485,86248.31347667037
28,43,1.08600031166078,1.52088170801053,1.5066745845978053,1.336717570341793,1.0372793981368087,0.14407039703725638,1.0,1.0,0.9,0.7,0.2,81,1152.4998693199072,157473.1381955399
28,44,1.0533577623018542,1.532102332972383,1.5696759035231804,1.3350577885000205,1.0062589211146005,0.10817751705132313,1.0,1.0,0.9,0.7,0.2,82,1128.1554605673532,86378.45714999501
28,45,1.0839745355505659,1.5161687749184312,1.5013368897527481,1.3389477814076787,1.045105536390747,0.14288889963686685,1.0,1.0,0.9,0.7,0.2,83,1155.6800807091756,158175.99802581986
28,46,1.0535455749288896,1.5295859862547914,1.5665312797611726,1.346195573620909,1.0076172547093576,0.10945813675770313,1.0,1.0,0.9,0.7,0.2,84,1162.0037420007409,86887.61813493771
28,47,1.0522131878856893,1.5379048645867905,1.5874913416051315,1.367700567357594,1.0006566664322691,0.1085832585451286,1.0,1.0,0.9,0.7,0.2,89,1287.273980494226,87272.21631375761
28,48,1.0655589930636644,1.501635115561964,1.4981168127443296,1.34102317495984,1.0191387210402227,0.12523570910333465,1.0,1.0,0.9,0.7,0.2,96,1997.6002425261452,68571140.6634252
28,49,1.0635101611716495,1.4952182605110946,1.4907053288548837,1.3470177105143404,1.052647488779659,0.12455865132056736,1.0,1.0,0.9,0.7,0.2,97,2051.485871563988,68559410.50777067
28,50,1.0639195065420826,1.4951136988827811,1.4904842370839948,1.3511031265101525,1.0174379669788227,0.12519851603945842,1.0,1.0,0.9,0.7,0.2,98,2008.9821853440203,68583119.12464021
28,51,1.0616206900141685,1.4868024459769953,1.480818642251352,1.3535412909558548,1.0398880909398116,0.12475081105549295,1.0,1.0,0.9,0.7,0.2,100,2043.0384408239056,68597884.38355649
28,52,1.0618837234405814,1.4906322799140088,1.4959492524679068,1.3694450794759427,1.0494955856156147,0.1275848947858684,1.0,1.0,0.9,0.7,0.2,102,1852.1135092224044,68618960.11966012
28,53,1.0608847276632964,1.4794123631602074,1.4824885481249594,1.3773072654869152,1.0623751754802884,0.12965659671143537,1.0,1.0,0.9,0.7,0.2,104,1976.7091312309367,68620229.68395936
28,54,1.061677823768941,1.4786224351991322,1.4813546674117584,1.385480235633972,1.0249233800050328,0.1310099895228537,1.0,1.0,0.9,0.7,0.2,106,1990.9175964197943,68627809.09174156
28,55,1.0601867460147607,1.4765314528703828,1.4791336620704811,1.391344041179575,1.0218819354954234,0.12953067201799712,1.0,1.0,0.9,0.7,0.2,107,1986.547767513976,68623681.21697
28,56,1.060616972143678,1.4751889985319706,1.4774074095880467,1.3920364198008555,1.0331251673241937,0.13052887335213378,1.0,1.0,0.9,0.7,0.2,108,1960.4419006847568,68623649.13336027
28,57,1.059276844316968,1.473190527580553,1.475266704858463,1.3980576557694164,1.02211200664168,0.12923136999298143,1.0,1.0,0.9,0.7,0.2,109,2003.8560070964984,68635346.90291412
28,58,1.0589459521991678,1.48402843965719,1.499097465129495,1.4159366834699958,1.0161427365670783,0.12887398798395794,1.0,1.0,0.9,0.7,0.2,111,2001.017246961415,68637437.41935742
28,59,1.0541141698902128,1.476009030131581,1.49039109754643,1.42620657966131,1.0400019754740633,0.1244202051818503,1.0,1.0,0.9,0.7,0.2,112,2011.4147066258377,68615266.54549542
28,60,1.0457729877200879,1.472626514206462,1.4986723515179723,1.3462903272165636,1.0233654961666667,0.11688562180290922,1.0,1.0,0.9,0.7,0.2,115,2148.751012252877,68480454.54276727
28,61,1.0450312030805393,1.4851558749429996,1.5352670738390672,1.3819961942499057,1.0329450484115361,0.11846803475389571,1.0,1.0,0.9,0.7,0.2,118,2004.165960845336,68377492.65163252
28,62,1.0418517015996471,1.4928817608547933,1.55593043334379,1.3863812677547696,1.0060983395184497,0.11501206192079302,1.0,1.0,0.9,0.7,0.2,119,1899.83059276195,68427035.0458717
28,63,1.0450246092719524,1.4812078597693494,1.5304909557226163,1.3863982044581233,1.03871583191936,0.11945401482157222,1.0,1.0,0.9,0.7,0.2,120,2042.958505113756,68380665.4380291
28,64,1.8362157495020457,2.255351475832203,2.290410703991057,2.2521461270384333,1.8504945716713572,1.0,1.0,1.0,0.9,0.7,0.2,121,3.6809624162285695e+19,132095549.8447564
28,65,1.036191254131705,1.436824628206087,1.4680763157942895,1.3764107501400915,1.158346558382354,0.11522937757490843,1.0,1.0,0.9,0.7,0.2,122,1924.19735487862,68476612.19685695
28,66,1.8314115207180368,2.237526515570832,2.280614718079566,2.264337956213387,1.8474744599015074,1.0,1.0,1.0,0.9,0.7,0.2,123,3.6809624155643728e+19,132132907.47725956
28,67,1.830958270006762,2.2122100490540735,2.228799199906668,2.249052508269279,1.8204816957396834,1.0,1.0,1.0,0.9,0.7,0.2,124,3.687103261411226e+21,480351633.3987812
28,68,1.8284586702545842,2.2176879319799476,2.2573788360825713,2.2699537971373545,1.9180755558926739,1.0,1.0,1.0,0.9,0.7,0.2,125,3.680962415449584e+19,132129489.28430375
28,69,1.8283535707300722,2.228150977298868,2.2807153071654733,2.281279288105332,1.8025828305150438,1.0,1.0,1.0,0.9,0.7,0.2,127,3.6809624158172537e+19,132129413.71305884
28,70,1.8235607110104455,2.1803319537899264,2.2136252739625446,2.2704447418322857,2.055723265511545,1.0,1.0,1.0,0.9,0.7,0.2,128,3.687103261301397e+21,480145321.2326597
28,71,1.8226098900686634,2.1722983181765922,2.2042158309767403,2.277253634473409,1.8280535016886432,1.0,1.0,1.0,0.9,0.7,0.2,130,3.68710326125507e+21,480137011.00751054
28,72,1.8193081323065525,2.1532073636245905,2.192937123881791,2.2669385031263873,2.012109342097218,1.0,1.0,1.0,0.9,0.7,0.2,131,3.687103261331296e+21,480196318.5256917
28,73,1.8172759899970774,2.1209608392319748,2.144086523149072,2.2838655137802846,1.9464548494823894,1.0,1.0,1.0,0.9,0.7,0.2,132,3.687103261287532e+21,480274923.18423146
28,74,1.8157822930124283,2.1041910736717213,2.1244448145177937,2.289923339835978,1.8585598037018343,1.0,1.0,1.0,0.9,0.7,0.2,134,3.687103261285444e+21,480272025.68081343
28,75,1.8148169478684617,2.1038491440861353,2.135126023754772,2.2964609434771157,1.840320323782423,1.0,1.0,1.0,0.9,0.7,0.2,136,3.687103261285084e+21,480261084.0950256
28,76,1.811863258822367,2.0755095071384213,2.113014666059326,2.31942942108687,1.892065986939569,1.0,1.0,1.0,0.9,0.7,0.2,139,3.687103261069562e+21,480204077.2959057
28,77,1.8108409451085536,2.0600159937563656,2.0948678175422906,2.3370051892661428,1.8180337305184513,1.0,1.0,1.0,0.9,0.7,0.2,145,3.687103261060936e+21,480140936.45717657
28,78,1.8096216509985978,2.0400177290490125,2.0714446679320027,2.3465667416391662,1.869836936410159,1.0,1.0,1.0,0.9,0.7,0.2,147,3.687103261062234e+21,480187260.11746246
28,79,1.809308944631131,2.0345878872299132,2.0650850492860275,2.3536676431139805,1.8189592180105578,1.0,1.0,1.0,0.9,0.7,0.2,149,3.68710326101468e+21,480193194.7791296
28,80,1.8092666603346441,2.04504768421777,2.088417714650088,2.373124414595355,1.8010402559741296,1.0,1.0,1.0,0.9,0.7,0.2,154,3.687103261102467e+21,480073409.1707244
28,81,1.80824471845286,2.026261217961732,2.0664139669356523,2.379470173994525,1.9312180870238613,1.0,1.0,1.0,0.9,0.7,0.2,155,3.687103261048181e+21,480055345.6001597
28,82,1.8073162438143988,1.9965116343678555,2.020487929900234,2.3888271138163395,1.9295743924430755,1.0,1.0,1.0,0.9,0.7,0.2,156,3.687103261109945e+21,479972780.460704
28,83,1.8061276470165626,1.970264777448718,1.9897460548803028,2.394058730485103,1.8916316147195034,1.0,1.0,1.0,0.9,0.7,0.2,158,3.687103261146936e+21,479950381.1910151
28,84,1.8061148175740402,1.9699643068253847,1.989394025887549,2.401683478024709,1.8010489182956524,1.0,1.0,1.0,0.9,0.7,0.2,160,3.687103261164197e+21,479951256.8281539
28,85,1.8056524118118473,1.9700535504472227,2.000580477108535,2.2742253329936277,1.8258792438427747,1.0,1.0,1.0,0.9,0.7,0.2,163,3.687103261144979e+21,479944667.1276971
28,86,1.8056229097024672,1.9693250694651323,1.999727208698141,2.266662595630475,1.8025400603461372,1.0,1.0,1.0,0.9,0.7,0.2,165,3.6871032610986514e+21,479936309.70418006
28,87,1.8054003251550816,2.0422900221100218,2.1627600044146336,2.346554191030842,1.8194585770997524,1.0,1.0,1.0,0.9,0.7,0.2,167,3.769201408356245e+21,490651986.5204255
28,88,1.8051717628382973,2.036316512249841,2.1557635184054402,2.3459848808999464,1.820495545843196,1.0,1.0,1.0,0.9,0.7,0.2,169,3.769201408409344e+21,490662799.8536372
28,89,1.8050665912768065,1.9663349807215822,2.0073066258483636,2.4396011333491794,1.819231815576685,1.0,1.0,1.0,0.9,0.7,0.2,170,3.8531275777160847e+21,501585708.853501
28,90,1.8050592443185398,1.9661412776113483,2.007079988729823,2.4473794778186724,1.8006763657745763,1.0,1.0,1.0,0.9,0.7,0.2,172,3.7692009835348833e+21,490665419.8082138
28,91,1.8049491933518078,2.0304493424907775,2.1488915712645134,2.3412480923353742,1.8203962831910456,1.0,1.0,1.0,0.9,0.7,0.2,173,3.769201408455525e+21,490668857.5412674
28,92,1.8048503502141793,1.9493649299065718,1.9763488090921508,2.454668797279867,1.818553969047686,1.0,1.0,1.0,0.9,0.7,0.2,174,3.687103261176955e+21,480021814.41588897
28,93,1.804696630345765,1.9451673168315264,1.9714322140451759,2.4581773091637142,1.809762863633776,1.0,1.0,1.0,0.9,0.7,0.2,177,3.687103261143144e+21,480019594.6838929
28,94,1.8044635542388436,1.938654925944463,1.963804503635183,2.4731718229902517,1.822738024157678,1.0,1.0,1.0,0.9,0.7,0.2,179,3.687103261171676e+21,480024913.3708229
28,95,1.8044310345369587,1.9489355518294729,1.9869273951521176,2.485445440165081,1.8032307442851192,1.0,1.0,1.0,0.9,0.7,0.2,181,3.6871032611550265e+21,480020853.317567
28,96,1.804272426508178,1.944374040192968,1.9815849532900505,2.4928686346526505,1.8318563674395019,1.0,1.0,1.0,0.9,0.7,0.2,182,3.6871032611146967e+21,480014290.4726703
28,97,1.8042525596910521,1.9437961791933283,1.980908125879006,2.4973214310433045,1.8013449698957045,1.0,1.0,1.0,0.9,0.7,0.2,185,3.6871032611457566e+21,480009003.7864539
28,98,1.8041566829845694,1.9409924420739226,1.9776241185987973,2.500406844934271,1.8196241075972877,1.0,1.0,1.0,0.9,0.7,0.2,186,3.687103261117569e+21,480003048.6765898
28,99,1.804011166649923,1.925579538591669,1.9484898973256424,2.5109806241479147,1.815134316876277,1.0,1.0,1.0,0.9,0.7,0.2,188,3.687103261205944e+21,480028744.617792
29,0,0.7685321822261556,0.941235126597292,0.8821974509295205,0.007364632186192171,0.0,0.0,0.0,0.0,0.9,0.7,0.2,1,4550.314266473199,6910.691873093363
29,1,0.8234366197712847,1.0071908006015529,0.9473679149671153,0.08087951898015051,0.0865547528693773,0.07828222811733856,8.264843040355e-05,0.00014630752434526998,0.9,0.7,0.2,3,4398.710849393001,6822.243075377565
29,2,0.8076206712101314,1.0086592297740855,0.9475602020123859,0.09143132908344315,0.13150188114242806,0.07667874631684042,0.009109039184304819,0.020367546672043248,0.9,0.7,0.2,4,4129.500744887352,6728.591920403141
29,3,1.1357818828526942,1.3764557590020505,1.312174629009761,0.48146346914184196,0.5956126882280823,0.21486972461500292,0.10350778871163077,1.0,0.9,0.7,0.2,5,4655.13506827938,1060241.6583891036
29,4,1.0210149449634238,1.2974994342064319,1.2440396861476548,0.40174666946708076,0.47766367362292983,0.07978697239320108,0.2759720072224809,0.6170653812716785,0.9,0.7,0.2,6,2342.9937892053704,6892.016042090561
29,5,0.6667446810656396,1.0113324900462863,0.9648722363502144,0.1402630918598603,0.3704255121761049,0.09560495896316087,0.037975799267912405,0.06722626369055677,0.9,0.7,0.2,7,2027.4678165814817,5390.405004828072
29,6,0.7680477193940652,1.1327904856580895,1.0694751776436482,0.2986744516558465,0.44439450720285273,0.09406993140947875,0.22979188344466822,0.1786183410410689,0.9,0.7,0.2,8,1539.0065515231986,2253.275923235771
29,7,0.5480913526906204,0.9738894847277498,0.9142506051392132,0.1779515052273122,0.5399549411746662,0.09274375558859912,0.07059200465420393,0.16349132855538043,0.9,0.7,0.2,9,2487.5669897678827,4118.33623901456
29,8,0.7383252886034801,1.1921422758412614,1.123549500576118,0.45155746599173835,0.8012151190365043,0.09399142763901433,0.3801123382120926,0.42723758298312325,0.9,0.7,0.2,10,3567.868646527233,4112.657795441179
29,9,0.4920609528422761,0.9475674214473048,0.8781463102947595,0.2091099446198575,0.23016212523127078,0.0907018132754416,0.09850047244610388,0.2289927854188476,0.9,0.7,0.2,11,3322.7339117042275,5985.522489612384
29,10,0.4725589803305341,0.9355868696198459,0.8609860515932704,0.23053215346787892,0.3202647673884108,0.0946150405930771,0.11324981312291431,0.25108300880030854,0.9,0.7,0.2,13,2089.8917954086846,3716.4380842216897
29,11,0.4696972830830169,0.933086791252421,0.8581000249969304,0.23876618955224965,0.22227128778965627,0.09428729641635626,0.113303982423492,0.25113872717127145,0.9,0.7,0.2,15,2140.0684522274346,3601.610033230182
29,12,0.46880680837121025,0.9322981838716009,0.8571989047512694,0.24925676906295474,0.21886013904944707,0.09329969139977368,0.1142644466166501,0.2515608121873613,0.9,0.7,0.2,16,2129.260598632798,3595.912264792455
29,13,0.4482098718305814,0.9251637406708497,0.858624900254336,0.25862784666706196,0.4029256146485375,0.09413211165193727,0.12379546482736148,0.252395597320214,0.9,0.7,0.2,17,2216.1604598608205,3447.379059122389
29,14,0.4455723772688429,0.9225828955130826,0.8555217298593139,0.2686079910737584,0.23297367366882027,0.09459474389504038,0.12386229335248271,0.25242397646868164,0.9,0.7,0.2,19,2112.8860712104715,3536.90051407768
29,15,0.44165265860524383,0.9186633706804819,0.8515975906280924,0.27029293122613973,0.2185247974809698,0.09432265345430708,0.120401700214596,0.2462978974578874,0.9,0.7,0.2,21,2161.687191844156,3564.9356417217723
29,16,0.4411416493021759,0.9181612256881081,0.8509357516573153,0.27621736854515505,0.22211897213333642,0.09447430073632854,0.12072014121802599,0.246653280938341,0.9,0.7,0.2,23,2092.6914392800145,3567.793517100608
29,17,0.6242443184255755,1.0888621858313507,1.004288202664089,0.47560498016143643,0.6035805209452962,0.06841426637578397,0.23511815489686544,1.0,0.9,0.7,0.2,24,2280.2287687153243,4686.648663334227
29,18,1.1599495222675573,1.6460555727306492,1.5861393603450906,1.0342468763107011,0.979724950040582,0.07642621060369668,1.0,1.0,0.9,0.7,0.2,29,3651.158036222367,7137.604079394128
29,19,1.1526844026541228,1.6494264629969178,1.6018155195626962,1.0399328875243863,0.979177848329817,0.07223336898175212,1.0,1.0,0.9,0.7,0.2,31,3680.708368172698,7638.12154481826
29,20,1.119958466120422,1.6071080053873217,1.5521558700327147,1.042374118510267,1.1152480127031594,0.07284213211167448,1.0,1.0,0.9,0.7,0.2,33,3646.6328793384746,7148.4059851489965
29,21,1.1193159419217464,1.617650223549003,1.5756872297038584,1.0527665775811192,0.9651953831898465,0.07218051630100922,1.0,1.0,0.9,0.7,0.2,35,3653.285670787968,7134.991173970511
29,22,1.1193605508137796,1.6174725419196767,1.5753813645540957,1.0644851255435863,0.9681460066735017,0.07281455104404011,1.0,1.0,0.9,0.7,0.2,37,3563.452249215969,7069.679710497774
29,23,1.1115313703907923,1.6366677582329614,1.6301450847737742,1.064265528389071,1.1111788767155633,0.07906936323289364,1.0,1.0,0.9,0.7,0.2,38,4243.906577692405,8466.954791858157
29,24,1.0968964589070016,1.580979236880406,1.5321462399406427,1.0867852098095268,1.0133847309641706,0.07600720668713665,1.0,1.0,0.9,0.7,0.2,41,3622.582389230693,2472.0922977626374
29,25,1.0912007039032003,1.580321533352618,1.5420317271376465,1.1140648791463352,0.987599515136502,0.07877189515868381,1.0,1.0,0.9,0.7,0.2,47,3351.6414788699485,2435.824907459521
29,26,1.0910125395779766,1.5799802876262035,1.5416319954277016,1.1213991439896045,0.9720856068565853,0.07877189515868381,1.0,1.0,0.9,0.7,0.2,49,3384.436521207831,2408.4078374438827
29,27,1.090875201008966,1.5681478410642062,1.516612018858572,1.1185313214916397,0.9789762076071438,0.07928595902145075,1.0,1.0,0.9,0.7,0.2,50,3384.5143592641834,2415.723608828354
29,28,1.0894484715958992,1.5653751411809866,1.5133326005958678,1.1249056873723449,0.9818754252148021,0.079492644377954,1.0,1.0,0.9,0.7,0.2,52,3285.857547685624,2416.6557963985997
29,29,1.0699912190421732,1.5552944112182634,1.5246890571809097,1.131472154146877,1.1520090473989233,0.07300476276291638,1.0,1.0,0.9,0.7,0.2,53,3770.471504617565,2606.4133166062807
29,30,1.120303662479885,1.5994032809824847,1.5668027986477762,1.1842249652390433,1.0620596774954572,0.13495893240148163,1.0,1.0,0.9,0.7,0.2,55,3357.91555693876,2362.6013038075207
29,31,1.0504557359324092,1.5313627162272676,1.508890138262062,1.126671653165408,1.0175682986603996,0.06554628059038047,1.0,1.0,0.9,0.7,0.2,57,4127.908437480862,2555.4680776018336
29,32,1.0495171659551747,1.5291292359982358,1.5062734052444269,1.1329309140956223,0.9668123330372171,0.06555141378306792,1.0,1.0,0.9,0.7,0.2,59,4198.307208352197,2634.700623919024
29,33,1.039478464875471,1.524407274621107,1.5128419403718674,1.1436045513664699,1.0228331346068662,0.05894979906737905,1.0,1.0,0.9,0.7,0.2,60,4327.200886249745,2630.615875303152
29,34,1.043102023675658,1.5391562057960142,1.5405695262193977,1.153202643656426,0.9575771127884365,0.06303012486143875,1.0,1.0,0.9,0.7,0.2,61,3778.853985424709,2533.0933310830405
29,35,1.0391232439129685,1.534997247515958,1.5363590950523178,1.1527493580899584,0.9549652285661627,0.05874301133440958,1.0,1.0,0.9,0.7,0.2,62,4187.828709733204,2666.013328409921
29,36,1.0337512864111955,1.5232758199301475,1.5228509865295516,1.1564729830860165,1.0245233768812003,0.05731232550501185,1.0,1.0,0.9,0.7,0.2,63,4077.010216618821,2651.014025314279
29,37,1.0332800589167719,1.5225791336181278,1.522092689001562,1.159565375179062,0.9536851581007006,0.05693695749173662,1.0,1.0,0.9,0.7,0.2,64,4098.625482735918,2543.8613942783472
29,38,1.0324867268005065,1.520334939817223,1.5194480151564183,1.168933154472476,0.9595059859409019,0.05704169375275366,1.0,1.0,0.9,0.7,0.2,66,4020.0571991251554,2670.033613850375
29,39,1.033531899239387,1.5206710448403697,1.519589259005711,1.1773105460878859,0.9607569743128284,0.058679143479853604,1.0,1.0,0.9,0.7,0.2,67,3742.775489308072,4540.093005509732
29,40,1.0266434622625547,1.5117414777145963,1.5101025136760675,1.1713354752411298,0.9698636781363761,0.052373307596562335,1.0,1.0,0.9,0.7,0.2,68,3973.090467680255,2740.743386168041
29,41,1.027407442255955,1.5008887918310723,1.4861369221317562,1.1835409201819715,0.9492913809473498,0.05349235403268765,1.0,1.0,0.9,0.7,0.2,72,3352.970175151296,2668.8087663431597
29,42,1.0404549858619931,1.5339325020899792,1.554574185786793,1.3423135635508703,0.9748003226347988,0.07626958794082121,1.0,1.0,0.9,0.7,0.2,96,3105.482438163356,101918.73943282836
29,43,1.0297866981868744,1.4998443981395817,1.5146663927746213,1.3462686488060909,1.0868877316018297,0.07615187129487754,1.0,1.0,0.9,0.7,0.2,98,2850.4615952546787,263204.2741812015
29,44,1.026316254696651,1.5068317223138086,1.534474855428711,1.3610802626157772,0.9678009957778548,0.07263036881042403,1.0,1.0,0.9,0.7,0.2,101,2862.8205025983216,88895.02851235088
29,45,1.0263481760448596,1.5131037465116817,1.5525617100072762,1.3843758078691526,0.9834767848392696,0.07484247416769994,1.0,1.0,0.9,0.7,0.2,104,2892.810067552934,93519.81377725845
29,46,1.0258673077088827,1.5113442752849975,1.5504991565153585,1.391606803407688,0.9735485097124486,0.07485379121604903,1.0,1.0,0.9,0.7,0.2,106,2898.448128553023,93464.68756086253
29,47,1.0262648063235882,1.5110505959064917,1.550042076473516,1.388489199659495,0.9746959852283665,0.07558803239344512,1.0,1.0,0.9,0.7,0.2,107,2847.130239287369,93577.52637714948
29,48,1.0254642197847879,1.501127131760951,1.537980523717901,1.3936127752161138,1.0583083354126714,0.07843366448606862,1.0,1.0,0.9,0.7,0.2,108,2643.626838913403,92702.32054765437
29,49,1.0155488805275652,1.4960889028163018,1.5444879002790965,1.4108948434764235,1.0221360531186743,0.06982551220690822,1.0,1.0,0.9,0.7,0.2,109,54817.901365634905,93701.62832116552
29,50,1.022815220297532,1.5021475403907882,1.5502740758190383,1.4147637978761087,0.9812597110083845,0.0783268173395213,1.0,1.0,0.9,0.7,0.2,110,2612.7877566549605,80882.71766018524
29,51,1.0076758733660987,1.4807776428028492,1.537992876590199,1.4140548073942492,1.1203718450825624,0.06751236400429486,1.0,1.0,0.9,0.7,0.2,111,53877.49216217581,108915.24932784536
29,52,1.008147365319678,1.4801999573599296,1.5371833630189922,1.4220680751329942,0.9710431958506018,0.06837498146651659,1.0,1.0,0.9,0.7,0.2,112,53991.15549099486,109097.57874567792
29,53,1.002863229630531,1.4673033262235953,1.5226200391602183,1.4143941510758173,1.0260887298748227,0.06485853453741758,1.0,1.0,0.9,0.7,0.2,113,28425.780100565014,108395.380021846
29,54,1.0028972709424175,1.4656738713835435,1.5206285363318253,1.4221691569500818,0.9736265307891061,0.06539651552991253,1.0,1.0,0.9,0.7,0.2,114,28590.583261060423,108746.16440162688
29,55,1.0025223128354042,1.462178692938159,1.5164570437802414,1.4297554788286762,0.9731052400928906,0.06590165015492135,1.0,1.0,0.9,0.7,0.2,116,28476.675130850857,108671.65891904484
29,56,0.9977382543257993,1.4554129109737899,1.5092632885914006,1.4327503654544316,0.9724868116060215,0.06116058287391056,1.0,1.0,0.9,0.7,0.2,117,28527.65061087104,inf
29,57,1.0018469387888316,1.4590462030929843,1.5127939593797242,1.440680741403954,0.9613842524744114,0.0658635769658286,1.0,1.0,0.9,0.7,0.2,119,28741.31889080435,107727.67891603777
29,58,1.000474071818821,1.4538387368071433,1.5067624471619259,1.4398412339808766,0.9924748493477602,0.06542376234640605,1.0,1.0,0.9,0.7,0.2,120,28813.35335070124,108587.9792393514
29,59,0.9924744029794632,1.4629574629098265,1.5407525354923586,1.4475294389698152,0.9675403964171161,0.05798638832648283,1.0,1.0,0.9,0.7,0.2,123,2850.131993030536,128729.9301223804
29,60,0.9903830204028576,1.4445613500355465,1.5082741794485879,1.4420647997056961,0.9733803959301235,0.057013643944171535,1.0,1.0,0.9,0.7,0.2,125,2824.455142687239,128103.15330796751
29,61,0.990297610111037,1.4547602862472364,1.531279411732015,1.4573396602409645,0.9553904052306781,0.057156529523966035,1.0,1.0,0.9,0.7,0.2,127,2794.9188282425653,128542.40645583766
29,62,0.9874405429743964,1.4625468855794048,1.5519477994628448,1.473873352398405,0.9511769197637023,0.05412951160315134,1.0,1.0,0.9,0.7,0.2,129,2869.051090897688,105501.254442095
29,63,0.9873472613098597,1.4351452231135748,1.4975134191365782,1.4779010965010546,0.9582088374387088,0.05527523415199172,1.0,1.0,0.9,0.7,0.2,134,2656.218124949381,102150.55405474742
29,64,0.9867894802340507,1.4418671896974684,1.5164166834586157,1.4893647215754025,0.9831465879329226,0.0556097251086294,1.0,1.0,0.9,0.7,0.2,135,2785.890857160867,106533.29613948062
29,65,0.9854568582507011,1.4208062115428775,1.5020099491418977,1.4985430440775478,1.2136539567424736,0.0609339527943619,1.0,1.0,0.9,0.7,0.2,136,2634.676820256075,131631.01078874076
29,66,0.9844454697390443,1.4269980611665571,1.5203960097391973,1.513257420011606,0.970984669804561,0.06059717184489631,1.0,1.0,0.9,0.7,0.2,138,2665.55084771835,128982.45111895306
29,67,0.9802623056976612,1.400399332704786,1.4785521455944084,1.509616218658692,0.998014834146314,0.05805413664469259,1.0,1.0,0.9,0.7,0.2,140,2593.3789037485158,128086.5739183782
29,68,0.9792532924191115,1.3957651724237963,1.4731966522109075,1.520290796205904,0.9665676171727782,0.057585135888077586,1.0,1.0,0.9,0.7,0.2,142,2658.685321271992,127340.6932464486
29,69,0.9891230013790175,1.395011135348904,1.470341805891193,1.550142986012838,1.0061447069246854,0.07037720008006063,1.0,1.0,0.9,0.7,0.2,144,2568.771034270313,20030.623096154864
29,70,0.9728336971509015,1.3550931076623407,1.4475025168714335,1.5938583465835394,0.9791044617405513,0.059014152205583516,1.0,1.0,0.9,0.7,0.2,158,2669.8429797299987,127039.691726237
29,71,0.9726756517504964,1.3537835985452906,1.4459731953622257,1.6015112105258777,0.957571993790924,0.05898555833006258,1.0,1.0,0.9,0.7,0.2,160,2675.97642051063,127022.73256809074
29,72,0.9732929853152898,1.3607054684080666,1.4649615567493701,1.6103423135494803,0.992365530720497,0.06028700065494831,1.0,1.0,0.9,0.7,0.2,161,2598.294669942009,127791.51831953056
29,73,0.9714845512359433,1.3462536627245387,1.4372354413482282,1.6081820918074354,0.9637543595481559,0.05845484931000909,1.0,1.0,0.9,0.7,0.2,162,2642.313402605868,126445.02951970843
29,74,0.9720531615142547,1.3303980555615293,1.407385955027001,1.6005648217594084,0.9950322845124469,0.059731967034594505,1.0,1.0,0.9,0.7,0.2,163,2627.490465290274,127696.24164749152
29,75,0.971391002007312,1.3345605353716559,1.423342940430494,1.6120484485998026,0.9779686297763306,0.05973196703459458,1.0,1.0,0.9,0.7,0.2,165,2566.8712591606622,127435.73632522993
29,76,0.9712392728377368,1.3328144315286874,1.4212955956324014,1.63581586820039,0.9599194382963341,0.05974654911778332,1.0,1.0,0.9,0.7,0.2,167,2587.731803854382,127718.70831026466
29,77,0.9678268306527327,1.3473618402911265,1.4610046548516735,1.6591717108363784,0.9546158064165393,0.05645758258587681,1.0,1.0,0.9,0.7,0.2,176,2669.9655956564397,1121609.6308103888
29,78,0.9711509773189668,1.3664386616232929,1.5048300596221524,1.6873712124679587,0.9718192242603345,0.06088088487270663,1.0,1.0,0.9,0.7,0.2,179,2549.6815805548763,127688.3707386224
30,0,0.9730560317336571,0.993900489087531,0.9438821166778277,0.012207057973661237,0.0,0.0,0.0,0.0,0.9,0.7,0.2,1,1170.9783780536643,7719.731526176145
30,1,1.0144949812610085,1.053750889799347,1.0027782275329158,0.08051298955730293,0.08488263780834807,0.07258063709722555,0.00010534518783734,0.00013170592161439,0.9,0.7,0.2,3,1145.7727092243035,7700.219769258982
30,2,0.9707070005871509,1.0439278754084382,0.9911085672696808,0.08279862680910723,0.1416924114770607,0.059825054517621976,0.01493926568646248,0.01041349088523862,0.9,0.7,0.2,4,1169.878971419404,7465.379835063111
30,3,0.6863973465406179,1.0368217227537935,0.975217399923551,0.1825789714471829,1.063752618299497,0.08893553371902074,0.10024776216838771,0.12533295708335995,0.9,0.7,0.2,5,1555.817979201968,4775.590191410123
30,4,0.6540492685459616,1.0581657550384376,0.9878577325737996,0.2547204828657912,0.42512235200241644,0.09393858058418711,0.16150671370832997,0.24924574216715895,0.9,0.7,0.2,7,1672.2249452903875,5821.679954159035
30,5,0.6235549992107543,1.06181969269131,0.9820978749258746,0.3133935109651927,0.497835074628705,0.10818995213594736,0.20271156678949187,0.3340102735582517,0.9,0.7,0.2,9,1882.80062284089,5678.038233519287
30,6,0.59686229469207,1.0472790983102838,0.9801775199018978,0.30246428755959454,0.28643142373830194,0.10984036030317076,0.1800618721943898,0.28824109009283816,0.9,0.7,0.2,13,1835.6936858507036,4766.626082707609
30,7,0.7860780044074736,1.2258226761596767,1.1455130617776994,0.502807905648357,0.47565823332418544,0.11554769800632347,0.24216207547061624,1.0,0.9,0.7,0.2,17,1500.24660414842,74204.0637738819
30,8,0.9070504268672244,1.3491037492178484,1.267771534895502,0.6398166794804154,0.6235363932351512,0.09218915107081524,0.4568409663031824,1.0,0.9,0.7,0.2,19,1954.9701866827425,5802.265774442779
30,9,0.7890932148433389,1.2372213955682363,1.1526167960457179,0.5504130921586357,0.5767939644044237,0.10478673989408238,0.3081086156551112,1.0,0.9,0.7,0.2,21,1246.6748545294408,73108.15217989663
30,10,0.8150727937979882,1.2675494641280134,1.179231028979291,0.6055452769160095,0.6376468460364648,0.11129244849986986,0.3740509639630303,1.0,0.9,0.7,0.2,23,1452.9992078994546,71601.58450982237
30,11,0.8140129201498827,1.277823935280482,1.2023468339852803,0.6126380212035034,0.5652390118167346,0.11129244849986986,0.3740509639630292,1.0,0.9,0.7,0.2,25,1383.976096019025,72006.82344692678
30,12,1.2573611292501419,1.746820068460451,1.6920409685332307,1.1077135610533684,1.152042290147598,0.15505717505962965,1.0,1.0,0.9,0.7,0.2,27,2080.1306163187774,65098.15400873625
30,13,1.2360512137148785,1.7340818176328443,1.688202027055728,1.1131208615433748,1.1188303315686623,0.1550630571289367,1.0,1.0,0.9,0.7,0.2,29,1753.6135712237294,67077.31268720166
30,14,1.2382400740419903,1.7018451624147082,1.615810650750811,1.1019067956297963,1.0633503455764166,0.1640741794536144,1.0,1.0,0.9,0.7,0.2,32,1859.0743328878311,96588.82085020392
30,15,1.2075520368762793,1.7112538241880564,1.672782948469024,1.1227269917003178,1.2192382432015638,0.15352712290488,1.0,1.0,0.9,0.7,0.2,33,1706.0577308736647,105129.14813056707
30,16,1.192527643498341,1.6943137180953347,1.6544941399430633,1.1191036363498972,1.0565750875411042,0.1434557107013964,1.0,1.0,0.9,0.7,0.2,35,1640.9422131227377,92955.33670594728
30,17,1.1970997303083244,1.6984730403339758,1.658379479644194,1.1278014248611927,1.0460403420059297,0.1498544538569638,1.0,1.0,0.9,0.7,0.2,36,1672.479025805648,95034.62954537629
30,18,1.1842948871851555,1.6849187643454628,1.6443400163376516,1.1199103472314822,1.0439598301617974,0.13794236888189956,1.0,1.0,0.9,0.7,0.2,37,1655.6690226627404,104130.16592782114
30,19,1.1639221452283486,1.6634969550985879,1.6295151212717993,1.1430012069942423,1.2900555193065621,0.1432387563018109,1.0,1.0,0.9,0.7,0.2,38,3670.1870799404337,65021.48636437114
30,20,1.1567261906608992,1.6544315111762138,1.6195418438897233,1.145250277750711,1.0447902929115906,0.1390559679050995,1.0,1.0,0.9,0.7,0.2,40,3143.4595670675285,75941.7001096269
30,21,1.1506856677680193,1.655062542226412,1.6313626034560869,1.1528082191654159,1.0609677647256461,0.1390559679050996,1.0,1.0,0.9,0.7,0.2,42,3119.700378400338,75755.88873381374
30,22,1.1506856676661756,1.6662668908868814,1.6555673689772188,1.1714073781442196,1.0251508322860863,0.1390559679050995,1.0,1.0,0.9,0.7,0.2,44,3119.70037797808,75755.88872832835
30,23,1.149656294470956,1.6537445120172964,1.6299270318597745,1.1806629860343871,1.029349931165062,0.138353992870827,1.0,1.0,0.9,0.7,0.2,45,3089.3396574417598,75398.80124082275
30,24,1.1498306512713683,1.6468235568846559,1.6202818775142258,1.184871321599037,1.1446214605438634,0.14833895288501192,1.0,1.0,0.9,0.7,0.2,46,3088.0983974113174,75456.6502006379
30,25,1.0980302755534082,1.658446192429735,1.708510566710394,1.2701328987012197,0.987816697470101,0.09562207791783636,1.0,1.0,0.9,0.7,0.2,79,3377.242162766596,33508.97880481771
30,26,1.080723672491016,1.6327548706957657,1.679943879930534,1.2631318456374518,1.0954974380761777,0.08573146314788209,1.0,1.0,0.9,0.7,0.2,80,3447.1169068015724,34908.43875449611
30,27,1.076598696478922,1.6341026529064133,1.692497658433829,1.286881177134743,0.9919845622233983,0.08642242503727054,1.0,1.0,0.9,0.7,0.2,85,3331.7452756774774,40803.12306012736
30,28,1.0712526146918895,1.6222834608874714,1.678681225947731,1.2857041121290778,1.0591309305363417,0.08624836091083972,1.0,1.0,0.9,0.7,0.2,86,3455.0542578820823,42938.57599087731
30,29,1.0679582163291552,1.614825275633766,1.6699699326447754,1.2988745672606006,1.0033204303566894,0.08609124422578243,1.0,1.0,0.9,0.7,0.2,88,3407.010161641316,41077.16274447243
30,30,1.0672076619248112,1.6241871367223075,1.6920167899674574,1.3162954647988157,0.9837611509112778,0.08609124422578249,1.0,1.0,0.9,0.7,0.2,90,3413.443804221576,40997.25013496359
30,31,1.8874785586776188,2.452392160751356,2.5322777187891363,2.1559249943414964,1.812737555927975,1.0,1.0,1.0,0.9,0.7,0.2,93,5890.30635278106,346036184.36039203
30,32,1.8715644211357758,2.4317100368728317,2.5302169220369626,2.202553665723773,1.9505750137363997,1.0,1.0,1.0,0.9,0.7,0.2,95,2684.55601199629,22724663.80197475
30,33,1.8715042952704806,2.420362248751209,2.5058440487284246,2.195280967589991,1.801252387125807,1.0,1.0,1.0,0.9,0.7,0.2,96,2703.051245572537,22721082.481458507
30,34,1.8671694540405552,2.418157828712939,2.5143437936796458,2.2049340758039655,1.8932480164696093,1.0,1.0,1.0,0.9,0.7,0.2,97,2636.271588282691,22722776.40130248
30,35,1.8637926397352644,2.4296345242883275,2.5499493773778363,2.229641963358434,1.808521871536051,1.0,1.0,1.0,0.9,0.7,0.2,106,2709.8949628210157,22536790.63066258
30,36,1.8575645204757427,2.407795823586559,2.524370616123571,2.2202334827644012,1.876068705014797,1.0,1.0,1.0,0.9,0.7,0.2,108,2726.906056789788,22528701.81612124
30,37,1.8475757250819342,2.37893491498562,2.501648899865107,2.261030757204784,1.8559706316328366,1.0,1.0,1.0,0.9,0.7,0.2,113,2597.9411796896625,22535313.11373236
30,38,1.8461683202703767,2.372663071562016,2.4943030094968432,2.2717107919140513,1.8218888525749772,1.0,1.0,1.0,0.9,0.7,0.2,115,2671.5721146722594,22508144.88329477
30,39,1.8434113608822555,2.3598516538492937,2.4792975194193367,2.2667864040004693,1.8894963663379511,1.0,1.0,1.0,0.9,0.7,0.2,116,2629.619119807674,22529052.51609951
30,40,1.843090211390981,2.3695120194660513,2.5016940435644575,2.2928731375896856,1.8053906962105495,1.0,1.0,1.0,0.9,0.7,0.2,118,3025.829432976675,22618779.34622841
30,41,1.8430810115075127,2.3806720882451877,2.525847038186189,2.3080717890537485,1.800103187222948,1.0,1.0,1.0,0.9,0.7,0.2,121,3020.8608347448726,22619095.736220676
30,42,1.8416845193470757,2.3738977792955653,2.5179125737144776,2.3150143260513385,1.823839623262309,1.0,1.0,1.0,0.9,0.7,0.2,123,2858.136778841015,22611001.664262075
30,43,1.8414445077778032,2.3726642683155656,2.5164677784877414,2.3186675474518106,1.808348865486163,1.0,1.0,1.0,0.9,0.7,0.2,124,2845.959014129025,22612077.528623328
30,44,1.8401991980239911,2.3663925958567535,2.5091220849670037,2.325836460810275,1.8440330121093764,1.0,1.0,1.0,0.9,0.7,0.2,125,2838.1554761225366,22607843.68166712
30,45,1.840048985907519,2.3768474348656197,2.532448976136962,2.340972096779039,1.801080277829002,1.0,1.0,1.0,0.9,0.7,0.2,130,2834.679474318475,22631031.42059729
30,46,1.8399645699795126,2.3763803590517103,2.5319020024773913,2.3447246632341106,1.8030406571982882,1.0,1.0,1.0,0.9,0.7,0.2,131,2835.198781031664,22630440.46205855
30,47,1.838958649142571,2.3822885603610437,2.5499037087517493,2.3520425754536975,1.8366887977147603,1.0,1.0,1.0,0.9,0.7,0.2,132,2899.0355195918432,22626166.934308257
30,48,1.83766621184448,2.3753518348582685,2.5417790239538505,2.3552313247578374,1.848438705240827,1.0,1.0,1.0,0.9,0.7,0.2,133,2845.8035885135587,22626178.440636385
30,49,1.8372038601993266,2.327999716198444,2.441990779399408,2.338803350216282,1.8177052390630342,1.0,1.0,1.0,0.9,0.7,0.2,134,2856.9985135146635,22632695.5563585
30,50,1.836996458943353,2.349261923618915,2.4890576790810526,2.3542492732780915,1.8080101863257056,1.0,1.0,1.0,0.9,0.7,0.2,135,2851.9325224453187,22633354.333743468
30,51,1.836289519117923,2.3229008622181917,2.4360186223009084,2.3495771679954176,1.82759981495147,1.0,1.0,1.0,0.9,0.7,0.2,136,2842.1173824786574,22639823.756258804
30,52,1.831997316039546,2.3197908416724973,2.4545393498861108,2.3547481978398923,1.9790958721480765,1.0,1.0,1.0,0.9,0.7,0.2,137,3679.9861101282286,22576623.117369663
30,53,1.8319973224592732,2.330995190332967,2.478744377870611,2.3666585345581703,1.8000021581684684,1.0,1.0,1.0,0.9,0.7,0.2,139,3679.986343172094,22576623.10239788
30,54,1.8311019348873276,2.325198629033327,2.471955106690703,2.366116935620978,1.820020195604404,1.0,1.0,1.0,0.9,0.7,0.2,141,3592.793176561124,22577178.400598407
30,55,1.8304094320737543,2.3318312081697234,2.4908053570348256,2.3851922479333805,1.831696250023674,1.0,1.0,1.0,0.9,0.7,0.2,142,3567.299872434732,22580988.046088524
30,56,1.8299139581093675,2.3285225265348046,2.486929954169959,2.404486705490932,1.8115394167897354,1.0,1.0,1.0,0.9,0.7,0.2,144,3591.7831601874977,22585316.59087813
30,57,1.829612986052125,2.326494029268318,2.484554201375807,2.399901701621596,1.80708608161937,1.0,1.0,1.0,0.9,0.7,0.2,146,3554.5376809871,22579153.66770836
30,58,1.8370002589616303,2.3941425752341257,2.5859513463780255,2.4324050411919016,1.8200015775320464,1.0,1.0,1.0,0.9,0.7,0.2,155,3295.9801799802563,22513142.788513582
30,59,1.8410887167568109,2.438090784869445,2.6595893813095373,2.4601751546077937,1.9631625508531942,1.0,1.0,1.0,0.9,0.7,0.2,156,3385.591684094538,22515243.94017553
30,60,1.841838169850319,2.441830297782202,2.6639693699999905,2.4719947556566293,1.8281063769111594,1.0,1.0,1.0,0.9,0.7,0.2,159,3411.8289768963778,22521246.68179342
30,61,1.8329269093825817,2.392778276187639,2.606516794834091,2.4713275742791083,1.8159038780205183,1.0,1.0,1.0,0.9,0.7,0.2,160,3603.216097585224,22517281.304636776
30,62,1.8420804832512099,2.454235845076834,2.6895812016386635,2.4797614767335343,1.8112483006955926,1.0,1.0,1.0,0.9,0.7,0.2,161,3357.2526146280434,22526569.387736384
30,63,1.8461430283648748,2.4733871502006917,2.7120121741008765,2.48534441741282,1.814123289447455,1.0,1.0,1.0,0.9,0.7,0.2,162,3472.027060656333,22491770.20375655
30,64,1.8456945472876043,2.460149175329952,2.685425422280594,2.4840759360599174,1.8264749001730622,1.0,1.0,1.0,0.9,0.7,0.2,163,3453.436470500617,22491483.228577934
30,65,1.849924413988025,2.4898558467608374,2.7313011975809802,2.4983344579849227,1.8244456578410695,1.0,1.0,1.0,0.9,0.7,0.2,165,3443.423732965229,22598605.550512068
30,66,1.8375989379041469,2.431009252187174,2.662376873512735,2.50161913806611,1.8005911252522977,1.0,1.0,1.0,0.9,0.7,0.2,166,3691.200503313419,22512373.593414985
30,67,1.8391882079919677,2.439520392466779,2.672345494704736,2.50518348237388,1.821814996724889,1.0,1.0,1.0,0.9,0.7,0.2,167,3800.45270338436,22508759.932300515
30,68,1.8355971168658236,2.408599358112686,2.6250473647956047,2.4983379880414525,1.859882928041934,1.0,1.0,1.0,0.9,0.7,0.2,168,3297.9705487119872,22499948.41639722
30,69,1.838194587768115,2.4342353578271743,2.666155558626377,2.5238263046223706,1.8049664851170413,1.0,1.0,1.0,0.9,0.7,0.2,171,3601.0321404549845,22530469.04949734
30,70,1.8337626046462259,2.42022701560011,2.6608298488040396,2.515002473173495,2.005596730644205,1.0,1.0,1.0,0.9,0.7,0.2,172,3578.111770517239,22504831.22175783
30,71,1.8332024421879762,2.428023181116255,2.6810428745722996,2.5350299951507758,1.8907228869364723,1.0,1.0,1.0,0.9,0.7,0.2,173,3554.6018960946008,22508811.42026361
30,72,1.8327040780715562,2.41375035635474,2.6532440669171358,2.5336531931431674,1.8226294742744964,1.0,1.0,1.0,0.9,0.7,0.2,174,3546.4245551022177,22507503.575310804
30,73,1.8283879409854118,2.385253944692035,2.6198674533743667,2.542585168298002,1.807213992711164,1.0,1.0,1.0,0.9,0.7,0.2,176,3506.531667083816,22492919.75915894
30,74,1.8326901129083495,2.4360723745257333,2.701552155867546,2.5502393231147593,1.816858209473325,1.0,1.0,1.0,0.9,0.7,0.2,177,3557.7826970489623,22508723.463919204
30,75,1.8316650445655,2.4072142013614783,2.645588535390101,2.5470921623646054,1.8562579745889003,1.0,1.0,1.0,0.9,0.7,0.2,178,3530.4175676146942,22509015.802989285
30,76,1.8305271412015753,2.411034751586019,2.661145067309387,2.5772849783252996,1.8025843718070929,1.0,1.0,1.0,0.9,0.7,0.2,182,3596.192318297848,22510493.976985488
