Run,Equation_Index,Hybrid_MSE_Train,Hybrid_AIC_Train,Hybrid_BIC_Train,Hybrid_MDL_Train,Hybrid_PSM_Train,Extrapolation_Divergence,Sensitivity_Interpolation,Sensitivity_Extrapolation,Lambda1,Lambda2,Lambda3,Complexity,MSE_Test_Interpolation,MSE_Test_Extrapolation
1,0,0.6431445611099564,0.9015169278652524,0.8356772624440771,0.0037126713552783843,0.0,0.0,0.0,0.0,0.6,0.9,0.7,1,6328.096169968375,6994.644494371916
1,1,0.673034266260619,0.9395417328490081,0.8729520089882252,0.049110741562988676,0.05769821502784564,0.07039654402387599,7.806692045648e-05,0.00013697358343827,0.6,0.9,0.7,3,5988.334115031348,7123.986898293119
1,2,0.6951532877637673,0.9743699266308293,0.906562263734264,0.0927185035051405,0.13405253863949385,0.09060127439829212,0.0091878115898059,0.0310215930538905,0.6,0.9,0.7,4,5541.561691482352,7255.523004847028
1,3,0.586248122385611,0.9672951494254278,0.901196586794412,0.13688314622036296,0.5924576866070826,0.08608014532280392,0.037754940592171035,0.06624354432282525,0.6,0.9,0.7,5,3183.3390862262377,5428.108192069795
1,4,0.4890729182802242,0.9196239734675592,0.8426302066820249,0.15161171365391007,0.37011435488490196,0.08715372352446393,0.03578175785990424,0.09064373180715052,0.6,0.9,0.7,7,2916.637912065059,4295.217858363379
1,5,0.4400998026583768,0.8814955095565059,0.8004688399951038,0.13999662919641997,0.2156552573190148,0.08522860632137344,0.03237754745738189,0.0758421823322363,0.6,0.9,0.7,9,3479.8286901760102,5252.9572115475
1,6,0.41083860343249684,0.8550201676900832,0.7726596621682833,0.12610719754951522,0.1418234378994067,0.08686426714277859,0.02421155478876639,0.058243792536460746,0.6,0.9,0.7,11,1969.510719611833,14168.621696157705
1,7,0.4806300904753981,0.9503274750747993,0.8922363952259187,0.23482952897798248,0.23300376894946645,0.06961382854085116,0.07961248014655367,0.1203867853968057,0.6,0.9,0.7,13,6025.922933094537,2837.234247564664
1,8,0.4155370659948256,0.8925592490399851,0.8246330772868077,0.23610520814563218,0.39793830741689223,0.08778278626872223,0.06816162640984876,0.11905124568726648,0.6,0.9,0.7,15,6104.772428213506,2931.9946852391963
1,9,0.35928541738326736,0.8342654284713089,0.7614567217560243,0.21076496400133976,0.26709208122464634,0.09448723930713147,0.05267517347891999,0.09066753724761331,0.6,0.9,0.7,17,4136.610689480518,2444.241596441336
1,10,0.33954694870930546,0.8143494212420066,0.741309754379014,0.19931559100118215,0.15371056831728125,0.09429890356130172,0.0439067459915396,0.07557799468644245,0.6,0.9,0.7,19,4022.337182298674,2484.484196781635
1,11,0.3395007595383247,0.8142458085181304,0.7411334880325684,0.20816657225041513,0.15227996957640527,0.09464086037260197,0.044004581112847704,0.07561678649543188,0.6,0.9,0.7,20,4098.875606357978,2602.981852046018
1,12,0.3077060459790432,0.7901380693010961,0.7264909493300983,0.1904533883351483,0.27959888275160133,0.06694121964413095,0.04789383163483514,0.07340421343075873,0.6,0.9,0.7,21,8243.15895072625,2891.007060490753
1,13,0.2980915175441855,0.7758149196869132,0.7089233874355526,0.1991538451736173,0.2050830923236516,0.06452042684996505,0.05053354115424685,0.0786871066013645,0.6,0.9,0.7,23,5804.317986028517,2561.1076596304165
1,14,0.28961137633272704,0.772453902028542,0.7151604061258948,0.21029863043005054,0.21404182314637896,0.06725936895691631,0.05307042461009097,0.08065266642590944,0.6,0.9,0.7,25,8550.443150440198,2987.713378159697
1,15,0.2663052048322741,0.7497735534667392,0.6925459689498474,0.19207732746302655,0.12404199831825055,0.060032704332071564,0.04498105583043374,0.06429631857883497,0.6,0.9,0.7,26,8506.460303215252,2599.891414294479
1,16,0.27121527467748513,0.7575313404681882,0.7096452061649107,0.21583349353270473,0.21131188149975186,0.06737390496356062,0.050302563321812446,0.07676158457758693,0.6,0.9,0.7,28,7899.006476560658,3458.1028734563743
1,17,0.25379096055768685,0.7255281284186392,0.6632230719356029,0.20564527261634377,0.18477616653802884,0.06046706269023414,0.0455651295012439,0.07089253276310303,0.6,0.9,0.7,29,7307.2914297927155,3450.47873264765
1,18,0.2476810963785539,0.7287965473828966,0.6787547866211077,0.20823624988761108,0.1533308433339025,0.06317868308554267,0.04327296166906976,0.06632718810440483,0.6,0.9,0.7,30,7444.055630945647,2903.1022254951195
1,19,0.22871824918740155,0.7044528673882257,0.6523386982755341,0.20299001216803592,0.1532990904806179,0.059957544601741644,0.03804820873790406,0.05831673333570808,0.6,0.9,0.7,32,7690.131884198636,2902.542296279419
1,20,0.2319348281337659,0.6951392509971525,0.6295328389998887,0.21072341520742,0.13589723392596417,0.06146520355142734,0.03848626016783568,0.06326398096829186,0.6,0.9,0.7,33,6782.236656136689,3256.3461289250727
1,21,0.999471442032166,1.4687568839089407,1.4143200965527596,0.9842383758765918,0.9635311917535754,0.22240865263609472,0.07456081609656842,0.9833654893288228,0.6,0.9,0.7,34,10116.158741711388,9425.6006087327
1,22,0.6539432875013378,1.1298581885003567,1.0868237116797828,0.650934968185674,0.5814956632892507,0.1963333460057572,0.06085074162586753,0.5365285964307359,0.6,0.9,0.7,36,8498.607852504074,6007.443138355504
1,23,1.4614434813962784,1.911405227660946,1.8412357083914903,1.4705615297663535,1.3810680576235654,1.0,0.06523617060562044,1.0,0.6,0.9,0.7,38,8595.839919872722,3256.0590994238555
1,24,0.2638464192933225,0.7530862375942138,0.7427679577768724,0.3093577657534591,0.20446472531949955,0.08233903764238659,0.08001992589021881,0.07575837822468653,0.6,0.9,0.7,45,9570.20142699098,3727.4786944710913
1,25,0.2636240159801402,0.7517520610338667,0.7411096355970553,0.31645579162845855,0.18162202821132484,0.08248298454782312,0.08033144730423707,0.0760324314315203,0.6,0.9,0.7,47,9561.31839213575,3748.201384023275
1,26,0.2496746317311524,0.7373930890778565,0.7266318004164256,0.3149732132615727,0.16376889462433433,0.082925847906852,0.07142012837977599,0.06758902303055792,0.6,0.9,0.7,49,9705.557712532089,3583.84311730946
1,27,0.2483423393197804,0.7446424988085174,0.7461260741565843,0.32398955844973004,0.17721258947248197,0.08360309937819582,0.07145233453696716,0.06762018453558188,0.6,0.9,0.7,51,9633.119897299764,3832.613140724848
1,28,0.44235560941688046,0.8875189568881887,0.8451812860505001,0.5500632945741155,0.39919592346047683,0.07960217787318763,0.0762951440958279,0.3571557527165796,0.6,0.9,0.7,57,11337.079588677689,2807.411987883761
1,29,0.7226202234554362,1.1481241395881154,1.1007472338106716,0.8605519144054605,0.6975684658747436,0.08106124930614911,0.3941157483763453,0.3616075932949225,0.6,0.9,0.7,62,10611.275908947067,3156.212082844278
1,30,1.1006651301224715,1.5237132439132672,1.4757236679491776,1.267159928733813,1.0392682061193197,0.04868662016451417,1.0,0.15203045976979565,0.6,0.9,0.7,69,15390.119064109016,5234.998447289922
1,31,1.0998842802730606,1.5323002925608715,1.4968629269442237,1.276677476150761,1.0446086616623032,0.04868662016451417,1.0,0.15203045976979568,0.6,0.9,0.7,71,15325.56946086114,5317.958188428599
1,32,1.0972956097275859,1.5209108702577117,1.4833401478109194,1.2772347881749795,1.1236074574761026,0.048223615806930534,1.0,0.15395268687471766,0.6,0.9,0.7,72,14354.33883738282,5603.154041790418
1,33,1.091925137522081,1.5210148016087819,1.4950786698647105,1.2825556946953196,1.0894462777638536,0.04682894195388049,1.0,0.1506839648550253,0.6,0.9,0.7,73,14033.516645459458,5768.7992379947145
1,34,1.0938700973466107,1.4947188064828663,1.4414135108126909,1.2703420060351323,1.093281896338187,0.04985681517443951,1.0,0.15394823923374373,0.6,0.9,0.7,74,14199.007979697251,5958.761703516523
1,35,1.09300966565301,1.4817596302770935,1.4256667882168825,1.2884339882552291,1.097840796907432,0.05259758585790013,1.0,0.1563385755862911,0.6,0.9,0.7,76,13608.983603749535,10557.362024724212
1,36,1.1030485173785043,1.4970861194231289,1.452654947122136,1.310165529294304,1.0802341072231507,0.05531690885933398,1.0,0.171064896628484,0.6,0.9,0.7,78,15295.48919162837,10769.357200950337
1,37,1.091538975563246,1.4832815142278564,1.4383349521379147,1.3091075612713854,1.05265107512799,0.05432870342182962,1.0,0.15649034136385828,0.6,0.9,0.7,80,14951.993003528318,10700.82117029474
1,38,1.0926773056236727,1.485632369343914,1.451459890692613,1.3221378379584279,1.0921692267792547,0.05797600404662551,1.0,0.15928862967679264,0.6,0.9,0.7,82,16003.337898775764,10502.06654939472
1,39,1.6047024591581058,1.9921962797096815,1.9568327821466602,1.8492729034920272,1.57170827432806,0.05571669957406722,1.0,0.8948226695707007,0.6,0.9,0.7,86,15231.715914005686,10844.247982604322
1,40,0.7145714020731774,1.13532015712753,1.138880207572889,1.074094835626854,0.6699116984112549,0.0661805909372731,0.5654521921967686,0.17308266905381714,0.6,0.9,0.7,109,8794.23912938791,6105.388259922191
1,41,0.7532793871854228,1.164918016256354,1.1771101339331036,1.1193515888547354,0.8028181656068273,0.06430040164345995,0.606978443581796,0.184019977407528,0.6,0.9,0.7,111,7629.1723900761235,4026.613259309728
1,42,0.7030506253978108,1.0942715041744324,1.1021907510426074,1.086013708659809,0.755046609366868,0.06452051292783784,0.565477679868593,0.1719090751502868,0.6,0.9,0.7,113,8002.092321554922,5975.318973310629
1,43,0.7458787074596983,1.120807279939102,1.1253865700903753,1.1340568352688647,0.7821211847299742,0.06408639203656533,0.6075460840007654,0.1839619043273429,0.6,0.9,0.7,115,7821.334746314828,5828.936375085071
1,44,0.7338094532181728,1.1053905783920452,1.1092901703773455,1.1407094910709847,0.7164694063807713,0.07182533387814435,0.5969167829397948,0.1746410799449818,0.6,0.9,0.7,117,7785.010282005525,5780.627814053751
1,45,0.698653077086748,1.0588371839817778,1.0496975490238567,1.0981775110787237,0.6689515359047248,0.0630730899135597,0.5655597693154502,0.1722834061548893,0.6,0.9,0.7,118,7717.383181209467,6380.580817986641
1,46,0.7332355773517196,1.1132472560729827,1.1295864697107005,1.1478322089292583,0.7237848620540044,0.07167941566676861,0.5969077681291042,0.17467417396276264,0.6,0.9,0.7,119,7759.938739131021,5795.820228316348
1,47,0.7315306830682252,1.1071894590407947,1.122650860510596,1.1501500896385088,0.719467700585401,0.07057650009246734,0.5969537311790373,0.1742293496052767,0.6,0.9,0.7,121,7632.205486952586,5949.759447132623
1,48,0.7261299912900813,1.064050675088067,1.0504465230607152,1.1378859448392626,0.7612392298397547,0.06650794194549045,0.5984506958869104,0.1717405068295211,0.6,0.9,0.7,123,7984.945537069683,4988.933585259872
1,49,0.7218263808421566,1.0483028459599852,1.043241244462104,1.1459013446078168,0.8796058014516157,0.06767943010790248,0.5973551027114148,0.17082892334064634,0.6,0.9,0.7,124,7757.031193723972,4877.755047992804
1,50,0.7218248293156492,1.041421870371997,1.0350209505345187,1.1645786944343068,0.7123961697130954,0.06843061272326284,0.5973402701262337,0.17154670707745423,0.6,0.9,0.7,128,7674.260760413978,4803.362045408829
1,51,0.7210715940099284,1.0375470120443047,1.0305402382691606,1.1713010253520821,0.7107735347669724,0.06836212322771083,0.5973720569695685,0.1710822624681979,0.6,0.9,0.7,130,7676.614758570559,4894.02812137863
1,52,0.7214415251669467,1.0192918780607922,0.9978496416516984,1.1713144839627805,0.7582790939290607,0.06757676996377623,0.5978491951800959,0.17303938638336755,0.6,0.9,0.7,131,7554.579755984851,5012.347098535693
1,53,0.7142125387624831,1.0129368896550737,1.0025088479813702,1.1759068124002767,0.7747655047657853,0.06557378478572251,0.5961867258248132,0.16837809919516125,0.6,0.9,0.7,132,7246.870320325116,4989.657187308454
1,54,0.6770837023728412,0.9931117673137667,1.0077073961771,1.1925843035739998,0.6622570113584849,0.06700763818009595,0.5577370410165782,0.164404895095601,0.6,0.9,0.7,140,7171.091917643597,5046.858925735816
1,55,0.6761560939619182,0.9611531436765232,0.9698685473045582,1.1993389507962204,0.7794182304752766,0.06981466081407822,0.5586691363829134,0.16419435708826774,0.6,0.9,0.7,142,7368.542247943496,5114.297166473772
1,56,0.6736674950301937,0.9564414272143816,0.9647391115101834,1.2043906497943238,0.665874482162218,0.06373557476289321,0.559158200952006,0.16552993240248756,0.6,0.9,0.7,144,7183.940876443232,5121.394111190539
1,57,0.6658722287855022,0.9329048802733934,0.9273508674236773,1.1959587930466467,0.6847107443114536,0.059778380357397506,0.5568741736711248,0.16134140579055078,0.6,0.9,0.7,145,7074.605981784121,5348.290620038972
1,58,0.6735939027338979,0.9584962372967968,0.9780936107973348,1.2389139666654292,0.6754650540260765,0.0628984920850703,0.5608189202220781,0.16523055281343818,0.6,0.9,0.7,147,7091.73830598036,4486.718238857771
1,59,0.67312234534429,0.9401223723266275,0.9454683987028955,1.2150487883984822,0.7092984471569184,0.06509234962337605,0.5602527897794756,0.16427028911079003,0.6,0.9,0.7,148,7247.753862140467,4587.507250188146
1,60,0.6725572372476011,0.9394220912820166,0.9447429196450043,1.233354928681179,0.6587654261160364,0.06239528460180134,0.5607519325587306,0.16515043356563539,0.6,0.9,0.7,149,7046.621428978373,4463.946306758511
1,61,0.6725572372535968,0.9506264399179871,0.9689476851416373,1.2568165621198168,0.6577199573280809,0.06239528459094292,0.56075193253733,0.1651504335674591,0.6,0.9,0.7,151,7046.6214272483685,4463.946310591512
1,62,0.6320940463339334,0.8976226187169425,0.9026942863470567,1.2163343916534437,0.6224387713401287,0.06252262354588475,0.5243136451882573,0.1542544467504888,0.6,0.9,0.7,153,7013.100858046007,4577.646807804758
1,63,0.6758215384117358,0.9635669463131833,0.9946039735124048,1.2568839592520278,0.6614088994218187,0.07149701034810027,0.5588388335367125,0.16466455631100713,0.6,0.9,0.7,158,7273.6438554753795,5096.966572995997
1,64,0.6721858915647879,0.9916255190700458,1.0613065619270787,1.31214040854167,0.6613060133901847,0.0633292284215678,0.5608512037057181,0.16412533188139117,0.6,0.9,0.7,162,7100.963396002274,4761.276312501997
1,65,1.328991532672643,1.605197868849765,1.6450164430996514,1.956370738635471,1.4738970186513447,0.06353044549611919,0.6422909157839187,1.0,0.6,0.9,0.7,163,7590.362047498338,5064.942779711408
1,66,1.2656433978292083,1.5350642209344654,1.5736318908034779,1.896705949438693,1.304086530283168,0.07393627437993688,0.56554292981959,1.0,0.6,0.9,0.7,164,7203.502157687723,12532.060298691727
1,67,1.323680366287039,1.589954703600435,1.6388844408672973,1.9666691252497188,1.421157957156104,0.056604684733787644,0.6427559865534859,1.0,0.6,0.9,0.7,165,7494.16673011415,5050.91683520646
1,68,1.321706862578421,1.5311294866145646,1.5587535510909905,1.9623528940873083,1.4821264021880638,0.05840662177725566,0.6425263528620948,1.0,0.6,0.9,0.7,167,7345.127736500493,5182.024878802625
1,69,1.3216751520464105,1.5417303295564755,1.5822515027612485,1.9823761643680513,1.3154159426514211,0.05840662177725566,0.6425263528620948,1.0,0.6,0.9,0.7,169,7353.495522995616,5132.485865631728
1,70,1.3200658698277512,1.5367771443437985,1.5766940978591468,1.8876315852424603,1.320106010613953,0.059529730686696036,0.640194297162677,1.0,0.6,0.9,0.7,172,7264.301896217085,5222.239452338032
1,71,1.1372808404369479,1.3282278794114453,1.3744979393404755,1.8299453930669016,1.1648423912130337,0.06331077092664164,1.0,0.2756690075721508,0.6,0.9,0.7,180,7199.769859332659,4715.554768224953
1,72,1.0704785731649913,1.2520744576300737,1.2966719301517453,1.7742135961301089,1.0782124344754318,0.0645127687429058,1.0,0.17980202333715273,0.6,0.9,0.7,185,7331.818470948148,5279.939057356641
1,73,1.1384683071208657,1.341264176394276,1.4116465858099334,1.8793064836017084,1.1355584940646173,0.0657561735794989,1.0,0.2759396758836284,0.6,0.9,0.7,188,7319.36226005884,4791.621246208718
1,74,1.1384314512320493,1.3515746356356282,1.4348043849548537,1.8998391118363716,1.1388252276187354,0.06575617357949884,1.0,0.2759396758836278,0.6,0.9,0.7,189,7322.175100045131,4779.686534309889
1,75,1.0704200103417063,1.2595413677096978,1.316482087381761,1.8022042004385768,1.068584563865395,0.06395193725961305,1.0,0.18042589049851077,0.6,0.9,0.7,192,7393.492532911425,5193.092420886734
1,76,1.1353011256293564,1.3791923675099411,1.5009122092338758,1.9328893353696464,1.1311223230493308,0.0630318728275549,1.0,0.2739780703095213,0.6,0.9,0.7,198,7226.576534675088,4578.492355489445
2,0,0.6561914119546178,0.9059938119293248,0.8409208212321314,0.004125318391028411,0.0,0.0,0.0,0.0,0.6,0.9,0.7,1,5838.701153768161,7738.23237532027
2,1,0.6956494543935016,0.9550694962266915,0.8891344934308444,0.06116693397993434,0.07168622489806104,0.08987579566720164,7.440955467995e-05,0.00016658966063781,0.6,0.9,0.7,3,5679.354008972681,7642.945016623757
2,2,0.7802447474155542,1.0539502103012612,0.9866776907428166,0.16945855824278971,0.21535579003942257,0.10800611807934957,0.022430491372228557,0.10829834911869689,0.6,0.9,0.7,4,5822.3512821982295,7059.985935587387
2,3,0.5993724243827843,0.9926407698237734,0.9244216564311205,0.1734715199455666,0.7385157164155048,0.11081320709110401,0.04184456055100686,0.09368247359772808,0.6,0.9,0.7,5,3265.6686866489363,5723.367621327269
2,4,0.45657589194224224,0.8955155288856038,0.815527687307944,0.14338440480611164,0.3813262028056379,0.09269950465145495,0.03491076470718154,0.07754371104476394,0.6,0.9,0.7,7,3422.9398909841925,4470.444789811565
2,5,0.4666480997098488,0.9076807480428746,0.8268092098267221,0.16023511191623493,0.19467915424349413,0.092769407207143,0.0419514928690593,0.0931825603999336,0.6,0.9,0.7,8,3308.572999901912,4317.147880922094
2,6,0.4025638054828976,0.8501643440074104,0.7659787098243642,0.12543185686891642,0.25647532529009076,0.0798262452495069,0.0328695968936798,0.06143262660387955,0.6,0.9,0.7,9,3711.3224161299695,5367.1042281542495
2,7,0.35760447530196715,0.8107602548990065,0.7215550875599106,0.11814038135695147,0.21230008153617316,0.08140792003490817,0.028115865725021637,0.0517682769669779,0.6,0.9,0.7,11,2222.7458937491347,3841.525569583164
2,8,0.3417537768451111,0.8073474068366374,0.7285965088232821,0.13442616117639936,0.16259817737187512,0.08356045644473827,0.03034528820543342,0.04741677862079054,0.6,0.9,0.7,13,3977.2989680676897,5390.264802338143
2,9,0.3396465428353548,0.8276946228495207,0.774785423784882,0.13257760206482788,0.11603293517896136,0.08325758661285053,0.029453739040174842,0.0472065704456409,0.6,0.9,0.7,14,3951.22130659503,5383.738381026376
2,10,0.3096684930836891,0.7752455582854813,0.6929359662055132,0.12779013345298593,0.2378520335320605,0.07944906618529561,0.02475854469882726,0.04194886091518832,0.6,0.9,0.7,15,2412.391741205386,3719.8436869287216
2,11,0.29893570092227634,0.7754331347339861,0.7052406529352063,0.12827691877523054,0.111508466864343,0.08368912747922702,0.02132141304278981,0.03436524966466427,0.6,0.9,0.7,17,2404.84210360047,3605.822586671703
2,12,0.2875100185601641,0.7522642047375375,0.6679515792184124,0.12335935477451142,0.11083152743034361,0.08199535994495186,0.01986185168006531,0.029941421117550587,0.6,0.9,0.7,19,2507.9352284913634,3524.590880666465
2,13,0.2837892384854308,0.7480588271372539,0.6629468221944079,0.1286772474026559,0.10479292247233607,0.08261733854372025,0.01990023747078736,0.03001888807762073,0.6,0.9,0.7,21,2471.6344169475096,3488.071957367991
2,14,0.2897381416598201,0.7530477510416943,0.6666326958798813,0.1450576639720388,0.1543500175906118,0.08237214244063953,0.0214333902407528,0.04625483542241652,0.6,0.9,0.7,22,2476.5015324475303,3379.5327743978405
2,15,0.7612668437438259,1.2348871321626855,1.1598873091682795,0.6370145825707745,0.6506512907378754,0.1320589724752152,0.0810839325675772,0.6125322126889996,0.6,0.9,0.7,23,3163.516237224464,2497.270088632175
2,16,0.3428769214487154,0.8093270581063124,0.7293908285648895,0.24229436488807188,0.3805218593932943,0.08826810372169766,0.04270944040299811,0.1326405159449147,0.6,0.9,0.7,24,2841.904738382148,2637.568694535067
2,17,0.27808240757972014,0.7547098469560598,0.6870478935626755,0.1976194648121436,0.13050345685216064,0.07088899543081147,0.03332864267124035,0.0716253799557961,0.6,0.9,0.7,28,2713.028640665136,2485.992274421532
2,18,0.5317998089880078,1.0073400977425282,0.9391544575413577,0.4571067994649291,0.3832379101563558,0.07744859021080816,0.14794174441594587,0.28391118815258076,0.6,0.9,0.7,32,4030.9493324238647,33556.47141927933
2,19,0.4877901498523991,0.9620747180883926,0.8931869427641226,0.4235810190670738,0.35150906483616673,0.07792902309167173,0.12946452386307233,0.24844872916011637,0.6,0.9,0.7,34,3973.5001121817086,33517.26489323686
2,20,0.4796244722415225,0.9423266790178637,0.8602324779035271,0.4148093889583879,0.33824863059364907,0.08619253934124506,0.1369955520648769,0.22119564460451252,0.6,0.9,0.7,35,4223.553397680983,34281.40490846838
2,21,0.5534626045786886,1.0278001016861167,0.9665595389073216,0.5044468535854609,0.6334858001198217,0.07339309762582356,0.17098026574386338,0.3215019910296924,0.6,0.9,0.7,36,4675.282416450754,34915.3529570833
2,22,0.2344610241218451,0.7303350191150015,0.6947482054946595,0.20542848397160152,0.11869761289052301,0.06746812598937284,0.04840956622166859,0.03010699230265128,0.6,0.9,0.7,37,2685.5275428844543,73938.55654988304
2,23,0.5492003965412202,1.019411664777165,0.9564691782826543,0.51997108423592,0.48037240026464856,0.07443937401030509,0.17135293000975224,0.3223392337893022,0.6,0.9,0.7,38,4577.232328521272,35064.89364758703
2,24,0.2101901380413731,0.6918768126965161,0.6600988594268337,0.21419362270515893,0.42814002323712086,0.05691542163697971,0.052422314753055435,0.03972045813071266,0.6,0.9,0.7,39,2594.7879216299057,72572.1165400867
2,25,0.2073022145604835,0.6903969612043165,0.6685784951508014,0.24454010801712014,0.1555465161749016,0.06410946614361326,0.052243810058718976,0.04103086609025301,0.6,0.9,0.7,42,2488.113016332871,71590.6655486162
2,26,0.20549995970702178,0.6961899753693489,0.6862973736095267,0.2602727180541837,0.1369829914712791,0.06410379348965356,0.05320289645669242,0.04103606775288829,0.6,0.9,0.7,44,2487.602592966964,71614.78090974892
2,27,0.19686098004676095,0.6858611656025725,0.6754728638051486,0.26146264554384996,0.11774381559930805,0.0658660730664199,0.04730040249332413,0.03649417055427445,0.6,0.9,0.7,46,2480.6247901608804,71594.91460552523
2,28,0.4484325411339915,0.9144154034026035,0.8778477244339321,0.48882514106959857,0.3633045934396096,0.05773641577870061,0.2574454627565056,0.13328230308917743,0.6,0.9,0.7,48,2849.525556613854,73658.33500605848
2,29,0.6509028434377127,1.1076928590034065,1.0784621816551783,0.7065507568281924,0.6904523226960811,0.08268866846146775,0.2320519320932765,0.4518913554558395,0.6,0.9,0.7,50,9096.307823044408,73754.23964648621
2,30,0.6383251056477479,1.0762844381045595,1.0320615201918706,0.7001213689455072,0.6470251742123819,0.0881255107827065,0.22417907946596075,0.44510508644552466,0.6,0.9,0.7,51,8874.280145222074,69589.23079450181
2,31,0.49724356701844813,0.937511373771006,0.9040238724784421,0.5808906479870192,0.47564448154884403,0.07088121166298945,0.3072872054606763,0.15767370270638265,0.6,0.9,0.7,53,3344.211042149912,68579.50942928165
2,32,0.41730726408833824,0.8687194261901167,0.8482173061385974,0.522622403654196,0.3497050029870351,0.07003436249479085,0.23978845328400133,0.13102904140189128,0.6,0.9,0.7,57,3292.935022500229,68550.63127579037
2,33,0.4464643310302021,0.8974515913064673,0.8870799452871292,0.5527837312210799,0.4131020759743889,0.07243324711309519,0.24437171633234178,0.17206271212825802,0.6,0.9,0.7,61,3394.26992006475,66401.96876135639
2,34,0.4153194842023835,0.8764535012627915,0.8788219534013507,0.553480288395552,0.3559091890305059,0.07720424027281844,0.23447365950898905,0.13686810842559738,0.6,0.9,0.7,65,3701.081801660081,73355.38597299662
2,35,0.41443608877777216,0.8845727902572951,0.8994133201350178,0.5730980044628033,0.37437513016713364,0.07720424014589602,0.23447365954974103,0.1368681085105356,0.6,0.9,0.7,66,3701.42957399811,73129.19939039978
2,36,0.41331821465600144,0.8716821159076729,0.8733857502034763,0.568664530578363,0.3578038222695838,0.07763748650227417,0.2343593426403457,0.13537332219550188,0.6,0.9,0.7,67,3506.7603616884016,73137.97690208197
2,37,0.41338332486201024,0.8707095806449772,0.8721639127618812,0.5794214215177255,0.3629267317585431,0.07678996675843446,0.23406979221801122,0.13716213106628344,0.6,0.9,0.7,68,3674.472907995848,73140.01507713055
2,38,0.4103800141080884,0.8757649933002479,0.8894662377986254,0.5764969760171941,0.3819522471129138,0.07518777296758442,0.23431216780402675,0.13572575117885274,0.6,0.9,0.7,69,3554.980852301948,73064.86697364012
2,39,0.5494104028588572,1.0017682861863884,1.0020385607226117,0.7345331992319373,0.4964921464560069,0.07624333949170745,0.3591362805458259,0.17393474476878096,0.6,0.9,0.7,72,4112.44290661466,74179.25608750251
2,40,1.6647755542904699,2.0990164665464945,2.1054771974323323,1.8925989745019038,1.7605578161925062,0.45540941550988867,0.7147626377424169,1.0,0.6,0.9,0.7,74,5212.475070874376,75893.58212431768
2,41,1.0979409531424142,1.5273211039618806,1.5327771868795224,1.3369609784413283,1.0558271076140868,0.08374335955588665,1.0,0.14350994270151798,0.6,0.9,0.7,80,2439.830679658377,75489.43024457147
2,42,1.4247685464034932,1.8419729291271316,1.8766339567403065,1.6994979045864527,1.7883757213929388,0.08263337249093297,1.0,0.6276652802262669,0.6,0.9,0.7,81,6681637.407857104,74893.45208641599
2,43,1.6887810861255466,2.0925416827770134,2.1137358087829385,1.9683769817985746,1.6728589367518194,0.08907020024615815,1.0,1.0,0.6,0.9,0.7,82,950661.1128519996,75152.64498545209
2,44,1.4232435105953014,1.83484824477766,1.8683504026090931,1.7096803328263679,1.4164527930316173,0.08176978402385375,1.0,0.6278959259163595,0.6,0.9,0.7,83,6680877.475840451,74746.83405837962
2,45,1.098351142749084,1.4944461202977595,1.5140585215003861,1.3830952453098502,1.1014192714975868,0.08560391106275891,1.0,0.16174320290261585,0.6,0.9,0.7,84,2681.695823903238,75105.95861204722
2,46,1.5760099958039633,1.971199481083815,1.9906285968422486,1.8703651473475849,1.5493329162948866,0.07716415396103565,1.0,0.8515824238311481,0.6,0.9,0.7,85,9676251.350520618,75125.36271415232
2,47,1.6837690264640621,2.053906348148489,2.057513525884529,1.9843307906006815,1.7679341548039251,0.08798709346042459,1.0,1.0,0.6,0.9,0.7,86,950056.7976171154,74666.09980230831
2,48,1.682830639559106,2.0500246670940276,2.053036698641484,1.9909339053963329,1.6645750912391022,0.08730962727482103,1.0,1.0,0.6,0.9,0.7,88,949804.4181689952,74526.30189070952
2,49,1.0801338643109877,1.4617588825288665,1.4891685214516617,1.401656600008406,1.08372896484185,0.08019910969262015,1.0,0.14707816505788399,0.6,0.9,0.7,90,2699.4078550967006,74879.80795714425
2,50,1.123711655871877,1.4599094796992937,1.4459636183213016,1.4265950137718364,1.1157566655992976,0.08569534343359007,1.0,0.20737953556276567,0.6,0.9,0.7,95,2513.367836625521,75113.4723738186
2,51,1.258681715752837,1.6294524480370447,1.6654849530947393,1.6150860325649976,1.2744647882681104,0.09704409568884134,1.0,0.39271395367666895,0.6,0.9,0.7,97,5609.320492903253,77463.21046028374
2,52,1.1200313754995856,1.4396008772158286,1.4223787806886883,1.4379413240081085,1.120876184303384,0.08423569374000756,1.0,0.20694685250196948,0.6,0.9,0.7,99,2614.774086191652,74712.69217940285
2,53,1.118576043248225,1.4376098413483769,1.431099545910855,1.4512020201840194,1.1266816343206933,0.08565620848377595,1.0,0.20597133446312652,0.6,0.9,0.7,102,2382.768261466481,74874.91915818918
2,54,1.1164268352605826,1.4287132994163194,1.420895805250412,1.4601352295697887,1.1209687692931931,0.08429698309130476,1.0,0.20533117366663078,0.6,0.9,0.7,104,2398.275584458532,74528.18212124801
2,55,1.1172749771555615,1.4283880244425768,1.4203437047880052,1.4646497045045561,1.1045871005018673,0.08440333887997012,1.0,0.20666742481352268,0.6,0.9,0.7,105,2438.267900826192,80794.21457298148
2,56,1.1164571625995208,1.4235622904743939,1.4147448662698443,1.471184474989376,1.1264951534913366,0.08503804740867524,1.0,0.20567827524708707,0.6,0.9,0.7,106,2372.464547872782,74356.2972457294
2,57,1.1224391020275934,1.4370563555852014,1.4405285537411094,1.4955158109410043,1.1111321832274417,0.08412140097994113,1.0,0.21566454317137618,0.6,0.9,0.7,109,2968.076084815394,74585.50985456108
2,58,1.0548687111342303,1.4158726300357594,1.493366893918772,1.498608025515636,1.1173996423933394,0.0681909851643322,1.0,0.13622886852498078,0.6,0.9,0.7,111,4843.193891814075,75563.95482756609
2,59,1.0477960222295888,1.4037762466873875,1.480317922395772,1.5027503988594213,1.0491747467975965,0.06857072665789023,1.0,0.12657146986345935,0.6,0.9,0.7,113,4865.931158309728,75239.47402128117
2,60,1.0476101015352521,1.4024530179947903,1.4787793006801286,1.510221401203622,1.0340686780287245,0.0684916277522367,1.0,0.12654553795857165,0.6,0.9,0.7,115,4916.585579188118,75237.69238983572
2,61,1.0610579601231593,1.3979521259747658,1.460003143808851,1.5007275667928388,1.0958067290356506,0.08744067090634529,1.0,0.1305121680623278,0.6,0.9,0.7,116,5057.915012398112,75787.74298328624
2,62,1.073373872816691,1.3806462710852911,1.415337833530091,1.490988670584843,1.1122894475630962,0.08306603707212976,1.0,0.15288341980975845,0.6,0.9,0.7,117,2964.970808526802,75260.6515654718
2,63,1.060438391659672,1.3956389268075762,1.4682646819214948,1.5111744739629642,1.0879656400711972,0.08777896017866735,1.0,0.13114632762208728,0.6,0.9,0.7,118,4971.4795044300645,75466.68633406424
2,64,1.073438852991085,1.3811755063427749,1.4268535373981315,1.5022689358811339,1.0965705839493203,0.08202992560946495,1.0,0.15532181929725114,0.6,0.9,0.7,119,2535.717940033686,74631.80297629799
2,65,1.1179941183810878,1.3980221896407317,1.4276234066170208,1.5501193150044674,1.2294100177208314,0.0891014062169059,1.0,0.21499477993027466,0.6,0.9,0.7,120,2960.972868992433,74789.27918339072
2,66,1.0713377120753922,1.3569833901644492,1.398548373803302,1.518149876274946,1.0719063173992018,0.08325327044099964,1.0,0.15402277513253898,0.6,0.9,0.7,123,2921.0930000625776,75058.3916193453
2,67,1.0646218730215855,1.3603244835361339,1.414677604212684,1.5842630760297012,1.0519239378831369,0.08259401532381629,1.0,0.14512680130115335,0.6,0.9,0.7,134,4808.860118395226,74418.82903341699
2,68,1.06499709743074,1.3567273865221374,1.4103450046391208,1.5883935771083582,1.081878846911426,0.0837385858673733,1.0,0.14514124758065813,0.6,0.9,0.7,135,4808.82696008037,74417.38900435601
2,69,1.094713118257808,1.3897173099583373,1.4548710718393227,1.6295836771337355,1.141796949256824,0.08729643196644912,1.0,0.18542934933468297,0.6,0.9,0.7,136,4859.9261495022565,74317.78085059187
2,70,1.095222113102503,1.4005796464356237,1.478577206483858,1.633976523583601,1.0891549700455183,0.08769238962400001,1.0,0.1859102258302013,0.6,0.9,0.7,137,4892.818809504688,74324.21658328906
2,71,1.0693501678958772,1.3624321001977155,1.4272305942422658,1.5838538393536774,1.065562950244035,0.08269520055642912,1.0,0.15335794345059445,0.6,0.9,0.7,138,4899.507087976309,75262.6170854931
2,72,1.0688660786618678,1.36620899436633,1.4427310420637778,1.5869362084534675,1.108726564126295,0.08216446683249924,1.0,0.15385600197762012,0.6,0.9,0.7,139,4866.736872625312,75391.30036775631
2,73,1.067593937606922,1.3379224575191162,1.3985459480593334,1.5889583359985702,1.174887947790198,0.08227631708942333,1.0,0.1535319145195044,0.6,0.9,0.7,140,4424.52551157184,74681.05185426943
2,74,1.0675123635082788,1.3569779364045762,1.4430045105357987,1.6087369343956848,1.0691634348452372,0.08281583154627345,1.0,0.15326644874699036,0.6,0.9,0.7,142,4361.071410090803,74810.32237773904
2,75,1.0663412042232512,1.34596059626236,1.430191543551436,1.6148409767125504,1.093063224807046,0.08172498982328011,1.0,0.15344111255951876,0.6,0.9,0.7,144,4299.472567426103,74551.85827211376
2,76,1.0496157883695065,1.3837113340408738,1.5436281095765647,1.747331051614377,1.0510009828205926,0.08649403143453543,1.0,0.12657645865796002,0.6,0.9,0.7,153,87668.50809929523,74483.38474204946
2,77,1.0491571630804,1.3757510144085239,1.5343082503482264,1.7544228745729673,1.0682037677636789,0.08624337103123446,1.0,0.12676049689076704,0.6,0.9,0.7,155,87553.6134098535,74257.50187585162
2,78,1.1397119791470547,1.4529554314557578,1.5981235394317113,1.8265270614250533,1.1471612083230542,0.07850351678331675,1.0,0.2629348753421751,0.6,0.9,0.7,156,5713.832377413076,86091.90680029233
2,79,1.1423473885467719,1.4541895373955287,1.610081175669145,1.8325376778365978,1.180833961867842,0.0839021328889337,1.0,0.26305798623052123,0.6,0.9,0.7,158,5507.253432457396,78137.2680493107
2,80,1.1380229398538138,1.3893327257668187,1.5013830621090303,1.8269292027567254,1.2301936733484211,0.08020124987193272,1.0,0.2619661372711139,0.6,0.9,0.7,160,4301.421858717869,85719.85042942077
2,81,1.1385321967233941,1.398074551147338,1.5225932104143474,1.8434566161086972,1.1429952256722602,0.08063950896517318,1.0,0.26251401730117535,0.6,0.9,0.7,162,4313.521618375065,78157.9831265019
2,82,1.1379173303529826,1.4051015829495692,1.5419829202909827,1.8629030994565412,1.1381920706243753,0.07978286713502376,1.0,0.2626013548023795,0.6,0.9,0.7,166,4386.398301477983,78026.41992714076
2,83,1.1491131888560315,1.4812735727947766,1.7067539078257656,1.9346168261632195,1.1679907483026462,0.0850240500141063,1.0,0.2749418532185759,0.6,0.9,0.7,170,7663.065375645594,76415.4268733229
2,84,1.142169210616168,1.4498745912065907,1.659992264835757,1.918733824597008,1.2334810290532658,0.08874656030454742,1.0,0.26260607957708604,0.6,0.9,0.7,171,7177.41031571683,85531.16282224187
2,85,1.6500065460058764,1.9158404151067066,2.118529480251011,2.4444502283093827,1.9500357150686478,0.07735838674900565,1.0,1.0,0.6,0.9,0.7,172,23742.30133654205,88029.83868927864
2,86,1.6502506730273987,1.8800283695302134,2.054306395180432,2.4480927964778347,1.7446862434916137,0.07847384797167212,1.0,1.0,0.6,0.9,0.7,173,24545.09939767473,88196.63904454604
2,87,1.652073633713696,1.9010845966405479,2.1008033933545796,2.4497066077382756,1.6604023193540547,0.08167137078417858,1.0,1.0,0.6,0.9,0.7,175,23564.705222598488,86814.54918698111
2,88,1.649504736686993,1.8608802843657164,2.031915129892437,2.4543983671705067,1.7563395719147394,0.07812303791895456,1.0,1.0,0.6,0.9,0.7,176,23623.16459507788,87987.01748783805
2,89,1.6495006599353266,1.8652174606109575,2.048045308714488,2.4745614350057403,1.6716538623134651,0.07842930053417567,1.0,1.0,0.6,0.9,0.7,178,24577.35861494053,88112.49141598037
2,90,1.6492540583931081,1.8510503370821616,2.020400032291959,2.474138604522574,1.666357654567784,0.07813959019501344,1.0,1.0,0.6,0.9,0.7,179,24549.481663603925,88145.43097679442
2,91,1.6519279762325576,1.8752223824246712,2.070412920634964,2.489143110399349,1.6528789634234977,0.08263684765060422,1.0,1.0,0.6,0.9,0.7,181,23377.72562407559,87061.42957441324
2,92,1.648211261232873,1.857921704180658,2.0396935090771686,2.4935815962290633,1.6630047770557286,0.07654697006109488,1.0,1.0,0.6,0.9,0.7,182,24419.5362179787,87789.57680215336
2,93,1.6485175412504858,1.851850471721784,2.0325019285730095,2.4934760999192136,1.6920758210842406,0.07733181389798757,1.0,1.0,0.6,0.9,0.7,183,24583.964621701285,87868.41856461414
2,94,1.1342429796328706,1.3710217349709772,1.5906453583448603,1.98739309864674,1.1325131502686345,0.08195835358312459,1.0,0.26136228597011585,0.6,0.9,0.7,186,7344.8965911845635,89415.42609056638
2,95,1.436540892995923,1.6805887979703789,1.9235571685266655,2.2956635422839797,1.443825691188227,0.07888295512030821,1.0,0.6963832031550716,0.6,0.9,0.7,198,7120.288914890235,80994.04581608498
3,0,0.8893577374420154,0.9738199903148445,0.9203627086272101,0.010360729544651427,0.0,0.0,0.0,0.0,0.6,0.9,0.7,1,2476.329664230657,8284.225276350258
3,1,0.890669237053542,0.9919218749923615,0.9374844306656325,0.037055260213523164,0.04381153500698226,0.03945945654403858,0.00011592375110809001,6.442396946943e-05,0.6,0.9,0.7,3,2402.9189792846782,8069.217531638076
3,2,0.8495270967720631,0.9811067768835381,0.9248085846612859,0.03842430526779959,0.09976628662400376,0.016395304085963,0.015089625713914251,0.00065428106980675,0.6,0.9,0.7,4,2451.6920959042045,8220.79690507463
3,3,0.6595519023151991,0.9953386266727349,0.9356089744000952,0.13117527809123997,0.7934965712491252,0.04826697799299396,0.07283991919410687,0.04048037339596096,0.6,0.9,0.7,5,1667.5946985626713,5060.923192823444
3,4,0.5197265921296665,0.9240841363897844,0.8537060522119553,0.12411266483851499,0.33066280969853773,0.05131948196576874,0.05949224622562268,0.04205835282661573,0.6,0.9,0.7,7,1579.145554223645,2960.6955991132586
3,5,0.3884952793966188,0.8350076382063186,0.7513807388271838,0.11066759033133376,0.3722152791885649,0.04539132189242688,0.052240778273876354,0.03972880074749221,0.6,0.9,0.7,9,2066.5858980363205,5497.135804918017
3,6,0.3719771102516246,0.8204717341778887,0.7357730950534048,0.1112617260448598,0.10882994661033943,0.044260472248677366,0.04750159220523592,0.034966244211163476,0.6,0.9,0.7,12,2023.990361402436,4557.827077960729
3,7,0.5342036244530743,0.9839998798930931,0.8981936729090982,0.28685253236171815,0.30755936166976544,0.04748334750579869,0.10651070772048907,0.1991854910382636,0.6,0.9,0.7,13,1990.6139585552971,67056.10707435153
3,8,0.3641221476862948,0.8142067833256836,0.7282455744101066,0.11879552682569677,0.0983092428492843,0.04422969924174576,0.04847653616247213,0.03532111161866755,0.6,0.9,0.7,15,2028.9361429187984,5267.271714492339
3,9,0.40768157904783686,0.8819442092925099,0.820313179499584,0.1839496299030304,0.1837765858362234,0.04586401598252714,0.09917638975637591,0.04742882884207239,0.6,0.9,0.7,17,2286.5281196982523,7675.806478987511
3,10,0.3722792049739757,0.8369867952925943,0.7602526463186076,0.16406690793399958,0.2142766246030985,0.046940166272249936,0.08078752575158868,0.0394700970144315,0.6,0.9,0.7,18,2246.051334429314,15603.408010590285
3,11,0.3490693941655648,0.8251142339771443,0.7611447979038242,0.14637589182242688,0.11638739708514076,0.0433128966171592,0.0641757194423333,0.03293679131019197,0.6,0.9,0.7,19,2122.097385900641,14929.78865965272
3,12,0.3486390178432426,0.8248258429169427,0.7605942468307492,0.15584712766233427,0.11339075179337706,0.04349299968904289,0.0649535480453534,0.03355749284363474,0.6,0.9,0.7,21,2129.641470316505,14822.6461384105
3,13,0.33191532382892175,0.8082151127426174,0.7437581045037573,0.1448173635560761,0.10194411717141424,0.04227731017401065,0.053496290026669446,0.02748127092365487,0.6,0.9,0.7,22,2119.400204441511,14823.373453791944
3,14,0.3109501276136543,0.7766664352074917,0.6981220637782096,0.13512103234161804,0.09395279901154933,0.03218526420367795,0.04820798910880686,0.02293353184092472,0.6,0.9,0.7,25,2428.063246077634,6784.975289129061
3,15,0.29911399795361066,0.7760822061328938,0.7076922468914583,0.1465520465983252,0.14098539475541874,0.0328433852257176,0.051110605302252275,0.0255378157349613,0.6,0.9,0.7,27,2207.786253911245,16525.04519221182
3,16,0.2742575219728477,0.7504609623931282,0.679621861518741,0.14162695451050533,0.12219704002062143,0.03278170259479485,0.042279321643147585,0.020773710090819488,0.6,0.9,0.7,29,2249.529749178163,14603.868505488086
3,17,0.28069203413575256,0.7562742125615308,0.6843305378283879,0.16399246582033383,0.12957004014458362,0.03301326870901842,0.05229058120035253,0.02522202967152278,0.6,0.9,0.7,30,2494.210245452184,16877.597932133394
3,18,0.2800594501668948,0.7435256326436948,0.657100518619153,0.1775579660938733,0.11224883535672309,0.026883616201933108,0.06851028741925,0.01976973657742322,0.6,0.9,0.7,33,2421.162239466227,6269.204461456907
3,19,0.26227662533191176,0.7334558245294313,0.65683741149021,0.1842936844293524,0.15340223011639859,0.0264393741981535,0.06490577820357091,0.021034675554963488,0.6,0.9,0.7,35,2199.964141176953,4719.377414485475
3,20,0.2467517956455864,0.7142605038125626,0.6350010699349331,0.18733330419271507,0.13907835356460774,0.03690565875853976,0.05624646234015129,0.01780610554504871,0.6,0.9,0.7,37,2044.671297985052,15484.553342412975
3,21,0.23849736961119228,0.7146198683145392,0.646768601742343,0.19419342871265965,0.11616448555466052,0.0289833048769028,0.058440168420345426,0.0195658798158468,0.6,0.9,0.7,39,2105.2073883426137,12673.19365748101
3,22,0.2396129532289897,0.7138995740190582,0.6450129911185437,0.20744291737155618,0.11010493391182226,0.03252937892186722,0.060477488516405706,0.021514393000179217,0.6,0.9,0.7,41,2021.5681629667656,10973.073542589747
3,23,0.23846896594156286,0.710771301063826,0.6408272495879352,0.22168475423368034,0.13522033175154125,0.031176510193874678,0.06464597866837826,0.02166684090143432,0.6,0.9,0.7,42,2232.679624821994,14753.64330029218
3,24,0.7140873786330497,1.2024741490507629,1.1554963797122317,0.7125455551692843,0.6038263385834466,0.31133900036317547,0.06721931935044363,0.47395395484249236,0.6,0.9,0.7,47,1830.9226575411008,9663.86951539729
3,25,0.7214570799790078,1.2075125421159063,1.1595135067067868,0.7262255045071531,0.6316708981131021,0.3283498009609596,0.06777451208194255,0.4743758409224127,0.6,0.9,0.7,48,1656.3940302225262,7847.258205646275
3,26,0.7213793492129867,1.2185871284986447,1.1835665684010308,0.7349973278243258,0.5905211790071265,0.3283498009609593,0.06777451208194171,0.47437584092241203,0.6,0.9,0.7,50,1655.6632093648072,7832.352679861297
3,27,0.7072321251769349,1.184165205304334,1.1324941106515738,0.75078715765987,0.6254325056605932,0.34212583163169524,0.05492445450530059,0.4763679850896098,0.6,0.9,0.7,54,2200.613211351103,9831.234576221425
3,28,1.1157786273364925,1.5741418534110563,1.5067607346618401,1.192049841663673,1.1170943001463964,0.30369470838206575,0.13661093151681675,1.0,0.6,0.9,0.7,55,2024.481268609208,424673110.7253392
3,29,1.1146951871607556,1.5685587627778692,1.4996657082608356,1.1916936456472762,1.038694289686068,0.30740970638741694,0.1377406019926118,1.0,0.6,0.9,0.7,57,1961.481460722239,424621513.0206232
3,30,1.1065870102065132,1.5498831974517158,1.477579270374386,1.1976559770651918,1.079343261721779,0.311197077845027,0.13659455236558823,1.0,0.6,0.9,0.7,59,2042.66591470277,424597967.63064766
3,31,1.0985354271645238,1.5388850470438342,1.4656587565094952,1.1977351870517645,1.0425507013033648,0.30837776784203447,0.13223845283898653,1.0,0.6,0.9,0.7,60,2011.5520550440065,424615968.6254064
3,32,1.0833241294630942,1.5201821142036798,1.4458527149120504,1.194404097484674,1.0396405350131084,0.31185772720049254,0.11629440959235607,1.0,0.6,0.9,0.7,61,1960.3210034172268,424862060.7240087
3,33,1.0844776827628586,1.5382748722642008,1.4884227350346273,1.2344281953069,1.0539132213742763,0.3091487391626825,0.12319237740028241,1.0,0.6,0.9,0.7,62,1910.61824368768,425066424.1673599
3,34,1.0784948465703919,1.5251341146660415,1.473245797473087,1.2087158317028615,1.0781590943271215,0.3124466210247149,0.11960339725562877,1.0,0.6,0.9,0.7,63,1889.2647665064585,425128374.0264574
3,35,1.087102513164961,1.5084246056274142,1.4297270758007388,1.2158236712938912,1.0384910770926556,0.31968757248789303,0.12635087813463758,1.0,0.6,0.9,0.7,64,1860.8786723619207,424851602.8006171
3,36,1.0959292478933933,1.516583889345898,1.4376933276231187,1.2220348036164843,1.023312203106622,0.31969299410835833,0.1366661164895995,1.0,0.6,0.9,0.7,65,1884.3820772648503,424579520.4649898
3,37,1.0783543032588723,1.493137990688333,1.4126612312096598,1.2166827622449077,1.0646854816678215,0.3204402178126811,0.12040771964493976,1.0,0.6,0.9,0.7,66,1829.5586502714648,424837598.57187855
3,38,1.0788624842943162,1.4883361483193496,1.4064478328202616,1.2227253191158087,1.0616755489640726,0.3203617579511091,0.12428341972013102,1.0,0.6,0.9,0.7,67,1842.5260841215852,424855216.2396029
3,39,1.206910801541902,1.6289420527619773,1.5705071792600709,1.3622795419161884,1.2410556905084948,0.328305863060717,0.762341646929096,0.3629354871610309,0.6,0.9,0.7,68,4276.132193751399,6558.139248318703
3,40,1.2047248185931196,1.6195339469585457,1.5592831597422594,1.3730059432343724,1.1630095073755045,0.3295496228091247,0.7626456813090918,0.3631855912892378,0.6,0.9,0.7,71,4200.428031652251,6638.930342242695
3,41,1.1840281856952632,1.5894179703193514,1.5268549102503892,1.3621590802548649,1.2160315570107436,0.3013860666411387,0.7624557152744567,0.36383642542917977,0.6,0.9,0.7,72,4233.600804165255,4405.797286395549
3,42,1.258454237805388,1.659620102859976,1.5960388224866473,1.4663309653492962,1.2082552923540308,0.2973643464733502,0.8251918116092577,0.3954047220642566,0.6,0.9,0.7,76,4854.954155018302,7485.878046546997
3,43,1.2560644770280316,1.6480075605321296,1.582238585854545,1.4697593068487225,1.288367104875668,0.29317696814816613,0.8276701574020201,0.3974673831660516,0.6,0.9,0.7,77,4698.216062307592,7580.157797666638
3,44,1.3906191105302879,1.7567230819360573,1.6745750770767336,1.6144495698268089,1.4763474669803214,0.30615486984415835,1.0,0.364271242302384,0.6,0.9,0.7,78,4038.514634392762,18422.244433482407
3,45,1.1651835726774578,1.5320231436180953,1.4710372021107379,1.4032068011253274,1.1594483326037883,0.29924213893996265,0.7543320176856744,0.3734094352237075,0.6,0.9,0.7,83,4533.729660251171,19702.908056007967
3,46,1.154223479580408,1.500208084861725,1.424129160684236,1.397291103254513,1.1537448986156027,0.28330164863707724,0.7554718615896104,0.3736183443431422,0.6,0.9,0.7,85,4638.2638238878,22590.0440026166
3,47,1.1647875672059578,1.5189489006533026,1.4552187854716219,1.425683591237394,1.1360647717560095,0.3022260539253747,0.7552239513102565,0.3739192293390226,0.6,0.9,0.7,87,4666.090895862029,20300.961061240632
3,48,1.3807306765418244,1.709560537076769,1.6298241354184133,1.6433818163112577,1.4034456374002575,0.3007261539712195,1.0,0.3738745534301219,0.6,0.9,0.7,89,4629.453256637964,19977.941918864584
3,49,1.3660010858587361,1.6927960953789116,1.6232911668677252,1.6511864011321566,1.443458583928637,0.27521755085677635,1.0,0.37888246450656704,0.6,0.9,0.7,90,4680.985106649243,20365.290578306725
3,50,1.3707641594114335,1.682702846232698,1.6208677484032468,1.6652939371386482,1.4487785941253783,0.30395760991667453,1.0,0.3682892214031601,0.6,0.9,0.7,92,4612.444370782816,15533.339086652846
3,51,1.3695526860469607,1.6719974717178916,1.6082537424095178,1.675321406239057,1.379536819647826,0.30472035077618437,1.0,0.36826326980611046,0.6,0.9,0.7,94,4589.55807685291,15443.911244123468
3,52,1.3866290662612422,1.6796986289767688,1.6140824845446358,1.700050624480082,1.4364440095139064,0.31263319307418336,1.0,0.38810158601178296,0.6,0.9,0.7,95,4664.62549502296,15718.838052745288
3,53,1.391861799983935,1.6834977396299498,1.617599940463105,1.7194788518590078,1.3682861290035926,0.318599291688189,1.0,0.3907651213275396,0.6,0.9,0.7,98,4611.558095311942,14991.289932059011
3,54,1.3858333622841361,1.6961310810008423,1.6554927080964967,1.721167787030775,1.3894156047348263,0.3126331930741833,1.0,0.3881015860117826,0.6,0.9,0.7,99,4635.0093419950645,15537.24477160545
3,55,1.3718496713677948,1.6520015904246563,1.5729186876493157,1.7033605680949233,1.3566624805344372,0.28705273104758444,1.0,0.3903564040322606,0.6,0.9,0.7,100,4332.081671239404,17544.299801874666
3,56,1.3712794839221232,1.6409571069592608,1.5707410158961528,1.7033699323772376,1.4820789347081051,0.29117676376682844,1.0,0.38951887353778936,0.6,0.9,0.7,101,4278.78127864771,16903.11749491593
3,57,1.369010839725899,1.6371073086413428,1.5665553289003455,1.7190593003176964,1.367400541825946,0.2870527310475845,1.0,0.39035640403226574,0.6,0.9,0.7,102,4292.173951979631,17294.442344276846
3,58,1.3680366784029323,1.6302608306224826,1.5585937263880654,1.7074524199245662,1.3826942460649863,0.2877112066023546,1.0,0.3893135079056615,0.6,0.9,0.7,103,4292.070516237803,16975.223111594805
3,59,1.3961222169514367,1.630978392281557,1.5323505231574523,1.7321555524034113,1.383573516165395,0.2992610507415981,1.0,0.4204567028694187,0.6,0.9,0.7,107,1904.590590755856,9799.013346539305
3,60,1.35861394025582,1.5882467694045372,1.4994582542000254,1.7189535059610284,1.4673299752194107,0.27918807190193584,1.0,0.38698057926849705,0.6,0.9,0.7,108,4307.430186800394,12231.439305024707
3,61,1.3850198687426576,1.5775944815720566,1.4708908274997046,1.728381308058057,1.5680662973911064,0.2868220852432141,1.0,0.42222168948659144,0.6,0.9,0.7,109,2056.2974031606173,10449.884748160292
3,62,1.3827401732538709,1.5697775415528596,1.462029587331907,1.7295056412965013,1.408630103250284,0.28511069225362073,1.0,0.4212321967858975,0.6,0.9,0.7,110,1889.1863185841853,7971.760150989711
3,63,1.3805434356734096,1.5629450677385859,1.4543255241138455,1.7306891976615737,1.3997037791117055,0.2819623081972904,1.0,0.42144175592210464,0.6,0.9,0.7,111,1845.8937034670284,9923.544776986037
3,64,1.3794757785260838,1.5512773217578166,1.4406714765415862,1.7329455950845212,1.445074281385292,0.2823112939937098,1.0,0.4210431032358907,0.6,0.9,0.7,112,1888.582197775265,10068.436821594714
3,65,1.3796545729588197,1.5504574504564652,1.4396649098535341,1.7365097762035246,1.3719845059679705,0.28262515117211096,1.0,0.42115959463713243,0.6,0.9,0.7,113,1900.255912742081,10024.882615400897
3,66,1.3793761570279186,1.5612862845870783,1.4634762624561217,1.751396138590594,1.3648355259676133,0.2823112939937098,1.0,0.42104310323588995,0.6,0.9,0.7,114,1884.9520427153036,10025.62012224621
3,67,1.3786253766623577,1.5456128454178348,1.4341080849463428,1.74223047012621,1.3920163989012468,0.2817704141038652,1.0,0.42091312132481906,0.6,0.9,0.7,115,1907.2130976819549,10071.017203934043
3,68,1.354992349186255,1.5259135276418967,1.4369767608995434,1.7501719766879444,1.3696406124400766,0.2843383428507911,1.0,0.3871955562303734,0.6,0.9,0.7,120,5091.212756598155,10844.604811753648
3,69,1.3547383423822683,1.545514606153918,1.4821060986718761,1.7732682362948353,1.3609518409615398,0.2842195705569225,1.0,0.3872294136335884,0.6,0.9,0.7,121,5475.0382965678855,10908.709210365803
3,70,1.355665234772058,1.5339800956945417,1.457338784017756,1.777735789937513,1.3520232056670167,0.28625025895500494,1.0,0.38695492767396317,0.6,0.9,0.7,122,5542.566542073389,10967.908040662474
3,71,1.3540878721668141,1.533754341930226,1.479236589770133,1.7845326287701604,1.500798064684465,0.283796935347571,1.0,0.38906840821326816,0.6,0.9,0.7,123,6485.359578346075,30489.791414921965
3,72,1.3541694539095421,1.5272275521256233,1.4714966306247685,1.7917308538573842,1.3940141442144958,0.2845005265018159,1.0,0.3892622161438275,0.6,0.9,0.7,124,6471.518764106872,31348.62857767003
3,73,1.353369551949208,1.5195090885434026,1.4625152986910117,1.7943173655603162,1.3930366067713849,0.28395530463739377,1.0,0.38923729045008343,0.6,0.9,0.7,125,6519.503953566226,31263.860910806798
3,74,1.3301885076821403,1.488989899287899,1.4306570619556036,1.7825588813660775,1.3475207896931154,0.2811399900624814,1.0,0.3592209495835756,0.6,0.9,0.7,127,6494.790684749456,31111.67164832568
3,75,1.330564304768404,1.4855788446650149,1.42655623827166,1.7965833015743766,1.3278208578245418,0.2825967261344088,1.0,0.3588540584146382,0.6,0.9,0.7,131,6173.481265730336,31525.32442414585
3,76,1.3529767002211237,1.4829145648559834,1.3974048948418683,1.8094153723140503,1.3533747387253179,0.2852466904482145,1.0,0.38884156945811704,0.6,0.9,0.7,133,6204.425346011896,31716.78711544182
3,77,1.3283555395859308,1.4575075045486645,1.3718557819355168,1.7967700202922914,1.323988101467862,0.28127664382120243,1.0,0.35713369637742953,0.6,0.9,0.7,134,5485.474219775022,30927.76074886076
3,78,1.3288790625200146,1.4460944854878113,1.3473091441855503,1.7923777198916837,1.324679990414467,0.28184714432531005,1.0,0.3574561568785866,0.6,0.9,0.7,135,5077.316550760034,30164.23765984744
3,79,1.3270246758462028,1.4337375661163072,1.3330456555574746,1.7937108644752422,1.396004076965512,0.28013439863597034,1.0,0.3571763373265292,0.6,0.9,0.7,136,4236.70283987531,30967.283787639517
3,80,1.3302345950675525,1.4627164847297083,1.3996061065813294,1.8328889212612531,1.341041346930837,0.28417122950895785,1.0,0.3589424093519901,0.6,0.9,0.7,139,6216.364231630072,31445.26604560951
3,81,1.3289695391189995,1.472146835744189,1.4219450126401505,1.8510353463160651,1.3214480069909835,0.28182212989902805,1.0,0.359188784400749,0.6,0.9,0.7,143,6241.072743205893,31543.155591524952
3,82,1.3276791821363885,1.46971566083293,1.419307038467109,1.8571003520654565,1.3280882637731135,0.27977663323726387,1.0,0.35919375076146665,0.6,0.9,0.7,144,6193.595306186884,31799.81530268407
3,83,1.32747731980214,1.4605725525574487,1.4085497872166743,1.8565000600770052,1.385055980448447,0.2801508435857272,1.0,0.3592763586284681,0.6,0.9,0.7,145,6165.468892671036,31605.88952215412
3,84,1.5216309845710516,1.653043927116852,1.6007177948007765,2.097011798754076,1.5149068969911421,0.2824135927780581,1.0,0.634826733238359,0.6,0.9,0.7,154,6777.740033249494,34038.238280293226
3,85,1.5216269075085453,1.6641670675007474,1.624827548582581,2.1116550063345247,1.5140388387864516,0.28241359277805833,1.0,0.6348267332383626,0.6,0.9,0.7,156,6777.490426020997,34079.08031525767
3,86,1.521308308349513,1.6568998990497419,1.6163085957377645,2.120093200080572,1.5642820597239864,0.28274609734212286,1.0,0.6346025896543699,0.6,0.9,0.7,157,6759.460065075135,31637.77987710398
3,87,1.4849931845304745,1.6208643248639065,1.5913096532444453,2.092230753736037,1.5625823686699285,0.2838376321883867,1.0,0.5825629865014113,0.6,0.9,0.7,158,6802.059900997071,34490.37596136312
3,88,1.396598539155494,1.541804746048662,1.5249131910939933,2.048429272225207,1.3926951907937526,0.2885335895927351,1.0,0.4524044697634209,0.6,0.9,0.7,163,6802.152709653429,33728.907357804695
3,89,1.3955273963289572,1.5382247796931514,1.5208819188755556,2.0509706326400283,1.4082368025128922,0.28647927756235586,1.0,0.4528149830269165,0.6,0.9,0.7,164,6925.461707249999,34051.984616527174
3,90,1.3955446972365984,1.536764924575959,1.519157920989356,2.054626635933843,1.399129869985971,0.2865774746876273,1.0,0.45284928716664086,0.6,0.9,0.7,165,6909.210455295708,34107.17259220297
3,91,1.3950498594775205,1.536357088062752,1.5297619659960495,2.0777799079763284,1.4284749035097875,0.2865774746876273,1.0,0.4528492871666413,0.6,0.9,0.7,167,6907.741281556046,34404.05970312928
3,92,1.3999206763742627,1.540999647090894,1.5343637400196952,2.0826393573836826,1.3942373802875916,0.2865001212928332,1.0,0.4598884035503099,0.6,0.9,0.7,171,6779.13453303198,33423.26323702989
3,93,1.3784177786080916,1.5179653657184244,1.5110550619859797,2.077913882736326,1.37628354145928,0.29016410645876733,1.0,0.4261307029303443,0.6,0.9,0.7,174,6732.997726297375,33324.0321590911
3,94,1.3758353255945186,1.5074703758854575,1.4991467705192278,2.0786674790460826,1.4272947094415094,0.28571515961152494,1.0,0.42673987637535216,0.6,0.9,0.7,175,6824.894903924498,34009.20130659267
3,95,1.4002179304125768,1.546439228002451,1.5627212674463853,2.115704683754647,1.451767216959822,0.2879543410911059,1.0,0.46011856834678105,0.6,0.9,0.7,176,6777.021239890208,26189.64017354471
4,0,0.8021607911716064,0.9507901779016893,0.8933888889545047,0.00824319303519446,0.0,0.0,0.0,0.0,0.6,0.9,0.7,1,3753.92073634071,7410.693878293279
4,1,0.848048274720298,1.004293140651554,0.9463856130644617,0.06783034080759466,0.06679566741966574,0.09369478138847172,8.747159149222001e-05,0.00023335821689445002,0.6,0.9,0.7,3,3958.795927546421,6862.047535684059
4,2,2.1959368732087343,2.477526302125371,2.410322002970009,1.592791169445499,1.9848091777390586,0.3971463261430096,0.7174334184462141,1.0,0.6,0.9,0.7,4,3659.968685104716,376024.5898549557
4,3,0.6542876922572686,0.9986038370372633,0.9378228336044246,0.1416766435438808,0.3795017581674798,0.04541492374557134,0.09177382814576324,0.03201574149782202,0.6,0.9,0.7,5,1959.498479403781,4287.403531135229
4,4,0.6560007676432872,1.0004514913204698,0.9396530794528611,0.1484351446913072,0.1349085536938324,0.04541811344422379,0.093475712718907,0.032609452119399966,0.6,0.9,0.7,6,1948.0924863103749,4271.230351113555
4,5,0.5249632542563061,0.9421261579822484,0.8693211500343682,0.15509371680985068,0.642658456660878,0.05442966673582496,0.07356605804857061,0.06731730233911792,0.6,0.9,0.7,7,3947.291066152824,7433.902147918459
4,6,0.4458741265440796,0.8818784110585597,0.8031792449989607,0.13144802219514232,0.23751667747054322,0.0587937070883255,0.058398111373494446,0.04617643150357698,0.6,0.9,0.7,9,2048.005418912624,4903.349108828619
4,7,0.46230060550128604,0.9053707012224608,0.823719188623866,0.17406854882315395,0.2809495626504678,0.0756797654800475,0.06700638273837349,0.07882351532660252,0.6,0.9,0.7,10,3190.539218605925,9185.377117421192
4,8,0.3889284464803908,0.8501214985273294,0.777616823581489,0.13259065847216983,0.27578695888116167,0.04938585679095679,0.05784333644410241,0.05035654147465474,0.6,0.9,0.7,11,2764.677099233155,4646.19599991217
4,9,0.3994001988535588,0.851829694648677,0.7635638971099833,0.16150103374748703,0.2551509468189054,0.08465541605905151,0.05393848056666567,0.06661853896833163,0.6,0.9,0.7,12,3195.395150471015,16834.465079709753
4,10,0.39939243220152393,0.8518230270217584,0.763556154440618,0.1677175043715796,0.1460184119992324,0.08465541605905152,0.05393848056666576,0.06661853896833178,0.6,0.9,0.7,13,3196.7646859563847,16826.15211410814
4,11,0.35812663780220183,0.8124318869663881,0.7209322037172797,0.14546797010111623,0.2572983699780421,0.08562853741472844,0.04078099313194062,0.05339515675961951,0.6,0.9,0.7,14,2415.4888598473817,17812.982704310234
4,12,0.3310736614663524,0.7856725792023833,0.6916817949406089,0.13838117111935055,0.1640398424127625,0.08625619847034516,0.03339097335356339,0.044910826672147505,0.6,0.9,0.7,16,2426.921770601072,18110.10299437986
4,13,0.31537297383252705,0.7694449620909297,0.6732320548963606,0.1406224736584169,0.15530078413865617,0.07077768057112986,0.04001993599447679,0.04500862420168773,0.6,0.9,0.7,18,3025.51291845904,16575.15249574486
4,14,0.28395748176439645,0.7470543720873306,0.6604056854022139,0.1430132956178164,0.16653798196862768,0.058112684437242566,0.0374497987593161,0.03984242732681016,0.6,0.9,0.7,20,1986.112450380556,23745.6693255165
4,15,0.3428837426223042,0.802751489410972,0.713047498380454,0.24520476066411195,0.21153656095965112,0.0451657412189842,0.048699280982104395,0.14153117323476136,0.6,0.9,0.7,23,2039.9315248873595,1069781.469080275
4,16,0.36162348019921037,0.8211059385438779,0.731094002236513,0.2681725988829381,0.19644273646730043,0.04445444771936965,0.0531759677086273,0.16517291340026083,0.6,0.9,0.7,25,2047.002898703468,1134928.7359745137
4,17,0.3531241892569527,0.8124925743299116,0.7223946089113338,0.265967084478004,0.18552356732060776,0.04472575022978572,0.051361813459837424,0.15568634277068727,0.6,0.9,0.7,26,2045.98873251691,1109174.4238603646
4,18,0.3586640469393,0.8172897360973738,0.7266271116712001,0.2737638062370874,0.21321390968510645,0.04438084447368666,0.05319240910328314,0.16519176582186226,0.6,0.9,0.7,27,1999.9140462537675,1135149.892113844
4,19,0.23981280978799865,0.7074283130985569,0.6282130284186432,0.16094400964527808,0.141800486730294,0.04770783668455325,0.03136748086394617,0.030405778332819388,0.6,0.9,0.7,28,1914.6063490520323,23079.62560387315
4,20,1.5159554721124195,1.9816191466276494,1.901207334774082,1.4669792427786443,1.3754739078227156,1.0,0.06590792370823681,1.0,0.6,0.9,0.7,31,2035.361584859696,3820713.45034074
4,21,1.5229922579610384,2.0074325819327012,1.9509798915104286,1.4880333047767764,1.4162616744895837,1.0,0.08293864778455984,1.0,0.6,0.9,0.7,33,1853.63948384959,3933914.822233501
4,22,1.5114115517273479,1.993703086507988,1.9361430611708055,1.4880548696024767,1.389960017875944,1.0,0.07486778342224659,1.0,0.6,0.9,0.7,35,1929.8539355982996,3816882.982311548
4,23,2.3300810165462194,2.7928512781541617,2.7184774867452717,2.3217643823464797,2.355520173096094,1.0,1.0,1.0,0.6,0.9,0.7,36,2088.488881605953,3829310.19698544
4,24,2.3264106703351626,2.7866059342734397,2.711162567054469,2.3274639772509165,2.2218123867919948,1.0,1.0,1.0,0.6,0.9,0.7,38,2039.88817098712,3831894.262602876
4,25,2.3180855473449196,2.7941979678269906,2.742218151415379,2.342812105192138,2.2518524151503962,1.0,1.0,1.0,0.6,0.9,0.7,40,2208.6702968462696,3931025.389646505
4,26,2.308108821066653,2.7726521803561894,2.7075400689109035,2.328760869532899,2.1956512942443585,1.0,0.9893647163186902,1.0,0.6,0.9,0.7,41,2034.9717897283008,2378070.5668767085
4,27,2.3155935443500058,2.800726429404577,2.7609465531407613,2.355465314490763,2.2272049324188137,1.0,1.0,1.0,0.6,0.9,0.7,42,2322.6285244559253,3946567.494137041
4,28,2.304079580179092,2.777929642003998,2.7342456953711043,2.359082506201382,2.2796091583787508,1.0,1.0,1.0,0.6,0.9,0.7,44,2377.749640216291,3945583.4282342033
4,29,2.2956097839323935,2.7426530757178957,2.6715439916185284,2.343817627997785,2.224482485544767,1.0,0.994940735336366,1.0,0.6,0.9,0.7,46,1847.459325632736,2391378.151319665
4,30,2.2935689312788234,2.738034977314207,2.666112320269346,2.3501448993224625,2.2121670141531107,1.0,0.9950875779630983,1.0,0.6,0.9,0.7,48,1873.7948003043089,2391365.4445237587
4,31,2.1684283796920276,2.6127536934881306,2.540748311925613,2.243439592133596,2.076073849998707,1.0,0.85642298093905,1.0,0.6,0.9,0.7,49,1574.432393680012,2400528.986474728
4,32,2.2945504089434197,2.757136903904536,2.7098920475042947,2.3796571793943837,2.2487030636941547,1.0,1.0,1.0,0.6,0.9,0.7,50,1300.002794704195,2542752.8012107625
4,33,2.2882952926744826,2.7199547969087856,2.6441787002840247,2.368232833788082,2.303234232038121,1.0,1.0,1.0,0.6,0.9,0.7,51,1716.1067394280774,2397112.532457625
4,34,2.2862564944770982,2.7373210586310934,2.686682608691658,2.3939061029823554,2.2117261177141776,1.0,1.0,1.0,0.6,0.9,0.7,54,1293.9813519858722,2544879.9088555174
4,35,2.1196847477362857,2.5568836093591614,2.492489315485532,2.23207299237634,2.0659822805772485,1.0,0.8168626925825,1.0,0.6,0.9,0.7,55,1410.0229053892467,2544187.73725194
4,36,2.2814947832982124,2.725092630861795,2.672359982682667,2.4056230634233033,2.2272832642176654,1.0,1.0,1.0,0.6,0.9,0.7,57,1889.9810893110807,2544207.1056169835
4,37,2.2803208243751314,2.7219737201468757,2.6687069519066053,2.415635157355407,2.2108907310143415,1.0,1.0,1.0,0.6,0.9,0.7,59,1897.1708492158969,2544235.7388616446
4,38,1.6412298578927702,2.053922399724326,1.9829629209824684,1.7880904317044453,1.7619316631092352,1.0,0.30061107257574937,1.0,0.6,0.9,0.7,60,4463.669496306078,1635890.625375397
4,39,1.6416026001431723,2.0536262417425566,1.9824954036120763,1.7987749816072458,1.574767932434884,1.0,0.30139422910911884,1.0,0.6,0.9,0.7,62,4500.120916002398,1645658.7574115372
4,40,1.5763245241997077,1.9793637651993465,1.9162132570217352,1.7632300063333337,1.549540181109439,1.0,0.23900292239504345,1.0,0.6,0.9,0.7,68,3731.4984560590287,3426912.4032042176
4,41,1.5081968240460026,1.9028104432748647,1.837670601589917,1.6906107724554462,1.529360491021344,1.0,0.16685075782461908,1.0,0.6,0.9,0.7,69,3929.4767894525817,3396172.0353880017
4,42,1.5930673624443679,1.9634865167700333,1.8927820950245866,1.7909798309971865,1.6568146873052152,1.0,0.2703714425186338,1.0,0.6,0.9,0.7,71,3838.9735223870985,3398711.527530843
4,43,1.5690213358827927,1.9139702184138532,1.8165776250449477,1.764139891198129,1.5484489136679236,1.0,0.2447089379609188,1.0,0.6,0.9,0.7,72,3357.626092919268,3414170.252584096
4,44,1.590998723659386,1.9519291119398798,1.8791112680925948,1.7940272661834624,1.6021690364188892,1.0,0.271241257978224,1.0,0.6,0.9,0.7,73,3927.873213810272,3407090.731504731
4,45,1.5066163631265188,1.8512395014500562,1.764293774251366,1.7241167981305907,1.484572922596357,1.0,0.17912725307549895,1.0,0.6,0.9,0.7,75,6280.903664175449,1167223.3475022423
4,46,1.5020575687459379,1.829611231311462,1.7389804937185644,1.7321882292634272,1.5358178541135858,1.0,0.17900374839542146,1.0,0.6,0.9,0.7,77,6570.749417049793,1215471.813222005
4,47,1.4967876510123392,1.8098021856943272,1.7160958827665287,1.7354829870003783,1.5219866900936874,1.0,0.17694832840273098,1.0,0.6,0.9,0.7,79,6029.914324081407,1151230.5943041672
4,48,1.4968334464243274,1.7986368310621523,1.7025950123237816,1.746897494009542,1.5572553141234076,1.0,0.1796949883966526,1.0,0.6,0.9,0.7,80,5762.279451450012,1223296.4614282218
4,49,1.5012007986037061,1.7969247954001988,1.6996312560658418,1.7484126560767588,1.51805333133587,1.0,0.18591374416857637,1.0,0.6,0.9,0.7,81,4409.128491521768,1467479.3846082026
4,50,1.4959640561440901,1.77498392142283,1.6742873388397954,1.7513054094770855,1.534644531799561,1.0,0.1836137685678581,1.0,0.6,0.9,0.7,83,4124.6487681198505,1482995.143336656
4,51,1.4943251200552568,1.727874750332024,1.5965653301094345,1.7563180183571103,1.5145054435256344,1.0,0.1860899159817625,1.0,0.6,0.9,0.7,87,4103.120164659695,1483602.7730313437
4,52,1.4951863949492443,1.724149168799361,1.5919331990394006,1.7640305735754873,1.4813708257133233,1.0,0.1878323296610665,1.0,0.6,0.9,0.7,90,4022.7929571131695,1523598.669681966
4,53,1.495099408858793,1.7350397119851164,1.6157795319665424,1.7783479433441027,1.4699120754123123,1.0,0.18777410709825085,1.0,0.6,0.9,0.7,92,3994.763514793934,1523268.708945687
4,54,1.4969552788281328,1.724562655480038,1.592078510004943,1.7791407437766709,1.4803545388154407,1.0,0.1900312310924893,1.0,0.6,0.9,0.7,93,4309.874139910491,1475030.7593211543
4,55,1.4949644978284422,1.73304682719237,1.613420386878211,1.7850088963171817,1.4747450531894502,1.0,0.1879358213599244,1.0,0.6,0.9,0.7,94,4040.3068576429528,1522856.2344914218
4,56,1.4785266390722738,1.6995282239170955,1.5765579907874345,1.773582907666559,1.591660757522459,1.0,0.17238741123284446,1.0,0.6,0.9,0.7,95,3858.1538771947767,1475779.847151424
4,57,2.2233324848613285,2.488794497327179,2.4177576547113286,2.576094580839828,2.2002953393060967,1.0,1.0,1.0,0.6,0.9,0.7,104,3155.322135305011,2406316.3013460687
4,58,2.21887912115766,2.436824790578814,2.3458059469212453,2.5714527337093314,2.342363865860937,1.0,1.0,1.0,0.6,0.9,0.7,106,101181.10617842074,2774800.267840656
4,59,2.216736781208513,2.4254250291601824,2.3435356387853137,2.5886483984478907,2.252644508080742,1.0,1.0,1.0,0.6,0.9,0.7,109,99272.61334041094,2772889.814104682
4,60,2.216487026661027,2.422650270573155,2.340285686127144,2.5954731920623537,2.2097461448262905,1.0,1.0,1.0,0.6,0.9,0.7,111,99866.18827607646,2771901.16180439
4,61,2.215344473555956,2.4093928057160365,2.3247578283308474,2.6048557742984535,2.2924116012474807,1.0,1.0,1.0,0.6,0.9,0.7,112,101043.45342740792,2773491.0536507363
4,62,2.214610851277297,2.411670911580001,2.338507759270173,2.611112024434533,2.2311744632256616,1.0,1.0,1.0,0.6,0.9,0.7,114,100521.96156015983,2773179.931695689
4,63,2.214241507506424,2.42944680494584,2.381491450715088,2.6410577784469638,2.2161786456992036,1.0,1.0,1.0,0.6,0.9,0.7,116,102045.04250528544,2772181.1085495087
4,64,2.2135461547355115,2.409264582121442,2.3467709591107004,2.647443534837273,2.2313953748984687,1.0,1.0,1.0,0.6,0.9,0.7,118,104709.61290246509,2834415.942678672
4,65,2.2135156997819654,2.420062889399029,2.3705004690876548,2.6663649975025203,2.2014040096220633,1.0,1.0,1.0,0.6,0.9,0.7,120,104695.94232163456,2834355.7376468563
4,66,2.212324068474227,2.4485514366812655,2.448194875376487,2.7235248552686278,2.2228084241025057,1.0,1.0,1.0,0.6,0.9,0.7,125,4360.468471249218,2460494.6135838185
4,67,2.2122671227475523,2.380505910466593,2.3020055350899744,2.673390125807968,2.202830629917413,1.0,1.0,1.0,0.6,0.9,0.7,127,2400.004320938659,2488604.120507246
4,68,2.2086518606176524,2.3667582895485375,2.3302304520235992,2.6909051261643677,2.6093830134795457,1.0,1.0,1.0,0.6,0.9,0.7,128,2100.496940796485,2515553.485489846
4,69,2.208086183598536,2.3559745142783384,2.3175998617342977,2.7010601611878036,2.224993814705755,1.0,1.0,1.0,0.6,0.9,0.7,131,2013.7145966490684,2519633.956654028
4,70,2.207935331482626,2.3530219523068068,2.3141417100092108,2.7045078724588096,2.2103094407475057,1.0,1.0,1.0,0.6,0.9,0.7,133,2025.9012195576167,2519683.836157494
4,71,2.2078681050119675,2.362897391632898,2.3367900677562305,2.7204473967824123,2.209265544351272,1.0,1.0,1.0,0.6,0.9,0.7,134,2035.0538598611445,2519479.41683828
4,72,2.2077059605431755,2.348460611635095,2.308799268147143,2.7181182299754276,2.203229730781601,1.0,1.0,1.0,0.6,0.9,0.7,141,1292.7812247813656,2521030.012709008
4,73,2.206351752362411,2.3531269246895814,2.347509859108351,2.771060030413932,2.301363215300338,1.0,1.0,1.0,0.6,0.9,0.7,143,7025.958714562157,2500894.803972333
4,74,2.2055887212254452,2.3460771059763736,2.3503343586464815,2.859712381428559,2.205770026129801,1.0,1.0,1.0,0.6,0.9,0.7,165,7126.705970870593,2687140.15905576
4,75,2.205194864395132,2.3360832735312735,2.3386290829621768,2.869953549620421,2.269824497281462,1.0,1.0,1.0,0.6,0.9,0.7,166,7072.474399752074,2686971.7278645234
4,76,2.2049716991026997,2.3302091796981017,2.3317489338409896,2.8768491405195986,2.2204966697075985,1.0,1.0,1.0,0.6,0.9,0.7,168,6965.437521418309,2685929.826542914
4,77,2.2049679913186297,2.3301205344530382,2.331645195194663,2.8842864860496507,2.2003451738873765,1.0,1.0,1.0,0.6,0.9,0.7,170,6982.20181945884,2687319.425475452
4,78,2.2044973005186774,2.350814454902266,2.389128150495445,2.914919369357925,2.2450948388495435,1.0,1.0,1.0,0.6,0.9,0.7,172,6992.765177201351,2686123.9670664435
4,79,2.204489016437427,2.3617844108318167,2.4130586417966873,2.9355674971938495,2.200814122621969,1.0,1.0,1.0,0.6,0.9,0.7,174,7030.280215869703,2685752.2768933857
4,80,2.2043317146213424,2.357294362478698,2.4077996632857444,2.942805212539363,2.2156738284753685,1.0,1.0,1.0,0.6,0.9,0.7,176,7054.994078478512,2688456.2390108537
5,0,0.6082461388547634,0.8890836842741882,0.8211147449164453,0.0025701283600943494,0.0,0.0,0.0,0.0,0.6,0.9,0.7,1,6548.559839128705,7949.630026841793
5,1,0.6309731173003356,0.9209135954373769,0.8520261546039591,0.04266542401055979,0.05592225851278269,0.06174640415969551,9.799641766906e-05,8.14820591139e-05,0.6,0.9,0.7,3,6385.956396009149,7831.4716797377405
5,2,0.6022207174752724,0.9067462252722603,0.8363137178151926,0.03901667100993742,0.09517083626700641,0.03033653889744859,0.01410778814344465,0.00164181407894401,0.6,0.9,0.7,4,6189.284138990312,8153.5815942592335
5,3,0.9097483820648254,1.239019964009905,1.165704935146398,0.39081585473863967,0.4989157765408699,0.01540158793765382,0.3930626752851636,0.02593650242472741,0.6,0.9,0.7,5,5802.47726154762,8040.831517271692
5,4,0.541340723351207,0.9264223029564064,0.874477952134023,0.10436479670049158,0.26191749992998825,0.06842259628360924,0.02314442352358241,0.01614564529266829,0.6,0.9,0.7,6,4595.335725600586,7040.523422620817
5,5,0.4977241233888328,0.9290097618724283,0.8836823875550245,0.14071235204329197,0.2320231544946196,0.08571629142617408,0.02015942514690423,0.04609942918994017,0.6,0.9,0.7,8,3930.247297800598,6197.821778566593
5,6,0.4938279598110865,0.9250980753326354,0.8797614463352568,0.13683777205368924,0.09813688060234221,0.0856144563010399,0.01857299143228788,0.04271571592959386,0.6,0.9,0.7,9,4019.6013737543135,5852.2448163395175
5,7,0.5268022464835797,0.971798457553686,0.9231369730748651,0.20116986356006455,0.29971028104877023,0.08570646895054898,0.04385992133901272,0.10457455405883014,0.6,0.9,0.7,10,3266.4287321377674,5441.664564452776
5,8,0.4440732230693601,0.9079200232903135,0.8700286567378659,0.15427890200293393,0.1929902854926221,0.04285031606140585,0.06259155951126333,0.02856984453649829,0.6,0.9,0.7,11,2570.0123315067003,9362.792035819928
5,9,0.4389665393310722,0.9086670933856694,0.868779573440871,0.16098790833658266,0.1958459191291064,0.060174150792315015,0.03599054218363401,0.06563989973011772,0.6,0.9,0.7,12,2610.373195706202,4445.656210761883
5,10,0.3816830998206052,0.8523563087362698,0.7936486172531922,0.14013465626036803,0.34072677083030956,0.04081843000958058,0.058720932489299896,0.03711390569391669,0.6,0.9,0.7,13,4555.215402175225,131116.28977856174
5,11,0.3753340051251709,0.8487899115818998,0.7879649101329167,0.16556262031451188,0.1409377360057866,0.04751927066085871,0.0492174604008366,0.05615610901576233,0.6,0.9,0.7,16,4350.684023844607,131344.20659696238
5,12,0.3721650048510805,0.8691404669804916,0.8343376371027972,0.1819662648395042,0.1157390819899691,0.06335829088008524,0.0517646145921999,0.03618810848533498,0.6,0.9,0.7,17,4287.113675752175,150739.5684221392
5,13,0.33293195617968424,0.8295105077119066,0.7940077066463809,0.15662043610653012,0.08533942946687535,0.06455415123884875,0.025065652688351682,0.01871527490777905,0.6,0.9,0.7,19,4095.100934444104,80889.20857713198
5,14,0.33361928299910193,0.8441826982501492,0.8166763100988063,0.18478155421080214,0.2090256254973265,0.049334140827198905,0.053798645224726785,0.04151442583443419,0.6,0.9,0.7,21,3832.400646130841,117678.87760347864
5,15,0.33304750966580876,0.8436238143425095,0.816021792074069,0.19068359851253822,0.11097538250092745,0.049334140827198905,0.05379864522472687,0.041514425834434224,0.6,0.9,0.7,22,3867.389860235413,116585.6381323506
5,16,0.8014379957712198,1.288741099268969,1.230693736768262,0.6877292914317119,0.78180310025665,0.08498363876985607,0.4374322901750398,0.2226814542477705,0.6,0.9,0.7,23,4398.821504038895,7714.384329694129
5,17,0.6209654702984206,1.1232271237453328,1.0837300190491987,0.561740025947186,0.6080756741381166,0.09921029496487944,0.3145373299974918,0.1621868072525206,0.6,0.9,0.7,25,3676.6380233576433,8490.33696926804
5,18,0.5471863216233847,1.0409451874070579,0.9965147478128625,0.5108681412117121,0.5032901997531272,0.08522554577504202,0.27623850621631607,0.1470211707467088,0.6,0.9,0.7,27,3659.8675349963696,6907.499380738474
5,19,0.5066824172499986,1.0000518456091019,0.9554269090173381,0.47943503915749247,0.3668660271570441,0.08393483230027782,0.2455815862980391,0.13074742112022325,0.6,0.9,0.7,29,3602.7315901820307,7015.434637508418
5,20,0.8074169635841846,1.330026264170715,1.3223275177388665,0.7940483229957751,0.7136871566217327,0.058927464957926834,0.3764531284620142,0.42460564579098614,0.6,0.9,0.7,31,2957.6952957454296,11974.083405349404
5,21,0.6156987942366368,1.136739176824949,1.1283391114851133,0.608981015567947,0.4965021384599073,0.10273142622999198,0.34339172621106173,0.1592931594027061,0.6,0.9,0.7,33,3222.101368186577,14321.050167364596
5,22,0.3854772502910513,0.9223271240154358,0.9371739999714424,0.39645224390944084,0.3737742707963774,0.06596952261560567,0.16762489159005484,0.10144867272487727,0.6,0.9,0.7,34,2994.381103713759,15212.76589277737
5,23,0.38436920011487596,0.9203598344911891,0.9348671890965392,0.39951420220012723,0.2683918761029349,0.06470006409141857,0.16818472217638275,0.1018370285052288,0.6,0.9,0.7,36,2888.4215755843243,15105.104868880366
5,24,0.3447712793405944,0.8908325059117513,0.91789878903664,0.3755402502428921,0.2323289719652094,0.06380765429081674,0.13980416658618494,0.08458863906933602,0.6,0.9,0.7,38,2974.5804315151554,14971.967237120338
5,25,0.4305417346531768,0.9579343128024528,0.9692336923948458,0.4670240551607253,0.4306216154815833,0.03023400778780886,0.2197233594634663,0.14555312425121586,0.6,0.9,0.7,39,3381.8501036321272,13449.210110959555
5,26,0.37850693252474776,0.900127449711516,0.9188112227358164,0.44333861559114274,0.3960693289097805,0.04851232077355283,0.1838584780138264,0.12426002607997708,0.6,0.9,0.7,41,3122.716227208226,14588.358496725788
5,27,0.34349175482606953,0.8521139513825545,0.857243937740172,0.416011739981765,0.2555051010178002,0.04962748933331003,0.15860549026647658,0.10780335582635839,0.6,0.9,0.7,44,3068.0262124023475,14787.182840545458
5,28,0.3399275762841192,0.868944396387338,0.8994610571134536,0.42887736271993293,0.2543548078989059,0.04823262701579911,0.15821093170368433,0.10666210158069508,0.6,0.9,0.7,47,3123.6034708311017,14151.650597323776
5,29,0.3397666605227264,0.834958818122433,0.8264099558893365,0.3743711812995899,0.2485804582721984,0.04823262701579905,0.1582109317036841,0.10666210158069397,0.6,0.9,0.7,48,3123.5832867032573,14189.802676128074
5,30,0.46993511757104034,0.9923700292649087,1.0209284130848109,0.5929016294039858,0.40020863059383693,0.052740339648012766,0.2747647346174266,0.1456009885981748,0.6,0.9,0.7,52,3541.8065943305146,23980.23915854096
5,31,0.4688622441014749,0.9891142742831495,1.0170389745096193,0.5997195769844446,0.39423380134828206,0.052949329691947836,0.27500640187681025,0.1457455593685513,0.6,0.9,0.7,54,3533.2193595547105,23978.38187382776
5,32,0.2416580214724904,0.7092660945041519,0.6829776271839899,0.3420049653911249,0.24913583819117488,0.09001363717931987,0.037780986004415665,0.10166494373108788,0.6,0.9,0.7,55,3559.691657407281,22861463.89607367
5,33,0.2435204211688827,0.6992620433440175,0.6697590297388778,0.3532322733474754,0.29904522423639257,0.08547294838530417,0.042223963555857016,0.11236815637435335,0.6,0.9,0.7,56,2916.276697790075,22860666.032216765
5,34,0.23134371250721153,0.6850119474027188,0.6549626168211743,0.3478792459884717,0.1680233314179363,0.0864560908710221,0.03801202245285265,0.10114121288618341,0.6,0.9,0.7,58,3016.9958006730485,22858231.66116668
5,35,0.26615671572732713,0.7172769186807052,0.6865614086858735,0.3836800618924839,0.2202288452934656,0.09514187290341594,0.04104181945016766,0.14145046392416716,0.6,0.9,0.7,59,3013.51575976648,22869643.05064789
5,36,0.23799372316590295,0.6818293435788307,0.6492424555875945,0.3751294519841907,0.24481925219973305,0.09069384139092894,0.04807857770628894,0.10118695974024436,0.6,0.9,0.7,60,2953.583139657777,22859475.19945782
5,37,0.23710892440961379,0.6782400064163989,0.644969427046171,0.3785607717420669,0.18286159762677612,0.09101103974579364,0.04821927605390463,0.10130945005954,0.6,0.9,0.7,62,2939.821029950609,22866500.02378117
5,38,0.2398946362761674,0.6803578721884997,0.6469193674368733,0.3849636852805405,0.17886354894236478,0.09185110416677772,0.0484748539197987,0.10468700738364371,0.6,0.9,0.7,63,2939.0492084148614,22867552.64378643
5,39,0.26609335911290255,0.7154229861540985,0.6943997730221881,0.42160307646179707,0.22316356684711094,0.09867906626500472,0.0507454910470041,0.13488366296943044,0.6,0.9,0.7,64,2934.7477410782026,22876160.726402137
5,40,0.23648228693481754,0.683314867958065,0.6616709464480055,0.40995142610199486,0.1792522092868073,0.09094490453828746,0.04861039944767279,0.1035666243365975,0.6,0.9,0.7,67,2918.728365884042,22866069.619954266
5,41,0.21411554837382196,0.6685670939496714,0.659040230955334,0.40436002605709026,0.15903381765344005,0.09064692904512525,0.04057031441394891,0.08445511535016126,0.6,0.9,0.7,71,2857.2301181043813,22801866.859390013
5,42,0.22120077015207187,0.6855115987185583,0.6886558508474072,0.4195242664282931,0.16442395599560966,0.08968196976589603,0.04439856894341515,0.0913092744106158,0.6,0.9,0.7,73,2864.5523218951,22797285.00787735
5,43,0.2207659016654011,0.6838742591574453,0.6867248010823448,0.4264544599195528,0.1637765080599652,0.0897251422826548,0.04450621421840937,0.09124498152866464,0.6,0.9,0.7,75,2854.774213817626,22804854.42302589
5,44,0.21270563159286948,0.6620748003177422,0.6513093990045697,0.42920422343222786,0.15913067892400057,0.09192672347501152,0.04049494204309777,0.08451150903450506,0.6,0.9,0.7,78,2717.930975053957,22798776.35794572
5,45,0.22531821853115971,0.6609957656203231,0.6366316104096229,0.43970840242474474,0.1886311169093141,0.09283056306227712,0.04691860251994839,0.09493226117490869,0.6,0.9,0.7,79,3013.6138456593035,22809752.90192647
5,46,0.37795942118272197,0.8129471000080575,0.7884174319642194,0.6165478475369777,0.3182614188407007,0.11040167640224881,0.03720192309805992,0.3108191550267369,0.6,0.9,0.7,86,3332.4228538271864,110916982.91564412
5,47,0.37080335018836724,0.7783941894296338,0.7266741440685566,0.5971086955481734,0.36060507042535833,0.11173521841862974,0.03823584337590134,0.30091875954941305,0.6,0.9,0.7,87,3318.7788527761345,110820108.61814617
5,48,0.3487977107163447,0.7779712672075313,0.7520568218213161,0.5920860141952431,0.2983709938799706,0.1109206017715407,0.03479274574777474,0.2750577585025712,0.6,0.9,0.7,88,3238.4595210467,110787426.37888391
5,49,0.3507527273877735,0.7666025162884396,0.727187441318256,0.591402078577711,0.3135580394942319,0.11142427429133558,0.03515268712375627,0.27809993800545507,0.6,0.9,0.7,89,3350.1537987390234,110940878.42673048
5,50,0.3506391629609372,0.7773890269953231,0.7509029751208472,0.6016757065714272,0.2946193519350639,0.11142427429133565,0.03515268712375606,0.27809993800545485,0.6,0.9,0.7,91,3350.314330284696,110935427.2493574
5,51,0.35962169352702933,0.774679041887393,0.7350776874722614,0.6146159855528505,0.3046664645697371,0.11233099935702928,0.0348366584873646,0.29082103130378417,0.6,0.9,0.7,93,3325.929359067998,110823350.68980904
5,52,0.6431154617263266,1.0916576213864584,1.0910277623609315,0.9157565599577316,0.5871166057030547,0.11217906576768133,0.053086124633074404,0.6725478609767582,0.6,0.9,0.7,94,3418.765235414948,110856651.32001242
5,53,1.1051191242908305,1.5795373661502559,1.6161074173587868,1.4292062221601556,1.124119141163323,0.08984854262405811,1.0,0.13820833307455396,0.6,0.9,0.7,95,4537.889149272063,841080029.337857
5,54,0.36315036033040393,0.7683696666137363,0.7264818585448114,0.6345806675491238,0.3279022579094969,0.11377880446669657,0.039786631777108825,0.2932752431588543,0.6,0.9,0.7,96,2934.1653784188265,110780236.87215474
5,55,1.0953274470976757,1.5659637105606907,1.6226368655616132,1.431881141364373,1.160116234459322,0.08703376989614761,1.0,0.13841763794653922,0.6,0.9,0.7,98,4651.557587614108,841027448.550568
5,56,1.0948296262319177,1.5753620516192095,1.6447481221905982,1.460942462323011,1.0509401930070381,0.0870614816813586,1.0,0.13821226593532174,0.6,0.9,0.7,104,4703.202610073893,841010571.3207535
5,57,1.0951807928239703,1.5745786236218673,1.6437159114870425,1.468917938493061,1.0547272076569205,0.08824545055516833,1.0,0.13815400943863315,0.6,0.9,0.7,106,4781.548665314648,841011085.1845518
5,58,1.0932168355024598,1.5790295147156344,1.6601216769216665,1.4863082872071511,1.0703299927609589,0.08728991859720893,1.0,0.13804761980018043,0.6,0.9,0.7,108,4688.804156014713,841014530.8183553
5,59,1.0929564074076106,1.5641196080957787,1.631463874878561,1.4865610502213715,1.0649092534138664,0.08670622921252198,1.0,0.1394891125170957,0.6,0.9,0.7,110,4698.466488126129,840984807.618557
5,60,1.0864633534303805,1.5436931487601535,1.5974474245534478,1.506511997037162,1.0679441034242705,0.0899491194097984,1.0,0.12845199596707163,0.6,0.9,0.7,111,4680.934170039189,840961369.8954703
5,61,1.082624236020441,1.5643616094448927,1.6551677548717023,1.5453898146056242,1.058225080759667,0.0890407090276347,1.0,0.12700200523093166,0.6,0.9,0.7,116,4663.642787003328,841029449.0462215
5,62,1.080925137253323,1.547275175517214,1.6241929018210322,1.5404112578887488,1.0537155052035039,0.08731786194566343,1.0,0.12748243564265851,0.6,0.9,0.7,119,4565.104807176854,841010563.8068736
5,63,1.0797714245459804,1.565933264817041,1.668303694256421,1.5623710897105967,1.0522291029974808,0.08777682073411226,1.0,0.12630458337931064,0.6,0.9,0.7,121,4691.761698062006,841014956.6231589
5,64,1.0795753051963106,1.54319848565652,1.6195405087281254,1.5579579670869221,1.042028200541901,0.08751566285513328,1.0,0.12629120614196696,0.6,0.9,0.7,122,4688.466618960776,841024056.500603
5,65,1.0792024040899544,1.5515205896131485,1.6403346266260928,1.565724238906001,1.0626992850412875,0.08739469760832402,1.0,0.12668584750504547,0.6,0.9,0.7,123,4560.904990765925,841006269.9181144
5,66,1.3177308831594454,1.7635314321221367,1.85758365811721,1.8110850920999777,1.6037867541773996,0.12083450892476093,1.0,0.4496407774969029,0.6,0.9,0.7,124,3816.36328182084,146890859.06153852
5,67,1.337240539684191,1.7870988100084784,1.8927141950262256,1.8602945118739416,1.3197335931515504,0.11498413676115371,1.0,0.484308323097728,0.6,0.9,0.7,129,3845.073477894325,146883365.26506147
5,68,1.3144553220610817,1.7612054081974113,1.8661985300549861,1.8609415778060239,1.294202311682475,0.11956261293760077,1.0,0.4485840762752855,0.6,0.9,0.7,132,3672.172338267895,146891274.87456733
5,69,1.3125196074939054,1.7583531924434148,1.8631631323877305,1.866554728491487,1.2876974403066312,0.11736342092930611,1.0,0.4479224408391316,0.6,0.9,0.7,134,3760.711609459637,146884952.4868696
5,70,1.3121400969694026,1.7684041571222375,1.8860600970841612,1.8783455482149614,1.2900204012445313,0.11726999639422624,1.0,0.44764414638278066,0.6,0.9,0.7,135,3774.5357091899846,146882549.8311124
5,71,1.5351240231595131,1.9772575539157735,2.0813293873587857,2.1006182793142947,1.530988746883538,0.15137610934869572,1.0,0.7376461549566155,0.6,0.9,0.7,136,3708.802363571637,66195637.28817078
5,72,1.7085149906247372,2.3166610221622586,2.5090013891311775,2.3298734187162298,1.660175968965452,0.09117714609270341,1.0,1.0,0.6,0.9,0.7,150,5337.960769404832,840947674.72892
5,73,1.7045791558133236,2.2936146076740203,2.4816987598518483,2.337120482017095,1.7322696753263749,0.09418780527681483,1.0,1.0,0.6,0.9,0.7,151,5149.020297161855,841094467.5818121
5,74,1.6986244231840664,2.266198997022884,2.4495872440094626,2.342423036015146,1.728563249809492,0.09419571961969923,1.0,1.0,0.6,0.9,0.7,152,5035.690743929325,840960301.6135005
5,75,1.6986538546203092,2.260457286252442,2.442613775072092,2.3471006531725696,1.6950764224423647,0.09661396799827382,1.0,1.0,0.6,0.9,0.7,153,4955.755170091802,840954502.3299211
5,76,1.7015565489094842,2.2887865827709404,2.487002437501779,2.356338698623823,1.7032848982491566,0.09538630321660704,1.0,1.0,0.6,0.9,0.7,155,5467.2895395669175,841000627.4698942
5,77,1.7016807750578349,2.2881378455323222,2.4861865014163156,2.3683398433579432,1.659870708052359,0.09593265931296394,1.0,1.0,0.6,0.9,0.7,157,5469.059414467341,841002548.1535137
5,78,1.6994059263999812,2.2886506971670126,2.4978815766987292,2.3705947851614724,1.6792216354467395,0.09580892354003093,1.0,1.0,0.6,0.9,0.7,159,5433.628007140162,840954650.9373952
5,79,1.700467925101316,2.306703906064623,2.5301842017299423,2.3871215675487196,1.6616061251174186,0.09506923359964921,1.0,1.0,0.6,0.9,0.7,163,5469.897454326581,841002225.3190068
5,80,1.69988866271553,2.3027621267818734,2.525516578476995,2.3994217379127747,1.6829636614007386,0.09556358175861099,1.0,1.0,0.6,0.9,0.7,165,5470.219638830355,841000621.8468442
5,81,1.7001277555294,2.304585696634841,2.527680056103603,2.4112803924617356,1.6585522538173187,0.09529498104767016,1.0,1.0,0.6,0.9,0.7,167,5483.641493559744,840994178.3182288
5,82,1.704148161770157,2.3338543915920233,2.552067372664757,2.401682234479578,1.6886527829511668,0.08373468557606253,1.0,1.0,0.6,0.9,0.7,169,5900.442847630609,1813971830.0815637
5,83,1.7021190289027004,2.3404604892199945,2.571080452861249,2.4248830339694223,1.6985536599254427,0.08184697937973742,1.0,1.0,0.6,0.9,0.7,170,5936.967371123899,1813974664.575254
5,84,1.701014367235921,2.333756808417692,2.563104039874191,2.4330243906522924,1.6728869713191328,0.08306029233908438,1.0,1.0,0.6,0.9,0.7,172,5876.962020987418,1813982369.5828
5,85,1.7002176131590607,2.338548059162135,2.579634230217059,2.4454368584410204,1.665986945669979,0.0846513420547169,1.0,1.0,0.6,0.9,0.7,174,5838.269550367737,1814042426.517012
5,86,1.7018812997696653,2.331008860263662,2.5595351571702674,2.4590936486812875,1.689004898202041,0.08646984845756213,1.0,1.0,0.6,0.9,0.7,176,5798.984410338582,1813876119.93422
5,87,1.7015417819069394,2.3407348763608518,2.58200845185062,2.479434689880504,1.651986735485068,0.08646984845756214,1.0,1.0,0.6,0.9,0.7,178,5800.8820104547,1813882620.4021611
5,88,1.7015134821433484,2.3769801161130273,2.6473932482606912,2.5289282920829628,1.6474127909243663,0.07898874710115265,1.0,1.0,0.6,0.9,0.7,190,4495.70035082023,14820.40469252616
5,89,1.7016974952132355,2.374275895134338,2.6440099503016317,2.525787164725201,1.6673670304451247,0.08109007126075476,1.0,1.0,0.6,0.9,0.7,191,4456.353126187021,15044.331420684755
5,90,1.7023535866365995,2.3736068511488204,2.6430584473986487,2.530647498876477,1.695647063054565,0.08272411181966732,1.0,1.0,0.6,0.9,0.7,192,4479.263640473443,15154.16205954157
6,0,0.9646302106311722,0.9919586709709902,0.9416077403596876,0.012028603597799217,0.0,0.0,0.0,0.0,0.6,0.9,0.7,1,1347.1691016899426,8216.98775085299
6,1,0.9740679591267769,1.0184060098447538,0.9671643953811851,0.04659485487147919,0.04981183619398455,0.052450937713635196,0.00010509115076175,0.00011897876605684,0.6,0.9,0.7,3,1341.80318662831,8239.858363615698
6,2,0.9083767647318343,1.1042451673591571,1.0573573566197632,0.1837302587487919,0.5094154109862448,0.11395097522842364,0.0399646599349393,0.07490589158956878,0.6,0.9,0.7,4,1248.596089582216,44668.34011157035
6,3,0.8014801794972697,1.1048086297797977,1.0489683108170615,0.2200736347513257,0.5816282690025704,0.06433498715060723,0.10104030911537949,0.1143926126358524,0.6,0.9,0.7,5,1282.749269164623,6439.282240658859
6,4,0.6817307424779243,1.0460187091471607,0.9824995200415089,0.22306559305416782,0.3487825802623167,0.0991296743248014,0.10336417275848912,0.061649571444215054,0.6,0.9,0.7,7,1416.1717732584932,5393.393186140242
6,5,0.599214033745679,1.005252841111537,0.9497449229965853,0.1998161920686412,0.3763117431678523,0.07186239832136733,0.07050248502550975,0.09464925459488768,0.6,0.9,0.7,8,1058.5915193191315,40953.47374054111
6,6,0.5585947163516177,0.9691380542382739,0.9127697961880015,0.17215449864513946,0.17681718837193502,0.09571200201340246,0.03853333744660907,0.07089398774338844,0.6,0.9,0.7,9,1086.6891100351525,6502.772056229416
6,7,0.5225021418367864,0.9359072243993866,0.8789703020961414,0.15243657905180807,0.12341912088135226,0.09260924265559932,0.025720351207119557,0.04729850568874539,0.6,0.9,0.7,11,1065.566741399091,6388.428698502228
6,8,0.5149345427592215,0.9331816413114706,0.8752382435802954,0.15653016502231723,0.15601897129178477,0.08696471036130063,0.02838869443355827,0.05320809583433632,0.6,0.9,0.7,12,1071.570150236836,6176.258820247997
6,9,0.5314192712804298,0.9509443738625625,0.89272514025141,0.18104039516497533,0.14559430979871896,0.06995760092255811,0.05294512727623292,0.06388909155439126,0.6,0.9,0.7,13,1223.2886564473993,39506.07846953344
6,10,0.4841022266199685,0.9103487624728465,0.8505992251799526,0.15280521210882594,0.16510015590352586,0.09534098497651872,0.022108500536870877,0.03655071879472752,0.6,0.9,0.7,14,1066.364886908645,6250.726604149906
6,11,0.426944042079629,0.8864463256472749,0.8332235095905286,0.1646954847250759,0.23765995241828441,0.08276675388173126,0.033339912111045686,0.03673785478631824,0.6,0.9,0.7,16,1150.643899190881,39491.374763334985
6,12,1.8199528026088563,2.268473033755182,2.2021292774821797,1.5669230085895882,1.5000608665220367,0.16236488277083566,0.7798866087142526,1.0,0.6,0.9,0.7,22,790.2778639420325,103420985.57414784
6,13,1.799958860827746,2.2655189020569297,2.2096742354404366,1.572554546190605,1.6017348746258537,0.1626302158678379,0.7802070030761914,1.0,0.6,0.9,0.7,23,734.5705906724946,103421554.15532738
6,14,1.821984160868424,2.276937941616607,2.2077954135498183,1.5958001390789553,1.5362033710090488,0.16241078504233517,0.8074196310218056,1.0,0.6,0.9,0.7,24,775.0268846860771,104662693.81425647
6,15,1.7968159369332428,2.263350688675419,2.2070254491395165,1.5787729089397131,1.5079352916548996,0.16329336718545548,0.7804739840779827,1.0,0.6,0.9,0.7,25,725.6404905409217,103425372.38743392
6,16,1.8019228736448232,2.2685049560354695,2.2121501749473595,1.582871011027971,1.5068751443729416,0.1626270069182662,0.7868364785965463,1.0,0.6,0.9,0.7,26,725.9415131381295,103486917.3576418
6,17,1.8039385416781297,2.272359645744282,2.2150209435666772,1.6048247313271053,1.5353920721885073,0.14606122767709695,0.8085471453522229,1.0,0.6,0.9,0.7,28,710.7283711661908,103552724.2299913
6,18,0.3941397165566905,0.8813401237088284,0.8304567592167572,0.25859500366738286,0.2402978510277166,0.05575142356565958,0.07175142030787598,0.07613735283733439,0.6,0.9,0.7,31,858.0976470199382,332361.6680819966
6,19,0.4999840632156753,0.9986262497475888,0.9603062451765267,0.37316998258653133,0.2659043949466553,0.03813245723582317,0.18855130862914468,0.096260846983933,0.6,0.9,0.7,34,783.0691003809536,2760680.2840503408
6,20,0.4126832555592507,0.911896703074568,0.8720843609884602,0.3058726849762582,0.21237119604950283,0.03990282110135577,0.12481112006451149,0.06524439013318818,0.6,0.9,0.7,36,765.1876352719921,389565.653495873
6,21,0.4375026363682508,0.9588591019555718,0.9407991479495252,0.3636335562955445,0.40458894074812857,0.04080822047350498,0.16407571827451276,0.08450446215989574,0.6,0.9,0.7,37,747.8226056313441,2893852.0613173167
6,22,0.4337221557523903,0.9433894721925434,0.9112568902372326,0.36828130147962884,0.2770116565765236,0.04060178251645326,0.1655721113028316,0.08560543079637786,0.6,0.9,0.7,38,796.4340646310869,2767895.360539624
6,23,0.4312700635073285,0.9292326967687696,0.883170060753929,0.35852162875416904,0.27406722084259655,0.04178433718011375,0.16626450962625156,0.08723757540239843,0.6,0.9,0.7,39,875.0759250824531,2769448.190060781
6,24,0.45811038091104506,0.966935173091973,0.9333989282256913,0.39708401073949123,0.27144481456554026,0.0790007928710914,0.12070561674686904,0.15572333634364308,0.6,0.9,0.7,42,957.9203357111772,273881.85192823235
6,25,0.37731452794900805,0.9015531188202057,0.887764074873902,0.3587095516747431,0.46856406346275375,0.04134940021861787,0.14948852823667352,0.07774292829120064,0.6,0.9,0.7,43,712.4274290733512,2882794.9491026704
6,26,0.37273630694779974,0.8851309281190478,0.8579183534631905,0.35905088913574673,0.22826996538728106,0.04061750958051521,0.1477605128996047,0.076666161922944,0.6,0.9,0.7,44,816.0983096468162,2767367.562689167
6,27,0.3590500603385865,0.8850610169304652,0.8789336258463855,0.36475968291402433,0.4183296879536203,0.04497127863080585,0.1511428692664161,0.07748044483735302,0.6,0.9,0.7,45,691.9119551855094,2887790.844251926
6,28,0.35365624110079746,0.8547293804391798,0.821413232435726,0.3676610369403252,0.26447391988839974,0.04071609563501052,0.15119878117845437,0.07964478301726206,0.6,0.9,0.7,46,997.375241368352,2765698.0863983296
6,29,0.33060868523748166,0.8402529329822683,0.8187492443623711,0.35382088985125815,0.24609628452674803,0.04399314728050353,0.1349729983218919,0.07092157986436058,0.6,0.9,0.7,47,803.2334682985136,2888568.1661403514
6,30,0.3269934642093813,0.8330429208179354,0.8100276190553801,0.3601409280836846,0.2602795549988681,0.04359976831665771,0.13621191389922035,0.07197475070307505,0.6,0.9,0.7,48,964.1255044669304,2764482.0188059374
6,31,0.32662131760699714,0.8323611927721682,0.8092023095112911,0.3614178052954683,0.20561112404791593,0.04576718810179165,0.13507658763307068,0.07180098926897391,0.6,0.9,0.7,49,807.1280111320631,2888243.53941772
6,32,0.3260989115235716,0.8313121287291063,0.8079532125079769,0.3670226380916508,0.20710152986018499,0.04358381866342944,0.13634255514170174,0.07221448550005229,0.6,0.9,0.7,50,968.2987771513478,2764399.6134127597
6,33,0.3216503370893723,0.8126619558952054,0.7751026856972528,0.37040196181871643,0.2234568469015044,0.04217963523268783,0.1362975446967194,0.07284806186996624,0.6,0.9,0.7,52,968.1487177106944,2770025.203261249
6,34,0.38195532738894555,0.8920725355968339,0.8792452445851769,0.45427463439145743,0.27633382111865656,0.0821836477004872,0.11165652482895791,0.16225713162742458,0.6,0.9,0.7,56,766.010228125396,283003.58731923613
6,35,0.45443633723779586,0.9576085698697971,0.9515362648016836,0.551072430633889,0.4814907942386256,0.09602385686058544,0.12117700847553323,0.2678685126484769,0.6,0.9,0.7,58,864.917538907602,384376.5183987196
6,36,0.4054371773646618,0.8860120479596891,0.863439052331989,0.5392564475360184,0.38564872116209403,0.08202744185463172,0.12370317623790442,0.21954034391563257,0.6,0.9,0.7,60,813.5026310199794,405411.31774480006
6,37,0.5755500043494128,1.0330262292570604,1.003983581165313,0.7109289087698949,0.7627668231892888,0.11085943985798026,0.12988875530666208,0.4508622978266835,0.6,0.9,0.7,61,981.3770336264892,403126.8284782436
6,38,0.5270643341622478,0.9839187246452255,0.9547106534008991,0.6660951700595998,0.4542539017302709,0.10398178765833772,0.12872577193384277,0.3894792889517699,0.6,0.9,0.7,63,945.777663589898,403779.8452371492
6,39,0.5267924866054516,0.9943554413860554,0.9780164162697076,0.6756976200157156,0.4535541066027656,0.10398178765833772,0.12872577193384277,0.3894792889517699,0.6,0.9,0.7,65,954.5375491090967,404087.0017411215
6,40,0.5406522782085135,0.9921785369794988,0.9615601141708713,0.7031407170887873,0.5202331266354367,0.12239583137947443,0.0991457866740444,0.43529178452925466,0.6,0.9,0.7,66,1079.3383049601794,403074.0899065568
6,41,0.5250656469983543,0.9958180320232791,0.9903821418465873,0.6965789182212665,0.4698421851441865,0.11559456951587796,0.17001154168893923,0.3300227789722783,0.6,0.9,0.7,68,971.9047132690214,369789.7220210833
6,42,0.5250656467019893,1.0070223803730585,1.014587169520398,0.7099282554377184,0.45338324386393863,0.11559457036157653,0.1700115408582629,0.33002277887156334,0.6,0.9,0.7,70,971.9047112516556,369789.7069027673
6,43,0.4879300402897616,0.9774687787144758,0.9970938883875227,0.6947718535418164,0.4378076426944395,0.11748580014677781,0.15551629565941144,0.29665473609411325,0.6,0.9,0.7,72,1192.1940579894913,354718.92173399945
6,44,0.5220745691576053,1.019912620263644,1.051815635121462,0.7262522835949603,0.4677423088618432,0.1163189769468466,0.16916721824184455,0.3307592611949616,0.6,0.9,0.7,74,1012.0895872763838,346706.8756090183
6,45,0.43483971679570593,0.9061468629081766,0.9109970957635847,0.6412968475844434,0.4129232728640885,0.12100072246829949,0.13920797577750008,0.24352943412580724,0.6,0.9,0.7,75,956.7748994366968,373609.5668769524
6,46,1.4207249040429808,1.868208439133181,1.8467261323778503,1.6281721467981662,1.366454560560023,0.11664212294425365,1.0,0.549683624003715,0.6,0.9,0.7,76,999.0095363669012,405372.09642297926
6,47,0.4319216206487213,0.8964028527181971,0.8995831917885421,0.6477171051594003,0.4235527272343892,0.12093234460820376,0.13923090185720954,0.243568275620785,0.6,0.9,0.7,77,940.1031131230042,374115.79028886737
6,48,0.4299932611791566,0.8801584995707712,0.8799094826036031,0.6606331806079744,0.4186068066039277,0.12004407615344057,0.1433575742809182,0.24442451418411398,0.6,0.9,0.7,80,945.9903619197028,391478.4959149016
6,49,0.427897128022877,0.8833339952256014,0.8946973252155204,0.6736711470862817,0.400462591131895,0.11995750302899819,0.143419116476998,0.2445285167402222,0.6,0.9,0.7,82,924.7483757833144,392250.4792587569
6,50,0.4162656734793675,0.8407696257463375,0.824166533451768,0.662039227013496,0.4036384172335491,0.1186711727746802,0.13681192984870444,0.24172774602580976,0.6,0.9,0.7,84,980.8776414844126,394135.9043760836
6,51,0.4400396359557752,0.8843775361365234,0.893188740804352,0.7074981906774864,0.40012290801148953,0.11681768424488033,0.14333700300347757,0.2701061385906654,0.6,0.9,0.7,86,953.7683113432548,122574.32218604696
6,52,0.6234329169375583,1.0303790122086798,0.9993322878569728,0.8932910677451427,0.6076960476527125,0.11731581977150014,0.2466466232269743,0.400586128701676,0.6,0.9,0.7,87,1001.8611640814712,67159.37994071424
6,53,0.41970688507081655,0.8423003112651477,0.8357375376288272,0.6928761018158647,0.43307425371743724,0.11306276456157975,0.14776144761165794,0.24333017214078317,0.6,0.9,0.7,88,967.649571090404,131982.92390529433
6,54,0.5387339321119943,0.9261321298838893,0.8802085683023838,0.8243820439583852,0.5062712154069778,0.1183686315017746,0.20693289837345183,0.3334788762819476,0.6,0.9,0.7,89,965.4428082983662,66334.91494532344
6,55,0.5329677726701898,0.912790366917654,0.8757614087890564,0.8180467345775624,0.6566225568612927,0.1182111115029699,0.20614618056326722,0.3338096236451631,0.6,0.9,0.7,90,1044.5826287978252,66891.99806718824
6,56,0.5332533994008108,0.9093462656948221,0.8715144285194377,0.8294724445529645,0.5241080865869167,0.11784754808130674,0.20707091643065967,0.3347090938850084,0.6,0.9,0.7,91,1046.3606798518774,67348.98089795609
6,57,0.5311461698931953,0.9031312756275489,0.8644200456194912,0.8279229529276957,0.5261894537527099,0.11792860385565851,0.20630713709816567,0.3340796499965276,0.6,0.9,0.7,92,1047.2368556944634,66805.78553955979
6,58,0.593140422216809,0.9592708820352395,0.919315022175903,0.8621248477282443,0.604437619591939,0.12990988283214325,0.20900343837132546,0.410925194593068,0.6,0.9,0.7,93,1153.4510419895964,66635.26528476637
6,59,0.51586411092402,0.86477129483885,0.8212059807100548,0.8224726625295745,0.6275873153598276,0.11658908643872037,0.20606786043340158,0.3212260454721094,0.6,0.9,0.7,94,1023.2030448526288,106874.4848429965
6,60,0.5151943034484391,0.864024673768304,0.8204434421889369,0.8182400638581221,0.4802688847151076,0.11649876071569634,0.20557939803219058,0.3209977531458776,0.6,0.9,0.7,95,1023.356118418005,115068.40228352044
6,61,0.5139941356232495,0.8535697198917171,0.8080791700319827,0.82862094977825,0.5192573224374667,0.11752136233490515,0.20563551257271637,0.3210405219073336,0.6,0.9,0.7,97,1022.6388075690433,114901.68929350744
6,62,0.5632600389069302,0.9311394384101728,0.9235605684322479,0.9253084646304697,0.5419227444276191,0.13398061423556706,0.18985222508099878,0.399113276778876,0.6,0.9,0.7,101,1185.556558561669,73684.37754787007
6,63,0.562200312258937,0.9355364819160115,0.93979241859821,0.9206633853398218,0.5539721314033041,0.13398061423556704,0.1898522250809988,0.3991132767788761,0.6,0.9,0.7,103,1166.415128944635,74070.06127992574
6,64,0.5621139355414921,0.9461860498238681,0.9633473904352343,0.9314022431907365,0.532567984070093,0.13398061423556706,0.18985222508099878,0.399113276778876,0.6,0.9,0.7,105,1154.9872163680036,74353.79078155819
6,65,0.41438427269423694,0.7419933810047366,0.6940624903351817,0.758828538784289,0.3866397740377063,0.12179277865727962,0.14876597704128305,0.25145904597530466,0.6,0.9,0.7,106,1113.9216927403247,73669.42270699341
6,66,0.4240221861454294,0.7745779150473358,0.763477514804757,0.794614416872654,0.4877290471452106,0.12083658080056725,0.1569333786227422,0.25842016239107785,0.6,0.9,0.7,107,1109.4698498224118,73585.90135739624
6,67,0.4056213409378294,0.7125123822507066,0.6712013104265198,0.7775089282972149,0.5467134201690604,0.11660001477350176,0.14878579907780493,0.2509902662110061,0.6,0.9,0.7,108,1081.7685230989491,73721.18444285894
6,68,0.4286486983910085,0.7541005876850239,0.7380327242943049,0.8153035967621106,0.43408010661829266,0.11957627030040056,0.16353591432025386,0.26319535456257526,0.6,0.9,0.7,109,1089.830912735733,74307.8284376035
6,69,0.40349693274760245,0.7031378209706404,0.682041078245321,0.7910075168319047,0.5866946268882494,0.11858659466366968,0.14921184636121196,0.2516050085867489,0.6,0.9,0.7,110,1148.007769365306,74118.66128861136
6,70,0.40203903476790404,0.6841446202927249,0.6596797944523103,0.7935937134250232,0.45092612609696703,0.11965838708700505,0.14923767705239316,0.2516160844646439,0.6,0.9,0.7,112,1151.92920212484,73987.22814767889
6,71,0.40203284039279535,0.6679585817264678,0.6295441294564855,0.7974097092034593,0.40211859598293276,0.11977762590111614,0.14945552312952196,0.25203447164220727,0.6,0.9,0.7,114,1152.9806767589116,73837.68815614707
6,72,0.4019824744057076,0.6549372150128473,0.6140596346500088,0.7863824660363672,0.48478163619678316,0.12234182019939273,0.14940048340037787,0.251852196766384,0.6,0.9,0.7,115,1145.3990056562066,75544.69110253561
6,73,0.3988717760036752,0.6381991244738221,0.5947519946857305,0.7906490189399517,0.43478707157584323,0.12110350231725212,0.1494597515451502,0.25035921988221627,0.6,0.9,0.7,117,1104.5078524893904,74416.45815517347
6,74,0.39824037791899963,0.629510766590294,0.5845525052171386,0.797355377866661,0.41336077721487885,0.1212854848851227,0.1494784769111274,0.25037343063417467,0.6,0.9,0.7,119,1119.0665764458274,75188.37865773466
6,75,0.39751182823994824,0.620626912170617,0.5741446595604068,0.8076206300357475,0.4446669284053244,0.12198843416748859,0.14931493709316468,0.2500026453152152,0.6,0.9,0.7,120,1132.4305201422776,75896.56060158683
6,76,0.48197302574418344,0.6330712032318346,0.5952762332826491,0.91191994730897,1.1798882781811806,0.12562106743989795,0.20235034941166616,0.30889139007335126,0.6,0.9,0.7,121,8655.067421216248,78380.6566283319
6,77,0.4816179554197771,0.6226641774847584,0.5830550695154597,0.9223763964226313,0.5479394269696012,0.12551798807154937,0.20249562585354547,0.30905811822777757,0.6,0.9,0.7,122,8689.172447851011,78113.8819199951
6,78,0.4807846576270424,0.6215712146929128,0.5819154173819869,0.9215289105860551,0.4740006500738759,0.12476174896904288,0.2029666265232477,0.30792917519381124,0.6,0.9,0.7,124,8555.055741430027,78364.75686409659
6,79,0.4814723031783708,0.6309055353213364,0.6037896756124054,0.937189677726464,0.4926096732475524,0.12551798807154937,0.2024956258535462,0.30905811822777757,0.6,0.9,0.7,125,8635.885759295388,78311.96542801347
6,80,0.48167815955472293,0.619416941699614,0.5792116504143767,0.9297918609203097,0.47813094080709506,0.12537319677656153,0.20272593615724732,0.3092203251268687,0.6,0.9,0.7,126,8682.90056807857,79106.3898532933
6,81,0.5111878844720482,0.6346354022054408,0.5918612898475211,0.9695688699152819,0.6087471599452738,0.12612426970242924,0.2175279971722562,0.3327149562577921,0.6,0.9,0.7,127,8511.991630918725,79211.96314502535
6,82,0.5108126186036432,0.6408661099738794,0.6102674626489947,0.973014541244423,0.5210693699064796,0.12626311812791863,0.2173117868395015,0.3326510366124544,0.6,0.9,0.7,129,8419.804871539774,77313.53517033267
6,83,1.1972138338576832,1.3303233254125175,1.3112657366287153,1.6819688406491313,1.2503899166977974,0.12462470573619885,1.0,0.3088505083036705,0.6,0.9,0.7,130,8502.933031533217,77290.72629089514
6,84,0.4803262870682602,0.6011338449379389,0.5688791608742283,0.9610857845502258,0.4821439362684757,0.1274460124445352,0.20180895748845762,0.30862340146956213,0.6,0.9,0.7,131,8510.634919230937,79332.99210515509
6,85,1.197289479848702,1.311336354720269,1.2778725902255526,1.6928060742735758,1.2161224009200828,0.12590388835888486,1.0,0.3083609221891237,0.6,0.9,0.7,133,8442.421475351022,76175.3791655753
6,86,1.1824803334874063,1.3135366790476801,1.3051098371811558,1.7010847405676517,1.215988288584337,0.12512562787571035,1.0,0.28820169276832464,0.6,0.9,0.7,134,8535.757193331141,81328.70076035468
6,87,1.198331645064358,1.3091635010250366,1.2861272355743485,1.7237055606189715,1.2149110956102982,0.1276760388739458,1.0,0.30919432280557424,0.6,0.9,0.7,137,8476.924832951674,77762.42092590309
6,88,1.1539287037698238,1.2686327962874375,1.2683001431407621,1.6980705740549302,1.2165987844750181,0.11954090801304648,1.0,0.2537614851745363,0.6,0.9,0.7,139,8315.89444617992,77463.85394504984
6,89,1.1538208943829158,1.2757251076603109,1.2876818878607632,1.709409242170658,1.1638965049776449,0.11978216334986383,1.0,0.25361075821241075,0.6,0.9,0.7,141,8302.591895385378,77079.50720721099
6,90,1.1536362674333216,1.2554798612510234,1.2528655241455764,1.708640050445904,1.2135785153155048,0.1198963574117752,1.0,0.25369968474183147,0.6,0.9,0.7,142,8262.239277191293,76966.50525422285
6,91,1.1535530524226365,1.2621486277984206,1.271745997963905,1.7239384384569854,1.1576408374520981,0.12009436768208148,1.0,0.2536305050380816,0.6,0.9,0.7,146,8401.47960803878,77871.58243925034
6,92,1.1525498643812893,1.2458421765331336,1.2417132641831865,1.738031027066224,1.1561311514002603,0.1189495339794839,1.0,0.25337657002166325,0.6,0.9,0.7,150,8329.465366621906,81724.2143204876
6,93,1.1344555905059694,1.2157857332675586,1.2095415852064155,1.6719491278016863,1.1741658424701735,0.11120565687646733,1.0,0.2347211906667368,0.6,0.9,0.7,152,8281.91520166061,76139.75073291003
6,94,1.1340292036728625,1.1747568626051812,1.1393014794111198,1.7311555609168237,1.1966109190872158,0.11123862527539416,1.0,0.23487114413901442,0.6,0.9,0.7,154,8311.808037393615,76344.0965241031
6,95,1.132287463401633,1.166251093103842,1.1296043623567216,1.7403697707287857,1.1417516215955283,0.10990150695293646,1.0,0.2338049402642282,0.6,0.9,0.7,158,8300.641497869636,77541.90839982513
6,96,1.1576920253322662,1.1824813451902596,1.1883607134943148,1.7962397446065188,1.2529623630901285,0.11770000556778201,1.0,0.265326821277764,0.6,0.9,0.7,162,8391.643824326673,82762.58911073356
6,97,1.1568777780639865,1.1730831303421139,1.188503710960343,1.8140132283697905,1.1912176478677523,0.11709954639235505,1.0,0.2652673913044224,0.6,0.9,0.7,166,8440.757043295187,82520.17584271505
6,98,1.1555527751788692,1.1663101451373676,1.1807792667690273,1.8201763033969296,1.174137206664906,0.11578840704060875,1.0,0.26465135121316796,0.6,0.9,0.7,168,8357.963034132456,82581.66109200066
6,99,1.1566259558647356,1.1562144135592018,1.1797819836379055,1.8278272375717861,1.1959938290616956,0.1178129384647553,1.0,0.2650380721147839,0.6,0.9,0.7,172,8447.695505826265,82461.06815743093
6,100,1.1562637248412522,1.1668538095792478,1.2033865336264258,1.8476323055255948,1.156143962609317,0.11734230380628481,1.0,0.26492906808216,0.6,0.9,0.7,177,8459.706670439507,82667.54161849954
6,101,1.1566282453897887,1.1654893804369824,1.201720889411769,1.8558429578574245,1.1685503961796762,0.11728971329819242,1.0,0.26553789939021033,0.6,0.9,0.7,178,8390.01967818335,80939.05475991135
6,102,1.1575784028002338,1.1625342610686924,1.1980854229911528,1.8684647989790908,1.1850715167935144,0.11826914036716034,1.0,0.26615184555544297,0.6,0.9,0.7,179,8346.664559339259,80826.62296134446
6,103,1.1575503095626567,1.160839572560133,1.1961006093841065,1.8603269222379581,1.1690343371649212,0.11826914036716034,1.0,0.2661518455554422,0.6,0.9,0.7,180,8358.346248916405,80775.23275847916
6,104,1.1580966318340298,1.171844889417261,1.219976533167416,1.8731282616719593,1.1631362011626787,0.11908977897678823,1.0,0.26624692761219726,0.6,0.9,0.7,181,8349.327565392234,80728.32515957323
6,105,1.1579616399429542,1.1713302334670614,1.2193956913357347,1.8729636478293001,1.1603921848983931,0.118949325517099,1.0,0.26618357708039764,0.6,0.9,0.7,182,8356.871628315703,80501.27513195692
6,106,1.1551260360257936,1.1636389422044031,1.2108592089405197,1.9046244001109196,1.1664331090806819,0.11963561424394986,1.0,0.26165970200316097,0.6,0.9,0.7,185,8392.828087850825,80375.59941801775
6,107,1.1565814434126864,1.157074057816926,1.2028983837867226,1.9173612183439661,1.1849960687796968,0.11905710438756903,1.0,0.2644196194802919,0.6,0.9,0.7,187,8382.022702126416,80093.053538111
6,108,1.1526595458469089,1.186238236255401,1.2709726035132505,1.9540177344693883,1.1529536531860336,0.11981827446538915,1.0,0.25817636401830435,0.6,0.9,0.7,198,8300.200060855956,79841.61448143396
6,109,1.1478945526533684,1.1785983762382177,1.2628328389854178,1.960993535830583,1.1580951914798772,0.11871492321870378,1.0,0.252379426745923,0.6,0.9,0.7,200,8312.343057931404,80077.51503604407
7,0,0.7080529351620791,0.9229536903391642,0.8607852300314258,0.005684717174335176,0.0,0.0,0.0,0.0,0.6,0.9,0.7,1,5272.118751306345,8587.343653980564
7,1,0.7206771296198365,0.9467631540463045,0.8836992143085453,0.037639547534902826,0.04730397565095747,0.0481506145590692,0.00010521765220967,7.671314551957001e-05,0.6,0.9,0.7,3,5205.5116331844665,8599.742662838558
7,2,0.7422089776330276,1.073660738088991,1.0144818221618674,0.21834407106892487,0.5709401552535561,0.12977108852196678,0.04142382783169663,0.11830551012944332,0.6,0.9,0.7,4,4410.455193163619,43614.71142003719
7,3,0.5785922921708035,0.9529899401438463,0.8879673951812656,0.11688578500975505,0.34876159579716276,0.05883971727207192,0.05396188451206363,0.03934307421000492,0.6,0.9,0.7,5,3229.0901160406984,6597.545714095783
7,4,0.6419038381459538,1.017897358902876,0.9526620266770022,0.18293520282360654,0.1870278126298049,0.05900207381978345,0.10079562491570429,0.07348908932592457,0.6,0.9,0.7,6,2735.000803502143,6063.407108942711
7,5,0.5685730311234148,0.9609640150092161,0.9078643301252317,0.141921860619221,0.149128320156446,0.07237457647515629,0.04130030053043442,0.04839730732943004,0.6,0.9,0.7,7,3020.450130362157,6215.3022336109925
7,6,0.5084951535997533,0.9435637326737669,0.8815826107062357,0.17246697701118974,0.5111834191862422,0.08472121870891339,0.04769285668472093,0.07882429594544291,0.6,0.9,0.7,8,2377.9462815708507,40880.13710417795
7,7,0.5016632214608477,0.9504450655836774,0.9007240641575042,0.17831879200662884,0.16380190781322257,0.08472121870891337,0.04769285668472093,0.07882429594544291,0.6,0.9,0.7,10,2437.045289628796,41639.3222603148
7,8,0.46311184704687003,0.9030892937245524,0.8396633536490896,0.14995138729620192,0.14578162468304204,0.08509661208506637,0.03204515891555504,0.05285265687014209,0.6,0.9,0.7,11,2389.3375110356947,41567.26905435579
7,9,0.44176576122435884,0.8895977819666459,0.8235130364093615,0.1554934388511149,0.2272422492600308,0.08803513803575753,0.03203368807621789,0.053254098670995634,0.6,0.9,0.7,12,1845.7618210558423,37616.00346218917
7,10,0.4126185594952275,0.8676734977587748,0.7985027120621087,0.15676141967282553,0.17803660281009023,0.10320397727358036,0.025638030535244348,0.0428972318091006,0.6,0.9,0.7,14,1696.9409155823807,38388.12133837413
7,11,0.3808294741549174,0.840747028653662,0.7687285661208471,0.14929876727856833,0.16268766213774027,0.10129941621457783,0.02143995942010992,0.03521591777383852,0.6,0.9,0.7,16,1304.1913146371433,33449.802124298345
7,12,0.3755770596501181,0.8355720848905425,0.7635210350392974,0.1487033681317666,0.1012422559463773,0.10727992544797191,0.01478223140630074,0.03152851600077839,0.6,0.9,0.7,17,1605.8639860952833,33541.52080556502
7,13,0.38587388736773354,0.8594889127707431,0.7984908141539628,0.18060704692517238,0.20306489745575929,0.08078974583277293,0.042062359571956844,0.053566181425301874,0.6,0.9,0.7,18,2513.7106098504155,1070370.658746797
7,14,0.38555582056917,0.8729071350968509,0.8217524215277734,0.20527499861229118,0.2088551105551875,0.0746329392768169,0.05341826350443102,0.07374182232762558,0.6,0.9,0.7,20,3133.8759782460884,1089788.085262251
7,15,0.36357154920006424,0.8511600745302348,0.7995259666151286,0.193594587441833,0.1353053434933631,0.07678849154020971,0.043324219244386855,0.05780365589475615,0.6,0.9,0.7,22,3125.731158600967,1068898.3369256645
7,16,0.35927454074036536,0.8474037952019035,0.7942450092482978,0.20559736656782987,0.1514856259760346,0.08497535958310984,0.04759820611779794,0.05264366052981956,0.6,0.9,0.7,25,1977.505586981784,1060444.2362632882
7,17,0.3524097776847565,0.8406344488219701,0.7866415063082113,0.2140724404701252,0.1457050294119424,0.06403265674998064,0.05571114707309312,0.05745115258989462,0.6,0.9,0.7,27,2641.691969690072,2496431.379878114
7,18,0.3526915833663462,0.8409249302235118,0.786397777968053,0.21529775982051866,0.1538988797947337,0.08503530866570647,0.04791306357784567,0.054347012449187736,0.6,0.9,0.7,28,1943.9966535780688,1059414.9636438803
7,19,0.3173671966015242,0.8026989127744064,0.741800827671329,0.2218585759004313,0.39134204737796713,0.05791355329006866,0.061571606453232675,0.058568568658608364,0.6,0.9,0.7,29,2075.7882624454214,2496178.015657014
7,20,0.30799904996781796,0.8018542267980366,0.7514558284723547,0.2311833823312192,0.18452328088435097,0.06726117305389433,0.0579465516745204,0.05886556949018582,0.6,0.9,0.7,31,2136.778475991747,2495939.332399483
7,21,0.30011102220336283,0.7770679815887884,0.7097122856405262,0.24258563790845253,0.22391461820550376,0.06252791153507968,0.06539637984598598,0.0669473211207831,0.6,0.9,0.7,33,2086.8252613284835,2527315.103871404
7,22,0.26694380200070605,0.7507550875920157,0.693970097795478,0.2284552351389709,0.16946678022053582,0.05478261489149686,0.05666436632974335,0.05148556928909124,0.6,0.9,0.7,35,2031.620515951045,2472934.8788446924
7,23,0.2711033683975898,0.7490675563716711,0.6894449227189801,0.2449461088298931,0.1926405030953438,0.050670119156962165,0.05748901733361768,0.07521108214503551,0.6,0.9,0.7,37,4190.463463365615,2474902.0380896046
7,24,0.25598982756022287,0.7225164522344983,0.6581545147921127,0.2529342345467297,0.23255177120103399,0.051162254859219734,0.05924225641075927,0.07413810422711142,0.6,0.9,0.7,39,4163.060816212885,2474797.674482484
7,25,0.24982708104030552,0.7115647274831532,0.6454251807866356,0.25768007242706015,0.1715881180971671,0.04758869688186359,0.060581469784495745,0.07466249626758052,0.6,0.9,0.7,41,3913.7712532256073,2473355.977969396
7,26,0.24896916493283014,0.7104312196993438,0.6441921750863774,0.26648378410593637,0.13681636298780933,0.04747299997915757,0.06041458204411258,0.0741868501105363,0.6,0.9,0.7,43,3912.1132958360017,2472811.596904972
7,27,1.8735733934700565,2.3545458202985907,2.3225223112680506,1.9324587061071308,1.8712339300049896,0.2887275771177744,1.0,1.0,0.6,0.9,0.7,45,2680.77640377047,28703634887.94477
7,28,1.919990047095711,2.35723416747234,2.302763755430976,2.0062586104833073,2.0348323840598272,0.40381439832064003,1.0,1.0,0.6,0.9,0.7,47,2632.2548883681693,6017745080.622872
7,29,1.8477018282603335,2.294456891853075,2.252540479703794,1.9411815871431461,1.779777360065703,0.2848570463378991,1.0,1.0,0.6,0.9,0.7,49,2748.0494670338526,28703714863.84209
7,30,1.845471585617374,2.2693063091609367,2.211331709673847,1.946715709699261,1.8993922632560467,0.2913703150200154,1.0,1.0,0.6,0.9,0.7,50,2763.090779317235,28702755311.04349
7,31,1.3735197582645495,1.794454976577161,1.7357413369923476,1.4884680196166864,1.3085994289151586,0.08174909845932195,1.0,0.5074807838896154,0.6,0.9,0.7,57,2243.079564945845,382193715096670.9
7,32,1.470759157187687,1.9021533748219446,1.8562506854405982,1.598787651805412,1.4096977691515098,0.08556109898188059,1.0,0.6436436657023374,0.6,0.9,0.7,58,3556.397238294571,382233678015830.4
7,33,1.372905660313696,1.789701729711409,1.7299454898420783,1.4958768353009728,1.3403610813837024,0.08182150515881823,1.0,0.5093260800545985,0.6,0.9,0.7,59,2222.2232294662376,382193765027499.8
7,34,1.4700038132796442,1.867669319545397,1.8032524054780925,1.5919174325406398,1.6007702340843946,0.08448136708919479,1.0,0.6573063519433221,0.6,0.9,0.7,60,2693.320885757425,382233616881124.9
7,35,1.467684551765434,1.858363619522291,1.7922990933306489,1.6048620713112036,1.444735866221076,0.08385742853324657,1.0,0.6582909147011792,0.6,0.9,0.7,62,2405.816959292845,382233627783337.06
7,36,1.4650462254120515,1.8522799221111719,1.785411999218074,1.6095898884005324,1.426144998660446,0.08216162836593047,1.0,0.6577552812776151,0.6,0.9,0.7,64,2470.56733790719,382233548929068.1
7,37,1.4630817792345632,1.8395043649756164,1.7701553601994726,1.619751853666909,1.512539888003992,0.08546176599313374,1.0,0.6573715726133389,0.6,0.9,0.7,65,2599.653399998219,382233646748292.4
7,38,1.4582826693949298,1.8249168670981732,1.7533655344895325,1.613603065091605,1.4995199805725492,0.08631296396282628,1.0,0.6541745683050562,0.6,0.9,0.7,66,3667.5480913634287,382233601456425.25
7,39,2.2376617754257118,2.60726728592964,2.578683132043615,2.425002157381031,2.3228254095187646,1.0,1.0,1.0,0.6,0.9,0.7,69,2196.1948309282807,277590728324564.6
7,40,2.2369778409626058,2.6035082830305045,2.574280309040117,2.4379923366031138,2.2065654540588335,1.0,1.0,1.0,0.6,0.9,0.7,73,2216.201656046393,277590708448557.6
7,41,2.2303858074366625,2.5188651528019204,2.4308146823583012,2.4383211078779103,2.478656245594883,1.0,1.0,1.0,0.6,0.9,0.7,74,3586.5871227386683,382194085903401.9
7,42,2.228966988000855,2.5315950203084805,2.4678879612121136,2.4544302427321245,2.2335292175423778,1.0,1.0,1.0,0.6,0.9,0.7,76,3520.2378136230536,411328227339716.9
7,43,2.2270507003276014,2.517935788188299,2.4518895065964257,2.4566050070617695,2.2476977421819386,1.0,1.0,1.0,0.6,0.9,0.7,78,3527.793338762492,382194103504174.1
7,44,2.2264966112008686,2.513826136499145,2.4470761252690414,2.4630931680893964,2.2143506802807256,1.0,1.0,1.0,0.6,0.9,0.7,80,3479.2542658934026,382194113995829.6
7,45,2.2258956987066756,2.520487095791146,2.465959445997571,2.473012725283205,2.215867854202739,1.0,1.0,1.0,0.6,0.9,0.7,82,3517.2473846261337,411328249555448.3
7,46,2.225338942603025,2.5161936569497403,2.4609307134764835,2.4830254431522016,2.2149952428025896,1.0,1.0,1.0,0.6,0.9,0.7,84,3481.7317912790904,411328320491752.6
7,47,2.224463349013761,2.531683580071147,2.501236950485367,2.4928582034167492,2.2241776930781834,1.0,1.0,1.0,0.6,0.9,0.7,86,2467.4371090243267,382194120378967.2
7,48,2.2237177539593542,2.514416477928659,2.469930779223557,2.495807197940656,2.2423887876646527,1.0,1.0,1.0,0.6,0.9,0.7,87,2425.8772273772165,382194071157387.6
7,49,2.223330244502769,2.5111917400070007,2.4661539313534933,2.50603011347439,2.2112466199795993,1.0,1.0,1.0,0.6,0.9,0.7,89,2407.935793100598,382194084792827.4
7,50,2.2228291696493265,2.5069533518288747,2.4611898304368527,2.5091758672001694,2.229571614436521,1.0,1.0,1.0,0.6,0.9,0.7,90,2407.895641805625,382194084791961.0
7,51,2.2220607635745884,2.4890936857145665,2.4291897060292165,2.5085169836997716,2.246460723098469,1.0,1.0,1.0,0.6,0.9,0.7,91,2379.437017051706,382194108204549.3
7,52,1.1120505887537195,1.4028656659533527,1.380069555324621,1.5400852581538442,1.0937092295813837,0.06812789590642221,1.0,0.21477293476475312,0.6,0.9,0.7,122,2087.0899332414147,34399834056770.555
7,53,1.1112750868860257,1.4000680923601931,1.3768838021334193,1.53201970310181,1.1065166535485076,0.06733839130138743,1.0,0.21469070399778536,0.6,0.9,0.7,123,2084.6281589790333,34399826612001.867
7,54,1.1100430088690432,1.4024962394370266,1.3908684556766717,1.5345631611026662,1.149229025367127,0.06730469494829246,1.0,0.21422711387547683,0.6,0.9,0.7,124,2114.807695496813,34399834017888.805
7,55,1.1073663659924549,1.4099538067023423,1.411122208385529,1.550700251135753,1.0961209235469327,0.06665177794706192,1.0,0.2111384869178951,0.6,0.9,0.7,125,2139.180609235291,34399779832308.883
7,56,1.1074464762795404,1.3972144312880355,1.3850741999740197,1.5585557429589245,1.100619788302724,0.06707057584804528,1.0,0.21115695546778684,0.6,0.9,0.7,126,2153.940034813561,34399782633561.945
7,57,1.109492977286821,1.3975494785046607,1.3850830929323077,1.545050606834592,1.103591834269226,0.06721648423655989,1.0,0.21423155681067393,0.6,0.9,0.7,127,2119.962609242129,34399834298733.105
7,58,1.1096586564170083,1.4088912278467711,1.4094199717853904,1.5604127329098,1.0906818991596618,0.06733462457737947,1.0,0.2143715196664211,0.6,0.9,0.7,128,2079.103890172395,34399836360647.797
7,59,1.109585977138752,1.4065843383891738,1.4066877148630754,1.571437659829235,1.0993139064224586,0.06761330496160929,1.0,0.2143853465543625,0.6,0.9,0.7,130,2117.800689499346,34399833793867.08
7,60,1.073419762326903,1.333552329715955,1.3158052622193002,1.5316367068877863,1.2549328644301456,0.07137829704425472,1.0,0.1632896019895356,0.6,0.9,0.7,131,2175.6005349943525,34399804619646.824
7,61,1.074354926388791,1.3313226022382962,1.312981127119969,1.532567875524867,1.0828217578754658,0.07324272564676769,1.0,0.16346441858856384,0.6,0.9,0.7,132,2231.04228156734,34399803322490.133
7,62,1.073301803646635,1.3220657031321763,1.3021888301939093,1.5388356043536575,1.1206948184073584,0.07295996553667881,1.0,0.16329059238682295,0.6,0.9,0.7,133,2234.8740626232798,34399803603550.75
7,63,1.0733018039103241,1.322065703057179,1.302188830118912,1.538835604392694,1.0580808508528519,0.0729599654823051,1.0,0.1632905923262898,0.6,0.9,0.7,134,2234.874062572294,34399803603550.75
7,64,1.0720717534038802,1.3014903155367472,1.2670950604173643,1.5368455746785727,1.1193222385341177,0.07334140628212885,1.0,0.16223785301674015,0.6,0.9,0.7,135,2238.0143685606963,34399803538194.586
7,65,1.0715307952618298,1.3078492637754215,1.2856540246340173,1.5442884178873522,1.0900203659808878,0.07158179234219421,1.0,0.16350197774060676,0.6,0.9,0.7,136,2186.1387633019326,34399800194347.52
7,66,1.073035759505186,1.3379386748315623,1.353811361692772,1.5691220611945766,1.0720656509113398,0.07324010582771853,1.0,0.1648359579622723,0.6,0.9,0.7,139,2242.612561774098,34399795944421.773
7,67,1.0722548257655973,1.3310667690452516,1.3458109023409142,1.575733854242036,1.082152075969714,0.07264408068321378,1.0,0.16494388258883091,0.6,0.9,0.7,141,2240.040114669334,34399794832059.05
7,68,1.0699665062066366,1.3407933696996546,1.3796200502843852,1.5853081342669297,1.135465963790032,0.07112546137264601,1.0,0.1641313126430706,0.6,0.9,0.7,142,2297.375448693136,34399793702993.2
7,69,1.0698536963876453,1.3351848184689286,1.37299969654293,1.5926683548612686,1.099181363511369,0.07149925097677726,1.0,0.164239237330102,0.6,0.9,0.7,143,2295.23520233587,34399792590633.32
7,70,1.0698938100147026,1.3216305777991284,1.3460052691460924,1.592256283205241,1.0761651172770614,0.07151881977049294,1.0,0.16453291453441138,0.6,0.9,0.7,144,2303.238107886308,34399792517297.3
7,71,1.0673095516736888,1.3255188352487892,1.3620255809979842,1.5895328436381295,1.0910367308368067,0.06855975945848566,1.0,0.1638619598135876,0.6,0.9,0.7,145,2296.061053857919,34399797332058.92
7,72,1.069210797334607,1.3226730672150286,1.3583095315474831,1.5993074468710378,1.0936243172771716,0.07102579438504994,1.0,0.16494273049368377,0.6,0.9,0.7,146,2287.5715472081297,34399803100307.73
7,73,1.0596635222341448,1.3125999214982265,1.3481401804754303,1.6049389822707236,1.052434970492343,0.0689822096266488,1.0,0.15310672398990569,0.6,0.9,0.7,147,2212.7539942043904,34399794043357.074
7,74,1.0592702300017718,1.296490896793396,1.3182049810815384,1.6076360585511704,1.0653364665842449,0.0692175923952328,1.0,0.152785726063114,0.6,0.9,0.7,149,2269.0329230067177,34399792202737.52
7,75,1.0591820124813776,1.3062965824840276,1.3407716471051696,1.6194851343255676,1.0533478359299964,0.06921759239523284,1.0,0.152785726063114,0.6,0.9,0.7,151,2275.332076343183,34399795111549.35
7,76,1.0658580646478668,1.3088679327896446,1.3425929907366465,1.621605107683916,1.0860747644989739,0.06805393177176527,1.0,0.1637121088023995,0.6,0.9,0.7,152,2327.7461653933656,34399776372090.84
7,77,1.1053383831641934,1.3126425946426943,1.32891091032949,1.6639804428438436,1.187267785380638,0.07619268474200086,1.0,0.21530774040815506,0.6,0.9,0.7,154,2045.721483759347,39714835152924.23
7,78,1.1046723725420615,1.301501461519736,1.315873939763758,1.677988351784928,1.1736841988060316,0.07622138394356247,1.0,0.2151819684353332,0.6,0.9,0.7,155,2095.080695131814,39714835268790.37
7,79,1.1215226430863778,1.3091095746480683,1.3218135188595423,1.6972578504210902,1.1817698146886244,0.07843109430827039,1.0,0.23807417509535198,0.6,0.9,0.7,156,2225.737135586466,39714896969197.92
7,80,1.1211422740794375,1.3062480155410838,1.3185048300998001,1.7042604537370891,1.1225762662827043,0.07798760112573008,1.0,0.23809706654170873,0.6,0.9,0.7,158,2254.616556046293,39714897357492.36
7,81,1.1042194266257237,1.2998065699657653,1.3249336230762152,1.704363867303699,1.1018795299217627,0.07637489347515967,1.0,0.2153577132812648,0.6,0.9,0.7,159,2137.154146227356,39714836845795.14
7,82,1.1208073917224703,1.3148494397001325,1.3396981167866941,1.7274903765244092,1.1246418367054984,0.07849607641359478,1.0,0.23735156074009386,0.6,0.9,0.7,160,2214.933630338909,39714917303774.29
7,83,1.1158370475151917,1.2867901449985786,1.2965008342690725,1.718197484730075,1.1960957656597566,0.07965710448793498,1.0,0.23010806195060468,0.6,0.9,0.7,161,2084.040370611224,39716980843193.05
7,84,1.1143742385247273,1.2487508480424105,1.2519182079493083,1.7186243838523168,1.375844699246475,0.07958808406890476,1.0,0.2304078334976977,0.6,0.9,0.7,162,2152.896478738828,39716978783012.92
7,85,1.1143186778546594,1.2585255891055465,1.2744485884122703,1.7308878354011878,1.1140086146415262,0.07958808406890476,1.0,0.23040783349769764,0.6,0.9,0.7,164,2155.996414456129,39716979930625.945
7,86,1.1135504941792855,1.2508897328808493,1.265589748961042,1.7373361197981703,1.1334790322383719,0.0781954419664863,1.0,0.2308948741144255,0.6,0.9,0.7,166,2139.472953049542,39716983312540.22
7,87,1.1421777081184663,1.2889892873606386,1.316381649247013,1.7782994299697636,1.149786443777607,0.08172366750277486,1.0,0.26886322540940205,0.6,0.9,0.7,167,2113.09147491935,39716980222070.08
7,88,1.1415253804635208,1.2754912632168347,1.2895911166184457,1.7765208368730128,1.1485608740025877,0.08075264897236303,1.0,0.2688543633360344,0.6,0.9,0.7,168,2147.399834945535,39716961395619.24
7,89,1.1539551137663162,1.3354305420288746,1.42403297811337,1.74219520011029,1.22119746533632,0.08237413908882234,1.0,0.2862571557314755,0.6,0.9,0.7,170,2112.9605516629936,39716980222069.484
7,90,1.1387394201501704,1.2025883985016521,1.2042870084838626,1.7465929649340666,1.2269068388502018,0.07946493442815847,1.0,0.2692587901250112,0.6,0.9,0.7,174,2042.3372939070389,34401825393685.168
7,91,1.138631184526656,1.2022192962036808,1.203872158274881,1.7539113000875417,1.1370047810191828,0.07919690097304496,1.0,0.2693443273430004,0.6,0.9,0.7,176,2017.5821000750725,34401833474710.76
7,92,1.1391949965686468,1.188552964338291,1.176672731086564,1.7525747134285385,1.158452211119255,0.0804745924105284,1.0,0.26917309911776843,0.6,0.9,0.7,177,2046.4546542517155,34401830619843.1
7,93,1.1193749829466741,1.1969056130727558,1.223070212145967,1.7746411639851543,1.1365562544120247,0.07828744068621987,1.0,0.24294227745967625,0.6,0.9,0.7,179,2042.499158884662,34401825393685.04
7,94,1.1383846910550695,1.1899664652318416,1.1895077585436709,1.793785234066327,1.1446752021184299,0.08067981603895083,1.0,0.2681824944653767,0.6,0.9,0.7,182,2062.021538561083,34401837666007.125
7,95,1.1172843603794613,1.2374495469215647,1.3262655784108712,1.764551535169435,1.1854761102875027,0.07807594631284057,1.0,0.24062755901919286,0.6,0.9,0.7,183,2082.752139791519,34401837384527.8
7,96,1.126766164385016,1.1761670911607356,1.1863587874242603,1.8017671020926358,1.1501820097663498,0.07875832219052839,1.0,0.2537128305496776,0.6,0.9,0.7,184,2078.68870854242,34401835167443.625
7,97,1.1419998324528962,1.223826783032567,1.2728120500412317,1.862005785829793,1.1410597880718019,0.0815532111091719,1.0,0.27312097287535714,0.6,0.9,0.7,193,2055.4097142985347,34401791907860.96
7,98,1.1425985392503573,1.22199959226965,1.2705591992693326,1.8568367132988777,1.1466026400915408,0.08235067626619844,1.0,0.27337724271608127,0.6,0.9,0.7,196,2025.6031657902445,34401790871813.117
7,99,1.1471082355552686,1.203526684409917,1.2370215663693458,1.8584975302514237,1.2296160634633146,0.08252398113698535,1.0,0.28006436937970397,0.6,0.9,0.7,197,2076.1706170274374,34401851051443.77
7,100,1.1422137834096913,1.2203665916887592,1.2797442483276478,1.8687693008912443,1.1454924177347583,0.08221270805913772,1.0,0.2733610062064725,0.6,0.9,0.7,198,1993.6809179691604,34401812485043.312
7,101,1.1141551147182547,1.1809345668797886,1.2272822928065565,1.8501362398445766,1.1138412431449276,0.08041316376627314,1.0,0.23482514311037384,0.6,0.9,0.7,199,2074.6445785808564,34401851376061.24
8,0,0.9715185392425278,0.9935479596847923,0.9434691961836249,0.012176214320389107,0.0,0.0,0.0,0.0,0.6,0.9,0.7,1,1198.4437216261465,7671.279404044189
8,1,0.9983430081573624,1.0376822444249925,0.9867052007045415,0.06446871579659946,0.06769575324814821,0.0819237728721522,9.158662429444001e-05,0.00020398985418201002,0.6,0.9,0.7,3,1364.070827993687,7012.180407012359
8,2,1.6431464059468024,1.9192008958185207,1.8657666702162006,1.0333968787531378,1.6403661357110215,0.10118013589516975,0.37137507466127034,0.8785835543492599,0.6,0.9,0.7,4,4006.501595852733,3135.569295109509
8,3,0.8044174253257759,1.1374914251129182,1.0780689379990884,0.273342883820255,0.5074538059429115,0.10036314098789148,0.08254789338033316,0.1838579908737494,0.6,0.9,0.7,5,1254.860433665775,4662.49042929165
8,4,0.6534583821240574,1.0336881331892767,0.9678108480518836,0.20988553027635626,0.32961836123269905,0.09131061849941949,0.06856872534619066,0.11514374671615904,0.6,0.9,0.7,7,1307.059635101676,5297.274420616968
8,5,0.5260686794619531,0.9546194426082036,0.8782480924612254,0.19180745700707252,0.3923776359047811,0.10451849422972914,0.045401145274397384,0.10819196422214365,0.6,0.9,0.7,9,1326.601567652399,1862.882493045617
8,6,0.4895037813041013,0.9206419527442042,0.8434597407604367,0.1678705075506987,0.1666008941942899,0.1042998558317368,0.03407473188510876,0.08116746144490239,0.6,0.9,0.7,11,1352.5658947886398,1850.877489662988
8,7,0.4870967077180505,0.9203865457672101,0.8424906867285082,0.1750759085408428,0.18308701988518764,0.10407012073037711,0.03608105548939664,0.08437270106590493,0.6,0.9,0.7,12,1410.6791391449185,1809.296752902996
8,8,0.4827422935567673,0.9161739190863659,0.8382290635067265,0.17423706070879844,0.15204138842663922,0.10408564745051237,0.03414635067304042,0.08123792627979529,0.6,0.9,0.7,13,1380.1295981219826,1840.784957439478
8,9,0.45506128564694004,0.892174487673002,0.8129010594179389,0.16285614596340625,0.1880003100402315,0.10444148404658216,0.02846343531627558,0.06503754173327334,0.6,0.9,0.7,14,1302.8677062778163,4139.0100282831045
8,10,0.4352836615068247,0.9126033876756509,0.8694829794146832,0.18941493157725492,0.1953401233538678,0.09792226779500252,0.03547750452934431,0.06653501044873616,0.6,0.9,0.7,16,1888.7567707503915,30332.83537367561
8,11,0.38296670408710354,0.8679738260681361,0.8197999634629076,0.17882379894253514,0.22518487529032832,0.0942073270613274,0.030260099225688508,0.054825366037927536,0.6,0.9,0.7,18,1666.9625745967492,31235.592108908902
8,12,0.3703445817582485,0.8557320551977936,0.8071830279429149,0.17888946530446445,0.11973611530412176,0.09563345668537107,0.02522936733728694,0.04571244162312665,0.6,0.9,0.7,20,1680.9591941480612,30954.30087956924
8,13,0.3487501939119878,0.8480671060833832,0.8078055721221669,0.19428601057327957,0.1848077637471063,0.09072007863487348,0.032700454426904904,0.05267666072401404,0.6,0.9,0.7,23,1682.8709288726125,40978.85955574019
8,14,0.5724681041212988,1.0494418138835915,0.9811111568407985,0.443107403567237,0.3987616855445964,0.13128403977878342,0.07403876278066171,0.30170020085336746,0.6,0.9,0.7,25,1537.692568184592,57156.13808189639
8,15,0.5261384245025654,1.002236765718855,0.9311756608162916,0.41846113367942217,0.3810353741738814,0.13343005812339856,0.06598519145619203,0.2655559833350859,0.6,0.9,0.7,27,1032.1208469875014,50277.89969599218
8,16,0.5241293997786879,1.0000142200717803,0.9285631219618171,0.424261309685391,0.33333678343039497,0.1335591498870853,0.06597154426176247,0.26554127444150477,0.6,0.9,0.7,29,1013.4415670239076,50314.54722010674
8,17,0.5230519769895812,0.9988731157468584,0.9272618180361814,0.42923989653156525,0.3319465353834875,0.13351439617120736,0.06586272086817527,0.2654258577343556,0.6,0.9,0.7,30,986.1722235731736,51060.92990276196
8,18,0.5215337906495017,0.996975614238387,0.9248112711648661,0.43393686578539525,0.3488287410017172,0.13234140145422446,0.0669838188991456,0.2668922721630921,0.6,0.9,0.7,31,942.87170514742,48324.63778806567
8,19,0.5004313242862737,0.9756675086578224,0.9032074726242184,0.416590130771356,0.3189780232905217,0.12940266007832274,0.061796418667218654,0.24810757905696468,0.6,0.9,0.7,32,1055.2995237039058,47569.15234907328
8,20,0.5229928158321948,1.00844827797404,0.947742758877864,0.4447713672082789,0.3865897497865819,0.13226471299864634,0.07182198826965777,0.2739810248481986,0.6,0.9,0.7,33,2263.6123687900026,58272.46052412357
8,21,0.49186599053274505,0.9771559485290854,0.9162635667174504,0.42291324110904505,0.3093938422513023,0.1373748976470126,0.06192133641874895,0.23918590299711334,0.6,0.9,0.7,35,1462.7997227809683,54347.44035176147
8,22,0.4629580093986779,0.9915775210676466,0.981185894726779,0.4367411422845442,0.3145718335680905,0.13374429452472314,0.05540154574620966,0.21978247001789902,0.6,0.9,0.7,37,1139.4518914240812,49487.71621408224
8,23,1.5050318159787073,2.0070738652909945,1.9674270857460765,1.4935556333192126,1.4072123972891912,1.0,0.0454012018389557,1.0,0.6,0.9,0.7,39,1177.0845528993948,44484.83691142061
8,24,1.487167975280735,1.9852857346829018,1.943197849878519,1.4925210422517086,1.4328826465280358,1.0,0.03703015627340913,1.0,0.6,0.9,0.7,40,1430.0985436625035,45261.530516503095
8,25,1.4844217530387587,1.9658125671651199,1.9078063180708504,1.505697194263961,1.38176184104942,1.0,0.04677332131035114,1.0,0.6,0.9,0.7,43,1120.6142083019952,45047.53280817807
8,26,1.472561724522492,1.950769128973484,1.8912573998201265,1.503704746638225,1.3972444516983074,1.0,0.03982655840296892,1.0,0.6,0.9,0.7,44,1244.337810341229,45480.08747512072
8,27,1.4665384055848452,1.9529513661350346,1.905107151478363,1.5108471919918014,1.3617844495616636,1.0,0.03844995917293986,1.0,0.6,0.9,0.7,46,1347.7731539273173,45945.6670140355
8,28,1.4596171740178403,1.944070118406758,1.8953916695417328,1.5155513209992424,1.3476068324030899,1.0,0.03399427155957942,1.0,0.6,0.9,0.7,48,1267.8799253049017,47239.80075077758
8,29,1.4549335750755628,1.932689832528184,1.8813381258322301,1.522609280577415,1.3893358969595635,1.0,0.038693887701105725,1.0,0.6,0.9,0.7,50,1342.9996623924349,48442.74827816962
8,30,1.4507277227982724,1.9274044105985066,1.8756432141552979,1.5288125697383306,1.340277700823315,1.0,0.035477419665488306,1.0,0.6,0.9,0.7,52,1351.2151807303112,48200.65351066611
8,31,1.4486919532590243,1.9354120401663504,1.8962170700492558,1.5407286075079871,1.337177896074805,1.0,0.034744718995724226,1.0,0.6,0.9,0.7,55,1411.4687993908676,48485.53757552736
8,32,1.443061375094441,1.9252690628763316,1.8844368380580712,1.5452667159301523,1.397459732149795,1.0,0.034097356687896554,1.0,0.6,0.9,0.7,56,2515.8730140991474,48317.02288666236
8,33,1.443565964440872,1.9362211845644857,1.908122188071658,1.604375938623008,1.3330862791039673,1.0,0.035551257377996345,1.0,0.6,0.9,0.7,66,1393.929796683027,47513.41717113858
8,34,1.443248966961287,1.9355072229707035,1.9072687278731304,1.6114787813215852,1.3349452566039375,1.0,0.03566332027651699,1.0,0.6,0.9,0.7,68,1395.655329010891,47462.048925699135
8,35,1.4420377149804295,1.9329177742456314,1.9041994568279195,1.6159351125786332,1.3518668484565721,1.0,0.035898854020550916,1.0,0.6,0.9,0.7,69,1306.0086489612254,46086.09563811584
8,36,1.4429468259937517,1.9442202088009841,1.9282228710279756,1.6277802456113262,1.3397410687248268,1.0,0.0378217747997311,1.0,0.6,0.9,0.7,71,1292.1713451347964,46743.30080892908
8,37,1.7992802335667275,2.293988185827219,2.275797721318205,1.9584879289258874,1.7413331228619937,0.16102196542626634,1.0,1.0,0.6,0.9,0.7,73,2239.393837525449,54118.87940931972
8,38,1.7987801286809202,2.2927009101570937,2.2742514349323617,1.96198068904456,1.7075712829480048,0.16139709690446655,1.0,1.0,0.6,0.9,0.7,74,2134.728059041496,54680.014450774375
8,39,1.7942922104239407,2.284941185642776,2.2654315066692465,1.9597920314759498,1.739234006330136,0.1587822329003042,1.0,1.0,0.6,0.9,0.7,75,2177.704915693292,56065.48620217674
8,40,1.7916241281688574,2.277143749717734,2.2560543684301484,1.9706113222368837,1.7286135293643328,0.16116051535046066,1.0,1.0,0.6,0.9,0.7,77,2122.5673551602317,55128.48135612482
8,41,1.7937572998174856,2.278165691119389,2.2567286901278525,1.9768814649960806,1.7144345304258934,0.1662471442692552,1.0,1.0,0.6,0.9,0.7,78,1947.169948903,55103.85610243592
8,42,1.7900353012402477,2.2730925433626155,2.25125573527791,1.9807997067145091,1.7128756231847166,0.16168191692664508,1.0,1.0,0.6,0.9,0.7,79,2119.062762551884,54906.85546537508
8,43,1.785056211549593,2.2635145495944053,2.2403078583409144,1.985356751812498,1.7515918943501008,0.15905071346293234,1.0,1.0,0.6,0.9,0.7,80,2134.530968711721,54970.6965549374
8,44,1.7628704169808593,2.2388009565756137,2.2247157201464285,1.9838356326936502,1.8398223134025993,0.13693821322741068,1.0,1.0,0.6,0.9,0.7,81,1926.8730594192195,56576.157802773385
8,45,1.763053112936782,2.2252691512960245,2.2075244925449304,1.9897073473048743,1.7646210313274346,0.14999859547344443,1.0,1.0,0.6,0.9,0.7,83,2332.352140065591,56727.373195504304
8,46,1.758613992595562,2.2183065550533216,2.1999096515833783,1.9896682870999711,1.7001036751692669,0.1447419062173485,1.0,1.0,0.6,0.9,0.7,85,2316.9124293059467,57223.8168584103
8,47,1.7589899388031947,2.2177316482881366,2.1990898758587805,1.993861407220251,1.697696910918673,0.14616669254558304,1.0,1.0,0.6,0.9,0.7,86,2131.0209784988087,56975.1127639202
8,48,1.7577836594879264,2.2156820547581635,2.196824306035251,1.9964237662300979,1.6956858466097267,0.14485243051502855,1.0,1.0,0.6,0.9,0.7,87,2278.701533281629,57690.38593566336
8,49,1.7588826245552451,2.220473053867699,2.2126981241926527,2.024835190205817,1.7713299667944462,0.15282831090863788,1.0,1.0,0.6,0.9,0.7,88,1900.671707839712,62460.25816794429
8,50,1.7545219387358522,2.2210448189619205,2.224729388033306,2.0223540457176594,1.7516824930709916,0.1501049398046525,1.0,1.0,0.6,0.9,0.7,89,2280.226104408946,58473.399652272186
8,51,1.7491324502370473,2.1906183500129712,2.177964072588065,2.0208338437556543,1.8265458833005241,0.1505550875249971,1.0,1.0,0.6,0.9,0.7,90,2155.844457523446,72637.50810806386
8,52,1.7473669233025273,2.1959838607490214,2.1953716689855995,2.034240949053424,1.7094908156164668,0.15015238490303834,1.0,1.0,0.6,0.9,0.7,92,2274.654521361186,69997.14009824317
8,53,1.746424100834007,2.1809345439887853,2.16664215773251,2.0375741409750714,1.7040854066013953,0.15035873256991394,1.0,1.0,0.6,0.9,0.7,94,2106.866589703538,72547.87430752422
8,54,1.7457283547754334,2.179136222653574,2.164586715121122,2.040705997574528,1.6951458788404028,0.14986132055651388,1.0,1.0,0.6,0.9,0.7,96,2228.3376506997447,65177.98316081306
8,55,1.7433284273903786,2.2183531954693176,2.255062888546637,2.111565039084871,1.6916921467416413,0.14775909491475891,1.0,1.0,0.6,0.9,0.7,106,2294.015623889401,62500.56061583587
8,56,1.740934679804573,2.1974676177763923,2.219504886220167,2.1217302065483548,1.7568564360408903,0.14789471746541188,1.0,1.0,0.6,0.9,0.7,107,2126.9488379448057,66229.60556119129
8,57,1.7409195864137654,2.1974067543101574,2.219433496183986,2.121724400518591,1.6891622150841468,0.14789471746541188,1.0,1.0,0.6,0.9,0.7,108,2143.980083195529,66098.6867076385
8,58,1.7395425521785544,2.191587807013518,2.2126070760651695,2.1361251167273476,1.7093454471200324,0.14800187272032234,1.0,1.0,0.6,0.9,0.7,110,2077.217636107371,66429.1826923996
8,59,1.9629525695005456,2.4140585248804323,2.4348560625816176,2.344645357516094,1.9228679994035123,0.5209442631248795,1.0,1.0,0.6,0.9,0.7,111,1995.9048915843089,67798.52934830527
8,60,1.9675040522890623,2.408551545927751,2.427110109649149,2.361888860669077,1.9502037003790567,0.5335548578292123,1.0,1.0,0.6,0.9,0.7,114,2086.697699109057,66561.00663360443
8,61,1.9585709642066482,2.3972068237507473,2.415233407281555,2.3642574955430007,1.9190832479308944,0.5198252261665786,1.0,1.0,0.6,0.9,0.7,117,2023.2910839610076,66566.53786838625
8,62,1.732497244711017,2.180208323982762,2.210766703393128,2.1573103147238735,1.705531597976185,0.14404877106552033,1.0,1.0,0.6,0.9,0.7,118,2309.3276830888176,66990.18452553819
8,63,1.9576972892727325,2.41081844889029,2.453106640814756,2.4023576851749766,1.9393856822747855,0.5220920880386065,1.0,1.0,0.6,0.9,0.7,120,1968.305072391005,68062.45404538795
8,64,1.9703952286722894,2.388305599143945,2.4231132558396817,2.4310551561267424,2.0867481160725925,0.5573708998617322,1.0,1.0,0.6,0.9,0.7,122,3086.63192884523,65934.93163503305
8,65,2.0429439214869696,2.457008517376676,2.4910186997566237,2.523040891020081,2.015907783220225,0.6796358555278154,1.0,1.0,0.6,0.9,0.7,126,2598.2366554999835,53349.66919073276
8,66,1.9640755910507284,2.375797448182481,2.4200259491331977,2.4566214936944046,2.045093978203813,0.5526884178098633,1.0,1.0,0.6,0.9,0.7,127,3129.9368231011176,66586.28242219656
8,67,1.9562603213307173,2.3392371592503434,2.3561762887716657,2.461808768584345,1.942499518411487,0.5416387101640535,1.0,1.0,0.6,0.9,0.7,130,2650.5761640575406,58744.07679164061
8,68,1.9586764049330248,2.321734858174821,2.345455001718455,2.4679131729120165,2.186237020434774,0.554322384236445,1.0,1.0,0.6,0.9,0.7,131,2443.5827016095463,67506.04825756924
8,69,1.9508386697913436,2.310118521391863,2.33309454454995,2.475119153106111,1.9404857977900047,0.5422038915542183,1.0,1.0,0.6,0.9,0.7,133,2583.9362839992405,64476.08521963992
8,70,1.9469904583670274,2.3039573178047013,2.337288747408058,2.4837829711295543,2.0312960868690793,0.5390051829735745,1.0,1.0,0.6,0.9,0.7,134,2376.5029389020738,66203.1957953927
8,71,1.9438608151155987,2.2818109712260464,2.3114624069251937,2.4923890455081485,1.9977783067916965,0.5379077402540774,1.0,1.0,0.6,0.9,0.7,136,2499.263448239241,66402.9455434338
8,72,1.9433763703331703,2.2656519156500288,2.28144425286615,2.4836229878802367,1.9578115699363694,0.5380057996425793,1.0,1.0,0.6,0.9,0.7,137,2524.086281374984,66921.43481051116
8,73,1.942602268253065,2.263579210096702,2.2791222950813737,2.5014754072189405,1.9255843223429443,0.5369752862075149,1.0,1.0,0.6,0.9,0.7,140,2490.0325254716645,65840.75360373236
8,74,1.9446200207730946,2.257557618589404,2.271563531877886,2.5110480460595763,1.935596146928759,0.5419007143206386,1.0,1.0,0.6,0.9,0.7,146,2531.366962695534,288373.6026961028
8,75,1.9415012185413145,2.2243853803007085,2.232703988322738,2.5191852562187895,2.1570522338375264,0.5419629322901751,1.0,1.0,0.6,0.9,0.7,147,2689.203803732299,289502.31267743144
8,76,1.9393094449875683,2.2109608489335466,2.2062731501702864,2.530434391201924,1.9232688116026841,0.5383159118061076,1.0,1.0,0.6,0.9,0.7,148,2405.2429474766623,289398.34125679487
8,77,1.9400141826345298,2.221279304428781,2.229293962204998,2.5251300696725854,1.9359666634653594,0.5397443999682533,1.0,1.0,0.6,0.9,0.7,149,2428.8540798990507,291331.9169868759
8,78,1.93585320391492,2.2129040556640316,2.220128184787109,2.528391010247651,1.9523586600176073,0.5334765032307897,1.0,1.0,0.6,0.9,0.7,150,2392.1011242195736,289953.31440924096
8,79,1.93579357407713,2.2115990365442486,2.218589950085774,2.5357632678989432,1.9249040738696162,0.5335713139301305,1.0,1.0,0.6,0.9,0.7,152,2398.671009766861,290347.5249651809
8,80,1.9359410979190423,2.2195203771846232,2.2388703933473035,2.53343617955181,1.9467164805824992,0.5343435530707533,1.0,1.0,0.6,0.9,0.7,153,2565.346906310484,291121.39435386576
8,81,1.930494622369553,2.1723608041075577,2.173043600473549,2.5485776092346724,2.149015427069185,0.5295648675476637,1.0,1.0,0.6,0.9,0.7,154,3188.595958980321,65728.27395680209
8,82,1.9314173556874878,2.160015071685483,2.1582547661855,2.560334123184905,1.969385571579345,0.5327647205779014,1.0,1.0,0.6,0.9,0.7,156,3181.9258582285324,65414.67561178552
9,0,1.0,1.0,0.9510262383316989,0.012767904366277633,0.0,0.0,0.0,0.0,0.6,0.9,0.7,1,781.8546428463583,8001.541735541956
9,1,1.0121712705306452,1.0303815165975891,0.9804972121788985,0.051372601319492,0.05426443401938546,0.05922232646947889,0.00010725661360837,9.750412846396e-05,0.6,0.9,0.7,3,750.5536819822771,7868.089025500393
9,2,1.550354305600745,1.692976370444468,1.6360406964452747,0.7646128809769198,1.0291676993998264,0.0727610151370449,0.44975293536534294,0.41576155504565593,0.6,0.9,0.7,4,2050.2562396800377,3963.041035090403
9,3,0.8223925873321268,1.1360989884272283,1.0789105743664806,0.2584639850540058,0.7878180873238185,0.07263612672476423,0.13355810384718295,0.12141411216340567,0.6,0.9,0.7,5,779.0753984461219,5405.576237134425
9,4,0.6618719959137361,1.0558915148020283,0.9875348079125634,0.24208606273698968,0.4611891759239377,0.09575475663982565,0.09888130241575435,0.12476287659326413,0.6,0.9,0.7,7,1247.6255921705292,7399.780792509689
9,5,0.6089133596919961,1.0170375061175245,0.9460948544306749,0.22211628383395646,0.26486319247095513,0.09905172431749666,0.08421166883728574,0.1068634956769243,0.6,0.9,0.7,9,1721.7920019007738,7319.256854731728
9,6,1.4483770629073784,1.884264445877944,1.8378843467974517,1.128144418392007,1.0723186513631853,0.1006942089437162,0.3364756174278088,1.0,0.6,0.9,0.7,15,2213.304288933668,35492.74537043269
9,7,2.015551083088094,2.4719370054270913,2.419806046841151,1.7488726103950476,1.801770639612489,0.14082922051064908,1.0,1.0,0.6,0.9,0.7,17,612.4299927960712,39691.16904283609
9,8,2.0105425575788396,2.46876065804324,2.415976483226938,1.7568404696351405,1.6984590246861018,0.14189291896555264,1.0,1.0,0.6,0.9,0.7,19,628.8954259616494,39685.89636065059
9,9,2.0105426570742724,2.446351960831342,2.3675665585986625,1.741620378766424,1.6851358806842391,0.14189291914728755,1.0,1.0,0.6,0.9,0.7,21,628.8963216463865,39685.87603044779
9,10,2.0098607313343777,2.4907006278361754,2.4638381413128263,1.775283710951099,1.688350414037005,0.14188332751701815,1.0,1.0,0.6,0.9,0.7,22,598.1921676945465,40780.10540076605
9,11,2.001921981199394,2.439835142511732,2.3602567268835024,1.7514572898137766,1.7124151928215754,0.13874976085190246,1.0,1.0,0.6,0.9,0.7,23,884.7040492976181,39617.12219789638
9,12,0.8980674448051658,1.3752870613327952,1.3322340434094233,0.6868255318028629,0.6501054006491928,0.10187279076606318,0.26907665662715446,0.42322152763940746,0.6,0.9,0.7,25,288.87565812600644,38486.023624619
9,13,1.70501235379754,2.196010251957584,2.164580613183558,1.5216769443970182,1.44511192089093,1.0,0.130119895294435,1.0,0.6,0.9,0.7,27,1468.9327005439336,95715.08846857928
9,14,1.6924837444563048,2.1768614516036866,2.129259922021272,1.5315691394913495,1.492334131765202,1.0,0.14186890944143885,1.0,0.6,0.9,0.7,29,2258.2451985872062,246025.01732873885
9,15,1.5173010449920639,2.035805566119946,2.0268211579540134,1.3862584947221688,1.2633516300961345,0.09839956959311368,0.5513544086995678,1.0,0.6,0.9,0.7,31,179.8677083804359,39259.59280760762
9,16,1.33862718239934,1.8571752944267816,1.8480788669859605,1.207659164840797,1.0813975790885064,0.11258809017590996,0.34414410564888215,1.0,0.6,0.9,0.7,32,184.24386023021844,41182.9776050631
9,17,1.424938474143214,1.9461761428325886,1.9334813709627676,1.324998904622772,1.3340605758978257,0.09463154048284587,0.4783509726389812,1.0,0.6,0.9,0.7,33,209.22173926909716,34388.48376289515
9,18,1.5109620918260713,2.0327530853345044,2.018074695281147,1.4220878584847463,1.3662886415188158,0.09214180225188587,0.589076870664113,1.0,0.6,0.9,0.7,34,208.4242762044392,35321.190570928295
9,19,1.3766928924461366,1.8533606047617737,1.7836644062711067,1.2742550477129653,1.2299831407122275,0.10368342906792852,0.4514197904174574,1.0,0.6,0.9,0.7,36,238.91099429427783,35742.16817602085
9,20,1.3752731815669166,1.885478180148853,1.8545590022969218,1.3093714302465096,1.1728829549117665,0.10368116064695505,0.451216098778121,1.0,0.6,0.9,0.7,38,246.56569455937296,35999.38182481952
9,21,1.3971256289042775,1.9173965919815583,1.8971958798078596,1.3600430548613276,1.295737565533932,0.10766958599746153,0.48638041491692585,1.0,0.6,0.9,0.7,39,227.32650730652125,35869.989470396315
9,22,1.3466062756860022,1.8731124647261177,1.8609482058880074,1.3398877970372336,1.276907866286448,0.10456079859651064,0.45900523542753235,1.0,0.6,0.9,0.7,41,230.3155448191388,36613.0646568298
9,23,1.373427452373338,1.9103870922906891,1.910660860589864,1.3780301803105859,1.216660181115233,0.10568809147699668,0.490870021883258,1.0,0.6,0.9,0.7,43,268.96763980974475,36230.49752363672
9,24,1.3681003181651623,1.892914560080028,1.8795183877785877,1.3791395206428723,1.2164858420798317,0.10747981713175421,0.48705453522654024,1.0,0.6,0.9,0.7,45,265.4136241079358,36827.49497585967
9,25,1.3596815244600455,1.8886794512172285,1.884091514963932,1.3951963172190716,1.297363015915884,0.10994946602771882,0.49545231863276784,1.0,0.6,0.9,0.7,47,269.53553610799787,36866.29359112364
9,26,1.2546060495425266,1.775751974006605,1.7673984547443535,1.3175824229818986,1.19772329008214,0.09866183133260432,0.40193330264113225,1.0,0.6,0.9,0.7,49,422.6372309469958,36844.33976536013
9,27,1.2516173275294609,1.7654680912400758,1.7540801221067757,1.3301005338584937,1.1902457468488787,0.11696675300932544,0.3979910308105599,1.0,0.6,0.9,0.7,51,770.4420601709969,31948.17691396044
9,28,1.7862324783648873,2.3367620561807234,2.3743234634498545,1.9226605442931375,1.693427897016819,0.12112536623861395,1.0,1.0,0.6,0.9,0.7,57,2841.1238373882984,48131.41445083877
9,29,1.7805990833624592,2.3271707453321584,2.3633411007293166,1.9273081886270056,1.6995671429152466,0.11867684045100632,1.0,1.0,0.6,0.9,0.7,59,2684.244576294727,47047.545935067705
9,30,1.7739368404869251,2.326248820883979,2.373578055258047,1.934927012661292,1.7074055715432341,0.11638919438103797,1.0,1.0,0.6,0.9,0.7,61,2774.2942231530324,46925.325588080486
9,31,1.7557116943686664,2.3011222409154364,2.355849684216523,1.9313043601527273,1.7804521852844812,0.1103591739116084,1.0,1.0,0.6,0.9,0.7,63,4037.055503330332,46860.01822274733
9,32,1.7580235454347566,2.288844009277896,2.329589342361918,1.952489416697072,1.6908788838339612,0.11812202674712076,1.0,1.0,0.6,0.9,0.7,65,2727.740137011022,46691.95558137919
9,33,1.7578146875010499,2.299529308827446,2.353186242722031,1.9696652820349028,1.672680378094983,0.11812202674712076,1.0,1.0,0.6,0.9,0.7,67,2710.9800526044087,46576.06781481984
9,34,1.7568722925602767,2.2841454775548176,2.3238802264346,1.9676275437769402,1.7096665341894748,0.1201264601300398,1.0,1.0,0.6,0.9,0.7,68,2816.085783935734,43657.70370889078
9,35,1.743650982661038,2.2471081744808936,2.280437834562228,1.964238700393133,1.9340824258483804,0.12073081524311424,1.0,1.0,0.6,0.9,0.7,69,2689.467832806901,47679.44561921786
9,36,1.735419358886019,2.243274196635321,2.287878967275697,1.961878411568913,1.7025061968796245,0.11245824485719,1.0,1.0,0.6,0.9,0.7,71,4075.8162910839615,50207.27943857327
9,37,1.7353159138144043,2.2541496090344566,2.3116988302671944,1.9792359635112273,1.6686094403308758,0.11245824485719,1.0,1.0,0.6,0.9,0.7,73,4070.63787622316,50170.87823295129
9,38,1.735733200716206,2.235087293303846,2.2775827006712452,1.9894047715064758,1.7134675069008107,0.1193422884073172,1.0,1.0,0.6,0.9,0.7,75,2663.478856278071,46336.96618482115
9,39,1.7199844755726925,2.1846999156873785,2.1879437433808766,1.9707373097054341,1.6577337393401956,0.09381875284095724,1.0,1.0,0.6,0.9,0.7,82,1658.7707364957955,30204.628482876546
9,40,1.7152604656126045,2.2163043411749,2.26949757520437,2.0108953637624416,1.7387868096341064,0.09177323385624946,1.0,1.0,0.6,0.9,0.7,83,1752.2384893266972,27363.18878273406
9,41,1.7152220120372372,2.2154658054816094,2.2684677953416013,2.0146422692608974,1.659245702366944,0.09223691107830431,1.0,1.0,0.6,0.9,0.7,85,1764.120179531657,27257.4036425749
9,42,1.714563809032023,2.214549022614376,2.2674892477800137,2.0284424065250484,1.6560499780471285,0.09131016582090248,1.0,1.0,0.6,0.9,0.7,87,1724.2937733683757,27162.80126524375
9,43,1.7134834496379188,2.2106875047324013,2.2629665928574836,2.0280849900496323,1.6817332783015206,0.09130827771971466,1.0,1.0,0.6,0.9,0.7,88,1742.945567697109,27214.42942461906
9,44,1.706574571852055,2.1787701785232736,2.2148281325040537,2.0172442529787435,1.6857137920773553,0.08813019381729846,1.0,1.0,0.6,0.9,0.7,92,1757.2383140840527,22093.53043541829
9,45,1.707205380118689,2.19522070550544,2.2557751556247627,2.044477573948246,1.7170611001482576,0.09284247453940604,1.0,1.0,0.6,0.9,0.7,93,1825.9735118836008,28324.162681465405
9,46,1.7042233030978489,2.2075076441716384,2.2924541675216332,2.0757481969751117,1.7205968842300363,0.09163211203604084,1.0,1.0,0.6,0.9,0.7,94,1819.058522721229,24318.32825009354
9,47,1.6920173976081594,2.1033320246043177,2.1260994628314123,2.0086718945502167,2.0700837041296767,0.09174249644914154,1.0,1.0,0.6,0.9,0.7,95,1301.9791651945868,28427.208528089715
9,48,1.6920744141933581,2.1019858505162023,2.1244604086048344,2.0196855650510037,1.6613837347448759,0.09234971088876835,1.0,1.0,0.6,0.9,0.7,97,1276.8178526945733,28158.443035344942
9,49,1.692008190220518,2.0983048071647854,2.1200268960835666,2.0308268063489923,1.6714644033546893,0.09353706071172377,1.0,1.0,0.6,0.9,0.7,99,1328.7103373054583,28498.394361177467
9,50,1.6926419006156546,2.117236979251641,2.174806700517991,2.065565883802519,1.7241758189315792,0.0997648112761198,1.0,1.0,0.6,0.9,0.7,101,1462.9310291694856,33584.1991856969
9,51,1.69267593010701,2.115111859121062,2.1722409166577252,2.080557729944739,1.6692918704709712,0.10051074139506573,1.0,1.0,0.6,0.9,0.7,103,1482.797862781928,33616.17258400573
9,52,1.687221588153566,2.059201946361302,2.073924281850646,2.0468226834868255,1.7967606561390463,0.09648768749283004,1.0,1.0,0.6,0.9,0.7,104,1517.3993287115634,30555.562226817136
9,53,1.6871265693762982,2.058223803457841,2.072768996800903,2.0578633042301484,1.6615609372923825,0.0965807744317472,1.0,1.0,0.6,0.9,0.7,106,1510.481641855537,29755.29614690703
9,54,1.6867238194066947,2.034102786828086,2.0223845686771798,2.0356587075905574,1.6684768101183145,0.09628026809741433,1.0,1.0,0.6,0.9,0.7,107,1514.389797097038,29699.185392702253
9,55,1.6753579073314868,2.06346020169039,2.1353111063182295,2.084905459067379,1.955304374686019,0.0868461867282755,1.0,1.0,0.6,0.9,0.7,108,1530.8279851984466,27328.319436105
9,56,1.6765296009774198,2.07546093500929,2.1602393578982637,2.115561659245505,1.6539256831431786,0.08888356826505919,1.0,1.0,0.6,0.9,0.7,113,1473.974269064633,33325.56396917159
9,57,1.6739529316496848,2.0593439928112156,2.141502680946277,2.11333814233534,1.7593701593294817,0.08751940219073391,1.0,1.0,0.6,0.9,0.7,114,1480.3783178893416,25691.763528223863
9,58,1.6731534540822697,2.0560190288654923,2.1485442555329817,2.124482214605518,1.7070660875269954,0.08893748738780143,1.0,1.0,0.6,0.9,0.7,116,1650.4291354285026,25771.472743782284
9,59,1.671219796164842,2.0217266136820173,2.086354230134937,2.1410037363974346,1.6654756575560747,0.08758637044958276,1.0,1.0,0.6,0.9,0.7,122,1536.058902817048,21971.072467647664
9,60,1.6681221204434777,2.014275101307976,2.0998542751661455,2.145986780562863,1.8579062398669457,0.08696232915561106,1.0,1.0,0.6,0.9,0.7,123,1732.9328645976752,21666.740121345483
9,61,1.6716409609858194,1.9916927355876257,2.061487871974256,2.152875283122846,1.713811929695012,0.0950874839831998,1.0,1.0,0.6,0.9,0.7,125,1680.3810120509977,25318.86239617235
9,62,1.671637995353945,2.0028601558528516,2.0856495935029846,2.1644609761530633,1.6571812847588379,0.0950874839831998,1.0,1.0,0.6,0.9,0.7,127,1679.8117709813723,25313.523418244917
9,63,1.6704894281227949,1.989444771114602,2.059035871113621,2.174623256561693,1.664066268622367,0.0933277723617338,1.0,1.0,0.6,0.9,0.7,128,1776.3204555740783,24195.60407568353
9,64,1.6694666410388648,2.0045082016210873,2.0989249201350084,2.1813780367384723,1.7034502937726115,0.09252463034875684,1.0,1.0,0.6,0.9,0.7,129,1764.661069736737,26306.40860249359
9,65,1.6651152668695812,1.95449838688944,2.029559569614718,2.1599388416250997,1.9129955116278077,0.08969622218022294,1.0,1.0,0.6,0.9,0.7,130,1650.1459428726769,21448.92130341125
9,66,1.6631319492274672,1.933406640224075,2.0049758462692653,2.173371519789998,1.7243238817537407,0.08852712269999294,1.0,1.0,0.6,0.9,0.7,132,1693.835702332644,21493.070742006887
9,67,1.6636499955068502,1.929539382669443,2.0003100911218663,2.181286814518935,1.6701925227160739,0.08985232821602714,1.0,1.0,0.6,0.9,0.7,134,1719.129359940449,21629.97250837749
9,68,1.6621078244570948,1.9092817618844062,1.9766560519436565,2.190370592043471,1.7228124414187573,0.08914424488751543,1.0,1.0,0.6,0.9,0.7,136,1855.182788122504,21228.2441752682
9,69,1.6621545099553467,1.9084701921953713,1.9756891161467545,2.202232606850206,1.656727163658547,0.08930267256609115,1.0,1.0,0.6,0.9,0.7,138,1931.9448302988724,21346.822955102027
9,70,1.661836631394265,1.899454302477462,1.9651011325141647,2.205349498380576,1.6857731418140913,0.08957582900993742,1.0,1.0,0.6,0.9,0.7,140,1931.9534190271224,21550.08037223653
9,71,1.6621635330896707,1.9029490079625508,1.9801467964706307,2.228673881280989,1.674194752372126,0.0908327287709708,1.0,1.0,0.6,0.9,0.7,143,1817.330856107924,21141.94553220977
9,72,1.661767003099815,1.9016536210714232,1.9786895516658316,2.23971403691832,1.6574533328047754,0.09024976106731984,1.0,1.0,0.6,0.9,0.7,145,1854.2636525082803,21416.6574865333
9,73,1.6613705339149276,1.8978526035695271,1.974275382419696,2.2353389471489855,1.67893285974002,0.0898811182246408,1.0,1.0,0.6,0.9,0.7,146,1931.0064842342128,21288.223184948387
9,74,1.6612179968781746,1.8925300032888455,1.9680228102826294,2.2464261266585384,1.6919795553890293,0.09006127882861051,1.0,1.0,0.6,0.9,0.7,147,1912.9639582248376,21617.98546923052
9,75,1.6615322039442275,1.8902914402453737,1.9653252950617628,2.258105835956192,1.6639093726354806,0.09079708057585753,1.0,1.0,0.6,0.9,0.7,149,1928.8859697326172,21790.63481877153
9,76,1.6619309618374745,1.9017049016418073,1.9897054212774243,2.2821814873341806,1.655291418327268,0.09147527891123408,1.0,1.0,0.6,0.9,0.7,152,1988.9933359568024,19802.57258311497
9,77,1.6611995375466218,1.921087313086664,2.045667814696227,2.34337389865511,1.6613792110252699,0.0913250513701358,1.0,1.0,0.6,0.9,0.7,167,1877.035231738068,21929.956060611992
9,78,1.6611995375671973,1.9434958394619832,2.0940773457576647,2.372302386555954,1.6547950739956327,0.09132505140209111,1.0,1.0,0.6,0.9,0.7,171,1877.035234448506,21929.956082318407
9,79,1.661173548526899,1.9412318156604764,2.0914125313191168,2.3635454546205947,1.6712471039010257,0.09145252508846871,1.0,1.0,0.6,0.9,0.7,172,1906.8841380986544,22834.07885859636
9,80,1.6609024275048174,1.9388857000128237,2.0886949835894812,2.3842955609720216,1.6698149359139807,0.09115681300334226,1.0,1.0,0.6,0.9,0.7,173,1805.5910168494927,21791.193223623264
9,81,1.6612349334225287,1.9336702189359334,2.082487280206096,2.3796794527828147,1.6957702537377295,0.0921217182747422,1.0,1.0,0.6,0.9,0.7,174,1927.3827113916925,22840.53604776848
9,82,1.6611860823363878,1.94370286040814,2.1053196247934483,2.392120690214858,1.6593486338827355,0.09212171830664674,1.0,1.0,0.6,0.9,0.7,176,1920.2744061580056,22797.09254099238
9,83,1.6609766297406523,1.9410237657363048,2.1021992710890567,2.3996712373002613,1.6641723269985795,0.09195091117388857,1.0,1.0,0.6,0.9,0.7,178,1977.214613328185,23050.09189781844
10,0,0.7922326238700641,0.9480128548427701,0.890135917967599,0.007990598170689141,0.0,0.0,0.0,0.0,0.6,0.9,0.7,1,4142.118626963242,8787.441425597292
10,1,0.8078471618325894,0.9747253152084615,0.9160951982972778,0.04209715502898,0.04650213417625145,0.05157062828531409,0.00010196117805215999,0.00010985789032766,0.6,0.9,0.7,3,4167.72697989299,8929.762531177656
10,2,0.8024117997931755,0.9764670430980543,0.917394239967941,0.04853111557331253,0.055142962148888384,0.033029202424883594,0.01469684997786569,0.00341769688157765,0.6,0.9,0.7,4,4442.534521102825,9643.839795151038
10,3,0.6756159254344904,1.0407981317075703,0.977320914013991,0.1965381845776054,0.9020741211835093,0.06323992110201436,0.09203802457461996,0.09916620622521369,0.6,0.9,0.7,5,2976.852578017777,6589.6696206581255
10,4,0.5265879899971077,0.9296336951433537,0.8595562825005136,0.12496939532997717,0.2505578064705921,0.0555236481013322,0.05036297094845639,0.055612553297022096,0.6,0.9,0.7,7,2260.7626319686265,15966.85785334931
10,5,0.5250595701405949,0.9402933678636974,0.8674974851821251,0.1537159190473982,0.19924215245940502,0.059095396424664035,0.06339484693189723,0.0737009038502612,0.6,0.9,0.7,9,1783.9079778738628,35210.97798208216
10,6,1.7956256702607798,2.227632063525608,2.166514781116464,1.4487403756759276,1.4830183981014706,1.0,0.14217499445409917,1.0,0.6,0.9,0.7,10,3015.461226495648,6696.251669074087
10,7,0.41150923387683885,0.8431134168035941,0.7657963067633262,0.09107022659753435,0.202877095995049,0.04009005778823767,0.032733741758117066,0.028298458352595517,0.6,0.9,0.7,11,2208.075488472858,15887.647316322826
10,8,0.4161865572957105,0.8527564605075646,0.7737084961706345,0.11978372129550177,0.16369612105484901,0.03478215073562269,0.05843769454929069,0.02801463984375095,0.6,0.9,0.7,12,2695.081068168636,15858.19841336781
10,9,0.3795577914480234,0.8201006631553087,0.7394409527232944,0.09181938523440554,0.13532566750387104,0.04507014923787312,0.028047164456442442,0.025062937863793773,0.6,0.9,0.7,13,2206.5335649196654,15839.769050270226
10,10,0.7081396579592418,1.1500651274582072,1.0687968556158576,0.4353231585236343,0.4282135519851961,0.15986237926895377,0.048733434213417894,0.3765276930791608,0.6,0.9,0.7,14,2625.6700285959405,15987.887213973016
10,11,0.3791027392986495,0.8237086708998017,0.7411302839765112,0.1103408518757718,0.1379931481513075,0.053287597201573535,0.03165859773321174,0.034535916125610626,0.6,0.9,0.7,15,2214.141045561318,15794.605591607466
10,12,0.7765941468286446,1.2228957170645918,1.139391375562651,0.5184803363041107,0.5081171993170222,0.25177342644914413,0.028240233939682457,0.4467913984148916,0.6,0.9,0.7,17,2106.6785225797485,15418.788587569585
10,13,0.35202066591649,0.8112811455392526,0.7397155556837464,0.10794310659344891,0.1160292035583721,0.04381608033966499,0.03202465620276515,0.025006256240176623,0.6,0.9,0.7,18,1053.2507789206943,12445.873326741748
10,14,1.6100686632264893,2.069745140362547,1.9978913226822912,1.377876622458401,1.34441999107536,1.0,0.03640335492573933,1.0,0.6,0.9,0.7,19,1406.498804345208,12493.53675784094
10,15,1.8538959321999247,2.3409271985781333,2.2823849143398443,1.699510056729114,2.173139989241734,0.09272115414834632,1.0,1.0,0.6,0.9,0.7,20,1108.0781251996086,14412.438778360116
10,16,1.8491902838795438,2.346733787238525,2.3001351260546095,1.7069581410057282,1.677958723559232,0.0940104143572878,1.0,1.0,0.6,0.9,0.7,22,1147.853852601444,14179.867499483847
10,17,1.8250276587105603,2.319026866598602,2.268740499580166,1.713757077570706,1.687854223081371,0.08372085765249389,1.0,1.0,0.6,0.9,0.7,26,1438.9318500907684,13141.12975234572
10,18,1.8260637952090928,2.3186311703653733,2.267214953826702,1.7263985383764073,1.679450235053225,0.0940572495202375,1.0,1.0,0.6,0.9,0.7,28,1428.7956721939504,15564.37120637729
10,19,1.825269641705961,2.328799472381518,2.2902062855802683,1.7420999695736064,1.6600329474329512,0.0940572495202375,1.0,1.0,0.6,0.9,0.7,30,1411.0526339617998,15413.093830635862
10,20,1.8180740184115292,2.3205438717567235,2.2811712559284505,1.7398914921200799,1.6634120063868,0.08788390794311743,1.0,1.0,0.6,0.9,0.7,33,945.0187170327396,22546.7740781618
10,21,1.8234944142390421,2.325239660212411,2.2841292546391685,1.771393483533118,1.7125252029929892,0.1126223442803151,1.0,1.0,0.6,0.9,0.7,35,1198.675804292189,23488.15645190256
10,22,1.801071062120915,2.299698887887507,2.2652963268773547,1.7762355680657131,1.786241588738622,0.11262234428031506,1.0,1.0,0.6,0.9,0.7,37,1040.326297874571,21191.56361337016
10,23,1.8032963627287202,2.2974353476829226,2.261125697943513,1.804316529881419,1.7024044456704213,0.1274097151782617,1.0,1.0,0.6,0.9,0.7,40,1459.3267558175453,22829.40716065246
10,24,1.7928559360797427,2.29029335348838,2.2639102274380645,1.8175581417547988,1.7388218409635894,0.12674818147078115,1.0,1.0,0.6,0.9,0.7,42,1458.6875188015788,20267.30435372835
10,25,1.792582336269171,2.278141101759071,2.238516161810996,1.8255149064474547,1.679705769660894,0.12751597456908212,1.0,1.0,0.6,0.9,0.7,45,1440.1587954754525,22208.65182241906
10,26,1.7904922933242329,2.2746226850332736,2.234477780630737,1.8313017847686863,1.6866295091323062,0.1267130744420623,1.0,1.0,0.6,0.9,0.7,47,1408.7764237605877,22309.24499686132
10,27,1.804932906315636,2.29634905363638,2.2678117921117513,1.850560222980051,1.7231719925364548,0.15780500288435634,1.0,1.0,0.6,0.9,0.7,49,1362.6956398422235,11835.778634584223
10,28,1.8059488861935755,2.2972278035173703,2.268646094234583,1.8538467446628182,1.6975049622825686,0.15970184200378482,1.0,1.0,0.6,0.9,0.7,50,1368.3144723241828,11829.265906300709
10,29,1.7952820081125642,2.275883725721715,2.2437566617638836,1.8580941380568132,1.8398136512927235,0.15863192360982886,1.0,1.0,0.6,0.9,0.7,51,1312.064686749596,7684.871781936677
10,30,1.795282007552864,2.275883725651661,2.243756661693829,1.8580941379853948,1.69517985164075,0.15863192349307087,1.0,1.0,0.6,0.9,0.7,52,1312.06467516168,7684.871649779394
10,31,1.7915803954921519,2.267022643659839,2.2332802960687657,1.8668394275829439,1.7617014653102068,0.15958366620399994,1.0,1.0,0.6,0.9,0.7,53,1304.1553844874825,7593.89501504797
10,32,1.7915803950965112,2.2670226435915932,2.23328029600052,1.8724775101382154,1.6957503280483393,0.15958366609025693,1.0,1.0,0.6,0.9,0.7,54,1304.155374347698,7593.894885805523
10,33,1.7904405357555933,2.265187201508752,2.2312303168428524,1.8730091019452342,1.7039770217207417,0.1586126459548311,1.0,1.0,0.6,0.9,0.7,55,1313.9017685372723,7537.790033167461
10,34,1.7897720732438485,2.2621501148372145,2.22747504636596,1.8794876448362288,1.7255262229757358,0.16053987556497198,1.0,1.0,0.6,0.9,0.7,56,1291.9523094398992,7651.808604537798
10,35,1.7833932254104312,2.277947277577246,2.2692047345616935,1.8859479408725228,1.692819953914202,0.1501874139553519,1.0,1.0,0.6,0.9,0.7,57,1452.3927512651694,5872.037571292622
10,36,1.8221843279793368,2.313305615773327,2.3035402639375206,1.9337295338550016,1.773076887182713,0.2190712629105628,1.0,1.0,0.6,0.9,0.7,58,1396.1861922633657,7858.721366964548
10,37,1.8213490325932036,2.3098639296378356,2.299333899684556,1.937849899943858,1.7636720281600347,0.2207775017230027,1.0,1.0,0.6,0.9,0.7,59,1423.1829438457048,7699.969487224122
10,38,1.7696548438063344,2.2399844782974405,2.2243492225524326,1.897409487581364,1.9030291120922591,0.15399554298120724,1.0,1.0,0.6,0.9,0.7,60,1471.083865490257,6122.57052330877
10,39,1.807524979231089,2.2749135967486875,2.258528322297181,1.9362737487490742,1.745783409150703,0.21950979728692022,1.0,1.0,0.6,0.9,0.7,62,1409.2478284092954,7536.849521164813
10,40,1.8071021162007213,2.2742367982976255,2.2577842629221907,1.9417808436583022,1.7341630748289962,0.21903631008355823,1.0,1.0,0.6,0.9,0.7,63,1406.856825892357,7532.547016201586
10,41,1.804541882571234,2.268466245333898,2.2511688594996047,1.9417373174540584,1.7650378958879636,0.2176404186960863,1.0,1.0,0.6,0.9,0.7,64,1424.0205914913945,7179.304864943301
10,42,1.7964213986025126,2.2598040142477576,2.252490847753709,1.961625376076772,1.7900143435499285,0.21388439231558123,1.0,1.0,0.6,0.9,0.7,66,1535.0669468843512,6426.211444164961
10,43,1.7561415028695089,2.2181826102759334,2.220774945667869,1.931238939857052,1.7565112960246887,0.1559640430452454,1.0,1.0,0.6,0.9,0.7,68,1338.4906429949406,5881.6736924444
10,44,1.7545759691191218,2.210392956255533,2.2114859410359164,1.938608155054105,1.7251365988429879,0.15757256152680263,1.0,1.0,0.6,0.9,0.7,70,1345.5213943597212,6208.501006678477
10,45,1.7487813153301772,2.1610621248619335,2.120808513695594,1.9625158561968672,1.7012307275967007,0.15419748787243145,1.0,1.0,0.6,0.9,0.7,81,1186.3660147089054,14515.041302549083
10,46,1.7477633592648985,2.1683794179934655,2.1404604583982367,1.9761609505651638,1.705975489037716,0.1541974878724315,1.0,1.0,0.6,0.9,0.7,83,1145.4298542947377,14199.952763892008
10,47,1.7697797234021502,2.1850296588034683,2.1558726942124657,2.006091646593865,1.7669049324359136,0.1939972028771516,1.0,1.0,0.6,0.9,0.7,84,1258.527292439072,14188.693759016403
10,48,1.744431401521443,2.147544838172455,2.105173618479767,1.9774083422691155,1.700092235044898,0.15227677284654562,1.0,1.0,0.6,0.9,0.7,85,1178.3932660712835,14587.304934028343
10,49,1.7448584556885196,2.147048587764095,2.104466239121072,1.971568924755883,1.7006865638051996,0.1535038308180184,1.0,1.0,0.6,0.9,0.7,86,1090.560506978727,11989.9076675146
10,50,1.7436601808311416,2.1437761414106467,2.1007206729511907,1.9810961375096634,1.701241124010001,0.15265440531482416,1.0,1.0,0.6,0.9,0.7,88,1067.3194136379504,12104.25333755689
10,51,1.7692736051439866,2.167435939201969,2.123936476536536,2.013893625664041,1.7359676494719911,0.19640825183021154,1.0,1.0,0.6,0.9,0.7,89,1229.4176447688217,12001.050968678954
10,52,1.742070008690189,2.138994599461614,2.0952148815470917,1.9871628222671993,1.702457047936619,0.15173376219862847,1.0,1.0,0.6,0.9,0.7,90,1071.4581081288682,11908.780284936774
10,53,1.7423510072954391,2.134743057148563,2.089942099046186,1.9988387736232571,1.7135763555118635,0.1545860417485899,1.0,1.0,0.6,0.9,0.7,92,1126.4872651267106,11824.824238655468
10,54,1.7401275227080066,2.1347189111886222,2.1009140008199534,2.0261672892053495,1.7341080019452102,0.15537925184688678,1.0,1.0,0.6,0.9,0.7,94,1205.4803828083204,12954.515513092225
10,55,1.7374054940722494,2.126945625970973,2.0920296222369945,2.0314902334465277,1.7146016779068276,0.1532370146869615,1.0,1.0,0.6,0.9,0.7,96,1235.1267197666384,13108.300704294084
10,56,1.7366781596868928,2.123827016222605,2.088388169596702,2.0383482996503632,1.7025401988975424,0.15312781388917135,1.0,1.0,0.6,0.9,0.7,98,1235.084719145342,13064.236798803602
10,57,1.7347720451410005,2.1200781715042543,2.0842376265276235,2.0368144551900027,1.7068712968507607,0.15078913428711604,1.0,1.0,0.6,0.9,0.7,99,1271.0724395350912,12687.859192246313
10,58,1.7349817840071238,2.1197158704032213,2.083750940089663,2.044231877190457,1.6959019863219473,0.15139572985170088,1.0,1.0,0.6,0.9,0.7,100,1243.5809688850743,12725.271893826935
10,59,1.7330429891802392,2.1050929647384473,2.0558062967987354,2.0459129266853253,1.6936562969090105,0.1488245110220643,1.0,1.0,0.6,0.9,0.7,103,1078.3538216913153,12848.229631834614
10,60,1.733762356130903,2.1014598741227024,2.051231943307014,2.0508108315668796,1.7295534486662203,0.15192965359366212,1.0,1.0,0.6,0.9,0.7,104,1198.3098577388937,13447.233959914618
10,61,1.7333585883826197,2.099596532179315,2.0490541125155075,2.0576930124761432,1.6975612088399576,0.151884638420328,1.0,1.0,0.6,0.9,0.7,106,1228.720172217239,12887.70421521797
10,62,1.7257503644137744,2.0684090390590963,2.0128748003317143,2.0565062467405255,1.8926085309367169,0.1484859839160042,1.0,1.0,0.6,0.9,0.7,107,1197.7074973786318,14841.590935361408
10,63,1.6913594422956741,2.1483911342415816,2.234021189798735,2.08169196356487,1.6595860755159033,0.0942992262226518,1.0,1.0,0.6,0.9,0.7,132,1285.9855852533467,30442.613433755207
10,64,1.6893943095673043,2.1511104233483094,2.2806210511151797,2.207452027843754,1.695026501694937,0.10317445035344538,1.0,1.0,0.6,0.9,0.7,142,1300.9484856138104,55207.08423779606
10,65,1.686585727961412,2.150696232309471,2.291463150682632,2.2205599770713667,1.6960564686230608,0.10078559673898475,1.0,1.0,0.6,0.9,0.7,144,1352.6117064873863,46869.87174969306
10,66,1.6864593339837595,2.1483582454628216,2.2886892060034913,2.2320853976857356,1.666607956006506,0.10113144332772228,1.0,1.0,0.6,0.9,0.7,147,1342.389019660237,46530.4682839577
10,67,1.6858227204431577,2.144910106382399,2.284688138941534,2.239267839031367,1.6717125980093768,0.10076594665482683,1.0,1.0,0.6,0.9,0.7,149,1349.2524865169908,47033.27087106968
10,68,1.6855002958202705,2.161181154463775,2.3258197277563024,2.2509569582335027,1.7075836252467145,0.10163727525159168,1.0,1.0,0.6,0.9,0.7,150,1232.7680850718702,48334.6622169061
10,69,1.68460547998991,2.126032312831023,2.262361817255967,2.2460323147221226,1.7087245871585193,0.10286334622776154,1.0,1.0,0.6,0.9,0.7,152,1245.6752658457203,49721.37501850864
10,70,1.6838915700811863,2.1223858611281994,2.268985310489319,2.257823264424257,1.7741678517660084,0.10468620979801065,1.0,1.0,0.6,0.9,0.7,153,1240.0185984468349,57934.7556989497
10,71,1.6792848440455055,2.075851609978425,2.1927182393543,2.264766114594381,1.7365596619497439,0.1007952892909169,1.0,1.0,0.6,0.9,0.7,155,1233.5149234429148,51388.13390481493
10,72,1.6792639972948467,2.0868455009789666,2.2166765517725837,2.2689640175263186,1.6612109080372872,0.10079528929091697,1.0,1.0,0.6,0.9,0.7,157,1236.161330388452,51400.28792090497
10,73,1.672249017693734,2.0699596289938045,2.1979190688464163,2.2852501751405487,1.692691113400329,0.09086704328111343,1.0,1.0,0.6,0.9,0.7,159,2716.220411190975,47950.71652081631
10,74,1.6722445928513914,2.081117133301049,2.2220692419869383,2.305102785308674,1.654683609580745,0.09086704328111356,1.0,1.0,0.6,0.9,0.7,161,2708.936254753485,47929.27608528753
10,75,1.6738522300783374,2.0956843858494825,2.2717518633010894,2.3148461391243043,1.6845827323969254,0.09694374592249572,1.0,1.0,0.6,0.9,0.7,167,1235.6096248136316,48653.917412749695
10,76,1.6750536784439234,2.104123070974329,2.2924488932730274,2.343870361996136,1.674867284176961,0.09955671436798949,1.0,1.0,0.6,0.9,0.7,169,1348.1114816279728,51666.31168236321
10,77,1.675537140362417,2.090174903969981,2.2648975150869486,2.33607630598354,1.6727885038116854,0.10084977077690085,1.0,1.0,0.6,0.9,0.7,171,1339.2318389324562,51942.748053054114
10,78,1.6748219914344276,2.0945106588593143,2.2810867792078486,2.3593125070719525,1.683741756765746,0.10056412087179552,1.0,1.0,0.6,0.9,0.7,173,1338.4559920813676,51509.03299692814
10,79,1.6750111282454192,2.0934782127330775,2.2798270675864787,2.3757033017536475,1.6652796078222116,0.10105566174680616,1.0,1.0,0.6,0.9,0.7,175,1348.3833277222427,51146.14778445404
10,80,1.673009686213578,2.0942155690727775,2.2919925259599183,2.3616730363085687,1.6807143916034395,0.09891202350048012,1.0,1.0,0.6,0.9,0.7,178,1241.488703518961,49760.59108435125
10,81,1.672052208256074,2.101972913718151,2.3122893044029924,2.388437295056339,1.664870826502898,0.09765683720871297,1.0,1.0,0.6,0.9,0.7,181,1241.751641816023,49112.2343498663
10,82,1.6709344850676202,2.1057919380860994,2.327949356377177,2.3995584081440677,1.6816375914936903,0.09663220959481375,1.0,1.0,0.6,0.9,0.7,183,1227.4595885395595,49164.16358640449
10,83,1.6710209128217435,2.0908915091657287,2.29935000269176,2.4024534796493295,1.6725948218244653,0.09726906610711053,1.0,1.0,0.6,0.9,0.7,185,1266.867961008324,49576.706960224
10,84,1.6699756895384548,2.086104843072225,2.293873410422779,2.4092164322560023,1.6716813072275465,0.09600536163889994,1.0,1.0,0.6,0.9,0.7,187,1253.1185470482692,48250.93694905691
10,85,1.670558734138893,2.086002239293588,2.2936443867856138,2.450117593482241,1.6589871316010985,0.09706501690795796,1.0,1.0,0.6,0.9,0.7,194,1274.0273939498252,49752.72872791114
10,86,1.6698491299613953,2.0829161285250093,2.290120594255745,2.453320081764276,1.666645891532552,0.0961808018314386,1.0,1.0,0.6,0.9,0.7,196,1270.4558394724947,49573.32937380108
11,0,0.9479124776397997,0.9880552028219449,0.9370358909469955,0.011670124676483594,0.0,0.0,0.0,0.0,0.6,0.9,0.7,1,1594.1202572244688,7447.518020471225
11,1,0.9588843838390554,1.0125757921303205,0.9608330728981507,0.04342445841949251,0.04350202531143791,0.04763842942806326,9.836315272015e-05,0.00010433135660194,0.6,0.9,0.7,3,1581.351922312843,7112.236651167639
11,2,0.9233482914156071,1.009744602410242,0.9561760658973641,0.05258838874605913,0.1110165245221002,0.034426236360832155,0.01449090885411963,0.00410935365430019,0.6,0.9,0.7,4,1479.0671787135002,7243.502654430772
11,3,0.8442028876317923,1.123461534043662,1.0700984072818873,0.22560437014431256,0.7453991863728917,0.05840500879488052,0.10883419048372797,0.11543772666723182,0.6,0.9,0.7,5,672.148991959103,6258.860415249133
11,4,0.6865385030742115,1.0449416166137058,0.9825828677402111,0.1994018676235257,0.37002948355255594,0.07628838735027345,0.08522596353488758,0.09332939771587208,0.6,0.9,0.7,7,587.2918940694009,8454.806955516327
11,5,0.7050555979058333,1.0880177035772816,1.0363899537728174,0.24959531107230137,0.27553432357624147,0.08756204184205296,0.07867975926983078,0.15654699797856997,0.6,0.9,0.7,9,779.6410640237222,3943.817064781512
11,6,0.544366227415529,0.9400196621386502,0.8863546832110916,0.12395681044181653,0.13837159280818306,0.08117765517137598,0.02127513368164307,0.04139364775065588,0.6,0.9,0.7,11,680.9375057650906,2672.2040780504717
11,7,0.4805712709816344,0.9043978783811673,0.8452177697908909,0.12379985203520072,0.20588818374444798,0.08456215928048373,0.01980745879785971,0.03549655261077299,0.6,0.9,0.7,13,773.416488488858,3215.931495577045
11,8,0.47884914578564547,0.9258119025376386,0.8924624884045709,0.12306840099112243,0.10032691431377747,0.08456215928048379,0.019807458797860188,0.035496552610773655,0.6,0.9,0.7,14,732.7921917939135,3330.1892671335445
11,9,0.555099002507849,0.9749564665430167,0.9010127685186603,0.21343342389482317,0.2504158837369074,0.0753792649040716,0.08492960531539176,0.09114922930509864,0.6,0.9,0.7,15,636.6334115305863,5390.0281675922215
11,10,0.5002834994881159,0.9305874460461963,0.853683182112207,0.19118549958245334,0.2188356965526441,0.07814081861147916,0.06938848889141155,0.070075167995901,0.6,0.9,0.7,17,851.9340343496588,7069.618665881288
11,11,1.4641562800817807,1.9033182822364922,1.8232465116850622,1.1831808790595466,1.2787681916815632,0.2053076010850922,0.3626987226820217,1.0,0.6,0.9,0.7,18,627.4293184772005,47562.53098732099
11,12,1.383724446759818,1.8310059084352086,1.7469248006909668,1.13885712250002,1.1824291220285477,0.21056092987270567,0.3048617147122785,1.0,0.6,0.9,0.7,20,605.4024863590231,49390.38200016271
11,13,0.37791257145413865,0.8389909653082409,0.7661202509790579,0.16819050141927963,0.12618649220199524,0.04951217419578925,0.05395851930149832,0.04239570376872826,0.6,0.9,0.7,24,543.1205893418369,10271.718242655374
11,14,0.9203308308359683,1.3946970498393798,1.3329565926809441,0.7264584425086875,0.739636412549239,0.1056886919025239,0.1896107039500239,0.6132943669655905,0.6,0.9,0.7,25,1071.3535542447246,3869992.941665076
11,15,0.5125253764163814,0.9775696760117927,0.9002191224654763,0.3350665994738415,0.3791215512229037,0.08534166304386652,0.06557122790719142,0.23209267063451683,0.6,0.9,0.7,26,633.8941476988996,26464.90021971913
11,16,0.5138299811538027,0.9788788956641111,0.9015222505853513,0.34097720129397147,0.2742894457803024,0.08959238389143913,0.06428147763935763,0.23202904919353418,0.6,0.9,0.7,27,632.1862403119899,26489.486300143188
11,17,1.0832312865902383,1.5465779783164826,1.4601848027240178,0.9578708865090546,1.26328017803874,0.10449463740482404,0.14644123742093848,1.0,0.6,0.9,0.7,28,641.879047698956,155778.7618623991
11,18,1.0826651308921404,1.557109751482105,1.4836019156768345,0.965469800137489,0.8968028337301313,0.10449463740482397,0.1464412374209386,1.0,0.6,0.9,0.7,30,649.2224304520522,155649.475532883
11,19,0.6630413788927312,1.1374262252369585,1.0638758347491044,0.5740547020397748,0.47536744422901994,0.10060956018208007,0.11876150196929292,0.4397255211481452,0.6,0.9,0.7,35,1166.095828818201,322624.2541850255
11,20,0.6175133805927224,1.0912179404068414,1.016911620859179,0.5400878909358451,0.44868003564862224,0.10003828527637412,0.10689575563584881,0.3957652237174647,0.6,0.9,0.7,37,1127.202178650296,322355.4438068168
11,21,0.7028446868189033,1.1858889145142095,1.122821463287692,0.6423070783147335,0.5629433332245727,0.09812326114855487,0.11925731588251612,0.515446187131114,0.6,0.9,0.7,39,1152.5400773160943,376587.9482567275
11,22,0.5974439070178186,1.0690481752287317,0.99276454994222,0.5294388642147958,0.42712091491601756,0.09847851856974445,0.10537791612571996,0.38387628770584736,0.6,0.9,0.7,41,1256.1580795642178,361918.66553262086
11,23,0.5924911560868873,1.062790595128995,0.9854694498457881,0.5348547869933284,0.44359433495663564,0.09812227991080533,0.10539038090172823,0.3838809351267403,0.6,0.9,0.7,43,1219.306413777992,361597.2595590004
11,24,0.5899713052335902,1.0586715870307775,0.9802088094358063,0.5398645263553099,0.47137998666031045,0.0980098812269118,0.10732460043410663,0.3851293533175334,0.6,0.9,0.7,44,1132.5004276603954,361305.7267668289
11,25,0.6329350596475738,1.1108539496739176,1.0440888372810857,0.5994219628207411,0.5001404183073348,0.0983080336589236,0.1145591335884508,0.4449800148453275,0.6,0.9,0.7,46,1126.6595279331962,384584.9622242687
11,26,0.6579620431593046,1.1462510022789378,1.0918646804405907,0.648902127410121,0.5149549788657422,0.1007037197555671,0.16200502763472735,0.42167229482341845,0.6,0.9,0.7,48,1163.8737145436617,17102721.68370723
11,27,0.60887887164942,1.0949963143599983,1.0393845847145005,0.6099600109301344,0.48205856862050467,0.10005868070609687,0.14611410022779028,0.37965689156650073,0.6,0.9,0.7,50,1123.9870173268716,17103007.860682648
11,28,0.6445981695937357,1.1504139948607859,1.1194074122373379,0.6593801793152189,0.5543852969240313,0.10948377471719697,0.15279749134258724,0.42178663159481244,0.6,0.9,0.7,51,762.306487318625,17119586.58858426
11,29,0.7315694611302798,1.2189021461474876,1.1714589430400992,0.7450667603478065,0.7380415631594942,0.11149810159197937,0.16988997042194504,0.5405919644729573,0.6,0.9,0.7,52,1211.1591782536966,5261091.01627739
11,30,0.6334857297246814,1.1158485816667163,1.0663057617382605,0.6679060859830979,0.5502756518703312,0.10185244538183096,0.21069155374428944,0.36669523525350034,0.6,0.9,0.7,54,1220.8644154498909,83615208.59166361
11,31,0.6197709926775088,1.1060100078021027,1.0666366651998784,0.6709395681501247,0.6182945003247597,0.10276183255141061,0.2058939345793621,0.3656403750887399,0.6,0.9,0.7,55,1185.1719224929243,83613919.92197384
11,32,0.6178213623275639,1.1022801954036572,1.0622549704408524,0.6772980451490145,0.5162782460810439,0.10261457826373199,0.2060171081213292,0.3657173367577944,0.6,0.9,0.7,57,1218.7942781408012,83609298.04632679
11,33,0.6170751583582222,1.0861701307046843,1.0316669901382625,0.6743439893057266,0.566953142397501,0.1045231033874688,0.2079396930863951,0.3669242953850174,0.6,0.9,0.7,58,964.3726240034764,83615563.28465873
11,34,0.6137561678960775,1.0803659747380694,1.0250076521723495,0.6763481107605477,0.5407685766529222,0.10384947096573276,0.2081876144750491,0.3660241825423776,0.6,0.9,0.7,59,972.2135584773284,83610994.03797017
11,35,0.5166228224480292,0.9806012713807845,0.9243573332182626,0.5845557626261789,0.4474358907222813,0.10380007258745765,0.1367787771805447,0.3227447586165539,0.6,0.9,0.7,60,984.4235874866464,16793698.777908858
11,36,1.3432016675118799,1.8431358434607679,1.8360429470911532,1.451424846709332,1.3619421613499594,0.09697553971190198,1.0,0.410690030156095,0.6,0.9,0.7,61,1130.503924478109,17163981.758465976
11,37,1.3434463349952768,1.8428985153606898,1.8356555161681818,1.4588493195315968,1.2493676089421066,0.09718757766234169,1.0,0.4114209497171254,0.6,0.9,0.7,63,1140.6865666694289,17174824.089557577
11,38,1.3032644618952216,1.7594433899624664,1.7300512808566602,1.4351206676590202,1.6009345999913411,0.11013074399424665,1.0,0.3734261875432901,0.6,0.9,0.7,64,926.9816482469312,19547579.13792851
11,39,1.2853419554388206,1.7045207908709787,1.6658562919950712,1.436264819021996,1.4175044008871078,0.1085177454864618,1.0,0.3736955491677413,0.6,0.9,0.7,66,1035.5646343412986,17172379.401118387
11,40,1.2832337397230484,1.7075714866335752,1.6805111310125098,1.4520402992196286,1.2537319404216345,0.1085177454864618,1.0,0.3736955491677436,0.6,0.9,0.7,68,1051.2160491320044,17168953.91195851
11,41,1.2376433048061912,1.6352581229477987,1.5916324474857044,1.4035683176217333,1.3311204635979175,0.10690446767740018,1.0,0.3175164049417803,0.6,0.9,0.7,69,1026.041027686358,17127792.135511693
11,42,1.236639017023264,1.6422685342762675,1.610925211068807,1.4198281161101323,1.2009109668394116,0.10690446767740018,1.0,0.3175164049417797,0.6,0.9,0.7,71,1057.411664614679,17122855.85911023
11,43,1.2388389817762278,1.617605836070309,1.5592624202359335,1.3931419590169285,1.2307267804277093,0.10646874280720624,1.0,0.3230031946091903,0.6,0.9,0.7,72,1052.0229165633814,17125809.092684265
11,44,1.2351731126437475,1.6315015393698145,1.5980747497364594,1.4412347283135358,1.1968198863532264,0.10783883209666374,1.0,0.31871315951713225,0.6,0.9,0.7,77,1873.3523301662092,17125987.8408131
11,45,1.2316632628015634,1.6191956244317036,1.583838841404746,1.4460163993272068,1.225816645697681,0.10774232624587284,1.0,0.31731526640125646,0.6,0.9,0.7,79,1791.3569363396405,17125184.66658543
11,46,1.295478528170701,1.6869361049024112,1.662994957952254,1.5038160537836578,1.3178847484790475,0.09658879117988328,1.0,0.4208632705047757,0.6,0.9,0.7,80,1440.153940295835,5206200.73206474
11,47,1.2939247063670494,1.6903661715402127,1.6780941474522488,1.5306411659761892,1.2792346370920504,0.09658879117988328,1.0,0.4208632705047748,0.6,0.9,0.7,82,1374.543763011066,5210753.572491505
11,48,1.2993667226637358,1.7043068845587357,1.7044468854120234,1.5467838362309616,1.2844579213657832,0.10224500375360143,1.0,0.4248330679107254,0.6,0.9,0.7,83,3410.585436256584,5210149.575754503
11,49,1.3212464119386897,1.7352472417598843,1.7479416445966325,1.5684201639011484,1.29753924143707,0.09803919634405957,1.0,0.4603537586738516,0.6,0.9,0.7,84,3349.2648347400805,5205266.2657558825
11,50,1.294832747696554,1.688605851941189,1.6863863831598462,1.550661050724973,1.3358837863047528,0.10082915834941467,1.0,0.42329855850639175,0.6,0.9,0.7,85,3393.3655280098915,5209847.463759988
11,51,1.287272750566806,1.6388003836575566,1.617177081380436,1.5426739333380641,1.385642498207378,0.09860095051615045,1.0,0.42347852454264273,0.6,0.9,0.7,87,3159.8040973118527,5206056.506999488
11,52,1.2870157076302198,1.6347861335342133,1.6124012247885755,1.549706122251939,1.2715588987172686,0.09889169285264916,1.0,0.4238479697278953,0.6,0.9,0.7,89,3118.751830848315,5205347.410529341
11,53,1.3264299017718675,1.6905884327286436,1.6929897371124794,1.5890486382505378,1.3212881765208166,0.0949969371994238,1.0,0.4850248047541812,0.6,0.9,0.7,91,1532.809042820418,5213503.859273693
11,54,1.2989559813790126,1.6506794493279369,1.6398327447506351,1.5687983877651122,1.279354712178444,0.08700575780032267,1.0,0.45293228802946855,0.6,0.9,0.7,92,1566.0109427340035,5211670.025420465
11,55,1.2899275855913575,1.6171916762907064,1.612283987831586,1.5618144619944734,1.5537839362623123,0.08818944318780415,1.0,0.4469769990654201,0.6,0.9,0.7,93,1543.2502394003682,5213216.779378878
11,56,1.2676480756165458,1.5747954637326522,1.555152017313236,1.5571420139503866,1.2801548419999962,0.08937782405520908,1.0,0.4158734376248928,0.6,0.9,0.7,95,1512.2149212203483,5215512.339547252
11,57,1.2886015015764012,1.5914017514034036,1.5709156443431291,1.5856315380453292,1.3006574590761069,0.0971335675129803,1.0,0.4399772882510174,0.6,0.9,0.7,96,3203.29747838801,5210376.071584813
11,58,1.2683918036047048,1.565122046947264,1.5543116463482693,1.5833606081517768,1.316022876851937,0.09282542265159832,1.0,0.41785646640098684,0.6,0.9,0.7,98,3388.109450522368,5214551.187381242
11,59,1.2581629257809415,1.55228169153714,1.5409721689256786,1.5733763321188434,1.2584716366114024,0.08874528555457063,1.0,0.4071740873090219,0.6,0.9,0.7,99,3278.8874463340208,5209570.816560088
11,60,1.2543873931934055,1.5199969155709037,1.5032788778406132,1.5840966543872728,1.4584960055345968,0.08932772583360755,1.0,0.4056698876664508,0.6,0.9,0.7,100,3157.4241816049007,5209710.261254503
11,61,1.2621958843546632,1.5136338779654055,1.4942561011568722,1.580941495895501,1.3010658786469889,0.08988823471257297,1.0,0.4182859873938993,0.6,0.9,0.7,102,3162.845988148419,5215330.630390702
11,62,1.259048695370878,1.508560482783803,1.4888228755056805,1.5886723290418614,1.2583087772517412,0.08967364791637844,1.0,0.4142238648218105,0.6,0.9,0.7,103,3157.94337796042,5214056.167164346
11,63,1.2608252291491981,1.501868713653692,1.4805515732082895,1.5976222585859563,1.3107334536534674,0.0894157245299845,1.0,0.4180620168756538,0.6,0.9,0.7,104,3094.2661616407004,5214972.040492254
11,64,1.260759760647324,1.4674196498355225,1.4069575008909656,1.536975661933457,1.2520041966985072,0.08941572452998474,1.0,0.4180620168756475,0.6,0.9,0.7,105,3095.015655186676,5210913.089538195
11,65,1.2604037685320781,1.5076914325666277,1.4984530840917902,1.615224285711799,1.2777181567511704,0.08941572452998443,1.0,0.41806201687565103,0.6,0.9,0.7,106,3093.2681608339367,5212698.420471912
11,66,1.2542771311972147,1.4609022426477618,1.4441667029267111,1.5972042455562216,1.3961791415942,0.08926568736465826,1.0,0.41388832995056807,0.6,0.9,0.7,108,3330.7004460768426,5269311.265202606
11,67,1.2798152038167427,1.4889233008275657,1.4835943116501165,1.6371253682643212,1.3019159794826698,0.0890321104216816,1.0,0.4514107837904196,0.6,0.9,0.7,110,3141.6135143916435,5272707.8591283085
11,68,1.2534061124366886,1.4472829627223478,1.4282185958440545,1.610584721770581,1.2582456951772134,0.0884089861593426,1.0,0.41459277202445727,0.6,0.9,0.7,112,3279.3358489080592,5269950.98853896
11,69,1.279643754151115,1.4325270188040107,1.3731169713795248,1.5719146157025543,1.3248153599718933,0.08966217961251476,1.0,0.4516694387871823,0.6,0.9,0.7,113,3353.1583522503047,5279933.812161548
11,70,1.2533415837237856,1.4215554563247954,1.3868603697108544,1.6136559031023108,1.2964693606514959,0.0891122138242085,1.0,0.415183037588678,0.6,0.9,0.7,114,3327.72656375992,5280792.8878641
11,71,1.2524384676495135,1.4126791306735977,1.3765382405898374,1.6197104452265865,1.2731415902682501,0.08864483918188135,1.0,0.4149635241634025,0.6,0.9,0.7,116,3259.266537444285,5280433.89128164
11,72,1.2467525839582776,1.4281289399549726,1.4177585085333575,1.6397928619172237,1.2403979938729313,0.08771934472717918,1.0,0.4077386461801279,0.6,0.9,0.7,120,3205.0235356284597,5267875.547974998
11,73,1.2298669498952646,1.399713289579109,1.3762834238082562,1.6265857947065145,1.2235851432125195,0.08800492768473968,1.0,0.38339817704120505,0.6,0.9,0.7,121,3249.081436756963,5273937.6771456525
11,74,1.247347849760793,1.4170354881623215,1.404552092131746,1.650979328142834,1.3230768391304506,0.08905044899338951,1.0,0.4083776027050473,0.6,0.9,0.7,122,3221.107788817165,5273415.397024152
11,75,1.2522724308333677,1.399153972644093,1.3715785497865063,1.6551939580664168,1.2874711989497758,0.08956279749733784,1.0,0.41584439603346307,0.6,0.9,0.7,124,3274.5500688878697,5281838.6361514665
11,76,1.2482267229631323,1.3884521520923692,1.3596795929078846,1.6618276308462265,1.2655318788888295,0.08906696519078149,1.0,0.41096737786192356,0.6,0.9,0.7,126,3244.082082560781,5280840.835815891
11,77,1.2467423920291016,1.3981379586874931,1.3823599872945955,1.671701194933127,1.2397606421974565,0.08881855466099725,1.0,0.4090622448033683,0.6,0.9,0.7,128,3239.847214717115,5280663.812545579
11,78,1.8006028711177862,1.9793559050721954,2.0014560131800385,2.2820167940803993,1.7995263348489838,0.32299920610285027,1.0,1.0,0.6,0.9,0.7,136,3196.666677257444,5196931.261493864
11,79,1.7998629359879963,1.9687730966871262,1.9891087260525218,2.280788991387034,1.829501004194279,0.32253318085716615,1.0,1.0,0.6,0.9,0.7,138,3158.747459034676,5196186.597263126
11,80,1.7994383430169845,1.9590522878383207,1.9777248156029172,2.2874343344070684,1.8274232377512396,0.32251706970951866,1.0,1.0,0.6,0.9,0.7,140,3166.654083872846,5202196.588518609
11,81,1.7979242809073281,1.9549278107542973,1.9731338676226822,2.293333639012703,1.8111412159009497,0.3201823414261169,1.0,1.0,0.6,0.9,0.7,141,3179.7614134514524,5205794.60373487
11,82,1.7979515383407147,1.9491068460746124,1.9662687978239062,2.293047392651708,1.8349583718592946,0.3206417411449612,1.0,1.0,0.6,0.9,0.7,142,3182.4404825034103,5203227.583221254
11,83,1.2543463906557455,1.4377139328302797,1.4936276373910244,1.8300404500895158,1.2497638142828478,0.08960038524127312,1.0,0.4215401775790779,0.6,0.9,0.7,153,3252.7596131216574,5269073.9431008
11,84,1.2526657829535086,1.4143442245329583,1.4663968871306063,1.8233215139235104,1.326760297617252,0.08953707658358352,1.0,0.4204173240071564,0.6,0.9,0.7,155,3198.138805356507,5235010.956917767
11,85,1.2526269219731092,1.4164670853291963,1.479914816619506,1.8462980543213252,1.2810336306580195,0.08892271718289027,1.0,0.4213619137891714,0.6,0.9,0.7,157,3214.3417912544446,5234530.125662112
11,86,1.2527188953535768,1.41524819586721,1.4784635097425425,1.854011378945457,1.2531901897917341,0.08914578463734502,1.0,0.4213690380281786,0.6,0.9,0.7,159,3213.387941880753,5235011.995796753
11,87,1.2519943569803127,1.4314469824181375,1.5196907208571362,1.8615937493899644,1.2876788163013273,0.08868956551924716,1.0,0.4210015497753871,0.6,0.9,0.7,160,3227.8740315383584,5235988.840499097
11,88,1.2303629417446595,1.3815203127287545,1.4427204919464052,1.8476932752334552,1.2690095551360998,0.08948848787715276,1.0,0.3897027154476168,0.6,0.9,0.7,161,3211.8781701291955,5235756.740560631
11,89,1.230330811287766,1.391093053225399,1.4650106986143112,1.875317393921467,1.232225494489522,0.08909526980091827,1.0,0.39006991449596484,0.6,0.9,0.7,163,3222.359890044684,5237139.738994184
11,90,1.2305841765394403,1.3881727718619945,1.4615287185271366,1.8793190602475958,1.238312208535941,0.08909786596575746,1.0,0.3905804161329,0.6,0.9,0.7,165,3226.987839251023,5235757.328385701
11,91,1.2305541684246053,1.3834260073246767,1.4559478829120622,1.8868837064221973,1.2439969667723356,0.08928604302234014,1.0,0.3905961742657618,0.6,0.9,0.7,167,3225.246383088636,5232508.60486632
11,92,1.210266703508334,1.345135898388023,1.414479280914997,1.8617233918846239,1.3368834702103936,0.08886989787027078,1.0,0.36276630090603784,0.6,0.9,0.7,168,3614.2365990158055,5234342.971552664
11,93,1.2053131504069903,1.3506016736031705,1.4328072661425888,1.8847254659940698,1.2034564737060716,0.08831544725422188,1.0,0.35619820516637396,0.6,0.9,0.7,173,6012.050300007582,5234422.202789898
11,94,1.2097163055944233,1.365906108960254,1.4610587800984862,1.8892202499336062,1.2089161092346854,0.08854614442268807,1.0,0.36230346108406153,0.6,0.9,0.7,174,6180.30857434988,5235663.368184437
11,95,1.2095292656154273,1.3424383760977738,1.4114361614100401,1.8922012858616388,1.2078557029615236,0.08864629280128349,1.0,0.3619878024701167,0.6,0.9,0.7,179,3515.380873088196,5242033.507427296
11,96,1.2094518040621582,1.3508924141365863,1.4324196483959915,1.907716159344406,1.2161269405600992,0.08864629280128346,1.0,0.36198780247011775,0.6,0.9,0.7,181,3524.969087719221,5243085.474567154
11,97,1.20924570144565,1.3495959670177942,1.430931049394033,1.9153269167280378,1.2103318678616504,0.08843180724977316,1.0,0.3619222527307184,0.6,0.9,0.7,183,6165.686937585022,5242610.327336657
11,98,1.2099308468559171,1.3683326928165096,1.4749015634354996,1.9836857601895304,1.2100585270585063,0.08809172992112257,1.0,0.36337021699992583,0.6,0.9,0.7,194,6087.542760087578,5235496.595368184
11,99,1.20842073377667,1.3538299881771103,1.4581127157351086,1.9971768755269115,1.2371611350753733,0.08790200630417097,1.0,0.3618845892171172,0.6,0.9,0.7,197,6168.9960428159375,5234536.967848124
11,100,1.2088104436858234,1.3412641588195258,1.4322385182238346,1.9885552376620486,1.212739988412229,0.08740617855578905,1.0,0.3629321368401861,0.6,0.9,0.7,199,6165.084996108472,5235202.778415684
12,0,0.8836262484414701,0.97237807325243,0.9186738224679404,0.01023079352208939,0.0,0.0,0.0,0.0,0.6,0.9,0.7,1,2551.7963512014067,8255.198064372069
12,1,0.9074985684441166,1.00840039927905,0.9539859113821332,0.053418835717253005,0.05468064378977803,0.06669854473793489,9.620781181176e-05,9.14958022705e-05,0.6,0.9,0.7,3,2507.6608697246384,8386.102500889901
12,2,0.9019214061226535,1.1098997718875414,1.0482891127872926,0.20630435637749217,0.47761868801208945,0.1445757930111493,0.03944502497231627,0.08777502872104063,0.6,0.9,0.7,4,2086.108972204232,42540.36484392266
12,3,0.7099609813676893,1.061561413613195,0.9998352455899362,0.20798858246838672,0.735904481975362,0.08232038590538168,0.09665909799690162,0.09192498562662989,0.6,0.9,0.7,5,1711.0437220441822,5606.264866714444
12,4,0.611053289669195,1.0117566807528753,0.9421186996828582,0.2047414803229305,0.35806752251056395,0.09496450647530814,0.07677360671790597,0.10150263727187467,0.6,0.9,0.7,7,1332.1504836781216,7174.364424400463
12,5,0.584838699684853,1.0063827204395908,0.9477260518621247,0.22154157088164017,0.27482993308490467,0.11366401217060591,0.06805206198610382,0.08985001092358187,0.6,0.9,0.7,8,1727.4502227881578,38937.94775701349
12,6,0.5373771234432093,0.9613501800221259,0.9021415290919043,0.18831923295737615,0.16178221848269622,0.11288244747868796,0.04539255436985863,0.059925701675062656,0.6,0.9,0.7,10,1669.2312005746558,38605.81588751462
12,7,0.924922117948621,1.3396204678559198,1.2672593367327072,0.5620335431106965,0.5522234746270305,0.04629166627693586,0.3972797682104544,0.22223530636052452,0.6,0.9,0.7,11,4641.890005584062,4818.501759511902
12,8,0.5187862024926259,0.9576709956123725,0.89456517002827,0.21103976852336453,0.31712443028194925,0.10769141487214547,0.03717385936452401,0.10219527362999511,0.6,0.9,0.7,12,1884.0000894130349,38954.98454670135
12,9,0.517575557740324,0.945675179957429,0.8694428902267451,0.20827292498480343,0.17468060805957492,0.10759518891350114,0.03717444076903077,0.10219581796040558,0.6,0.9,0.7,13,1888.62345404737,38949.09620735694
12,10,0.8318606671737947,1.2812540660542733,1.1957472466829366,0.590531323779176,0.9374910480135099,0.048595825236456405,0.4733296504734983,0.14875886971537483,0.6,0.9,0.7,14,4869.539380157772,4432.93995366234
12,11,0.4761755328432504,0.9275366152116459,0.8403983220787862,0.2567167910245703,0.28166689426211483,0.06778982195559237,0.12720896720091923,0.08561782150853647,0.6,0.9,0.7,15,4369.336946567224,38293.39781777503
12,12,0.7389113421919198,1.2139480564600158,1.1515054124130135,0.5506051038195612,0.5402272256619491,0.07505073450808611,0.28215641998732177,0.2682135071708168,0.6,0.9,0.7,16,5257.373848536941,304015.04080030124
12,13,0.6203081244835331,1.0848165958734624,1.0084303910466028,0.43724566411901017,0.3934586234714277,0.07348823429098944,0.2123447309794743,0.1987097105386848,0.6,0.9,0.7,18,5268.515896993198,299813.22593438666
12,14,0.5062995692090506,0.9830991895834773,0.9174815719656844,0.33616301962139183,0.3656053651014094,0.06443786298201912,0.17362904531815773,0.11354575494541139,0.6,0.9,0.7,19,4305.896869194008,37605.78848271826
12,15,0.607274601211186,1.0731359835693357,0.9938152667943447,0.45157157654023344,0.4090800033864141,0.07660523243525556,0.21341495793917722,0.2024538975433141,0.6,0.9,0.7,20,5591.218583624337,304033.1273163674
12,16,0.566688442530984,1.043595813599019,0.9748395302641735,0.4132864073681013,0.4515834688377911,0.06531898047350963,0.23171757714249902,0.15071104161131044,0.6,0.9,0.7,21,27354.894928788457,38035.232403461065
12,17,0.526776888818056,0.9910958492746155,0.906042147318149,0.4057921753436201,0.4657344564377643,0.07470453912864794,0.19111801011686044,0.163372891803493,0.6,0.9,0.7,22,25290.744946000294,298755.2072142939
12,18,0.5253030604954722,1.0006226913882024,0.9282823089115961,0.41369959679842133,0.33700645850748945,0.07470453912864791,0.19111801011686086,0.16337289180349296,0.6,0.9,0.7,24,25413.67110726265,298275.0005891729
12,19,0.5281497004345297,0.9920538743516564,0.9064152283333776,0.4234409025413838,0.34771209645255,0.07362375887112955,0.19500104420200498,0.16555547763165737,0.6,0.9,0.7,25,25658.092451817083,298700.03899904486
12,20,0.41355816753044955,0.885758480356817,0.8100052166810472,0.3051078072714351,0.36328307401087173,0.0709480230348741,0.14429954059979838,0.0911655093208201,0.6,0.9,0.7,26,4439.024453350082,38926.09457457802
12,21,0.40155055072529805,0.8617929128502653,0.7723925078892744,0.29644041180733405,0.24046267946065392,0.0727892665059305,0.13189915325087317,0.09269403813418145,0.6,0.9,0.7,28,4447.755026183055,38831.75479945942
12,22,0.37763175893991857,0.8474109455929352,0.7697153742269902,0.2878133252292817,0.2620714866976243,0.06855878824914272,0.1274079503393893,0.07635083617999351,0.6,0.9,0.7,29,4430.750583173567,39161.51000625835
12,23,0.3559716314840754,0.8571544465023376,0.8169240049999218,0.3128723264987434,0.225766929718096,0.06961837385135575,0.11431323659201809,0.07099533971757988,0.6,0.9,0.7,31,4773.165067806507,38666.27672106346
12,24,0.37425367562721057,0.8494590363760592,0.7886128741414179,0.3434407935161598,0.5527158109148769,0.06703020457519898,0.15613439847271085,0.08798039723061049,0.6,0.9,0.7,32,4574.54340140572,39236.4011617714
12,25,0.35171387561657474,0.8228825730334074,0.7603456348386007,0.3310801825858392,0.2601076195339735,0.06054265672310334,0.15156650324248028,0.07555164718092383,0.6,0.9,0.7,34,4451.973102273714,39279.76507644188
12,26,0.3487439209939991,0.817721366513479,0.7543078085745107,0.3358148040479956,0.2613599845008316,0.057857791511876235,0.15262716185014552,0.07642900101765411,0.6,0.9,0.7,35,4443.545728729261,39260.623259491935
12,27,0.31354589012414685,0.7767032389292506,0.7108333053485817,0.31426294294866935,0.2352614926059315,0.06224543343266464,0.12647058403905975,0.06819061190313414,0.6,0.9,0.7,38,4958.276044849867,37281.42085519536
12,28,0.30907052840331717,0.7784740922529989,0.7239891504537255,0.3219338361098242,0.22913912460048064,0.06224543343266464,0.12647058403905975,0.06819061190313414,0.6,0.9,0.7,40,4982.306066550303,37574.13563100941
12,29,0.3077493121828017,0.7685827417778327,0.7113048229747907,0.33649730230982694,0.26053047355797326,0.0621910187778217,0.13421678876838858,0.06744569553203154,0.6,0.9,0.7,42,4908.371113229446,38548.238181993525
12,30,0.2902384392601493,0.7617443566340967,0.7172957318837301,0.33037140801964443,0.1917568197190304,0.0627632189823924,0.1207082434653682,0.05997827649255314,0.6,0.9,0.7,44,5017.130784880379,38247.275483844605
12,31,0.2728317101766504,0.7275530435219946,0.6779661518046256,0.33338417747301874,0.28895478541765335,0.06202267509176529,0.11713240466374804,0.05922716443616414,0.6,0.9,0.7,46,4654.252044222683,38334.3113164026
12,32,0.27283464230021237,0.7264975931617506,0.6766041972042829,0.34058490319488505,0.19105851837030347,0.06190110558351537,0.11772574315964808,0.05961737322095143,0.6,0.9,0.7,48,4724.718591047453,38270.458601670616
12,33,0.2342010370143043,0.7196595240214885,0.7082463668498518,0.34886915638654253,0.1579872760324216,0.05930845950549908,0.0845023897531677,0.05111668568759074,0.6,0.9,0.7,50,4973.582985541272,206004708.0969134
12,34,0.23153896631658488,0.7229314117199855,0.723026349562358,0.3618012768707986,0.17866523610957974,0.06037328897745371,0.08456587656011147,0.051240650645882846,0.6,0.9,0.7,52,4900.353819414509,206014568.33143327
12,35,0.24225897726972387,0.7317933329489092,0.7313722718490885,0.36660167387048315,0.1810496889579307,0.060816868926498624,0.0932157600611792,0.05670345295547746,0.6,0.9,0.7,53,5299.647359943156,206046434.34502175
12,36,0.22795224808617243,0.6971321317366002,0.6812187587950385,0.3556355413055482,0.25310024994667046,0.06436607886420187,0.08483253774849574,0.05171410219666138,0.6,0.9,0.7,54,5063.2009459988085,206048503.9484344
12,37,0.20362241224637703,0.6919573524870946,0.7011859679517695,0.3551650705560543,0.1401958030845334,0.057556221888549954,0.07420671427004902,0.03897477308989105,0.6,0.9,0.7,57,5266.628823001168,206064581.73375437
12,38,1.0365184919562738,1.4965798945024893,1.4782787684136862,1.1883257070533815,0.9956993806278911,0.05613023724946804,1.0,0.04411563432553941,0.6,0.9,0.7,59,7047.553574400657,205689099.7278929
12,39,1.030053749000679,1.48105036518388,1.4604434977813137,1.1843423209144617,1.00953275719685,0.05696336444561882,1.0,0.04045026684114912,0.6,0.9,0.7,61,6847.634636481972,205721058.0692586
12,40,1.166513343444205,1.6057870987992198,1.572049815588179,1.311982027199329,1.1044921121036988,0.06586903916686984,1.0,0.2281020500249779,0.6,0.9,0.7,62,4987.173962028244,95556.76770286074
12,41,1.0307021262220808,1.5029742600659544,1.508085474360856,1.205529990616934,0.9698769054504076,0.058924193350893675,1.0,0.040439226403810105,0.6,0.9,0.7,63,6815.569777059929,205724252.5858957
12,42,1.1232878801693877,1.5470888565858856,1.5303252384294088,1.3120110179099755,1.4327020484267685,0.0522155745687221,1.0,0.1992416043073571,0.6,0.9,0.7,64,4856.025159807161,195765074.4168731
12,43,1.1307195049188328,1.5428998088110157,1.5234880014232233,1.3288483941890823,1.1377758805081801,0.05703929787395712,1.0,0.21121323547951878,0.6,0.9,0.7,66,5306.642274026194,195772009.9851576
12,44,1.1278797394443214,1.541062279218079,1.5324176613717466,1.3375832274398844,1.1259426114934634,0.057039297873957076,1.0,0.2112132354795193,0.6,0.9,0.7,68,5552.702289475029,195815727.5597323
12,45,1.093702732690238,1.5147648334731547,1.528968022780564,1.33636804010665,1.116045376752045,0.05247200576768217,1.0,0.17185054204084824,0.6,0.9,0.7,70,5700.287707135501,195832176.74302223
12,46,1.1214154966129823,1.494923202536112,1.4778150481176007,1.3534035024791569,1.102012656481617,0.05809183693860498,1.0,0.21499800363365842,0.6,0.9,0.7,83,6254.881889719438,37255019.03228549
12,47,1.1117819823732713,1.4892438234542906,1.4836350390568402,1.3545957517446527,1.107844239960376,0.05775227647999145,1.0,0.20369163852531158,0.6,0.9,0.7,85,6325.096492666668,37124980.21267165
12,48,1.0916845735062786,1.4623767622443762,1.4553770433562625,1.3488595956311498,1.0868561414058757,0.05778856004252282,1.0,0.17688167009528538,0.6,0.9,0.7,87,6025.833220724479,37003141.11164237
12,49,1.0837739648213356,1.452619356667132,1.4452416085422806,1.3585967244710553,1.0586824003512008,0.05811280628791993,1.0,0.1658181616382261,0.6,0.9,0.7,89,6153.105146043274,36981890.54775056
12,50,1.0882424630471719,1.4751317899194833,1.4928651132277535,1.3852162682962874,1.0925365395435127,0.056386276679092295,1.0,0.17486952965087413,0.6,0.9,0.7,90,5681.595398563231,37010087.31565605
12,51,1.0782852619586898,1.4586675878261948,1.4750812686958399,1.38624124984481,1.074404369340541,0.05695828232593699,1.0,0.16186688492883033,0.6,0.9,0.7,92,5680.462062405042,36990944.3586669
12,52,1.0988637324305115,1.4696472887796466,1.4841296026527997,1.4001300037619824,1.148413187764854,0.05890075508413598,1.0,0.1919981847218444,0.6,0.9,0.7,93,5350.22871928898,37428330.7495615
12,53,1.0776870925259223,1.4556610219689363,1.4823411758524423,1.3970374393472638,1.081970303934419,0.0596308709519644,1.0,0.16208295699512262,0.6,0.9,0.7,94,5643.716170638681,36991742.13933887
12,54,1.0773974522729814,1.4550798289619264,1.4817017695396115,1.3893813977766327,1.0513700140262043,0.05927513785545595,1.0,0.16204313536507603,0.6,0.9,0.7,95,5644.12575250129,37000061.9367118
12,55,1.0861021724154043,1.4485480447649048,1.4613658057861691,1.4020063556127953,1.0911279608582196,0.05882061014498553,1.0,0.1758106194552703,0.6,0.9,0.7,96,6329.62712612847,36908929.66511006
12,56,1.0756711440912072,1.4474631745475732,1.4729122311828613,1.406443229224326,1.0557637377418738,0.058278938906175505,1.0,0.16180015615721163,0.6,0.9,0.7,98,5659.462023074861,36997012.18227842
12,57,1.0696914464707323,1.4355046709555679,1.4597689037425134,1.4076772618844935,1.0915030104989454,0.053768017056743424,1.0,0.15846558176925357,0.6,0.9,0.7,99,5680.825523889655,36253350.22986555
12,58,1.088009087235629,1.4476786351366144,1.470731277429539,1.452711408664487,1.0747858131537371,0.0590328197519143,1.0,0.18145024428371817,0.6,0.9,0.7,103,6185.392012098664,36904277.212935805
12,59,1.088162291992003,1.4352463212486968,1.445026728078716,1.4528891998571452,1.0739120235880946,0.05913427677157077,1.0,0.1818755497663969,0.6,0.9,0.7,104,6198.221445930416,36896534.66881578
12,60,1.1021542043742005,1.4677587609292961,1.502777544517953,1.4815564843326707,1.0877122618424078,0.05899120621202893,1.0,0.2027958973898178,0.6,0.9,0.7,107,5794.144044977296,37203678.08799447
12,61,1.660971358455758,2.0566856409683156,2.1408396644625998,2.203511609231652,1.6419737215134547,0.06367006473785078,1.0,1.0,0.6,0.9,0.7,138,4805.976981856308,50153643.003738895
12,62,1.6605713830575666,2.0518077997640676,2.1350945219919906,2.2070855406648144,1.6560860352326734,0.06398029133497572,1.0,1.0,0.6,0.9,0.7,140,4792.855677483059,50153255.96516124
12,63,1.6595005533182228,2.04075421667911,2.1221166469868566,2.2293330465175085,1.6581801251110715,0.06428314167332198,1.0,1.0,0.6,0.9,0.7,144,4810.398604813437,50156392.35943562
12,64,1.6590125656391557,2.0834196495968103,2.2164647549034697,2.2562451363739924,1.651317351168513,0.0638066733219145,1.0,1.0,0.6,0.9,0.7,145,5059.867626674044,43182212.67164043
12,65,1.6587154285870787,2.0318273182851234,2.111629061261074,2.2325335852787926,1.6893779517937721,0.06459348987505692,1.0,1.0,0.6,0.9,0.7,146,4797.068368686256,50155990.493320525
12,66,1.6589300132372213,2.030132311855885,2.120434262899934,2.237060563700055,1.6918494657052696,0.06742997827299371,1.0,1.0,0.6,0.9,0.7,148,4782.658170173058,50193901.19752839
12,67,1.657041384038569,2.016314705531349,2.093480678921506,2.254099445506656,1.6395767559014651,0.06439211750267183,1.0,1.0,0.6,0.9,0.7,153,4758.639483073328,44584056.22149272
12,68,1.656776854515883,1.9888395220952835,2.0390942706740938,2.2577086027291355,1.6759953872033821,0.06480452012677136,1.0,1.0,0.6,0.9,0.7,154,5718.31291351305,46231307.92329264
12,69,1.658146490593525,1.9810565119731804,2.0295822595977944,2.258514302626266,1.7119931261895782,0.06865976137924372,1.0,1.0,0.6,0.9,0.7,155,4400.924499894058,50169774.79939826
12,70,1.6577891120626105,1.9882590877287487,2.0491000199033857,2.2702776444121824,1.6550340509530082,0.06865976137924372,1.0,1.0,0.6,0.9,0.7,157,4440.465302146375,50158732.3569437
12,71,1.655967276450831,2.0044865834214685,2.0905097135705235,2.296606258082816,1.6464756942792622,0.06632842224686744,1.0,1.0,0.6,0.9,0.7,162,4324.890426306714,50173870.34557937
12,72,1.6451780881024143,1.957938868998806,2.026378080975806,2.2816683653055208,1.6935261928138687,0.052026102376249085,1.0,1.0,0.6,0.9,0.7,165,5363.41296301113,51350205.62224669
12,73,1.6448549829568535,1.9651685902293745,2.0459309611500753,2.2890859158994816,1.64503066608451,0.051995835384432934,1.0,1.0,0.6,0.9,0.7,167,5410.986488924236,51340414.72086662
12,74,1.6438312373689392,1.927885170211318,1.9691554841670669,2.3088366336719126,1.6403669423403184,0.05065045763152122,1.0,1.0,0.6,0.9,0.7,169,4760.770469454153,51235262.69671079
12,75,1.6465474862479599,1.9332970606803117,1.98599457077413,2.3085508869132316,1.6658656150481854,0.05630768254693132,1.0,1.0,0.6,0.9,0.7,171,4705.190187474969,51276807.47451
12,76,1.643988941356025,1.9253254036254233,1.9770244746647976,2.341582335718674,1.6724366476485164,0.052738371453829515,1.0,1.0,0.6,0.9,0.7,172,6095.1826843243625,47112540.2487656
12,77,1.6436563187212716,1.924930620406996,1.976617066556997,2.345144772524704,1.6319011755017117,0.052203494073928366,1.0,1.0,0.6,0.9,0.7,174,6103.107912363894,47088318.39372717
12,78,1.6429345810508562,1.914244135272386,1.9640993732610548,2.348019738496609,1.7052891166533868,0.05221405551696749,1.0,1.0,0.6,0.9,0.7,175,6024.8804465016165,47099052.7893955
12,79,1.6422483032318635,1.91268985759997,1.9623857380857703,2.3550615205327805,1.6339555236022596,0.05117424340023803,1.0,1.0,0.6,0.9,0.7,177,6023.923258519526,47081157.71022628
12,80,1.6439564105588593,1.9020148722316759,1.9494427566581662,2.3564105431370335,1.6795159539529565,0.05545415586929917,1.0,1.0,0.6,0.9,0.7,179,4714.27281711843,51220673.24813935
12,81,1.6436655061529462,1.9287467088889823,2.0139730753490133,2.3919758760880345,1.6415977297916606,0.055695992086127286,1.0,1.0,0.6,0.9,0.7,185,4780.054533010866,51508506.777675696
12,82,1.643573573813617,1.917397406229447,1.9896133348811784,2.41007504885883,1.6336137752755575,0.05555099719561244,1.0,1.0,0.6,0.9,0.7,187,4816.279592986502,51497045.9704793
12,83,1.6435282601375887,1.9161035057266913,1.9880919997365143,2.3983521256231835,1.6424689520640303,0.05560792054171089,1.0,1.0,0.6,0.9,0.7,188,4779.292941397526,51471264.28940424
12,84,1.6430772790181278,1.933778977804846,2.030988203557902,2.426286041902113,1.6650179398068201,0.05531261307562896,1.0,1.0,0.6,0.9,0.7,189,4780.982912448266,51500653.55934947
12,85,1.6434518944845498,1.9394158457698114,2.048544519840939,2.439456538157879,1.655976742917106,0.05655408204894905,1.0,1.0,0.6,0.9,0.7,191,4763.76586598041,51501561.83244991
12,86,1.6437540287604508,1.9140545258644919,1.9965908472444267,2.442229065828734,1.6424711554199114,0.05738800427504196,1.0,1.0,0.6,0.9,0.7,194,4781.408326293062,51465422.34123978
12,87,1.6437281677888052,1.9135992466212846,1.9960576529116931,2.442185638257542,1.6360207941822975,0.05738800427504198,1.0,1.0,0.6,0.9,0.7,196,4763.136874940488,51468922.33760162
12,88,1.6437453378355746,1.9101661404470451,1.9919983559801053,2.453769286965371,1.660197623884978,0.057760200690409415,1.0,1.0,0.6,0.9,0.7,197,4746.69115215052,51466120.6209138
12,89,1.6428574547627108,1.9071832670350488,1.9886355343730624,2.448902936659769,1.6493832752654387,0.0564861435892147,1.0,1.0,0.6,0.9,0.7,198,4723.149229874544,51449556.66142339
13,0,0.7780583715403271,0.9439833856414367,0.8854163672943871,0.0076173987845341365,0.0,0.0,0.0,0.0,0.6,0.9,0.7,1,4439.243963808355,8925.380749018175
13,1,0.7901636367145863,0.9702850424037676,0.9107227999152724,0.04259153373515511,0.0524086839162104,0.05321837477035628,0.00010929867962031,0.00011956903581750999,0.6,0.9,0.7,3,4443.399649323817,8930.219642020938
13,2,0.783839854033786,1.0595690102866193,1.006164688594776,0.17360389013189376,0.4292030428512762,0.09706405966067572,0.039283706432725676,0.08079132086503696,0.6,0.9,0.7,4,3306.8851281729358,47686.68966544165
13,3,0.8615912137589263,1.1694180597471513,1.1129328835526993,0.30334908091354384,0.40613167189277655,0.09489154640085676,0.20514660158014242,0.052028066729852995,0.6,0.9,0.7,5,2793.8855959114344,5626.585897739209
13,4,0.6785976178474864,1.0433983239233227,0.9799883412709383,0.21054029754113618,0.4763711592831461,0.06468114735886196,0.09264498472649034,0.10030428788336836,0.6,0.9,0.7,6,3224.796228306267,6861.043247053836
13,5,0.735208985570943,1.1261730971406734,1.073289103840178,0.31072118710125435,0.3753694527981838,0.09672999614900868,0.14035754142073753,0.13437610422507842,0.6,0.9,0.7,7,2179.353439353036,4324.831165930189
13,6,0.5402367531447684,0.9695766324510168,0.9090709451860717,0.19063760854129058,0.47708609473512553,0.0733854449418444,0.06551036788120103,0.09048597474180192,0.6,0.9,0.7,8,1879.1053191170265,41475.857265357634
13,7,1.4532729401536253,1.8745418786620096,1.800426029098635,1.113978152957165,1.1000627318204201,0.05476465154407721,0.4298753039762612,0.9518749184368744,0.6,0.9,0.7,10,2905.411108768405,6515.216034108932
13,8,0.49669038977307983,0.9299430151056272,0.8684281431220648,0.16819033387445553,0.14579157335307039,0.07322360762649446,0.047675197307037745,0.06535447908258687,0.6,0.9,0.7,11,1924.6495109488656,42563.513223343085
13,9,1.0627061655864243,1.5126842623611907,1.4457634412854443,0.7830117145911404,0.9673571172470664,0.05869924403799287,0.29056016896052045,0.6431051582794877,0.6,0.9,0.7,12,2096.604894722529,19048.55395320166
13,10,0.9333082250836401,1.386530150720564,1.3182137946059087,0.6761959272913851,0.6573291157548541,0.04895274071729519,0.246814651477479,0.5391251067077609,0.6,0.9,0.7,14,1865.3659730761915,18719.44865818192
13,11,0.6751418358400828,1.1419144687190919,1.085462289851976,0.4261078099418612,0.4260483620466705,0.05479009370564467,0.09367451856171269,0.37503746358309575,0.6,0.9,0.7,15,1564.407960816578,42405.14981374961
13,12,0.7218374594655779,1.1783823836963816,1.108414734655189,0.4813424242875214,0.4408884441809836,0.055073612848428856,0.08432802714357066,0.45921069948829885,0.6,0.9,0.7,17,1131.3532393302676,41071.97123719063
13,13,0.6393157966682455,1.0964313749833623,1.026148860885408,0.41104907033846677,0.3566930160747206,0.05389573305109948,0.0674744323083378,0.36744261225113994,0.6,0.9,0.7,19,1129.258541600097,40522.27928478141
13,14,0.8027960212182564,1.2835714202869646,1.2385600875422877,0.6005052750628623,0.5490488167299893,0.04643269122539514,0.20509069504199542,0.4383231079261872,0.6,0.9,0.7,20,1751.044146641124,20256.464623964
13,15,0.40182268466048177,0.8730133876943896,0.813947109930945,0.19531664198413276,0.169067910314202,0.0533690969208722,0.05344794272555781,0.06563701343112575,0.6,0.9,0.7,21,1253.2147712340193,41780.16118984976
13,16,1.9232398042574028,2.3965723846308706,2.3358306133218543,1.7312759622298388,1.7277328316430565,0.09902162201893812,1.0,1.0,0.6,0.9,0.7,22,2105.744031783689,58853583.81860708
13,17,1.9217319424772175,2.4067024195690845,2.3585631011556867,1.7460608847340164,1.6687795915039798,0.10110516135319647,1.0,1.0,0.6,0.9,0.7,24,2099.064229075268,58853615.29207863
13,18,1.3172103472278325,1.7913268716646595,1.7298443381471367,1.1370070200852966,1.0724724617819597,0.052225727353342875,1.0,0.18165445278567877,0.6,0.9,0.7,25,2042.279714334113,20647.306948296085
13,19,1.309222960178151,1.783526962800277,1.721852030604612,1.1389835358583296,1.0596606316687196,0.05241056410686298,1.0,0.17195767679619514,0.6,0.9,0.7,26,1995.6127672699936,20622.60760717868
13,20,1.788114620977074,2.263367224967582,2.2005910752721842,1.623745703625639,1.5829937139871113,0.058743354533410196,1.0,0.8612008651372358,0.6,0.9,0.7,27,1931.5394072713457,20425.433599648382
13,21,1.7858334257943609,2.2613744220159195,2.1982056872037434,1.632769845872542,1.5544074797124257,0.05830477873897329,1.0,0.8620053670817274,0.6,0.9,0.7,28,1986.4575251718904,20531.792950860945
13,22,1.2716538456630875,1.7471957125547501,1.6840245411295964,1.1186032358042395,1.0243175334359873,0.05037309701069124,1.0,0.1342834536794338,0.6,0.9,0.7,29,2134.8729382108127,18116.120639634955
13,23,1.2676048601794798,1.7444749716582313,1.678390443137758,1.1333895913538239,1.157328411814194,0.06410724424888455,1.0,0.14292695582603482,0.6,0.9,0.7,30,2667.2985749301843,47329.7949545072
13,24,1.2595415295643004,1.747768464505384,1.6934535541577986,1.144138714061645,1.0879840370164329,0.06700267151912401,1.0,0.13941135118140097,0.6,0.9,0.7,31,2533.1288853784386,47904.49134810695
13,25,0.6064716191881583,1.0941340600966667,1.0366846445738065,0.5018835152256489,0.5308649863109045,0.04585242333850629,0.17891818841239324,0.30560042653928565,0.6,0.9,0.7,32,1926.388456804568,28852.50969654321
13,26,0.598689374299258,1.0963333110802584,1.0498698964607358,0.5148715857900551,0.44601858264949024,0.039570487865761964,0.1842924591276256,0.3080143817849966,0.6,0.9,0.7,34,1819.470481185152,32317.943033025367
13,27,0.5530126318849673,1.0500611585289503,1.0028141284578944,0.48119960896473674,0.3954829723985306,0.03856756636604683,0.16781640368379674,0.27049190300878506,0.6,0.9,0.7,35,1817.145651088147,34569.652179450335
13,28,0.5518363405595402,1.0598907792905727,1.0254088124460936,0.48960333132466666,0.36830527011410596,0.0385675663660468,0.16781640368379674,0.270491903008785,0.6,0.9,0.7,37,1775.9513325193789,34090.1699509413
13,29,0.5360270677692833,1.0422218614315197,1.0058097717797707,0.4853104878113291,0.4358777469946707,0.03860583931404061,0.16117783289170332,0.2698535789452456,0.6,0.9,0.7,38,1633.0670915101534,29016.137749785677
13,30,1.189786069680775,1.6822057434584436,1.6306827311967487,1.1476836916955762,1.063647553804746,0.059676173398068064,1.0,0.1211810390938389,0.6,0.9,0.7,40,2236.6064417763337,23312.44721136016
13,31,1.1410190707952124,1.631451638871172,1.578531716149662,1.1130049231120294,1.0065193402768873,0.05967631655489748,0.9612657075635562,0.11012851339495655,0.6,0.9,0.7,42,2158.6243202278306,23408.2978764088
13,32,1.1247415871678694,1.6142256978046687,1.5606887613575846,1.0990511813739876,0.9895739492938663,0.05704631258414537,0.9539043497211701,0.10238569118441113,0.6,0.9,0.7,43,2205.2305260447715,19032.47283680674
13,33,1.028313921550342,1.5114377758748059,1.4542985294864537,1.0241165818461517,1.0295865030036224,0.0569643847996967,0.8663774202612308,0.09820064327812587,0.6,0.9,0.7,44,3323.905021898233,24299.405059062643
13,34,1.269753905128244,1.75303663494627,1.703872246345929,1.299807757694251,1.2448743588120321,0.07782280060436741,0.9761962639288735,0.31018363672929933,0.6,0.9,0.7,46,2524.615016557538,6123917.51042462
13,35,1.2675186748245033,1.7490713478235778,1.699204201096518,1.306117448126336,1.1568691639187954,0.07819695732140478,0.9760893655098588,0.31019805865159134,0.6,0.9,0.7,48,2538.568062487192,6120593.440361563
13,36,1.2668773896393914,1.7478944154616887,1.697813119900805,1.3118733917074943,1.1513444084763262,0.07834857299311561,0.9760539092075051,0.31021845070430015,0.6,0.9,0.7,49,2544.082794215589,6118303.773897362
13,37,1.1547257249164073,1.6321933266693127,1.5807313763927369,1.2068087526533953,1.0912767093837308,0.07729775813997389,0.8808721546253591,0.2797258306716873,0.6,0.9,0.7,50,2537.765257695773,6119601.607226107
13,38,0.46060252232323295,0.9336419680827045,0.8896917388102513,0.5203183471908547,0.46919664893655366,0.051194557685550465,0.2491986753031843,0.1461021964573826,0.6,0.9,0.7,52,2479.6504933724245,46691.38426498464
13,39,0.5150806752735293,0.9952271923731025,0.9629572337183933,0.5835406477705919,0.46921981457547834,0.05267837105276378,0.2718868594928904,0.19864582108634196,0.6,0.9,0.7,53,2024.3149703976287,47311.33368504552
13,40,0.5126718066931994,0.9898262766293713,0.9566162475224399,0.5864412005189698,0.45379436104598364,0.05289837132043802,0.27180372556119314,0.19869020856689956,0.6,0.9,0.7,54,2039.2929725740853,47642.74831231345
13,41,0.34914584643461255,0.791488508559323,0.7285599787665522,0.43686070372543395,0.33709628789908586,0.05356194506404881,0.15385527213698671,0.12945008315931694,0.6,0.9,0.7,56,2775.328191806745,45357.119451971565
13,42,0.3450061080921117,0.7845762670803695,0.7208422145659665,0.4348140829604609,0.2924480663672795,0.050329140552319254,0.15345817773543344,0.12957638254331408,0.6,0.9,0.7,57,2788.175104107762,44111.05524994621
13,43,0.34532540310139487,0.7723549657003312,0.7152010678185341,0.4547833622725525,0.4036732675681724,0.04849512707048509,0.1690512219351763,0.13119360917924516,0.6,0.9,0.7,59,3164.032860813145,44504.55529023758
13,44,0.3903829313198377,0.8110203717065998,0.7522322907725925,0.5054219427127036,0.3878201218446927,0.04296757486427974,0.2260219671159717,0.1315514600538362,0.6,0.9,0.7,60,2571.9126462813338,45090.61113040937
13,45,0.38968812523520413,0.8080907880558559,0.7487386831502303,0.5121165582115631,0.33315580301466724,0.04360427029719957,0.22603213513688739,0.1315124795381802,0.6,0.9,0.7,62,2560.1551900030563,45545.027139034486
13,46,0.3606082121803659,0.7704663840125399,0.708992705068298,0.49528099196383746,0.33967155322269577,0.04585169054229562,0.20561474052192463,0.11978569350738766,0.6,0.9,0.7,64,1610.5487423510965,47080.80305433212
13,47,1.7014750884042247,2.110489103668926,2.0591068280289555,1.8630232260055415,1.659171168503697,0.07036588015549781,1.0,1.0,0.6,0.9,0.7,71,2417.7460710768987,58094905.9669107
13,48,1.656897253276041,2.0624000892934413,2.010186547563139,1.8325951062886459,1.6159240336294256,0.06928826240138868,1.0,0.939158923920526,0.6,0.9,0.7,73,2536.3133027489325,58094156.35663191
13,49,1.6981834266276454,2.092229207385733,2.0269528093313283,1.87736992588243,1.6432278822846356,0.0673033281856739,1.0,1.0,0.6,0.9,0.7,74,2543.684424353157,58093443.24970893
13,50,1.6567604204504498,2.045316629390326,1.9787568708683014,1.8406485956462446,1.6530496398353376,0.0680042871008678,1.0,0.9430870248325093,0.6,0.9,0.7,75,2525.54063105136,58089290.5675499
13,51,1.3709891545896542,1.7572448889577306,1.7005855724625487,1.5643876075103424,1.4461898390907137,0.06487312461650643,1.0,0.5440920331674957,0.6,0.9,0.7,76,3311.9125704350163,58088909.08364685
13,52,1.6472278120184753,2.029294384725212,1.9716872479324061,1.8483419018587766,1.6364095159045973,0.062076341211703766,1.0,0.9430387787986708,0.6,0.9,0.7,77,2332.559804144735,58114258.93165137
13,53,1.6466865236327188,2.0268874781165085,1.9688613121864047,1.8481581087641334,1.614563835420756,0.06246197144021872,1.0,0.942765053661307,0.6,0.9,0.7,78,2326.942521052718,58114242.92070018
13,54,1.645330749752358,2.021999879439596,1.963184677658568,1.8543208036090086,1.629383028788748,0.0616142290375065,1.0,0.9430905737631786,0.6,0.9,0.7,79,2342.5353258808764,58103233.27356144
13,55,1.5862842968942341,1.9592399050989195,1.8996008782981768,1.8095537745159531,1.555987949663201,0.060860718804617395,1.0,0.8609516296755514,0.6,0.9,0.7,81,2373.1622249975794,58103463.48552096
13,56,1.5874372883878674,1.9448536195926227,1.8712627247788438,1.811506832679165,1.5798205987433198,0.05972208636064391,1.0,0.8653186504286257,0.6,0.9,0.7,82,2468.2693372055774,58106821.68759024
13,57,1.5868252716673568,1.9421345114410564,1.868081578950553,1.814671736107202,1.5603907574864424,0.059801927768630456,1.0,0.8652198096199291,0.6,0.9,0.7,83,2474.0728137837486,58105926.05627833
13,58,1.587135347812478,1.9412200465719032,1.8668993025425498,1.8186115274292405,1.5531272225560675,0.060573993828229,1.0,0.8654859259335803,0.6,0.9,0.7,84,2452.223127748116,58102850.14577167
13,59,1.0630538188554506,1.4505865791500132,1.4258055187647771,1.384245070306465,1.0263985331704524,0.040231942405091446,1.0,0.1385318772684438,0.6,0.9,0.7,103,17962.705010835933,90795.61090537877
13,60,1.0557525791867928,1.4260352910440635,1.3869612227152863,1.3922798597075667,1.0284765627503105,0.044381237656292497,1.0,0.12669005467078318,0.6,0.9,0.7,107,17635.83006651383,90276.13114985406
13,61,1.0622950072473532,1.4436708515650416,1.417574014358548,1.4097291779068395,1.0228070404582055,0.04049896504180827,1.0,0.139401039232239,0.6,0.9,0.7,108,17889.003334809582,91096.55700490132
13,62,1.0539943648450851,1.4458188701911978,1.4325617067072507,1.419790139588876,1.020323751047963,0.04173665607630121,1.0,0.12674413202052706,0.6,0.9,0.7,109,17093.687096141955,77269.10691836037
13,63,1.061527444162292,1.4397400070115298,1.4129709229240215,1.4166278748239531,1.0427253038131588,0.04039436496526508,1.0,0.13948187248333338,0.6,0.9,0.7,110,17869.62306492146,91784.24799191552
13,64,1.130591476855169,1.5247873694323926,1.522651039292441,1.5048783918422206,1.1214338371299568,0.04810848495662695,1.0,0.23376718648604755,0.6,0.9,0.7,112,17581.226729419286,74897.97718468182
13,65,1.1280145586831654,1.518528623269724,1.5156308558080314,1.4989703954394527,1.1197795310058904,0.04687362001863753,1.0,0.23223689519443796,0.6,0.9,0.7,113,17483.667826329096,62376.96307922263
13,66,1.129367039253529,1.5178355990278516,1.5145087694488657,1.5079082359433225,1.110250111265412,0.04810848495662695,1.0,0.23376718648604794,0.6,0.9,0.7,114,17469.149741017878,74501.44562657498
13,67,1.1160557156983906,1.50451882083676,1.5118664473662988,1.5104897488008113,1.1765173136542706,0.04763302901391654,1.0,0.21854806597502296,0.6,0.9,0.7,115,17514.872077577547,74450.74979450954
13,68,1.1382495946075197,1.512361961920177,1.5060631478163153,1.5291515890780114,1.1304036614080644,0.048589260551344285,1.0,0.2503274603750584,0.6,0.9,0.7,116,17458.899884530296,74974.36095207438
13,69,1.1234399888357252,1.485741695057424,1.4770310048354873,1.518982449900761,1.190211072791829,0.04714825607898121,1.0,0.23365254698501953,0.6,0.9,0.7,117,17498.375645342796,62766.96775400235
13,70,1.134722538971747,1.4956155540379534,1.4866163512811987,1.5340627455494509,1.1157813910741545,0.04693911899809264,1.0,0.2503440159810805,0.6,0.9,0.7,118,17536.824685886524,74850.26411764341
13,71,1.1343374781174678,1.493432241385174,1.4840720675005419,1.5374355614943094,1.1173299649061046,0.046813083057879665,1.0,0.2503442071834959,0.6,0.9,0.7,119,17489.486421260084,45314.24064382777
13,72,1.1337069748826982,1.5000707255733412,1.502916179459555,1.552046384706146,1.135810757771397,0.04693911899809264,1.0,0.2503440159810805,0.6,0.9,0.7,120,17359.68324809942,74190.77829094767
13,73,1.1206972992208042,1.4715585911269355,1.4605363268861258,1.5353809283188347,1.1091266771389257,0.04577891949665086,1.0,0.23384731752029703,0.6,0.9,0.7,122,17244.09048993867,62244.36408928344
13,74,1.121454829576301,1.4822725393584926,1.4840027273052612,1.5589118265952846,1.094510592022693,0.04798526029966822,1.0,0.233325491389149,0.6,0.9,0.7,126,17171.996623105348,72541.07812936488
13,75,1.1182150466153098,1.4647784098948744,1.45289688076119,1.5518833150938975,1.1143368862062286,0.04331272175271938,1.0,0.233442316461444,0.6,0.9,0.7,127,17233.30234635683,84771.4413912576
13,76,1.119734914468112,1.4752466820544083,1.4759140845573424,1.5649693117568497,1.1098839207877547,0.046433586540468405,1.0,0.23348259449809888,0.6,0.9,0.7,128,17247.63887198198,74233.81119582051
13,77,1.1132601119860337,1.4386681677562507,1.43339818633183,1.5710261786553779,1.3313730252262328,0.04347162231202552,1.0,0.23329538949659515,0.6,0.9,0.7,129,17266.70460009825,83952.91547365715
13,78,1.1128972740097833,1.4339497664080547,1.4278315901981096,1.5782447444453847,1.106918537896253,0.043772902997256655,1.0,0.23337158715129142,0.6,0.9,0.7,131,17252.844363116998,84570.55870788373
13,79,1.1118443796328796,1.426647676649472,1.4193158892742797,1.5885497044664594,1.1392567810677772,0.04347519257147603,1.0,0.2333190130412063,0.6,0.9,0.7,132,17303.64526757056,85911.59298210134
13,80,1.1112498350525073,1.4218151880778396,1.4136651357103325,1.5768818714499908,1.1223506874679394,0.043206614851566974,1.0,0.2334710704122073,0.6,0.9,0.7,133,17255.017421803812,83975.66817557203
13,81,1.1138200330487467,1.4335455755044708,1.4380016050693154,1.628533310748022,1.0944797451545272,0.04510527724498145,1.0,0.23588522477481438,0.6,0.9,0.7,140,17150.66883006469,84225.22445251465
13,82,1.113149115244424,1.4303099506416328,1.434271848801274,1.635412844846329,1.1019083649276127,0.043779320057329305,1.0,0.2365216436641146,0.6,0.9,0.7,142,17017.208656869967,85532.07940024624
13,83,1.0387898770434552,1.3978503528275952,1.4532532063238928,1.600075086037735,1.0193591117136154,0.03619621469215566,1.0,0.13730749348730595,0.6,0.9,0.7,157,17260.254970248585,72402.37143830357
13,84,1.6556280679071902,1.998227302705082,2.03962087724726,2.251938438684511,1.6764657943113859,0.05884087133409115,1.0,1.0,0.6,0.9,0.7,158,17868.505957426707,71742.00588394236
13,85,1.043232454324785,1.3834629483318432,1.4352670294250311,1.6154303649295334,1.077259334957902,0.03806513531091589,1.0,0.14517183450092647,0.6,0.9,0.7,160,17148.347019082525,71149.12373387595
13,86,1.0431468184695063,1.382221051101247,1.4338054233332107,1.6229020348256702,1.0334628770367282,0.03807513062016163,1.0,0.14522211500630705,0.6,0.9,0.7,161,17151.029835659043,71128.72954852853
13,87,1.0432293814001967,1.3926340840410714,1.4570530497077585,1.627581192893004,1.0314533514921789,0.03844730025905685,1.0,0.14515723201539318,0.6,0.9,0.7,162,17049.84149808667,71339.50286398244
13,88,1.0424845349501703,1.3868904914659772,1.4503614141047814,1.6306646301806436,1.0631283169491808,0.03812138452584059,1.0,0.14513906624551942,0.6,0.9,0.7,163,17194.45193204187,71889.15550618108
13,89,1.6522154535691191,1.989709648808273,2.0518737230446016,2.287822401290345,1.6482606197473628,0.058200579926617924,1.0,1.0,0.6,0.9,0.7,167,17630.920812416836,67707.71156865927
13,90,1.6512283649324713,1.9954795308956577,2.069806032969929,2.2991140131256778,1.6429205034632868,0.05730157555021607,1.0,1.0,0.6,0.9,0.7,171,17332.997367234173,66840.82072154814
13,91,1.6522182696438175,1.984835424750153,2.0460803624748287,2.308473812990538,1.638673448818237,0.05902175112200427,1.0,1.0,0.6,0.9,0.7,172,17281.480907236364,44683.85601726423
13,92,1.6511422492515995,2.0057256218925232,2.092888373896459,2.3229913516150695,1.6377774824993927,0.05730157555021613,1.0,1.0,0.6,0.9,0.7,173,17305.665884094713,66755.46827355544
13,93,1.651268897084554,1.979612596281101,2.0400537869784108,2.315310741999439,1.664272119160571,0.05813896121851057,1.0,1.0,0.6,0.9,0.7,174,17368.02966778809,44824.651914850125
13,94,1.6503330463625998,1.9799109346958048,2.051483835632968,2.3383642249398893,1.672989526106588,0.05814951213286591,1.0,1.0,0.6,0.9,0.7,176,17369.514218539407,44938.65681920501
13,95,1.035552644988808,1.3423233337587246,1.3878206195137996,1.692079842507478,1.0232193933152234,0.04349811629733125,1.0,0.13435340173203286,0.6,0.9,0.7,177,17302.180854113372,82089.11718042576
13,96,1.65113479874216,1.9679021092832307,2.0261609327590833,2.3378099937896932,1.643745736843993,0.059860154156055355,1.0,1.0,0.6,0.9,0.7,179,31112.12926762365,67398.82645089919
13,97,1.649568944753006,1.9647709691629294,2.033663300612214,2.331148369589287,1.7261932762033527,0.05900318409435231,1.0,1.0,0.6,0.9,0.7,180,17397.07346400425,81755.83242926563
13,98,1.6490350364197846,1.940694892549947,1.994298771002002,2.329299765458467,1.729470490358946,0.05981647384551163,1.0,1.0,0.6,0.9,0.7,181,17472.492273537784,82048.1302582828
13,99,1.6486716690515983,1.9509007663704427,2.0173880018535577,2.3377357692434533,1.6402287555748019,0.05929296922147159,1.0,1.0,0.6,0.9,0.7,182,17478.458982110893,81825.9340576722
13,100,1.6484183840758944,1.9278208338886629,1.990105897130389,2.3495478839872828,1.8080891143744093,0.06172432787574587,1.0,1.0,0.6,0.9,0.7,183,17773.3296742272,79297.43511503752
13,101,1.6483519471850572,1.938016319306862,2.013129052567364,2.369853464289249,1.640550853483362,0.06172432787574582,1.0,1.0,0.6,0.9,0.7,185,17728.14292960546,79121.75216803918
13,102,1.647896544833419,1.9335141230662338,2.0078853657656586,2.3653838778065595,1.6670954684157953,0.06143595161319815,1.0,1.0,0.6,0.9,0.7,186,17733.126365759068,79081.81512309524
13,103,1.6477009095349326,1.9306341571753713,2.0045143160538323,2.376804149795281,1.6568825854062992,0.06141675395089,1.0,1.0,0.6,0.9,0.7,187,17659.56596407249,79025.31092030503
13,104,1.646502123878151,1.9378657342774397,2.0242390860147674,2.4106069950038855,1.6384246270807603,0.05973150652947122,1.0,1.0,0.6,0.9,0.7,195,17562.936636230854,78971.85348714238
13,105,1.64574323895576,1.9295840135960884,2.0145841637206994,2.408318584291113,1.6635785656897304,0.05929295657983299,1.0,1.0,0.6,0.9,0.7,197,17737.923793477363,78509.32566747081
14,0,0.76329614878778,0.9397101206455801,0.8804113877081318,0.0072245257068444075,0.0,0.0,0.0,0.0,0.6,0.9,0.7,1,4304.572328407447,8181.892910831497
14,1,0.77278570116306,0.9640654586819254,0.9036943491451331,0.040661337077642974,0.052481870476118346,0.05074867923527806,0.00011015451427447999,9.747862683178e-05,0.6,0.9,0.7,3,4330.2558755782575,8336.306807604697
14,2,1.4096400207289927,1.65488310178191,1.6041630044974111,0.754685579469597,0.8663871696401515,0.062030249070975915,0.455351707799028,0.4039334156447216,0.6,0.9,0.7,4,3305.359097243057,3310.493602041864
14,3,0.8365750075903154,1.1765901573967528,1.1167348358648543,0.3284306839006164,0.6872251940921301,0.08149931604239562,0.21360659594318193,0.09098831308351812,0.6,0.9,0.7,5,4203.948190466429,6082.025936885833
14,4,0.7570170470827519,1.105594341241448,1.0447243784944662,0.26496336371573315,0.28271659889824485,0.08443111499272966,0.17213828093507016,0.04883337571326559,0.6,0.9,0.7,6,4170.279026630757,6445.554744287182
14,5,0.6637472526315501,1.075880938542959,1.019198826680546,0.275816755016412,0.5983224270147545,0.09536505623069899,0.13669089397628875,0.10009659133130473,0.6,0.9,0.7,7,2877.7146627936395,4448.67386536774
14,6,0.6040932301655377,1.0162454565904584,0.9595596518934876,0.21857298303843348,0.19084868528374538,0.0963942370819828,0.08915060431437474,0.0751758708391831,0.6,0.9,0.7,8,2893.104958968802,5061.862991598025
14,7,0.6624115325221832,1.0803556045594978,1.0069061673540114,0.3209655331158474,0.441589654383698,0.09846560779626028,0.11673276869599325,0.17691792450782043,0.6,0.9,0.7,9,2226.0478069508968,4770.159946788506
14,8,0.5661391418314783,0.994931628283731,0.9184866150875793,0.25802496856250595,0.2810576543735892,0.09595682871732372,0.08492078053397067,0.12292364073985804,0.6,0.9,0.7,11,1730.0482366876724,5518.992440162861
14,9,0.5485031805467949,0.9830340538092404,0.9047078246661981,0.25857492749004246,0.2958699346462909,0.0988273221313984,0.09984305059182527,0.09997376539173183,0.6,0.9,0.7,12,1687.9631850225455,4656.589012667911
14,10,0.5199291437054031,0.9585146109312778,0.8786666321346488,0.2541574605812349,0.23453619451523322,0.08405243326672648,0.1136617759168114,0.07253665090513314,0.6,0.9,0.7,14,2943.6628708295416,11910.472553596006
14,11,1.1304545633951877,1.5834569845153363,1.5152894214185104,0.8971689661911209,0.8385442675358945,0.10724443389504776,0.2988220220142138,0.7023770228907414,0.6,0.9,0.7,18,3515.440741974317,6534.088504830117
14,12,1.0845947283637092,1.5461140199795584,1.4728911871110961,0.8933972006992739,0.9199346937040849,0.11204873865318303,0.3013115141283293,0.6838803784631093,0.6,0.9,0.7,20,1949.666460038102,5511.893486191049
14,13,1.0622796560149328,1.5251527420896465,1.4507088052198536,0.88182919692531,0.8530917092418987,0.11095178450019653,0.2931549523123884,0.675548788348325,0.6,0.9,0.7,21,1930.770667131443,5811.531865110198
14,14,1.104255937636072,1.5673268414868056,1.4926815516373542,0.9338282655447414,0.8548633303439259,0.11233562149623699,0.3244328908903927,0.696077691467369,0.6,0.9,0.7,22,1908.234921567829,7415.43106694553
14,15,1.0850349981624676,1.5489899197011079,1.4733339920639332,0.9229116888232938,0.8548164449691371,0.11059379023548413,0.31223258995228215,0.6954907295723759,0.6,0.9,0.7,24,1941.6638609578945,6167.17460642643
14,16,1.0846783156103443,1.5598793512132534,1.497169996552582,0.9308979154766787,0.8353078434541388,0.11059379023548413,0.31223258995228215,0.695490729572376,0.6,0.9,0.7,26,1938.034888491395,6140.352129360718
14,17,0.9517473971695334,1.4274992121569894,1.364015456991651,0.8138385323158833,0.7221429613578152,0.11060110913395124,0.2602355678025897,0.5796830686351704,0.6,0.9,0.7,28,1850.0034828771256,6124.58182140575
14,18,0.9560341224613955,1.4329661942233904,1.366703072305545,0.8371389518927771,0.8415655422144825,0.11120162686879151,0.2634178690053143,0.6060715631969996,0.6,0.9,0.7,29,1729.4981735898589,5771.132083380557
14,19,0.6304909431770389,1.1409303908177715,1.1107986404512573,0.5444403647060031,0.4483782149539518,0.11832824864619049,0.1032523948551407,0.36461909180384233,0.6,0.9,0.7,33,3656.343658524528,22705.39882817308
14,20,0.5824650553507404,1.092670681187749,1.0617586338136333,0.5057074686636098,0.3913665401687225,0.11796712541771023,0.0903568206368344,0.31907605850475795,0.6,0.9,0.7,35,3575.9750870859743,22639.36843844926
14,21,0.5412323740595512,1.0513012520682903,1.0200295156706105,0.4748574967148693,0.34351842662674315,0.1195683052791758,0.07771148846793792,0.2778624177915434,0.6,0.9,0.7,37,3443.595326985338,21548.14054653646
14,22,0.5358504194711753,1.045449804243745,1.0131912562867498,0.4774689859923967,0.3763424931389211,0.12297776214259115,0.07673022721697595,0.2760743913977622,0.6,0.9,0.7,38,3476.993304715152,21735.919140364374
14,23,0.5340584180758227,1.0434315329573887,1.0107767172633981,0.48078212722223734,0.35255023174106803,0.12580635899899725,0.07602069342507836,0.2749841307597236,0.6,0.9,0.7,39,3510.3637038564907,21883.839520411268
14,24,0.5691440481186677,1.0987291863097215,1.089276113554144,0.5503982842614974,0.4998139062707778,0.11629982466291437,0.09339454760269675,0.3311313244329789,0.6,0.9,0.7,40,3506.5045474255253,22755.076872506903
14,25,0.5685030883238125,1.1088522557744256,1.111957136390841,0.5556249839255367,0.39615490101509865,0.11557318233261224,0.0939008702849201,0.33325010819223333,0.6,0.9,0.7,42,3371.873027059873,22709.36493405676
14,26,0.5624196596409374,1.1014722719400452,1.103389685033273,0.557774704827776,0.43516351094462924,0.11882462387735152,0.09280248078221434,0.33123750671069546,0.6,0.9,0.7,43,3393.002301165978,22904.34840933439
14,27,0.565114757402559,1.1037829020457504,1.1053713221762862,0.5650628547769944,0.4043950380320249,0.11658681072173671,0.09440384528463962,0.3371423528368333,0.6,0.9,0.7,44,5554.399878282394,22863.065220933644
14,28,0.6696497072643394,1.2083313107091778,1.2098863273061715,0.6916200063491675,0.49627166847671655,0.12460383178991649,0.12391991040270209,0.4419549360437481,0.6,0.9,0.7,47,3466.500185221156,23215.702831441493
14,29,0.6782890116994664,1.1982893979634153,1.1818705049989702,0.7016797060210913,0.7286569609015354,0.12877291085014675,0.18274167446761452,0.40590015245621497,0.6,0.9,0.7,48,3660.944726242889,27128.63738537221
14,30,0.6770631418980623,1.2076828875386254,1.2039545008882713,0.7106307674196333,0.5320404133135097,0.1287729108501467,0.18274167446761488,0.4059001524562177,0.6,0.9,0.7,50,3661.310636257899,27120.48392730282
14,31,1.4647394115174817,2.0132185701617975,2.033147882808479,1.535956414415038,1.354433390694438,0.13200275432464703,1.0,0.49067147301957714,0.6,0.9,0.7,53,2820.724884276351,27192.26385381192
14,32,1.4532110228440318,1.98410361637819,1.9880560011032535,1.5201278415690551,1.4451349610354256,0.1359057843806431,1.0,0.48656719138331594,0.6,0.9,0.7,54,3435.836079250417,27256.29900524713
14,33,1.4477058098802944,1.9849004900282923,1.9998845832724672,1.5398567824890654,1.3625687090256824,0.13758272123301504,1.0,0.48668633890323065,0.6,0.9,0.7,56,3394.5890149491424,27183.063774434664
14,34,1.44884652329982,1.9747620454942507,1.9767156072693846,1.5453803422317791,1.3250781837185284,0.1388691378645157,1.0,0.4873552921480638,0.6,0.9,0.7,58,3421.2832586874674,27267.068376286607
14,35,1.4066835298290057,1.9513675202637484,1.9779054504167632,1.5262944512053997,1.3447227420028693,0.1265510739135301,1.0,0.44429925372975954,0.6,0.9,0.7,59,2766.3987424123143,27076.001416218605
14,36,1.4061797140584815,1.9505111707019145,1.976915124362492,1.526150453437219,1.2896041550693123,0.12638792558109613,1.0,0.4443338483855196,0.6,0.9,0.7,61,2756.447902746896,27105.440109269315
14,37,1.434852352326806,1.9528273092482398,1.9517683783698734,1.559402342860517,1.3797269836253052,0.128602691114274,1.0,0.48994865986949276,0.6,0.9,0.7,62,2780.6490573798465,1314606690291.455
14,38,1.4349991506058897,1.9642626426426608,1.985368985683743,1.5791959869983805,1.4885577108031303,0.13068123155311245,1.0,0.5044898113945139,0.6,0.9,0.7,63,2747.194299502601,2889006318878.1914
14,39,1.4330945641195316,1.9380546189050885,1.9325558651662784,1.5825183771485742,1.3553536754225535,0.12922187792342604,1.0,0.5053506765049751,0.6,0.9,0.7,64,2734.978934943959,1314609033239.9993
14,40,1.4347191283622773,1.9588567631960117,1.978326719516507,1.592860136268352,1.3778625230470796,0.13028243676918183,1.0,0.5107590238632375,0.6,0.9,0.7,65,2674.6439140460207,2889001429544.107
14,41,1.4365151555997926,1.948556261502271,1.954745775021582,1.5987130340769276,1.3496009262538293,0.12995768156656934,1.0,0.5146620206041503,0.6,0.9,0.7,66,2816.139046464496,2889001357201.26
14,42,1.3982095437538686,1.909009949457415,1.9148125312039403,1.5676898320765487,1.3167251970450993,0.13184872481226326,1.0,0.45977591983676,0.6,0.9,0.7,67,2938.3462535909057,2889001423689.562
14,43,1.7017465566201302,2.229614870731475,2.259785414770197,1.8535205164229474,1.6752791698487,0.7375600491292534,0.5179425617016343,1.0,0.6,0.9,0.7,68,1725.9111646495628,36437295605473.12
14,44,1.4015248942406824,1.9231111368951754,1.9514254162053106,1.5701754374851615,1.3887248657580473,0.342612940074533,0.4527240700683133,1.0,0.6,0.9,0.7,69,1313.4946616775103,36437358345154.78
14,45,1.6280496761041827,2.1522175120659326,2.1910814341735545,1.8180678708641231,1.5785496218554167,0.7300593765697597,0.4524410539441486,1.0,0.6,0.9,0.7,72,1388.189654543779,36437358025078.61
14,46,1.6304937106400283,2.150286245572471,2.187943621376819,1.8225367050382963,1.5995628646590485,0.7368819148635353,0.45357532128421213,1.0,0.6,0.9,0.7,73,1341.0186799862672,36437360638516.47
14,47,1.584416148528669,2.1122108140297335,2.1720397484974665,1.8216464644364232,1.5435293769125473,0.7940588179408115,0.3730991116096334,1.0,0.6,0.9,0.7,78,1620.8058055825672,38196830173266.5
14,48,1.5839700340337366,2.0976464708781286,2.1437288678571096,1.8186602166917756,1.543329554394982,0.7944896492522172,0.37391743704166963,1.0,0.6,0.9,0.7,79,1606.9831676852918,38196826214322.1
14,49,1.5788022179732333,2.0976249294073046,2.1551715587306637,1.8222610967144324,1.5736772752277048,0.7912787971454673,0.3735537509235919,1.0,0.6,0.9,0.7,80,1540.3141529513146,38196871363133.766
14,50,1.5450012502507589,2.032424486448314,2.061725989384086,1.798596870657689,1.5277714826695115,0.787803694728001,0.34288232381524003,1.0,0.6,0.9,0.7,82,1454.6583322814267,38201020809472.78
14,51,1.543528062878713,2.03849014633181,2.079912141790527,1.8084487446668964,1.4986317452903453,0.787803694728001,0.34288232381524003,1.0,0.6,0.9,0.7,84,1427.76188638326,38201017014683.01
14,52,1.5420849748240517,2.044660950005471,2.098221389959306,1.8439795469974,1.4986581851028116,0.7878036946940867,0.34288232432962445,1.0,0.6,0.9,0.7,86,1374.5602600215234,38201008550797.25
14,53,1.8434344361043735,2.326498636359216,2.3650841147696924,2.12917734445275,1.8059798770098832,0.4275520834099704,0.9214629081974524,1.0,0.6,0.9,0.7,90,1353.6055918572251,35321.8418666557
14,54,1.837110284992885,2.3403704281811484,2.4044376215923693,2.1331838617958114,1.8015249498839325,0.41601027690427805,0.9230422812620519,1.0,0.6,0.9,0.7,91,1357.485837602533,35144.66664938774
14,55,1.840017679894658,2.3135128547547605,2.3498699495532227,2.1536462463152155,1.8555668384266242,0.42867433926741116,0.9207434441598551,1.0,0.6,0.9,0.7,92,1929.6788095269176,35386.42619524431
14,56,1.8849125384430014,2.3714385093202353,2.4316556453933122,2.206342588991409,1.9212186991595208,0.38982247801763836,1.0,1.0,0.6,0.9,0.7,93,1285.9574727063125,579961.6451604033
14,57,1.857123973574041,2.3307007513493505,2.388022496149656,2.173462265402887,1.9281421370580996,0.3925870651749408,0.9716781878431195,1.0,0.6,0.9,0.7,94,1387.316409990226,579438.3357168108
14,58,1.8571239735740401,2.341905100009819,2.412227392902471,2.195276980812589,1.81006349149721,0.3925870651749412,0.9716781878431184,1.0,0.6,0.9,0.7,96,1387.3164099902276,579438.3357168108
14,59,1.8596936001258453,2.3427059802108645,2.4126376948075885,2.2094705016721994,1.8184517448230244,0.39818027630165964,0.9713725656227842,1.0,0.6,0.9,0.7,99,1373.5702243121862,579777.4738386119
14,60,1.4092042695586742,1.8784424877557349,1.9348074663532258,1.797166310305047,1.3691990208319769,0.7578638804919731,0.23185829093807828,1.0,0.6,0.9,0.7,103,1545.563959646012,97205094523621.36
14,61,1.865609176272112,2.345415340379618,2.425202443727815,2.26635696763797,1.875892655136489,0.3716900621432787,1.0,1.0,0.6,0.9,0.7,105,1215.2390127065055,652240.5041380601
14,62,1.3702821128528941,1.7969521560343062,1.8549442627969777,1.7828553213188958,1.6954377343397546,0.3453363351161856,0.47767286938690123,1.0,0.6,0.9,0.7,106,1404.435529436606,751416.623959521
14,63,1.3091269529099394,1.7300001073575786,1.7868109175957234,1.7298012990243639,1.3009445508509758,0.29184887184063785,0.4791145777242788,0.9582011546853895,0.6,0.9,0.7,108,1341.9275687928755,751080.4015345972
14,64,1.3082334750692928,1.7256760022812176,1.7817898353322863,1.736825187610869,1.2910126718425412,0.2909875049172884,0.47940090603535773,0.9582080639569757,0.6,0.9,0.7,110,1371.6836920838882,751315.2149895749
14,65,1.8366070017794047,2.2525986797197266,2.3299241282334595,2.281130199589776,2.0053546302556513,0.34879837024185006,1.0,1.0,0.6,0.9,0.7,111,1467.7432312464073,597059.1588908078
14,66,1.8551724514314196,2.2493824613372393,2.3116184785693736,2.319966290804498,1.8506317057882797,0.38244134421614706,1.0,1.0,0.6,0.9,0.7,115,1592.4874520029152,602658.007395537
14,67,1.8556271741054295,2.257606672295873,2.3321684265307114,2.3472757763862537,1.8441277467867574,0.38404234550287797,1.0,1.0,0.6,0.9,0.7,117,1567.8953211746375,603507.9742830402
14,68,1.8548796155300056,2.2419966374387688,2.3028406830528843,2.3276543555276534,1.8593820527254017,0.38367803307563375,1.0,1.0,0.6,0.9,0.7,118,1480.068058054053,599555.6433862206
14,69,1.8539847011421393,2.2616201518185024,2.3480954819331945,2.3454711280724334,1.8446257668271944,0.38263487039524746,1.0,1.0,0.6,0.9,0.7,119,1603.6701363531986,602756.907473665
14,70,1.8458850776123696,2.2583860890005836,2.3782960088037473,2.340977018305142,1.8576766778394973,0.37540233511505117,1.0,1.0,0.6,0.9,0.7,126,1411.3150066669857,282447.3364866665
14,71,1.8391253084440966,2.1858283528527798,2.2606118068619026,2.320764602988726,2.0737595309818433,0.3700991136477011,1.0,1.0,0.6,0.9,0.7,127,1442.279387366562,282294.3285402992
14,72,1.8385343563584617,2.1812261523546206,2.2661567502637823,2.339122915363082,1.8515539107924963,0.3715263859912508,1.0,1.0,0.6,0.9,0.7,131,1416.6395399251255,281707.48711789737
14,73,1.8370552161221367,2.1907156074286673,2.288602538616618,2.3490158693324834,1.8223650941554064,0.3690979215264319,1.0,1.0,0.6,0.9,0.7,133,1432.2569054517226,282735.07704642764
14,74,1.8384799264255993,2.209310259782203,2.332219044261799,2.3771186299314637,1.843296966582198,0.3722704725230434,1.0,1.0,0.6,0.9,0.7,135,1512.8164483662308,281768.2960692013
14,75,1.825516634712962,2.187021740222306,2.3081903759921563,2.5341717402418578,1.8132385445271166,0.3520581424146279,1.0,1.0,0.6,0.9,0.7,171,1483.6486113442138,292646.46168639854
14,76,1.823217307200921,2.2078310258895915,2.366054566844838,2.5768438492720724,1.818485308291573,0.3496651451697101,1.0,1.0,0.6,0.9,0.7,180,1523.488534788274,294757.8667968599
14,77,1.8259758461327646,2.1978229861493586,2.3427568452918375,2.5621557633212175,1.8185818672648013,0.35447364374211643,1.0,1.0,0.6,0.9,0.7,182,1481.881921694045,284444.0764119406
14,78,1.8239539160615474,2.178583888141091,2.3094035518316263,2.562545553690461,1.8344040435126412,0.3519201379855769,1.0,1.0,0.6,0.9,0.7,184,1583.7348338460904,283679.1961130816
14,79,1.8233973109272488,2.1818199097390734,2.3242755136705027,2.5744297651993904,1.8384379937707493,0.3519201379855768,1.0,1.0,0.6,0.9,0.7,186,1595.5826180603267,283760.4624711008
14,80,1.824569849625376,2.1705693167254863,2.2997999578061483,2.5668521751882603,1.8215752223122152,0.3540268543503208,1.0,1.0,0.6,0.9,0.7,187,1597.3631792996937,283581.28221274214
14,81,1.8243519295762594,2.1800652771073543,2.3220221990327854,2.5879477047956563,1.8160347244077881,0.35384858590946977,1.0,1.0,0.6,0.9,0.7,190,1594.387389911896,281380.6791861908
14,82,1.8238702190183178,2.210856005487937,2.3913840047385415,2.647884618223496,1.8155112251136165,0.3533336456061712,1.0,1.0,0.6,0.9,0.7,195,1488.027597520791,282986.1377744944
15,0,0.8273831469654326,0.9576985232488611,0.9014803065204691,0.008878385824255637,0.0,0.0,0.0,0.0,0.6,0.9,0.7,1,3368.542604888486,8213.391414843176
15,1,0.842683264143149,0.9891681746903853,0.9319080047458118,0.04926824464170215,0.05880001569955824,0.06230900095497295,0.00010561808353773999,0.00010474096353469001,0.6,0.9,0.7,3,3342.601517547411,8174.839370466012
15,2,0.7909267351679531,1.0619169056939501,1.0089491251051084,0.17363796032454687,0.5050898038636037,0.11608012971452597,0.03860758386293055,0.0650739631394484,0.6,0.9,0.7,4,2923.2399404604494,46118.28535542564
15,3,0.8138690043758042,1.154162643114853,1.0940859923238648,0.30715608522443416,0.5790223501847456,0.10170413855924991,0.207464191652388,0.051374384373826854,0.6,0.9,0.7,5,3339.172579864451,5426.904983220748
15,4,0.7550513501413834,1.100506348813638,1.0397721521037353,0.2591276192567966,0.2605111257587393,0.10072878416806079,0.1689993470055729,0.03049863694092097,0.6,0.9,0.7,6,3219.9818159131028,5763.232747395307
15,5,0.670667588125848,1.077055720376073,1.0214822911487256,0.2711129867197903,0.5595302413718696,0.09958111202458104,0.15665457402167943,0.06324528200564863,0.6,0.9,0.7,7,2889.8448875048043,4154.283845552472
15,6,0.6286808557152664,1.0554826738742642,0.9955998848054692,0.27324082709995096,0.3071811203587349,0.0705742015014639,0.1252691846336828,0.1335896553754806,0.6,0.9,0.7,10,2816.8792081072365,37909.04236678792
15,7,0.4846737196875374,0.9529947216516191,0.9136072831984422,0.19869749394698932,0.38039590459848516,0.07538109515968158,0.05567448722715531,0.08645108893791689,0.6,0.9,0.7,11,2190.701603139966,39558.00786454717
15,8,0.48737820593496783,0.9673614411684222,0.9408106824370366,0.21512964974221854,0.1633091290788951,0.07733072162516388,0.055988580544356126,0.09026056032653408,0.6,0.9,0.7,13,2198.636521431804,39179.83226142703
15,9,0.42182219321795206,0.8838085301497337,0.8295561648539368,0.16749869742184717,0.17811246430876304,0.039585948605033325,0.04052016374202166,0.06933750375772864,0.6,0.9,0.7,14,2093.687887155853,38331.39282179573
15,10,0.5953045537754318,1.046696208205317,0.9791877596598046,0.343888941881055,0.289556720812138,0.10176507946881479,0.1609230846481979,0.11207290940471719,0.6,0.9,0.7,16,2354.4550657140035,45703.97757069453
15,11,0.5726836186055364,1.0416067693875093,0.9839820171707977,0.34955939793709906,0.3498046424678842,0.10600122943431381,0.16206429455881313,0.10969691909108417,0.6,0.9,0.7,18,2702.4200287643616,47697.09308123511
15,12,0.5626387122991169,1.0387154771565486,0.9747144788597946,0.39363092842531283,0.45064325945929834,0.08297499745472392,0.1947870027212548,0.1364203194559812,0.6,0.9,0.7,20,1884.086622877804,44315.197966601365
15,13,0.5468985319203703,1.0347643965877311,0.9825346109789979,0.398551792927701,0.32518239089642353,0.08518314061255623,0.1894098476872784,0.1300447212159792,0.6,0.9,0.7,24,1948.749068692178,44923.9584496242
15,14,0.4423099504797755,0.9302973930039495,0.8775729565173274,0.3040431089038086,0.22100096562222152,0.07236023939173325,0.11825911283396977,0.08740258801789172,0.6,0.9,0.7,26,2494.11125986829,46195.39912125577
15,15,0.41785822191784106,0.9058764318119308,0.8530344539381116,0.2883724978056741,0.18969043080901676,0.07264553375611296,0.10139393087511499,0.07493512891873869,0.6,0.9,0.7,28,2501.567275598407,45857.36021629085
15,16,0.4216116756085884,0.9095406949651296,0.8530276034764491,0.31973536076698467,0.36211557361243163,0.05293500752338444,0.13468799907463036,0.08488157037929792,0.6,0.9,0.7,29,2766.015544187833,50166.62167410158
15,17,0.4080235706339123,0.8941875291716507,0.8343215334515355,0.328342285942579,0.28508474229239716,0.05059909698964371,0.1422508302229889,0.0831966412351297,0.6,0.9,0.7,31,2546.8290081243317,46171.81423447263
15,18,0.4593165137478578,0.9339905413531794,0.8607880173642525,0.3909830373448776,0.2831140815826299,0.08194832792653019,0.13951471770511117,0.13551399058263525,0.6,0.9,0.7,32,2193.931737023216,47828.214579493615
15,19,0.39155114890440684,0.8742715160290561,0.8109224877160274,0.32997724952898033,0.3454770460022512,0.04991493218841374,0.1427702641107402,0.08371826688454764,0.6,0.9,0.7,33,2467.99418115364,45810.407725826015
15,20,1.1776378765234727,1.6589050247791879,1.5944196515040852,1.1158530710470482,1.0314378680975973,0.07544219270558329,1.0,0.09006854091054681,0.6,0.9,0.7,35,2365.4090048020707,45132.45843905847
15,21,0.42216144887236223,0.901627775171287,0.8358601820868529,0.3855882442709449,0.31090739706323856,0.06801724295774132,0.1403056923930676,0.13062568403541053,0.6,0.9,0.7,36,2217.7653399257256,46568.13949360143
15,22,1.169788873924528,1.6589115547326005,1.6051455114802744,1.1343697501919552,1.0510903862981271,0.07648995806885203,1.0,0.09220195388407444,0.6,0.9,0.7,37,2289.8543050965677,45113.91531124948
15,23,1.159116983152266,1.634366131036601,1.5659903494091483,1.135251761335167,1.0725487180065267,0.06160767612730097,1.0,0.0993239166915856,0.6,0.9,0.7,38,2086.747462905285,47648.36810571245
15,24,1.134950572779908,1.6157991052283864,1.5575289204269769,1.1327345954058579,1.0524341003800675,0.057438810687189944,1.0,0.08451522771726896,0.6,0.9,0.7,40,2164.403833617937,45945.30415015891
15,25,1.1333717834052568,1.6128395816592236,1.5539109949906789,1.1364057045629392,1.0079428152158585,0.057585823717561324,1.0,0.08565344758604973,0.6,0.9,0.7,42,2198.132181887151,45374.1165444345
15,26,1.1260572091191228,1.6126202099194944,1.5648408972219736,1.1501209600656952,1.0316370485895838,0.0568427736577759,1.0,0.08541326409230118,0.6,0.9,0.7,44,2118.1379883299155,45574.16285966993
15,27,1.125936809330049,1.6236253845963602,1.5888126608878834,1.1592184448319913,0.9945906648874854,0.0568427736577759,1.0,0.08541326409230118,0.6,0.9,0.7,46,2140.1537482271974,45345.24480173785
15,28,1.1257052967628787,1.6113277271241295,1.5631437599902176,1.1605263400262595,1.0100715366471213,0.057711948364133195,1.0,0.08619694245290782,0.6,0.9,0.7,47,2140.812664595139,45782.66855254931
15,29,1.1073017062266537,1.5790630526638405,1.5167682482550249,1.1578381713314485,1.0256745184673635,0.055555545353115056,1.0,0.06722124794415471,0.6,0.9,0.7,48,2111.4106088893086,45146.32419117032
15,30,1.1582476252295375,1.651808482392222,1.615266510934573,1.2159538644495418,1.0423094485468893,0.06559938031674813,1.0,0.13259395756032186,0.6,0.9,0.7,49,2098.4461842203536,46142.46052964362
15,31,1.7677558613414686,2.2600571859430927,2.2229932774891896,1.8566231852753894,1.6451445208518622,0.07245201255848494,1.0,1.0,0.6,0.9,0.7,62,3367.7853314496447,62466.64682343488
15,32,1.7535905670095342,2.224172588222788,2.1701854983640265,1.8467715136560514,1.7215427831244514,0.06949270776681142,1.0,1.0,0.6,0.9,0.7,64,3241.9160415404613,64512.22639097038
15,33,1.7488151163377574,2.225309905862259,2.1825001423605483,1.866213485671958,1.6794836012453005,0.07045932845842179,1.0,1.0,0.6,0.9,0.7,66,3235.078347643994,64805.071562166944
15,34,1.7416595016199985,2.214024823673724,2.169854768158738,1.8717214155870896,1.6665471573816353,0.06488894699146543,1.0,1.0,0.6,0.9,0.7,68,3037.188819240348,61199.6007187384
15,35,1.733513302729234,2.214863317601175,2.182972528841492,1.8827111315225897,1.6624245539615023,0.054632051887186284,1.0,1.0,0.6,0.9,0.7,69,3008.964949887708,63524.77421700696
15,36,1.7306893909708359,2.1888526512969406,2.1402796622277434,1.8769018680126273,1.7893850134853913,0.06578480226379715,1.0,1.0,0.6,0.9,0.7,70,2929.2962644071986,60776.05310508944
15,37,1.7305671638143665,2.1882547755921546,2.139540952230414,1.884057781254995,1.6425670746856262,0.06615891051137653,1.0,1.0,0.6,0.9,0.7,72,2968.112116158837,63342.71830012302
15,38,1.7190505030324805,2.231173101769193,2.2463506269434337,1.89458541754865,1.716634864519889,0.055135684643911165,1.0,1.0,0.6,0.9,0.7,73,3590.5249597957927,651100654732326.1
15,39,1.7234513051324523,2.172604868207004,2.1214237682429884,1.8752276390981648,1.6555182657009557,0.06408688185991132,1.0,1.0,0.6,0.9,0.7,74,3036.93134477536,56965.8944633379
15,40,1.7018970107573446,2.189171497264613,2.2082376650718816,1.8993106523509031,1.9493948426462548,0.055135684643911165,1.0,1.0,0.6,0.9,0.7,75,3178.459818011984,651100779804639.2
15,41,1.7008745120984703,2.1972716319732335,2.228813818967217,1.9099754430713438,1.6437341413578008,0.05506614861299217,1.0,1.0,0.6,0.9,0.7,77,3175.9114523613466,816828582186521.2
15,42,1.700525170823946,2.1960085151029354,2.227321609142053,1.917253189317112,1.6377871687590186,0.05519118955114449,1.0,1.0,0.6,0.9,0.7,79,3176.5565781330856,816828576367938.6
15,43,1.6964843844760258,2.170524407325611,2.1863102968232635,1.9163704966021726,1.7366326721904388,0.05598060234647791,1.0,1.0,0.6,0.9,0.7,80,3045.908841144874,1337794127638454.5
15,44,1.694238255819268,2.164755964783435,2.179688981299117,1.9224496394998647,1.6501917404488262,0.05466715707426408,1.0,1.0,0.6,0.9,0.7,82,3046.632245233238,1337794109151045.8
15,45,1.6917313119255302,2.158438876968204,2.1724578511104307,1.9319678826187798,1.6690988717121273,0.053033975551221565,1.0,1.0,0.6,0.9,0.7,83,3021.324815692308,986861468219237.0
15,46,1.6940937131122284,2.1600758092666767,2.1739216603583724,1.9468369536837593,1.6351105332280564,0.057447054081649164,1.0,1.0,0.6,0.9,0.7,94,3016.957695541044,1484513534458434.8
15,47,1.6864979204670505,2.158372412292972,2.1839588992111425,1.9716448870818974,1.6805051204603383,0.04819573963045989,1.0,1.0,0.6,0.9,0.7,95,3150.25133872215,1484513349419829.5
15,48,1.6878129493146952,2.1596345970840267,2.1852105971653586,1.955251740209832,1.6304542159062168,0.05040110500059567,1.0,1.0,0.6,0.9,0.7,96,2973.5309295653124,1484513599408392.5
15,49,1.683949672203136,2.151102388436331,2.175585014179924,1.9635105897556255,1.6727259788063495,0.04682132101653872,1.0,1.0,0.6,0.9,0.7,97,3165.41595510705,1484513424530229.5
15,50,1.6831432794459453,2.1459921274821196,2.1694675512632298,1.963764129145611,1.6710514321449201,0.04810591593832044,1.0,1.0,0.6,0.9,0.7,98,3231.893570748024,1484513449304015.8
15,51,1.682274640345248,2.1416753595295273,2.1643678149274406,2.0071972868770196,1.635274162928537,0.04853120349877496,1.0,1.0,0.6,0.9,0.7,103,3030.016640614242,1484513443632672.8
15,52,1.6778917531060973,2.1266251720601597,2.1468986744456657,2.0082210282399426,1.7268481731845156,0.04698883980142262,1.0,1.0,0.6,0.9,0.7,104,2900.8960751400045,1484513452826714.2
15,53,1.6778017203456503,2.137448953091872,2.1706577771673974,2.030081516093955,1.6295201516667803,0.0469888398014226,1.0,1.0,0.6,0.9,0.7,106,2883.236898406712,1484513460553493.5
15,54,1.6782921838850535,2.132589178942104,2.1646027856490395,2.0357095727897043,1.6547238283145718,0.050521660720097575,1.0,1.0,0.6,0.9,0.7,108,3048.024741197852,1484513499444346.5
15,55,1.6781102444124878,2.109135800213103,2.114957261595376,2.043339359421063,1.6311566024047734,0.05064033704425912,1.0,1.0,0.6,0.9,0.7,118,2190.33322982556,1484517494332789.2
15,56,1.6744834645264965,2.100576198631538,2.105307434973228,2.062674218073921,1.6504185042334913,0.046983839566396804,1.0,1.0,0.6,0.9,0.7,120,2130.8012726513816,1484516915618988.5
15,57,1.6741764155101087,2.0986759675029036,2.1030569524981555,2.0737705885666626,1.635480625540134,0.047225540712306106,1.0,1.0,0.6,0.9,0.7,122,2146.2632481441183,1484516940149761.2
15,58,1.6746846809991283,2.0951133937792425,2.0986036431567623,2.0822511408696815,1.6662991459987009,0.04995697259941907,1.0,1.0,0.6,0.9,0.7,123,2263.500710399142,1484517685059559.2
15,59,1.6722841256877135,2.110705869412323,2.1392371682428823,2.09184654492367,1.6679073277475298,0.047938404339174616,1.0,1.0,0.6,0.9,0.7,124,2857.378567053273,1484520106041980.8
15,60,1.6710043322361867,2.136251267080471,2.2129360625128056,2.076925894006158,1.7889308738229375,0.05327423101197121,1.0,1.0,0.6,0.9,0.7,125,3538.552996603185,14318707.559040274
15,61,1.6703562915899848,2.1318609370338075,2.2077567881137923,2.0843699368084554,1.6482680958865488,0.05363475817053472,1.0,1.0,0.6,0.9,0.7,127,3513.105155031732,14318292.98500728
15,62,1.6693027317908467,2.1511361881104767,2.2525960747994684,2.120449496876418,1.649432364238785,0.05266481204281942,1.0,1.0,0.6,0.9,0.7,128,3508.864948015362,14317815.93452369
15,63,1.6688676979158337,2.1477865775892653,2.248636127173655,2.1281348180998836,1.6442697206267214,0.05302258450770695,1.0,1.0,0.6,0.9,0.7,130,3483.3505920666817,14317399.748443255
15,64,1.668800288229419,2.136206790243823,2.2239916042789094,2.1020887257502476,1.6331171276150322,0.0530225845077069,1.0,1.0,0.6,0.9,0.7,132,3476.87852888123,14317760.656584289
15,65,1.6688571105325019,2.0689583347946456,2.089398152138628,2.1301584521638643,1.6660947148832312,0.05710584847806751,1.0,1.0,0.6,0.9,0.7,135,3221.0055363039205,1.2525928192291344e+36
15,66,1.6651845068879072,2.0835828605751336,2.1291776415406365,2.153758659703672,1.642921778890074,0.052367318371491264,1.0,1.0,0.6,0.9,0.7,138,3114.092460672212,435042084776164.3
15,67,1.6682533368415733,2.14149971511576,2.25185641256207,2.1723211330761476,1.6396408766880723,0.057870049352467236,1.0,1.0,0.6,0.9,0.7,140,3341.567865370534,14318210.406735158
15,68,1.6633852463419363,2.0761095937361755,2.1205427161630324,2.175090365564568,1.668273425544009,0.05121749044596182,1.0,1.0,0.6,0.9,0.7,141,3165.729377163449,6.194368539097174e+36
15,69,1.666475249185393,2.123394454684308,2.219702569503987,2.1518648444171484,1.6356707695086088,0.05656629468293282,1.0,1.0,0.6,0.9,0.7,144,3342.445497787002,14316189.292701757
15,70,1.665792909196484,2.1329107688759343,2.242014461803927,2.1775417939575235,1.6376310279882562,0.055748632916061545,1.0,1.0,0.6,0.9,0.7,146,3350.786802069037,14314387.975224923
15,71,1.6578077711883918,2.1099658741025458,2.237584942349729,2.1950667623955757,1.7335690511713913,0.053009405557114565,1.0,1.0,0.6,0.9,0.7,149,3529.802957891226,14325739.164199805
15,72,1.6556316984196018,2.146728739272447,2.3360039423442407,2.24464855307529,1.700325641598717,0.05348035330472143,1.0,1.0,0.6,0.9,0.7,151,3277.170659225392,14325023.410882857
15,73,1.6552779433288358,2.112348114164601,2.2625408258488817,2.232658766869476,1.6334574435242177,0.05298635304222149,1.0,1.0,0.6,0.9,0.7,153,3515.00538165028,14325315.54783018
15,74,1.6536851617585002,2.155545224383723,2.368563082639336,2.286602113921602,1.6760763497289672,0.05280675487402435,1.0,1.0,0.6,0.9,0.7,155,3253.0062762415578,14317426.929726971
15,75,1.6524601497232865,2.125290187087672,2.3218820928753185,2.2699423378712456,1.7025717368972553,0.054390322446797625,1.0,1.0,0.6,0.9,0.7,157,3427.363612087998,14315224.474353423
15,76,1.6521553802334352,2.0563524791710925,2.1746719889111183,2.222330415898532,1.636204145485205,0.05415709475743319,1.0,1.0,0.6,0.9,0.7,160,3221.010912417739,14290536.489455452
15,77,1.6516796505643414,2.051640689481723,2.1691532372813853,2.2218811858326184,1.6487776430007322,0.05415709475743319,1.0,1.0,0.6,0.9,0.7,162,3164.09806914482,14294124.807157282
15,78,1.6505087315912101,2.081454080900083,2.2374670387945175,2.2756632252307725,1.6420133595287871,0.05270310245601654,1.0,1.0,0.6,0.9,0.7,164,3251.1974873107333,14289708.726968495
15,79,1.6503754628356218,2.053875937916856,2.1829319790525616,2.244149215565097,1.6706703017283406,0.053388414296107745,1.0,1.0,0.6,0.9,0.7,165,3193.9696779849373,14291729.520041356
15,80,1.65088760836549,2.0595073436214193,2.2004113459936505,2.280384575476595,1.680190896222011,0.05531603632611585,1.0,1.0,0.6,0.9,0.7,166,3100.840601841836,14296363.225343153
15,81,1.6495666416780437,2.0523081704152757,2.1921024945762113,2.278985406238636,1.6777317014584634,0.05411868498320384,1.0,1.0,0.6,0.9,0.7,167,3110.037238302344,14291289.775771746
15,82,1.6485522936548374,2.079149682559841,2.256861686636454,2.3499006263992683,1.6393973817711274,0.05338132297044781,1.0,1.0,0.6,0.9,0.7,173,3158.04304989647,14288893.738234255
15,83,1.6491839106208204,2.0681495508889602,2.2327807328189238,2.302239706572018,1.6335191220535241,0.05450356360546933,1.0,1.0,0.6,0.9,0.7,177,3160.9353135524298,14290895.742394438
15,84,1.644612166059938,2.0538712039642117,2.216682001045217,2.309842561577498,1.7033033625332692,0.048422260442721736,1.0,1.0,0.6,0.9,0.7,178,3142.582838700493,21747248.22625138
15,85,1.6442680816148865,2.0527153314441913,2.215374198242569,2.305485304207748,1.6349913837151426,0.047974081817702005,1.0,1.0,0.6,0.9,0.7,179,3071.5498670610264,21732412.297882013
15,86,1.647839752689393,1.9994640273535227,2.107880549229346,2.324442265817824,1.7249635868706104,0.055718711505336346,1.0,1.0,0.6,0.9,0.7,180,3306.8941585694656,17498456.22675129
15,87,1.6469556211248928,2.034612091373921,2.193399475121651,2.3190411985441672,1.69962780766786,0.05547980595224087,1.0,1.0,0.6,0.9,0.7,181,3329.167921242867,17505717.262210324
15,88,1.6458059797482214,1.9847161369413953,2.0907732270976798,2.3300856259372784,1.662177329986359,0.05410003570650688,1.0,1.0,0.6,0.9,0.7,182,3334.145624422066,15994833.195729798
15,89,1.6461542963461335,1.9752055218817473,2.0794409053516505,2.346013221837392,1.7079081971288024,0.05597805961970759,1.0,1.0,0.6,0.9,0.7,183,3340.2472594385654,17539334.644743856
15,90,1.6460843266015694,1.9748362956090297,2.0790165253897097,2.353825187400094,1.6346654360610535,0.05589979688920251,1.0,1.0,0.6,0.9,0.7,185,3352.2272646865395,17535693.19785607
15,91,1.6414996655687717,2.0130095495875553,2.1797523343165492,2.356128596026081,1.6503472478872716,0.04989989428439595,1.0,1.0,0.6,0.9,0.7,191,3403.2890793457686,16366837.870774578
15,92,1.6414906681259938,2.0098665628769963,2.176034448556532,2.363877470109846,1.636005725073475,0.05025669088559779,1.0,1.0,0.6,0.9,0.7,195,3372.9299261932247,16368111.604493609
15,93,1.639083822160492,2.0060201242839333,2.1828751944923015,2.3827591405511015,1.6633915885953756,0.04768525926064307,1.0,1.0,0.6,0.9,0.7,197,3314.758956178784,21732175.81604992
15,94,1.6404558148089858,1.9936004707195765,2.156982677201918,2.3859140619854826,1.684674551427003,0.05025699436569594,1.0,1.0,0.6,0.9,0.7,198,3391.578573033542,15825129.129988324
15,95,1.640355075803014,1.988776475656518,2.151295710561052,2.4013742347949734,1.645808209492822,0.050615078157236,1.0,1.0,0.6,0.9,0.7,200,3405.2726760333085,15830535.917431053
16,0,0.9354642426978547,0.9851284565341248,0.9336077912775809,0.011411981210888222,0.0,0.0,0.0,0.0,0.6,0.9,0.7,1,2070.5566563444672,6933.691568460121
16,1,0.9376484325307898,1.0139152816871113,0.9609245744266225,0.051377665931258504,0.06726159387108083,0.0620270319284935,0.00010064936599677,9.166258945734e-05,0.6,0.9,0.7,3,1866.229217607382,7653.741089204409
16,2,0.9108801512510402,0.9987497882989318,0.9451174128369911,0.04195330429131777,0.05276297411916938,0.02048412559105747,0.01453053970713597,0.0008343362701976701,0.6,0.9,0.7,4,2043.0701067656355,6518.057394978125
16,3,1.540492943448183,1.808710424099605,1.741960190045307,0.9228764630054122,1.4468477808444187,0.00539817212518247,1.0,0.013244895786152188,0.6,0.9,0.7,5,2084.623694761413,35156022.36515744
16,4,0.7559835930016513,1.0770691082776587,1.033399783213379,0.20292442042433295,0.21632248823808414,0.07482986646963155,0.08623411379854069,0.07571960473602805,0.6,0.9,0.7,8,970.2182710990484,6078.066978266657
16,5,0.7599645330220366,1.0824397671939094,1.0386275594651104,0.20905355836190984,0.18768978860850594,0.07481758771484198,0.09036621686294488,0.07928141992916682,0.6,0.9,0.7,9,969.8508977864624,6028.655495627337
16,6,0.6267174055740168,1.0296310548259404,0.9896301837938873,0.2059725033053033,0.5428009107497956,0.07780605889445061,0.06895889933397706,0.0894501116255608,0.6,0.9,0.7,10,851.8073871855888,57427.1991474644
16,7,0.6290464970316642,1.0321204917143918,0.9920928022711928,0.20860386288650495,0.17509046234486353,0.07704354395516272,0.07101015361210058,0.09124667122085188,0.6,0.9,0.7,11,852.7496143385579,57344.46800296349
16,8,0.6240745456673841,1.039525813173617,1.0123012446222663,0.21235932698140833,0.1793204900551069,0.07780605889445061,0.06895889933397706,0.0894501116255608,0.6,0.9,0.7,12,820.1653667364378,57744.294730828864
16,9,0.5719873147701244,0.9809877179985464,0.9399650493908609,0.17343177011089156,0.1613095444774955,0.07579543479934835,0.04603888695722446,0.059674693258182886,0.6,0.9,0.7,13,814.8347690167998,56820.41022986921
16,10,0.7843410821919815,1.222981499253261,1.2066624884041688,0.4199492857631898,0.37343002046726753,0.07280741245345282,0.2378130915942001,0.14018455763856774,0.6,0.9,0.7,16,1795.5940139428542,24700.01221158496
16,11,0.6690956770810844,1.113276021311367,1.095904480728696,0.3232472571316382,0.27374944175573296,0.07343117522213356,0.1585965113904877,0.09355794461162588,0.6,0.9,0.7,18,1778.5440261554645,24840.72537431295
16,12,0.6857534362330234,1.1660465942046723,1.1560408166766152,0.4014344247181418,0.5583739858410828,0.0701944941218279,0.2244940508243975,0.11798952872747973,0.6,0.9,0.7,19,1397.1621295254995,28684.761724169814
16,13,0.6206358688633544,1.1027297851519542,1.0920958738435236,0.34426938873981333,0.29090196044985883,0.07912323433924391,0.16365152071644976,0.1033504079745378,0.6,0.9,0.7,20,1700.1474962946377,26727.85096158008
16,14,0.6498290584329278,1.1506368525764732,1.150643826514266,0.40010122599250847,0.41382188007354853,0.07233755707200346,0.2143417108327747,0.1161104543454384,0.6,0.9,0.7,21,1515.2629216331147,27392.731347696885
16,15,0.649829062328133,1.1506368548329031,1.150643828770696,0.4001012282515104,0.3175880271171113,0.07233755646543003,0.2143417135598748,0.11611045458255846,0.6,0.9,0.7,22,1515.2629162967096,27392.731312391104
16,16,0.6525474685908305,1.1552510823350581,1.1545893884811196,0.4142189906646351,0.35338735600171467,0.07421803861585742,0.21764848543786802,0.12241665095328265,0.6,0.9,0.7,23,1494.3460341380426,28533.617609998928
16,17,0.5738241012093037,1.0785381817653776,1.0771334564187138,0.3523912146928002,0.2689403966992846,0.07281091641362837,0.16195435246846196,0.09183809081101256,0.6,0.9,0.7,25,1428.5992664950531,28533.37932667864
16,18,0.5544712153135685,1.0775978437971392,1.085983422245647,0.3622541693552549,0.32576663920359106,0.08021366447921133,0.16310780428784072,0.09343853186972334,0.6,0.9,0.7,27,1365.746054266239,104231.37532758217
16,19,0.5523616439871587,1.075993852111156,1.0841047750710837,0.36827364661640805,0.2714657126838735,0.08021366447921122,0.16310780428783941,0.09343853186972369,0.6,0.9,0.7,28,1403.6591731256417,103789.52629873928
16,20,0.5067621185112218,1.0308807023595374,1.0387343126498132,0.3296274646660831,0.2272928961518646,0.07819148218439478,0.13050653101853485,0.07478673782216472,0.6,0.9,0.7,29,1372.085531635376,104118.81326946228
16,21,0.5069123716194117,1.0311070768168122,1.0389192472000597,0.3300739797448235,0.21888765120358739,0.07896528986551336,0.13050707397983946,0.0747920054364849,0.6,0.9,0.7,30,1338.4808367805483,104089.635331044
16,22,1.6901527569905588,2.2057792853081755,2.1989825575961235,1.5495687661810091,1.4780227323446904,0.056947530968432566,1.0,0.683270112779407,0.6,0.9,0.7,31,1707.45317605911,44282253648.23396
16,23,1.6071874382751812,2.1252404927501765,2.116591455607464,1.4843348428778125,1.3804947567093135,0.04845583004327033,1.0,0.5909455820758549,0.6,0.9,0.7,33,1552.4345413930482,44281570513.1209
16,24,1.6047413210186163,2.123530048789319,2.114270608926163,1.4922434426111755,1.3699142486437785,0.052439821152233314,1.0,0.5901790611814397,0.6,0.9,0.7,34,1545.101143801298,44281598468.03072
16,25,1.6629063330318494,2.1824440621153656,2.1723415474876164,1.5563109238761537,1.4424683418074644,0.04933536566765806,1.0,0.6840351696038331,0.6,0.9,0.7,35,1707.154899323669,44281672666.66299
16,26,1.5602759205397079,2.1047102515978686,2.1146668450431787,1.4838203443756068,1.586632851559092,0.051028108997591956,1.0,0.5890891455217784,0.6,0.9,0.7,36,1553.316165751993,44286355846.60079
16,27,1.3852186773705761,1.9055643454953173,1.885477065932505,1.355903241147967,1.222599560506976,0.04463308975983264,0.9252015759702203,0.4719835138084064,0.6,0.9,0.7,41,1529.853937199225,44282502334.70042
16,28,1.3823110137974775,1.9134246228087597,1.905765090608261,1.3785027903043767,1.2013792139641102,0.04463308975983275,0.9252015759702198,0.47198351380840703,0.6,0.9,0.7,43,1557.6380045919436,44282255193.79629
16,29,1.3794806596932643,1.9098460661607075,1.9012481356713193,1.3831732267108872,1.230012823072796,0.052781484442853875,0.924161355684998,0.46905212296247073,0.6,0.9,0.7,44,1581.084976373481,44281689959.15524
16,30,1.3620260313630763,1.8895826457878524,1.8782459583874989,1.3669076866462113,1.2993088056873598,0.04655417096126207,0.9239381956202305,0.4685745337159529,0.6,0.9,0.7,45,1243.4565527977516,44281067191.56736
16,31,1.3505493998895983,1.874386920422626,1.8603294557842291,1.3766627809061642,1.243586908293072,0.04523711808243364,0.9244954737878308,0.46997506553863905,0.6,0.9,0.7,47,1251.789913456331,44281960724.229324
16,32,1.347131793743634,1.8698819968038143,1.8551254807236317,1.3758654915884843,1.2162702914391006,0.04325414352030657,0.9250098280742496,0.4704089608080902,0.6,0.9,0.7,48,1266.6695742609854,44279204374.91906
16,33,1.3437035055651014,1.865384761542026,1.849975586619259,1.3841912062820718,1.2003542786533288,0.04429535774753618,0.9241205414831365,0.46967997832181296,0.6,0.9,0.7,50,1265.8478840805133,44279678460.39162
16,34,1.247336667573789,1.772117956162123,1.7654204754567142,1.3111766405778673,1.2826753217267086,0.04584645125583518,0.8644915529567243,0.431547898759377,0.6,0.9,0.7,51,1843.1270120470235,44282177933.998825
16,35,1.338885600517533,1.8566894698954415,1.8469029273491455,1.4161874133119592,1.3360880981296006,0.05016042963289624,0.9416099992723865,0.47528095547056903,0.6,0.9,0.7,52,1617.5196053214422,44281734740.9988
16,36,1.335038879271325,1.8505396277343702,1.839808945692651,1.4184009629793095,1.2288597836905137,0.04962708145972649,0.941309457164874,0.4752153815310939,0.6,0.9,0.7,54,1626.5979590988911,44281321091.19898
16,37,1.2249854232002921,1.7356718940381715,1.72306234298198,1.3196509128767633,1.1440214473337922,0.04993703958664138,0.8618747069598914,0.4286571418019724,0.6,0.9,0.7,56,1600.893507701246,44282049934.75506
16,38,1.2221682068754414,1.7309087160924024,1.717570649690418,1.3289365498296364,1.1200552304129245,0.04941734400870529,0.8617289061697282,0.428561846362018,0.6,0.9,0.7,58,1612.1212974545529,44281636289.39056
16,39,1.9557169414830151,2.449510372953074,2.431022037698333,2.081095079275827,2.063979867825628,0.42312488858046926,1.0,1.0,0.6,0.9,0.7,59,7584.504205529047,44280000078.0182
16,40,1.9482184037149708,2.43841699634585,2.4187820899375474,2.0795148306743254,1.8728662851142595,0.4157942297113733,1.0,1.0,0.6,0.9,0.7,61,7568.7220478886975,44279895458.46147
16,41,1.9385337672655625,2.4245476286886847,2.4036132493326807,2.0787890994686773,1.8962093604171695,0.4053251676136359,1.0,1.0,0.6,0.9,0.7,62,7400.262463818901,44279562621.193375
16,42,1.945382702356501,2.429314978423487,2.4077483546927834,2.1007814233641096,1.8645119622831927,0.41942348845626576,1.0,1.0,0.6,0.9,0.7,64,7683.037222893168,44279875278.22478
16,43,1.9304081390458705,2.415452809244342,2.403920530020752,2.087974672942976,1.9648937603825851,0.4065133639866401,1.0,1.0,0.6,0.9,0.7,65,7762.987421576741,44286677573.676834
16,44,1.2694465025043002,1.736572561197518,1.7201045742607137,1.4556333944316076,1.2342900636112513,0.04343517448715306,1.0,0.3825519596267784,0.6,0.9,0.7,70,8293.808964141557,44280532125.28719
16,45,1.922328152188452,2.3799668450742866,2.361016999772433,2.1192078222440536,1.9029239715190704,0.41955655483078874,1.0,1.0,0.6,0.9,0.7,72,8353.601701709782,44281139836.93551
16,46,1.9161990440141374,2.368888279216563,2.348677898645218,2.1248642952406662,1.8739214968494213,0.4133592872254551,1.0,1.0,0.6,0.9,0.7,74,8251.577589544248,44280859833.51979
16,47,1.9139505657964158,2.372648820798834,2.364164418461005,2.1342402266878517,1.872976334259946,0.4133592872254551,1.0,1.0,0.6,0.9,0.7,76,8368.434509311246,44280684132.98273
16,48,1.910093026063206,2.351424936683774,2.3284296173001637,2.139814635757432,1.9079310702975978,0.4113581896455245,1.0,1.0,0.6,0.9,0.7,77,8709.421877387585,44280539919.41516
16,49,1.9036644564985812,2.339533844099889,2.315215900309256,2.1420113231914675,1.8696166437959438,0.40441078643112166,1.0,1.0,0.6,0.9,0.7,79,8686.771629351992,44280435290.58875
16,50,1.8968624402361443,2.349024391439007,2.3492483389918712,2.1502822029919058,1.8977656503630274,0.39708258179871875,1.0,1.0,0.6,0.9,0.7,80,21937.26305843838,44281488729.71985
16,51,1.895164600037274,2.340745491039592,2.339422516808323,2.1610117524773873,1.870546734939542,0.398338719295732,1.0,1.0,0.6,0.9,0.7,82,21846.726291709147,44281309189.49317
16,52,1.8968095837253747,2.33059735227246,2.316136364047683,2.163134746071888,1.8464655067076774,0.4014354439149579,1.0,1.0,0.6,0.9,0.7,83,10496.329232405033,44281333611.32204
16,53,1.891529856603855,2.3316727674362996,2.329088507336268,2.16583124565364,1.8831359556798808,0.3954927854127669,1.0,1.0,0.6,0.9,0.7,84,21808.26304338544,44281221739.03847
16,54,1.8958511610212927,2.354570783168924,2.3771067715337892,2.184626720111525,1.8609144522163108,0.40487935104425565,1.0,1.0,0.6,0.9,0.7,86,18530.381934735546,44280643638.57564
16,55,1.8943255875199887,2.3513967485673017,2.3735564316242295,2.1871088746174507,1.849609679728964,0.40325164417782944,1.0,1.0,0.6,0.9,0.7,88,18553.222166116582,44280288411.90244
16,56,1.891850514735289,2.3250794950906264,2.3209116429944547,2.182048141453025,1.8532772224706002,0.39991504953364393,1.0,1.0,0.6,0.9,0.7,89,18429.4004747394,44280504296.14715
16,57,1.8897577918706763,2.3226242938435817,2.3183743263829983,2.1836262362342205,1.8412839110801278,0.3966223078615426,1.0,1.0,0.6,0.9,0.7,90,18301.44408502205,44280482042.63629
16,58,1.8876135091525963,2.329468936797875,2.3482064580929305,2.197984843316256,1.9630950055300593,0.40001008768878804,1.0,1.0,0.6,0.9,0.7,91,15159.509884250549,44281774179.831314
16,59,1.8776511425801967,2.3039535254472217,2.3087309334758697,2.185435209831379,1.8702420482368927,0.3854969834034666,1.0,1.0,0.6,0.9,0.7,92,18654.24290837897,44280001063.38826
16,60,1.8753572995516676,2.296849240234967,2.3111447590659173,2.2035567166334373,1.904331700060339,0.38887294449091125,1.0,1.0,0.6,0.9,0.7,94,18447.620980732376,44280119213.49325
16,61,1.8752408445591746,2.296553842324494,2.3108109152491716,2.2104942687820603,1.8340415489572148,0.3887547425950186,1.0,1.0,0.6,0.9,0.7,96,18451.40165214183,44281011013.20356
16,62,1.8658608611064011,2.275535078237235,2.2766983537999788,2.2014725842663108,1.8277861641682693,0.3733054915414204,1.0,1.0,0.6,0.9,0.7,97,18471.30420325044,44280995000.09118
16,63,1.8731502877200994,2.287126576927359,2.299815782094975,2.220455877782396,1.8931169530660725,0.3883015262978724,1.0,1.0,0.6,0.9,0.7,98,18536.247260321976,44279881098.54181
16,64,1.8730405987594834,2.285539246270191,2.2979145458602,2.2279169028280537,1.839629341291195,0.38871083110847887,1.0,1.0,0.6,0.9,0.7,100,18498.53171562137,44278892289.59096
16,65,1.8729542560926336,2.307796957137761,2.3461595078985837,2.242074388670093,1.8334333721438958,0.3885928244992295,1.0,1.0,0.6,0.9,0.7,102,18584.41744365855,44279694533.20055
16,66,1.869233192546642,2.285317789968082,2.319746444097551,2.2482339088925976,1.8871243227420802,0.3894122618158344,1.0,1.0,0.6,0.9,0.7,105,18950.538461395616,44280176480.19661
16,67,1.6589202212143404,2.0723576285425755,2.1062383471157906,2.1445117052816753,1.6248189943607105,0.03981304591644775,1.0,1.0,0.6,0.9,0.7,129,1573.1024325294356,44279759580.24877
16,68,1.657417140782464,2.0517743407720728,2.071033016887929,2.1463078127337853,1.6570382484229302,0.0399606762838708,1.0,1.0,0.6,0.9,0.7,131,1606.8085194563043,44280068084.87932
16,69,1.6570364738647485,2.0615224672506396,2.093561242212691,2.1544305569579496,1.6327935758385965,0.03967810769829776,1.0,1.0,0.6,0.9,0.7,132,1938.92875916864,44279995892.53858
16,70,1.6555073826177287,2.0427176929508444,2.0605163979578434,2.1534086619367185,1.6740624572286937,0.03907457729485795,1.0,1.0,0.6,0.9,0.7,133,1533.1002647757043,44280095768.27287
16,71,1.6510488862497317,2.076385698679292,2.1448296604014256,2.1899304142512896,1.675478924178948,0.03369701315181436,1.0,1.0,0.6,0.9,0.7,134,1595.355059383013,44281247429.37764
16,72,1.652684191644247,2.052136096811641,2.0938773846137595,2.1753674787101334,1.651100321136111,0.03745745767276046,1.0,1.0,0.6,0.9,0.7,135,1612.4681736246932,44279592871.70964
16,73,1.6506540340511908,2.040094908005706,2.0798280026146285,2.1897217313182233,1.6631087934091395,0.036933219833621675,1.0,1.0,0.6,0.9,0.7,137,1716.7120310086225,44279340749.73427
16,74,1.648311652846366,2.0370684556220873,2.0766646435356426,2.1949233656562015,1.6256015149178307,0.03322151814608934,1.0,1.0,0.6,0.9,0.7,138,1633.7486591919806,44279497213.558624
16,75,1.6493300204312766,2.0353920448795284,2.0744512999103204,2.203582703793702,1.6432106556425174,0.03565303913353611,1.0,1.0,0.6,0.9,0.7,139,1664.4521258673165,44279149258.43882
16,76,1.6454333061881519,2.003230482949686,2.0259141556563374,2.1958333729949793,1.7580013489152566,0.03356811175335256,1.0,1.0,0.6,0.9,0.7,140,1653.5567843321448,44279859481.42424
16,77,1.6459881420149074,1.9979820225412428,2.030345526153877,2.2054379229746783,1.6908627107449754,0.03846623267603931,1.0,1.0,0.6,0.9,0.7,142,1572.088478732952,44281161868.59726
16,78,1.6457576329142332,1.9971056813181987,2.0293429721341725,2.2164786654960817,1.625653352937938,0.03823404600718242,1.0,1.0,0.6,0.9,0.7,144,1582.7952320386055,44280301800.30817
16,79,1.408145584743419,1.746665739649497,1.7655897433365384,1.9852316982899092,1.3885613625856594,0.041072716716046995,1.0,0.6584103993118124,0.6,0.9,0.7,148,2162.74020333523,44277433919.0616
16,80,1.6438702591017993,1.9446163980794915,1.9563043833532885,2.227600027517086,1.7732828464655455,0.04288825340790337,1.0,1.0,0.6,0.9,0.7,150,2984.767345812096,44277983843.00337
16,81,1.641466869563788,1.9490612007305996,1.9838133095632642,2.254028280079523,1.64887589908666,0.04153231760653639,1.0,1.0,0.6,0.9,0.7,155,2766.528801551487,44279248760.4268
16,82,1.6405983378768831,1.9270891106213757,1.9469836819165707,2.251720499002918,1.7007558648443541,0.04165877010474003,1.0,1.0,0.6,0.9,0.7,156,2752.7212772869148,44279294867.85837
16,83,1.640138252108545,1.9360337700050845,1.9685921567988747,2.2601308336483346,1.6384283060473055,0.041169161564013464,1.0,1.0,0.6,0.9,0.7,157,2733.5382098963805,44275531805.43376
16,84,1.639219869875118,1.9177926275083237,1.9362077450051807,2.262902983849261,1.6709717598592166,0.04056214666671164,1.0,1.0,0.6,0.9,0.7,158,2712.5740171241346,44278691781.97804
16,85,1.6389205530947781,1.926902112660434,1.9579828989983532,2.2714166144408177,1.6378700932195924,0.040329011495423325,1.0,1.0,0.6,0.9,0.7,159,2911.0957142288016,44278326819.53951
16,86,1.6391181063613476,1.9097826208592048,1.9267253235369644,2.2664455881792716,1.6712718890257126,0.04154154969277593,1.0,1.0,0.6,0.9,0.7,160,2762.9503037108675,44278695632.6017
16,87,1.6385543961997748,1.9035655819876005,1.919458671284336,2.2695414344532425,1.6676417086575073,0.04139496460947326,1.0,1.0,0.6,0.9,0.7,161,2822.554274368236,44279779759.88183
16,88,1.6379430730184457,1.8993090477265517,1.9145266252818245,2.272613094251229,1.6520763456903627,0.04087490700658451,1.0,1.0,0.6,0.9,0.7,162,2904.567137807216,44279511242.31611
16,89,1.637888395666469,1.9097842315457603,1.9378774006182995,2.2927783617600417,1.6270662760476373,0.04087490700658451,1.0,1.0,0.6,0.9,0.7,164,2937.432222052342,44279437654.71359
16,90,1.6371954781659133,1.8894428859417216,1.9029747816750269,2.2904198034799506,1.6881721304126223,0.040836230724301044,1.0,1.0,0.6,0.9,0.7,165,2739.687800589013,44281899414.17809
17,0,0.8897307853725902,0.9739135080565021,0.9204722214676397,0.010369306319299719,0.0,0.0,0.0,0.0,0.6,0.9,0.7,1,2543.4991128771626,8476.759457379796
17,1,0.9007748504053078,1.0002903305282502,0.9459559234741443,0.04487742319227436,0.049805757895834045,0.0523999204655886,0.00010241048510978,8.593246390473e-05,0.6,0.9,0.7,3,2460.077610546137,8339.60696047634
17,2,0.8573619694398106,1.093132361457811,1.0431966458925075,0.1887855485937614,0.5143868246451023,0.11529221795857406,0.04020100536183468,0.08300160807713548,0.6,0.9,0.7,4,2108.9348473544446,44480.06525560314
17,3,0.7651414553375613,1.0865244303547714,1.0285446870941635,0.2248588189945538,0.3688394536104396,0.06374684467450842,0.11189053042849709,0.09267195886244114,0.6,0.9,0.7,6,1654.788340080963,6294.046840107911
17,4,0.5902938905747422,0.9945218303709441,0.939348349682792,0.18731086600686186,0.36696337889440445,0.07554417086297163,0.06605667191631344,0.07908957845867201,0.6,0.9,0.7,8,995.5943639629908,40688.7210483842
17,5,0.5418902059183042,0.9503355589125446,0.8943728491619756,0.1576145012346483,0.13665594957524446,0.07329865328058548,0.04405889624831802,0.05275752723974506,0.6,0.9,0.7,10,989.7415127347006,40346.859165309885
17,6,0.5404597464309864,0.9517490330115153,0.8952360786873654,0.16347401433941205,0.14766724910830104,0.07562183167479211,0.04651074274012323,0.05422351081169199,0.6,0.9,0.7,11,979.3761458007086,40478.10487061735
17,7,0.4724630925296297,0.9157909067483525,0.8675725226121963,0.15323083574053878,0.20144810190053747,0.057450319728873725,0.036155898457257155,0.05499272559698851,0.6,0.9,0.7,13,3826.42392733535,21680.34538565628
17,8,0.4949460118520306,0.9497533602843818,0.9144630776798709,0.17637254398643265,0.1316371276896236,0.058223592048041305,0.0473091519538773,0.07310535174682464,0.6,0.9,0.7,14,3763.49024529275,21500.502515045933
17,9,0.6125935078358681,1.062950700268844,0.9961881616535199,0.3410407203508734,0.5232005980035045,0.054708458684493824,0.10088701003959173,0.2465952002411001,0.6,0.9,0.7,15,951.1676218842372,39297.49542909666
17,10,0.5594868311581438,1.009851919985538,0.9430628338187608,0.2978399338747565,0.2436931949903933,0.054166250888479685,0.08073168631881444,0.19733932583493868,0.6,0.9,0.7,17,917.3383477573786,39085.78366057213
17,11,1.9372252142706832,2.3940357758837685,2.3239463334150265,1.7049233140717102,1.7780316083518037,0.07791857595983213,1.0,1.0,0.6,0.9,0.7,18,3280.363441368133,239796.6035089641
17,12,1.9188506121723319,2.3898073205130004,2.330902759217201,1.7121152167432883,1.6788372902736313,0.06986701712554899,1.0,1.0,0.6,0.9,0.7,20,3200.8627241919885,238225.0414145213
17,13,1.9105913238369052,2.382983342796563,2.323029984334852,1.7185601250536569,1.6626094624801153,0.06870060400253883,1.0,1.0,0.6,0.9,0.7,22,3131.265853383757,238133.26415349427
17,14,1.9096786385201152,2.3821279512161047,2.322138479930164,1.7264694093476731,1.6421137653030011,0.06762628401763017,1.0,1.0,0.6,0.9,0.7,23,3214.0827822797355,238353.71854179507
17,15,1.8890344043431626,2.364295463057343,2.3015100327992375,1.7247255763997251,1.7530162733021988,0.06511537201663438,1.0,1.0,0.6,0.9,0.7,24,3217.099949268294,238093.1648677901
17,16,1.0665992164381926,1.521161458751405,1.4284972644089207,0.9385853341410955,0.8673405901270319,0.06497652008337444,0.39853873640202536,0.6333071924449175,0.6,0.9,0.7,30,2540.709810554157,92076.63104207956
17,17,0.8759386552988968,1.3641345955601059,1.3102942701304188,0.7622158639641575,0.6586412835654627,0.06276290704357788,0.38606309378315057,0.3803856897654517,0.6,0.9,0.7,31,3017.413110891047,219696.68330247368
17,18,1.2285310687996716,1.716711177536924,1.6599097426602012,1.1439065008584237,1.144568990308785,0.05944927436778561,0.49671249661768585,0.769344253072744,0.6,0.9,0.7,32,3295.1580341200947,93759.96849397729
17,19,1.2218962401032272,1.6868361057851338,1.602754997801494,1.1225647288068128,1.0462876564782149,0.0594492743677857,0.4967124966176904,0.769344253072733,0.6,0.9,0.7,34,3183.209640984316,94001.0230177696
17,20,1.2185035723654292,1.7278355146743656,1.695102537095873,1.166455000465489,1.0343701514315298,0.05944927436778561,0.4967124966176855,0.7693442530727441,0.6,0.9,0.7,36,3098.253857927896,94208.36198630383
17,21,1.1118188981901869,1.576013158873602,1.490758336882079,1.0262435811447734,0.9386012118403042,0.0602875160914228,0.4419414358298298,0.6905178650899417,0.6,0.9,0.7,37,3033.595227634657,94169.52319072638
17,22,1.4629318387658554,1.9602188011755615,1.9132772640999829,1.413951445953739,1.2997951223794812,0.07153515170188834,0.5877470446874141,1.0,0.6,0.9,0.7,38,3173.470361967197,93073.76447682144
17,23,1.4568969998636154,1.964513949312572,1.9295320821556052,1.4309738554622342,1.2922832979984458,0.055063761192974604,0.5978038116164006,1.0,0.6,0.9,0.7,40,3142.495104436832,98973.30028026192
17,24,0.7045381777034792,1.200870228371196,1.152799476811359,0.6873866402007135,0.5198598742961509,0.06335423552992762,0.2918473615198109,0.31209065982583806,0.6,0.9,0.7,45,2680.583435088772,219210.3907244312
17,25,1.5522898903070859,2.0485252154983824,2.0003498718838992,1.565355133241172,1.3695364622638968,0.10448300450908854,0.6719049991394027,1.0,0.6,0.9,0.7,47,2151.7365087734534,83750.17846604952
17,26,1.5501691436521496,2.0462441743207362,1.9978986757737438,1.5736673635688352,1.3730564229921511,0.10214719685913536,0.6720315767207856,1.0,0.6,0.9,0.7,48,2185.9446507258244,83899.80468714506
17,27,1.496609750798528,1.991716604870226,1.942416402342771,1.5240405583019712,1.35609945650058,0.10453460671168827,0.6160482162387177,1.0,0.6,0.9,0.7,49,2095.4228624703665,83864.3978528184
17,28,1.4654883233115694,1.958770201836258,1.907711612098799,1.4812377554803406,1.368449907516299,0.038937808417868855,0.6345804013203795,1.0,0.6,0.9,0.7,50,1978.510668431525,15385.259322733244
17,29,1.3897397686345503,1.8547239366265573,1.7739117482596847,1.4097694098840161,1.3855550510769805,0.04277616450824578,0.5656599946755805,1.0,0.6,0.9,0.7,51,1931.9159946418815,88682.88493117508
17,30,1.3485517838697145,1.841289459555793,1.7963166823478354,1.4084205238383558,1.2710557954898667,0.036307502976642904,0.53821299525738,1.0,0.6,0.9,0.7,53,1608.8886995346122,14944.76674793401
17,31,1.328462157425743,1.791066451670722,1.7166224829853487,1.3957096576107448,1.2689839236427631,0.04222790432113484,0.5258758150357817,1.0,0.6,0.9,0.7,55,1612.8379448573376,88623.80323810576
17,32,1.3256280296916132,1.787649435747625,1.712960442806439,1.4001384509676207,1.1999683190047867,0.04035957637358215,0.5249144652539129,1.0,0.6,0.9,0.7,58,1562.8380764009678,88422.10503729178
17,33,1.4098025646665697,1.844764159815522,1.7421921938240403,1.4800929998229788,1.3639056250744641,0.02859580465676125,0.6333262624100006,1.0,0.6,0.9,0.7,59,1804.317247531323,87257.06053445916
17,34,1.4836902515984904,1.9286492325452445,1.8386079079246573,1.55526775114822,1.3817609545060439,0.026848755711320997,0.7182954340785235,1.0,0.6,0.9,0.7,60,1770.929977591093,87162.43187891705
17,35,1.401097712048407,1.8400953450835948,1.747834180664807,1.4913812674148643,1.3775244880763493,0.02947826226670222,0.6325520554059373,1.0,0.6,0.9,0.7,61,1776.7613773593494,86218.75470644476
17,36,1.40078155242024,1.85069276872965,1.7713281297686978,1.5010721795125632,1.2890913276306746,0.02947826226670222,0.6325520554059374,1.0,0.6,0.9,0.7,63,1781.6878872538932,86163.55145691057
17,37,1.343937367501995,1.7854284898470898,1.703157765714659,1.461000446621053,1.2979413927126568,0.03138647036437596,0.5776188084418024,1.0,0.6,0.9,0.7,65,1466.8995893881424,86130.54636099288
17,38,1.3447235375737763,1.7845538249418575,1.701734436900603,1.472858815487827,1.2633933747304789,0.03364635718285395,0.5787000442816085,1.0,0.6,0.9,0.7,66,1450.997238572314,86626.10842908367
17,39,1.313183976023403,1.7336364243689737,1.6352134215313017,1.4636530291887686,1.2518939215314755,0.051790190515049114,0.5393679640765828,1.0,0.6,0.9,0.7,69,1709.342636635153,85639.42312858847
17,40,1.2772274902097274,1.6959522985980224,1.5969972999013682,1.4422930774581681,1.1927733897274544,0.0517797918375005,0.5009544750337522,1.0,0.6,0.9,0.7,71,1663.3697865478475,85555.4862033834
17,41,1.3535389594277625,1.8263906750415988,1.7918616902974869,1.5711147223763828,1.2714729680611492,0.13679645340620852,0.5307038879817851,1.0,0.6,0.9,0.7,73,1722.0315413895546,96029.0616507762
17,42,1.3056305758171127,1.707284053681826,1.5935638090561515,1.4805807610983162,1.2632200418013386,0.04917029013647192,0.5391843401618293,1.0,0.6,0.9,0.7,74,1671.4313794593716,87605.99892194505
17,43,1.2667161086629215,1.7416991990171224,1.7174951576020094,1.5070953540191074,1.2097698825971652,0.05768638324433677,0.49425221361729876,1.0,0.6,0.9,0.7,76,1743.8992999724146,95274.9610378065
17,44,1.2664257875767069,1.7404349734335196,1.7159513238376543,1.5143210125908375,1.185508484836209,0.058278762941946186,0.4942663452166512,1.0,0.6,0.9,0.7,78,1745.1185736485363,95564.07545033202
17,45,1.3730533301833212,1.8088924417908372,1.7441167484710707,1.567640043357804,1.3157255494964781,0.09259703318660786,0.5931713268885249,1.0,0.6,0.9,0.7,80,6067.579052616407,5529427066658.174
17,46,1.3713653946248798,1.8045439570309378,1.739027499684648,1.5773531636822478,1.3195982590768973,0.09201342405804144,0.5935345702330869,1.0,0.6,0.9,0.7,81,5976.835383767659,5529425042714.74
17,47,1.3709764638828295,1.803742279456773,1.7381116768154183,1.5839473829266033,1.291581765320164,0.0914339809484354,0.5937705802929816,1.0,0.6,0.9,0.7,83,5911.092626745708,5529423552878.822
17,48,1.3707925391710762,1.8353714165198782,1.8082472517079151,1.6020761376591617,1.2968959712497845,0.09390336996066184,0.5931335459308004,1.0,0.6,0.9,0.7,86,2101.500904270611,5529177394173.645
17,49,1.4089407113676877,1.8647597160540406,1.8352773137643106,1.6649181840594593,1.4294964596082356,0.16516169463839644,0.5935822514061461,1.0,0.6,0.9,0.7,87,6063.422930101642,5529423567667.831
17,50,1.413325954583614,1.8574777819360304,1.814872416940802,1.6729607688401438,1.3429558598445714,0.17230591848506133,0.5939720902927237,1.0,0.6,0.9,0.7,88,6055.473463526419,5529426720469.262
17,51,1.4009940870285158,1.8660154425410795,1.8490056494955573,1.6720168111871705,1.3347185965596766,0.15375694518768962,0.5935558178691119,1.0,0.6,0.9,0.7,90,6049.638635132638,5529423291177.34
17,52,1.3954118151540877,1.8478627055304793,1.8174944787640632,1.6704706257747413,1.3361925979342841,0.14458318937636197,0.5942734953452876,1.0,0.6,0.9,0.7,91,6115.128891356593,5529424456851.104
17,53,1.4115725808113724,1.862235153583416,1.8314009874258321,1.7013295961227697,1.3576890383611113,0.17401163035363892,0.5936467689167125,1.0,0.6,0.9,0.7,92,6141.865827855876,5529421748717.498
17,54,1.4121421107289422,1.862651292592983,1.8317772413103943,1.708965494741338,1.340151356209355,0.1754429971228853,0.5934134378400572,1.0,0.6,0.9,0.7,94,6118.873113715217,5529419524531.196
17,55,1.3923205415593318,1.8918943541715303,1.9242382139381702,1.7571708187158612,1.3472454354493983,0.1696124248442898,0.5791264105200649,1.0,0.6,0.9,0.7,97,8340.952380438106,5532797216896.417
17,56,1.394697922780317,1.8907923088172596,1.9222584858296503,1.7607226596260643,1.3628014111722198,0.17610798278643539,0.5792661910076035,1.0,0.6,0.9,0.7,98,8318.021428768967,5532796084728.249
17,57,1.365838098340503,1.861811001875661,1.8932466658243305,1.7395962520202877,1.2988235857180084,0.1952989161679705,0.5344687225004596,1.0,0.6,0.9,0.7,100,5210.694832933483,5531631942179.336
17,58,1.364979614208669,1.8709083429570619,1.9150321145219362,1.7541037904082275,1.304287376256855,0.19342904238417785,0.5354014480114505,1.0,0.6,0.9,0.7,102,9354.368608175091,5533097954842.733
17,59,1.3655442736792727,1.8704826664463605,1.9143592480021367,1.762314428455334,1.3039758273146311,0.19390436012223655,0.5362148654532668,1.0,0.6,0.9,0.7,104,9260.750789579874,5533101455629.619
17,60,1.3653359829605005,1.8586448329043805,1.8894150698570498,1.769568578700501,1.3032371722437446,0.1935403439519,0.536440569354856,1.0,0.6,0.9,0.7,105,9265.93240718808,5533104109771.356
17,61,1.6927490703849513,2.2031366802671504,2.268886199141315,2.158155729153959,1.6879901084245699,0.0554791970495194,1.0,1.0,0.6,0.9,0.7,108,11815382.16703885,5529175916825.69
17,62,1.7550298604285233,2.259340175918668,2.3236505402432353,2.229438726270481,1.7273771032634941,0.1631568406863145,1.0,1.0,0.6,0.9,0.7,110,11828320.540822634,5529176117426.186
17,63,1.7536053631616886,2.2530861458239055,2.316269680511725,2.236597723993524,1.7211626932738169,0.1636997088874169,1.0,1.0,0.6,0.9,0.7,112,11829087.959450768,5529174908326.655
17,64,1.7453540411544675,2.241391475798273,2.3037689821421488,2.2063040087085595,1.7082169113558716,0.1520527418126838,1.0,1.0,0.6,0.9,0.7,114,11999733.212648932,5529184176240.668
17,65,1.743134098015574,2.241770565973532,2.3151932718884556,2.2087306258306487,1.7310131361481376,0.15303902577517334,1.0,1.0,0.6,0.9,0.7,116,11997251.334626265,5529179376418.313
17,66,1.6835669070421533,2.195326748477658,2.2926587889505603,2.1677850757542663,1.6638643152184343,0.05864161229165858,1.0,1.0,0.6,0.9,0.7,119,11812564.615855746,5529176332813.98
17,67,1.6821773373662663,2.189930623031902,2.286371617294269,2.1746122631678615,1.6532790733063951,0.05832054393780103,1.0,1.0,0.6,0.9,0.7,121,11813401.69024173,5529174843000.161
17,68,1.6754133111046152,2.1702855542340207,2.253322032769095,2.209572216334834,1.650129170067923,0.0481834425697431,1.0,1.0,0.6,0.9,0.7,122,11820525.1748725,5529184011493.698
17,69,1.6805787495513433,2.1849622634132126,2.2806662779821902,2.16978195219041,1.6422243145509499,0.05721134774833521,1.0,1.0,0.6,0.9,0.7,123,11810237.529754717,5529177530207.445
17,70,1.6740134943671268,2.1640461456743276,2.246014059643942,2.2164983033815835,1.6655093369560547,0.0481836467665318,1.0,1.0,0.6,0.9,0.7,124,11820595.940288346,5529185853233.691
17,71,1.7306105480623455,2.2475177507303137,2.367062958920404,2.298040388784748,1.7388383279458823,0.14514364050644513,1.0,1.0,0.6,0.9,0.7,125,11814476.85988376,5529178414348.04
17,72,1.7293429130084317,2.2371865494022707,2.354781114968257,2.3094515784935385,1.7278979705629942,0.1469080473941221,1.0,1.0,0.6,0.9,0.7,127,11814760.095332276,5529172056980.678
17,73,1.7285576493234867,2.2443771576223432,2.374284899099486,2.3288744525034266,1.702033363057066,0.1469080473941221,1.0,1.0,0.6,0.9,0.7,129,11811420.702780183,5529169813894.246
17,74,1.7288755716499105,2.2330425850115265,2.349853405712313,2.32086258563886,1.6926962316311926,0.1476298891306306,1.0,1.0,0.6,0.9,0.7,130,11816011.711109208,5529170126474.041
17,75,1.727757002352048,2.238906802850541,2.3678228974575033,2.3316656247239127,1.7248725693990676,0.14744146705295086,1.0,1.0,0.6,0.9,0.7,131,11814135.660103668,5529173435732.675
17,76,1.7272441261131657,2.2347758356555367,2.3629285222169827,2.339177597786877,1.7043216492434303,0.14798636668139847,1.0,1.0,0.6,0.9,0.7,133,11813837.172090188,5529171501490.537
17,77,1.7264978803952773,2.2419597371617623,2.3824246521875674,2.3564632706247934,1.7028225353483744,0.14798345212330472,1.0,1.0,0.6,0.9,0.7,135,11813211.311473057,5529175451601.188
17,78,1.7508561178118527,2.1894542702675315,2.2820577264927815,2.355758403587131,2.0830261789358335,0.20272103741503528,1.0,1.0,0.6,0.9,0.7,136,12083521.878746592,5532169930416.322
17,79,1.7506430089721436,2.1991837056605776,2.304535089355343,2.3682227905366657,1.7267564154612483,0.2027210374150353,1.0,1.0,0.6,0.9,0.7,138,12080067.720952349,5532167632787.298
17,80,1.7487630751828698,2.1859515099200895,2.2890406146973623,2.3682422963173293,1.813868086278923,0.20268393892209197,1.0,1.0,0.6,0.9,0.7,139,12158894.747200647,5532181596479.576
17,81,1.749525866473057,2.1856319927422545,2.2885064827965014,2.3728380161785383,1.7313177122468357,0.20424031511897311,1.0,1.0,0.6,0.9,0.7,140,12159284.56885891,5532181151765.567
17,82,1.7478155467630863,2.182580081925246,2.2851889243759116,2.374965302525548,1.7264484642766398,0.20173878475765267,1.0,1.0,0.6,0.9,0.7,142,12159982.272500604,5532172454996.35
17,83,1.7490480693254413,2.1799052737352778,2.2817418934669202,2.383932616124259,1.754371330344714,0.2047960984575566,1.0,1.0,0.6,0.9,0.7,143,12158606.375613997,5532179124547.806
17,84,1.7486519464027184,2.1759114007326623,2.277039079306566,2.3912465103013574,1.7374793991399449,0.20503921260767224,1.0,1.0,0.6,0.9,0.7,145,12158705.731239608,5532177034052.477
17,85,1.7439872043462012,2.157156863670245,2.266352818448523,2.3987625438484503,1.9230166861595548,0.20310781162737085,1.0,1.0,0.6,0.9,0.7,146,12082259.61728495,5532172692598.645
17,86,1.7426853978644297,2.1530103866444135,2.272503053004546,2.4218614210266898,1.7498679522021727,0.20383657835026364,1.0,1.0,0.6,0.9,0.7,150,12081969.088089423,5532174744515.034
17,87,1.7460493002066215,2.1535831496199407,2.2725413714757554,2.4328688701644943,1.7368923448847344,0.20999221724755515,1.0,1.0,0.6,0.9,0.7,152,12078444.216155691,5532179619245.964
17,88,1.7432409736911167,2.146736270184519,2.2649227490608865,2.4339167499915613,1.7551412422765724,0.206091519810561,1.0,1.0,0.6,0.9,0.7,153,12081628.01948339,5532172924143.037
17,89,1.7431468303876378,2.146435520861555,2.2645826340856043,2.4376233075252993,1.725182814242609,0.20597380195745368,1.0,1.0,0.6,0.9,0.7,154,12083585.944021102,5532173540226.318
17,90,1.7432942677690644,2.1336178036192326,2.2384285059557785,2.4362209135751707,1.7376483117355508,0.2065539861005509,1.0,1.0,0.6,0.9,0.7,155,12084835.864658078,5532172512745.392
17,91,1.744042192181274,2.1452828126591843,2.2630391146427042,2.446146968215964,1.7269617431488407,0.20785516355320222,1.0,1.0,0.6,0.9,0.7,156,12081288.580013957,5532175947672.549
17,92,1.7431963031602165,2.143855175411666,2.2615006764267864,2.449102291682714,1.7284228365601155,0.2065539861005509,1.0,1.0,0.6,0.9,0.7,157,12083228.279727198,5532171443425.221
17,93,1.7395177862057027,2.128515802597441,2.2548310005351135,2.4699468163952183,1.7668415042398131,0.20446211573528367,1.0,1.0,0.6,0.9,0.7,161,12089246.490913715,5532171186712.677
17,94,1.749557384648988,2.1236910791002517,2.2690482176023634,2.5588605222683407,1.7538164283283904,0.2268002138206311,1.0,1.0,0.6,0.9,0.7,177,12139898.78365137,3683298941935.8135
17,95,1.7478769314863403,2.1165182449875273,2.2608590959939567,2.5740719148492373,1.7452035048880015,0.22473637344513056,1.0,1.0,0.6,0.9,0.7,181,12141340.788285475,3683296829248.917
17,96,1.746946111428515,2.108417037068751,2.251434174775337,2.580878227903548,1.7614604730628194,0.224115987501466,1.0,1.0,0.6,0.9,0.7,183,12140876.662675343,3683299600583.3374
17,97,1.746662456154287,2.1076490854083394,2.250577004973449,2.588471245109922,1.7360418172648793,0.22370485415615585,1.0,1.0,0.6,0.9,0.7,185,12140316.905393807,3683295073956.1406
17,98,1.746127062492135,2.1025791055939678,2.2446718573543025,2.599662241310118,1.7510619067256632,0.22338226910691855,1.0,1.0,0.6,0.9,0.7,187,12141341.887980958,3683291957253.657
17,99,1.7459352878809973,2.1131555682056664,2.2681686060364026,2.6206004633129085,1.735507575318356,0.22311681652070883,1.0,1.0,0.6,0.9,0.7,189,12140536.650835631,3683289073427.6064
17,100,1.7412600467133492,2.086516209415732,2.226552820601645,2.60633466112482,1.8105495812158856,0.2166216345902805,1.0,1.0,0.6,0.9,0.7,190,12144191.887932517,3683293952421.246
17,101,1.7464004000203868,2.0822832566664173,2.220604333885354,2.623031555462445,1.7497503434926036,0.22626199524028312,1.0,1.0,0.6,0.9,0.7,195,12144075.798371002,3683283759080.6006
17,102,1.7456989955222697,2.0791077212367135,2.216976845524387,2.6301409789394787,1.7444360674362813,0.2253677904266928,1.0,1.0,0.6,0.9,0.7,197,12144837.01303826,3683284739239.6
17,103,1.738694945537794,2.079496571711715,2.229670666390283,2.642734030625707,1.7568307362976847,0.2141110261468903,1.0,1.0,0.6,0.9,0.7,198,12146911.639313385,3683287791423.917
18,0,0.9198594345507013,0.9813479120710974,0.9291798374065678,0.011053573584910636,0.0,0.0,0.0,0.0,0.6,0.9,0.7,1,2002.9587191167516,8202.562124913826
18,1,0.9407754215044069,1.0086868630845516,0.9561698589110074,0.04364885352600427,0.03658015262002943,0.04864432417830577,0.00010969014148205,0.00013003259264151998,0.6,0.9,0.7,3,1725.327532115262,7470.161763773426
18,2,0.89665223178571,1.0010397595521088,0.9464168519955436,0.04947895660770421,0.11977177774841578,0.02971424123031575,0.01507213778053772,0.0037605841395322104,0.6,0.9,0.7,4,1774.5785558159655,7609.401235035619
18,3,0.7303516309453972,1.018299749012388,0.9637344555833423,0.1267387324885378,0.6434932282086601,0.05938048398763611,0.04626465205706715,0.05484460657403371,0.6,0.9,0.7,5,969.4673076507684,5784.933825010119
18,4,0.617080290520498,0.9665675611878437,0.9050874027822857,0.11630071080597731,0.24529871847273435,0.07603704508054948,0.03227862669078138,0.04232802856378825,0.6,0.9,0.7,7,1297.6985795950327,3601.447338750645
18,5,0.5292224153326499,0.9341212892038333,0.8636365784497565,0.13672620045997097,0.30810285631633144,0.08607539990723416,0.03224591887909328,0.06252709768545896,0.6,0.9,0.7,9,625.3488454017125,2186.267411579539
18,6,0.496941306936591,0.9115882873002122,0.8389799541355437,0.13099092539702578,0.1579546453566183,0.08263809257376366,0.030007770021517388,0.05387561747736598,0.6,0.9,0.7,11,349.58944480549576,3423.279637639332
18,7,0.48604927023246286,0.9067863671778544,0.8326150653648133,0.14172760869885728,0.15009393857239864,0.08716175716882706,0.03165134491323017,0.05406291217297794,0.6,0.9,0.7,13,705.6183601045412,3619.267542769644
18,8,0.6446423345191368,1.0655475030184636,0.9913320778904398,0.30309472396190973,0.2794435174551354,0.09918382451138996,0.03312287096944402,0.26903600635471714,0.6,0.9,0.7,14,565.2698002737053,3909.917215162325
18,9,0.4413872399199705,0.8842042029048575,0.8198742654682938,0.13613852063560186,0.1668467605017896,0.0747428671372779,0.03461455656877664,0.038985363025815664,0.6,0.9,0.7,16,6181.267066146136,4454.249543513586
18,10,0.4368740457946224,0.8831840913098262,0.8176532849786977,0.14813863438301744,0.13373010901467525,0.09443176910314169,0.030528540211551443,0.03592311281572385,0.6,0.9,0.7,18,13493.863526118512,4484.95629704936
18,11,0.5313801227217403,0.972711350893426,0.8917041242883947,0.26471655846442,0.325436278922415,0.07903368918819956,0.04399104027515386,0.196366405894554,0.6,0.9,0.7,19,693849.3200897103,3227.296497449735
18,12,0.5191943303868332,0.9622315188945503,0.8804361003544569,0.26385186370767544,0.23466218984725556,0.08174953023715974,0.038133737886190164,0.193173232621112,0.6,0.9,0.7,21,699436.000360011,3004.357366635892
18,13,0.5155781116142387,0.9596203646960981,0.8773304903076252,0.27201871726384075,0.22895040111410628,0.0822246063758458,0.03811388913269364,0.1931859717884949,0.6,0.9,0.7,23,699432.9921640302,2983.522770339912
18,14,0.41136019504882815,0.878289835212178,0.8217666628534666,0.17568951423637896,0.12616283805647255,0.06874934433299909,0.03029110722199773,0.06855124488271278,0.6,0.9,0.7,24,33198.45458263684,4446.289885251603
18,15,0.5838169558906998,1.0399994295712365,0.9702260963484781,0.3527752459768498,0.3009473622908488,0.08277170788446837,0.04954387079511695,0.28088079273441413,0.6,0.9,0.7,25,1205215.5038595195,2745.090527467255
18,16,0.36191800834914867,0.8418505641108787,0.7973371091894464,0.13777078082504493,0.10486585193220979,0.05567355143880677,0.030905962676373078,0.01917115153116632,0.6,0.9,0.7,26,696514.4935368546,6300.7773372455895
18,17,0.3614884727891237,0.8527004625037198,0.8211441311934553,0.14513336890815223,0.07542186953950167,0.05548233747481962,0.0309131028311412,0.0191809799094607,0.6,0.9,0.7,28,695998.4092143556,6345.651903054451
18,18,0.857581388478591,1.3614683847654827,1.3420158899606804,0.6563840943391595,0.6139082965427838,0.05495565461751387,0.26544855711580667,0.4363721415785231,0.6,0.9,0.7,29,21271.60443838308,716318.3000467184
18,19,0.34741234469771476,0.8577702020741557,0.8312349427941751,0.19918308891281367,0.25948565180066113,0.05647833868257329,0.06836366278855367,0.02797502862066864,0.6,0.9,0.7,31,1200514.5426269248,3980.296599745583
18,20,0.3202546881628433,0.8318941074391242,0.8028055027125467,0.1948680137118153,0.159683160819778,0.051765823256894605,0.05958447805755278,0.027635039425466818,0.6,0.9,0.7,33,1203966.0412825695,6891.995445820852
18,21,0.33300568728926083,0.8425762439723594,0.8102647062614083,0.22755646184503542,0.25767340714268216,0.05118421498773017,0.06412942570887546,0.06443519809631035,0.6,0.9,0.7,34,1199007.2434343302,3710.386659681853
18,22,0.3022027590724749,0.822769646260472,0.8030883152707233,0.21292099236067516,0.11983667492509993,0.051896560679033074,0.05967935637615449,0.028335092575621317,0.6,0.9,0.7,35,1199126.0680588963,7633.481821074903
18,23,0.336821714710473,0.8450861571764166,0.8108580671763486,0.2443404737547613,0.2102390005130531,0.05715734655148948,0.06613543829375018,0.07630847583411088,0.6,0.9,0.7,36,1197541.6220502066,3533.337381913658
18,24,0.31413544182084735,0.8328508232985374,0.810753248587069,0.24934245412532186,0.14662032514940002,0.05961530192754788,0.05701078985266015,0.05970749636150826,0.6,0.9,0.7,38,1199061.660322194,7694.417706254981
18,25,0.5889173807404318,1.1073393263872628,1.0849284811341648,0.5306973467824873,0.41798058500241186,0.05916425959442858,0.06127522988800107,0.4493507603256228,0.6,0.9,0.7,39,1199664.8354364976,7590.64406525621
18,26,0.5884240811462051,1.1067459075914792,1.0842334125190227,0.5254375131170944,0.40932205214990447,0.059164259594428704,0.06127522988800029,0.44935076032562404,0.6,0.9,0.7,40,1199230.592885706,7658.413042710908
18,27,1.8315783208000107,2.3449795617652693,2.3184381312472304,1.7925736703665032,1.8312716415987191,0.11158538389105344,1.0,1.0,0.6,0.9,0.7,41,1200973.9188226294,7824.86641115353
18,28,1.8343333583959913,2.3460525898525253,2.3184040453318184,1.8090729319571899,1.6970805009442742,0.12414825021960338,1.0,1.0,0.6,0.9,0.7,43,1198723.6080402066,8026.044413617579
18,29,1.8318795491224258,2.3427182839410836,2.314524808079219,1.814996007853434,1.685442872150047,0.12389383169032339,1.0,1.0,0.6,0.9,0.7,45,1198138.485832899,7869.680980830706
18,30,1.8231079806160773,2.333472129481077,2.3049948728643255,1.8160925844096225,1.6725186693095628,0.11124579542586892,1.0,1.0,0.6,0.9,0.7,47,1200684.397510611,7706.721215996488
18,31,1.8057394940474367,2.326935182091174,2.311237247838613,1.8207444547243847,1.6593239460610905,0.08382998529915169,1.0,1.0,0.6,0.9,0.7,48,1201913.220590958,8010.032778979849
18,32,1.8246508403333153,2.3346415961174882,2.3059384476084936,1.8297371018382076,1.669499550231869,0.11539351372187052,1.0,1.0,0.6,0.9,0.7,49,1201389.81301372,7625.327908347138
18,33,1.8222437752136467,2.3314578079207253,2.302307645322264,1.842183831917814,1.686832637521437,0.11443768415453251,1.0,1.0,0.6,0.9,0.7,50,1197898.4547782962,8237.889675631039
18,34,1.823064373794081,2.332236099124154,2.3030542569209507,1.8398210796643102,1.671048036873461,0.11604314266991678,1.0,1.0,0.6,0.9,0.7,51,1199623.4932042086,7957.204586232952
18,35,1.8478005955430126,2.356578848445258,2.3271819894276513,1.8719273755455506,1.6995361095830055,0.15870700060220672,1.0,1.0,0.6,0.9,0.7,53,1202951.232638084,7828.948089205698
18,36,1.786172345139193,2.319312267122009,2.3243091969726324,1.8413727206621082,1.839190725691061,0.08541607404676113,1.0,1.0,0.6,0.9,0.7,54,1196859.6143822945,8321.623451147057
18,37,1.7847328937694162,2.316028696545458,2.320214322734807,1.84238965932598,1.6692400807053849,0.08783918043299167,1.0,1.0,0.6,0.9,0.7,56,1196785.7730482053,8291.8356161159
18,38,1.7837364337679988,2.3139953540642577,2.3177361439497837,1.8527841356051822,1.662335724985118,0.08877967473381371,1.0,1.0,0.6,0.9,0.7,58,1196049.701495721,8271.37754157034
18,39,1.7626441587128125,2.2716248754454043,2.2583758718884956,1.8513919207689573,1.7267365216434833,0.07565937983320721,1.0,1.0,0.6,0.9,0.7,60,1200957.0849554571,7992.050445207659
18,40,1.7612178244027772,2.267859039847939,2.2537527680046647,1.8590372159095727,1.6641149759369815,0.07772549917641038,1.0,1.0,0.6,0.9,0.7,62,1200597.2883677804,8005.602583859078
18,41,1.7666815386519341,2.2819875196214356,2.2799747924762945,1.8702037992403528,1.6733528684788188,0.09142624822467134,1.0,1.0,0.6,0.9,0.7,64,1200169.4544458068,8046.693082219412
18,42,1.760831659289033,2.2758836738706596,2.273781481789065,1.8766999400063085,1.6529214449612648,0.08212395265133561,1.0,1.0,0.6,0.9,0.7,65,1199847.4813508291,8053.713155591793
18,43,0.17375942848704684,0.7144827553575268,0.7581503775916845,0.32283634604622274,0.33375439949159114,0.04664416778662582,0.04102447819996088,0.020771598523549033,0.6,0.9,0.7,66,7384.928030869426,12652.421930322807
18,44,0.16243095894109097,0.6846707835253224,0.7229999246530915,0.32455122749603993,0.18961207842240968,0.047162554842095375,0.04140528679634646,0.02178056833451967,0.6,0.9,0.7,68,7490.115565105929,12259.282937101543
18,45,0.16200280907785775,0.6835371159843134,0.7216721224727821,0.3244430968004061,0.08475644729652068,0.047162554842095375,0.04140528679634657,0.02178056833451967,0.6,0.9,0.7,70,7509.333232214776,12437.171467737102
18,46,0.15801333194301603,0.6612981389959219,0.6845108612841706,0.3304136629879601,0.12059554618158717,0.04525664270635148,0.04217763994548205,0.02268806299030711,0.6,0.9,0.7,72,7438.493557403027,12129.697418224505
18,47,0.15548012173216935,0.6540112775975068,0.6759760118574358,0.32971913851463247,0.1060297602604909,0.045256642706351505,0.04217763994548182,0.02268806299030684,0.6,0.9,0.7,74,7506.794098298391,12643.215440686465
18,48,0.1579706410654832,0.6526916640825603,0.6736627169507092,0.3438573955154384,0.12601674701218363,0.0408780153340905,0.04104182020572336,0.03430569976399399,0.6,0.9,0.7,75,7641.288425592946,12961.225134787332
18,49,0.14910962404608738,0.6462862501348724,0.6780243733451559,0.34148412662669486,0.1719851559451871,0.04611783689374492,0.041814564227493876,0.02229461432897193,0.6,0.9,0.7,76,7538.133973804232,12318.076732517437
18,50,0.14923540827175766,0.6462926023034222,0.67799729609743,0.34823287614484427,0.0813880395302663,0.044295037618270236,0.041651254163292725,0.02435497516466502,0.6,0.9,0.7,82,7381.297881524789,13118.034129762946
18,51,0.14808443795865112,0.6096496707906465,0.6224482933488291,0.36450383999301217,0.33072659522484815,0.04422503733228392,0.04176216601963192,0.03719455837790503,0.6,0.9,0.7,83,7575.5111927988355,11571.587505582607
18,52,0.1473044500340898,0.6072333732454618,0.6196466290272237,0.3673447183001711,0.09785426519773618,0.04425706933718287,0.04166067356642407,0.03705987713921433,0.6,0.9,0.7,85,7518.906576815837,11590.801249876617
18,53,0.14341240163544752,0.6032153634386959,0.615599364196334,0.36698245648767563,0.08731097101353782,0.04507176440644619,0.038442780125272816,0.035003324291068325,0.6,0.9,0.7,86,36126.183953415326,13657.607491494517
18,54,0.14560743137602686,0.6012375305464959,0.6126457103859505,0.3634636387562357,0.12967015015725056,0.04395164467228564,0.04173296692066605,0.03704710074400473,0.6,0.9,0.7,87,7506.008918324503,11687.765504225456
18,55,0.14164610201573893,0.5969613078517627,0.6082961352348452,0.3733028889185802,0.08903037945999798,0.044863492383068956,0.03842979607303705,0.035015859568568716,0.6,0.9,0.7,88,36214.68691691708,13789.766977116971
18,56,0.14455079346847122,0.5976688666744093,0.6084939816772517,0.3768637040595288,0.11047874757762909,0.04341954448948045,0.0417745629950513,0.03721580729244957,0.6,0.9,0.7,89,7489.416710378869,11830.613011320373
18,57,0.15735764314595313,0.616315715904321,0.6389067165123848,0.4222353774216097,0.12951994298475675,0.0494765370360028,0.048023667385208815,0.04492059939655544,0.6,0.9,0.7,91,7476.907926667166,13304.897661449542
18,58,0.15663038118222827,0.6137932373898044,0.635973854387301,0.4288979350706913,0.11260096087063136,0.04927071038473098,0.04801068333297301,0.04493313467405544,0.6,0.9,0.7,93,7437.169801451666,13513.910253751785
18,59,0.15541676976329183,0.6090063611702848,0.6303749100568614,0.4284154305292746,0.12073043567319264,0.04890637154936236,0.04805413218759841,0.0451255254886739,0.6,0.9,0.7,95,7447.580318691823,13297.225546067242
18,60,0.1551224727112323,0.6039551087121425,0.6453151285392068,0.4396228492418271,0.3568826747504899,0.05130462007402289,0.06217395029298125,0.03581689619838016,0.6,0.9,0.7,96,7262.510397305986,17722.65603500812
18,61,0.1543923079190063,0.6130976346909162,0.6671704304604383,0.44958244166100575,0.11730146358148755,0.049041939023617094,0.06325959301097714,0.03581661664107022,0.6,0.9,0.7,98,7263.036822170175,17722.78820611301
18,62,0.15532713314770397,0.6047767254307685,0.6568636752836614,0.45906071742112114,0.15520868790203957,0.052085177308724626,0.062871575945312,0.03838623672425587,0.6,0.9,0.7,100,7334.565932573796,17593.33706587408
18,63,0.15455063070768316,0.6213343763239182,0.6983442768548765,0.5061300834677129,0.12247402078577307,0.05430086330903209,0.06375344773724573,0.035986864010443584,0.6,0.9,0.7,106,7467.441458707658,17483.40320431084
18,64,0.15414734389719117,0.6305095023931112,0.7201759723815572,0.5169131788576897,0.12214011501024022,0.05289127112609475,0.06385350357691999,0.03703634246604856,0.6,0.9,0.7,108,7541.708410638916,17204.82559664131
18,65,0.151313287792972,0.6196640899671906,0.7076419358983808,0.5150452751239197,0.1838255015327279,0.05397582343921342,0.06268513495298021,0.03620150161931519,0.6,0.9,0.7,109,7362.050044664737,17189.65646397234
18,66,0.15005636567737782,0.6125027167266862,0.6992541315737468,0.5143627106003161,0.13874539655185675,0.05397582343921344,0.06268513495298064,0.036201501619315915,0.6,0.9,0.7,111,7423.966324873474,17553.35466566351
18,67,0.1635765745207127,0.6367534372971616,0.7364071880604676,0.5499068696389975,0.13177940824334974,0.052192873060896615,0.07352492251222893,0.04325142447967133,0.6,0.9,0.7,112,6955.530399688805,15986.144320518742
18,68,0.16343605393686408,0.635904859272165,0.7354114476298488,0.5571630446125877,0.13376631219107515,0.05226660826480891,0.07350069132880968,0.04323294049790047,0.6,0.9,0.7,113,6956.298697420573,15558.198997369316
18,69,0.16585441108551313,0.6266315474903282,0.7130365609399265,0.5523043914847479,0.13235421199016756,0.055733551877326794,0.06856152489892715,0.05021335615895357,0.6,0.9,0.7,115,6909.474301248149,19106.97846351961
18,70,0.1623020805295875,0.6232189559768186,0.7203444298931411,0.5609364391512335,0.2219937382442176,0.05435997560761172,0.07375172954267414,0.04285705402522329,0.6,0.9,0.7,116,7045.908638405485,15827.270651618514
18,71,0.1621933494351018,0.6225540660895608,0.7195655620395777,0.5608730110414097,0.13363309064194215,0.05435997525048718,0.07375172428083865,0.04285704994213788,0.6,0.9,0.7,117,7067.704449869462,15953.81730520734
18,72,0.1617656043153428,0.6190080413895025,0.715382055562578,0.5607084310890161,0.15516134463194295,0.054751233582876244,0.073843840877862,0.04265450551683271,0.6,0.9,0.7,118,7071.940901389016,15812.214593637473
18,73,0.16315464650553696,0.6174313953406573,0.7132007877329316,0.5734181914201556,0.15584444035554967,0.056376787968388443,0.06903446555566374,0.05023576563254324,0.6,0.9,0.7,119,7050.265492086279,18344.449850573128
18,74,1.011226945968557,1.47503784183523,1.594205419004528,1.5358724403604413,0.9896801672531224,0.056261860731922894,1.0,0.0682317348526322,0.6,0.9,0.7,132,884813789.3681946,16330.120002700196
18,75,1.0204525623532323,1.4696558932058217,1.585906185682624,1.5500585585440017,1.0526743421282672,0.06688973934898762,1.0,0.07576875517355053,0.6,0.9,0.7,134,884845343.6213175,15824.403541606578
18,76,1.0080766887761639,1.4515253752470008,1.5666363426113492,1.545616034736242,1.0049122901167575,0.05641697928054288,1.0,0.06834859955096834,0.6,0.9,0.7,136,884843292.2787335,15665.37520879118
18,77,1.006664420711658,1.4509782341928923,1.5770554766121567,1.5523031937748093,1.0233037991552867,0.05637391958421003,1.0,0.0685676307453277,0.6,0.9,0.7,138,884865092.0617526,15402.841997345866
18,78,1.0064980157141363,1.459189924513645,1.5977142278379273,1.567548837713537,0.9933483686393579,0.05624592438036945,1.0,0.06901816412585864,0.6,0.9,0.7,140,884865016.6162751,15296.003160539138
18,79,1.0064270414607361,1.4589873207601627,1.597485854833012,1.5674821323804446,0.9825314810719644,0.056205990404699924,1.0,0.0689776422469797,0.6,0.9,0.7,142,884848547.9318211,15020.180327120344
18,80,1.0050482925267616,1.4632108045717531,1.61361665748127,1.5858956200571865,1.0037063505115367,0.055657816976785825,1.0,0.06859581281086027,0.6,0.9,0.7,144,884882990.7278341,15532.280912718134
18,81,1.0046069207818251,1.457049438305104,1.6063429379916967,1.6004704755423849,1.0271413635123081,0.05532592326393152,1.0,0.06935562368985816,0.6,0.9,0.7,145,884871879.748036,15269.028648182368
18,82,1.0084309872276587,1.4472372909696065,1.583058587848884,1.580838088815581,1.0052037496952124,0.06127269693967298,1.0,0.07018212497016088,0.6,0.9,0.7,146,884897016.0844345,13463.980702864432
18,83,0.9927711063503285,1.4382628773511585,1.5862108100512924,1.57734062732799,0.9885926460600537,0.04394708077852314,1.0,0.06349505591112334,0.6,0.9,0.7,148,884886007.523625,13410.158902409898
18,84,0.9935173418721597,1.4355556051999185,1.582837189339989,1.57816520284234,0.9991602232630195,0.04472588498347383,1.0,0.0645177989833842,0.6,0.9,0.7,149,884898226.2599094,13870.07233935742
18,85,1.2457415643864018,1.6759875742132753,1.8101555297940393,1.901953389921435,1.2245257545679213,0.08507964546664733,1.0,0.39035377360860096,0.6,0.9,0.7,169,884917534.2908242,13104.50428721307
18,86,1.244767303963236,1.6685762288076569,1.8015065279005402,1.9087039910825463,1.2493462377492386,0.08455599612391655,1.0,0.3905390549745511,0.6,0.9,0.7,171,884932020.6498495,12923.056369726391
18,87,0.9664394967992499,1.4110918964191967,1.5697231793675794,1.6456057945010372,0.9490307169376287,0.04677880045955987,1.0,0.025576713080997286,0.6,0.9,0.7,175,884677127.4671293,14466.925348208042
18,88,0.9656878227005182,1.419939588132304,1.5912637863070045,1.6790822226616398,0.9495907509019735,0.04555801523500902,1.0,0.02582189646794572,0.6,0.9,0.7,178,884711216.6977205,31507.775800997995
18,89,0.9662501834927667,1.419699132481307,1.590869664412223,1.679655226870244,0.9491983533936947,0.04688511736383383,1.0,0.02562310823061787,0.6,0.9,0.7,180,884681406.7426277,31768.28042872845
18,90,0.9656687712888381,1.41471672593514,1.5850457776165952,1.6867361533477632,0.963156658909285,0.04646207347204724,1.0,0.025887075329157273,0.6,0.9,0.7,182,884714121.9100914,31743.613209600026
18,91,0.9656491320462104,1.4145261001911766,1.5848225525218431,1.6867179690810532,0.9466633059658672,0.0464620734720473,1.0,0.02588707532915771,0.6,0.9,0.7,184,884711806.8703358,31713.634930525703
18,92,0.9675532293158957,1.4350402417502681,1.630613136901169,1.7266686457783949,0.9557215068786113,0.04851015061020555,1.0,0.02746867783332313,0.6,0.9,0.7,188,884689450.994612,14303.65668116867
18,93,0.9641084955288259,1.455628455732008,1.6883826241613664,1.7502342655294145,0.9583142055180173,0.0454987750424592,1.0,0.026628535401415732,0.6,0.9,0.7,194,884575582.8770854,14315.712890854713
18,94,0.9637629051627551,1.463915400463392,1.7091830107087596,1.765584822212969,0.955795372532502,0.045493433162697425,1.0,0.026528738910652837,0.6,0.9,0.7,196,884566894.7840841,14660.612188379087
19,0,0.8112534974274055,0.9533050700036718,0.8963343841054282,0.008474428291040972,0.0,0.0,0.0,0.0,0.6,0.9,0.7,1,3603.058692963679,7463.113328154744
19,1,0.8184594856210897,0.9739063170143929,0.9160514288553464,0.037159794010290445,0.043797491575216105,0.04271531894147699,0.00010136823555110001,6.328986538246001e-05,0.6,0.9,0.7,3,3488.233991830102,7410.110382554102
19,2,0.7823001103263769,0.9615459136665335,0.9020460450256361,0.03583880134887158,0.09009527621923885,0.01648153492307635,0.01414520816999946,0.00055718425917624,0.6,0.9,0.7,4,3339.1288518404085,7304.487801227033
19,3,0.6451661225027109,0.9765813144418758,0.9173581217213862,0.1097206301613741,0.6201208071445605,0.052199007976027625,0.05221846108958461,0.03260290913488431,0.6,0.9,0.7,5,2004.079407419899,5035.091700430978
19,4,0.5312908043480556,0.9437318259667448,0.8716070476898815,0.14991688045731943,0.40680847072695614,0.0901289477637382,0.04545661814841354,0.06947787274217758,0.6,0.9,0.7,7,2495.0573906063423,3768.33512378596
19,5,0.4434464979710871,0.8788766790775723,0.8002279885107507,0.12476030258985335,0.24975040172339716,0.08039044173854722,0.03659086314290447,0.05099407330817879,0.6,0.9,0.7,9,1685.1365956020377,1902.5287789648744
19,6,0.3834151124929178,0.8342962951116991,0.7475911987551763,0.12842043044145052,0.2836072216758422,0.10080546960997609,0.02946443214043548,0.04617631972637781,0.6,0.9,0.7,11,2030.4761142745624,3567.8988956353687
19,7,0.34715212853362754,0.8129714111978961,0.7326144583485411,0.15516299932448638,0.19346775088335472,0.09569084417559712,0.02740088490451432,0.06223654638854355,0.6,0.9,0.7,15,2465.1739539412374,3207.016717506244
19,8,0.32958399730111054,0.7953355493603402,0.7138714445932262,0.1529285927348267,0.1370486781445448,0.09596466172046336,0.022849635980956788,0.05189561386821777,0.6,0.9,0.7,17,2429.389011195049,3191.576811160432
19,9,0.30983964991803026,0.7747170927186087,0.6906360882659035,0.15162296521598798,0.16249165079432337,0.09762801053916116,0.02277198247719652,0.042943573212623445,0.6,0.9,0.7,19,2581.7906730553377,2902.359541525356
19,10,0.31252137572811645,0.8109341640335156,0.7657079400126713,0.15853427052672403,0.11857501555869432,0.09622483139654608,0.02355084562760401,0.048088558349184365,0.6,0.9,0.7,20,2622.6072385255734,2908.733716705588
19,11,0.3016720198485619,0.7658196630568637,0.6805270043123115,0.15636585075208154,0.15074575374615196,0.09555676736790189,0.02072904722248957,0.04474213605604014,0.6,0.9,0.7,21,2608.5016393824885,2900.754131659337
19,12,0.29904350342450503,0.773882784608042,0.7008901315298531,0.1557432855918563,0.1368250151732317,0.09783681821094316,0.02002304491789214,0.04505138909402555,0.6,0.9,0.7,22,2238.880667628456,3198.245612855701
19,13,0.29565218599613174,0.7690407056620701,0.6944084250675626,0.15799922234404332,0.1798552698967424,0.09930622518967605,0.02159950031987193,0.04852470971775523,0.6,0.9,0.7,23,2217.757404578566,3110.542831752052
19,14,0.34538930406648494,0.818260249468605,0.7431209519341698,0.21721621026162216,0.18584940286529378,0.09703562608849386,0.02865877778188717,0.1159372939158096,0.6,0.9,0.7,24,2304.13390490328,3113.808466184647
19,15,0.27359655412766704,0.740491026314056,0.6608384878469619,0.16164908048669158,0.29781903809439936,0.09859401659822364,0.02272919101411278,0.048775284543839656,0.6,0.9,0.7,25,2244.3514835534424,2879.116129392922
19,16,0.31244833658125926,0.7793385981694544,0.6996834539426073,0.21553717143362416,0.15265273550689304,0.09662762991930832,0.02607728482940544,0.10167409073062603,0.6,0.9,0.7,28,2472.338606307467,2825.807853870921
19,17,0.2665625498120359,0.744476700356164,0.6777086974935104,0.18564308148475625,0.11183547752590421,0.09959586741791557,0.01972385877693589,0.04243533380490044,0.6,0.9,0.7,29,2280.7153896719947,2838.787370431136
19,18,0.2641970484439779,0.7412635495722457,0.6739742206846,0.18032346116938652,0.12830967520297434,0.09875728707631888,0.0198997236905162,0.04268688961072746,0.6,0.9,0.7,30,2279.2436060604405,2854.009538056111
19,19,0.27952300520569706,0.7438079784108214,0.6625923677644213,0.20688781575510362,0.14508139043963642,0.0978415731633236,0.020579190276631982,0.06996177775737593,0.6,0.9,0.7,32,2287.079470257789,2617.725983822465
19,20,0.2801940307121652,0.7443073469955492,0.6629942609219432,0.21397054293625362,0.12925580818530538,0.09858237064746,0.02083665300382346,0.07052247261419556,0.6,0.9,0.7,34,2308.979879069132,2729.143028179694
19,21,0.2807243364718328,0.7403850989568553,0.656713255932797,0.21751449212030954,0.2333052015028872,0.09137113750260674,0.02207315650819985,0.08918637742342522,0.6,0.9,0.7,35,1988.7728885625124,3302.989638929561
19,22,0.2293956291793953,0.6815189922210956,0.594382068576296,0.19116103484337987,0.14559176747975963,0.08825188576091302,0.02324005489926043,0.03516957045936757,0.6,0.9,0.7,38,2045.4823863984243,2895.148694112258
19,23,0.22783918086894558,0.6786139993961887,0.5909065840386838,0.1943152155033007,0.1105483756922368,0.08859415624476677,0.02339566656022879,0.03528530523403891,0.6,0.9,0.7,40,2021.0981605293352,2926.2735638083805
19,24,0.2635092284943409,0.7076476916115194,0.617287860865079,0.23811529475265789,0.2517559126184946,0.08854067406951815,0.029826533612255818,0.09066512340196536,0.6,0.9,0.7,41,1956.0287060665669,2978.9321892955973
19,25,0.2529189218947249,0.6958968337195158,0.6050978819930539,0.23709778244535695,0.14318860509349576,0.08826190875913853,0.026849486646193882,0.08160731139682419,0.6,0.9,0.7,43,1997.401602442732,2875.295110434205
19,26,0.2521187771274663,0.6943373900939299,0.6032538672802019,0.24311459313708964,0.14015645308267988,0.08865115512404932,0.026728092440375488,0.08157643004858978,0.6,0.9,0.7,45,2013.7624809436545,2818.880820283962
19,27,1.1291925849059774,1.5893780698662727,1.5226736173671829,1.1422132513744723,1.0496105247770782,0.08845900038526516,1.0,0.09053807745968993,0.6,0.9,0.7,47,1968.0923855265703,3033.3839967243025
19,28,1.1212124289058776,1.579997407647818,1.512799407014036,1.1323624571415976,1.0199972685482894,0.08818075601559813,1.0,0.08149294728861335,0.6,0.9,0.7,49,2009.336364807751,2925.9140659346517
19,29,0.21642828983098894,0.6774291651171667,0.6202064517688153,0.2590846025053144,0.2369472944470079,0.08863288895282662,0.03862130865264883,0.03700944235274112,0.6,0.9,0.7,50,2541.152807839805,2734.226208825642
19,30,1.3414875680779557,1.8330240852396906,1.8138118370054193,1.4078245450751652,1.2551289562041457,0.11539925697511481,0.5248622497631541,1.0,0.6,0.9,0.7,53,3633.333039324252,7488541.261082701
19,31,1.3412455924489424,1.8438094939539418,1.8375414597313964,1.42351895109624,1.2426754049745852,0.11540046457269075,0.524761250642906,1.0,0.6,0.9,0.7,55,3637.163842247366,7487867.942410451
19,32,1.341099303999565,1.8435581259773313,1.8372566882212438,1.4205510748749908,1.2428365193850475,0.11540122179886525,0.524698193438752,1.0,0.6,0.9,0.7,56,3639.571884628682,7487446.570491791
19,33,1.337089537928949,1.823583770913835,1.8027965124123284,1.4261168797023154,1.2716579763088751,0.11638239434303832,0.5239363423374727,1.0,0.6,0.9,0.7,58,3417.13736715115,7489201.212042293
19,34,1.336089694642169,1.8213226824844606,1.8001485800727093,1.3903764866792854,1.2466448987751044,0.11529144542278105,0.5246610842987596,1.0,0.6,0.9,0.7,61,3649.953275895168,7481377.082986541
19,35,1.3359077141888849,1.8432893438959261,1.8480403415376516,1.4517589075432829,1.2443130183291538,0.11638239434303824,0.5239363423374719,1.0,0.6,0.9,0.7,62,3521.7616633034827,7485272.521310195
19,36,1.3022598533530407,1.806097005502445,1.8097805894513401,1.4136773570199688,1.2321712357686034,0.13282402436740423,0.47857431936458744,1.0,0.6,0.9,0.7,64,3615.277921470707,7594882.0591369
19,37,0.22634974723178486,0.707846650465374,0.6953089967390333,0.3690339792020195,0.17501050289946185,0.07718665341880152,0.04941930879642499,0.07340390967183756,0.6,0.9,0.7,68,2917.885270976134,6495.860596208207
19,38,0.2255345280480511,0.6925588289699377,0.6661085037361046,0.3736923519183448,0.16201482501432732,0.07621351263876994,0.05029639165816063,0.07488572997491974,0.6,0.9,0.7,70,2939.6669837145137,6673.403004572572
19,39,0.2258822721553238,0.7039764280390105,0.6904893317991639,0.3910795261694151,0.14435095037316997,0.07724482451417286,0.05033246167674031,0.07457068352216603,0.6,0.9,0.7,73,2848.120172044355,6617.063524277311
19,40,0.21010011058675088,0.6716160109027018,0.6436565747550307,0.37744970886720025,0.19139319594176646,0.06795393048346504,0.04626204920488165,0.06982245395209857,0.6,0.9,0.7,74,23229.44175130397,7191.1773124200745
19,41,0.24571500114439948,0.7284776125482961,0.7262029580954841,0.4408709511878537,0.17413736460079285,0.0720097984299076,0.0599682037519161,0.10058217239460739,0.6,0.9,0.7,76,2833.284243061905,3448.806449667468
19,42,0.23455201325205305,0.7099712686062296,0.7057500803056239,0.44282767179763727,0.20001642777241224,0.07435212002933284,0.05547747584052254,0.09414739759946232,0.6,0.9,0.7,78,2867.6902607411835,3701.0124257397592
19,43,0.2398722809132003,0.7116868443057234,0.7065279288492805,0.46017281669103655,0.18672895223852565,0.07241112977729841,0.059356963981194374,0.10109418649166568,0.6,0.9,0.7,80,3080.686549126016,3427.6704091211022
19,44,0.23141458179151708,0.7002132928286788,0.6942788139625812,0.45616472367080263,0.1765112666517612,0.07508359948742394,0.05497632560139302,0.09451695403869173,0.6,0.9,0.7,82,2998.366303859858,3616.135388194734
19,45,0.2309574510252283,0.6985564712153864,0.6923154881091902,0.4631407944736249,0.1670733589745924,0.07523184239942309,0.05502276005748881,0.09451995558151628,0.6,0.9,0.7,84,3046.610771877416,3643.780972637233
19,46,0.22700761874372907,0.6925930863907588,0.6858402769165046,0.4667387063689721,0.17871769205877389,0.07544119382609564,0.05298040385942375,0.09271602350445893,0.6,0.9,0.7,85,2911.132542315134,3469.5787249636246
19,47,0.22800343324023387,0.7039040475169925,0.7099268796047294,0.4715757401342312,0.16844128754941373,0.07473307534895483,0.054351960891695486,0.09358831597021824,0.6,0.9,0.7,86,3163.652382176961,3678.4819224945895
19,48,1.0577671843407412,1.5369096773757605,1.5642233757034856,1.3353057466079459,1.0357874087641532,0.0674701892892541,1.0,0.08126646762385693,0.6,0.9,0.7,91,2951.4884301657085,10812.362105293045
19,49,1.055506479258291,1.5281264842819617,1.5538904480039322,1.3452507516256014,1.0292344470750703,0.06790708793142416,1.0,0.08127170082189925,0.6,0.9,0.7,93,2904.8165597936622,10672.149765382288
19,50,1.0477077170403308,1.5314531011561725,1.570198986229231,1.3342064188535463,0.990622730753881,0.06635971618243365,1.0,0.07149945063811629,0.6,0.9,0.7,94,2911.9698083938065,8186.628785814585
19,51,1.043404097739275,1.5185679156942187,1.5553099751777255,1.3390924196788738,1.0704430884439426,0.0685749707135857,1.0,0.06790872526396598,0.6,0.9,0.7,95,2834.3476753466075,7060.110846125409
19,52,1.0390370908034516,1.4960925523432547,1.5182488910735166,1.336128348450507,1.0512756540982975,0.0675181235541332,1.0,0.06593629448078381,0.6,0.9,0.7,96,2906.071330096654,8189.968058013415
19,53,1.0397512465163656,1.4954961336779609,1.5173540183919854,1.3477279550494254,0.9938995213993204,0.06899219736831555,1.0,0.06631075606466841,0.6,0.9,0.7,98,2931.459880789544,8371.138757715493
19,54,1.0313611679598609,1.4781018061586502,1.4979285273992913,1.344869485749884,1.0651474167866843,0.06719015493849786,1.0,0.059949423984958394,0.6,0.9,0.7,99,2843.224814204264,7940.120977022916
19,55,1.0347377968277296,1.4908442538828899,1.523259843650622,1.3450264779470122,0.9918658367452264,0.06656930302943623,1.0,0.06611281712192178,0.6,0.9,0.7,102,2800.202066652032,7952.599985188643
19,56,1.0305095630662937,1.485244439636321,1.517355677066864,1.3588859230025445,0.9946607613448187,0.06739317288779063,1.0,0.05994573549263512,0.6,0.9,0.7,103,2869.185607779385,7909.0127475189265
19,57,1.026958222580114,1.4788502356324777,1.5103300587538067,1.3488103605361281,1.0055330999601506,0.06510225410287993,1.0,0.05804198404759624,0.6,0.9,0.7,104,2768.5844298417,7904.894182431539
19,58,1.0326568211851537,1.480226686095433,1.5107475134628376,1.3842859757461154,1.0265964768960654,0.07378213030465994,1.0,0.06056764638393515,0.6,0.9,0.7,105,3533.7383417607853,10156.094381978715
19,59,1.0280797757898266,1.473624987807255,1.5037054379730572,1.3582168243280306,1.0000505917208704,0.07025439305824437,1.0,0.05783421277373633,0.6,0.9,0.7,106,2778.585835238021,8452.045136896459
19,60,1.029441368571922,1.477922496168965,1.5192060521575925,1.3826340702201514,1.0591964319055314,0.07309982691153985,1.0,0.06052172285090916,0.6,0.9,0.7,107,3547.489367297158,9764.066319130472
19,61,1.0294531629880814,1.4755537869005533,1.5163237805599652,1.393969686561885,0.9972955427274947,0.07406127739176731,1.0,0.060597641292391737,0.6,0.9,0.7,109,3361.798628855521,10376.511834698296
19,62,1.0239583996032438,1.4392614255851024,1.462853895106042,1.3983918514260987,1.0722692493850807,0.07495654322594816,1.0,0.05883385421168184,0.6,0.9,0.7,111,3954.9089992674735,8773.684023932989
19,63,1.0238852466224715,1.4184376799570024,1.4484529690969217,1.4085306916712204,1.1257369188808986,0.0778170909790628,1.0,0.06549868597219326,0.6,0.9,0.7,113,6733.968302460571,9161.657521092187
19,64,1.0226690919934025,1.409394030490858,1.4378282936612818,1.415194834217597,1.0249646740160563,0.07808085242442837,1.0,0.06554084114116046,0.6,0.9,0.7,115,6681.609729091322,9038.268104465733
19,65,1.0214669112170542,1.4011847786123095,1.4282131198018848,1.4327549240884336,1.0118367142193319,0.07882868421326848,1.0,0.06489783797735624,0.6,0.9,0.7,118,6717.047879229873,8911.066799318061
19,66,1.0199263256572397,1.386735706701564,1.411196966415648,1.4538973945475397,1.0456293104425,0.07853016492207114,1.0,0.0659284514767791,0.6,0.9,0.7,120,6646.799832979921,8196.153527976605
19,67,1.013468060149076,1.4000308813217335,1.4715826312815157,1.540153885266263,1.0009659825964528,0.07509119138953896,1.0,0.06481489160364233,0.6,0.9,0.7,139,2637.6644466350504,6109.700128069082
19,68,1.0223111154401832,1.4031594668146339,1.484444059681054,1.5376569232003274,1.1346967029156887,0.07475186073289518,1.0,0.08082683578372636,0.6,0.9,0.7,140,1601.5055963669288,13708.279336135976
19,69,1.0088242527008247,1.3648204391722865,1.4304932237543855,1.5437149995941701,1.0960336401410484,0.07460969001275085,1.0,0.06396724929833754,0.6,0.9,0.7,141,2545.5732337774,6065.118968616911
19,70,1.0062189219723487,1.3595089402289278,1.4246663350220776,1.5529373713277552,0.9977576749965004,0.07523147746939504,1.0,0.060145709055746774,0.6,0.9,0.7,143,2600.1536328410266,6285.805484126913
19,71,1.0061958588741322,1.3586974618036851,1.423704897037984,1.5605705774581875,0.9903581306491003,0.07533058127367301,1.0,0.06015248185699734,0.6,0.9,0.7,145,2591.813162866486,6181.419416110201
19,72,1.0090370602411232,1.3540134137525373,1.4175921036258772,1.5706217333982608,1.0493203603291736,0.0742762999084108,1.0,0.06628261008831202,0.6,0.9,0.7,146,2526.72424465526,6013.459130279169
19,73,1.0147441704632767,1.3675419423676778,1.4434810548815782,1.557332054755613,1.0230435346861355,0.074642980323231,1.0,0.07462804438233392,0.6,0.9,0.7,147,1678.7495859360415,13288.054050261038
19,74,1.0035213739210938,1.3634919601339803,1.4625619256256326,1.6051759538442198,1.0263462104609828,0.07253329472903661,1.0,0.06258209613678503,0.6,0.9,0.7,150,1707.0769912816163,14257.55258442752
19,75,0.9993176661991328,1.3406402989733803,1.4253149716661553,1.5931279306283592,1.0407075051128774,0.07156166965572504,1.0,0.05841078662667119,0.6,0.9,0.7,151,1691.0692250719396,14410.347994661512
19,76,1.0010421052180052,1.3443912699658278,1.4403530033379315,1.6018220543181814,1.0096668626339056,0.07146794766359338,1.0,0.062135605586537745,0.6,0.9,0.7,154,1709.0854660466005,14238.378220756147
19,77,0.998764831020952,1.3298211450773785,1.412579681422789,1.6158633120678676,0.9869607269948766,0.07234067779161524,1.0,0.05827111817922762,0.6,0.9,0.7,157,1699.9291788765709,13952.682284007646
19,78,0.9971190304336944,1.3441192332111347,1.4516764643113498,1.621919558717255,1.0321073405035408,0.07113486619689904,1.0,0.05774663693138811,0.6,0.9,0.7,158,1680.1655199859204,14063.849493691803
19,79,0.9952707251785734,1.3416412084835574,1.449081547082929,1.623960410086846,0.9860812878418608,0.07047027783120653,1.0,0.05575172503746353,0.6,0.9,0.7,159,1910.680893697785,10791.066143556243
19,80,0.9958181450323885,1.3161680034748482,1.4078647350831044,1.6315344035350534,1.0203732889454071,0.07029308625205836,1.0,0.058401939374616775,0.6,0.9,0.7,162,1623.227072187433,14124.781186216034
19,81,1.0032664930775073,1.3303237218723687,1.4341914852941735,1.6549847044199826,0.9964913337776705,0.07657526092816662,1.0,0.064152650104912,0.6,0.9,0.7,168,1794.6515185411524,13701.178224581154
19,82,1.0049359971909075,1.3796581192437085,1.5469909042576218,1.7637046942220342,0.9994047121905705,0.08213028141151565,1.0,0.06266460834330548,0.6,0.9,0.7,178,3930.104302216536,4800.104343711855
19,83,1.0041548838771197,1.3865835643779023,1.566274542481266,1.7755058136234898,1.0057147601599232,0.08077421329334865,1.0,0.06307226972746727,0.6,0.9,0.7,180,3861.360752271197,4662.227174734503
19,84,1.0077512063805267,1.3771197136697062,1.5434697182524129,1.76937536273933,1.0032863777864152,0.08223510928683922,1.0,0.06714671248684771,0.6,0.9,0.7,182,3899.0817458435545,4751.074382612967
19,85,1.0069471413544808,1.322448091383809,1.4351384794050386,1.772505924033232,1.0637824474369495,0.08115572839068971,1.0,0.06782010660697065,0.6,0.9,0.7,183,3803.529443847679,7280.803930872149
19,86,1.0065790480227361,1.3306129722812816,1.45581540081488,1.7854102620430807,1.0059749816684862,0.08095045938177318,1.0,0.06772804567972716,0.6,0.9,0.7,185,3813.9377949505215,7138.159843409015
19,87,1.0062302440032795,1.3346560702479022,1.4716160392384514,1.792048041466051,1.0213841068516831,0.08088328161011005,1.0,0.06792550435277274,0.6,0.9,0.7,187,3871.546972610864,5490.441537363293
19,88,1.006247660871397,1.3405451830691137,1.4895342089223793,1.8167052918463713,1.016243308340636,0.08196060726601934,1.0,0.06751237524887146,0.6,0.9,0.7,189,4020.7404570525687,4614.212875432134
19,89,1.0047388662066858,1.3461473028436202,1.5183588207607002,1.8342309706722444,1.052540192113257,0.07785613041563476,1.0,0.07019806602124914,0.6,0.9,0.7,191,4024.049534642093,4540.859201079393
19,90,1.0094253069152135,1.3553757989078732,1.5393816809722947,1.8465774555944692,1.0254835557328703,0.07866861930980437,1.0,0.07674076692977345,0.6,0.9,0.7,193,3949.685294342089,4451.188782417616
19,91,1.0054427346314467,1.3576859544991122,1.5538046189741863,1.876450555519139,1.0062638192985263,0.07887928488232909,1.0,0.07126113387017684,0.6,0.9,0.7,197,3978.081181667953,4433.589321405727
20,0,0.9404020270864863,0.9862790495896204,0.9349554750580403,0.011507232717215274,0.0,0.0,0.0,0.0,0.6,0.9,0.7,1,1671.2716758651864,8073.358099974274
20,1,0.9649924378017352,1.0171144210452914,0.9654624488538887,0.04749045920689432,0.03954948949169178,0.054349814107740146,0.00010637536253598,6.730759416534e-05,0.6,0.9,0.7,3,1662.1827429995246,6938.105617832152
20,2,1.017158362425851,1.2526354936593955,1.2027249502246387,0.3501610761534859,0.7819506413408763,0.07943614040795344,0.1714734531714825,0.1726078581009629,0.6,0.9,0.7,4,3084.8397072679604,8826.840313790144
20,3,1.5600447533278134,1.812278801170046,1.7469923364081148,0.9186880237773071,1.0042881782992672,0.00469263162184704,1.0,0.00673726505236834,0.6,0.9,0.7,5,1743.6381831921924,35168162.48748753
20,4,0.7320111946553924,1.0645557808387125,0.9908206736781948,0.23218981437729802,0.553775325346101,0.07713034093091552,0.10282889799350066,0.100453843006343,0.6,0.9,0.7,6,2691.898701030584,16818.651613112022
20,5,0.6684954621063276,1.0063709887891288,0.9319489374215301,0.18351005048579105,0.16898364455530251,0.0772580856853279,0.06857306758901521,0.06699692214220447,0.6,0.9,0.7,8,2699.121073139683,16877.80455569356
20,6,0.6598169702829401,1.0026687051716066,0.927580136097169,0.18711950363280894,0.18223575096719039,0.0772308108110014,0.06880308676873995,0.06699438318404122,0.6,0.9,0.7,9,2649.768238475457,17672.33268895687
20,7,0.5842172802821962,0.9827506451384034,0.9135690502191361,0.19599736447742694,0.4553022583141049,0.07917803552381192,0.07362712556544393,0.07383528265527516,0.6,0.9,0.7,10,2901.8384229846843,18413.519073232725
20,8,0.516316557560717,0.9284860149937881,0.8564076413484841,0.16348698555830804,0.18688453671878139,0.0537249534234633,0.05989901569380433,0.059945656519005894,0.6,0.9,0.7,12,2723.109972132467,14612.909876312488
20,9,0.4595219992791387,0.888116281972259,0.8117317116330384,0.15259201758645646,0.2006869637621818,0.05552857259661411,0.050788292063015626,0.04836360595769943,0.6,0.9,0.7,14,3049.1650511031426,15106.911804445825
20,10,0.44632595879645776,0.9016591829528668,0.8498898702638911,0.16769024069587374,0.1686571482229222,0.0554038909154239,0.0500592640058942,0.04830374640944946,0.6,0.9,0.7,15,2993.2742216843835,13795.662119034014
20,11,0.44903390165256923,0.897842994443556,0.8313814379560223,0.17428734001514246,0.1983537665118507,0.060750787806150855,0.058021316990557605,0.0581502036352979,0.6,0.9,0.7,16,3499.375237112867,16799.015389794793
20,12,0.588867439202591,1.0636334871539566,1.0220085019073657,0.34651532048956646,0.33049937471489993,0.1369738071522213,0.08279707612223682,0.1755060184534098,0.6,0.9,0.7,17,3059.493279368848,21655.10938819449
20,13,0.39416012403995343,0.8771419141820238,0.8306867986387532,0.18460287911716253,0.31503233164074607,0.058646122735967775,0.0573476952435225,0.04923867341986735,0.6,0.9,0.7,18,3581.638522163265,15812.465716249551
20,14,0.3817666052388553,0.8774713341402498,0.842779538175556,0.18780744417639803,0.14277649228240893,0.058487737148142524,0.05418107276480553,0.04823084789178586,0.6,0.9,0.7,20,3280.864094251242,15593.02153818778
20,15,0.44527911691978306,0.9315251693438491,0.8820168616249787,0.27144222808765894,0.2674320098240138,0.09975894864752935,0.06265368580078648,0.1103370871343867,0.6,0.9,0.7,21,3430.3808806191955,17088.516604163524
20,16,0.3564779693515927,0.8557681689376249,0.8156651106483234,0.20245665540358931,0.2741854022154716,0.07518599391845696,0.051066460948825707,0.05205762556826439,0.6,0.9,0.7,22,3709.179604640077,16158.031784227696
20,17,0.35274756430155674,0.8409100572488987,0.7875550882840167,0.20707392898708193,0.13576070497054066,0.07372319563090256,0.05128192674014348,0.04991176905827751,0.6,0.9,0.7,23,3585.5454319630567,16389.75952333584
20,18,0.3364379824147182,0.8133326888809055,0.7445092222703321,0.1908880107945663,0.22378719444437528,0.08024304154141162,0.04439441000806181,0.050376016321032537,0.6,0.9,0.7,24,4146.535944453537,15697.984373919118
20,19,0.3935082769424073,0.891093302512243,0.844532050107246,0.2869165203660981,0.35313687452040504,0.10139481398998651,0.06848748527551288,0.11153092248706849,0.6,0.9,0.7,25,3604.595410403883,17769.874138375908
20,20,0.49061967159317726,0.9761204819693932,0.9154555865651339,0.395632578732037,0.34818036355200604,0.09727504651933497,0.09552428165200334,0.2269764700928067,0.6,0.9,0.7,26,3603.439668600801,19340.752760979434
20,21,0.40934776045463306,0.9169566106703536,0.8819627277772579,0.31724110816291956,0.2369675474093696,0.10688795175860026,0.07248808095511142,0.13457510163343506,0.6,0.9,0.7,27,3304.718512851295,17938.90068372222
20,22,0.40207588497025687,0.8973996261502457,0.8483014652219099,0.3177744487396437,0.2666826974569578,0.10524191737813833,0.0719511709600711,0.13395163942266913,0.6,0.9,0.7,28,3239.793007016626,17881.94462169742
20,23,0.3782107696014097,0.8611534728036704,0.7979929655190581,0.28926603649250826,0.24618342796996395,0.1026428325727041,0.0651731331549562,0.11797723718322532,0.6,0.9,0.7,29,3151.181809379571,16121.652595955346
20,24,0.3768982053354959,0.8706968985021577,0.820252483785918,0.29718241879760493,0.20859062506650344,0.1026428325727041,0.06517313315495611,0.11797723718322532,0.6,0.9,0.7,31,3219.837542255743,16036.302951189287
20,25,0.2828692100985118,0.7635095423098789,0.6985380481203258,0.2130392099238554,0.14705596700321144,0.06621681097217305,0.05348762688640509,0.03983937204269618,0.6,0.9,0.7,33,7933.975847028621,15770.02272419532
20,26,0.25565296370296803,0.7256941299208443,0.6546054123993253,0.2089716419664701,0.3630308611258297,0.05896662278701319,0.055414974984750454,0.04058164408120894,0.6,0.9,0.7,34,8110.73518915684,15720.442722237713
20,27,0.25567279913644053,0.7350893586153783,0.6761219498319163,0.2243731467015323,0.13497293005857963,0.05706985468286672,0.057607561136174844,0.04413785002157045,0.6,0.9,0.7,36,7293.960458922149,16062.342214147264
20,28,0.25534309899439733,0.7325885268490098,0.6726127375296846,0.23247104435591306,0.1618496034990953,0.05521687944744354,0.062237872461465046,0.04461219655799048,0.6,0.9,0.7,37,7868.451182413509,16082.62048908757
20,29,0.23480069308303297,0.7158967697416504,0.6658473488150183,0.23255765817098745,0.23508688407606887,0.06785734926967676,0.04579436337671462,0.04071108074997215,0.6,0.9,0.7,38,9009.215076512037,18824.46210305904
20,30,0.22705340260763388,0.7075914669453806,0.6573204440819493,0.23403607862423578,0.1079339187520918,0.06671203787760716,0.041641692561235136,0.03701557978534261,0.6,0.9,0.7,40,8946.9456696288,18887.622194132007
20,31,0.25987079525523427,0.7294588261695495,0.6661063720062238,0.2632080691772397,0.14593812300568107,0.05470655720981271,0.08050773677362182,0.04525597142282791,0.6,0.9,0.7,41,2695.0429889337674,18280.005102739728
20,32,0.25843091581893385,0.7264087003393146,0.662457275921163,0.2696976593998911,0.14918372932405413,0.05450702591989966,0.08086578951893833,0.04560564605010008,0.6,0.9,0.7,43,2692.6619878930514,18112.001669968267
20,33,0.6467174595544494,1.113533457857009,1.0582301992999539,0.7019034985396411,0.5604073844202493,0.08384601596588906,0.10071813178325033,0.5682682506792445,0.6,0.9,0.7,51,28380.607347146764,18866.562928834108
20,34,0.6431112208098319,1.1031440260125027,1.0456071482592102,0.7099729173969723,0.5866429455768849,0.08377124876222038,0.10229533691825846,0.5700949320128996,0.6,0.9,0.7,53,30800.7208172479,18920.518213125797
20,35,0.6641144047619886,1.1239455172755093,1.0663373992356453,0.7311627339039104,0.5658056714309523,0.08612724696606915,0.10380965747124882,0.596439162275572,0.6,0.9,0.7,54,30600.034628990667,18702.86266306236
20,36,0.6415043150064446,1.0987692897772408,1.04034835120917,0.7169173240553779,0.5750369546538158,0.08475933132413686,0.10224766228030599,0.5704341210919446,0.6,0.9,0.7,55,30083.547635425457,19107.43747099011
20,37,0.6620413943379785,1.1185449186577037,1.0598783984460423,0.7380055408675259,0.5736708208719574,0.08710240476437638,0.10376198564533368,0.5967783303344305,0.6,0.9,0.7,56,29886.05843605845,18890.083080272827
20,38,0.48291909524506355,0.9482457183847445,0.9018424716476308,0.5663000691819783,0.41598232422530024,0.07553352571619469,0.09590561992917174,0.36365632730028563,0.6,0.9,0.7,57,30266.606876274374,19803.65325984374
20,39,0.4717312341029056,0.9295070903936911,0.8808193866092934,0.5697447599616913,0.4273799622616452,0.0771956863105601,0.0926183365076686,0.35874512542791265,0.6,0.9,0.7,59,30425.13416235957,19284.343464845108
20,40,0.4705559303003056,0.9267833215202261,0.8776393868814791,0.5761531944320376,0.39003926286621704,0.07682864147047012,0.09275267543664828,0.3588013474722154,0.6,0.9,0.7,61,30350.91415874845,19286.685368428814
20,41,0.46955198703610024,0.9248224489041214,0.875398609342196,0.5823897043492643,0.39182656849665526,0.07632458598040404,0.09268850684760442,0.3588500299818719,0.6,0.9,0.7,62,30194.271579651755,19309.5282930202
20,42,0.4697725220038841,0.9247334443960964,0.8752186868286109,0.582785896494149,0.3845876224959541,0.07681628251495368,0.09286398007822529,0.35883343634034276,0.6,0.9,0.7,63,30125.00012697855,18777.696908505503
20,43,0.35883761808155656,0.7758558513326221,0.6860922397597975,0.4715531285158068,0.29829545985628014,0.07381855300122143,0.10123737942200679,0.19637717704800772,0.6,0.9,0.7,65,30569.52412244576,18675.595787245467
20,44,0.46786778857567957,0.9344790485813319,0.9079143709905664,0.5788706425301595,0.4595447456823972,0.07580465962760422,0.09493786689392471,0.36439429024142655,0.6,0.9,0.7,66,30572.635198343407,18731.622277300423
20,45,0.45413166942752203,0.897083551268611,0.844172970610822,0.6334829663276658,0.37503815410211266,0.07773950983619889,0.08862281116154089,0.35232209505816997,0.6,0.9,0.7,73,30125.06166590937,19538.83882029398
20,46,0.4510169232893576,0.8909896504059565,0.8372649532652717,0.642004725309833,0.38829206201661515,0.08019587754867663,0.08689772322191483,0.3505202446066258,0.6,0.9,0.7,75,29911.917120210128,20068.611272535592
20,47,0.4499754404143944,0.889425163931977,0.8355584798081026,0.6479189183849072,0.3767607405433066,0.07898613137400654,0.08688684264682604,0.35052120878238807,0.6,0.9,0.7,76,29755.08829653404,19717.461087301366
20,48,0.4504424504080844,0.8889145864626375,0.8347836542208044,0.6489496816143548,0.3827475332169962,0.08042228361802957,0.08688361535731932,0.35076871031120505,0.6,0.9,0.7,77,29828.13649316558,20042.580951259893
20,49,1.7469515194125573,2.2441974928523756,2.2658238241732374,2.0041207285078615,1.6802147975060737,0.12193040815384348,1.0,1.0,0.6,0.9,0.7,90,2626.724754803396,11615.754461865014
20,50,1.746931796726174,2.2441395357876193,2.265755911776686,2.0109158118557495,1.6735582122639068,0.12193040815384353,1.0,1.0,0.6,0.9,0.7,91,2626.8492507044225,11615.971748928838
20,51,1.7456779836958662,2.2405831587342506,2.261602015719582,2.014150185782425,1.6973202011242412,0.1218176256677804,1.0,1.0,0.6,0.9,0.7,92,2645.6572489466403,11270.466311815291
20,52,1.7452893224657409,2.2289395622319823,2.23693512357504,2.0142287254700575,1.6744880406646394,0.12130780016207979,1.0,1.0,0.6,0.9,0.7,93,2591.1849871013646,11758.2199428309
20,53,1.737252456819931,2.2377684411930447,2.2703514786600127,2.0259137439472745,1.7243411821511645,0.11243059679039409,1.0,1.0,0.6,0.9,0.7,94,2305.0820413609745,9840.92973292159
20,54,1.7349429137596444,2.231368552766799,2.262917934036423,2.032258140565644,1.6881691397924834,0.11182453931187712,1.0,1.0,0.6,0.9,0.7,96,2313.7065269814475,9879.307574343193
20,55,1.7337357319132771,2.2280206453241784,2.2590340652225525,2.039017880710892,1.6778047244440066,0.11146025951964258,1.0,1.0,0.6,0.9,0.7,98,2336.1206362279745,8532.767963332888
20,56,1.7067783796281162,2.1751271804815886,2.189523043202265,2.0058512971251083,1.795430739623871,0.07717976511082654,1.0,1.0,0.6,0.9,0.7,99,2557.3531494807235,25673.390876270016
20,57,1.7105845778010769,2.1692284178226786,2.181329738750609,2.0192986064252514,1.7469704477473842,0.08967906042327592,1.0,1.0,0.6,0.9,0.7,100,2673.912536054924,16341.965321483747
20,58,1.7026841270674968,2.156989071736211,2.16808024846637,2.012370062610524,1.6885310149620603,0.07911062586474983,1.0,1.0,0.6,0.9,0.7,101,2701.052408742072,26069.42921976956
20,59,1.708146005700881,2.1511313160149506,2.149114591541961,2.0255905362113733,1.6671458041312932,0.08906620898072848,1.0,1.0,0.6,0.9,0.7,102,2613.060541922699,16184.641369704575
20,60,1.6824124611243305,2.1324977649472485,2.153070654945413,2.0061401735430806,1.7616311288434203,0.053862684661405716,1.0,1.0,0.6,0.9,0.7,103,2223.693233875365,9488.93804005852
20,61,1.6780557709217125,2.126956178122427,2.1577754354413523,2.00762007251641,1.7435282609176532,0.05275693734129775,1.0,1.0,0.6,0.9,0.7,104,2386.4925096527177,10546.782629976948
20,62,1.674036556277661,2.110095663467095,2.1381155259886144,2.009205425391701,1.6881886196156048,0.05189874943130227,1.0,1.0,0.6,0.9,0.7,106,2438.03855612968,11334.9379196901
20,63,1.6700624169446197,2.0904645654350036,2.115139365069065,2.0146124685102613,1.7677395484145724,0.0517345137307925,1.0,1.0,0.6,0.9,0.7,107,2448.730803478003,10537.474074142006
20,64,1.7199539144058222,2.09096307008224,2.0733360262517135,2.094941188230501,1.6993452082505842,0.14070596879253056,1.0,1.0,0.6,0.9,0.7,116,27944.174991021864,9623.314202375408
20,65,1.7186061955309082,2.0810625901221345,2.061670898402385,2.1016005859801914,1.720803984472702,0.14137829735373839,1.0,1.0,0.6,0.9,0.7,118,27939.992573750624,9817.424996916829
20,66,1.7185398377351093,2.0767782341106837,2.0565223663570125,2.1091008069983426,1.7032026944199719,0.14264831698276245,1.0,1.0,0.6,0.9,0.7,120,27819.09585392264,9542.004422570535
20,67,1.7182132593453938,2.0444429973538454,2.017740833839299,2.110956382919814,1.9540325120820867,0.15149036173007957,1.0,1.0,0.6,0.9,0.7,121,27077.48318398333,10381.076811557728
20,68,1.7107080395944778,2.046640443949573,2.032641489286691,2.165738348756849,1.6844233714932622,0.13937300728950397,1.0,1.0,0.6,0.9,0.7,136,28606.56357985112,9400.634352982746
20,69,1.721147881270553,2.063000160642618,2.0609497419931726,2.189478655042194,1.7395599680351064,0.15820322901887252,1.0,1.0,0.6,0.9,0.7,137,27169.31136793423,9339.506116229426
20,70,1.7136268810891229,2.0451250750758865,2.0626914183921397,2.206188169927608,1.9504307355561747,0.15319647069348136,1.0,1.0,0.6,0.9,0.7,138,28132.484158979525,10201.60040406715
20,71,1.7136165447569098,2.0562372737130405,2.086788442700578,2.2177706147552367,1.6922394254643518,0.15319647069348136,1.0,1.0,0.6,0.9,0.7,140,28121.25808464887,10204.9927297436
20,72,1.7127245075881599,2.017260616571929,2.018801163021277,2.213116051967492,1.7542884537886132,0.15486975827325636,1.0,1.0,0.6,0.9,0.7,142,27405.50553326338,10467.185250153088
20,73,1.7127605722872457,2.0159538583615406,2.0172379480894573,2.220717630863065,1.6983418560328292,0.155187913897384,1.0,1.0,0.6,0.9,0.7,144,27505.732855660677,10557.80477771744
20,74,1.7130183700586066,2.0256121394915487,2.039552513966885,2.2402930662833427,1.6970861978038567,0.15596118979472356,1.0,1.0,0.6,0.9,0.7,148,27549.82208999253,10447.44137445619
20,75,1.7128094601232817,2.0363554530611694,2.0632483783001776,2.2365348510538396,1.6953843146723877,0.1556612415088941,1.0,1.0,0.6,0.9,0.7,149,27386.475294824708,11128.071523130382
20,76,1.7136375959916583,2.036454946682807,2.063208930704847,2.248850267579387,1.6971530375826327,0.15717968066393542,1.0,1.0,0.6,0.9,0.7,151,27421.786275414717,11079.20987043772
20,77,1.7129704725870443,2.0351917098707517,2.061832131868239,2.274966897574834,1.698305183762586,0.15617928842126227,1.0,1.0,0.6,0.9,0.7,152,27264.876006802668,10760.10558182932
20,78,1.7126176333515497,2.038937227333693,2.0772266285851826,2.3096750791668246,1.7492725314956994,0.15690079448424163,1.0,1.0,0.6,0.9,0.7,153,27062.8769411352,10423.765337400351
20,79,1.712351193717774,2.034270449079269,2.0717255643569388,2.313280567218488,1.7113489643962472,0.15724194873659897,1.0,1.0,0.6,0.9,0.7,155,26950.49980398031,10238.293302344717
20,80,1.7124432958853197,2.043725149617954,2.0938321423062893,2.3254437247938284,1.7017399371494206,0.1577186648465974,1.0,1.0,0.6,0.9,0.7,157,26944.891199697315,10413.64895972543
20,81,1.712406089711139,2.0545364502197927,2.1175766126952373,2.3452633098297335,1.6960023711289027,0.1577186648465974,1.0,1.0,0.6,0.9,0.7,159,26969.930847249718,10406.366782066263
20,82,1.6705346983872316,1.9460685836904388,1.931202986622493,2.229816852414684,1.655064535332784,0.08803437412633301,1.0,1.0,0.6,0.9,0.7,161,27876.426611054096,12024.089737956385
20,83,1.6703210719897492,1.9516625797416733,1.948799402304432,2.2501268800656034,1.6610970556121067,0.08839715114679839,1.0,1.0,0.6,0.9,0.7,165,27284.56952292028,11548.576222757118
20,84,1.6713300152624333,1.9621535379428248,1.971966181525966,2.2557270677711134,1.667474706228087,0.09036987594931632,1.0,1.0,0.6,0.9,0.7,166,27160.146232366707,11118.551921670574
20,85,1.6703234339604873,1.9455287290011578,1.9415092977562691,2.26522461680681,1.670619542362109,0.08942668429957351,1.0,1.0,0.6,0.9,0.7,168,27184.88565748835,11433.64076938639
20,86,1.6707940656442952,1.9524917715262455,1.9605874539560368,2.2703704335988375,1.6726329892195246,0.09097503618000452,1.0,1.0,0.6,0.9,0.7,170,27147.433562592487,11738.6833459086
20,87,1.6970922251715774,1.9962283836510433,2.029393271450834,2.317237647778928,1.7003554116536816,0.13559095816943928,1.0,1.0,0.6,0.9,0.7,172,27099.045550382743,11082.86770632803
20,88,1.670140962545143,1.9357660897101214,1.9408558146613584,2.277448175239697,1.7400082933782024,0.09235411022118109,1.0,1.0,0.6,0.9,0.7,173,27822.92644364609,12404.926278841978
20,89,1.6667543396954718,1.9221589225992588,1.9362738193713513,2.3038542612179214,1.7348738270015114,0.08968949183803378,1.0,1.0,0.6,0.9,0.7,175,27974.02695427041,14826.593949793512
20,90,1.663238932345267,1.919302307417042,1.9444730338610625,2.3087682731890444,1.6907882099960556,0.08518035466238735,1.0,1.0,0.6,0.9,0.7,177,27226.52800495228,14572.840206421684
20,91,1.6625787353413202,1.8931140715618484,1.9026545959248893,2.310468840863737,1.705100581292361,0.085798644229681,1.0,1.0,0.6,0.9,0.7,179,27234.239076355967,14442.246366548185
20,92,1.6626209707109927,1.8851360143955125,1.8932096063186559,2.3216673724627555,1.6819655223124172,0.08677744248398742,1.0,1.0,0.6,0.9,0.7,181,27246.366605400875,14420.79606527792
20,93,1.6617318918111619,1.9043346339779028,1.9379855491361542,2.333339574861645,1.6599574050536963,0.08555155360454483,1.0,1.0,0.6,0.9,0.7,183,27280.75035079012,14496.10330121892
21,0,0.7459530327412136,0.9345832284393094,0.8744063570727512,0.006753005352424813,0.0,0.0,0.0,0.0,0.6,0.9,0.7,1,4560.242137953979,7480.451802248074
21,1,0.7523595153979553,0.9566292645375188,0.8952847189300537,0.038385454705976325,0.05267338572402785,0.0478822596139532,0.00010897207854047,5.2157758479159995e-05,0.6,0.9,0.7,3,4511.4389159510765,7396.605412535607
21,2,0.7050681176959352,0.9385941891827969,0.8749164367820864,0.035039664290004706,0.11961135471053566,0.01795858802447952,0.014880315170777638,0.00040875211274532996,0.6,0.9,0.7,4,4494.028646079183,7321.076955308953
21,3,0.5145242073144707,0.9390525756184958,0.8638550827434441,0.15688565670752433,1.1568856567075243,0.05866030132330811,0.09853048562512218,0.04716005550132788,0.6,0.9,0.7,5,3791.9496514523594,5047.438419805018
21,4,0.4013977074622183,0.8522538968052363,0.7658379739022421,0.1373529725359585,0.3652522626159618,0.06833968600851091,0.0713880172026102,0.04334378549786978,0.6,0.9,0.7,7,3692.5985544649,2858.9641172527663
21,5,0.32423545932886616,0.7788266152059089,0.684738938787439,0.10781045059550393,0.2624994884643532,0.06614444726389196,0.05050353343453301,0.03117607827024581,0.6,0.9,0.7,9,3612.21899772548,8110.031453954385
21,6,0.305228777286881,0.7597719076245728,0.6652782549322893,0.0965271903450306,0.0985566318162941,0.06632710092309688,0.03788873736059297,0.02340385475847362,0.6,0.9,0.7,11,3554.7460099558093,8148.404413805481
21,7,0.3279093387734346,0.7822074701282854,0.6866378376826585,0.13060568734664704,0.14093513039041353,0.045861947207475426,0.03878749481064804,0.08081559228532112,0.6,0.9,0.7,13,3711.063597448472,8256.085674435019
21,8,0.3075622740069536,0.7617011474171599,0.6656621813062501,0.11880573054370869,0.1108050582976815,0.0467211503190708,0.031041372939436717,0.06465975599053159,0.6,0.9,0.7,15,3689.5474606080415,8266.45389454468
21,9,0.26427511517040264,0.7271970938186664,0.6403474026617854,0.10233386623064787,0.15550426368278464,0.06091678927126175,0.031372946363851774,0.01856138483274975,0.6,0.9,0.7,17,3598.140410505954,8051.771370279997
21,10,0.35899108985400285,0.81658102431345,0.7251744209477546,0.2918909540075415,0.20807399710523083,0.05789954280351154,0.12722776138068553,0.06360908814157484,0.6,0.9,0.7,30,4895.919788174138,22952.976470435467
21,11,0.30562484662545614,0.7596866343274197,0.673392811329947,0.2678913873119833,0.49330596236075497,0.05316190638609147,0.10367134657218842,0.06647058043351839,0.6,0.9,0.7,31,4714.899136816574,5702.140735474455
21,12,0.30294004277131414,0.7558411182406437,0.6690390599967544,0.268906753324145,0.18121570285983904,0.05281640716589821,0.10313315744394944,0.06620427981817556,0.6,0.9,0.7,33,4647.736216740533,5714.308414136109
21,13,0.2907758297238587,0.7420142767357573,0.6545017863499308,0.27427704962280675,0.19014543901510952,0.051750885250356926,0.09948060106252664,0.05798722570395197,0.6,0.9,0.7,34,4834.104908142722,5822.0176063504605
21,14,0.27311301358590734,0.7463672470608043,0.6846890542861856,0.286345779233765,0.14523282526279718,0.04593077027004243,0.0823297826859371,0.06062372864879369,0.6,0.9,0.7,40,3415.1031168269087,6214.434507439851
21,15,0.2566179254093093,0.7078626338408799,0.628980124399377,0.26935346110047786,0.31275961464460295,0.04011935655682243,0.08722713107611066,0.05537529302952604,0.6,0.9,0.7,41,3852.5784420930095,6200.019035909442
21,16,0.2811778904408775,0.7276059967884074,0.6470120880389709,0.3077201010316604,0.24084659819736248,0.04313473135068206,0.1164139167922276,0.05774518312302064,0.6,0.9,0.7,42,4090.3561905223337,4723.26321507474
21,17,0.23380983723317966,0.6879743158070566,0.6191953409692454,0.2875678380644809,0.1392507655758997,0.03735192222842792,0.0847350739344537,0.040698254306595114,0.6,0.9,0.7,46,3950.746428176396,18027.22057581465
21,18,0.24568716502677757,0.6744707684668166,0.5787018652137704,0.3030126139035091,0.15193130627335788,0.03949651506735087,0.09007897352264307,0.05296073061935286,0.6,0.9,0.7,50,4544.107023838196,8678.44223843633
21,19,0.25133335888928265,0.6677741801226822,0.5681249929958566,0.3262953040876444,0.21054253540791126,0.04163047280024264,0.09626125905950468,0.06598542483559777,0.6,0.9,0.7,53,4559.006017979593,9414.292310534674
21,20,0.25133335888655867,0.6789785287831522,0.5923297585169891,0.35822870518360955,0.15780446288822,0.0416304728002426,0.09626125905950512,0.06598542483559802,0.6,0.9,0.7,55,4559.006017570688,9414.103302971012
21,21,0.21899420605602105,0.6393464829023828,0.5505284759264469,0.3430250489751483,0.2200598905229308,0.03928039766683489,0.07701572526780873,0.05422173795022027,0.6,0.9,0.7,56,4406.6044056350775,8588.902524218169
21,22,0.322362715810796,0.7248660005758277,0.6211645194822302,0.46293551477853795,0.31471877836994666,0.037281407252465745,0.1990168830507448,0.052961235466749045,0.6,0.9,0.7,57,5254.923182945857,45502.63474893063
21,23,0.32165211809867267,0.7236421050800261,0.6197985316542876,0.4657322491009779,0.2438437715326107,0.036630951693311556,0.19901311458365506,0.05295997785233404,0.6,0.9,0.7,58,5193.876989074646,45490.44523158761
21,24,0.321548343694299,0.7229503928647072,0.6189409941950128,0.46601624980921497,0.24530160597919093,0.03734112949601242,0.19886773339421016,0.05293336179510476,0.6,0.9,0.7,59,5261.870661652885,45355.01242506808
21,25,0.2522476986890305,0.6869336009367907,0.6218324919255991,0.3833342080048651,0.17130381968022618,0.048723395838793274,0.08841309344849882,0.08649717903222556,0.6,0.9,0.7,61,2769.266050908972,9717327.917799875
21,26,0.24802792069516993,0.6776472488663662,0.6111527549011581,0.3881417164218829,0.1965313052672783,0.046628364286679054,0.08855532429853558,0.08646650996827569,0.6,0.9,0.7,63,3000.175263054788,9712462.114788389
21,27,0.23337798743989202,0.6611393876932395,0.5941409502550757,0.38408886975993445,0.1649026551232881,0.04509778080541852,0.08060699000097322,0.07861933529194873,0.6,0.9,0.7,65,3012.13404112539,9717415.503225092
21,33,0.16595161144964649,0.5587140999923013,0.49313824870939593,0.38554600842380504,0.12528626722785965,0.05228903818807057,0.04588856648558349,0.051345775341720024,0.6,0.9,0.7,76,3706.0583193733487,6174.397006530789
21,38,0.27339194376754206,0.6266390821858706,0.5733044897010487,0.535610516880917,0.4183458707869824,0.05038830214086628,0.15001845410521183,0.09889734639116285,0.6,0.9,0.7,84,6093.830709942389,7578.216584319021
21,55,2.2177707176336297,2.481726299898746,2.4538058172643415,2.716669207799214,2.212765084432392,1.0,1.0,1.0,0.6,0.9,0.7,135,3655.058325860528,8114.137080577586
21,56,2.2161008700357883,2.4742607802918624,2.456143447254246,2.743293326949715,2.3283332730710047,1.0,1.0,1.0,0.6,0.9,0.7,136,3701.741769644264,6163.4129784971465
21,57,2.2157452833081557,2.47014565772934,2.4513236355743375,2.7256108594666815,2.207185403045874,1.0,1.0,1.0,0.6,0.9,0.7,140,3711.162743072228,6615.808588712871
21,58,2.215411427542504,2.46621192881197,2.4467162223752386,2.7558333705890385,2.205495344211805,1.0,1.0,1.0,0.6,0.9,0.7,145,3736.4933813758503,6919.184307177175
21,59,2.215306034517564,2.4649558504793214,2.4452449839641446,2.7435933259961125,2.2043861349665566,1.0,1.0,1.0,0.6,0.9,0.7,147,3746.3085874204457,6797.4797412731805
21,60,2.214660847442957,2.4571083955253386,2.4360536480374106,2.7624382940452428,2.2548146150874553,1.0,1.0,1.0,0.6,0.9,0.7,148,3918.883947413046,10181.60325104853
21,61,2.213713042319605,2.445057258246166,2.421938696168599,2.76600132410777,2.242085395316062,1.0,1.0,1.0,0.6,0.9,0.7,150,3911.765612180347,10125.383415268048
21,62,2.2132332434079034,2.4387001033909588,2.414492807257007,2.7681862380122615,2.22219782372344,1.0,1.0,1.0,0.6,0.9,0.7,152,3902.199221673706,9124.52999812502
21,63,2.213233238760253,2.4386999324261653,2.4144926104094804,2.7681862224000326,2.2000017836251837,1.0,1.0,1.0,0.6,0.9,0.7,154,3902.2002035846,9124.52755491073
21,64,2.2131525653729867,2.437612596344003,2.4132190069147286,2.776558649753765,2.2075948385313984,1.0,1.0,1.0,0.6,0.9,0.7,155,3967.5143937508574,9488.396012152609
21,65,2.2124209110426003,2.449915222833374,2.4497919649726887,2.776482645382816,2.2705758892692183,1.0,1.0,1.0,0.6,0.9,0.7,156,3189.783947350435,8128.787030970556
21,66,2.2123661846034253,2.4491407523220223,2.448884825955947,2.783960028860908,2.2027041090488995,1.0,1.0,1.0,0.6,0.9,0.7,158,3182.120152429173,8148.492744539018
21,67,2.211992226363134,2.4437832286102745,2.442609982977938,2.794796307750695,2.2062455311113003,1.0,1.0,1.0,0.6,0.9,0.7,164,3185.8451162819565,7898.98018154664
21,68,2.2117439130496557,2.4625495210207626,2.48675350004744,2.911933704740104,2.2011541656963747,1.0,1.0,1.0,0.6,0.9,0.7,186,2937.657606428306,9229.343504851937
21,69,2.211172092079652,2.476356466721917,2.525088374696904,2.9432117826785014,2.230036692194762,1.0,1.0,1.0,0.6,0.9,0.7,188,2900.769131030485,9057.210831892708
21,70,2.2098139213088137,2.454496908315428,2.4994852043493854,2.9437895707053308,2.27634059547247,1.0,1.0,1.0,0.6,0.9,0.7,190,2972.424550097668,9226.656542687237
21,71,2.2091965745966364,2.421399663113876,2.4385565643335116,2.9285945622553395,2.2373234905468857,1.0,1.0,1.0,0.6,0.9,0.7,192,2975.72043062776,9337.305233223857
21,72,2.2087782618249436,2.4362859095519314,2.478155462564784,2.97441099229283,2.2105360781741497,1.0,1.0,1.0,0.6,0.9,0.7,197,20615.404060129367,9178.073681233163
21,73,2.2087395503196365,2.435566318739066,2.477312561457438,2.974342390041115,2.202483633137139,1.0,1.0,1.0,0.6,0.9,0.7,199,20626.10045170101,9165.426956065316
21,74,2.2086213363691907,2.4333687372925077,2.4747387144360493,2.974132814890008,2.215259906309414,1.0,1.0,1.0,0.6,0.9,0.7,200,20719.87169164581,9056.312414025868
22,0,0.686786299656946,0.9161533947410375,0.8528203198089895,0.005058472716347731,0.0,0.0,0.0,0.0,0.6,0.9,0.7,1,5385.398149823153,7846.471281465036
22,1,0.7039228547962666,0.9458150469342653,0.8814296234477724,0.043695459556319545,0.057265399020678016,0.05940936062970211,0.00010335418196356001,9.71494271304e-05,0.6,0.9,0.7,3,5286.295364040516,7759.244978326453
22,2,0.6707449350494465,0.9326708912552786,0.8665065228268558,0.04230239265541548,0.10560440512109903,0.03057059610278759,0.01418376659791722,0.0027745933461433897,0.6,0.9,0.7,4,5120.072973480526,7904.580393316921
22,3,0.5511840085011097,0.9244867473372855,0.8596218220983989,0.09528310956154011,0.5591954586653274,0.07232235200902717,0.024770870858601073,0.023283778824566483,0.6,0.9,0.7,5,4075.0924014199873,6014.096017921059
22,4,0.5316627275817012,0.9050737400846367,0.8401921070627997,0.0825571777787247,0.06301183337673134,0.07215701562033314,0.0124282867024125,0.0117013676568732,0.6,0.9,0.7,7,4071.097739633664,5928.951846799288
22,5,0.5460065779650098,0.961961172552271,0.9197718806814085,0.1481923181354448,0.2529639788813406,0.11432216644543744,0.01632722889314456,0.04740350891156157,0.6,0.9,0.7,8,4524.003916179106,6881.533233034073
22,6,0.5227261861828536,0.9724492850268124,0.9225245957209207,0.20142724445006255,0.329633116662422,0.1012217854657412,0.05456595650667613,0.08897785539221192,0.6,0.9,0.7,10,3787.8949629931194,5941.28738774057
22,7,0.5097947639515146,0.9751568544502723,0.9367775377056246,0.21386262105785755,0.2012450142287736,0.1012217854657411,0.05456595650667646,0.08897785539221191,0.6,0.9,0.7,12,3864.724798222897,5157.596436087577
22,9,0.6098174641762616,1.07895336217593,1.022143349445734,0.37628192086261103,0.3927404735760522,0.07934448622376275,0.09415790336417221,0.26641019827746726,0.6,0.9,0.7,15,3762.1467672602994,1132035.0098005435
22,10,0.5153976095164241,1.0144823095213114,0.9785380682440951,0.32973349543526553,0.3686358635904835,0.08823096722493692,0.060771784061693535,0.2204409908041701,0.6,0.9,0.7,17,4034.8694125619913,1192005.1558733962
22,11,0.5440279199846487,1.043689150380187,1.0023079413247553,0.3895196585064622,0.42812710734624193,0.0682729717538472,0.10311667751160909,0.27018151976056104,0.6,0.9,0.7,19,4602.8536820882655,1134419.3786916158
22,12,0.6224029006654808,1.0871314716761311,1.0027732059750922,0.4783030770245943,0.5837130876851597,0.10300235510461997,0.1482791479806623,0.3255898015738746,0.6,0.9,0.7,20,3159.2909031839376,2548131.4134863494
22,13,0.4982424713082161,1.0193876004073243,1.0000955896739059,0.3781570281157694,0.29921413190842727,0.07048076037408793,0.0790496368674238,0.26513681395775895,0.6,0.9,0.7,21,4848.868731605855,1193490.5247946226
22,14,0.6194435889180367,1.0837107667548183,0.9985958713421512,0.48447347087385856,0.4548313462583494,0.10306277222979368,0.14889593915618546,0.3261695643684046,0.6,0.9,0.7,22,3097.0249109918086,2547265.7521818536
22,15,0.4960866863256459,1.0167350178005805,0.9963013091395555,0.38740789179801083,0.32075919721075125,0.08149238980717974,0.07564861541222731,0.2658048400201233,0.6,0.9,0.7,23,4552.939874441911,1192538.7231333903
22,16,0.46373464088827243,0.9728553439613173,0.9392657590151702,0.3643002027339025,0.2759217495219731,0.07561458433445173,0.07797344741136311,0.22246905679530965,0.6,0.9,0.7,24,4535.834088681235,1192255.1592377236
22,17,0.4240886626793271,0.9338412061447136,0.9000358140517851,0.3279006183002626,0.24871053927000783,0.07970320036677375,0.05423315323107418,0.19555378505064042,0.6,0.9,0.7,25,4021.57577806513,1191990.4008451567
22,18,0.5067109416560649,1.0232392874518723,0.9990599064454837,0.41481327849113736,0.45978074270481073,0.07451645081024225,0.11380287499614258,0.26326607901369553,0.6,0.9,0.7,26,4303.790925914401,1131178.107057704
22,19,0.40090064495443345,0.9381402180590714,0.9386153411559206,0.3462833072448611,0.2592416565999675,0.07149944694797858,0.060803933496794915,0.19164295307653345,0.6,0.9,0.7,28,4799.6045582836105,1189194.0864654826
22,20,0.4002330593329177,0.9367895077117522,0.9367693966602019,0.35069249225915355,0.2534724671850098,0.0762748923397796,0.05972782214810298,0.19113445332214485,0.6,0.9,0.7,29,4637.336874556,1188165.0258249522
22,21,0.39048572471976106,0.9208341986380386,0.9169723531499158,0.36137550203223856,0.39643606317342417,0.07251068186661509,0.06872763365883919,0.1920437849461885,0.6,0.9,0.7,30,4850.118867485258,1188646.577916571
22,22,0.36504438621977436,0.8841385135612371,0.8672486924163773,0.34465125613661823,0.21558183842830475,0.07245657461415865,0.05929720524239499,0.16802789706844784,0.6,0.9,0.7,31,4839.834109791355,1189003.5272047543
22,23,0.38432588153915825,0.9105598763335319,0.9045685101138654,0.3718022958176901,0.3276783755158375,0.07905739192681825,0.0681523151950327,0.19025789726249026,0.6,0.9,0.7,32,4614.697165082174,1191512.9799846143
22,24,0.38413912334935196,0.9103631958900736,0.9043670340926518,0.38039618350211024,0.24197903784625996,0.07904604314123939,0.06797683977030362,0.1902525628352842,0.6,0.9,0.7,33,4612.393112609922,1191565.090522851
22,25,0.3387526762473106,0.8624535903709643,0.8635371692898008,0.35505914164263364,0.4587156950925832,0.07536045039008722,0.060370411230343216,0.1681321164861967,0.6,0.9,0.7,34,4862.973157422063,1188463.4386066813
22,26,0.22638215134993628,0.7160028308150546,0.6779047346587636,0.22261833789373991,0.10729064594357385,0.05115413017879363,0.039759688273808644,0.055685694512506836,0.6,0.9,0.7,38,3888.876438036268,1069406.1321531958
22,27,0.2726544782734186,0.7523989841221154,0.710703580664179,0.31074988873202114,0.30958219437186063,0.06977164233015942,0.04393946697370007,0.11635607092398478,0.6,0.9,0.7,39,4005.320756855321,1295080.278277133
22,28,0.21721281843905438,0.7053876967031649,0.6757445653650916,0.23989282431391584,0.1488368068193386,0.05905275934006151,0.03567106789806187,0.06091909758412972,0.6,0.9,0.7,40,4138.381351234969,1067325.4023395458
22,29,0.16503141433668037,0.6251688975228293,0.5869259579531876,0.21163921115340303,0.255534185819197,0.04082745020362577,0.041433286353381185,0.02627052282134292,0.6,0.9,0.7,42,3719.858096864617,5190289.826671192
22,30,0.16759772260040032,0.6356981768124805,0.6095466161876859,0.23436328195871078,0.10334800305000244,0.04008232589743605,0.04662733565480458,0.0268502623325304,0.6,0.9,0.7,44,3710.398575205943,6531751.95652305
22,31,0.15776406837267973,0.6218567049430509,0.5945994316192287,0.2354765267195432,0.09997506980014834,0.040397722125183624,0.0408108607217402,0.02350924389348884,0.6,0.9,0.7,46,3679.140341238436,6533054.630226821
22,32,0.15033344682671168,0.610974357568902,0.58277970923317,0.23871970041648405,0.09112754591965168,0.04120534511140717,0.0362853548709155,0.020908001052825788,0.6,0.9,0.7,48,3640.721328654335,6536795.403135498
22,33,0.17987370320037369,0.6485147533867205,0.6324621406677478,0.26773233160159277,0.13837557489533558,0.05430536283957268,0.05038401581817318,0.03633671584910519,0.6,0.9,0.7,49,3677.1823853814217,1004966.1515621915
22,34,0.2828562654826001,0.7034906337219811,0.6445907544253283,0.37535260153689864,0.2698653128759376,0.07601986130329481,0.07213741162401938,0.14839156805840514,0.6,0.9,0.7,52,4707.054380459366,4416291.729716992
22,35,0.27973257026798215,0.6926975568066562,0.6318898104807253,0.3813061802101826,0.253482484350238,0.07610955045779937,0.07230526905052384,0.1485948177316768,0.6,0.9,0.7,54,4647.118798796999,4414824.1396077145
22,36,0.27512019338549865,0.6870996553670468,0.6364149401846633,0.3889676815778889,0.32399413113788944,0.07610955047387671,0.0723052685022125,0.14859481666687627,0.6,0.9,0.7,55,4525.334184568286,4417971.29272646
22,37,0.27512019377316654,0.6870996565962416,0.636414941413858,0.3889676828021289,0.2147570445958453,0.07610955045779934,0.07230526905052338,0.14859481773167843,0.6,0.9,0.7,56,4525.334172421282,4417971.292659633
22,38,0.27407011647798174,0.6812689049372013,0.6294499328978279,0.3984633467834458,0.26140880117997084,0.0771900515248349,0.07244952040667758,0.1486152428073822,0.6,0.9,0.7,57,4547.819898279493,4418208.215718143
22,39,0.2683768365678618,0.6752642601940831,0.6233678010392939,0.39698401120045523,0.21178708420358425,0.07025682979409628,0.07176425673165518,0.14750797329160123,0.6,0.9,0.7,59,4476.193743750468,4403896.037394228
22,40,0.25811275255328947,0.6652197173233269,0.6237664019854277,0.4055369822367243,0.30695176111163514,0.07126874265744444,0.0687268811839694,0.14152202287874288,0.6,0.9,0.7,60,4365.185664332038,4660648.12314817
22,41,0.25768592710176463,0.674757158028032,0.6460188981311512,0.41497874679827373,0.21526753610250352,0.0712687426064457,0.06872688065321053,0.14152202185338308,0.6,0.9,0.7,61,4319.989181902084,4661943.279082424
22,42,0.25641652375147556,0.6563380862279566,0.6132370173196946,0.4211785229064862,0.26015401038432245,0.07221989461518181,0.06890905448611324,0.14153005187365308,0.6,0.9,0.7,62,4406.632313761535,4658822.656426191
22,43,0.2724101808364135,0.6788342037274371,0.6476697706597748,0.434633272956554,0.2435357018882614,0.07424970192858664,0.07652705219266591,0.15500079658280302,0.6,0.9,0.7,64,4361.888736060105,4662859.771875452
22,44,0.2549714081018286,0.6540632883427303,0.621256259640728,0.43870868311100963,0.27372613577611815,0.07481574416530135,0.06974932887224669,0.14154466244296104,0.6,0.9,0.7,65,4454.843851000974,4657597.089474649
22,45,0.2346797526216171,0.6262520854989098,0.5917820328443089,0.4346256563395404,0.19994799747978842,0.10848584937618504,0.059312367124417245,0.10024556082658179,0.6,0.9,0.7,71,4153.253682200832,8917934.93706841
22,46,0.2330738204258581,0.615246352941442,0.5787257733233037,0.4447917460377671,0.23142954342840943,0.10769565749968082,0.05976042299408686,0.10173032569536411,0.6,0.9,0.7,73,4192.035746350557,8917818.500897942
22,47,0.2598191785531705,0.6525843083328986,0.6289318430643351,0.4748483957212981,0.22193760886215222,0.11017943740162932,0.06487997774499671,0.13145822021847747,0.6,0.9,0.7,74,4176.324662874351,8917614.610428382
22,48,0.23223474923364443,0.6078724725676468,0.569943159965056,0.45175236606050145,0.24249322710358462,0.10790275124822446,0.05992048999932338,0.10256306748626068,0.6,0.9,0.7,75,4198.208262221192,8917451.286157165
22,49,0.24423601116008314,0.6178231791963802,0.5794546041677422,0.47079130754960063,0.22089575636884828,0.10770616190442368,0.05919569961079467,0.12154324939447933,0.6,0.9,0.7,76,4168.47955912581,8917710.011015719
22,50,0.21718525062696803,0.580277425116074,0.539679494963909,0.4450678967641833,0.26937414982517094,0.10208748400516847,0.057022700061885936,0.09411289726032925,0.6,0.9,0.7,77,4200.612769971948,8935935.576196235
22,51,0.2150256870396813,0.5727548954086967,0.5310290467269624,0.453938161880033,0.20054674410832415,0.09989322363966652,0.05772051189807039,0.09375871522049381,0.6,0.9,0.7,79,4039.886322037025,8945236.563143253
22,52,0.22674305284359664,0.582311837909603,0.5401341259771645,0.4693147782652365,0.20806751442297874,0.10011689209345216,0.06367542933516536,0.10333200448912569,0.6,0.9,0.7,80,4193.594022122483,8943622.939304827
22,53,0.21432606869751397,0.5672605656873522,0.5245332580676858,0.46762295123605024,0.18907851181551155,0.0999974755852602,0.0578954161966306,0.09394950947774103,0.6,0.9,0.7,82,4173.495177071993,8945143.463651437
22,54,0.2142548249964052,0.562194671354644,0.5184296745915065,0.4749970357654729,0.20001900488090238,0.09983682476788616,0.05820252186887389,0.09511107134813288,0.6,0.9,0.7,84,4193.941991814977,8945007.202777369
22,55,0.2042612482391022,0.5715442941641218,0.5531464908980201,0.5291738401477579,0.1720909575055093,0.10219113117062968,0.05214808025838673,0.08750974104796298,0.6,0.9,0.7,94,4164.160300228791,8929301.252755214
22,56,0.2840263518660143,0.6311554967768171,0.6193868825993503,0.6077275524024978,0.5150796916877807,0.14593469987223268,0.0807996456839768,0.13547873295862256,0.6,0.9,0.7,95,4357.070844331711,46751089.34000681
22,57,0.271767537002806,0.607727286614518,0.6045230766531371,0.6215997081658609,0.3066497365714207,0.14744345413080803,0.07666335493475432,0.12703287155464768,0.6,0.9,0.7,98,4284.297670107716,1269819057.3082354
22,58,0.2714091626784524,0.6024478542556406,0.5982782981805566,0.6285797788576626,0.2664287535324762,0.14743308709156036,0.07680974953480668,0.1273644199440596,0.6,0.9,0.7,100,4269.205705474894,1269817056.578743
22,59,0.2713487942468835,0.5986378944785409,0.5937350533626422,0.6357984677659987,0.2621651366726785,0.14663731836671523,0.07707348205923614,0.1283810106465329,0.6,0.9,0.7,102,4293.79164073718,1269815361.4396462
22,60,0.2767832679724508,0.6090484590590033,0.6159324892543621,0.6750490933224373,0.27000899278719726,0.14566615715260964,0.08585080407631532,0.12691813130244672,0.6,0.9,0.7,105,4341.091473895596,37084535.30441598
22,61,0.27091422253224634,0.5909539795323593,0.595470607250535,0.6804947506621736,0.34578046173282584,0.1437009161089697,0.07991779646283217,0.13012966302033646,0.6,0.9,0.7,106,4400.619910699281,1269738717.844318
22,62,1.1316273500687075,1.4623506139048976,1.501476918922319,1.5484363333551705,1.1723784018274948,0.1444158693611142,1.0,0.18002473291871185,0.6,0.9,0.7,109,4263.253350545138,1270610997.1393418
22,63,1.117212755883989,1.4158805170402884,1.4380605825101216,1.5492026725582608,1.1540842444213997,0.14224944808069626,1.0,0.16441641129704615,0.6,0.9,0.7,112,4311.472118649299,1270533118.4436357
22,64,1.1169930281841298,1.4087183102712395,1.4295931736191958,1.5562966542875984,1.1276388056037348,0.1407242784067829,1.0,0.16637974634448843,0.6,0.9,0.7,114,4267.033600366161,1271086086.0561604
22,65,1.1133703913436266,1.4034987398865257,1.4349800201190588,1.5714698293306308,1.1471379254835474,0.1414574608358467,1.0,0.16225920445086128,0.6,0.9,0.7,116,4332.150453927162,1270496773.2086818
22,66,1.1151564816559865,1.41268618547437,1.4564589552602027,1.5810899484490775,1.1150851293856452,0.14505038153873678,1.0,0.16221267291930588,0.6,0.9,0.7,118,4237.821819294255,1270618309.2006445
22,67,1.1152178039557559,1.4231339330945711,1.479754970364214,1.592298680763258,1.106884986080654,0.14253213983760354,1.0,0.1645600871166511,0.6,0.9,0.7,119,4294.02963833101,1270986080.0993571
22,68,1.11481355361971,1.4091031870514792,1.4522731366335102,1.5955749483910204,1.1188348299541593,0.1443424187789856,1.0,0.16272924775784603,0.6,0.9,0.7,120,4274.022301138607,1270694556.2005112
22,69,1.1141547260046343,1.4127255593098123,1.4676103893172596,1.6102286102110566,1.1266583940982648,0.1442745679606991,1.0,0.16268112066462645,0.6,0.9,0.7,122,4275.508990171486,1270597318.026779
22,70,0.227191525675302,0.44995480951324823,0.43618133871838694,0.6851311421740008,0.3641892172697862,0.14218271666267107,0.06471569790734125,0.10211983711172364,0.6,0.9,0.7,123,4036.081407493125,1270000731.6089275
22,71,0.22677113352402356,0.43011937190806226,0.4018363853710583,0.6840669808939771,0.27669180234547913,0.14201431563677025,0.06455062949940539,0.10273393381703044,0.6,0.9,0.7,124,4128.796647369032,1270028646.1854997
22,72,0.22665426892751245,0.4385954494033682,0.4228338754400173,0.6954657847550956,0.23481714689203126,0.14115305297745614,0.06495314400000772,0.10305328998782859,0.6,0.9,0.7,125,4119.052790746167,1269975898.803911
22,73,0.22696776132655833,0.42572773674717346,0.3966031525793996,0.6878315029530203,0.2305565187352615,0.14249885406330903,0.06473254422717069,0.10283053044254079,0.6,0.9,0.7,126,4101.224453689674,1270049259.0359883
22,74,0.22629444123619655,0.4234520941310448,0.3940339171406305,0.6945001793224157,0.2212016084286504,0.14152979841232272,0.0647461723993138,0.10284239085860684,0.6,0.9,0.7,128,4060.4315654064135,1270059631.7286625
22,75,0.2817496292238177,0.49808261291813577,0.4940735352209877,0.7689763341798664,0.282950034452185,0.17119637922825567,0.07083623822230452,0.14912436216801478,0.6,0.9,0.7,130,4096.6090262893085,1564119389.363789
22,76,0.27640796582266136,0.4969166792542991,0.5046240385826078,0.7868542287658412,0.3182109084916414,0.17338613514062814,0.06411374171757253,0.1489317045805864,0.6,0.9,0.7,131,4103.747001393266,1270412532.1890836
22,77,0.9486358552544576,1.156370063622045,1.1727162426328999,1.4775557142949065,1.028654291391537,0.14358327482001854,0.8554749546547498,0.11946590959336023,0.6,0.9,0.7,133,4206.619759150242,1270037705.958496
22,78,0.9490716899006006,1.1669401677795959,1.1960928896571645,1.485899938408898,0.9441785131375238,0.1439662119278287,0.8556806352488234,0.11958547161446609,0.6,0.9,0.7,135,4101.987676318076,1270064263.1343324
22,79,0.9493568292360793,1.1634270146332446,1.191891832824578,1.4936843830867852,0.96874287238931,0.14280261879468073,0.8564155919280003,0.12035741379867396,0.6,0.9,0.7,136,4107.209573070142,1270218829.6821215
22,80,0.94938932446231,1.1616874062554865,1.189831526684949,1.505441009809442,0.9538960708042508,0.1427521799125788,0.8564044103104227,0.12060497920264882,0.6,0.9,0.7,137,4142.909476578874,1270413901.6733592
22,81,0.9487900451486562,1.155407350253183,1.18252443752279,1.5042829279834051,0.9824227219688033,0.14287658264711237,0.8562206430703492,0.12033064611610808,0.6,0.9,0.7,138,4169.497472619293,1270217775.4799955
22,82,1.0216988735021446,1.2266995198056938,1.2535244516533748,1.5656537861449151,1.0255355260209087,0.14250590275851688,0.9378709364644957,0.11995211635700827,0.6,0.9,0.7,139,4146.542465669934,1268586729.2042224
22,83,1.023251680074909,1.2263739890416319,1.2528586507574035,1.586280677226424,1.0201367678338067,0.1418485258165712,0.9392211580903045,0.12115328739202029,0.6,0.9,0.7,142,4156.017175985184,1268953872.559139
22,84,1.0229888241936342,1.2658774559939248,1.343454247068272,1.5321187710124002,1.0514795259260683,0.14184852581657112,0.9392211580903049,0.12115328739202111,0.6,0.9,0.7,143,4246.618745957631,1268910981.4744484
22,85,1.0201573012532756,1.2008253757252916,1.2122824743847518,1.5859502781017552,1.0585171861128995,0.13994101987712865,0.9388458752182393,0.11968789885957032,0.6,0.9,0.7,144,4216.56143274659,1268875358.1041589
22,86,1.0196576100347745,1.188184183077206,1.1974592251080103,1.5892411119398089,1.1014420726995768,0.13878486059473485,0.9392770802466813,0.12026728397190845,0.6,0.9,0.7,145,4192.970791351828,1269149852.393088
22,87,1.0189509793615033,1.2103866573595965,1.2567441597358375,1.6628949441352432,1.0237836964492775,0.13815866357132028,0.9396503621081156,0.1200316842338293,0.6,0.9,0.7,152,4292.547592065859,1269084176.1456344
22,88,1.0183727444606003,1.2193540457216034,1.2784153161553033,1.670026296082399,1.0181493168471107,0.13725775409885438,0.9397066437378261,0.12001315253607951,0.6,0.9,0.7,154,4285.120177828045,1269094993.399436
22,89,1.0188423431781821,1.2065654404079824,1.2522583578860682,1.6742908117699562,1.0276544691028169,0.13820087411366233,0.9396320980735734,0.12010376026365788,0.6,0.9,0.7,155,4285.864671308844,1269106819.4723573
22,90,1.0181498023296593,1.2167385247122025,1.2753715889768298,1.6774782304813196,1.0144524997584004,0.13644044639969113,0.9398088813564772,0.12041773803308779,0.6,0.9,0.7,156,4291.952336553748,1269088325.1900706
22,91,1.099109188539015,1.2351452280251873,1.2606223871606181,1.7284345745069554,1.2404761816362275,0.1387003129340243,0.9677517388598822,0.2005444816774796,0.6,0.9,0.7,158,3987.9694344624822,1269144482.3994184
22,92,1.138218181606561,1.272321889523958,1.3084688386038263,1.778989772607918,1.1820334666157226,0.13839229017416882,0.9704929067770299,0.25383005119725915,0.6,0.9,0.7,160,4067.141788345991,1269499214.726447
22,93,1.1380088278391622,1.269864158597502,1.3056130762784668,1.7825313443740063,1.1498040968121388,0.1383648032463005,0.9704118484177824,0.2537661887007373,0.6,0.9,0.7,161,4103.52072487782,1269499203.1269398
22,94,1.1381794478759144,1.263744543144593,1.2983798550170869,1.7901196748361097,1.1572414442315715,0.13867718532972367,0.9704760569233413,0.2539645305931163,0.6,0.9,0.7,163,4067.890021983844,1269499849.200621
22,95,1.098180573951125,1.210796070398148,1.2321222279827366,1.7493488118843485,1.1066114520705121,0.13738698975824476,0.9681107231913495,0.2010498687973788,0.6,0.9,0.7,164,3923.592176300896,1269168730.6596236
22,96,1.1380028483971718,1.2693222695094584,1.3159944934390206,1.8096918251829734,1.1610750220448014,0.13867718532972367,0.9704760569233409,0.2539645305931165,0.6,0.9,0.7,165,4104.4456711624025,1269482177.3236628
22,97,1.0977774956600566,1.2023978572404503,1.2223105657290492,1.7678145603561743,1.102056932237702,0.13694998867604416,0.9681113288541896,0.20121716836412945,0.6,0.9,0.7,169,3935.4894842109143,1269162501.2375474
22,98,0.7093951704243553,0.8408672495275735,0.8985874401005158,1.447057471789076,0.7110228854065341,0.13749823407479628,0.5922436981074761,0.12947571169293456,0.6,0.9,0.7,179,4407.751183548582,1268867123.8708243
22,99,0.7105515568902971,0.8318595297760666,0.8877867630644408,1.467164112139311,0.7441687544970506,0.1382653662872905,0.5925654160109262,0.1304923614920087,0.6,0.9,0.7,181,4418.126432377369,1268972379.9994545
22,100,0.7093413013382114,0.8220484485772659,0.8764605649017545,1.4771533504620644,0.7272540669921103,0.1363213065572402,0.5927153802642537,0.13058985042092944,0.6,0.9,0.7,184,4330.334161686746,1268981805.3764007
22,101,1.1715414875446142,1.3336059899211719,1.4518479627649978,1.9557187021539975,1.1785945325072122,0.14208496177510227,1.0,0.2625474172037144,0.6,0.9,0.7,189,4337.517071158325,1269632970.5837607
22,102,1.1602222147405703,1.3291485845383566,1.459627215871418,1.9807822077247226,1.161729648684948,0.14184858053575564,1.0,0.24674722046816672,0.6,0.9,0.7,197,4291.469993448263,1269739867.4527044
22,103,1.1652247718160291,1.3376389402608815,1.4797619304331455,2.0031951273019843,1.218342732799244,0.1473121561390398,1.0,0.24949988535366857,0.6,0.9,0.7,198,4273.370722527894,1269885595.393888
23,0,0.863533444071922,0.9672426328065196,0.9126589494562481,0.009755954771016385,0.0,0.0,0.0,0.0,0.6,0.9,0.7,1,2901.76782291691,7282.54215610486
23,1,0.8705233332062915,0.991141760260762,0.9355303430988146,0.04250010723962064,0.0508575109279739,0.049552886283390066,0.00010951626075884999,9.980891620816e-05,0.6,0.9,0.7,3,2917.810054968196,7081.3110484834615
23,2,0.8222536011872517,0.9765444132771798,0.9187670002011907,0.04170438407485301,0.11628509651717475,0.02249569119062158,0.01486241837744479,0.0015383683566194,0.6,0.9,0.7,4,2885.783276614565,7129.751453895372
23,3,0.639532759490925,1.0232080644513992,0.956672819271356,0.19511072951029956,1.077823528737464,0.06070964506409211,0.10015612409869298,0.09127844695056642,0.6,0.9,0.7,5,2526.4911586319804,4759.167487541356
23,4,0.484927863921649,0.9278713324722726,0.8461224479774055,0.18819159790571965,0.49419283954512794,0.08952250538767217,0.0822461177343308,0.08032045062618029,0.6,0.9,0.7,7,3193.7327261341243,2589.346187250356
23,5,0.4184249309092694,0.8713960224191852,0.782449139261254,0.1718838233100537,0.31628045953959083,0.10936507244109597,0.0581299563030291,0.07368309438047553,0.6,0.9,0.7,9,2734.268182769158,5110.3780297754
23,6,0.38570918148894784,0.839360882726897,0.7493665260584927,0.15452668599618968,0.16496570153341128,0.1093599245558863,0.0436241719438511,0.05531205902079608,0.6,0.9,0.7,11,2718.5656559888475,5166.645237218871
23,7,0.37856129672165384,0.8329968785381682,0.7410236216157822,0.1599543555446833,0.22947504573461608,0.1093351220170399,0.04563015142788844,0.060169662284567285,0.6,0.9,0.7,12,2762.849886336116,5099.779348857142
23,8,0.35957197291171206,0.8140995898192175,0.7216712427007714,0.15205911705688685,0.14182640580191624,0.10996297199349163,0.036521797283164195,0.04814202633459057,0.6,0.9,0.7,14,2725.2532532200894,5037.843900801747
23,9,0.3565168187289172,0.8228015778190598,0.7430987747964877,0.14959329617151912,0.14638515413268588,0.11253644563628004,0.037671298361893306,0.04317878534246255,0.6,0.9,0.7,15,2353.455599492722,4524.796539158163
23,10,0.33077535954815923,0.7963285610016249,0.7134465979837509,0.14470003128942663,0.18738281496570808,0.09920634183763528,0.038756328694929544,0.0419105243325309,0.6,0.9,0.7,17,2613.3983368940458,3824.856772645616
23,11,0.29535749384691967,0.7712204834994457,0.6997400268344255,0.13360547443039508,0.16084079389187925,0.07512093910375056,0.03760691202370272,0.02549724376818576,0.6,0.9,0.7,18,2503.543982144697,2769.9429507547707
23,12,0.29638700996850686,0.7593515011431653,0.6724637920541208,0.13556540312502496,0.20895005485638546,0.094974480317878,0.03258335761255068,0.034064964602089395,0.6,0.9,0.7,19,2471.6783245902247,3850.355099699008
23,13,0.299674772038742,0.7621235317604328,0.6747600712124683,0.14675450694330483,0.1344847647414757,0.10344039838816546,0.03333814344909301,0.0337666495168001,0.6,0.9,0.7,20,2416.67366998456,4149.332158412556
23,14,0.3212383342609917,0.783406271801516,0.6957525747899345,0.18014717110896375,0.1505353616192856,0.057579299151310936,0.08501715386258134,0.03945674123395944,0.6,0.9,0.7,21,2298.38658948412,3532.220826201145
23,15,0.2794411189243354,0.7377352316883712,0.6468343234251815,0.14904862472257502,0.24437279838861536,0.09878528313977022,0.03464461511655811,0.03074509357606296,0.6,0.9,0.7,22,2433.4320062811803,4062.233070334245
23,16,0.321841193814685,0.7770077013091207,0.6840279807517656,0.20726845202344346,0.24815549310301588,0.08048072247959401,0.09003097960443757,0.04866791967042454,0.6,0.9,0.7,23,2203.2406280868936,2583.566128793494
23,17,0.32698666081892724,0.7789750031428715,0.6841480016772123,0.2264531576584511,0.21380754893674642,0.07453707197963541,0.1094797301556449,0.04697716149057991,0.6,0.9,0.7,25,2084.3643380694584,2815.540590287409
23,18,0.32614612992168673,0.7775085003557253,0.6823405798718037,0.23495048805274404,0.1836138860257725,0.0741230979492252,0.11014029507636809,0.04723132761191654,0.6,0.9,0.7,27,2104.2032554754,2806.170907829064
23,19,0.241112142871298,0.6987286222248377,0.6140624748053787,0.15391272555760782,0.2031769580047808,0.09246941686176777,0.03245195552401,0.02368556304729249,0.6,0.9,0.7,28,2855.7271054637413,3321.7522601600417
23,20,0.23483001142460244,0.6916433489476149,0.6065991325583097,0.1593364391777339,0.10409745606681198,0.09279501104242624,0.028854734743468807,0.02106298498531773,0.6,0.9,0.7,30,2848.4581529154484,3403.4321901293742
23,21,0.23272903618994878,0.674558213141708,0.5748131989256897,0.16339025496841503,0.16977984217786896,0.07600890831741287,0.03939522505147368,0.02768186149075828,0.6,0.9,0.7,31,2928.476667304073,3435.8952881007995
23,22,0.22432550488254832,0.6745942237205365,0.586676173002648,0.17423800460933014,0.14398241254573318,0.08734938194105972,0.031398253483238596,0.02207795146262053,0.6,0.9,0.7,32,2841.456639674728,3410.282264431451
23,23,0.22429640368554893,0.6743260229469669,0.5863088366708983,0.18256777689078307,0.10047502375358398,0.08757579777443833,0.03150236737254594,0.02219336872667462,0.6,0.9,0.7,33,2840.1418312045,3596.5789245042315
23,24,0.2055881908133143,0.6591294199706448,0.5810945599592467,0.17005383023532444,0.21074470688552088,0.052315500130274105,0.050170510965245316,0.01587570075029037,0.6,0.9,0.7,34,2621.3175625348617,25664.760818467632
23,25,0.20313976750091406,0.6405398343707461,0.547708630278079,0.17814666310969104,0.12737686777537124,0.049818989930082706,0.05524950933787607,0.01591477829554675,0.6,0.9,0.7,36,2650.1353672799187,26323.69412647141
23,26,0.21056667357840972,0.6683496997532142,0.6008084987845931,0.19257967824452757,0.12931063633657058,0.0661170649926186,0.05180720403770526,0.02001852074800429,0.6,0.9,0.7,37,2519.366500032581,26888.565108021307
23,27,0.20001500841661074,0.651615379856134,0.5819826381730402,0.20057020575938606,0.18108130262973704,0.06571650487250195,0.04741598267828178,0.01954874408574394,0.6,0.9,0.7,38,2446.402082703399,18268.65506780285
23,28,0.201096446443825,0.6521405750262953,0.5823248326090765,0.20833848636464997,0.10111324616977638,0.06733855527777123,0.04769975274698709,0.02007007387906907,0.6,0.9,0.7,40,2441.601516627132,18408.149345047023
23,29,0.18284801515257498,0.5972207444409492,0.4969505244927979,0.20571810387205086,0.18169925801351872,0.07019765307764883,0.0403408231279643,0.01778609600096855,0.6,0.9,0.7,42,2861.1881490026303,11158.917376609768
23,30,0.18067647377042023,0.5879288788865479,0.4855765282003001,0.2137350827890669,0.13618773585400568,0.07058225511506785,0.04242084641520677,0.01887634110740291,0.6,0.9,0.7,44,2909.0541975041087,10989.696215846594
23,31,0.175183630134736,0.5921572742360267,0.5023813742493632,0.21692390110268875,0.10653706696779891,0.06931871230198396,0.039587336218515165,0.017174320554107312,0.6,0.9,0.7,45,2970.396951588559,16995.731371783215
23,32,0.17499594829817292,0.591946411943894,0.5021639009521007,0.22320835567584082,0.08920372645579287,0.06942354229452212,0.03933235386651079,0.01716602185057412,0.6,0.9,0.7,47,2936.479442925435,16696.35830028644
23,33,0.17555525953645945,0.592080140679889,0.5021764454137909,0.23367531313541096,0.0948515157333066,0.07059399084616104,0.03961320219477485,0.017003132503942482,0.6,0.9,0.7,48,2933.951653741462,16904.763734035958
23,34,0.1746261145943259,0.5851278202755427,0.49353602042487466,0.24048714111951755,0.16167318781839177,0.07028946912748156,0.0389998941176305,0.02220317376670208,0.6,0.9,0.7,49,2977.598298796601,17124.338759341226
23,35,0.17442846001690382,0.5839359499539345,0.49206998638662214,0.2473802121847053,0.09881222256476033,0.07031831418715948,0.03923376959879671,0.0224618567159234,0.6,0.9,0.7,51,2996.387449941721,17104.862197604965
23,36,0.17326650003849656,0.5792326096990873,0.48639912223242887,0.2544415173418947,0.11390938290646328,0.0728658612991139,0.03842820551827679,0.02266591627746451,0.6,0.9,0.7,53,3014.2380813832474,16681.919313983475
23,37,0.9692685401575528,1.3597388378335347,1.262822362157249,1.0523199498409106,1.0653507699901286,0.0730181188736272,0.1718973458557374,1.0,0.6,0.9,0.7,54,4048.993978082393,7790.983180144249
23,38,0.9689079978475847,1.3700359063585235,1.2859699794826247,1.0555776674582762,0.9054384208842341,0.0719700290547684,0.1725607730332113,1.0,0.6,0.9,0.7,55,4088.396909989247,8556.997507696336
23,39,0.9562480573653691,1.3338361188416457,1.2439719165841194,1.056817384716368,1.0138823188510575,0.0679199238428746,0.17265795005073936,1.0,0.6,0.9,0.7,57,4297.850399855328,10019.309827829453
23,40,0.9554640560520449,1.3315987129493778,1.2413895485131208,1.0655600310951832,0.9028635798618355,0.06892611440809487,0.17173964881392856,1.0,0.6,0.9,0.7,59,4236.458073576373,9012.113046646651
23,41,0.955302061475479,1.3416058043084491,1.2641507882878198,1.0714622262547566,0.9062048671959734,0.06799966635312252,0.17262494589010458,1.0,0.6,0.9,0.7,60,4256.717540060554,10094.891214017807
23,42,1.1032594334114716,1.4792450182937698,1.3993669525167811,1.2263463226654734,1.097372506805304,0.07711249315030297,0.3352025906671867,1.0,0.6,0.9,0.7,62,4306.517842850912,9080.856975390378
23,43,1.070012140444173,1.4460145976990795,1.366122093423359,1.1966232903797995,1.017522768973906,0.0736788175709251,0.30066342872824725,1.0,0.6,0.9,0.7,63,4324.223136790902,8422.030167801544
23,44,1.1011458136601961,1.4718028587550296,1.3906950573003547,1.232214903576748,1.095113360810737,0.07714102770760586,0.33489342835446945,1.0,0.6,0.9,0.7,64,4394.802223071406,9208.079483735488
23,45,1.0949649200991245,1.4495933907544325,1.3648629666035228,1.2326050386174487,1.1943545302436642,0.07449556857988748,0.33548336097525,1.0,0.6,0.9,0.7,65,4579.849579823477,9486.583641167335
23,46,1.0933197379691946,1.4428811015218104,1.3570270626471512,1.2386428913377239,1.0693942610437481,0.07594618785875508,0.33434831103421336,1.0,0.6,0.9,0.7,67,4758.278454042921,8808.898730355662
23,47,1.093284405126691,1.453590218068047,1.3806351966657018,1.254324248208571,1.0479755487609692,0.07520897091637813,0.3349494551912747,1.0,0.6,0.9,0.7,70,4572.028429240609,9458.222195486953
23,48,1.0964692009132586,1.4362279590638236,1.3482266027818488,1.2569557774860836,1.1357504498051116,0.07528685917583157,0.34132721398442656,1.0,0.6,0.9,0.7,71,4613.687398406064,8933.682521216699
23,49,1.1225610156812211,1.4505148598592623,1.3599696078401753,1.2881261754724236,1.1852541107562076,0.07606323467705765,0.37318871566943346,1.0,0.6,0.9,0.7,72,4597.880725598819,8838.997357471622
23,50,1.120809197533986,1.4411355519872222,1.348968781538407,1.2941377913167442,1.1146640023787424,0.07514023856523379,0.3739031966853204,1.0,0.6,0.9,0.7,74,6717.70863261531,8763.41443369944
23,51,1.092652597053424,1.416423253552162,1.335623849173763,1.2869704349359194,1.0685444786988556,0.07415399809814063,0.3452508422909328,1.0,0.6,0.9,0.7,79,4643.567072681705,9185.077139179011
23,52,1.090284013506538,1.4128657129081672,1.3318174066242294,1.2915942852760502,1.0581754568379749,0.07337217358719117,0.3434331433377582,1.0,0.6,0.9,0.7,81,4536.512284986569,9678.000463122053
23,53,1.1194346331316738,1.4186832052846476,1.3328187708323274,1.350411098352387,1.1197909768074878,0.07722260547851514,0.37857787422323785,1.0,0.6,0.9,0.7,87,5591.045805002366,208971675.350408
23,54,1.1261811626149705,1.4298747503882356,1.355637531183861,1.3679815414600247,1.1230660658582705,0.07530873715821444,0.38874910549753483,1.0,0.6,0.9,0.7,89,5710.406174460857,208945559.28627244
23,55,1.125847241627933,1.426978116829024,1.3522225517500372,1.374771677715124,1.1057582482166448,0.07543603742011513,0.38880844443716417,1.0,0.6,0.9,0.7,91,5695.395788278201,208927797.9199001
23,56,1.132602316147274,1.4092732088205626,1.31885565852492,1.3787641419908914,1.1585061647704573,0.07395521739304942,0.3998400681797429,1.0,0.6,0.9,0.7,93,5646.78809352149,208964084.4221044
23,57,1.469937159497845,1.7788033178459246,1.7271046802321475,1.793944661957455,1.442756721173461,0.07627378418895064,0.7733698004082098,1.0,0.6,0.9,0.7,105,4843.740325199455,16193.303725465676
23,58,1.467879501697373,1.7714934315829132,1.7187468389010696,1.7958177613015105,1.4841587100941203,0.07606154654737698,0.7721880862090766,1.0,0.6,0.9,0.7,106,4807.019313813634,15830.964391852374
23,59,1.467988339229897,1.7678864381398278,1.7144066519157446,1.7996760234609466,1.4703680007224937,0.07541911678003907,0.7733656026073377,1.0,0.6,0.9,0.7,107,4776.847067096368,16302.51246871475
23,60,1.467192819268946,1.7609488134852802,1.706256530871505,1.8209033473552099,1.4908931578575073,0.07640177873001013,0.7728688727622247,1.0,0.6,0.9,0.7,108,4812.735594655011,16036.660508346216
23,61,1.514216240241275,1.8039730511479017,1.7484887784155554,1.8570296213446424,1.5003626848163292,0.07493228930281105,0.8267916827222095,1.0,0.6,0.9,0.7,111,4159.620114543662,17074.51596923294
23,62,1.464585520421065,1.7451826030270574,1.6879111539497857,1.8223022748612292,1.5121654091645835,0.07520903641952124,0.7728792967573396,1.0,0.6,0.9,0.7,112,4733.3462290962925,16104.06857645126
23,63,1.5116750004674597,1.7876995940745628,1.7295378235032932,1.872781449937161,1.5065856862031257,0.07486461217818734,0.82612634454795,1.0,0.6,0.9,0.7,114,4146.701430646519,16910.37402868414
23,64,1.5081794444454009,1.761541514990039,1.6990068562210603,1.8805108183185444,1.54720109703606,0.07517393888886853,0.8252264419451347,1.0,0.6,0.9,0.7,117,4436.107032456217,17581.74883231959
23,65,1.5081766544689252,1.7727197060372122,1.723181372838995,1.9066670456687795,1.4879011252002834,0.07517393888886857,0.8252264419451356,1.0,0.6,0.9,0.7,119,4435.807657304106,17582.840396159463
23,66,1.5171672035392647,1.7734713324987854,1.7332283675077833,1.9049643220617396,1.6501100755603588,0.07524124168229342,0.8376060373107077,1.0,0.6,0.9,0.7,120,4196.887005988468,17115.333990306324
23,67,1.5171671856718643,1.7734713146860854,1.7332283496950833,1.904568316665749,1.4989925191849967,0.07524124180056374,0.837606017439972,1.0,0.6,0.9,0.7,121,4196.8870071563815,17115.333986195554
23,68,1.4528563420180012,1.7080034607328956,1.667541344268447,1.8479210164719475,1.4437183127454603,0.0757653754831171,0.7659365821912221,1.0,0.6,0.9,0.7,122,4256.49073727983,17125.63138918295
23,69,1.5047539961051142,1.7569422690077654,1.7268046678982054,1.9224126476093306,1.5984533048099911,0.07202295905192242,0.8277205584578903,1.0,0.6,0.9,0.7,123,4563.850172402663,17825.418608013133
23,70,1.5041484815084898,1.7497729763879442,1.718403422081946,1.92915563327357,1.5131802786030055,0.07184696421568733,0.8278648016839683,1.0,0.6,0.9,0.7,125,4535.835736529822,17797.52814438789
23,71,1.5026192289146332,1.7269380833491115,1.680680400793722,1.9344955938624215,1.563689075507542,0.07178211510415114,0.8272321752891942,1.0,0.6,0.9,0.7,126,4522.124536518944,17649.69740167074
23,72,1.5028227467037747,1.7252173991913484,1.6786005850001728,1.9420057056103728,1.4952854404088711,0.07208504183806455,0.8274478431290913,1.0,0.6,0.9,0.7,128,4579.453310467943,17819.520580544355
23,73,1.4999835704125424,1.7077216631514904,1.6802449637857637,1.9503836190230401,1.767879861286721,0.07000669886912889,0.829008868996309,1.0,0.6,0.9,0.7,129,4747.235438869533,29931.297936001305
23,74,1.5040025540634876,1.6775674078805136,1.6328844470068598,1.9755102196098624,1.522307701694835,0.06889321198058604,0.8359826725333548,1.0,0.6,0.9,0.7,135,4413.177035014863,15715.185448834492
23,75,1.504764145000577,1.6565949423776485,1.596993483454925,1.9670294828854586,1.5343338438777798,0.06748358324392674,0.8385132991727513,1.0,0.6,0.9,0.7,137,4428.569714774164,23477.3097640798
23,76,1.5045959311595603,1.6648718608911275,1.6177694275323806,1.9941007520772607,1.505303316925911,0.0674835832439267,0.8385132991727522,1.0,0.6,0.9,0.7,139,4441.667547279473,23417.3990001406
23,77,1.5305860112433773,1.6898892005428583,1.642610066862315,2.023746984207209,1.5284047355818666,0.0677799642636669,0.8672593597607344,1.0,0.6,0.9,0.7,140,4445.726608426453,23463.626717817227
23,78,1.5028578853613968,1.6656440575033848,1.6299644406467044,1.9920357202771115,1.5510789769156537,0.06632304578709926,0.8379325126668589,1.0,0.6,0.9,0.7,141,4602.902012584624,23336.935502271088
23,79,1.5022565375871233,1.6609535061718859,1.624533073523215,1.9986556996237381,1.5086727380124305,0.06600424725266743,0.837739521568649,1.0,0.6,0.9,0.7,143,4543.610169566567,23156.10338182157
23,80,1.5024249890046435,1.6603035876074095,1.6237349710941538,2.006177993370852,1.4968099863773927,0.06551839274932579,0.8383026848507076,1.0,0.6,0.9,0.7,145,4594.508247144937,23077.62313571404
23,81,1.501596663027326,1.6593903187251908,1.6228063421491412,2.0210221801280404,1.4931714841567438,0.06689834070621892,0.8364677058061096,1.0,0.6,0.9,0.7,148,4496.401058456317,17945.103075764684
23,82,1.5014840731451893,1.644725647836405,1.5945354781102272,2.0077765564971246,1.5177231978690613,0.06707830267648635,0.8364326494261405,1.0,0.6,0.9,0.7,149,4511.322220404983,17901.260917129774
23,83,1.5009467155129252,1.6536364809674253,1.6161292849861457,2.0276001298831243,1.5055420708437297,0.06608728099583315,0.8366051057114525,1.0,0.6,0.9,0.7,150,4421.831391754333,17938.206228168652
23,84,1.5007878342419354,1.6397930175448128,1.5888370272248569,2.014229107643092,1.5108546848474593,0.0661032227090012,0.8365700493314842,1.0,0.6,0.9,0.7,151,4436.296943903168,17894.11531266447
23,85,1.500700525359278,1.6379810196332398,1.5867136398148718,2.021393845751319,1.4989359485879348,0.06618273585744343,0.8365247033646892,1.0,0.6,0.9,0.7,153,4499.926671447369,17928.685677815785
23,86,1.499496130391273,1.6514010361927185,1.6247304010286117,2.0564013419462244,1.5490489563368737,0.06471402681897422,0.836627133463308,1.0,0.6,0.9,0.7,154,4529.958119019718,20527.3264589628
23,87,1.4996600638496065,1.6351685997156666,1.5945622986991634,2.0516120688723225,1.53042284312993,0.06466605257990306,0.8371398925449253,1.0,0.6,0.9,0.7,155,4466.607429709527,20882.64545279388
23,88,1.499395600386309,1.6320908226983402,1.5909783865728628,2.0463563230321133,1.50238864164558,0.06474823073442651,0.8369490186540096,1.0,0.6,0.9,0.7,157,4619.778097457909,20613.746013917094
23,89,1.4990856681682723,1.627335933287342,1.5854243645331196,2.0618527390048653,1.5246010149528182,0.06436115381034012,0.8371084618019518,1.0,0.6,0.9,0.7,158,4494.3046820422,20868.183017983032
23,90,1.4987812072910192,1.6601747141668888,1.6571804586245602,2.1173845933519977,1.4921172739254551,0.06440165938376938,0.8367688207482875,1.0,0.6,0.9,0.7,167,4394.908276500246,20192.027793267494
23,91,1.4987890237989463,1.674427740497792,1.6959691258340825,2.137899813884485,1.522018959069575,0.0649699476250899,0.8368352674314726,1.0,0.6,0.9,0.7,169,4513.956961889006,20410.42691504885
23,92,1.4983157734504882,1.6667745304667942,1.6870293145397337,2.1447718186781537,1.518223241176775,0.0657761679371471,0.8361418614717561,1.0,0.6,0.9,0.7,171,4654.636941371505,20284.379781063988
24,0,0.9098861010082387,0.9789142282456921,0.9263293539949745,0.010830155086930415,0.0,0.0,0.0,0.0,0.6,0.9,0.7,1,2124.762773842159,7561.0999227386
24,1,0.923723973810458,1.0112898968510147,0.9576540217660083,0.052174390310483175,0.0599447464872279,0.06389142973715653,0.00011585981085181999,0.0001049844790755,0.6,0.9,0.7,3,2125.0724512960232,7409.764541602327
24,2,1.4382131247172478,1.6909865654559308,1.639629350570776,0.7941672119298322,1.2068748581108792,0.07703419928644448,0.4765258763419011,0.42074013951917644,0.6,0.9,0.7,4,3472.168471073611,3168.487863438701
24,3,0.833869662053752,1.1628179475624456,1.1041887724046096,0.30814680695526436,0.5878946653704968,0.10052458384203529,0.20769162695064153,0.05238346872839154,0.6,0.9,0.7,5,3174.280647310344,3475.206629698677
24,4,0.9766286632045379,1.3450835726577821,1.295558887531984,0.5118138387261492,0.5534599633920235,0.047127991915009895,0.2696313975542587,0.2953895200414546,0.6,0.9,0.7,7,2086.229233515346,7172.404352237817
24,5,0.7493874234022392,1.1477848757379527,1.0936517537508503,0.338953423866183,0.49530014534425015,0.07579203710305508,0.17377031367324464,0.1506569442578347,0.6,0.9,0.7,8,2575.809304881218,4339.3835071032345
24,6,0.6816766505543475,1.0926263465917738,1.036178254493666,0.3000080900398019,0.31287541601945046,0.06082130578755607,0.14609899055587644,0.13957947814426397,0.6,0.9,0.7,10,2003.178843468933,3509.8380832873945
24,7,0.5210576780903514,0.9437341539882079,0.8848252030814624,0.17072990950809772,0.181435498464614,0.05952317797288855,0.06686739124226812,0.050386701331839825,0.6,0.9,0.7,12,3075.88588385145,4317.883892962733
24,8,0.5044157459334928,0.9445575714809985,0.881069490502539,0.2025930248920807,0.25201597633562295,0.06268725866990998,0.07972829727256245,0.07051244626234222,0.6,0.9,0.7,14,2051.999193033173,3925.2938733750425
24,9,0.47519520641356666,0.9170721138041866,0.8530409686774119,0.18767066561162266,0.14548655497781904,0.0622779984087227,0.0638942428888979,0.05648644969365583,0.6,0.9,0.7,16,2014.7685416642091,3828.480083862664
24,10,0.5193794211156325,0.9622608057151509,0.8979045554897518,0.23458252087991474,0.19475331496287435,0.09280766659618248,0.07627713983754632,0.08166431517806089,0.6,0.9,0.7,17,2704.533712361862,3213.276585285556
24,11,0.47066232889149107,0.9139535289293029,0.8494631589474242,0.19242487347441242,0.139454820049298,0.06158925238429173,0.06384684327172667,0.05651321284421505,0.6,0.9,0.7,18,1972.5917560835364,3739.965645991417
24,12,0.45986315956412693,0.9128875399389234,0.8446630456405905,0.21572552705525122,0.30700436882931065,0.08326029517493812,0.06307391265775933,0.06855727966113102,0.6,0.9,0.7,19,1922.5599836545207,4018.1435225425967
24,13,0.39661182300217346,0.8626548240142253,0.8065701237491829,0.16163988667409546,0.13338649397568375,0.07237253362573756,0.040298194055782534,0.02658599965290278,0.6,0.9,0.7,20,2704.954456697657,5175.635439788845
24,14,0.38607673130519576,0.8671122463089467,0.8219415301786677,0.17346669331776166,0.14629571746186465,0.06329808277779769,0.05231041186925929,0.02668654694500741,0.6,0.9,0.7,22,2858.118370957407,5368.053532739015
24,15,0.41971623249257134,0.8790013102279821,0.8074136975390847,0.20997204327974117,0.15746089521723095,0.08820881178533117,0.05491476230394021,0.054451964603680056,0.6,0.9,0.7,23,2800.261044025109,3286.968822367134
24,16,0.3724124644744974,0.8562468138949334,0.8091011648409578,0.1807176463038361,0.16792985732131938,0.06456428850097236,0.05162268653737343,0.02743781140076882,0.6,0.9,0.7,24,2911.4274315481844,4225.716803496764
24,17,0.38071875805047484,0.8451668945421971,0.7688654228718612,0.20970395736603192,0.2629485369686795,0.07203804514732536,0.05661587422007629,0.057111523679346646,0.6,0.9,0.7,25,1950.739266030728,4095.9942438633343
24,18,0.3627750635159206,0.8276694111378926,0.7506406183635358,0.2038992860499857,0.13573572825014912,0.07156725488653072,0.048542471273545565,0.04896628332420675,0.6,0.9,0.7,27,1910.8749132386224,4015.362645101524
24,19,0.3675741067562193,0.8555901683748549,0.8027602857033824,0.2269180391904526,0.17363092064962202,0.06534362579824717,0.06414086025934328,0.05715330076386151,0.6,0.9,0.7,29,1929.7773236377568,4351.8568708322255
24,20,0.5154135828444253,0.9924609830539097,0.9261314940754484,0.40393302693474525,0.30913128338605833,0.0696756088830059,0.20414477475474052,0.08913359134440373,0.6,0.9,0.7,30,3030.90259175656,3147.6227673862336
24,21,0.4664166481047938,0.9431836638122189,0.8735830356408246,0.3754992428448135,0.3908069766717869,0.06266189017338579,0.17972886002972177,0.08342827236065312,0.6,0.9,0.7,31,1947.2997493241,3990.799663120548
24,22,0.48352706771891607,0.959993424152995,0.8892877044681763,0.4037780949185659,0.3270857405542257,0.0582469690633306,0.20286896739363924,0.0906935330510074,0.6,0.9,0.7,32,2074.3618603292057,3947.634490449981
24,23,0.4564424520846322,0.9435143311783576,0.8848198837128416,0.3843670687347314,0.2989542095947675,0.05641853841642872,0.18537278374658664,0.08345957242227404,0.6,0.9,0.7,33,1987.8064659541956,4081.244409170578
24,24,0.475416207905762,0.9507253520340166,0.8783711642766393,0.403218453130055,0.3072378228288529,0.058398948397744156,0.2030334265600417,0.09086216857221618,0.6,0.9,0.7,34,1971.60673327024,4283.141655469237
24,25,0.45058536114402525,0.947942661241277,0.9010882819028416,0.3924302800540892,0.27958018967809223,0.05641853841642872,0.1853727837465867,0.08345957242227404,0.6,0.9,0.7,35,1907.3615597643125,4314.771028777709
24,26,0.46429118356781124,0.947248146920396,0.8837570401256017,0.428440259593595,0.44282650818699437,0.05800069671318817,0.2147559616188917,0.08967217625392264,0.6,0.9,0.7,36,2763.4335621405107,3857.673794860414
24,27,0.4641727146201354,0.9577019408026068,0.9070313356336805,0.4316857919290623,0.29485723564477145,0.06165135799705691,0.21189274151027865,0.09065292654089899,0.6,0.9,0.7,37,1885.304835655492,4166.252583981286
24,28,0.3126223397738643,0.803943659579474,0.7516136992277908,0.28673091518915267,0.2148870149620218,0.06315716173359393,0.07877171024042712,0.05470520412567591,0.6,0.9,0.7,38,2162.687263041805,5068.35642231932
24,29,0.4551422069702567,0.946168116019223,0.8935962030606823,0.4391858017280193,0.3011009006070869,0.055948242015571456,0.2159471851805171,0.08971172256471671,0.6,0.9,0.7,39,2842.867339898271,4040.5802604877927
24,30,0.45424972809369685,0.9554719983702104,0.9152722908437583,0.4464229168743409,0.31749684486370544,0.055346092724168294,0.2179597324111035,0.09016663000923895,0.6,0.9,0.7,40,2638.371296046332,4273.116257511348
24,31,0.4225196518033202,0.9112001463392282,0.8571607832861207,0.4332827854383532,0.2984395981976752,0.05848736335724475,0.1921061221232701,0.08047496496657243,0.6,0.9,0.7,41,2074.2996872902618,3423.651193901046
24,32,0.4251880117035965,0.9112861590905097,0.8632766645453012,0.45666117558950287,0.43644426205335585,0.0635761726783778,0.2141955570801044,0.08997665768813412,0.6,0.9,0.7,43,1888.486144379227,5159.832052364252
24,33,0.4181411939348232,0.8996332276414042,0.849649875214945,0.46160271613685205,0.3762986880110485,0.06021302537999203,0.2170588012737253,0.0889958829695642,0.6,0.9,0.7,44,2120.1319413927718,5078.997340700645
24,34,0.3812782765479411,0.8437313248245611,0.7778244622045508,0.4384546674503114,0.3835090562566834,0.05783859187681843,0.19467457293638918,0.08033969531702864,0.6,0.9,0.7,45,1768.3471057134946,4946.752135081722
24,35,0.3775186529723081,0.8475766649440567,0.7934100619418768,0.44378965633015033,0.29136260709067574,0.057838591876818425,0.19467457293638873,0.08033969531702836,0.6,0.9,0.7,47,1649.7539807739013,5196.119134072264
24,36,0.4050141582036605,0.8748246722390087,0.8205265793048196,0.4815900062352794,0.3012643007789431,0.06281449028889653,0.20091510177965857,0.10807271147991977,0.6,0.9,0.7,48,1827.8201462815755,5221.771234692727
24,37,0.40147062611085305,0.8783513530610446,0.8356735574129035,0.48734114172681386,0.32190440576294616,0.0629301586984029,0.20126832410436052,0.108066782964232,0.6,0.9,0.7,50,1753.2726048093282,5488.95606145105
24,38,0.4343305349079621,0.9066937834953231,0.8625231447098263,0.5207281245984785,0.3923198010883019,0.064938222954011,0.21925938701001718,0.13615623604416055,0.6,0.9,0.7,51,2032.4149413878647,2251706.113617857
24,39,0.3967817404133872,0.8572434389445621,0.799843973508947,0.49034213926989545,0.2970400300678422,0.05684577873601737,0.21924170250686456,0.09038154364926912,0.6,0.9,0.7,55,4065.8713891843263,4609.275521499641
24,40,1.5615616926740898,2.0418768775032063,2.0290046689687573,1.7666058657887758,1.4960943989020028,0.06474691415831008,0.8214527311542821,1.0,0.6,0.9,0.7,72,5971.132478234996,4046591236.619052
24,41,1.4903559363531245,1.9648444024792588,1.9503395674926403,1.7121313834535579,1.4277244828486222,0.06611047836240612,0.7455450279974968,1.0,0.6,0.9,0.7,76,7176.075448750084,4046585226.72796
24,42,1.70859169335276,2.174843821580609,2.1682451701220744,1.9483614778037492,1.7427588700197203,0.06533036319814146,1.0,1.0,0.6,0.9,0.7,78,5881.393083869864,4046584392.120556
24,43,1.7079690423399085,2.1728503720966446,2.165910295997538,1.9586834620179154,1.6459180553866428,0.06533036319814145,1.0,1.0,0.6,0.9,0.7,80,6142.237978822505,4046337963.655789
24,44,1.7071858944994387,2.1599609590569573,2.1397925378653264,1.958078524475232,1.6481601080897224,0.06473933592863446,1.0,1.0,0.6,0.9,0.7,81,6048.518921682717,4046439201.283094
24,45,1.7050751421022512,2.162793262533313,2.154070431276409,1.9545582371348431,1.7022356013464748,0.06591859098117964,1.0,1.0,0.6,0.9,0.7,82,6124.252928889689,4046323597.309185
24,46,1.7048037795897721,2.1621226847015453,2.1532993960490385,1.9684419136748545,1.6437204277256512,0.06577830999369903,1.0,1.0,0.6,0.9,0.7,83,5982.2671444762045,4046401671.029397
24,47,1.7041103100692145,2.1573519993849466,2.1475293019845,1.9759702052399954,1.6810986086620767,0.06755534945059957,1.0,1.0,0.6,0.9,0.7,84,6260.037889952151,4046190521.395648
24,48,1.701271330143408,2.159930942372876,2.1617059463689174,1.9784294234011919,1.6972978182753744,0.06683206685816845,1.0,1.0,0.6,0.9,0.7,85,6240.967104392025,4045969318.487512
24,49,1.6993789567005864,2.1455077536942158,2.1339441912638106,1.9698852478400104,1.646712623874427,0.06475441657727987,1.0,1.0,0.6,0.9,0.7,87,5895.431624514428,4046590008.611654
24,50,1.6962600789856919,2.141361178551814,2.1399263283096994,1.9911231605453983,1.6978658347439188,0.06712086248751345,1.0,1.0,0.6,0.9,0.7,89,7651.388029843653,4045944680.107667
24,51,1.6957082021394116,2.1387367770523955,2.1368199923203406,2.0086493566877968,1.6470134181829605,0.06743699413743084,1.0,1.0,0.6,0.9,0.7,92,7775.042848452518,4045961843.3479815
24,52,1.354532278352792,1.7874707693458052,1.7832371611602789,1.6767448769193751,1.3972264784420683,0.057395418786523024,0.6314306139138248,1.0,0.6,0.9,0.7,93,4956.155075461031,676915.8325452679
24,53,1.3537685835903084,1.7730620789579663,1.7552709081689477,1.6829997385245377,1.3258996371019043,0.057386126142203196,0.6314887254237921,1.0,0.6,0.9,0.7,94,4999.194611445635,676936.070335693
24,54,1.3530959185631073,1.7820527932482721,1.776917624314622,1.6761039605548964,1.3093817750500156,0.056913443395905816,0.6315806629606415,1.0,0.6,0.9,0.7,96,4878.408501855154,678283.6769945321
24,55,1.6888057708322113,2.0910293652687866,2.058921206829435,2.0201083743803343,1.6792760715973838,0.06605099240992195,1.0,1.0,0.6,0.9,0.7,97,8453.617642612677,3532952289.672765
24,56,1.6819668584985281,2.1017845334160223,2.0946047737548783,2.021281552337343,1.677985441684289,0.057069548624261335,1.0,1.0,0.6,0.9,0.7,98,4991.18351734057,677161.2650288658
24,57,1.6815222031256576,2.1106709599241604,2.1160764499677156,2.0614809299849854,1.6364641425751496,0.057245958149415556,1.0,1.0,0.6,0.9,0.7,106,5159.614469870538,675341.6087795502
24,58,1.4595624275023629,1.8694411841099667,1.8600736765610828,1.826320744578697,1.4508122212639352,0.05787681256941617,0.755495854166613,1.0,0.6,0.9,0.7,108,4789.047639441517,670843.643952361
24,59,1.6792812306791782,2.1320894588048414,2.1743081722866275,2.090748675627668,1.6437307007758895,0.05821908216105737,1.0,1.0,0.6,0.9,0.7,110,4516.78271734394,670687.853515452
24,60,1.6743483715616372,2.0847079192831295,2.0966293090684758,2.0701103760089232,1.8097339141340083,0.05840968304247618,1.0,1.0,0.6,0.9,0.7,111,4427.324760965431,669945.12591434
24,61,1.6743784310134078,2.0838633285763875,2.095600278408877,2.088380108122891,1.6389832488007188,0.058796307364933874,1.0,1.0,0.6,0.9,0.7,113,4615.840938799073,668682.6667116693
24,62,1.674120674690264,2.093752687109986,2.118266767670648,2.092429403572905,1.644376917773596,0.058778189552521065,1.0,1.0,0.6,0.9,0.7,114,4598.42696333278,668771.2579176194
24,63,1.6715022097601078,2.072312970303841,2.082226360107483,2.0905038341423294,1.6996334739320509,0.05729299550120074,1.0,1.0,0.6,0.9,0.7,115,4536.942881525967,668984.8711546003
24,64,1.6654101000153416,2.0173441683870643,1.985091918951649,2.080763034401384,1.696029689937893,0.05249139800688109,1.0,1.0,0.6,0.9,0.7,117,4257.93000547248,668969.0498560945
24,65,1.6648346226629829,2.0344568734103383,2.0272383016092217,2.0931423960941133,1.671277945048493,0.05308120002314639,1.0,1.0,0.6,0.9,0.7,118,4111.752273073995,670868.3206719967
24,66,1.6622062432709628,2.0063766950609434,1.9832644513609092,2.1021988385689165,1.6908731198205218,0.053110154109354255,1.0,1.0,0.6,0.9,0.7,120,4285.95295039033,670458.8549485415
24,67,1.66214049232967,2.006003078805536,1.982828889232014,2.1094772521368563,1.6331074043397793,0.05309068112757872,1.0,1.0,0.6,0.9,0.7,122,4289.171830598114,670831.6851849547
24,68,1.6706721684471217,2.03425146659215,2.05807381734292,2.139508148366847,1.7466650159497197,0.07418895305391619,1.0,1.0,0.6,0.9,0.7,124,4081.8885461464647,685263.93788924
24,69,1.6636956937945577,2.0584621065763127,2.1208085624185786,2.1592650725464004,1.6572113463025802,0.0631665241665547,1.0,1.0,0.6,0.9,0.7,125,3900.4921606398057,697775.0526126759
24,70,1.6656681025156828,2.0288444464841424,2.0742029760768155,2.169616105837961,1.7244468202445968,0.071283260448498,1.0,1.0,0.6,0.9,0.7,127,3920.645211243986,698469.1532725493
24,71,1.6651447892687057,2.0081431882191976,2.07134427682991,2.1968195004502125,1.7306177423761349,0.07883080895161153,1.0,1.0,0.6,0.9,0.7,131,4017.141815997743,684387.2868223322
24,72,1.6627692933449754,1.9781941121983042,2.014421253642178,2.1751333555292227,1.655043801684975,0.07573182628454109,1.0,1.0,0.6,0.9,0.7,135,4039.493772802787,682098.9291684153
24,73,1.6614581361856113,1.9554538832021184,1.9767519103464166,2.1815035497838533,1.725331145946687,0.07527501377642712,1.0,1.0,0.6,0.9,0.7,136,4033.0235791594887,682034.9497940248
24,74,1.661300803875042,1.949676957818399,1.9699242170730091,2.165854517461864,1.666248947808375,0.07587249400182065,1.0,1.0,0.6,0.9,0.7,138,4026.0323271675247,683916.9246266135
24,75,1.6611441759620138,1.9590297577729223,1.9919603790134324,2.177272425491885,1.6519273307462734,0.07587249400182065,1.0,1.0,0.6,0.9,0.7,140,4019.690416837524,683690.6605422124
24,76,1.6604503643031374,1.9543039086562926,1.9864781349477918,2.1995366889367562,1.645784635114539,0.07535810772641703,1.0,1.0,0.6,0.9,0.7,148,3997.721011658496,683182.0684993116
24,77,1.659837284146363,1.9578700632691577,2.001736705328197,2.210556534541049,1.6739736916059462,0.07535810772641702,1.0,1.0,0.6,0.9,0.7,150,3978.8011077348174,682518.6319812613
24,78,1.6524503490938725,2.007189691324418,2.1161864790656075,2.3247174019434595,1.6389012437556165,0.06294785101754813,1.0,1.0,0.6,0.9,0.7,165,4815.991958077461,690057.2241479092
24,79,1.651791375935556,2.0145177487131605,2.1359160625264044,2.32444209350271,1.6618042925438479,0.06231698005758324,1.0,1.0,0.6,0.9,0.7,166,4777.829997220646,690100.3137527306
24,80,1.6446670343759753,1.9927563307857417,2.1114392841243,2.317070725066034,1.6868168979035902,0.05247312337657252,1.0,1.0,0.6,0.9,0.7,168,6890.348041108404,689971.1726011606
24,81,1.6444935441649742,1.9874932420096914,2.105235619273717,2.332571876975896,1.6413036742737366,0.05285476375594905,1.0,1.0,0.6,0.9,0.7,172,6827.719567278378,690162.3139749303
25,0,0.8421810475177594,0.9616544775892938,0.9061137692088738,0.009242125085512311,0.0,0.0,0.0,0.0,0.6,0.9,0.7,1,3237.0552683094347,7240.456033468433
25,1,0.8656577245463927,0.9980638530093905,0.9417131369223845,0.053342697503584384,0.05765720521661745,0.06827739844044386,8.620034091585e-05,0.00013585291659822,0.6,0.9,0.7,3,3244.8803463103936,6944.340059159947
25,2,0.8419719144215992,0.9956498292999189,0.937913298743181,0.060592909429938856,0.10333137110133597,0.05603365044481361,0.0097072877844306,0.00637182576862669,0.6,0.9,0.7,4,3017.6042982169524,7200.843307478581
25,3,0.6902859686129766,1.0239316517505614,0.9787472018882003,0.1577728593475042,0.40546905233727715,0.07985209712236543,0.042007809012975086,0.06500551395103796,0.6,0.9,0.7,6,1714.1053662856702,5718.670433599636
25,4,0.5699509985001091,0.9546452315674332,0.8879379642620393,0.14059213489289452,0.2966782827489841,0.07475061938865055,0.03938207181972314,0.06086888380834367,0.6,0.9,0.7,8,1210.9302446791694,3805.4009682973456
25,5,0.833033229422264,1.2474793598833795,1.2054861613432348,0.4462347890936461,0.4533379138943925,0.07357325292495645,0.1791772876686379,0.2792007149437022,0.6,0.9,0.7,9,2406.015294633582,3069.419693465624
25,6,0.5073923490033951,0.9126912744494446,0.8421166069869795,0.12488671951003248,0.20876687352689077,0.08389010697904234,0.02682124978877093,0.04151149757353706,0.6,0.9,0.7,10,1162.6549624282163,7832.355860043679
25,7,0.6835337625357631,1.137240568104125,1.1022466014633165,0.3685656282587133,0.45410075898581664,0.08157645162503398,0.13058786735905142,0.21138318675514967,0.6,0.9,0.7,11,2351.2554912424644,2381.1279821088083
25,8,0.5591375747674299,1.0205382674599963,0.9833989661680065,0.25522898347231104,0.29761169721859637,0.07473713259681142,0.08600629028418355,0.12574243171644664,0.6,0.9,0.7,12,1345.006502858827,3943.413312980926
25,9,0.6727551235426728,1.1481776030555104,1.1231689169470198,0.40443405708262764,0.34952106802078703,0.07216565799339947,0.15581920489682866,0.21177877682329357,0.6,0.9,0.7,14,2300.124031950435,1866.0407113092283
25,10,0.5753486590290027,1.0746430412332841,1.057737189371373,0.3561874915063261,0.375513218582785,0.08565018537537145,0.11561540330317924,0.17171083843929497,0.6,0.9,0.7,16,2445.8113971338557,1603.130646520658
25,11,0.5273441303463782,1.027333672937869,1.0100848555037363,0.32148360601321796,0.23733237921251454,0.08483100838848076,0.0925117212367973,0.13739461877303238,0.6,0.9,0.7,18,2446.289897567244,1564.903429038285
25,12,0.5256905493322683,1.026090818019254,1.0086325437981185,0.3238088480199014,0.23884553946529435,0.08458441691455752,0.09254945658170446,0.13752873070642768,0.6,0.9,0.7,19,2456.6222313731128,1353.191078445905
25,13,0.4870725613339199,0.9965998699164675,0.9718610416613873,0.33604468906694607,0.5402769591906526,0.05111524238856522,0.14576238048226675,0.11640236409577184,0.6,0.9,0.7,20,1463.9779786800896,25122.53828588592
25,14,0.4524171920488731,0.9620991547317577,0.9370880937506997,0.3029834332971342,0.2215070393310536,0.057420231832066036,0.11756402821167362,0.10023678824795099,0.6,0.9,0.7,21,1432.830565336963,19909.68245475322
25,15,0.4494675749589968,0.9591699722963288,0.9341279064796143,0.30852855229241644,0.20896521122347803,0.05071398832238525,0.12148220449041433,0.097021929197474,0.6,0.9,0.7,22,1460.7095734195962,24958.71983976812
25,16,0.48834511568373135,0.9982857935605322,0.9727726942144524,0.3557826609741952,0.26873454921921264,0.05100196565568856,0.14977125187755716,0.12021221896526084,0.6,0.9,0.7,23,1504.9041016333338,24833.03894459881
25,17,0.3710176020845029,0.8815312896051613,0.8516944298339938,0.2523583428366357,0.33443628924389784,0.05964434723003884,0.08031472158365816,0.07138127768668759,0.6,0.9,0.7,24,1649.7806952559422,15338.430795720822
25,18,0.3520894661346808,0.8609275095963822,0.8274446048099664,0.2546866955893335,0.23306804009763205,0.053857345718916226,0.08115034544843543,0.07624761211710274,0.6,0.9,0.7,26,1473.7125168070038,14002.828904872244
25,19,0.3504105772493376,0.8702035463589419,0.8493911355101099,0.2661779556418976,0.16542729668901546,0.05385734571891628,0.08115034544843595,0.07624761211710254,0.6,0.9,0.7,28,1515.9418497280417,13690.091166832592
25,20,0.3311009411887299,0.8392957904785135,0.8049822287550104,0.2576754710764688,0.16235069639241198,0.05521213005089477,0.06972890419456096,0.06579733728591755,0.6,0.9,0.7,29,1478.256553778314,13898.181636065165
25,21,0.3251130899266062,0.8312345031249506,0.79475950812056,0.26060257715717405,0.23464694065807512,0.05220388490336355,0.07312288480263382,0.0705259660305477,0.6,0.9,0.7,30,1575.555739906113,12592.948527732768
25,22,0.3404619485532921,0.8569617698137045,0.8327630373495198,0.31220748276514043,0.17510401995681266,0.06320479219593891,0.0726187275782247,0.08853569448363034,0.6,0.9,0.7,33,1521.419657501713,15218.51068406196
25,23,0.6119754447559337,1.1245303058396934,1.097417917719746,0.6074051487410412,0.5687276768596008,0.06708584771391043,0.13462697978339158,0.41202954470612563,0.6,0.9,0.7,34,1918.302602093187,112266.56078794456
25,24,0.6132803963638926,1.092306494607002,1.0331720681558285,0.6204946092999887,0.5979175440014461,0.06934103523025222,0.16105472628987988,0.41231975454691394,0.6,0.9,0.7,36,2368.7029998019552,106906.32589367084
25,25,0.5349717106206575,1.002185870671467,0.9297703561687902,0.5491630712790482,0.4093404561346139,0.0736306114952013,0.12449077581860084,0.3452569844958321,0.6,0.9,0.7,37,2304.9000537165707,77889.92370708828
25,26,0.5809419775115341,1.0213514823739018,0.9209972837439281,0.5738724132269557,0.5298095859444722,0.06694656491617819,0.1517068682839115,0.39154941840874047,0.6,0.9,0.7,38,2463.3889059877506,102284.63091575002
25,27,0.9172373146785426,1.3675637151015225,1.279669592324959,0.911746033614317,0.8109941822971609,0.0919415327215113,0.1874548897424234,0.8072542072896841,0.6,0.9,0.7,39,6141.29497947752,113244.80271085208
25,28,0.843338132223836,1.3260120490598541,1.2765985274273899,0.875742256087735,0.7274527946597908,0.08586327362187529,0.18013420613850778,0.718843483445121,0.6,0.9,0.7,41,5407.386482351596,111974.49880609596
25,29,0.9153632912562131,1.3959940609047614,1.3457580878554716,0.953176119878292,0.8252041258941331,0.0923873525141936,0.18692379484433233,0.8113568201648697,0.6,0.9,0.7,42,5929.044996454891,112230.7253537212
25,30,0.8178701037761262,1.2837162957785577,1.228098444842451,0.8725191299914983,0.9302223743716769,0.07426099673433523,0.18183940817664399,0.7179278469720811,0.6,0.9,0.7,43,5294.63272662964,111859.49408694512
25,31,0.8174254129951839,1.2940138471780547,1.2512414148070623,0.8912816876571515,0.7139159269227424,0.07426099673433514,0.18183940817664296,0.7179278469720834,0.6,0.9,0.7,45,5315.266354346696,111990.30341631736
25,32,0.6486057472616058,1.1032198964697106,1.0439642180709756,0.7270320948265933,0.6937459564018582,0.06203511088662104,0.24377507370202398,0.42126912673932015,0.6,0.9,0.7,46,2441.638454511159,73009.85488979473
25,33,0.7676818604454375,1.2038244352925629,1.1391337736897635,0.8627152182821749,0.7945682689309423,0.07023083893622498,0.2533514939388204,0.5909898671194664,0.6,0.9,0.7,48,3469.0624515408263,109571.57017751092
25,34,1.0904692335004045,1.5225203578739177,1.4566816600160917,1.1875214207211617,1.0568002291255327,0.056781939381815014,0.513614391320212,0.7327498860214119,0.6,0.9,0.7,49,3003.886296527662,130853.94494200851
25,35,1.1282928124878406,1.5729992683066634,1.5305350740795127,1.2456708892578736,1.1594581773156898,0.10667394099960703,0.3207233232552413,1.0,0.6,0.9,0.7,50,3935.397033424358,79434.73875217982
25,36,1.098317994435376,1.5405141293232056,1.4973923115289403,1.2263704169363978,1.0372834783411622,0.10683849612394103,0.28878592227485705,1.0,0.6,0.9,0.7,52,3904.4068052759008,79574.95245218955
25,37,1.0737541192912254,1.502997269845721,1.4464164176709162,1.2057660329979054,1.0191745796806857,0.1066480024400066,0.2626512024069627,1.0,0.6,0.9,0.7,53,3784.477507459886,77275.50688324754
25,38,1.0965683380858715,1.5353399516252808,1.4913271893333975,1.2422799480546545,1.0414347018284231,0.10639411427309595,0.2891130302336221,1.0,0.6,0.9,0.7,54,4054.56372079033,80006.2923852928
25,39,0.7549813122117113,1.1967928871435642,1.1636395903331989,0.9006651166060808,0.7327951391659958,0.04756201805689578,0.2885499338771776,0.5693668195869914,0.6,0.9,0.7,56,2226.976146972226,72693.84874112983
25,40,1.1258321847296808,1.566129216899441,1.5326490392961851,1.2882218521678,1.066670010978246,0.08662305211969852,0.34305433354449527,0.9961588203932029,0.6,0.9,0.7,57,4225.063547683289,88165.09763863377
25,41,0.7566743383243255,1.164611186934271,1.1233473141888513,0.9245417277853638,1.0197339386201916,0.05417458292907967,0.2655970460407945,0.6148915584036729,0.6,0.9,0.7,58,3073.6734083669426,93429.513178658
25,42,0.7387786788415414,1.13699935620756,1.0935131673178533,0.9087007549249406,0.7324893359309312,0.05699949469016875,0.2660694956396342,0.590955498753719,0.6,0.9,0.7,60,3156.195437989155,109276.32890060004
25,43,0.6280239182382841,1.0131532134008434,0.9562393332598056,0.8050859603459775,0.5945913436953495,0.057224597236495436,0.2295531042086784,0.4803585015763928,0.6,0.9,0.7,61,2605.978486533913,94107.2156827296
25,44,1.084070255612044,1.4776429074352135,1.4541617738545223,1.2755758037435758,1.2682085410839605,0.10034411841799784,0.31152315766105787,1.0,0.6,0.9,0.7,62,3964.917147612468,75597.04789632442
25,45,1.0814793614963412,1.4639339309859205,1.4380640348313833,1.2913150305208663,1.0895047925897208,0.09619078006104888,0.31455895207620715,1.0,0.6,0.9,0.7,64,3796.593708197685,79261.50858553253
25,46,1.081609457030442,1.4522558663059546,1.4132593886235267,1.2845373521480246,1.0457416578468388,0.1004482295078764,0.3120109431391218,1.0,0.6,0.9,0.7,65,3914.4893259976234,75853.94027486455
25,47,1.0532176134608118,1.4326164377909922,1.406096888826984,1.2669390392564803,1.0350226774020908,0.09545595501369739,0.2844662828441812,1.0,0.6,0.9,0.7,66,3750.969556857293,80702.03941230473
25,48,1.0514869164156009,1.4268848083562462,1.399520086308219,1.279254486351098,1.029548065274523,0.0997935311525214,0.28069006893873144,1.0,0.6,0.9,0.7,68,3903.404648497101,76388.09409093318
25,49,1.0493226361290553,1.4343650972250028,1.4196715023325204,1.287671848071789,1.0241755097999103,0.09708278738527236,0.28049682706888823,1.0,0.6,0.9,0.7,69,3828.449106039076,89444.17209677426
25,50,1.0506746517011356,1.4240399368150127,1.3962461767144088,1.2820788294781083,1.0161707420155754,0.09951903388374164,0.28049445576103216,1.0,0.6,0.9,0.7,70,3786.6026656104714,76181.91599275882
25,51,0.9851114851394629,1.364520692633952,1.3486433248708565,1.2274241478020718,0.9920688414305913,0.08883223937726749,0.2581807698855673,0.9458606889305059,0.6,0.9,0.7,71,3201.792610436048,81717.03797248681
25,52,0.9933150747121418,1.3375322335163906,1.2823229566235907,1.2186045878184362,0.9630409859731108,0.09652460060927356,0.2550418543562508,0.9555209233152959,0.6,0.9,0.7,73,3808.473820541233,88910.36953338221
25,53,0.9954225716277242,1.3545496790840876,1.3344746324608816,1.2572331743491731,1.0017640182600291,0.09921670031820692,0.2552873460596371,0.9614503444271492,0.6,0.9,0.7,77,3397.0232454085044,75236.20468928386
25,54,1.0411089059803,1.4004860437259752,1.4019272773134404,1.3185248216003247,1.1033923687092355,0.0977109938231273,0.2815473854127835,1.0,0.6,0.9,0.7,79,3443.506256090664,76617.10388956292
25,55,1.0398248461032074,1.4031090217174549,1.4160936192272966,1.3282784518696449,1.0713460919005962,0.09736485939203707,0.28169744848186096,1.0,0.6,0.9,0.7,80,3340.136959099816,76445.90702640833
25,56,1.03981501201985,1.4030387551876167,1.4160112713454873,1.335309182345014,1.012436277994342,0.09736485939203707,0.28169744848186096,1.0,0.6,0.9,0.7,81,3346.699639465021,76515.52369154622
25,57,0.9928334191901153,1.327221653283641,1.312917153859815,1.278051758780087,1.0180414763292973,0.09906835790586628,0.25659178575819447,0.9651651147992307,0.6,0.9,0.7,82,3278.554142823444,76294.1266441958
25,58,0.992717536734167,1.3375650232476093,1.3361136007357235,1.2849774985441487,0.9689893441284197,0.09906835790586628,0.2565917857581937,0.9651651147992364,0.6,0.9,0.7,84,3289.2388575032137,76413.11634782868
25,59,0.995475010957001,1.35016855331116,1.3614489457887093,1.3020634266106084,0.979910837891828,0.09755471430197676,0.2590947651195564,0.9674843420547443,0.6,0.9,0.7,85,3304.89619731152,76144.81399165312
25,60,1.0372557947687027,1.3444871891971193,1.3032430640680257,1.322698344571053,1.0324427178781919,0.09703563966022036,0.28102385925850115,1.0,0.6,0.9,0.7,86,3134.246174869618,76267.69397188054
25,61,0.9833347922807982,1.3103751205514682,1.294618829656313,1.3007972288877265,0.9682399278782121,0.0974963989598988,0.25560118049108016,0.9558303256438523,0.6,0.9,0.7,88,3083.255978100974,75849.25475470399
25,62,0.9843939340605401,1.318763369230087,1.3152467705580313,1.3235839580461728,0.9899906201383114,0.09621050132336664,0.2571744158433638,0.9572330055851976,0.6,0.9,0.7,89,3171.0408775687,75748.70372490735
25,63,0.9218868529376508,1.2542152812202554,1.2502983578003608,1.254014498552285,0.905189155047937,0.09913996594247364,0.2385315091065121,0.8898191197693883,0.6,0.9,0.7,91,3343.136458811235,76771.19175771462
25,64,0.9816346851796643,1.3129738646102838,1.3088631568769986,1.3245122365676347,0.9648367365851587,0.09710315149659582,0.2555545752568682,0.9552358332701356,0.6,0.9,0.7,92,3156.3532639219693,75777.74767109884
25,65,1.006120908512953,1.3530468431438742,1.373604446612615,1.3602527259422441,1.0095483158163374,0.10090772669488508,0.2644153024952239,0.9769354216150852,0.6,0.9,0.7,94,3337.143604865852,76473.7365852696
25,66,1.0160256770048914,1.3509141933963664,1.358308791920186,1.3737866474073677,0.9957043691614675,0.09653322445383494,0.2605253293834403,1.0,0.6,0.9,0.7,96,3332.7795206430974,76538.4946887948
25,67,0.9601643686878216,1.294987480220619,1.3023693762068649,1.3289758797250435,0.9367999488677736,0.09632877072948298,0.23888825742581105,0.9482052764365643,0.6,0.9,0.7,98,3331.049327966031,76735.15495051947
25,68,1.0376177614311,1.3907384592604448,1.4233218529134368,1.4201735648391505,1.0471639145517557,0.09585707748721128,0.2855973803433767,1.0,0.6,0.9,0.7,99,3366.7793417441326,76500.61621991858
25,69,1.0353580875633406,1.3938452155155505,1.438297414665078,1.436640457964392,1.0207565232883793,0.09653233602441427,0.28349244101908216,1.0,0.6,0.9,0.7,105,3194.710266443,76098.09847509561
25,70,1.4896961633393477,1.8478379969521836,1.8922234149173605,2.047066145917184,1.4675748721935222,0.09930053384190092,1.0,0.7255214719366796,0.6,0.9,0.7,126,7447.279968169333,99655.08876575256
25,71,1.4509632881840027,1.808580107482367,1.8528640188922276,2.0206981681500853,1.4308509702810273,0.09993659485493714,1.0,0.6697405859706325,0.6,0.9,0.7,128,7499.840196831197,99536.28909286548
25,72,1.4891253043388832,1.856210820072128,1.913159791169806,2.062621826106722,1.4740044186582921,0.09873374180413405,1.0,0.7256072265792148,0.6,0.9,0.7,130,7535.223745631801,99801.7193240304
25,73,1.451048274714302,1.8069212975080753,1.850868191614116,2.0369039892683984,1.4291531741531915,0.1006309968002919,1.0,0.6695868054328333,0.6,0.9,0.7,131,7450.189151486811,99772.07177147872
25,74,1.450445944875072,1.8048050585201196,1.8484596677905676,2.0388585660566623,1.4405999001984158,0.0991881879557618,1.0,0.6702382581191477,0.6,0.9,0.7,132,7521.07968879779,99577.69739814918
25,75,1.4483546136677092,1.8020180829206762,1.8455384947864442,2.0442241278559377,1.4294149030270704,0.09904131067452607,1.0,0.6675023343755194,0.6,0.9,0.7,134,7368.450854433499,100088.24299915126
25,76,1.4507396826706676,1.8043873669042396,1.847904824502361,2.0503298340333824,1.4291861160088315,0.0990811552732494,1.0,0.6708782737509196,0.6,0.9,0.7,135,7549.082126155356,99618.16319324845
25,77,1.4906080854403818,1.7619261365408092,1.7136833589074585,2.0270861505029543,1.5019508888774804,0.10487240449895951,1.0,0.7236068000764762,0.6,0.9,0.7,136,41081.36050736709,91350.0297731982
25,78,1.4922453722000748,1.7467105751634766,1.6952466282076601,2.010754749762504,1.602761487386232,0.10668334393434209,1.0,0.7271888307400514,0.6,0.9,0.7,137,40319.730345049225,90278.3028887034
25,79,1.4867009073432937,1.7444309645096876,1.7044539974481765,2.021274151260983,1.5318157603113018,0.10547825331050178,1.0,0.7215856934295386,0.6,0.9,0.7,138,40953.70341795286,89353.95315826559
25,80,1.4876740449553527,1.71549236873937,1.6589875784782906,2.024427288645477,1.6134047976259356,0.10599236722830815,1.0,0.7252322052913295,0.6,0.9,0.7,139,40674.436899773,89779.93850907733
25,81,1.4843133909573218,1.7043517686142873,1.646387759661636,2.02465764510998,1.528159388388552,0.10450158317788971,1.0,0.7227675704027038,0.6,0.9,0.7,140,41184.4725074926,88766.15852411023
25,82,1.4833203067417795,1.6976375044067407,1.6386039353124007,2.0236131888859203,1.5117826460454482,0.10626987591733435,1.0,0.7205837143784999,0.6,0.9,0.7,141,41221.90268842475,89022.18039939457
25,83,1.4842033261882888,1.694069576023486,1.634205596787035,2.0426123358646966,1.5033193160582337,0.10331396376841732,1.0,0.7249473177489074,0.6,0.9,0.7,142,41052.32787141823,89495.15290303683
25,84,1.504880886814064,1.7129753041765667,1.6527807753773838,2.0626291221712196,1.4971116475074708,0.10666348725923261,1.0,0.7518414100912458,0.6,0.9,0.7,144,41736.19698977387,97483.3133123564
25,85,1.4903339662104773,1.695699520453319,1.6349967148565936,2.0595993386486646,1.4967366101292996,0.1050665050420789,1.0,0.7327682897009493,0.6,0.9,0.7,145,40775.18774562548,90200.84069794782
25,86,1.4891957229406434,1.694018113516222,1.6332147608433356,2.0657066586666173,1.478779705743606,0.10493508618213447,1.0,0.7313181174251009,0.6,0.9,0.7,146,41267.175502080165,89738.67560542873
25,87,1.4902087634790293,1.6894176790961202,1.6275712482171554,2.066648886743378,1.5191459336631448,0.10485989676265131,1.0,0.7335133569867779,0.6,0.9,0.7,147,41022.95063256605,90167.849938436
25,88,1.4899258547547882,1.6847982654530909,1.6221473610122068,2.073565478772476,1.4929601034679143,0.10453478325436971,1.0,0.7339029872426769,0.6,0.9,0.7,149,41076.98750659289,90023.13585542935
25,89,1.6024902869797462,1.7722057256066357,1.683045828028193,2.1413079453946033,1.5943046296551966,0.11213018809824489,1.0,0.8885101054688496,0.6,0.9,0.7,153,41458.25967231474,89984.63407281633
25,90,1.6024252003770976,1.7721092252479977,1.6938749753965208,2.154095752507141,1.6323542052007316,0.11140859879051268,1.0,0.890290818066046,0.6,0.9,0.7,155,41682.15466043947,89807.35147272205
25,91,1.4943119514299728,1.6812078456739017,1.6280181882676725,2.0981649819506467,1.5213578638918495,0.10358958355281464,1.0,0.7431019292330201,0.6,0.9,0.7,156,39495.39284750841,93453.6335292648
25,92,1.605977558620046,1.7801439532677947,1.713672971229427,2.190701782124961,1.599867491098888,0.11214760829087107,1.0,0.8954504964056799,0.6,0.9,0.7,158,41617.9080726156,90670.20720585898
25,93,1.493159666179009,1.6791575382816764,1.6367467340091095,2.1280344057160905,1.5217187211651362,0.10315152181356022,1.0,0.7430745270947102,0.6,0.9,0.7,160,39567.976411846204,93389.518917756
25,94,1.4918881154576376,1.680829205896368,1.6499083478181116,2.147179611774047,1.5119894845543427,0.10273021451377931,1.0,0.7424181255573639,0.6,0.9,0.7,162,39695.51814533802,92455.28448332495
25,95,1.4926607291455012,1.675354530810238,1.6432936349353497,2.151383013310923,1.5057604390900778,0.10315630532369209,1.0,0.7437419791712051,0.6,0.9,0.7,164,39740.38760741388,92740.96238048354
25,96,1.4923146956615816,1.6576592415301534,1.6114785901759219,2.140919012733486,1.5053808021947344,0.10234599523895638,1.0,0.7445001456930861,0.6,0.9,0.7,166,39961.73572384372,92884.04792488892
25,97,1.493525932032921,1.658072915172137,1.6117469565727665,2.1529160092250854,1.4868141147738987,0.1028375504856911,1.0,0.7458811826447932,0.6,0.9,0.7,168,39837.81554395567,92784.7832872245
25,98,1.4937046662849731,1.6805394277542165,1.6601926460370828,2.1802834021174005,1.4848280887411387,0.10237069884905114,1.0,0.7465466225135555,0.6,0.9,0.7,169,39933.42794732207,92541.86510458682
25,99,1.4940308587155477,1.6657111244135727,1.631645624649112,2.1814319624767338,1.4918981615352622,0.1024330716062816,1.0,0.7473071768459769,0.6,0.9,0.7,173,40110.99162562921,93332.4126835466
25,100,1.4927074432354657,1.681660596628416,1.6726636015821352,2.2009279789580143,1.5025763227285243,0.10235496538358883,1.0,0.745925802907068,0.6,0.9,0.7,175,39766.06480270287,92527.58079427623
25,101,1.4928526441425358,1.6787115726630923,1.6691533008509722,2.233922055330818,1.4867512851006306,0.10199939393839057,1.0,0.7466991915499934,0.6,0.9,0.7,183,39913.27164674499,93052.71483529329
25,102,1.4941742981003596,1.6790659277534772,1.6693323948382925,2.267604290526805,1.4862869927415323,0.10412786776579981,1.0,0.7468434886545408,0.6,0.9,0.7,190,39687.681032583336,75900.76099504325
25,103,1.493525006218953,1.6945736829605507,1.7097091412759797,2.299325976884118,1.4926743161106133,0.10226162781995307,1.0,0.7480284850782001,0.6,0.9,0.7,196,40645.51371577692,77519.73203470033
25,104,1.4936044738923884,1.6882291906319276,1.7022033010015116,2.296056439859022,1.532774971377464,0.10202683149568711,1.0,0.7488537764668617,0.6,0.9,0.7,197,40701.39810311983,77866.3483546447
25,105,1.4936421902581658,1.6697258026787933,1.669375394646869,2.2883981280307593,1.5398875664360223,0.1021073454720209,1.0,0.7494026238182963,0.6,0.9,0.7,198,40542.97381928458,77694.14170013994
25,106,1.4921783880925439,1.6756334994328719,1.6875929747509053,2.3015252893841573,1.5126946805410186,0.10242958524096339,1.0,0.7473210420032006,0.6,0.9,0.7,199,40584.12144563886,77150.43607323756
25,107,1.4926101381941599,1.6725596103532574,1.6838878784239446,2.3160962919538837,1.5109395018750775,0.1028896957991238,1.0,0.7478006185582246,0.6,0.9,0.7,200,40445.36977172208,77275.18208533643
26,0,0.8052897141889848,0.9516586790490768,0.8944061313542546,0.008323050242275802,0.0,0.0,0.0,0.0,0.6,0.9,0.7,1,3938.899918891793,8769.411063151392
26,1,0.8150487030299388,0.9775011275589897,0.9191722118698225,0.043268008582779356,0.05407673535889301,0.05331175859089328,0.00010936365514201,5.996254056922e-05,0.6,0.9,0.7,3,3888.380323787266,8647.727209257946
26,2,0.7701051416434899,0.9594450077170804,0.8992163011052303,0.03760316919872989,0.10264402612511526,0.01895330672316009,0.014954875354846511,0.00047622433905994004,0.6,0.9,0.7,4,3929.543855938603,8728.805583119029
26,3,0.5690002031936788,0.9530838260544594,0.8864805157677343,0.12535033862806702,0.910914728711588,0.0651872119990073,0.06357827762731869,0.034859067636288946,0.6,0.9,0.7,5,3335.5607019116264,6475.021477113614
26,4,0.49087785360627445,0.922231548857311,0.8449794960725954,0.15558826783817709,0.36919510085861484,0.09511033295468148,0.057785033478889546,0.061412630689124434,0.6,0.9,0.7,7,2648.633822893513,7307.2764478691
26,5,0.49526728904836054,0.9469072812503017,0.879291634890389,0.1932577729440049,0.2537803372833642,0.09421569907935387,0.08399851826057507,0.0757851125034934,0.6,0.9,0.7,9,2822.2793680469176,6702.21374838161
26,6,0.4495329103325503,0.9018684117304647,0.8339503578744054,0.1590083287151371,0.14807261137097583,0.09347979238984674,0.05602831674762802,0.050559287025021174,0.6,0.9,0.7,11,2802.8915417518883,6559.890947091371
26,7,0.4750691279787091,0.9403366466492198,0.8846282258093826,0.19658550885709614,0.1845391654608643,0.07149771647556613,0.09336298029444325,0.06694480792908827,0.6,0.9,0.7,14,2191.82699665221,6494.667243524273
26,8,0.41868459993328533,0.8871780621169855,0.829814368987968,0.17311876001814663,0.19794745378463777,0.07025065034663898,0.07407069891349369,0.030685097855542343,0.6,0.9,0.7,15,1906.05428963456,11511.029041920085
26,9,0.41937422557914417,0.899658173578679,0.8549565202539902,0.18322992664985818,0.14044735104049977,0.07110431280728645,0.07573737245465403,0.03245640091622267,0.6,0.9,0.7,17,1905.8081346374324,11544.437552497917
26,10,0.4905265067823923,0.9741831773868369,0.9271798138764943,0.2799531223387875,0.31522749762517804,0.09218969665754403,0.10594052544678842,0.10121495957465551,0.6,0.9,0.7,18,2437.3697525546686,14752.75671134407
26,11,0.4755131099777309,0.9709527717199147,0.9364744377875998,0.2830671017840585,0.21954840226725766,0.09209403678041475,0.0995823317600098,0.09281707979171547,0.6,0.9,0.7,20,2536.920621011516,14332.0057607567
26,12,0.47551310350437737,0.982157120380384,0.9606792689245739,0.290789002137353,0.2098527133266897,0.0920940367804148,0.0995823317600104,0.09281707979171444,0.6,0.9,0.7,22,2536.922783986599,14332.011762971018
26,13,0.4529998952553405,0.9484786914347073,0.9139666692587822,0.28120344303227107,0.18894969792099703,0.0919833616008204,0.0835196749726689,0.08173946175236312,0.6,0.9,0.7,23,2618.959066957258,14636.264840743246
26,14,0.4782377269166736,0.9852640677238154,0.9634517011930056,0.3156524252227676,0.22718309573117862,0.0918834385141546,0.10397539639763768,0.09457849672281986,0.6,0.9,0.7,24,2375.9441111678425,14713.758913601932
26,15,0.4691067883209655,0.9877962611856289,0.9785571202270644,0.32571096044346554,0.21745356150474565,0.09181551256593577,0.10024343114788592,0.09061224820084798,0.6,0.9,0.7,26,2404.6391914465985,14456.573061690262
26,16,0.43533186440659194,0.945035395191662,0.9199903094914593,0.3027592271736022,0.2507720794719769,0.09193874762445434,0.0978393864194031,0.07191747764954881,0.6,0.9,0.7,28,2218.9425776666344,13093.398692163326
26,17,0.4321676504488924,0.9531433654878494,0.9409715400408862,0.29092813103964144,0.19293766403913984,0.091965122943803,0.09604637344803793,0.0708391990309574,0.6,0.9,0.7,31,2232.814318711853,13199.037779864924
26,18,0.43161303587480043,0.9526330355813641,0.9403738453353904,0.2908794550270586,0.19298561870407868,0.09196512294380288,0.09604637344803788,0.07083919903095931,0.6,0.9,0.7,33,2276.052918913889,13325.064921914349
26,19,0.6598403427200072,1.2145345442054847,1.241204603441317,0.5666084499295587,0.4214719676435275,0.07743893863769517,0.34701921440737465,0.0873404838897763,0.6,0.9,0.7,35,5150.254525673698,17210.33631364791
26,20,0.717525199136658,1.2502455107875952,1.250310552709752,0.6279494942836398,0.5072521652570777,0.07196908052634499,0.44098588039343856,0.05928082835853641,0.6,0.9,0.7,36,9897.121369284929,16650.923773388284
26,21,0.8535804793626931,1.3642076108059678,1.3360888769111552,0.7644348587882387,0.6745787230911369,0.047994767598958335,0.6194391604056153,0.06341201778529527,0.6,0.9,0.7,38,9125.08319440591,306397.6960588003
26,22,1.195583660199399,1.7062200130661187,1.677519936445477,1.1152594918928975,0.9997980180337855,0.04366950875642162,1.0,0.07126458206708088,0.6,0.9,0.7,39,3758.060173806228,311235.649621076
26,23,0.5682847298787168,1.1010583271253906,1.0962425838969734,0.5288927110668353,0.38996638971385333,0.07288625034346795,0.31915496749525035,0.04272392409346841,0.6,0.9,0.7,42,9842.185725823172,16714.861613461253
26,24,0.563752378056786,1.0955727300545495,1.0888620432466711,0.5399092896652489,0.4049152373611405,0.07103125035821922,0.3257083253501273,0.043858527294139034,0.6,0.9,0.7,44,9797.04305982232,16862.735299583044
26,25,0.5236421679824094,1.0546409152739968,1.046756864784144,0.5116572481927771,0.38011078788260183,0.06998511633134073,0.23793914222856655,0.1089152636954868,0.6,0.9,0.7,45,9516.508772676669,24403.05122272629
26,26,0.6318047230029916,1.1726378354678126,1.176178622151252,0.6360706528023388,0.4804928447725587,0.07002639698498679,0.3668132721620297,0.10888916010974321,0.6,0.9,0.7,47,13756.214885699268,24968.355451209965
26,27,0.5097743781514895,1.049945139653206,1.052861095331811,0.5193750438319067,0.35453193490303747,0.07439834798077408,0.286183814096972,0.03874419101016194,0.6,0.9,0.7,48,9952.60428109252,16054.016687115303
26,28,1.8564656290464114,2.3962330145182182,2.3986587802391712,1.874224227896413,1.6995508046350372,0.130793710779955,1.0,1.0,0.6,0.9,0.7,49,9828.821552913138,19921.694560377466
26,29,0.5054355700144846,1.0443695930952246,1.046183387463335,0.5262738579999185,0.3540026988249099,0.07231209883965505,0.28801167652130977,0.03941196000881493,0.6,0.9,0.7,50,9935.81186601904,15082.965823641236
26,30,0.503572005556004,1.0418461620848716,1.0431185903507327,0.5332524652856252,0.3418549744996669,0.07306479519499262,0.28808811220304686,0.03957952869684338,0.6,0.9,0.7,52,9894.90339285715,15168.793692985102
26,31,0.5068452468721875,1.042366481301096,1.0416233011858773,0.5544091488321958,0.38422292881104264,0.06151770469960512,0.3226924697332413,0.022542685842164407,0.6,0.9,0.7,54,7648.640911563576,12164.48698990977
26,32,0.5062049193493756,1.0400658586790146,1.0382517809162919,0.5644148768760407,0.3688669442707395,0.060415446801116233,0.3246128584858783,0.02666495798620467,0.6,0.9,0.7,56,7610.998028123674,12177.226583176527
26,33,0.551932722498909,1.0848617500755091,1.08247785355115,0.6185371234645832,0.4184154876080302,0.05968029565853602,0.3784707010433273,0.02679624176918497,0.6,0.9,0.7,57,7624.4389344512065,12177.6739141728
26,34,0.4923728043245129,1.0462051487192423,1.0689446018275033,0.5683962748537112,0.3750318671456691,0.05511149754036805,0.3273432722313037,0.016534389636075588,0.6,0.9,0.7,58,7617.749953822176,13530.411525641031
26,35,0.495438686067433,1.0213908734620656,1.0152618360973866,0.5785629194488712,0.4705232358512216,0.06438571606283149,0.3264134042103246,0.03026228291058674,0.6,0.9,0.7,59,7196.39713004018,11974.438615899122
26,36,0.5216683866509053,1.054437200263584,1.0592428462116201,0.6236861364904907,0.4299557715597261,0.07525869340555175,0.34432628736887627,0.04634610565148865,0.6,0.9,0.7,61,1905.7172147020672,13850.607469213515
26,37,0.5175338668572863,1.056334558727803,1.07193059562407,0.6462326238511625,0.42126288067659473,0.08372530420582705,0.34253707184580684,0.04653081784789254,0.6,0.9,0.7,64,1957.130585782419,14448.809279319586
26,38,0.5283230577672675,1.0588559815090237,1.0712918114124417,0.6758917265498305,0.5398921202030187,0.07518973645806121,0.3708132925335906,0.047456925718926526,0.6,0.9,0.7,65,2059.916437799948,13404.135896047446
26,39,0.5230002813961844,1.0469470340211622,1.0570363279541077,0.686841944851801,0.5097580836957193,0.08431346361621135,0.36651315900426706,0.047724842852750686,0.6,0.9,0.7,66,1867.094958112301,13376.380494679144
26,40,0.5254067389860184,1.0353020675405986,1.0314274121085367,0.6776266389433184,0.458160246325126,0.08608348078773972,0.3679892271307172,0.05171748428077436,0.6,0.9,0.7,67,1877.501187663721,16270.976589026855
26,41,0.3355847430471004,0.8447722185638972,0.840659679568179,0.505919889528134,0.23476643105030365,0.08601649889173628,0.16060657302807282,0.04820767561727572,0.6,0.9,0.7,69,16731.37568913897,12042.521302827656
26,42,0.5169061613696148,1.044279256044821,1.0647833103871462,0.7037579375894346,0.47148161894664015,0.08250166768395752,0.3677091299885936,0.0494939264254671,0.6,0.9,0.7,70,2057.420630151006,13736.157142699672
26,43,0.3286388416399189,0.8131980043309608,0.8015196792953203,0.5418947303008785,0.3267013604690479,0.06530763922669144,0.204159091164144,0.027968397645319287,0.6,0.9,0.7,73,6053.691243507554,13306.373657227983
26,44,0.3071780443244295,0.7677006313007366,0.7495182907883522,0.5411870639160646,0.3232458181683707,0.06699271775796693,0.19045751240001388,0.03339832456664663,0.6,0.9,0.7,76,6950.836269088068,13735.317206176182
26,45,0.30730736300500633,0.7789696597228203,0.773771237168033,0.5516858479760552,0.23548647420687965,0.06737457998257403,0.1904212972043279,0.03334894609531313,0.6,0.9,0.7,78,6949.480017934555,13713.86948307752
26,46,0.30611952582880375,0.7755797130983849,0.7698142846035827,0.5584425404358349,0.24662799427479637,0.06709045276531256,0.19043440060743824,0.03346223022497335,0.6,0.9,0.7,80,6995.10067151158,13653.977291744875
26,47,0.30356926977964793,0.7729221695520649,0.7671281331014752,0.5666528041131424,0.23382937858061442,0.06245046247189625,0.19068078428863916,0.03356446873127988,0.6,0.9,0.7,81,6918.976755540481,14325.73142222972
26,48,0.3239358684985429,0.7765505792511547,0.7563446457496711,0.5607822015554846,0.31364761300516014,0.05305612082188586,0.23466555707766434,0.018028178218155798,0.6,0.9,0.7,82,6118.277889517087,12196.507410028804
26,49,0.3358661379295309,0.8053624784089032,0.8200492902773745,0.627039932183303,0.3583745790027444,0.062269859401868285,0.24434684815301444,0.02510004272028792,0.6,0.9,0.7,84,5861.375251607637,13706.734465031788
26,50,0.3125124586300051,0.7638560270697573,0.7742621647007689,0.6373177545834476,0.4339693360080509,0.06109849611870209,0.2281107625139795,0.02339230025080946,0.6,0.9,0.7,85,5850.700663710056,13261.196699284304
26,51,0.3197996925773952,0.7687387273534232,0.7785999474936528,0.6232739517718057,0.287660551821642,0.061916467707232456,0.23646106225946006,0.02347607779805927,0.6,0.9,0.7,86,5768.275139118943,12884.900502307348
26,52,0.3535746367205047,0.8065115122890957,0.827732382933398,0.6875961900677497,0.3693412315719755,0.05980799207738187,0.2765388066239398,0.02539740866601502,0.6,0.9,0.7,87,6324.979691527733,12939.0235232821
26,53,0.34488593125967093,0.7929913623832235,0.8131240045934524,0.6871117406234079,0.3175732499602571,0.06166216243201841,0.2673436491288167,0.02539346306699658,0.6,0.9,0.7,89,5774.873388710757,13070.887442514657
26,54,0.3088508692072496,0.7549344052862753,0.7746143818810632,0.6843738310153807,0.2636638003086448,0.06277755245405882,0.2285519845120741,0.02372145407594707,0.6,0.9,0.7,94,6096.337485013296,12193.070560326709
26,55,0.5296136844347691,0.9517051781120569,0.9555586022858302,0.8962120215434632,0.5996836892846228,0.06299569717981261,0.4791510854454124,0.02201703627700666,0.6,0.9,0.7,95,5992.388969258543,11548.758817504027
26,56,0.5412097379459426,0.9491983488704797,0.9500002391816105,0.9207864694782592,0.5619859090793052,0.06273989021785129,0.4953080567097571,0.0233370582223311,0.6,0.9,0.7,97,7499.735776196617,12168.864311264922
26,57,0.5410664903395277,0.9596855002251831,0.9733649906924478,0.9319257404603873,0.5022587436490921,0.06273989021785129,0.4953080567097567,0.023337058222331182,0.6,0.9,0.7,99,7492.200848493599,12252.769588679945
26,58,0.540633089463223,0.9580983802509022,0.9715312001817547,0.9353092981250564,0.5046385041072725,0.06253363299154197,0.4952906609795654,0.023326585219411618,0.6,0.9,0.7,101,7497.575165018936,12568.550654142568
26,59,0.5400202514079148,0.9550859890479486,0.968007036194227,0.9423362447927258,0.5204672480234833,0.06450129158449475,0.4949251757356997,0.02207599365307584,0.6,0.9,0.7,102,8231.082631787876,12785.463852916471
26,60,0.6948799911187227,1.1052847894387858,1.117216276001952,1.1004068568044756,0.6959219650912483,0.07919602750618612,0.6518673957049468,0.03052154651411248,0.6,0.9,0.7,103,7702.648090791071,12345.854402426685
26,61,0.5375503438374142,0.9461822861574692,0.9577391275436714,0.9479916788831803,0.513927652228981,0.06461015771135821,0.49376748555244615,0.02213171239380678,0.6,0.9,0.7,104,8205.759917296291,12739.849067553165
26,62,0.6445854769293132,1.0442352743743326,1.0539060247696719,1.0670351392280402,0.6846348229953664,0.06630325726107147,0.6128938293485574,0.02332640834105925,0.6,0.9,0.7,105,7341.438020724604,11657.00428767734
26,63,0.6448468855314029,1.0425350325808058,1.0517966574051754,1.0748284450828571,0.6167474460216213,0.06725833852718732,0.6130094441719394,0.02334314851284023,0.6,0.9,0.7,107,7337.460410864849,11849.76680629261
26,64,0.6040678796005684,0.9885465181070123,0.9843896287118253,1.026944271023144,0.5852367800607977,0.06409964912682628,0.5721574727886448,0.0209407834970903,0.6,0.9,0.7,108,7151.947206124882,12089.10379616396
26,65,0.6439784686499129,1.0346676642816173,1.0424769125461295,1.0819864782792659,0.6510614017195737,0.06937275990720031,0.6120950421334816,0.02358167050531436,0.6,0.9,0.7,109,7315.568158457812,11799.184093635851
26,66,0.6793717011267811,1.0768832554596879,1.0967896395439733,1.1251151411295848,0.663727956638381,0.07620955690414198,0.6323458253868272,0.043523229030207625,0.6,0.9,0.7,111,9424.318100368368,11533.82193118528
26,67,0.992967419100061,1.4788419151609593,1.6024912884207914,1.5620911657193717,0.959973261412104,0.06777289943752952,1.0,0.02641391676689604,0.6,0.9,0.7,124,58631.904418579805,12755.377163005123
26,68,0.9906585211939989,1.4698278115371812,1.5921047476339414,1.5756571111493525,1.0141193991337347,0.06690406524232233,1.0,0.025729876131909118,0.6,0.9,0.7,125,58153.83467407819,14198.31021247162
26,69,0.9854108817041716,1.45519534842931,1.5755658567155246,1.5678145195403275,0.980648731852505,0.059720810583615155,1.0,0.026886333618297058,0.6,0.9,0.7,128,58457.09820574075,15638.097725890824
26,70,0.9852431130971939,1.4524543742534275,1.5723059672448931,1.5755227095733857,0.9654706094026293,0.0602038936246187,1.0,0.02688541359968949,0.6,0.9,0.7,130,58524.64374359573,15869.876906048345
26,71,0.9841142268158094,1.440754405672752,1.5584838016219815,1.5827835583044338,0.9990386432682882,0.05992549169803851,1.0,0.02811223034495791,0.6,0.9,0.7,132,58545.11305917178,15740.361773212237
26,72,0.991395319419191,1.4764560008483845,1.6321539422650886,1.64564913524571,0.9721076412262475,0.06644928302891016,1.0,0.034122630350349,0.6,0.9,0.7,137,59651.2323611673,12931.25606562031
26,73,1.0176811535338783,1.489417446164166,1.642479704039602,1.6842862250381367,1.0996811682020908,0.06021776797619514,1.0,0.07996464212330559,0.6,0.9,0.7,138,53399.854864594585,13984.384468550656
26,74,1.017099337560533,1.4848995272512253,1.6371887618609176,1.6916663556418383,1.0078855093016943,0.060171096229778884,1.0,0.08000097823381962,0.6,0.9,0.7,140,53384.6767193664,14027.761747357576
26,75,1.0165161000545735,1.4794964284431695,1.6308418822796729,1.6990602567018,1.011415314525,0.06019304955067546,1.0,0.0801339348726119,0.6,0.9,0.7,142,53397.58095198812,13896.76229819067
26,76,0.9881589382357346,1.4490391324655736,1.5999736609721242,1.6661256247113183,0.9726702554167963,0.06135652424185495,1.0,0.03905555753446942,0.6,0.9,0.7,144,58467.82857354044,14118.681800655588
26,77,0.9876559983092202,1.443895655852699,1.5939264337931245,1.6657704136109284,0.9826466955857197,0.061380073505816216,1.0,0.039226119138885476,0.6,0.9,0.7,146,58488.10994086692,13995.1430114988
26,78,0.9872444862393677,1.4403995968048784,1.5898314803206615,1.6654370599511965,0.976391412498486,0.06138007350581629,1.0,0.039226119138884956,0.6,0.9,0.7,148,58381.10520712558,14155.003136710666
26,79,0.985424440993516,1.4382984086015909,1.587675747581395,1.67998653792641,0.9647323052735528,0.06144389718963032,1.0,0.036624970510585,0.6,0.9,0.7,149,58387.51091967143,14118.271564131728
26,80,0.9813587443945533,1.4117175914842819,1.556756628009333,1.676410882137408,1.1381912046965428,0.05961511803956439,1.0,0.03640997118828576,0.6,0.9,0.7,150,58308.46566598484,14143.059002739028
26,81,1.0590700511014635,1.5710991966152847,1.8186217620888363,1.8957854764527569,1.0460901296973388,0.05626004968300963,1.0,0.15160964004376917,0.6,0.9,0.7,160,59790.551901430925,13001.612328090445
26,82,1.0597449626982112,1.5687293749257687,1.8156723095699314,1.9044669572419226,1.052734972113861,0.0575536569031152,1.0,0.15195025863883624,0.6,0.9,0.7,162,59924.34275528903,12941.47684322502
26,83,1.061460490541017,1.567477686257486,1.8138570507868745,1.9101843364556128,1.0658320530045944,0.058018668550119445,1.0,0.15446483812452724,0.6,0.9,0.7,163,59655.74658396882,13570.234680332514
26,84,1.060885584026917,1.5629510502483206,1.8085809016935208,1.913619243476538,1.0733470006637804,0.05894134048528319,1.0,0.1534595360680118,0.6,0.9,0.7,164,59833.1099742552,12697.757158689425
26,85,1.085018530241528,1.6255571927212824,1.9219892097391509,2.0524391918389417,1.0698072412079174,0.057556602761490785,1.0,0.19006942810738078,0.6,0.9,0.7,186,76540.89234752825,12367.650775102778
26,86,1.146472805068261,1.677261181189779,1.9718559881944302,2.130014248618721,1.1675399716905794,0.057573108515683216,1.0,0.27924340501330136,0.6,0.9,0.7,188,76572.80446970547,12565.640788610996
27,0,0.7598431365270533,0.9386985219666254,0.879226365600186,0.0071316657342071835,0.0,0.0,0.0,0.0,0.6,0.9,0.7,1,4385.51769965892,8286.619518873438
27,1,0.7754370525214356,0.9669486235286004,0.9065605852966147,0.043635647449073445,0.05227867262773747,0.05578004408624051,9.189597747971e-05,6.833044032730999e-05,0.6,0.9,0.7,3,4199.462695786417,7737.792623709351
27,2,0.7822566568024663,0.9856714088873995,0.924392336477238,0.06940057987006475,0.09386601884277108,0.06828505386190081,0.00961986973974624,0.01127915136379424,0.6,0.9,0.7,4,3923.405121914372,7789.024459319847
27,3,0.5600776748494919,0.9372995924004395,0.8718196638928631,0.10360779069345735,0.7999036161444233,0.06878750802069847,0.040209819483517054,0.02989853033987803,0.6,0.9,0.7,5,3163.518269375442,5901.701809988002
27,4,0.4679662669521541,0.8892153561693374,0.8149124627113697,0.10694156806652239,0.28176307160566505,0.08436869756224381,0.03143862550766331,0.032727097785605966,0.6,0.9,0.7,7,2860.771926706694,5996.857500774474
27,5,0.49952455309498256,0.9397674906537671,0.8592336047774116,0.19421821334290798,0.3157912629260826,0.08646752040059189,0.09175335473293952,0.0775748932954248,0.6,0.9,0.7,9,2995.723818947092,4556.3413013423415
27,6,0.49934337993752353,0.9508425899308839,0.8832872570142349,0.2108028607501598,0.18921196757581096,0.08646752040059189,0.09175335473293875,0.0775748932954241,0.6,0.9,0.7,11,2992.417746234348,4594.311367253115
27,7,0.4600607059081558,0.9012688315051501,0.8203159423742306,0.16849111271860018,0.1688933708823379,0.08897097583398869,0.06465741415021509,0.0587636365820855,0.6,0.9,0.7,12,2230.0860036168824,5431.568092313773
27,8,0.43731130535681634,0.8930542331747586,0.8235115236241737,0.17233848239490332,0.20744440231950848,0.08186472176347351,0.06212963404594175,0.05363120650918668,0.6,0.9,0.7,13,2625.613104150002,4539.554989382563
27,9,0.494451584171983,0.9418933595104163,0.8577062602259053,0.23305531416755063,0.2457344702296671,0.08502350118042887,0.0640109918408643,0.14799231769935667,0.6,0.9,0.7,15,2418.731959630101,145710.91376548237
27,10,0.6519917249005077,1.1023983205095558,1.0161001580879843,0.4087554446010714,0.47115589005423886,0.06639921815040714,0.29837793289263603,0.1095289955081088,0.6,0.9,0.7,16,2727.8150895647614,195756.68970935768
27,11,0.6191334634948771,1.073742470918857,0.9799206491658358,0.4247343060769416,0.5537388336730639,0.06383557339764896,0.31028105420467744,0.11824615115739578,0.6,0.9,0.7,18,2621.216980113558,189263.30763494747
27,12,0.5567360166712193,1.0113154556541837,0.9171096028125396,0.3710515371849871,0.3479711918531304,0.06394629393900539,0.2586513856644769,0.09855419161305876,0.6,0.9,0.7,20,2570.5367836199694,189166.3761129297
27,13,0.5406784875656648,1.005467349562183,0.9212188994676563,0.37886346333134446,0.40291936456772914,0.06490422941964018,0.25879297056785294,0.09857697876073553,0.6,0.9,0.7,22,2654.966464701372,189317.2199927526
27,14,0.43984754310446866,0.9048037009808625,0.8199473624270696,0.3109066681669715,0.2509661378591137,0.04587126572258899,0.1869548875435732,0.06851955650635429,0.6,0.9,0.7,26,1687.9718534557503,1091733.1109354575
27,15,0.42020715035058637,0.8796687111973835,0.7895440567813271,0.319518286605145,0.3553272933075898,0.04843848063810969,0.19014774510005483,0.07025359996684274,0.6,0.9,0.7,28,1697.7700450730008,1092021.4154424726
27,16,0.44712655748008473,0.950620735604505,0.9119995120856202,0.3906644730130345,0.29763938745746477,0.05498630568749063,0.19961891596803824,0.09395822912526948,0.6,0.9,0.7,29,1774.983015816523,1200558.7345916366
27,17,0.43208622642589534,0.9087489079806719,0.8412172881926168,0.3711925281866263,0.39456526070158177,0.053248277296261706,0.1970039638473167,0.09527402952005506,0.6,0.9,0.7,30,1710.072027965496,1201069.2888705635
27,18,0.42681345329679155,0.9032277159530898,0.83554904092638,0.3715475690747474,0.27728221195882097,0.05078132348261708,0.1950010531534572,0.09330359804700115,0.6,0.9,0.7,31,1737.0746910625503,1200242.998473706
27,19,0.46415010280920155,0.9735847785047091,0.9445624749835084,0.43207787586178004,0.3241210124425584,0.0456435697862225,0.2415013910273009,0.09329369147181857,0.6,0.9,0.7,32,1713.6028145860164,1152183.3380203913
27,20,0.4285424359949198,0.9479502407881033,0.931232077592309,0.410740646978891,0.3056884637535029,0.05348234010010341,0.19473248835401774,0.09988786219687909,0.6,0.9,0.7,33,1799.9291407057913,1224938.401286915
27,21,0.48538953358896947,0.946133547153976,0.8628420405659656,0.4324010676075129,0.4081352992594278,0.05524796390487222,0.24716456499940861,0.12149935040985678,0.6,0.9,0.7,34,1802.6659514958485,1235001.7769659946
27,22,0.4796928798321864,0.9481387932086428,0.8762723567385255,0.4397589157219814,0.3713223359010152,0.05524796390487222,0.24716456499940861,0.12149935040985678,0.6,0.9,0.7,36,1766.3536138149975,1233053.861750247
27,23,0.3991502607886068,0.8660831747468076,0.7935385828603825,0.3696151490373039,0.2896624935416035,0.056603844036314535,0.17598284207128972,0.10029168263108379,0.6,0.9,0.7,37,1920.9920727972965,1248415.496576386
27,24,0.6914147659539687,1.1529063396867403,1.0779961210173983,0.6729929600791797,0.6596651735172507,0.061589163297186375,0.23873631544089946,0.4448161379871533,0.6,0.9,0.7,38,1993.9471384471944,1004104.174893393
27,25,0.7302969399558097,1.1840106351124797,1.106040274968856,0.72957909163605,0.6745561078587485,0.058668690132220126,0.288415465209649,0.4534074248676928,0.6,0.9,0.7,40,1852.6521493406824,987990.4423311012
27,26,0.6632239531034092,1.1148938587113968,1.0361672071496968,0.6731584203071107,0.5628835142181406,0.05752612720185083,0.2564071527756425,0.40311139063906587,0.6,0.9,0.7,42,1892.701343379028,987516.894163803
27,27,0.6681138487615319,1.114241957894913,1.0335441318599163,0.689230956399105,0.5985115620285077,0.07217944701243134,0.25665059116126215,0.405749784203781,0.6,0.9,0.7,44,1894.4382996506376,982886.3640353974
27,28,0.6650930427061009,1.098404372424279,1.0041518778916454,0.6880085285972188,0.5795195972554156,0.06949367492811359,0.256953096004691,0.4056666737959661,0.6,0.9,0.7,45,1894.2854950323415,982661.2958937816
27,29,0.6657566478234161,1.1102315363456747,1.0289655637123745,0.6976422261438991,0.55819635772467,0.07093999859480152,0.2566883483072181,0.4057733498388353,0.6,0.9,0.7,46,1936.816677537728,982414.7562484992
27,30,0.6117204753687757,1.043529057688543,0.9487671096030035,0.6479076991395187,0.5252256415179488,0.06876368094463822,0.23128291655640706,0.36515304463540416,0.6,0.9,0.7,47,1883.35819338786,982994.9228742372
27,31,0.4206281390697847,0.8794784662313515,0.8215617955794128,0.45799599878560027,0.3639268278827724,0.047973179858064804,0.22063696315455425,0.13227097674318317,0.6,0.9,0.7,49,2321.012789330137,2294271.807718306
27,32,0.37419395366554054,0.8209711777234743,0.7497378635835802,0.427796179491023,0.2818676794347422,0.04917166262199918,0.18777694622783805,0.10855392468725886,0.6,0.9,0.7,51,4423.719729714905,2288867.520308699
27,33,0.4231555697122892,0.8775387572425469,0.8182156626234833,0.48536392552956875,0.3687991282891727,0.045974808137813614,0.22840599149525098,0.13295619577648937,0.6,0.9,0.7,52,2495.515087845215,2295973.0359091437
27,34,1.0545193176704233,1.4860389583758535,1.4200643770996397,1.1350419633713604,1.244859285382283,0.07057140197942367,0.25690655668923934,1.0,0.6,0.9,0.7,53,4273.178005636199,336713823130130.9
27,35,1.0566614491414397,1.4753245019050731,1.3958671930696136,1.1386783661304831,0.9985947991766215,0.066741722216461,0.2631330368162947,1.0,0.6,0.9,0.7,54,4408.031563235105,336713823125067.3
27,36,1.056610378363593,1.4963859879160055,1.4426038557695202,1.1602923275495254,0.9888959737815315,0.0684147538481163,0.26263637526999883,1.0,0.6,0.9,0.7,55,4412.352186754872,336713839803267.25
27,37,1.0331054287966024,1.4465868082623068,1.3657530570183993,1.1391274222582302,0.9993293540335961,0.06783753592554043,0.2394021645613631,1.0,0.6,0.9,0.7,56,4389.609099759395,336713839118937.25
27,38,1.052346742256096,1.4759129676263871,1.4077833052470807,1.1687664707895038,0.9879621727819075,0.06624714060401386,0.2625207473324388,1.0,0.6,0.9,0.7,57,4421.687352404844,336713839037884.7
27,39,1.052553239734258,1.4860896420128582,1.4306395211892433,1.1688956707438005,0.9895024399550242,0.066741722216461,0.26313303681629485,1.0,0.6,0.9,0.7,58,4427.582534973454,336713862993723.44
27,40,1.0936454627449097,1.5381095201902844,1.5158806028529457,1.2410126208011643,1.264816279845554,0.05104671380801863,1.0,0.14056564666183308,0.6,0.9,0.7,59,3426.883855623,3052547.3756847405
27,41,1.0927422289467044,1.5126888926998054,1.4639419087240673,1.227159927750419,1.0395690143785052,0.051031436112183526,1.0,0.14058893769596076,0.6,0.9,0.7,61,3338.751058443899,3055024.1572588217
27,42,1.091623982419231,1.530709104228135,1.5071669863105253,1.2541555163999156,1.0455229425822776,0.05136202814743991,1.0,0.14067731293462707,0.6,0.9,0.7,63,3260.858062548932,3055887.429088814
27,43,1.0623364857576538,1.4768804465904477,1.4268190575783246,1.211912221304899,1.022313942954477,0.044509604793924365,1.0,0.10598886068058666,0.6,0.9,0.7,64,3154.4034015448933,2293594.318166336
27,44,1.332514702252722,1.7283191636100401,1.663440004804143,1.4815853306321751,1.2893573612181355,0.08377668204562067,1.0,0.46269470514246536,0.6,0.9,0.7,69,6933.497208022809,14622069727070.568
27,45,1.049852162851804,1.4659237210305835,1.4265592768495783,1.2116368333966496,1.0099661124877248,0.07378131321832831,1.0,0.06845561319885929,0.6,0.9,0.7,70,2017.4566527985824,1140452.0858977071
27,46,1.5419692111615553,1.9274331120110586,1.870594827727878,1.7055386968411343,1.673282998384391,0.056729535202803924,1.0,0.795692029416453,0.6,0.9,0.7,71,3029.3191807279627,58457042464867.19
27,47,1.5673877809558674,1.974921708791756,1.944007640913081,1.7467412050653812,1.5197158178909616,0.09316253046964697,1.0,0.8009328050609505,0.6,0.9,0.7,72,2103.346413422796,157973612876530.7
27,48,1.32169049252079,1.7178861351375747,1.6739415634906092,1.4917786045981198,1.2720795172368884,0.09365944265449244,1.0,0.44956926888724735,0.6,0.9,0.7,73,2189.3287807341503,14622076171745.746
27,49,1.5440224371216167,1.9384604413214541,1.8941193431101593,1.7277159050407713,1.5099556237988092,0.060943318943710835,1.0,0.7960254926003069,0.6,0.9,0.7,74,2847.703576063498,58457043500556.36
27,50,1.3209839800575993,1.7129391561843477,1.6680402429151873,1.5085830587791522,1.2828945527813405,0.09468947189437318,1.0,0.4495801273499991,0.6,0.9,0.7,76,2131.828794182161,14622075446136.98
27,51,1.3633974655609147,1.7480523807777946,1.7015273864457523,1.5729775238872739,1.3244181177572922,0.11479549986803654,1.0,0.4960727294016686,0.6,0.9,0.7,84,5230.924160377692,14622080222263.666
27,52,1.4353577705767866,1.8397864394795251,1.8292338769557148,1.6705847665659825,1.5154882970310655,0.06300069700584228,1.0,0.6487676219650415,0.6,0.9,0.7,85,6984.307107178172,157973240063618.4
27,53,0.40787301969126155,0.8245511738059145,0.8378159130589675,0.7223911919567081,0.3781759729656473,0.05515819857628403,0.1855222089605118,0.23854254221475282,0.6,0.9,0.7,93,4401.529061111107,14615190833864.746
27,54,1.0186051137813579,1.460723230815256,1.5112545477414427,1.3407526834856678,1.050553126621875,0.04827323725038048,1.0,0.07253091707648995,0.6,0.9,0.7,94,6948.82036142042,1911718.6760949872
27,55,1.0166307079784365,1.3916996106545525,1.3749160418619797,1.3011523551238577,1.0116623339188588,0.050891766312895145,1.0,0.07099913630705779,0.6,0.9,0.7,97,6999.737647858815,1926803.703582128
27,56,1.0137667176439342,1.4121940998876432,1.4322711047936398,1.3382876731604465,1.0250438543248874,0.04403635794380098,1.0,0.0759938759946581,0.6,0.9,0.7,99,7254.713115225653,1520063.3675531826
27,57,1.010297893140128,1.377895313087354,1.3809896411783564,1.3220188083590136,1.0591831372832101,0.049856009845112584,1.0,0.07123151921973998,0.6,0.9,0.7,101,6349.57600928767,1930449.974212262
27,58,1.0067143855981542,1.4050746445257025,1.4465959905219963,1.3695165738399762,1.000161525071707,0.04518005715166047,1.0,0.07084231068538115,0.6,0.9,0.7,102,7101.4498532184825,1520617.201634256
27,59,1.0059840812216554,1.4248900202344552,1.4920377498046193,1.38721875691955,0.9839158506613164,0.044828566097124586,1.0,0.07056359151327579,0.6,0.9,0.7,104,7194.532772733102,1521059.328481859
27,60,1.0041431443793936,1.3441461735797655,1.3309561118479145,1.3351996033254792,1.071621347115792,0.04971631984118611,1.0,0.06653785395528064,0.6,0.9,0.7,105,6646.360043597718,1926242.4055390728
27,61,1.0035490115381074,1.3420528989205238,1.3393492640407167,1.3459248891424902,1.0290574228224272,0.05098581608135936,1.0,0.06742536071029562,0.6,0.9,0.7,107,6664.21978820271,1929846.1125454104
27,62,1.0019784354510495,1.3380962324361216,1.334923092926239,1.3518406960485627,0.98614525060947,0.04992217771205954,1.0,0.06660049651033106,0.6,0.9,0.7,109,6636.924165049703,1926149.8931549203
27,63,0.9998113426276078,1.3248625178446993,1.3195229803293982,1.357144565906964,1.0643407224284316,0.04892957024508619,1.0,0.06661721918503738,0.6,0.9,0.7,110,8113.838097303192,1926474.8946214688
27,64,0.9991270631097764,1.315207401332198,1.3081240860704175,1.3607650470390151,1.047668543637536,0.04970192186916862,1.0,0.06670859719503167,0.6,0.9,0.7,111,6637.682853585599,1926937.383487188
27,65,0.9847365309363153,1.2973757445563987,1.289626353412265,1.3538472608126628,0.9716241168366442,0.053709600728779026,1.0,0.043355515787724806,0.6,0.9,0.7,114,6734.268424393747,1934206.2881144655
27,66,0.98453152472419,1.3139895671119664,1.3311625470114208,1.3870051051666643,0.9850813262610241,0.054517429624931925,1.0,0.04338428519024835,0.6,0.9,0.7,116,6649.399137910918,1933739.296347548
27,67,0.9800849644038602,1.3184671239675925,1.3482013239175041,1.3821691444105049,0.967928157025167,0.04745206750307228,1.0,0.04349511550358501,0.6,0.9,0.7,118,7193.652434769519,1543752.3363185427
27,68,1.2171997004539534,1.5386579715659672,1.5542933204583378,1.6341430540096866,1.2190476470497043,0.05959596410979691,1.0,0.37281018824489687,0.6,0.9,0.7,120,7221.636737598807,157969456527986.72
27,69,0.9935639558615513,1.292755213990695,1.3041488040771152,1.41106653492872,1.148613580057824,0.04955596891171986,1.0,0.06551180484171724,0.6,0.9,0.7,121,7245.685491425696,1540042.3495180022
27,70,0.9609791286264397,1.2335230230193224,1.218113844148392,1.3749990473896387,0.9761277667328795,0.04064592615869261,1.0,0.027231403402920927,0.6,0.9,0.7,122,7360.150584671445,824581.2483134728
27,71,0.9750945849157912,1.2572179577739415,1.2653923354112957,1.4001645633436937,1.058021362557601,0.04984731972358941,1.0,0.0413487394035453,0.6,0.9,0.7,123,7338.282837044573,1544622.9072086683
27,72,0.9699622275276566,1.2249739074397685,1.2280898244572056,1.4134451353194553,1.1618767579975429,0.04857471467078842,1.0,0.03857096978238236,0.6,0.9,0.7,124,7391.484641162128,1545689.0531011578
27,73,0.9684612210142294,1.1974026020368533,1.1957056196492808,1.4075958135360915,1.054830990507074,0.04968919541275667,1.0,0.0383777376028407,0.6,0.9,0.7,126,7171.991676554224,1544764.3047490022
27,74,0.9665660660546449,1.202552675187753,1.2130925463189255,1.4167511643627888,0.9706479743618105,0.0476642529930892,1.0,0.037834341464355034,0.6,0.9,0.7,128,7159.084128897982,1540630.4846927351
27,75,0.9660437805419206,1.1943064069453881,1.2034308841395285,1.4236646451131652,0.9839850339666101,0.047608813866794046,1.0,0.03790830610235776,0.6,0.9,0.7,130,7085.04466881784,1541273.8675386815
27,76,0.9673706054019046,1.1934640858764003,1.2021917897112346,1.4251083356220142,0.9727013135973773,0.04728330799267644,1.0,0.0402933852421083,0.6,0.9,0.7,131,7169.792206304684,1540870.0268875316
27,77,0.9661018867575869,1.1910896244462907,1.199614936356096,1.4312790482674242,0.9637550720920904,0.04810879716477509,1.0,0.03788189054841552,0.6,0.9,0.7,132,7056.589987241202,1541028.239401223
27,78,0.9696851824935121,1.2539124219616498,1.3389825940663431,1.5108488191209384,0.9893116830127237,0.03085397301859265,1.0,0.058547173832482466,0.6,0.9,0.7,134,6790.651721928669,1122210.378150878
27,79,1.2073895003214918,1.4066472389235913,1.4104876381012972,1.7022772875004772,1.2639570042991277,0.06232759749133041,1.0,0.3727143944137445,0.6,0.9,0.7,136,7174.596216386531,157969444364051.2
27,80,0.970646220671609,1.2682681129300974,1.3996371373058452,1.5933592509670202,0.9735593976733462,0.030415083050548342,1.0,0.06298223976773802,0.6,0.9,0.7,145,6772.260733880137,1122112.055277048
27,81,0.9706461945840789,1.2682664709470428,1.3996351052637723,1.5894984610956375,0.9623475326674769,0.030415180341104207,1.0,0.06298225303993821,0.6,0.9,0.7,146,6772.262729074971,1122109.5209961636
27,82,0.9710412099070087,1.2681482399084925,1.3994241823434121,1.6017088374101027,0.9665436843031995,0.031137427759355678,1.0,0.06296802014574714,0.6,0.9,0.7,147,6766.620820825165,1121985.1162479096
27,83,0.9700744623504887,1.2643651879197395,1.3951324033363073,1.6046125467782582,0.9826933055749278,0.02980365335757032,1.0,0.06295072999129894,0.6,0.9,0.7,148,6772.290104627146,1121726.2167539916
27,84,0.9693935191980316,1.2500718355849152,1.3783851258231343,1.6073182655989018,1.062068202960547,0.0296150789658493,1.0,0.06316314929666847,0.6,0.9,0.7,149,6650.848381762825,1122596.45116056
27,85,0.9595836011602308,1.1606319328062253,1.2307018379479158,1.572049311201026,1.2087445248434505,0.0313087648824828,1.0,0.050027665487639386,0.6,0.9,0.7,150,6775.8320970668165,1116862.729088775
27,86,0.9593865619517754,1.166932327350226,1.2491628551168255,1.5834584430066139,0.970721040669495,0.03130876488248279,1.0,0.05002766548763939,0.6,0.9,0.7,152,6743.290185638607,1117827.335008486
27,87,0.9593696426471456,1.1665112410655771,1.248669620831918,1.5913511606161044,0.9567356511162437,0.03130876488248279,1.0,0.05002766548763937,0.6,0.9,0.7,153,6748.147167558724,1117678.0158051697
27,88,0.9580049927746184,1.1397704646987872,1.2174115886348804,1.5885642611925281,1.137683650970232,0.030510539712189533,1.0,0.05019102337374108,0.6,0.9,0.7,154,6620.529893037982,1118308.9015702216
27,89,0.9591887715138993,1.047659506622034,1.075748785856424,1.577854346464093,1.3868088878075362,0.032360992457589235,1.0,0.0530449984976758,0.6,0.9,0.7,155,6262.861513120256,1180211.207228551
27,90,0.9603805198584668,1.0397118126233313,1.0661930325810165,1.5941182111670351,0.9743843126539575,0.033989143566626315,1.0,0.05370839041778215,0.6,0.9,0.7,159,6280.335703208842,1182657.083778582
27,91,0.9613032275950847,1.0273589616249168,1.062542700586202,1.6051147862092778,1.1348091532828128,0.03554852703802509,1.0,0.05457263728214438,0.6,0.9,0.7,160,6279.714901129102,1200472.0804645834
27,92,0.9589417736907411,1.0466143274349038,1.1076602195458978,1.6391931397400223,0.9579963527644633,0.033320875768489286,1.0,0.0531354577081344,0.6,0.9,0.7,167,6316.950765730263,1180461.9044245991
27,93,0.9600573887302314,1.033196929602518,1.080658983674148,1.6275809606855847,0.9822077041470669,0.0340368601069097,1.0,0.054227503562709965,0.6,0.9,0.7,168,6554.1458140880695,1184569.5016712174
27,94,0.9601048927808912,1.0205137375880509,1.0657459549785595,1.6349834151066098,1.049643229379354,0.03491171551867756,1.0,0.053958041568456815,0.6,0.9,0.7,169,6319.793969076245,1182903.0886746778
27,95,0.9591653739934223,1.028394016192442,1.0862093849682237,1.66956888391175,0.9635038290892934,0.03380410808920585,1.0,0.05363983527314348,0.6,0.9,0.7,172,6289.21141181607,1205751.3101663429
27,96,0.9593615547931511,1.018804706638214,1.0749086062920579,1.6615221650572238,1.028078364631385,0.03491477074231465,1.0,0.05326597279285703,0.6,0.9,0.7,173,6288.904212507316,1138443.775146943
27,97,0.9614891756840146,1.0435484530578445,1.1367324221934352,1.7075691311672172,0.9997947822062042,0.0355580202965389,1.0,0.05607299223498606,0.6,0.9,0.7,175,6086.037217679434,1209436.0659683254
27,98,0.9585106736255949,1.004109467695503,1.0577947586466705,1.6671862118270864,0.9778571356853981,0.03341335285236871,1.0,0.05373562547383013,0.6,0.9,0.7,176,6306.351243041109,1206229.0128253151
27,99,0.9578645092384079,0.9974456023449285,1.05007957403481,1.6978621636244793,0.9660670161709671,0.03333755349809331,1.0,0.0530499392807162,0.6,0.9,0.7,181,6263.863441123591,1201998.5058623787
27,100,0.9581788236982607,1.0124918079033103,1.0897885030670669,1.7106714929120133,0.9839911903928444,0.03332039482536734,1.0,0.053711046544188165,0.6,0.9,0.7,183,6319.970130500854,1206736.1573494491
27,101,0.9576860645135475,0.9984959899248411,1.0623909821829252,1.717466034412652,0.9655861600894972,0.03333585221693234,1.0,0.053055765034945315,0.6,0.9,0.7,185,6268.809428351133,1202471.8352689222
27,102,0.9573957449733161,1.0063338688398222,1.0826935411355958,1.7295298463373894,0.9782123687526771,0.032945026709002824,1.0,0.05305297787168826,0.6,0.9,0.7,186,6242.078289184955,1203996.4338027835
27,103,0.9576137048921116,1.0055220445318507,1.081702052585968,1.7417029883306847,0.9645143220217163,0.033335852216932346,1.0,0.05305576503494532,0.6,0.9,0.7,187,6262.411491424772,1202710.650374983
27,104,0.9575165952705741,1.0024182364928558,1.07807418334856,1.7477632764081281,0.9606899826590224,0.033286842095263544,1.0,0.0530355762135134,0.6,0.9,0.7,193,6268.950719292455,1202798.1985463426
27,105,0.9548296297063719,0.9971254903801378,1.0723274419487823,1.7656964261094832,0.9590243036037814,0.033009008657199065,1.0,0.04949915709234753,0.6,0.9,0.7,197,6380.558727414306,1202170.8525945428
27,106,0.9550123616786735,0.9943937541373635,1.0690881271801405,1.7696453558754888,0.9754007996619554,0.03342254397880222,1.0,0.049477382169043974,0.6,0.9,0.7,198,6363.110695161157,1202036.5437607004
27,107,0.9547440487049305,0.9807618372242721,1.0531295530612539,1.7723399363233305,1.0495437905050666,0.03336210704326985,1.0,0.049462330927235135,0.6,0.9,0.7,199,6364.46129300545,1201873.960370659
28,0,0.8486429210918783,0.9633719898976904,0.9081254196953299,0.009407871000785729,0.0,0.0,0.0,0.0,0.6,0.9,0.7,1,3480.347090046348,9040.92978374538
28,1,0.879115457187431,1.0052166921107324,0.9492723026234502,0.05835421188050634,0.06023633476325485,0.07620111694837599,9.766164814445e-05,0.00015868913843285,0.6,0.9,0.7,3,3527.433822541549,9171.231888462647
28,2,2.1558690895159076,2.3766361353646763,2.3151926889616483,1.46138136662305,1.7066243856756584,0.3090325132805501,0.6266990721427341,1.0,0.6,0.9,0.7,4,2028.5793936518244,376463.94154822745
28,3,0.7106311403598526,1.0838650395174083,1.0191461342078387,0.24618267496899388,0.8740457666158441,0.09336261687406576,0.09055286776452223,0.1471381739012785,0.6,0.9,0.7,5,3315.069434227912,6654.691517103005
28,4,0.5720926958007877,0.9921373339222523,0.9181828902337223,0.20803072669586137,0.3898810880679064,0.08903829199436034,0.0717030315360908,0.12108081731279555,0.6,0.9,0.7,7,2550.2064140074644,8419.704123893907
28,5,0.5642879216710824,0.9985182622498294,0.9367384691972394,0.2139301332586323,0.2192683110549602,0.0890382920101144,0.07170303603008248,0.12108082490154756,0.6,0.9,0.7,9,2369.7270181589097,7920.08992455419
28,6,0.45543676133005223,0.9038642310640863,0.8376558128540523,0.1484035546506673,0.224881152900501,0.10131006044856342,0.03633687033552802,0.057754978580055516,0.6,0.9,0.7,11,2953.5447407310294,7972.534556366855
28,7,0.4888344760872995,0.9505802693675697,0.8964324064458606,0.20237473942823414,0.19344373873515575,0.10094744953207688,0.056133661421939554,0.09118468989856364,0.6,0.9,0.7,13,2615.8991531650927,6974.24384098795
28,8,0.4970839134696918,0.9873831338708677,0.9563459128848608,0.24806978761252363,0.2297625660053586,0.09485386522415465,0.07040044640261137,0.12273828089774677,0.6,0.9,0.7,18,1965.4300903857288,2946.855262663453
28,9,0.45235733971346914,0.9442915384174815,0.9123084142741428,0.21699175057731288,0.18788824841715251,0.09422536632942824,0.052874997829578586,0.09214080541194154,0.6,0.9,0.7,20,1895.2334033141324,3010.2874087640694
28,10,0.5246299948077628,1.0096384783331858,0.961462917681891,0.3072209376360119,0.3939718066672447,0.09108387982011446,0.07334014755725302,0.20450621327985768,0.6,0.9,0.7,21,1702.079526056231,3444.7913286487046
28,11,1.2986507190582532,1.8090711201085585,1.7827932770291635,1.113147231254956,1.2332317167766835,0.08656743239060292,0.9903750188420537,0.17359519848238378,0.6,0.9,0.7,22,2035.098513981411,2082.114955608963
28,12,1.300205516596183,1.822010527060872,1.8072093979511863,1.1302199604364331,1.1059562441693964,0.08673202325403424,1.0,0.1762702530488113,0.6,0.9,0.7,24,2247.2663258473067,2366.420116166152
28,13,0.919644819858881,1.4304459534820813,1.4019045872959717,0.7659190902133831,0.7306888804642275,0.08568856083664951,0.6114640674716778,0.13950848515387665,0.6,0.9,0.7,25,1982.213336670941,1955.579077671127
28,14,1.273601212261225,1.806643722270292,1.803895500316447,1.1178633641813815,1.0617339932638004,0.0868675613815617,1.0,0.1460997219436407,0.6,0.9,0.7,26,1990.9392023645955,3025.493591629195
28,15,1.0673362856656017,1.589142122653104,1.5729156063594996,0.9199412055345162,0.860637942211478,0.0868617506000918,0.8190016679923404,0.08809265151825223,0.6,0.9,0.7,28,2020.0249142634043,2704.63026022346
28,16,1.0707591433779606,1.5916993648578852,1.5727007657679735,0.9401114686375538,0.9826562313875157,0.08827482026086954,0.8234154989655448,0.10798320326064603,0.6,0.9,0.7,29,2144.0217885661714,2706.4338283501643
28,17,0.9312766431904371,1.451680291656614,1.4317451355879207,0.8128393405343768,0.7541769008088405,0.08723134470484292,0.6885493812693622,0.09006250442572941,0.6,0.9,0.7,31,2031.601864034335,2713.927231788407
28,18,0.9334282404293082,1.4537054235590574,1.4335758222582626,0.8207681928515231,0.7461677780007833,0.08689281284664543,0.6899379449503752,0.09308287988711925,0.6,0.9,0.7,32,1983.0246866213,2540.580375339263
28,19,1.8136002553192987,2.3309687629541465,2.3075337232455473,1.7204396218495936,1.7696057744720175,0.05800320305359356,1.0,1.0,0.6,0.9,0.7,33,2126.588467913282,9840.010561816362
28,20,0.9688785302198277,1.4811376988105658,1.4538203647713024,0.8984577629181795,0.9662165664430213,0.07242229235655467,0.7300352585968819,0.15307881166770923,0.6,0.9,0.7,34,4390.14890733468,3108.0618536916118
28,21,0.8392378046230187,1.3502128076931486,1.3220859456868765,0.7800070898789454,0.697975911474555,0.07122928254460889,0.610395203851378,0.1276416253771832,0.6,0.9,0.7,36,4247.014867321258,3124.291902651549
28,22,1.849053803323547,2.3727458206674674,2.3655428778041543,1.8372782775367849,1.8145957465188365,0.1853541906251089,1.0,1.0,0.6,0.9,0.7,38,2101.003071958928,2648.741841429481
28,23,1.8477620565789714,2.371406966671561,2.364176168269747,1.8423680674938725,1.7113176929505782,0.183394031436496,1.0,1.0,0.6,0.9,0.7,39,2150.370045332784,2399.598426161382
28,24,1.843760335276873,2.3647902463253465,2.356385785681116,1.8475920474673457,1.7341268378168548,0.18378803705797184,1.0,1.0,0.6,0.9,0.7,41,2383.836075918575,7164.306505579427
28,25,1.3754020688213453,1.8662009984642498,1.828484574431805,1.367698250603505,1.3908598002172048,0.05567641657073495,1.0,0.457171393350227,0.6,0.9,0.7,42,1679.359254237506,4046.293889089019
28,26,1.7488878689335283,2.227699782129643,2.185668398495242,1.7771473363202739,1.7272078963774733,0.06686729054340061,1.0,1.0,0.6,0.9,0.7,44,1586.287849736868,5412.469069277427
28,27,1.734913049579166,2.1982048320817995,2.1511661001742537,1.7647911601256523,1.8439611088427257,0.0664402751186812,1.0,1.0,0.6,0.9,0.7,45,1661.0366501293329,3900.9493067165145
28,28,1.7342845092486132,2.196286827866749,2.148826916737013,1.768262795797616,1.646643729815291,0.06734362209942363,1.0,1.0,0.6,0.9,0.7,48,1619.12541510296,4495.844265728108
28,29,1.716396955959976,2.1534144132529303,2.0988904281871,1.7879787247209393,1.9249630669156068,0.06463596563165355,1.0,1.0,0.6,0.9,0.7,49,1401.29655956574,6139.363665258213
28,30,1.7153602295045258,2.14940536187028,2.0940880389657224,1.797351642755935,1.6556007472447716,0.06567526831108095,1.0,1.0,0.6,0.9,0.7,51,1540.4000394044735,6011.801297972284
28,31,1.7124725710270778,2.141852683500878,2.0853075679416593,1.805611163936236,1.6640999768731013,0.06503591545571265,1.0,1.0,0.6,0.9,0.7,53,1517.4314288052926,6172.298486236879
28,32,1.7518647496247686,2.2058061508832907,2.185941343461937,1.9316076021122768,1.68966152213816,0.13819343241174195,1.0,1.0,0.6,0.9,0.7,67,1181.4916467658163,83029.1517128745
28,33,1.751846569665917,2.2034072733271612,2.1829423549926927,1.9422143291107676,1.6962604736464746,0.1400354604733287,1.0,1.0,0.6,0.9,0.7,69,1190.5117210264973,82900.59633661338
28,34,1.750433892651193,2.2115856257480155,2.203717249955856,1.951195273899798,1.6915872444562543,0.1389240387002172,1.0,1.0,0.6,0.9,0.7,71,1122.458175610589,87665.87935242073
28,35,1.7519161168472817,2.213009781711677,2.205126862071836,1.9535400983231235,1.6854549278076334,0.14143896286836216,1.0,1.0,0.6,0.9,0.7,72,1141.4991199781568,85846.85095829895
28,36,1.7503935755415287,2.2090458102395996,2.200555250753485,1.9555571322838246,1.7092362364320322,0.14074744063754208,1.0,1.0,0.6,0.9,0.7,73,1139.8812355117104,86631.65846314529
28,37,1.7459604763815082,2.2048839641038036,2.2067180096531365,1.9688053253441953,1.7942800827259335,0.14117818827397952,1.0,1.0,0.6,0.9,0.7,74,1208.792491123788,156125.85463958763
28,38,1.7459085207764051,2.1896787325339053,2.177568464886094,1.9662001755364864,1.7244583085787484,0.14369427876042723,1.0,1.0,0.6,0.9,0.7,75,1187.9981251152765,155982.81329081353
28,39,1.745652990328671,2.188010052234775,2.175564053023492,1.9771174600975474,1.6933363387321427,0.14418227670806377,1.0,1.0,0.6,0.9,0.7,77,1170.1261445287548,156831.20670669654
28,40,1.7432578727719656,2.206696062512309,2.2199372918232037,1.9916779403089782,1.697289212562852,0.14103151444298875,1.0,1.0,0.6,0.9,0.7,78,1149.135962408065,156421.49112842293
28,41,1.743305387090443,2.1805753896405413,2.166928103774925,1.9861753727985139,1.7223503425161428,0.1434803202089065,1.0,1.0,0.6,0.9,0.7,79,1143.6211968052442,157482.37584301122
28,42,1.721303296856534,2.1905812062400782,2.2155599341126497,1.9923017947143902,1.679935823873893,0.1077913049409817,1.0,1.0,0.6,0.9,0.7,80,1111.5221860884485,86248.31347667037
28,43,1.742779192549603,2.1776605888993528,2.1634534654866284,1.9934964512306161,1.6940582790256316,0.14407039703725638,1.0,1.0,0.6,0.9,0.7,81,1152.4998693199072,157473.1381955399
28,44,1.7209045071864573,2.199649077856986,2.2372226484077835,2.0026045333846234,1.6738056659992036,0.10817751705132313,1.0,1.0,0.6,0.9,0.7,82,1128.1554605673532,86378.45714999501
28,45,1.741107865659506,2.1733021050273713,2.1584702198616883,1.9960811115166186,1.702238866499687,0.14288889963686685,1.0,1.0,0.6,0.9,0.7,83,1155.6800807091756,158175.99802581986
28,46,1.7207081339015786,2.1967485452274804,2.2336938387338616,2.0133581325935985,1.6747798136820466,0.10945813675770313,1.0,1.0,0.6,0.9,0.7,84,1162.0037420007409,86887.61813493771
28,47,1.7196382103221508,2.205329887023252,2.254916364041593,2.0351255897940552,1.6680816888687306,0.1085832585451286,1.0,1.0,0.6,0.9,0.7,89,1287.273980494226,87272.21631375761
28,48,0.7477520776733035,1.1838282001716032,1.1803098973539687,1.023216259569479,0.7013318056498618,0.12523570910333465,0.1323314756639096,0.7152363846330299,0.6,0.9,0.7,96,1997.6002425261452,68571140.6634252
28,49,0.7460671599078188,1.1777752592472637,1.173262327591053,1.0295747092505096,0.7352044875158282,0.12455865132056736,0.13246336010514237,0.7152965286253019,0.6,0.9,0.7,97,2051.485871563988,68559410.50777067
28,50,0.7462374513581713,1.1774316436988699,1.1728021819000836,1.0334210713262413,0.6997559117949115,0.12519851603945842,0.13239290005686652,0.7153198422524947,0.6,0.9,0.7,98,2008.9821853440203,68583119.12464021
28,51,0.7442683905799263,1.1694501465427531,1.16346634281711,1.0361889915216127,0.7225357915055695,0.12475081105549295,0.1324994479588965,0.7154620581705697,0.6,0.9,0.7,100,2043.0384408239056,68597884.38355649
28,52,0.7449525689184627,1.17370112539189,1.1790180979457883,1.0525139249538245,0.7325644310934962,0.1275848947858684,0.1329851508838934,0.7166538258830542,0.6,0.9,0.7,102,1852.1135092224044,68618960.11966012
28,53,0.74174227032946,1.1602699058263708,1.1633460907911233,1.0581648081530788,0.743232718146452,0.12965659671143537,0.13257332405292477,0.7149121857599454,0.6,0.9,0.7,104,1976.7091312309367,68620229.68395936
28,54,0.6947071544022148,1.111651765832406,1.114383998045032,1.0185095662672456,0.6579527106383065,0.1310099895228537,0.12263116871595019,0.6599489652082496,0.6,0.9,0.7,106,1990.9175964197943,68627809.09174156
28,55,0.7415410844247597,1.157885791280382,1.1604880004804803,1.0726983795895741,0.7032362739054223,0.12953067201799712,0.13264051554375175,0.7154815371800308,0.6,0.9,0.7,107,1986.547767513976,68623681.21697
28,56,0.6938111890571423,1.108383215445435,1.110601626501511,1.02523063671432,0.6663193842376581,0.13052887335213378,0.12264842313244395,0.6599561401427214,0.6,0.9,0.7,108,1960.4419006847568,68623649.13336027
28,57,0.7408758509423455,1.1547895342059307,1.1568657114838405,1.0796566623947939,0.7037110132670574,0.12923136999298143,0.1327261691651051,0.7155926648209677,0.6,0.9,0.7,109,2003.8560070964984,68635346.90291412
28,58,0.7408029228465959,1.165885410304618,1.180954435776923,1.097793654117424,0.6979997072145063,0.12887398798395794,0.13274518657411138,0.7157835701798787,0.6,0.9,0.7,111,2001.017246961415,68637437.41935742
28,59,0.7258568319353966,1.1477516921767645,1.162133759591614,1.0979492417064938,0.7117446375192471,0.1244202051818503,0.13217618233851663,0.7001573707072484,0.6,0.9,0.7,112,2011.4147066258377,68615266.54549542
28,60,0.9288205079887923,1.3556740344751668,1.381719871786677,1.2293378474852683,0.9064130164353714,0.11688562180290922,0.23053862875501788,0.8723263441858018,0.6,0.9,0.7,115,2148.751012252877,68480454.54276727
28,61,1.0019281500746682,1.4420528219371285,1.4921640208331963,1.3388931412440348,0.989841995405665,0.11846803475389571,0.2513200657865294,0.9517847117320304,0.6,0.9,0.7,118,2004.165960845336,68377492.65163252
28,62,0.9881666873633541,1.4391967466185005,1.5022454191074972,1.3326962535184768,0.9524133252821567,0.11501206192079302,0.2502681819867797,0.9365389150740617,0.6,0.9,0.7,119,1899.83059276195,68427035.0458717
28,63,1.0007806932271772,1.4369639437245745,1.4862470396778413,1.3421542884133484,0.9944719158745849,0.11945401482157222,0.2510946671704612,0.950867268497545,0.6,0.9,0.7,120,2042.958505113756,68380665.4380291
28,64,1.4326867592957735,1.851822485625931,1.886881713784785,1.8486171368321611,1.4469655814650852,1.0,0.10719001088191996,1.0,0.6,0.9,0.7,121,3.6809624162285695e+19,132095549.8447564
28,65,0.846022800744493,1.2466561748188751,1.2779078624070772,1.1862422967528792,0.9681781049951419,0.11522937757490843,0.21293132076754132,0.7896602445635331,0.6,0.9,0.7,122,1924.19735487862,68476612.19685695
28,66,1.4952709587500146,1.9013859536028102,1.9444741561115435,1.928197394245365,1.5113338979334854,1.0,0.1820660422577532,1.0,0.6,0.9,0.7,123,3.6809624155643728e+19,132132907.47725956
28,67,1.4912075626554735,1.8724593417027846,1.8890484925553794,1.90930180091799,1.480730988388395,1.0,0.17805476960967948,1.0,0.6,0.9,0.7,124,3.687103261411226e+21,480351633.3987812
28,68,1.4924406837374056,1.8816699454627688,1.9213608495653924,1.9339358106201754,1.5820575693754952,1.0,0.1822022372031348,1.0,0.6,0.9,0.7,125,3.680962415449584e+19,132129489.28430375
28,69,1.492335584212894,1.892132990781689,1.9446973206482945,1.9452613015881537,1.4665648439978654,1.0,0.1822022372031353,1.0,0.6,0.9,0.7,127,3.6809624158172537e+19,132129413.71305884
28,70,1.740674308067117,2.0974455508465977,2.130738871019216,2.187558338888957,1.9728368625682164,1.0,0.4634595522851906,1.0,0.6,0.9,0.7,128,3.687103261301397e+21,480145321.2326597
28,71,1.7400044376365742,2.089692865744503,2.121610378544651,2.1946481820413197,1.7454480492565543,1.0,0.46377171951990104,1.0,0.6,0.9,0.7,130,3.68710326125507e+21,480137011.00751054
28,72,1.7387891015145975,2.0726883328326355,2.112418093089836,2.186419472334432,1.9315903113052628,1.0,0.4660899657867166,1.0,0.6,0.9,0.7,131,3.687103261331296e+21,480196318.5256917
28,73,1.7370282852324759,2.0407131344673735,2.063838818384471,2.2036178090156824,1.8662071447177881,1.0,0.4663914391504429,1.0,0.6,0.9,0.7,132,3.687103261287532e+21,480274923.18423146
28,74,1.7356739549362292,2.024082735595522,2.0443364764415946,2.209815001759779,1.7784514656256352,1.0,0.46654629102644557,1.0,0.6,0.9,0.7,134,3.687103261285444e+21,480272025.68081343
28,75,1.7352650681495685,2.0242972643672426,2.055574144035879,2.216909063758222,1.7607684440635298,1.0,0.4671645780901189,1.0,0.6,0.9,0.7,136,3.687103261285084e+21,480261084.0950256
28,76,1.738884766097793,2.0025310144138473,2.0400361733347525,2.2464509283622958,1.819087494214995,1.0,0.4744683414171401,1.0,0.6,0.9,0.7,139,3.687103261069562e+21,480204077.2959057
28,77,1.7383030786214941,1.9874781272693063,2.022329951055231,2.264467322779083,1.745495864031392,1.0,0.4749579261254896,1.0,0.6,0.9,0.7,145,3.687103261060936e+21,480140936.45717657
28,78,1.737107804229463,1.9675038822798776,1.9989308211628676,2.2740528948700307,1.7973230896410242,1.0,0.4749846147009612,1.0,0.6,0.9,0.7,147,3.687103261062234e+21,480187260.11746246
28,79,1.736845417741996,1.9621243603407783,1.9926215223968926,2.2812041162248455,1.746495691121423,1.0,0.4750405256787392,1.0,0.6,0.9,0.7,149,3.68710326101468e+21,480193194.7791296
28,80,1.736992997673506,1.9727740215566316,2.0161440519889497,2.3008507519342167,1.7287665933129912,1.0,0.4752514859320686,1.0,0.6,0.9,0.7,154,3.687103261102467e+21,480073409.1707244
28,81,1.7073448395024484,1.9253613390113204,1.9655140879852406,2.278570295044113,1.8303182080734497,1.0,0.4434445789439871,1.0,0.6,0.9,0.7,155,3.687103261048181e+21,480055345.6001597
28,82,1.7725117048154628,1.9617070953689195,1.9856833909012976,2.354022574817404,1.8947698534441393,1.0,0.5168838455567377,1.0,0.6,0.9,0.7,156,3.687103261109945e+21,479972780.460704
28,83,1.7720836292142876,1.936220759646443,1.9557020370780276,2.360014712682828,1.8575875969172284,1.0,0.5177288691085834,1.0,0.6,0.9,0.7,158,3.687103261146936e+21,479950381.1910151
28,84,1.7720739406878494,1.935923429939194,1.9553531490013585,2.3676426011385185,1.7670080414094615,1.0,0.5177323590153438,1.0,0.6,0.9,0.7,160,3.687103261164197e+21,479951256.8281539
28,85,1.7715987658469863,1.9359999044823615,1.966526831143674,2.2401716870287665,1.7918255978779134,1.0,0.5177181711501542,1.0,0.6,0.9,0.7,163,3.687103261144979e+21,479944667.1276971
28,86,1.7719290615091912,1.9356312212718563,1.966033360504865,2.232968747437199,1.7688462121528612,1.0,0.5181179464519154,1.0,0.6,0.9,0.7,165,3.6871032610986514e+21,479936309.70418006
28,87,1.7466351231635948,1.983524820118535,2.1039948024231467,2.2877889890393552,1.7606933751082656,1.0,0.4902608866761257,1.0,0.6,0.9,0.7,167,3.769201408356245e+21,490651986.5204255
28,88,1.7464065608468098,1.9775513102583535,2.096998316413953,2.2872196789084587,1.7617303438517085,1.0,0.490260886676125,1.0,0.6,0.9,0.7,169,3.769201408409344e+21,490662799.8536372
28,89,1.7556039979833475,1.9168723874281235,1.9578440325549045,2.3901385400557205,1.7697692222832264,1.0,0.5005971185628236,1.0,0.6,0.9,0.7,170,3.8531275777160847e+21,501585708.853501
28,90,1.7459595808078905,1.907041614100699,1.9479803252191734,2.3882798143080226,1.7415767022639272,1.0,0.48988926276594524,1.0,0.6,0.9,0.7,172,3.7692009835348833e+21,490665419.8082138
28,91,1.7460484433910717,1.9715485925300416,2.0899908213037772,2.2823473423746385,1.7614955332303097,1.0,0.4901102778214044,1.0,0.6,0.9,0.7,173,3.769201408455525e+21,490668857.5412674
28,92,1.7072390208644161,1.851753600556809,1.8787374797423877,2.3570574679301037,1.7209426396979228,1.0,0.44709852294470764,1.0,0.6,0.9,0.7,174,3.687103261176955e+21,480021814.41588897
28,93,1.70714496221884,1.8476156487046012,1.8738805459182506,2.360625641036789,1.7122111955068504,1.0,0.4471648131923052,1.0,0.6,0.9,0.7,177,3.687103261143144e+21,480019594.6838929
28,94,1.7068651074140426,1.841056479119662,1.8662060568103822,2.375573376165451,1.725139577332877,1.0,0.4471128368613324,1.0,0.6,0.9,0.7,179,3.687103261171676e+21,480024913.3708229
28,95,1.7067792275370728,1.851283744829587,1.8892755881522316,2.387793633165195,1.7055789372852332,1.0,0.44705354777790446,1.0,0.6,0.9,0.7,181,3.6871032611550265e+21,480020853.317567
28,96,1.7069338161306773,1.8470354298154674,1.8842463429125498,2.39553002427515,1.7345177570620012,1.0,0.4474015440249993,1.0,0.6,0.9,0.7,182,3.6871032611146967e+21,480014290.4726703
28,97,1.6812996963337596,1.8208433158360358,1.8579552625217135,2.3743685676860116,1.678392106538412,1.0,0.4189412629363417,1.0,0.6,0.9,0.7,185,3.6871032611457566e+21,480009003.7864539
28,98,1.706846704682975,1.8436824637723281,1.8803141402972028,2.4030968666326764,1.7223141292956932,1.0,0.4474333574426728,1.0,0.6,0.9,0.7,186,3.687103261117569e+21,480003048.6765898
28,99,1.7068874106256986,1.8284557825674446,1.851366141301418,2.4138568681236903,1.7180105608520524,1.0,0.447640271084195,1.0,0.6,0.9,0.7,188,3.687103261205944e+21,480028744.617792
29,0,0.7685321822261556,0.941235126597292,0.8821974509295205,0.007364632186192171,0.0,0.0,0.0,0.0,0.6,0.9,0.7,1,4550.314266473199,6910.691873093363
29,1,0.8000416347843365,0.9837958156146045,0.9239729299801671,0.05748453399320229,0.06315976788242908,0.07828222811733856,8.264843040355e-05,0.00014630752434526998,0.6,0.9,0.7,3,4398.710849393001,6822.243075377565
29,2,0.7966226284879617,0.997661187051916,0.9365621592902162,0.08043328636127361,0.12050383842025852,0.07667874631684042,0.009109039184304819,0.020367546672043248,0.6,0.9,0.7,4,4129.500744887352,6728.591920403141
29,3,1.5920225232105194,1.8326963993598757,1.7684152693675863,0.9377041094996672,1.0518533285859075,0.21486972461500292,0.10350778871163077,1.0,0.6,0.9,0.7,5,4655.13506827938,1060241.6583891036
29,4,1.360805945325799,1.637290434568807,1.5838306865100298,0.7415376698294558,0.817454673985305,0.07978697239320108,0.2759720072224809,0.6170653812716785,0.6,0.9,0.7,6,2342.9937892053704,6892.016042090561
29,5,0.6792714850755521,1.023859294056199,0.9773990403601269,0.1527898958697729,0.38295231618601744,0.09560495896316087,0.037975799267912405,0.06722626369055677,0.6,0.9,0.7,7,2027.4678165814817,5390.405004828072
29,6,0.7091934766811514,1.0739362429451758,1.0106209349307345,0.23982020894293277,0.385540264489939,0.09406993140947875,0.11491340582180716,0.08931808298540712,0.6,0.9,0.7,8,1539.0065515231986,2253.275923235771
29,7,0.5271439241337957,0.9529420561709251,0.8933031765823884,0.1570040766704875,0.5190075126178416,0.09274375558859912,0.03529600232710123,0.08174566427768967,0.6,0.9,0.7,9,2487.5669897678827,4118.33623901456
29,8,0.6792459000392707,1.1330628872770518,1.0644701120119084,0.3924780774275288,0.7421357304722949,0.09399142763901433,0.1900852255464792,0.21366784297250424,0.6,0.9,0.7,10,3567.868646527233,4112.657795441179
29,9,0.4330833127284984,0.8885897813335271,0.8191686701809818,0.15013230450607984,0.17118448511749312,0.0907018132754416,0.032833490815367725,0.07633092847295159,0.6,0.9,0.7,11,3322.7339117042275,5985.522489612384
29,10,0.3841037316992196,0.8471316209885316,0.772530802961956,0.14207690483656438,0.23180951875709632,0.0946150405930771,0.028312453280728678,0.06277075220007786,0.6,0.9,0.7,13,2089.8917954086846,3716.4380842216897
29,11,0.36742469966761704,0.8308142078370212,0.7558274415815306,0.1364936061368498,0.11999870437425644,0.09428729641635626,0.022660796484698688,0.05022774543425272,0.6,0.9,0.7,15,2140.0684522274346,3601.610033230182
29,12,0.36630578489414933,0.8297971603945401,0.7546978812742086,0.14675574558589383,0.11635911557238618,0.09329969139977368,0.02285292585013563,0.050312179638394974,0.6,0.9,0.7,16,2129.260598632798,3595.912264792455
29,13,0.34045435981094263,0.8174082286512109,0.7508693882346973,0.15087233464742322,0.29517010262889876,0.09413211165193727,0.024760611539317582,0.050479308476789254,0.6,0.9,0.7,17,2216.1604598608205,3447.379059122389
29,14,0.3280356626213869,0.8050461808656267,0.737985015211858,0.15107127642630236,0.11543695902136425,0.09459474389504038,0.02064503376521046,0.04207082681834418,0.6,0.9,0.7,19,2112.8860712104715,3536.90051407768
29,15,0.3266114039000796,0.8036221159753177,0.7365563359229282,0.15525167652097543,0.10348354277580554,0.09432265345430708,0.02006826824222927,0.04104981364988025,0.6,0.9,0.7,21,2161.687191844156,3564.9356417217723
29,16,0.32585014257047895,0.8028697189564111,0.7356442449256183,0.16092586181345808,0.10682746540163945,0.09447430073632854,0.02012134174280045,0.04110904422995364,0.6,0.9,0.7,23,2092.6914392800145,3567.793517100608
29,17,0.63202657611739,1.0966444435231653,1.0120704603559034,0.48338723785325094,0.6113627786371107,0.06841426637578397,0.03368402439169207,0.5179623201140466,0.6,0.9,0.7,24,2280.2287687153243,4686.648663334227
29,18,1.1287719393646762,1.614877989827768,1.5549617774422095,1.0030692934078198,0.9485473671377007,0.07642621060369668,0.21305586697580864,1.0,0.6,0.9,0.7,29,3651.158036222367,7137.604079394128
29,19,1.8310143919595971,2.327756452302392,2.280145508868171,1.7182628768298607,1.6575078376352916,0.07223336898175212,1.0,1.0,0.6,0.9,0.7,31,3680.708368172698,7638.12154481826
29,20,1.7981058264869199,2.2852553657538195,2.2303032303992127,1.7205214788767649,1.793395373069657,0.07284213211167448,1.0,1.0,0.6,0.9,0.7,33,3646.6328793384746,7148.4059851489965
29,21,1.7976617870314435,2.2959960686587007,2.254033074813556,1.7311124226908166,1.6435412282995439,0.07218051630100922,1.0,1.0,0.6,0.9,0.7,35,3653.285670787968,7134.991173970511
29,22,1.7975161855005677,2.295628176606465,2.253536999240884,1.7426407602303744,1.6463016413602896,0.07281455104404011,1.0,1.0,0.6,0.9,0.7,37,3563.452249215969,7069.679710497774
29,23,1.7878105614209243,2.312946949263093,2.306424275803906,1.740544719419203,1.787458067745695,0.07906936323289364,1.0,1.0,0.6,0.9,0.7,38,4243.906577692405,8466.954791858157
29,24,1.7740942969008606,2.258177074874265,2.2093440779345017,1.7639830478033858,1.6905825689580296,0.07600720668713665,1.0,1.0,0.6,0.9,0.7,41,3622.582389230693,2472.0922977626374
29,25,1.7105102180121565,2.1996310474615743,2.161341241246603,1.7333743932552919,1.6069090292454584,0.07877189515868381,1.0,0.9184872609379451,0.6,0.9,0.7,47,3351.6414788699485,2435.824907459521
29,26,1.710322053686934,2.199289801735161,2.1609415095366593,1.7407086580985618,1.5913951209655428,0.07877189515868381,1.0,0.9184872609379464,0.6,0.9,0.7,49,3384.436521207831,2408.4078374438827
29,27,1.7101384508629347,2.187411090918175,2.135875268712541,1.7377945713456087,1.598239457461113,0.07928595902145075,1.0,0.9186414822291489,0.6,0.9,0.7,50,3384.5143592641834,2415.723608828354
29,28,1.709143781601624,2.185070451186712,2.133027910601593,1.74460099737807,1.601570735220527,0.079492644377954,1.0,0.9193472904558732,0.6,0.9,0.7,52,3285.857547685624,2416.6557963985997
29,29,1.6948183061569813,2.1801214983330715,2.149516144295718,1.7562992412616851,1.7768361345137316,0.07300476276291638,1.0,0.9238978799195472,0.6,0.9,0.7,53,3770.471504617565,2606.4133166062807
29,30,1.7798159827594404,2.25891560126204,2.2263151189273316,1.8437372855185987,1.7215719977750126,0.13495893240148163,1.0,1.0,0.6,0.9,0.7,55,3357.91555693876,2362.6013038075207
29,31,1.730791851755295,2.2116988320501534,2.189226254084948,1.8070077689882937,1.6979044144832856,0.06554628059038047,1.0,1.0,0.6,0.9,0.7,57,4127.908437480862,2555.4680776018336
29,32,1.7298517418202544,2.2094638118633156,2.186607981109507,1.813265489960702,1.6471469089022968,0.06555141378306792,1.0,1.0,0.6,0.9,0.7,59,4198.307208352197,2634.700623919024
29,33,1.7217935251552572,2.2067223349008933,2.195157000651654,1.8259196116462562,1.7051481948866525,0.05894979906737905,1.0,1.0,0.6,0.9,0.7,60,4327.200886249745,2630.615875303152
29,34,1.6720695164652686,2.168123698585625,2.169537019009008,1.7821701364460365,1.586544605578047,0.06303012486143875,1.0,0.9255379003543458,0.6,0.9,0.7,61,3778.853985424709,2533.0933310830405
29,35,1.7215003405126457,2.217374344115635,2.218736191651995,1.8351264546896355,1.6373423251658399,0.05874301133440958,1.0,1.0,0.6,0.9,0.7,62,4187.828709733204,2666.013328409921
29,36,1.5946615704422173,2.0841861039611693,2.083761270560573,1.7173832671170384,1.5854336609122222,0.05731232550501185,1.0,0.8258628309750362,0.6,0.9,0.7,63,4077.010216618821,2651.014025314279
29,37,1.665209417320534,2.1545084920218907,2.1540220474053244,1.7914947335828244,1.585614516504463,0.05693695749173662,1.0,0.9271577795018333,0.6,0.9,0.7,64,4098.625482735918,2543.8613942783472
29,38,1.593368493735373,2.0812167067520897,2.080329782091285,1.7298149214073426,1.5203877528757683,0.05704169375275366,1.0,0.825706107229561,0.6,0.9,0.7,66,4020.0571991251554,2670.033613850375
29,39,1.5941499892133248,2.0812891348143077,2.080207348979649,1.7379286360618238,1.521375064286766,0.058679143479853604,1.0,0.8260311900255626,0.6,0.9,0.7,67,3742.775489308072,4540.093005509732
29,40,1.5899628240100445,2.0750608394620866,2.073421875423558,1.73465483698862,1.5331830398838662,0.052373307596562335,1.0,0.8271876486092269,0.6,0.9,0.7,68,3973.090467680255,2740.743386168041
29,41,1.587169878220021,2.0606512277951383,2.0458993580958222,1.743303356146038,1.509053816911416,0.05349235403268765,1.0,0.8225859173912464,0.6,0.9,0.7,72,3352.970175151296,2668.8087663431597
29,42,1.717574109479747,2.211051625707733,2.2316933094045464,2.019432687168624,1.6519194462525526,0.07626958794082121,1.0,1.0,0.6,0.9,0.7,96,3105.482438163356,101918.73943282836
29,43,1.7069411367984113,2.1769988367511184,2.191820831386158,2.0234230874176276,1.7640421702133666,0.07615187129487754,1.0,1.0,0.6,0.9,0.7,98,2850.4615952546787,263204.2741812015
29,44,1.704527144053524,2.1850426116706814,2.212685744785584,2.03929115197265,1.6460118851347278,0.07263036881042403,1.0,1.0,0.6,0.9,0.7,101,2862.8205025983216,88895.02851235088
29,45,1.7038954337945498,2.1906510042613716,2.230108967756966,2.061923065618843,1.6610240425889597,0.07484247416769994,1.0,1.0,0.6,0.9,0.7,104,2892.810067552934,93519.81377725845
29,46,1.703411170344068,2.188888137920183,2.228043019150544,2.0691506660428733,1.6510923723476338,0.07485379121604903,1.0,1.0,0.6,0.9,0.7,106,2898.448128553023,93464.68756086253
29,47,1.7035883966055547,2.188374186188458,2.2273656667554826,2.065812789941462,1.6520195755103328,0.07558803239344512,1.0,1.0,0.6,0.9,0.7,107,2847.130239287369,93577.52637714948
29,48,1.7019341204389673,2.1775970324151306,2.214450424372081,2.0700826758702933,1.734778236066851,0.07843366448606862,1.0,1.0,0.6,0.9,0.7,108,2643.626838913403,92702.32054765437
29,49,1.6946012268654926,2.1751412491542297,2.223540246617024,2.0899471898143513,1.701188399456602,0.06982551220690822,1.0,1.0,0.6,0.9,0.7,109,54817.901365634905,93701.62832116552
29,50,1.6993171750956757,2.1786494951889317,2.2267760306171818,2.091265752674252,1.657761665806528,0.0783268173395213,1.0,1.0,0.6,0.9,0.7,110,2612.7877566549605,80882.71766018524
29,51,1.6874221641648104,2.160523933601561,2.2177391673889106,2.0938010981929605,1.800118135881274,0.06751236400429486,1.0,1.0,0.6,0.9,0.7,111,53877.49216217581,108915.24932784536
29,52,1.687634870879723,2.1596874629199743,2.2166708685790373,2.1015555806930393,1.6505307014106467,0.06837498146651659,1.0,1.0,0.6,0.9,0.7,112,53991.15549099486,109097.57874567792
29,53,1.6834056692693058,2.14784576586237,2.203162478798993,2.0949365907145925,1.7066311695135974,0.06485853453741758,1.0,1.0,0.6,0.9,0.7,113,28425.780100565014,108395.380021846
29,54,1.6832783162834437,2.1460549167245695,2.201009581672851,2.1025502022911082,1.6540075761301325,0.06539651552991253,1.0,1.0,0.6,0.9,0.7,114,28590.583261060423,108746.16440162688
29,55,1.6827518177889278,2.1424081978916827,2.196686548733765,2.1099849837821996,1.6533347450464142,0.06590165015492135,1.0,1.0,0.6,0.9,0.7,116,28476.675130850857,108671.65891904484
29,56,1.6793900794636263,2.1370647361116166,2.1909151137292273,2.1144021905922585,1.6541386367438484,0.06116058287391056,1.0,1.0,0.6,0.9,0.7,117,28527.65061087104,inf
29,57,1.682087865699083,2.139287130003236,2.1930348862899756,2.120921668314206,1.6416251793846628,0.0658635769658286,1.0,1.0,0.6,0.9,0.7,119,28741.31889080435,107727.67891603777
29,58,1.6808469431148991,2.1342116081032216,2.1871353184580045,2.120214105276955,1.6728477206438384,0.06542376234640605,1.0,1.0,0.6,0.9,0.7,120,28813.35335070124,108587.9792393514
29,59,1.4424963055255566,1.91297936545592,1.9907744380384522,1.8975513415159087,1.4175622989632095,0.05798638832648283,1.0,0.6677397414914834,0.6,0.9,0.7,123,2850.131993030536,128729.9301223804
29,60,1.4414405673742967,1.8956188970069856,1.959331726420027,1.8931223466771352,1.4244379429015626,0.057013643944171535,1.0,0.6688023430781291,0.6,0.9,0.7,125,2824.455142687239,128103.15330796751
29,61,1.4407796910790818,1.9052423672152814,1.98176149270006,1.9078217412090095,1.405872486198723,0.057156529523966035,1.0,0.668041485464621,0.6,0.9,0.7,127,2794.9188282425653,128542.40645583766
29,62,1.413486323881569,1.8885926664865775,1.9779935803700175,1.8999191333055774,1.3772227006708748,0.05412951160315134,1.0,0.6318351919830258,0.6,0.9,0.7,129,2869.051090897688,105501.254442095
29,63,1.4530659351217674,1.9008638969254825,1.9632320929484859,1.9436197703129623,1.4239275112506165,0.05527523415199172,1.0,0.6890017772250073,0.6,0.9,0.7,134,2656.218124949381,102150.55405474742
29,64,1.452157654358213,1.9072353638216308,1.9817848575827781,1.9547328956995649,1.448514762057085,0.0556097251086294,1.0,0.6886444166525016,0.6,0.9,0.7,135,2785.890857160867,106533.29613948062
29,65,1.4433586217496446,1.8787079750418212,1.9599117126408414,1.9564448075764915,1.6715557202414173,0.0609339527943619,1.0,0.6802599276246458,0.6,0.9,0.7,136,2634.676820256075,131631.01078874076
29,66,1.4427745479564296,1.8853271393839424,1.9787250879565823,1.9715864982289912,1.4293137480219462,0.06059717184489631,1.0,0.6807260425297914,0.6,0.9,0.7,138,2665.55084771835,128982.45111895306
29,67,1.4407212370609912,1.860858264068116,1.9390110769577384,1.9700751500220224,1.4584737655096442,0.05805413664469259,1.0,0.6826788176524827,0.6,0.9,0.7,140,2593.3789037485158,128086.5739183782
29,68,1.4383898823218506,1.8549017623265356,1.9323332421136468,1.9794273861086433,1.4257042070755173,0.057585135888077586,1.0,0.6805887580988035,0.6,0.9,0.7,142,2658.685321271992,127340.6932464486
29,69,1.4542633627348232,1.86015149670471,1.9354821672469984,2.015283347368644,1.471285068280491,0.07037720008006063,1.0,0.6946478876854625,0.6,0.9,0.7,144,2568.771034270313,20030.623096154864
29,70,1.3962649376314078,1.778524348142847,1.8709337573519398,2.0172895870640457,1.4025357022210574,0.059014152205583516,1.0,0.6301935516316874,0.6,0.9,0.7,158,2669.8429797299987,127039.691726237
29,71,1.3960154567107044,1.7771234035054986,1.8693130003224336,2.0248510154860857,1.3809117987511321,0.05898555833006258,1.0,0.6300506749417525,0.6,0.9,0.7,160,2675.97642051063,127022.73256809074
29,72,1.3957134103598126,1.7831258934525893,1.8873819817938928,2.0327627385940032,1.4147859557650198,0.06028700065494831,1.0,0.6292950360585816,0.6,0.9,0.7,161,2598.294669942009,127791.51831953056
29,73,1.3939894538404907,1.768758565329086,1.8597403439527753,2.0306869944119827,1.386259262152703,0.05845484931000909,1.0,0.6286305105679284,0.6,0.9,0.7,162,2642.313402605868,126445.02951970843
29,74,1.3943258257817424,1.752670719829017,1.8296586192944888,2.022837486026896,1.4173049487799347,0.059731967034594505,1.0,0.628846077682666,0.6,0.9,0.7,163,2627.490465290274,127696.24164749152
29,75,1.3936636662747985,1.7568331996391422,1.8456156046979806,2.034321112867289,1.400241294043817,0.05973196703459458,1.0,0.6288460776826639,0.6,0.9,0.7,165,2566.8712591606622,127435.73632522993
29,76,1.362134580345221,1.7237097390361715,1.8121909031398855,2.0267111757078737,1.3508147458038182,0.05974654911778332,1.0,0.5840275317754557,0.6,0.9,0.7,167,2587.731803854382,127718.70831026466
29,77,1.3921344854259776,1.7716694950643719,1.885312309624919,2.0834793656096235,1.3789234611897845,0.05645758258587681,1.0,0.630349899355726,0.6,0.9,0.7,176,2669.9655956564397,1121609.6308103888
29,78,1.3925860361549862,1.7878737204593123,1.9262651184581716,2.108806271303978,1.3932542830963541,0.06088088487270663,1.0,0.6281418918540448,0.6,0.9,0.7,179,2549.6815805548763,127688.3707386224
30,0,0.9730560317336571,0.993900489087531,0.9438821166778277,0.012207057973661237,0.0,0.0,0.0,0.0,0.6,0.9,0.7,1,1170.9783780536643,7719.731526176145
30,1,0.9928077121302155,1.032063620668554,0.9810909584021227,0.058825720426509916,0.06319536867755507,0.07258063709722555,0.00010534518783734,0.00013170592161439,0.6,0.9,0.7,3,1145.7727092243035,7700.219769258982
30,2,0.960954082811776,1.0341749576330634,0.9813556494943059,0.07304570903373245,0.1319394937016859,0.059825054517621976,0.01493926568646248,0.01041349088523862,0.6,0.9,0.7,4,1169.878971419404,7465.379835063111
30,3,0.7424327174002693,1.0928570936134452,1.0312527707832024,0.2386143423068342,1.1197879891591487,0.08893553371902074,0.10024776216838771,0.12533295708335995,0.6,0.9,0.7,5,1555.817979201968,4775.590191410123
30,4,0.6228778772686973,1.0269943637611731,0.9566863412965352,0.22354909158852687,0.39395096072515207,0.09393858058418711,0.0807533568541649,0.1246228710835802,0.6,0.9,0.7,7,1672.2249452903875,5821.679954159035
30,5,0.5211470626394487,0.9594117561200043,0.879689938354569,0.21098557439388707,0.3954271380573994,0.10818995213594736,0.06757052226316418,0.11133675785275066,0.6,0.9,0.7,9,1882.80062284089,5678.038233519287
30,6,0.4711747700564627,0.9215915736746764,0.8544899952662903,0.17677676292398725,0.16074389910269465,0.10984036030317076,0.04501546804859707,0.07206027252321008,0.6,0.9,0.7,13,1835.6936858507036,4766.626082707609
30,7,0.622521402658861,1.0622660744110641,0.9819564600290869,0.33925130389974445,0.3121016315755729,0.11554769800632347,0.06053726830598305,0.2659108842961873,0.6,0.9,0.7,17,1500.24660414842,74204.0637738819
30,8,0.6335388961461723,1.0755922184967963,0.99426000417445,0.3663051487593634,0.3500248625140991,0.09218915107081524,0.09137338963044069,0.2738540576357479,0.6,0.9,0.7,19,1954.9701866827425,5802.265774442779
30,9,0.6402611346163954,1.0883893153412931,1.0037847158187745,0.40158101193169227,0.4279618841774803,0.10478673989408238,0.061586146300361924,0.3469320586136193,0.6,0.9,0.7,21,1246.6748545294408,73108.15217989663
30,10,0.6548824408568183,1.1073591111868435,1.0190406760381212,0.4453549239748395,0.4774564930952948,0.11129244849986986,0.07476675165174392,0.3824899712804895,0.6,0.9,0.7,23,1452.9992078994546,71601.58450982237
30,11,0.6538225672087141,1.1176335823393135,1.0421564810441117,0.45244766826233485,0.405048658875566,0.11129244849986986,0.07476675165174441,0.3824899712804898,0.6,0.9,0.7,25,1383.976096019025,72006.82344692678
30,12,1.2078363153059763,1.6972952545162856,1.6425161545890654,1.0581887471092029,1.1025174762034324,0.15505717505962965,0.3443842607141871,0.838637862758507,0.6,0.9,0.7,27,2080.1306163187774,65098.15400873625
30,13,1.2032744559943733,1.7013050599123392,1.6554252693352227,1.0803441038228694,1.086053573848157,0.1550630571289367,0.3508150566313333,0.854298012071394,0.6,0.9,0.7,29,1753.6135712237294,67077.31268720166
30,14,1.218808370039613,1.682413458412331,1.596378946748434,1.0824750916274193,1.0439186415740394,0.1640741794536144,0.3429132653113089,0.8873837300764702,0.6,0.9,0.7,32,1859.0743328878311,96588.82085020392
30,15,1.0400427032123336,1.543744490524111,1.5052736148050783,0.9552176580363722,1.0517289095376183,0.15352712290488,0.2934508359736661,0.7349186440445983,0.6,0.9,0.7,33,1706.0577308736647,105129.14813056707
30,16,1.038713692614495,1.5404997672114886,1.5006801890592172,0.9652896854660513,0.9027611366572583,0.1434557107013964,0.2860075165156043,0.7597371392321844,0.6,0.9,0.7,35,1640.9422131227377,92955.33670594728
30,17,1.0460508543560392,1.5474241643816906,1.507330603691909,0.9767525489089075,0.8949914660536444,0.1498544538569638,0.30548387630469004,0.7413885307579756,0.6,0.9,0.7,36,1672.479025805648,95034.62954537629
30,18,1.220946544085709,1.7215704212460163,1.680991673238205,1.1565620041320357,1.0806114870623509,0.13794236888189956,0.36127337732445697,0.9326976113901599,0.6,0.9,0.7,37,1655.6690226627404,104130.16592782114
30,19,1.4801295209133536,1.9797043307835926,1.9457224969568043,1.4592085826792471,1.6062628949915672,0.1432387563018109,1.0,0.5131128608222117,0.6,0.9,0.7,38,3670.1870799404337,65021.48636437114
30,20,1.559682860276866,2.0573881807921803,2.02249851350569,1.5482069473666777,1.4477469625275574,0.1390559679050995,1.0,0.635247799982138,0.6,0.9,0.7,40,3143.4595670675285,75941.7001096269
30,21,1.5536423373839845,2.0580192118423772,2.034319273072052,1.555764888781381,1.4639244343416113,0.1390559679050996,1.0,0.635247799982136,0.6,0.9,0.7,42,3119.700378400338,75755.88873381374
30,22,1.553642337282141,2.069223560502847,2.058524038593184,1.574364047760185,1.4281075019020517,0.1390559679050995,1.0,0.6352477999821361,0.6,0.9,0.7,44,3119.70037797808,75755.88872832835
30,23,1.4893729591530394,1.9934611766993797,1.9696436965418578,1.5203796507164704,1.3690665958471453,0.138353992870827,1.0,0.5446040893476163,0.6,0.9,0.7,45,3089.3396574417598,75398.80124082275
30,24,1.5126298282160422,2.00962273382933,1.9830810544588997,1.547670498543711,1.5074206374885375,0.14833895288501192,1.0,0.5818583754431107,0.6,0.9,0.7,46,3088.0983974113174,75456.6502006379
30,25,1.7693436521780572,2.329759569054384,2.379823943335043,1.9414462753258688,1.65913007409475,0.09562207791783636,1.0,1.0,0.6,0.9,0.7,79,3377.242162766596,33508.97880481771
30,26,1.7550042335466516,2.3070354317514012,2.3542244409861697,1.9374124066930873,1.7697779991318132,0.08573146314788209,1.0,1.0,0.6,0.9,0.7,80,3447.1169068015724,34908.43875449611
30,27,1.7506719689677408,2.308175925395232,2.3665709309226477,1.9609544496235618,1.666057834712217,0.08642242503727054,1.0,1.0,0.6,0.9,0.7,85,3331.7452756774774,40803.12306012736
30,28,1.7453781064186378,2.29640895261422,2.352806717674479,1.959829603855826,1.7332564222630897,0.08624836091083972,1.0,1.0,0.6,0.9,0.7,86,3455.0542578820823,42938.57599087731
30,29,1.7421308430614206,2.288997902366031,2.3441425593770404,1.9730471939928658,1.6774930570889546,0.08609124422578243,1.0,1.0,0.6,0.9,0.7,88,3407.010161641316,41077.16274447243
30,30,1.7413802886570766,2.298359763454573,2.366189416699723,1.990468091531081,1.657933777643543,0.08609124422578249,1.0,1.0,0.6,0.9,0.7,90,3413.443804221576,40997.25013496359
30,31,2.287478558677619,2.8523921607513563,2.932277718789136,2.5559249943414963,2.2127375559279754,1.0,1.0,1.0,0.6,0.9,0.7,93,5890.30635278106,346036184.36039203
30,32,2.2715644211357757,2.831710036872831,2.930216922036962,2.6025536657237724,2.3505750137363997,1.0,1.0,1.0,0.6,0.9,0.7,95,2684.55601199629,22724663.80197475
30,33,2.2715042952704803,2.8203622487512092,2.905844048728424,2.595280967589991,2.201252387125807,1.0,1.0,1.0,0.6,0.9,0.7,96,2703.051245572537,22721082.481458507
30,34,2.2671694540405554,2.8181578287129385,2.9143437936796452,2.604934075803965,2.2932480164696094,1.0,1.0,1.0,0.6,0.9,0.7,97,2636.271588282691,22722776.40130248
30,35,2.2637926397352643,2.829634524288327,2.949949377377836,2.6296419633584334,2.2085218715360506,1.0,1.0,1.0,0.6,0.9,0.7,106,2709.8949628210157,22536790.63066258
30,36,2.257564520475743,2.8077958235865594,2.9243706161235705,2.6202334827644016,2.276068705014797,1.0,1.0,1.0,0.6,0.9,0.7,108,2726.906056789788,22528701.81612124
30,37,2.2475757250819344,2.7789349149856193,2.9016488998651067,2.6610307572047835,2.2559706316328367,1.0,1.0,1.0,0.6,0.9,0.7,113,2597.9411796896625,22535313.11373236
30,38,2.2461683202703764,2.7726630715620155,2.894303009496843,2.6717107919140517,2.2218888525749776,1.0,1.0,1.0,0.6,0.9,0.7,115,2671.5721146722594,22508144.88329477
30,39,2.2434113608822557,2.759851653849293,2.879297519419336,2.6667864040004687,2.289496366337951,1.0,1.0,1.0,0.6,0.9,0.7,116,2629.619119807674,22529052.51609951
30,40,2.2430902113909807,2.7695120194660516,2.901694043564457,2.692873137589685,2.205390696210549,1.0,1.0,1.0,0.6,0.9,0.7,118,3025.829432976675,22618779.34622841
30,41,2.243081011507513,2.780672088245187,2.9258470381861894,2.708071789053748,2.2001031872229477,1.0,1.0,1.0,0.6,0.9,0.7,121,3020.8608347448726,22619095.736220676
30,42,2.241684519347076,2.773897779295565,2.917912573714477,2.715014326051338,2.223839623262309,1.0,1.0,1.0,0.6,0.9,0.7,123,2858.136778841015,22611001.664262075
30,43,2.2414445077778034,2.772664268315565,2.916467778487741,2.71866754745181,2.2083488654861627,1.0,1.0,1.0,0.6,0.9,0.7,124,2845.959014129025,22612077.528623328
30,44,2.2401991980239915,2.766392595856754,2.909122084967003,2.7258364608102745,2.2440330121093766,1.0,1.0,1.0,0.6,0.9,0.7,125,2838.1554761225366,22607843.68166712
30,45,2.240048985907519,2.776847434865619,2.9324489761369614,2.7409720967790383,2.2010802778290017,1.0,1.0,1.0,0.6,0.9,0.7,130,2834.679474318475,22631031.42059729
30,46,2.239964569979513,2.7763803590517098,2.9319020024773916,2.74472466323411,2.2030406571982883,1.0,1.0,1.0,0.6,0.9,0.7,131,2835.198781031664,22630440.46205855
30,47,2.238958649142571,2.782288560361043,2.949903708751749,2.7520425754536975,2.23668879771476,1.0,1.0,1.0,0.6,0.9,0.7,132,2899.0355195918432,22626166.934308257
30,48,2.2376662118444797,2.7753518348582684,2.94177902395385,2.7552313247578377,2.2484387052408272,1.0,1.0,1.0,0.6,0.9,0.7,133,2845.8035885135587,22626178.440636385
30,49,2.237203860199327,2.727999716198444,2.8419907793994073,2.7388033502162825,2.217705239063034,1.0,1.0,1.0,0.6,0.9,0.7,134,2856.9985135146635,22632695.5563585
30,50,2.236996458943353,2.7492619236189144,2.889057679081053,2.7542492732780914,2.208010186325706,1.0,1.0,1.0,0.6,0.9,0.7,135,2851.9325224453187,22633354.333743468
30,51,2.236289519117923,2.722900862218191,2.8360186223009087,2.749577167995418,2.2275998149514704,1.0,1.0,1.0,0.6,0.9,0.7,136,2842.1173824786574,22639823.756258804
30,52,2.2319973160395463,2.7197908416724967,2.8545393498861102,2.754748197839892,2.3790958721480764,1.0,1.0,1.0,0.6,0.9,0.7,137,3679.9861101282286,22576623.117369663
30,53,2.2319973224592733,2.7309951903329663,2.8787443778706105,2.76665853455817,2.2000021581684686,1.0,1.0,1.0,0.6,0.9,0.7,139,3679.986343172094,22576623.10239788
30,54,2.2311019348873273,2.7251986290333265,2.871955106690703,2.7661169356209774,2.2200201956044037,1.0,1.0,1.0,0.6,0.9,0.7,141,3592.793176561124,22577178.400598407
30,55,2.2304094320737544,2.731831208169724,2.890805357034825,2.78519224793338,2.231696250023674,1.0,1.0,1.0,0.6,0.9,0.7,142,3567.299872434732,22580988.046088524
30,56,2.2299139581093677,2.728522526534804,2.8869299541699585,2.8044867054909313,2.2115394167897353,1.0,1.0,1.0,0.6,0.9,0.7,144,3591.7831601874977,22585316.59087813
30,57,2.2296129860521248,2.7264940292683173,2.8845542013758063,2.7999017016215957,2.2070860816193703,1.0,1.0,1.0,0.6,0.9,0.7,146,3554.5376809871,22579153.66770836
30,58,2.23700025896163,2.794142575234125,2.985951346378025,2.832405041191902,2.220001577532046,1.0,1.0,1.0,0.6,0.9,0.7,155,3295.9801799802563,22513142.788513582
30,59,2.2410887167568108,2.838090784869445,3.0595893813095376,2.860175154607793,2.363162550853194,1.0,1.0,1.0,0.6,0.9,0.7,156,3385.591684094538,22515243.94017553
30,60,2.241838169850319,2.8418302977822023,3.063969369999991,2.8719947556566296,2.2281063769111595,1.0,1.0,1.0,0.6,0.9,0.7,159,3411.8289768963778,22521246.68179342
30,61,2.2329269093825816,2.792778276187639,3.0065167948340905,2.8713275742791087,2.2159038780205185,1.0,1.0,1.0,0.6,0.9,0.7,160,3603.216097585224,22517281.304636776
30,62,2.2420804832512102,2.8542358450768335,3.089581201638664,2.8797614767335338,2.2112483006955923,1.0,1.0,1.0,0.6,0.9,0.7,161,3357.2526146280434,22526569.387736384
30,63,2.246143028364875,2.873387150200691,3.112012174100876,2.8853444174128198,2.214123289447455,1.0,1.0,1.0,0.6,0.9,0.7,162,3472.027060656333,22491770.20375655
30,64,2.2456945472876044,2.8601491753299513,3.0854254222805935,2.884075936059917,2.226474900173062,1.0,1.0,1.0,0.6,0.9,0.7,163,3453.436470500617,22491483.228577934
30,65,2.2499244139880252,2.8898558467608373,3.1313011975809797,2.898334457984922,2.22444565784107,1.0,1.0,1.0,0.6,0.9,0.7,165,3443.423732965229,22598605.550512068
30,66,2.2375989379041465,2.831009252187174,3.0623768735127346,2.90161913806611,2.2005911252522976,1.0,1.0,1.0,0.6,0.9,0.7,166,3691.200503313419,22512373.593414985
30,67,2.239188207991968,2.8395203924667785,3.072345494704736,2.9051834823738796,2.2218149967248886,1.0,1.0,1.0,0.6,0.9,0.7,167,3800.45270338436,22508759.932300515
30,68,2.235597116865824,2.8085993581126854,3.025047364795604,2.898337988041452,2.259882928041934,1.0,1.0,1.0,0.6,0.9,0.7,168,3297.9705487119872,22499948.41639722
30,69,2.238194587768115,2.8342353578271737,3.0661555586263765,2.92382630462237,2.2049664851170414,1.0,1.0,1.0,0.6,0.9,0.7,171,3601.0321404549845,22530469.04949734
30,70,2.233762604646226,2.8202270156001097,3.0608298488040395,2.9150024731734945,2.4055967306442048,1.0,1.0,1.0,0.6,0.9,0.7,172,3578.111770517239,22504831.22175783
30,71,2.2332024421879764,2.8280231811162544,3.081042874572299,2.9350299951507752,2.2907228869364724,1.0,1.0,1.0,0.6,0.9,0.7,173,3554.6018960946008,22508811.42026361
30,72,2.2327040780715564,2.81375035635474,3.0532440669171352,2.933653193143167,2.2226294742744965,1.0,1.0,1.0,0.6,0.9,0.7,174,3546.4245551022177,22507503.575310804
30,73,2.228387940985412,2.785253944692035,3.019867453374367,2.9425851682980015,2.2072139927111643,1.0,1.0,1.0,0.6,0.9,0.7,176,3506.531667083816,22492919.75915894
30,74,2.232690112908349,2.836072374525733,3.1015521558675454,2.950239323114759,2.216858209473325,1.0,1.0,1.0,0.6,0.9,0.7,177,3557.7826970489623,22508723.463919204
30,75,2.2316650445655,2.8072142013614787,3.0455885353901007,2.947092162364606,2.2562579745889004,1.0,1.0,1.0,0.6,0.9,0.7,178,3530.4175676146942,22509015.802989285
30,76,2.2305271412015752,2.8110347515860186,3.0611450673093863,2.977284978325299,2.2025843718070925,1.0,1.0,1.0,0.6,0.9,0.7,182,3596.192318297848,22510493.976985488
