Run,Equation_Index,Hybrid_MSE_Train,Hybrid_AIC_Train,Hybrid_BIC_Train,Hybrid_MDL_Train,Hybrid_PSM_Train,Extrapolation_Divergence,Sensitivity_Interpolation,Sensitivity_Extrapolation,Lambda1,Lambda2,Lambda3,Complexity,MSE_Test_Interpolation,MSE_Test_Extrapolation
1,0,0.6431445611099564,0.9015169278652524,0.8356772624440771,0.0037126713552783843,0.0,0.0,0.0,0.0,0.9,0.7,0.5,1,6328.096169968375,6994.644494371916
1,1,0.6941102213670028,0.9606176879553919,0.894027964094609,0.07018669666937252,0.0787741701342295,0.07039654402387599,7.806692045648e-05,0.00013697358343827,0.9,0.7,0.5,3,5988.334115031348,7123.986898293119
1,2,0.7142917891545155,0.9935084280215777,0.9257007651250122,0.11185700489588885,0.15319104003024223,0.09060127439829212,0.0091878115898059,0.0310215930538905,0.9,0.7,0.5,4,5541.561691482352,7255.523004847028
1,3,0.591272468999453,0.9723194960392698,0.9062209334082539,0.1419074928342049,0.5974820332209246,0.08608014532280392,0.037754940592171035,0.06624354432282525,0.9,0.7,0.5,5,3183.3390862262377,5428.108192069795
1,4,0.5603030338096603,0.9908540889969953,0.9138603222114611,0.2228418291833462,0.4413444704143381,0.08715372352446393,0.07156351571980772,0.18128746361430143,0.9,0.7,0.5,7,2916.637912065059,4295.217858363379
1,5,0.5651951873694357,1.006590894267565,0.9255642247061628,0.26509201390747894,0.34075064203007377,0.08522860632137344,0.09713264237214611,0.22752654699670752,0.9,0.7,0.5,9,3479.8286901760102,5252.9572115475
1,6,0.5586363617569413,1.0028179260145276,0.9204574204927276,0.27390495587395963,0.28962119622385113,0.08686426714277859,0.0968575963716137,0.23299842961378703,0.9,0.7,0.5,11,1969.510719611833,14168.621696157705
1,7,0.6933530700585141,1.1630504546579155,1.1049593748090347,0.4475525085610985,0.44572674853258243,0.06961382854085116,0.23883351986287438,0.36115469805302175,0.9,0.7,0.5,13,6025.922933094537,2837.234247564664
1,8,0.7261393412910984,1.203161524336258,1.1352353525830805,0.546707483441905,0.708540582713165,0.08778278626872223,0.27264209499051156,0.4761986173444971,0.9,0.7,0.5,15,6104.772428213506,2931.9946852391963
1,9,0.6877819190993656,1.162761930187407,1.0899532234721225,0.5392614657174379,0.5955885829407446,0.09448723930713147,0.26337116270245664,0.4533308964731929,0.9,0.7,0.5,17,4136.610689480518,2444.241596441336
1,10,0.6865513024880349,1.161353775020736,1.0883141081577432,0.5463199447799114,0.5007149220960105,0.09429890356130172,0.26343557522825506,0.4534608954469112,0.9,0.7,0.5,19,4022.337182298674,2484.484196781635
1,11,0.6870195391226411,1.1617645881024468,1.0886522676168848,0.5556853518347316,0.49979874916072176,0.09464086037260197,0.26402235638299854,0.45369349110560425,0.9,0.7,0.5,20,4098.875606357978,2602.981852046018
1,12,0.6546910274287755,1.1371230507508283,1.0734759307798305,0.5374383697848805,0.6265838642013335,0.06694121964413095,0.2873928818921837,0.4404299922096942,0.9,0.7,0.5,21,8243.15895072625,2891.007060490753
1,13,0.6652176785211379,1.1429410806638656,1.076049548412505,0.5662800061505697,0.572209253300604,0.06452042684996505,0.3032352200695383,0.47213308106612695,0.9,0.7,0.5,23,5804.317986028517,2561.1076596304165
1,14,0.6704388281048131,1.153281353800628,1.0959878578979807,0.5911260822021366,0.5948692749184651,0.06725936895691631,0.31844474219427477,0.48391714039247463,0.9,0.7,0.5,25,8550.443150440198,2987.713378159697
1,15,0.5806397118307589,1.064108060465224,1.0068804759483323,0.5064118344615113,0.43837650531673533,0.060032704332071564,0.26990157682873117,0.3857679303426527,0.9,0.7,0.5,26,8506.460303215252,2599.891414294479
1,16,0.6339832283840963,1.1202992941747991,1.0724131598715216,0.5786014472393158,0.574079835206363,0.06737390496356062,0.30183062177700204,0.4605595263351671,0.9,0.7,0.5,28,7899.006476560658,3458.1028734563743
1,17,0.5853450693892596,1.057082237250212,0.9947771807671756,0.5371993814479165,0.5163302753696015,0.06046706269023414,0.2734049812220929,0.42532778530865817,0.9,0.7,0.5,29,7307.2914297927155,3450.47873264765
1,18,0.625447253732089,1.1065627047364317,1.0565209439746426,0.5860024072411462,0.5310970006874376,0.06317868308554267,0.30292491595919196,0.464279616863368,0.9,0.7,0.5,30,7444.055630945647,2903.1022254951195
1,19,0.6179810679522784,1.0937156861531026,1.041601517040411,0.5922528309329127,0.5425619092454947,0.059957544601741644,0.30439906100111386,0.4665226277653679,0.9,0.7,0.5,32,7690.131884198636,2902.542296279419
1,20,0.6400249355121574,1.103229358375544,1.03762294637828,0.6188135225858116,0.5439873413043557,0.06146520355142734,0.3079024653944759,0.5060824827313732,0.9,0.7,0.5,33,6782.236656136689,3256.3461289250727
1,21,1.1758806435604328,1.6451660854372074,1.5907292980810264,1.1606475774048586,1.1399403932818424,0.22240865263609472,0.5216388325064656,1.0,0.9,0.7,0.5,34,10116.158741711388,9425.6006087327
1,22,1.0805563725773468,1.5564712735763657,1.5134367967557916,1.0775480532616828,1.0081087483652595,0.1963333460057572,0.425783951770111,1.0,0.9,0.7,0.5,36,8498.607852504074,6007.443138355504
1,23,1.940927062654769,2.3908888089194367,2.320719289649981,1.950045111024844,1.8605516388820562,1.0,0.6259944782907843,1.0,0.9,0.7,0.5,38,8595.839919872722,3256.0590994238555
1,24,0.9173586766265089,1.4065984949274002,1.3962802151100586,0.9628700230866455,0.857976982652686,0.08233903764238659,0.6439025311091745,0.6062551446450517,0.9,0.7,0.5,45,9570.20142699098,3727.4786944710913
1,25,0.9195490011073033,1.40767704616103,1.3970346207242186,0.9723807767556218,0.8375470133384881,0.08248298454782312,0.646395552951412,0.6084484145454109,0.9,0.7,0.5,47,9561.31839213575,3748.201384023275
1,26,0.9197121945893723,1.4074306519360764,1.3966693632746454,0.9850107761197924,0.8338064574825541,0.082925847906852,0.6464378603936549,0.6084874757475894,0.9,0.7,0.5,49,9705.557712532089,3583.84311730946
1,27,0.9188754045873198,1.4151755640760568,1.4166591394241237,0.9945226237172695,0.8477456547400213,0.08360309937819582,0.6467277158083763,0.60876792929279,0.9,0.7,0.5,51,9633.119897299764,3832.613140724848
1,28,1.3475616061909859,1.7927249536622942,1.7503872828246057,1.455269291348221,1.3044019202345822,0.07960217787318763,1.0,1.0,0.9,0.7,0.5,57,11337.079588677689,2807.411987883761
1,29,1.3391091094021244,1.7646130255348036,1.7172361197573598,1.4770408003521487,1.3140573518214318,0.08106124930614911,1.0,1.0,0.9,0.7,0.5,62,10611.275908947067,3156.212082844278
1,30,1.3088497943329687,1.7318979081237642,1.6839083321596746,1.4753445929443099,1.247452870329817,0.04868662016451417,1.0,1.0,0.9,0.7,0.5,69,15390.119064109016,5234.998447289922
1,31,1.308068944483558,1.7404849567713687,1.705047591154721,1.4848621403612583,1.2527933258728003,0.04868662016451417,1.0,1.0,0.9,0.7,0.5,71,15325.56946086114,5317.958188428599
1,32,1.3039958136573626,1.7276110741874882,1.6900403517406961,1.4839349921047562,1.330307661405879,0.048223615806930534,1.0,1.0,0.9,0.7,0.5,72,14354.33883738282,5603.154041790418
1,33,1.3004950447097272,1.7295847087964282,1.7036485770523568,1.491125601882966,1.2980161849515,0.04682894195388049,1.0,1.0,0.9,0.7,0.5,73,14033.516645459458,5768.7992379947145
1,34,1.3010633744353217,1.7019120835715773,1.648606787901402,1.4775352831238433,1.3004751734268982,0.04985681517443951,1.0,1.0,0.9,0.7,0.5,74,14199.007979697251,5958.761703516523
1,35,1.299351938499976,1.6881019031240596,1.632009061063849,1.4947762611021953,1.3041830697543983,0.05259758585790013,1.0,1.0,0.9,0.7,0.5,76,13608.983603749535,10557.362024724212
1,36,1.2998981623963655,1.69393576444099,1.6495045921399973,1.5070151743121651,1.277083752241012,0.05531690885933398,1.0,1.0,0.9,0.7,0.5,78,15295.48919162837,10769.357200950337
1,37,1.298294347635094,1.6900368862997044,1.6450903242097628,1.5158629333432332,1.2594064471998379,0.05432870342182962,1.0,1.0,0.9,0.7,0.5,80,14951.993003528318,10700.82117029474
1,38,1.2985680660639054,1.6915231297841467,1.657350651132846,1.5280285983986606,1.2980599872194873,0.05797600404662551,1.0,1.0,0.9,0.7,0.5,82,16003.337898775764,10502.06654939472
1,39,1.2950416003308356,1.6825354208824113,1.6471719233193898,1.539612044664757,1.2620474155007895,0.05571669957406722,1.0,1.0,0.9,0.7,0.5,86,15231.715914005686,10844.247982604322
1,40,1.3043607380395956,1.7251094930939481,1.7286695435393071,1.6638841715932722,1.2597010343776731,0.0661805909372731,1.0,1.0,0.9,0.7,0.5,109,8794.23912938791,6105.388259922191
1,41,1.2974749242695747,1.709113553340506,1.7213056710172556,1.6635471259388874,1.3470137026909792,0.06430040164345995,1.0,1.0,0.9,0.7,0.5,111,7629.1723900761235,4026.613259309728
1,42,1.2931405147892276,1.6843613935658492,1.6922806404340243,1.6761035980512258,1.3451364987582848,0.06452051292783784,1.0,1.0,0.9,0.7,0.5,113,8002.092321554922,5975.318973310629
1,43,1.289539816440839,1.6644683889202427,1.669047679071516,1.6777179442500052,1.3257822937111148,0.06408639203656533,1.0,1.0,0.9,0.7,0.5,115,7821.334746314828,5828.936375085071
1,44,1.2958831927743135,1.6674643179481858,1.671363909933486,1.702783230627125,1.278543145936912,0.07182533387814435,1.0,1.0,0.9,0.7,0.5,117,7785.010282005525,5780.627814053751
1,45,1.2879728273684883,1.6481569342635183,1.6390172993055971,1.6874972613604642,1.2582712861864649,0.0630730899135597,1.0,1.0,0.9,0.7,0.5,118,7717.383181209467,6380.580817986641
1,46,1.2952504889616225,1.6752621676828854,1.6916013813206034,1.7098471205391612,1.2857997736639073,0.07167941566676861,1.0,1.0,0.9,0.7,0.5,119,7759.938739131021,5795.820228316348
1,47,1.293484730311138,1.6691435062837074,1.684604907753509,1.7121041368814218,1.2814217478283139,0.07057650009246734,1.0,1.0,0.9,0.7,0.5,121,7632.205486952586,5949.759447132623
1,48,1.2872583927948442,1.62517907659283,1.6115749245654782,1.699014346344026,1.3223676313445178,0.06650794194549045,1.0,1.0,0.9,0.7,0.5,123,7984.945537069683,4988.933585259872
1,49,1.2849303710958015,1.6114068362136302,1.606345234715749,1.709005334861462,1.4427097917052607,0.06767943010790248,1.0,1.0,0.9,0.7,0.5,124,7757.031193723972,4877.755047992804
1,50,1.2846650750647997,1.6042621161211477,1.5978611962836693,1.7274189401834574,1.275236415462246,0.06843061272326284,1.0,1.0,0.9,0.7,0.5,128,7674.260760413978,4803.362045408829
1,51,1.2841877959778913,1.6006632140122676,1.5936564402371236,1.734417227320045,1.2738897367349353,0.06836212322771083,1.0,1.0,0.9,0.7,0.5,130,7676.614758570559,4894.02812137863
1,52,1.2825227100256358,1.5803730629194814,1.5589308265103876,1.73239566882147,1.3193602787877499,0.06757676996377623,1.0,1.0,0.9,0.7,0.5,131,7554.579755984851,5012.347098535693
1,53,1.279451951519255,1.5781763024118456,1.567748260738142,1.7411462251570486,1.3400049175225572,0.06557378478572251,1.0,1.0,0.9,0.7,0.5,132,7246.870320325116,4989.657187308454
1,54,1.280139230345029,1.5961672952859545,1.6107629241492876,1.7956398315461874,1.2653125393306726,0.06700763818009595,1.0,1.0,0.9,0.7,0.5,140,7171.091917643597,5046.858925735816
1,55,1.279362219499732,1.564359269214337,1.5730746728423721,1.8025450763340345,1.3826243560130904,0.06981466081407822,1.0,1.0,0.9,0.7,0.5,142,7368.542247943496,5114.297166473772
1,56,1.273674833920515,1.5564487661047028,1.5647464504005046,1.804397988684645,1.265881821052539,0.06373557476289321,1.0,1.0,0.9,0.7,0.5,144,7183.940876443232,5121.394111190539
1,57,1.2696800025353236,1.5367126540232148,1.5311586411734988,1.7997665667964677,1.288518518061275,0.059778380357397506,1.0,1.0,0.9,0.7,0.5,145,7074.605981784121,5348.290620038972
1,58,1.272065035190142,1.5569673697530408,1.5765647432535788,1.8373850991216734,1.2739361864823204,0.0628984920850703,1.0,1.0,0.9,0.7,0.5,147,7091.73830598036,4486.718238857771
1,59,1.2734333370522217,1.5404333640345593,1.5457793904108272,1.815359780106414,1.30960943886485,0.06509234962337605,1.0,1.0,0.9,0.7,0.5,148,7247.753862140467,4587.507250188146
1,60,1.2709937798293391,1.5378586338637548,1.5431794622267425,1.8317914712629169,1.2572019686977745,0.06239528460180134,1.0,1.0,0.9,0.7,0.5,149,7046.621428978373,4463.946306758511
1,61,1.2709937798500612,1.5490629825144515,1.5673842277381018,1.8552531047162812,1.2561564999245454,0.06239528459094292,1.0,1.0,0.9,0.7,0.5,151,7046.6214272483685,4463.946310591512
1,62,1.270990440002925,1.5365190123859342,1.5415906800160484,1.8552307853224355,1.2613351650091205,0.06252262354588475,1.0,1.0,0.9,0.7,0.5,153,7013.100858046007,4577.646807804758
1,63,1.2790505019154197,1.5667959098168671,1.5978329370160886,1.8601129227557114,1.2646378629255024,0.07149701034810027,1.0,1.0,0.9,0.7,0.5,158,7273.6438554753795,5096.966572995997
1,64,1.2715308444391382,1.590970471944396,1.6606515148014287,1.9114853614160199,1.260650966264535,0.0633292284215678,1.0,1.0,0.9,0.7,0.5,162,7100.963396002274,4761.276312501997
1,65,1.2699888421159518,1.5461951782930738,1.5860137525429603,1.8973680480787798,1.4148943280946535,0.06353044549611919,1.0,1.0,0.9,0.7,0.5,163,7590.362047498338,5064.942779711408
1,66,1.2788356433055585,1.5482564664108154,1.5868241362798279,1.9098981949150433,1.3172787757595181,0.07393627437993688,1.0,1.0,0.9,0.7,0.5,164,7203.502157687723,12532.060298691727
1,67,1.2621813838090379,1.5284557211224339,1.5773854583892963,1.9051701427717178,1.359658974678103,0.056604684733787644,1.0,1.0,0.9,0.7,0.5,165,7494.16673011415,5050.91683520646
1,68,1.2609551315357126,1.470377755571856,1.498001820048282,1.9016011630445997,1.4213746711453552,0.05840662177725566,1.0,1.0,0.9,0.7,0.5,167,7345.127736500493,5182.024878802625
1,69,1.260923421003702,1.480978598513767,1.52149977171854,1.9216244333253427,1.2546642116087126,0.05840662177725566,1.0,1.0,0.9,0.7,0.5,169,7353.495522995616,5132.485865631728
1,70,1.2617499215873509,1.478461196103398,1.5183781496187465,1.8293156370020598,1.2617900623735525,0.059529730686696036,1.0,1.0,0.9,0.7,0.5,172,7264.301896217085,5222.239452338032
1,71,1.2633057664144347,1.454252805388932,1.5005228653179623,1.9559703190443885,1.2908673171905205,0.06331077092664164,1.0,1.0,0.9,0.7,0.5,180,7199.769859332659,4715.554768224953
1,72,1.263970987451856,1.4455668719169383,1.4901643444386103,1.9677060104169737,1.2717048487622966,0.0645127687429058,1.0,1.0,0.9,0.7,0.5,185,7331.818470948148,5279.939057356641
1,73,1.2650373860761754,1.4678332553495859,1.5382156647652432,2.0058755625570184,1.262127573019927,0.0657561735794989,1.0,1.0,0.9,0.7,0.5,188,7319.36226005884,4791.621246208718
1,74,1.2650005301873595,1.4781437145909384,1.561373463910164,2.026408190791682,1.2653943065740454,0.06575617357949884,1.0,1.0,0.9,0.7,0.5,189,7322.175100045131,4779.686534309889
1,75,1.2633074681706324,1.4524288255386242,1.5093695452106877,1.9950916582675031,1.2614720216943214,0.06395193725961305,1.0,1.0,0.9,0.7,0.5,192,7393.492532911425,5193.092420886734
1,76,1.262426038260958,1.5063172801415425,1.6280371218654772,2.0600142480012478,1.2582472356809324,0.0630318728275549,1.0,1.0,0.9,0.7,0.5,198,7226.576534675088,4578.492355489445
2,0,0.6561914119546178,0.9059938119293248,0.8409208212321314,0.004125318391028411,0.0,0.0,0.0,0.0,0.9,0.7,0.5,1,5838.701153768161,7738.23237532027
2,1,0.7225639932505985,0.9819840350837884,0.9160490322879413,0.08808147283703129,0.09860076375515797,0.08987579566720164,7.440955467995e-05,0.00016658966063781,0.9,0.7,0.5,3,5679.354008972681,7642.945016623757
2,2,0.786500814741174,1.060206277626881,0.9929337580684364,0.1757146255684095,0.22161185736504238,0.10800611807934957,0.022430491372228557,0.10829834911869689,0.9,0.7,0.5,4,5822.3512821982295,7059.985935587387
2,3,0.6055109796803684,0.9987793251213575,0.9305602117287046,0.1796100752431508,0.7446542717130891,0.11081320709110401,0.04184456055100686,0.09368247359772808,0.9,0.7,0.5,5,3265.6686866489363,5723.367621327269
2,4,0.5251042390046984,0.9640438759480601,0.8840560343704003,0.21191275186856773,0.449854549868094,0.09269950465145495,0.06982152941436194,0.15508742208952878,0.9,0.7,0.5,7,3422.9398909841925,4470.444789811565
2,5,0.543409436426501,0.9844420847595268,0.9035705465433743,0.23699644863288716,0.27144049096014633,0.092769407207143,0.0839029857381175,0.1863651207998679,0.9,0.7,0.5,8,3308.572999901912,4317.147880922094
2,6,0.5151012966132701,0.9627018351377827,0.8785162009547366,0.2379693479992889,0.36901281642046324,0.0798262452495069,0.09860879068103881,0.18429787981164142,0.9,0.7,0.5,9,3711.3224161299695,5367.1042281542495
2,7,0.502745756247051,0.9559015358440904,0.8666963685049945,0.2632816623020353,0.35744136248125696,0.08140792003490817,0.1124634629000862,0.20707310786791014,0.9,0.7,0.5,11,2222.7458937491347,3841.525569583164
2,8,0.4861072099984861,0.9517008399900124,0.8729499419766571,0.27877959432977434,0.3069516105252501,0.08356045644473827,0.12136579184594738,0.18966349269446764,0.9,0.7,0.5,13,3977.2989680676897,5390.264802338143
2,9,0.4819438684783868,0.9699919484925527,0.917082749427914,0.27487492770785993,0.2583302608219934,0.08325758661285053,0.11780200074390837,0.18882322717309408,0.9,0.7,0.5,14,3951.22130659503,5383.738381026376
2,10,0.47337671202549303,0.9389537772272852,0.8566441851473172,0.29149835239478983,0.4015602524738644,0.07944906618529561,0.12378457229537196,0.2097423826980624,0.9,0.7,0.5,15,2412.391741205386,3719.8436869287216
2,11,0.4413288956956214,0.9178263295073312,0.8476338477085515,0.27067011354857556,0.253901661637688,0.08368912747922702,0.10659891401518524,0.17182432644544615,0.9,0.7,0.5,17,2404.84210360047,3605.822586671703
2,12,0.4753943624284444,0.940148548605818,0.8558359230866929,0.3112436986427917,0.29871587129862387,0.08199535994495186,0.13903499668220604,0.2095917990031894,0.9,0.7,0.5,19,2507.9352284913634,3524.590880666465
2,13,0.47223062658442444,0.9365002152362475,0.8513882102934015,0.31711863550164954,0.2932343105713297,0.08261733854372025,0.13930369721726027,0.21013406772367701,0.9,0.7,0.5,21,2471.6344169475096,3488.071957367991
2,14,0.5295664696811786,0.9928760790630529,0.9064610239012398,0.38488599199339735,0.3941783456119703,0.08237214244063953,0.15002077831720353,0.32354115295898656,0.9,0.7,0.5,22,2476.5015324475303,3379.5327743978405
2,15,1.083305142430507,1.5569254308493665,1.4819256078549605,0.9590528812574554,0.9726895894245562,0.1320589724752152,0.4059552787674793,1.0,0.9,0.7,0.5,23,3163.516237224464,2497.270088632175
2,16,0.7181196995816117,1.184569836239209,1.104633606697786,0.6175371430209682,0.7557646375261906,0.08826810372169766,0.2133817098728353,0.6613640152590818,0.9,0.7,0.5,24,2841.904738382148,2637.568694535067
2,17,0.6332757542099137,1.1099031935862533,1.042241240192869,0.5528128114423371,0.48569680348235417,0.07088899543081147,0.2330757333005863,0.5018143581274265,0.9,0.7,0.5,28,2713.028640665136,2485.992274421532
2,18,1.4231489843700924,1.8986892731246128,1.8305036329234423,1.3484559748470137,1.2745870855384402,0.07744859021080816,1.0,1.0,0.9,0.7,0.5,32,4030.9493324238647,33556.47141927933
2,19,1.420736674891054,1.8950212431270477,1.8261334678027774,1.3565275441057287,1.2844555898748218,0.07792902309167173,1.0,1.0,0.9,0.7,0.5,34,3973.5001121817086,33517.26489323686
2,20,1.3970908273727176,1.8597930341490587,1.777698833034722,1.3322757440895832,1.2557149857248442,0.08619253934124506,0.9567736305862423,1.0,0.9,0.7,0.5,35,4223.553397680983,34281.40490846838
2,21,1.396546900976174,1.8708843980836019,1.809643835304807,1.347531149982946,1.4765700965173072,0.07339309762582356,1.0,1.0,0.9,0.7,0.5,36,4675.282416450754,34915.3529570833
2,22,0.630641194395867,1.1265151893890235,1.0909283757686814,0.6016086542456234,0.5148777831645449,0.06746812598937284,0.43585113293807654,0.27097488726382823,0.9,0.7,0.5,37,2685.5275428844543,73938.55654988304
2,23,1.391677108083023,1.8618883763189678,1.7989458898244572,1.362447795777723,1.3228491118064514,0.07443937401030509,1.0,1.0,0.9,0.7,0.5,38,4577.232328521272,35064.89364758703
2,24,0.604728970554884,1.0864156452100269,1.0546376919403444,0.6087324552186697,0.8226788557506317,0.05691542163697971,0.4194149162655371,0.3177163372115793,0.9,0.7,0.5,39,2594.7879216299057,72572.1165400867
2,25,0.6074790656324802,1.0905738122763133,1.068755346222798,0.6447169590891169,0.5557233672468983,0.06410946614361326,0.41797892734947534,0.3281995948006084,0.9,0.7,0.5,42,2488.113016332871,71590.6655486162
2,26,0.6102053680834754,1.1008953837458024,1.0910027819859802,0.6649781264306373,0.5416883998477326,0.06410379348965356,0.42565930150390996,0.328241227029731,0.9,0.7,0.5,44,2487.602592966964,71614.78090974892
2,27,0.6107186163726884,1.0997188019285,1.089330500131076,0.6753202818697774,0.5316014519252356,0.0658660730664199,0.4257355377134543,0.32839843927713475,0.9,0.7,0.5,46,2480.6247901608804,71594.91460552523
2,28,1.3407549372243224,1.8067377994929346,1.770170120524263,1.3811475371599293,1.2556269895299406,0.05773641577870061,1.0,1.0,0.9,0.7,0.5,48,2849.525556613854,73658.33500605848
2,29,1.3505387562731164,1.8073287718388105,1.7780980944905822,1.406186669663596,1.390088235531485,0.08268866846146775,1.0,1.0,0.9,0.7,0.5,50,9096.307823044408,73754.23964648621
2,30,1.351428026851328,1.7893873593081393,1.7451644413954506,1.4132242901490872,1.3601280954159618,0.0881255107827065,1.0,1.0,0.9,0.7,0.5,51,8874.280145222074,69589.23079450181
2,31,1.3315778537082683,1.7718456604608264,1.7383581591682624,1.4152249346768393,1.3099787682386643,0.07088121166298945,1.0,1.0,0.9,0.7,0.5,53,3344.211042149912,68579.50942928165
2,32,1.3307876358998505,1.7821997980016289,1.7616976779501097,1.436102775465708,1.2631853747985473,0.07003436249479085,1.0,1.0,0.9,0.7,0.5,57,3292.935022500229,68550.63127579037
2,33,1.3278158619752425,1.7788031222515075,1.7684314762321693,1.4341352621661203,1.2944536069194292,0.07243324711309519,1.0,1.0,0.9,0.7,0.5,61,3394.26992006475,66401.96876135639
2,34,1.3316467868282207,1.7927808038886286,1.7951492560271878,1.469807591021389,1.2722364916563431,0.07720424027281844,1.0,1.0,0.9,0.7,0.5,65,3701.081801660081,73355.38597299662
2,35,1.330763391269399,1.8009000927489218,1.8157406226266448,1.4894253069544303,1.2907024326587606,0.07720424014589602,1.0,1.0,0.9,0.7,0.5,66,3701.42957399811,73129.19939039978
2,36,1.3309247266935214,1.7892886279451927,1.790992262240996,1.4862710426158827,1.2754103343071037,0.07763748650227417,1.0,1.0,0.9,0.7,0.5,67,3506.7603616884016,73137.97690208197
2,37,1.329744010146932,1.787070265929899,1.788524598046803,1.4957821068026473,1.279287417043465,0.07678996675843446,1.0,1.0,0.9,0.7,0.5,68,3674.472907995848,73140.01507713055
2,38,1.3270473691495426,1.792432348341702,1.8061335928400797,1.4931643310586482,1.2986196021543681,0.07518777296758442,1.0,1.0,0.9,0.7,0.5,69,3554.980852301948,73064.86697364012
2,39,1.3273064308769795,1.7796643142045108,1.7799345887407338,1.5124292272500595,1.274388174474129,0.07624333949170745,1.0,1.0,0.9,0.7,0.5,72,4112.44290661466,74179.25608750251
2,40,1.6581120049752611,2.0923529172312856,2.098813648117124,1.8859354251866953,1.7538942668772977,0.45540941550988867,1.0,1.0,0.9,0.7,0.5,74,5212.475070874376,75893.58212431768
2,41,1.3226070011181177,1.751987151937584,1.7574432348552258,1.5616270264170318,1.2804931555897903,0.08374335955588665,1.0,1.0,0.9,0.7,0.5,80,2439.830679658377,75489.43024457147
2,42,1.3101928619923862,1.7273972447160246,1.7620582723291998,1.5849222201753457,1.6738000369818318,0.08263337249093297,1.0,1.0,0.9,0.7,0.5,81,6681637.407857104,74893.45208641599
2,43,1.3155021461993939,1.7192627428508611,1.7404568688567863,1.5950980418724219,1.299579996825667,0.08907020024615815,1.0,1.0,0.9,0.7,0.5,82,950661.1128519996,75152.64498545209
2,44,1.3082472976610058,1.7198520318433643,1.7533541896747975,1.5946841198920723,1.3014565800973217,0.08176978402385375,1.0,1.0,0.9,0.7,0.5,83,6680877.475840451,74746.83405837962
2,45,1.3108120740360805,1.706907051584756,1.7265194527873826,1.5955561765968467,1.3138802027845833,0.08560391106275891,1.0,1.0,0.9,0.7,0.5,84,2681.695823903238,75105.95861204722
2,46,1.30305154531047,1.698241030590322,1.7176701463487558,1.597406696854092,1.2763744658013936,0.07716415396103565,1.0,1.0,0.9,0.7,0.5,85,9676251.350520618,75125.36271415232
2,47,1.3101651545021895,1.6803024761866163,1.6839096539226563,1.610726918638809,1.3943302828420525,0.08798709346042459,1.0,1.0,0.9,0.7,0.5,86,950056.7976171154,74666.09980230831
2,48,1.3090235277415523,1.6762175552764738,1.6792295868239304,1.6171267935787792,1.2907679794215485,0.08730962727482103,1.0,1.0,0.9,0.7,0.5,88,949804.4181689952,74526.30189070952
2,49,1.3012388816782547,1.6828638998961338,1.710273538818929,1.6227616173756734,1.304833982209117,0.08019910969262015,1.0,1.0,0.9,0.7,0.5,90,2699.4078550967006,74879.80795714425
2,50,1.304254584008018,1.640452407835435,1.6265065464574424,1.6071379419079774,1.296299593735439,0.08569534343359007,1.0,1.0,0.9,0.7,0.5,95,2513.367836625521,75113.4723738186
2,51,1.312895176885821,1.683665909170029,1.7196984142277234,1.6692994936979817,1.3286782494010945,0.09704409568884134,1.0,1.0,0.9,0.7,0.5,97,5609.320492903253,77463.21046028374
2,52,1.3004392868702093,1.6200087885864523,1.6027866920593117,1.618349235378732,1.3012840956740077,0.08423569374000756,1.0,1.0,0.9,0.7,0.5,99,2614.774086191652,74712.69217940285
2,53,1.3000929716691692,1.619126769769321,1.6126164743317992,1.6327189486049636,1.3081985627416377,0.08565620848377595,1.0,1.0,0.9,0.7,0.5,102,2382.768261466481,74874.91915818918
2,54,1.2979841086213324,1.6102705727770692,1.6024530786111617,1.6416925029305385,1.302526042653943,0.08429698309130476,1.0,1.0,0.9,0.7,0.5,104,2398.275584458532,74528.18212124801
2,55,1.2979287814500866,1.6090418287371022,1.6009975090825304,1.6453035087990813,1.2852409047963924,0.08440333887997012,1.0,1.0,0.9,0.7,0.5,105,2438.267900826192,80794.21457298148
2,56,1.2979937841491622,1.6050989120240355,1.596281487819486,1.6527210965390176,1.3080317750409782,0.08503804740867524,1.0,1.0,0.9,0.7,0.5,106,2372.464547872782,74356.2972457294
2,57,1.2967103421016124,1.6113275956592203,1.6147997938151284,1.669787051015023,1.2854034233014606,0.08412140097994113,1.0,1.0,0.9,0.7,0.5,109,2968.076084815394,74585.50985456108
2,58,1.2799657987160433,1.6409697176175726,1.718463981500585,1.723705113097449,1.3424967299751525,0.0681909851643322,1.0,1.0,0.9,0.7,0.5,111,4843.193891814075,75563.95482756609
2,59,1.2797672113225342,1.635747435780333,1.7122891114887175,1.7347215879523668,1.281145935890542,0.06857072665789023,1.0,1.0,0.9,0.7,0.5,113,4865.931158309728,75239.47402128117
2,60,1.2795757132899228,1.634418629749461,1.7107449124347993,1.7421870129582926,1.2660342897833954,0.0684916277522367,1.0,1.0,0.9,0.7,0.5,115,4916.585579188118,75237.69238983572
2,61,1.2959316437514334,1.63282580960304,1.694876827437125,1.7356012504211127,1.3306804126639247,0.08744067090634529,1.0,1.0,0.9,0.7,0.5,116,5057.915012398112,75787.74298328624
2,62,1.291275290071499,1.598547688340099,1.633239250784899,1.708890087839651,1.330190864817904,0.08306603707212976,1.0,1.0,0.9,0.7,0.5,117,2964.970808526802,75260.6515654718
2,63,1.2949696503778112,1.6301701855257151,1.7027959406396338,1.745705732681103,1.3224968987893362,0.08777896017866735,1.0,1.0,0.9,0.7,0.5,118,4971.4795044300645,75466.68633406424
2,64,1.2893225571658486,1.5970592105175385,1.6427372415728954,1.7181526400558975,1.312454288124084,0.08202992560946495,1.0,1.0,0.9,0.7,0.5,119,2535.717940033686,74631.80297629799
2,65,1.2942281942949672,1.574256265554611,1.6038574825309002,1.7263533909183468,1.4056440936347108,0.0891014062169059,1.0,1.0,0.9,0.7,0.5,120,2960.972868992433,74789.27918339072
2,66,1.2884977506149147,1.5741434287039717,1.6157084123428245,1.7353099148144684,1.2890663559387243,0.08325327044099964,1.0,1.0,0.9,0.7,0.5,123,2921.0930000625776,75058.3916193453
2,67,1.287811316707923,1.5835139272224716,1.6378670478990216,1.8074525197160387,1.2751133815694744,0.08259401532381629,1.0,1.0,0.9,0.7,0.5,134,4808.860118395226,74418.82903341699
2,68,1.288519799884491,1.5802500889758886,1.6338677070928722,1.8119162795621093,1.3054015493651772,0.0837385858673733,1.0,1.0,0.9,0.7,0.5,135,4808.82696008037,74417.38900435601
2,69,1.2911015033134645,1.586105695013994,1.6512594568949794,1.8259720621893922,1.3381853343124808,0.08729643196644912,1.0,1.0,0.9,0.7,0.5,136,4859.9261495022565,74317.78085059187
2,70,1.2913926719085622,1.5967502052416827,1.674747765289917,1.83014708238966,1.2853255288515775,0.08769238962400001,1.0,1.0,0.9,0.7,0.5,137,4892.818809504688,74324.21658328906
2,71,1.28680816764739,1.5798900999492282,1.6446885939937785,1.8013118391051899,1.2830209499955476,0.08269520055642912,1.0,1.0,0.9,0.7,0.5,138,4899.507087976309,75262.6170854931
2,72,1.2858162173272834,1.5831591330317456,1.6596811807291936,1.803886347118883,1.3256767027917107,0.08216446683249924,1.0,1.0,0.9,0.7,0.5,139,4866.736872625312,75391.30036775631
2,73,1.2848044925700959,1.55513301248229,1.6157565030225074,1.8061688909617442,1.3920985027533719,0.08227631708942333,1.0,1.0,0.9,0.7,0.5,140,4424.52551157184,74681.05185426943
2,74,1.2850705988492674,1.574536171745565,1.6605627458767875,1.8262951697366736,1.2867216701862259,0.08281583154627345,1.0,1.0,0.9,0.7,0.5,142,4361.071410090803,74810.32237773904
2,75,1.2834499223785718,1.5630693144176808,1.6473002617067571,1.8319496948678715,1.3101719429623668,0.08172498982328011,1.0,1.0,0.9,0.7,0.5,144,4299.472567426103,74551.85827211376
2,76,1.286960476739295,1.6210560224106623,1.7809727979463532,1.9846757399841655,1.2883456711903811,0.08649403143453543,1.0,1.0,0.9,0.7,0.5,153,87668.50809929523,74483.38474204946
2,77,1.2862978265662333,1.6128916778943574,1.7714489138340597,1.9915635380588004,1.3053444312495124,0.08624337103123446,1.0,1.0,0.9,0.7,0.5,155,87553.6134098535,74257.50187585162
2,78,1.2792086214425271,1.5924520737512302,1.7376201817271837,1.9660237037205257,1.2866578506185267,0.07850351678331675,1.0,1.0,0.9,0.7,0.5,156,5713.832377413076,86091.90680029233
2,79,1.2833774380520873,1.5952195869008439,1.7511112251744605,1.973567727341913,1.3218640113731572,0.0839021328889337,1.0,1.0,0.9,0.7,0.5,158,5507.253432457396,78137.2680493107
2,80,1.2787070187256138,1.5300168046386184,1.6420671409808303,1.9676132816285254,1.3708777522202211,0.08020124987193272,1.0,1.0,0.9,0.7,0.5,160,4301.421858717869,85719.85042942077
2,81,1.2789642373021233,1.5385065917260672,1.6630252509930765,1.9838886566874265,1.2834272662509894,0.08063950896517318,1.0,1.0,0.9,0.7,0.5,162,4313.521618375065,78157.9831265019
2,82,1.2780312421318238,1.5452154947284105,1.6820968320698242,2.0030170112353822,1.2783059824032166,0.07978286713502376,1.0,1.0,0.9,0.7,0.5,166,4386.398301477983,78026.41992714076
2,83,1.2821611066072602,1.6143214905460055,1.8398018255769943,2.0676647439144484,1.3010386660538749,0.0850240500141063,1.0,1.0,0.9,0.7,0.5,170,7663.065375645594,76415.4268733229
2,84,1.2849689230035721,1.5926743035939948,1.8027919772231609,2.061533536984412,1.3762807414406697,0.08874656030454742,1.0,1.0,0.9,0.7,0.5,171,7177.41031571683,85531.16282224187
2,85,1.2732140620305779,1.5390479311314083,1.7417369962757125,2.0676577443340842,1.5732432310933495,0.07735838674900565,1.0,1.0,0.9,0.7,0.5,172,23742.30133654205,88029.83868927864
2,86,1.2737928274189003,1.503570523921715,1.6778485495719337,2.071634950869336,1.3682283978831156,0.07847384797167212,1.0,1.0,0.9,0.7,0.5,173,24545.09939767473,88196.63904454604
2,87,1.2765750449489497,1.5255860078758015,1.7253048045898332,2.074208018973529,1.284903730589308,0.08167137078417858,1.0,1.0,0.9,0.7,0.5,175,23564.705222598488,86814.54918698111
2,88,1.2729416480626794,1.4843171957414025,1.655352041268123,2.077835278546193,1.3797764832904258,0.07812303791895456,1.0,1.0,0.9,0.7,0.5,176,23623.16459507788,87987.01748783805
2,89,1.2730294500955794,1.4887462507712101,1.671574098874741,2.098090225165993,1.2951826524737178,0.07842930053417567,1.0,1.0,0.9,0.7,0.5,178,24577.35861494053,88112.49141598037
2,90,1.2726959354516119,1.4744922141406656,1.6438419093504626,2.097580481581078,1.2897995316262882,0.07813959019501344,1.0,1.0,0.9,0.7,0.5,179,24549.481663603925,88145.43097679442
2,91,1.276719030527739,1.5000134367198523,1.6952039749301449,2.1139341646945304,1.277670017718679,0.08263684765060422,1.0,1.0,0.9,0.7,0.5,181,23377.72562407559,87061.42957441324
2,92,1.2711753522512013,1.4808857951989864,1.6626576000954967,2.116545687247392,1.2859688680740569,0.07654697006109488,1.0,1.0,0.9,0.7,0.5,182,24419.5362179787,87789.57680215336
2,93,1.271717085419882,1.4750500158911803,1.6557014727424058,2.11667564408861,1.3152753652536369,0.07733181389798757,1.0,1.0,0.9,0.7,0.5,183,24583.964621701285,87868.41856461414
2,94,1.2758768855287268,1.5126556408668337,1.7322792642407165,2.1290270045425963,1.2741470561644908,0.08195835358312459,1.0,1.0,0.9,0.7,0.5,186,7344.8965911845635,89415.42609056638
2,95,1.272737537323465,1.516785442297921,1.7597538128542078,2.131860186611522,1.2800223355157694,0.07888295512030821,1.0,1.0,0.9,0.7,0.5,198,7120.288914890235,80994.04581608498
3,0,0.8893577374420154,0.9738199903148445,0.9203627086272101,0.010360729544651427,0.0,0.0,0.0,0.0,0.9,0.7,0.5,1,2476.329664230657,8284.225276350258
3,1,0.902471004472638,1.0037236424114577,0.9492861980847285,0.04885702763261924,0.055613302426078336,0.03945945654403858,0.00011592375110809001,6.442396946943e-05,0.9,0.7,0.5,3,2402.9189792846782,8069.217531638076
3,2,0.8512969066411077,0.9828765867525827,0.9265783945303305,0.04019411513684429,0.10153609649304847,0.016395304085963,0.015089625713914251,0.00065428106980675,0.9,0.7,0.5,4,2451.6920959042045,8220.79690507463
3,3,0.6513679371950837,0.9871546615526194,0.9274250092799797,0.12299131297112459,0.7853126061290098,0.04826697799299396,0.07283991919410687,0.04048037339596096,0.9,0.7,0.5,5,1667.5946985626713,5060.923192823444
3,4,0.5774860656801913,0.981843609940309,0.9114655257624799,0.18187213838903982,0.3884222832490625,0.05131948196576874,0.11898449245124501,0.08411670565322824,0.9,0.7,0.5,7,1579.145554223645,2960.6955991132586
3,5,0.4965846504909927,0.9430970093006922,0.8594701099215575,0.2187569614257076,0.4803046502829388,0.04539132189242688,0.15672233482162964,0.11918640224247654,0.9,0.7,0.5,9,2066.5858980363205,5497.135804918017
3,6,0.521000536035315,0.9694951599615792,0.8847965208370953,0.2602851518285503,0.2578533723940299,0.044260472248677366,0.19003260229763944,0.13990053286653278,0.9,0.7,0.5,12,2023.990361402436,4557.827077960729
3,7,1.0082427121628599,1.4580389676028787,1.3722327606188838,0.7608916200715036,0.7815984493795509,0.04748334750579869,0.4252939267378236,0.7947556308335879,0.9,0.7,0.5,13,1990.6139585552971,67056.10707435153
3,8,0.5154477946739336,0.9655324303133227,0.8795712213977457,0.27012117381333567,0.24963488983692322,0.04422969924174576,0.1939298642872836,0.14131898578661778,0.9,0.7,0.5,15,2028.9361429187984,5267.271714492339
3,9,0.671678357603718,1.145940987848391,1.0843099580554652,0.4479464084589114,0.44777336439210447,0.04586401598252714,0.39707972569310324,0.18948139349227938,0.9,0.7,0.5,17,2286.5281196982523,7675.806478987511
3,10,0.6675974900306227,1.1323050803492414,1.0555709313752548,0.4593851929906466,0.5095949096597456,0.046940166272249936,0.40430881345755665,0.19711581368242873,0.9,0.7,0.5,18,2246.051334429314,15603.408010590285
3,11,0.5883066576641532,1.0643514974757329,1.0003820614024126,0.38561315532101537,0.3556246605837292,0.0433128966171592,0.32113986985904147,0.164518774054692,0.9,0.7,0.5,19,2122.097385900641,14929.78865965272
3,12,0.5910686301248482,1.0672554551985485,1.003023859112355,0.39827673994394,0.35582036407498274,0.04349299968904289,0.3250285027747015,0.16762039732792833,0.9,0.7,0.5,21,2129.641470316505,14822.6461384105
3,13,0.5844423413108751,1.0607421302245708,0.9962851219857107,0.3973443810380295,0.3544711346533676,0.04227731017401065,0.3212376134678826,0.16472209134558655,0.9,0.7,0.5,22,2119.400204441511,14823.373453791944
3,14,0.5322844284760828,0.9980007360699202,0.9194563646406382,0.35645533320404654,0.31528709987397785,0.03218526420367795,0.28903092053216806,0.13759547943076195,0.9,0.7,0.5,25,2428.063246077634,6784.975289129061
3,15,0.536197786513709,1.013165994692992,0.9447760354515565,0.3836358351584235,0.3780691833155171,0.0328433852257176,0.3064251682119546,0.15321834206102952,0.9,0.7,0.5,27,2207.786253911245,16525.04519221182
3,16,0.5112203620191077,0.9874238024393883,0.9165847015650012,0.37858979455676534,0.35915988006688143,0.03278170259479485,0.2957372875743121,0.14541042901641907,0.9,0.7,0.5,29,2249.529749178163,14603.868505488086
3,17,0.5703430704911682,1.0459252489169462,0.9739815741838035,0.4536435021757494,0.41922107649999923,0.03301326870901842,0.36593657103937527,0.17661679973106117,0.9,0.7,0.5,30,2494.210245452184,16877.597932133394
3,18,0.6756017683034036,1.1390679507802035,1.0526428367556617,0.5731002842303821,0.5077911534932318,0.026883616201933108,0.5484114167953476,0.1581746316014136,0.9,0.7,0.5,33,2421.162239466227,6269.204461456907
3,19,0.6449658022749946,1.116145001472514,1.0395265884332927,0.5669828613724351,0.5360914070594814,0.0264393741981535,0.5196520905542739,0.16828074913466667,0.9,0.7,0.5,35,2199.964141176953,4719.377414485475
3,20,0.6780984459053172,1.1456071540722932,1.0663477201946638,0.6186799544524458,0.5704250038243385,0.03690565875853976,0.5634204020126015,0.17793352242203614,0.9,0.7,0.5,37,2044.671297985052,15484.553342412975
3,21,0.637398863302514,1.1135213620058608,1.0456700954336646,0.5930949224039814,0.5150659792459823,0.0289833048769028,0.5263584575964183,0.17609569872032355,0.9,0.7,0.5,39,2105.2073883426137,12673.19365748101
3,22,0.6579679864478786,1.1322546072379471,1.0633680243374326,0.625797950590445,0.5284599671307111,0.03252937892186722,0.5446702726925883,0.1936336868448149,0.9,0.7,0.5,41,2021.5681629667656,10973.073542589747
3,23,0.6796353933810924,1.1519377285033556,1.0819936770274645,0.6628511816732098,0.5763867591910707,0.031176510193874678,0.5823262685764001,0.19506651162086297,0.9,0.7,0.5,42,2232.679624821994,14753.64330029218
3,24,1.33888795447856,1.8272747248962733,1.780296955557742,1.3373461310147945,1.2286269144289568,0.31133900036317547,0.6052343307738594,1.0,0.9,0.7,0.5,47,1830.9226575411008,9663.86951539729
3,25,1.3540650236536405,1.840120485790539,1.7921214503814193,1.3588334481817859,1.2642788417877346,0.3283498009609596,0.6102330755796885,1.0,0.9,0.7,0.5,48,1656.3940302225262,7847.258205646275
3,26,1.3539872928876207,1.8511950721732786,1.8161745120756647,1.3676052714989597,1.2231291226817604,0.3283498009609593,0.6102330755796886,1.0,0.9,0.7,0.5,50,1655.6632093648072,7832.352679861297
3,27,1.2730478355398263,1.749980915667225,1.698309821014465,1.3166028680227613,1.1912482160234843,0.34212583163169524,0.4943822278441143,1.0,0.9,0.7,0.5,54,2200.613211351103,9831.234576221425
3,28,1.583937201485977,2.0423004275605408,1.9749193088113248,1.6602084158131576,1.5852528742958811,0.30369470838206575,1.0,1.0,0.9,0.7,0.5,55,2024.481268609208,424673110.7253392
3,29,1.58295155728363,2.0368151329007436,1.9679220783837101,1.6599500157701508,1.5069506598089426,0.30740970638741694,1.0,1.0,0.9,0.7,0.5,57,1961.481460722239,424621513.0206232
3,30,1.5770110364309917,2.0203072236761948,1.9480032965988647,1.6680800032896705,1.5497672879462578,0.311197077845027,1.0,1.0,0.9,0.7,0.5,59,2042.66591470277,424597967.63064766
3,31,1.5720341499620463,2.0123837698413567,1.9391574793070177,1.671233909849287,1.5160494241008873,0.30837776784203447,1.0,1.0,0.9,0.7,0.5,60,2011.5520550440065,424615968.6254064
3,32,1.5722164789901214,2.009074463730707,1.9347450644390778,1.6832964470117011,1.5285328845401356,0.31185772720049254,1.0,1.0,0.9,0.7,0.5,61,1960.3210034172268,424862060.7240087
3,33,1.5663491648514092,2.0201463543527516,1.970294217123178,1.7162996773954506,1.535784703462827,0.3091487391626825,1.0,1.0,0.9,0.7,0.5,62,1910.61824368768,425066424.1673599
3,34,1.5645857753477403,2.0112250434433903,1.9593367262504355,1.69480676048021,1.56425002310447,0.3124466210247149,1.0,1.0,0.9,0.7,0.5,63,1889.2647665064585,425128374.0264574
3,35,1.569292994590155,1.9906150870526085,1.9119175572259328,1.6980141527190853,1.5206815585178497,0.31968757248789303,1.0,1.0,0.9,0.7,0.5,64,1860.8786723619207,424851602.8006171
3,36,1.5688376412852612,1.989492282737766,1.9106017210149866,1.6949431970083524,1.4962205964984898,0.31969299410835833,1.0,1.0,0.9,0.7,0.5,65,1884.3820772648503,424579520.4649898
3,37,1.5661194209222309,1.9809031083516917,1.9004263488730184,1.7044478799082663,1.55245059933118,0.3204402178126811,1.0,1.0,0.9,0.7,0.5,66,1829.5586502714648,424837598.57187855
3,38,1.563115933931531,1.9725895979565644,1.8907012824574767,1.7069787687530236,1.5459289986012874,0.3203617579511091,1.0,1.0,0.9,0.7,0.5,67,1842.5260841215852,424855216.2396029
3,39,1.5652402372112089,1.987271488431284,1.9288366149293779,1.7206089775854951,1.5993851261778018,0.328305863060717,1.0,1.0,0.9,0.7,0.5,68,4276.132193751399,6558.139248318703
3,40,1.562978678355208,1.977787806720634,1.9175370195043477,1.731259802996461,1.5212633671375928,0.3295496228091247,1.0,1.0,0.9,0.7,0.5,71,4200.428031652251,6638.930342242695
3,41,1.533548364140168,1.938938148764256,1.8763750886952941,1.7116792586997698,1.5655517354556483,0.3013860666411387,1.0,1.0,0.9,0.7,0.5,72,4233.600804165255,4405.797286395549
3,42,1.5282076058540817,1.9293734709086694,1.8657921905353407,1.7360843333979896,1.4780086604027243,0.2973643464733502,1.0,1.0,0.9,0.7,0.5,76,4854.954155018302,7485.878046546997
3,43,1.5208872575944272,1.912830341098525,1.8470613664209408,1.734582087415118,1.5531898854420636,0.29317696814816613,1.0,1.0,0.9,0.7,0.5,77,4698.216062307592,7580.157797666638
3,44,1.5274757018718663,1.893579673277636,1.8114316684183123,1.7513061611683876,1.6132040583219003,0.30615486984415835,1.0,1.0,0.9,0.7,0.5,78,4038.514634392762,18422.244433482407
3,45,1.5146707937857444,1.881510364726382,1.8205244232190245,1.7526940222336138,1.508935553712075,0.29924213893996265,1.0,1.0,0.9,0.7,0.5,83,4533.729660251171,19702.908056007967
3,46,1.4977564577006823,1.8437410629819992,1.76766213880451,1.740824081374787,1.497277876735877,0.28330164863707724,1.0,1.0,0.9,0.7,0.5,85,4638.2638238878,22590.0440026166
3,47,1.5140103666670235,1.8681717001143685,1.8044415849326876,1.77490639069846,1.4852875712170754,0.3022260539253747,1.0,1.0,0.9,0.7,0.5,87,4666.090895862029,20300.961061240632
3,48,1.509236335332105,1.8380661958670497,1.7583297942086937,1.7718874751015383,1.5319512961905382,0.3007261539712195,1.0,1.0,0.9,0.7,0.5,89,4629.453256637964,19977.941918864584
3,49,1.4833486259611721,1.8101436354813476,1.7406387069701612,1.7685339412345926,1.5608061240310729,0.27521755085677635,1.0,1.0,0.9,0.7,0.5,90,4680.985106649243,20365.290578306725
3,50,1.5041489874042238,1.8160876742254883,1.754252576396037,1.7986787651314384,1.5821634221181686,0.30395760991667453,1.0,1.0,0.9,0.7,0.5,92,4612.444370782816,15533.339086652846
3,51,1.5031845024155386,1.8056292880864695,1.7418855587780957,1.8089532226076348,1.5131686360164038,0.30472035077618437,1.0,1.0,0.9,0.7,0.5,94,4589.55807685291,15443.911244123468
3,52,1.508747913975249,1.801817476690776,1.7362013322586427,1.8221694721940889,1.5585628572279133,0.31263319307418336,1.0,1.0,0.9,0.7,0.5,95,4664.62549502296,15718.838052745288
3,53,1.513906002561114,1.8055419422071286,1.7396441430402838,1.8415230544361867,1.4903303315807714,0.318599291688189,1.0,1.0,0.9,0.7,0.5,98,4611.558095311942,14991.289932059011
3,54,1.5079522099981433,1.8182499287148493,1.777611555810504,1.843286634744782,1.5115344524488334,0.3126331930741833,1.0,1.0,0.9,0.7,0.5,99,4635.0093419950645,15537.24477160545
3,55,1.4847160078594877,1.764867926916349,1.6857850241410086,1.8162269045866162,1.46952881702613,0.28705273104758444,1.0,1.0,0.9,0.7,0.5,100,4332.081671239404,17544.299801874666
3,56,1.4859693015757192,1.7556469246128568,1.6854308335497488,1.8180597500308335,1.5967687523617013,0.29117676376682844,1.0,1.0,0.9,0.7,0.5,101,4278.78127864771,16903.11749491593
3,57,1.4818771762175884,1.749973645133032,1.6794216653920349,1.8319256368093857,1.4802668783176354,0.2870527310475845,1.0,1.0,0.9,0.7,0.5,102,4292.173951979631,17294.442344276846
3,58,1.4818305848496758,1.7440547370692259,1.6723876328348086,1.8212463263713097,1.4964881525117295,0.2877112066023546,1.0,1.0,0.9,0.7,0.5,103,4292.070516237803,16975.223111594805
3,59,1.491580840165323,1.7264370154954434,1.6278091463713387,1.8276141756172977,1.4790321393792811,0.2992610507415981,1.0,1.0,0.9,0.7,0.5,107,1904.590590755856,9799.013346539305
3,60,1.4714839563384527,1.7011167854871703,1.6123282702826585,1.8318235220436614,1.5801999913020435,0.27918807190193584,1.0,1.0,0.9,0.7,0.5,108,4307.430186800394,12231.439305024707
3,61,1.4755113116750076,1.6680859245044068,1.5613822704320548,1.8188727509904075,1.6585577403234568,0.2868220852432141,1.0,1.0,0.9,0.7,0.5,109,2056.2974031606173,10449.884748160292
3,62,1.473410843179829,1.6604482114788175,1.5527002572578648,1.8201763112224592,1.499300773176242,0.28511069225362073,1.0,1.0,0.9,0.7,0.5,110,1889.1863185841853,7971.760150989711
3,63,1.4701228989871233,1.6525245310523,1.5439049874275592,1.8202686609752874,1.4892832424254192,0.2819623081972904,1.0,1.0,0.9,0.7,0.5,111,1845.8937034670284,9923.544776986037
3,64,1.4694389944590733,1.6412405376908061,1.5306346924745757,1.8229088110175105,1.5350374973182817,0.2823112939937098,1.0,1.0,0.9,0.7,0.5,112,1888.582197775265,10068.436821594714
3,65,1.4696304020644604,1.6404332795621057,1.5296407389591749,1.8264856053091654,1.461960335073611,0.28262515117211096,1.0,1.0,0.9,0.7,0.5,113,1900.255912742081,10024.882615400897
3,66,1.4693393729609086,1.6512495005200682,1.5534394783891117,1.841359354523584,1.4547987419006032,0.2823112939937098,1.0,1.0,0.9,0.7,0.5,114,1884.9520427153036,10025.62012224621
3,67,1.468517315966144,1.635504784721621,1.524000024250129,1.832122409429996,1.481908338205033,0.2817704141038652,1.0,1.0,0.9,0.7,0.5,115,1907.2130976819549,10071.017203934043
3,68,1.469256962680231,1.6401781411358727,1.5512413743935194,1.8644365901819204,1.4839052259340524,0.2843383428507911,1.0,1.0,0.9,0.7,0.5,120,5091.212756598155,10844.604811753648
3,69,1.4689436240058331,1.6597198877774828,1.596311380295441,1.8874735179184001,1.4751571225851046,0.2842195705569225,1.0,1.0,0.9,0.7,0.5,121,5475.0382965678855,10908.709210365803
3,70,1.4706718630867854,1.648986724009269,1.5723454123324836,1.8927424182522403,1.4670298339817438,0.28625025895500494,1.0,1.0,0.9,0.7,0.5,122,5542.566542073389,10967.908040662474
3,71,1.4668790670217977,1.6465455367852093,1.5920277846251167,1.8973238236251437,1.6135892595394483,0.283796935347571,1.0,1.0,0.9,0.7,0.5,123,6485.359578346075,30489.791414921965
3,72,1.4670360605594077,1.6400941587754887,1.5843632372746341,1.90459746050725,1.5068807508643611,0.2845005265018159,1.0,1.0,0.9,0.7,0.5,124,6471.518764106872,31348.62857767003
3,73,1.4660900400253676,1.632229576619562,1.5752357867671716,1.9070378536364756,1.5057570948475445,0.28395530463739377,1.0,1.0,0.9,0.7,0.5,125,6519.503953566226,31263.860910806798
3,74,1.4630758399923818,1.6218772315981402,1.5635443942658451,1.9154462136763188,1.480408122003357,0.2811399900624814,1.0,1.0,0.9,0.7,0.5,127,6494.790684749456,31111.67164832568
3,75,1.46414548171848,1.6191600216150908,1.5601374152217358,1.9301644785244525,1.4614020347746177,0.2825967261344088,1.0,1.0,0.9,0.7,0.5,131,6173.481265730336,31525.32442414585
3,76,1.466361608734906,1.596299473369766,1.5107898033556506,1.9228002808278326,1.4667596472391002,0.2852466904482145,1.0,1.0,0.9,0.7,0.5,133,6204.425346011896,31716.78711544182
3,77,1.4627449452680907,1.5918969102308242,1.5062451876176768,1.9311594259744513,1.458377507150022,0.28127664382120243,1.0,1.0,0.9,0.7,0.5,134,5485.474219775022,30927.76074886076
3,78,1.463213896002597,1.5804293189703937,1.4816439776681327,1.926712553374266,1.4590148238970495,0.28184714432531005,1.0,1.0,0.9,0.7,0.5,135,5077.316550760034,30164.23765984744
3,79,1.4610415593084234,1.5677544495785278,1.4670625390196952,1.9277277479374626,1.5300209604277324,0.28013439863597034,1.0,1.0,0.9,0.7,0.5,136,4236.70283987531,30967.283787639517
3,80,1.4642262773738466,1.5967081670360026,1.5335977888876238,1.9668806035675472,1.4750330292371316,0.28417122950895785,1.0,1.0,0.9,0.7,0.5,139,6216.364231630072,31445.26604560951
3,81,1.4620840290081836,1.6052613256333732,1.5550595025293346,1.9841498362052492,1.4545624968801676,0.28182212989902805,1.0,1.0,0.9,0.7,0.5,143,6241.072743205893,31543.155591524952
3,82,1.460176546574541,1.6022130252710824,1.5518044029052613,1.9895977165036092,1.4605856282112661,0.27977663323726387,1.0,1.0,0.9,0.7,0.5,144,6193.595306186884,31799.81530268407
3,83,1.4600291218379304,1.5931243545932392,1.5411015892524649,1.9890518621127955,1.5176077824842376,0.2801508435857272,1.0,1.0,0.9,0.7,0.5,145,6165.468892671036,31605.88952215412
3,84,1.4619763491376176,1.593389291683418,1.5410631593673427,2.037357163320642,1.4552522615577081,0.2824135927780581,1.0,1.0,0.9,0.7,0.5,154,6777.740033249494,34038.238280293226
3,85,1.461972272075109,1.604512432067311,1.5651729131491445,2.052000370901088,1.4543842033530154,0.28241359277805833,1.0,1.0,0.9,0.7,0.5,156,6777.490426020997,34079.08031525767
3,86,1.461910324794091,1.5975019154943197,1.5569106121823424,2.0606952165251498,1.5048840761685642,0.28274609734212286,1.0,1.0,0.9,0.7,0.5,157,6759.460065075135,31637.77987710398
3,87,1.4623503836360026,1.5982215239694346,1.5686668523499736,2.069587952841565,1.5399395677754566,0.2838376321883867,1.0,1.0,0.9,0.7,0.5,158,6802.059900997071,34490.37596136312
3,88,1.4664754871989196,1.611681694092088,1.594790139137419,2.118306220268633,1.4625721388371784,0.2885335895927351,1.0,1.0,0.9,0.7,0.5,163,6802.152709653429,33728.907357804695
3,89,1.4645006914788223,1.6071980748430166,1.589855214025421,2.119943927789894,1.4772100976627573,0.28647927756235586,1.0,1.0,0.9,0.7,0.5,164,6925.461707249999,34051.984616527174
3,90,1.4645234386262378,1.6057436659655986,1.5881366623789954,2.123605377323483,1.4681086113756108,0.2865774746876273,1.0,1.0,0.9,0.7,0.5,165,6909.210455295708,34107.17259220297
3,91,1.4640286008671597,1.6053358294523914,1.598740707385689,2.1467586493659674,1.4974536448994267,0.2865774746876273,1.0,1.0,0.9,0.7,0.5,167,6907.741281556046,34404.05970312928
3,92,1.4639488302768955,1.605027800993527,1.5983918939223283,2.1466675112863154,1.4582655341902244,0.2865001212928332,1.0,1.0,0.9,0.7,0.5,171,6779.13453303198,33423.26323702989
3,93,1.4671755184944808,1.6067231056048135,1.599812801872369,2.166671622622715,1.4650412813456692,0.29016410645876733,1.0,1.0,0.9,0.7,0.5,174,6732.997726297375,33324.0321590911
3,94,1.4628319600152295,1.5944670103061687,1.586143404939939,2.1656641134667933,1.5142913438622205,0.28571515961152494,1.0,1.0,0.9,0.7,0.5,175,6824.894903924498,34009.20130659267
3,95,1.464521234897162,1.610742532487036,1.6270245719309706,2.1800079882392325,1.516070521444407,0.2879543410911059,1.0,1.0,0.9,0.7,0.5,176,6777.021239890208,26189.64017354471
4,0,0.8021607911716064,0.9507901779016893,0.8933888889545047,0.00824319303519446,0.0,0.0,0.0,0.0,0.9,0.7,0.5,1,3753.92073634071,7410.693878293279
4,1,0.876092543175162,1.0323374091064184,0.9744298815193257,0.09587460926245886,0.09483993587452992,0.09369478138847172,8.747159149222001e-05,0.00023335821689445002,0.9,0.7,0.5,3,3958.795927546421,6862.047535684059
4,2,1.971594087362394,2.253183516279031,2.185979217123669,1.368448383599159,1.7604663918927184,0.3971463261430096,0.7174334184462141,1.0,0.9,0.7,0.5,4,3659.968685104716,376024.5898549557
4,3,0.6431542554522228,0.9874704002322175,0.9266893967993789,0.13054320673883513,0.36836832136243414,0.04541492374557134,0.09177382814576324,0.03201574149782202,0.9,0.7,0.5,5,1959.498479403781,4287.403531135229
4,4,0.6444091687088929,0.9888598923860756,0.9280614805184668,0.13684354575691293,0.12331695475943814,0.04541811344422379,0.093475712718907,0.032609452119399966,0.9,0.7,0.5,6,1948.0924863103749,4271.230351113555
4,5,0.598270374003075,1.0154332777290174,0.9426282697811371,0.22840083655661966,0.7159655764076469,0.05442966673582496,0.14713211609714316,0.1346346046782348,0.9,0.7,0.5,7,3947.291066152824,7433.902147918459
4,6,0.5705311175216307,1.0065354020361106,0.9278362359765117,0.25610501317269335,0.36217366844809423,0.0587937070883255,0.1751943341204819,0.13852929451072984,0.9,0.7,0.5,9,2048.005418912624,4903.349108828619
4,7,0.6284585502085841,1.0715286459297588,0.989877133331164,0.34022649353045203,0.4471075073577659,0.0756797654800475,0.20100913476183302,0.2364596518463172,0.9,0.7,0.5,10,3190.539218605925,9185.377117421192
4,8,0.5134414404303255,0.9746344924772639,0.9021298175314234,0.2571036524221044,0.4002999528310963,0.04938585679095679,0.1735300093323085,0.15106962442396427,0.9,0.7,0.5,11,2764.677099233155,4646.19599991217
4,9,0.613869763990359,1.0662992597854772,0.9780334622467837,0.3759705988842872,0.4696205119557056,0.08465541605905151,0.21574244822728422,0.26646167269563403,0.9,0.7,0.5,12,3195.395150471015,16834.465079709753
4,10,0.613861997338324,1.0662925921585584,0.9780257195774181,0.38218706950837966,0.3604879771360325,0.08465541605905152,0.2157424482272831,0.2664616726956357,0.9,0.7,0.5,13,3196.7646859563847,16826.15211410814
4,11,0.5859130384783962,1.0402182876425825,0.9487186043934741,0.3732543707773105,0.4850847706542365,0.08562853741472844,0.2038846415409036,0.26691618784724697,0.9,0.7,0.5,14,2415.4888598473817,17812.982704310234
4,12,0.5703777113830546,1.0249766291190856,0.9309858448573112,0.3776852210360527,0.4033438923294646,0.08625619847034516,0.20032133976547212,0.2693834144569568,0.9,0.7,0.5,16,2426.921770601072,18110.10299437986
4,13,0.5720729524840193,1.0261449407424221,0.9299320335478531,0.39732245230990926,0.4120007627901485,0.07077768057112986,0.23998323924227655,0.27000477269354073,0.9,0.7,0.5,18,3025.51291845904,16575.15249574486
4,14,0.5165697112067509,0.979666601529685,0.8930179148445682,0.37562552506017083,0.39915021141098206,0.058112684437242566,0.22466189489885777,0.2390192313882656,0.9,0.7,0.5,20,1986.112450380556,23745.6693255165
4,15,0.9461012210231158,1.4059689678117837,1.3162649767812655,0.8484222390649236,0.8147540393604628,0.0451657412189842,0.3406899506343847,0.988171929478548,0.9,0.7,0.5,23,2039.9315248873595,1069781.469080275
4,16,0.9718729575960661,1.4313554159407338,1.3413434796333688,0.8784220762797937,0.8066922138641561,0.04445444771936965,0.3719893619985599,1.0,0.9,0.7,0.5,25,2047.002898703468,1134928.7359745137
4,17,0.9628494396717637,1.4222178247447226,1.332119859326145,0.875692334892815,0.7952488177354188,0.04472575022978572,0.3593051391417287,1.0,0.9,0.7,0.5,26,2045.98873251691,1109174.4238603646
4,18,0.9689440122459533,1.427569701404027,1.3369070769778533,0.8840437715437407,0.8234938749917597,0.04438084447368666,0.37210445176115087,1.0,0.9,0.7,0.5,27,1999.9140462537675,1135149.892113844
4,19,0.5018636100799752,0.9694791133905335,0.8902638287106198,0.4229948099372546,0.4038512870222705,0.04770783668455325,0.2509253304749538,0.24321099112933608,0.9,0.7,0.5,28,1914.6063490520323,23079.62560387315
4,20,1.925118409589542,2.3907820841047718,2.3103702722512045,1.8761421802557667,1.7846368452998382,1.0,0.5264000983064794,1.0,0.9,0.7,0.5,31,2035.361584859696,3820713.45034074
4,21,1.8961141926769214,2.3805545166485844,2.3241018262263116,1.8611552394926596,1.7893836092054667,1.0,0.4968095967456955,1.0,0.9,0.7,0.5,33,1853.63948384959,3933914.822233501
4,22,1.9102864427522082,2.3925779775328486,2.335017952195666,1.886929760627337,1.7888349089008042,1.0,0.5232227087212602,1.0,0.9,0.7,0.5,35,1929.8539355982996,3816882.982311548
4,23,2.230081016546219,2.692851278154161,2.618477486745272,2.2217643823464797,2.2555201730960945,1.0,1.0,1.0,0.9,0.7,0.5,36,2088.488881605953,3829310.19698544
4,24,2.226410670335163,2.68660593427344,2.6111625670544694,2.227463977250916,2.1218123867919947,1.0,1.0,1.0,0.9,0.7,0.5,38,2039.88817098712,3831894.262602876
4,25,2.21808554734492,2.69419796782699,2.6422181514153795,2.242812105192138,2.1518524151503966,1.0,1.0,1.0,0.9,0.7,0.5,40,2208.6702968462696,3931025.389646505
4,26,2.2176805763798324,2.6822239356693682,2.6171118242240827,2.238332624846078,2.1052230495575377,1.0,1.0,1.0,0.9,0.7,0.5,41,2034.9717897283008,2378070.5668767085
4,27,1.9756959727174843,2.4608288577720554,2.4210489815082394,2.015567742858241,1.887307360786292,1.0,0.657289183382112,1.0,0.9,0.7,0.5,42,2322.6285244559253,3946567.494137041
4,28,2.2040795801790916,2.677929642003998,2.634245695371104,2.2590825062013815,2.179609158378751,1.0,1.0,1.0,0.9,0.7,0.5,44,2377.749640216291,3945583.4282342033
4,29,2.2001631221296645,2.6472064139151668,2.5760973298157994,2.248370966195056,2.1290358237420377,1.0,1.0,1.0,0.9,0.7,0.5,46,1847.459325632736,2391378.151319665
4,30,2.1979901111120346,2.6424561571474188,2.5705335001025578,2.254566079155674,2.1165881939863223,1.0,1.0,1.0,0.9,0.7,0.5,48,1873.7948003043089,2391365.4445237587
4,31,2.1976476968468823,2.6419730106429857,2.5699676290804687,2.2726589092884506,2.105293167153562,1.0,1.0,1.0,0.9,0.7,0.5,49,1574.432393680012,2400528.986474728
4,32,1.9324085351131046,2.394995030074222,2.3477501736739796,2.0175153055640687,1.8865611898638397,1.0,0.6255116088138359,1.0,0.9,0.7,0.5,50,1300.002794704195,2542752.8012107625
4,33,2.1882952926744825,2.6199547969087855,2.544178700284024,2.2682328337880815,2.2032342320381213,1.0,1.0,1.0,0.9,0.7,0.5,51,1716.1067394280774,2397112.532457625
4,34,1.9271252221753743,2.3781897863293695,2.3275513363899343,2.0347748306806315,1.852594845412454,1.0,0.6298124681403946,1.0,0.9,0.7,0.5,54,1293.9813519858722,2544879.9088555174
4,35,1.903347564965512,2.3405464265883884,2.2761521327147585,2.0157358096055664,1.8496450978064747,1.0,0.5983417722192519,1.0,0.9,0.7,0.5,55,1410.0229053892467,2544187.73725194
4,36,1.9276488352346612,2.371246682798244,2.3185140346191155,2.051777115359752,1.8734373161541145,1.0,0.637362931337784,1.0,0.9,0.7,0.5,57,1889.9810893110807,2544207.1056169835
4,37,1.9296782921358966,2.371331187907641,2.3180644196673708,2.064992625116172,1.8602481987751063,1.0,0.6419392396582357,1.0,0.9,0.7,0.5,59,1897.1708492158969,2544235.7388616446
4,38,2.170679892574596,2.5833724344061517,2.512412955664294,2.317540466386271,2.291381697791061,1.0,1.0,1.0,0.9,0.7,0.5,60,4463.669496306078,1635890.625375397
4,39,2.1703477939449654,2.5823714355443497,2.5112405974138694,2.327520175409039,2.103513126236677,1.0,1.0,1.0,0.9,0.7,0.5,62,4500.120916002398,1645658.7574115372
4,40,2.1612218940441688,2.5642611350438074,2.501110626866196,2.3481273761777945,2.1344375509539,1.0,1.0,1.0,0.9,0.7,0.5,68,3731.4984560590287,3426912.4032042176
4,41,2.1580311420038454,2.5526447612327074,2.4875049195477597,2.340445090413289,2.1791948089791866,1.0,1.0,1.0,0.9,0.7,0.5,69,3929.4767894525817,3396172.0353880017
4,42,2.1497330641775974,2.520152218503263,2.4494477967578163,2.347645532730416,2.2134803890384447,1.0,1.0,1.0,0.9,0.7,0.5,71,3838.9735223870985,3398711.527530843
4,43,2.1487832917179657,2.4937321742490264,2.396339580880121,2.343901847033302,2.1282108695030963,1.0,1.0,1.0,0.9,0.7,0.5,72,3357.626092919268,3414170.252584096
4,44,2.1468815914789845,2.5078119797594782,2.434994135912193,2.3499101340030606,2.1580519042384876,1.0,1.0,1.0,0.9,0.7,0.5,73,3927.873213810272,3407090.731504731
4,45,2.1454018353585695,2.4900249736821074,2.4030792464834168,2.3629022703626417,2.123358394828408,1.0,1.0,1.0,0.9,0.7,0.5,75,6280.903664175449,1167223.3475022423
4,46,2.1409541951900586,2.468507857755583,2.377877120162685,2.371084855707548,2.1747144805577063,1.0,1.0,1.0,0.9,0.7,0.5,77,6570.749417049793,1215471.813222005
4,47,2.1375341554498815,2.4505486901318694,2.356842387204071,2.37622949143792,2.1627331945312296,1.0,1.0,1.0,0.9,0.7,0.5,79,6029.914324081407,1151230.5943041672
4,48,2.13510795686734,2.436911341505165,2.340869522766794,2.3851720044525546,2.19552982456642,1.0,1.0,1.0,0.9,0.7,0.5,80,5762.279451450012,1223296.4614282218
4,49,2.1338784288519874,2.42960242564848,2.332308886314123,2.3810902863250405,2.1507309615841512,1.0,1.0,1.0,0.9,0.7,0.5,81,4409.128491521768,1467479.3846082026
4,50,2.1307116644330177,2.409731529711758,2.309034947128723,2.386053017766013,2.1693921400884886,1.0,1.0,1.0,0.9,0.7,0.5,83,4124.6487681198505,1482995.143336656
4,51,2.1268441956716706,2.360393825948438,2.2290844057258483,2.388837093973524,2.1470245191420485,1.0,1.0,1.0,0.9,0.7,0.5,87,4103.120164659695,1483602.7730313437
4,52,2.1261372982542843,2.3551000721044013,2.222884102344441,2.3949814768805275,2.1123217290183636,1.0,1.0,1.0,0.9,0.7,0.5,90,4022.7929571131695,1523598.669681966
4,53,2.1261027124703675,2.3660430155966905,2.2467828355781165,2.4093512469556773,2.1009153790238866,1.0,1.0,1.0,0.9,0.7,0.5,92,3994.763514793934,1523268.708945687
4,54,2.1259271708448924,2.353534547496798,2.221050402021703,2.4081126357934304,2.1093264308322004,1.0,1.0,1.0,0.9,0.7,0.5,93,4309.874139910491,1475030.7593211543
4,55,2.1258222586045106,2.363904587968438,2.2442781476542795,2.41586665709325,2.1056028139655183,1.0,1.0,1.0,0.9,0.7,0.5,94,4040.3068576429528,1522856.2344914218
4,56,2.1233779689627137,2.344379553807536,2.2214093206778744,2.4184342375569994,2.236512087412899,1.0,1.0,1.0,0.9,0.7,0.5,95,3858.1538771947767,1475779.847151424
4,57,2.1233324848613284,2.3887944973271793,2.317757654711329,2.4760945808398285,2.1002953393060966,1.0,1.0,1.0,0.9,0.7,0.5,104,3155.322135305011,2406316.3013460687
4,58,2.11887912115766,2.336824790578814,2.2458059469212452,2.4714527337093317,2.242363865860937,1.0,1.0,1.0,0.9,0.7,0.5,106,101181.10617842074,2774800.267840656
4,59,2.1167367812085125,2.325425029160183,2.243535638785314,2.4886483984478907,2.152644508080742,1.0,1.0,1.0,0.9,0.7,0.5,109,99272.61334041094,2772889.814104682
4,60,2.1164870266610274,2.3226502705731553,2.240285686127144,2.495473192062354,2.109746144826291,1.0,1.0,1.0,0.9,0.7,0.5,111,99866.18827607646,2771901.16180439
4,61,2.1153444735559566,2.309392805716037,2.224757828330847,2.504855774298454,2.1924116012474806,1.0,1.0,1.0,0.9,0.7,0.5,112,101043.45342740792,2773491.0536507363
4,62,2.1146108512772974,2.311670911580001,2.238507759270173,2.5111120244345333,2.1311744632256615,1.0,1.0,1.0,0.9,0.7,0.5,114,100521.96156015983,2773179.931695689
4,63,2.1142415075064234,2.3294468049458406,2.281491450715088,2.541057778446964,2.116178645699204,1.0,1.0,1.0,0.9,0.7,0.5,116,102045.04250528544,2772181.1085495087
4,64,2.1135461547355114,2.3092645821214424,2.246770959110701,2.547443534837273,2.1313953748984686,1.0,1.0,1.0,0.9,0.7,0.5,118,104709.61290246509,2834415.942678672
4,65,2.1135156997819653,2.3200628893990287,2.270500469087655,2.56636499750252,2.1014040096220636,1.0,1.0,1.0,0.9,0.7,0.5,120,104695.94232163456,2834355.7376468563
4,66,2.1123240684742273,2.348551436681266,2.348194875376487,2.623524855268627,2.122808424102505,1.0,1.0,1.0,0.9,0.7,0.5,125,4360.468471249218,2460494.6135838185
4,67,2.1122671227475527,2.2805059104665926,2.2020055350899743,2.573390125807968,2.102830629917413,1.0,1.0,1.0,0.9,0.7,0.5,127,2400.004320938659,2488604.120507246
4,68,2.1086518606176528,2.2667582895485374,2.2302304520235987,2.5909051261643676,2.509383013479546,1.0,1.0,1.0,0.9,0.7,0.5,128,2100.496940796485,2515553.485489846
4,69,2.108086183598536,2.2559745142783383,2.2175998617342976,2.601060161187804,2.124993814705755,1.0,1.0,1.0,0.9,0.7,0.5,131,2013.7145966490684,2519633.956654028
4,70,2.1079353314826266,2.2530219523068062,2.214141710009211,2.604507872458809,2.110309440747506,1.0,1.0,1.0,0.9,0.7,0.5,133,2025.9012195576167,2519683.836157494
4,71,2.107868105011968,2.2628973916328974,2.236790067756231,2.620447396782412,2.109265544351272,1.0,1.0,1.0,0.9,0.7,0.5,134,2035.0538598611445,2519479.41683828
4,72,2.107705960543176,2.2484606116350943,2.2087992681471436,2.618118229975428,2.103229730781601,1.0,1.0,1.0,0.9,0.7,0.5,141,1292.7812247813656,2521030.012709008
4,73,2.106351752362411,2.2531269246895813,2.2475098591083515,2.6710600304139316,2.201363215300338,1.0,1.0,1.0,0.9,0.7,0.5,143,7025.958714562157,2500894.803972333
4,74,2.1055887212254456,2.2460771059763736,2.250334358646482,2.7597123814285585,2.105770026129801,1.0,1.0,1.0,0.9,0.7,0.5,165,7126.705970870593,2687140.15905576
4,75,2.1051948643951315,2.2360832735312735,2.238629082962177,2.769953549620421,2.1698244972814624,1.0,1.0,1.0,0.9,0.7,0.5,166,7072.474399752074,2686971.7278645234
4,76,2.1049716991027,2.230209179698102,2.23174893384099,2.776849140519599,2.1204966697075984,1.0,1.0,1.0,0.9,0.7,0.5,168,6965.437521418309,2685929.826542914
4,77,2.10496799131863,2.2301205344530386,2.2316451951946634,2.784286486049651,2.1003451738873764,1.0,1.0,1.0,0.9,0.7,0.5,170,6982.20181945884,2687319.425475452
4,78,2.1044973005186773,2.2508144549022657,2.2891281504954453,2.8149193693579253,2.1450948388495434,1.0,1.0,1.0,0.9,0.7,0.5,172,6992.765177201351,2686123.9670664435
4,79,2.104489016437427,2.261784410831816,2.3130586417966876,2.83556749719385,2.100814122621969,1.0,1.0,1.0,0.9,0.7,0.5,174,7030.280215869703,2685752.2768933857
4,80,2.1043317146213427,2.2572943624786985,2.3077996632857447,2.8428052125393624,2.1156738284753684,1.0,1.0,1.0,0.9,0.7,0.5,176,7054.994078478512,2688456.2390108537
5,0,0.6082461388547634,0.8890836842741882,0.8211147449164453,0.0025701283600943494,0.0,0.0,0.0,0.0,0.9,0.7,0.5,1,6548.559839128705,7949.630026841793
5,1,0.6494611428528877,0.9394016209899291,0.8705141801565113,0.061153449563111854,0.07441028406533476,0.06174640415969551,9.799641766906e-05,8.14820591139e-05,0.9,0.7,0.5,3,6385.956396009149,7831.4716797377405
5,2,0.6081717587000293,0.9126972664970172,0.8422647590399495,0.04496771223469427,0.10112187749176327,0.03033653889744859,0.01410778814344465,0.00164181407894401,0.9,0.7,0.5,4,6189.284138990312,8153.5815942592335
5,3,0.8305690229041433,1.1598406048492231,1.086525575985716,0.3116364955779576,0.4197364173801878,0.01540158793765382,0.3930626752851636,0.02593650242472741,0.9,0.7,0.5,5,5802.47726154762,8040.831517271692
5,4,0.5540094884730395,0.939091068078239,0.8871467172558557,0.1170335618223242,0.2745862650518208,0.06842259628360924,0.02314442352358241,0.01614564529266829,0.9,0.7,0.5,6,4595.335725600586,7040.523422620817
5,5,0.5473480850548342,0.9786337235384298,0.933306349221026,0.19033631370929344,0.2816471161606211,0.08571629142617408,0.04031862358961852,0.09219824158117643,0.9,0.7,0.5,8,3930.247297800598,6197.821778566593
5,6,0.5416130401041381,0.9728831556256871,0.9275465266283084,0.18462285234674086,0.14592196089539383,0.0856144563010399,0.03714575616038756,0.08543081506048625,0.9,0.7,0.5,9,4019.6013737543135,5852.2448163395175
5,7,0.6058147242086389,1.0508109352787451,1.0021494507999242,0.28018234128512376,0.3787227587738294,0.08570646895054898,0.08771897397202058,0.20914674461154528,0.9,0.7,0.5,10,3266.4287321377674,5441.664564452776
5,8,0.5548494961949201,1.0186962964158737,0.980804929863426,0.265055175128494,0.3037665586181822,0.04285031606140585,0.18771014812984171,0.08571073870386989,0.9,0.7,0.5,11,2570.0123315067003,9362.792035819928
5,9,0.5527184426253581,1.0224189966799553,0.982531476735157,0.2747398116308686,0.3095978224233923,0.060174150792315015,0.10797223552283271,0.19691702193392305,0.9,0.7,0.5,12,2610.373195706202,4445.656210761883
5,10,0.4941995483953373,0.9648727573110017,0.9061650658279242,0.2526511048351001,0.45324321940504164,0.04081843000958058,0.1762946698605939,0.11138644779110751,0.9,0.7,0.5,13,4555.215402175225,131116.28977856174
5,11,0.5560822334125793,1.0295381398693082,0.9687131384203251,0.34631084860192035,0.32168596429319507,0.04751927066085871,0.1969571966611156,0.22445480019631298,0.9,0.7,0.5,16,4350.684023844607,131344.20659696238
5,12,0.5366959951238776,1.0336714572532886,0.9988686273755942,0.3464972551123013,0.2802700722627662,0.06335829088008524,0.20720478463821138,0.14479996566947592,0.9,0.7,0.5,17,4287.113675752175,150739.5684221392
5,13,0.45122441378807754,0.9478029653203,0.9123001642547742,0.27491289371492345,0.20363188707526866,0.06455415123884875,0.1254074251317411,0.09360158899896348,0.9,0.7,0.5,19,4095.100934444104,80889.20857713198
5,14,0.5047326258246181,1.0152960410756653,0.9877896529243224,0.3558948970363183,0.3801389683228427,0.049334140827198905,0.21534100539937978,0.1661065511682974,0.9,0.7,0.5,21,3832.400646130841,117678.87760347864
5,15,0.5041608524913246,1.0147371571680255,0.9871351348995849,0.36179694133805407,0.28208872532644336,0.049334140827198905,0.2153410053993797,0.16610655116829715,0.9,0.7,0.5,22,3867.389860235413,116585.6381323506
5,16,1.4773670082712014,1.9646701117689505,1.9066227492682435,1.3636583039316936,1.4577321127566316,0.08498363876985607,1.0,1.0,0.9,0.7,0.5,23,4398.821504038895,7714.384329694129
5,17,1.4541141967133775,1.9563758501602895,1.9168787454641554,1.3948887523621427,1.4412244005530734,0.09921029496487944,1.0,1.0,0.9,0.7,0.5,25,3676.6380233576433,8490.33696926804
5,18,1.4212245102385164,1.91498337602219,1.8705529364279945,1.384906329826844,1.377328388368259,0.08522554577504202,1.0,1.0,0.9,0.7,0.5,27,3659.8675349963696,6907.499380738474
5,19,1.4193162444876903,1.9126856728467938,1.8680607362550297,1.3920688663951843,1.2794998543947358,0.08393483230027782,1.0,1.0,0.9,0.7,0.5,29,3602.7315901820307,7015.434637508418
5,20,1.3890634354020595,1.9116727359885899,1.9039739895567416,1.3756947948136502,1.2953336284396078,0.058927464957926834,1.0,1.0,0.9,0.7,0.5,31,2957.6952957454296,11974.083405349404
5,21,1.4259604569337845,1.9470008395220968,1.938600774182261,1.4192426782650949,1.306763801157055,0.10273142622999198,1.0,1.0,0.9,0.7,0.5,33,3222.101368186577,14321.050167364596
5,22,1.0109670695663882,1.5478169432907727,1.562663819246779,1.0219420631847775,0.9992640900717141,0.06596952261560567,0.8215522820202036,0.5049776768299521,0.9,0.7,0.5,34,2994.381103713759,15212.76589277737
5,23,1.011632781762037,1.5476234161383502,1.5621307707437002,1.0267777838472882,0.895655457750096,0.06470006409141857,0.8243514349518424,0.5069194557317009,0.9,0.7,0.5,36,2888.4215755843243,15105.104868880366
5,24,1.0065883422967263,1.5526495688678834,1.579715851992772,1.0373573131990241,0.8941460349213415,0.06380765429081674,0.821637381437483,0.505128793877501,0.9,0.7,0.5,38,2974.5804315151554,14971.967237120338
5,25,1.2028349408724426,1.7302275190217187,1.7415268986141115,1.2393172613799912,1.202914821700849,0.03023400778780886,1.0,0.7257224287517878,0.9,0.7,0.5,39,3381.8501036321272,13449.210110959555
5,26,1.2122894744869428,1.7339099916737108,1.7525937646980112,1.2771211575533377,1.2298518708719754,0.04851232077355283,1.0,0.7433669883971137,0.9,0.7,0.5,41,3122.716227208226,14588.358496725788
5,27,1.2163164465003349,1.7249386430568197,1.7300686294144372,1.2888364316560303,1.1283297926920655,0.04962748933331003,1.0,0.7522874703851042,0.9,0.7,0.5,44,3068.0262124023475,14787.182840545458
5,28,1.2095162230513323,1.7385330431545514,1.769049703880667,1.298466009487146,1.1239434546661191,0.04823262701579911,1.0,0.7443443366045521,0.9,0.7,0.5,47,3123.6034708311017,14151.650597323776
5,29,1.2093553072899406,1.7045474648896475,1.6959986026565508,1.2439598280668043,1.1181691050394127,0.04823262701579905,1.0,0.7443443366045523,0.9,0.7,0.5,48,3123.5832867032573,14189.802676128074
5,30,1.256168460380548,1.7786033720744165,1.807161755894319,1.3791349722134936,1.186441973403345,0.052740339648012766,1.0,0.8392403881790207,0.9,0.7,0.5,52,3541.8065943305146,23980.23915854096
5,31,1.2554936695455428,1.7757456997272172,1.803670399953687,1.3863510024285124,1.1808652267923498,0.052949329691947836,1.0,0.8405485595671973,0.9,0.7,0.5,54,3533.2193595547105,23978.38187382776
5,32,0.9283767891419541,1.3959848621736155,1.3696963948534535,1.0287237330605885,0.9358546058606386,0.09001363717931987,0.37840432075914776,1.0,0.9,0.7,0.5,55,3559.691657407281,22861463.89607367
5,33,0.9189333547266485,1.3746749769017832,1.3451719632966437,1.0286452069052412,0.9744581577941585,0.08547294838530417,0.3806147510064189,1.0,0.9,0.7,0.5,56,2916.276697790075,22860666.032216765
5,34,0.9187697937374838,1.372438028632991,1.3423886980514466,1.035305327218744,0.8554494126482086,0.0864560908710221,0.3807127474240878,1.0,0.9,0.7,0.5,58,3016.9958006730485,22858231.66116668
5,35,0.946479695564053,1.3975998985174312,1.3668843885225992,1.06400304172921,0.9005518251301914,0.09514187290341594,0.4110476860253843,1.0,0.9,0.7,0.5,59,3013.51575976648,22869643.05064789
5,36,0.9881763042412002,1.432011924654128,1.3994250366628918,1.125312033059488,0.9950018332750302,0.09069384139092894,0.48153717201692803,1.0,0.9,0.7,0.5,60,2953.583139657777,22859475.19945782
5,37,0.9881599686876071,1.4292910506943923,1.3960204713241644,1.1296118160200603,0.9339126419047694,0.09101103974579364,0.48294527977778207,1.0,0.9,0.7,0.5,62,2939.821029950609,22866500.02378117
5,38,0.990394619757001,1.4308578556693337,1.397419350917707,1.1354636687613742,0.9293635324231984,0.09185110416677772,0.48550417989595684,1.0,0.9,0.7,0.5,63,2939.0492084148614,22867552.64378643
5,39,1.0113743632635674,1.4607039903047634,1.439680777172853,1.1668840806124618,0.9684445709977758,0.09867906626500472,0.508238271845812,1.0,0.9,0.7,0.5,64,2934.7477410782026,22876160.726402137
5,40,0.9883199447219058,1.4351525257451532,1.4135086042350937,1.161789083889083,0.9310898670738954,0.09094490453828746,0.4868574042344653,1.0,0.9,0.7,0.5,67,2918.728365884042,22866069.619954266
5,41,0.9869865574461196,1.441438103021969,1.4319112400276317,1.1772310351293878,0.9319048267257377,0.09064692904512525,0.4875839915377528,1.0,0.9,0.7,0.5,71,2857.2301181043813,22801866.859390013
5,42,0.9866855883471943,1.4509964169136809,1.4541406690425298,1.1850090846234156,0.9299087741907321,0.08968196976589603,0.48922204485979764,1.0,0.9,0.7,0.5,73,2864.5523218951,22797285.00787735
5,43,0.9870431690441976,1.4501515265362417,1.4530020684611413,1.1927317272983493,0.9300537754387617,0.0897251422826548,0.4904097208009054,1.0,0.9,0.7,0.5,75,2854.774213817626,22804854.42302589
5,44,0.9853527630117338,1.4347219317366067,1.4239565304234343,1.2018513548510923,0.931777810342865,0.09192672347501152,0.48667516934186067,1.0,0.9,0.7,0.5,78,2717.930975053957,22798776.35794572
5,45,1.0063250101255612,1.4420025572147246,1.4176384020040245,1.2207151940191463,0.9696379085037155,0.09283056306227712,0.5169099253801541,1.0,0.9,0.7,0.5,79,3013.6138456593035,22809752.90192647
5,46,0.9472186080353174,1.3822062868606528,1.3576766188168148,1.185807034389573,0.887520605693296,0.11040167640224881,0.41027689034127224,1.0,0.9,0.7,0.5,86,3332.4228538271864,110916982.91564412
5,47,0.9544190281440614,1.362009867385328,1.3102898220242507,1.1807243735038677,0.9442207483810525,0.11173521841862974,0.4216435759328652,1.0,0.9,0.7,0.5,87,3318.7788527761345,110820108.61814617
5,48,0.9511966244136163,1.3803701809048028,1.3544557355185878,1.194484927892515,0.9007699075772423,0.1109206017715407,0.41853805041515224,1.0,0.9,0.7,0.5,88,3238.4595210467,110787426.37888391
5,49,0.9538964535307839,1.36974624243145,1.3303311674612663,1.1945458047207214,0.9167017656372423,0.11142427429133558,0.4228911698154413,1.0,0.9,0.7,0.5,89,3350.1537987390234,110940878.42673048
5,50,0.9537828891039482,1.380532753138334,1.354046701263858,1.2048194327144381,0.8977630780780748,0.11142427429133565,0.42289116981544145,1.0,0.9,0.7,0.5,91,3350.314330284696,110935427.2493574
5,51,0.9516536618447404,1.366711010205104,1.3271096557899726,1.2066479538705617,0.8966984328874482,0.11233099935702928,0.4189434043741135,1.0,0.9,0.7,0.5,93,3325.929359067998,110823350.68980904
5,52,1.0318451542576348,1.4803873139177666,1.4797574548922396,1.3044862524890397,0.9758462982343628,0.11217906576768133,0.5337671252207163,1.0,0.9,0.7,0.5,94,3418.765235414948,110856651.32001242
5,53,1.3353278539258602,1.8097460957852856,1.8463161469938163,1.659414951795185,1.3543278707983524,0.08984854262405811,1.0,1.0,0.9,0.7,0.5,95,4537.889149272063,841080029.337857
5,54,0.9812971987167618,1.3865165050000943,1.3446286969311694,1.2527275059354817,0.9460490962958548,0.11377880446669657,0.46444833693849275,1.0,0.9,0.7,0.5,96,2934.1653784188265,110780236.87215474
5,55,1.3245452315039423,1.7951814949669576,1.8518546499678799,1.66109892577064,1.389334018865589,0.08703376989614761,1.0,1.0,0.9,0.7,0.5,98,4651.557587614108,841027448.550568
5,56,1.3241994845815999,1.8047319099688917,1.8741179805402806,1.6903123206726933,1.2803100513567205,0.0870614816813586,1.0,1.0,0.9,0.7,0.5,104,4703.202610073893,841010571.3207535
5,57,1.3249466213834777,1.8043444521813745,1.8734817400465498,1.6986837670525683,1.284493036216428,0.08824545055516833,1.0,1.0,0.9,0.7,0.5,106,4781.548665314648,841011085.1845518
5,58,1.3227704772214963,1.8085831564346706,1.8896753186407027,1.7158619289261874,1.299883634479995,0.08728991859720893,1.0,1.0,0.9,0.7,0.5,108,4688.804156014713,841014530.8183553
5,59,1.3213258974094,1.7924890980975685,1.8598333648803504,1.7149305402231612,1.293278743415656,0.08670622921252198,1.0,1.0,0.9,0.7,0.5,110,4698.466488126129,840984807.618557
5,60,1.3235316920763698,1.7807614874061428,1.834515763199437,1.7435803356831514,1.3050124420702596,0.0899491194097984,1.0,1.0,0.9,0.7,0.5,111,4680.934170039189,840961369.8954703
5,61,1.3204350450670792,1.8021724184915309,1.8929785639183405,1.7832006236522622,1.296035889806305,0.0890407090276347,1.0,1.0,0.9,0.7,0.5,116,4663.642787003328,841029449.0462215
5,62,1.317882790887161,1.784232829151052,1.8611505554548702,1.7773689115225868,1.290673158837342,0.08731786194566343,1.0,1.0,0.9,0.7,0.5,119,4565.104807176854,841010563.8068736
5,63,1.3176912624006967,1.8038531026717575,1.9062235321111374,1.800290927565313,1.290148940852197,0.08777682073411226,1.0,1.0,0.9,0.7,0.5,121,4691.761698062006,841014956.6231589
5,64,1.3174261597534738,1.781049340213683,1.8573913632852883,1.7958088216440853,1.279879055099064,0.08751566285513328,1.0,1.0,0.9,0.7,0.5,122,4688.466618960776,841024056.500603
5,65,1.3167407201189198,1.7890589056421138,1.877872942655058,1.8032625549349663,1.3002376010702528,0.08739469760832402,1.0,1.0,0.9,0.7,0.5,123,4560.904990765925,841006269.9181144
5,66,1.3392326915890418,1.785033240551733,1.8790854665468064,1.8325869005295738,1.625288562606996,0.12083450892476093,1.0,1.0,0.9,0.7,0.5,124,3816.36328182084,146890859.06153852
5,67,1.3327199545441277,1.7825782248684148,1.8881936098861622,1.8557739267338782,1.315213008011487,0.11498413676115371,1.0,1.0,0.9,0.7,0.5,129,3845.073477894325,146883365.26506147
5,68,1.336315252549662,1.7830653386859916,1.8880584605435664,1.8828015082946041,1.3160622421710553,0.11956261293760077,1.0,1.0,0.9,0.7,0.5,132,3672.172338267895,146891274.87456733
5,69,1.334182925185305,1.7800165101348147,1.88482645007913,1.8882180461828866,1.3093607579980309,0.11736342092930611,1.0,1.0,0.9,0.7,0.5,134,3760.711609459637,146884952.4868696
5,70,1.333970193419724,1.7902342535725588,1.9078901935344827,1.9001756446652827,1.3118504976948526,0.11726999639422624,1.0,1.0,0.9,0.7,0.5,135,3774.5357091899846,146882549.8311124
5,71,1.364184547494491,1.8063180782507513,1.9103899116937637,1.9296788036492725,1.360049271218516,0.15137610934869572,1.0,1.0,0.9,0.7,0.5,136,3708.802363571637,66195637.28817078
5,72,1.3358681344525483,1.9440141659900694,2.136354532958989,1.957226562544041,1.2875291127932629,0.09117714609270341,1.0,1.0,0.9,0.7,0.5,150,5337.960769404832,840947674.72892
5,73,1.332835497396368,1.9218709492570647,2.1099551014348927,1.9653768236001399,1.3605260169094193,0.09418780527681483,1.0,1.0,0.9,0.7,0.5,151,5149.020297161855,841094467.5818121
5,74,1.326883139069976,1.8944577129087934,2.0778459598953725,1.970681751901056,1.3568219656954017,0.09419571961969923,1.0,1.0,0.9,0.7,0.5,152,5035.690743929325,840960301.6135005
5,75,1.3276380450197913,1.889441476651924,2.0715979654715744,1.9760848435720515,1.3240606128418468,0.09661396799827382,1.0,1.0,0.9,0.7,0.5,153,4955.755170091802,840954502.3299211
5,76,1.3301724398744663,1.9174024737359225,2.1156183284667613,1.9849545895888052,1.3319007892141388,0.09538630321660704,1.0,1.0,0.9,0.7,0.5,155,5467.2895395669175,841000627.4698942
5,77,1.330460572851724,1.9169176433262112,2.1149662992102045,1.9971196411518324,1.288650505846248,0.09593265931296394,1.0,1.0,0.9,0.7,0.5,157,5469.059414467341,841002548.1535137
5,78,1.3281486034619903,1.9173933742290217,2.1266242537607383,1.9993374622234819,1.3079643125087488,0.09580892354003093,1.0,1.0,0.9,0.7,0.5,159,5433.628007140162,840954650.9373952
5,79,1.3289886951812107,1.9352246761445175,2.1587049718098372,2.0156423376286146,1.2901268951973133,0.09506923359964921,1.0,1.0,0.9,0.7,0.5,163,5469.897454326581,841002225.3190068
5,80,1.3285577372431132,1.9314312013094566,2.1541856530045784,2.0280908124403583,1.3116327359283217,0.09556358175861099,1.0,1.0,0.9,0.7,0.5,165,5470.219638830355,841000621.8468442
5,81,1.3287162498437013,1.933174190949142,2.156268550417904,2.0398688867760364,1.2871407481316197,0.09529498104767016,1.0,1.0,0.9,0.7,0.5,167,5483.641493559744,840994178.3182288
5,82,1.3292685674429756,1.9589747972648426,2.177187778337576,2.0268026401523964,1.3137731886239856,0.08373468557606253,1.0,1.0,0.9,0.7,0.5,169,5900.442847630609,1813971830.0815637
5,83,1.3266731227166217,1.9650145830339159,2.19563454667517,2.0494371277833436,1.3231077537393638,0.08184697937973742,1.0,1.0,0.9,0.7,0.5,170,5936.967371123899,1813974664.575254
5,84,1.3259324549376463,1.9586748961194176,2.188022127575916,2.0579424783540174,1.2978050590208579,0.08306029233908438,1.0,1.0,0.9,0.7,0.5,172,5876.962020987418,1813982369.5828
5,85,1.3256130157754757,1.9639434617785505,2.205029632833474,2.070832261057436,1.291382348286394,0.0846513420547169,1.0,1.0,0.9,0.7,0.5,174,5838.269550367737,1814042426.517012
5,86,1.327822254306934,1.95694981480093,2.1854761117075356,2.0850346032185563,1.3149458527393096,0.08646984845756213,1.0,1.0,0.9,0.7,0.5,176,5798.984410338582,1813876119.93422
5,87,1.327482736444208,1.96667583089812,2.207949406387889,2.105375644417773,1.2779276900223364,0.08646984845756214,1.0,1.0,0.9,0.7,0.5,178,5800.8820104547,1813882620.4021611
5,88,1.325210106273694,2.000676740243373,2.2710898723910375,2.152624916213308,1.271109415054712,0.07898874710115265,1.0,1.0,0.9,0.7,0.5,190,4495.70035082023,14820.40469252616
5,89,1.326024516591462,1.9986029165125645,2.268336971679858,2.1501141861034276,1.291694051823351,0.08109007126075476,1.0,1.0,0.9,0.7,0.5,191,4456.353126187021,15044.331420684755
5,90,1.3271708201824999,1.9984240846947205,2.267875680944549,2.1554647324223772,1.3204642966004652,0.08272411181966732,1.0,1.0,0.9,0.7,0.5,192,4479.263640473443,15154.16205954157
6,0,0.9646302106311722,0.9919586709709902,0.9416077403596876,0.012028603597799217,0.0,0.0,0.0,0.0,0.9,0.7,0.5,1,1347.1691016899426,8216.98775085299
6,1,0.9897584264575038,1.0340964771754806,0.982854862711912,0.06228532220220603,0.06550230352471138,0.052450937713635196,0.00010509115076175,0.00011897876605684,0.9,0.7,0.5,3,1341.80318662831,8239.858363615698
6,2,0.9195879469954599,1.1154563496227825,1.0685685388833883,0.19494144101241737,0.5206265932498703,0.11395097522842364,0.0399646599349393,0.07490589158956878,0.9,0.7,0.5,4,1248.596089582216,44668.34011157035
6,3,0.7776940912922056,1.0810225415747334,1.0251822226119975,0.19628754654626146,0.5578421807975061,0.06433498715060723,0.10104030911537949,0.1143926126358524,0.9,0.7,0.5,5,1282.749269164623,6439.282240658859
6,4,0.7815651963380186,1.145853163007255,1.0823339739016031,0.3229000469142622,0.4486170341224111,0.0991296743248014,0.20666881454528654,0.12321967374908831,0.9,0.7,0.5,7,1416.1717732584932,5393.393186140242
6,5,0.6844187689506438,1.0904575763165016,1.03494965820155,0.28502092727360595,0.46151647837281706,0.07186239832136733,0.1410049690503202,0.18929850422542122,0.9,0.7,0.5,8,1058.5915193191315,40953.47374054111
6,6,0.6278083216426742,1.0383516595293303,0.9819834014790579,0.24136810393619593,0.24603079366299146,0.09571200201340246,0.0770342061737452,0.1417637109754683,0.9,0.7,0.5,9,1086.6891100351525,6502.772056229416
6,7,0.6189432684257643,1.0323483509883644,0.9754114286851193,0.24887770564078587,0.21986024747033006,0.09260924265559932,0.07711736761453233,0.1418669330613095,0.9,0.7,0.5,11,1065.566741399091,6388.428698502228
6,8,0.6176013572937489,1.0358484558459982,0.977905058114823,0.25919697955684473,0.25868578582631224,0.08696471036130063,0.08511573591802264,0.1595837567155186,0.9,0.7,0.5,12,1071.570150236836,6176.258820247997
6,9,0.7360625591609415,1.1555876617430745,1.097368428131922,0.3856836830454872,0.35023759767923085,0.06995760092255811,0.21178955962542254,0.25555258900526445,0.9,0.7,0.5,13,1223.2886564473993,39506.07846953344
6,10,0.6021834739047319,1.02843000975761,0.968680472464716,0.27088645939358946,0.2831814031882893,0.09534098497651872,0.08839510926839873,0.1461710578868436,0.9,0.7,0.5,14,1066.364886908645,6250.726604149906
6,11,0.6046721327054193,1.0641744162730653,1.010951600216319,0.3424235753508662,0.41538804304407473,0.08276675388173126,0.1668222250956097,0.1836898522894162,0.9,0.7,0.5,16,1150.643899190881,39491.374763334985
6,12,1.6667643195972797,2.1152845507436053,2.0489407944706026,1.4137345255780114,1.3468723835104601,0.16236488277083566,1.0,1.0,0.9,0.7,0.5,22,790.2778639420325,103420985.57414784
6,13,1.646561622819525,2.1121216640487086,2.0562769974322155,1.419157308182384,1.4483376366176328,0.1626302158678379,1.0,1.0,0.9,0.7,0.5,23,734.5705906724946,103421554.15532738
6,14,1.6440297284614995,2.098983509209683,2.029840981142894,1.417845706672031,1.3582489386021244,0.16241078504233517,1.0,1.0,0.9,0.7,0.5,24,775.0268846860771,104662693.81425647
6,15,1.643377361418695,2.109912113160871,2.053586873624969,1.4253343334251654,1.354496716140352,0.16329336718545548,1.0,1.0,0.9,0.7,0.5,25,725.6404905409217,103425372.38743392
6,16,1.6425581449834117,2.109140227374058,2.052785446285948,1.4235062823665592,1.3475104157115299,0.1626270069182662,1.0,1.0,0.9,0.7,0.5,26,725.9415131381295,103486917.3576418
6,17,1.6200644791642582,2.08848558323041,2.0311468810528055,1.4209506688132338,1.3515180096746358,0.14606122767709695,1.0,1.0,0.9,0.7,0.5,28,710.7283711661908,103552724.2299913
6,18,0.9114189106506044,1.3986193178027424,1.347735953310671,0.7758741977612967,0.7575770451216304,0.05575142356565958,0.502844503892627,0.532870079125199,0.9,0.7,0.5,31,858.0976470199382,332361.6680819966
6,19,1.3130687951772098,1.8117109817091235,1.7733909771380616,1.186254714548066,1.07898912690819,0.03813245723582317,1.0,0.677447530891542,0.9,0.7,0.5,34,783.0691003809536,2760680.2840503408
6,20,1.2290600702418146,1.728273517757132,1.6884611756710242,1.1222494996588224,1.0287480107320668,0.03990282110135577,1.0,0.5248140990068988,0.9,0.7,0.5,36,765.1876352719921,389565.653495873
6,21,1.2827244068922292,1.8040808724795503,1.7860209184735036,1.208855326819523,1.249810711272107,0.04080822047350498,1.0,0.6796011486818311,0.9,0.7,0.5,37,747.8226056313441,2893852.0613173167
6,22,1.2811838319354636,1.7908511483756167,1.7587185664203058,1.215742977662702,1.1244733327595968,0.04060178251645326,1.0,0.6884396863163003,0.9,0.7,0.5,38,796.4340646310869,2767895.360539624
6,23,1.2838454543840137,1.7818080876454547,1.7357454516306143,1.2110970196308544,1.1266426117192818,0.04178433718011375,1.0,0.7014889023359128,0.9,0.7,0.5,39,875.0759250824531,2769448.190060781
6,24,1.4443273836441572,1.953152175825085,1.9196159309588032,1.3833010134726034,1.2576618172986525,0.0790007928710914,0.9716545076921672,1.0,0.9,0.7,0.5,42,957.9203357111772,273881.85192823235
6,25,1.2523830260600346,1.7766216169312326,1.7628325729849288,1.2337780497857698,1.3436325615737803,0.04134940021861787,1.0,0.703246806524576,0.9,0.7,0.5,43,712.4274290733512,2882794.9491026704
6,26,1.2450592633140374,1.7574538844852854,1.730241309829428,1.2313738455019845,1.1005929217535186,0.04061750958051521,1.0,0.6935769568955763,0.9,0.7,0.5,44,816.0983096468162,2767367.562689167
6,27,1.2327149514718956,1.7587259080637743,1.7525985169796945,1.2384245740473334,1.2919945790869294,0.04497127863080585,1.0,0.7008768025399778,0.9,0.7,0.5,45,691.9119551855094,2887790.844251926
6,28,1.2342347401383194,1.7353078794767014,1.7019917314732478,1.248239535977847,1.1450524189259217,0.04071609563501052,1.0,0.7203878430394222,0.9,0.7,0.5,46,997.375241368352,2765698.0863983296
6,29,1.2290637984201043,1.738708046164891,1.7172043575449936,1.2522760030338806,1.1445513977093706,0.04399314728050353,1.0,0.7127559467864534,0.9,0.7,0.5,47,803.2334682985136,2888568.1661403514
6,30,1.2287601645380186,1.7348096211465727,1.7117943193840173,1.2619076284123216,1.1620462553275055,0.04359976831665771,1.0,0.7233196356701816,0.9,0.7,0.5,48,964.1255044669304,2764482.0188059374
6,31,1.2293001456866648,1.735040020851836,1.7118811375909588,1.2640966333751358,1.1082899521275835,0.04576718810179165,1.0,0.7215565860143509,0.9,0.7,0.5,49,807.1280111320631,2888243.53941772
6,32,1.2287741094649989,1.7339873266705337,1.710628410449404,1.2696978360330782,1.1097767278016124,0.04358381866342944,1.0,0.7257169836399335,0.9,0.7,0.5,50,968.2987771513478,2764399.6134127597
6,33,1.2266613478639967,1.7176729666698298,1.680113696471877,1.2754129725933407,1.128467857676129,0.04217963523268783,1.0,0.7320371074816838,0.9,0.7,0.5,52,968.1487177106944,2770025.203261249
6,34,1.3925395572138324,1.9026567654217206,1.8898294744100637,1.4648588642163443,1.2869180509435434,0.0821836477004872,1.0,1.0,0.9,0.7,0.5,56,766.010228125396,283003.58731923613
6,35,1.3866762278140579,1.889848460446059,1.8837761553779457,1.4833123212101509,1.4137306848148876,0.09602385686058544,1.0,1.0,0.9,0.7,0.5,58,864.917538907602,384376.5183987196
6,36,1.3650343105659946,1.8456091811610218,1.8230361855333217,1.498853580737351,1.3452458543634267,0.08202744185463172,1.0,1.0,0.9,0.7,0.5,60,813.5026310199794,405411.31774480006
6,37,1.3763043480521326,1.83378057295978,1.8047379248680326,1.5116832524726147,1.5635211668920084,0.11085943985798026,1.0,1.0,0.9,0.7,0.5,61,981.3770336264892,403126.8284782436
6,38,1.3697701734530519,1.8266245639360292,1.797416492691703,1.5088010093504036,1.296959741021075,0.10398178765833772,1.0,1.0,0.9,0.7,0.5,63,945.777663589898,403779.8452371492
6,39,1.3694983258962554,1.8370612806768591,1.8207222555605114,1.5184034593065197,1.2962599458935693,0.10398178765833772,1.0,1.0,0.9,0.7,0.5,65,954.5375491090967,404087.0017411215
6,40,1.3834355704452377,1.8349618292162229,1.8043434064075954,1.5459240093255113,1.363016418872161,0.12239583137947443,1.0,1.0,0.9,0.7,0.5,66,1079.3383049601794,403074.0899065568
6,41,1.3757176850524777,1.8464700700774024,1.8410341799007106,1.5472309562753899,1.3204942231983097,0.11559456951587796,1.0,1.0,0.9,0.7,0.5,68,971.9047132690214,369789.7220210833
6,42,1.3757176858279312,1.8576744194990005,1.86523920864634,1.5605802945636604,1.3040352829898807,0.11559457036157653,1.0,1.0,0.9,0.7,0.5,70,971.9047112516556,369789.7069027673
6,43,1.3755527989744454,1.8650915373991594,1.8847166470722063,1.5823946122265,1.3254304013791232,0.11748580014677781,1.0,1.0,0.9,0.7,0.5,72,1192.1940579894913,354718.92173399945
6,44,1.3731882829875262,1.8710263340935644,1.9029293489513828,1.577365997424881,1.3188560226917638,0.1163189769468466,1.0,1.0,0.9,0.7,0.5,74,1012.0895872763838,346706.8756090183
6,45,1.3753821514483806,1.8466892975608513,1.8515395304162592,1.5818392822371181,1.353465707516763,0.12100072246829949,1.0,1.0,0.9,0.7,0.5,75,956.7748994366968,373609.5668769524
6,46,1.3709390041236564,1.8184225392138567,1.796940232458526,1.5783862468788419,1.3166686606406985,0.11664212294425365,1.0,1.0,0.9,0.7,0.5,76,999.0095363669012,405372.09642297926
6,47,1.3723957194251444,1.8368769514946202,1.840057290564965,1.5881912039358232,1.3640268260108122,0.12093234460820376,1.0,1.0,0.9,0.7,0.5,77,940.1031131230042,374115.79028886737
6,48,1.3658875072434826,1.8160527456350972,1.8158037286679292,1.5965274266723004,1.3545010526682537,0.12004407615344057,1.0,1.0,0.9,0.7,0.5,80,945.9903619197028,391478.4959149016
6,49,1.3636372123841227,1.819074079586847,1.8304374095767662,1.6094112314475275,1.3362026754931406,0.11995750302899819,1.0,1.0,0.9,0.7,0.5,82,924.7483757833144,392250.4792587569
6,50,1.3595268662298707,1.7840308184968408,1.7674277262022713,1.6053004197639993,1.3468996099840522,0.1186711727746802,1.0,1.0,0.9,0.7,0.5,84,980.8776414844126,394135.9043760836
6,51,1.3570073415126438,1.801345241693392,1.8101564463612203,1.6244658962343548,1.317090613568358,0.11681768424488033,1.0,1.0,0.9,0.7,0.5,86,953.7683113432548,122574.32218604696
6,52,1.3562354118735582,1.7631815071446795,1.732134782792973,1.6260935626811426,1.3404985425887124,0.11731581977150014,1.0,1.0,0.9,0.7,0.5,87,1001.8611640814712,67159.37994071424
6,53,1.35030929109025,1.7729027172845813,1.7663399436482607,1.6234785078352982,1.3636766597368708,0.11306276456157975,1.0,1.0,0.9,0.7,0.5,88,967.649571090404,131982.92390529433
6,54,1.3545696996290566,1.7419678974009516,1.6960443358194461,1.6402178114754475,1.3221069829240402,0.1183686315017746,1.0,1.0,0.9,0.7,0.5,89,965.4428082983662,66334.91494532344
6,55,1.349232807062526,1.7290554013099904,1.6920264431813927,1.6343117689698987,1.472887591253629,0.1182111115029699,1.0,1.0,0.9,0.7,0.5,90,1044.5826287978252,66891.99806718824
6,56,1.3479474733181034,1.7240403396121144,1.6862085024367302,1.644166518470257,1.338802160504209,0.11784754808130674,1.0,1.0,0.9,0.7,0.5,91,1046.3606798518774,67348.98089795609
6,57,1.3469925726639744,1.718977678398328,1.6802664483902703,1.643769355698475,1.342035856523489,0.11792860385565851,1.0,1.0,0.9,0.7,0.5,92,1047.2368556944634,66805.78553955979
6,58,1.3563626563171114,1.7224931161355421,1.6825372562762055,1.6253470818285467,1.3676598536922415,0.12990988283214325,1.0,1.0,0.9,0.7,0.5,93,1153.4510419895964,66635.26528476637
6,59,1.340521530635098,1.689428714549928,1.645863400421133,1.6471300822406527,1.4522447350709058,0.11658908643872037,1.0,1.0,0.9,0.7,0.5,94,1023.2030448526288,106874.4848429965
6,60,1.3404240462320622,1.6892544165519272,1.6456731849725599,1.6434698066417452,1.3054986274987306,0.11649876071569634,1.0,1.0,0.9,0.7,0.5,95,1023.356118418005,115068.40228352044
6,61,1.3394502176731427,1.6790258019416104,1.633535252081876,1.6540770318281433,1.34471340448736,0.11752136233490515,1.0,1.0,0.9,0.7,0.5,97,1022.6388075690433,114901.68929350744
6,62,1.353207926859488,1.7210873263627309,1.7135084563848058,1.7152563525830278,1.331870632380177,0.13398061423556706,1.0,1.0,0.9,0.7,0.5,101,1185.556558561669,73684.37754787007
6,63,1.3521482002114946,1.7254843698685693,1.729740306550768,1.7106112732923795,1.343920019355862,0.13398061423556704,1.0,1.0,0.9,0.7,0.5,103,1166.415128944635,74070.06127992574
6,64,1.3520618234940502,1.736133937776426,1.7532952783877924,1.7213501311432946,1.322515872022651,0.13398061423556706,1.0,1.0,0.9,0.7,0.5,105,1154.9872163680036,74353.79078155819
6,65,1.3410113947715527,1.6686205030820525,1.6206896124124976,1.685455660861605,1.3132668961150222,0.12179277865727962,1.0,1.0,0.9,0.7,0.5,106,1113.9216927403247,73669.42270699341
6,66,1.3381390059513771,1.6886947348532835,1.6775943346107045,1.7087312366786016,1.4018458669511582,0.12083658080056725,1.0,1.0,0.9,0.7,0.5,107,1109.4698498224118,73585.90135739624
6,67,1.3310009398521512,1.6378919811650283,1.5965809093408416,1.7028885272115366,1.472093019083382,0.11660001477350176,1.0,1.0,0.9,0.7,0.5,108,1081.7685230989491,73721.18444285894
6,68,1.3331025083990975,1.6585543976931127,1.642486534302394,1.7197574067701995,1.3385339166263817,0.11957627030040056,1.0,1.0,0.9,0.7,0.5,109,1089.830912735733,74307.8284376035
6,69,1.3286587434108883,1.6282996316339262,1.6072028889086067,1.7161693274951906,1.5118564375515353,0.11858659466366968,1.0,1.0,0.9,0.7,0.5,110,1148.007769365306,74118.66128861136
6,70,1.327491382421601,1.609596967946422,1.5851321421060072,1.71904606107872,1.376378473750664,0.11965838708700505,1.0,1.0,0.9,0.7,0.5,112,1151.92920212484,73987.22814767889
6,71,1.3270320271970153,1.5929577685306877,1.5545433162607054,1.7224088960076793,1.3271177827871528,0.11977762590111614,1.0,1.0,0.9,0.7,0.5,114,1152.9806767589116,73837.68815614707
6,72,1.3279280476687165,1.5808827882758563,1.5400052079130178,1.712328039299376,1.4107272094597922,0.12234182019939273,1.0,1.0,0.9,0.7,0.5,115,1145.3990056562066,75544.69110253561
6,73,1.3254375963906642,1.5647649448608112,1.5213178150727193,1.7172148393269406,1.3613528919628322,0.12110350231725212,1.0,1.0,0.9,0.7,0.5,117,1104.5078524893904,74416.45815517347
6,74,1.3248339927205994,1.556104381391894,1.5111461200187386,1.723948992668261,1.3399543920164787,0.1212854848851227,1.0,1.0,0.9,0.7,0.5,119,1119.0665764458274,75188.37865773466
6,75,1.324723063385696,1.5478381473163647,1.5013558947061545,1.7348318651814951,1.371878163551072,0.12198843416748859,1.0,1.0,0.9,0.7,0.5,120,1132.4305201422776,75896.56060158683
6,76,1.3213200584543074,1.4724182359419586,1.434623265992773,1.7512669800190939,2.019235310891305,0.12562106743989795,1.0,1.0,0.9,0.7,0.5,121,8655.067421216248,78380.6566283319
6,77,1.3206866058136066,1.461732827878588,1.422123719909289,1.7614450468164609,1.3870080773634308,0.12551798807154937,1.0,1.0,0.9,0.7,0.5,122,8689.172447851011,78113.8819199951
6,78,1.3199927958111646,1.4607793528770348,1.421123555566109,1.7607370487701772,1.313208788257998,0.12476174896904288,1.0,1.0,0.9,0.7,0.5,124,8555.055741430027,78364.75686409659
6,79,1.3205409535721997,1.4699741857151654,1.4428583260062342,1.7762583281202928,1.3316783236413814,0.12551798807154937,1.0,1.0,0.9,0.7,0.5,125,8635.885759295388,78311.96542801347
6,80,1.3203825484573608,1.4581213306022518,1.4179160393170145,1.7684962498229475,1.3168353297097328,0.12537319677656153,1.0,1.0,0.9,0.7,0.5,126,8682.90056807857,79106.3898532933
6,81,1.3203494985472919,1.4437970162806844,1.4010229039227649,1.7787304839905256,1.4179087740205176,0.12612426970242924,1.0,1.0,0.9,0.7,0.5,127,8511.991630918725,79211.96314502535
6,82,1.3202552202577493,1.4503087116279856,1.4197100643031009,1.7824571428985292,1.3305119715605858,0.12626311812791863,1.0,1.0,0.9,0.7,0.5,129,8419.804871539774,77313.53517033267
6,83,1.3184058897659736,1.4515153813208077,1.4324577925370054,1.8031608965574215,1.3715819726060878,0.12462470573619885,1.0,1.0,0.9,0.7,0.5,130,8502.933031533217,77290.72629089514
6,84,1.3208956480333154,1.441703205902994,1.4094485218392836,1.801655145515281,1.322713297233531,0.1274460124445352,1.0,1.0,0.9,0.7,0.5,131,8510.634919230937,79332.99210515509
6,85,1.3192080008239808,1.4332548756955477,1.3997911112008312,1.8147245952488547,1.3380409218953617,0.12590388835888486,1.0,1.0,0.9,0.7,0.5,133,8442.421475351022,76175.3791655753
6,86,1.3182768369122924,1.4493331824725662,1.4409063406060416,1.8368812439925375,1.3517847920092225,0.12512562787571035,1.0,1.0,0.9,0.7,0.5,134,8535.757193331141,81328.70076035468
6,87,1.3201984307626398,1.4310302867233184,1.40799402127263,1.8455723463172533,1.3367778813085798,0.1276760388739458,1.0,1.0,0.9,0.7,0.5,137,8476.924832951674,77762.42092590309
6,88,1.3121579365515623,1.426862029069176,1.4265293759225004,1.8562998068366685,1.3748280172567564,0.11954090801304648,1.0,1.0,0.9,0.7,0.5,139,8315.89444617992,77463.85394504984
6,89,1.3122280126391872,1.4341322259165825,1.4460890061170348,1.8678163604269298,1.3223036232339165,0.11978216334986383,1.0,1.0,0.9,0.7,0.5,141,8302.591895385378,77079.50720721099
6,90,1.3120153953375722,1.413858989155274,1.411244652049827,1.8670191783501544,1.3719576432197553,0.1198963574117752,1.0,1.0,0.9,0.7,0.5,142,8262.239277191293,76966.50525422285
6,91,1.312040009200604,1.420635584576388,1.4302329547418724,1.8824253952349526,1.3161277942300655,0.12009436768208148,1.0,1.0,0.9,0.7,0.5,146,8401.47960803878,77871.58243925034
6,92,1.31087112555997,1.4041634377118144,1.4000345253618673,1.8963522882449049,1.3144524125789412,0.1189495339794839,1.0,1.0,0.9,0.7,0.5,150,8329.465366621906,81724.2143204876
6,93,1.3035124541021936,1.3848425968637832,1.37859844880264,1.8410059913979109,1.3432227060663982,0.11120565687646733,1.0,1.0,0.9,0.7,0.5,152,8281.91520166061,76139.75073291003
6,94,1.3029909903581707,1.3437186492904893,1.308263266096428,1.9001173476021316,1.365572705772524,0.11123862527539416,1.0,1.0,0.9,0.7,0.5,154,8311.808037393615,76344.0965241031
6,95,1.3015944573025542,1.3355580870047632,1.2989113562576429,1.909676764629707,1.3110586154964494,0.10990150695293646,1.0,1.0,0.9,0.7,0.5,158,8300.641497869636,77541.90839982513
6,96,1.307273252108166,1.3320625719661594,1.3379419402702146,1.9458209713824188,1.4025435898660283,0.11770000556778201,1.0,1.0,0.9,0.7,0.5,162,8391.643824326673,82762.58911073356
6,97,1.3063204680685971,1.3225258203467245,1.3379464009649538,1.9634559183744014,1.3406603378723632,0.11709954639235505,1.0,1.0,0.9,0.7,0.5,166,8440.757043295187,82520.17584271505
6,98,1.3050333514418344,1.3157907214003326,1.3302598430319923,1.9696568796598943,1.323617782927871,0.11578840704060875,1.0,1.0,0.9,0.7,0.5,168,8357.963034132456,82581.66109200066
6,99,1.3064431869238133,1.3060316446182796,1.3295992146969833,1.9776444686308636,1.3458110601207733,0.1178129384647553,1.0,1.0,0.9,0.7,0.5,172,8447.695505826265,82461.06815743093
6,100,1.3060160683256257,1.3166061530636213,1.3531388771107993,1.9973846490099683,1.3058963060936906,0.11734230380628481,1.0,1.0,0.9,0.7,0.5,177,8459.706670439507,82667.54161849954
6,101,1.305938629806099,1.314799764853293,1.3510312738280794,2.0051533422737347,1.3178607805959865,0.11728971329819242,1.0,1.0,0.9,0.7,0.5,178,8390.01967818335,80939.05475991135
6,102,1.306752853021572,1.3117087112900303,1.3472598732124907,2.0176392492004287,1.3342459670148523,0.11826914036716034,1.0,1.0,0.9,0.7,0.5,179,8346.664559339259,80826.62296134446
6,103,1.3067247597839953,1.3100140227814716,1.345275059605445,2.0095013724592965,1.3182087873862598,0.11826914036716034,1.0,1.0,0.9,0.7,0.5,180,8358.346248916405,80775.23275847916
6,104,1.3074507161985283,1.3211989737817593,1.3693306175319142,2.0224823460364574,1.312490285527177,0.11908977897678823,1.0,1.0,0.9,0.7,0.5,181,8349.327565392234,80728.32515957323
6,105,1.3073179336418055,1.320686527165913,1.368751985034586,2.0223199415281514,1.3097484785972444,0.118949325517099,1.0,1.0,0.9,0.7,0.5,182,8356.871628315703,80501.27513195692
6,106,1.307854928896766,1.3163678350753756,1.3635881018114921,2.057353292981892,1.319162001951654,0.11963561424394986,1.0,1.0,0.9,0.7,0.5,185,8392.828087850825,80375.59941801775
6,107,1.3072048410927528,1.3076974554969922,1.3535217814667888,2.0679846160240327,1.335619466459763,0.11905710438756903,1.0,1.0,0.9,0.7,0.5,187,8382.022702126416,80093.053538111
6,108,1.3078815733737126,1.3414602637822046,1.4261946310400542,2.1092397619961916,1.308175680712837,0.11981827446538915,1.0,1.0,0.9,0.7,0.5,198,8300.200060855956,79841.61448143396
6,109,1.3068434308968333,1.3375472544816827,1.4217817172288827,2.119942414074048,1.317044069723342,0.11871492321870378,1.0,1.0,0.9,0.7,0.5,200,8312.343057931404,80077.51503604407
7,0,0.7080529351620791,0.9229536903391642,0.8607852300314258,0.005684717174335176,0.0,0.0,0.0,0.0,0.9,0.7,0.5,1,5272.118751306345,8587.343653980564
7,1,0.7350859278280114,0.9611719522544794,0.8981080125167201,0.05204834574307775,0.06171277385913239,0.0481506145590692,0.00010521765220967,7.671314551957001e-05,0.9,0.7,0.5,3,5205.5116331844665,8599.742662838558
7,2,0.7491944365973897,1.0806461970533532,1.0214672811262295,0.22532953003328693,0.5779256142179181,0.12977108852196678,0.04142382783169663,0.11830551012944332,0.9,0.7,0.5,4,4410.455193163619,43614.71142003719
7,3,0.5775832156080114,0.9519808635810542,0.8869583186184734,0.1158767084469629,0.34775251923437067,0.05883971727207192,0.05396188451206363,0.03934307421000492,0.9,0.7,0.5,5,3229.0901160406984,6597.545714095783
7,4,0.624747517443563,1.000741038200485,0.9355057059746115,0.1657788821212158,0.16987149192741413,0.05900207381978345,0.10079562491570429,0.07348908932592457,0.9,0.7,0.5,6,2735.000803502143,6063.407108942711
7,5,0.5723458824939887,0.96473686637979,0.9116371814958055,0.14569471198979497,0.15290117152701999,0.07237457647515629,0.04130030053043442,0.04839730732943004,0.9,0.7,0.5,7,3020.450130362157,6215.3022336109925
7,6,0.5814052318447247,1.0164738109187381,0.954492688951207,0.24537705525616116,0.5840934974312136,0.08472121870891339,0.09538571234376028,0.15764858433944814,0.9,0.7,0.5,8,2377.9462815708507,40880.13710417795
7,7,0.5745732997058192,1.0233551438286486,0.9736341424024755,0.2512288702516003,0.236711986058194,0.08472121870891337,0.09538571234376028,0.15764858433944814,0.9,0.7,0.5,10,2437.045289628796,41639.3222603148
7,8,0.56937670715001,1.0093541538276922,0.9459282137522294,0.25621624739934185,0.25204648478618197,0.08509661208506637,0.09613513561765104,0.15855756875672655,0.9,0.7,0.5,11,2389.3375110356947,41567.26905435579
7,9,0.5492200012717496,0.9970520220140366,0.9309672764567523,0.2629476788985057,0.3346964893074217,0.08803513803575753,0.09610106286107747,0.15976228594440472,0.9,0.7,0.5,12,1845.7618210558423,37616.00346218917
7,10,0.5480584053055533,1.0031133435691004,0.9339425578724342,0.29220126548315123,0.3134764486204159,0.10320397727358036,0.10255212060245548,0.17158891590924613,0.9,0.7,0.5,14,1696.9409155823807,38388.12133837413
7,11,0.5303518383145731,0.9902693928133176,0.9182509302805026,0.298821131438224,0.3122100262973959,0.10129941621457783,0.10719979545945937,0.17607957678689323,0.9,0.7,0.5,16,1304.1913146371433,33449.802124298345
7,12,0.5029433807046503,0.9629384059450747,0.8908873560938296,0.2760696891862988,0.22860857700090947,0.10727992544797191,0.07390875384851119,0.15764037038479659,0.9,0.7,0.5,17,1605.8639860952833,33541.52080556502
7,13,0.6156315521458153,1.089246577548825,1.0282484789320445,0.41036471170325417,0.4328225622338411,0.08078974583277293,0.21011246297718472,0.26758893511338616,0.9,0.7,0.5,18,2513.7106098504155,1070370.658746797
7,14,0.6050358582634268,1.0923871727911076,1.0412324592220301,0.4247550363065479,0.4283351482494442,0.0746329392768169,0.21346132919521882,0.2947258765157686,0.9,0.7,0.5,20,3133.8759782460884,1089788.085262251
7,15,0.603022504886483,1.0906110302166536,1.0389769223015475,0.4330455431282517,0.3747562991797818,0.07678849154020971,0.21641376800961193,0.28875825412780987,0.9,0.7,0.5,22,3125.731158600967,1068898.3369256645
7,16,0.6627082957843213,1.1508375502458594,1.0976787642922536,0.5090311216117859,0.4549193810199906,0.08497535958310984,0.2854577253172949,0.3156193746476169,0.9,0.7,0.5,25,1977.505586981784,1060444.2362632882
7,17,0.754701731591456,1.2429264027286697,1.1889334602149106,0.6163643943768247,0.547996983318642,0.06403265674998064,0.3895343747132693,0.4015278675222538,0.9,0.7,0.5,27,2641.691969690072,2496431.379878114
7,18,0.6610937783684474,1.149327125225613,1.0947999729701543,0.5236999548226198,0.4623010747968349,0.08503530866570647,0.28734563080944425,0.3258286535405416,0.9,0.7,0.5,28,1943.9966535780688,1059414.9636438803
7,19,0.7444116545428484,1.2297433707157304,1.1688452856126532,0.6489030338417554,0.8183865053192914,0.05791355329006866,0.4305785979491512,0.4093556345176661,0.9,0.7,0.5,29,2075.7882624454214,2496178.015657014
7,20,0.7241698790039961,1.218025055834215,1.167626657508533,0.6473542113673973,0.6006941099205292,0.06726117305389433,0.40518897245573643,0.4114359831023856,0.9,0.7,0.5,31,2136.778475991747,2495939.332399483
7,21,0.7673538201169722,1.2443107795023978,1.1769550835541356,0.7098284358220619,0.6911574161191131,0.06252791153507968,0.4573870084424702,0.46806677037858363,0.9,0.7,0.5,33,2086.8252613284835,2527315.103871404
7,22,0.7190137417427853,1.202825027334095,1.1460400375375575,0.6805251748810501,0.6215367199626151,0.05478261489149686,0.45292229685880814,0.4112547513451948,0.9,0.7,0.5,35,2031.620515951045,2472934.8788446924
7,23,0.804198300787939,1.2821624887620204,1.2225398551093294,0.7780410412202423,0.7257354354856931,0.050670119156962165,0.4595156018417068,0.6012416969116933,0.9,0.7,0.5,37,4190.463463365615,2474902.0380896046
7,24,0.7939400027121482,1.2604666273864236,1.196104689944038,0.7908844096986549,0.7705019463529592,0.051162254859219734,0.4735668470533751,0.5926388189709163,0.9,0.7,0.5,39,4163.060816212885,2474797.674482484
7,25,0.794732193030695,1.2564698394735427,1.1903302927770252,0.8025851844174495,0.7164932300875565,0.04758869688186359,0.48428281805123746,0.5968352009666333,0.9,0.7,0.5,41,3913.7712532256073,2473355.977969396
7,26,0.7914855631543685,1.2529476179208823,1.186708573307916,0.8090001823274746,0.6793327612093476,0.04747299997915757,0.4829477161281758,0.5930300317102896,0.9,0.7,0.5,43,3912.1132958360017,2472811.596904972
7,27,1.5601916666053888,2.041164093433923,2.009140584403383,1.6190769792424633,1.557852203140322,0.2887275771177744,1.0,1.0,0.9,0.7,0.5,45,2680.77640377047,28703634887.94477
7,28,1.641134366591903,2.0783784869685324,2.023908074927168,1.7274029299794995,1.7559767035560192,0.40381439832064003,1.0,1.0,0.9,0.7,0.5,47,2632.2548883681693,6017745080.622872
7,29,1.5331589421617031,1.9799140057544447,1.9379975936051639,1.6266387010445158,1.4652344739670728,0.2848570463378991,1.0,1.0,0.9,0.7,0.5,49,2748.0494670338526,28703714863.84209
7,30,1.5328826801233786,1.9567174036669412,1.898742804179852,1.6341268042052657,1.5868033577620513,0.2913703150200154,1.0,1.0,0.9,0.7,0.5,50,2763.090779317235,28702755311.04349
7,31,1.3428079390796153,1.7637431573922266,1.7050295178074133,1.4577562004317521,1.2778876097302243,0.08174909845932195,1.0,1.0,0.9,0.7,0.5,57,2243.079564945845,382193715096670.9
7,32,1.345876920890615,1.7772711385248723,1.7313684491435262,1.47390541550834,1.2848155328544377,0.08556109898188059,1.0,1.0,0.9,0.7,0.5,58,3556.397238294571,382233678015830.4
7,33,1.3409238558231225,1.7577199252208355,1.6979636853515045,1.463895030810399,1.3083792768931288,0.08182150515881823,1.0,1.0,0.9,0.7,0.5,59,2222.2232294662376,382193765027499.8
7,34,1.3352337770460772,1.73289928331183,1.6684823692445252,1.4571473963070727,1.4660001978508275,0.08448136708919479,1.0,1.0,0.9,0.7,0.5,60,2693.320885757425,382233616881124.9
7,35,1.3320381400345827,1.7227172077914397,1.6566526815997975,1.4692156595803523,1.3090894544902247,0.08385742853324657,1.0,1.0,0.9,0.7,0.5,62,2405.816959292845,382233627783337.06
7,36,1.3292660170275,1.7164997137266205,1.6496317908335225,1.4738096800159808,1.2903647902758946,0.08216162836593047,1.0,1.0,0.9,0.7,0.5,64,2470.56733790719,382233548929068.1
7,37,1.3285602082031662,1.7049827939442193,1.6356337891680754,1.485230282635512,1.3780183169725948,0.08546176599313374,1.0,1.0,0.9,0.7,0.5,65,2599.653399998219,382233646748292.4
7,38,1.3262543607702382,1.6928885584734819,1.621337225864841,1.4815747564669133,1.3674916719478578,0.08631296396282628,1.0,1.0,0.9,0.7,0.5,66,3667.5480913634287,382233601456425.25
7,39,2.1376617754257117,2.5072672859296405,2.4786831320436145,2.3250021573810304,2.222825409518765,1.0,1.0,1.0,0.9,0.7,0.5,69,2196.1948309282807,277590728324564.6
7,40,2.1369778409626052,2.5035082830305044,2.4742803090401173,2.3379923366031132,2.1065654540588334,1.0,1.0,1.0,0.9,0.7,0.5,73,2216.201656046393,277590708448557.6
7,41,2.130385807436662,2.4188651528019207,2.3308146823583016,2.33832110787791,2.3786562455948825,1.0,1.0,1.0,0.9,0.7,0.5,74,3586.5871227386683,382194085903401.9
7,42,2.1289669880008555,2.43159502030848,2.367887961212113,2.3544302427321244,2.1335292175423772,1.0,1.0,1.0,0.9,0.7,0.5,76,3520.2378136230536,411328227339716.9
7,43,2.127050700327601,2.4179357881882986,2.351889506596426,2.35660500706177,2.147697742181939,1.0,1.0,1.0,0.9,0.7,0.5,78,3527.793338762492,382194103504174.1
7,44,2.126496611200869,2.4138261364991456,2.3470761252690413,2.3630931680893967,2.1143506802807255,1.0,1.0,1.0,0.9,0.7,0.5,80,3479.2542658934026,382194113995829.6
7,45,2.1258956987066755,2.420487095791146,2.3659594459975715,2.373012725283205,2.115867854202739,1.0,1.0,1.0,0.9,0.7,0.5,82,3517.2473846261337,411328249555448.3
7,46,2.1253389426030247,2.41619365694974,2.3609307134764834,2.3830254431522016,2.1149952428025895,1.0,1.0,1.0,0.9,0.7,0.5,84,3481.7317912790904,411328320491752.6
7,47,2.1244633490137614,2.431683580071147,2.401236950485367,2.3928582034167487,2.1241776930781833,1.0,1.0,1.0,0.9,0.7,0.5,86,2467.4371090243267,382194120378967.2
7,48,2.123717753959354,2.414416477928659,2.369930779223557,2.3958071979406563,2.142388787664653,1.0,1.0,1.0,0.9,0.7,0.5,87,2425.8772273772165,382194071157387.6
7,49,2.1233302445027693,2.411191740007001,2.366153931353493,2.4060301134743898,2.1112466199795996,1.0,1.0,1.0,0.9,0.7,0.5,89,2407.935793100598,382194084792827.4
7,50,2.1228291696493264,2.406953351828874,2.361189830436853,2.4091758672001693,2.129571614436521,1.0,1.0,1.0,0.9,0.7,0.5,90,2407.895641805625,382194084791961.0
7,51,2.1220607635745887,2.389093685714567,2.329189706029217,2.408516983699771,2.1464607230984694,1.0,1.0,1.0,0.9,0.7,0.5,91,2379.437017051706,382194108204549.3
7,52,1.282147903190319,1.572962980389952,1.5501668697612203,1.7101825725904436,1.2638065440179833,0.06812789590642221,1.0,1.0,0.9,0.7,0.5,122,2087.0899332414147,34399834056770.555
7,53,1.2811931114779922,1.5699861169521594,1.5468018267253858,1.7019377276937764,1.276434678140474,0.06733839130138743,1.0,1.0,0.9,0.7,0.5,123,2084.6281589790333,34399826612001.867
7,54,1.280275437640697,1.5727286682086805,1.5611008844483254,1.7047955898743203,1.3194614541387808,0.06730469494829246,1.0,1.0,0.9,0.7,0.5,124,2114.807695496813,34399834017888.805
7,55,1.279564958534047,1.5821523992439341,1.5833208009271211,1.722898843677345,1.2683195160885248,0.06665177794706192,1.0,1.0,0.9,0.7,0.5,125,2139.180609235291,34399779832308.883
7,56,1.2797577802065032,1.5695257352149983,1.5573855039009825,1.7308670468858873,1.2729310922296868,0.06707057584804528,1.0,1.0,0.9,0.7,0.5,126,2153.940034813561,34399782633561.945
7,57,1.279695832790317,1.5677523340081567,1.5552859484358037,1.715253462338088,1.273794689772722,0.06721648423655989,1.0,1.0,0.9,0.7,0.5,127,2119.962609242129,34399834298733.105
7,58,1.2797989800237273,1.57903155145349,1.5795602953921093,1.730553056516519,1.2608222227663808,0.06733462457737947,1.0,1.0,0.9,0.7,0.5,128,2079.103890172395,34399836360647.797
7,59,1.279800226039181,1.5767985872896029,1.5769019637635044,1.741651908729664,1.2695281553228877,0.06761330496160929,1.0,1.0,0.9,0.7,0.5,130,2117.800689499346,34399833793867.08
7,60,1.2805305300475045,1.5406630974365565,1.5229160299399016,1.7387474746083877,1.4620436321507473,0.07137829704425472,1.0,1.0,0.9,0.7,0.5,131,2175.6005349943525,34399804619646.824
7,61,1.2819026510708265,1.5388703269203317,1.5205288518020044,1.7401156002069023,1.2903694825575014,0.07324272564676769,1.0,1.0,0.9,0.7,0.5,132,2231.04228156734,34399803322490.133
7,62,1.2808863786368625,1.529650278122404,1.509773405184137,1.7464201793438852,1.328279393397586,0.07295996553667881,1.0,1.0,0.9,0.7,0.5,133,2234.8740626232798,34399803603550.75
7,63,1.280886378926613,1.5296502780734678,1.5097734051352005,1.7464201794089829,1.2656654258691404,0.0729599654823051,1.0,1.0,0.9,0.7,0.5,134,2234.874062572294,34399803603550.75
7,64,1.2805076781768006,1.5099262403096676,1.4755309851902847,1.7452814994514934,1.327758163307038,0.07334140628212885,1.0,1.0,0.9,0.7,0.5,135,2238.0143685606963,34399803538194.586
7,65,1.278553948546063,1.514872417059655,1.4926771779182508,1.7513115711715856,1.297043519265121,0.07158179234219421,1.0,1.0,0.9,0.7,0.5,136,2186.1387633019326,34399800194347.52
7,66,1.2796226206799108,1.544525536006287,1.560398222867497,1.7757089223693014,1.2786525120860646,0.07324010582771853,1.0,1.0,0.9,0.7,0.5,139,2242.612561774098,34399795944421.773
7,67,1.2785873321583796,1.537399275438034,1.5521434087336967,1.7820663606348186,1.2884845823624966,0.07264408068321378,1.0,1.0,0.9,0.7,0.5,141,2240.040114669334,34399794832059.05
7,68,1.2764122257682808,1.5472390892612988,1.5860657698460294,1.791753853828574,1.3419116833516764,0.07112546137264601,1.0,1.0,0.9,0.7,0.5,142,2297.375448693136,34399793702993.2
7,69,1.2763360055496071,1.5416671276308902,1.5794820057048917,1.7991506640232304,1.3056636726733306,0.07149925097677726,1.0,1.0,0.9,0.7,0.5,143,2295.23520233587,34399792590633.32
7,70,1.2761764157717623,1.527913183556188,1.5522878749031521,1.7985388889623006,1.2824477230341211,0.07151881977049294,1.0,1.0,0.9,0.7,0.5,144,2303.238107886308,34399792517297.3
7,71,1.2731741076417231,1.5313833912168235,1.5678901369660185,1.7953973996061636,1.296901286804841,0.06855975945848566,1.0,1.0,0.9,0.7,0.5,145,2296.061053857919,34399797332058.92
7,72,1.2750586243045432,1.528520894184965,1.5641573585174193,1.8051552738409742,1.2994721442471078,0.07102579438504994,1.0,1.0,0.9,0.7,0.5,146,2287.5715472081297,34399803100307.73
7,73,1.2731834783292055,1.526119877593287,1.5616601365704907,1.8184589383657843,1.2659549265874035,0.0689822096266488,1.0,1.0,0.9,0.7,0.5,147,2212.7539942043904,34399794043357.074
7,74,1.2730854994761618,1.510306166267786,1.5320202505559282,1.8214513280255602,1.2791517360586349,0.0692175923952328,1.0,1.0,0.9,0.7,0.5,149,2269.0329230067177,34399792202737.52
7,75,1.2729972819557673,1.5201118519584176,1.5545869165795596,1.8333004037999574,1.2671631054043864,0.06921759239523284,1.0,1.0,0.9,0.7,0.5,151,2275.332076343183,34399795111549.35
7,76,1.2716757680177166,1.5146856361594945,1.5484106941064963,1.8274228110537658,1.2918924678688237,0.06805393177176527,1.0,1.0,0.9,0.7,0.5,152,2327.7461653933656,34399776372090.84
7,77,1.277480770301085,1.484784981779586,1.5010532974663817,1.8361228299807353,1.3594101725175296,0.07619268474200086,1.0,1.0,0.9,0.7,0.5,154,2045.721483759347,39714835152924.23
7,78,1.2769114098203969,1.4737404987980716,1.4881129770420936,1.8502273890632635,1.3459232360843671,0.07622138394356247,1.0,1.0,0.9,0.7,0.5,155,2095.080695131814,39714835268790.37
7,79,1.2784000488121126,1.465986980373803,1.478690924585277,1.854135256146825,1.338647220414359,0.07843109430827039,1.0,1.0,0.9,0.7,0.5,156,2225.737135586466,39714896969197.92
7,80,1.2778706078379602,1.4629763492996068,1.475233163858323,1.860988787495612,1.2793046000412271,0.07798760112573008,1.0,1.0,0.9,0.7,0.5,158,2254.616556046293,39714897357492.36
7,81,1.2763814953713863,1.4719686387114277,1.4970956918218778,1.8765259360493616,1.2740415986674252,0.07637489347515967,1.0,1.0,0.9,0.7,0.5,159,2137.154146227356,39714836845795.14
7,82,1.278210122128483,1.472252170106145,1.4971008471927068,1.8848931069304218,1.282044567111511,0.07849607641359478,1.0,1.0,0.9,0.7,0.5,160,2214.933630338909,39714917303774.29
7,83,1.2786585354961488,1.4496116329795359,1.4593223222500298,1.881018972711032,1.3589172536407137,0.07965710448793498,1.0,1.0,0.9,0.7,0.5,161,2084.040370611224,39716980843193.05
7,84,1.2769651802970103,1.4113417898146934,1.4145091497215914,1.8812153256245998,1.538435641018758,0.07958808406890476,1.0,1.0,0.9,0.7,0.5,162,2152.896478738828,39716978783012.92
7,85,1.2769096196269425,1.4211165308778295,1.4370395301845533,1.893478777173471,1.2765995564138093,0.07958808406890476,1.0,1.0,0.9,0.7,0.5,164,2155.996414456129,39716979930625.945
7,86,1.2753827148891337,1.4127219535906974,1.42742196967089,1.8991683405080182,1.29531125294822,0.0781954419664863,1.0,1.0,0.9,0.7,0.5,166,2139.472953049542,39716983312540.22
7,87,1.2784905505827173,1.4253021298248894,1.4526944917112639,1.9146122724340144,1.286099286241858,0.08172366750277486,1.0,1.0,0.9,0.7,0.5,167,2113.09147491935,39716980222070.08
7,88,1.2775531208200057,1.4115190035733194,1.4256188569749306,1.9125485772294977,1.2845886143590723,0.08075264897236303,1.0,1.0,0.9,0.7,0.5,168,2147.399834945535,39716961395619.24
7,89,1.27828734648093,1.4597627747434883,1.5483652108279837,1.8665274328249037,1.3455296980509337,0.08237413908882234,1.0,1.0,0.9,0.7,0.5,170,2112.9605516629936,39716980222069.484
7,90,1.27409774739111,1.3379467257425919,1.3396453357248022,1.8819512921750063,1.3622651660911413,0.07946493442815847,1.0,1.0,0.9,0.7,0.5,174,2042.3372939070389,34401825393685.168
7,91,1.273849225678469,1.3374373373554942,1.3390901994266944,1.889129341239355,1.272222822170996,0.07919690097304496,1.0,1.0,0.9,0.7,0.5,176,2017.5821000750725,34401833474710.76
7,92,1.2749162049093674,1.3242741726790117,1.3123939394272846,1.888295921769259,1.2941734194599754,0.0804745924105284,1.0,1.0,0.9,0.7,0.5,177,2046.4546542517155,34401830619843.1
7,93,1.2728016209307667,1.3503322510568483,1.3764968501300596,1.9280678019692468,1.2899828923961172,0.07828744068621987,1.0,1.0,0.9,0.7,0.5,179,2042.499158884662,34401825393685.04
7,94,1.274860889740991,1.3264426639177633,1.3259839572295924,1.9302614327522485,1.2811514008043514,0.08067981603895083,1.0,1.0,0.9,0.7,0.5,182,2062.021538561083,34401837666007.125
7,95,1.2722678529598785,1.392433039501982,1.4812490709912884,1.9195350277498522,1.3404596028679197,0.07807594631284057,1.0,1.0,0.9,0.7,0.5,183,2082.752139791519,34401837384527.8
7,96,1.2727946796574003,1.3221956064331197,1.3323873026966444,1.94779561736502,1.296210525038734,0.07875832219052839,1.0,1.0,0.9,0.7,0.5,184,2078.68870854242,34401835167443.625
7,97,1.275281114772898,1.3571080653525684,1.4060933323612332,1.9952870681497945,1.2743410703918037,0.0815532111091719,1.0,1.0,0.9,0.7,0.5,193,2055.4097142985347,34401791907860.96
7,98,1.2759396722289598,1.3553407252482526,1.4039003322479353,1.9901778462774802,1.2799437730701433,0.08235067626619844,1.0,1.0,0.9,0.7,0.5,196,2025.6031657902445,34401790871813.117
7,99,1.2758203713305714,1.33223882018522,1.3657337021446487,1.9872096660267267,1.3583281992386174,0.08252398113698535,1.0,1.0,0.9,0.7,0.5,197,2076.1706170274374,34401851051443.77
7,100,1.2755248914829018,1.35367769976197,1.4130553564008583,2.002080408964455,1.2788035258079689,0.08221270805913772,1.0,1.0,0.9,0.7,0.5,198,1993.6809179691604,34401812485043.312
7,101,1.273901463670875,1.3406809158324087,1.3870286417591766,2.009882588797197,1.273587592097548,0.08041316376627314,1.0,1.0,0.9,0.7,0.5,199,2074.6445785808564,34401851376061.24
8,0,0.9715185392425278,0.9935479596847923,0.9434691961836249,0.012176214320389107,0.0,0.0,0.0,0.0,0.9,0.7,0.5,1,1198.4437216261465,7671.279404044189
8,1,1.0228610247233128,1.062200260990943,1.0112232172704918,0.08898673236254984,0.09221376981409858,0.0819237728721522,9.158662429444001e-05,0.00020398985418201002,0.9,0.7,0.5,3,1364.070827993687,7012.180407012359
8,2,1.4235087209132473,1.6995632107849654,1.6461289851826453,0.8137591937195826,1.4207284506774664,0.10118013589516975,0.37137507466127034,0.8785835543492599,0.9,0.7,0.5,4,4006.501595852733,3135.569295109509
8,3,0.7812451907713268,1.1143191905584693,1.0548967034446393,0.25017064926580596,0.48428157138846245,0.10036314098789148,0.08254789338033316,0.1838579908737494,0.9,0.7,0.5,5,1254.860433665775,4662.49042929165
8,4,0.7496790543618305,1.1299088054270494,1.0640315202896566,0.30610620251412923,0.42583903347047203,0.09131061849941949,0.13713745069238117,0.23028749343232646,0.9,0.7,0.5,7,1307.059635101676,5297.274420616968
8,5,0.6984591734378618,1.1270099365841124,1.0506385864371341,0.36419795098298124,0.5647681298806897,0.10451849422972914,0.13620343582319144,0.3245758926664283,0.9,0.7,0.5,9,1326.601567652399,1862.882493045617
8,6,0.6910534285137044,1.1221915999538072,1.0450093879700397,0.36942015476030177,0.3681505414038929,0.1042998558317368,0.13629892754043435,0.324669845779615,0.9,0.7,0.5,11,1352.5658947886398,1850.877489662988
8,7,0.6965404908290158,1.1298303288781755,1.0519344698394735,0.3845196916518081,0.39253080299615295,0.10407012073037711,0.14431254211004063,0.3374756162028283,0.9,0.7,0.5,12,1410.6791391449185,1809.296752902996
8,8,0.6844553582344337,1.1178869837640324,1.039942128184393,0.3759501253864649,0.3537544531043057,0.10408564745051237,0.13658540269216174,0.32495170511918525,0.9,0.7,0.5,13,1380.1295981219826,1840.784957439478
8,9,0.6774652518618498,1.1145784538879118,1.0353050256328487,0.38526011217831596,0.4104042762551412,0.10444148404658216,0.14231547619425308,0.3251881173257945,0.9,0.7,0.5,14,1302.8677062778163,4139.0100282831045
8,10,0.6185631096116879,1.0958828357805142,1.0527624275195466,0.37269437968211827,0.37861957145873115,0.09792226779500252,0.14191001662524627,0.2661400350384307,0.9,0.7,0.5,16,1888.7567707503915,30332.83537367561
8,11,0.5885908143429648,1.0735979363239976,1.025424073718769,0.3844479091983965,0.4308089855461896,0.0942073270613274,0.15130049453683678,0.2741268229826926,0.9,0.7,0.5,18,1666.9625745967492,31235.592108908902
8,12,0.5874301417959393,1.0728176152354842,1.0242685879806055,0.39597502534215523,0.3368216753418125,0.09563345668537107,0.15137620236580154,0.2742746422315306,0.9,0.7,0.5,20,1680.9591941480612,30954.30087956924
8,13,0.6050704356835486,1.104387347854944,1.0641258138937275,0.45060625234484036,0.44112800551866704,0.09072007863487348,0.19622868944956945,0.3160964141148487,0.9,0.7,0.5,23,1682.8709288726125,40978.85955574019
8,14,1.197008186413964,1.6739818961762567,1.6056512391334636,1.067647485859902,1.0233017678372616,0.13128403977878342,0.5185427106556899,1.0,0.9,0.7,0.5,25,1537.692568184592,57156.13808189639
8,15,1.190596942364364,1.6666952835806537,1.5956341786780903,1.082919651541221,1.04549389203568,0.13343005812339856,0.5281505158141602,1.0,0.9,0.7,0.5,27,1032.1208469875014,50277.89969599218
8,16,1.1885727995812796,1.6644576198743721,1.593006521764409,1.088704709487983,0.9977801832329868,0.1335591498870853,0.5280413382587226,1.0,0.9,0.7,0.5,29,1013.4415670239076,50314.54722010674
8,17,1.1870512311292993,1.6628723698865766,1.5912610721758993,1.0932391506712835,0.9959457895232057,0.13351439617120736,0.5271706921196609,1.0,0.9,0.7,0.5,30,986.1722235731736,51060.92990276196
8,18,1.1894203162133552,1.6648621398022407,1.5926977967287197,1.1018233913492488,1.0167152665655708,0.13234140145422446,0.5361344752156882,1.0,0.9,0.7,0.5,31,942.87170514742,48324.63778806567
8,19,1.1561964256758503,1.631432610047399,1.558972574013795,1.0723552321609326,0.9747431246800984,0.12940266007832274,0.49462340786635994,1.0,0.9,0.7,0.5,32,1055.2995237039058,47569.15234907328
8,20,1.1583556986862726,1.643811160828118,1.583105641731942,1.0801342500623567,1.0219526326406598,0.13226471299864634,0.5030142511298786,1.0,0.9,0.7,0.5,33,2263.6123687900026,58272.46052412357
8,21,1.1568592289001218,1.642149186896462,1.581256805084827,1.0879064794764217,0.974387080618679,0.1373748976470126,0.4956287199258946,1.0,0.9,0.7,0.5,35,1462.7997227809683,54347.44035176147
8,22,1.1485815107738055,1.677201022442774,1.6668093961019066,1.1223646436596717,1.0001953349432182,0.13374429452472314,0.4988704760026124,1.0,0.9,0.7,0.5,37,1139.4518914240812,49487.71621408224
8,23,1.8821644530908457,2.3842065024031323,2.344559722858215,1.870688270431351,1.7843450344013296,1.0,0.4542767410959977,1.0,0.9,0.7,0.5,39,1177.0845528993948,44484.83691142061
8,24,1.8391386542220045,2.3372564136241714,2.2951685288197883,1.844491721192978,1.7848533254693053,1.0,0.40756831369619667,1.0,0.9,0.7,0.5,40,1430.0985436625035,45261.530516503095
8,25,1.8699336434615175,2.3513244575878787,2.2933182084936092,1.89120908468672,1.7672737314721787,1.0,0.4680112565743924,1.0,0.9,0.7,0.5,43,1120.6142083019952,45047.53280817807
8,26,1.8435691255673852,2.3217765300183775,2.2622648008650197,1.8747121476831181,1.7682518527432005,1.0,0.4383590051536645,1.0,0.9,0.7,0.5,44,1244.337810341229,45480.08747512072
8,27,1.8281740085664775,2.3145869691166676,2.2667427544599956,1.872482794973434,1.723420052543296,1.0,0.4232008089103977,1.0,0.9,0.7,0.5,46,1347.7731539273173,45945.6670140355
8,28,1.8147487997804306,2.299201744169348,2.250523295304323,1.8706829467618324,1.70273845816568,1.0,0.4081806716660165,1.0,0.9,0.7,0.5,48,1267.8799253049017,47239.80075077758
8,29,1.8182367174950669,2.295992974947688,2.2446412682517343,1.885912422996919,1.7526390393790676,1.0,0.42589663050071325,1.0,0.9,0.7,0.5,50,1342.9996623924349,48442.74827816962
8,30,1.8169925306519021,2.2936692184521363,2.2419080220089276,1.8950773775919603,1.7065425086769448,1.0,0.42599212221795585,1.0,0.9,0.7,0.5,52,1351.2151807303112,48200.65351066611
8,31,1.8094295978949948,2.2961496848023204,2.256954714685226,1.9014662521439576,1.6979155407107756,1.0,0.4171541310458887,1.0,0.9,0.7,0.5,55,1411.4687993908676,48485.53757552736
8,32,1.822857059983301,2.3050647477651918,2.264232522946931,1.925062400819012,1.777255417038655,1.0,0.4435475798685241,1.0,0.9,0.7,0.5,56,2515.8730140991474,48317.02288666236
8,33,1.860194338394939,2.3528495585185523,2.3247505620257254,2.021004312577075,1.7497146530580343,1.0,0.4980350079918051,1.0,0.9,0.7,0.5,66,1393.929796683027,47513.41717113858
8,34,1.8608747007121829,2.3531329567215993,2.324894461624026,2.029104515072481,1.7525709903548334,1.0,0.49960388857108723,1.0,0.9,0.7,0.5,68,1395.655329010891,47462.048925699135
8,35,1.811417617091647,2.3022976763568486,2.273579358939137,1.9853150146898506,1.7212467505677895,1.0,0.43098410104244733,1.0,0.9,0.7,0.5,69,1306.0086489612254,46086.09563811584
8,36,1.8267588536275026,2.3280322364347352,2.312034898661726,2.011592273245077,1.7235530963585777,1.0,0.45407374993358396,1.0,0.9,0.7,0.5,71,1292.1713451347964,46743.30080892908
8,37,1.4475868231946074,1.942294775455099,1.9241043109460845,1.6067945185537673,1.3896397124898736,0.16102196542626634,1.0,1.0,0.9,0.7,0.5,73,2239.393837525449,54118.87940931972
8,38,1.44719925775226,1.941120039228434,1.9226705640037016,1.6103998181158998,1.3559904120193447,0.16139709690446655,1.0,1.0,0.9,0.7,0.5,74,2134.728059041496,54680.014450774375
8,39,1.441926880294032,1.9325758555128674,1.9130661765393382,1.6074267013460413,1.3868686762002271,0.1587822329003042,1.0,1.0,0.9,0.7,0.5,75,2177.704915693292,56065.48620217674
8,40,1.4399722827739956,1.9254919043228722,1.9044025230352868,1.618959476842022,1.376961683969471,0.16116051535046066,1.0,1.0,0.9,0.7,0.5,77,2122.5673551602317,55128.48135612482
8,41,1.4436314430982622,1.9280398344001655,1.9066028334086291,1.6267556082768573,1.36430867370667,0.1662471442692552,1.0,1.0,0.9,0.7,0.5,78,1947.169948903,55103.85610243592
8,42,1.4385398763182413,1.921597118440609,1.8997603103559033,1.6293042817925025,1.3613801982627103,0.16168191692664508,1.0,1.0,0.9,0.7,0.5,79,2119.062762551884,54906.85546537508
8,43,1.4327714255884727,1.911229763633285,1.888023072379794,1.6330719658513775,1.3993071083889803,0.15905071346293234,1.0,1.0,0.9,0.7,0.5,80,2134.530968711721,54970.6965549374
8,44,1.4039518809490827,1.879882420543837,1.8657971841146517,1.6249170966618731,1.4809037773708225,0.13693821322741068,1.0,1.0,0.9,0.7,0.5,81,1926.8730594192195,56576.157802773385
8,45,1.4080526915788152,1.8702687299380583,1.8525240711869642,1.6347069259469076,1.4096206099694677,0.14999859547344443,1.0,1.0,0.9,0.7,0.5,83,2332.352140065591,56727.373195504304
8,46,1.4020365644607664,1.8617291269185263,1.843332223448583,1.6330908589651756,1.3435262470344713,0.1447419062173485,1.0,1.0,0.9,0.7,0.5,85,2316.9124293059467,57223.8168584103
8,47,1.4028399465668695,1.8615816560518113,1.8429398836224553,1.6377114149839258,1.341546918682348,0.14616669254558304,1.0,1.0,0.9,0.7,0.5,86,2131.0209784988087,56975.1127639202
8,48,1.401239388642435,1.8591377839126724,1.8402800351897595,1.6398794953846063,1.339141575764235,0.14485243051502855,1.0,1.0,0.9,0.7,0.5,87,2278.701533281629,57690.38593566336
8,49,1.4047311178278366,1.86632154714029,1.8585466174652439,1.670683683478408,1.4171784600670376,0.15282831090863788,1.0,1.0,0.9,0.7,0.5,88,1900.671707839712,62460.25816794429
8,50,1.3995534206772478,1.866076300903316,1.8697608699747015,1.6673855276590552,1.3967139750123874,0.1501049398046525,1.0,1.0,0.9,0.7,0.5,89,2280.226104408946,58473.399652272186
8,51,1.3942989764945466,1.83578487627047,1.8231305988455642,1.6660003700131534,1.4717124095580232,0.1505550875249971,1.0,1.0,0.9,0.7,0.5,90,2155.844457523446,72637.50810806386
8,52,1.3924126387734388,1.8410295762199331,1.840417384456511,1.6792866645243356,1.3545365310873783,0.15015238490303834,1.0,1.0,0.9,0.7,0.5,92,2274.654521361186,69997.14009824317
8,53,1.391531720604981,1.8260421637597595,1.8117497775034843,1.6826817607460456,1.3491930263723695,0.15035873256991394,1.0,1.0,0.9,0.7,0.5,94,2106.866589703538,72547.87430752422
8,54,1.3906867509423875,1.8240946188205283,1.809545111288076,1.685664393741482,1.340104275007357,0.14986132055651388,1.0,1.0,0.9,0.7,0.5,96,2228.3376506997447,65177.98316081306
8,55,1.3876561558648064,1.8626809239437452,1.8993906170210644,1.7558927675592986,1.336019875216069,0.14775909491475891,1.0,1.0,0.9,0.7,0.5,106,2294.015623889401,62500.56061583587
8,56,1.3853030950441965,1.8418360330160155,1.8638733014597908,1.7660986217879786,1.4012248512805139,0.14789471746541188,1.0,1.0,0.9,0.7,0.5,107,2126.9488379448057,66229.60556119129
8,57,1.385288001653389,1.8417751695497815,1.863801911423609,1.7660928157582148,1.3335306303237702,0.14789471746541188,1.0,1.0,0.9,0.7,0.5,108,2143.980083195529,66098.6867076385
8,58,1.3839431139946512,1.8359883688296148,1.8570076378812663,1.780525678543444,1.353746008936129,0.14800187272032234,1.0,1.0,0.9,0.7,0.5,110,2077.217636107371,66429.1826923996
8,59,1.7192358484380095,2.1703418038178963,2.191139341519081,2.1009286364535575,1.679151278340976,0.5209442631248795,1.0,1.0,0.9,0.7,0.5,111,1995.9048915843089,67798.52934830527
8,60,1.727570509637826,2.1686180032765154,2.1871765669979126,2.1219553180178408,1.7102701577278205,0.5335548578292123,1.0,1.0,0.9,0.7,0.5,114,2086.697699109057,66561.00663360443
8,61,1.7145185320566219,2.1531543916007214,2.1711809751315285,2.1202050633929743,1.675030815780868,0.5198252261665786,1.0,1.0,0.9,0.7,0.5,117,2023.2910839610076,66566.53786838625
8,62,1.375711876030673,1.8234229553024182,1.853981334712784,1.8005249460435295,1.3487462292958412,0.14404877106552033,1.0,1.0,0.9,0.7,0.5,118,2309.3276830888176,66990.18452553819
8,63,1.7143249156843143,2.167446075301872,2.209734267226338,2.1589853115865587,1.6960133086863676,0.5220920880386065,1.0,1.0,0.9,0.7,0.5,120,1968.305072391005,68062.45404538795
8,64,1.737606498630809,2.1555168691024646,2.190324525798201,2.198266426085262,1.8539593860311117,0.5573708998617322,1.0,1.0,0.9,0.7,0.5,122,3086.63192884523,65934.93163503305
8,65,1.8468346781453142,2.2608992740350202,2.2949094564149686,2.3269316476784256,1.8197985398785694,0.6796358555278154,1.0,1.0,0.9,0.7,0.5,126,2598.2366554999835,53349.66919073276
8,66,1.7298821163936873,2.1416039735254397,2.1858324744761566,2.2224280190373635,1.810900503546772,0.5526884178098633,1.0,1.0,0.9,0.7,0.5,127,3129.9368231011176,66586.28242219656
8,67,1.7187519343799333,2.101728772299559,2.118667901820882,2.2243003816335607,1.7049911314607031,0.5416387101640535,1.0,1.0,0.9,0.7,0.5,130,2650.5761640575406,58744.07679164061
8,68,1.7249731202039582,2.0880315734457544,2.1117517169893882,2.2342098881829497,1.9525337357057075,0.554322384236445,1.0,1.0,0.9,0.7,0.5,131,2443.5827016095463,67506.04825756924
8,69,1.7134998372576091,2.0727796888581285,2.0957557120162154,2.2377803205723765,1.7031469652562703,0.5422038915542183,1.0,1.0,0.9,0.7,0.5,133,2583.9362839992405,64476.08521963992
8,70,1.7086920132590997,2.0656588726967735,2.098990302300131,2.2454845260216265,1.7929976417611517,0.5390051829735745,1.0,1.0,0.9,0.7,0.5,134,2376.5029389020738,66203.1957953927
8,71,1.7052331371918217,2.0431832933022696,2.072834729001417,2.2537613675843717,1.7591506288679197,0.5379077402540774,1.0,1.0,0.9,0.7,0.5,136,2499.263448239241,66402.9455434338
8,72,1.704778110225944,2.0270536555428027,2.0428459927589233,2.2450247277730107,1.719213309829143,0.5380057996425793,1.0,1.0,0.9,0.7,0.5,137,2524.086281374984,66921.43481051116
8,73,1.7036948541153194,2.024671795958956,2.040214880943628,2.262567993081195,1.6866769082051989,0.5369752862075149,1.0,1.0,0.9,0.7,0.5,140,2490.0325254716645,65840.75360373236
8,74,1.7071902350692862,2.0201278328855956,2.034133746174078,2.273618260355768,1.6981663612249507,0.5419007143206386,1.0,1.0,0.9,0.7,0.5,146,2531.366962695534,288373.6026961028
8,75,1.704090098228367,1.9869742599877611,1.995292868009791,2.2817741359058425,1.919641113524579,0.5419629322901751,1.0,1.0,0.9,0.7,0.5,147,2689.203803732299,289502.31267743144
8,76,1.7008042185294006,1.9724556224753786,1.9677679237121184,2.291929164743756,1.6847635851445164,0.5383159118061076,1.0,1.0,0.9,0.7,0.5,148,2405.2429474766623,289398.34125679487
8,77,1.7019375026250059,1.9832026244192567,1.9912172821954741,2.287053389663061,1.6978899834558352,0.5397443999682533,1.0,1.0,0.9,0.7,0.5,149,2428.8540798990507,291331.9169868759
8,78,1.6958961548841571,1.9729470066332686,1.980171135756346,2.288433961216888,1.712401610986844,0.5334765032307897,1.0,1.0,0.9,0.7,0.5,150,2392.1011242195736,289953.31440924096
8,79,1.6958649682561693,1.9716704307232877,1.9786613442648138,2.2958346620779824,1.6849754680486553,0.5335713139301305,1.0,1.0,0.9,0.7,0.5,152,2398.671009766861,290347.5249651809
8,80,1.6962441638402683,1.979823443105849,1.9991734592685297,2.293739245473036,1.7070195465037252,0.5343435530707533,1.0,1.0,0.9,0.7,0.5,153,2565.346906310484,291121.39435386576
8,81,1.689364082633852,1.931230264371857,1.9319130607378483,2.3074470694989717,1.9078848873334835,0.5295648675476637,1.0,1.0,0.9,0.7,0.5,154,3188.595958980321,65728.27395680209
8,82,1.6912467718608584,1.9198444878588536,1.9180841823588701,2.3201635393582754,1.7292149877527154,0.5327647205779014,1.0,1.0,0.9,0.7,0.5,156,3181.9258582285324,65414.67561178552
9,0,1.0,1.0,0.9510262383316989,0.012767904366277633,0.0,0.0,0.0,0.0,0.9,0.7,0.5,1,781.8546428463583,8001.541735541956
9,1,1.0298970163230745,1.0481072623900185,0.9982229579713278,0.06909834711192119,0.07199017981181464,0.05922232646947889,0.00010725661360837,9.750412846396e-05,0.9,0.7,0.5,3,750.5536819822771,7868.089025500393
9,2,1.3990797120596585,1.5417017769033816,1.4847661029041883,0.6133382874358335,0.87789310585874,0.0727610151370449,0.44975293536534294,0.41576155504565593,0.9,0.7,0.5,4,2050.2562396800377,3963.041035090403
9,3,0.7931889821474383,1.10689538324254,1.0497069691817922,0.22926037986931735,0.75861448213913,0.07263612672476423,0.13355810384718295,0.12141411216340567,0.9,0.7,0.5,5,779.0753984461219,5405.576237134425
9,4,0.7774679370915389,1.171487455979831,1.1031307490903661,0.3576820039147924,0.5767851171017405,0.09575475663982565,0.197762604831506,0.24952575318652928,0.9,0.7,0.5,7,1247.6255921705292,7399.780792509689
9,5,0.8251736761335272,1.2332978225590554,1.1623551708722057,0.43837660027548764,0.48112350891248634,0.09905172431749666,0.25263500651185666,0.32059048703077336,0.9,0.7,0.5,9,1721.7920019007738,7319.256854731728
9,6,1.6757572699054655,2.111644652876031,2.0652645537955387,1.3555246253900939,1.299698858361272,0.1006942089437162,1.0,1.0,0.9,0.7,0.5,15,2213.304288933668,35492.74537043269
9,7,1.6577998492412886,2.114185771580286,2.062054812994346,1.3911213765482424,1.4440194057656837,0.14082922051064908,1.0,1.0,0.9,0.7,0.5,17,612.4299927960712,39691.16904283609
9,8,1.6531104332685054,2.1113285337329057,2.058544358916604,1.3994083453248063,1.3410269003757675,0.14189291896555264,1.0,1.0,0.9,0.7,0.5,19,628.8954259616494,39685.89636065059
9,9,1.6531105328184583,2.088919836575528,2.0101344343428487,1.3841882545106103,1.3277037564284253,0.14189291914728755,1.0,1.0,0.9,0.7,0.5,21,628.8963216463865,39685.87603044779
9,10,1.6524257295894829,2.133265626091281,2.1064031395679312,1.4178487092062044,1.3309154122921103,0.14188332751701815,1.0,1.0,0.9,0.7,0.5,22,598.1921676945465,40780.10540076605
9,11,1.6435469094549646,2.081460070767303,2.001881655139073,1.3930822180693472,1.3540401210771462,0.13874976085190246,1.0,1.0,0.9,0.7,0.5,23,884.7040492976181,39617.12219789638
9,12,1.5902052217229603,2.0674248382505898,2.024371820327218,1.3789633087206574,1.3422431775669874,0.10187279076606318,1.0,1.0,0.9,0.7,0.5,25,288.87565812600644,38486.023624619
9,13,2.234334841614574,2.7253327397746183,2.693903101000592,2.0509994322140526,1.974434408707964,1.0,0.7806148479743223,1.0,0.9,0.7,0.5,27,1468.9327005439336,95715.08846857928
9,14,2.2609363433037966,2.7453140504511784,2.6977125208687642,2.100021738338841,2.0607867306126932,1.0,0.8516208819211235,1.0,0.9,0.7,0.5,29,2258.2451985872062,246025.01732873885
9,15,1.550601948040387,2.0691064691682692,2.0601220610023363,1.4195593977704917,1.2966525331444574,0.09839956959311368,1.0,1.0,0.9,0.7,0.5,31,179.8677083804359,39259.59280760762
9,16,1.5626739143681192,2.0812220263955608,2.0721255989547394,1.431705896809576,1.3054443110572855,0.11258809017590996,1.0,1.0,0.9,0.7,0.5,32,184.24386023021844,41182.9776050631
9,17,1.5228120609129847,2.044049729602359,2.031354957732538,1.4228724913925426,1.4319341626675963,0.09463154048284587,1.0,1.0,0.9,0.7,0.5,33,209.22173926909716,34388.48376289515
9,18,1.5084354489039355,2.030226442412368,2.0155480523590112,1.4195612155626103,1.3637619985966798,0.09214180225188587,1.0,1.0,0.9,0.7,0.5,34,208.4242762044392,35321.190570928295
9,19,1.5015201097908035,1.9781878221064406,1.9084916236157734,1.3990822650576322,1.3548103580568944,0.10368342906792852,1.0,1.0,0.9,0.7,0.5,36,238.91099429427783,35742.16817602085
9,20,1.5002830408606942,2.0104880394426305,1.9795688615906992,1.434381289540287,1.2978928142055441,0.10368116064695505,1.0,1.0,0.9,0.7,0.5,38,246.56569455937296,35999.38182481952
9,21,1.4916841312782827,2.0119550943555637,1.9917543821818648,1.4546015572353328,1.3902960679079372,0.10766958599746153,1.0,1.0,0.9,0.7,0.5,39,227.32650730652125,35869.989470396315
9,22,1.4648698033801764,1.9913759924202918,1.9792117335821815,1.4581513247314077,1.3951713939806218,0.10456079859651064,1.0,1.0,0.9,0.7,0.5,41,230.3155448191388,36613.0646568298
9,23,1.4633508601215048,2.000310500038856,2.000584268338031,1.4679535880587524,1.3065835888633996,0.10568809147699668,1.0,1.0,0.9,0.7,0.5,43,268.96763980974475,36230.49752363672
9,24,1.4619951816008023,1.986809423515668,1.973413251214228,1.4730343840785123,1.3103807055154717,0.10747981713175421,1.0,1.0,0.9,0.7,0.5,45,265.4136241079358,36827.49497585967
9,25,1.44675927749887,1.975757204256053,1.9711692680027564,1.482274070257896,1.3844407689547087,0.10994946602771882,1.0,1.0,0.9,0.7,0.5,47,269.53553610799787,36866.29359112364
9,26,1.422464626565289,1.943610551029367,1.9352570317671156,1.4854410000046607,1.3655818671049023,0.09866183133260432,1.0,1.0,0.9,0.7,0.5,49,422.6372309469958,36844.33976536013
9,27,1.4285154257027546,1.9423661894133695,1.9309782202800694,1.5069986320317874,1.3671438450221725,0.11696675300932544,1.0,1.0,0.9,0.7,0.5,51,770.4420601709969,31948.17691396044
9,28,1.4225700882364716,1.973099666052308,2.0106610733214385,1.5589981541647218,1.3297655068884033,0.12112536623861395,1.0,1.0,0.9,0.7,0.5,57,2841.1238373882984,48131.41445083877
9,29,1.416202135497761,1.9627737974674604,1.9989441528646186,1.5629112407623076,1.3351701950505486,0.11867684045100632,1.0,1.0,0.9,0.7,0.5,59,2684.244576294727,47047.545935067705
9,30,1.4088535988012365,1.9611655791982905,2.008494813572358,1.5698437709756035,1.3423223298575455,0.11638919438103797,1.0,1.0,0.9,0.7,0.5,61,2774.2942231530324,46925.325588080486
9,31,1.3888194465421488,1.9342299930889193,1.9889574363900056,1.5644121123262096,1.4135599374579637,0.1103591739116084,1.0,1.0,0.9,0.7,0.5,63,4037.055503330332,46860.01822274733
9,32,1.3934601534588928,1.924280617302032,1.965025950386054,1.5879260247212084,1.3263154918580975,0.11812202674712076,1.0,1.0,0.9,0.7,0.5,65,2727.740137011022,46691.95558137919
9,33,1.393251295525186,1.9349659168515825,1.988622850746167,1.605101890059039,1.308116986119119,0.11812202674712076,1.0,1.0,0.9,0.7,0.5,67,2710.9800526044087,46576.06781481984
9,34,1.3929102305992886,1.9201834155938298,1.9599181644736121,1.6036654818159521,1.3457044722284868,0.1201264601300398,1.0,1.0,0.9,0.7,0.5,68,2816.085783935734,43657.70370889078
9,35,1.3798702272339722,1.8833274190538276,1.916657079135162,1.6004579449660674,1.5703016704213146,0.12073081524311424,1.0,1.0,0.9,0.7,0.5,69,2689.467832806901,47679.44561921786
9,36,1.369156832343176,1.877011670092478,1.9216164407328542,1.59561588502607,1.3362436703367815,0.11245824485719,1.0,1.0,0.9,0.7,0.5,71,4075.8162910839615,50207.27943857327
9,37,1.3690533872715611,1.887887082491614,1.9454363037243514,1.6129734369683844,1.3023469137880328,0.11245824485719,1.0,1.0,0.9,0.7,0.5,73,4070.63787622316,50170.87823295129
9,38,1.3715358872384014,1.8708899798260417,1.91338538719344,1.625207458028671,1.3492701934230058,0.1193422884073172,1.0,1.0,0.9,0.7,0.5,75,2663.478856278071,46336.96618482115
9,39,1.3481301014249798,1.8128455415396658,1.8160893692331637,1.5988829355577212,1.285879365192483,0.09381875284095724,1.0,1.0,0.9,0.7,0.5,82,1658.7707364957955,30204.628482876546
9,40,1.3427924357694794,1.8438363113317746,1.897029545361245,1.6384273339193163,1.366318779790981,0.09177323385624946,1.0,1.0,0.9,0.7,0.5,83,1752.2384893266972,27363.18878273406
9,41,1.3428930853607286,1.8431368788051008,1.8961388686650924,1.642313342584389,1.2869167756904352,0.09223691107830431,1.0,1.0,0.9,0.7,0.5,85,1764.120179531657,27257.4036425749
9,42,1.3419568587782935,1.8419420723606463,1.8948822975262845,1.6558354562713193,1.2834430277933992,0.09131016582090248,1.0,1.0,0.9,0.7,0.5,87,1724.2937733683757,27162.80126524375
9,43,1.3408759329538331,1.8380799880483156,1.8903590761733977,1.6554774733655466,1.309125761617435,0.09130827771971466,1.0,1.0,0.9,0.7,0.5,88,1742.945567697109,27214.42942461906
9,44,1.3330136299972448,1.8052092366684627,1.841267190649243,1.643683311123933,1.3121528502225446,0.08813019381729846,1.0,1.0,0.9,0.7,0.5,92,1757.2383140840527,22093.53043541829
9,45,1.335058122480511,1.8230734478672619,1.8836278979865844,1.672330316310068,1.3449138425100795,0.09284247453940604,1.0,1.0,0.9,0.7,0.5,93,1825.9735118836008,28324.162681465405
9,46,1.331712936708661,1.8349972777824504,1.9199438011324452,1.7032378305859242,1.3480865178408488,0.09163211203604084,1.0,1.0,0.9,0.7,0.5,94,1819.058522721229,24318.32825009354
9,47,1.3195401465429017,1.7308547735390605,1.753622211766155,1.6361946434849592,1.6976064530644193,0.09174249644914154,1.0,1.0,0.9,0.7,0.5,95,1301.9791651945868,28427.208528089715
9,48,1.3197793274599885,1.7296907637828327,1.752165321871465,1.6473904783176343,1.2890886480115065,0.09234971088876835,1.0,1.0,0.9,0.7,0.5,97,1276.8178526945733,28158.443035344942
9,49,1.3200693084340351,1.7263659253783028,1.7480880142970836,1.6588879245625097,1.2995255215682064,0.09353706071172377,1.0,1.0,0.9,0.7,0.5,99,1328.7103373054583,28498.394361177467
9,50,1.3225713439984905,1.7471664226344767,1.804736143900827,1.695495327185355,1.3541052623144152,0.0997648112761198,1.0,1.0,0.9,0.7,0.5,101,1462.9310291694856,33584.1991856969
9,51,1.3228291525255296,1.745265081539582,1.8023941390762452,1.7107109523632589,1.2994450928894907,0.10051074139506573,1.0,1.0,0.9,0.7,0.5,103,1482.797862781928,33616.17258400573
9,52,1.3161678944014148,1.6881482526091507,1.7028705880984945,1.6757689897346746,1.4257069623868954,0.09648768749283004,1.0,1.0,0.9,0.7,0.5,104,1517.3993287115634,30555.562226817136
9,53,1.3161008017058222,1.6871980357873653,1.701743229130427,1.6868375365596726,1.2905351696219067,0.0965807744317472,1.0,1.0,0.9,0.7,0.5,106,1510.481641855537,29755.29614690703
9,54,1.315607899835919,1.6629868672573105,1.6512686491064041,1.6645427880197814,1.2973608905475387,0.09628026809741433,1.0,1.0,0.9,0.7,0.5,107,1514.389797097038,29699.185392702253
9,55,1.3014117633499693,1.6895140577088723,1.761364962336712,1.7109593150858613,1.5813582307045015,0.0868461867282755,1.0,1.0,0.9,0.7,0.5,108,1530.8279851984466,27328.319436105
9,56,1.3031946714569376,1.7021260054888074,1.7869044283777813,1.7422267297250227,1.2805907536226964,0.08888356826505919,1.0,1.0,0.9,0.7,0.5,113,1473.974269064633,33325.56396917159
9,57,1.300208752306905,1.6855998134684358,1.7677585016034976,1.7395939629925603,1.3856259799867017,0.08751940219073391,1.0,1.0,0.9,0.7,0.5,114,1480.3783178893416,25691.763528223863
9,58,1.29983470029861,1.6827002750818323,1.7752255017493224,1.7511634608218585,1.3337473337433359,0.08893748738780143,1.0,1.0,0.9,0.7,0.5,116,1650.4291354285026,25771.472743782284
9,59,1.2974957072997169,1.648002524816892,1.7126301412698115,1.7672796475323094,1.2917515686909495,0.08758637044958276,1.0,1.0,0.9,0.7,0.5,122,1536.058902817048,21971.072467647664
9,60,1.2942108191901611,1.6403638000546592,1.7259429739128291,1.7720754793095463,1.483994938613629,0.08696232915561106,1.0,1.0,0.9,0.7,0.5,123,1732.9328645976752,21666.740121345483
9,61,1.3001672061807792,1.6202189807825855,1.6900141171692162,1.781401528317806,1.342338174889972,0.0950874839831998,1.0,1.0,0.9,0.7,0.5,125,1680.3810120509977,25318.86239617235
9,62,1.3001642405489051,1.6313864010478119,1.7141758386979444,1.7929872213480231,1.2857075299537977,0.0950874839831998,1.0,1.0,0.9,0.7,0.5,127,1679.8117709813723,25313.523418244917
9,63,1.298487759831315,1.617443102823122,1.687034202822141,1.802621588270213,1.292064600330887,0.0933277723617338,1.0,1.0,0.9,0.7,0.5,128,1776.3204555740783,24195.60407568353
9,64,1.2972240301434916,1.6322655907257144,1.726682309239635,1.8091354258430992,1.3312076828772386,0.09252463034875684,1.0,1.0,0.9,0.7,0.5,129,1764.661069736737,26306.40860249359
9,65,1.292024133523648,1.581407253543507,1.6564684362687847,1.7868477082791663,1.5399043782818744,0.08969622218022294,1.0,1.0,0.9,0.7,0.5,130,1650.1459428726769,21448.92130341125
9,66,1.2896900860374652,1.559964777034073,1.6315339830792632,1.7999296565999958,1.3508820185637385,0.08852712269999294,1.0,1.0,0.9,0.7,0.5,132,1693.835702332644,21493.070742006887
9,67,1.2906056939716584,1.556495081134251,1.6272657895866742,1.8082425129837427,1.297148221180882,0.08985232821602714,1.0,1.0,0.9,0.7,0.5,134,1719.129359940449,21629.97250837749
9,68,1.2888510979233492,1.5360250353506608,1.603399325409911,1.8171138655097256,1.3495557148850121,0.08914424488751543,1.0,1.0,0.9,0.7,0.5,136,1855.182788122504,21228.2441752682
9,69,1.2889453117251741,1.5352609939651987,1.6024799179165818,1.8290234086200332,1.2835179654283744,0.08930267256609115,1.0,1.0,0.9,0.7,0.5,138,1931.9448302988724,21346.822955102027
9,70,1.288709380097246,1.5263270511804432,1.591973881217146,1.8322222470835574,1.3126458905170724,0.08957582900993742,1.0,1.0,0.9,0.7,0.5,140,1931.9534190271224,21550.08037223653
9,71,1.289413351720962,1.530198826593842,1.6073966151019219,1.8559236999122803,1.3014445710034173,0.0908327287709708,1.0,1.0,0.9,0.7,0.5,143,1817.330856107924,21141.94553220977
9,72,1.288841931420011,1.5287285493916192,1.6057644799860276,1.8667889652385163,1.2845282611249713,0.09024976106731984,1.0,1.0,0.9,0.7,0.5,145,1854.2636525082803,21416.6574865333
9,73,1.2883348693823198,1.5248169390369193,1.601239717887088,1.8623032826163777,1.305897195207412,0.0898811182246408,1.0,1.0,0.9,0.7,0.5,146,1931.0064842342128,21288.223184948387
9,74,1.2882363805267578,1.5195483869374287,1.5950411939312126,1.8734445103071216,1.3189979390376123,0.09006127882861051,1.0,1.0,0.9,0.7,0.5,147,1912.9639582248376,21617.98546923052
9,75,1.2887713281169848,1.5175305644181307,1.59256441923452,1.8853449601289496,1.2911484968082376,0.09079708057585753,1.0,1.0,0.9,0.7,0.5,149,1928.8859697326172,21790.63481877153
9,76,1.2893735455108446,1.5291474853151776,1.6171480049507947,1.909624071007551,1.2827340020006381,0.09147527891123408,1.0,1.0,0.9,0.7,0.5,152,1988.9933359568024,19802.57258311497
9,77,1.2885970529576625,1.5484848284977049,1.6730653301072675,1.9707714140661505,1.2887767264363106,0.0913250513701358,1.0,1.0,0.9,0.7,0.5,167,1877.035231738068,21929.956060611992
9,78,1.2885970529878246,1.5708933548826107,1.7214748611782917,1.999699901976581,1.28219258941626,0.09132505140209111,1.0,1.0,0.9,0.7,0.5,171,1877.035234448506,21929.956082318407
9,79,1.2886093060534396,1.568667573187017,1.7188482888456575,1.9909812121471355,1.298682861427566,0.09145252508846871,1.0,1.0,0.9,0.7,0.5,172,1906.8841380986544,22834.07885859636
9,80,1.2882494714058201,1.5662327439138264,1.716042027490484,2.0116426048730243,1.2971619798149834,0.09115681300334226,1.0,1.0,0.9,0.7,0.5,173,1805.5910168494927,21791.193223623264
9,81,1.2888714489049513,1.561306734418356,1.710123795688519,2.007315968265237,1.3234067692201523,0.0921217182747422,1.0,1.0,0.9,0.7,0.5,174,1927.3827113916925,22840.53604776848
9,82,1.288822597828382,1.5713393759001342,1.732956140285442,2.0197572057068522,1.2869851493747295,0.09212171830664674,1.0,1.0,0.9,0.7,0.5,176,1920.2744061580056,22797.09254099238
9,83,1.2885619030928188,1.5686090390884715,1.7297845444412228,2.027256510652428,1.2917576003507463,0.09195091117388857,1.0,1.0,0.9,0.7,0.5,178,1977.214613328185,23050.09189781844
10,0,0.7922326238700641,0.9480128548427701,0.890135917967599,0.007990598170689141,0.0,0.0,0.0,0.0,0.9,0.7,0.5,1,4142.118626963242,8787.441425597292
10,1,0.8232759865045076,0.9901541398803797,0.931524022969196,0.057525979700898275,0.06193095884816972,0.05157062828531409,0.00010196117805215999,0.00010985789032766,0.9,0.7,0.5,3,4167.72697989299,8929.762531177656
10,2,0.8086976511487517,0.9827528944536306,0.9236800913235172,0.05481696692888894,0.061428813504464795,0.033029202424883594,0.01469684997786569,0.00341769688157765,0.9,0.7,0.5,4,4442.534521102825,9643.839795151038
10,3,0.6563470556051281,1.021529261878208,0.9580520441846286,0.17726931474824298,0.8828052513541469,0.06323992110201436,0.09203802457461996,0.09916620622521369,0.9,0.7,0.5,5,2976.852578017777,6589.6696206581255
10,4,0.5851103358908417,0.9881560410370877,0.9180786283942476,0.1834917412237113,0.30908015236432623,0.0555236481013322,0.10072594189691286,0.11122510659404336,0.9,0.7,0.5,7,2260.7626319686265,15966.85785334931
10,5,0.5965958836890218,1.0118296814121246,0.939033798730552,0.22525223259582516,0.27077846600783195,0.059095396424664035,0.1267896938637954,0.1474018077005226,0.9,0.7,0.5,9,1783.9079778738628,35210.97798208216
10,6,1.9665770858515033,2.3985834791163314,2.3374661967071875,1.619691791266651,1.653969813692194,1.0,0.28415558657058965,1.0,0.9,0.7,0.5,10,3015.461226495648,6696.251669074087
10,7,0.5225407673607767,0.9541449502875318,0.8768278402472639,0.20210176008147213,0.31390862947898684,0.04009005778823767,0.13096555863114534,0.11319582706957396,0.9,0.7,0.5,11,2208.075488472858,15887.647316322826
10,8,0.5742909694422567,1.0108608726541106,0.9318129083171807,0.27788813344204794,0.3218005332013952,0.03478215073562269,0.2340624056986786,0.11206051184354326,0.9,0.7,0.5,12,2695.081068168636,15858.19841336781
10,9,0.5111479237071327,0.9516907954144179,0.8710310849824036,0.2234095174935149,0.26691579976298035,0.04507014923787312,0.14026652801249467,0.12533804478890995,0.9,0.7,0.5,13,2206.5335649196654,15839.769050270226
10,10,1.1194554779757562,1.5613809474747218,1.480112675632372,0.8466389785401487,0.8395293720017105,0.15986237926895377,0.24398083169045268,1.0,0.9,0.7,0.5,14,2625.6700285959405,15987.887213973016
10,11,0.5396339698403665,0.9842399014415186,0.9016615145182281,0.2708720824174888,0.2985243786930245,0.053287597201573535,0.15833315916659435,0.1727592384248938,0.9,0.7,0.5,15,2214.141045561318,15794.605591607466
10,12,1.1326418294534049,1.578943399689352,1.4954390581874113,0.8745280189288711,0.8641648819417824,0.25177342644914413,0.16955120589450773,1.0,0.9,0.7,0.5,17,2106.6785225797485,15418.788587569585
10,13,0.4934742414396252,0.9527347210623878,0.8811691312068817,0.24939668211658406,0.25748277908150724,0.04381608033966499,0.16016529720464856,0.12503922665718792,0.9,0.7,0.5,18,1053.2507789206943,12445.873326741748
10,14,1.8303612716987552,2.2900377488348127,2.218183931154557,1.5981692309306668,1.5647125995476259,1.0,0.2186508970077587,1.0,0.9,0.7,0.5,19,1406.498804345208,12493.53675784094
10,15,1.4817122784444285,1.9687435448226367,1.9102012605843481,1.3273264029736178,1.800956335486238,0.09272115414834632,1.0,1.0,0.9,0.7,0.5,20,1108.0781251996086,14412.438778360116
10,16,1.4773934081867302,1.9749369115457114,1.9283382503617956,1.3351612653129146,1.3061618478664183,0.0940104143572878,1.0,1.0,0.9,0.7,0.5,22,1147.853852601444,14179.867499483847
10,17,1.4501439160063085,1.94414312389435,1.8938567568759144,1.3388733348664543,1.3129704803771192,0.08372085765249389,1.0,1.0,0.9,0.7,0.5,26,1438.9318500907684,13141.12975234572
10,18,1.454280970065164,1.9468483452214445,1.8954321286827733,1.3546157132324785,1.3076674099092962,0.0940572495202375,1.0,1.0,0.9,0.7,0.5,28,1428.7956721939504,15564.37120637729
10,19,1.4534868165620325,1.9570166472375896,1.9184234604363393,1.3703171444296776,1.2882501222890224,0.0940572495202375,1.0,1.0,0.9,0.7,0.5,30,1411.0526339617998,15413.093830635862
10,20,1.4444391907944645,1.9469090441396586,1.9075364283113858,1.3662566645030152,1.2897771787697354,0.08788390794311743,1.0,1.0,0.9,0.7,0.5,33,945.0187170327396,22546.7740781618
10,21,1.4572811175231366,1.959026363496505,1.917915957923263,1.4051801868172125,1.3463119062770836,0.1126223442803151,1.0,1.0,0.9,0.7,0.5,35,1198.675804292189,23488.15645190256
10,22,1.4348577654050094,1.9334855911716018,1.8990830301614494,1.4100222713498076,1.4200282920227165,0.11262234428031506,1.0,1.0,0.9,0.7,0.5,37,1040.326297874571,21191.56361337016
10,23,1.4415192772821988,1.9356582622364014,1.8993486124969916,1.4425394444348973,1.3406273602238998,0.1274097151782617,1.0,1.0,0.9,0.7,0.5,40,1459.3267558175453,22829.40716065246
10,24,1.430880390520977,1.9283178079296142,1.9019346818792986,1.4555825961960331,1.3768462954048237,0.12674818147078115,1.0,1.0,0.9,0.7,0.5,42,1458.6875188015788,20267.30435372835
10,25,1.4308371286398958,1.9163958941297956,1.8767709541817204,1.4637696988181794,1.3179605620316186,0.12751597456908212,1.0,1.0,0.9,0.7,0.5,45,1440.1587954754525,22208.65182241906
10,26,1.4285062156568515,1.9126366073658918,1.8724917029633554,1.469315707101305,1.324643431464925,0.1267130744420623,1.0,1.0,0.9,0.7,0.5,47,1408.7764237605877,22309.24499686132
10,27,1.4522744071809428,1.9436905545016865,1.915153292977058,1.497901723845358,1.3705134934017618,0.15780500288435634,1.0,1.0,0.9,0.7,0.5,49,1362.6956398422235,11835.778634584223
10,28,1.453859438794711,1.9451383561185054,1.9165566468357182,1.5017572972639535,1.3454155148837041,0.15970184200378482,1.0,1.0,0.9,0.7,0.5,50,1368.3144723241828,11829.265906300709
10,29,1.4428715851955127,1.923473302804664,1.8913462388468323,1.505683715139762,1.4874032283756722,0.15863192360982886,1.0,1.0,0.9,0.7,0.5,51,1312.064686749596,7684.871781936677
10,30,1.4428715846007851,1.9234733026995818,1.89134623874175,1.505683715033316,1.3427694286886713,0.15863192349307087,1.0,1.0,0.9,0.7,0.5,52,1312.06467516168,7684.871649779394
10,31,1.4394554953533518,1.9148977435210388,1.8811553959299654,1.5147145274441438,1.4095765651714067,0.15958366620399994,1.0,1.0,0.9,0.7,0.5,53,1304.1553844874825,7593.89501504797
10,32,1.4394554949235883,1.91489774341867,1.8811553958275966,1.5203526099652926,1.3436254278754163,0.15958366609025693,1.0,1.0,0.9,0.7,0.5,54,1304.155374347698,7593.894885805523
10,33,1.4380243295420425,1.9127709952952012,1.878814110629302,1.5205928957316837,1.3515608155071912,0.1586126459548311,1.0,1.0,0.9,0.7,0.5,55,1313.9017685372723,7537.790033167461
10,34,1.4379340359133401,1.910312077506706,1.8756370090354517,1.5276496075057202,1.3736881856452272,0.16053987556497198,1.0,1.0,0.9,0.7,0.5,56,1291.9523094398992,7651.808604537798
10,35,1.428449449597037,1.9230035017638516,1.9142609587482986,1.5310041650591284,1.3378761781008075,0.1501874139553519,1.0,1.0,0.9,0.7,0.5,57,1452.3927512651694,5872.037571292622
10,36,1.4879057068525057,1.979026994646496,1.969261642810689,1.5994509127281704,1.4387982660558816,0.2190712629105628,1.0,1.0,0.9,0.7,0.5,58,1396.1861922633657,7858.721366964548
10,37,1.4875822831101044,1.9760971801547362,1.9655671502014567,1.6040831504607587,1.4299052786769355,0.2207775017230027,1.0,1.0,0.9,0.7,0.5,59,1423.1829438457048,7699.969487224122
10,38,1.4158535067006965,1.8861831411918029,1.8705478854467952,1.5436081504757262,1.5492277749866212,0.15399554298120724,1.0,1.0,0.9,0.7,0.5,60,1471.083865490257,6122.57052330877
10,39,1.4733779184171651,1.9407665359347637,1.9243812614832576,1.6021266879351503,1.411636348336779,0.21950979728692022,1.0,1.0,0.9,0.7,0.5,62,1409.2478284092954,7536.849521164813
10,40,1.4728130092257885,1.9399476913226925,1.9234951559472582,1.6074917366833696,1.3998739678540637,0.21903631008355823,1.0,1.0,0.9,0.7,0.5,63,1406.856825892357,7532.547016201586
10,41,1.4698340081800598,1.9337583709427244,1.9164609851084302,1.6070294430628844,1.4303300214967893,0.2176404186960863,1.0,1.0,0.9,0.7,0.5,64,1424.0205914913945,7179.304864943301
10,42,1.4605867162971868,1.9239693319424316,1.9166561654483836,1.6257906937714461,1.4541796612446027,0.21388439231558123,1.0,1.0,0.9,0.7,0.5,66,1535.0669468843512,6426.211444164961
10,43,1.4029307157830826,1.864971823189507,1.8675641585814422,1.5780281527706257,1.4033005089382624,0.1559640430452454,1.0,1.0,0.9,0.7,0.5,68,1338.4906429949406,5881.6736924444
10,44,1.4018477375771625,1.8576647247135742,1.8587577094939571,1.5858799235121457,1.3724083673010286,0.15757256152680263,1.0,1.0,0.9,0.7,0.5,70,1345.5213943597212,6208.501006678477
10,45,1.3950405616919066,1.8073213712236629,1.7670677600573235,1.6087751025585966,1.34748997395843,0.15419748787243145,1.0,1.0,0.9,0.7,0.5,81,1186.3660147089054,14515.041302549083
10,46,1.394022605626628,1.8146386643551953,1.7867197047599663,1.6224201969268934,1.3522347353994455,0.1541974878724315,1.0,1.0,0.9,0.7,0.5,83,1145.4298542947377,14199.952763892008
10,47,1.4279788842652956,1.8432288196666138,1.8140718550756112,1.6642908074570104,1.425104093299059,0.1939972028771516,1.0,1.0,0.9,0.7,0.5,84,1258.527292439072,14188.693759016403
10,48,1.3901144333754067,1.7932278700264186,1.7508566503337308,1.6230913741230792,1.3457752668988616,0.15227677284654562,1.0,1.0,0.9,0.7,0.5,85,1178.3932660712835,14587.304934028343
10,49,1.390909604933925,1.7930997370095008,1.7505173883664775,1.6176200740012885,1.3467377130506049,0.1535038308180184,1.0,1.0,0.9,0.7,0.5,86,1090.560506978727,11989.9076675146
10,50,1.389456502425589,1.7895724630050942,1.7465169945456376,1.6268924591041107,1.347037445604448,0.15265440531482416,1.0,1.0,0.9,0.7,0.5,88,1067.3194136379504,12104.25333755689
10,51,1.42819608069305,1.8263584147510326,1.7828589520855993,1.6728161012131044,1.3948901250210546,0.19640825183021154,1.0,1.0,0.9,0.7,0.5,89,1229.4176447688217,12001.050968678954
10,52,1.3875901373497774,1.7845147281212024,1.7407350102066803,1.6326829509267877,1.3479771765962074,0.15173376219862847,1.0,1.0,0.9,0.7,0.5,90,1071.4581081288682,11908.780284936774
10,53,1.388726819820016,1.78111886967314,1.7363179115707632,1.645214586147834,1.3599521680364406,0.1545860417485899,1.0,1.0,0.9,0.7,0.5,92,1126.4872651267106,11824.824238655468
10,54,1.3867412982620726,1.7813326867426884,1.7475277763740198,1.6727810647594152,1.3807217774992764,0.15537925184688678,1.0,1.0,0.9,0.7,0.5,94,1205.4803828083204,12954.515513092225
10,55,1.3833765984783377,1.7729167303770612,1.7380007266430826,1.6774613378526162,1.3605727823129161,0.1532370146869615,1.0,1.0,0.9,0.7,0.5,96,1235.1267197666384,13108.300704294084
10,56,1.3826165038536442,1.7697653603893562,1.7343265137634534,1.6842866438171147,1.3484785430642938,0.15312781388917135,1.0,1.0,0.9,0.7,0.5,98,1235.084719145342,13064.236798803602
10,57,1.3800087854271352,1.765314911790389,1.7294743668137582,1.6820511954761377,1.3521080371368954,0.15078913428711604,1.0,1.0,0.9,0.7,0.5,99,1271.0724395350912,12687.859192246313
10,58,1.380400502962634,1.7651345893587316,1.7291696590451733,1.6896505961459676,1.3413207052774576,0.15139572985170088,1.0,1.0,0.9,0.7,0.5,100,1243.5809688850743,12725.271893826935
10,59,1.3776903424868585,1.7497403180450664,1.7004536501053549,1.6905602799919446,1.3383036502156296,0.1488245110220643,1.0,1.0,0.9,0.7,0.5,103,1078.3538216913153,12848.229631834614
10,60,1.3793412522090016,1.7470387702008012,1.6968108393851125,1.696389727644978,1.375132344744319,0.15192965359366212,1.0,1.0,0.9,0.7,0.5,104,1198.3098577388937,13447.233959914618
10,61,1.378923979908718,1.745161923705413,1.6946195040416059,1.7032584040022418,1.3431266003660562,0.151884638420328,1.0,1.0,0.9,0.7,0.5,106,1228.720172217239,12887.70421521797
10,62,1.3702961595885756,1.7129548342338974,1.6574205955065155,1.701052041915327,1.5371543261115181,0.1484859839160042,1.0,1.0,0.9,0.7,0.5,107,1197.7074973786318,14841.590935361408
10,63,1.3196492101624697,1.7766809021083767,1.8623109576655306,1.7099817314316657,1.287875843382699,0.0942992262226518,1.0,1.0,0.9,0.7,0.5,132,1285.9855852533467,30442.613433755207
10,64,1.320346644673338,1.7820627584543431,1.9115733862212134,1.8384043629497873,1.3259788368009706,0.10317445035344538,1.0,1.0,0.9,0.7,0.5,142,1300.9484856138104,55207.08423779606
10,65,1.3168214069831072,1.7809319113311664,1.9216988297043271,1.8507956560930623,1.3262921476447564,0.10078559673898475,1.0,1.0,0.9,0.7,0.5,144,1352.6117064873863,46869.87174969306
10,66,1.3167987669820762,1.7786976784611381,1.9190286390018083,1.8624248306840523,1.2969473890048224,0.10113144332772228,1.0,1.0,0.9,0.7,0.5,147,1342.389019660237,46530.4682839577
10,67,1.3160525044396056,1.7751398903788473,1.9149179229379822,1.869497623027815,1.3019423820058247,0.10076594665482683,1.0,1.0,0.9,0.7,0.5,149,1349.2524865169908,47033.27087106968
10,68,1.3159914783957478,1.7916723370392522,1.9563109103317802,1.8814481408089805,1.338074807822192,0.10163727525159168,1.0,1.0,0.9,0.7,0.5,150,1232.7680850718702,48334.6622169061
10,69,1.3154644838582383,1.7568913166993512,1.8932208211242953,1.8768913185904514,1.3395835910268479,0.10286334622776154,1.0,1.0,0.9,0.7,0.5,152,1245.6752658457203,49721.37501850864
10,70,1.3152974330205895,1.7537917240676024,1.9003911734287222,1.88922912736366,1.4055737147054117,0.10468620979801065,1.0,1.0,0.9,0.7,0.5,153,1240.0185984468349,57934.7556989497
10,71,1.3095234308327806,1.7060901967657005,1.8229568261415754,1.8950047013816562,1.366798248737019,0.1007952892909169,1.0,1.0,0.9,0.7,0.5,155,1233.5149234429148,51388.13390481493
10,72,1.3095025840821217,1.7170840877662417,1.8469151385598592,1.8992026043135941,1.2914494948245623,0.10079528929091697,1.0,1.0,0.9,0.7,0.5,157,1236.161330388452,51400.28792090497
10,73,1.299509130678068,1.6972197419781385,1.82517918183075,1.912510288124883,1.319951226384663,0.09086704328111343,1.0,1.0,0.9,0.7,0.5,159,2716.220411190975,47950.71652081631
10,74,1.2995047058357254,1.7083772462853828,1.8493293549712726,1.9323628982930081,1.281943722565079,0.09086704328111356,1.0,1.0,0.9,0.7,0.5,161,2708.936254753485,47929.27608528753
10,75,1.302935353855086,1.7247675096262314,1.900834987077838,1.9439292629010527,1.313665856173674,0.09694374592249572,1.0,1.0,0.9,0.7,0.5,167,1235.6096248136316,48653.917412749695
10,76,1.3049206927543202,1.733990085284726,1.9223159075834244,1.9737373763065325,1.3047342984873578,0.09955671436798949,1.0,1.0,0.9,0.7,0.5,169,1348.1114816279728,51666.31168236321
10,77,1.3057920715954872,1.7204298352030514,1.8951524463200187,1.9663312372166102,1.3030434350447557,0.10084977077690085,1.0,1.0,0.9,0.7,0.5,171,1339.2318389324562,51942.748053054114
10,78,1.304991227695966,1.7246798951208533,1.9112560154693872,1.9894817433334915,1.3139109930272848,0.10056412087179552,1.0,1.0,0.9,0.7,0.5,173,1338.4559920813676,51509.03299692814
10,79,1.305327826769461,1.7237949112571194,1.9101437661105205,2.0060200002776893,1.2955963063462534,0.10105566174680616,1.0,1.0,0.9,0.7,0.5,175,1348.3833277222427,51146.14778445404
10,80,1.3026832932637218,1.7238891761229218,1.9216661330100622,1.9913466433587126,1.3103879986535834,0.09891202350048012,1.0,1.0,0.9,0.7,0.5,178,1241.488703518961,49760.59108435125
10,81,1.301349259418688,1.7312699648807643,1.9415863555656065,2.017734346218953,1.294167877665512,0.09765683720871297,1.0,1.0,0.9,0.7,0.5,181,1241.751641816023,49112.2343498663
10,82,1.2999241479460641,1.7347816009645438,1.9569390192556213,2.028548071022512,1.3106272543721345,0.09663220959481375,1.0,1.0,0.9,0.7,0.5,183,1227.4595885395595,49164.16358640449
10,83,1.3002016326538768,1.7200722289978618,1.928530722523893,2.0316341994814624,1.3017755416565984,0.09726906610711053,1.0,1.0,0.9,0.7,0.5,185,1266.867961008324,49576.706960224
10,84,1.2987772980301249,1.7149064515638952,1.922675018914449,2.0380180407476725,1.3004829157192166,0.09600536163889994,1.0,1.0,0.9,0.7,0.5,187,1253.1185470482692,48250.93694905691
10,85,1.2996782392112805,1.7151217443659754,1.922763891858001,2.0792370985546285,1.288106636673486,0.09706501690795796,1.0,1.0,0.9,0.7,0.5,194,1274.0273939498252,49752.72872791114
10,86,1.298703370510827,1.7117703690744412,1.9189748348051765,2.082174322313707,1.2955001320819837,0.0961808018314386,1.0,1.0,0.9,0.7,0.5,196,1270.4558394724947,49573.32937380108
11,0,0.9479124776397997,0.9880552028219449,0.9370358909469955,0.011670124676483594,0.0,0.0,0.0,0.0,0.9,0.7,0.5,1,1594.1202572244688,7447.518020471225
11,1,0.9731353737656099,1.026826782056875,0.9750840628247053,0.05767544834604708,0.05775301523799248,0.04763842942806326,9.836315272015e-05,0.00010433135660194,0.9,0.7,0.5,3,1581.351922312843,7112.236651167639
11,2,0.9299561098221728,1.0163524208168078,0.9627838843039298,0.059196207152624816,0.11762434292866587,0.034426236360832155,0.01449090885411963,0.00410935365430019,0.9,0.7,0.5,4,1479.0671787135002,7243.502654430772
11,3,0.8168700068400646,1.096128653251934,1.0427655264901596,0.19827148935258476,0.718066305581164,0.05840500879488052,0.10883419048372797,0.11543772666723182,0.9,0.7,0.5,5,672.148991959103,6258.860415249133
11,4,0.7800368203614965,1.138439933900991,1.0760811850274963,0.2929001849108107,0.4635278008398409,0.07628838735027345,0.17045192706977602,0.18665879543173805,0.9,0.7,0.5,7,587.2918940694009,8454.806955516327
11,5,0.8176281894869377,1.2005902951583858,1.1489625453539216,0.36216790265340565,0.38810691515734574,0.08756204184205296,0.15735951853966007,0.31309399595714604,0.9,0.7,0.5,9,779.6410640237222,3943.817064781512
11,6,0.6273646025854379,1.0230180373085591,0.9693530583810005,0.20695518561172543,0.22136996797809194,0.08117765517137598,0.06382540104492809,0.12418094325196857,0.9,0.7,0.5,11,680.9375057650906,2672.2040780504717
11,7,0.5897196088757207,1.0135462162752535,0.9543661076849773,0.232948189929287,0.31503652163853424,0.08456215928048373,0.0792298351914402,0.1419862104430957,0.9,0.7,0.5,13,773.416488488858,3215.931495577045
11,8,0.5879974836797306,1.0349602404317237,1.001610826298656,0.2322167388852076,0.20947525220786262,0.08456215928048379,0.0792298351914396,0.14198621044309606,0.9,0.7,0.5,14,732.7921917939135,3330.1892671335445
11,9,0.962565053872181,1.3824225179073488,1.3084788198829924,0.6208994752591552,0.6578819351012394,0.0753792649040716,0.4246185444465995,0.4557207921558251,0.9,0.7,0.5,15,636.6334115305863,5390.0281675922215
11,10,0.9138182089275062,1.3441221554855864,1.2672178915515973,0.6047202090218435,0.6323704059920343,0.07814081861147916,0.41627385954949164,0.420406039541407,0.9,0.7,0.5,17,851.9340343496588,7069.618665881288
11,11,1.699319709993489,2.1384817121482005,2.0584099415967705,1.4183443089712549,1.5139316215932714,0.2053076010850922,1.0,1.0,0.9,0.7,0.5,18,627.4293184772005,47562.53098732099
11,12,1.6725171824805791,2.1197986441559697,2.035717536411728,1.4276498582207808,1.4712218577493086,0.21056092987270567,1.0,1.0,0.9,0.7,0.5,20,605.4024863590231,49390.38200016271
11,13,0.7861615403236262,1.2472399341777285,1.1743692198485454,0.5764394702887672,0.5344354610714828,0.04951217419578925,0.431610353715687,0.33901545803845645,0.9,0.7,0.5,24,543.1205893418369,10271.718242655374
11,14,1.5520817479757905,2.026447966979202,1.9647075098207663,1.3582093596485099,1.3713873296890613,0.1056886919025239,1.0,1.0,0.9,0.7,0.5,25,1071.3535542447246,3869992.941665076
11,15,1.2301912559228048,1.695235555518216,1.6178850019718998,1.052732478980265,1.096787430729327,0.08534166304386652,0.5907747930769964,1.0,0.9,0.7,0.5,26,633.8941476988996,26464.90021971913
11,16,1.2258432322226134,1.6908921467329217,1.613535501654162,1.052990452362782,0.9863026968491129,0.08959238389143913,0.5791560003032494,1.0,0.9,0.7,0.5,27,632.1862403119899,26489.486300143188
11,17,1.482782564132841,1.946129255859085,1.8597360802666205,1.3574221640516573,1.6628314555813426,0.10449463740482404,1.0,1.0,0.9,0.7,0.5,28,641.879047698956,155778.7618623991
11,18,1.482216408434743,1.9566610290247075,1.8831531932194372,1.3650210776800913,1.2963541112727337,0.10449463740482397,1.0,1.0,0.9,0.7,0.5,30,649.2224304520522,155649.475532883
11,19,1.4785310303712897,1.9529158767155175,1.8793654862276634,1.3895443535183336,1.2908570957075787,0.10060956018208007,1.0,1.0,0.9,0.7,0.5,35,1166.095828818201,322624.2541850255
11,20,1.4742830295011453,1.9479875893152645,1.8736812697676022,1.3968575398442682,1.3054496845570451,0.10003828527637412,1.0,1.0,0.9,0.7,0.5,37,1127.202178650296,322355.4438068168
11,21,1.4641377498774255,1.9471819775727317,1.8841145263462142,1.4036001413732557,1.3242363962830948,0.09812326114855487,1.0,1.0,0.9,0.7,0.5,39,1152.5400773160943,376587.9482567275
11,22,1.4634339366815006,1.9350382048924142,1.8587545796059022,1.395428893878478,1.2931109445796998,0.09847851856974445,1.0,1.0,0.9,0.7,0.5,41,1256.1580795642178,361918.66553262086
11,23,1.4583598426598554,1.928659281701963,1.851338136418756,1.4007234735662963,1.3094630215296035,0.09812227991080533,1.0,1.0,0.9,0.7,0.5,43,1219.306413777992,361597.2595590004
11,24,1.4531915818886945,1.9218918636858815,1.8434290860909106,1.403084803010414,1.3346002633154146,0.0980098812269118,1.0,1.0,0.9,0.7,0.5,44,1132.5004276603954,361305.7267668289
11,25,1.447838239123916,1.9257571291502598,1.8589920167574279,1.4143251422970833,1.315043597783677,0.0983080336589236,1.0,1.0,0.9,0.7,0.5,46,1126.6595279331962,384584.9622242687
11,26,1.4471980278383272,1.9354869869579603,1.8811006651196132,1.4381381120891437,1.3041909635447646,0.1007037197555671,1.0,1.0,0.9,0.7,0.5,48,1163.8737145436617,17102721.68370723
11,27,1.4416339615596874,1.9277514042702655,1.8721396746247678,1.4427151008404016,1.314813658530772,0.10005868070609687,1.0,1.0,0.9,0.7,0.5,50,1123.9870173268716,17103007.860682648
11,28,1.4446749176841975,1.9504907429512477,1.9194841603277997,1.4594569274056806,1.354462045014493,0.10948377471719697,1.0,1.0,0.9,0.7,0.5,51,762.306487318625,17119586.58858426
11,29,1.433703543097053,1.9210362281142608,1.8735930250068722,1.4472008423145797,1.4401756451262673,0.11149810159197937,1.0,1.0,0.9,0.7,0.5,52,1211.1591782536966,5261091.01627739
11,30,1.41773240029192,1.900095252233955,1.8505524323054992,1.4521527565503365,1.3345223224375697,0.10185244538183096,1.0,1.0,0.9,0.7,0.5,54,1220.8644154498909,83615208.59166361
11,31,1.409346738759388,1.895585753883982,1.8562124112817577,1.460515314232004,1.407870246406639,0.10276183255141061,1.0,1.0,0.9,0.7,0.5,55,1185.1719224929243,83613919.92197384
11,32,1.4071882027670313,1.8916470358431243,1.8516218108803195,1.4666648855884816,1.3056450865205111,0.10261457826373199,1.0,1.0,0.9,0.7,0.5,57,1218.7942781408012,83609298.04632679
11,33,1.404439358827195,1.873534331173657,1.8190311906072352,1.4617081897746993,1.3543173428664739,0.1045231033874688,1.0,1.0,0.9,0.7,0.5,58,964.3726240034764,83615563.28465873
11,34,1.4013252283785889,1.8679350352205806,1.8125767126548604,1.463917171243059,1.3283376371354336,0.10384947096573276,1.0,1.0,0.9,0.7,0.5,59,972.2135584773284,83610994.03797017
11,35,1.3987406137301885,1.8627190626629437,1.8064751245004218,1.4666735539083382,1.3295536820044407,0.10380007258745765,1.0,1.0,0.9,0.7,0.5,60,984.4235874866464,16793698.777908858
11,36,1.384811308316184,1.8847454842650717,1.8776525878954573,1.493034487513636,1.4035518021542632,0.09697553971190198,1.0,1.0,0.9,0.7,0.5,61,1130.503924478109,17163981.758465976
11,37,1.3846079434919916,1.8840601238574046,1.8768171246648964,1.5000109280283116,1.2905292174388212,0.09718757766234169,1.0,1.0,0.9,0.7,0.5,63,1140.6865666694289,17174824.089557577
11,38,1.3749053538131926,1.8310842818804374,1.8016921727746311,1.5067615595769912,1.672575491909312,0.11013074399424665,1.0,1.0,0.9,0.7,0.5,64,926.9816482469312,19547579.13792851
11,39,1.35631039466734,1.7754892300994982,1.736824731223591,1.5072332582505155,1.4884728401156273,0.1085177454864618,1.0,1.0,0.9,0.7,0.5,66,1035.5646343412986,17172379.401118387
11,40,1.3542021789515664,1.778539925862093,1.7514795702410277,1.5230087384481465,1.3247003796501526,0.1085177454864618,1.0,1.0,0.9,0.7,0.5,68,1051.2160491320044,17168953.91195851
11,41,1.347453161650165,1.7450679797917727,1.7014423043296785,1.513378174465707,1.440930320441891,0.10690446767740018,1.0,1.0,0.9,0.7,0.5,69,1026.041027686358,17127792.135511693
11,42,1.346448873867238,1.7520783911202418,1.720735067912781,1.5296379729541063,1.3107208236833858,0.10690446767740018,1.0,1.0,0.9,0.7,0.5,71,1057.411664614679,17122855.85911023
11,43,1.3446773683919564,1.7234442226860376,1.6651008068516622,1.4989803456326571,1.336565167043438,0.10646874280720624,1.0,1.0,0.9,0.7,0.5,72,1052.0229165633814,17125809.092684265
11,44,1.344425550610754,1.740753977336821,1.707327187703466,1.5504871662805424,1.3060723243202328,0.10783883209666374,1.0,1.0,0.9,0.7,0.5,77,1873.3523301662092,17125987.8408131
11,45,1.3418652741944457,1.7293976358245857,1.6940408527976283,1.556218410720089,1.336018657090563,0.10774232624587284,1.0,1.0,0.9,0.7,0.5,79,1791.3569363396405,17125184.66658543
11,46,1.329850876171323,1.7213084529030331,1.6973673059528762,1.53818840178428,1.3522570964796694,0.09658879117988328,1.0,1.0,0.9,0.7,0.5,80,1440.153940295835,5206200.73206474
11,47,1.3282970543676722,1.7247385195408351,1.7124664954528717,1.5650135139768118,1.313606985092673,0.09658879117988328,1.0,1.0,0.9,0.7,0.5,82,1374.543763011066,5210753.572491505
11,48,1.3326570762523082,1.7375972381473084,1.737737239000596,1.5800741898195345,1.3177482749543559,0.10224500375360143,1.0,1.0,0.9,0.7,0.5,83,3410.585436256584,5210149.575754503
11,49,1.3284105397702115,1.742411369591406,1.755105772428154,1.5755842917326701,1.3047033692685917,0.09803919634405957,1.0,1.0,0.9,0.7,0.5,84,3349.2648347400805,5205266.2657558825
11,50,1.328772504246904,1.7225456084915391,1.7203261397101963,1.584600807275323,1.3698235428551029,0.10082915834941467,1.0,1.0,0.9,0.7,0.5,85,3393.3655280098915,5209847.463759988
11,51,1.3204180685418012,1.6719457016325519,1.6503223993554312,1.5758192513130593,1.4187878161823733,0.09860095051615045,1.0,1.0,0.9,0.7,0.5,87,3159.8040973118527,5206056.506999488
11,52,1.3199896366764878,1.6677600625804814,1.6453751538348436,1.5826800512982073,1.3045328277635366,0.09889169285264916,1.0,1.0,0.9,0.7,0.5,89,3118.751830848315,5205347.410529341
11,53,1.3154116196037675,1.679570150560544,1.6819714549443798,1.5780303560824382,1.3102698943527167,0.0949969371994238,1.0,1.0,0.9,0.7,0.5,91,1532.809042820418,5213503.859273693
11,54,1.3080051070984813,1.6597285750474058,1.648881870470104,1.5778475134845809,1.288403837897913,0.08700575780032267,1.0,1.0,0.9,0.7,0.5,92,1566.0109427340035,5211670.025420465
11,55,1.3035005192019047,1.6307646099012536,1.625856921442133,1.5753873956050204,1.5673568698728593,0.08818944318780415,1.0,1.0,0.9,0.7,0.5,93,1543.2502394003682,5213216.779378878
11,56,1.3033500164956835,1.61049740461179,1.5908539581923737,1.5928439548295246,1.3158567828791339,0.08937782405520908,1.0,1.0,0.9,0.7,0.5,95,1512.2149212203483,5215512.339547252
11,57,1.309757470054583,1.6125577198815855,1.592071612821311,1.606787506523511,1.3218134275542888,0.0971335675129803,1.0,1.0,0.9,0.7,0.5,96,3203.29747838801,5210376.071584813
11,58,1.3037399039194937,1.6004701472620526,1.589659746663058,1.6187087084665654,1.3513709771667257,0.09282542265159832,1.0,1.0,0.9,0.7,0.5,98,3388.109450522368,5214551.187381242
11,59,1.2997646503309972,1.5938834160871957,1.5825738934757343,1.6149780566688992,1.300073361161458,0.08874528555457063,1.0,1.0,0.9,0.7,0.5,99,3278.8874463340208,5209570.816560088
11,60,1.2972167895769722,1.5628263119544705,1.54610827422418,1.6269260507708394,1.5013254019181634,0.08932772583360755,1.0,1.0,0.9,0.7,0.5,100,3157.4241816049007,5209710.261254503
11,61,1.2963621635927056,1.5478001572034477,1.5284223803949146,1.6151077751335434,1.3352321578850312,0.08988823471257297,1.0,1.0,0.9,0.7,0.5,102,3162.845988148419,5215330.630390702
11,62,1.295994084370524,1.5455058717834491,1.5257682645053268,1.6256177180415075,1.2952541662513872,0.08967364791637844,1.0,1.0,0.9,0.7,0.5,103,3157.94337796042,5214056.167164346
11,63,1.2950065346952355,1.5360500191997295,1.514732878754327,1.631803564131994,1.3449147591995048,0.0894157245299845,1.0,1.0,0.9,0.7,0.5,104,3094.2661616407004,5214972.040492254
11,64,1.294941066193366,1.5016009553815648,1.4411388064370079,1.571156967479499,1.2861855022445494,0.08941572452998474,1.0,1.0,0.9,0.7,0.5,105,3095.015655186676,5210913.089538195
11,65,1.294585074078118,1.5418727381126671,1.5326343896378298,1.6494055912578385,1.31189946229721,0.08941572452998443,1.0,1.0,0.9,0.7,0.5,106,3093.2681608339367,5212698.420471912
11,66,1.2913350064412146,1.4979601178917616,1.4812245781707107,1.6342621208002215,1.4332370168381998,0.08926568736465826,1.0,1.0,0.9,0.7,0.5,108,3330.7004460768426,5269311.265202606
11,67,1.2905372882899535,1.4996453853007763,1.4943163961233272,1.647847452737532,1.3126380639558803,0.0890321104216816,1.0,1.0,0.9,0.7,0.5,110,3141.6135143916435,5272707.8591283085
11,68,1.2897138678673712,1.4835907181530303,1.464526351274737,1.6468924772012636,1.294553450607896,0.0884089861593426,1.0,1.0,0.9,0.7,0.5,112,3279.3358489080592,5269950.98853896
11,69,1.2903738008838417,1.4432570655367374,1.3838470181122515,1.582644662435281,1.33554540670462,0.08966217961251476,1.0,1.0,0.9,0.7,0.5,113,3353.1583522503047,5279933.812161548
11,70,1.2894471215589733,1.4576609941599834,1.4229659075460424,1.6497614409374988,1.3325748984866839,0.0891122138242085,1.0,1.0,0.9,0.7,0.5,114,3327.72656375992,5280792.8878641
11,71,1.288557452489696,1.4487981155137803,1.41265722543002,1.655829430066769,1.309260575108433,0.08864483918188135,1.0,1.0,0.9,0.7,0.5,116,3259.266537444285,5280433.89128164
11,72,1.287651335050342,1.469027691047037,1.4586572596254217,1.6806916130092877,1.2812967449649952,0.08771934472717918,1.0,1.0,0.9,0.7,0.5,120,3205.0235356284597,5267875.547974998
11,73,1.287889704271843,1.4577360439556872,1.4343061781848345,1.6846085490830927,1.2816078975890979,0.08800492768473968,1.0,1.0,0.9,0.7,0.5,121,3249.081436756963,5273937.6771456525
11,74,1.2881986625652768,1.4578863009668053,1.4454029049362298,1.6918301409473178,1.3639276519349344,0.08905044899338951,1.0,1.0,0.9,0.7,0.5,122,3221.107788817165,5273415.397024152
11,75,1.2880501928591448,1.4349317346698702,1.4073563118122834,1.6909717200921939,1.323248960975553,0.08956279749733784,1.0,1.0,0.9,0.7,0.5,124,3274.5500688878697,5281838.6361514665
11,76,1.2872696480170203,1.4274950771462571,1.3987225179617726,1.7008705559001145,1.3045748039427174,0.08906696519078149,1.0,1.0,0.9,0.7,0.5,126,3244.082082560781,5280840.835815891
11,77,1.287044387065043,1.4384399537234343,1.4226619823305366,1.7120031899690682,1.2800626372333979,0.08881855466099725,1.0,1.0,0.9,0.7,0.5,128,3239.847214717115,5280663.812545579
11,78,1.4975026329486414,1.6762556669030504,1.6983557750108937,1.9789165559112545,1.4964260966798388,0.32299920610285027,1.0,1.0,0.9,0.7,0.5,136,3196.666677257444,5196931.261493864
11,79,1.4966228902451462,1.665533050944276,1.6858686803096714,1.977548945644184,1.5262609584514288,0.32253318085716615,1.0,1.0,0.9,0.7,0.5,138,3158.747459034676,5196186.597263126
11,80,1.4961934639298402,1.6558074087511763,1.6744799365157728,1.9841894553199237,1.5241783586640951,0.32251706970951866,1.0,1.0,0.9,0.7,0.5,140,3166.654083872846,5202196.588518609
11,81,1.493978983335163,1.6509825131821325,1.6691885700505174,1.989388341440538,1.5071959183287849,0.3201823414261169,1.0,1.0,0.9,0.7,0.5,141,3179.7614134514524,5205794.60373487
11,82,1.4941440606842031,1.6452993684181008,1.6624613201673943,1.989239914995196,1.531150894202783,0.3206417411449612,1.0,1.0,0.9,0.7,0.5,142,3182.4404825034103,5203227.583221254
11,83,1.2861483819227728,1.469515924097307,1.5254296286580518,1.861842441356543,1.281565805549875,0.08960038524127312,1.0,1.0,0.9,0.7,0.5,153,3252.7596131216574,5269073.9431008
11,84,1.285234779123574,1.446913220703024,1.4989658833006718,1.8558905100935759,1.3593292937873174,0.08953707658358352,1.0,1.0,0.9,0.7,0.5,155,3198.138805356507,5235010.956917767
11,85,1.2843503974755561,1.4481905608316434,1.511638292121953,1.8780215298237724,1.3127571061604664,0.08892271718289027,1.0,1.0,0.9,0.7,0.5,157,3214.3417912544446,5234530.125662112
11,86,1.2845043041250555,1.4470336046386887,1.510248918514021,1.8857967877169355,1.2849755985632125,0.08914578463734502,1.0,1.0,0.9,0.7,0.5,159,3213.387941880753,5235011.995796753
11,87,1.2839001417933158,1.4633527672311408,1.5515965056701393,1.8934995342029675,1.3195846011143306,0.08868956551924716,1.0,1.0,0.9,0.7,0.5,160,3227.8740315383584,5235988.840499097
11,88,1.2844175872944734,1.4355749582785684,1.4967751374962193,1.901747920783269,1.3230642006859137,0.08948848787715276,1.0,1.0,0.9,0.7,0.5,161,3211.8781701291955,5235756.740560631
11,89,1.2840104520808662,1.4447726940184988,1.5186903394074114,1.928997034714567,1.285905135282622,0.08909526980091827,1.0,1.0,0.9,0.7,0.5,163,3222.359890044684,5237139.738994184
11,90,1.2839072450361375,1.4414958403586917,1.5148517870238338,1.932642128744293,1.2916352770326383,0.08909786596575746,1.0,1.0,0.9,0.7,0.5,165,3226.987839251023,5235757.328385701
11,91,1.283922659345274,1.4367944982453453,1.509316373832731,1.9402521973428661,1.2973654576930045,0.08928604302234014,1.0,1.0,0.9,0.7,0.5,167,3225.246383088636,5232508.60486632
11,92,1.2829912622351887,1.4178604571148776,1.487203839641852,1.9344479506114785,1.4096080289372483,0.08886989787027078,1.0,1.0,0.9,0.7,0.5,168,3614.2365990158055,5234342.971552664
11,93,1.2824690409667951,1.4277575641629752,1.5099631567023937,1.9618813565538744,1.2806123642658764,0.08831544725422188,1.0,1.0,0.9,0.7,0.5,173,6012.050300007582,5234422.202789898
11,94,1.2826677261623867,1.4388575295282173,1.5340102006664496,1.9621716705015695,1.2818675298026487,0.08854614442268807,1.0,1.0,0.9,0.7,0.5,174,6180.30857434988,5235663.368184437
11,95,1.2827316917267306,1.4156408022090772,1.4846385875213435,1.9654037119729422,1.281058129072827,0.08864629280128349,1.0,1.0,0.9,0.7,0.5,179,3515.380873088196,5242033.507427296
11,96,1.282654230173461,1.4240948402478888,1.505622074507294,1.9809185854557088,1.2893293666714016,0.08864629280128346,1.0,1.0,0.9,0.7,0.5,181,3524.969087719221,5243085.474567154
11,97,1.282429666709079,1.4227799322812231,1.504115014657462,1.9885108819914667,1.2835158331250796,0.08843180724977316,1.0,1.0,0.9,0.7,0.5,183,6165.686937585022,5242610.327336657
11,98,1.2819992139323058,1.4404010598928982,1.5469699305118882,2.055754127265919,1.282126894134895,0.08809172992112257,1.0,1.0,0.9,0.7,0.5,194,6087.542760087578,5235496.595368184
11,99,1.2814721232159392,1.4268813776163793,1.5311641051743776,2.0702282649661807,1.3102125245146425,0.08790200630417097,1.0,1.0,0.9,0.7,0.5,197,6168.9960428159375,5234536.967848124
11,100,1.2809798014644298,1.4134335165981322,1.504407876002441,2.060724595440655,1.2849093461908354,0.08740617855578905,1.0,1.0,0.9,0.7,0.5,199,6165.084996108472,5235202.778415684
12,0,0.8836262484414701,0.97237807325243,0.9186738224679404,0.01023079352208939,0.0,0.0,0.0,0.0,0.9,0.7,0.5,1,2551.7963512014067,8255.198064372069
12,1,0.9274705911426806,1.0283724219776142,0.9739579340806971,0.07339085841581701,0.07465266648834204,0.06669854473793489,9.620781181176e-05,9.14958022705e-05,0.9,0.7,0.5,3,2507.6608697246384,8386.102500889901
12,2,0.919850133287327,1.1278284990522147,1.0662178399519662,0.2242330835421656,0.4955474151767628,0.1445757930111493,0.03944502497231627,0.08777502872104063,0.9,0.7,0.5,4,2086.108972204232,42540.36484392266
12,3,0.6969402804145974,1.0485407126601032,0.9868145446368444,0.19496788151529493,0.7228837810222701,0.08232038590538168,0.09665909799690162,0.09192498562662989,0.9,0.7,0.5,5,1711.0437220441822,5606.264866714444
12,4,0.708380236152305,1.109083627235985,1.039445646165968,0.3020684268060405,0.4553944689936739,0.09496450647530814,0.15354721343581118,0.20300527454375472,0.9,0.7,0.5,7,1332.1504836781216,7174.364424400463
12,5,0.6799189331543218,1.1014629539090595,1.0428062853315934,0.316621804351109,0.3699101665543735,0.11366401217060591,0.13610412296922028,0.1797000143476672,0.9,0.7,0.5,8,1727.4502227881578,38937.94775701349
12,6,0.6736534783349114,1.0976265349138281,1.0384178839836065,0.32459558784907827,0.29805857337439834,0.11288244747868796,0.13617766177225882,0.17977709502586242,0.9,0.7,0.5,10,1669.2312005746558,38605.81588751462
12,7,1.204885522704178,1.6195838726114766,1.547222741488264,0.8419969478662532,0.8321868793825873,0.04629166627693586,0.7953394098580505,0.4449096476272336,0.9,0.7,0.5,11,4641.890005584062,4818.501759511902
12,8,0.7547027119160525,1.1935875050357991,1.1304816794516965,0.44695627794679116,0.5530409397053758,0.10769141487214547,0.1487081907514963,0.4090130328096075,0.9,0.7,0.5,12,1884.0000894130349,38954.98454670135
12,9,0.7534650182988748,1.1815646405159799,1.105332350785296,0.4441623855433542,0.4105700686181257,0.10759518891350114,0.1487105217436321,0.4090152158567391,0.9,0.7,0.5,13,1888.62345404737,38949.09620735694
12,10,1.2396620860118963,1.6890554848923747,1.6035486655210383,0.9983327426172774,1.3452924668516113,0.048595825236456405,1.0,0.44670113098815084,0.9,0.7,0.5,14,4869.539380157772,4432.93995366234
12,11,0.9819403693410752,1.4333014517094707,1.346163158576611,0.762481627522395,0.7874317307599396,0.06778982195559237,0.6366288118178258,0.4284165343509437,0.9,0.7,0.5,15,4369.336946567224,38293.39781777503
12,12,1.315596381072206,1.790633095340302,1.7281904512932997,1.1272901426998474,1.1169122645422354,0.07505073450808611,0.8472717802431964,0.8055396107315687,0.9,0.7,0.5,16,5257.373848536941,304015.04080030124
12,13,1.305127094628681,1.7696355660186103,1.6932493611917507,1.122064634264158,1.0782775936165756,0.07348823429098944,0.8501716703911774,0.7957187716852664,0.9,0.7,0.5,18,5268.515896993198,299813.22593438666
12,14,1.0037443597931455,1.4805439801675722,1.4149263625497792,0.8336078102054869,0.8630501556855045,0.06443786298201912,0.6951377851493831,0.4545303026661022,0.9,0.7,0.5,19,4305.896869194008,37605.78848271826
12,15,1.2999424206650758,1.7658038030232257,1.6864830862482347,1.1442393959941235,1.101747822840304,0.07660523243525556,0.8544607974816797,0.8107097638234337,0.9,0.7,0.5,20,5591.218583624337,304033.1273163674
12,16,1.223634036838778,1.700541407906813,1.6317851245719672,1.0702320016758948,1.1085290631455849,0.06531898047350963,0.9280328492672286,0.6035409084696945,0.9,0.7,0.5,21,27354.894928788457,38035.232403461065
12,17,1.3415609076158095,1.8058798680723689,1.7208261661159023,1.2205761941413735,1.2805184752355177,0.07470453912864794,0.9568256490404412,0.8179238721969394,0.9,0.7,0.5,22,25290.744946000294,298755.2072142939
12,18,1.3400870792932276,1.8154067101859577,1.7430663277093514,1.2284836155961767,1.151790477305245,0.07470453912864791,0.9568256490404426,0.8179238721969423,0.9,0.7,0.5,24,25413.67110726265,298275.0005891729
12,19,1.3566541037799662,1.820558277697093,1.7349196316788142,1.2519453058868202,1.1762164997979865,0.07362375887112955,0.9762579944486289,0.828852907388044,0.9,0.7,0.5,25,25658.092451817083,298700.03899904486
12,20,0.9747186964348757,1.4469190092612432,1.3711657455854733,0.8662683361758613,0.9244436029152979,0.0709480230348741,0.7221084656255841,0.45617127824089554,0.9,0.7,0.5,26,4439.024453350082,38926.09457457802
12,21,0.9336786053388569,1.3939209674638242,1.3045205625028333,0.8285684664208929,0.7725907340742127,0.0727892665059305,0.6599614951544711,0.46382658534672566,0.9,0.7,0.5,28,4447.755026183055,38831.75479945942
12,22,0.994863185990297,1.4646423726433135,1.3869468012773687,0.9050447522796602,0.8793029137480027,0.06855878824914272,0.7650756506034573,0.45844715156932264,0.9,0.7,0.5,29,4430.750583173567,39161.51000625835
12,23,0.9179370283793908,1.419119843397653,1.3788894018952373,0.8748377233940589,0.7877323266134115,0.06961837385135575,0.6864485205862648,0.42628914212929114,0.9,0.7,0.5,31,4773.165067806507,38666.27672106346
12,24,1.1124632455733692,1.5876686063222178,1.5268224440875764,1.0816503634623182,1.2909253808610355,0.06703020457519898,0.937185582374414,0.5283556751967525,0.9,0.7,0.5,32,4574.54340140572,39236.4011617714
12,25,1.145245470031615,1.6164141674484478,1.553877229253641,1.1246117770008794,1.0536392139490136,0.06054265672310334,1.0,0.5293296066859765,0.9,0.7,0.5,34,4451.973102273714,39279.76507644188
12,26,1.142973898830088,1.6119513443495677,1.5485377864105996,1.1300447818840844,1.0555899623369203,0.057857791511876235,1.0,0.5354747735200296,0.9,0.7,0.5,35,4443.545728729261,39260.623259491935
12,27,1.1436640685209531,1.6068214173260573,1.5409514837453884,1.1443811213454758,1.065379671002738,0.06224543343266464,1.0,0.5460030046687094,0.9,0.7,0.5,38,4958.276044849867,37281.42085519536
12,28,1.1391887068001236,1.6085922706498055,1.5541073288505318,1.1520520145066304,1.059257302997287,0.06224543343266464,1.0,0.5460030046687094,0.9,0.7,0.5,40,4982.306066550303,37574.13563100941
12,29,1.1284179402442693,1.5892513698393005,1.5319734510362584,1.1571659303712947,1.081199101619441,0.0621910187778217,1.0,0.540036838384186,0.9,0.7,0.5,42,4908.371113229446,38548.238181993525
12,30,1.128583874243609,1.600089791617556,1.5556411668671895,1.168716843003104,1.03010225470249,0.0627632189823924,1.0,0.5402773639047209,0.9,0.7,0.5,44,5017.130784880379,38247.275483844605
12,31,1.1113140261380297,1.5660353594833736,1.5164484677660046,1.1718664934343979,1.1274371013790327,0.06202267509176529,1.0,0.5335073854730756,0.9,0.7,0.5,46,4654.252044222683,38334.3113164026
12,32,1.1122308153174691,1.5658937661790073,1.5160003702215397,1.1799810762121417,1.0304546913875603,0.06190110558351537,1.0,0.5370223428811028,0.9,0.7,0.5,48,4724.718591047453,38270.458601670616
12,33,1.0683549246503525,1.5538134116575366,1.5424002544859,1.1830230440225906,0.9921411636684698,0.05930845950549908,0.9240604112784766,0.5627057852972587,0.9,0.7,0.5,50,4973.582985541272,206004708.0969134
12,34,1.0670390448812377,1.5584314902846383,1.5585264281270108,1.1973013554354515,1.0141653146742324,0.06037328897745371,0.9247587661548549,0.5640693998384733,0.9,0.7,0.5,52,4900.353819414509,206014568.33143327
12,35,1.0693812206956124,1.5589155763747975,1.558494515274977,1.1937239172963716,1.008171932383819,0.060816868926498624,0.9267611763288544,0.5674619208832725,0.9,0.7,0.5,53,5299.647359943156,206046434.34502175
12,36,1.068737574351387,1.5379174580018147,1.5220040850602532,1.1964208675707628,1.093885576211885,0.06436607886420187,0.9276923161640249,0.5692800736048914,0.9,0.7,0.5,54,5063.2009459988085,206048503.9484344
12,37,0.9803175405822588,1.4686524808229764,1.4778810962876512,1.1318601988919361,0.9168909314204152,0.057556221888549954,0.884939706975995,0.4680777017841766,0.9,0.7,0.5,57,5266.628823001168,206064581.73375437
12,38,1.0651296449320495,1.525191047478265,1.506889921389462,1.2169368600291572,1.0243105336036669,0.05613023724946804,1.0,0.4853060516576261,0.9,0.7,0.5,59,7047.553574400657,205689099.7278929
12,39,1.0615423433077158,1.5125389594909169,1.4919320920883508,1.2158309152214986,1.0410213515038869,0.05696336444561882,1.0,0.4854295435243112,0.9,0.7,0.5,61,6847.634636481972,205721058.0692586
12,40,1.139594130227781,1.5788678855827958,1.5451306023717555,1.285062813982905,1.0775728988872748,0.06586903916686984,1.0,0.6259830201019996,0.9,0.7,0.5,62,4987.173962028244,95556.76770286074
12,41,1.062720683469128,1.5349928173130019,1.5401040316079035,1.2375485478639816,1.001895462697455,0.058924193350893675,1.0,0.4852975154488928,0.9,0.7,0.5,63,6815.569777059929,205724252.5858957
12,42,1.0517286257222858,1.4755296021387836,1.4587659839823068,1.2404517634628736,1.3611427939796665,0.0522155745687221,1.0,0.5044903923948629,0.9,0.7,0.5,64,4856.025159807161,195765074.4168731
12,43,1.1179961487960277,1.5301764526882107,1.5107646453004182,1.3161250380662772,1.1250525243853748,0.05703929787395712,1.0,0.6360282387013417,0.9,0.7,0.5,66,5306.642274026194,195772009.9851576
12,44,1.115156383321517,1.5283389230952746,1.519694305248942,1.3248598713170798,1.1132192553706588,0.057039297873957076,1.0,0.6360282387013437,0.9,0.7,0.5,68,5552.702289475029,195815727.5597323
12,45,1.0567891575224653,1.477851258305382,1.4920544476127913,1.2994544649388775,1.0791318015842724,0.05247200576768217,1.0,0.5352804050610329,0.9,0.7,0.5,70,5700.287707135501,195832176.74302223
12,46,1.095497366265344,1.4690050721884738,1.4518969177699623,1.3274853721315185,1.0760945261339787,0.05809183693860498,1.0,0.6143058422286823,0.9,0.7,0.5,83,6254.881889719438,37255019.03228549
12,47,1.0931927066438805,1.4706545477249,1.4650457633274494,1.336006476015262,1.0892549642309854,0.05775227647999145,1.0,0.6133383765886601,0.9,0.7,0.5,85,6325.096492666668,37124980.21267165
12,48,1.0817393558202575,1.4524315445583547,1.4454318256702412,1.3389143779451285,1.0769109237198544,0.05778856004252282,1.0,0.5930707667358435,0.9,0.7,0.5,87,6025.833220724479,37003141.11164237
12,49,1.0907309678663628,1.4595763597121594,1.4521986115873076,1.3655537275160827,1.065639403396228,0.05811280628791993,1.0,0.6111917486108192,0.9,0.7,0.5,89,6153.105146043274,36981890.54775056
12,50,1.0834327580571028,1.4703220849294143,1.4880554082376847,1.3804065633062184,1.0877268345534437,0.056386276679092295,1.0,0.6013661655236303,0.9,0.7,0.5,90,5681.595398563231,37010087.31565605
12,51,1.0834313648922431,1.4638136907597485,1.4802273716293937,1.3913873527783638,1.0795504722740943,0.05695828232593699,1.0,0.6027308753719074,0.9,0.7,0.5,92,5680.462062405042,36990944.3586669
12,52,1.089873898668905,1.46065745501804,1.4751397688911934,1.3911401700003758,1.1394233540032475,0.05890075508413598,1.0,0.6154773380368875,0.9,0.7,0.5,93,5350.22871928898,37428330.7495615
12,53,1.0848646564643731,1.4628385859073871,1.489518739790893,1.4042150032857146,1.0891478678728699,0.0596308709519644,1.0,0.6054927450988948,0.9,0.7,0.5,94,5643.716170638681,36991742.13933887
12,54,1.0842610667734425,1.4619434434623875,1.4885653840400725,1.3962450122770937,1.0582336285266654,0.05927513785545595,1.0,0.6050225357987551,0.9,0.7,0.5,95,5644.12575250129,37000061.9367118
12,55,1.0853430450690367,1.4477889174185372,1.4606066784398013,1.4012472282664274,1.0903688335118518,0.05882061014498553,1.0,0.6093242464576515,0.9,0.7,0.5,96,6329.62712612847,36908929.66511006
12,56,1.0808030786093648,1.4525951090657307,1.4780441657010188,1.4115751637424836,1.0608956722600313,0.058278938906175505,1.0,0.6018167243127059,0.9,0.7,0.5,98,5659.462023074861,36997012.18227842
12,57,1.0541275102295404,1.4199407347143762,1.4442049675013215,1.3921133256433018,1.0759390742577537,0.053768017056743424,1.0,0.5584631317605253,0.9,0.7,0.5,99,5680.825523889655,36253350.22986555
12,58,1.0982164420138214,1.457885989914807,1.4809386322077314,1.4629187634426792,1.0849931679319296,0.0590328197519143,1.0,0.6390253597024417,0.9,0.7,0.5,103,6185.392012098664,36904277.212935805
12,59,1.099285972601142,1.4463700018578356,1.4561504086878547,1.4640128804662842,1.0850357041972336,0.05913427677157077,1.0,0.6413925648282912,0.9,0.7,0.5,104,6198.221445930416,36896534.66881578
12,60,1.1007628685927102,1.4663674251478056,1.5013862087364627,1.4801651485511802,1.086320926060917,0.05899120621202893,1.0,0.6457368610555467,0.9,0.7,0.5,107,5794.144044977296,37203678.08799447
12,61,1.280072377877113,1.675786660389671,1.759940683883955,1.8226126286530073,1.2610747409348098,0.06367006473785078,1.0,1.0,0.9,0.7,0.5,138,4805.976981856308,50153643.003738895
12,62,1.2797654704580592,1.6710018871645604,1.7542886093924834,1.826279628065307,1.275280122633166,0.06398029133497572,1.0,1.0,0.9,0.7,0.5,140,4792.855677483059,50153255.96516124
12,63,1.2787854958202194,1.6600391591811068,1.7414015894888533,1.848617989019505,1.2774650676130679,0.06428314167332198,1.0,1.0,0.9,0.7,0.5,144,4810.398604813437,50156392.35943562
12,64,1.2781545676357298,1.7025616515933848,1.8356067569000443,1.8753871383705667,1.2704593531650874,0.0638066733219145,1.0,1.0,0.9,0.7,0.5,145,5059.867626674044,43182212.67164043
12,65,1.2780934755495958,1.6512053652476406,1.7310071082235914,1.8519116322413098,1.3087559987562893,0.06459348987505692,1.0,1.0,0.9,0.7,0.5,146,4797.068368686256,50155990.493320525
12,66,1.2791590067191194,1.6503613053377835,1.7406632563818323,1.8572895571819532,1.3120784591871677,0.06742997827299371,1.0,1.0,0.9,0.7,0.5,148,4782.658170173058,50193901.19752839
12,67,1.2763590192893703,1.6356323407821503,1.712798314172308,1.8734170807574575,1.2588943911522668,0.06439211750267183,1.0,1.0,0.9,0.7,0.5,153,4758.639483073328,44584056.22149272
12,68,1.2762182105539144,1.6082808781333149,1.6585356267121252,1.8771499587671667,1.2954367432414133,0.06480452012677136,1.0,1.0,0.9,0.7,0.5,154,5718.31291351305,46231307.92329264
12,69,1.278744419007298,1.6016544403869535,1.6501801880115676,1.8791122310400397,1.3325910546033515,0.06865976137924372,1.0,1.0,0.9,0.7,0.5,155,4400.924499894058,50169774.79939826
12,70,1.2783870404763835,1.6088570161425217,1.669697948317159,1.8908755728259554,1.2756319793667814,0.06865976137924372,1.0,1.0,0.9,0.7,0.5,157,4440.465302146375,50158732.3569437
12,71,1.275865803124891,1.6243851100955289,1.710408240244584,1.9165047847568761,1.2663742209533224,0.06632842224686744,1.0,1.0,0.9,0.7,0.5,162,4324.890426306714,50173870.34557937
12,72,1.260785918815289,1.5735466997116805,1.6419859116886804,1.8972761960183955,1.3091340235267435,0.052026102376249085,1.0,1.0,0.9,0.7,0.5,165,5363.41296301113,51350205.62224669
12,73,1.2604537335721835,1.5807673408447043,1.6615297117654055,1.9046846665148114,1.2606294166998397,0.051995835384432934,1.0,1.0,0.9,0.7,0.5,167,5410.986488924236,51340414.72086662
12,74,1.2590263746583956,1.5430803075007742,1.5843506214565233,1.9240317709613692,1.2555620796297748,0.05065045763152122,1.0,1.0,0.9,0.7,0.5,169,4760.770469454153,51235262.69671079
12,75,1.2634397910120392,1.550189365444391,1.6028868755382093,1.925443191677311,1.2827579198122647,0.05630768254693132,1.0,1.0,0.9,0.7,0.5,171,4705.190187474969,51276807.47451
12,76,1.2598104527921739,1.5411469150615722,1.5928459861009463,1.9574038471548225,1.2882581590846653,0.052738371453829515,1.0,1.0,0.9,0.7,0.5,172,6095.1826843243625,47112540.2487656
12,77,1.25931736694345,1.5405916686291745,1.5922781147791756,1.960805820746883,1.2475622237238901,0.052203494073928366,1.0,1.0,0.9,0.7,0.5,174,6103.107912363894,47088318.39372717
12,78,1.2585987977059463,1.5299083519274763,1.579763589916145,1.9636839551516991,1.320953333308477,0.05221405551696749,1.0,1.0,0.9,0.7,0.5,175,6024.8804465016165,47099052.7893955
12,79,1.2576005762519349,1.5280421306200414,1.5777380111058419,1.9704137935528518,1.2493077966223312,0.05117424340023803,1.0,1.0,0.9,0.7,0.5,177,6023.923258519526,47081157.71022628
12,80,1.260592657319649,1.5186511189924654,1.566079003418956,1.9730467898978232,1.296152200713746,0.05545415586929917,1.0,1.0,0.9,0.7,0.5,179,4714.27281711843,51220673.24813935
12,81,1.260374303778784,1.5454555065148203,1.6306818729748518,2.008684673713873,1.2583065274174987,0.055695992086127286,1.0,1.0,0.9,0.7,0.5,185,4780.054533010866,51508506.777675696
12,82,1.2602388729723006,1.5340627053881308,1.6062786340398623,2.0267403480175132,1.2502790744342411,0.05555099719561244,1.0,1.0,0.9,0.7,0.5,187,4816.279592986502,51497045.9704793
12,83,1.2602106363001022,1.5327858818892044,1.6047743758990274,2.0150345017856965,1.2591513282265436,0.05560792054171089,1.0,1.0,0.9,0.7,0.5,188,4779.292941397526,51471264.28940424
12,84,1.2596710629408165,1.5503727617275347,1.6475819874805904,2.0428798258248015,1.2816117237295086,0.05531261307562896,1.0,1.0,0.9,0.7,0.5,189,4780.982912448266,51500653.55934947
12,85,1.2604181190992345,1.5563820703844962,1.6655107444556239,2.0564227627725638,1.2729429675317907,0.05655408204894905,1.0,1.0,0.9,0.7,0.5,191,4763.76586598041,51501561.83244991
12,86,1.2609704300429636,1.5312709271470042,1.6138072485269395,2.0594454671112468,1.259687556702424,0.05738800427504196,1.0,1.0,0.9,0.7,0.5,194,4781.408326293062,51465422.34123978
12,87,1.260944569071318,1.530815647903797,1.6132740541942057,2.059402039540055,1.25323719546481,0.05738800427504198,1.0,1.0,0.9,0.7,0.5,196,4763.136874940488,51468922.33760162
12,88,1.2610733980426976,1.527494200654168,1.609326416187228,2.071097347172494,1.277525684092101,0.057760200690409415,1.0,1.0,0.9,0.7,0.5,197,4746.69115215052,51466120.6209138
12,89,1.2598032978394753,1.5241291101118133,1.6055813774498269,2.065848779736534,1.266329118342203,0.0564861435892147,1.0,1.0,0.9,0.7,0.5,198,4723.149229874544,51449556.66142339
13,0,0.7780583715403271,0.9439833856414367,0.8854163672943871,0.0076173987845341365,0.0,0.0,0.0,0.0,0.9,0.7,0.5,1,4439.243963808355,8925.380749018175
13,1,0.8060833756026057,0.9862047812917869,0.9266425388032917,0.05851127262317444,0.06832842280422971,0.05321837477035628,0.00010929867962031,0.00011956903581750999,0.9,0.7,0.5,3,4443.399649323817,8930.219642020938
13,2,0.7889440664724361,1.0646732227252695,1.011268901033426,0.17870810257054398,0.43430725528992636,0.09706405966067572,0.039283706432725676,0.08079132086503696,0.9,0.7,0.5,4,3306.8851281729358,47686.68966544165
13,3,0.8386237440171843,1.1464505900054094,1.0899654138109574,0.2803816111718017,0.3831642021510344,0.09489154640085676,0.20514660158014242,0.052028066729852995,0.9,0.7,0.5,5,2793.8855959114344,5626.585897739209
13,4,0.6594121075331733,1.0242128136090094,0.9608028309566251,0.191354787226823,0.4571856489688329,0.06468114735886196,0.09264498472649034,0.10030428788336836,0.9,0.7,0.5,6,3224.796228306267,6861.043247053836
13,5,0.7092812552864824,1.1002453668562129,1.0473613735557175,0.2847934568167938,0.3494417225137232,0.09672999614900868,0.14035754142073753,0.13437610422507842,0.9,0.7,0.5,7,2179.353439353036,4324.831165930189
13,6,0.6221533672672742,1.0514932465735227,0.9909875593085775,0.27255422266379636,0.5590027088576314,0.0733854449418444,0.1310207323730004,0.18097196278238892,0.9,0.7,0.5,8,1879.1053191170265,41475.857265357634
13,7,1.5172699442134117,1.938538882721796,1.8644230331584213,1.1779751570169514,1.1640597358802065,0.05476465154407721,0.8582397501157292,1.0,0.9,0.7,0.5,10,2905.411108768405,6515.216034108932
13,8,0.628148220234237,1.061400845566784,0.9998859735832218,0.29964816433561264,0.2772494038142275,0.07322360762649446,0.14302383253981452,0.1960597566589668,0.9,0.7,0.5,11,1924.6495109488656,42563.513223343085
13,9,1.4774048572577227,1.9273829540324892,1.8604621329567428,1.1977104062624386,1.3820558089183648,0.05869924403799287,0.8696666876000148,1.0,0.9,0.7,0.5,12,2096.604894722529,19048.55395320166
13,10,1.5378536338790574,1.9910755595159815,1.9227592034013261,1.2807413360868025,1.2618745245502714,0.04895274071729519,0.9848290680077035,1.0,0.9,0.7,0.5,14,1865.3659730761915,18719.44865818192
13,11,1.1072114181628343,1.5739840510418435,1.5175318721747275,0.8581773922646128,0.8581179443694221,0.05479009370564467,0.37495120774966656,1.0,0.9,0.7,0.5,15,1564.407960816578,42405.14981374961
13,12,1.0775342848019904,1.5340792090327944,1.4641115599916017,0.8370392496239341,0.7965852695173963,0.055073612848428856,0.33788207936129544,1.0,0.9,0.7,0.5,17,1131.3532393302676,41071.97123719063
13,13,1.0740937379421338,1.5312093162572504,1.460926802159296,0.8458270116123551,0.791470957348609,0.05389573305109948,0.3379229128740864,1.0,0.9,0.7,0.5,19,1129.258541600097,40522.27928478141
13,14,1.525318027499748,2.006093426568456,1.9610820938237794,1.323027281344354,1.2715708230114808,0.04643269122539514,1.0,1.0,0.9,0.7,0.5,20,1751.044146641124,20256.464623964
13,15,0.6750098341202186,1.1462005371541264,1.0871342593906819,0.46850379144386955,0.4422550597739388,0.0533690969208722,0.2673711068996765,0.3281314068169833,0.9,0.7,0.5,21,1253.2147712340193,41780.16118984976
13,16,1.5529462908630842,2.026278871236552,1.965537099927536,1.3609824488355202,1.3574393182487379,0.09902162201893812,1.0,1.0,0.9,0.7,0.5,22,2105.744031783689,58853583.81860708
13,17,1.5520634908831763,2.0370339679750433,1.9888946495616455,1.3763924331399753,1.2991111399099387,0.10110516135319647,1.0,1.0,0.9,0.7,0.5,24,2099.064229075268,58853615.29207863
13,18,1.5057199484838601,1.9798364729206872,1.9183539394031643,1.3255166213413243,1.2609820630379873,0.052225727353342875,1.0,1.0,0.9,0.7,0.5,25,2042.279714334113,20647.306948296085
13,19,1.5045757556528734,1.9788797582749993,1.9172048260793342,1.334336331333052,1.2550134271434419,0.05241056410686298,1.0,1.0,0.9,0.7,0.5,26,1995.6127672699936,20622.60760717868
13,20,1.5028970217410318,1.9781496257315399,1.9153734760361423,1.338528104389597,1.2977761147510694,0.058743354533410196,1.0,1.0,0.9,0.7,0.5,27,1931.5394072713457,20425.433599648382
13,21,1.4999211024588437,1.9754620986804023,1.9122933638682262,1.3468575225370245,1.2684951563769085,0.05830477873897329,1.0,1.0,0.9,0.7,0.5,28,1986.4575251718904,20531.792950860945
13,22,1.4927673571906912,1.9683092240823539,1.9051380526572,1.3397167473318432,1.245431044963591,0.05037309701069124,1.0,1.0,0.9,0.7,0.5,29,2134.8729382108127,18116.120639634955
13,23,1.4867881643759207,1.9636582758546723,1.897573747334199,1.3525728955502647,1.3765117160106348,0.06410724424888455,1.0,1.0,0.9,0.7,0.5,30,2667.2985749301843,47329.7949545072
13,24,1.482054385193057,1.9702813201341405,1.915966409786555,1.3666515696904016,1.3104968926451894,0.06700267151912401,1.0,1.0,0.9,0.7,0.5,31,2533.1288853784386,47904.49134810695
13,25,1.445280678041056,1.9329431189495647,1.8754937034267045,1.340692574078547,1.3696740451638023,0.04585242333850629,1.0,1.0,0.9,0.7,0.5,32,1926.388456804568,28852.50969654321
13,26,1.429087240194626,1.9267311769756263,1.8802677623561035,1.345269451685423,1.276416448544858,0.039570487865761964,1.0,1.0,0.9,0.7,0.5,34,1819.470481185152,32317.943033025367
13,27,1.4242038063732148,1.9212523330171978,1.8740053029461419,1.352390783452984,1.266674146886778,0.03856756636604683,1.0,1.0,0.9,0.7,0.5,35,1817.145651088147,34569.652179450335
13,28,1.4230275150477878,1.9310819537788202,1.896599986934341,1.360794505812914,1.2394964446023535,0.0385675663660468,1.0,1.0,0.9,0.7,0.5,37,1775.9513325193789,34090.1699509413
13,29,1.4136512646992907,1.9198460583615269,1.8834339687097779,1.3629346847413364,1.313501943924678,0.03860583931404061,1.0,1.0,0.9,0.7,0.5,38,1633.0670915101534,29016.137749785677
13,30,1.422862194334508,1.9152818681121766,1.8637588558504818,1.380759816349309,1.2967236784584792,0.059676173398068064,1.0,1.0,0.9,0.7,0.5,40,2236.6064417763337,23312.44721136016
13,31,1.4166928695780112,1.907125437653971,1.854205514932461,1.3886787218948284,1.2821931390596863,0.05967631655489748,1.0,1.0,0.9,0.7,0.5,42,2158.6243202278306,23408.2978764088
13,32,1.411671582364972,1.9011556930017712,1.847618756554687,1.3859811765710903,1.276503944490969,0.05704631258414537,1.0,1.0,0.9,0.7,0.5,43,2205.2305260447715,19032.47283680674
13,33,1.3969231084604552,1.880046962784919,1.822907716396567,1.392725768756265,1.3981956899137358,0.0569643847996967,1.0,1.0,0.9,0.7,0.5,44,3323.905021898233,24299.405059062643
13,34,1.3973955620630587,1.8806782918810847,1.8315139032807435,1.4274494146290655,1.3725160157468466,0.07782280060436741,1.0,1.0,0.9,0.7,0.5,46,2524.615016557538,6123917.51042462
13,35,1.3953586920059378,1.8769113650050127,1.8270442182779525,1.4339574653077705,1.2847091811002298,0.07819695732140478,1.0,1.0,0.9,0.7,0.5,48,2538.568062487192,6120593.440361563
13,36,1.3947805277575613,1.8757975535798586,1.825716258018975,1.4397765298256644,1.2792475465944961,0.07834857299311561,1.0,1.0,0.9,0.7,0.5,49,2544.082794215589,6118303.773897362
13,37,1.3893220317253951,1.8667896334783005,1.8153276832017247,1.441405059462383,1.3258730161927188,0.07729775813997389,1.0,1.0,0.9,0.7,0.5,50,2537.765257695773,6119601.607226107
13,38,1.3494105443358644,1.8224499900953357,1.7784997608228825,1.409126369203486,1.358004670949185,0.051194557685550465,1.0,1.0,0.9,0.7,0.5,52,2479.6504933724245,46691.38426498464
13,39,1.3471339382853178,1.827280455384891,1.7950104967301816,1.4155939107823803,1.3012730775872667,0.05267837105276378,1.0,1.0,0.9,0.7,0.5,53,2024.3149703976287,47311.33368504552
13,40,1.3448348190874273,1.8219892890235991,1.7887792599166676,1.4186042129131975,1.2859573734402114,0.05289837132043802,1.0,1.0,0.9,0.7,0.5,54,2039.2929725740853,47642.74831231345
13,41,1.3361296268190173,1.7784722889437279,1.715543759150957,1.4238444841098388,1.3240800682834906,0.05356194506404881,1.0,1.0,0.9,0.7,0.5,56,2775.328191806745,45357.119451971565
13,42,1.3312890225155976,1.7708591815038552,1.7071251289894525,1.4210969973839467,1.2787309807907654,0.050329140552319254,1.0,1.0,0.9,0.7,0.5,57,2788.175104107762,44111.05524994621
13,43,1.31589231505541,1.7429218776543465,1.6857679797725493,1.4253502742265678,1.3742401795221877,0.04849512707048509,1.0,1.0,0.9,0.7,0.5,59,3164.032860813145,44504.55529023758
13,44,1.3077674113370616,1.7284048517238237,1.6696167707898164,1.4228064227299275,1.3052046018619168,0.04296757486427974,1.0,1.0,0.9,0.7,0.5,60,2571.9126462813338,45090.61113040937
13,45,1.307281749024439,1.725684411845091,1.6663323069394653,1.429710182000798,1.2507494268039023,0.04360427029719957,1.0,1.0,0.9,0.7,0.5,62,2560.1551900030563,45545.027139034486
13,46,1.305460467418151,1.715318639250325,1.653844960306083,1.4401332472016226,1.2845238084604809,0.04585169054229562,1.0,1.0,0.9,0.7,0.5,64,1610.5487423510965,47080.80305433212
13,47,1.322584852450874,1.7315988677155758,1.680216592075605,1.484132990052191,1.2802809325503464,0.07036588015549781,1.0,1.0,0.9,0.7,0.5,71,2417.7460710768987,58094905.9669107
13,48,1.3202724852520895,1.7257753212694897,1.6735617795391873,1.4959703382646943,1.2792992656054738,0.06928826240138868,1.0,1.0,0.9,0.7,0.5,73,2536.3133027489325,58094156.35663191
13,49,1.3183744250833476,1.7124202058414355,1.6471438077870304,1.4975609243381323,1.263418880740338,0.0673033281856739,1.0,1.0,0.9,0.7,0.5,74,2543.684424353157,58093443.24970893
13,50,1.3170007891979536,1.70555699813783,1.6389972396158052,1.5008889643937484,1.3132900085828414,0.0680042871008678,1.0,1.0,0.9,0.7,0.5,75,2525.54063105136,58089290.5675499
13,51,1.309586668757359,1.6958424031254355,1.6391830866302535,1.5029851216780474,1.3847873532584187,0.06487312461650643,1.0,1.0,0.9,0.7,0.5,76,3311.9125704350163,58088909.08364685
13,52,1.3057235692229168,1.6877901419296533,1.6301830051368476,1.506837659063218,1.294905273109039,0.062076341211703766,1.0,1.0,0.9,0.7,0.5,77,2332.559804144735,58114258.93165137
13,53,1.3054895775018693,1.685690531985659,1.6276643660555554,1.5069611626332842,1.2733668892899068,0.06246197144021872,1.0,1.0,0.9,0.7,0.5,78,2326.942521052718,58114242.92070018
13,54,1.3036516168293848,1.680320746516623,1.6215055447355948,1.5126416706860355,1.287703895865775,0.0616142290375065,1.0,1.0,0.9,0.7,0.5,79,2342.5353258808764,58103233.27356144
13,55,1.301876371762733,1.6748319799674187,1.615192953166676,1.5251458493844523,1.2715800245317004,0.060860718804617395,1.0,1.0,0.9,0.7,0.5,81,2373.1622249975794,58103463.48552096
13,56,1.2996308589960226,1.657047190200778,1.583456295386999,1.52370040328732,1.292014169351475,0.05972208636064391,1.0,1.0,0.9,0.7,0.5,82,2468.2693372055774,58106821.68759024
13,57,1.2991119832639955,1.6544212230376953,1.5803682905471916,1.5269584477038407,1.2726774690830813,0.059801927768630456,1.0,1.0,0.9,0.7,0.5,83,2474.0728137837486,58105926.05627833
13,58,1.2994673978074405,1.6535520965668655,1.5792313525375123,1.5309435774242033,1.2654592725510299,0.060573993828229,1.0,1.0,0.9,0.7,0.5,84,2452.223127748116,58102850.14577167
13,59,1.2781510874890674,1.66568384778363,1.640902787398394,1.5993423389400818,1.241495801804069,0.040231942405091446,1.0,1.0,0.9,0.7,0.5,103,17962.705010835933,90795.61090537877
13,60,1.2803839122141323,1.650666624071403,1.6115925557426256,1.616911192734906,1.2531078957776502,0.044381237656292497,1.0,1.0,0.9,0.7,0.5,107,17635.83006651383,90276.13114985406
13,61,1.2768639692973283,1.6582398136150167,1.6321429764085231,1.6242981399568146,1.2373760025081806,0.04049896504180827,1.0,1.0,0.9,0.7,0.5,108,17889.003334809582,91096.55700490132
13,62,1.2777944692536063,1.669618974599719,1.6563618111157719,1.643590243997397,1.2441238554564844,0.04173665607630121,1.0,1.0,0.9,0.7,0.5,109,17093.687096141955,77269.10691836037
13,63,1.2760084429135379,1.6542210057627762,1.6274519216752679,1.6311088735751995,1.2572063025644051,0.04039436496526508,1.0,1.0,0.9,0.7,0.5,110,17869.62306492146,91784.24799191552
13,64,1.2813869918019238,1.6755828843791472,1.6734465542391956,1.6556739067889754,1.2722293520767116,0.04810848495662695,1.0,1.0,0.9,0.7,0.5,112,17581.226729419286,74897.97718468182
13,65,1.2795108180526502,1.6700248826392086,1.667127115177516,1.6504666548089373,1.271275790375375,0.04687362001863753,1.0,1.0,0.9,0.7,0.5,113,17483.667826329096,62376.96307922263
13,66,1.2801625542002837,1.6686311139746062,1.6653042843956203,1.6587037508900768,1.2610456262121665,0.04810848495662695,1.0,1.0,0.9,0.7,0.5,114,17469.149741017878,74501.44562657498
13,67,1.2773619782200494,1.6658250833584187,1.6731727098879579,1.6717960113224701,1.3378235761759294,0.04763302901391654,1.0,1.0,0.9,0.7,0.5,115,17514.872077577547,74450.74979450954
13,68,1.277597150510382,1.6517095178230394,1.6454107037191776,1.6684991449808737,1.2697512173109267,0.048589260551344285,1.0,1.0,0.9,0.7,0.5,116,17458.899884530296,74974.36095207438
13,69,1.2740276827699057,1.6363293889916046,1.627618698769668,1.6695701438349415,1.3407987667260095,0.04714825607898121,1.0,1.0,0.9,0.7,0.5,117,17498.375645342796,62766.96775400235
13,70,1.2735634634844184,1.634456478550625,1.6254572757938703,1.6729036700621225,1.254622315586826,0.04693911899809264,1.0,1.0,0.9,0.7,0.5,118,17536.824685886524,74850.26411764341
13,71,1.2731404580063845,1.6322352212740907,1.6228750473894586,1.676238541383226,1.2561329447950214,0.046813083057879665,1.0,1.0,0.9,0.7,0.5,119,17489.486421260084,45314.24064382777
13,72,1.2725478993953696,1.6389116500860128,1.6417571039722263,1.6908873092188175,1.2746516822840683,0.04693911899809264,1.0,1.0,0.9,0.7,0.5,120,17359.68324809942,74190.77829094767
13,73,1.2707378528055915,1.6215991447117228,1.610576880470913,1.6854214819036217,1.259167230723713,0.04577891949665086,1.0,1.0,0.9,0.7,0.5,122,17244.09048993867,62244.36408928344
13,74,1.2725225636937971,1.6333402734759888,1.6350704614227571,1.7099795607127808,1.2455783261401892,0.04798526029966822,1.0,1.0,0.9,0.7,0.5,126,17171.996623105348,72541.07812936488
13,75,1.2677992416181147,1.6143626048976794,1.602481075763995,1.7014675100967025,1.2639210812090336,0.04331272175271938,1.0,1.0,0.9,0.7,0.5,127,17233.30234635683,84771.4413912576
13,76,1.2702271742815832,1.6257389418678796,1.6264063443708137,1.715461571570321,1.260376180601226,0.046433586540468405,1.0,1.0,0.9,0.7,0.5,128,17247.63887198198,74233.81119582051
13,77,1.2629948260320247,1.5884028818022418,1.5831329003778212,1.720760892701369,1.4811077392722238,0.04347162231202552,1.0,1.0,0.9,0.7,0.5,129,17266.70460009825,83952.91547365715
13,78,1.2626690339030562,1.5837215263013278,1.5776033500913826,1.7280165043386577,1.2566902977895258,0.043772902997256655,1.0,1.0,0.9,0.7,0.5,131,17252.844363116998,84570.55870788373
13,79,1.261563628275478,1.5763669252920705,1.5690351379168779,1.7382689531090576,1.2889760297103754,0.04347519257147603,1.0,1.0,0.9,0.7,0.5,132,17303.64526757056,85911.59298210134
13,80,1.2607820702194323,1.5713474232447644,1.5631973708772573,1.7264141066169156,1.2718829226348642,0.043206614851566974,1.0,1.0,0.9,0.7,0.5,133,17255.017421803812,83975.66817557203
13,81,1.262231958879871,1.581957501335595,1.5864135309004395,1.7769452365791463,1.2428916709856515,0.04510527724498145,1.0,1.0,0.9,0.7,0.5,140,17150.66883006469,84225.22445251465
13,82,1.2607177606967426,1.5778785960939512,1.5818404942535924,1.7829814902986474,1.2494770103799313,0.043779320057329305,1.0,1.0,0.9,0.7,0.5,142,17017.208656869967,85532.07940024624
13,83,1.2535334960099878,1.6125939717941273,1.6679968252904254,1.8148187050042675,1.234102730680148,0.03619621469215566,1.0,1.0,0.9,0.7,0.5,157,17260.254970248585,72402.37143830357
13,84,1.2732803293074175,1.6158795641053092,1.657273138647487,1.8695907000847387,1.2941180557116132,0.05884087133409115,1.0,1.0,0.9,0.7,0.5,158,17868.505957426707,71742.00588394236
13,85,1.2530317107674112,1.5932622047744691,1.645066285867657,1.8252296213721593,1.2870585914005281,0.03806513531091589,1.0,1.0,0.9,0.7,0.5,160,17148.347019082525,71149.12373387595
13,86,1.2529138771511397,1.5919881097828803,1.643572482014844,1.8326690935073038,1.2432299357183618,0.03807513062016163,1.0,1.0,0.9,0.7,0.5,161,17151.029835659043,71128.72954852853
13,87,1.2531535090671384,1.602558211708013,1.6669771773747004,1.8375053205599459,1.2413774791591208,0.03844730025905685,1.0,1.0,0.9,0.7,0.5,162,17049.84149808667,71339.50286398244
13,88,1.252323603936059,1.5967295604518656,1.66020048309067,1.840503699166532,1.2729673859350692,0.03812138452584059,1.0,1.0,0.9,0.7,0.5,163,17194.45193204187,71889.15550618108
13,89,1.2696756275471044,1.6071698227862583,1.6693338970225868,1.9052825752683307,1.265720793725348,0.058200579926617924,1.0,1.0,0.9,0.7,0.5,167,17630.920812416836,67707.71156865927
13,90,1.268418837597536,1.6126700035607224,1.6869965056349936,1.9163044857907425,1.2601109761283515,0.05730157555021607,1.0,1.0,0.9,0.7,0.5,171,17332.997367234173,66840.82072154814
13,91,1.2699247949804187,1.6025419500867542,1.6637868878114297,1.9261803383271392,1.2563799741548385,0.05902175112200427,1.0,1.0,0.9,0.7,0.5,172,17281.480907236364,44683.85601726423
13,92,1.2683327219166645,1.6229160945575885,1.7100788465615238,1.9401818242801339,1.2549679551644577,0.05730157555021613,1.0,1.0,0.9,0.7,0.5,173,17305.665884094713,66755.46827355544
13,93,1.268710585450107,1.5970542846466542,1.657495475343964,1.932752430364992,1.281713807526124,0.05813896121851057,1.0,1.0,0.9,0.7,0.5,174,17368.02966778809,44824.651914850125
13,94,1.2677779000024598,1.5973557883356644,1.6689286892728277,1.9558090785797488,1.2904343797464475,0.05814951213286591,1.0,1.0,0.9,0.7,0.5,176,17369.514218539407,44938.65681920501
13,95,1.2545546986655842,1.561325387435501,1.6068226731905761,1.9110818961842542,1.2422214469919997,0.04349811629733125,1.0,1.0,0.9,0.7,0.5,177,17302.180854113372,82089.11718042576
13,96,1.2690928449889767,1.5858601555300473,1.6441189790058999,1.95576804003651,1.2617037830908093,0.059860154156055355,1.0,1.0,0.9,0.7,0.5,179,31112.12926762365,67398.82645089919
13,97,1.2672698999813117,1.582471924391235,1.6513642558405197,1.9488493248175924,1.3438942314316584,0.05900318409435231,1.0,1.0,0.9,0.7,0.5,180,17397.07346400425,81755.83242926563
13,98,1.266979978573438,1.5586398347036003,1.6122437131556553,1.9472447076121209,1.3474154325125995,0.05981647384551163,1.0,1.0,0.9,0.7,0.5,181,17472.492273537784,82048.1302582828
13,99,1.2664595598180397,1.5686886571368843,1.6351758926199995,1.9555236600098946,1.2580166463412432,0.05929296922147159,1.0,1.0,0.9,0.7,0.5,182,17478.458982110893,81825.9340576722
13,100,1.2669356824386182,1.5463381322513867,1.608623195493113,1.9680651823500062,1.4266064127371332,0.06172432787574587,1.0,1.0,0.9,0.7,0.5,183,17773.3296742272,79297.43511503752
13,101,1.266869245547781,1.5565336176695856,1.6316463509300876,1.9883707626519724,1.2590681518460856,0.06172432787574582,1.0,1.0,0.9,0.7,0.5,185,17728.14292960546,79121.75216803918
13,102,1.2663273303173783,1.5519449085501933,1.626316151249618,1.9838146632905187,1.2855262538997547,0.06143595161319815,1.0,1.0,0.9,0.7,0.5,186,17733.126365759068,79081.81512309524
13,103,1.2661259357201997,1.5490591833606382,1.622939342239099,1.9952291759805485,1.275307611591566,0.06141675395089,1.0,1.0,0.9,0.7,0.5,187,17659.56596407249,79025.31092030503
13,104,1.2644215758369923,1.555785186236281,1.6421585379736088,2.0285264469627267,1.2563440790396014,0.05973150652947122,1.0,1.0,0.9,0.7,0.5,195,17562.936636230854,78971.85348714238
13,105,1.26353112592971,1.5473719005700384,1.6323720506946493,2.026106471265063,1.2813664526636803,0.05929295657983299,1.0,1.0,0.9,0.7,0.5,197,17737.923793477363,78509.32566747081
14,0,0.76329614878778,0.9397101206455801,0.8804113877081318,0.0072245257068444075,0.0,0.0,0.0,0.0,0.9,0.7,0.5,1,4304.572328407447,8181.892910831497
14,1,0.7879687783054221,0.9792485358242875,0.9188774262874952,0.05584441422000514,0.06766494761848052,0.05074867923527806,0.00011015451427447999,9.747862683178e-05,0.9,0.7,0.5,3,4330.2558755782575,8336.306807604697
14,2,1.2563920707615357,1.5016351518144528,1.450915054529954,0.6014376295021399,0.7131392196726942,0.062030249070975915,0.455351707799028,0.4039334156447216,0.9,0.7,0.5,4,3305.359097243057,3310.493602041864
14,3,0.8001058205976941,1.1401209704041313,1.0802656488722329,0.2919614969079951,0.6507560070995088,0.08149931604239562,0.21360659594318193,0.09098831308351812,0.9,0.7,0.5,5,4203.948190466429,6082.025936885833
14,4,0.7381520502509037,1.0867293444095998,1.025859381662618,0.2460983668838849,0.26385160206639663,0.08443111499272966,0.17213828093507016,0.04883337571326559,0.9,0.7,0.5,6,4170.279026630757,6445.554744287182
14,5,0.6449992724392412,1.0571329583506497,1.000450846488237,0.25706877482410306,0.5795744468224454,0.09536505623069899,0.13669089397628875,0.10009659133130473,0.9,0.7,0.5,7,2877.7146627936395,4448.67386536774
14,6,0.6001462062594211,1.0122984326843416,0.9556126279873709,0.21462595913231677,0.18690166137762865,0.0963942370819828,0.08915060431437474,0.0751758708391831,0.9,0.7,0.5,8,2893.104958968802,5061.862991598025
14,7,0.8027087768594614,1.2206528488967756,1.1472034116912895,0.4612627774531256,0.5818868987209762,0.09846560779626028,0.2330346933195869,0.35307063131311495,0.9,0.7,0.5,9,2226.0478069508968,4770.159946788506
14,8,0.7944328820255002,1.223225368477753,1.1467803552816012,0.48631870875652783,0.509351394567611,0.09595682871732372,0.2541624865350126,0.36813640400558034,0.9,0.7,0.5,11,1730.0482366876724,5518.992440162861
14,9,0.7772083625429161,1.2117392358053616,1.1334130066623194,0.4872801094861637,0.5245751166424122,0.0988273221313984,0.298878625204846,0.2993646580403291,0.9,0.7,0.5,12,1687.9631850225455,4656.589012667911
14,10,0.856182362127575,1.2947678293534497,1.2149198505568208,0.5904106790034067,0.570789412937405,0.08405243326672648,0.4555339433128194,0.29046996416380766,0.9,0.7,0.5,14,2943.6628708295416,11910.472553596006
14,11,1.6020241577273906,2.055026578847539,1.986859015750713,1.3687385605233238,1.3101138618680972,0.10724443389504776,1.0,1.0,0.9,0.7,0.5,18,3515.440741974317,6534.088504830117
14,12,1.568312722319991,2.0298320139358403,1.9566091810673782,1.3771151946555558,1.4036526876603668,0.11204873865318303,1.0,1.0,0.9,0.7,0.5,20,1949.666460038102,5511.893486191049
14,13,1.5588415824400148,2.0217146685147283,1.9472707316449354,1.3783911233503918,1.3496536356669806,0.11095178450019653,1.0,1.0,0.9,0.7,0.5,21,1930.770667131443,5811.531865110198
14,14,1.5587126382564314,2.021783542107165,1.9471382522577136,1.3882849661651007,1.3093200309642854,0.11233562149623699,1.0,1.0,0.9,0.7,0.5,22,1908.234921567829,7415.43106694553
14,15,1.550360293575396,2.014315215114036,1.9386592874768613,1.3882369842362219,1.3201417403820652,0.11059379023548413,1.0,1.0,0.9,0.7,0.5,24,1941.6638609578945,6167.17460642643
14,16,1.5500036110232724,2.0252046466261815,1.9624952919655099,1.3962232108896067,1.3006331388670669,0.11059379023548413,1.0,1.0,0.9,0.7,0.5,26,1938.034888491395,6140.352129360718
14,17,1.5449375708427686,2.0206893858302246,1.9572056306648864,1.4070287059891187,1.3153331350310506,0.11060110913395124,1.0,1.0,0.9,0.7,0.5,28,1850.0034828771256,6124.58182140575
14,18,1.5280684341793505,2.005000505941345,1.9387373840234998,1.409173263610732,1.4135998539324373,0.11120162686879151,1.0,1.0,0.9,0.7,0.5,29,1729.4981735898589,5771.132083380557
14,19,1.3245305716516724,1.8349700192924052,1.804838268925891,1.2384799931806367,1.1424178434285854,0.11832824864619049,0.7238595335901324,1.0,0.9,0.7,0.5,33,3656.343658524528,22705.39882817308
14,20,1.3199335924971316,1.83013921833414,1.7992271709600245,1.243176005810001,1.1288350773151137,0.11796712541771023,0.7239325414965136,1.0,0.9,0.7,0.5,35,3575.9750870859743,22639.36843844926
14,21,1.3029549005183692,1.8130237785271082,1.7817520421294284,1.2365800231736872,1.1052409530855611,0.1195683052791758,0.7004229527861282,1.0,0.9,0.7,0.5,37,3443.595326985338,21548.14054653646
14,22,1.2945275478490446,1.804126932621614,1.7718683846646188,1.236146114370266,1.1350196215167903,0.12297776214259115,0.6915615402982911,1.0,0.9,0.7,0.5,38,3476.993304715152,21735.919140364374
14,23,1.2904884489760844,1.7998615638576505,1.76720674816366,1.237212158122499,1.1089802626413299,0.12580635899899725,0.6851366268784853,1.0,0.9,0.7,0.5,39,3510.3637038564907,21883.839520411268
14,24,1.3119483531172582,1.841533491308312,1.8320804185527346,1.2932025892600878,1.2426182112693684,0.11629982466291437,0.7482305393503265,1.0,0.9,0.7,0.5,40,3506.5045474255253,22755.076872506903
14,25,1.3119859685982838,1.8523351360488969,1.8554400166653122,1.299107864200008,1.13963778128957,0.11557318233261224,0.752281120808113,1.0,0.9,0.7,0.5,42,3371.873027059873,22709.36493405676
14,26,1.3031036612801625,1.84215627357927,1.8440736866724978,1.298458706467001,1.1758475125838543,0.11882462387735152,0.7434644312535705,1.0,0.9,0.7,0.5,43,3393.002301165978,22904.34840933439
14,27,1.3085378247707204,1.8472059694139116,1.8487943895444474,1.3084859221451557,1.1478181054001864,0.11658681072173671,0.7563001884194276,1.0,0.9,0.7,0.5,44,5554.399878282394,22863.065220933644
14,28,1.393879499005486,1.9325611024503242,1.934116119047318,1.415849798090314,1.220501460217863,0.12460383178991649,0.8682071668531816,1.0,0.9,0.7,0.5,47,3466.500185221156,23215.702831441493
14,29,1.4683232712143068,1.9883236574782557,1.9719047645138108,1.4917139655359317,1.5186912204163758,0.12877291085014675,1.0,1.0,0.9,0.7,0.5,48,3660.944726242889,27128.63738537221
14,30,1.4670974014129006,1.9977171470534638,1.9939887604031097,1.5006650269344717,1.322074672828348,0.1287729108501467,1.0,1.0,0.9,0.7,0.5,50,3661.310636257899,27120.48392730282
14,31,1.4608702067011716,2.0093493653454875,2.0292786779921688,1.5320872095987281,1.3505641858781279,0.13200275432464703,1.0,1.0,0.9,0.7,0.5,53,2820.724884276351,27192.26385381192
14,32,1.4533857241899035,1.984278317724062,1.9882307024491255,1.520302542914927,1.4453096623812975,0.1359057843806431,1.0,1.0,0.9,0.7,0.5,54,3435.836079250417,27256.29900524713
14,33,1.4483001890179377,1.9854948691659353,2.0004789624101105,1.5404511616267085,1.3631630881633254,0.13758272123301504,1.0,1.0,0.9,0.7,0.5,56,3394.5890149491424,27183.063774434664
14,34,1.44935856015553,1.9752740823499608,1.9772276441250947,1.5458923790874892,1.3255902205742383,0.1388691378645157,1.0,1.0,0.9,0.7,0.5,58,3421.2832586874674,27267.068376286607
14,35,1.433639374392233,1.9783233648269756,2.0048612949799907,1.5532502957686272,1.3716785865660965,0.1265510739135301,1.0,1.0,0.9,0.7,0.5,59,2766.3987424123143,27076.001416218605
14,36,1.4330623978629466,1.9773938545063796,2.0037978081669574,1.5530331372416841,1.3164868388737774,0.12638792558109613,1.0,1.0,0.9,0.7,0.5,61,2756.447902746896,27105.440109269315
14,37,1.430469097752443,1.9484440546738768,1.9473851237955104,1.555019088286154,1.3753437290509423,0.128602691114274,1.0,1.0,0.9,0.7,0.5,62,2780.6490573798465,1314606690291.455
14,38,1.4210606520956637,1.9503241441324348,1.971430487173517,1.5652574884881543,1.4746192122929043,0.13068123155311245,1.0,1.0,0.9,0.7,0.5,63,2747.194299502601,2889006318878.1914
14,39,1.4181156539430766,1.9230757087286334,1.9175769549898236,1.5675394669721192,1.3403747652460984,0.12922187792342604,1.0,1.0,0.9,0.7,0.5,64,2734.978934943959,1314609033239.9993
14,40,1.4162725426887657,1.9404101775225,1.9598801338429954,1.5744135505948404,1.359415937373568,0.13028243676918183,1.0,1.0,0.9,0.7,0.5,65,2674.6439140460207,2889001429544.107
14,41,1.4152390456468584,1.9272801515493367,1.9334696650686478,1.5774369241239932,1.328324816300895,0.12995768156656934,1.0,1.0,0.9,0.7,0.5,66,2816.139046464496,2889001357201.26
14,42,1.4159210173118155,1.926721423015362,1.9325240047618872,1.5854013056344956,1.3344366706030462,0.13184872481226326,1.0,1.0,0.9,0.7,0.5,67,2938.3462535909057,2889001423689.562
14,43,1.9568662658274354,2.48473457993878,2.5149051239775018,2.1086402256302526,1.9303988790560052,0.7375600491292534,1.0,1.0,0.9,0.7,0.5,68,1725.9111646495628,36437295605473.12
14,44,1.5968571132015603,2.1184433558560536,2.1467576351661886,1.7655076564460395,1.5840570847189253,0.342612940074533,1.0,1.0,0.9,0.7,0.5,69,1313.4946616775103,36437358345154.78
14,45,1.9398705405253769,2.4640383764871268,2.5029022985947487,2.1298887352853173,1.8903704862766109,0.7300593765697597,1.0,1.0,0.9,0.7,0.5,72,1388.189654543779,36437358025078.61
14,46,1.943340495943298,2.46313303087574,2.500790406680089,2.135383490341566,1.9124096499623182,0.7368819148635353,1.0,1.0,0.9,0.7,0.5,73,1341.0186799862672,36437360638516.47
14,47,1.9868445934622423,2.5146392589633066,2.5744681934310396,2.2240749093699965,1.9459578218461209,0.7940588179408115,1.0,1.0,0.9,0.7,0.5,78,1620.8058055825672,38196830173266.5
14,48,1.9857912354718992,2.4994676723162916,2.545550069295272,2.220481418129938,1.9451507558331447,0.7944896492522172,1.0,1.0,0.9,0.7,0.5,79,1606.9831676852918,38196826214322.1
14,49,1.9799874812856408,2.498810192719712,2.556356822043071,2.2234463600268395,1.9748625385401124,0.7912787971454673,1.0,1.0,0.9,0.7,0.5,80,1540.3141529513146,38196871363133.766
14,50,1.972748267235443,2.4601715034329983,2.48947300636877,2.226343887642373,1.9555184996541959,0.787803694728001,1.0,1.0,0.9,0.7,0.5,82,1454.6583322814267,38201020809472.78
14,51,1.9712750798633971,2.466237163316495,2.507659158775211,2.2361957616515804,1.9263787622750297,0.787803694728001,1.0,1.0,0.9,0.7,0.5,84,1427.76188638326,38201017014683.01
14,52,1.969831991335616,2.472407966517035,2.52596840647087,2.271726563508964,1.9264052016143758,0.7878036946940867,1.0,1.0,0.9,0.7,0.5,86,1374.5602600215234,38201008550797.25
14,53,1.6423834437496576,2.1254476440045,2.1640331224149767,1.9281263520980343,1.604928884655167,0.4275520834099704,1.0,1.0,0.9,0.7,0.5,90,1353.6055918572251,35321.8418666557
14,54,1.631175314928322,2.1344354581165854,2.1985026515278054,1.9272488917312482,1.5955899798193693,0.41601027690427805,1.0,1.0,0.9,0.7,0.5,91,1357.485837602533,35144.66664938774
14,55,1.6399508819310116,2.1134460567911137,2.1498031515895764,1.9535794483515692,1.655500040462978,0.42867433926741116,1.0,1.0,0.9,0.7,0.5,92,1929.6788095269176,35386.42619524431
14,56,1.6018592818482928,2.0883852527255264,2.148602388798604,1.9232893323967004,1.6381654425648124,0.38982247801763836,1.0,1.0,0.9,0.7,0.5,93,1285.9574727063125,579961.6451604033
14,57,1.6003897240677156,2.0739665018430253,2.1312882466433303,1.9167280158965614,1.6714078875517742,0.3925870651749408,1.0,1.0,0.9,0.7,0.5,94,1387.316409990226,579438.3357168108
14,58,1.6003897240677158,2.085170850503495,2.1554931433961473,1.9385427313062653,1.5533292419908857,0.3925870651749412,1.0,1.0,0.9,0.7,0.5,96,1387.3164099902276,579438.3357168108
14,59,1.6049123739558375,2.0879247540408565,2.1578564686375805,1.9546892755021914,1.5636705186530167,0.39818027630165964,1.0,1.0,0.9,0.7,0.5,99,1373.5702243121862,579777.4738386119
14,60,1.9278909718619957,2.397129190059056,2.4534941686565475,2.3158530126083687,1.8878857231352986,0.7578638804919731,1.0,1.0,0.9,0.7,0.5,103,1545.563959646012,97205094523621.36
14,61,1.5771161949150958,2.056922359022601,2.136709462370799,1.9778639862809535,1.5873996737794727,0.3716900621432787,1.0,1.0,0.9,0.7,0.5,105,1215.2390127065055,652240.5041380601
14,62,1.5439774309395387,1.9706474741209508,2.028639580883622,1.9565506394055403,1.8691330524263992,0.3453363351161856,1.0,1.0,0.9,0.7,0.5,106,1404.435529436606,751416.623959521
14,63,1.4947376862305073,1.9156108406781465,1.9724216509162913,1.9154120323449317,1.4865552841715437,0.29184887184063785,1.0,1.0,0.9,0.7,0.5,108,1341.9275687928755,751080.4015345972
14,64,1.4933232663427745,1.910765793554699,1.9668796266057678,1.9219149788843506,1.476102463116023,0.2909875049172884,1.0,1.0,0.9,0.7,0.5,110,1371.6836920838882,751315.2149895749
14,65,1.5412465128519597,1.9572381907922816,2.0345636393060147,1.985769710662331,1.7099941413282063,0.34879837024185006,1.0,1.0,0.9,0.7,0.5,111,1467.7432312464073,597059.1588908078
14,66,1.5699048546962637,1.9641148646020836,2.026350881834218,2.034698694069342,1.5653641090531238,0.38244134421614706,1.0,1.0,0.9,0.7,0.5,115,1592.4874520029152,602658.007395537
14,67,1.5708398777562929,1.9728193759467367,2.047381130181575,2.062488480037117,1.5593404504376207,0.38404234550287797,1.0,1.0,0.9,0.7,0.5,117,1567.8953211746375,603507.9742830402
14,68,1.5699830254526956,1.9571000473614588,2.0179440929755748,2.0427577654503435,1.574485462648092,0.38367803307563375,1.0,1.0,0.9,0.7,0.5,118,1480.068058054053,599555.6433862206
14,69,1.5687751622607136,1.9764106129370769,2.0628859430517688,2.060261589191007,1.5594162279457686,0.38263487039524746,1.0,1.0,0.9,0.7,0.5,119,1603.6701363531986,602756.907473665
14,70,1.558505778146885,1.9710067895350987,2.090916709338263,2.053597718839657,1.5702973783740126,0.37540233511505117,1.0,1.0,0.9,0.7,0.5,126,1411.3150066669857,282447.3364866665
14,71,1.550155042538407,1.89685808694709,1.9716415409562127,2.0317943370830363,1.7847892650761532,0.3700991136477011,1.0,1.0,0.9,0.7,0.5,127,1442.279387366562,282294.3285402992
14,72,1.5499922721558368,1.8926840681519959,1.9776146660611578,2.0505808311604574,1.5630118265898716,0.3715263859912508,1.0,1.0,0.9,0.7,0.5,131,1416.6395399251255,281707.48711789737
14,73,1.5477845925800664,1.9014449838865968,1.9993319150745479,2.059745245790413,1.533094470613336,0.3690979215264319,1.0,1.0,0.9,0.7,0.5,133,1432.2569054517226,282735.07704642764
14,74,1.5501610681825122,1.920991401539116,2.0439001860187123,2.088799771688377,1.5549781083391112,0.3722704725230434,1.0,1.0,0.9,0.7,0.5,135,1512.8164483662308,281768.2960692013
14,75,1.5311340774373503,1.8926391829466944,2.0138078187165442,2.2397891829662457,1.5188559872515048,0.3520581424146279,1.0,1.0,0.9,0.7,0.5,171,1483.6486113442138,292646.46168639854
14,76,1.528116850751834,1.9127305694405043,2.0709541103957507,2.2817433928229853,1.523384851842486,0.3496651451697101,1.0,1.0,0.9,0.7,0.5,180,1523.488534788274,294757.8667968599
14,77,1.5323179392553996,1.9041650792719935,2.049098938414472,2.2684978564438523,1.5249239603874363,0.35447364374211643,1.0,1.0,0.9,0.7,0.5,182,1481.881921694045,284444.0764119406
14,78,1.5295299574572203,1.884159929536764,2.0149795932272996,2.268121595086134,1.5399800849083143,0.3519201379855769,1.0,1.0,0.9,0.7,0.5,184,1583.7348338460904,283679.1961130816
14,79,1.5289733523229219,1.8873959511347462,2.0298515550661755,2.2800058065950637,1.5440140351664224,0.3519201379855768,1.0,1.0,0.9,0.7,0.5,186,1595.5826180603267,283760.4624711008
14,80,1.5307779059304722,1.8767773730305821,2.006008014111244,2.2730602314933566,1.5277832786173113,0.3540268543503208,1.0,1.0,0.9,0.7,0.5,187,1597.3631792996937,283581.28221274214
14,81,1.5305065053491003,1.8862198528801952,2.028176774805626,2.294102280568497,1.522189300180629,0.35384858590946977,1.0,1.0,0.9,0.7,0.5,190,1594.387389911896,281380.6791861908
14,82,1.5298703127001692,1.9168560991697883,2.0973840984203926,2.353884711905347,1.5215113187954679,0.3533336456061712,1.0,1.0,0.9,0.7,0.5,195,1488.027597520791,282986.1377744944
15,0,0.8273831469654326,0.9576985232488611,0.9014803065204691,0.008878385824255637,0.0,0.0,0.0,0.0,0.9,0.7,0.5,1,3368.542604888486,8213.391414843176
15,1,0.8613338926202264,1.0078188031674629,0.9505586332228892,0.06791887311877955,0.07745064417663562,0.06230900095497295,0.00010561808353773999,0.00010474096353469001,0.9,0.7,0.5,3,3342.601517547411,8174.839370466012
15,2,0.8050144646818349,1.076004635207832,1.0230368546189903,0.18772568983842886,0.5191775333774857,0.11608012971452597,0.03860758386293055,0.0650739631394484,0.9,0.7,0.5,4,2923.2399404604494,46118.28535542564
15,3,0.7926125307383363,1.1329061694773852,1.072829518686397,0.2858996115869661,0.5577658765472776,0.10170413855924991,0.207464191652388,0.051374384373826854,0.9,0.7,0.5,5,3339.172579864451,5426.904983220748
15,4,0.7453703886025027,1.0908253872747573,1.0300911905648547,0.24944665771791608,0.25083016421985876,0.10072878416806079,0.1689993470055729,0.03049863694092097,0.9,0.7,0.5,6,3219.9818159131028,5763.232747395307
15,5,0.6565619505277567,1.0629500827779816,1.0073766535506343,0.257007349121699,0.5454246037737781,0.09958111202458104,0.15665457402167943,0.06324528200564863,0.9,0.7,0.5,7,2889.8448875048043,4154.283845552472
15,6,0.7525645824375526,1.1793664005965505,1.1194836115277556,0.3971245538222372,0.4310648470810212,0.0705742015014639,0.25053833422629423,0.2671793144931843,0.9,0.7,0.5,10,2816.8792081072365,37909.04236678792
15,7,0.5610262949724423,1.0293472969365238,0.9899598584833469,0.2750500692318941,0.45674847988338996,0.07538109515968158,0.1113071681385446,0.17289205960200144,0.9,0.7,0.5,11,2190.701603139966,39558.00786454717
15,8,0.5656031354318654,1.0455863706653197,1.019035611933934,0.29335457923911606,0.24153405857579258,0.07733072162516388,0.11192052358510059,0.18050692243654456,0.9,0.7,0.5,13,2198.636521431804,39179.83226142703
15,9,0.5377335974226771,0.9997199343544589,0.945467569058662,0.2834101016265724,0.2940238685134883,0.039585948605033325,0.12150348493877934,0.20797516032859842,0.9,0.7,0.5,14,2093.687887155853,38331.39282179573
15,10,1.2414483662959839,1.6928400207258691,1.6253315721803567,0.990032754401607,0.9357005333326901,0.10176507946881479,0.8004164172546041,0.5572092187367299,0.9,0.7,0.5,16,2354.4550657140035,45703.97757069453
15,11,1.0510618882411036,1.5199850390230762,1.4623602868063648,0.8279376675726661,0.8281829121034512,0.10600122943431381,0.6430704522573902,0.438148585383581,0.9,0.7,0.5,18,2702.4200287643616,47697.09308123511
15,12,1.334961591270821,1.8110383561282526,1.7470373578314984,1.1659538073970168,1.2229661384310024,0.08297499745472392,0.9696327787929189,0.6789799212971197,0.9,0.7,0.5,20,1884.086622877804,44315.197966601365
15,13,1.294459736577101,1.782325601244462,1.7300958156357285,1.1461129975844315,1.0727435955531543,0.08518314061255623,0.9427581100076073,0.6471515064747493,0.9,0.7,0.5,24,1948.749068692178,44923.9584496242
15,14,1.050894364027319,1.538881806551493,1.4861573700648711,0.9126275224513521,0.829585379169765,0.07236023939173325,0.7043051230170623,0.522955537562354,0.9,0.7,0.5,26,2494.11125986829,46195.39912125577
15,15,1.0505261400972266,1.5385443499913165,1.4857023721174973,0.9210404159850598,0.8223583489884023,0.07264553375611296,0.7043823034939348,0.5230315472750359,0.9,0.7,0.5,28,2501.567275598407,45857.36021629085
15,16,1.2094880733241562,1.6974170926806973,1.6409040011920168,1.1076117584825524,1.1499919713279994,0.05293500752338444,0.9375563863570837,0.5926854468825394,0.9,0.7,0.5,29,2766.015544187833,50166.62167410158
15,17,1.221080814253436,1.707244772791174,1.6473787770710588,1.1413995295621027,1.0981419859119208,0.05059909698964371,0.991952004399443,0.5795490150166025,0.9,0.7,0.5,31,2546.8290081243317,46171.81423447263
15,18,1.4167228571220982,1.89139688472742,1.818194360738493,1.348389380719118,1.2405204249568702,0.08194832792653019,0.9722303005027255,0.9453673479736364,0.9,0.7,0.5,32,2193.931737023216,47828.214579493615
15,19,1.2079412606894664,1.6906616278141158,1.6273125995010869,1.1463673613140397,1.1618671577873108,0.04991493218841374,0.995587882501322,0.5832002777929188,0.9,0.7,0.5,33,2467.99418115364,45810.407725826015
15,20,1.2074568898234106,1.6887240380791253,1.6242386648040226,1.1456720843469859,1.0612568813975347,0.07544219270558329,1.0,0.5404686682512911,0.9,0.7,0.5,35,2365.4090048020707,45132.45843905847
15,21,1.3653879372805624,1.8448542635794871,1.779086670495053,1.328814732679145,1.2541338854714388,0.06801724295774132,0.9782327139175797,0.9115430355142404,0.9,0.7,0.5,36,2217.7653399257256,46568.13949360143
15,22,1.2048329208513893,1.6939556016594617,1.6401895584071355,1.169413797118816,1.0861344332249885,0.07648995806885203,1.0,0.5532768544501155,0.9,0.7,0.5,37,2289.8543050965677,45113.91531124948
15,23,1.2549259075978338,1.7301750554821687,1.661799273854716,1.2310606857807347,1.1683576424520945,0.06160767612730097,1.0,0.6937067265829746,0.9,0.7,0.5,38,2086.747462905285,47648.36810571245
15,24,1.1882804004424623,1.6691289328909407,1.6108587480895311,1.1860644230684123,1.105763928042622,0.057438810687189944,1.0,0.5905176877169717,0.9,0.7,0.5,40,2164.403833617937,45945.30415015891
15,25,1.1899212259351297,1.6693890241890965,1.6104604375205518,1.1929551470928121,1.0644922577457314,0.057585823717561324,1.0,0.5984622174496788,0.9,0.7,0.5,42,2198.132181887151,45374.1165444345
15,26,1.1817209357996776,1.6682839366000493,1.6205046239025283,1.20578468674625,1.0873007752701387,0.0568427736577759,1.0,0.5968003588956659,0.9,0.7,0.5,44,2118.1379883299155,45574.16285966993
15,27,1.1816005360106037,1.679289111276915,1.6444763875684383,1.2148821715125462,1.0502543915680402,0.0568427736577759,1.0,0.5968003588956659,0.9,0.7,0.5,46,2140.1537482271974,45345.24480173785
15,28,1.1838244469223675,1.6694468772836184,1.6212629101497065,1.2186454901857484,1.0681906868066102,0.057711948364133195,1.0,0.6022868507345691,0.9,0.7,0.5,47,2140.812664595139,45782.66855254931
15,29,1.1787908352169696,1.6505521816541568,1.5882573772453412,1.2293273003217648,1.0971636474576796,0.055555545353115056,1.0,0.6037546778905798,0.9,0.7,0.5,48,2111.4106088893086,45146.32419117032
15,30,1.3486031698124825,1.842164026975167,1.8056220555175178,1.4063094090324868,1.2326649931298341,0.06559938031674813,1.0,0.9269830015602916,0.9,0.7,0.5,49,2098.4461842203536,46142.46052964362
15,31,1.389491465109014,1.881792789710638,1.8447288812567355,1.4783587890429348,1.2668801246194077,0.07245201255848494,1.0,1.0,0.9,0.7,0.5,62,3367.7853314496447,62466.64682343488
15,32,1.3744383793395776,1.8450204005528315,1.7910333106940697,1.4676193259860948,1.3423905954544948,0.06949270776681142,1.0,1.0,0.9,0.7,0.5,64,3241.9160415404613,64512.22639097038
15,33,1.3699529148752838,1.8464477043997856,1.8036379408980747,1.4873512842094847,1.3006213997828269,0.07045932845842179,1.0,1.0,0.9,0.7,0.5,66,3235.078347643994,64805.071562166944
15,34,1.361126185717438,1.8334915077711633,1.7893214522561776,1.4911880996845293,1.286013841479075,0.06488894699146543,1.0,1.0,0.9,0.7,0.5,68,3037.188819240348,61199.6007187384
15,35,1.3499029182953899,1.8312529331673308,1.7993621444076475,1.4991007470887456,1.2788141695276583,0.054632051887186284,1.0,1.0,0.9,0.7,0.5,69,3008.964949887708,63524.77421700696
15,36,1.350424831649975,1.8085880919760795,1.7600151029068822,1.4966373086917664,1.4091204541645304,0.06578480226379715,1.0,1.0,0.9,0.7,0.5,70,2929.2962644071986,60776.05310508944
15,37,1.3504148369677793,1.8081024487455677,1.759388625383827,1.5039054544084078,1.262414747839039,0.06615891051137653,1.0,1.0,0.9,0.7,0.5,72,2968.112116158837,63342.71830012302
15,38,1.3355912084256538,1.8477138071623667,1.8628913323366072,1.5111261229418234,1.3331755699130623,0.055135684643911165,1.0,1.0,0.9,0.7,0.5,73,3590.5249597957927,651100654732326.1
15,39,1.3426773696904257,1.7918309327649773,1.7406498328009619,1.494453703656138,1.2747443302589292,0.06408688185991132,1.0,1.0,0.9,0.7,0.5,74,3036.93134477536,56965.8944633379
15,40,1.3184377161505179,1.8057122026577863,1.8247783704650544,1.5158513577440766,1.5659355480394281,0.055135684643911165,1.0,1.0,0.9,0.7,0.5,75,3178.459818011984,651100779804639.2
15,41,1.317394356682368,1.8137914765571312,1.8453336635511146,1.5264952876552416,1.2602539859416986,0.05506614861299217,1.0,1.0,0.9,0.7,0.5,77,3175.9114523613466,816828582186521.2
15,42,1.3170825276892892,1.812565871968279,1.843878966007396,1.5338105461824554,1.254344525624362,0.05519118955114449,1.0,1.0,0.9,0.7,0.5,79,3176.5565781330856,816828576367938.6
15,43,1.313278565179969,1.7873185880295543,1.8031044775272065,1.5331646773061158,1.353426852894382,0.05598060234647791,1.0,1.0,0.9,0.7,0.5,80,3045.908841144874,1337794127638454.5
15,44,1.3106384029415472,1.7811561119057142,1.796089128421396,1.5388497866221438,1.2665918875711053,0.05466715707426408,1.0,1.0,0.9,0.7,0.5,82,3046.632245233238,1337794109151045.8
15,45,1.3076415045908965,1.7743490696335702,1.7883680437757972,1.5478780752841463,1.2850090643774936,0.053033975551221565,1.0,1.0,0.9,0.7,0.5,83,3021.324815692308,986861468219237.0
15,46,1.3113278293367232,1.777309925491171,1.7911557765828674,1.564071069908254,1.2523446494525512,0.057447054081649164,1.0,1.0,0.9,0.7,0.5,94,3016.957695541044,1484513534458434.8
15,47,1.3009566423561885,1.7728311341821101,1.7984176211002807,1.5861036089710354,1.2949638423494763,0.04819573963045989,1.0,1.0,0.9,0.7,0.5,95,3150.25133872215,1484513349419829.5
15,48,1.302933280814874,1.7747549285842052,1.800330928665537,1.5703720717100107,1.2455745474063953,0.05040110500059567,1.0,1.0,0.9,0.7,0.5,96,2973.5309295653124,1484513599408392.5
15,49,1.2979960685080973,1.7651487847412923,1.7896314104848856,1.577556986060587,1.2867723751113112,0.04682132101653872,1.0,1.0,0.9,0.7,0.5,97,3165.41595510705,1484513424530229.5
15,50,1.2975750542274413,1.7604239022636161,1.783899326044726,1.578195903927107,1.2854832069264162,0.04810591593832044,1.0,1.0,0.9,0.7,0.5,98,3231.893570748024,1484513449304015.8
15,51,1.2968340013948805,1.7562347205791597,1.7789271759770728,1.6217566479266519,1.2498335239781695,0.04853120349877496,1.0,1.0,0.9,0.7,0.5,103,3030.016640614242,1484513443632672.8
15,52,1.2919884050465238,1.7407218240005866,1.7609953263860922,1.6223176801803696,1.3409448251249423,0.04698883980142262,1.0,1.0,0.9,0.7,0.5,104,2900.8960751400045,1484513452826714.2
15,53,1.291898372286077,1.751545605032299,1.7847544291078241,1.6441781680343817,1.2436168036072068,0.0469888398014226,1.0,1.0,0.9,0.7,0.5,106,2883.236898406712,1484513460553493.5
15,54,1.2934486821010829,1.747745677158133,1.7797592838650689,1.650866071005734,1.269880326530601,0.050521660720097575,1.0,1.0,0.9,0.7,0.5,108,3048.024741197852,1484513499444346.5
15,55,1.2933023455257655,1.7243279013263808,1.7301493627086533,1.6585314605343409,1.2463487035180512,0.05064033704425912,1.0,1.0,0.9,0.7,0.5,118,2190.33322982556,1484517494332789.2
15,56,1.2885786163964155,1.7146713505014572,1.719402586843147,1.6767693699438397,1.2645136561034103,0.046983839566396804,1.0,1.0,0.9,0.7,0.5,120,2130.8012726513816,1484516915618988.5
15,57,1.2883440777238002,1.7128436297165952,1.7172246147118475,1.6879382507803546,1.2496482877538257,0.047225540712306106,1.0,1.0,0.9,0.7,0.5,122,2146.2632481441183,1484516940149761.2
15,58,1.289671772778954,1.7101004855590687,1.713590734936588,1.6972382326495072,1.2812862377785266,0.04995697259941907,1.0,1.0,0.9,0.7,0.5,123,2263.500710399142,1484517685059559.2
15,59,1.2866656469894657,1.7250873907140751,1.7536186895446342,1.7062280662254223,1.2822888490492823,0.047938404339174616,1.0,1.0,0.9,0.7,0.5,124,2857.378567053273,1484520106041980.8
15,60,1.2869866015397782,1.7522335363840629,1.8289183318163968,1.6929081633097494,1.404913143126529,0.05327423101197121,1.0,1.0,0.9,0.7,0.5,125,3538.552996603185,14318707.559040274
15,61,1.286446719041145,1.7479513644849676,1.8238472155649528,1.7004603642596157,1.264358523337709,0.05363475817053472,1.0,1.0,0.9,0.7,0.5,127,3513.105155031732,14318292.98500728
15,62,1.2851021754036922,1.7669356317233227,1.8683955184123142,1.736248940489264,1.2652318078516307,0.05266481204281942,1.0,1.0,0.9,0.7,0.5,128,3508.864948015362,14317815.93452369
15,63,1.2847744732681456,1.7636933529415768,1.8645429025259666,1.7440415934521956,1.2601764959790334,0.05302258450770695,1.0,1.0,0.9,0.7,0.5,130,3483.3505920666817,14317399.748443255
15,64,1.2847070635817313,1.7521135655961348,1.8398983796312212,1.7179955011025596,1.2490239029673442,0.0530225845077069,1.0,1.0,0.9,0.7,0.5,132,3476.87852888123,14317760.656584289
15,65,1.2859888650759221,1.6860900893380657,1.706529906682048,1.7472902067072846,1.2832264694266513,0.05710584847806751,1.0,1.0,0.9,0.7,0.5,135,3221.0055363039205,1.2525928192291344e+36
15,66,1.2808947023993544,1.699293056086581,1.744887837052084,1.769468855215119,1.2586319744015215,0.052367318371491264,1.0,1.0,0.9,0.7,0.5,138,3114.092460672212,435042084776164.3
15,67,1.2856143516473135,1.7588607299215004,1.86921742736781,1.7896821478818878,1.2570018914938124,0.057870049352467236,1.0,1.0,0.9,0.7,0.5,140,3341.567865370534,14318210.406735158
15,68,1.2787504934757248,1.6914748408699642,1.7359079632968206,1.7904556126983566,1.2836386726777975,0.05121749044596182,1.0,1.0,0.9,0.7,0.5,141,3165.729377163449,6.194368539097174e+36
15,69,1.283445137590273,1.7403643430891882,1.8366724579088667,1.7688347328220284,1.2526406579134886,0.05656629468293282,1.0,1.0,0.9,0.7,0.5,144,3342.445497787002,14316189.292701757
15,70,1.2825174990713024,1.7496353587507527,1.8587390516787456,1.7942663838323418,1.2543556178630748,0.055748632916061545,1.0,1.0,0.9,0.7,0.5,146,3350.786802069037,14314387.975224923
15,71,1.2737105928555263,1.7258686957696803,1.8534877640168637,1.8109695840627102,1.3494718728385255,0.053009405557114565,1.0,1.0,0.9,0.7,0.5,149,3529.802957891226,14325739.164199805
15,72,1.2716758044110181,1.7627728452638634,1.9520480483356575,1.8606926590667068,1.3163697475901335,0.05348035330472143,1.0,1.0,0.9,0.7,0.5,151,3277.170659225392,14325023.410882857
15,73,1.2711738492415023,1.7282440200772677,1.878436731761548,1.8485546727821427,1.249353349436884,0.05298635304222149,1.0,1.0,0.9,0.7,0.5,153,3515.00538165028,14325315.54783018
15,74,1.2695271882207075,1.7713872508459303,1.984405109101543,1.9024441403838097,1.2919183761911746,0.05280675487402435,1.0,1.0,0.9,0.7,0.5,155,3253.0062762415578,14317426.929726971
15,75,1.2687772464573257,1.7416072838217118,1.9381991896093576,1.8862594346052848,1.3188888336312945,0.054390322446797625,1.0,1.0,0.9,0.7,0.5,157,3427.363612087998,14315224.474353423
15,76,1.2684025086606652,1.6725996075983227,1.7909191173383485,1.8385775443257617,1.2524512739124352,0.05415709475743319,1.0,1.0,0.9,0.7,0.5,160,3221.010912417739,14290536.489455452
15,77,1.2679267789915714,1.667887817908953,1.785400365708615,1.8381283142598481,1.265024771427962,0.05415709475743319,1.0,1.0,0.9,0.7,0.5,162,3164.09806914482,14294124.807157282
15,78,1.2663196623280153,1.6972650116368877,1.8532779695313222,1.8914741559675776,1.2578242902655923,0.05270310245601654,1.0,1.0,0.9,0.7,0.5,164,3251.1974873107333,14289708.726968495
15,79,1.266391987124454,1.669892462205688,1.7989485033413941,1.8601657398539293,1.2866868260171729,0.053388414296107745,1.0,1.0,0.9,0.7,0.5,165,3193.9696779849373,14291729.520041356
15,80,1.2674824192633247,1.6761021545192543,1.8170061568914853,1.8969793863744298,1.2967857071198456,0.05531603632611585,1.0,1.0,0.9,0.7,0.5,166,3100.840601841836,14296363.225343153
15,81,1.2658022471730048,1.6685437759102366,1.8083381000711722,1.8952210117335972,1.2939673069534248,0.05411868498320384,1.0,1.0,0.9,0.7,0.5,167,3110.037238302344,14291289.775771746
15,82,1.2645666905459716,1.6951640794509748,1.8728760835275882,1.9659150232904024,1.2554117786622618,0.05338132297044781,1.0,1.0,0.9,0.7,0.5,173,3158.04304989647,14288893.738234255
15,83,1.265534979702461,1.6845006199706012,1.8491318019005645,1.918590775653659,1.249870191135165,0.05450356360546933,1.0,1.0,0.9,0.7,0.5,177,3160.9353135524298,14290895.742394438
15,84,1.2591388441927545,1.6683978820970284,1.8312086791780333,1.9243692397103147,1.3178300406660857,0.048422260442721736,1.0,1.0,0.9,0.7,0.5,178,3142.582838700493,21747248.22625138
15,85,1.258660306160197,1.6671075559895014,1.8297664227878798,1.9198775287530587,1.249383608260453,0.047974081817702005,1.0,1.0,0.9,0.7,0.5,179,3071.5498670610264,21732412.297882013
15,86,1.264555366140994,1.6161796408051237,1.724596162680947,1.9411578792694248,1.3416792003222113,0.055718711505336346,1.0,1.0,0.9,0.7,0.5,180,3306.8941585694656,17498456.22675129
15,87,1.263599562910565,1.6512560331595934,1.8100434169073232,1.9356851403298394,1.316271749453532,0.05547980595224087,1.0,1.0,0.9,0.7,0.5,181,3329.167921242867,17505717.262210324
15,88,1.2620359904601735,1.6009461476533473,1.7070032378096316,1.94631563664923,1.278407340698311,0.05410003570650688,1.0,1.0,0.9,0.7,0.5,182,3334.145624422066,15994833.195729798
15,89,1.2629477142320458,1.5919989397676595,1.696234323237563,1.9628066397233042,1.3247016150147148,0.05597805961970759,1.0,1.0,0.9,0.7,0.5,183,3340.2472594385654,17539334.644743856
15,90,1.2628542656683301,1.5916062346757904,1.6957864644564702,1.9705951264668549,1.2514353751278144,0.05589979688920251,1.0,1.0,0.9,0.7,0.5,185,3352.2272646865395,17535693.19785607
15,91,1.2564696338540904,1.6279795178728738,1.7947223026018682,1.9710985643113994,1.2653172161725903,0.04989989428439595,1.0,1.0,0.9,0.7,0.5,191,3403.2890793457686,16366837.870774578
15,92,1.2565676753916732,1.6249435701426758,1.7911114558222114,1.9789544773755254,1.251082732339154,0.05025669088559779,1.0,1.0,0.9,0.7,0.5,195,3372.9299261932247,16368111.604493609
15,93,1.2533893999386851,1.6203257020621262,1.7971807722704944,1.9970647183292947,1.2776971663735686,0.04768525926064307,1.0,1.0,0.9,0.7,0.5,197,3314.758956178784,21732175.81604992
15,94,1.2555329131186945,1.6086775690292852,1.772059775511627,2.0009911602951913,1.2997516497367116,0.05025699436569594,1.0,1.0,0.9,0.7,0.5,198,3391.578573033542,15825129.129988324
15,95,1.2555395992501848,1.6039609991036887,1.7664802340082226,2.0165587582421445,1.2609927329399928,0.050615078157236,1.0,1.0,0.9,0.7,0.5,200,3405.2726760333085,15830535.917431053
16,0,0.9354642426978547,0.9851284565341248,0.9336077912775809,0.011411981210888222,0.0,0.0,0.0,0.0,0.9,0.7,0.5,1,2070.5566563444672,6933.691568460121
16,1,0.956218079718247,1.0324849288745686,0.9794942216140797,0.06994731311871573,0.08583124105853804,0.0620270319284935,0.00010064936599677,9.166258945734e-05,0.9,0.7,0.5,3,1866.229217607382,7653.741089204409
16,2,0.9139524137328907,1.0018220507807822,0.9481896753188417,0.045025566773168275,0.05583523660101989,0.02048412559105747,0.01453053970713597,0.0008343362701976701,0.9,0.7,0.5,4,2043.0701067656355,6518.057394978125
16,3,1.3394634159285075,1.6076808965799294,1.5409306625256312,0.7218469354857364,1.245818253324743,0.00539817212518247,1.0,0.013244895786152188,0.9,0.7,0.5,5,2084.623694761413,35156022.36515744
16,4,0.746041809235627,1.0671273245116344,1.0234579994473547,0.19298263665830867,0.20638070447205983,0.07482986646963155,0.08623411379854069,0.07571960473602805,0.9,0.7,0.5,8,970.2182710990484,6078.066978266657
16,5,0.7484802819780669,1.0709555161499398,1.0271433084211408,0.1975693073179401,0.1762055375645362,0.07481758771484198,0.09036621686294488,0.07928141992916682,0.9,0.7,0.5,9,969.8508977864624,6028.655495627337
16,6,0.7113737059443255,1.1142873551962489,1.074286484164196,0.290628803675612,0.6274572111201044,0.07780605889445061,0.13791779804689736,0.1789002232152345,0.9,0.7,0.5,10,851.8073871855888,57427.1991474644
16,7,0.7150386379060641,1.118112632588792,1.0780849431455928,0.2945960037609049,0.2610826032192635,0.07704354395516272,0.14202030619211317,0.1824933429177176,0.9,0.7,0.5,11,852.7496143385579,57344.46800296349
16,8,0.7087308460376928,1.1241821135439256,1.0969575449925748,0.29701562735171705,0.2639767904254156,0.07780605889445061,0.1379177980468974,0.1789002232152345,0.9,0.7,0.5,12,820.1653667364378,57744.294730828864
16,9,0.697712356980687,1.1067127602091091,1.0656900916014236,0.2991568123214542,0.28703458668805815,0.07579543479934835,0.13811665602744347,0.1790240721875555,0.9,0.7,0.5,13,814.8347690167998,56820.41022986921
16,10,0.9671160125121394,1.4057564295734186,1.3894374187243266,0.6027242160833477,0.5562049507874254,0.07280741245345282,0.47559860278856425,0.28034931482780906,0.9,0.7,0.5,16,1795.5940139428542,24700.01221158496
16,11,0.956248321457471,1.4004286656877536,1.3830571251050825,0.6103999015080247,0.5609020861321194,0.07343117522213356,0.47575264537384865,0.28064772305525887,0.9,0.7,0.5,18,1778.5440261554645,24840.72537431295
16,12,1.0705122498550048,1.5508054078266535,1.5407996302985962,0.7861932383401231,0.943132799463064,0.0701944941218279,0.6734098862936279,0.35390172166217415,0.9,0.7,0.5,19,1397.1621295254995,28684.761724169814
16,13,0.9233961128563598,1.4054900291449597,1.3948561178365289,0.6470296327328187,0.5936622044428642,0.07912323433924391,0.49091767335173897,0.31002511314399234,0.9,0.7,0.5,20,1700.1474962946377,26727.85096158008
16,14,1.0215373604788582,1.5223451546224034,1.5223521285601964,0.7718095280384389,0.785530182119479,0.07233755707200346,0.642938185669135,0.34827032549447806,0.9,0.7,0.5,21,1515.2629216331147,27392.731347696885
16,15,1.0215373676559276,1.5223451601606979,1.5223521340984907,0.771809533579305,0.689296332444906,0.07233755646543003,0.6429381938540281,0.3482703262040486,0.9,0.7,0.5,22,1515.2629162967096,27392.731312391104
16,16,1.0338330338753805,1.5365366476196083,1.5358749537656697,0.7955045559491851,0.7346729212862647,0.07421803861585742,0.6528585804170954,0.3671888799384102,0.9,0.7,0.5,23,1494.3460341380426,28533.617609998928
16,17,1.0226663714818869,1.527380452037961,1.525975726691297,0.8012334849653835,0.7177826669718679,0.07281091641362837,0.6477170436371983,0.36728529118356124,0.9,0.7,0.5,25,1428.5992664950531,28533.37932667864
16,18,1.0098167533549725,1.5329433818385432,1.5413289602870508,0.8175997073966589,0.781112177244995,0.08021366447921133,0.6523410766977281,0.37369336235418776,0.9,0.7,0.5,27,1365.746054266239,104231.37532758217
16,19,1.007707182028565,1.5313393901525623,1.53945031311249,0.8236191846578145,0.7268112507252797,0.08021366447921122,0.6523410766977304,0.3736933623541875,0.9,0.7,0.5,28,1403.6591731256417,103789.52629873928
16,20,1.004052384414774,1.5281709682630897,1.5360245785533655,0.8269177305696354,0.7245831620554166,0.07819148218439478,0.6524359529801972,0.3738684971085847,0.9,0.7,0.5,29,1372.085531635376,104118.81326946228
16,21,1.0044456732343978,1.5286403784317983,1.5364525488150458,0.8276072813598097,0.7164209528185737,0.07896528986551336,0.6524386677910198,0.3738948351780268,0.9,0.7,0.5,30,1338.4808367805483,104089.635331044
16,22,1.5289479373355035,2.0445744656531204,2.0377777379410684,1.388363946525954,1.316817912689635,0.056947530968432566,1.0,1.0,0.9,0.7,0.5,31,1707.45317605911,44282253648.23396
16,23,1.5080622798350636,2.026115334310059,2.0174662971673465,1.385209684437695,1.2813695982691962,0.04845583004327033,1.0,1.0,0.9,0.7,0.5,33,1552.4345413930482,44281570513.1209
16,24,1.5073479245372785,2.026136652307981,2.0168772124448253,1.3948500461298377,1.2725208521624407,0.052439821152233314,1.0,1.0,0.9,0.7,0.5,34,1545.101143801298,44281598468.03072
16,25,1.4988823240094635,2.01842005309298,2.0083175384652305,1.3922869148537678,1.2784443327850785,0.04933536566765806,1.0,1.0,0.9,0.7,0.5,35,1707.154899323669,44281672666.66299
16,26,1.4632219513737406,2.0076562824319013,2.0176128758772114,1.3867663752096393,1.4895788823931244,0.051028108997591956,1.0,1.0,0.9,0.7,0.5,36,1553.316165751993,44286355846.60079
16,27,1.4355387262594432,1.9558843943841842,1.935797114821372,1.4062232900368339,1.272919609395843,0.04463308975983264,1.0,1.0,0.9,0.7,0.5,41,1529.853937199225,44282502334.70042
16,28,1.4326310626863443,1.9637446716976266,1.956085139497128,1.4288228391932436,1.251699262852977,0.04463308975983275,1.0,1.0,0.9,0.7,0.5,43,1557.6380045919436,44282255193.79629
16,29,1.4352333988358925,1.965598805303336,1.9570008748139478,1.4389259658535156,1.2857655622154245,0.052781484442853875,1.0,1.0,0.9,0.7,0.5,44,1581.084976373481,44281689959.15524
16,30,1.4164457329920805,1.9440023474168568,1.9326656600165029,1.4213273882752153,1.353728507316364,0.04655417096126207,1.0,1.0,0.9,0.7,0.5,45,1243.4565527977516,44281067191.56736
16,31,1.4030920630282333,1.926929583561261,1.9128721189228641,1.4292054440447994,1.296129571431707,0.04523711808243364,1.0,1.0,0.9,0.7,0.5,47,1251.789913456331,44281960724.229324
16,32,1.398312918967238,1.9210631220274186,1.906306605947236,1.4270466168120883,1.2674514166627047,0.04325414352030657,1.0,1.0,0.9,0.7,0.5,48,1266.6695742609854,44279204374.91906
16,33,1.3965076407292705,1.9181888967061949,1.9027797217834281,1.4369953414462406,1.2531584138174976,0.04429535774753618,1.0,1.0,0.9,0.7,0.5,50,1265.8478840805133,44279678460.39162
16,34,1.3809646761579237,1.9057459647462576,1.899048484040849,1.444804649162002,1.4163033303108434,0.04584645125583518,1.0,1.0,0.9,0.7,0.5,51,1843.1270120470235,44282177933.998825
16,35,1.3737880612328555,1.891591930610764,1.881805388064468,1.4510898740272817,1.3709905588449232,0.05016042963289624,1.0,1.0,0.9,0.7,0.5,52,1617.5196053214422,44281734740.9988
16,36,1.3700977251890905,1.8855984736521358,1.8748677916104164,1.453459808897075,1.2639186296082792,0.04962708145972649,1.0,1.0,0.9,0.7,0.5,54,1626.5979590988911,44281321091.19898
16,37,1.3642192995510016,1.8749057703888807,1.8622962193326895,1.4588847892274728,1.2832553236845017,0.04993703958664138,1.0,1.0,0.9,0.7,0.5,56,1600.893507701246,44282049934.75506
16,38,1.3614441020718848,1.870184611288846,1.8568465448868614,1.46821244502608,1.259331125609368,0.04941734400870529,1.0,1.0,0.9,0.7,0.5,58,1612.1212974545529,44281636289.39056
16,39,1.682654408057156,2.1764478395272144,2.157959504272474,1.8080325458499682,1.7909173343997686,0.42312488858046926,1.0,1.0,0.9,0.7,0.5,59,7584.504205529047,44280000078.0182
16,40,1.6729566726283827,2.163155265259262,2.1435203588509597,1.8042530995877375,1.5976045540276713,0.4157942297113733,1.0,1.0,0.9,0.7,0.5,61,7568.7220478886975,44279895458.46147
16,41,1.6601313175496533,2.146145178972775,2.1252107996167715,1.8003866497527676,1.6178069107012605,0.4053251676136359,1.0,1.0,0.9,0.7,0.5,62,7400.262463818901,44279562621.193375
16,42,1.6712097488933806,2.1551420249603668,2.133575401229663,1.8266084699009897,1.5903390088200724,0.41942348845626576,1.0,1.0,0.9,0.7,0.5,64,7683.037222893168,44279875278.22478
16,43,1.6523621482418624,2.137406818440334,2.1258745392167437,1.8099286821389682,1.686847769578577,0.4065133639866401,1.0,1.0,0.9,0.7,0.5,65,7762.987421576741,44286677573.676834
16,44,1.3146906831117011,1.781816741804919,1.7653487548681148,1.5008775750390086,1.2795342442186524,0.04343517448715306,1.0,1.0,0.9,0.7,0.5,70,8293.808964141557,44280532125.28719
16,45,1.6481951186376886,2.105833811523523,2.08688396622167,1.8450747886932906,1.628790937968307,0.41955655483078874,1.0,1.0,0.9,0.7,0.5,72,8353.601701709782,44281139836.93551
16,46,1.640206830181774,2.0928960653842,2.0726856848128543,1.8488720814083024,1.597929283017058,0.4133592872254551,1.0,1.0,0.9,0.7,0.5,74,8251.577589544248,44280859833.51979
16,47,1.6379583519640524,2.0966566069664703,2.0881722046286417,1.858248012855488,1.5969841204275825,0.4133592872254551,1.0,1.0,0.9,0.7,0.5,76,8368.434509311246,44280684132.98273
16,48,1.6335004829568633,2.0748323935774318,2.0518370741938208,1.863222092651089,1.6313385271912553,0.4113581896455245,1.0,1.0,0.9,0.7,0.5,77,8709.421877387585,44280539919.41516
16,49,1.6249876924279176,2.0608570800292254,2.0365391362385923,1.8633345591208041,1.5909398797252803,0.40441078643112166,1.0,1.0,0.9,0.7,0.5,79,8686.771629351992,44280435290.58875
16,50,1.6159872147757597,2.068149165978623,2.068373113531487,1.8694069775315214,1.616890424902643,0.39708258179871875,1.0,1.0,0.9,0.7,0.5,80,21937.26305843838,44281488729.71985
16,51,1.6146662158259935,2.060247106828312,2.058924132597043,1.8805133682661066,1.5900483507282615,0.398338719295732,1.0,1.0,0.9,0.7,0.5,82,21846.726291709147,44281309189.49317
16,52,1.617240216899862,2.0510279854469475,2.0365669972221703,1.8835653792463751,1.5668961398821648,0.4014354439149579,1.0,1.0,0.9,0.7,0.5,83,10496.329232405033,44281333611.32204
16,53,1.6101776922276851,2.050320603060129,2.047736342960098,1.8844790812774699,1.6017837913037107,0.3954927854127669,1.0,1.0,0.9,0.7,0.5,84,21808.26304338544,44281221739.03847
16,54,1.6173149663345694,2.0760345884822007,2.0985705768470657,1.9060905254248017,1.5823782575295875,0.40487935104425565,1.0,1.0,0.9,0.7,0.5,86,18530.381934735546,44280643638.57564
16,55,1.6153010807733374,2.072372241820651,2.094531924877578,1.9080843678707993,1.570585172982313,0.40325164417782944,1.0,1.0,0.9,0.7,0.5,88,18553.222166116582,44280288411.90244
16,56,1.6118250295953822,2.0450540099507197,2.0408861578545476,1.902022656313118,1.5732517373306933,0.39991504953364393,1.0,1.0,0.9,0.7,0.5,89,18429.4004747394,44280504296.14715
16,57,1.608744484229139,2.041610986202045,2.037361018741461,1.9026129285926832,1.5602706034385907,0.3966223078615426,1.0,1.0,0.9,0.7,0.5,90,18301.44408502205,44280482042.63629
16,58,1.6076165354592327,2.0494719631045117,2.068209484399567,1.9179878696228922,1.6830980318366957,0.40001008768878804,1.0,1.0,0.9,0.7,0.5,91,15159.509884250549,44281774179.831314
16,59,1.5933002376012366,2.0196026204682616,2.0243800284969096,1.9010843048524189,1.5858911432579326,0.3854969834034666,1.0,1.0,0.9,0.7,0.5,92,18654.24290837897,44280001063.38826
16,60,1.592019182898941,2.0135111235822403,2.027806642413191,1.9202185999807106,1.6209935834076123,0.38887294449091125,1.0,1.0,0.9,0.7,0.5,94,18447.620980732376,44280119213.49325
16,61,1.5918672673376801,2.0131802651029997,2.0274373380276773,1.927120691560566,1.5506679717357204,0.3887547425950186,1.0,1.0,0.9,0.7,0.5,96,18451.40165214183,44281011013.20356
16,62,1.577852508568827,1.9875267256996614,1.988690001262405,1.913464231728737,1.5397778116306955,0.3733054915414204,1.0,1.0,0.9,0.7,0.5,97,18471.30420325044,44280995000.09118
16,63,1.5896407456094612,2.0036170348167204,2.0163062399843366,1.9369463356717578,1.6096074109554341,0.3883015262978724,1.0,1.0,0.9,0.7,0.5,98,18536.247260321976,44279881098.54181
16,64,1.589653848092027,2.0021524956027346,2.014527795192744,1.9445301521605973,1.5562425906237385,0.38871083110847887,1.0,1.0,0.9,0.7,0.5,100,18498.53171562137,44278892289.59096
16,65,1.5895321034424026,2.0243748044875294,2.0627373552483528,1.9586522360198624,1.5500112194936646,0.3885928244992295,1.0,1.0,0.9,0.7,0.5,102,18584.41744365855,44279694533.20055
16,66,1.5860568710913925,2.002141468512832,2.036570122642301,1.965057587437348,1.6039480012868306,0.3894122618158344,1.0,1.0,0.9,0.7,0.5,105,18950.538461395616,44280176480.19661
16,67,1.2708641349892746,1.68430154231751,1.7181822608907251,1.7564556190566099,1.236762908135645,0.03981304591644775,1.0,1.0,0.9,0.7,0.5,129,1573.1024325294356,44279759580.24877
16,68,1.2694053436676254,1.6637625436572339,1.6830212197730905,1.7582960156189467,1.2690264513080916,0.0399606762838708,1.0,1.0,0.9,0.7,0.5,131,1606.8085194563043,44280068084.87932
16,69,1.268939906174238,1.673425899560129,1.7054646745221802,1.7663339892674392,1.2446970081480857,0.03967810769829776,1.0,1.0,0.9,0.7,0.5,132,1938.92875916864,44279995892.53858
16,70,1.2672297558061862,1.6544400661393017,1.6722387711463003,1.7651310351251759,1.285784830417151,0.03907457729485795,1.0,1.0,0.9,0.7,0.5,133,1533.1002647757043,44280095768.27287
16,71,1.261157990195276,1.686494802624836,1.75493876434697,1.8000395181968338,1.2855880281244922,0.03369701315181436,1.0,1.0,0.9,0.7,0.5,134,1595.355059383013,44281247429.37764
16,72,1.2639214289460752,1.6633733341134689,1.705114621915588,1.7866047160119614,1.262337558437939,0.03745745767276046,1.0,1.0,0.9,0.7,0.5,135,1612.4681736246932,44279592871.70964
16,73,1.2617340000012773,1.6511748739557923,1.6909079685647148,1.80080169726831,1.274188759359226,0.036933219833621675,1.0,1.0,0.9,0.7,0.5,137,1716.7120310086225,44279340749.73427
16,74,1.2582781082901928,1.6470349110659144,1.6866310989794693,1.8048898211000286,1.2355679703616576,0.03322151814608934,1.0,1.0,0.9,0.7,0.5,138,1633.7486591919806,44279497213.558624
16,75,1.2600259321713374,1.6460879566195892,1.6851472116503812,1.8142786155337627,1.2539065673825784,0.03565303913353611,1.0,1.0,0.9,0.7,0.5,139,1664.4521258673165,44279149258.43882
16,76,1.2555037397141575,1.6133009164756915,1.635984589182343,1.8059038065209847,1.3680717824412625,0.03356811175335256,1.0,1.0,0.9,0.7,0.5,140,1653.5567843321448,44279859481.42424
16,77,1.2575280118177192,1.6095218923440546,1.6418853959566888,1.81697779277749,1.302402580547787,0.03846623267603931,1.0,1.0,0.9,0.7,0.5,142,1572.088478732952,44281161868.59726
16,78,1.257227846716388,1.6085758951203535,1.6408131859363273,1.8279488792982368,1.2371235667400926,0.03823404600718242,1.0,1.0,0.9,0.7,0.5,144,1582.7952320386055,44280301800.30817
16,79,1.2595801202399644,1.5981002751460425,1.617024278833084,1.8366662337864548,1.2399958980822046,0.041072716716046995,1.0,1.0,0.9,0.7,0.5,148,2162.74020333523,44277433919.0616
16,80,1.25673673512417,1.5574828741018625,1.5691708593756595,1.840466503539457,1.3861493224879164,0.04288825340790337,1.0,1.0,0.9,0.7,0.5,150,2984.767345812096,44277983843.00337
16,81,1.2539265648457487,1.5615208960125606,1.5962730048452252,1.8664879753614843,1.261335594368621,0.04153231760653639,1.0,1.0,0.9,0.7,0.5,155,2766.528801551487,44279248760.4268
16,82,1.2530959689083052,1.5395867416527977,1.5594813129479925,1.86421813003434,1.3132534958757762,0.04165877010474003,1.0,1.0,0.9,0.7,0.5,156,2752.7212772869148,44279294867.85837
16,83,1.252489000577749,1.5483845184742884,1.5809429052680786,1.872481582117539,1.2507790545165096,0.041169161564013464,1.0,1.0,0.9,0.7,0.5,157,2733.5382098963805,44275531805.43376
16,84,1.2513885138751313,1.5299612715083373,1.548376389005194,1.875071627849275,1.28314040385923,0.04056214666671164,1.0,1.0,0.9,0.7,0.5,158,2712.5740171241346,44278691781.97804
16,85,1.251019256543405,1.539000816109061,1.5700816024469801,1.8835153178894448,1.2499687966682194,0.040329011495423325,1.0,1.0,0.9,0.7,0.5,159,2911.0957142288016,44278326819.53951
16,86,1.2515805712691805,1.5222450857670375,1.539187788444797,1.878908053087104,1.2837343539335453,0.04154154969277593,1.0,1.0,0.9,0.7,0.5,160,2762.9503037108675,44278695632.6017
16,87,1.250972885582617,1.5159840713704424,1.531877160667178,1.8819599238360845,1.2800601980403492,0.04139496460947326,1.0,1.0,0.9,0.7,0.5,161,2822.554274368236,44279779759.88183
16,88,1.250205545120421,1.511571519828527,1.5267890973837999,1.884875566353204,1.2643388177923383,0.04087490700658451,1.0,1.0,0.9,0.7,0.5,162,2904.567137807216,44279511242.31611
16,89,1.2501508677684443,1.5220467036477356,1.5501398727202749,1.9050408338620168,1.2393287481496125,0.04087490700658451,1.0,1.0,0.9,0.7,0.5,164,2937.432222052342,44279437654.71359
16,90,1.2494463473832036,1.501693755159012,1.515225650892317,1.9026706726972409,1.3004229996299124,0.040836230724301044,1.0,1.0,0.9,0.7,0.5,165,2739.687800589013,44281899414.17809
17,0,0.8897307853725902,0.9739135080565021,0.9204722214676397,0.010369306319299719,0.0,0.0,0.0,0.0,0.9,0.7,0.5,1,2543.4991128771626,8476.759457379796
17,1,0.9164571579551813,1.015972638078124,0.9616382310240178,0.060559730742148044,0.06548806544570772,0.0523999204655886,0.00010241048510978,8.593246390473e-05,0.9,0.7,0.5,3,2460.077610546137,8339.60696047634
17,2,0.8673091121395888,1.1030795041575896,1.0531437885922859,0.19873269129353957,0.5243339673448805,0.11529221795857406,0.04020100536183468,0.08300160807713548,0.9,0.7,0.5,4,2108.9348473544446,44480.06525560314
17,3,0.7433530108817262,1.0647359858989363,1.0067562426383283,0.20307037453871868,0.3470510091546045,0.06374684467450842,0.11189053042849709,0.09267195886244114,0.9,0.7,0.5,6,1654.788340080963,6294.046840107911
17,4,0.6697123532883256,1.0739402930845272,1.0187668123963753,0.26672932872044525,0.44638184160798783,0.07554417086297163,0.13211333939888834,0.15817916704244506,0.9,0.7,0.5,8,995.5943639629908,40688.7210483842
17,5,0.6589564961396644,1.0674018491339048,1.0114391393833357,0.27468079145600854,0.25372223979660474,0.07329865328058548,0.13217667998002697,0.158272587884947,0.9,0.7,0.5,10,989.7415127347006,40346.859165309885
17,6,0.6623366236501438,1.0736259102306727,1.0171129559065228,0.2853508915585693,0.2695441263274583,0.07562183167479211,0.13953044695366557,0.16267028176689807,0.9,0.7,0.5,11,979.3761458007086,40478.10487061735
17,7,0.6298834380562314,1.073211252274954,1.0249928681387979,0.3106511812671404,0.35886844742713914,0.057450319728873725,0.14462163266727263,0.2199706465405442,0.9,0.7,0.5,13,3826.42392733535,21680.34538565628
17,8,0.6276683761556966,1.0824757245880479,1.047185441983537,0.3090949082900986,0.2643594919932896,0.058223592048041305,0.14192747077125822,0.21931608026127933,0.9,0.7,0.5,14,3763.49024529275,21500.502515045933
17,9,1.1416000157423811,1.5919572081753572,1.5251946695600331,0.8700472282573866,1.0522071059100178,0.054708458684493824,0.4043219487395907,0.9859671107757084,0.9,0.7,0.5,15,951.1676218842372,39297.49542909666
17,10,1.1411057723434843,1.5914708611708785,1.5246817750041013,0.8794588750600971,0.8253121361757338,0.054166250888479685,0.40440634072417037,0.986161346366535,0.9,0.7,0.5,17,917.3383477573786,39085.78366057213
17,11,1.560600787058633,2.0174113486717182,1.9473219062029763,1.32829888685966,1.4014071811397533,0.07791857595983213,1.0,1.0,0.9,0.7,0.5,18,3280.363441368133,239796.6035089641
17,12,1.5398107173099964,2.010767425650665,1.9518628643548661,1.333075321880953,1.299797395411296,0.06986701712554899,1.0,1.0,0.9,0.7,0.5,20,3200.8627241919885,238225.0414145213
17,13,1.531201505037667,2.0035935239973246,1.9436401655356135,1.3391703062544185,1.283219643680877,0.06870060400253883,1.0,1.0,0.9,0.7,0.5,22,3131.265853383757,238133.26415349427
17,14,1.5299665237254043,2.0024158364213935,1.9424263651354527,1.3467572945529622,1.26240165050829,0.06762628401763017,1.0,1.0,0.9,0.7,0.5,23,3214.0827822797355,238353.71854179507
17,15,1.508569015948153,1.9838300746623336,1.9210446444042275,1.3442601880047154,1.3725508849071892,0.06511537201663438,1.0,1.0,0.9,0.7,0.5,24,3217.099949268294,238093.1648677901
17,16,1.4840922749899397,1.9386545173031524,1.845990322960668,1.3560783926928428,1.284833648678779,0.06497652008337444,1.0,1.0,0.9,0.7,0.5,30,2540.709810554157,92076.63104207956
17,17,1.4810407601713185,1.9692367004325275,1.9153963750028407,1.3673179688365793,1.2637433884378844,0.06276290704357788,1.0,1.0,0.9,0.7,0.5,31,3017.413110891047,219696.68330247368
17,18,1.460783627003169,1.9489637357404213,1.8921623008636987,1.3761590590619213,1.3768215485122826,0.05944927436778561,1.0,1.0,0.9,0.7,0.5,32,3295.1580341200947,93759.96849397729
17,19,1.4541487983067283,1.919088663988635,1.8350075560049954,1.354817287010314,1.278540214681716,0.0594492743677857,1.0,1.0,0.9,0.7,0.5,34,3183.209640984316,94001.0230177696
17,20,1.450756130568927,1.9600880728778636,1.9273550952993705,1.398707558668987,1.2666227096350275,0.05944927436778561,1.0,1.0,0.9,0.7,0.5,36,3098.253857927896,94208.36198630383
17,21,1.4487953552078077,1.9129896158912227,1.8277347938996997,1.3632200381623942,1.275577668857925,0.0602875160914228,1.0,1.0,0.9,0.7,0.5,37,3033.595227634657,94169.52319072638
17,22,1.4554200440577492,1.9527070064674554,1.9057654693918766,1.4064396512456327,1.292283327671375,0.07153515170188834,1.0,1.0,0.9,0.7,0.5,38,3173.470361967197,93073.76447682144
17,23,1.4353926977667473,1.9430096472157037,1.908027780058737,1.4094695533653663,1.2707789959015776,0.055063761192974604,1.0,1.0,0.9,0.7,0.5,40,3142.495104436832,98973.30028026192
17,24,1.4424183611165409,1.9387504117842578,1.8906796602244207,1.4252668236137753,1.2577400577092126,0.06335423552992762,1.0,1.0,0.9,0.7,0.5,45,2680.583435088772,219210.3907244312
17,25,1.4789202924343499,1.9751556176256466,1.9269802740111635,1.4919855353684361,1.2961668643911608,0.10448300450908854,1.0,1.0,0.9,0.7,0.5,47,2151.7365087734534,83750.17846604952
17,26,1.475984883661183,1.9720599143297695,1.9237144157827775,1.4994831035778686,1.2988721630011848,0.10214719685913536,1.0,1.0,0.9,0.7,0.5,48,2185.9446507258244,83899.80468714506
17,27,1.4735267381971886,1.9686335922688865,1.9193333897414313,1.5009575457006317,1.3330164438992405,0.10453460671168827,1.0,1.0,0.9,0.7,0.5,49,2095.4228624703665,83864.3978528184
17,28,1.4060473046485884,1.8993291831732768,1.8482705934358181,1.4217967368173599,1.309008888853318,0.038937808417868855,1.0,1.0,0.9,0.7,0.5,50,1978.510668431525,15385.259322733244
17,29,1.3934786227790015,1.8584627907710085,1.7776506024041359,1.4135082640284673,1.3892939052214317,0.04277616450824578,1.0,1.0,0.9,0.7,0.5,51,1931.9159946418815,88682.88493117508
17,30,1.3750523390310656,1.8677900147171438,1.8228172375091862,1.434921078999707,1.2975563506512175,0.036307502976642904,1.0,1.0,0.9,0.7,0.5,53,1608.8886995346122,14944.76674793401
17,31,1.3678422951898799,1.830446589434859,1.7560026207494857,1.4350897953748818,1.3083640614069,0.04222790432113484,1.0,1.0,0.9,0.7,0.5,55,1612.8379448573376,88623.80323810576
17,32,1.365312883875166,1.827334289931178,1.752645296989992,1.4398233051511737,1.2396531731883398,0.04035957637358215,1.0,1.0,0.9,0.7,0.5,58,1562.8380764009678,88422.10503729178
17,33,1.3483876698945974,1.7833492650435496,1.680777299052068,1.4186781050510067,1.302490730302492,0.02859580465676125,1.0,1.0,0.9,0.7,0.5,59,1804.317247531323,87257.06053445916
17,34,1.3452789876412155,1.7902379685879697,1.7001966439673826,1.416856487190945,1.243349690548769,0.026848755711320997,1.0,1.0,0.9,0.7,0.5,60,1770.929977591093,87162.43187891705
17,35,1.3406443408630742,1.7796419738982618,1.687380809479474,1.4309278962295315,1.3170711168910163,0.02947826226670222,1.0,1.0,0.9,0.7,0.5,61,1776.7613773593494,86218.75470644476
17,36,1.340328181234907,1.7902393975443172,1.7108747585833646,1.4406188083272302,1.2286379564453416,0.02947826226670222,1.0,1.0,0.9,0.7,0.5,63,1781.6878872538932,86163.55145691057
17,37,1.3334963810136857,1.7749875033587803,1.6927167792263496,1.4505594601327436,1.2875004062243476,0.03138647036437596,1.0,1.0,0.9,0.7,0.5,65,1466.8995893881424,86130.54636099288
17,38,1.3339874048751847,1.773817692243266,1.6909983042020116,1.4621226827892355,1.252657242031887,0.03364635718285395,1.0,1.0,0.9,0.7,0.5,66,1450.997238572314,86626.10842908367
17,39,1.343289865508993,1.7637423138545638,1.665319311016892,1.4937589186743585,1.2819998110170658,0.051790190515049114,1.0,1.0,0.9,0.7,0.5,69,1709.342636635153,85639.42312858847
17,40,1.3419024002306006,1.7606272086188954,1.6616722099222414,1.5069679874790411,1.2574482997483276,0.0517797918375005,1.0,1.0,0.9,0.7,0.5,71,1663.3697865478475,85555.4862033834
17,41,1.4169443962660182,1.8897961118798547,1.8552671271357428,1.6345201592146388,1.3348784048994051,0.13679645340620852,1.0,1.0,0.9,0.7,0.5,73,1722.0315413895546,96029.0616507762
17,42,1.335115756712408,1.7367692345771213,1.6230489899514469,1.5100659419936113,1.2927052226966338,0.04917029013647192,1.0,1.0,0.9,0.7,0.5,74,1671.4313794593716,87605.99892194505
17,43,1.3391950313806535,1.8141781217348547,1.7899740803197415,1.5795742767368395,1.2822488053148975,0.05768638324433677,1.0,1.0,0.9,0.7,0.5,76,1743.8992999724146,95274.9610378065
17,44,1.3390697057643046,1.8130788916211174,1.7885952420252518,1.5869649307784355,1.2581524030238067,0.058278762941946186,1.0,1.0,0.9,0.7,0.5,78,1745.1185736485363,95564.07545033202
17,45,1.3669782459396311,1.8028173575471471,1.7380416642273806,1.5615649591141139,1.3096504652527883,0.09259703318660786,1.0,1.0,0.9,0.7,0.5,80,6067.579052616407,5529427066658.174
17,46,1.364788308632514,1.7979668710385721,1.7324504136922823,1.570776077689882,1.3130211730845314,0.09201342405804144,1.0,1.0,0.9,0.7,0.5,81,5976.835383767659,5529425042714.74
17,47,1.3640131359036767,1.7967789514776202,1.7311483488362656,1.5769840549474505,1.284618437341011,0.0914339809484354,1.0,1.0,0.9,0.7,0.5,83,5911.092626745708,5529423552878.822
17,48,1.3651433588215545,1.8297222361703565,1.8025980713583933,1.59642695730964,1.2912467909002627,0.09390336996066184,1.0,1.0,0.9,0.7,0.5,86,2101.500904270611,5529177394173.645
17,49,1.4242651934936752,1.880084198180028,1.850601795890298,1.680242666185447,1.444820941734223,0.16516169463839644,1.0,1.0,0.9,0.7,0.5,87,6063.422930101642,5529423567667.831
17,50,1.430442848865681,1.8745946762180976,1.831989311222869,1.690077663122211,1.3600727541266386,0.17230591848506133,1.0,1.0,0.9,0.7,0.5,88,6055.473463526419,5529426720469.262
17,51,1.412920934502622,1.8779422900151854,1.8609324969696635,1.6839436586612766,1.3466454440337827,0.15375694518768962,1.0,1.0,0.9,0.7,0.5,90,6049.638635132638,5529423291177.34
17,52,1.4039406261562375,1.856391516532629,1.826023289766213,1.6789994367768908,1.3447214089364339,0.14458318937636197,1.0,1.0,0.9,0.7,0.5,91,6115.128891356593,5529424456851.104
17,53,1.4294939778924227,1.8801565506644664,1.8493223845068827,1.71925099320382,1.3756104354421617,0.17401163035363892,1.0,1.0,0.9,0.7,0.5,92,6141.865827855876,5529421748717.498
17,54,1.4307029158097564,1.8812120976737972,1.8503380463912085,1.7275262998221521,1.3587121612901694,0.1754429971228853,1.0,1.0,0.9,0.7,0.5,94,6118.873113715217,5529419524531.196
17,55,1.4219904995445602,1.921564312156759,1.9539081719233986,1.7868407767010897,1.3769153934346268,0.1696124248442898,1.0,1.0,0.9,0.7,0.5,97,8340.952380438106,5532797216896.417
17,56,1.4261907457094045,1.9222851317463472,1.9537513087587377,1.792215482555152,1.3942942341013074,0.17610798278643539,1.0,1.0,0.9,0.7,0.5,98,8318.021428768967,5532796084728.249
17,57,1.4434059229404803,1.9393788264756386,1.9708144904243081,1.8171640766202652,1.3763914103179857,0.1952989161679705,1.0,1.0,0.9,0.7,0.5,100,5210.694832933483,5531631942179.336
17,58,1.4411470237136168,1.94707575246201,1.9911995240268843,1.8302711999131753,1.3804547857618028,0.19342904238417785,1.0,1.0,0.9,0.7,0.5,102,9354.368608175091,5533097954842.733
17,59,1.4411222028080035,1.9460605955750914,1.9899371771308676,1.8378923575840649,1.379553756443362,0.19390436012223655,1.0,1.0,0.9,0.7,0.5,104,9260.750789579874,5533101455629.619
17,60,1.4406015737267002,1.9339104236705802,1.9646806606232494,1.8448341694667008,1.3785027630099442,0.1935403439519,1.0,1.0,0.9,0.7,0.5,105,9265.93240718808,5533104109771.356
17,61,1.309392829499807,1.819780439382006,1.8855299582561709,1.7747994882688145,1.3046338675394256,0.0554791970495194,1.0,1.0,0.9,0.7,0.5,108,11815382.16703885,5529175916825.69
17,62,1.4039769126344175,1.9082872281245624,1.9725975924491297,1.8783857784763753,1.3763241554693884,0.1631568406863145,1.0,1.0,0.9,0.7,0.5,110,11828320.540822634,5529176117426.186
17,63,1.4027152758279136,1.9021960584901305,1.9653795931779499,1.885707636659749,1.3702726059400419,0.1636997088874169,1.0,1.0,0.9,0.7,0.5,112,11829087.959450768,5529174908326.655
17,64,1.3909698636982726,1.8870072983420778,1.949384804685954,1.8519198312523644,1.3538327338996767,0.1520527418126838,1.0,1.0,0.9,0.7,0.5,114,11999733.212648932,5529184176240.668
17,65,1.389045805748126,1.8876822737060839,1.9611049796210072,1.8546423335632007,1.3769248438806896,0.15303902577517334,1.0,1.0,0.9,0.7,0.5,116,11997251.334626265,5529179376418.313
17,66,1.301159390729651,1.812919232165156,1.9102512726380576,1.7853775594417636,1.2814567989059316,0.05864161229165858,1.0,1.0,0.9,0.7,0.5,119,11812564.615855746,5529176332813.98
17,67,1.2996735005476066,1.807426786213242,1.9038677804756095,1.792108426349202,1.2707752364877354,0.05832054393780103,1.0,1.0,0.9,0.7,0.5,121,11813401.69024173,5529174843000.161
17,68,1.289868343875538,1.7847405870049435,1.8677770655400177,1.824027249105757,1.2645842028388459,0.0481834425697431,1.0,1.0,0.9,0.7,0.5,122,11820525.1748725,5529184011493.698
17,69,1.2977421538758438,1.8021256677377133,1.897829682306691,1.7869453565149105,1.2593877188754505,0.05721134774833521,1.0,1.0,0.9,0.7,0.5,123,11810237.529754717,5529177530207.445
17,70,1.2884685883970861,1.7785012397042872,1.8604691536739015,1.8309533974115428,1.2799644309860143,0.0481836467665318,1.0,1.0,0.9,0.7,0.5,124,11820595.940288346,5529185853233.691
17,71,1.374153640214279,1.8910608428822475,2.010606051072338,1.9415834809366812,1.382381420097816,0.14514364050644513,1.0,1.0,0.9,0.7,0.5,125,11814476.85988376,5529178414348.04
17,72,1.3734153272266683,1.881258963620507,1.9988535291864937,1.9535239927117751,1.3719703847812308,0.1469080473941221,1.0,1.0,0.9,0.7,0.5,127,11814760.095332276,5529172056980.678
17,73,1.3726300635417232,1.8884495718405798,2.0183573133177224,1.9729468667216632,1.346105777275303,0.1469080473941221,1.0,1.0,0.9,0.7,0.5,129,11811420.702780183,5529169813894.246
17,74,1.3731645383890996,1.877331551750716,1.9941423724515017,1.9651515523780496,1.3369851983703818,0.1476298891306306,1.0,1.0,0.9,0.7,0.5,130,11816011.711109208,5529170126474.041
17,75,1.3719894424679333,1.883139242966426,2.012055337573389,1.9758980648397977,1.369105009514953,0.14744146705295086,1.0,1.0,0.9,0.7,0.5,131,11814135.660103668,5529173435732.675
17,76,1.3716400361175851,1.8791717456599564,2.007324432221402,1.9835735077912964,1.34871755924785,0.14798636668139847,1.0,1.0,0.9,0.7,0.5,133,11813837.172090188,5529171501490.537
17,77,1.3708929160322687,1.8863547727987537,2.026819687824559,2.000858306261785,1.3472175709853658,0.14798345212330472,1.0,1.0,0.9,0.7,0.5,135,11813211.311473057,5529175451601.188
17,78,1.4116724290363634,1.8502705814920424,1.9428740377172917,2.0165747148116417,1.7438424901603438,0.20272103741503528,1.0,1.0,0.9,0.7,0.5,136,12083521.878746592,5532169930416.322
17,79,1.4114593201966543,1.8600000168850879,1.9653514005798536,2.0290391017611764,1.3875727266857587,0.2027210374150353,1.0,1.0,0.9,0.7,0.5,138,12080067.720952349,5532167632787.298
17,80,1.4095682568594974,1.8467566915967173,1.9498457963739901,2.0290474779939567,1.4746732679555505,0.20268393892209197,1.0,1.0,0.9,0.7,0.5,139,12158894.747200647,5532181596479.576
17,81,1.410797961008749,1.8469040872779463,1.9497785773321932,2.0341101107142308,1.3925898067825278,0.20424031511897311,1.0,1.0,0.9,0.7,0.5,140,12159284.56885891,5532181151765.567
17,82,1.408337182190382,1.8431017173525417,1.9457105598032072,2.035486937952844,1.3869700997039356,0.20173878475765267,1.0,1.0,0.9,0.7,0.5,142,12159982.272500604,5532172454996.35
17,83,1.4104868988627084,1.8413441032725448,1.943180723004187,2.0453714456615257,1.415810159881981,0.2047960984575566,1.0,1.0,0.9,0.7,0.5,143,12158606.375613997,5532179124547.806
17,84,1.41016371018502,1.8374231645149637,1.9385508430888678,2.0527582740836587,1.3989911629222467,0.20503921260767224,1.0,1.0,0.9,0.7,0.5,145,12158705.731239608,5532177034052.477
17,85,1.4049195478344125,1.8180892071584567,1.9272851619367344,2.0596948873366614,1.5839490296477658,0.20310781162737085,1.0,1.0,0.9,0.7,0.5,146,12082259.61728495,5532172692598.645
17,86,1.4038363713695088,1.8141613601494924,1.933654026509625,2.083012394531769,1.4110189257072518,0.20383657835026364,1.0,1.0,0.9,0.7,0.5,150,12081969.088089423,5532174744515.034
17,87,1.409046965380888,1.8165808147942075,1.935539036650022,2.095866535338761,1.3998900100590008,0.20999221724755515,1.0,1.0,0.9,0.7,0.5,152,12078444.216155691,5532179619245.964
17,88,1.405068429634285,1.8085637261276872,1.926750205004055,2.095744205934729,1.416968698219741,0.206091519810561,1.0,1.0,0.9,0.7,0.5,153,12081628.01948339,5532172924143.037
17,89,1.4049389709748739,1.8082276614487913,1.9263747746728401,2.0994154481125356,1.3869749548298451,0.20597380195745368,1.0,1.0,0.9,0.7,0.5,154,12083585.944021102,5532173540226.318
17,90,1.4052604635992296,1.7955839994493976,1.9003947017859435,2.0981871094053357,1.399614507565716,0.2065539861005509,1.0,1.0,0.9,0.7,0.5,155,12084835.864658078,5532172512745.392
17,91,1.406398741247235,1.807639361725145,1.925395663708665,2.1085035172819246,1.389318292214801,0.20785516355320222,1.0,1.0,0.9,0.7,0.5,156,12081288.580013957,5532175947672.549
17,92,1.4051624989903817,1.805821371241831,1.9234668722569515,2.1110684875128793,1.3903890323902808,0.2065539861005509,1.0,1.0,0.9,0.7,0.5,157,12083228.279727198,5532171443425.221
17,93,1.400856420926288,1.789854437318026,1.9161696352556985,2.1312854511158035,1.428180138960398,0.20446211573528367,1.0,1.0,0.9,0.7,0.5,161,12089246.490913715,5532171186712.677
17,94,1.4175974487951772,1.7917311432464407,1.9370882817485529,2.22690058641453,1.4218564924745798,0.2268002138206311,1.0,1.0,0.9,0.7,0.5,177,12139898.78365137,3683298941935.8135
17,95,1.4152978435198793,1.7839391570210663,1.9282800080274962,2.2414928268827765,1.4126244169215405,0.22473637344513056,1.0,1.0,0.9,0.7,0.5,181,12141340.788285475,3683296829248.917
17,96,1.4141809076789547,1.7756518333191909,1.918668971025777,2.248113024153988,1.428695269313259,0.224115987501466,1.0,1.0,0.9,0.7,0.5,183,12140876.662675343,3683299600583.3374
17,97,1.4137739124011337,1.7747605416551866,1.9176884612202953,2.2555827013567686,1.4031532735117258,0.22370485415615585,1.0,1.0,0.9,0.7,0.5,185,12140316.905393807,3683295073956.1406
17,98,1.4131417432242106,1.7695937863260438,1.9116865380863781,2.2666769220421936,1.4180765874577388,0.22338226910691855,1.0,1.0,0.9,0.7,0.5,187,12141341.887980958,3683291957253.657
17,99,1.4128703328372099,1.7800906131618794,1.9351036509926154,2.287535508269121,1.4024426202745686,0.22311681652070883,1.0,1.0,0.9,0.7,0.5,189,12140536.650835631,3683289073427.6064
17,100,1.4062465370904333,1.751502699792816,1.8915393109787297,2.2713211515019047,1.4755360715929697,0.2166216345902805,1.0,1.0,0.9,0.7,0.5,190,12144191.887932517,3683293952421.246
17,101,1.4142789985924717,1.750161855238502,1.8884829324574386,2.2909101540345302,1.4176289420646886,0.22626199524028312,1.0,1.0,0.9,0.7,0.5,195,12144075.798371002,3683283759080.6006
17,102,1.4133093326502777,1.746718058364721,1.8845871826523948,2.2977513160674867,1.412046404564289,0.2253677904266928,1.0,1.0,0.9,0.7,0.5,197,12144837.01303826,3683284739239.6
17,103,1.402928253381861,1.7437298795557825,1.8939039742343498,2.3069673384697746,1.421064044141752,0.2141110261468903,1.0,1.0,0.9,0.7,0.5,198,12146911.639313385,3683287791423.917
18,0,0.9198594345507013,0.9813479120710974,0.9291798374065678,0.011053573584910636,0.0,0.0,0.0,0.0,0.9,0.7,0.5,1,2002.9587191167516,8202.562124913826
18,1,0.9553207742110738,1.0232322157912188,0.9707152116176743,0.05819420623267128,0.05112550532669644,0.04864432417830577,0.00010969014148205,0.00013003259264151998,0.9,0.7,0.5,3,1725.327532115262,7470.161763773426
18,2,0.9017999597707907,1.0061874875371895,0.9515645799806244,0.05462668459278495,0.12491950573349651,0.02971424123031575,0.01507213778053772,0.0037605841395322104,0.9,0.7,0.5,4,1774.5785558159655,7609.401235035619
18,3,0.7279439244154681,1.0158920424824587,0.961326749053413,0.12433102595860844,0.6410855216787309,0.05938048398763611,0.04626465205706715,0.05484460657403371,0.9,0.7,0.5,5,969.4673076507684,5784.933825010119
18,4,0.6687291259591915,1.0182163966265374,0.9567362382209793,0.16794954624467098,0.296947553911428,0.07603704508054948,0.06455725338156243,0.08465605712758034,0.9,0.7,0.5,7,1297.6985795950327,3601.447338750645
18,5,0.6437618161080993,1.0486606899792827,0.9781759792252059,0.2512656012354204,0.42264225709178094,0.08607539990723416,0.09673775663727976,0.18758129305637722,0.9,0.7,0.5,9,625.3488454017125,2186.267411579539
18,6,0.6487858004701782,1.0634327808337993,0.9908244476691309,0.28283541893061287,0.30979913889020533,0.08263809257376366,0.12003108008606973,0.215502469909462,0.9,0.7,0.5,11,349.58944480549576,3423.279637639332
18,7,0.6918045360688696,1.1125416330142612,1.03837033120122,0.34748287453526394,0.3558492044088053,0.08716175716882706,0.1582567245661516,0.2703145608648883,0.9,0.7,0.5,13,705.6183601045412,3619.267542769644
18,8,1.0722051419815148,1.4931103104808416,1.418894885352818,0.7306575314242878,0.7070063249175136,0.09918382451138996,0.1656334977568039,1.0,0.9,0.7,0.5,14,565.2698002737053,3909.917215162325
18,9,0.6240055073357733,1.0668224703206601,1.0024925328840966,0.31875678805140467,0.3494650279175924,0.0747428671372779,0.17310618575872064,0.19492786454696984,0.9,0.7,0.5,16,6181.267066146136,4454.249543513586
18,10,0.6486079084559881,1.094917953971192,1.0293871476400633,0.3598724970443832,0.345463971676041,0.09443176910314169,0.18321237238068008,0.21555507285070036,0.9,0.7,0.5,18,13493.863526118512,4484.95629704936
18,11,1.0938099488337398,1.5351411770054257,1.4541339504003945,0.8271463845764196,0.8878661050344147,0.07903368918819956,0.3082401996133801,1.0,0.9,0.7,0.5,19,693849.3200897103,3227.296497449735
18,12,1.0612383723669927,1.5042755608747096,1.4224801423346163,0.8058959056878349,0.7767062318274149,0.08174953023715974,0.2672297283448015,1.0,0.9,0.7,0.5,21,699436.000360011,3004.357366635892
18,13,1.0576758906936703,1.5017181437755298,1.4194282693870568,0.8141164963432723,0.7710481801935379,0.0822246063758458,0.267090110911498,1.0,0.9,0.7,0.5,23,699432.9921640302,2983.522770339912
18,14,0.7447170586038147,1.2116466987671644,1.155123526408453,0.5090463777913654,0.459519701611459,0.06874934433299909,0.2119736266356278,0.47919677905568836,0.9,0.7,0.5,24,33198.45458263684,4446.289885251603
18,15,1.1452334080820994,1.601415881762636,1.5316425485398777,0.9141916981682495,0.8623638144822485,0.08277170788446837,0.39684425493679193,1.0,0.9,0.7,0.5,25,1205215.5038595195,2745.090527467255
18,16,0.5873604899545176,1.0672930457162477,1.0227795907948154,0.36321326243041396,0.3303083335375788,0.05567355143880677,0.24751997474884782,0.1534232126601714,0.9,0.7,0.5,26,696514.4935368546,6300.7773372455895
18,17,0.5869395825810819,1.078151572295678,1.0465952409854136,0.37058447870011046,0.3008729793314599,0.05548233747481962,0.24757709598699496,0.15350183968653086,0.9,0.7,0.5,28,695998.4092143556,6345.651903054451
18,18,1.5297038843546529,2.033590880641545,2.014138385836742,1.3285065902152213,1.2860307924188459,0.05495565461751387,1.0,1.0,0.9,0.7,0.5,29,21271.60443838308,716318.3000467184
18,19,0.6546247439713726,1.1649826013478135,1.138447342067833,0.5063954881864716,0.566698051074319,0.05647833868257329,0.41060762572278975,0.1679067524141989,0.9,0.7,0.5,31,1200514.5426269248,3980.296599745583
18,20,0.6518193994679308,1.1634588187442116,1.1343702140176342,0.5264327250169027,0.4912478721248655,0.051765823256894605,0.4175081318503781,0.19349965976475744,0.9,0.7,0.5,33,1203966.0412825695,6891.995445820852
18,21,0.785229928251574,1.2948004849346726,1.2624889472237215,0.6797807028073486,0.7098976481049953,0.05118421498773017,0.4492477095724878,0.45043340314131564,0.9,0.7,0.5,34,1199007.2434343302,3710.386659681853
18,22,0.6361478494641286,1.156714736652126,1.1370334056623772,0.546866082752329,0.4537817653167536,0.051896560679033074,0.41817432652279257,0.19840015832692598,0.9,0.7,0.5,35,1199126.0680588963,7633.481821074903
18,23,0.8321071231472634,1.3403715656132071,1.3061434756131391,0.7396258821915518,0.7055244089498436,0.05715734655148948,0.4632897976666154,0.5335463473059312,0.9,0.7,0.5,36,1197541.6220502066,3533.337381913658
18,24,0.7969258259319778,1.315641207409668,1.2935436326981995,0.7321328382364524,0.6294107092605304,0.05961530192754788,0.45641984093951493,0.47703372639131114,0.9,0.7,0.5,38,1199061.660322194,7694.417706254981
18,25,1.078014815150662,1.5964367607974932,1.5740259155443952,1.0197947811927177,0.9070780194126422,0.05916425959442858,0.4872019937986269,1.0,0.9,0.7,0.5,39,1199664.8354364976,7590.64406525621
18,26,1.0775215155564364,1.5958433420017104,1.573330846929254,1.0145349475273258,0.8984194865601356,0.059164259594428704,0.48720199379862805,1.0,0.9,0.7,0.5,40,1199230.592885706,7658.413042710908
18,27,1.465053935967327,1.9784551769325858,1.9519137464145464,1.4260492855338192,1.4647472567660351,0.11158538389105344,1.0,1.0,0.9,0.7,0.5,41,1200973.9188226294,7824.86641115353
18,28,1.4715778334618723,1.983297064918406,1.9556485203976997,1.4463174070230709,1.3343249760101552,0.12414825021960338,1.0,1.0,0.9,0.7,0.5,43,1198723.6080402066,8026.044413617579
18,29,1.469047698629523,1.9798864334481805,1.9516929575863164,1.452164157360531,1.3226110216571438,0.12389383169032339,1.0,1.0,0.9,0.7,0.5,45,1198138.485832899,7869.680980830706
18,30,1.456481719243838,1.9668458681088374,1.938368611492086,1.4494663230373832,1.3058924079373235,0.11124579542586892,1.0,1.0,0.9,0.7,0.5,47,1200684.397510611,7706.721215996488
18,31,1.4308884896371823,1.952084177680919,1.9363862434283587,1.4458934503141303,1.284472941650836,0.08382998529915169,1.0,1.0,0.9,0.7,0.5,48,1201913.220590958,8010.032778979849
18,32,1.4592688944498764,1.9692596502340498,1.9405565017250548,1.4643551559547687,1.3041176043484302,0.11539351372187052,1.0,1.0,0.9,0.7,0.5,49,1201389.81301372,7625.327908347138
18,33,1.4565750804600064,1.9657891131670848,1.9366389505686241,1.4765151371641738,1.321163942767797,0.11443768415453251,1.0,1.0,0.9,0.7,0.5,50,1197898.4547782962,8237.889675631039
18,34,1.457877316595056,1.9670490419251292,1.9378671997219254,1.4746340224652852,1.3058609796744358,0.11604314266991678,1.0,1.0,0.9,0.7,0.5,51,1199623.4932042086,7957.204586232952
18,35,1.4954126957236746,2.0041909486259195,1.974794089608313,1.5195394757262126,1.3471482097636676,0.15870700060220672,1.0,1.0,0.9,0.7,0.5,53,1202951.232638084,7828.948089205698
18,36,1.4117971673532212,1.9449370893360374,1.9499340191866605,1.4669975428761366,1.4648155479050893,0.08541607404676113,1.0,1.0,0.9,0.7,0.5,54,1196859.6143822945,8321.623451147057
18,37,1.4110846478993138,1.9423804506753557,1.9465660768647046,1.4687414134558776,1.2955918348352824,0.08783918043299167,1.0,1.0,0.9,0.7,0.5,56,1196785.7730482053,8291.8356161159
18,38,1.410370336188143,1.9406292564844017,1.944370046369928,1.4794180380253263,1.2889696274052622,0.08877967473381371,1.0,1.0,0.9,0.7,0.5,58,1196049.701495721,8271.37754157034
18,39,1.3853419726627747,1.8943226893953664,1.881073685838458,1.4740897347189192,1.3494343355934455,0.07565937983320721,1.0,1.0,0.9,0.7,0.5,60,1200957.0849554571,7992.050445207659
18,40,1.3845354741557003,1.8911766896008615,1.8770704177575879,1.4823548656624959,1.2874326256899045,0.07772549917641038,1.0,1.0,0.9,0.7,0.5,62,1200597.2883677804,8005.602583859078
18,41,1.3941094131193357,1.9094153940888372,1.9074026669436956,1.4976316737077542,1.3007807429462201,0.09142624822467134,1.0,1.0,0.9,0.7,0.5,64,1200169.4544458068,8046.693082219412
18,42,1.3854688450844335,1.9005208596660603,1.8984186675844654,1.5013371258017092,1.2775586307566653,0.08212395265133561,1.0,1.0,0.9,0.7,0.5,65,1199847.4813508291,8053.713155591793
18,43,0.646374735616551,1.187098062487031,1.2307656847211887,0.795451653175727,0.8063697066210953,0.04664416778662582,0.5350202168002458,0.27114010875958716,0.9,0.7,0.5,66,7384.928030869426,12652.421930322807
18,44,0.644157986091032,1.1663978106752633,1.2047269518030324,0.8062782546459808,0.6713391055723505,0.047162554842095375,0.539958183184341,0.2842373768382985,0.9,0.7,0.5,68,7490.115565105929,12259.282937101543
18,45,0.6437298362277987,1.1652641431342543,1.203399149622723,0.8061701239503472,0.5664834744464616,0.047162554842095375,0.5399581831843412,0.28423737683829836,0.9,0.7,0.5,70,7509.333232214776,12437.171467737102
18,46,0.6508461558884795,1.1541309629413854,1.1773436852296342,0.8232464869334237,0.6134283701270506,0.04525664270635148,0.5500217479658845,0.29616425520317546,0.9,0.7,0.5,72,7438.493557403027,12129.697418224505
18,47,0.6483129456776332,1.146844101542971,1.1688088358028998,0.8225519624600964,0.5988625842059548,0.045256642706351505,0.5500217479658847,0.2961642552031754,0.9,0.7,0.5,74,7506.794098298391,12643.215440686465
18,48,0.7077331936217814,1.2024542166388588,1.2234252695070076,0.8936199480717366,0.6757792995684819,0.0408780153340905,0.5352454643698792,0.4475579018342052,0.9,0.7,0.5,75,7641.288425592946,12961.225134787332
18,49,0.6369181176813647,1.1340947437701496,1.1658328669804332,0.8292926202619723,0.6597936495804645,0.04611783689374492,0.5452944170722465,0.2910127769032125,0.9,0.7,0.5,76,7538.133973804232,12318.076732517437
18,50,0.6471172539729944,1.144174448004659,1.1758791417986667,0.8461147218460809,0.579269885231503,0.044295037618270236,0.5431585614373551,0.3178339055436722,0.9,0.7,0.5,82,7381.297881524789,13118.034129762946
18,51,0.7215316181102807,1.1830968509422761,1.1958954735004588,0.9379510201446417,0.9041737753764778,0.04422503733228392,0.5446170319723531,0.485139773706999,0.9,0.7,0.5,83,7575.5111927988355,11571.587505582607
18,52,0.7191478504864756,1.1790767736978478,1.1914900294796096,0.9391881187525568,0.669697665650122,0.04425706933718287,0.5432976300806457,0.48338891760402136,0.9,0.7,0.5,85,7518.906576815837,11590.801249876617
18,53,0.6759761076027737,1.1357790694060221,1.1481630701636603,0.8995461624550019,0.619874676980864,0.04507176440644619,0.5004018988843711,0.4557233530856517,0.9,0.7,0.5,86,36126.183953415326,13657.607491494517
18,54,0.7178788822640245,1.1735089814344934,1.1849171612739482,0.9357350896442334,0.7019416010452482,0.04395164467228564,0.5442386694155974,0.48322305928959297,0.9,0.7,0.5,87,7506.008918324503,11687.765504225456
18,55,0.6741133401389687,1.1294285459749926,1.140763373358075,0.90577012704181,0.6214976175832277,0.044863492383068956,0.5002326335801351,0.455886530131892,0.9,0.7,0.5,88,36214.68691691708,13789.766977116971
18,56,0.7179811154443375,1.1710991886502757,1.181924303653118,0.950294026035395,0.6839090695534953,0.04341954448948045,0.5447779264813177,0.4854161637847212,0.9,0.7,0.5,89,7489.416710378869,11830.613011320373
18,57,0.8217581674575384,1.2807162402159062,1.3033072408239699,1.086635901733195,0.7939204672963419,0.0494765370360028,0.6104697097013762,0.5937889732681956,0.9,0.7,0.5,91,7476.907926667166,13304.897661449542
18,58,0.8209351712613489,1.278098027468925,1.3002786444664216,1.093202725149812,0.776905750949752,0.04927071038473098,0.6103004443971403,0.5939521503144354,0.9,0.7,0.5,93,7437.169801451666,13513.910253751785
18,59,0.8210850834445744,1.2746746748515674,1.296043223738144,1.094083744210557,0.7863987493544753,0.04890637154936236,0.6108652570782204,0.5964546181452599,0.9,0.7,0.5,95,7447.580318691823,13297.225546067242
18,60,0.938924217964804,1.3877568539657141,1.4291168737927784,1.2234245944953988,1.1406844200040616,0.05130462007402289,0.8671441691825871,0.48487564681220635,0.9,0.7,0.5,96,7262.510397305986,17722.65603500812
18,61,0.9471849147201064,1.405890241492016,1.4599630372615382,1.2423750484621057,0.9100940703825875,0.049041939023617094,0.8823562255108353,0.4848718651901175,0.9,0.7,0.5,98,7263.036822170175,17722.78820611301
18,62,0.9618026352528408,1.4112522275359052,1.463339177388798,1.2655362195262578,0.9616841900071764,0.052085177308724626,0.8769303031632252,0.5209070415120435,0.9,0.7,0.5,100,7334.565932573796,17593.33706587408
18,63,0.954457847059552,1.4212415926757869,1.4982514932067454,1.3060372998195817,0.9223812371376419,0.05430086330903209,0.8893149936594664,0.48733073913672886,0.9,0.7,0.5,106,7467.441458707658,17483.40320431084
18,64,0.9611427496547196,1.4375049081506397,1.5271713781390854,1.323908584615218,0.9291355207677685,0.05289127112609475,0.8907182556634401,0.5020376768015079,0.9,0.7,0.5,108,7541.708410638916,17204.82559664131
18,65,0.9429369982905367,1.411287800464755,1.4992656463959453,1.3066689856214844,0.9754492120302926,0.05397582343921342,0.8743053976645765,0.4903497153835998,0.9,0.7,0.5,109,7362.050044664737,17189.65646397234
18,66,0.9416800761749411,1.4041264272242497,1.49087784207131,1.3059864210978793,0.93036910704942,0.05397582343921344,0.8743053976645758,0.49034971538359995,0.9,0.7,0.5,111,7423.966324873474,17553.35466566351
18,67,1.0967685194014805,1.5699453821779292,1.6695991329412354,1.4830988145197652,1.0649713531241174,0.052192873060896615,1.0,0.6279650207185496,0.9,0.7,0.5,112,6955.530399688805,15986.144320518742
18,68,1.0965462389822298,1.5690150443175308,1.6685216326752148,1.4902732296579535,1.066876497236441,0.05226660826480891,1.0,0.6276877662207644,0.9,0.7,0.5,113,6956.298697420573,15558.198997369316
18,69,1.1493561706151767,1.610133307019992,1.69653832046959,1.5358061510144114,1.1158559715198313,0.055733551877326794,1.0,0.7272728313735352,0.9,0.7,0.5,115,6909.474301248149,19106.97846351961
18,70,1.093292310885619,1.5542091863328502,1.6513346602491725,1.491926669507265,1.1529839686002492,0.05435997560761172,1.0,0.6221174641596222,0.9,0.7,0.5,116,7045.908638405485,15827.270651618514
18,71,1.0931835592653483,1.5535442759198073,1.6505557718698243,1.4918632208716562,1.0646233004721888,0.05435997525048718,1.0,0.6221174081347035,0.9,0.7,0.5,117,7067.704449869462,15953.81730520734
18,72,1.0914272253345334,1.548669662408693,1.6450436765817686,1.4903700521082068,1.0848229656511337,0.054751233582876244,1.0,0.6191077231923731,0.9,0.7,0.5,118,7071.940901389016,15812.214593637473
18,73,1.1466376712269297,1.60091442006205,1.6966838124543244,1.5569012161415485,1.1393274650769425,0.056376787968388443,1.0,0.7277320865475081,0.9,0.7,0.5,119,7050.265492086279,18344.449850573128
18,74,1.2803432897912912,1.744154185657964,1.8633217628272623,1.8049887841831758,1.2587965110758566,0.056261860731922894,1.0,1.0,0.9,0.7,0.5,132,884813789.3681946,16330.120002700196
18,75,1.2874813555364433,1.7366846863890326,1.852934978865835,1.8170873517272124,1.319703135311478,0.06688973934898762,1.0,1.0,0.9,0.7,0.5,134,884845343.6213175,15824.403541606578
18,76,1.277157762874649,1.7206064493454858,1.8357174167098345,1.814697108834727,1.2739933642152426,0.05641697928054288,1.0,1.0,0.9,0.7,0.5,136,884843292.2787335,15665.37520879118
18,77,1.2755792550651917,1.7198930685464258,1.8459703109656904,1.8212180281283428,1.2922186335088202,0.05637391958421003,1.0,1.0,0.9,0.7,0.5,138,884865092.0617526,15402.841997345866
18,78,1.275059078140146,1.7277509869396548,1.8662752902639368,1.8361099001395464,1.2619094310653676,0.05624592438036945,1.0,1.0,0.9,0.7,0.5,140,884865016.6162751,15296.003160539138
18,79,1.2750044890092602,1.727564768308687,1.8660633023815363,1.8360595799289687,1.2511089286204886,0.056205990404699924,1.0,1.0,0.9,0.7,0.5,142,884848547.9318211,15020.180327120344
18,80,1.2737285686521953,1.7318910806971868,1.8822969336067037,1.8545758961826202,1.27238662663697,0.055657816976785825,1.0,1.0,0.9,0.7,0.5,144,884882990.7278341,15532.280912718134
18,81,1.272655761178104,1.7250982787013829,1.8743917783879755,1.8685193159386637,1.2951902039085867,0.05532592326393152,1.0,1.0,0.9,0.7,0.5,145,884871879.748036,15269.028648182368
18,82,1.2776853088304478,1.716491612572396,1.8523129094516733,1.8500924104183705,1.2744580712980016,0.06127269693967298,1.0,1.0,0.9,0.7,0.5,146,884897016.0844345,13463.980702864432
18,83,1.2615086914460991,1.707000462446929,1.854948395147063,1.8460782124237605,1.2573302311558243,0.04394708077852314,1.0,1.0,0.9,0.7,0.5,148,884886007.523625,13410.158902409898
18,84,1.261772648078833,1.7038109114065916,1.851092495546662,1.8464205090490133,1.2674155294696927,0.04472588498347383,1.0,1.0,0.9,0.7,0.5,149,884898226.2599094,13870.07233935742
18,85,1.2980178165003755,1.7282638263272485,1.862431781908013,1.9542296420354084,1.2768020066818948,0.08507964546664733,1.0,1.0,0.9,0.7,0.5,169,884917534.2908242,13104.50428721307
18,86,1.2967567643182252,1.720565689162646,1.8534959882555293,1.9606934514375354,1.3013356981042277,0.08455599612391655,1.0,1.0,0.9,0.7,0.5,171,884932020.6498495,12923.056369726391
18,87,0.9548334751369103,1.399485874756857,1.5581171577052397,1.6339997728386977,0.9374246952752892,0.04677880045955987,1.0,0.3845280747129812,0.9,0.7,0.5,175,884677127.4671293,14466.925348208042
18,88,0.9554324459457302,1.4096842113775159,1.5810084095522163,1.6688268459068518,0.9393353741471855,0.04555801523500902,1.0,0.38830509240454253,0.9,0.7,0.5,178,884711216.6977205,31507.775800997995
18,89,0.9550417311516232,1.4084906801401635,1.5796612120710793,1.6684467745291005,0.9379899010525513,0.04688511736383383,1.0,0.38532437642227774,0.9,0.7,0.5,180,884681406.7426277,31768.28042872845
18,90,0.9559779187186969,1.4050258733649987,1.575354925046454,1.677045300777622,0.9534658063391437,0.04646207347204724,1.0,0.38898295623730933,0.9,0.7,0.5,182,884714121.9100914,31743.613209600026
18,91,0.9559582794760687,1.4048352476210348,1.5751316999517013,1.6770271165109116,0.9369724533957255,0.0464620734720473,1.0,0.38898295623730933,0.9,0.7,0.5,184,884711806.8703358,31713.634930525703
18,92,0.9693207125170965,1.436807724951469,1.6323806201023696,1.7284361289795958,0.9574889900798121,0.04851015061020555,1.0,0.41288502500293084,0.9,0.7,0.5,188,884689450.994612,14303.65668116867
18,93,0.9594578186383337,1.4509777788415157,1.683731947270874,1.745583588638922,0.953663528627525,0.0454987750424592,1.0,0.40067933075552203,0.9,0.7,0.5,194,884575582.8770854,14315.712890854713
18,94,0.9584694331117805,1.4586219284124173,1.7038895386577848,1.7602913501619943,0.9505019004815274,0.045493433162697425,1.0,0.3992572304753464,0.9,0.7,0.5,196,884566894.7840841,14660.612188379087
19,0,0.8112534974274055,0.9533050700036718,0.8963343841054282,0.008474428291040972,0.0,0.0,0.0,0.0,0.9,0.7,0.5,1,3603.058692963679,7463.113328154744
19,1,0.8312411496833462,0.9866879810766493,0.9288330929176029,0.04994145807254683,0.05657915563747249,0.04271531894147699,0.00010136823555110001,6.328986538246001e-05,0.9,0.7,0.5,3,3488.233991830102,7410.110382554102
19,2,0.7843040923174647,0.9635498956576213,0.9040500270167239,0.03784278333995935,0.09209925821032662,0.01648153492307635,0.01414520816999946,0.00055718425917624,0.9,0.7,0.5,4,3339.1288518404085,7304.487801227033
19,3,0.6438615508506255,0.9752767427897904,0.9160535500693008,0.10841605850928861,0.6188162354924751,0.052199007976027625,0.05221846108958461,0.03260290913488431,0.9,0.7,0.5,5,2004.079407419899,5035.091700430978
19,4,0.6019011595740364,1.0143421811927256,0.9422174029158622,0.2205272356833002,0.47741882595293694,0.0901289477637382,0.09091323629682596,0.13895574548435524,0.9,0.7,0.5,7,2495.0573906063423,3768.33512378596
19,5,0.5522679249106808,0.987698106017166,0.9090494154503445,0.23358172952944703,0.35857182866299087,0.08039044173854722,0.10977258942871333,0.1529822199245387,0.9,0.7,0.5,9,1685.1365956020377,1902.5287789648744
19,6,0.5296683900870283,0.9805495727058097,0.8938444763492869,0.27467370803556096,0.42986049926995257,0.10080546960997609,0.11785772856174112,0.1847052789055105,0.9,0.7,0.5,11,2030.4761142745624,3567.8988956353687
19,7,0.5590723239218901,1.0248916065861584,0.9445346537368036,0.3670831947127489,0.4053879462716173,0.09569084417559712,0.1369906488199865,0.3110917336952725,0.9,0.7,0.5,15,2465.1739539412374,3207.016717506244
19,8,0.5530796667476283,1.018831218806858,0.9373671140397439,0.3764242621813445,0.3605443475910626,0.09596466172046336,0.13708346619554818,0.31127889336821724,0.9,0.7,0.5,17,2429.389011195049,3191.576811160432
19,9,0.5130203537814819,0.9778977965820603,0.8938167921293552,0.3548036690794396,0.36567235465777503,0.09762801053916116,0.13663172075568034,0.25761076330208066,0.9,0.7,0.5,19,2581.7906730553377,2902.359541525356
19,10,0.5296707817279719,1.028083570033371,0.9828573460125268,0.3756836765265795,0.33572442155854987,0.09622483139654608,0.1413014204062781,0.2884574284115394,0.9,0.7,0.5,20,2622.6072385255734,2908.733716705588
19,11,0.5384808795627292,1.002628522771031,0.9173358640264788,0.39317471046624886,0.3875546134603193,0.09555676736790189,0.14509639869496804,0.31309997631357567,0.9,0.7,0.5,21,2608.5016393824885,2900.754131659337
19,12,0.5345715371845554,1.0094108183680925,0.9364181652899035,0.39127131935190673,0.3723530489332821,0.09783681821094316,0.14014655474390292,0.31526222553591243,0.9,0.7,0.5,22,2238.880667628456,3198.245612855701
19,13,0.5476521612041652,1.0210406808701036,0.946408400275596,0.40999919755207676,0.43185524510477585,0.09930622518967605,0.1511817425577617,0.3395754699020217,0.9,0.7,0.5,23,2217.757404578566,3110.542831752052
19,14,0.8137546484873481,1.2866255938894682,1.2114862963550328,0.6855815546824853,0.6542147472861569,0.09703562608849386,0.2006220436047521,0.8115364636315073,0.9,0.7,0.5,24,2304.13390490328,3113.808466184647
19,15,0.5306099795432581,0.9975044517296469,0.9178519132625528,0.4186625059022825,0.5548324635099903,0.09859401659822364,0.15909740523632904,0.34133201572816557,0.9,0.7,0.5,25,2244.3514835534424,2879.116129392922
19,16,0.7995184622605032,1.2664087238486983,1.1867535796218514,0.7026072971128681,0.639722861186137,0.09662762991930832,0.20863497610417303,0.8133575465768669,0.9,0.7,0.5,28,2472.338606307467,2825.807853870921
19,17,0.529126001352328,1.0070401518964562,0.9402721490338025,0.4482065330250484,0.3743989290661963,0.09959586741791557,0.15778324408584388,0.3393852540349987,0.9,0.7,0.5,29,2280.7153896719947,2838.787370431136
19,18,0.5281660707344136,1.0052325718626816,0.9379432429750358,0.44429248345982225,0.3922786974934101,0.09875728707631888,0.1591904693637502,0.3413981633237775,0.9,0.7,0.5,30,2279.2436060604405,2854.009538056111
19,19,0.7353712116507647,1.1996561848558889,1.118440574209489,0.6627360222001712,0.6009295968847039,0.0978415731633236,0.20585659124396413,0.6997812726088551,0.9,0.7,0.5,32,2287.079470257789,2617.725983822465
19,20,0.7402459869226672,1.2043593032060511,1.1230462171324453,0.6740224991467556,0.5893077643958075,0.09858237064746,0.20843121851587965,0.7053882211770526,0.9,0.7,0.5,34,2308.979879069132,2729.143028179694
19,21,0.7654558143925514,1.225116576877574,1.1414447338535156,0.7022459700410282,0.7180366794236058,0.09137113750260674,0.19859972967303985,0.8011932619051725,0.9,0.7,0.5,35,1988.7728885625124,3302.989638929561
19,22,0.5489827788908478,1.0011061419325482,0.9139692182877487,0.5107481845548324,0.4651789171912122,0.08825188576091302,0.232621680709451,0.3516223124349092,0.9,0.7,0.5,38,2045.4823863984243,2895.148694112258
19,23,0.5489759023885461,0.9997507209157892,0.9120433055582843,0.5154519370229013,0.43168509721183734,0.08859415624476677,0.23417779731913244,0.3527796601816218,0.9,0.7,0.5,40,2021.0981605293352,2926.2735638083805
19,24,0.7950511213075322,1.2391895844247107,1.1488297536782703,0.7696571875658492,0.7832978054316859,0.08854067406951815,0.26860921049259573,0.8145254197598497,0.9,0.7,0.5,41,1956.0287060665669,2978.9321892955973
19,25,0.7934692442672959,1.2364471560920869,1.145648204365625,0.777648104817928,0.6837389274660668,0.08826190875913853,0.26866360918242427,0.8145937585529678,0.9,0.7,0.5,43,1997.401602442732,2875.295110434205
19,26,0.7919125789566154,1.2341311919230789,1.143047669109351,0.7829083949662387,0.6799502549118289,0.08865115512404932,0.26744966712424245,0.8142849450706307,0.9,0.7,0.5,45,2013.7624809436545,2818.880820283962
19,27,1.2990433798349987,1.7592288647952943,1.6925244122962044,1.3120640463034936,1.2194613197060995,0.08845900038526516,1.0,0.8133794980704494,0.9,0.7,0.5,47,1968.0923855265703,3033.3839967243025
19,28,1.2973455110403118,1.7561304897822523,1.6889324891484703,1.3084955392760318,1.1961303506827239,0.08818075601559813,1.0,0.8134478368635687,0.9,0.7,0.5,49,2009.336364807751,2925.9140659346517
19,29,0.6146635764768771,1.0756644517630547,1.0184417384147033,0.6573198891512025,0.635182581092896,0.08863288895282662,0.3796862104059252,0.3330617202203905,0.9,0.7,0.5,50,2541.152807839805,2734.226208825642
19,30,1.4037313203836512,1.8952678375453862,1.8760555893111148,1.470068297380861,1.3173727085098415,0.11539925697511481,1.0,1.0,0.9,0.7,0.5,53,3633.333039324252,7488541.261082701
19,31,1.4035806062421343,1.9061445077471335,1.899876473524588,1.485853964889432,1.3050104187677771,0.11540046457269075,1.0,1.0,0.9,0.7,0.5,55,3637.163842247366,7487867.942410451
19,32,1.4034912964443476,1.9059501184221141,1.8996486806660264,1.4829430673197734,1.3052285118298301,0.11540122179886525,1.0,1.0,0.9,0.7,0.5,56,3639.571884628682,7487446.570491791
19,33,1.400461548128135,1.886955781113021,1.8661685226115146,1.4894888899015015,1.335029986508061,0.11638239434303832,1.0,1.0,0.9,0.7,0.5,58,3417.13736715115,7489201.212042293
19,34,1.3984821524001196,1.8837151402424115,1.8625410378306602,1.452768944437236,1.309037356533055,0.11529144542278105,1.0,1.0,0.9,0.7,0.5,61,3649.953275895168,7481377.082986541
19,35,1.3992797243880717,1.906661354095113,1.9114123517368384,1.5151309177424697,1.3076850285283403,0.11638239434303824,1.0,1.0,0.9,0.7,0.5,62,3521.7616633034827,7485272.521310195
19,36,1.4113901732351333,1.9152273253845375,1.9189109093334327,1.5228076769020613,1.3413015556506962,0.13282402436740423,1.0,1.0,0.9,0.7,0.5,64,3615.277921470707,7594882.0591369
19,37,0.8674109128319463,1.3489078160655352,1.3363701623391946,1.010095144802181,0.8160716684996232,0.07718665341880152,0.494590547815635,0.7351038015812905,0.9,0.7,0.5,68,2917.885270976134,6495.860596208207
19,38,0.8780329827818438,1.3450572837037305,1.3186069584698974,1.0261908066521375,0.81451327974812,0.07621351263876994,0.5033648927435813,0.7499314789928863,0.9,0.7,0.5,70,2939.6669837145137,6673.403004572572
19,39,0.8775524278831134,1.3556465837668001,1.3421594875269536,1.0427496818972046,0.7960211061009596,0.07724482451417286,0.5037238407710622,0.7467774276167534,0.9,0.7,0.5,73,2848.120172044355,6617.063524277311
19,40,0.8810369376182188,1.3425528379341698,1.3145934017864986,1.0483865358986681,0.8623300229732345,0.06795393048346504,0.5092862634506443,0.7691236510436799,0.9,0.7,0.5,74,23229.44175130397,7191.1773124200745
19,41,1.104860060106868,1.5876226715107646,1.5853480170579526,1.3000160101503222,1.0332824235632616,0.0720097984299076,0.6598871764092086,1.0,0.9,0.7,0.5,76,2833.284243061905,3448.806449667468
19,42,1.1071988042140446,1.5826180595682213,1.5783968712676155,1.3154744627596289,1.0726632187344038,0.07435212002933284,0.6659629450418367,1.0,0.9,0.7,0.5,78,2867.6902607411835,3701.0124257397592
19,43,1.0946219225839977,1.5664364859765207,1.5612775705200779,1.314922458361834,1.0414785939093232,0.07241112977729841,0.6531621440926412,1.0,0.9,0.7,0.5,80,3080.686549126016,3427.6704091211022
19,44,1.100262818431729,1.5690615294688905,1.5631270506027928,1.3250129603110143,1.045359503291973,0.07508359948742394,0.6599481680890323,1.0,0.9,0.7,0.5,82,2998.366303859858,3616.135388194734
19,45,1.1001969014488084,1.5677959216389667,1.5615549385327703,1.332380244897205,1.0363128093981726,0.07523184239942309,0.6605062152322209,1.0,0.9,0.7,0.5,84,3046.610771877416,3643.780972637233
19,46,1.0822649637826391,1.5478504314296686,1.5410976219554144,1.3219960514078821,1.033975037097684,0.07544119382609564,0.6360122383109771,1.0,0.9,0.7,0.5,85,2911.132542315134,3469.5787249636246
19,47,1.0927119732408452,1.568612587517604,1.574635419605341,1.3362842801348427,1.0331498275500253,0.07473307534895483,0.652453147682291,1.0,0.9,0.7,0.5,86,3163.652382176961,3678.4819224945895
19,48,1.2278427515987262,1.7069852446337455,1.7342989429614704,1.505381313865931,1.2058629760221382,0.0674701892892541,1.0,0.8134420756158175,0.9,0.7,0.5,91,2951.4884301657085,10812.362105293045
19,49,1.2257354300167296,1.6983554350404004,1.724119398762371,1.5154797023840403,1.199463397833509,0.06790708793142416,1.0,0.8134940299086819,0.9,0.7,0.5,93,2904.8165597936622,10672.149765382288
19,50,1.1754884340977478,1.6592338182135893,1.6979797032866477,1.4619871359109633,1.1184034478112979,0.06635971618243365,1.0,0.7158448352987367,0.9,0.7,0.5,94,2911.9698083938065,8186.628785814585
19,51,1.190330290832001,1.6654941087869446,1.7022361682704514,1.4860186127716002,1.2173692815366688,0.0685749707135857,1.0,0.7477796191268535,0.9,0.7,0.5,95,2834.3476753466075,7060.110846125409
19,52,1.143131115725541,1.6001865772653439,1.622342915995606,1.4402223733725963,1.1553696790203867,0.0675181235541332,1.0,0.659987987984796,0.9,0.7,0.5,96,2906.071330096654,8189.968058013415
19,53,1.1458993322329483,1.6016442193945435,1.623502104108568,1.4538760407660078,1.100047607115903,0.06899219736831555,1.0,0.6637359115027119,0.9,0.7,0.5,98,2931.459880789544,8371.138757715493
19,54,1.1395854939408958,1.586326132139685,1.6061528533803262,1.453093811730919,1.1733717427677195,0.06719015493849786,1.0,0.6600637525779132,0.9,0.7,0.5,99,2843.224814204264,7940.120977022916
19,55,1.1724711907842653,1.6285776478394258,1.6609932376071577,1.482759871903548,1.1295992307017622,0.06656930302943623,1.0,0.7280831500661001,0.9,0.7,0.5,102,2800.202066652032,7952.599985188643
19,56,1.138777089668958,1.5935119662389852,1.6256232036695284,1.4671534496052088,1.102928287947483,0.06739317288779063,1.0,0.6600231791623437,0.9,0.7,0.5,103,2869.185607779385,7909.0127475189265
19,57,1.1545399750905128,1.6064319881428766,1.6379118112642057,1.476392113046527,1.1331148524705492,0.06510225410287993,1.0,0.6973609302257046,0.9,0.7,0.5,104,2768.5844298417,7904.894182431539
19,58,1.1762483400021133,1.6238182049123924,1.654339032279797,1.5278774945630746,1.1701879957130248,0.07378213030465994,1.0,0.7277084643886323,0.9,0.7,0.5,105,3533.7383417607853,10156.094381978715
19,59,1.1560741999872963,1.6016194120047247,1.631699862170527,1.4862112485255004,1.1280450159183402,0.07025439305824437,1.0,0.6948041104432238,0.9,0.7,0.5,106,2778.585835238021,8452.045136896459
19,60,1.1725842655010217,1.6210653930980647,1.6623489490866923,1.5257769671492512,1.2023393288346311,0.07309982691153985,1.0,0.7271563097025483,0.9,0.7,0.5,107,3547.489367297158,9764.066319130472
19,61,1.1732872190593882,1.6193878429718598,1.660157836631272,1.5378037426331914,1.141129598798801,0.07406127739176731,1.0,0.7280680435169012,0.9,0.7,0.5,109,3361.798628855521,10376.511834698296
19,62,1.1881312141895908,1.603434240171449,1.6270267096923887,1.5625646660124457,1.2364420639714275,0.07495654322594816,1.0,0.7657390991334794,0.9,0.7,0.5,111,3954.9089992674735,8773.684023932989
19,63,1.1948118256323808,1.5893642589669117,1.619379548106831,1.5794572706811296,1.2966634978908078,0.0778170909790628,1.0,0.7868610637934517,0.9,0.7,0.5,113,6733.968302460571,9161.657521092187
19,64,1.1938980236558385,1.5806229621532943,1.6090572253237179,1.586423765880033,1.1961936056784923,0.07808085242442837,1.0,0.7873665294678396,0.9,0.7,0.5,115,6681.609729091322,9038.268104465733
19,65,1.1895125816433971,1.5692304490386522,1.5962587902282275,1.600800594514776,1.1798823846456745,0.07882868421326848,1.0,0.7796511034930236,0.9,0.7,0.5,118,6717.047879229873,8911.066799318061
19,66,1.1933841853926723,1.5601935664369966,1.5846548261510807,1.6273552542829723,1.2190871701779324,0.07853016492207114,1.0,0.7920974525851131,0.9,0.7,0.5,120,6646.799832979921,8196.153527976605
19,67,1.1800075609333247,1.566570382105982,1.6381221320657646,1.7066933860505116,1.1675054833807015,0.07509119138953896,1.0,0.7787651349798734,0.9,0.7,0.5,139,2637.6644466350504,6109.700128069082
19,68,1.2331374202943368,1.6139857716687875,1.6952703645352076,1.748483228054481,1.3455230077698421,0.07475186073289518,1.0,0.8899590633657869,0.9,0.7,0.5,140,1601.5055963669288,13708.279336135976
19,69,1.1707190899673279,1.5267152764387895,1.5923880610208885,1.7056098368606731,1.2579284774075516,0.07460969001275085,1.0,0.7685780095430284,0.9,0.7,0.5,141,2545.5732337774,6065.118968616911
19,70,1.178119683442977,1.5314097016995558,1.5965670964927061,1.7248381327983835,1.1696584364671285,0.07523147746939504,1.0,0.7828666291376651,0.9,0.7,0.5,143,2600.1536328410266,6285.805484126913
19,71,1.178165633733295,1.5306672366628478,1.5956746718971468,1.7325403523173504,1.1623279055082631,0.07533058127367301,1.0,0.7829546755539184,0.9,0.7,0.5,145,2591.813162866486,6181.419416110201
19,72,1.1831029790677556,1.52807933257917,1.5916580224525099,1.7446876522248935,1.2233862791558061,0.0742762999084108,1.0,0.7963617118318556,0.9,0.7,0.5,146,2526.72424465526,6013.459130279169
19,73,1.2330956055053086,1.5858933774097097,1.66183248992361,1.775683489797645,1.2413949697281672,0.074642980323231,1.0,0.8963963440253926,0.9,0.7,0.5,147,1678.7495859360415,13288.054050261038
19,74,1.1887532581445428,1.5487238443574292,1.6477938098490816,1.7904078380676687,1.211578094684432,0.07253329472903661,1.0,0.8145587262009751,0.9,0.7,0.5,150,1707.0769912816163,14257.55258442752
19,75,1.189269696984081,1.5305923297583286,1.6152670024511036,1.7830799614133075,1.2306595358978256,0.07156166965572504,1.0,0.8187421610538015,0.9,0.7,0.5,151,1691.0692250719396,14410.347994661512
19,76,1.1833644276259443,1.526713592373767,1.6226753257458708,1.7841443767261205,1.1919891850418447,0.07146794766359338,1.0,0.8087537240388754,0.9,0.7,0.5,154,1709.0854660466005,14238.378220756147
19,77,1.1880692257910168,1.5191255398474435,1.6018840761928537,1.8051677068379326,1.1762651217649416,0.07234067779161524,1.0,0.8167839483160794,0.9,0.7,0.5,157,1699.9291788765709,13952.682284007646
19,78,1.1827581651572951,1.5297583679347355,1.6373155990349504,1.8075586934408558,1.2177464752271414,0.07113486619689904,1.0,0.8094426414330055,0.9,0.7,0.5,158,1680.1655199859204,14063.849493691803
19,79,1.1681319965436938,1.5145024798486777,1.6219428184480496,1.7968216814519666,1.158942559206981,0.07047027783120653,1.0,0.7814927910839659,0.9,0.7,0.5,159,1910.680893697785,10791.066143556243
19,80,1.1853318819740357,1.5056817404164953,1.5973784720247515,1.8210481404767005,1.2098870258870544,0.07029308625205836,1.0,0.818614337256523,0.9,0.7,0.5,162,1623.227072187433,14124.781186216034
19,81,1.2308278748161863,1.5578851036110477,1.6617528670328527,1.8825460861586616,1.2240527155163496,0.07657526092816662,1.0,0.898991317067335,0.9,0.7,0.5,168,1794.6515185411524,13701.178224581154
19,82,1.2552833002708774,1.6300054223236784,1.7973382073375919,2.0140519973020043,1.2497520152705404,0.08213028141151565,1.0,0.9391468889936585,0.9,0.7,0.5,178,3930.104302216536,4800.104343711855
19,83,1.2568684697712358,1.6392971502720186,1.8189881283753822,2.028219399517606,1.2584283460540395,0.08077421329334865,1.0,0.9452638214306776,0.9,0.7,0.5,180,3861.360752271197,4662.227174734503
19,84,1.2550398310709676,1.6244083383601469,1.7907583429428537,2.0166639874297707,1.250575002476856,0.08223510928683922,1.0,0.9392415812903652,0.9,0.7,0.5,182,3899.0817458435545,4751.074382612967
19,85,1.2583004993130482,1.5738014493423764,1.686491837363606,2.023859281991799,1.3151358053955169,0.08115572839068971,1.0,0.94896142813248,0.9,0.7,0.5,183,3803.529443847679,7280.803930872149
19,86,1.2572853026534794,1.5813192269120246,1.7065216554456233,2.036116516673824,1.2566812362992295,0.08095045938177318,1.0,0.9476614975840407,0.9,0.7,0.5,185,3813.9377949505215,7138.159843409015
19,87,1.2581683458714525,1.5865941721160755,1.7235541411066246,2.0439861433342243,1.2733222087198561,0.08088328161011005,1.0,0.950441940864162,0.9,0.7,0.5,187,3871.546972610864,5490.441537363293
19,88,1.2559106980045447,1.5902082202022616,1.7391972460555272,2.0663683289795194,1.2659063454737838,0.08196060726601934,1.0,0.9446670352551042,0.9,0.7,0.5,189,4020.7404570525687,4614.212875432134
19,89,1.2699095912627798,1.611318027899714,1.7835295458167941,2.099401695728338,1.3177109171693506,0.07785613041563476,1.0,0.9819050642925555,0.9,0.7,0.5,191,4024.049534642093,4540.859201079393
19,90,1.27769463749129,1.6236451294839496,1.8076510115483713,2.1148467861705456,1.293752886308947,0.07866861930980437,1.0,0.9967745632679534,0.9,0.7,0.5,193,3949.685294342089,4451.188782417616
19,91,1.277618696509263,1.6298619163769286,1.8259805808520024,2.1486265173969556,1.2784397811763428,0.07887928488232909,1.0,0.9967899402444829,0.9,0.7,0.5,197,3978.081181667953,4433.589321405727
20,0,0.9404020270864863,0.9862790495896204,0.9349554750580403,0.011507232717215274,0.0,0.0,0.0,0.0,0.9,0.7,0.5,1,1671.2716758651864,8073.358099974274
20,1,0.981262645442717,1.033384628686273,0.9817326564948705,0.06376066684787611,0.05581969713267357,0.054349814107740146,0.00010637536253598,6.730759416534e-05,0.9,0.7,0.5,3,1662.1827429995246,6938.105617832152
20,2,0.9721729422937478,1.2076500735272928,1.1577395300925357,0.30517565602138286,0.7369652212087733,0.07943614040795344,0.1714734531714825,0.1726078581009629,0.9,0.7,0.5,4,3084.8397072679604,8826.840313790144
20,3,1.3601050898038936,1.6123391376461262,1.5470526728841951,0.7187483602533875,0.8043485147753474,0.00469263162184704,1.0,0.00673726505236834,0.9,0.7,0.5,5,1743.6381831921924,35168162.48748753
20,4,0.8367008848265038,1.169245471009824,1.0955103638493062,0.3368795045484095,0.6584650155172123,0.07713034093091552,0.20565778346106015,0.20090767553537078,0.9,0.7,0.5,6,2691.898701030584,16818.651613112022
20,5,0.8275580809962328,1.165433607679034,1.0910115563114353,0.3425726693756963,0.3280462634452077,0.0772580856853279,0.20571917974644638,0.2009907473829024,0.9,0.7,0.5,8,2699.121073139683,16877.80455569356
20,6,0.8191451662321135,1.16199690112078,1.0869083320463426,0.3464476995819825,0.34156394691636394,0.0772308108110014,0.20640890648939272,0.20098312896798606,0.9,0.7,0.5,9,2649.768238475457,17672.33268895687
20,7,0.7553914421058185,1.1539248069620256,1.0847432120427583,0.36717152630104904,0.6264764201377271,0.07917803552381192,0.22088135367573258,0.22150582892211582,0.9,0.7,0.5,10,2901.8384229846843,18413.519073232725
20,8,0.7241714954296858,1.136340952862757,1.064262579217453,0.37134192342727695,0.3947394745877503,0.0537249534234633,0.23959603450728806,0.23978260274911264,0.9,0.7,0.5,12,2723.109972132467,14612.909876312488
20,9,0.6952845862059789,1.1238788688990993,1.0474942985598785,0.3883546045132966,0.4364495506890219,0.05552857259661411,0.2539414288987508,0.24181800389166802,0.9,0.7,0.5,14,3049.1650511031426,15106.911804445825
20,10,0.6800466209858834,1.1353798451422925,1.0836105324533167,0.40141090288529946,0.4023778104123479,0.0554038909154239,0.25029443902201765,0.24151869538261123,0.9,0.7,0.5,15,2993.2742216843835,13795.662119034014
20,11,0.722784893773557,1.1715939865645437,1.10513243007701,0.4480383321361302,0.4721047586328384,0.060750787806150855,0.29010655353646253,0.2907509922796582,0.9,0.7,0.5,16,3499.375237112867,16799.015389794793
20,12,1.1621642278279625,1.636930275779328,1.5953052905327374,0.919812109114938,0.9037961633402714,0.1369738071522213,0.41439646102003136,0.8789974103861663,0.9,0.7,0.5,17,3059.493279368848,21655.10938819449
20,13,0.7142224962851098,1.1972042864271801,1.1507491708839095,0.5046652513623189,0.6350947038859025,0.058646122735967775,0.34405389421228494,0.295421613177688,0.9,0.7,0.5,18,3581.638522163265,15812.465716249551
20,14,0.6890258583269253,1.18473058722832,1.150038791263626,0.4950666972644681,0.450035745370479,0.058487737148142524,0.3250683969846614,0.2893792261338789,0.9,0.7,0.5,20,3280.864094251242,15593.02153818778
20,15,1.0355392814928912,1.5217853339169571,1.4722770261980869,0.8617023926607671,0.857692174397122,0.09975894864752935,0.4388872736656856,0.7734713332552959,0.9,0.7,0.5,21,3430.3808806191955,17088.516604163524
20,16,0.7289982517793733,1.2282884513654053,1.188185393076104,0.5749769378313699,0.6467056846432523,0.07518599391845696,0.3574216143794961,0.36433901387664896,0.9,0.7,0.5,22,3709.179604640077,16158.031784227696
20,17,0.7198028369641754,1.2079653299115172,1.1546103609466352,0.5741292016497005,0.5028159776331592,0.07372319563090256,0.35897477439300346,0.3494958886103376,0.9,0.7,0.5,23,3585.5454319630567,16389.75952333584
20,18,0.7353929194857547,1.2122876259519422,1.1434641593413688,0.5898429478656029,0.6227421315154119,0.08024304154141162,0.35519032306887927,0.40293395778475205,0.9,0.7,0.5,24,4146.535944453537,15697.984373919118
20,19,1.0109034420070167,1.5084884675768522,1.4619272151718552,0.9043116854307075,0.9705320395850144,0.10139481398998651,0.47968801918999154,0.7818109798470578,0.9,0.7,0.5,25,3604.595410403883,17769.874138375908
20,20,1.2433538693818758,1.7288546797580917,1.6681897843538325,1.1483667765207355,1.1009145613407045,0.09727504651933497,0.669152951978094,1.0,0.9,0.7,0.5,26,3603.439668600801,19340.752760979434
20,21,1.1091930705758473,1.6168019207915676,1.581808037898472,1.0170864182841337,0.9368128575305837,0.10688795175860026,0.5078129998062815,0.9435033374644837,0.9,0.7,0.5,27,3304.718512851295,17938.90068372222
20,22,1.0975336715444077,1.5928574127243966,1.5437592517960608,1.0132322353137946,0.9621404840311086,0.10524191737813833,0.5040568649705311,0.9391352146825399,0.9,0.7,0.5,28,3239.793007016626,17881.94462169742
20,23,1.1056708992966706,1.5886136024989312,1.525453095214319,1.0167261661877691,0.9736435576652249,0.1026428325727041,0.521795212960755,0.945301033437279,0.9,0.7,0.5,29,3151.181809379571,16121.652595955346
20,24,1.104358335030757,1.5981570281974187,1.5477126134811792,1.024642548492866,0.9360507547617647,0.1026428325727041,0.5217952129607553,0.945301033437279,0.9,0.7,0.5,31,3219.837542255743,16036.302951189287
20,25,0.8048499074379324,1.2854902396492995,1.2205187454597464,0.735019907263276,0.6690366643426321,0.06621681097217305,0.5413772681692605,0.3983559819138766,0.9,0.7,0.5,33,7933.975847028621,15770.02272419532
20,26,0.7909743996575483,1.2610155658754247,1.1899268483539058,0.7442930779210505,0.8983522970804101,0.05896662278701319,0.561456504508943,0.40578504861067605,0.9,0.7,0.5,34,8110.73518915684,15720.442722237713
20,27,0.7566421395816499,1.2360586990605877,1.1770912902771258,0.7253424871467417,0.6359422705037892,0.05706985468286672,0.5257186947207095,0.39717719554701897,0.9,0.7,0.5,36,7293.960458922149,16062.342214147264
20,28,0.783767232376475,1.2610126602310874,1.2010368709117623,0.7608951777379908,0.690273736881173,0.05521687944744354,0.5691090757527125,0.40145067865371553,0.9,0.7,0.5,37,7868.451182413509,16082.62048908757
20,29,0.7112157018233743,1.1923117784819919,1.1422623575553597,0.7089726669113288,0.7115018928164102,0.06785734926967676,0.4603385626168193,0.40706698738337704,0.9,0.7,0.5,38,9009.215076512037,18824.46210305904
20,30,0.7095538311709191,1.1900918955086655,1.1398208726452344,0.7165365071875209,0.590434347315377,0.06671203787760716,0.4604457405034452,0.4071264560048856,0.9,0.7,0.5,40,8946.9456696288,18887.622194132007
20,31,0.8937193103291368,1.363307341243452,1.2999548870801263,0.8970565842511422,0.7797866380795835,0.05470655720981271,0.7399314604530576,0.407241337372115,0.9,0.7,0.5,41,2695.0429889337674,18280.005102739728
20,32,0.8954818199142061,1.3634596044345868,1.2995081800164352,0.9067485634951633,0.7862346334193264,0.05450702591989966,0.743153935160908,0.4103884090175628,0.9,0.7,0.5,43,2692.6619878930514,18112.001669968267
20,33,1.3834371702638197,1.8502531685663792,1.7949499100093242,1.4386232092490114,1.2971270951296194,0.08384601596588906,1.0,1.0,0.9,0.7,0.5,51,28380.607347146764,18866.562928834108
20,34,1.3771103398030355,1.8371431450057065,1.7796062672524138,1.443972036390176,1.3206420645700887,0.08377124876222038,1.0,1.0,0.9,0.7,0.5,53,30800.7208172479,18920.518213125797
20,35,1.379016473534785,1.8388475860483056,1.7812394680084416,1.446064802676707,1.2807077402037486,0.08612724696606915,1.0,1.0,0.9,0.7,0.5,54,30600.034628990667,18702.86266306236
20,36,1.375605333587049,1.8328703083578453,1.7744493697897743,1.4510183426359824,1.3091379732344202,0.08475933132413686,1.0,1.0,0.9,0.7,0.5,55,30083.547635425457,19107.43747099011
20,37,1.3770414974523897,1.8335450217721148,1.7748785015604533,1.4530056439819372,1.2886709239863687,0.08710240476437638,1.0,1.0,0.9,0.7,0.5,56,29886.05843605845,18890.083080272827
20,38,1.3647046659134674,1.8300312890531483,1.7836280423160347,1.4480856398503823,1.2977678948937041,0.07553352571619469,1.0,1.0,0.9,0.7,0.5,57,30266.606876274374,19803.65325984374
20,39,1.3604118493396329,1.8181877056304185,1.7695000018460207,1.4584253751984186,1.3160605774983727,0.0771956863105601,1.0,1.0,0.9,0.7,0.5,59,30425.13416235957,19284.343464845108
20,40,1.3589661716179124,1.815193562837833,1.766049628199086,1.4645634357496444,1.2784495041838237,0.07682864147047012,1.0,1.0,0.9,0.7,0.5,61,30350.91415874845,19286.685368428814
20,41,1.3578346856800672,1.8131051475480882,1.7636813079861628,1.4706724029932312,1.2801092671406222,0.07632458598040404,1.0,1.0,0.9,0.7,0.5,62,30194.271579651755,19309.5282930202
20,42,1.3580564192497273,1.8130173416419397,1.7635025840744543,1.4710697937399924,1.2728715197417975,0.07681628251495368,1.0,1.0,0.9,0.7,0.5,63,30125.00012697855,18777.696908505503
20,43,1.3524055185685113,1.769423751819577,1.6796601402467521,1.4651210290027616,1.291863360343235,0.07381855300122143,1.0,1.0,0.9,0.7,0.5,65,30569.52412244576,18675.595787245467
20,44,1.35008910309043,1.8167003630960823,1.7901356855053168,1.46109195704491,1.3417660601971475,0.07580465962760422,1.0,1.0,0.9,0.7,0.5,66,30572.635198343407,18731.622277300423
20,45,1.351067525792276,1.7940194076333649,1.7411088269755761,1.5304188226924196,1.2719740104668666,0.07773950983619889,1.0,1.0,0.9,0.7,0.5,73,30125.06166590937,19538.83882029398
20,46,1.3515035644295992,1.7914762915461981,1.7377515944055133,1.5424913664500746,1.2887787031568567,0.08019587754867663,1.0,1.0,0.9,0.7,0.5,75,29911.917120210128,20068.611272535592
20,47,1.3501082752967812,1.789557998814364,1.7356913146904893,1.5480517532672942,1.2768935754256936,0.07898613137400654,1.0,1.0,0.9,0.7,0.5,76,29755.08829653404,19717.461087301366
20,48,1.3508357844540624,1.7893079205086155,1.7351769882667822,1.5493430156603327,1.2831408672629743,0.08042228361802957,1.0,1.0,0.9,0.7,0.5,77,29828.13649316558,20042.580951259893
20,49,1.3835306418587103,1.8807766152985286,1.9024029466193906,1.640699850954015,1.3167939199522267,0.12193040815384348,1.0,1.0,0.9,0.7,0.5,90,2626.724754803396,11615.754461865014
20,50,1.383510919172327,1.8807186582337723,1.9023350342228391,1.6474949343019025,1.3101373347100598,0.12193040815384353,1.0,1.0,0.9,0.7,0.5,91,2626.8492507044225,11615.971748928838
20,51,1.3822232713962004,1.877128446434585,1.8981473034199163,1.6506954734827588,1.3338654888245753,0.1218176256677804,1.0,1.0,0.9,0.7,0.5,92,2645.6572489466403,11270.466311815291
20,52,1.3816816625143646,1.8653319022806065,1.8733274636236636,1.6506210655186813,1.3108803807132632,0.12130780016207979,1.0,1.0,0.9,0.7,0.5,93,2591.1849871013646,11758.2199428309
20,53,1.3709816358570492,1.8714976202301628,1.904080657697131,1.6596429229843928,1.3580703611882827,0.11243059679039409,1.0,1.0,0.9,0.7,0.5,94,2305.0820413609745,9840.92973292159
20,54,1.3684902755532073,1.864915914560362,1.896465295829986,1.6658055023592073,1.3217165015860466,0.11182453931187712,1.0,1.0,0.9,0.7,0.5,96,2313.7065269814475,9879.307574343193
20,55,1.36717380976917,1.8614587231800712,1.8924721430784452,1.6724559585667846,1.3112428022998994,0.11146025951964258,1.0,1.0,0.9,0.7,0.5,98,2336.1206362279745,8532.767963332888
20,56,1.329932309161364,1.7982811100148366,1.812676972735513,1.6290052266583561,1.4185846691571187,0.07717976511082654,1.0,1.0,0.9,0.7,0.5,99,2557.3531494807235,25673.390876270016
20,57,1.3374882959280596,1.7961321359496614,1.8082334568775915,1.646202324552234,1.373874165874367,0.08967906042327592,1.0,1.0,0.9,0.7,0.5,100,2673.912536054924,16341.965321483747
20,58,1.3264173148269218,1.780722259495636,1.7918134362257945,1.636103250369949,1.312264202721485,0.07911062586474983,1.0,1.0,0.9,0.7,0.5,101,2701.052408742072,26069.42921976956
20,59,1.3348658683950996,1.7778511787091689,1.77583445423618,1.652310398905592,1.293865666825512,0.08906620898072848,1.0,1.0,0.9,0.7,0.5,102,2613.060541922699,16184.641369704575
20,60,1.2985712665227522,1.7486565703456705,1.7692294603438345,1.622298978941502,1.377789934241842,0.053862684661405716,1.0,1.0,0.9,0.7,0.5,103,2223.693233875365,9488.93804005852
20,61,1.293882852124102,1.742783259324816,1.773602516643742,1.6234471537187993,1.3593553421200424,0.05275693734129775,1.0,1.0,0.9,0.7,0.5,104,2386.4925096527177,10546.782629976948
20,62,1.2896061811070514,1.7256652882964856,1.7536851508180047,1.6247750502210918,1.3037582444449956,0.05189874943130227,1.0,1.0,0.9,0.7,0.5,106,2438.03855612968,11334.9379196901
20,63,1.2855827710638574,1.7059849195542411,1.7306597191883024,1.6301328226294993,1.38325990253381,0.0517345137307925,1.0,1.0,0.9,0.7,0.5,107,2448.730803478003,10537.474074142006
20,64,1.3621657050435814,1.7331748607199988,1.7155478168894727,1.73715297886826,1.3415569988883433,0.14070596879253056,1.0,1.0,0.9,0.7,0.5,116,27944.174991021864,9623.314202375408
20,65,1.3610196847370295,1.7234760793282562,1.7040843876085063,1.744014075186313,1.3632174736788234,0.14137829735373839,1.0,1.0,0.9,0.7,0.5,118,27939.992573750624,9817.424996916829
20,66,1.361334332829938,1.7195727292055123,1.6993168614518412,1.7518953020931713,1.3459971895148004,0.14264831698276245,1.0,1.0,0.9,0.7,0.5,120,27819.09585392264,9542.004422570535
20,67,1.3636603678644177,1.6898901058728693,1.6631879423583227,1.7564034914388373,1.5994796206011106,0.15149036173007957,1.0,1.0,0.9,0.7,0.5,121,27077.48318398333,10381.076811557728
20,68,1.352519941781329,1.688452346136424,1.6744533914735422,1.8075502509437,1.3262352736801133,0.13937300728950397,1.0,1.0,0.9,0.7,0.5,136,28606.56357985112,9400.634352982746
20,69,1.3686088499762148,1.7104611293482797,1.7084107106988342,1.8369396237478557,1.387020936740768,0.15820322901887252,1.0,1.0,0.9,0.7,0.5,137,27169.31136793423,9339.506116229426
20,70,1.3595858222971673,1.6910840162839307,1.7086503596001839,1.8521471111356527,1.5963896767642192,0.15319647069348136,1.0,1.0,0.9,0.7,0.5,138,28132.484158979525,10201.60040406715
20,71,1.359575485964954,1.702196214921085,1.7327473839086225,1.863729555963281,1.3381983666723962,0.15319647069348136,1.0,1.0,0.9,0.7,0.5,140,28121.25808464887,10204.9927297436
20,72,1.3591854350701367,1.6637215440539057,1.665262090503254,1.8595769794494688,1.40074938127059,0.15486975827325636,1.0,1.0,0.9,0.7,0.5,142,27405.50553326338,10467.185250153088
20,73,1.359316946456461,1.6625102325307557,1.6637943222586729,1.86727400503228,1.3448982302020442,0.155187913897384,1.0,1.0,0.9,0.7,0.5,144,27505.732855660677,10557.80477771744
20,74,1.3598067269970235,1.6724004964299657,1.686340870905302,1.8870814232217596,1.3438745547422737,0.15596118979472356,1.0,1.0,0.9,0.7,0.5,148,27549.82208999253,10447.44137445619
20,75,1.35950783257595,1.6830538255138374,1.709946750752846,1.8832332235065077,1.342082687125056,0.1556612415088941,1.0,1.0,0.9,0.7,0.5,149,27386.475294824708,11128.071523130382
20,76,1.3607915001908388,1.683608850881987,1.7103628349040276,1.8960041717785678,1.3443069417818132,0.15717968066393542,1.0,1.0,0.9,0.7,0.5,151,27421.786275414717,11079.20987043772
20,77,1.3598242591134229,1.6820454963971307,1.708685918394618,1.9218206841012127,1.3451589702889644,0.15617928842126227,1.0,1.0,0.9,0.7,0.5,152,27264.876006802668,10760.10558182932
20,78,1.3596878716968221,1.6860074656789656,1.724296866930455,1.9567453175120972,1.3963427698409718,0.15690079448424163,1.0,1.0,0.9,0.7,0.5,153,27062.8769411352,10423.765337400351
20,79,1.3595237783387537,1.681443033700249,1.7188981489779183,1.9604531518394674,1.3585215490172269,0.15724194873659897,1.0,1.0,0.9,0.7,0.5,155,26950.49980398031,10238.293302344717
20,80,1.359758895339299,1.691040749071933,1.7411477417602688,1.9727593242478079,1.3490555366033998,0.1577186648465974,1.0,1.0,0.9,0.7,0.5,157,26944.891199697315,10413.64895972543
20,81,1.3597216891651183,1.701852049673772,1.764892212149217,1.9925789092837123,1.3433179705828822,0.1577186648465974,1.0,1.0,0.9,0.7,0.5,159,26969.930847249718,10406.366782066263
20,82,1.2969450106251315,1.5724788959283387,1.5576132988603928,1.856227164652584,1.2814748475706839,0.08803437412633301,1.0,1.0,0.9,0.7,0.5,161,27876.426611054096,12024.089737956385
20,83,1.2968402173337887,1.578181725085713,1.5753185476484715,1.8766460254096426,1.2876162009561463,0.08839715114679839,1.0,1.0,0.9,0.7,0.5,165,27284.56952292028,11548.576222757118
20,84,1.2984409780472281,1.5892645007276196,1.599077144310761,1.8828380305559083,1.2945856690128816,0.09036987594931632,1.0,1.0,0.9,0.7,0.5,166,27160.146232366707,11118.551921670574
20,85,1.2971514392503594,1.5723567342910298,1.5683373030461412,1.8920526220966818,1.2974475476519811,0.08942668429957351,1.0,1.0,0.9,0.7,0.5,168,27184.88565748835,11433.64076938639
20,86,1.2980865764982963,1.5797842823802468,1.5878799648100381,1.8976629444528388,1.299925500073526,0.09097503618000452,1.0,1.0,0.9,0.7,0.5,170,27147.433562592487,11738.6833459086
20,87,1.3377695126224092,1.636905671101875,1.670070558901666,1.9579149352297598,1.3410326991045132,0.13559095816943928,1.0,1.0,0.9,0.7,0.5,172,27099.045550382743,11082.86770632803
20,88,1.2978471956114972,1.5634723227764757,1.5685620477277127,1.9051544083060512,1.3677145264445567,0.09235411022118109,1.0,1.0,0.9,0.7,0.5,173,27822.92644364609,12404.926278841978
20,89,1.2936611872468817,1.549065770150669,1.5631806669227615,1.9307611087693315,1.3617806745529215,0.08968949183803378,1.0,1.0,0.9,0.7,0.5,175,27974.02695427041,14826.593949793512
20,90,1.2887930387439832,1.5448564138157583,1.5700271402597787,1.9343223795877607,1.3163423163947718,0.08518035466238735,1.0,1.0,0.9,0.7,0.5,177,27226.52800495228,14572.840206421684
20,91,1.2883183286102242,1.5188536648307527,1.5283941891937936,1.9362084341326413,1.3308401745612652,0.085798644229681,1.0,1.0,0.9,0.7,0.5,179,27234.239076355967,14442.246366548185
20,92,1.288654203456189,1.5111692471407088,1.519242839063852,1.947700605207952,1.3079987550576135,0.08677744248398742,1.0,1.0,0.9,0.7,0.5,181,27246.366605400875,14420.79606527792
20,93,1.2873973578925253,1.5300001000592662,1.5636510152175176,1.9590050409430084,1.2856228711350597,0.08555155360454483,1.0,1.0,0.9,0.7,0.5,183,27280.75035079012,14496.10330121892
21,0,0.7459530327412136,0.9345832284393094,0.8744063570727512,0.006753005352424813,0.0,0.0,0.0,0.0,0.9,0.7,0.5,1,4560.242137953979,7480.451802248074
21,1,0.7666919673147373,0.9709617164543008,0.9096171708468357,0.05271790662275837,0.06700583764080989,0.0478822596139532,0.00010897207854047,5.2157758479159995e-05,0.9,0.7,0.5,3,4511.4389159510765,7396.605412535607
21,2,0.7073978806465747,0.9409239521334364,0.8772461997327259,0.03736942724064396,0.12194111766117492,0.01795858802447952,0.014880315170777638,0.00040875211274532996,0.9,0.7,0.5,4,4494.028646079183,7321.076955308953
21,3,0.5029841894861732,0.9275125577901981,0.8523150649151465,0.14534563887922677,1.1453456388792267,0.05866030132330811,0.09853048562512218,0.04716005550132788,0.9,0.7,0.5,5,3791.9496514523594,5047.438419805018
21,4,0.4705967575154358,0.9214529468584539,0.8350370239554596,0.20655202258917602,0.43445131266917925,0.06833968600851091,0.14277603440521774,0.08668757099573969,0.9,0.7,0.5,7,3692.5985544649,2858.9641172527663
21,5,0.4296238962456705,0.8842150521227133,0.7901273757042433,0.21319888751230834,0.3678879253811576,0.06614444726389196,0.15151060030359936,0.09352823481073812,0.9,0.7,0.5,9,3612.21899772548,8110.031453954385
21,6,0.42754051973495255,0.8820836500726443,0.7875899973803608,0.21883893279310213,0.22086837426436562,0.06632710092309688,0.15155494944236997,0.09361541903389739,0.9,0.7,0.5,11,3554.7460099558093,8148.404413805481
21,7,0.5205479500891388,0.9748460814439898,0.8792764489983629,0.32324429866235127,0.33357374170611775,0.045861947207475426,0.155153436125599,0.32350456358970064,0.9,0.7,0.5,13,3711.063597448472,8256.085674435019
21,8,0.5187936943086383,0.9729325677188447,0.876893601607935,0.3300371508453934,0.32203647859936624,0.0467211503190708,0.15521028565537945,0.3235338801721261,0.9,0.7,0.5,15,3689.5474606080415,8266.45389454468
21,9,0.3975338481832002,0.860455826831464,0.773606135674583,0.23559259924344544,0.2887629966955822,0.06091678927126175,0.15687025150804806,0.09280628257235371,0.9,0.7,0.5,17,3598.140410505954,8051.771370279997
21,10,1.0641875743885458,1.521777508847993,1.4303709054822975,0.9970874385420845,0.9132704816397736,0.05789954280351154,0.8912469418747474,0.44597021864577135,0.9,0.7,0.5,30,4895.919788174138,22952.976470435467
21,11,0.9235342148665788,1.3775960025685423,1.2913021795710697,0.885800755553106,1.1112153306018777,0.05316190638609147,0.7268302657495006,0.4660264570381548,0.9,0.7,0.5,31,4714.899136816574,5702.140735474455
21,12,0.9178473630104629,1.3707484384797926,1.283946380235903,0.8838140735632936,0.7961230230989877,0.05281640716589821,0.7230629418518265,0.46416235273075623,0.9,0.7,0.5,33,4647.736216740533,5714.308414136109
21,13,0.9665094076758525,1.4177478546877509,1.3302353643019247,0.9500106275748006,0.8658790169671033,0.051750885250356926,0.7971712006791267,0.4646241417010769,0.9,0.7,0.5,34,4834.104908142722,5822.0176063504605
21,14,0.8749832542435636,1.3482374877184604,1.2865592949438418,0.8882160198914211,0.7471030659204534,0.04593077027004243,0.6596435800617195,0.4857478360098776,0.9,0.7,0.5,40,3415.1031168269087,6214.434507439851
21,15,0.9513994436624956,1.4026441520940662,1.3237616426525634,0.9641349793536641,1.0075411328977892,0.04011935655682243,0.7863425345703685,0.4991461203520989,0.9,0.7,0.5,41,3852.5784420930095,6200.019035909442
21,16,1.1090393385151867,1.5554674448627166,1.47487353611328,1.1355815491059698,1.0687080462716718,0.04313473135068206,1.0,0.5202303639364481,0.9,0.7,0.5,42,4090.3561905223337,4723.26321507474
21,17,0.9391412004114283,1.393305678985305,1.3245267041474942,0.9928992012427296,0.8445821287541484,0.03735192222842792,0.8500291015202837,0.4077115200022935,0.9,0.7,0.5,46,3950.746428176396,18027.22057581465
21,18,0.9466640941172174,1.3754476975572565,1.2796787943042103,1.003989542993949,0.8529082353637977,0.03949651506735087,0.812086545306307,0.477621960919491,0.9,0.7,0.5,50,4544.107023838196,8678.44223843633
21,19,1.0356631627245356,1.4521039839579353,1.3524547968311094,1.1106251079228973,0.994872339243164,0.04163047280024264,0.867619775456433,0.5946634994282992,0.9,0.7,0.5,53,4559.006017979593,9414.292310534674
21,20,1.0356631627218116,1.463308332618405,1.3766595623522422,1.1425585090188624,0.9421342667234729,0.0416304728002426,0.8676197754564337,0.5946634994282997,0.9,0.7,0.5,55,4559.006017570688,9414.103302971012
21,21,1.0160007303152991,1.436353007161661,1.3475350001857251,1.1400315732344266,1.017066414782209,0.03928039766683489,0.8484100181012554,0.5972095231890621,0.9,0.7,0.5,56,4406.6044056350775,8588.902524218169
21,22,1.109004021267901,1.5115073060329332,1.4078058249393353,1.2495768202356432,1.1013600838270519,0.037281407252465745,1.0,0.5832898857075203,0.9,0.7,0.5,57,5254.923182945857,45502.63474893063
21,23,1.1080956740059127,1.5100856609872664,1.4062420875615276,1.252175805008218,1.0302873274398507,0.036630951693311556,1.0,0.5832761160423401,0.9,0.7,0.5,58,5193.876989074646,45490.44523158761
21,24,1.1082067204674642,1.5096087696378724,1.4055993709681778,1.25267462658238,1.031959982752356,0.03734112949601242,1.0,0.5829807024714478,0.9,0.7,0.5,59,5261.870661652885,45355.01242506808
21,25,1.2003008214622226,1.6349867237099827,1.5698856146987912,1.3313873307780573,1.1193569424534182,0.048723395838793274,0.919615609397915,0.8596499737384409,0.9,0.7,0.5,61,2769.266050908972,9717327.917799875
21,26,1.1961875415371235,1.6258068697083197,1.5593123757431115,1.3363013372638364,1.1446909261092317,0.046628364286679054,0.9210397061096212,0.8593393322513802,0.9,0.7,0.5,63,3000.175263054788,9712462.114788389
21,27,1.1938397143729453,1.6216011146262928,1.554602677188129,1.3445505966929878,1.1253643820563415,0.04509778080541852,0.9211268336810621,0.8594468696398486,0.9,0.7,0.5,65,3012.13404112539,9717415.503225092
21,33,0.8547533098094504,1.247515798352105,1.1819399470691998,1.074347706783609,0.8140879655876635,0.05228903818807057,0.59639329835182,0.6657628612666757,0.9,0.7,0.5,76,3706.0583193733487,6174.397006530789
21,38,1.2842636832412972,1.637510821659626,1.5841762291748038,1.546482256354672,1.4292176102607375,0.05038830214086628,1.0,1.0,0.9,0.7,0.5,84,6093.830709942389,7578.216584319021
21,55,2.1177707176336296,2.3817262998987463,2.353805817264342,2.616669207799214,2.1127650844323917,1.0,1.0,1.0,0.9,0.7,0.5,135,3655.058325860528,8114.137080577586
21,56,2.116100870035788,2.3742607802918627,2.3561434472542464,2.6432933269497143,2.228333273071005,1.0,1.0,1.0,0.9,0.7,0.5,136,3701.741769644264,6163.4129784971465
21,57,2.115745283308155,2.3701456577293394,2.3513236355743374,2.625610859466681,2.107185403045874,1.0,1.0,1.0,0.9,0.7,0.5,140,3711.162743072228,6615.808588712871
21,58,2.1154114275425044,2.36621192881197,2.346716222375238,2.6558333705890385,2.1054953442118047,1.0,1.0,1.0,0.9,0.7,0.5,145,3736.4933813758503,6919.184307177175
21,59,2.1153060345175643,2.364955850479321,2.345244983964144,2.643593325996112,2.1043861349665565,1.0,1.0,1.0,0.9,0.7,0.5,147,3746.3085874204457,6797.4797412731805
21,60,2.114660847442957,2.3571083955253385,2.33605364803741,2.662438294045243,2.1548146150874556,1.0,1.0,1.0,0.9,0.7,0.5,148,3918.883947413046,10181.60325104853
21,61,2.113713042319605,2.3450572582461664,2.3219386961685986,2.66600132410777,2.1420853953160615,1.0,1.0,1.0,0.9,0.7,0.5,150,3911.765612180347,10125.383415268048
21,62,2.1132332434079037,2.3387001033909582,2.3144928072570066,2.6681862380122614,2.1221978237234396,1.0,1.0,1.0,0.9,0.7,0.5,152,3902.199221673706,9124.52999812502
21,63,2.1132332387602535,2.3386999324261657,2.3144926104094807,2.6681862224000326,2.1000017836251836,1.0,1.0,1.0,0.9,0.7,0.5,154,3902.2002035846,9124.52755491073
21,64,2.113152565372987,2.3376125963440035,2.3132190069147285,2.6765586497537655,2.1075948385313983,1.0,1.0,1.0,0.9,0.7,0.5,155,3967.5143937508574,9488.396012152609
21,65,2.1124209110426,2.349915222833374,2.3497919649726886,2.676482645382816,2.170575889269218,1.0,1.0,1.0,0.9,0.7,0.5,156,3189.783947350435,8128.787030970556
21,66,2.112366184603425,2.3491407523220227,2.348884825955947,2.6839600288609082,2.1027041090488994,1.0,1.0,1.0,0.9,0.7,0.5,158,3182.120152429173,8148.492744539018
21,67,2.111992226363134,2.343783228610274,2.342609982977938,2.6947963077506953,2.1062455311113,1.0,1.0,1.0,0.9,0.7,0.5,164,3185.8451162819565,7898.98018154664
21,68,2.111743913049656,2.362549521020762,2.3867535000474405,2.8119337047401043,2.1011541656963746,1.0,1.0,1.0,0.9,0.7,0.5,186,2937.657606428306,9229.343504851937
21,69,2.111172092079652,2.3763564667219166,2.4250883746969034,2.843211782678501,2.1300366921947624,1.0,1.0,1.0,0.9,0.7,0.5,188,2900.769131030485,9057.210831892708
21,70,2.109813921308814,2.3544969083154283,2.3994852043493853,2.8437895707053302,2.1763405954724693,1.0,1.0,1.0,0.9,0.7,0.5,190,2972.424550097668,9226.656542687237
21,71,2.1091965745966363,2.321399663113876,2.3385565643335116,2.828594562255339,2.137323490546886,1.0,1.0,1.0,0.9,0.7,0.5,192,2975.72043062776,9337.305233223857
21,72,2.108778261824944,2.336285909551931,2.3781554625647843,2.8744109922928294,2.1105360781741496,1.0,1.0,1.0,0.9,0.7,0.5,197,20615.404060129367,9178.073681233163
21,73,2.1087395503196364,2.3355663187390663,2.3773125614574377,2.8743423900411154,2.1024836331371395,1.0,1.0,1.0,0.9,0.7,0.5,199,20626.10045170101,9165.426956065316
21,74,2.1086213363691906,2.333368737292507,2.3747387144360497,2.8741328148900074,2.115259906309414,1.0,1.0,1.0,0.9,0.7,0.5,200,20719.87169164581,9056.312414025868
22,0,0.686786299656946,0.9161533947410375,0.8528203198089895,0.005058472716347731,0.0,0.0,0.0,0.0,0.9,0.7,0.5,1,5385.398149823153,7846.471281465036
22,1,0.7217055622633586,0.9635977544013572,0.8992123309148643,0.06147816702341139,0.07504810648776987,0.05940936062970211,0.00010335418196356001,9.71494271304e-05,0.9,0.7,0.5,3,5286.295364040516,7759.244978326453
22,2,0.6765244418914708,0.9384503980973028,0.87228602966888,0.048081899497439635,0.11138391196312318,0.03057059610278759,0.01418376659791722,0.0027745933461433897,0.9,0.7,0.5,4,5120.072973480526,7904.580393316921
22,3,0.5632697841671843,0.9365725230033602,0.8717075977644736,0.10736888522761476,0.5712812343314021,0.07232235200902717,0.024770870858601073,0.023283778824566483,0.9,0.7,0.5,5,4075.0924014199873,6014.096017921059
22,4,0.5630343859160691,0.9364453984190046,0.8715637653971676,0.11392883611309267,0.0943834917110993,0.07215701562033314,0.02485657340482515,0.02340273531374579,0.9,0.7,0.5,7,4071.097739633664,5928.951846799288
22,5,0.6026879685769229,1.018642563164184,0.9764532712933216,0.20487370874735794,0.3096453694932537,0.11432216644543744,0.03265430969873426,0.09480737226218228,0.9,0.7,0.5,8,4524.003916179106,6881.533233034073
22,6,0.6070690934216708,1.0567921922656296,1.0068675029597378,0.2857701516888797,0.4139760239012391,0.1012217854657412,0.10912958866485264,0.17795903832850962,0.9,0.7,0.5,10,3787.8949629931194,5941.28738774057
22,7,0.5941376711903297,1.0594997616890875,1.0211204449444398,0.2982055282966727,0.28558792146758877,0.1012217854657411,0.10912958866485141,0.17795903832850796,0.9,0.7,0.5,12,3864.724798222897,5157.596436087577
22,9,1.1258181005381602,1.5949539985378285,1.5381439858076327,0.8922825572245097,0.9087411099379508,0.07934448622376275,0.3763236318810741,1.0,0.9,0.7,0.5,15,3762.1467672602994,1132035.0098005435
22,10,1.0878471461638688,1.586931846168756,1.5509876048915399,0.9021830320827102,0.9410854002379283,0.08823096722493692,0.36426220814058136,1.0,0.9,0.7,0.5,17,4034.8694125619913,1192005.1558733962
22,11,1.0710752857506418,1.5707365161461802,1.5293553070907486,0.9165670242724554,0.9551744731122351,0.0682729717538472,0.41213935404668556,1.0,0.9,0.7,0.5,19,4602.8536820882655,1134419.3786916158
22,12,1.3095378545854965,1.774266425596147,1.6899081598951078,1.16543803094461,1.2708480416051753,0.10300235510461997,0.7394262023899115,1.0,0.9,0.7,0.5,20,3159.2909031839376,2548131.4134863494
22,13,1.039049871267263,1.5601950003663712,1.5409029896329527,0.9189644280748163,0.8400215318674742,0.07048076037408793,0.3948623068541903,1.0,0.9,0.7,0.5,21,4848.868731605855,1193490.5247946226
22,14,1.3077944910757897,1.7720616689125714,1.6869467734999044,1.1728243730316117,1.1431822484161027,0.10306277222979368,0.7425101582675216,1.0,0.9,0.7,0.5,22,3097.0249109918086,2547265.7521818536
22,15,1.0308960826424345,1.551544414117369,1.5311107054563442,0.9222172881147994,0.8555685935275399,0.08149238980717974,0.3778697446567509,1.0,0.9,0.7,0.5,23,4552.939874441911,1192538.7231333903
22,16,1.0878892726184475,1.5970099756914924,1.5634203907453452,0.9884548344640776,0.9000763812521481,0.07561458433445173,0.4676781412239758,1.0,0.9,0.7,0.5,24,4535.834088681235,1192255.1592377236
22,17,1.0658368292927165,1.575589372758103,1.5417839806651745,0.9696487849136519,0.8904587058833973,0.07970320036677375,0.43362099135253185,1.0,0.9,0.7,0.5,25,4021.57577806513,1191990.4008451567
22,18,1.0607894281306076,1.5773177739264153,1.5531383929200264,0.9688917649656801,1.0138592291793536,0.07451645081024225,0.4549034200536933,1.0,0.9,0.7,0.5,26,4303.790925914401,1131178.107057704
22,19,1.0311151829503562,1.5683547560549942,1.5688298791518434,0.9764978452407839,0.8894561945958902,0.07149944694797858,0.4251975874460257,1.0,0.9,0.7,0.5,28,4799.6045582836105,1189194.0864654826
22,20,1.027930479682994,1.5644869280618285,1.5644668170102782,0.9783899126092299,0.8811698875350862,0.0762748923397796,0.41766301415276647,1.0,0.9,0.7,0.5,29,4637.336874556,1188165.0258249522
22,21,1.052451967382026,1.5828004413003036,1.5789385958121809,1.0233417446945037,1.0584023058356893,0.07251068186661509,0.48071222551081105,1.0,0.9,0.7,0.5,30,4850.118867485258,1188646.577916571
22,22,1.047578769413088,1.5666728967545507,1.5497830756096909,1.027185639329932,0.8981162216216183,0.07245657461415865,0.47397774782162144,1.0,0.9,0.7,0.5,31,4839.834109791355,1189003.5272047543
22,23,1.047205458117165,1.5734394529115385,1.567448086691872,1.0346818723956968,0.9905579520938441,0.07905739192681825,0.47668567251319116,1.0,0.9,0.7,0.5,32,4614.697165082174,1191512.9799846143
22,24,1.0463167822651296,1.572540854805851,1.5665446930084292,1.0425738424178879,0.9041566967620375,0.07904604314123939,0.47545685107339697,1.0,0.9,0.7,0.5,33,4612.393112609922,1191565.090522851
22,25,1.0271331035878755,1.5508340177115292,1.5519175966303658,1.0434395689831986,1.147096122433148,0.07536045039008722,0.48256877695883604,1.0,0.9,0.7,0.5,34,4862.973157422063,1188463.4386066813
22,26,0.5005455273075039,0.9901662067726222,0.9520681106163313,0.4967817138513076,0.3814540219011415,0.05115413017879363,0.23833034437608158,0.3334992028917102,0.9,0.7,0.5,38,3888.876438036268,1069406.1321531958
22,27,1.0107515773533493,1.490496083202046,1.4488006797441098,1.048846987811952,1.0476792934517913,0.06977164233015942,0.48308625186286047,1.0,0.9,0.7,0.5,39,4005.320756855321,1295080.278277133
22,28,0.5477126627418862,1.0358875410059967,1.0062444096679235,0.5703926686167476,0.47933665112217044,0.05905275934006151,0.24946281167660977,0.4258147554886661,0.9,0.7,0.5,40,4138.381351234969,1067325.4023395458
22,29,0.41636167173728844,0.8764991549234374,0.8382562153537957,0.4629694685540111,0.5068644432198051,0.04082745020362577,0.28973631944086037,0.1838918448478024,0.9,0.7,0.5,42,3719.858096864617,5190289.826671192
22,30,0.4410506463860494,0.9091511005981295,0.8829995399733348,0.5078162057443598,0.3768009268356515,0.04008232589743605,0.32601544186004205,0.18795440487296844,0.9,0.7,0.5,44,3710.398575205943,6531751.95652305
22,31,0.439004604434828,0.9030972410051992,0.875839967681377,0.5167170627816915,0.38121560586229664,0.040397722125183624,0.3261000859544432,0.18807480926298265,0.9,0.7,0.5,46,3679.140341238436,6533054.630226821
22,32,0.43780944453932663,0.898450355281517,0.8702557069457851,0.5261956981290989,0.3786035436322666,0.04120534511140717,0.3261729223886243,0.1881715372559156,0.9,0.7,0.5,48,3640.721328654335,6536795.403135498
22,33,0.6056903029356778,1.0743313531220247,1.0582787404030518,0.6935489313368969,0.5641921746306398,0.05430536283957268,0.4527264094158814,0.32679563924608984,0.9,0.7,0.5,49,3677.1823853814217,1004966.1515621915
22,34,1.141018098484787,1.5616524667241682,1.5027525874275152,1.2335144345390856,1.1280271458781246,0.07601986130329481,0.7202194895909995,1.0,0.9,0.7,0.5,52,4707.054380459366,4416291.729716992
22,35,1.1388041724995634,1.5517691590382376,1.4909614127123068,1.2403777824417639,1.1125540865818193,0.07610955045779937,0.7218997880741241,1.0,0.9,0.7,0.5,54,4647.118798796999,4414824.1396077145
22,36,1.1341917930225718,1.5461712550041198,1.4954865398217363,1.2480392812149619,1.1830657307749626,0.07610955047387671,0.721899782591021,1.0,0.9,0.7,0.5,55,4525.334184568286,4417971.29272646
22,37,1.1341917960047472,1.5461712588278225,1.4954865436454388,1.2480392850337096,1.073828646827426,0.07610955045779934,0.7218997880741241,1.0,0.9,0.7,0.5,56,4525.334172421282,4417971.292659633
22,38,1.134329985023013,1.5415287734822325,1.4897098014428591,1.258723215328477,1.1216686697250022,0.0771900515248349,0.723340130598226,1.0,0.9,0.7,0.5,57,4547.819898279493,4418208.215718143
22,39,1.1231334296118851,1.5300208532381063,1.4781243940833173,1.2517406042444785,1.0665436772476076,0.07025682979409628,0.7164613663834356,1.0,0.9,0.7,0.5,59,4476.193743750468,4403896.037394228
22,40,1.1468822708760298,1.5539892356460672,1.512535920308168,1.2943065005594647,1.1957212794343757,0.07126874265744444,0.7547264351517138,1.0,0.9,0.7,0.5,60,4365.185664332038,4660648.12314817
22,41,1.1464554425177953,1.5635266734440627,1.5347884135471819,1.3037482622143044,1.1040370515185343,0.0712687426064457,0.7547264293133636,1.0,0.9,0.7,0.5,61,4319.989181902084,4661943.279082424
22,42,1.1467030118179724,1.5466245742944533,1.5035235053861915,1.311465010972983,1.1504404984508194,0.07221989461518181,0.7567281500442877,1.0,0.9,0.7,0.5,62,4406.632313761535,4658822.656426191
22,43,1.1521142726179678,1.5585382955089915,1.5273738624413293,1.3143373647381082,1.1232397936698157,0.07424970192858664,0.7640058368347712,1.0,0.9,0.7,0.5,64,4361.888736060105,4662859.771875452
22,44,1.1517358042647925,1.5508276845056939,1.5180206558036917,1.3354730792739733,1.170490531939082,0.07481574416530135,0.7659647608692401,1.0,0.9,0.7,0.5,65,4454.843851000974,4657597.089474649
22,45,1.0583787293391214,1.449951062216414,1.415481009561813,1.2583246330570448,1.0236469741972927,0.10848584937618504,0.5924374927074736,1.0,0.9,0.7,0.5,71,4153.253682200832,8917934.93706841
22,46,1.0582305408189245,1.4404030733345086,1.40388249371637,1.2699484664308334,1.0565862638214758,0.10769565749968082,0.596919474035136,1.0,0.9,0.7,0.5,73,4192.035746350557,8917818.500897942
22,47,1.0961036135401558,1.488868743319884,1.4652162780513205,1.3111328307082832,1.0582220438491374,0.11017943740162932,0.6480619112713254,1.0,0.9,0.7,0.5,74,4176.324662874351,8917614.610428382
22,48,1.0578460913879097,1.4334838147219122,1.3955545021193214,1.2773637082147669,1.0681045692578501,0.10790275124822446,0.598518721456531,1.0,0.9,0.7,0.5,75,4198.208262221192,8917451.286157165
22,49,1.0503808445980685,1.4239680126343655,1.3855994376057277,1.2769361409875861,1.0270405898068335,0.10770616190442368,0.58884198441787,1.0,0.9,0.7,0.5,76,4168.47955912581,8917710.011015719
22,50,1.069217373083346,1.432309547572452,1.3917116174202868,1.2971000192205613,1.1214062722815488,0.10208748400516847,0.6265790505610789,1.0,0.9,0.7,0.5,77,4200.612769971948,8935935.576196235
22,51,1.071388060657854,1.4291172690268696,1.3873914203451352,1.3103005354982058,1.056909117726497,0.09989322363966652,0.6342485255555457,1.0,0.9,0.7,0.5,79,4039.886322037025,8945236.563143253
22,52,1.0723983612229464,1.4279671462889527,1.3857894343565142,1.3149700866445864,1.0537228228023285,0.10011689209345216,0.6360864718505015,1.0,0.9,0.7,0.5,80,4193.594022122483,8943622.939304827
22,53,1.0717745613231378,1.4247090583129758,1.3819817506933094,1.325071443861674,1.0465270044411352,0.0999974755852602,0.6361711159449027,1.0,0.9,0.7,0.5,82,4173.495177071993,8945143.463651437
22,54,1.0729303476387955,1.420870193997034,1.3771051972338966,1.333672558407863,1.0586945275232926,0.09983682476788616,0.6395492783395769,1.0,0.9,0.7,0.5,84,4193.941991814977,8945007.202777369
22,55,1.0642750596399742,1.4315581055649935,1.413160302298892,1.3891876515486299,1.0321047689063811,0.10219113117062968,0.6250665185940074,1.0,0.9,0.7,0.5,94,4164.160300228791,8929301.252755214
22,56,1.280619511137349,1.6277486560481518,1.6159800418706851,1.6043207116738325,1.5116728509591153,0.14593469987223268,0.8862393478518282,1.0,0.9,0.7,0.5,95,4357.070844331711,46751089.34000681
22,57,1.3015649325606788,1.6375246821723908,1.6343204722110098,1.6513971037237334,1.3364471321292934,0.14744345413080803,0.9192634126402324,1.0,0.9,0.7,0.5,98,4284.297670107716,1269819057.3082354
22,58,1.3020705346969872,1.6331092262741755,1.6289396701990912,1.6592411508761975,1.2970901255510112,0.14743308709156036,0.9210218777617636,1.0,0.9,0.7,0.5,100,4269.205705474894,1269817056.578743
22,59,1.3030378160894558,1.6303269163211134,1.6254240752052147,1.6674874896085712,1.293854158515251,0.14663731836671523,0.9241866680549192,1.0,0.9,0.7,0.5,102,4293.79164073718,1269815361.4396462
22,60,1.3543746995378372,1.6866398906243898,1.6935239208197483,1.7526405248878238,1.3476004243525836,0.14566615715260964,1.0,1.0,0.9,0.7,0.5,105,4341.091473895596,37084535.30441598
22,61,1.3217008847807472,1.6417406417808602,1.6462572694990358,1.7312814129106746,1.3965671239813269,0.1437009161089697,0.9581330976379923,1.0,0.9,0.7,0.5,106,4400.619910699281,1269738717.844318
22,62,1.3489347978339432,1.6796580616701333,1.7187843666875549,1.7657437811204062,1.3896858495927307,0.1444158693611142,1.0,1.0,0.9,0.7,0.5,109,4263.253350545138,1270610997.1393418
22,63,1.3447961024002655,1.643463863556565,1.6656439290263982,1.7767860190745375,1.3816675909376763,0.14224944808069626,1.0,1.0,0.9,0.7,0.5,112,4311.472118649299,1270533118.4436357
22,64,1.3427444892650227,1.6344697713521323,1.6553446347000889,1.7820481153684913,1.3533902666846278,0.1407242784067829,1.0,1.0,0.9,0.7,0.5,114,4267.033600366161,1271086086.0561604
22,65,1.3422261864787777,1.6323545350216768,1.66383581525421,1.800325624465782,1.3759937206186987,0.1414574608358467,1.0,1.0,0.9,0.7,0.5,116,4332.150453927162,1270496773.2086818
22,66,1.3451227250740931,1.6426524288924766,1.6864251986783094,1.8110561918671844,1.345051372803752,0.14505038153873678,1.0,1.0,0.9,0.7,0.5,118,4237.821819294255,1270618309.2006445
22,67,1.342785384925381,1.6507015140641965,1.7073225513338395,1.8198662617328834,1.3344525670502794,0.14253213983760354,1.0,1.0,0.9,0.7,0.5,119,4294.02963833101,1270986080.0993571
22,68,1.3442058058229134,1.6384954392546822,1.6816653888367135,1.824967200594224,1.3482270821573628,0.1443424187789856,1.0,1.0,0.9,0.7,0.5,120,4274.022301138607,1270694556.2005112
22,69,1.3435603119276056,1.6421311452327834,1.697015975240231,1.839634196134028,1.356063980021236,0.1442745679606991,1.0,1.0,0.9,0.7,0.5,122,4275.508990171486,1270597318.026779
22,70,1.2738765843880344,1.4966398682259805,1.4828663974311191,1.731816200886733,1.4108742759825184,0.14218271666267107,0.905368939726778,1.0,0.9,0.7,0.5,123,4036.081407493125,1270000731.6089275
22,71,1.2715044121467372,1.474852650530776,1.446569663993772,1.728800259516691,1.3214250809681927,0.14201431563677025,0.9030547202186696,1.0,0.9,0.7,0.5,124,4128.796647369032,1270028646.1854997
22,72,1.274488990322976,1.4864301707988317,1.470668596835481,1.743300506150559,1.2826518682874948,0.14115305297745614,0.9086913401338768,1.0,0.9,0.7,0.5,125,4119.052790746167,1269975898.803911
22,73,1.2733934033596541,1.4721533787802694,1.4430287946124956,1.7342571449861164,1.2769821607683576,0.14249885406330903,0.9055952098976221,1.0,0.9,0.7,0.5,126,4101.224453689674,1270049259.0359883
22,74,1.2725423550148225,1.4697000079096707,1.4402818309192564,1.7407480931010415,1.2674495222072761,0.14152979841232272,0.9057860043076232,1.0,0.9,0.7,0.5,128,4060.4315654064135,1270059631.7286625
22,75,1.3586368909164723,1.5749698746107905,1.5709607969136425,1.8458635958725211,1.3598372961448397,0.17119637922825567,0.9909543083455178,1.0,0.9,0.7,0.5,130,4096.6090262893085,1564119389.363789
22,76,1.2943071339157046,1.5148158473473425,1.5225232066756513,1.8047533968588847,1.3361100765846847,0.17338613514062814,0.8969112690044009,1.0,0.9,0.7,0.5,131,4103.747001393266,1270412532.1890836
22,77,1.338157241795836,1.5458914501634236,1.5622376291742786,1.8670771008362852,1.4181756779329158,0.14358327482001854,1.0,1.0,0.9,0.7,0.5,133,4206.619759150242,1270037705.958496
22,78,1.338439151624882,1.556307629503877,1.5854603513814456,1.8752674001331795,1.333545974861805,0.1439662119278287,1.0,1.0,0.9,0.7,0.5,135,4101.987676318076,1270064263.1343324
22,79,1.3371733924802114,1.5512435778773768,1.5797083960687104,1.8815009463309174,1.3565594356334423,0.14280261879468073,1.0,1.0,0.9,0.7,0.5,136,4107.209573070142,1270218829.6821215
22,80,1.337027523714849,1.5493256055080256,1.5774697259374881,1.893079209061981,1.3415342700567898,0.1427521799125788,1.0,1.0,0.9,0.7,0.5,137,4142.909476578874,1270413901.6733592
22,81,1.3368229888982,1.5434402940027268,1.5705573812723337,1.892315871732949,1.370455665718347,0.14287658264711237,1.0,1.0,0.9,0.7,0.5,138,4169.497472619293,1270217775.4799955
22,82,1.3364003200617476,1.541400966365297,1.568225898212978,1.8803552327045183,1.3402369725805117,0.14250590275851688,1.0,1.0,0.9,0.7,0.5,139,4146.542465669934,1268586729.2042224
22,83,1.335699894364192,1.538822203330915,1.5653068650466866,1.898728891515707,1.3325849821230897,0.1418485258165712,1.0,1.0,0.9,0.7,0.5,142,4156.017175985184,1268953872.559139
22,84,1.3354370384829164,1.5783256702832067,1.6559024613575541,1.8445669853016822,1.3639277402153505,0.14184852581657112,1.0,1.0,0.9,0.7,0.5,143,4246.618745957631,1268910981.4744484
22,85,1.3333967903182997,1.5140648647903157,1.5255219634497759,1.899189767166779,1.3717566751779233,0.13994101987712865,1.0,1.0,0.9,0.7,0.5,144,4216.56143274659,1268875358.1041589
22,86,1.3317565972108458,1.500283170253277,1.5095582122840816,1.9013400991158802,1.4135410598756482,0.13878486059473485,1.0,1.0,0.9,0.7,0.5,145,4192.970791351828,1269149852.393088
22,87,1.3306910735719146,1.5221267515700079,1.568484253946249,1.9746350383456548,1.3355237906596888,0.13815866357132028,1.0,1.0,0.9,0.7,0.5,152,4292.547592065859,1269084176.1456344
22,88,1.3298048845509576,1.5307861858119605,1.5898474562456606,1.981458436172756,1.329581456937468,0.13725775409885438,1.0,1.0,0.9,0.7,0.5,154,4285.120177828045,1269094993.399436
22,89,1.3305610849615044,1.5182841821913045,1.5639770996693905,1.986009553553278,1.339373210886139,0.13820087411366233,1.0,1.0,0.9,0.7,0.5,155,4285.864671308844,1269106819.4723573
22,90,1.3289615264055756,1.5275502487881187,1.5861833130527463,1.9882899545572361,1.3252642238343169,0.13644044639969113,1.0,1.0,0.9,0.7,0.5,156,4291.952336553748,1269088325.1900706
22,91,1.3293615802710925,1.4653976197572651,1.490874778892696,1.958686966239033,1.470728573368305,0.1387003129340243,1.0,1.0,0.9,0.7,0.5,158,3987.9694344624822,1269144482.3994184
22,92,1.3286112167214033,1.4627149246388003,1.4988618737186685,1.9693828077227602,1.3724265017305648,0.13839229017416882,1.0,1.0,0.9,0.7,0.5,160,4067.141788345991,1269499214.726447
22,93,1.3285112731465323,1.460366603904872,1.4961155215858368,1.9730337896813763,1.3403065421195088,0.1383648032463005,1.0,1.0,0.9,0.7,0.5,161,4103.52072487782,1269499203.1269398
22,94,1.328578980828643,1.4541440760973214,1.4887793879698155,1.980519207788838,1.3476409771842999,0.13867718532972367,1.0,1.0,0.9,0.7,0.5,163,4067.890021983844,1269499849.200621
22,95,1.3273621118482188,1.4399776082952416,1.4613037658798302,1.9785303497814424,1.3357929899676058,0.13738698975824476,1.0,1.0,0.9,0.7,0.5,164,3923.592176300896,1269168730.6596236
22,96,1.3284023813499004,1.459721802462187,1.506394026391749,2.000091358135702,1.35147455499753,0.13867718532972367,1.0,1.0,0.9,0.7,0.5,165,4104.4456711624025,1269482177.3236628
22,97,1.3267102784392086,1.4313306400196022,1.4512433485082012,1.9967473431353264,1.330989715016854,0.13694998867604416,1.0,1.0,0.9,0.7,0.5,169,3935.4894842109143,1269162501.2375474
22,98,1.3269923141650115,1.4584643932682297,1.5161845838411718,2.0646546155297325,1.3286200291471904,0.13749823407479628,1.0,1.0,0.9,0.7,0.5,179,4407.751183548582,1268867123.8708243
22,99,1.3273776393222447,1.448685612208014,1.5046128454963883,2.0839901945712587,1.360994836928998,0.1382653662872905,1.0,1.0,0.9,0.7,0.5,181,4418.126432377369,1268972379.9994545
22,100,1.3253809557729044,1.438088103011959,1.4925002193364476,2.0931930048967575,1.3432937214268033,0.1363213065572402,1.0,1.0,0.9,0.7,0.5,184,4330.334161686746,1268981805.3764007
22,101,1.3303837840345447,1.4924482864111024,1.6106902592549286,2.114560998643928,1.3374368289971428,0.14208496177510227,1.0,1.0,0.9,0.7,0.5,189,4337.517071158325,1269632970.5837607
22,102,1.3300537345735801,1.4989801043713666,1.6294587357044281,2.150613727557732,1.331561168517958,0.14184858053575564,1.0,1.0,0.9,0.7,0.5,197,4291.469993448263,1269739867.4527044
22,103,1.3347684989101731,1.5071826673550253,1.6493056575272895,2.1727388543961283,1.387886459893388,0.1473121561390398,1.0,1.0,0.9,0.7,0.5,198,4273.370722527894,1269885595.393888
23,0,0.863533444071922,0.9672426328065196,0.9126589494562481,0.009755954771016385,0.0,0.0,0.0,0.0,0.9,0.7,0.5,1,2901.76782291691,7282.54215610486
23,1,0.8853473340559149,1.0059657611103856,0.950354343948438,0.057324108089244256,0.06568151177759753,0.049552886283390066,0.00010951626075884999,9.980891620816e-05,0.9,0.7,0.5,3,2917.810054968196,7081.3110484834615
23,2,0.8257221511976253,0.9800129632875534,0.9222355502115643,0.04517293408522665,0.11975364652754837,0.02249569119062158,0.01486241837744479,0.0015383683566194,0.9,0.7,0.5,4,2885.783276614565,7129.751453895372
23,3,0.6194587388003008,1.0031340437607752,0.9365987985807318,0.1750367088196753,1.0577495080468398,0.06070964506409211,0.10015612409869298,0.09127844695056642,0.9,0.7,0.5,5,2526.4911586319804,4759.167487541356
23,4,0.5770038095929718,1.0199472781435954,0.9381983936487285,0.2802675435770424,0.5862687852164508,0.08952250538767217,0.16449223546866446,0.16064090125235989,0.9,0.7,0.5,7,3193.7327261341243,2589.346187250356
23,5,0.579936875709615,1.032907967219531,0.9439610840615996,0.3333957681103994,0.47779240433993647,0.10936507244109597,0.1743898689090888,0.22104928314142755,0.9,0.7,0.5,9,2734.268182769158,5110.3780297754
23,6,0.5733087622760658,1.0269604635140148,0.9369661068456107,0.3421262667833076,0.3525652823205292,0.1093599245558863,0.1744966877754041,0.2212482360831848,0.9,0.7,0.5,11,2718.5656559888475,5166.645237218871
23,7,0.5762587397116279,1.030694321528142,0.9387210646057563,0.35765179853465734,0.4271724887245901,0.1093351220170399,0.18250892428280296,0.2406531185423934,0.9,0.7,0.5,12,2762.849886336116,5099.779348857142
23,8,0.5741508463969867,1.0286784633044923,0.9362501161860461,0.36663799054216156,0.35640527928719096,0.10996297199349163,0.18259652622515496,0.24068289903735982,0.9,0.7,0.5,14,2725.2532532200894,5037.843900801747
23,9,0.5179856402525972,0.9842703993427399,0.9045675963201677,0.3110621176951992,0.30785397565636596,0.11253644563628004,0.1506851934475754,0.172715141369842,0.9,0.7,0.5,15,2353.455599492722,4524.796539158163
23,10,0.4886579682521052,0.9542111697055707,0.8713292066876968,0.3025826399933726,0.34526542366965407,0.09920634183763528,0.1550253147797165,0.1676420973301241,0.9,0.7,0.5,17,2613.3983368940458,3824.856772645616
23,11,0.46153307120649034,0.9373960608590164,0.8659156041939962,0.2997810517899658,0.3270163712514499,0.07512093910375056,0.1879864324279928,0.12748616877582614,0.9,0.7,0.5,18,2503.543982144697,2769.9429507547707
23,12,0.4709130201402616,0.9338775113149201,0.8469898022258755,0.3100914132967797,0.38347606502814024,0.094974480317878,0.16291678806275073,0.1703248230104481,0.9,0.7,0.5,19,2471.6783245902247,3850.355099699008
23,13,0.5183775468079059,0.9808263065295968,0.8934628459816323,0.3654572817124688,0.35318753951063964,0.10344039838816546,0.20004486500452537,0.20256046703098063,0.9,0.7,0.5,20,2416.67366998456,4149.332158412556
23,14,0.6306259930392794,1.0927939305798036,1.005140233568222,0.4895348298872515,0.45992302039757327,0.057579299151310936,0.4254548943879792,0.1968612006028076,0.9,0.7,0.5,21,2298.38658948412,3532.220826201145
23,15,0.49417887168956043,0.9524729844535964,0.8615720761904067,0.36378637748780007,0.4591105511538405,0.09878528313977022,0.20795596794587765,0.18446941873865214,0.9,0.7,0.5,22,2433.4320062811803,4062.233070334245
23,16,0.6677153477059243,1.1228818552003599,1.0299021346430048,0.5531426059146827,0.5940296469942552,0.08048072247959401,0.45052402309726014,0.24291709278513984,0.9,0.7,0.5,23,2203.2406280868936,2583.566128793494
23,17,0.818923394336662,1.2709117366606062,1.176084735194947,0.7183898911761857,0.7057442824544811,0.07453707197963541,0.6574789893683817,0.28151217909892634,0.9,0.7,0.5,25,2084.3643380694584,2815.540590287409
23,18,0.8207256388473345,1.272088009281373,1.1769200887974514,0.7295299969783917,0.6781933949514201,0.0741230979492252,0.6614460002012847,0.28303714859410734,0.9,0.7,0.5,27,2104.2032554754,2806.170907829064
23,19,0.49965793461043295,0.9572744139639726,0.8726082665445136,0.41245851729674277,0.4617227497439158,0.09246941686176777,0.2597849659977558,0.18948428917377863,0.9,0.7,0.5,28,2855.7271054637413,3321.7522601600417
23,20,0.4986400107029757,0.9554533482259883,0.870409131836683,0.4231464384561072,0.3679074553451853,0.09279501104242624,0.25985968218663896,0.18956613838768505,0.9,0.7,0.5,30,2848.4581529154484,3403.4321901293742
23,21,0.5324181474409597,0.9742473243927189,0.8745023101767005,0.463079366219426,0.46946895342887995,0.07600890831741287,0.3156933938589623,0.22146813728874126,0.9,0.7,0.5,31,2928.476667304073,3435.8952881007995
23,22,0.504145143055125,0.9544138618931132,0.8664958111752247,0.45405764278190686,0.4238020507183099,0.08734938194105972,0.282819547314506,0.1987082692577074,0.9,0.7,0.5,32,2841.456639674728,3410.282264431451
23,23,0.5051842341251505,0.9552138533865685,0.8671966671104999,0.4634556073303846,0.3813628541931855,0.08757579777443833,0.2837558696434055,0.1997469422016995,0.9,0.7,0.5,33,2840.1418312045,3596.5789245042315
23,24,0.5103770709148662,0.9639183000721966,0.8858834400607988,0.4748427103368763,0.5155335869870727,0.052315500130274105,0.40265092514585926,0.12701006570858442,0.9,0.7,0.5,34,2621.3175625348617,25664.760818467632
23,25,0.5312899326724024,0.9686899995422343,0.8758587954495672,0.5062968282811794,0.45552703294685964,0.049818989930082706,0.44343806721076306,0.12732544871180126,0.9,0.7,0.5,36,2650.1353672799187,26323.69412647141
23,26,0.5408762146577533,0.9986592408325577,0.9311180398639366,0.5228892193238711,0.4596201774159142,0.0661170649926186,0.4157676066332881,0.16015309019158813,0.9,0.7,0.5,37,2519.366500032581,26888.565108021307
23,27,0.5509165798222011,1.0025169512617245,0.9328842095786306,0.5514717771649764,0.5319828740353274,0.06571650487250195,0.4279693292839177,0.1759331894311436,0.9,0.7,0.5,38,2446.402082703399,18268.65506780285
23,28,0.5559980445566431,1.0070421731391135,0.9372264307218947,0.5632400844774681,0.4560148442825946,0.06733855527777123,0.43052325990226575,0.18062515757107508,0.9,0.7,0.5,40,2441.601516627132,18408.149345047023
23,29,0.5650349898957683,0.9794077191841426,0.8791374992359913,0.5879050786152441,0.563886232756712,0.07019765307764883,0.4457979681258033,0.19565221829536447,0.9,0.7,0.5,42,2861.1881490026303,11158.917376609768
23,30,0.5823773803507817,0.9896297854669094,0.8872774347806616,0.6154359893694283,0.5378886424343672,0.07058225511506785,0.46870825707145614,0.20764530128938002,0.9,0.7,0.5,44,2909.0541975041087,10989.696215846594
23,31,0.5484481129439799,0.9654217570452707,0.8756458570586071,0.5901883839119326,0.47980154977704276,0.06931871230198396,0.4366593588323813,0.18891588984104116,0.9,0.7,0.5,45,2970.396951588559,16995.731371783215
23,32,0.5465162861309083,0.9634667497766293,0.8736842387848361,0.5947286935085762,0.4607240642885282,0.06942354229452212,0.4338519798295655,0.1888244460778889,0.9,0.7,0.5,47,2936.479442925435,16696.35830028644
23,33,0.5485563622312304,0.9650812433746601,0.875177548108562,0.606676415830182,0.46785261842807757,0.07059399084616104,0.4369435293966978,0.18703301918258264,0.9,0.7,0.5,48,2933.951653741462,16904.763734035958
23,34,0.6066193159461742,1.017121021627391,0.925529221776723,0.6724803424713659,0.5936663891702402,0.07028946912748156,0.46913995680604287,0.2663010343838656,0.9,0.7,0.5,49,2977.598298796601,17124.338759341226
23,35,0.6095571506422539,1.0190646405792845,0.927198677011972,0.6825089028100553,0.5339409131901103,0.07031831418715948,0.4719483999000251,0.26940601755849614,0.9,0.7,0.5,51,2996.387449941721,17104.862197604965
23,36,0.6041698976931054,1.010136007353696,0.9173025198870377,0.6853449149965034,0.5448127805610721,0.0728658612991139,0.4622477242207975,0.2718435173419814,0.9,0.7,0.5,53,3014.2380813832474,16681.919313983475
23,37,1.1629552365880926,1.5534255342640746,1.456509058587789,1.2460066462714505,1.2590374664206685,0.0730181188736272,0.7521269600551648,1.0,0.9,0.7,0.5,54,4048.993978082393,7790.983180144249
23,38,1.1681820582423232,1.569309966753262,1.4852440398773634,1.2548517278530147,1.1047124812789728,0.0719700290547684,0.7614110677259974,1.0,0.9,0.7,0.5,55,4088.396909989247,8556.997507696336
23,39,1.1551776585912257,1.5327657200675024,1.442901517809976,1.2557469859422246,1.212811920076914,0.0679199238428746,0.762779684455228,1.0,0.9,0.7,0.5,57,4297.850399855328,10019.309827829453
23,40,1.146525947468671,1.5226606043660038,1.432451439929747,1.2566219225118092,1.0939254712784616,0.06892611440809487,0.7499282014667619,1.0,0.9,0.7,0.5,59,4236.458073576373,9012.113046646651
23,41,1.1539624514839155,1.5402661943168858,1.4628111782962563,1.2701226162631931,1.10486525720441,0.06799966635312252,0.7623184877194201,1.0,0.9,0.7,0.5,60,4256.717540060554,10094.891214017807
23,42,1.3247108497560944,1.7006964346383926,1.620818368861404,1.4477977390100965,1.3188239231499268,0.07711249315030297,1.0,1.0,0.9,0.7,0.5,62,4306.517842850912,9080.856975390378
23,43,1.321518699860028,1.6975211571149345,1.617628652839214,1.4481298497956545,1.269029328389761,0.0736788175709251,1.0,1.0,0.9,0.7,0.5,63,4324.223136790902,8422.030167801544
23,44,1.3228840364534555,1.6935410815482888,1.6124332800936139,1.4539531263700074,1.3168515836039965,0.07714102770760586,1.0,1.0,0.9,0.7,0.5,64,4394.802223071406,9208.079483735488
23,45,1.3153785657953656,1.6700070364506736,1.585276612299764,1.45301868431369,1.4147681759399056,0.07449556857988748,1.0,1.0,0.9,0.7,0.5,65,4579.849579823477,9486.583641167335
23,46,1.315190114396029,1.664751477948645,1.5788974390739858,1.4605132677645583,1.2912646374705825,0.07594618785875508,1.0,1.0,0.9,0.7,0.5,67,4758.278454042921,8808.898730355662
23,47,1.3143925867294572,1.6746983996708131,1.601743378268468,1.4754324298113373,1.2690837303637355,0.07520897091637813,1.0,1.0,0.9,0.7,0.5,70,4572.028429240609,9458.222195486953
23,48,1.311860766080024,1.6516195242305893,1.5636181679486145,1.4723473426528493,1.3511420149718771,0.07528685917583157,1.0,1.0,0.9,0.7,0.5,71,4613.687398406064,8933.682521216699
23,49,1.3095101419818485,1.6374639861598896,1.5469187341408026,1.4750753017730507,1.3722032370568347,0.07606323467705765,1.0,1.0,0.9,0.7,0.5,72,4597.880725598819,8838.997357471622
23,50,1.3068383920867679,1.627164746540004,1.534997976091189,1.480166985869526,1.300693196931524,0.07514023856523379,1.0,1.0,0.9,0.7,0.5,74,6717.70863261531,8763.41443369944
23,51,1.3041730384210266,1.6279436949197645,1.5471442905413657,1.498490876303522,1.2800649200664582,0.07415399809814063,1.0,1.0,0.9,0.7,0.5,79,4643.567072681705,9185.077139179011
23,52,1.3032058365787127,1.6257875359803422,1.5447392296964044,1.5045161083482252,1.2710972799101499,0.07337217358719117,1.0,1.0,0.9,0.7,0.5,81,4536.512284986569,9678.000463122053
23,53,1.3018813279743142,1.601129900127288,1.5152654656749678,1.5328577931950276,1.3022376716501283,0.07722260547851514,1.0,1.0,0.9,0.7,0.5,87,5591.045805002366,208971675.350408
23,54,1.2988995888146535,1.6025931765879187,1.5283559573835441,1.5406999676597077,1.2957844920579533,0.07530873715821444,1.0,1.0,0.9,0.7,0.5,89,5710.406174460857,208945559.28627244
23,55,1.2985504528605198,1.599681328061611,1.524925762982624,1.5474748889477108,1.2784614594492316,0.07543603742011513,1.0,1.0,0.9,0.7,0.5,91,5695.395788278201,208927797.9199001
23,56,1.2949328200034205,1.5716037126767088,1.4811861623810663,1.5410946458470378,1.3208366686266033,0.07395521739304942,1.0,1.0,0.9,0.7,0.5,93,5646.78809352149,208964084.4221044
23,57,1.2967864743871413,1.6056526327352212,1.553953995121444,1.6207939768467514,1.2696060360627575,0.07627378418895064,1.0,1.0,0.9,0.7,0.5,105,4843.740325199455,16193.303725465676
23,58,1.2957286880734171,1.5993426179589574,1.5465960252771136,1.6236669476775547,1.3120078964701642,0.07606154654737698,1.0,1.0,0.9,0.7,0.5,106,4807.019313813634,15830.964391852374
23,59,1.2945850319173047,1.5944831308272356,1.5410033446031526,1.6262727161483543,1.2969646934099015,0.07541911678003907,1.0,1.0,0.9,0.7,0.5,107,4776.847067096368,16302.51246871475
23,60,1.2945313674019467,1.588287361618281,1.5335950790045056,1.6482418954882105,1.3182317059905082,0.07640177873001013,1.0,1.0,0.9,0.7,0.5,108,4812.735594655011,16036.660508346216
23,61,1.2925834125821298,1.5823402234887565,1.5268559507564101,1.635396793685497,1.278729857157184,0.07493228930281105,1.0,1.0,0.9,0.7,0.5,111,4159.620114543662,17074.51596923294
23,62,1.2915568642653157,1.5721539468713082,1.5148824977940365,1.6492736187054802,1.3391367530088343,0.07520903641952124,1.0,1.0,0.9,0.7,0.5,112,4733.3462290962925,16104.06857645126
23,63,1.2906206740277608,1.566645267634864,1.5084834970635943,1.6517271234974622,1.2855313597634268,0.07486461217818734,1.0,1.0,0.9,0.7,0.5,114,4146.701430646519,16910.37402868414
23,64,1.2880278283614401,1.5413898989060784,1.4788552401370996,1.6603592022345837,1.3270494809520992,0.07517393888886853,1.0,1.0,0.9,0.7,0.5,117,4436.107032456217,17581.74883231959
23,65,1.2880250383849638,1.5525680899532506,1.5030297567550335,1.686515429584818,1.2677495091163218,0.07517393888886857,1.0,1.0,0.9,0.7,0.5,119,4435.807657304106,17582.840396159463
23,66,1.2858941424643158,1.5421982714238365,1.5019553064328344,1.6736912609867907,1.4188370144854099,0.07524124168229342,1.0,1.0,0.9,0.7,0.5,120,4196.887005988468,17115.333990306324
23,67,1.2858941425160584,1.5421982715302798,1.5019553065392777,1.6732952735099433,1.2677194760291908,0.07524124180056374,1.0,1.0,0.9,0.7,0.5,121,4196.8870071563815,17115.333986195554
23,68,1.2862430306908363,1.541390149405731,1.5009280329412822,1.681307705144783,1.2771050014182954,0.0757653754831171,1.0,1.0,0.9,0.7,0.5,122,4256.49073727983,17125.63138918295
23,69,1.2814123812085896,1.5336006541112408,1.5034630530016808,1.6990710327128062,1.3751116899134666,0.07202295905192242,1.0,1.0,0.9,0.7,0.5,123,4563.850172402663,17825.418608013133
23,70,1.2806242492576245,1.5262487441370791,1.4948791898310807,1.705631401022705,1.2896560463521403,0.07184696421568733,1.0,1.0,0.9,0.7,0.5,125,4535.835736529822,17797.52814438789
23,71,1.2796449056856039,1.503963760120082,1.4577060775646924,1.711521270633392,1.3407147522785128,0.07178211510415114,1.0,1.0,0.9,0.7,0.5,126,4522.124536518944,17649.69740167074
23,72,1.2797452004390117,1.5021398529265857,1.4555230387354101,1.71892815934561,1.2722078941441084,0.07208504183806455,1.0,1.0,0.9,0.7,0.5,128,4579.453310467943,17819.520580544355
23,73,1.2748775979766032,1.482615690715551,1.4551389913498243,1.725277646587101,1.5427738888507816,0.07000669886912889,1.0,1.0,0.9,0.7,0.5,129,4747.235438869533,29931.297936001305
23,74,1.272286112377644,1.4458509661946701,1.4011680053210163,1.743793777924019,1.2905912600089913,0.06889321198058604,1.0,1.0,0.9,0.7,0.5,135,4413.177035014863,15715.185448834492
23,75,1.270347250718279,1.4221780480953503,1.362576589172627,1.7326125886031605,1.2999169495954814,0.06748358324392674,1.0,1.0,0.9,0.7,0.5,137,4428.569714774164,23477.3097640798
23,76,1.2701790368772612,1.4304549666088286,1.3833525332500818,1.7596838577949616,1.2708864226436116,0.0674835832439267,1.0,1.0,0.9,0.7,0.5,139,4441.667547279473,23417.3990001406
23,77,1.2703865767378164,1.4296897660372974,1.382410632356754,1.763547549701648,1.2682053010763057,0.0677799642636669,1.0,1.0,0.9,0.7,0.5,140,4445.726608426453,23463.626717817227
23,78,1.2686155376973534,1.4314017098393417,1.3957220929826613,1.7577933726130683,1.3168366292516107,0.06632304578709926,1.0,1.0,0.9,0.7,0.5,141,4602.902012584624,23336.935502271088
23,79,1.2680922423511394,1.426789210935902,1.3903687782872312,1.7644914043877544,1.2745084427764468,0.06600424725266743,1.0,1.0,0.9,0.7,0.5,143,4543.610169566567,23156.10338182157
23,80,1.2676080904638045,1.4254866890665703,1.3889180725533146,1.7713610948300127,1.2619930878365535,0.06551839274932579,1.0,1.0,0.9,0.7,0.5,145,4594.508247144937,23077.62313571404
23,81,1.2688452300136932,1.426638885711558,1.390054909135508,1.7882707471144075,1.2604200511431107,0.06689834070621892,1.0,1.0,0.9,0.7,0.5,148,4496.401058456317,17945.103075764684
23,82,1.2688181794646085,1.4120597541558242,1.3618695844296467,1.7751106628165443,1.2850573041884807,0.06707830267648635,1.0,1.0,0.9,0.7,0.5,149,4511.322220404983,17901.260917129774
23,83,1.2678283046713679,1.420518070125868,1.3830108741445883,1.7944817190415667,1.2724236600021723,0.06608728099583315,1.0,1.0,0.9,0.7,0.5,150,4421.831391754333,17938.206228168652
23,84,1.2677057566563,1.4067109399591773,1.3557549496392216,1.7811470300574568,1.277772607261824,0.0661032227090012,1.0,1.0,0.9,0.7,0.5,151,4436.296943903168,17894.11531266447
23,85,1.2676831130882908,1.4049636073622527,1.3536962275438846,1.7883764334803316,1.2659185363169478,0.06618273585744343,1.0,1.0,0.9,0.7,0.5,153,4499.926671447369,17928.685677815785
23,86,1.265945918319988,1.4178508241214334,1.3911801889573265,1.8228511298749395,1.3154987442655888,0.06471402681897422,1.0,1.0,0.9,0.7,0.5,154,4529.958119019718,20527.3264589628
23,87,1.2656339763331443,1.401142512199205,1.3605362111827013,1.8175859813558606,1.296396755613468,0.06466605257990306,1.0,1.0,0.9,0.7,0.5,155,4466.607429709527,20882.64545279388
23,88,1.265565952818028,1.3982611751300595,1.357148739004582,1.8125266754638325,1.2685589940772992,0.06474823073442651,1.0,1.0,0.9,0.7,0.5,157,4619.778097457909,20613.746013917094
23,89,1.2649963986896178,1.3932466638086876,1.3513350950544651,1.8277634695262108,1.2905117454741637,0.06436115381034012,1.0,1.0,0.9,0.7,0.5,158,4494.3046820422,20868.183017983032
23,90,1.2650097664326911,1.4264032733085608,1.4234090177662322,1.8836131524936697,1.258345833067127,0.06440165938376938,1.0,1.0,0.9,0.7,0.5,167,4394.908276500246,20192.027793267494
23,91,1.265128267398148,1.4407669840969937,1.4623083694332841,1.9042390574836863,1.2883582026687765,0.0649699476250899,1.0,1.0,0.9,0.7,0.5,169,4513.956961889006,20410.42691504885
23,92,1.265520948507052,1.433979705523358,1.4542344895962973,1.9119769937347173,1.285428416233339,0.0657761679371471,1.0,1.0,0.9,0.7,0.5,171,4654.636941371505,20284.379781063988
24,0,0.9098861010082387,0.9789142282456921,0.9263293539949745,0.010830155086930415,0.0,0.0,0.0,0.0,0.9,0.7,0.5,1,2124.762773842159,7561.0999227386
24,1,0.9428472338736195,1.0304131569141761,0.9767772818291697,0.07129765037364467,0.0790680065503894,0.06389142973715653,0.00011585981085181999,0.0001049844790755,0.9,0.7,0.5,3,2125.0724512960232,7409.764541602327
24,2,1.2818701813309659,1.5346436220696489,1.483286407184494,0.63782426854355,1.050531914724597,0.07703419928644448,0.4765258763419011,0.42074013951917644,0.9,0.7,0.5,4,3472.168471073611,3168.487863438701
24,3,0.8120120180705561,1.1409603035792495,1.0823311284214134,0.2862891629720683,0.5660370213873008,0.10052458384203529,0.20769162695064153,0.05238346872839154,0.9,0.7,0.5,5,3174.280647310344,3475.206629698677
24,4,1.2141332566287373,1.5825881660819816,1.5330634809561834,0.7493184321503487,0.7909645568162229,0.047127991915009895,0.5392218161582594,0.590703692733532,0.9,0.7,0.5,7,2086.229233515346,7172.404352237817
24,5,0.7072395829469398,1.1056370352826534,1.0515039132955508,0.2968055834108837,0.4531523048889508,0.07579203710305508,0.17377031367324464,0.1506569442578347,0.9,0.7,0.5,8,2575.809304881218,4339.3835071032345
24,6,0.8148461714421849,1.2257958674796114,1.1693477753815034,0.4331776109276393,0.44604493690728786,0.06082130578755607,0.2921977602827285,0.2791588463098685,0.9,0.7,0.5,10,2003.178843468933,3509.8380832873945
24,7,0.6594845911340822,1.0821610670319388,1.023252116125193,0.30915682255182847,0.3198624115083447,0.05952317797288855,0.2006300840535748,0.151160487729382,0.9,0.7,0.5,12,3075.88588385145,4317.883892962733
24,8,0.7663920582477153,1.206533883795221,1.1430458028167616,0.4645693372063033,0.5139922886498456,0.06268725866990998,0.3189400736557034,0.28205252616640586,0.9,0.7,0.5,14,2051.999193033173,3925.2938733750425
24,9,0.7616989415686817,1.2035758489593016,1.1395447038325268,0.4741744007667376,0.43199029013293394,0.0622779984087227,0.31949744305134226,0.28243491776425145,0.9,0.7,0.5,16,2014.7685416642091,3828.480083862664
24,10,0.7978862581776996,1.240767642777218,1.176411392551819,0.5130893579419817,0.4732601520249414,0.09280766659618248,0.3045320684039184,0.3266130713578074,0.9,0.7,0.5,17,2704.533712361862,3213.276585285556
24,11,0.75688437490564,1.200175574943452,1.1356852049615733,0.47864691948856136,0.4256768660634469,0.06158925238429173,0.31926044496548706,0.28256873351705003,0.9,0.7,0.5,18,1972.5917560835364,3739.965645991417
24,12,0.7717810454295897,1.2248054258043861,1.1565809315060531,0.5276434129207139,0.6189222546947734,0.08326029517493812,0.31475277769901416,0.342738940156893,0.9,0.7,0.5,19,1922.5599836545207,4018.1435225425967
24,13,0.5710234158107529,1.0370664168228048,0.9809817165577625,0.3360514794826749,0.3077980867842632,0.07237253362573756,0.2015883319978118,0.13293314945925222,0.9,0.7,0.5,20,2704.954456697657,5175.635439788845
24,14,0.5893031551823157,1.0703386701860667,1.0251679540557876,0.37669311719488163,0.3495221413389846,0.06329808277779769,0.26182589013682567,0.13343765898368248,0.9,0.7,0.5,22,2858.118370957407,5368.053532739015
24,15,0.7522103993265465,1.2114954770619573,1.1399078643730598,0.5424662101137163,0.4899550620512061,0.08820881178533117,0.3289139207394256,0.3266628801538002,0.9,0.7,0.5,23,2800.261044025109,3286.968822367134
24,16,0.6254046706347732,1.1092390200552091,1.0620933710012337,0.4337098524641119,0.42092206348159517,0.06456428850097236,0.3099621357821496,0.1646326208533073,0.9,0.7,0.5,24,2911.4274315481844,4225.716803496764
24,17,0.7200922653387856,1.1845404018305077,1.1082389301601718,0.5490774646543426,0.6023220442569902,0.07203804514732536,0.33912057959084063,0.34262008280827205,0.9,0.7,0.5,25,1950.739266030728,4095.9942438633343
24,18,0.7150793293878931,1.179973677009865,1.1029448842355083,0.5562035519219583,0.48803999412212173,0.07156725488653072,0.33920293671019836,0.3427133123640205,0.9,0.7,0.5,27,1910.8749132386224,4015.362645101524
24,19,0.7299595389048456,1.217975600523481,1.1651457178520086,0.5893034713390788,0.5360163527982482,0.06534362579824717,0.3844005297617791,0.34287211668803746,0.9,0.7,0.5,29,1929.7773236377568,4351.8568708322255
24,20,1.348981836229131,1.8260292364386155,1.7596997474601541,1.237501280319451,1.1426995367707642,0.0696756088830059,1.0,0.7175787638803063,0.9,0.7,0.5,30,3030.90259175656,3147.6227673862336
24,21,1.3006116483266774,1.7773786640341025,1.7077780358627084,1.2096942430666973,1.2250019768936706,0.06266189017338579,1.0,0.6711043956981496,0.9,0.7,0.5,31,1947.2997493241,3990.799663120548
24,22,1.3199273028212857,1.7963936592553646,1.7256879395705456,1.2401783300209352,1.1634859756565952,0.0582469690633306,1.0,0.7299873763467015,0.9,0.7,0.5,32,2074.3618603292057,3947.634490449981
24,23,1.2837890223309973,1.7708609014247227,1.7121664539592067,1.2117136389810965,1.1263007798411326,0.05641853841642872,1.0,0.6713564295779127,0.9,0.7,0.5,33,1987.8064659541956,4081.244409170578
24,24,1.3122687286287669,1.7875778727570215,1.715223684999644,1.2400709738530598,1.144090343551858,0.058398948397744156,1.0,0.731332876216541,0.9,0.7,0.5,34,1971.60673327024,4283.141655469237
24,25,1.2779319313903907,1.7752892314876425,1.728434852149207,1.2197768503004547,1.1069267599244577,0.05641853841642872,1.0,0.6713564295779136,0.9,0.7,0.5,35,1907.3615597643125,4314.771028777709
24,26,1.2865087268112259,1.7694656901638108,1.7059745833690165,1.2506578028370097,1.2650440514304093,0.05800069671318817,1.0,0.7217364461284135,0.9,0.7,0.5,36,2763.4335621405107,3857.673794860414
24,27,1.2933182613855738,1.786847487568045,1.7361768823991186,1.2608313386945005,1.1240027824102097,0.06165135799705691,1.0,0.7296213106084026,0.9,0.7,0.5,37,1885.304835655492,4166.252583981286
24,28,0.8004710188727424,1.2917923386783519,1.2394623783266687,0.7745795942880307,0.7027356940608998,0.06315716173359393,0.5522901751386133,0.3829731801722561,0.9,0.7,0.5,38,2162.687263041805,5068.35642231932
24,29,1.275799781051246,1.7668256901002122,1.7142537771416715,1.2598433758090086,1.1217584746880762,0.055948242015571456,1.0,0.7220475478681699,0.9,0.7,0.5,39,2842.867339898271,4040.5802604877927
24,30,1.2744226666229692,1.7756449368994827,1.7354452293730307,1.2665958554036134,1.1376697833929779,0.055346092724168294,1.0,0.725699021776965,0.9,0.7,0.5,40,2638.371296046332,4273.116257511348
24,31,1.2751331357765134,1.7638136303124214,1.709774267259314,1.2858962694115466,1.1510530821708684,0.05848736335724475,1.0,0.7285905207071274,0.9,0.7,0.5,41,2074.2996872902618,3423.651193901046
24,32,1.2506196618840808,1.7367178092709943,1.6887083147257855,1.282092825769987,1.2618759122338403,0.0635761726783778,1.0,0.7242369202615178,0.9,0.7,0.5,43,1888.486144379227,5159.832052364252
24,33,1.2367310902145379,1.7182231239211188,1.6682397714946595,1.2801926124165668,1.194888584290763,0.06021302537999203,1.0,0.7163520557815295,0.9,0.7,0.5,44,2120.1319413927718,5078.997340700645
24,34,1.2308910650482892,1.6933441133249092,1.6274372507048986,1.2880674559506593,1.2331218447570311,0.05783859187681843,1.0,0.7274122266039453,0.9,0.7,0.5,45,1768.3471057134946,4946.752135081722
24,35,1.227131441472654,1.6971894534444028,1.6430228504422226,1.293402444830496,1.1409753955910213,0.057838591876818425,1.0,0.72741222660394,0.9,0.7,0.5,47,1649.7539807739013,5196.119134072264
24,36,1.355646569420435,1.8254570834557833,1.7711589905215943,1.432222417452054,1.2518967119957176,0.06281449028889653,1.0,0.9765251075354842,0.9,0.7,0.5,48,1827.8201462815755,5221.771234692727
24,37,1.3517981810754804,1.828678908025672,1.786001112377531,1.4376686966914414,1.2722319607275736,0.0629301586984029,1.0,0.9764734942479871,0.9,0.7,0.5,50,1753.2726048093282,5488.95606145105
24,38,1.3611691882542374,1.8335324368415986,1.7893617980561016,1.4475667779447539,1.3191584544345774,0.064938222954011,1.0,1.0,0.9,0.7,0.5,51,2032.4149413878647,2251706.113617857
24,39,1.216942276511026,1.677403975042201,1.6200045096065858,1.3105026753675344,1.1172005661654811,0.05684577873601737,1.0,0.7273828305750003,0.9,0.7,0.5,55,4065.8713891843263,4609.275521499641
24,40,1.3416783088827289,1.8219934937118452,1.8091212851773961,1.5467224819974148,1.2762110151106418,0.06474691415831008,1.0,1.0,0.9,0.7,0.5,72,5971.132478234996,4046591236.619052
24,41,1.3391985546640992,1.8136870207902334,1.7991821858036148,1.5609740017645326,1.2765671011595967,0.06611047836240612,1.0,1.0,0.9,0.7,0.5,76,7176.075448750084,4046585226.72796
24,42,1.3281908023122024,1.7944429305400513,1.7878442790815168,1.5679605867631916,1.3623579789791629,0.06533036319814146,1.0,1.0,0.9,0.7,0.5,78,5881.393083869864,4046584392.120556
24,43,1.327568151299351,1.792449481056087,1.7855094049569797,1.578282570977358,1.2655171643460852,0.06533036319814145,1.0,1.0,0.9,0.7,0.5,80,6142.237978822505,4046337963.655789
24,44,1.326607695278029,1.7793827598355478,1.7592143386439165,1.5775003252538222,1.267581908868313,0.06473933592863446,1.0,1.0,0.9,0.7,0.5,81,6048.518921682717,4046439201.283094
24,45,1.324850719396605,1.7825688398276673,1.7738460085707635,1.574333814429197,1.3220111786408286,0.06591859098117964,1.0,1.0,0.9,0.7,0.5,82,6124.252928889689,4046323597.309185
24,46,1.3245372725878817,1.781856177699655,1.7730328890471485,1.5881754066729643,1.263453920723761,0.06577830999369903,1.0,1.0,0.9,0.7,0.5,83,5982.2671444762045,4046401671.029397
24,47,1.3243769149043945,1.7776186042201267,1.7677959068196802,1.5962368100751754,1.3013652134972569,0.06755534945059957,1.0,1.0,0.9,0.7,0.5,84,6260.037889952151,4046190521.395648
24,48,1.3213209502008585,1.7799805624303264,1.781755566426368,1.5984790434586424,1.317347438332825,0.06683206685816845,1.0,1.0,0.9,0.7,0.5,85,6240.967104392025,4045969318.487512
24,49,1.3188052816737703,1.7649340786673995,1.7533705162369944,1.5893115728131941,1.266138948847611,0.06475441657727987,1.0,1.0,0.9,0.7,0.5,87,5895.431624514428,4046590008.611654
24,50,1.316396337731946,1.7614974372980683,1.7600625870559536,1.6112594192916523,1.3180020934901728,0.06712086248751345,1.0,1.0,0.9,0.7,0.5,89,7651.388029843653,4045944680.107667
24,51,1.315939300380641,1.7589678752936244,1.75705109056157,1.6288804549290263,1.26724451642419,0.06743699413743084,1.0,1.0,0.9,0.7,0.5,92,7775.042848452518,4045961843.3479815
24,52,1.3034633514663065,1.7364018424593197,1.7321682342737934,1.6256759500328897,1.3461575515555828,0.057395418786523024,1.0,1.0,0.9,0.7,0.5,93,4956.155075461031,676915.8325452679
24,53,1.3026445685515564,1.7219380639192146,1.704146893130196,1.631875723485786,1.2747756220631525,0.057386126142203196,1.0,1.0,0.9,0.7,0.5,94,4999.194611445635,676936.070335693
24,54,1.3017473549173015,1.7307042296024666,1.7255690606688163,1.6247553969090909,1.2580332114042099,0.056913443395905816,1.0,1.0,0.9,0.7,0.5,96,4878.408501855154,678283.6769945321
24,55,1.3086210685551878,1.710844662991763,1.6787365045524119,1.6399236721033112,1.2990913693203603,0.06605099240992195,1.0,1.0,0.9,0.7,0.5,97,8453.617642612677,3532952289.672765
24,56,1.2990877230858064,1.7189053980033007,1.7117256383421569,1.6384024169246212,1.2951063062715673,0.057069548624261335,1.0,1.0,0.9,0.7,0.5,98,4991.18351734057,677161.2650288658
24,57,1.2986959905704822,1.7278447473689853,1.7332502374125403,1.6786547174298099,1.2536379300199743,0.057245958149415556,1.0,1.0,0.9,0.7,0.5,106,5159.614469870538,675341.6087795502
24,58,1.2969792025232358,1.70685795913084,1.697490451581956,1.6637375195995703,1.2882289962848084,0.05787681256941617,1.0,1.0,0.9,0.7,0.5,108,4789.047639441517,670843.643952361
24,59,1.2967469553274955,1.7495551834531584,1.7917738969349446,1.7082144002759851,1.2611964254242065,0.05821908216105737,1.0,1.0,0.9,0.7,0.5,110,4516.78271734394,670687.853515452
24,60,1.2918712764743798,1.7022308241958726,1.7141522139812184,1.6876332809216663,1.4272568190467512,0.05840968304247618,1.0,1.0,0.9,0.7,0.5,111,4427.324760965431,669945.12591434
24,61,1.292017323222888,1.7015022207858679,1.7132391706183572,1.706019000332371,1.2566221410101992,0.058796307364933874,1.0,1.0,0.9,0.7,0.5,113,4615.840938799073,668682.6667116693
24,62,1.2917541315560204,1.7113861439757425,1.7359002245364046,1.7100628604386614,1.2620103746393523,0.058778189552521065,1.0,1.0,0.9,0.7,0.5,114,4598.42696333278,668771.2579176194
24,63,1.288690108410468,1.6895008689542013,1.699414258757843,1.7076917327926893,1.3168213725824112,0.05729299550120074,1.0,1.0,0.9,0.7,0.5,115,4536.942881525967,668984.8711546003
24,64,1.2811575194174059,1.6330915877891286,1.6008393383537132,1.6965104538034481,1.3117771093399573,0.05249139800688109,1.0,1.0,0.9,0.7,0.5,117,4257.93000547248,668969.0498560945
24,65,1.2807589826699268,1.6503812334172823,1.6431626616161652,1.7090667561010573,1.2872023050554366,0.05308120002314639,1.0,1.0,0.9,0.7,0.5,118,4111.752273073995,670868.3206719967
24,66,1.2781392895037689,1.62230974129375,1.5991974975937155,1.7181318848017226,1.3068061660533279,0.053110154109354255,1.0,1.0,0.9,0.7,0.5,120,4285.95295039033,670458.8549485415
24,67,1.2780676966679436,1.6219302831438096,1.5987560935702878,1.7254044564751303,1.2490346086780528,0.05309068112757872,1.0,1.0,0.9,0.7,0.5,122,4289.171830598114,670831.6851849547
24,68,1.2929288543632966,1.6565081525083252,1.680330503259095,1.761764834283022,1.3689217018658946,0.07418895305391619,1.0,1.0,0.9,0.7,0.5,124,4081.8885461464647,685263.93788924
24,69,1.282645651044524,1.6774120638262795,1.7397585196685448,1.7782150297963666,1.2761613035525465,0.0631665241665547,1.0,1.0,0.9,0.7,0.5,125,3900.4921606398057,697775.0526126759
24,70,1.287053080650232,1.650229424618692,1.6955879542113648,1.7910010839725106,1.3458317983791463,0.071283260448498,1.0,1.0,0.9,0.7,0.5,127,3920.645211243986,698469.1532725493
24,71,1.2887940319541893,1.6317924309046812,1.6949935195153936,1.8204687431356958,1.3542669850616182,0.07883080895161153,1.0,1.0,0.9,0.7,0.5,131,4017.141815997743,684387.2868223322
24,72,1.2854888412303376,1.6009136600836664,1.6371408015275404,1.797852903414585,1.2777633495703373,0.07573182628454109,1.0,1.0,0.9,0.7,0.5,135,4039.493772802787,682098.9291684153
24,73,1.2840406403185396,1.5780363873350465,1.5993344144793447,1.8040860539167816,1.3479136500796152,0.07527501377642712,1.0,1.0,0.9,0.7,0.5,136,4033.0235791594887,682034.9497940248
24,74,1.2840625520755884,1.5724387060189453,1.5926859652735552,1.7886162656624105,1.2890106960089214,0.07587249400182065,1.0,1.0,0.9,0.7,0.5,138,4026.0323271675247,683916.9246266135
24,75,1.28390592416256,1.5817915059734686,1.6147221272139785,1.8000341736924312,1.2746890789468197,0.07587249400182065,1.0,1.0,0.9,0.7,0.5,140,4019.690416837524,683690.6605422124
24,76,1.2830577966210623,1.5769113409742175,1.609085567265717,1.8221441212546812,1.2683920674324645,0.07535810772641703,1.0,1.0,0.9,0.7,0.5,148,3997.721011658496,683182.0684993116
24,77,1.282444716464288,1.5804774955870826,1.6243441376461223,1.833163966858974,1.2965811239238714,0.07535810772641702,1.0,1.0,0.9,0.7,0.5,150,3978.8011077348174,682518.6319812613
24,78,1.271334704399137,1.6260740466296824,1.735070834370872,1.9436017572487239,1.257785599060881,0.06294785101754813,1.0,1.0,0.9,0.7,0.5,165,4815.991958077461,690057.2241479092
24,79,1.2704864699528309,1.6332128427304353,1.7546111565436795,1.943137187519985,1.280499386561123,0.06231698005758324,1.0,1.0,0.9,0.7,0.5,166,4777.829997220646,690100.3137527306
24,80,1.260408971388947,1.6084982677987134,1.727181221137272,1.932812662079006,1.302558834916562,0.05247312337657252,1.0,1.0,0.9,0.7,0.5,168,6890.348041108404,689971.1726011606
24,81,1.260349973291759,1.6033496711364759,1.721092048400502,1.9484283061026808,1.2571601034005213,0.05285476375594905,1.0,1.0,0.9,0.7,0.5,172,6827.719567278378,690162.3139749303
25,0,0.8421810475177594,0.9616544775892938,0.9061137692088738,0.009242125085512311,0.0,0.0,0.0,0.0,0.9,0.7,0.5,1,3237.0552683094347,7240.456033468433
25,1,0.886096533427023,1.0185026618900206,0.9621519458030148,0.07378150638421474,0.07809601409724781,0.06827739844044386,8.620034091585e-05,0.00013585291659822,0.9,0.7,0.5,3,3244.8803463103936,6944.340059159947
25,2,0.8555661868444319,1.0092441017227514,0.9515075711660136,0.07418718185277148,0.11692564352416861,0.05603365044481361,0.0097072877844306,0.00637182576862669,0.9,0.7,0.5,4,3017.6042982169524,7200.843307478581
25,3,0.6928389331568837,1.0264846162944685,0.9813001664321074,0.16032582389141126,0.4080220168811842,0.07985209712236543,0.042007809012975086,0.06500551395103796,0.9,0.7,0.5,6,1714.1053662856702,5718.670433599636
25,4,0.6303284155465797,1.0150226486139036,0.9483153813085098,0.20096955193936492,0.3570556997954545,0.07475061938865055,0.0787644037672834,0.12173846379273649,0.9,0.7,0.5,8,1210.9302446791694,3805.4009682973456
25,5,1.0284538627125854,1.442899993173701,1.400906794633556,0.6416554223839674,0.6487585471847138,0.07357325292495645,0.35835445247373615,0.5584012000871695,0.9,0.7,0.5,9,2406.015294633582,3069.419693465624
25,6,0.5979545623844474,1.0032534878304968,0.9326788203680318,0.21544893289108477,0.2993290869079431,0.08389010697904234,0.08046397401722667,0.12453514517330137,0.9,0.7,0.5,10,1162.6549624282163,7832.355860043679
25,7,1.0338182812650867,1.4875250868334486,1.45253112019264,0.7188501469880368,0.8043852777151403,0.08157645162503398,0.39176341205816895,0.6341490123056924,0.9,0.7,0.5,11,2351.2554912424644,2381.1279821088083
25,8,0.785361608483646,1.2467623011762123,1.2096229998842225,0.4814530171885273,0.5238357309348126,0.07473713259681142,0.2580197536749892,0.3772288596439164,0.9,0.7,0.5,12,1345.006502858827,3943.413312980926
25,9,1.0507978339757518,1.5262203134885894,1.5012116273800988,0.7824767675157067,0.727563778453866,0.07216565799339947,0.467442818976154,0.6353309358704055,0.9,0.7,0.5,14,2300.124031950435,1866.0407113092283
25,10,1.0439185573666614,1.5432129395709429,1.5263070877090317,0.8247573898439848,0.8440831169204438,0.08565018537537145,0.46244092768252665,0.6868352864552929,0.9,0.7,0.5,16,2445.8113971338557,1603.130646520658
25,11,1.0406142571659558,1.5406037997574464,1.5233549823233137,0.8347537328327954,0.750602506032092,0.08483100838848076,0.46253658861081715,0.686963989059403,0.9,0.7,0.5,18,2446.289897567244,1564.903429038285
25,12,1.0392259453484827,1.5396262140354682,1.5221679398143328,0.8373442440361156,0.7523809354815088,0.08458441691455752,0.4627251936184881,0.6876341156538777,0.9,0.7,0.5,19,2456.6222313731128,1353.191078445905
25,13,1.091400895287248,1.6009282038697958,1.5761893756147156,0.9403730230202743,1.144605293143981,0.05111524238856522,0.7294281831669456,0.5821236606419544,0.9,0.7,0.5,20,1463.9779786800896,25122.53828588592
25,14,0.9560915667028882,1.4657735293857728,1.4407624684047147,0.8066578079511493,0.7251814139850685,0.057420231832066036,0.5882705830531866,0.5012645482624731,0.9,0.7,0.5,21,1432.830565336963,19909.68245475322
25,15,1.089205696995303,1.598908094332635,1.5738660285159207,0.9482666743287227,0.8487033332597844,0.05071398832238525,0.7295040937998278,0.5822407887186319,0.9,0.7,0.5,22,1460.7095734195962,24958.71983976812
25,16,1.1099194314392948,1.6198601093160958,1.5943470099700159,0.9773569767297587,0.8903088649747761,0.05100196565568856,0.7494723288072049,0.601171551718595,0.9,0.7,0.5,23,1504.9041016333338,24833.03894459881
25,17,0.9106856417397036,1.421199329260362,1.3913624694891944,0.7920263824918363,0.8741043288990984,0.05964434723003884,0.562985609700959,0.49986990500298256,0.9,0.7,0.5,24,1649.7806952559422,15338.430795720822
25,18,0.8116552787257751,1.3204933221874766,1.2870104174010606,0.7142525081804278,0.6926338526887263,0.053857345718916226,0.48718507571706837,0.4575753905180709,0.9,0.7,0.5,26,1473.7125168070038,14002.828904872244
25,19,0.8099763898404326,1.329769358950037,1.3089569481012049,0.7257437682329926,0.6249931092801104,0.05385734571891628,0.4871850757170689,0.45757539051807206,0.9,0.7,0.5,28,1515.9418497280417,13690.091166832592
25,20,0.8110532951483171,1.3192481444381008,1.2849345827145977,0.7376278250360561,0.6423030503519993,0.05521213005089477,0.48838302213915225,0.46066949864431894,0.9,0.7,0.5,29,1478.256553778314,13898.181636065165
25,21,0.8309219160695254,1.3370433292678698,1.3005683342634793,0.766411403300093,0.7404557668009941,0.05220388490336355,0.5121016682273044,0.49371053091310146,0.9,0.7,0.5,30,1575.555739906113,12592.948527732768
25,22,0.8973141145997001,1.4138139358601125,1.3896152033959277,0.8690596488115485,0.7319561860032207,0.06320479219593891,0.5083016817202797,0.6188227842847481,0.9,0.7,0.5,33,1521.419657501713,15218.51068406196
25,23,1.4225162359707664,1.935071097054526,1.9079587089345789,1.417945939955874,1.3792684680744336,0.06708584771391043,1.0,1.0,0.9,0.7,0.5,34,1918.302602093187,112266.56078794456
25,24,1.4005096250892368,1.879535723332346,1.8204012968811725,1.4077238380253327,1.38514677272679,0.06934103523025222,1.0,1.0,0.9,0.7,0.5,36,2368.7029998019552,106906.32589367084
25,25,1.4033393066853947,1.8705534667362045,1.7981379522335277,1.4175306673437853,1.2777080521993511,0.0736306114952013,1.0,1.0,0.9,0.7,0.5,37,2304.9000537165707,77889.92370708828
25,26,1.3904051726447488,1.8308146775071166,1.7304604788771427,1.3833356083601704,1.339272781077687,0.06694656491617819,1.0,1.0,0.9,0.7,0.5,38,2463.3889059877506,102284.63091575002
25,27,1.411032428624036,1.861358829047016,1.7734647062704523,1.4055411475598105,1.3047892962426544,0.0919415327215113,1.0,1.0,0.9,0.7,0.5,39,6141.29497947752,113244.80271085208
25,28,1.403785890374157,1.886459807210175,1.8370462855777108,1.436190014238056,1.2879005528101117,0.08586327362187529,1.0,1.0,0.9,0.7,0.5,41,5407.386482351596,111974.49880609596
25,29,1.4068983075351633,1.8875290771837117,1.8372931041344218,1.4447111361572422,1.3167391421730832,0.0923873525141936,1.0,1.0,0.9,0.7,0.5,42,5929.044996454891,112230.7253537212
25,30,1.3739434425569903,1.8397896345594218,1.784171783623315,1.4285924687723623,1.486295713152541,0.07426099673433523,1.0,1.0,0.9,0.7,0.5,43,5294.63272662964,111859.49408694512
25,31,1.3734987517760473,1.850087185958918,1.8073147535879257,1.447355026438015,1.2699892657036058,0.07426099673433514,1.0,1.0,0.9,0.7,0.5,45,5315.266354346696,111990.30341631736
25,32,1.3529303254782463,1.8075444746863512,1.7482887962876161,1.4313566730432339,1.398070534618499,0.06203511088662104,1.0,1.0,0.9,0.7,0.5,46,2441.638454511159,73009.85488979473
25,33,1.3470418605977401,1.7831844354448654,1.718493773842066,1.4420752184344776,1.3739282690832448,0.07023083893622498,1.0,1.0,0.9,0.7,0.5,48,3469.0624515408263,109571.57017751092
25,34,1.33232594291177,1.7643770672852832,1.6985383694274572,1.4293781301325268,1.2986569385368982,0.056781939381815014,1.0,1.0,0.9,0.7,0.5,49,3003.886296527662,130853.94494200851
25,35,1.3716440038580056,1.8163504596768283,1.7738862654496779,1.4890220806280385,1.4028093686858547,0.10667394099960703,1.0,1.0,0.9,0.7,0.5,50,3935.397033424358,79434.73875217982
25,36,1.3704622132251871,1.8126583481130165,1.7695365303187514,1.4985146357262087,1.3094276971309733,0.10683849612394103,1.0,1.0,0.9,0.7,0.5,52,3904.4068052759008,79574.95245218955
25,37,1.369362437856961,1.7986055884114567,1.7420247362366517,1.501374351563641,1.3147828982464211,0.1066480024400066,1.0,1.0,0.9,0.7,0.5,53,3784.477507459886,77275.50688324754
25,38,1.3682848451575405,1.8070564586969495,1.7630436964050662,1.5139964551263234,1.3131512089000918,0.10639411427309595,1.0,1.0,0.9,0.7,0.5,54,4054.56372079033,80006.2923852928
25,39,1.3109982034284262,1.752809778360279,1.7196564815499136,1.4566820078227956,1.2888120303827106,0.04756201805689578,1.0,1.0,0.9,0.7,0.5,56,2226.976146972226,72693.84874112983
25,40,1.3457590259003025,1.7860560580700628,1.7525758804668068,1.5081486933384216,1.2865968521488678,0.08662305211969852,1.0,1.0,0.9,0.7,0.5,57,4225.063547683289,88165.09763863377
25,41,1.3034652808837632,1.7114021294937087,1.670138256748289,1.4713326703448015,1.5665248811796293,0.05417458292907967,1.0,1.0,0.9,0.7,0.5,58,3073.6734083669426,93429.513178658
25,42,1.302747132045318,1.7009678094113365,1.6574816205216298,1.4726692081287172,1.2964577891347078,0.05699949469016875,1.0,1.0,0.9,0.7,0.5,60,3156.195437989155,109276.32890060004
25,43,1.3023425525179473,1.6874718476805064,1.6305579675394686,1.4794045946256404,1.2689099779750126,0.057224597236495436,1.0,1.0,0.9,0.7,0.5,61,2605.978486533913,94107.2156827296
25,44,1.3338026492424913,1.7273753010656607,1.7038941674849695,1.525308197374023,1.5179409347144077,0.10034411841799784,1.0,1.0,0.9,0.7,0.5,62,3964.917147612468,75597.04789632442
25,45,1.3272335386460694,1.7096881081356488,1.6838182119811116,1.5370692076705947,1.335258969739449,0.09619078006104888,1.0,1.0,0.9,0.7,0.5,64,3796.593708197685,79261.50858553253
25,46,1.3309340770575953,1.7015804863331079,1.66258400865068,1.5338619721751778,1.295066277873992,0.1004482295078764,1.0,1.0,0.9,0.7,0.5,65,3914.4893259976234,75853.94027486455
25,47,1.325834745405158,1.7052335697353382,1.6787140207713303,1.5395561712008266,1.307639809346437,0.09545595501369739,1.0,1.0,0.9,0.7,0.5,66,3750.969556857293,80702.03941230473
25,48,1.3288039137164989,1.7042018056571444,1.6768370836091169,1.556571483651996,1.3068650625754212,0.0997935311525214,1.0,1.0,0.9,0.7,0.5,68,3903.404648497101,76388.09409093318
25,49,1.3260003279826376,1.711042789078585,1.6963491941861026,1.5643495399253713,1.3008532016534926,0.09708278738527236,1.0,1.0,0.9,0.7,0.5,69,3828.449106039076,89444.17209677426
25,50,1.3280853516813291,1.7014506367952063,1.6736568766946023,1.5594895294583018,1.293581441995769,0.09951903388374164,1.0,1.0,0.9,0.7,0.5,70,3786.6026656104714,76181.91599275882
25,51,1.3172959818042784,1.6967051892987675,1.6808278215356722,1.5596086444668873,1.324253338095407,0.08883223937726749,1.0,1.0,0.9,0.7,0.5,71,3201.792610436048,81717.03797248681
25,52,1.323870139653591,1.66808729845784,1.6128780215650398,1.5491596527598854,1.29359605091456,0.09652460060927356,1.0,1.0,0.9,0.7,0.5,73,3808.473820541233,88910.36953338221
25,53,1.3224137291705085,1.681540836626872,1.6614657900036658,1.5842243318919573,1.3287551758028135,0.09921670031820692,1.0,1.0,0.9,0.7,0.5,77,3397.0232454085044,75236.20468928386
25,54,1.317029557255733,1.676406695001408,1.6778479285888734,1.5944454728757576,1.3793130199846686,0.0977109938231273,1.0,1.0,0.9,0.7,0.5,79,3443.506256090664,76617.10388956292
25,55,1.3155066002871436,1.6787907759013911,1.6917753734112329,1.6039602060535811,1.3470278460845324,0.09736485939203707,1.0,1.0,0.9,0.7,0.5,80,3340.136959099816,76445.90702640833
25,56,1.3154967662037862,1.678720509371553,1.6916930255294236,1.6109909365289503,1.2881180321782784,0.09736485939203707,1.0,1.0,0.9,0.7,0.5,81,3346.699639465021,76515.52369154622
25,57,1.3160057390200386,1.6503939731135644,1.6360894736897382,1.6012240786100105,1.3412137961592205,0.09906835790586628,1.0,1.0,0.9,0.7,0.5,82,3278.554142823444,76294.1266441958
25,58,1.315889856564087,1.6607373430775292,1.6592859205656434,1.6081498183740686,1.29216166395834,0.09906835790586628,1.0,1.0,0.9,0.7,0.5,84,3289.2388575032137,76413.11634782868
25,59,1.3143170972016722,1.6690106395558315,1.6802910320333804,1.6209055128552796,1.2987529241364992,0.09755471430197676,1.0,1.0,0.9,0.7,0.5,85,3304.89619731152,76144.81399165312
25,60,1.3134450133341178,1.6206764077625344,1.5794322826334408,1.598887563136468,1.308631936443607,0.09703563966022036,1.0,1.0,0.9,0.7,0.5,86,3134.246174869618,76267.69397188054
25,61,1.3134614215760991,1.640501749846769,1.624745458951614,1.6309238581830274,1.298366557173513,0.0974963989598988,1.0,1.0,0.9,0.7,0.5,88,3083.255978100974,75849.25475470399
25,62,1.3117370062888845,1.6461064414584312,1.6425898427863754,1.650927030274517,1.3173336923666557,0.09621050132336664,1.0,1.0,0.9,0.7,0.5,89,3171.0408775687,75748.70372490735
25,63,1.3140771006859602,1.6464055289685646,1.64248860554867,1.6462047463005942,1.2973794027962464,0.09913996594247364,1.0,1.0,0.9,0.7,0.5,91,3343.136458811235,76771.19175771462
25,64,1.3121014296083668,1.6434406090389864,1.6393299013057012,1.6549789809963373,1.2953034810138613,0.09710315149659582,1.0,1.0,0.9,0.7,0.5,92,3156.3532639219693,75777.74767109884
25,65,1.3145646591451574,1.6614905937760787,1.6820481972448194,1.6686964765744485,1.3179920664485418,0.10090772669488508,1.0,1.0,0.9,0.7,0.5,94,3337.143604865852,76473.7365852696
25,66,1.3105128478959456,1.6454013642874208,1.65279596281124,1.6682738182984218,1.2901915400525217,0.09653322445383494,1.0,1.0,0.9,0.7,0.5,96,3332.7795206430974,76538.4946887948
25,67,1.3103198747178417,1.645142986250639,1.6525248822368848,1.6791313857550636,1.2869554548977935,0.09632877072948298,1.0,1.0,0.9,0.7,0.5,98,3331.049327966031,76735.15495051947
25,68,1.3093372423682244,1.662457940197569,1.6950413338505612,1.6918930457762749,1.3188833954888801,0.09585707748721128,1.0,1.0,0.9,0.7,0.5,99,3366.7793417441326,76500.61621991858
25,69,1.309174591453491,1.6676617194057008,1.7121139185552283,1.7104569618545424,1.2945730271785294,0.09653233602441427,1.0,1.0,0.9,0.7,0.5,105,3194.710266443,76098.09847509561
25,70,1.311621293136242,1.6697631267490785,1.714148544714255,1.868991275714079,1.2895000019904166,0.09930053384190092,1.0,1.0,0.9,0.7,0.5,126,7447.279968169333,99655.08876575256
25,71,1.312125856461041,1.6697426757594056,1.7140265871692661,1.8818607364271236,1.2920135385580656,0.09993659485493714,1.0,1.0,0.9,0.7,0.5,128,7499.840196831197,99536.28909286548
25,72,1.310820368274673,1.677905884007918,1.734854855105596,1.884316890042512,1.295699482594082,0.09873374180413405,1.0,1.0,0.9,0.7,0.5,130,7535.223745631801,99801.7193240304
25,73,1.3125268099514065,1.6683998327451794,1.7123467268512202,1.8983825245055028,1.2906317093902957,0.1006309968002919,1.0,1.0,0.9,0.7,0.5,131,7450.189151486811,99772.07177147872
25,74,1.311035620578397,1.6653947342234448,1.7090493434938927,1.8994482417599876,1.301189575901741,0.0991881879557618,1.0,1.0,0.9,0.7,0.5,132,7521.07968879779,99577.69739814918
25,75,1.3108153728072034,1.6644788420601704,1.7079992539259383,1.9066848869954318,1.2918756621665644,0.09904131067452607,1.0,1.0,0.9,0.7,0.5,134,7368.450854433499,100088.24299915126
25,76,1.3108492376269987,1.6644969218605707,1.7080143794586922,1.9104393889897135,1.2892956709651626,0.0990811552732494,1.0,1.0,0.9,0.7,0.5,135,7549.082126155356,99618.16319324845
25,77,1.3155450467365366,1.5868630978369638,1.5386203202036128,1.852023111799109,1.3268878501736348,0.10487240449895951,1.0,1.0,0.9,0.7,0.5,136,41081.36050736709,91350.0297731982
25,78,1.3152181938623415,1.5696833968257433,1.5182194498699264,1.8337275714247707,1.4257343090484982,0.10668334393434209,1.0,1.0,0.9,0.7,0.5,137,40319.730345049225,90278.3028887034
25,79,1.3132343979357675,1.570964455102161,1.5309874880406502,1.8478076418534561,1.3583492509037751,0.10547825331050178,1.0,1.0,0.9,0.7,0.5,138,40953.70341795286,89353.95315826559
25,80,1.3118092114199145,1.5396275352039317,1.4831227449428523,1.8485624551100388,1.4375399640904973,0.10599236722830815,1.0,1.0,0.9,0.7,0.5,139,40674.436899773,89779.93850907733
25,81,1.3097265666287963,1.5297649442857617,1.4718009353331105,1.8500708207814545,1.3535725640600262,0.10450158317788971,1.0,1.0,0.9,0.7,0.5,140,41184.4725074926,88766.15852411023
25,82,1.3107926694520298,1.525109867116991,1.4660762980226512,1.8510855515961704,1.3392550087556985,0.10626987591733435,1.0,1.0,0.9,0.7,0.5,141,41221.90268842475,89022.18039939457
25,83,1.3077343928945786,1.517600642729776,1.457736663493325,1.8661434025709864,1.3268503827645235,0.10331396376841732,1.0,1.0,0.9,0.7,0.5,142,41052.32787141823,89495.15290303683
25,84,1.3105909459279617,1.5186853632904644,1.4584908344912813,1.8683391812851173,1.3028217066213685,0.10666348725923261,1.0,1.0,0.9,0.7,0.5,144,41736.19698977387,97483.3133123564
25,85,1.3089161149324364,1.514281669175278,1.453578863578553,1.8781814873706235,1.3153187588512587,0.1050665050420789,1.0,1.0,0.9,0.7,0.5,145,40775.18774562548,90200.84069794782
25,86,1.308753566597713,1.5135759571732916,1.4527726045004052,1.885264502323687,1.2983375494006757,0.10493508618213447,1.0,1.0,0.9,0.7,0.5,146,41267.175502080165,89738.67560542873
25,87,1.3082073826170801,1.5074162982341712,1.4455698673552062,1.8846475058814287,1.3371445528011958,0.10485989676265131,1.0,1.0,0.9,0.7,0.5,147,41022.95063256605,90167.849938436
25,88,1.3075541986612254,1.502426609359528,1.439775704918644,1.8911938226789133,1.3105884473743514,0.10453478325436971,1.0,1.0,0.9,0.7,0.5,149,41076.98750659289,90023.13585542935
25,89,1.3141722695810247,1.4838877082079143,1.3947278106294716,1.852989927995882,1.3059866122564754,0.11213018809824489,1.0,1.0,0.9,0.7,0.5,153,41458.25967231474,89984.63407281633
25,90,1.3126442073680191,1.4823282322389193,1.4040939823874423,1.8643147594980625,1.3425732121916532,0.11140859879051268,1.0,1.0,0.9,0.7,0.5,155,41682.15466043947,89807.35147272205
25,91,1.3052174760327029,1.4921133702766323,1.4389237128704027,1.909070506553377,1.3322633884945798,0.10358958355281464,1.0,1.0,0.9,0.7,0.5,156,39495.39284750841,93453.6335292648
25,92,1.3128064936233312,1.48697288827108,1.4205019062327124,1.8975307171282467,1.3066964261021732,0.11214760829087107,1.0,1.0,0.9,0.7,0.5,158,41617.9080726156,90670.20720585898
25,93,1.30395295375678,1.4899508258594472,1.4475400215868803,1.9388276932938615,1.332512008742907,0.10315152181356022,1.0,1.0,0.9,0.7,0.5,160,39567.976411846204,93389.518917756
25,94,1.3030144919216167,1.4919555823603472,1.4610347242820907,1.9583059882380258,1.3231158610183218,0.10273021451377931,1.0,1.0,0.9,0.7,0.5,162,39695.51814533802,92455.28448332495
25,95,1.3029882353227653,1.4856820369875021,1.4536211411126136,1.9617105194881868,1.3160879452673417,0.10315630532369209,1.0,1.0,0.9,0.7,0.5,164,39740.38760741388,92740.96238048354
25,96,1.3018683922481082,1.46721293811668,1.4210322867624483,1.9504727093200125,1.314934498781261,0.10234599523895638,1.0,1.0,0.9,0.7,0.5,166,39961.73572384372,92884.04792488892
25,97,1.302260369327273,1.466807352466489,1.4204813938671186,1.9616504465194375,1.2955485520682508,0.1028375504856911,1.0,1.0,0.9,0.7,0.5,168,39837.81554395567,92784.7832872245
25,98,1.3018332401801995,1.488668001649443,1.4683212199323092,1.9884119760126269,1.292956662636365,0.10237069884905114,1.0,1.0,0.9,0.7,0.5,169,39933.42794732207,92541.86510458682
25,99,1.3016457564052484,1.4733260221032733,1.4392605223388126,1.9890468601664342,1.2995130592249629,0.1024330716062816,1.0,1.0,0.9,0.7,0.5,173,40110.99162562921,93332.4126835466
25,100,1.3012658708155946,1.4902190242085451,1.4812220291622644,2.009486406538143,1.311134750308653,0.10235496538358883,1.0,1.0,0.9,0.7,0.5,175,39766.06480270287,92527.58079427623
25,101,1.3007630282390577,1.4866219567596142,1.477063684947494,2.0418324394273393,1.2946616691971524,0.10199939393839057,1.0,1.0,0.9,0.7,0.5,183,39913.27164674499,93052.71483529329
25,102,1.3026222163719212,1.4875138460250388,1.4777803131098541,2.076052208798366,1.294734911013094,0.10412786776579981,1.0,1.0,0.9,0.7,0.5,190,39687.681032583336,75900.76099504325
25,103,1.3005835550101987,1.5016322317517965,1.5167676900672256,2.106384525675364,1.2997328649018591,0.10226162781995307,1.0,1.0,0.9,0.7,0.5,196,40645.51371577692,77519.73203470033
25,104,1.3000148798142912,1.4946395965538304,1.5086137069234145,2.102466845780925,1.339185377299367,0.10202683149568711,1.0,1.0,0.9,0.7,0.5,197,40701.39810311983,77866.3483546447
25,105,1.2996925572269646,1.4757761696475922,1.475425761615668,2.094448494999558,1.3459379334048214,0.1021073454720209,1.0,1.0,0.9,0.7,0.5,198,40542.97381928458,77694.14170013994
25,106,1.2997825342625924,1.4832376456029204,1.4951971209209538,2.1091294355542054,1.3202988267110671,0.10242958524096339,1.0,1.0,0.9,0.7,0.5,199,40584.12144563886,77150.43607323756
25,107,1.3000166139431397,1.4799660861022372,1.4912943541729247,2.1235027677028637,1.3183459776240576,0.1028896957991238,1.0,1.0,0.9,0.7,0.5,200,40445.36977172208,77275.18208533643
26,0,0.8052897141889848,0.9516586790490768,0.8944061313542546,0.008323050242275802,0.0,0.0,0.0,0.0,0.9,0.7,0.5,1,3938.899918891793,8769.411063151392
26,1,0.8310083653680647,0.9934607898971155,0.9351318742079483,0.059227670920905105,0.07003639769701876,0.05331175859089328,0.00010936365514201,5.996254056922e-05,0.9,0.7,0.5,3,3888.380323787266,8647.727209257946
26,2,0.7727049137216566,0.9620447797952472,0.9018160731833971,0.04020294127689664,0.105243798203282,0.01895330672316009,0.014954875354846511,0.00047622433905994004,0.9,0.7,0.5,4,3929.543855938603,8728.805583119029
26,3,0.5688688977406595,0.95295252060144,0.886349210314715,0.12521903317504768,0.9107834232585685,0.0651872119990073,0.06357827762731869,0.034859067636288946,0.9,0.7,0.5,5,3335.5607019116264,6475.021477113614
26,4,0.566727259438861,0.9980809546898975,0.9208289019051819,0.23143767367076368,0.44504450669120144,0.09511033295468148,0.11557006695777987,0.1228252613782479,0.9,0.7,0.5,7,2648.633822893513,7307.2764478691
26,5,0.5882667916535034,1.0399067838554443,0.9722911374955316,0.28625727554914776,0.346779839888507,0.09421569907935387,0.16799703652115033,0.15157022500698877,0.9,0.7,0.5,9,2822.2793680469176,6702.21374838161
26,6,0.5852582577666747,1.0375937591645892,0.9696757053085298,0.29473367614926155,0.2837979588051003,0.09347979238984674,0.1680849502428816,0.1516778610750667,0.9,0.7,0.5,11,2802.8915417518883,6559.890947091371
26,7,0.6622194256088741,1.127486944279385,1.0717785234395478,0.38373580648726113,0.37168946309102935,0.07149771647556613,0.28020659611934384,0.20088882643863043,0.9,0.7,0.5,14,2191.82699665221,6494.667243524273
26,8,0.6203182454374533,1.0888117076211534,1.031448014492136,0.37475240552231465,0.39958109928880575,0.07025065034663898,0.2961935985315066,0.12273225789829123,0.9,0.7,0.5,15,1906.05428963456,11511.029041920085
26,9,0.6267333435285951,1.10701729152813,1.0623156382034409,0.390589044599309,0.3478064689899506,0.07110431280728645,0.30286029269614934,0.1298174701410098,0.9,0.7,0.5,17,1905.8081346374324,11544.437552497917
26,10,0.8508184708842661,1.3344751414887108,1.2874717779783682,0.6402450864406614,0.6755194617270519,0.09218969665754403,0.42357737439280313,0.4046556752680338,0.9,0.7,0.5,18,2437.3697525546686,14752.75671134407
26,11,0.8127770930181728,1.3082167547603567,1.2737384208280416,0.6203310848245004,0.5568123853076996,0.09209403678041475,0.39814255836472384,0.37106407117844104,0.9,0.7,0.5,20,2536.920621011516,14332.0057607567
26,12,0.8127770865448177,1.3194211034208247,1.2979432519650145,0.6280529851777934,0.5471166963671301,0.0920940367804148,0.3981425583647203,0.3710640711784426,0.9,0.7,0.5,22,2536.922783986599,14332.011762971018
26,13,0.8445667231192151,1.340045519298582,1.305533497122657,0.6727702708961456,0.5805165257848717,0.0919833616008204,0.4173692313964952,0.40839737621627614,0.9,0.7,0.5,23,2618.959066957258,14636.264840743246
26,14,0.8260605301233958,1.333086870930538,1.311274504399728,0.6634752284294899,0.5750058989379009,0.0918834385141546,0.41570817434685925,0.3780897081470445,0.9,0.7,0.5,24,2375.9441111678425,14713.758913601932
26,15,0.8046623566901198,1.3233518295547833,1.3141126885962189,0.6612665288126198,0.5530091298738999,0.09181551256593577,0.40078031334784237,0.3622247140591497,0.9,0.7,0.5,26,2404.6391914465985,14456.573061690262
26,16,0.8463608634595117,1.3560643942445818,1.3310193085443789,0.713788226226522,0.6618010785248967,0.09193874762445434,0.48881035730665634,0.3593556135661419,0.9,0.7,0.5,28,2218.9425776666344,13093.398692163326
26,17,0.8366055282000437,1.3575812432390006,1.3454094177920375,0.6953660087907927,0.5973755417902912,0.091965122943803,0.47985217264666247,0.3539619908805021,0.9,0.7,0.5,31,2232.814318711853,13199.037779864924
26,18,0.8360509136259506,1.3570709133325145,1.3448117230865406,0.695317332778209,0.597423496455229,0.09196512294380288,0.4798521726466626,0.3539619908805024,0.9,0.7,0.5,33,2276.052918913889,13325.064921914349
26,19,1.184187601334158,1.7388818028196356,1.7655518620554675,1.0909557085437096,0.9458192262576786,0.07743893863769517,1.0,0.34914241742464613,0.9,0.7,0.5,35,5150.254525673698,17210.33631364791
26,20,1.1488482556978823,1.6815685673488194,1.6816336092709763,1.059272550844864,0.938575221818302,0.07196908052634499,1.0,0.2962324092167818,0.9,0.7,0.5,36,9897.121369284929,16650.923773388284
26,21,1.1244983760888012,1.6351255075320759,1.6070067736372633,1.0353527555143467,0.9454966198172451,0.047994767598958335,1.0,0.3168062465223624,0.9,0.7,0.5,38,9125.08319440591,306397.6960588003
26,22,1.1368274409723322,1.6474637938390517,1.61876371721841,1.0565032726658306,0.9410417988067189,0.04366950875642162,1.0,0.3560562711859269,0.9,0.7,0.5,39,3758.060173806228,311235.649621076
26,23,1.1224479118274948,1.6552215090741687,1.6504057658457512,1.0830558930156133,0.9441295716626313,0.07288625034346795,1.0,0.29888704891378176,0.9,0.7,0.5,42,9842.185725823172,16714.861613461253
26,24,1.1146487752456302,1.6464691272433938,1.6397584404355154,1.090805686854093,0.9558116345499847,0.07103125035821922,1.0,0.3068509680047808,0.9,0.7,0.5,44,9797.04305982232,16862.735299583044
26,25,1.3349505797334862,1.8659493270250738,1.8580652765352212,1.3229656599438542,1.1914191996336787,0.06998511633134073,1.0,0.7613975788884508,0.9,0.7,0.5,45,9516.508772676669,24403.05122272629
26,26,1.3270657796608676,1.8678988921256885,1.8714396788091279,1.3313317094602146,1.1757539014304346,0.07002639698498679,1.0,0.7612149891700537,0.9,0.7,0.5,47,13756.214885699268,24968.355451209965
26,27,1.1023014727683875,1.642472234270104,1.6453881899487088,1.1119021384488046,0.9470590295199355,0.07439834798077408,1.0,0.30978791323410787,0.9,0.7,0.5,48,9952.60428109252,16054.016687115303
26,28,1.4957037422803978,2.0354711277522046,2.0378968934731576,1.5134623411303993,1.3387889178690235,0.130793710779955,1.0,1.0,0.9,0.7,0.5,49,9828.821552913138,19921.694560377466
26,29,1.0979000794001952,1.6368341024809352,1.6386478968490454,1.118738367385629,0.9464672082106206,0.07231209883965505,1.0,0.3151395212183268,0.9,0.7,0.5,50,9935.81186601904,15082.965823641236
26,30,1.0967465709186164,1.635020727447484,1.636293155713345,1.1264270306482376,0.9350295398622794,0.07306479519499262,1.0,0.31648019574929454,0.9,0.7,0.5,52,9894.90339285715,15168.793692985102
26,31,1.0093953043985726,1.5449165388274813,1.5441733587122624,1.0569592063585809,0.8867729863374277,0.06151770469960512,1.0,0.1805956979318716,0.9,0.7,0.5,54,7648.640911563576,12164.48698990977
26,32,1.0203166021082124,1.5541775414378511,1.5523634636751287,1.0785265596348774,0.8829786270295762,0.060415446801116233,1.0,0.2136081838922712,0.9,0.7,0.5,56,7610.998028123674,12177.226583176527
26,33,1.0177855486055338,1.5507145761821342,1.548330679657775,1.0843899495712082,0.8842683137146552,0.05968029565853602,1.0,0.21465947517297645,0.9,0.7,0.5,57,7624.4389344512065,12177.6739141728
26,34,0.968979203644893,1.5228115480396225,1.5455510011478832,1.0450026741740914,0.8516382664660492,0.05511149754036805,1.0,0.13251193562339192,0.9,0.7,0.5,58,7617.749953822176,13530.411525641031
26,35,1.021070065157173,1.5470222525518054,1.5408932151871264,1.1041942985386108,0.9961546149409614,0.06438571606283149,1.0,0.24254265219518656,0.9,0.7,0.5,59,7196.39713004018,11974.438615899122
26,36,1.1573001183942266,1.6900689320069051,1.6948745779549412,1.259317868233812,1.0655875033030473,0.07525869340555175,1.0,0.510780112619373,0.9,0.7,0.5,61,1905.7172147020672,13850.607469213515
26,37,1.158199615804469,1.6970003076749858,1.7125963445712526,1.2868983727983452,1.0619286296237775,0.08372530420582705,1.0,0.5128061896803713,0.9,0.7,0.5,64,1957.130585782419,14448.809279319586
26,38,1.1454284894842062,1.6759614132259624,1.6883972431293803,1.292997158266769,1.1569975519199573,0.07518973645806121,1.0,0.5230006441260008,0.9,0.7,0.5,65,2059.916437799948,13404.135896047446
26,39,1.1480000486972965,1.6719468013222745,1.6820360952552202,1.311841712152913,1.1347578509968312,0.08431346361621135,1.0,0.5259499226340292,0.9,0.7,0.5,66,1867.094958112301,13376.380494679144
26,40,1.1687834279664706,1.6786787565210508,1.6748041010889887,1.3210033279237705,1.1015369353055782,0.08608348078773972,1.0,0.5698883763166356,0.9,0.7,0.5,67,1877.501187663721,16270.976589026855
26,41,1.1487303445368813,1.6579178200536782,1.6538052810579598,1.319065491017915,1.0479120325400844,0.08601649889173628,1.0,0.5312638809592369,0.9,0.7,0.5,69,16731.37568913897,12042.521302827656
26,42,1.1487951653674966,1.676168260042703,1.6966723143850282,1.3356469415873162,1.103370622944522,0.08250166768395752,1.0,0.5454449383605116,0.9,0.7,0.5,70,2057.420630151006,13736.157142699672
26,43,1.0270033322305188,1.5115624949215607,1.4998841698859202,1.2402592208914784,1.0250658510596478,0.06530763922669144,1.0,0.3641865184440911,0.9,0.7,0.5,73,6053.691243507554,13306.373657227983
26,44,1.0497469674491655,1.5102695544254725,1.4920872139130883,1.2837559870408006,1.0658147412931067,0.06699271775796693,1.0,0.43452339230802195,0.9,0.7,0.5,76,6950.836269088068,13735.317206176182
26,45,1.0497366208339265,1.5213989175517404,1.5162004949969532,1.2941151058049756,0.9779157320357998,0.06737457998257403,1.0,0.4338806271695246,0.9,0.7,0.5,78,6949.480017934555,13713.86948307752
26,46,1.049109703774659,1.5185698910442402,1.5128044625494381,1.30143271838169,0.9896181722206515,0.06709045276531256,1.0,0.43535512764087453,0.9,0.7,0.5,80,6995.10067151158,13653.977291744875
26,47,1.0454980618857679,1.514850961658185,1.5090569252075952,1.3085815962192624,0.9757581706867344,0.06245046247189625,1.0,0.4366029746724447,0.9,0.7,0.5,81,6918.976755540481,14325.73142222972
26,48,0.9333979331356802,1.3860126438882923,1.3658067103868086,1.170244266192622,0.9231096776422975,0.05305612082188586,1.0,0.2347279090263573,0.9,0.7,0.5,82,6118.277889517087,12196.507410028804
26,49,0.9803442347542116,1.4498405752335837,1.464527387102055,1.2715180290079837,1.002852675827425,0.062269859401868285,1.0,0.32655866449206944,0.9,0.7,0.5,84,5861.375251607637,13706.734465031788
26,50,0.9730536589521963,1.4243972273919485,1.4348033650229601,1.2978589549056387,1.094510536330242,0.06109849611870209,1.0,0.32777189584945765,0.9,0.7,0.5,85,5850.700663710056,13261.196699284304
26,51,0.9619090749893442,1.4108481097653722,1.420709329905602,1.2653833341837548,0.929769934233591,0.061916467707232456,1.0,0.3055653051838697,0.9,0.7,0.5,86,5768.275139118943,12884.900502307348
26,52,0.9701478228941396,1.4230846984627306,1.444305569107033,1.3041693762413846,0.9859144177456104,0.05980799207738187,1.0,0.33058780115635344,0.9,0.7,0.5,87,6324.979691527733,12939.0235232821
26,53,0.9702671082416092,1.4183725393651618,1.4385051815753906,1.3124929176053461,0.9429544269421954,0.06166216243201841,1.0,0.3305344732303309,0.9,0.7,0.5,89,5774.873388710757,13070.887442514657
26,54,0.9715733715471304,1.417656907626156,1.4373368842209442,1.3470963333552617,0.9263863026485256,0.06277755245405882,1.0,0.3323820810353857,0.9,0.7,0.5,94,6096.337485013296,12193.070560326709
26,55,0.9561368617688495,1.3782283554461372,1.3820817796199107,1.3227351988775435,1.0262068666187032,0.06299569717981261,1.0,0.308544740949825,0.9,0.7,0.5,95,5992.388969258543,11548.758817504027
26,56,0.9614677258460077,1.3694563367705448,1.3702582270816754,1.3410444573783242,0.9822438969793702,0.06273989021785129,1.0,0.3270984252582456,0.9,0.7,0.5,97,7499.735776196617,12168.864311264922
26,57,0.9613244782395929,1.3799434881252484,1.3936229785925127,1.3521837283604525,0.9225167315491573,0.06273989021785129,1.0,0.3270984252582454,0.9,0.7,0.5,99,7492.200848493599,12252.769588679945
26,58,0.9607787737414906,1.3782440645291698,1.3916768844600222,1.3554549824033237,0.9247841883855401,0.06253363299154197,1.0,0.3269515978320043,0.9,0.7,0.5,101,7497.575165018936,12568.550654142568
26,59,0.9531732215477309,1.3682389591877646,1.3811600063340428,1.3554892149325417,0.9336202181632993,0.06450129158449475,1.0,0.3093768727675009,0.9,0.7,0.5,102,8231.082631787876,12785.463852916471
26,60,1.0091743782328628,1.419579176552926,1.4315106631160923,1.4147012439186157,1.0102163522053886,0.07919602750618612,1.0,0.3971626351132305,0.9,0.7,0.5,103,7702.648090791071,12345.854402426685
26,61,0.9521259198293153,1.3607578621493706,1.3723147035355727,1.3625672548750816,0.928503228220882,0.06461015771135821,1.0,0.3101509287027201,0.9,0.7,0.5,104,8205.759917296291,12739.849067553165
26,62,0.9600383494547211,1.3596881468997404,1.3693588972950796,1.382488011753448,1.0000876955207743,0.06630325726107147,1.0,0.32698965519905926,0.9,0.7,0.5,105,7341.438020724604,11657.00428767734
26,63,0.9605877963334466,1.3582759433828495,1.367537568207219,1.3905693558849008,0.932488356823665,0.06725833852718732,1.0,0.3272242259152423,0.9,0.7,0.5,107,7337.460410864849,11849.76680629261
26,64,0.9509574198113977,1.3354360583178417,1.3312791689226546,1.3738338112339734,0.932126320271627,0.06409964912682628,1.0,0.31451983886105017,0.9,0.7,0.5,108,7151.947206124882,12089.10379616396
26,65,0.9626827243730024,1.353371920004707,1.361181168269219,1.4006907340023556,0.9697656574426632,0.06937275990720031,1.0,0.330570270049566,0.9,0.7,0.5,109,7315.568158457812,11799.184093635851
26,66,1.095377776250393,1.4928893305832995,1.5127957146675852,1.5411212162531964,1.0797340317619928,0.07620955690414198,1.0,0.585441422443318,0.9,0.7,0.5,111,9424.318100368368,11533.82193118528
26,67,1.2948095471944925,1.7806840432553908,1.9043334165152228,1.8639332938138033,1.2618153895065356,0.06777289943752952,1.0,1.0,0.9,0.7,0.5,124,58631.904418579805,12755.377163005123
26,68,1.292718827474359,1.7718881178175416,1.8941650539143016,1.8777174174297127,1.3161797054140951,0.06690406524232233,1.0,1.0,0.9,0.7,0.5,125,58153.83467407819,14198.31021247162
26,69,1.284506691346448,1.7542911580715868,1.874661666357801,1.8669103291826041,1.2797445414947815,0.059720810583615155,1.0,1.0,0.9,0.7,0.5,128,58457.09820574075,15638.097725890824
26,70,1.2844844916647968,1.7516957528210304,1.871547345812496,1.8747640881409886,1.264711987970232,0.0602038936246187,1.0,1.0,0.9,0.7,0.5,130,58524.64374359573,15869.876906048345
26,71,1.2824133130837503,1.7390534919406928,1.8567828878899226,1.881082644572375,1.2973377295362292,0.05992549169803851,1.0,1.0,0.9,0.7,0.5,132,58545.11305917178,15740.361773212237
26,72,1.2874442630826197,1.772504944511813,1.9282028859285172,1.941698078909139,1.268156584889676,0.06644928302891016,1.0,1.0,0.9,0.7,0.5,137,59651.2323611673,12931.25606562031
26,73,1.2797712344404228,1.7515075270707103,1.9045697849461467,1.9463763059446815,1.3617712491086353,0.06021776797619514,1.0,1.0,0.9,0.7,0.5,138,53399.854864594585,13984.384468550656
26,74,1.279149981665793,1.746950171356485,1.8992394059661775,1.953716999747098,1.2699361534069542,0.060171096229778884,1.0,1.0,0.9,0.7,0.5,140,53384.6767193664,14027.761747357576
26,75,1.2784802605089476,1.7414605888975436,1.8928060427340472,1.9610244171561741,1.2733794749793743,0.06019304955067546,1.0,1.0,0.9,0.7,0.5,142,53397.58095198812,13896.76229819067
26,76,1.2792270052341626,1.7401071994640014,1.8910417279705523,1.9571936917097463,1.263738322415224,0.06135652424185495,1.0,1.0,0.9,0.7,0.5,144,58467.82857354044,14118.681800655588
26,77,1.2786117369637453,1.7348513945072237,1.8848821724476497,1.9567261522654533,1.2736024342402448,0.061380073505816216,1.0,1.0,0.9,0.7,0.5,146,58488.10994086692,13995.1430114988
26,78,1.2782002248938928,1.7313553354594036,1.8807872189751866,1.9563927986057217,1.2673471511530114,0.06138007350581629,1.0,1.0,0.9,0.7,0.5,148,58381.10520712558,14155.003136710666
26,79,1.2782201307929957,1.7310940984010705,1.8804714373808744,1.9727822277258897,1.2575279950730325,0.06144389718963032,1.0,1.0,0.9,0.7,0.5,149,58387.51091967143,14118.271564131728
26,80,1.2737562999746226,1.7041151470643512,1.8491541835894023,1.9688084377174773,1.430588760276612,0.05961511803956439,1.0,1.0,0.9,0.7,0.5,150,58308.46566598484,14143.059002739028
26,81,1.2698213179757278,1.7818504634895493,2.0293730289631005,2.1065367433270215,1.2568413965716032,0.05626004968300963,1.0,1.0,0.9,0.7,0.5,160,59790.551901430925,13001.612328090445
26,82,1.27064587872196,1.7796302909495179,2.0265732255936806,2.1153678732656718,1.26363588813761,0.0575536569031152,1.0,1.0,0.9,0.7,0.5,162,59924.34275528903,12941.47684322502
26,83,1.2707407044188836,1.7767579001353528,2.023137264664741,2.1194645503334795,1.275112266882461,0.058018668550119445,1.0,1.0,0.9,0.7,0.5,163,59655.74658396882,13570.234680332514
26,84,1.2711463109248937,1.7732117771462972,2.018841628591497,2.1238799703745146,1.283607727561757,0.05894134048528319,1.0,1.0,0.9,0.7,0.5,164,59833.1099742552,12697.757158689425
26,85,1.2692369113948088,1.8097755738745631,2.1062075908924314,2.2366575729922227,1.254025622361198,0.057556602761490785,1.0,1.0,0.9,0.7,0.5,186,76540.89234752825,12367.650775102778
26,86,1.2682743541136552,1.7990627302351732,2.0936575372398245,2.251815797664115,1.2893415207359733,0.057573108515683216,1.0,1.0,0.9,0.7,0.5,188,76572.80446970547,12565.640788610996
27,0,0.7598431365270533,0.9386985219666254,0.879226365600186,0.0071316657342071835,0.0,0.0,0.0,0.0,0.9,0.7,0.5,1,4385.51769965892,8286.619518873438
27,1,0.7921390204637463,0.9836505914709112,0.9232625532389254,0.06033761539138419,0.06898064057004821,0.05578004408624051,9.189597747971e-05,6.833044032730999e-05,0.9,0.7,0.5,3,4199.462695786417,7737.792623709351
27,2,0.7985623687403283,1.0019771208252615,0.9406980484151,0.08570629180792688,0.11017173078063322,0.06828505386190081,0.00961986973974624,0.01127915136379424,0.9,0.7,0.5,4,3923.405121914372,7789.024459319847
27,3,0.5666922572910223,0.94391417484197,0.8784342463343937,0.11022237313498787,0.8065181985859539,0.06878750802069847,0.040209819483517054,0.02989853033987803,0.9,0.7,0.5,5,3163.518269375442,5901.701809988002
27,4,0.5188143183103407,0.9400634075275242,0.8657605140695565,0.1577896194247091,0.33261112296385176,0.08436869756224381,0.06287725101532737,0.06545419557121114,0.9,0.7,0.5,7,2860.771926706694,5996.857500774474
27,5,0.5946139545702559,1.0348568921290404,0.9543230062526848,0.2893076148181814,0.410880664401356,0.08646752040059189,0.1835067094658792,0.15514978659084674,0.9,0.7,0.5,9,2995.723818947092,4556.3413013423415
27,6,0.5944327814127999,1.0459319914061602,0.9783766584895113,0.3058922622254361,0.28430136905108727,0.08646752040059189,0.18350670946587927,0.15514978659084996,0.9,0.7,0.5,11,2992.417746234348,4594.311367253115
27,7,0.6113337119386237,1.0525418375356181,0.9715889484046987,0.3197641187490682,0.3201663769128059,0.08897097583398869,0.19396198541588625,0.17626908366360888,0.9,0.7,0.5,12,2230.0860036168824,5431.568092313773
27,8,0.5793312479483368,1.0350741757662791,0.9655314662156943,0.31435842498642386,0.34946434491102896,0.08186472176347351,0.1863889021378248,0.1608936195275587,0.9,0.7,0.5,13,2625.613104150002,4539.554989382563
27,9,0.8336974841112388,1.281139259449672,1.1969521601651611,0.5723012141068065,0.5849803701689229,0.08502350118042887,0.2559419723197348,0.5915679680152806,0.9,0.7,0.5,15,2418.731959630101,145710.91376548237
27,10,1.3003348841541358,1.750741479763184,1.6644433173416124,1.0570986038546994,1.119499049307867,0.06639921815040714,1.0,0.5472676605351089,0.9,0.7,0.5,16,2727.8150895647614,195756.68970935768
27,11,1.2716887318068655,1.7262977392308452,1.6324759174778238,1.0772895743889301,1.2062941019850522,0.06383557339764896,1.0,0.5908597017741608,0.9,0.7,0.5,18,2621.216980113558,189263.30763494747
27,12,1.2696134500355416,1.7241928890185059,1.6299870361768618,1.0839289705493096,1.0608486252174527,0.06394629393900539,1.0,0.590935452819582,0.9,0.7,0.5,20,2570.5367836199694,189166.3761129297
27,13,1.2537692811604095,1.718558143156928,1.6343096930624008,1.0919542569260892,1.1160101581624737,0.06490422941964018,1.0,0.5910741668248702,0.9,0.7,0.5,22,2654.966464701372,189317.2199927526
27,14,1.210766304848731,1.6757224627251248,1.590866124171332,1.0818254299112338,1.021884899603376,0.04587126572258899,1.0,0.5467609407422991,0.9,0.7,0.5,26,1687.9718534557503,1091733.1109354575
27,15,1.1947508144464358,1.6542123752932327,1.5640877208771764,1.0940619507009943,1.1298709574034391,0.04843848063810969,1.0,0.5606452209425117,0.9,0.7,0.5,28,1697.7700450730008,1092021.4154424726
27,16,1.293194788446391,1.7966889665708115,1.7580677430519267,1.236732703979341,1.1437076184237713,0.05498630568749063,1.0,0.7500002480379646,0.9,0.7,0.5,29,1774.983015816523,1200558.7345916366
27,17,1.2843237565277963,1.7609864380825728,1.6934548182945177,1.2234300582885274,1.2468027908034827,0.053248277296261706,1.0,0.7605168700792921,0.9,0.7,0.5,30,1710.072027965496,1201069.2888705635
27,18,1.2736087540328207,1.750023016689119,1.6823443416624093,1.2183428698107766,1.1240775126948501,0.05078132348261708,1.0,0.7447487403245129,0.9,0.7,0.5,31,1737.0746910625503,1200242.998473706
27,19,1.2676306103134474,1.777065286008955,1.7480429824877541,1.2355583833660257,1.1276015199468041,0.0456435697862225,1.0,0.7448885450464456,0.9,0.7,0.5,32,1713.6028145860164,1152183.3380203913
27,20,1.2980618081769926,1.817469612970176,1.8007514497743817,1.2802600191609637,1.1752078359355755,0.05348234010010341,1.0,0.797310826416946,0.9,0.7,0.5,33,1799.9291407057913,1224938.401286915
27,21,1.3795616066183038,1.8403056201833103,1.7570141135953,1.3265731406368473,1.3023073722887621,0.05524796390487222,1.0,0.9701906752884805,0.9,0.7,0.5,34,1802.6659514958485,1235001.7769659946
27,22,1.3738649528615203,1.8423108662379766,1.7704444297678594,1.3339309887513153,1.265494408930349,0.05524796390487222,1.0,0.9701906752884796,0.9,0.7,0.5,36,1766.3536138149975,1233053.861750247
27,23,1.3378707939070453,1.8048037078652461,1.7322591159788208,1.3083356821557424,1.228383026660042,0.056603844036314535,1.0,0.9006562312269271,0.9,0.7,0.5,37,1920.9920727972965,1248415.496576386
27,24,1.3836575344553077,1.8451491081880795,1.7702388895187373,1.3652357285805188,1.3519079420185898,0.061589163297186375,1.0,1.0,0.9,0.7,0.5,38,1993.9471384471944,1004104.174893393
27,25,1.3709384308994066,1.8246521260560766,1.7466817659124532,1.370220582579647,1.3151975988023454,0.058668690132220126,1.0,1.0,0.9,0.7,0.5,40,1852.6521493406824,987990.4423311012
27,26,1.36753738031854,1.8192072859265278,1.7404806343648276,1.3774718475222416,1.2671969414332716,0.05752612720185083,1.0,1.0,0.9,0.7,0.5,42,1892.701343379028,987516.894163803
27,27,1.3747573018774786,1.8208854110108599,1.740187584975863,1.3958744095150517,1.3051550151444546,0.07217944701243134,1.0,1.0,0.9,0.7,0.5,44,1894.4382996506376,982886.3640353974
27,28,1.3707166871231369,1.804028016841315,1.7097755223086812,1.3936321730142547,1.2851432416724515,0.06949367492811359,1.0,1.0,0.9,0.7,0.5,45,1894.2854950323415,982661.2958937816
27,29,1.3719777890381757,1.8164526775604342,1.7351867049271341,1.4038633673586585,1.2644174989394295,0.07093999859480152,1.0,1.0,0.9,0.7,0.5,46,1936.816677537728,982414.7562484992
27,30,1.368587823506618,1.800396405826385,1.7056344577408458,1.404775047277361,1.282092989655791,0.06876368094463822,1.0,1.0,0.9,0.7,0.5,47,1883.35819338786,982994.9228742372
27,31,1.343857142467877,1.8027074696294438,1.744790798977505,1.3812250021836925,1.2871558312808649,0.047973179858064804,1.0,1.0,0.9,0.7,0.5,49,2321.012789330137,2294271.807718306
27,32,1.3439584535660047,1.7907356776239385,1.7195023634840445,1.3975606793914872,1.2516321793352065,0.04917166262199918,1.0,1.0,0.9,0.7,0.5,51,4423.719729714905,2288867.520308699
27,33,1.3383132827643647,1.7926964702946224,1.733373375675559,1.4005216385816444,1.2839568413412483,0.045974808137813614,1.0,1.0,0.9,0.7,0.5,52,2495.515087845215,2295973.0359091437
27,34,1.344474837243935,1.7759944779493653,1.7100198966731515,1.4249974829448722,1.5348148049557948,0.07057140197942367,1.0,1.0,0.9,0.7,0.5,53,4273.178005636199,336713823130130.9
27,35,1.3398642326717127,1.7585272854353464,1.6790699765998867,1.4218811496607562,1.2817975827068948,0.066741722216461,1.0,1.0,0.9,0.7,0.5,54,4408.031563235105,336713823125067.3
27,36,1.3407620667750288,1.7805376763274414,1.7267555441809561,1.4444440159609613,1.2730476621929674,0.0684147538481163,1.0,1.0,0.9,0.7,0.5,55,4412.352186754872,336713839803267.25
27,37,1.3379947414690379,1.7514761209347423,1.6706423696908346,1.4440167349306656,1.3042186667060314,0.06783753592554043,1.0,1.0,0.9,0.7,0.5,56,4389.609099759395,336713839118937.25
27,38,1.335952211838105,1.759518437208396,1.6913887748290901,1.452371940371513,1.2715676423639166,0.06624714060401386,1.0,1.0,0.9,0.7,0.5,57,4421.687352404844,336713839037884.7
27,39,1.3357560232645311,1.769292425543131,1.7138423047195164,1.4520984542740736,1.2727052234852971,0.066741722216461,1.0,1.0,0.9,0.7,0.5,58,4427.582534973454,336713862993723.44
27,40,1.3105635242240323,1.7550275816694068,1.7327986643320679,1.4579306822802867,1.4817343413246764,0.05104671380801863,1.0,1.0,0.9,0.7,0.5,59,3426.883855623,3052547.3756847405
27,41,1.3096394033931869,1.729586067146288,1.6808390831705498,1.4440571021969015,1.2564661888249877,0.051031436112183526,1.0,1.0,0.9,0.7,0.5,61,3338.751058443899,3055024.1572588217
27,42,1.308558471809224,1.747643593618128,1.7241014757005184,1.4710900057899088,1.2624574319722708,0.05136202814743991,1.0,1.0,0.9,0.7,0.5,63,3260.858062548932,3055887.429088814
27,43,1.3014971647194205,1.7160411255522143,1.6659797365400912,1.4510729002666656,1.2614746219162436,0.044509604793924365,1.0,1.0,0.9,0.7,0.5,64,3154.4034015448933,2293594.318166336
27,44,1.3337614132666822,1.7295658746240004,1.6646867158181031,1.4828320416461356,1.290604072232096,0.08377668204562067,1.0,1.0,0.9,0.7,0.5,69,6933.497208022809,14622069727070.568
27,45,1.1655492126395788,1.5816207708183583,1.5422563266373532,1.3273338831844244,1.1256631622754996,0.07378131321832831,1.0,0.6829631701229557,0.9,0.7,0.5,70,2017.4566527985824,1140452.0858977071
27,46,1.3020036511308792,1.6874675519803826,1.630629267697202,1.4655731368104583,1.433317438353715,0.056729535202803924,1.0,1.0,0.9,0.7,0.5,71,3029.3191807279627,58457042464867.19
27,47,1.334683576554096,1.7422175043899848,1.7113034365113098,1.5140370006636097,1.2870116134891902,0.09316253046964697,1.0,1.0,0.9,0.7,0.5,72,2103.346413422796,157973612876530.7
27,48,1.3350898370960644,1.7312854797128492,1.6873409080658839,1.5051779491733945,1.2854788618121629,0.09365944265449244,1.0,1.0,0.9,0.7,0.5,73,2189.3287807341503,14622076171745.746
27,49,1.3050875879845152,1.6995255921843524,1.6551844939730578,1.4887810559036696,1.2710207746617077,0.060943318943710835,1.0,1.0,0.9,0.7,0.5,74,2847.703576063498,58457043500556.36
27,50,1.334684732480912,1.7266399086076603,1.6817409953384999,1.5222838112024648,1.296595305204653,0.09468947189437318,1.0,1.0,0.9,0.7,0.5,76,2131.828794182161,14622075446136.98
27,51,1.3505852049401574,1.7352401201570375,1.688715125824995,1.5601652632665166,1.3116058571365352,0.11479549986803654,1.0,1.0,0.9,0.7,0.5,84,5230.924160377692,14622080222263.666
27,52,1.3001206443030102,1.704549313205749,1.6939967506819384,1.5353476402922062,1.380251170757289,0.06300069700584228,1.0,1.0,0.9,0.7,0.5,85,6984.307107178172,157973240063618.4
27,53,1.290470711649359,1.7071488657640121,1.720413605017065,1.6049888839148059,1.2607736649237449,0.05515819857628403,1.0,1.0,0.9,0.7,0.5,93,4401.529061111107,14615190833864.746
27,54,1.282315443002929,1.724433560036827,1.774964876963014,1.6044630127072388,1.3142634558434463,0.04827323725038048,1.0,1.0,0.9,0.7,0.5,94,6948.82036142042,1911718.6760949872
27,55,1.2785906769008646,1.6536595795769804,1.6368760107844076,1.5631123240462856,1.2736223028412867,0.050891766312895145,1.0,0.992783668887,0.9,0.7,0.5,97,6999.737647858815,1926803.703582128
27,56,1.2671126755824726,1.6655400578261816,1.6856170627321787,1.5916336310989854,1.278389812263426,0.04403635794380098,1.0,0.9866615275033179,0.9,0.7,0.5,99,7254.713115225653,1520063.3675531826
27,57,1.2734120527075394,1.641009472654765,1.6441038007457678,1.585132967926425,1.3222972968506213,0.049856009845112584,1.0,0.9960388401353912,0.9,0.7,0.5,101,6349.57600928767,1930449.974212262
27,58,1.265937264730586,1.6642975236581343,1.705818869654428,1.628739452972408,1.2593844042041389,0.04518005715166047,1.0,0.990516958933401,0.9,0.7,0.5,102,7101.4498532184825,1520617.201634256
27,59,1.2633446791069352,1.6822506181197348,1.749398347689899,1.6445793548048295,1.2412764485465961,0.044828566097124586,1.0,0.986613084230871,0.9,0.7,0.5,104,7194.532772733102,1521059.328481859
27,60,1.2709077894530163,1.6109108186533885,1.5977207569215375,1.6019642483991021,1.338385992189415,0.04971631984118611,1.0,0.9968524937799271,0.9,0.7,0.5,105,6646.360043597718,1926242.4055390728
27,61,1.271647003865308,1.6101508912477247,1.6074472563679176,1.6140228814696909,1.297155415149628,0.05098581608135936,1.0,1.0,0.9,0.7,0.5,107,6664.21978820271,1929846.1125454104
27,62,1.2692313929483974,1.6053491899334693,1.6021760504235867,1.6190936535459104,1.2533982081068178,0.04992217771205954,1.0,0.9977933034819234,0.9,0.7,0.5,109,6636.924165049703,1926149.8931549203
27,63,1.2668790263880958,1.5919302016051873,1.586590664089886,1.624212249667452,1.3314084061889195,0.04892957024508619,1.0,0.9980417322329764,0.9,0.7,0.5,110,8113.838097303192,1926474.8946214688
27,64,1.2670496242699034,1.5831299624923247,1.5760466472305443,1.628687608199142,1.315591104797663,0.04970192186916862,1.0,0.999416005271797,0.9,0.7,0.5,111,6637.682853585599,1926937.383487188
27,65,1.0760849627313869,1.3887241763514702,1.3809747852073366,1.4451956926077343,1.0629725486317159,0.053709600728779026,1.0,0.6111688252556906,0.9,0.7,0.5,114,6734.268424393747,1934206.2881144655
27,66,1.0763035350744876,1.405761577462264,1.4229345573617185,1.478777115516962,1.0768533366113215,0.054517429624931925,1.0,0.6115715621919838,0.9,0.7,0.5,116,6649.399137910918,1933739.296347548
27,67,1.04706660540718,1.3854487649709126,1.4151829649208243,1.449150785413825,1.0349097980284871,0.04745206750307228,1.0,0.5663852032098158,0.9,0.7,0.5,118,7193.652434769519,1543752.3363185427
27,68,1.2741113579154648,1.5955696290274786,1.6112049779198492,1.691054711471198,1.2759593045112154,0.05959596410979691,1.0,1.0,0.9,0.7,0.5,120,7221.636737598807,157969456527986.72
27,69,1.2532802175636193,1.5524714756927631,1.563865065779183,1.670782796630788,1.4083298417598922,0.04955596891171986,1.0,0.9814154688355083,0.9,0.7,0.5,121,7245.685491425696,1540042.3495180022
27,70,0.9459573451666046,1.218501239559487,1.203092060688557,1.3599772639298033,0.9611059832730443,0.04064592615869261,1.0,0.38369284214920335,0.9,0.7,0.5,122,7360.150584671445,824581.2483134728
27,71,1.052641533546549,1.3347649064046996,1.3429392840420538,1.477711511974452,1.1355683111883592,0.04984731972358941,1.0,0.5830737405923261,0.9,0.7,0.5,123,7338.282837044573,1544622.9072086683
27,72,1.048911594135237,1.303923274047349,1.3070391910647858,1.492394501927036,1.2408261246051233,0.04857471467078842,1.0,0.5827532621080234,0.9,0.7,0.5,124,7391.484641162128,1545689.0531011578
27,73,1.0449111472935555,1.2738525283161795,1.272155545928607,1.4840457398154174,1.1312809167864004,0.04968919541275667,1.0,0.5768151679549753,0.9,0.7,0.5,126,7171.991676554224,1544764.3047490022
27,74,1.0386100880428286,1.2745966971759368,1.2851365683071092,1.4887951863509725,1.042691996349994,0.0476642529930892,1.0,0.568457570230611,0.9,0.7,0.5,128,7159.084128897982,1540630.4846927351
27,75,1.0385741254852232,1.2668367518886907,1.275961229082831,1.4961949900564677,1.0565153789099127,0.047608813866794046,1.0,0.5695670301098298,0.9,0.7,0.5,130,7085.04466881784,1541273.8675386815
27,76,1.0362616218908947,1.2623551023653903,1.2710828062002246,1.4939993521110044,1.0415923300863672,0.04728330799267644,1.0,0.565822787521326,0.9,0.7,0.5,131,7169.792206304684,1540870.0268875316
27,77,1.0386024136941792,1.2635901513828829,1.272115463292688,1.5037795752040166,1.0362555990286826,0.04810879716477509,1.0,0.5691704223421012,0.9,0.7,0.5,132,7056.589987241202,1541028.239401223
27,78,1.1476816843649176,1.431908923833055,1.5169790959377485,1.688845320992344,1.1673081848841291,0.03085397301859265,1.0,0.8194466632971309,0.9,0.7,0.5,134,6790.651721928669,1122210.378150878
27,79,1.2651877034792698,1.4644454420813693,1.4682858412590751,1.7600754906582552,1.3217552074569054,0.06232759749133041,1.0,1.0,0.9,0.7,0.5,136,7174.596216386531,157969444364051.2
27,80,1.144963461116266,1.4425853533747544,1.573954377750502,1.7676764914116772,1.1478766381180032,0.030415083050548342,1.0,0.8185605667338184,0.9,0.7,0.5,145,6772.260733880137,1122112.055277048
27,81,1.1449635413024484,1.4425838176654124,1.573952451982142,1.7638158078140072,1.1366648793858463,0.030415180341104207,1.0,0.81856073948799,0.9,0.7,0.5,146,6772.262729074971,1122109.5209961636
27,82,1.145492502046639,1.4425995320481229,1.5738754744830428,1.7761601295497333,1.1409949764428298,0.031137427759355678,1.0,0.8183753558276935,0.9,0.7,0.5,147,6766.620820825165,1121985.1162479096
27,83,1.1440254517991455,1.4383161773683963,1.5690833927849641,1.7785635362269148,1.1566442950235847,0.02980365335757032,1.0,0.8181508088705899,0.9,0.7,0.5,148,6772.290104627146,1121726.2167539916
27,84,1.1445202127243097,1.425198529111193,1.5535118193494122,1.7824449591251796,1.2371948964868251,0.0296150789658493,1.0,0.8209127486883825,0.9,0.7,0.5,149,6650.848381762825,1122596.45116056
27,85,1.0835233524441257,1.2845716840901202,1.3546415892318107,1.6959890624849212,1.3326842761273454,0.0313087648824828,1.0,0.6991329753209955,0.9,0.7,0.5,150,6775.8320970668165,1116862.729088775
27,86,1.0833263132356703,1.2908720786341208,1.3731026064007203,1.707398194290509,1.09466079195339,0.03130876488248279,1.0,0.6991329753209955,0.9,0.7,0.5,152,6743.290185638607,1117827.335008486
27,87,1.0833093939310405,1.290450992349472,1.372609372115813,1.7152909118999995,1.0806754024001386,0.03130876488248279,1.0,0.6991329753209955,0.9,0.7,0.5,153,6748.147167558724,1117678.0158051697
27,88,1.0827344751759929,1.2644999471001614,1.3421410710362547,1.7132937435939024,1.2624131333716064,0.030510539712189533,1.0,0.7014200736986728,0.9,0.7,0.5,154,6620.529893037982,1118308.9015702216
27,89,1.1025442166229458,1.1910149517310806,1.2191042309654705,1.7212097915731395,1.5301643329165828,0.032360992457589235,1.0,0.7415572926402858,0.9,0.7,0.5,155,6262.861513120256,1180211.207228551
27,90,1.1084029724563016,1.1877342652211662,1.2142154851788516,1.7421406637648698,1.1224067652517924,0.033989143566626315,1.0,0.7508431656405892,0.9,0.7,0.5,159,6280.335703208842,1182657.083778582
27,91,1.1152113998489745,1.1812671338788068,1.2164508728400922,1.7590229584631678,1.2887173255367028,0.03554852703802509,1.0,0.762888920479967,0.9,0.7,0.5,160,6279.714901129102,1200472.0804645834
27,92,1.1031536980216177,1.1908262517657804,1.2518721438767744,1.783405064070899,1.1022082770953396,0.033320875768489286,1.0,0.7428209639920478,0.9,0.7,0.5,167,6316.950765730263,1180461.9044245991
27,93,1.1113608528217809,1.1845003936940675,1.2319624477656976,1.778884424777134,1.1335111682386163,0.0340368601069097,1.0,0.7581033171067473,0.9,0.7,0.5,168,6554.1458140880695,1184569.5016712174
27,94,1.109973992642865,1.1703828374500245,1.2156150548405331,1.7848525149685832,1.1995123292413274,0.03491171551867756,1.0,0.7543324286085802,0.9,0.7,0.5,169,6319.793969076245,1182903.0886746778
27,95,1.1067440723966455,1.175972714595665,1.2337880833714467,1.817147582314973,1.1110825274925165,0.03380410808920585,1.0,0.7499707013353236,0.9,0.7,0.5,172,6289.21141181607,1205751.3101663429
27,96,1.1046586866816843,1.1641018385267472,1.2202057381805909,1.806819296945757,1.1733754965199181,0.03491477074231465,1.0,0.7442177632416778,0.9,0.7,0.5,173,6288.904212507316,1138443.775146943
27,97,1.1249727235321882,1.2070320009060183,1.300215970041609,1.871052679015391,1.1632783300543779,0.0355580202965389,1.0,0.7841344726474047,0.9,0.7,0.5,175,6086.037217679434,1209436.0659683254
27,98,1.1065731644574222,1.15217195852733,1.2058572494784978,1.8152487026589137,1.1259196265172253,0.03341335285236871,1.0,0.7513068456155954,0.9,0.7,0.5,176,6306.351243041109,1206229.0128253151
27,99,1.1015871488909879,1.1411682419975084,1.1938022136873896,1.8415848032770592,1.1097896558235472,0.03333755349809331,1.0,0.7417126621993065,0.9,0.7,0.5,181,6263.863441123591,1201998.5058623787
27,100,1.1060563475097114,1.1603693317147612,1.2376660268785176,1.858549016723464,1.1318687142042951,0.03332039482536734,1.0,0.7509582758895448,0.9,0.7,0.5,183,6319.970130500854,1206736.1573494491
27,101,1.101444754168984,1.1422546795802777,1.2061496718383617,1.8612247240680886,1.1093448497449336,0.03333585221693234,1.0,0.7417939390296373,0.9,0.7,0.5,185,6268.809428351133,1202471.8352689222
27,102,1.1010196278478546,1.1499577517143609,1.2263174240101344,1.873153729211928,1.1218362516272158,0.032945026709002824,1.0,0.7417549187440393,0.9,0.7,0.5,186,6242.078289184955,1203996.4338027835
27,103,1.101372394547548,1.149280734187287,1.2254607422414046,1.885461677986121,1.1082730116771526,0.033335852216932346,1.0,0.7417939390296371,0.9,0.7,0.5,187,6262.411491424772,1202710.650374983
27,104,1.101177126197861,1.1460787674201427,1.221734714275847,1.891423807335415,1.1043505135863092,0.033286842095263544,1.0,0.7415987632963346,0.9,0.7,0.5,193,6268.950719292455,1202798.1985463426
27,105,1.1008209673516518,1.1431168280254178,1.2183187795940624,1.9116877637547631,1.1050156412490613,0.033009008657199065,1.0,0.7414760900255273,0.9,0.7,0.5,197,6380.558727414306,1202170.8525945428
27,106,1.100979674201125,1.140361066659815,1.2150554397025919,1.9156126683979404,1.121368112184407,0.03342254397880222,1.0,0.7411494336942834,0.9,0.7,0.5,198,6363.110695161157,1202036.5437607004
27,107,1.100590611538364,1.1266084000577055,1.1989761158946872,1.9181864991567636,1.1953903533385,0.03336210704326985,1.0,0.7409231247390342,0.9,0.7,0.5,199,6364.46129300545,1201873.960370659
28,0,0.8486429210918783,0.9633719898976904,0.9081254196953299,0.009407871000785729,0.0,0.0,0.0,0.0,0.9,0.7,0.5,1,3480.347090046348,9040.92978374538
28,1,0.9019245221146284,1.0280257570379296,0.9720813675506476,0.08116327680770366,0.08304539969045217,0.07620111694837599,9.766164814445e-05,0.00015868913843285,0.9,0.7,0.5,3,3527.433822541549,9171.231888462647
28,2,1.9232390290715258,2.144006074920294,2.082562628517267,1.2287513061786681,1.4739943252312768,0.3090325132805501,0.6266990721427341,1.0,0.9,0.7,0.5,4,2028.5793936518244,376463.94154822745
28,3,0.6911017170889122,1.0643356162464679,0.9996167109368983,0.2266532516980534,0.8545163433449037,0.09336261687406576,0.09055286776452223,0.1471381739012785,0.9,0.7,0.5,5,3315.069434227912,6654.691517103005
28,4,0.6709799443609783,1.0910245824824432,1.017070138793913,0.3069179752560521,0.4887683366280971,0.08903829199436034,0.1434060630721803,0.24216163462559,0.9,0.7,0.5,7,2550.2064140074644,8419.704123893907
28,5,0.6631751747596203,1.0974055153383673,1.0356257222857772,0.31281738634717027,0.31815556414349816,0.0890382920101144,0.14340607206016545,0.2421616498030906,0.9,0.7,0.5,9,2369.7270181589097,7920.08992455419
28,6,0.5756380067313014,1.0240654764653354,0.9578570582553015,0.2686048000519165,0.3450823983017502,0.10131006044856342,0.10901061100658542,0.1732649357401689,0.9,0.7,0.5,11,2953.5447407310294,7972.534556366855
28,7,0.6594268565721015,1.1211726498523717,1.0670247869306626,0.3729671199130361,0.3640361192199577,0.10094744953207688,0.16840098426581918,0.27355406969569135,0.9,0.7,0.5,13,2615.8991531650927,6974.24384098795
28,8,0.7081849129924405,1.1984841333936165,1.1674469124076094,0.45917078713527243,0.4408635655281074,0.09485386522415465,0.21118949472748935,0.3681787840740657,0.9,0.7,0.5,18,1965.4300903857288,2946.855262663453
28,9,0.7008408820224626,1.192775080726475,1.1607919565831362,0.4654752928863063,0.43637179072614596,0.09422536632942824,0.21148666627792273,0.36852265570119774,0.9,0.7,0.5,20,1895.2334033141324,3010.2874087640694
28,10,0.9565304565717354,1.4415389400971585,1.3933633794458635,0.7391213993999846,0.8258722684312174,0.09108387982011446,0.2931526571325443,0.8170578398451708,0.9,0.7,0.5,21,1702.079526056231,3444.7913286487046
28,11,1.272043843228769,1.7824642442790744,1.7561864011996793,1.0865403554254716,1.2066248409471991,0.08656743239060292,1.0,0.5205541006977039,0.9,0.7,0.5,22,2035.098513981411,2082.114955608963
28,12,1.2670992471310383,1.7889042575957275,1.7741031284860416,1.0971136909712886,1.072849974704252,0.08673202325403424,1.0,0.5285266013856262,0.9,0.7,0.5,24,2247.2663258473067,2366.420116166152
28,13,1.2762711665219908,1.7870723001451907,1.7585309339590816,1.1225454368764929,1.0873152271273374,0.08568856083664951,1.0,0.5577867574886775,0.9,0.7,0.5,25,1982.213336670941,1955.579077671127
28,14,1.216388704432871,1.749431214441938,1.746682992488093,1.0606508563530275,1.0045214854354463,0.0868675613815617,1.0,0.4379940582354519,0.9,0.7,0.5,26,1990.9392023645955,3025.493591629195
28,15,1.2147020327541584,1.7365078697416607,1.7202813534480565,1.0673069526230732,1.0080036893000348,0.0868617506000918,1.0,0.4401471583288247,0.9,0.7,0.5,28,2020.0249142634043,2704.63026022346
28,16,1.2502700417733068,1.7712102632532312,1.7522116641633194,1.1196223670329002,1.162167129782862,0.08827482026086954,1.0,0.5393812873370558,0.9,0.7,0.5,29,2144.0217885661714,2706.4338283501643
28,17,1.2446183601435217,1.7650220086096986,1.7450868525410053,1.1261810574874613,1.067518617761925,0.08723134470484292,1.0,0.5398210195641363,0.9,0.7,0.5,31,2031.601864034335,2713.927231788407
28,18,1.2523610139652939,1.7726381970950431,1.7525085957942483,1.1397009663875086,1.0651005515367689,0.08689281284664543,1.0,0.5579341921166263,0.9,0.7,0.5,32,1983.0246866213,2540.580375339263
28,19,1.4310012162353767,1.948369723870225,1.9249346841616255,1.3378405827656716,1.3870067353880955,0.05800320305359356,1.0,1.0,0.9,0.7,0.5,33,2126.588467913282,9840.010561816362
28,20,1.3086499165361976,1.8209090851269354,1.7935917510876722,1.2382291492345492,1.3059879527593912,0.07242229235655467,1.0,0.7644631990279872,0.9,0.7,0.5,34,4390.14890733468,3108.0618536916118
28,21,1.3043433490876797,1.8153183521578096,1.7871914901515376,1.2451126343436063,1.163081455939216,0.07122928254460889,1.0,0.7648831618630936,0.9,0.7,0.5,36,4247.014867321258,3124.291902651549
28,22,1.5046600605110798,2.0283520778549997,2.021149134991687,1.4928845347243174,1.470202003706369,0.1853541906251089,1.0,1.0,0.9,0.7,0.5,38,2101.003071958928,2648.741841429481
28,23,1.50278026600992,2.0264251761025096,2.019194377700696,1.4973862769248212,1.3663359023815271,0.183394031436496,1.0,1.0,0.9,0.7,0.5,39,2150.370045332784,2399.598426161382
28,24,1.4988967463942646,2.0199266574427384,2.0115221967985075,1.5027284585847371,1.3892632489342465,0.18378803705797184,1.0,1.0,0.9,0.7,0.5,41,2383.836075918575,7164.306505579427
28,25,1.372085018447407,1.8628839480903112,1.8251675240578666,1.3643812002295665,1.3875427498432664,0.05567641657073495,1.0,1.0,0.9,0.7,0.5,42,1679.359254237506,4046.293889089019
28,26,1.3689480560965483,1.847759969292663,1.805728585658262,1.397207523483294,1.3472680835404933,0.06686729054340061,1.0,1.0,0.9,0.7,0.5,44,1586.287849736868,5412.469069277427
28,27,1.3548451321147703,1.818136914617404,1.771098182709858,1.3847232426612566,1.46389319137833,0.0664402751186812,1.0,1.0,0.9,0.7,0.5,45,1661.0366501293329,3900.9493067165145
28,28,1.3544875958784404,1.8164899144965765,1.76903000336684,1.3884658824274432,1.2668468164451183,0.06734362209942363,1.0,1.0,0.9,0.7,0.5,48,1619.12541510296,4495.844265728108
28,29,1.3357877456494722,1.7728052029424264,1.718281217876596,1.4073695144104352,1.544353856605103,0.06463596563165355,1.0,1.0,0.9,0.7,0.5,49,1401.29655956574,6139.363665258213
28,30,1.33506280999785,1.7691079423636045,1.7137906194590466,1.4170542232492593,1.2753033277380958,0.06567526831108095,1.0,1.0,0.9,0.7,0.5,51,1540.4000394044735,6011.801297972284
28,31,1.3319833456637917,1.761363458137592,1.7048183425783732,1.4251219385729499,1.2836107515098152,0.06503591545571265,1.0,1.0,0.9,0.7,0.5,53,1517.4314288052926,6172.298486236879
28,32,1.3933227793482912,1.847264180606813,1.8273993731854594,1.5730656318357994,1.3311195518616823,0.13819343241174195,1.0,1.0,0.9,0.7,0.5,67,1181.4916467658163,83029.1517128745
28,33,1.3938572078079154,1.8454179114691596,1.8249529931346917,1.5842249672527662,1.3382711117884731,0.1400354604733287,1.0,1.0,0.9,0.7,0.5,69,1190.5117210264973,82900.59633661338
28,34,1.3921111042612582,1.8532628373580808,1.8453944615659212,1.592872485509863,1.3332644560663194,0.1389240387002172,1.0,1.0,0.9,0.7,0.5,71,1122.458175610589,87665.87935242073
28,35,1.3943478057077903,1.855441470572186,1.8475585509323444,1.595971787183632,1.327886616668142,0.14143896286836216,1.0,1.0,0.9,0.7,0.5,72,1141.4991199781568,85846.85095829895
28,36,1.3926178077327913,1.8512700424308621,1.8427794829447475,1.5977813644750873,1.3514604686232947,0.14074744063754208,1.0,1.0,0.9,0.7,0.5,73,1139.8812355117104,86631.65846314529
28,37,1.388313932863702,1.8472374205859978,1.8490714661353302,1.611158781826389,1.4366335392081273,0.14117818827397952,1.0,1.0,0.9,0.7,0.5,74,1208.792491123788,156125.85463958763
28,38,1.3890168044045335,1.8327870161620334,1.820676748514222,1.6093084591646147,1.3675665922068765,0.14369427876042723,1.0,1.0,0.9,0.7,0.5,75,1187.9981251152765,155982.81329081353
28,39,1.3889076733410903,1.8312647352471945,1.8188187360359112,1.6203721431099667,1.336591021744562,0.14418227670806377,1.0,1.0,0.9,0.7,0.5,77,1170.1261445287548,156831.20670669654
28,40,1.3855673271048623,1.8490055168452053,1.8622467461561005,1.6339873946418748,1.3395986668957487,0.14103151444298875,1.0,1.0,0.9,0.7,0.5,78,1149.135962408065,156421.49112842293
28,41,1.386349483153115,1.8236194857032135,1.8099721998375968,1.6292194688611856,1.3653944385788148,0.1434803202089065,1.0,1.0,0.9,0.7,0.5,79,1143.6211968052442,157482.37584301122
28,42,1.3536406883388286,1.8229185977223723,1.8478973255949442,1.6246391861966847,1.3122732153561878,0.1077913049409817,1.0,1.0,0.9,0.7,0.5,80,1111.5221860884485,86248.31347667037
28,43,1.38600031166078,1.82088170801053,1.8066745845978054,1.636717570341793,1.3372793981368085,0.14407039703725638,1.0,1.0,0.9,0.7,0.5,81,1152.4998693199072,157473.1381955399
28,44,1.353357762301854,1.8321023329723831,1.8696759035231805,1.6350577885000206,1.3062589211146003,0.10817751705132313,1.0,1.0,0.9,0.7,0.5,82,1128.1554605673532,86378.45714999501
28,45,1.383974535550566,1.8161687749184312,1.8013368897527482,1.6389477814076787,1.3451055363907471,0.14288889963686685,1.0,1.0,0.9,0.7,0.5,83,1155.6800807091756,158175.99802581986
28,46,1.3535455749288896,1.8295859862547914,1.8665312797611726,1.646195573620909,1.3076172547093576,0.10945813675770313,1.0,1.0,0.9,0.7,0.5,84,1162.0037420007409,86887.61813493771
28,47,1.3522131878856893,1.8379048645867906,1.8874913416051315,1.667700567357594,1.3006566664322692,0.1085832585451286,1.0,1.0,0.9,0.7,0.5,89,1287.273980494226,87272.21631375761
28,48,1.3655589930636645,1.801635115561964,1.7981168127443297,1.64102317495984,1.3191387210402228,0.12523570910333465,1.0,1.0,0.9,0.7,0.5,96,1997.6002425261452,68571140.6634252
28,49,1.3635101611716496,1.7952182605110947,1.7907053288548838,1.6470177105143404,1.3526474887796591,0.12455865132056736,1.0,1.0,0.9,0.7,0.5,97,2051.485871563988,68559410.50777067
28,50,1.3639195065420826,1.7951136988827812,1.7904842370839948,1.6511031265101526,1.3174379669788228,0.12519851603945842,1.0,1.0,0.9,0.7,0.5,98,2008.9821853440203,68583119.12464021
28,51,1.3616206900141685,1.7868024459769953,1.7808186422513521,1.653541290955855,1.3398880909398116,0.12475081105549295,1.0,1.0,0.9,0.7,0.5,100,2043.0384408239056,68597884.38355649
28,52,1.3618837234405814,1.7906322799140089,1.7959492524679068,1.6694450794759428,1.3494955856156148,0.1275848947858684,1.0,1.0,0.9,0.7,0.5,102,1852.1135092224044,68618960.11966012
28,53,1.3608847276632965,1.7794123631602075,1.7824885481249595,1.6773072654869152,1.3623751754802884,0.12965659671143537,1.0,1.0,0.9,0.7,0.5,104,1976.7091312309367,68620229.68395936
28,54,1.3616778237689409,1.7786224351991322,1.7813546674117584,1.685480235633972,1.3249233800050328,0.1310099895228537,1.0,1.0,0.9,0.7,0.5,106,1990.9175964197943,68627809.09174156
28,55,1.3601867460147608,1.7765314528703828,1.7791336620704812,1.691344041179575,1.3218819354954232,0.12953067201799712,1.0,1.0,0.9,0.7,0.5,107,1986.547767513976,68623681.21697
28,56,1.360616972143678,1.7751889985319707,1.7774074095880468,1.6920364198008555,1.3331251673241937,0.13052887335213378,1.0,1.0,0.9,0.7,0.5,108,1960.4419006847568,68623649.13336027
28,57,1.3592768443169678,1.773190527580553,1.775266704858463,1.6980576557694165,1.3221120066416798,0.12923136999298143,1.0,1.0,0.9,0.7,0.5,109,2003.8560070964984,68635346.90291412
28,58,1.3589459521991678,1.78402843965719,1.799097465129495,1.7159366834699958,1.3161427365670784,0.12887398798395794,1.0,1.0,0.9,0.7,0.5,111,2001.017246961415,68637437.41935742
28,59,1.3541141698902128,1.776009030131581,1.79039109754643,1.72620657966131,1.3400019754740633,0.1244202051818503,1.0,1.0,0.9,0.7,0.5,112,2011.4147066258377,68615266.54549542
28,60,1.3457729877200877,1.7726265142064621,1.7986723515179723,1.6462903272165637,1.3233654961666668,0.11688562180290922,1.0,1.0,0.9,0.7,0.5,115,2148.751012252877,68480454.54276727
28,61,1.3450312030805394,1.7851558749429997,1.8352670738390673,1.6819961942499058,1.3329450484115362,0.11846803475389571,1.0,1.0,0.9,0.7,0.5,118,2004.165960845336,68377492.65163252
28,62,1.3418517015996472,1.7928817608547933,1.85593043334379,1.6863812677547696,1.3060983395184498,0.11501206192079302,1.0,1.0,0.9,0.7,0.5,119,1899.83059276195,68427035.0458717
28,63,1.3450246092719524,1.7812078597693495,1.8304909557226163,1.6863982044581234,1.33871583191936,0.11945401482157222,1.0,1.0,0.9,0.7,0.5,120,2042.958505113756,68380665.4380291
28,64,2.1362157495020457,2.555351475832203,2.590410703991057,2.552146127038433,2.1504945716713575,1.0,1.0,1.0,0.9,0.7,0.5,121,3.6809624162285695e+19,132095549.8447564
28,65,1.3361912541317051,1.736824628206087,1.7680763157942896,1.6764107501400916,1.458346558382354,0.11522937757490843,1.0,1.0,0.9,0.7,0.5,122,1924.19735487862,68476612.19685695
28,66,2.1314115207180366,2.537526515570832,2.5806147180795658,2.564337956213387,2.1474744599015074,1.0,1.0,1.0,0.9,0.7,0.5,123,3.6809624155643728e+19,132132907.47725956
28,67,2.130958270006762,2.5122100490540733,2.528799199906668,2.5490525082692788,2.1204816957396835,1.0,1.0,1.0,0.9,0.7,0.5,124,3.687103261411226e+21,480351633.3987812
28,68,2.1284586702545845,2.5176879319799474,2.557378836082571,2.5699537971373543,2.218075555892674,1.0,1.0,1.0,0.9,0.7,0.5,125,3.680962415449584e+19,132129489.28430375
28,69,2.1283535707300723,2.5281509772988677,2.580715307165473,2.581279288105332,2.102582830515044,1.0,1.0,1.0,0.9,0.7,0.5,127,3.6809624158172537e+19,132129413.71305884
28,70,2.1235607110104455,2.480331953789926,2.5136252739625444,2.5704447418322856,2.355723265511545,1.0,1.0,1.0,0.9,0.7,0.5,128,3.687103261301397e+21,480145321.2326597
28,71,2.1226098900686634,2.472298318176592,2.50421583097674,2.5772536344734087,2.128053501688643,1.0,1.0,1.0,0.9,0.7,0.5,130,3.68710326125507e+21,480137011.00751054
28,72,2.1193081323065526,2.4532073636245904,2.492937123881791,2.566938503126387,2.3121093420972176,1.0,1.0,1.0,0.9,0.7,0.5,131,3.687103261331296e+21,480196318.5256917
28,73,2.1172759899970774,2.4209608392319746,2.444086523149072,2.5838655137802844,2.2464548494823893,1.0,1.0,1.0,0.9,0.7,0.5,132,3.687103261287532e+21,480274923.18423146
28,74,2.1157822930124284,2.404191073671721,2.424444814517794,2.589923339835978,2.1585598037018343,1.0,1.0,1.0,0.9,0.7,0.5,134,3.687103261285444e+21,480272025.68081343
28,75,2.1148169478684617,2.403849144086135,2.435126023754772,2.5964609434771155,2.140320323782423,1.0,1.0,1.0,0.9,0.7,0.5,136,3.687103261285084e+21,480261084.0950256
28,76,2.111863258822367,2.375509507138421,2.4130146660593264,2.6194294210868696,2.192065986939569,1.0,1.0,1.0,0.9,0.7,0.5,139,3.687103261069562e+21,480204077.2959057
28,77,2.1108409451085537,2.360015993756366,2.3948678175422904,2.6370051892661426,2.1180337305184516,1.0,1.0,1.0,0.9,0.7,0.5,145,3.687103261060936e+21,480140936.45717657
28,78,2.109621650998598,2.3400177290490127,2.3714446679320025,2.646566741639166,2.1698369364101593,1.0,1.0,1.0,0.9,0.7,0.5,147,3.687103261062234e+21,480187260.11746246
28,79,2.109308944631131,2.334587887229913,2.3650850492860274,2.6536676431139803,2.118959218010558,1.0,1.0,1.0,0.9,0.7,0.5,149,3.68710326101468e+21,480193194.7791296
28,80,2.109266660334644,2.3450476842177697,2.388417714650088,2.673124414595355,2.1010402559741297,1.0,1.0,1.0,0.9,0.7,0.5,154,3.687103261102467e+21,480073409.1707244
28,81,2.10824471845286,2.326261217961732,2.366413966935652,2.679470173994525,2.231218087023861,1.0,1.0,1.0,0.9,0.7,0.5,155,3.687103261048181e+21,480055345.6001597
28,82,2.107316243814399,2.2965116343678558,2.3204879299002337,2.6888271138163393,2.2295743924430758,1.0,1.0,1.0,0.9,0.7,0.5,156,3.687103261109945e+21,479972780.460704
28,83,2.106127647016563,2.270264777448718,2.289746054880303,2.6940587304851027,2.1916316147195034,1.0,1.0,1.0,0.9,0.7,0.5,158,3.687103261146936e+21,479950381.1910151
28,84,2.1061148175740403,2.2699643068253845,2.289394025887549,2.7016834780247088,2.1010489182956524,1.0,1.0,1.0,0.9,0.7,0.5,160,3.687103261164197e+21,479951256.8281539
28,85,2.1056524118118474,2.270053550447223,2.300580477108535,2.5742253329936275,2.1258792438427747,1.0,1.0,1.0,0.9,0.7,0.5,163,3.687103261144979e+21,479944667.1276971
28,86,2.1056229097024675,2.2693250694651326,2.2997272086981413,2.5666625956304747,2.1025400603461373,1.0,1.0,1.0,0.9,0.7,0.5,165,3.6871032610986514e+21,479936309.70418006
28,87,2.105400325155082,2.3422900221100216,2.4627600044146334,2.646554191030842,2.1194585770997527,1.0,1.0,1.0,0.9,0.7,0.5,167,3.769201408356245e+21,490651986.5204255
28,88,2.1051717628382973,2.336316512249841,2.4557635184054405,2.645984880899946,2.120495545843196,1.0,1.0,1.0,0.9,0.7,0.5,169,3.769201408409344e+21,490662799.8536372
28,89,2.1050665912768065,2.2663349807215822,2.3073066258483634,2.739601133349179,2.119231815576685,1.0,1.0,1.0,0.9,0.7,0.5,170,3.8531275777160847e+21,501585708.853501
28,90,2.10505924431854,2.2661412776113483,2.307079988729823,2.747379477818672,2.1006763657745764,1.0,1.0,1.0,0.9,0.7,0.5,172,3.7692009835348833e+21,490665419.8082138
28,91,2.104949193351808,2.3304493424907777,2.448891571264513,2.641248092335374,2.1203962831910457,1.0,1.0,1.0,0.9,0.7,0.5,173,3.769201408455525e+21,490668857.5412674
28,92,2.1048503502141793,2.249364929906572,2.276348809092151,2.7546687972798667,2.118553969047686,1.0,1.0,1.0,0.9,0.7,0.5,174,3.687103261176955e+21,480021814.41588897
28,93,2.104696630345765,2.2451673168315267,2.271432214045176,2.758177309163714,2.109762863633776,1.0,1.0,1.0,0.9,0.7,0.5,177,3.687103261143144e+21,480019594.6838929
28,94,2.1044635542388437,2.238654925944463,2.263804503635183,2.7731718229902516,2.122738024157678,1.0,1.0,1.0,0.9,0.7,0.5,179,3.687103261171676e+21,480024913.3708229
28,95,2.104431034536959,2.248935551829473,2.2869273951521176,2.785445440165081,2.1032307442851192,1.0,1.0,1.0,0.9,0.7,0.5,181,3.6871032611550265e+21,480020853.317567
28,96,2.104272426508178,2.2443740401929677,2.2815849532900505,2.7928686346526503,2.131856367439502,1.0,1.0,1.0,0.9,0.7,0.5,182,3.6871032611146967e+21,480014290.4726703
28,97,2.1042525596910524,2.2437961791933283,2.280908125879006,2.7973214310433043,2.1013449698957043,1.0,1.0,1.0,0.9,0.7,0.5,185,3.6871032611457566e+21,480009003.7864539
28,98,2.1041566829845695,2.2409924420739227,2.2776241185987973,2.8004068449342707,2.1196241075972875,1.0,1.0,1.0,0.9,0.7,0.5,186,3.687103261117569e+21,480003048.6765898
28,99,2.104011166649923,2.225579538591669,2.2484898973256424,2.8109806241479145,2.115134316876277,1.0,1.0,1.0,0.9,0.7,0.5,188,3.687103261205944e+21,480028744.617792
29,0,0.7685321822261556,0.941235126597292,0.8821974509295205,0.007364632186192171,0.0,0.0,0.0,0.0,0.9,0.7,0.5,1,4550.314266473199,6910.691873093363
29,1,0.8234805120285883,1.0072346928588563,0.9474118072244189,0.0809234112374541,0.08659864512668089,0.07828222811733856,8.264843040355e-05,0.00014630752434526998,0.9,0.7,0.5,3,4398.710849393001,6822.243075377565
29,2,0.8137309352117443,1.0147694937756986,0.9536704660139989,0.09754159308505612,0.13761214514404105,0.07667874631684042,0.009109039184304819,0.020367546672043248,0.9,0.7,0.5,4,4129.500744887352,6728.591920403141
29,3,1.4357818828526943,1.6764557590020506,1.612174629009761,0.781463469141842,0.8956126882280823,0.21486972461500292,0.10350778871163077,1.0,0.9,0.7,0.5,5,4655.13506827938,1060241.6583891036
29,4,1.2061345593449273,1.4826190485879354,1.4291593005291583,0.5868662838485843,0.6627832880044333,0.07978697239320108,0.2759720072224809,0.6170653812716785,0.9,0.7,0.5,6,2342.9937892053704,6892.016042090561
29,5,0.6869125601728066,1.0315003691534534,0.9850401154573813,0.16043097096702733,0.3905933912832719,0.09560495896316087,0.037975799267912405,0.06722626369055677,0.9,0.7,0.5,7,2027.4678165814817,5390.405004828072
29,6,0.8216332217063859,1.18637598797041,1.1230606799559688,0.35225995396816717,0.4979800095151734,0.09406993140947875,0.22979188344466822,0.1786183410410689,0.9,0.7,0.5,8,1539.0065515231986,2253.275923235771
29,7,0.5971387512572346,1.022936883294364,0.9632980037058274,0.22699890379392634,0.5890023397412805,0.09274375558859912,0.07059200465420393,0.16349132855538043,0.9,0.7,0.5,9,2487.5669897678827,4118.33623901456
29,8,0.8664965634984171,1.3203135507361985,1.251720775471055,0.5797287408866754,0.9293863939314413,0.09399142763901433,0.3801123382120926,0.42723758298312325,0.9,0.7,0.5,10,3567.868646527233,4112.657795441179
29,9,0.5607587884679304,1.0162652570729591,0.9468441459204138,0.2778077802455118,0.29885996085692507,0.0907018132754416,0.09850047244610388,0.2289927854188476,0.9,0.7,0.5,11,3322.7339117042275,5985.522489612384
29,10,0.5478838829706267,1.0109117722599386,0.936310954233363,0.3058570561079715,0.39558967002850337,0.0946150405930771,0.11324981312291431,0.25108300880030854,0.9,0.7,0.5,13,2089.8917954086846,3716.4380842216897
29,11,0.5450389012343984,1.0084284094038023,0.9334416431483118,0.3141078077036311,0.29761290594103773,0.09428729641635626,0.113303982423492,0.25113872717127145,0.9,0.7,0.5,15,2140.0684522274346,3601.610033230182
29,12,0.5442750520274187,1.0077664275278093,0.9326671484074778,0.3247250127191631,0.2943283827056554,0.09329969139977368,0.1142644466166501,0.2515608121873613,0.9,0.7,0.5,16,2129.260598632798,3595.912264792455
29,13,0.5239285510266456,1.000882419866914,0.9343435794504003,0.33434652586312613,0.47864429384460166,0.09413211165193727,0.12379546482736148,0.252395597320214,0.9,0.7,0.5,17,2216.1604598608205,3447.379059122389
29,14,0.5212995702094474,0.9983100884536871,0.9312489227999183,0.34433518401436286,0.30870086660942475,0.09459474389504038,0.12386229335248271,0.25242397646868164,0.9,0.7,0.5,19,2112.8860712104715,3536.90051407768
29,15,0.51554202784261,0.9925527399178481,0.9254869598654586,0.34418230046350595,0.29241416671833603,0.09432265345430708,0.120401700214596,0.2462978974578874,0.9,0.7,0.5,21,2161.687191844156,3564.9356417217723
29,16,0.5151376335836783,0.9921572099696104,0.9249317359388176,0.35021335282665733,0.29611495641483876,0.09447430073632854,0.12072014121802599,0.246653280938341,0.9,0.7,0.5,23,2092.6914392800145,3567.793517100608
29,17,0.9242443184255755,1.3888621858313508,1.3042882026640887,0.7756049801614364,0.9035805209452962,0.06841426637578397,0.23511815489686544,1.0,0.9,0.7,0.5,24,2280.2287687153243,4686.648663334227
29,18,1.4599495222675574,1.9460555727306492,1.8861393603450907,1.3342468763107012,1.279724950040582,0.07642621060369668,1.0,1.0,0.9,0.7,0.5,29,3651.158036222367,7137.604079394128
29,19,1.4526844026541226,1.9494264629969178,1.9018155195626962,1.3399328875243863,1.279177848329817,0.07223336898175212,1.0,1.0,0.9,0.7,0.5,31,3680.708368172698,7638.12154481826
29,20,1.419958466120422,1.9071080053873217,1.8521558700327148,1.3423741185102671,1.4152480127031595,0.07284213211167448,1.0,1.0,0.9,0.7,0.5,33,3646.6328793384746,7148.4059851489965
29,21,1.4193159419217465,1.917650223549003,1.8756872297038585,1.3527665775811193,1.2651953831898466,0.07218051630100922,1.0,1.0,0.9,0.7,0.5,35,3653.285670787968,7134.991173970511
29,22,1.4193605508137797,1.9174725419196768,1.8753813645540958,1.3644851255435864,1.2681460066735015,0.07281455104404011,1.0,1.0,0.9,0.7,0.5,37,3563.452249215969,7069.679710497774
29,23,1.4115313703907924,1.9366677582329614,1.9301450847737742,1.364265528389071,1.4111788767155633,0.07906936323289364,1.0,1.0,0.9,0.7,0.5,38,4243.906577692405,8466.954791858157
29,24,1.3968964589070016,1.8809792368804061,1.8321462399406427,1.3867852098095268,1.3133847309641706,0.07600720668713665,1.0,1.0,0.9,0.7,0.5,41,3622.582389230693,2472.0922977626374
29,25,1.3912007039032002,1.880321533352618,1.8420317271376465,1.4140648791463353,1.287599515136502,0.07877189515868381,1.0,1.0,0.9,0.7,0.5,47,3351.6414788699485,2435.824907459521
29,26,1.3910125395779764,1.8799802876262035,1.8416319954277016,1.4213991439896043,1.2720856068565853,0.07877189515868381,1.0,1.0,0.9,0.7,0.5,49,3384.436521207831,2408.4078374438827
29,27,1.3908752010089658,1.8681478410642063,1.8166120188585722,1.4185313214916397,1.2789762076071438,0.07928595902145075,1.0,1.0,0.9,0.7,0.5,50,3384.5143592641834,2415.723608828354
29,28,1.389448471595899,1.8653751411809867,1.8133326005958679,1.424905687372345,1.2818754252148021,0.079492644377954,1.0,1.0,0.9,0.7,0.5,52,3285.857547685624,2416.6557963985997
29,29,1.369991219042173,1.8552944112182634,1.8246890571809098,1.431472154146877,1.4520090473989233,0.07300476276291638,1.0,1.0,0.9,0.7,0.5,53,3770.471504617565,2606.4133166062807
29,30,1.420303662479885,1.8994032809824848,1.8668027986477762,1.4842249652390433,1.362059677495457,0.13495893240148163,1.0,1.0,0.9,0.7,0.5,55,3357.91555693876,2362.6013038075207
29,31,1.3504557359324092,1.8313627162272677,1.8088901382620621,1.426671653165408,1.3175682986603996,0.06554628059038047,1.0,1.0,0.9,0.7,0.5,57,4127.908437480862,2555.4680776018336
29,32,1.3495171659551748,1.8291292359982358,1.806273405244427,1.4329309140956223,1.2668123330372172,0.06555141378306792,1.0,1.0,0.9,0.7,0.5,59,4198.307208352197,2634.700623919024
29,33,1.3394784648754707,1.824407274621107,1.8128419403718674,1.44360455136647,1.3228331346068662,0.05894979906737905,1.0,1.0,0.9,0.7,0.5,60,4327.200886249745,2630.615875303152
29,34,1.3431020236756581,1.8391562057960142,1.8405695262193977,1.453202643656426,1.2575771127884365,0.06303012486143875,1.0,1.0,0.9,0.7,0.5,61,3778.853985424709,2533.0933310830405
29,35,1.3391232439129686,1.834997247515958,1.8363590950523179,1.4527493580899584,1.2549652285661628,0.05874301133440958,1.0,1.0,0.9,0.7,0.5,62,4187.828709733204,2666.013328409921
29,36,1.3337512864111956,1.8232758199301475,1.8228509865295517,1.4564729830860166,1.3245233768812004,0.05731232550501185,1.0,1.0,0.9,0.7,0.5,63,4077.010216618821,2651.014025314279
29,37,1.3332800589167717,1.8225791336181278,1.822092689001562,1.459565375179062,1.2536851581007007,0.05693695749173662,1.0,1.0,0.9,0.7,0.5,64,4098.625482735918,2543.8613942783472
29,38,1.3324867268005065,1.820334939817223,1.8194480151564183,1.468933154472476,1.2595059859409017,0.05704169375275366,1.0,1.0,0.9,0.7,0.5,66,4020.0571991251554,2670.033613850375
29,39,1.333531899239387,1.8206710448403698,1.819589259005711,1.4773105460878857,1.2607569743128284,0.058679143479853604,1.0,1.0,0.9,0.7,0.5,67,3742.775489308072,4540.093005509732
29,40,1.3266434622625547,1.8117414777145964,1.8101025136760676,1.4713354752411298,1.2698636781363761,0.052373307596562335,1.0,1.0,0.9,0.7,0.5,68,3973.090467680255,2740.743386168041
29,41,1.327407442255955,1.8008887918310723,1.7861369221317562,1.4835409201819716,1.2492913809473496,0.05349235403268765,1.0,1.0,0.9,0.7,0.5,72,3352.970175151296,2668.8087663431597
29,42,1.3404549858619932,1.8339325020899793,1.854574185786793,1.6423135635508703,1.2748003226347988,0.07626958794082121,1.0,1.0,0.9,0.7,0.5,96,3105.482438163356,101918.73943282836
29,43,1.3297866981868744,1.7998443981395817,1.8146663927746214,1.646268648806091,1.3868877316018298,0.07615187129487754,1.0,1.0,0.9,0.7,0.5,98,2850.4615952546787,263204.2741812015
29,44,1.3263162546966512,1.8068317223138086,1.8344748554287111,1.6610802626157772,1.2678009957778549,0.07263036881042403,1.0,1.0,0.9,0.7,0.5,101,2862.8205025983216,88895.02851235088
29,45,1.3263481760448597,1.8131037465116817,1.8525617100072762,1.6843758078691526,1.2834767848392696,0.07484247416769994,1.0,1.0,0.9,0.7,0.5,104,2892.810067552934,93519.81377725845
29,46,1.3258673077088825,1.8113442752849975,1.8504991565153586,1.691606803407688,1.2735485097124486,0.07485379121604903,1.0,1.0,0.9,0.7,0.5,106,2898.448128553023,93464.68756086253
29,47,1.3262648063235882,1.8110505959064918,1.8500420764735162,1.688489199659495,1.2746959852283664,0.07558803239344512,1.0,1.0,0.9,0.7,0.5,107,2847.130239287369,93577.52637714948
29,48,1.325464219784788,1.801127131760951,1.837980523717901,1.6936127752161139,1.3583083354126715,0.07843366448606862,1.0,1.0,0.9,0.7,0.5,108,2643.626838913403,92702.32054765437
29,49,1.3155488805275652,1.7960889028163018,1.8444879002790966,1.7108948434764235,1.3221360531186743,0.06982551220690822,1.0,1.0,0.9,0.7,0.5,109,54817.901365634905,93701.62832116552
29,50,1.322815220297532,1.8021475403907883,1.8502740758190384,1.7147637978761088,1.2812597110083845,0.0783268173395213,1.0,1.0,0.9,0.7,0.5,110,2612.7877566549605,80882.71766018524
29,51,1.3076758733660987,1.7807776428028492,1.837992876590199,1.7140548073942492,1.4203718450825624,0.06751236400429486,1.0,1.0,0.9,0.7,0.5,111,53877.49216217581,108915.24932784536
29,52,1.308147365319678,1.7801999573599296,1.8371833630189922,1.7220680751329942,1.2710431958506017,0.06837498146651659,1.0,1.0,0.9,0.7,0.5,112,53991.15549099486,109097.57874567792
29,53,1.302863229630531,1.7673033262235953,1.8226200391602183,1.7143941510758174,1.3260887298748227,0.06485853453741758,1.0,1.0,0.9,0.7,0.5,113,28425.780100565014,108395.380021846
29,54,1.3028972709424176,1.7656738713835436,1.8206285363318253,1.7221691569500819,1.2736265307891061,0.06539651552991253,1.0,1.0,0.9,0.7,0.5,114,28590.583261060423,108746.16440162688
29,55,1.3025223128354042,1.762178692938159,1.8164570437802414,1.7297554788286762,1.2731052400928906,0.06590165015492135,1.0,1.0,0.9,0.7,0.5,116,28476.675130850857,108671.65891904484
29,56,1.2977382543257994,1.75541291097379,1.8092632885914006,1.7327503654544316,1.2724868116060213,0.06116058287391056,1.0,1.0,0.9,0.7,0.5,117,28527.65061087104,inf
29,57,1.3018469387888316,1.7590462030929843,1.8127939593797242,1.740680741403954,1.2613842524744114,0.0658635769658286,1.0,1.0,0.9,0.7,0.5,119,28741.31889080435,107727.67891603777
29,58,1.300474071818821,1.7538387368071433,1.806762447161926,1.7398412339808766,1.2924748493477602,0.06542376234640605,1.0,1.0,0.9,0.7,0.5,120,28813.35335070124,108587.9792393514
29,59,1.292474402979463,1.7629574629098266,1.8407525354923586,1.7475294389698153,1.267540396417116,0.05798638832648283,1.0,1.0,0.9,0.7,0.5,123,2850.131993030536,128729.9301223804
29,60,1.2903830204028577,1.7445613500355466,1.808274179448588,1.7420647997056962,1.2733803959301235,0.057013643944171535,1.0,1.0,0.9,0.7,0.5,125,2824.455142687239,128103.15330796751
29,61,1.290297610111037,1.7547602862472365,1.831279411732015,1.7573396602409646,1.2553904052306781,0.057156529523966035,1.0,1.0,0.9,0.7,0.5,127,2794.9188282425653,128542.40645583766
29,62,1.2874405429743963,1.7625468855794049,1.8519477994628448,1.773873352398405,1.2511769197637022,0.05412951160315134,1.0,1.0,0.9,0.7,0.5,129,2869.051090897688,105501.254442095
29,63,1.2873472613098598,1.7351452231135749,1.7975134191365782,1.7779010965010547,1.2582088374387088,0.05527523415199172,1.0,1.0,0.9,0.7,0.5,134,2656.218124949381,102150.55405474742
29,64,1.2867894802340507,1.7418671896974685,1.8164166834586157,1.7893647215754025,1.2831465879329227,0.0556097251086294,1.0,1.0,0.9,0.7,0.5,135,2785.890857160867,106533.29613948062
29,65,1.285456858250701,1.7208062115428775,1.8020099491418977,1.7985430440775478,1.5136539567424736,0.0609339527943619,1.0,1.0,0.9,0.7,0.5,136,2634.676820256075,131631.01078874076
29,66,1.2844454697390444,1.7269980611665572,1.8203960097391974,1.813257420011606,1.270984669804561,0.06059717184489631,1.0,1.0,0.9,0.7,0.5,138,2665.55084771835,128982.45111895306
29,67,1.2802623056976612,1.700399332704786,1.7785521455944084,1.8096162186586922,1.298014834146314,0.05805413664469259,1.0,1.0,0.9,0.7,0.5,140,2593.3789037485158,128086.5739183782
29,68,1.2792532924191116,1.6957651724237963,1.7731966522109075,1.820290796205904,1.266567617172778,0.057585135888077586,1.0,1.0,0.9,0.7,0.5,142,2658.685321271992,127340.6932464486
29,69,1.2891230013790174,1.6950111353489041,1.770341805891193,1.850142986012838,1.3061447069246854,0.07037720008006063,1.0,1.0,0.9,0.7,0.5,144,2568.771034270313,20030.623096154864
29,70,1.2728336971509016,1.6550931076623407,1.7475025168714335,1.8938583465835395,1.2791044617405514,0.059014152205583516,1.0,1.0,0.9,0.7,0.5,158,2669.8429797299987,127039.691726237
29,71,1.2726756517504965,1.6537835985452907,1.7459731953622257,1.9015112105258778,1.257571993790924,0.05898555833006258,1.0,1.0,0.9,0.7,0.5,160,2675.97642051063,127022.73256809074
29,72,1.27329298531529,1.6607054684080667,1.7649615567493702,1.9103423135494804,1.292365530720497,0.06028700065494831,1.0,1.0,0.9,0.7,0.5,161,2598.294669942009,127791.51831953056
29,73,1.2714845512359434,1.6462536627245388,1.7372354413482283,1.9081820918074355,1.2637543595481557,0.05845484931000909,1.0,1.0,0.9,0.7,0.5,162,2642.313402605868,126445.02951970843
29,74,1.2720531615142545,1.6303980555615294,1.707385955027001,1.9005648217594084,1.295032284512447,0.059731967034594505,1.0,1.0,0.9,0.7,0.5,163,2627.490465290274,127696.24164749152
29,75,1.271391002007312,1.634560535371656,1.723342940430494,1.9120484485998026,1.2779686297763306,0.05973196703459458,1.0,1.0,0.9,0.7,0.5,165,2566.8712591606622,127435.73632522993
29,76,1.2712392728377369,1.6328144315286874,1.7212955956324014,1.93581586820039,1.2599194382963341,0.05974654911778332,1.0,1.0,0.9,0.7,0.5,167,2587.731803854382,127718.70831026466
29,77,1.2678268306527327,1.6473618402911265,1.7610046548516736,1.9591717108363784,1.2546158064165391,0.05645758258587681,1.0,1.0,0.9,0.7,0.5,176,2669.9655956564397,1121609.6308103888
29,78,1.2711509773189666,1.666438661623293,1.8048300596221525,1.9873712124679588,1.2718192242603346,0.06088088487270663,1.0,1.0,0.9,0.7,0.5,179,2549.6815805548763,127688.3707386224
30,0,0.9730560317336571,0.993900489087531,0.9438821166778277,0.012207057973661237,0.0,0.0,0.0,0.0,0.9,0.7,0.5,1,1170.9783780536643,7719.731526176145
30,1,1.0145344930374929,1.0537904015758315,1.0028177393094002,0.08055250133378725,0.08492214958483238,0.07258063709722555,0.00010534518783734,0.00013170592161439,0.9,0.7,0.5,3,1145.7727092243035,7700.219769258982
30,2,0.9738310478527225,1.0470519226740098,0.9942326145352524,0.08592267407467882,0.14481645874263227,0.059825054517621976,0.01493926568646248,0.01041349088523862,0.9,0.7,0.5,4,1169.878971419404,7465.379835063111
30,3,0.7239972336656259,1.0744216098788015,1.012817287048559,0.22017885857219088,1.101352505424505,0.08893553371902074,0.10024776216838771,0.12533295708335995,0.9,0.7,0.5,5,1555.817979201968,4775.590191410123
30,4,0.7288229911961093,1.1329394776885853,1.0626314552239473,0.3294942055159389,0.49989607465256414,0.09393858058418711,0.16150671370832997,0.24924574216715895,0.9,0.7,0.5,7,1672.2249452903875,5821.679954159035
30,5,0.7237580812782298,1.1620227747587855,1.0823009569933502,0.4135965930326682,0.5980381566961805,0.10818995213594736,0.20271156678949187,0.3340102735582517,0.9,0.7,0.5,9,1882.80062284089,5678.038233519287
30,6,0.6833346217199214,1.1337514253381353,1.0666498469297492,0.388936614587446,0.3729037507661534,0.10984036030317076,0.1800618721943898,0.28824109009283816,0.9,0.7,0.5,13,1835.6936858507036,4766.626082707609
30,7,1.0860780044074736,1.5258226761596767,1.4455130617776994,0.802807905648357,0.7756582333241855,0.11554769800632347,0.24216207547061624,1.0,0.9,0.7,0.5,17,1500.24660414842,74204.0637738819
30,8,1.2070504268672244,1.6491037492178484,1.5677715348955021,0.9398166794804155,0.9235363932351511,0.09218915107081524,0.4568409663031824,1.0,0.9,0.7,0.5,19,1954.9701866827425,5802.265774442779
30,9,1.0890932148433388,1.5372213955682363,1.452616796045718,0.8504130921586356,0.8767939644044236,0.10478673989408238,0.3081086156551112,1.0,0.9,0.7,0.5,21,1246.6748545294408,73108.15217989663
30,10,1.1150727937979883,1.5675494641280134,1.4792310289792912,0.9055452769160095,0.9376468460364648,0.11129244849986986,0.3740509639630303,1.0,0.9,0.7,0.5,23,1452.9992078994546,71601.58450982237
30,11,1.1140129201498827,1.5778239352804821,1.5023468339852803,0.9126380212035035,0.8652390118167346,0.11129244849986986,0.3740509639630292,1.0,0.9,0.7,0.5,25,1383.976096019025,72006.82344692678
30,12,1.557361129250142,2.046820068460451,1.9920409685332308,1.4077135610533684,1.452042290147598,0.15505717505962965,1.0,1.0,0.9,0.7,0.5,27,2080.1306163187774,65098.15400873625
30,13,1.5360512137148785,2.0340818176328446,1.9882020270557281,1.4131208615433746,1.4188303315686621,0.1550630571289367,1.0,1.0,0.9,0.7,0.5,29,1753.6135712237294,67077.31268720166
30,14,1.5382400740419904,2.0018451624147082,1.915810650750811,1.4019067956297964,1.3633503455764164,0.1640741794536144,1.0,1.0,0.9,0.7,0.5,32,1859.0743328878311,96588.82085020392
30,15,1.5075520368762794,2.0112538241880564,1.972782948469024,1.4227269917003178,1.5192382432015639,0.15352712290488,1.0,1.0,0.9,0.7,0.5,33,1706.0577308736647,105129.14813056707
30,16,1.492527643498341,1.9943137180953348,1.9544941399430633,1.4191036363498972,1.3565750875411042,0.1434557107013964,1.0,1.0,0.9,0.7,0.5,35,1640.9422131227377,92955.33670594728
30,17,1.4970997303083244,1.9984730403339759,1.958379479644194,1.4278014248611928,1.3460403420059297,0.1498544538569638,1.0,1.0,0.9,0.7,0.5,36,1672.479025805648,95034.62954537629
30,18,1.4842948871851556,1.9849187643454629,1.9443400163376516,1.4199103472314822,1.3439598301617974,0.13794236888189956,1.0,1.0,0.9,0.7,0.5,37,1655.6690226627404,104130.16592782114
30,19,1.4639221452283486,1.963496955098588,1.9295151212717994,1.4430012069942424,1.5900555193065622,0.1432387563018109,1.0,1.0,0.9,0.7,0.5,38,3670.1870799404337,65021.48636437114
30,20,1.4567261906608993,1.9544315111762138,1.9195418438897234,1.445250277750711,1.3447902929115907,0.1390559679050995,1.0,1.0,0.9,0.7,0.5,40,3143.4595670675285,75941.7001096269
30,21,1.450685667768019,1.955062542226412,1.931362603456087,1.4528082191654157,1.360967764725646,0.1390559679050996,1.0,1.0,0.9,0.7,0.5,42,3119.700378400338,75755.88873381374
30,22,1.4506856676661757,1.9662668908868814,1.9555673689772188,1.4714073781442196,1.3251508322860863,0.1390559679050995,1.0,1.0,0.9,0.7,0.5,44,3119.70037797808,75755.88872832835
30,23,1.4496562944709561,1.9537445120172965,1.9299270318597745,1.4806629860343872,1.329349931165062,0.138353992870827,1.0,1.0,0.9,0.7,0.5,45,3089.3396574417598,75398.80124082275
30,24,1.4498306512713683,1.946823556884656,1.9202818775142259,1.484871321599037,1.4446214605438634,0.14833895288501192,1.0,1.0,0.9,0.7,0.5,46,3088.0983974113174,75456.6502006379
30,25,1.398030275553408,1.958446192429735,2.008510566710394,1.5701328987012197,1.287816697470101,0.09562207791783636,1.0,1.0,0.9,0.7,0.5,79,3377.242162766596,33508.97880481771
30,26,1.3807236724910161,1.9327548706957658,1.979943879930534,1.5631318456374519,1.3954974380761778,0.08573146314788209,1.0,1.0,0.9,0.7,0.5,80,3447.1169068015724,34908.43875449611
30,27,1.376598696478922,1.9341026529064134,1.992497658433829,1.586881177134743,1.2919845622233983,0.08642242503727054,1.0,1.0,0.9,0.7,0.5,85,3331.7452756774774,40803.12306012736
30,28,1.3712526146918895,1.9222834608874715,1.978681225947731,1.5857041121290778,1.3591309305363417,0.08624836091083972,1.0,1.0,0.9,0.7,0.5,86,3455.0542578820823,42938.57599087731
30,29,1.3679582163291553,1.914825275633766,1.9699699326447755,1.5988745672606006,1.3033204303566894,0.08609124422578243,1.0,1.0,0.9,0.7,0.5,88,3407.010161641316,41077.16274447243
30,30,1.3672076619248112,1.9241871367223076,1.9920167899674575,1.6162954647988157,1.2837611509112778,0.08609124422578249,1.0,1.0,0.9,0.7,0.5,90,3413.443804221576,40997.25013496359
30,31,2.187478558677619,2.7523921607513557,2.832277718789136,2.4559249943414967,2.112737555927975,1.0,1.0,1.0,0.9,0.7,0.5,93,5890.30635278106,346036184.36039203
30,32,2.171564421135776,2.7317100368728315,2.8302169220369624,2.502553665723773,2.2505750137364,1.0,1.0,1.0,0.9,0.7,0.5,95,2684.55601199629,22724663.80197475
30,33,2.1715042952704806,2.7203622487512087,2.8058440487284244,2.495280967589991,2.101252387125807,1.0,1.0,1.0,0.9,0.7,0.5,96,2703.051245572537,22721082.481458507
30,34,2.1671694540405553,2.718157828712939,2.8143437936796456,2.5049340758039653,2.1932480164696093,1.0,1.0,1.0,0.9,0.7,0.5,97,2636.271588282691,22722776.40130248
30,35,2.1637926397352647,2.7296345242883273,2.849949377377836,2.5296419633584337,2.108521871536051,1.0,1.0,1.0,0.9,0.7,0.5,106,2709.8949628210157,22536790.63066258
30,36,2.1575645204757428,2.707795823586559,2.824370616123571,2.520233482764401,2.176068705014797,1.0,1.0,1.0,0.9,0.7,0.5,108,2726.906056789788,22528701.81612124
30,37,2.1475757250819343,2.6789349149856196,2.801648899865107,2.561030757204784,2.1559706316328366,1.0,1.0,1.0,0.9,0.7,0.5,113,2597.9411796896625,22535313.11373236
30,38,2.1461683202703767,2.672663071562016,2.794303009496843,2.571710791914051,2.121888852574977,1.0,1.0,1.0,0.9,0.7,0.5,115,2671.5721146722594,22508144.88329477
30,39,2.1434113608822556,2.6598516538492936,2.7792975194193366,2.566786404000469,2.189496366337951,1.0,1.0,1.0,0.9,0.7,0.5,116,2629.619119807674,22529052.51609951
30,40,2.143090211390981,2.669512019466051,2.8016940435644573,2.5928731375896854,2.1053906962105495,1.0,1.0,1.0,0.9,0.7,0.5,118,3025.829432976675,22618779.34622841
30,41,2.1430810115075127,2.6806720882451875,2.825847038186189,2.6080717890537484,2.100103187222948,1.0,1.0,1.0,0.9,0.7,0.5,121,3020.8608347448726,22619095.736220676
30,42,2.1416845193470757,2.673897779295565,2.8179125737144775,2.6150143260513383,2.123839623262309,1.0,1.0,1.0,0.9,0.7,0.5,123,2858.136778841015,22611001.664262075
30,43,2.1414445077778033,2.6726642683155655,2.816467778487741,2.6186675474518104,2.108348865486163,1.0,1.0,1.0,0.9,0.7,0.5,124,2845.959014129025,22612077.528623328
30,44,2.140199198023991,2.6663925958567534,2.8091220849670036,2.625836460810275,2.1440330121093765,1.0,1.0,1.0,0.9,0.7,0.5,125,2838.1554761225366,22607843.68166712
30,45,2.1400489859075194,2.6768474348656195,2.832448976136962,2.6409720967790387,2.101080277829002,1.0,1.0,1.0,0.9,0.7,0.5,130,2834.679474318475,22631031.42059729
30,46,2.1399645699795125,2.67638035905171,2.831902002477391,2.6447246632341104,2.1030406571982883,1.0,1.0,1.0,0.9,0.7,0.5,131,2835.198781031664,22630440.46205855
30,47,2.138958649142571,2.6822885603610436,2.849903708751749,2.6520425754536974,2.1366887977147604,1.0,1.0,1.0,0.9,0.7,0.5,132,2899.0355195918432,22626166.934308257
30,48,2.13766621184448,2.6753518348582683,2.8417790239538503,2.655231324757837,2.148438705240827,1.0,1.0,1.0,0.9,0.7,0.5,133,2845.8035885135587,22626178.440636385
30,49,2.1372038601993264,2.6279997161984436,2.7419907793994076,2.638803350216282,2.117705239063034,1.0,1.0,1.0,0.9,0.7,0.5,134,2856.9985135146635,22632695.5563585
30,50,2.136996458943353,2.6492619236189148,2.7890576790810524,2.6542492732780913,2.1080101863257057,1.0,1.0,1.0,0.9,0.7,0.5,135,2851.9325224453187,22633354.333743468
30,51,2.136289519117923,2.6229008622181915,2.736018622300908,2.6495771679954174,2.12759981495147,1.0,1.0,1.0,0.9,0.7,0.5,136,2842.1173824786574,22639823.756258804
30,52,2.131997316039546,2.619790841672497,2.7545393498861106,2.654748197839892,2.2790958721480763,1.0,1.0,1.0,0.9,0.7,0.5,137,3679.9861101282286,22576623.117369663
30,53,2.131997322459273,2.6309951903329667,2.778744377870611,2.66665853455817,2.1000021581684685,1.0,1.0,1.0,0.9,0.7,0.5,139,3679.986343172094,22576623.10239788
30,54,2.1311019348873277,2.625198629033327,2.7719551066907027,2.6661169356209777,2.120020195604404,1.0,1.0,1.0,0.9,0.7,0.5,141,3592.793176561124,22577178.400598407
30,55,2.1304094320737543,2.6318312081697233,2.7908053570348255,2.6851922479333803,2.131696250023674,1.0,1.0,1.0,0.9,0.7,0.5,142,3567.299872434732,22580988.046088524
30,56,2.1299139581093676,2.6285225265348044,2.786929954169959,2.7044867054909316,2.1115394167897357,1.0,1.0,1.0,0.9,0.7,0.5,144,3591.7831601874977,22585316.59087813
30,57,2.129612986052125,2.6264940292683177,2.7845542013758067,2.699901701621596,2.1070860816193697,1.0,1.0,1.0,0.9,0.7,0.5,146,3554.5376809871,22579153.66770836
30,58,2.1370002589616304,2.6941425752341255,2.8859513463780253,2.7324050411919014,2.1200015775320464,1.0,1.0,1.0,0.9,0.7,0.5,155,3295.9801799802563,22513142.788513582
30,59,2.141088716756811,2.7380907848694447,2.959589381309537,2.7601751546077935,2.2631625508531945,1.0,1.0,1.0,0.9,0.7,0.5,156,3385.591684094538,22515243.94017553
30,60,2.141838169850319,2.7418302977822018,2.9639693699999903,2.771994755656629,2.1281063769111594,1.0,1.0,1.0,0.9,0.7,0.5,159,3411.8289768963778,22521246.68179342
30,61,2.132926909382582,2.6927782761876387,2.906516794834091,2.771327574279108,2.1159038780205184,1.0,1.0,1.0,0.9,0.7,0.5,160,3603.216097585224,22517281.304636776
30,62,2.1420804832512097,2.754235845076834,2.9895812016386634,2.779761476733534,2.1112483006955927,1.0,1.0,1.0,0.9,0.7,0.5,161,3357.2526146280434,22526569.387736384
30,63,2.146143028364875,2.7733871502006915,3.0120121741008763,2.7853444174128197,2.114123289447455,1.0,1.0,1.0,0.9,0.7,0.5,162,3472.027060656333,22491770.20375655
30,64,2.1456945472876043,2.7601491753299516,2.985425422280594,2.784075936059917,2.1264749001730623,1.0,1.0,1.0,0.9,0.7,0.5,163,3453.436470500617,22491483.228577934
30,65,2.149924413988025,2.789855846760837,3.03130119758098,2.7983344579849225,2.1244456578410693,1.0,1.0,1.0,0.9,0.7,0.5,165,3443.423732965229,22598605.550512068
30,66,2.137598937904147,2.7310092521871736,2.962376873512735,2.8016191380661097,2.100591125252298,1.0,1.0,1.0,0.9,0.7,0.5,166,3691.200503313419,22512373.593414985
30,67,2.1391882079919675,2.739520392466779,2.9723454947047356,2.80518348237388,2.121814996724889,1.0,1.0,1.0,0.9,0.7,0.5,167,3800.45270338436,22508759.932300515
30,68,2.1355971168658234,2.7085993581126857,2.9250473647956046,2.7983379880414523,2.159882928041934,1.0,1.0,1.0,0.9,0.7,0.5,168,3297.9705487119872,22499948.41639722
30,69,2.138194587768115,2.734235357827174,2.966155558626377,2.8238263046223704,2.1049664851170413,1.0,1.0,1.0,0.9,0.7,0.5,171,3601.0321404549845,22530469.04949734
30,70,2.133762604646226,2.72022701560011,2.9608298488040394,2.815002473173495,2.305596730644205,1.0,1.0,1.0,0.9,0.7,0.5,172,3578.111770517239,22504831.22175783
30,71,2.1332024421879763,2.7280231811162547,2.9810428745722994,2.8350299951507756,2.1907228869364723,1.0,1.0,1.0,0.9,0.7,0.5,173,3554.6018960946008,22508811.42026361
30,72,2.1327040780715563,2.7137503563547396,2.9532440669171356,2.833653193143167,2.1226294742744964,1.0,1.0,1.0,0.9,0.7,0.5,174,3546.4245551022177,22507503.575310804
30,73,2.128387940985412,2.6852539446920347,2.9198674533743665,2.842585168298002,2.1072139927111637,1.0,1.0,1.0,0.9,0.7,0.5,176,3506.531667083816,22492919.75915894
30,74,2.1326901129083495,2.736072374525733,3.0015521558675458,2.850239323114759,2.116858209473325,1.0,1.0,1.0,0.9,0.7,0.5,177,3557.7826970489623,22508723.463919204
30,75,2.1316650445655,2.707214201361478,2.945588535390101,2.8470921623646053,2.1562579745889003,1.0,1.0,1.0,0.9,0.7,0.5,178,3530.4175676146942,22509015.802989285
30,76,2.1305271412015756,2.711034751586019,2.9611450673093866,2.8772849783252994,2.102584371807093,1.0,1.0,1.0,0.9,0.7,0.5,182,3596.192318297848,22510493.976985488
