Dataset,Run,Method,Weight,Metric,Test_Metric,Spearman
556_analcatdata_apnea2,1,SVP,w0.6_0.5_0.7,MSE_Train,MSE_Test_Interpolation,0.5687682981247483
556_analcatdata_apnea2,1,SVP,w0.6_0.5_0.7,AIC_Train,MSE_Test_Interpolation,0.5777364199344804
556_analcatdata_apnea2,1,SVP,w0.6_0.5_0.7,BIC_Train,MSE_Test_Interpolation,0.57703986678421
556_analcatdata_apnea2,1,SVP,w0.6_0.5_0.7,MDL_Train,MSE_Test_Interpolation,-0.4300453847911973
556_analcatdata_apnea2,1,SVP,w0.6_0.5_0.7,PSM_Train,MSE_Test_Interpolation,0.49824229165986444
556_analcatdata_apnea2,1,SVP,w0.6_0.5_0.7,MSE_Train,MSE_Test_Extrapolation,-0.21531110893438252
556_analcatdata_apnea2,1,SVP,w0.6_0.5_0.7,AIC_Train,MSE_Test_Extrapolation,-0.1940444705651876
556_analcatdata_apnea2,1,SVP,w0.6_0.5_0.7,BIC_Train,MSE_Test_Extrapolation,-0.1902787300965379
556_analcatdata_apnea2,1,SVP,w0.6_0.5_0.7,MDL_Train,MSE_Test_Extrapolation,0.3680739217030724
556_analcatdata_apnea2,1,SVP,w0.6_0.5_0.7,PSM_Train,MSE_Test_Extrapolation,-0.3207518420565732
556_analcatdata_apnea2,2,SVP,w0.6_0.5_0.7,MSE_Train,MSE_Test_Interpolation,-0.22519464613769571
556_analcatdata_apnea2,2,SVP,w0.6_0.5_0.7,AIC_Train,MSE_Test_Interpolation,-0.32488846120199455
556_analcatdata_apnea2,2,SVP,w0.6_0.5_0.7,BIC_Train,MSE_Test_Interpolation,-0.2815326743067098
556_analcatdata_apnea2,2,SVP,w0.6_0.5_0.7,MDL_Train,MSE_Test_Interpolation,-0.39385880500393666
556_analcatdata_apnea2,2,SVP,w0.6_0.5_0.7,PSM_Train,MSE_Test_Interpolation,0.031545796518239876
556_analcatdata_apnea2,2,SVP,w0.6_0.5_0.7,MSE_Train,MSE_Test_Extrapolation,0.1440818825999475
556_analcatdata_apnea2,2,SVP,w0.6_0.5_0.7,AIC_Train,MSE_Test_Extrapolation,0.23047852331379579
556_analcatdata_apnea2,2,SVP,w0.6_0.5_0.7,BIC_Train,MSE_Test_Extrapolation,0.2116875164027644
556_analcatdata_apnea2,2,SVP,w0.6_0.5_0.7,MDL_Train,MSE_Test_Extrapolation,0.03920916805178899
556_analcatdata_apnea2,2,SVP,w0.6_0.5_0.7,PSM_Train,MSE_Test_Extrapolation,-0.027101740880062983
556_analcatdata_apnea2,3,SVP,w0.6_0.5_0.7,MSE_Train,MSE_Test_Interpolation,0.24774385560675885
556_analcatdata_apnea2,3,SVP,w0.6_0.5_0.7,AIC_Train,MSE_Test_Interpolation,0.3575748847926268
556_analcatdata_apnea2,3,SVP,w0.6_0.5_0.7,BIC_Train,MSE_Test_Interpolation,0.3134600614439324
556_analcatdata_apnea2,3,SVP,w0.6_0.5_0.7,MDL_Train,MSE_Test_Interpolation,-0.727870583717358
556_analcatdata_apnea2,3,SVP,w0.6_0.5_0.7,PSM_Train,MSE_Test_Interpolation,-0.3251248079877112
556_analcatdata_apnea2,3,SVP,w0.6_0.5_0.7,MSE_Train,MSE_Test_Extrapolation,-0.6225518433179723
556_analcatdata_apnea2,3,SVP,w0.6_0.5_0.7,AIC_Train,MSE_Test_Extrapolation,-0.6341205837173579
556_analcatdata_apnea2,3,SVP,w0.6_0.5_0.7,BIC_Train,MSE_Test_Extrapolation,-0.6250480030721965
556_analcatdata_apnea2,3,SVP,w0.6_0.5_0.7,MDL_Train,MSE_Test_Extrapolation,0.4405241935483871
556_analcatdata_apnea2,3,SVP,w0.6_0.5_0.7,PSM_Train,MSE_Test_Extrapolation,-0.27764976958525345
556_analcatdata_apnea2,4,SVP,w0.6_0.5_0.7,MSE_Train,MSE_Test_Interpolation,0.3954066985645933
556_analcatdata_apnea2,4,SVP,w0.6_0.5_0.7,AIC_Train,MSE_Test_Interpolation,0.581244019138756
556_analcatdata_apnea2,4,SVP,w0.6_0.5_0.7,BIC_Train,MSE_Test_Interpolation,0.5866575529733425
556_analcatdata_apnea2,4,SVP,w0.6_0.5_0.7,MDL_Train,MSE_Test_Interpolation,0.09911141490088858
556_analcatdata_apnea2,4,SVP,w0.6_0.5_0.7,PSM_Train,MSE_Test_Interpolation,0.03209842788790157
556_analcatdata_apnea2,4,SVP,w0.6_0.5_0.7,MSE_Train,MSE_Test_Extrapolation,0.07975393028024608
556_analcatdata_apnea2,4,SVP,w0.6_0.5_0.7,AIC_Train,MSE_Test_Extrapolation,-0.12795625427204374
556_analcatdata_apnea2,4,SVP,w0.6_0.5_0.7,BIC_Train,MSE_Test_Extrapolation,-0.12585099111414902
556_analcatdata_apnea2,4,SVP,w0.6_0.5_0.7,MDL_Train,MSE_Test_Extrapolation,0.09752563226247436
556_analcatdata_apnea2,4,SVP,w0.6_0.5_0.7,PSM_Train,MSE_Test_Extrapolation,-0.059876965140123035
556_analcatdata_apnea2,5,SVP,w0.6_0.5_0.7,MSE_Train,MSE_Test_Interpolation,0.46306231082350485
556_analcatdata_apnea2,5,SVP,w0.6_0.5_0.7,AIC_Train,MSE_Test_Interpolation,0.3867863479803779
556_analcatdata_apnea2,5,SVP,w0.6_0.5_0.7,BIC_Train,MSE_Test_Interpolation,0.3897505479595032
556_analcatdata_apnea2,5,SVP,w0.6_0.5_0.7,MDL_Train,MSE_Test_Interpolation,0.2976516021292141
556_analcatdata_apnea2,5,SVP,w0.6_0.5_0.7,PSM_Train,MSE_Test_Interpolation,0.2921824444212504
556_analcatdata_apnea2,5,SVP,w0.6_0.5_0.7,MSE_Train,MSE_Test_Extrapolation,0.23845110113766832
556_analcatdata_apnea2,5,SVP,w0.6_0.5_0.7,AIC_Train,MSE_Test_Extrapolation,0.1436384511011377
556_analcatdata_apnea2,5,SVP,w0.6_0.5_0.7,BIC_Train,MSE_Test_Extrapolation,0.12994468218348817
556_analcatdata_apnea2,5,SVP,w0.6_0.5_0.7,MDL_Train,MSE_Test_Extrapolation,-0.03868072226281182
556_analcatdata_apnea2,5,SVP,w0.6_0.5_0.7,PSM_Train,MSE_Test_Extrapolation,0.028535643461016596
556_analcatdata_apnea2,6,SVP,w0.6_0.5_0.7,MSE_Train,MSE_Test_Interpolation,-0.5813557141938389
556_analcatdata_apnea2,6,SVP,w0.6_0.5_0.7,AIC_Train,MSE_Test_Interpolation,-0.5123480609685511
556_analcatdata_apnea2,6,SVP,w0.6_0.5_0.7,BIC_Train,MSE_Test_Interpolation,-0.561225802302399
556_analcatdata_apnea2,6,SVP,w0.6_0.5_0.7,MDL_Train,MSE_Test_Interpolation,0.32220721589812856
556_analcatdata_apnea2,6,SVP,w0.6_0.5_0.7,PSM_Train,MSE_Test_Interpolation,-0.2548073831114542
556_analcatdata_apnea2,6,SVP,w0.6_0.5_0.7,MSE_Train,MSE_Test_Extrapolation,-0.5705511608463567
556_analcatdata_apnea2,6,SVP,w0.6_0.5_0.7,AIC_Train,MSE_Test_Extrapolation,-0.40491349926040265
556_analcatdata_apnea2,6,SVP,w0.6_0.5_0.7,BIC_Train,MSE_Test_Extrapolation,-0.5074602868351663
556_analcatdata_apnea2,6,SVP,w0.6_0.5_0.7,MDL_Train,MSE_Test_Extrapolation,0.16499453341050874
556_analcatdata_apnea2,6,SVP,w0.6_0.5_0.7,PSM_Train,MSE_Test_Extrapolation,-0.3503440735738633
556_analcatdata_apnea2,7,SVP,w0.6_0.5_0.7,MSE_Train,MSE_Test_Interpolation,0.41496562665256476
556_analcatdata_apnea2,7,SVP,w0.6_0.5_0.7,AIC_Train,MSE_Test_Interpolation,0.17916446324695928
556_analcatdata_apnea2,7,SVP,w0.6_0.5_0.7,BIC_Train,MSE_Test_Interpolation,0.3870967741935484
556_analcatdata_apnea2,7,SVP,w0.6_0.5_0.7,MDL_Train,MSE_Test_Interpolation,0.2938656795346377
556_analcatdata_apnea2,7,SVP,w0.6_0.5_0.7,PSM_Train,MSE_Test_Interpolation,0.3910629296668429
556_analcatdata_apnea2,7,SVP,w0.6_0.5_0.7,MSE_Train,MSE_Test_Extrapolation,-0.22612374405076674
556_analcatdata_apnea2,7,SVP,w0.6_0.5_0.7,AIC_Train,MSE_Test_Extrapolation,-0.529613960867266
556_analcatdata_apnea2,7,SVP,w0.6_0.5_0.7,BIC_Train,MSE_Test_Extrapolation,-0.13960867265996824
556_analcatdata_apnea2,7,SVP,w0.6_0.5_0.7,MDL_Train,MSE_Test_Extrapolation,0.5758328926493917
556_analcatdata_apnea2,7,SVP,w0.6_0.5_0.7,PSM_Train,MSE_Test_Extrapolation,0.22638815441565308
556_analcatdata_apnea2,8,SVP,w0.6_0.5_0.7,MSE_Train,MSE_Test_Interpolation,-0.12133436184069094
556_analcatdata_apnea2,8,SVP,w0.6_0.5_0.7,AIC_Train,MSE_Test_Interpolation,0.019436259942589056
556_analcatdata_apnea2,8,SVP,w0.6_0.5_0.7,BIC_Train,MSE_Test_Interpolation,-0.017893498906157133
556_analcatdata_apnea2,8,SVP,w0.6_0.5_0.7,MDL_Train,MSE_Test_Interpolation,-0.5507783355884622
556_analcatdata_apnea2,8,SVP,w0.6_0.5_0.7,PSM_Train,MSE_Test_Interpolation,-0.3426826338218743
556_analcatdata_apnea2,8,SVP,w0.6_0.5_0.7,MSE_Train,MSE_Test_Extrapolation,0.1033270526941413
556_analcatdata_apnea2,8,SVP,w0.6_0.5_0.7,AIC_Train,MSE_Test_Extrapolation,0.3012051239899341
556_analcatdata_apnea2,8,SVP,w0.6_0.5_0.7,BIC_Train,MSE_Test_Extrapolation,0.2602081462840956
556_analcatdata_apnea2,8,SVP,w0.6_0.5_0.7,MDL_Train,MSE_Test_Extrapolation,-0.8310803120929703
556_analcatdata_apnea2,8,SVP,w0.6_0.5_0.7,PSM_Train,MSE_Test_Extrapolation,-0.22062747379203076
556_analcatdata_apnea2,9,SVP,w0.6_0.5_0.7,MSE_Train,MSE_Test_Interpolation,-0.41214869123416303
556_analcatdata_apnea2,9,SVP,w0.6_0.5_0.7,AIC_Train,MSE_Test_Interpolation,-0.39481638690591037
556_analcatdata_apnea2,9,SVP,w0.6_0.5_0.7,BIC_Train,MSE_Test_Interpolation,-0.41337063476750924
556_analcatdata_apnea2,9,SVP,w0.6_0.5_0.7,MDL_Train,MSE_Test_Interpolation,0.2174094797093061
556_analcatdata_apnea2,9,SVP,w0.6_0.5_0.7,PSM_Train,MSE_Test_Interpolation,-0.23207280210946044
556_analcatdata_apnea2,9,SVP,w0.6_0.5_0.7,MSE_Train,MSE_Test_Extrapolation,0.19953051643192493
556_analcatdata_apnea2,9,SVP,w0.6_0.5_0.7,AIC_Train,MSE_Test_Extrapolation,0.23573863270949902
556_analcatdata_apnea2,9,SVP,w0.6_0.5_0.7,BIC_Train,MSE_Test_Extrapolation,0.22274744356550263
556_analcatdata_apnea2,9,SVP,w0.6_0.5_0.7,MDL_Train,MSE_Test_Extrapolation,-0.4121165348253908
556_analcatdata_apnea2,9,SVP,w0.6_0.5_0.7,PSM_Train,MSE_Test_Extrapolation,0.06939353013055503
556_analcatdata_apnea2,10,SVP,w0.6_0.5_0.7,MSE_Train,MSE_Test_Interpolation,0.06113465481886535
556_analcatdata_apnea2,10,SVP,w0.6_0.5_0.7,AIC_Train,MSE_Test_Interpolation,0.25741626794258377
556_analcatdata_apnea2,10,SVP,w0.6_0.5_0.7,BIC_Train,MSE_Test_Interpolation,0.11568010936431988
556_analcatdata_apnea2,10,SVP,w0.6_0.5_0.7,MDL_Train,MSE_Test_Interpolation,-0.4722077922077922
556_analcatdata_apnea2,10,SVP,w0.6_0.5_0.7,PSM_Train,MSE_Test_Interpolation,-0.1677922077922078
556_analcatdata_apnea2,10,SVP,w0.6_0.5_0.7,MSE_Train,MSE_Test_Extrapolation,0.17613123718386878
556_analcatdata_apnea2,10,SVP,w0.6_0.5_0.7,AIC_Train,MSE_Test_Extrapolation,0.2153656869446343
556_analcatdata_apnea2,10,SVP,w0.6_0.5_0.7,BIC_Train,MSE_Test_Extrapolation,0.1103485987696514
556_analcatdata_apnea2,10,SVP,w0.6_0.5_0.7,MDL_Train,MSE_Test_Extrapolation,-0.40276144907723854
556_analcatdata_apnea2,10,SVP,w0.6_0.5_0.7,PSM_Train,MSE_Test_Extrapolation,-0.06613807245386194
556_analcatdata_apnea2,11,SVP,w0.6_0.5_0.7,MSE_Train,MSE_Test_Interpolation,0.3017634996582365
556_analcatdata_apnea2,11,SVP,w0.6_0.5_0.7,AIC_Train,MSE_Test_Interpolation,0.26258373205741625
556_analcatdata_apnea2,11,SVP,w0.6_0.5_0.7,BIC_Train,MSE_Test_Interpolation,0.2676144907723855
556_analcatdata_apnea2,11,SVP,w0.6_0.5_0.7,MDL_Train,MSE_Test_Interpolation,-0.10192754613807246
556_analcatdata_apnea2,11,SVP,w0.6_0.5_0.7,PSM_Train,MSE_Test_Interpolation,0.29161995898838006
556_analcatdata_apnea2,11,SVP,w0.6_0.5_0.7,MSE_Train,MSE_Test_Extrapolation,0.07105946684894053
556_analcatdata_apnea2,11,SVP,w0.6_0.5_0.7,AIC_Train,MSE_Test_Extrapolation,0.021435406698564592
556_analcatdata_apnea2,11,SVP,w0.6_0.5_0.7,BIC_Train,MSE_Test_Extrapolation,0.03652768284347232
556_analcatdata_apnea2,11,SVP,w0.6_0.5_0.7,MDL_Train,MSE_Test_Extrapolation,0.09421736158578266
556_analcatdata_apnea2,11,SVP,w0.6_0.5_0.7,PSM_Train,MSE_Test_Extrapolation,0.05837320574162679
556_analcatdata_apnea2,12,SVP,w0.6_0.5_0.7,MSE_Train,MSE_Test_Interpolation,-0.31883640552995396
556_analcatdata_apnea2,12,SVP,w0.6_0.5_0.7,AIC_Train,MSE_Test_Interpolation,-0.47014208909370203
556_analcatdata_apnea2,12,SVP,w0.6_0.5_0.7,BIC_Train,MSE_Test_Interpolation,-0.41210637480798773
556_analcatdata_apnea2,12,SVP,w0.6_0.5_0.7,MDL_Train,MSE_Test_Interpolation,0.3209965437788018
556_analcatdata_apnea2,12,SVP,w0.6_0.5_0.7,PSM_Train,MSE_Test_Interpolation,0.0049923195084485405
556_analcatdata_apnea2,12,SVP,w0.6_0.5_0.7,MSE_Train,MSE_Test_Extrapolation,-0.24030337941628263
556_analcatdata_apnea2,12,SVP,w0.6_0.5_0.7,AIC_Train,MSE_Test_Extrapolation,-0.23972734254992323
556_analcatdata_apnea2,12,SVP,w0.6_0.5_0.7,BIC_Train,MSE_Test_Extrapolation,-0.20622119815668202
556_analcatdata_apnea2,12,SVP,w0.6_0.5_0.7,MDL_Train,MSE_Test_Extrapolation,0.15850614439324118
556_analcatdata_apnea2,12,SVP,w0.6_0.5_0.7,PSM_Train,MSE_Test_Extrapolation,0.0478110599078341
556_analcatdata_apnea2,13,SVP,w0.6_0.5_0.7,MSE_Train,MSE_Test_Interpolation,0.4952782306438218
556_analcatdata_apnea2,13,SVP,w0.6_0.5_0.7,AIC_Train,MSE_Test_Interpolation,0.5690424190224247
556_analcatdata_apnea2,13,SVP,w0.6_0.5_0.7,BIC_Train,MSE_Test_Interpolation,0.5657202620812698
556_analcatdata_apnea2,13,SVP,w0.6_0.5_0.7,MDL_Train,MSE_Test_Interpolation,-0.29361100003076074
556_analcatdata_apnea2,13,SVP,w0.6_0.5_0.7,PSM_Train,MSE_Test_Interpolation,0.06216739979697931
556_analcatdata_apnea2,13,SVP,w0.6_0.5_0.7,MSE_Train,MSE_Test_Extrapolation,-0.28081454366483133
556_analcatdata_apnea2,13,SVP,w0.6_0.5_0.7,AIC_Train,MSE_Test_Extrapolation,-0.3494724537820296
556_analcatdata_apnea2,13,SVP,w0.6_0.5_0.7,BIC_Train,MSE_Test_Extrapolation,-0.3128672060044911
556_analcatdata_apnea2,13,SVP,w0.6_0.5_0.7,MDL_Train,MSE_Test_Extrapolation,0.36362238149435544
556_analcatdata_apnea2,13,SVP,w0.6_0.5_0.7,PSM_Train,MSE_Test_Extrapolation,-0.007720938816943001
556_analcatdata_apnea2,14,SVP,w0.6_0.5_0.7,MSE_Train,MSE_Test_Interpolation,-0.07263149493175833
556_analcatdata_apnea2,14,SVP,w0.6_0.5_0.7,AIC_Train,MSE_Test_Interpolation,-0.025021949078138723
556_analcatdata_apnea2,14,SVP,w0.6_0.5_0.7,BIC_Train,MSE_Test_Interpolation,-0.030848431638598458
556_analcatdata_apnea2,14,SVP,w0.6_0.5_0.7,MDL_Train,MSE_Test_Interpolation,-0.14865512012131854
556_analcatdata_apnea2,14,SVP,w0.6_0.5_0.7,PSM_Train,MSE_Test_Interpolation,-0.22695346795434598
556_analcatdata_apnea2,14,SVP,w0.6_0.5_0.7,MSE_Train,MSE_Test_Extrapolation,-0.6580732700135686
556_analcatdata_apnea2,14,SVP,w0.6_0.5_0.7,AIC_Train,MSE_Test_Extrapolation,-0.6286615053076863
556_analcatdata_apnea2,14,SVP,w0.6_0.5_0.7,BIC_Train,MSE_Test_Extrapolation,-0.6316545614175114
556_analcatdata_apnea2,14,SVP,w0.6_0.5_0.7,MDL_Train,MSE_Test_Extrapolation,-0.4155559102881316
556_analcatdata_apnea2,14,SVP,w0.6_0.5_0.7,PSM_Train,MSE_Test_Extrapolation,-0.662263548567324
556_analcatdata_apnea2,15,SVP,w0.6_0.5_0.7,MSE_Train,MSE_Test_Interpolation,0.4119804246386525
556_analcatdata_apnea2,15,SVP,w0.6_0.5_0.7,AIC_Train,MSE_Test_Interpolation,0.4646872115226545
556_analcatdata_apnea2,15,SVP,w0.6_0.5_0.7,BIC_Train,MSE_Test_Interpolation,0.4922292896976441
556_analcatdata_apnea2,15,SVP,w0.6_0.5_0.7,MDL_Train,MSE_Test_Interpolation,-0.21574627903741825
556_analcatdata_apnea2,15,SVP,w0.6_0.5_0.7,PSM_Train,MSE_Test_Interpolation,0.35497413978426634
556_analcatdata_apnea2,15,SVP,w0.6_0.5_0.7,MSE_Train,MSE_Test_Extrapolation,-0.4085155350978136
556_analcatdata_apnea2,15,SVP,w0.6_0.5_0.7,AIC_Train,MSE_Test_Extrapolation,-0.4238419808040061
556_analcatdata_apnea2,15,SVP,w0.6_0.5_0.7,BIC_Train,MSE_Test_Extrapolation,-0.41357376800414775
556_analcatdata_apnea2,15,SVP,w0.6_0.5_0.7,MDL_Train,MSE_Test_Extrapolation,0.21341949190050452
556_analcatdata_apnea2,15,SVP,w0.6_0.5_0.7,PSM_Train,MSE_Test_Extrapolation,-0.40778209132639504
556_analcatdata_apnea2,16,SVP,w0.6_0.5_0.7,MSE_Train,MSE_Test_Interpolation,0.09696273875378354
556_analcatdata_apnea2,16,SVP,w0.6_0.5_0.7,AIC_Train,MSE_Test_Interpolation,0.3286295793758481
556_analcatdata_apnea2,16,SVP,w0.6_0.5_0.7,BIC_Train,MSE_Test_Interpolation,0.34077862436071393
556_analcatdata_apnea2,16,SVP,w0.6_0.5_0.7,MDL_Train,MSE_Test_Interpolation,-0.19841352677173574
556_analcatdata_apnea2,16,SVP,w0.6_0.5_0.7,PSM_Train,MSE_Test_Interpolation,0.02381797307170442
556_analcatdata_apnea2,16,SVP,w0.6_0.5_0.7,MSE_Train,MSE_Test_Extrapolation,0.052290992589500054
556_analcatdata_apnea2,16,SVP,w0.6_0.5_0.7,AIC_Train,MSE_Test_Extrapolation,-0.02310823504853356
556_analcatdata_apnea2,16,SVP,w0.6_0.5_0.7,BIC_Train,MSE_Test_Extrapolation,-0.01463312806596389
556_analcatdata_apnea2,16,SVP,w0.6_0.5_0.7,MDL_Train,MSE_Test_Extrapolation,0.04444212503913997
556_analcatdata_apnea2,16,SVP,w0.6_0.5_0.7,PSM_Train,MSE_Test_Extrapolation,0.09621125143513205
556_analcatdata_apnea2,17,SVP,w0.6_0.5_0.7,MSE_Train,MSE_Test_Interpolation,-0.27990430622009566
556_analcatdata_apnea2,17,SVP,w0.6_0.5_0.7,AIC_Train,MSE_Test_Interpolation,-0.4205268415794731
556_analcatdata_apnea2,17,SVP,w0.6_0.5_0.7,BIC_Train,MSE_Test_Interpolation,-0.380487933119512
556_analcatdata_apnea2,17,SVP,w0.6_0.5_0.7,MDL_Train,MSE_Test_Interpolation,0.046637572953362426
556_analcatdata_apnea2,17,SVP,w0.6_0.5_0.7,PSM_Train,MSE_Test_Interpolation,-0.27964141122035857
556_analcatdata_apnea2,17,SVP,w0.6_0.5_0.7,MSE_Train,MSE_Test_Extrapolation,-0.1440401703559598
556_analcatdata_apnea2,17,SVP,w0.6_0.5_0.7,AIC_Train,MSE_Test_Extrapolation,-0.1710131973289868
556_analcatdata_apnea2,17,SVP,w0.6_0.5_0.7,BIC_Train,MSE_Test_Extrapolation,-0.16099689783900312
556_analcatdata_apnea2,17,SVP,w0.6_0.5_0.7,MDL_Train,MSE_Test_Extrapolation,0.0011830274988169724
556_analcatdata_apnea2,17,SVP,w0.6_0.5_0.7,PSM_Train,MSE_Test_Extrapolation,-0.23991797676008197
556_analcatdata_apnea2,18,SVP,w0.6_0.5_0.7,MSE_Train,MSE_Test_Interpolation,-0.37040967264775876
556_analcatdata_apnea2,18,SVP,w0.6_0.5_0.7,AIC_Train,MSE_Test_Interpolation,-0.3373850408386392
556_analcatdata_apnea2,18,SVP,w0.6_0.5_0.7,BIC_Train,MSE_Test_Interpolation,-0.37118142645829316
556_analcatdata_apnea2,18,SVP,w0.6_0.5_0.7,MDL_Train,MSE_Test_Interpolation,0.27554826676956723
556_analcatdata_apnea2,18,SVP,w0.6_0.5_0.7,PSM_Train,MSE_Test_Interpolation,-0.09637275709048815
556_analcatdata_apnea2,18,SVP,w0.6_0.5_0.7,MSE_Train,MSE_Test_Extrapolation,-0.41591099106051843
556_analcatdata_apnea2,18,SVP,w0.6_0.5_0.7,AIC_Train,MSE_Test_Extrapolation,-0.3800887516882115
556_analcatdata_apnea2,18,SVP,w0.6_0.5_0.7,BIC_Train,MSE_Test_Extrapolation,-0.39108624348832727
556_analcatdata_apnea2,18,SVP,w0.6_0.5_0.7,MDL_Train,MSE_Test_Extrapolation,0.3270628336227411
556_analcatdata_apnea2,18,SVP,w0.6_0.5_0.7,PSM_Train,MSE_Test_Extrapolation,-0.11685638947842307
556_analcatdata_apnea2,19,SVP,w0.6_0.5_0.7,MSE_Train,MSE_Test_Interpolation,0.6254320276497696
556_analcatdata_apnea2,19,SVP,w0.6_0.5_0.7,AIC_Train,MSE_Test_Interpolation,0.619431643625192
556_analcatdata_apnea2,19,SVP,w0.6_0.5_0.7,BIC_Train,MSE_Test_Interpolation,0.6637384792626728
556_analcatdata_apnea2,19,SVP,w0.6_0.5_0.7,MDL_Train,MSE_Test_Interpolation,-0.2690092165898618
556_analcatdata_apnea2,19,SVP,w0.6_0.5_0.7,PSM_Train,MSE_Test_Interpolation,0.4601574500768049
556_analcatdata_apnea2,19,SVP,w0.6_0.5_0.7,MSE_Train,MSE_Test_Extrapolation,0.30885176651305685
556_analcatdata_apnea2,19,SVP,w0.6_0.5_0.7,AIC_Train,MSE_Test_Extrapolation,0.2910906298003072
556_analcatdata_apnea2,19,SVP,w0.6_0.5_0.7,BIC_Train,MSE_Test_Extrapolation,0.324404761904762
556_analcatdata_apnea2,19,SVP,w0.6_0.5_0.7,MDL_Train,MSE_Test_Extrapolation,0.1909562211981567
556_analcatdata_apnea2,19,SVP,w0.6_0.5_0.7,PSM_Train,MSE_Test_Extrapolation,0.2402073732718894
556_analcatdata_apnea2,20,SVP,w0.6_0.5_0.7,MSE_Train,MSE_Test_Interpolation,0.010373005529921457
556_analcatdata_apnea2,20,SVP,w0.6_0.5_0.7,AIC_Train,MSE_Test_Interpolation,0.04821950618153641
556_analcatdata_apnea2,20,SVP,w0.6_0.5_0.7,BIC_Train,MSE_Test_Interpolation,0.022876968053256317
556_analcatdata_apnea2,20,SVP,w0.6_0.5_0.7,MDL_Train,MSE_Test_Interpolation,-0.8011165510196894
556_analcatdata_apnea2,20,SVP,w0.6_0.5_0.7,PSM_Train,MSE_Test_Interpolation,-0.4240252192596246
556_analcatdata_apnea2,20,SVP,w0.6_0.5_0.7,MSE_Train,MSE_Test_Extrapolation,-0.050086294952625836
556_analcatdata_apnea2,20,SVP,w0.6_0.5_0.7,AIC_Train,MSE_Test_Extrapolation,-0.048853509915113946
556_analcatdata_apnea2,20,SVP,w0.6_0.5_0.7,BIC_Train,MSE_Test_Extrapolation,-0.0383924483110845
556_analcatdata_apnea2,20,SVP,w0.6_0.5_0.7,MDL_Train,MSE_Test_Extrapolation,0.08592511711457858
556_analcatdata_apnea2,20,SVP,w0.6_0.5_0.7,PSM_Train,MSE_Test_Extrapolation,-0.002553626149131768
556_analcatdata_apnea2,21,SVP,w0.6_0.5_0.7,MSE_Train,MSE_Test_Interpolation,-0.2968530174009626
556_analcatdata_apnea2,21,SVP,w0.6_0.5_0.7,AIC_Train,MSE_Test_Interpolation,-0.27686042206590145
556_analcatdata_apnea2,21,SVP,w0.6_0.5_0.7,BIC_Train,MSE_Test_Interpolation,-0.27564605701592
556_analcatdata_apnea2,21,SVP,w0.6_0.5_0.7,MDL_Train,MSE_Test_Interpolation,0.30025916327286184
556_analcatdata_apnea2,21,SVP,w0.6_0.5_0.7,PSM_Train,MSE_Test_Interpolation,-0.29549055905220284
556_analcatdata_apnea2,21,SVP,w0.6_0.5_0.7,MSE_Train,MSE_Test_Extrapolation,-0.057889670492410214
556_analcatdata_apnea2,21,SVP,w0.6_0.5_0.7,AIC_Train,MSE_Test_Extrapolation,0.016127360236949276
556_analcatdata_apnea2,21,SVP,w0.6_0.5_0.7,BIC_Train,MSE_Test_Extrapolation,0.009255831173639392
556_analcatdata_apnea2,21,SVP,w0.6_0.5_0.7,MDL_Train,MSE_Test_Extrapolation,-0.06979637171417992
556_analcatdata_apnea2,21,SVP,w0.6_0.5_0.7,PSM_Train,MSE_Test_Extrapolation,-0.09900037023324693
556_analcatdata_apnea2,22,SVP,w0.6_0.5_0.7,MSE_Train,MSE_Test_Interpolation,0.15813168261114235
556_analcatdata_apnea2,22,SVP,w0.6_0.5_0.7,AIC_Train,MSE_Test_Interpolation,-0.3337728113192378
556_analcatdata_apnea2,22,SVP,w0.6_0.5_0.7,BIC_Train,MSE_Test_Interpolation,-0.3103304124125733
556_analcatdata_apnea2,22,SVP,w0.6_0.5_0.7,MDL_Train,MSE_Test_Interpolation,0.5198446833138214
556_analcatdata_apnea2,22,SVP,w0.6_0.5_0.7,PSM_Train,MSE_Test_Interpolation,0.32243490285708815
556_analcatdata_apnea2,22,SVP,w0.6_0.5_0.7,MSE_Train,MSE_Test_Extrapolation,0.168838581574862
556_analcatdata_apnea2,22,SVP,w0.6_0.5_0.7,AIC_Train,MSE_Test_Extrapolation,-0.4948428745004788
556_analcatdata_apnea2,22,SVP,w0.6_0.5_0.7,BIC_Train,MSE_Test_Extrapolation,-0.41274690292431987
556_analcatdata_apnea2,22,SVP,w0.6_0.5_0.7,MDL_Train,MSE_Test_Extrapolation,0.5416747057688599
556_analcatdata_apnea2,22,SVP,w0.6_0.5_0.7,PSM_Train,MSE_Test_Extrapolation,0.3042960962119751
556_analcatdata_apnea2,23,SVP,w0.6_0.5_0.7,MSE_Train,MSE_Test_Interpolation,-0.13197854498753495
556_analcatdata_apnea2,23,SVP,w0.6_0.5_0.7,AIC_Train,MSE_Test_Interpolation,0.18617007881947067
556_analcatdata_apnea2,23,SVP,w0.6_0.5_0.7,BIC_Train,MSE_Test_Interpolation,0.10986880209513737
556_analcatdata_apnea2,23,SVP,w0.6_0.5_0.7,MDL_Train,MSE_Test_Interpolation,-0.6062551937750246
556_analcatdata_apnea2,23,SVP,w0.6_0.5_0.7,PSM_Train,MSE_Test_Interpolation,-0.3851074009720229
556_analcatdata_apnea2,23,SVP,w0.6_0.5_0.7,MSE_Train,MSE_Test_Extrapolation,-0.13449673893883307
556_analcatdata_apnea2,23,SVP,w0.6_0.5_0.7,AIC_Train,MSE_Test_Extrapolation,-0.14608043111480445
556_analcatdata_apnea2,23,SVP,w0.6_0.5_0.7,BIC_Train,MSE_Test_Extrapolation,-0.14542570068746696
556_analcatdata_apnea2,23,SVP,w0.6_0.5_0.7,MDL_Train,MSE_Test_Extrapolation,-0.08649996222709073
556_analcatdata_apnea2,23,SVP,w0.6_0.5_0.7,PSM_Train,MSE_Test_Extrapolation,-0.2188058724282944
556_analcatdata_apnea2,24,SVP,w0.6_0.5_0.7,MSE_Train,MSE_Test_Interpolation,-0.016330014224751065
556_analcatdata_apnea2,24,SVP,w0.6_0.5_0.7,AIC_Train,MSE_Test_Interpolation,0.010554765291607397
556_analcatdata_apnea2,24,SVP,w0.6_0.5_0.7,BIC_Train,MSE_Test_Interpolation,-0.0692176386913229
556_analcatdata_apnea2,24,SVP,w0.6_0.5_0.7,MDL_Train,MSE_Test_Interpolation,-0.2702133712660028
556_analcatdata_apnea2,24,SVP,w0.6_0.5_0.7,PSM_Train,MSE_Test_Interpolation,0.20423897581792316
556_analcatdata_apnea2,24,SVP,w0.6_0.5_0.7,MSE_Train,MSE_Test_Extrapolation,0.11496443812233285
556_analcatdata_apnea2,24,SVP,w0.6_0.5_0.7,AIC_Train,MSE_Test_Extrapolation,0.14304409672830726
556_analcatdata_apnea2,24,SVP,w0.6_0.5_0.7,BIC_Train,MSE_Test_Extrapolation,-0.01743954480796586
556_analcatdata_apnea2,24,SVP,w0.6_0.5_0.7,MDL_Train,MSE_Test_Extrapolation,-0.2139402560455192
556_analcatdata_apnea2,24,SVP,w0.6_0.5_0.7,PSM_Train,MSE_Test_Extrapolation,0.3285348506401138
556_analcatdata_apnea2,25,SVP,w0.6_0.5_0.7,MSE_Train,MSE_Test_Interpolation,-0.17445378151260504
556_analcatdata_apnea2,25,SVP,w0.6_0.5_0.7,AIC_Train,MSE_Test_Interpolation,0.1036734693877551
556_analcatdata_apnea2,25,SVP,w0.6_0.5_0.7,BIC_Train,MSE_Test_Interpolation,0.03154861944777911
556_analcatdata_apnea2,25,SVP,w0.6_0.5_0.7,MDL_Train,MSE_Test_Interpolation,-0.5931812725090035
556_analcatdata_apnea2,25,SVP,w0.6_0.5_0.7,PSM_Train,MSE_Test_Interpolation,-0.42309723889555817
556_analcatdata_apnea2,25,SVP,w0.6_0.5_0.7,MSE_Train,MSE_Test_Extrapolation,-0.18261704681872748
556_analcatdata_apnea2,25,SVP,w0.6_0.5_0.7,AIC_Train,MSE_Test_Extrapolation,-0.0846578631452581
556_analcatdata_apnea2,25,SVP,w0.6_0.5_0.7,BIC_Train,MSE_Test_Extrapolation,-0.16254501800720286
556_analcatdata_apnea2,25,SVP,w0.6_0.5_0.7,MDL_Train,MSE_Test_Extrapolation,-0.30660264105642254
556_analcatdata_apnea2,25,SVP,w0.6_0.5_0.7,PSM_Train,MSE_Test_Extrapolation,-0.37719087635054016
556_analcatdata_apnea2,26,SVP,w0.6_0.5_0.7,MSE_Train,MSE_Test_Interpolation,0.14110339788089152
556_analcatdata_apnea2,26,SVP,w0.6_0.5_0.7,AIC_Train,MSE_Test_Interpolation,0.08045305078553161
556_analcatdata_apnea2,26,SVP,w0.6_0.5_0.7,BIC_Train,MSE_Test_Interpolation,0.117427840701498
556_analcatdata_apnea2,26,SVP,w0.6_0.5_0.7,MDL_Train,MSE_Test_Interpolation,0.11260504201680673
556_analcatdata_apnea2,26,SVP,w0.6_0.5_0.7,PSM_Train,MSE_Test_Interpolation,0.01742784070149799
556_analcatdata_apnea2,26,SVP,w0.6_0.5_0.7,MSE_Train,MSE_Test_Extrapolation,-0.5097186700767264
556_analcatdata_apnea2,26,SVP,w0.6_0.5_0.7,AIC_Train,MSE_Test_Extrapolation,-0.4942272561198393
556_analcatdata_apnea2,26,SVP,w0.6_0.5_0.7,BIC_Train,MSE_Test_Extrapolation,-0.525027402265254
556_analcatdata_apnea2,26,SVP,w0.6_0.5_0.7,MDL_Train,MSE_Test_Extrapolation,-0.4668249908659116
556_analcatdata_apnea2,26,SVP,w0.6_0.5_0.7,PSM_Train,MSE_Test_Extrapolation,-0.6585312385823896
556_analcatdata_apnea2,27,SVP,w0.6_0.5_0.7,MSE_Train,MSE_Test_Interpolation,0.3106462572050234
556_analcatdata_apnea2,27,SVP,w0.6_0.5_0.7,AIC_Train,MSE_Test_Interpolation,0.26938199030423327
556_analcatdata_apnea2,27,SVP,w0.6_0.5_0.7,BIC_Train,MSE_Test_Interpolation,0.2562507157308088
556_analcatdata_apnea2,27,SVP,w0.6_0.5_0.7,MDL_Train,MSE_Test_Interpolation,-0.16391189830896666
556_analcatdata_apnea2,27,SVP,w0.6_0.5_0.7,PSM_Train,MSE_Test_Interpolation,0.2107493224415009
556_analcatdata_apnea2,27,SVP,w0.6_0.5_0.7,MSE_Train,MSE_Test_Extrapolation,-0.43230140855823185
556_analcatdata_apnea2,27,SVP,w0.6_0.5_0.7,AIC_Train,MSE_Test_Extrapolation,-0.4360422949192655
556_analcatdata_apnea2,27,SVP,w0.6_0.5_0.7,BIC_Train,MSE_Test_Extrapolation,-0.3382830095049051
556_analcatdata_apnea2,27,SVP,w0.6_0.5_0.7,MDL_Train,MSE_Test_Extrapolation,0.5913654235217772
556_analcatdata_apnea2,27,SVP,w0.6_0.5_0.7,PSM_Train,MSE_Test_Extrapolation,-0.31759361758980037
556_analcatdata_apnea2,28,SVP,w0.6_0.5_0.7,MSE_Train,MSE_Test_Interpolation,-0.14290772518620617
556_analcatdata_apnea2,28,SVP,w0.6_0.5_0.7,AIC_Train,MSE_Test_Interpolation,-0.14829474323145206
556_analcatdata_apnea2,28,SVP,w0.6_0.5_0.7,BIC_Train,MSE_Test_Interpolation,-0.10689310689310688
556_analcatdata_apnea2,28,SVP,w0.6_0.5_0.7,MDL_Train,MSE_Test_Interpolation,0.17201785556215937
556_analcatdata_apnea2,28,SVP,w0.6_0.5_0.7,PSM_Train,MSE_Test_Interpolation,-0.12548211282388497
556_analcatdata_apnea2,28,SVP,w0.6_0.5_0.7,MSE_Train,MSE_Test_Extrapolation,0.14351471313496628
556_analcatdata_apnea2,28,SVP,w0.6_0.5_0.7,AIC_Train,MSE_Test_Extrapolation,0.13435931157450146
556_analcatdata_apnea2,28,SVP,w0.6_0.5_0.7,BIC_Train,MSE_Test_Extrapolation,0.12649375940515178
556_analcatdata_apnea2,28,SVP,w0.6_0.5_0.7,MDL_Train,MSE_Test_Extrapolation,-0.024216290039074845
556_analcatdata_apnea2,28,SVP,w0.6_0.5_0.7,PSM_Train,MSE_Test_Extrapolation,-0.003907484920143148
556_analcatdata_apnea2,29,SVP,w0.6_0.5_0.7,MSE_Train,MSE_Test_Interpolation,0.06309882811008895
556_analcatdata_apnea2,29,SVP,w0.6_0.5_0.7,AIC_Train,MSE_Test_Interpolation,0.03217925716685116
556_analcatdata_apnea2,29,SVP,w0.6_0.5_0.7,BIC_Train,MSE_Test_Interpolation,0.07554300110699698
556_analcatdata_apnea2,29,SVP,w0.6_0.5_0.7,MDL_Train,MSE_Test_Interpolation,-0.016070542428522346
556_analcatdata_apnea2,29,SVP,w0.6_0.5_0.7,PSM_Train,MSE_Test_Interpolation,-0.17841737603542387
556_analcatdata_apnea2,29,SVP,w0.6_0.5_0.7,MSE_Train,MSE_Test_Extrapolation,0.2392640378669313
556_analcatdata_apnea2,29,SVP,w0.6_0.5_0.7,AIC_Train,MSE_Test_Extrapolation,0.26167118372332704
556_analcatdata_apnea2,29,SVP,w0.6_0.5_0.7,BIC_Train,MSE_Test_Extrapolation,0.2593808451349391
556_analcatdata_apnea2,29,SVP,w0.6_0.5_0.7,MDL_Train,MSE_Test_Extrapolation,-0.22300263388937663
556_analcatdata_apnea2,29,SVP,w0.6_0.5_0.7,PSM_Train,MSE_Test_Extrapolation,0.07077146238118867
556_analcatdata_apnea2,30,SVP,w0.6_0.5_0.7,MSE_Train,MSE_Test_Interpolation,0.51069484054965
556_analcatdata_apnea2,30,SVP,w0.6_0.5_0.7,AIC_Train,MSE_Test_Interpolation,0.49500907441016334
556_analcatdata_apnea2,30,SVP,w0.6_0.5_0.7,BIC_Train,MSE_Test_Interpolation,0.49546279491833034
556_analcatdata_apnea2,30,SVP,w0.6_0.5_0.7,MDL_Train,MSE_Test_Interpolation,0.10092040445942443
556_analcatdata_apnea2,30,SVP,w0.6_0.5_0.7,PSM_Train,MSE_Test_Interpolation,0.3424293492351569
556_analcatdata_apnea2,30,SVP,w0.6_0.5_0.7,MSE_Train,MSE_Test_Extrapolation,-0.05535390199637024
556_analcatdata_apnea2,30,SVP,w0.6_0.5_0.7,AIC_Train,MSE_Test_Extrapolation,-0.09528130671506355
556_analcatdata_apnea2,30,SVP,w0.6_0.5_0.7,BIC_Train,MSE_Test_Extrapolation,-0.0887995851698211
556_analcatdata_apnea2,30,SVP,w0.6_0.5_0.7,MDL_Train,MSE_Test_Extrapolation,0.09424423126782475
556_analcatdata_apnea2,30,SVP,w0.6_0.5_0.7,PSM_Train,MSE_Test_Extrapolation,-0.14052372310085562
