Dataset,Run,Method,Weight,Metric,Test_Metric,Spearman
556_analcatdata_apnea2,1,SVP,w0.8_0.6_1.0,MSE_Train,MSE_Test_Interpolation,0.5574057748609615
556_analcatdata_apnea2,1,SVP,w0.8_0.6_1.0,AIC_Train,MSE_Test_Interpolation,0.5784982749425888
556_analcatdata_apnea2,1,SVP,w0.8_0.6_1.0,BIC_Train,MSE_Test_Interpolation,0.5882282517604293
556_analcatdata_apnea2,1,SVP,w0.8_0.6_1.0,MDL_Train,MSE_Test_Interpolation,-0.41715915151119387
556_analcatdata_apnea2,1,SVP,w0.8_0.6_1.0,PSM_Train,MSE_Test_Interpolation,0.5077110610463534
556_analcatdata_apnea2,1,SVP,w0.8_0.6_1.0,MSE_Train,MSE_Test_Extrapolation,-0.23557645215006368
556_analcatdata_apnea2,1,SVP,w0.8_0.6_1.0,AIC_Train,MSE_Test_Extrapolation,-0.19639533744735038
556_analcatdata_apnea2,1,SVP,w0.8_0.6_1.0,BIC_Train,MSE_Test_Extrapolation,-0.20754018785167774
556_analcatdata_apnea2,1,SVP,w0.8_0.6_1.0,MDL_Train,MSE_Test_Extrapolation,0.3687704748533429
556_analcatdata_apnea2,1,SVP,w0.8_0.6_1.0,PSM_Train,MSE_Test_Extrapolation,-0.3219925773554924
556_analcatdata_apnea2,2,SVP,w0.8_0.6_1.0,MSE_Train,MSE_Test_Interpolation,-0.22816901408450704
556_analcatdata_apnea2,2,SVP,w0.8_0.6_1.0,AIC_Train,MSE_Test_Interpolation,-0.2598722771411075
556_analcatdata_apnea2,2,SVP,w0.8_0.6_1.0,BIC_Train,MSE_Test_Interpolation,-0.20556381768874116
556_analcatdata_apnea2,2,SVP,w0.8_0.6_1.0,MDL_Train,MSE_Test_Interpolation,-0.3956784183361036
556_analcatdata_apnea2,2,SVP,w0.8_0.6_1.0,PSM_Train,MSE_Test_Interpolation,0.012439856530487271
556_analcatdata_apnea2,2,SVP,w0.8_0.6_1.0,MSE_Train,MSE_Test_Extrapolation,0.13382906132446856
556_analcatdata_apnea2,2,SVP,w0.8_0.6_1.0,AIC_Train,MSE_Test_Extrapolation,0.20503892922753916
556_analcatdata_apnea2,2,SVP,w0.8_0.6_1.0,BIC_Train,MSE_Test_Extrapolation,0.20955296999387626
556_analcatdata_apnea2,2,SVP,w0.8_0.6_1.0,MDL_Train,MSE_Test_Extrapolation,0.03130084856967894
556_analcatdata_apnea2,2,SVP,w0.8_0.6_1.0,PSM_Train,MSE_Test_Extrapolation,-0.0679730557256583
556_analcatdata_apnea2,3,SVP,w0.8_0.6_1.0,MSE_Train,MSE_Test_Interpolation,0.24774385560675885
556_analcatdata_apnea2,3,SVP,w0.8_0.6_1.0,AIC_Train,MSE_Test_Interpolation,0.2385272657450077
556_analcatdata_apnea2,3,SVP,w0.8_0.6_1.0,BIC_Train,MSE_Test_Interpolation,0.2313268049155146
556_analcatdata_apnea2,3,SVP,w0.8_0.6_1.0,MDL_Train,MSE_Test_Interpolation,-0.7279185867895546
556_analcatdata_apnea2,3,SVP,w0.8_0.6_1.0,PSM_Train,MSE_Test_Interpolation,-0.3251248079877112
556_analcatdata_apnea2,3,SVP,w0.8_0.6_1.0,MSE_Train,MSE_Test_Extrapolation,-0.6225518433179723
556_analcatdata_apnea2,3,SVP,w0.8_0.6_1.0,AIC_Train,MSE_Test_Extrapolation,-0.6324404761904762
556_analcatdata_apnea2,3,SVP,w0.8_0.6_1.0,BIC_Train,MSE_Test_Extrapolation,-0.6324884792626728
556_analcatdata_apnea2,3,SVP,w0.8_0.6_1.0,MDL_Train,MSE_Test_Extrapolation,0.4403321812596006
556_analcatdata_apnea2,3,SVP,w0.8_0.6_1.0,PSM_Train,MSE_Test_Extrapolation,-0.27764976958525345
556_analcatdata_apnea2,4,SVP,w0.8_0.6_1.0,MSE_Train,MSE_Test_Interpolation,0.3144771018455229
556_analcatdata_apnea2,4,SVP,w0.8_0.6_1.0,AIC_Train,MSE_Test_Interpolation,0.49290498974709496
556_analcatdata_apnea2,4,SVP,w0.8_0.6_1.0,BIC_Train,MSE_Test_Interpolation,0.5012166780587833
556_analcatdata_apnea2,4,SVP,w0.8_0.6_1.0,MDL_Train,MSE_Test_Interpolation,0.0735475051264525
556_analcatdata_apnea2,4,SVP,w0.8_0.6_1.0,PSM_Train,MSE_Test_Interpolation,-0.0009295967190704034
556_analcatdata_apnea2,4,SVP,w0.8_0.6_1.0,MSE_Train,MSE_Test_Extrapolation,0.02526315789473684
556_analcatdata_apnea2,4,SVP,w0.8_0.6_1.0,AIC_Train,MSE_Test_Extrapolation,-0.21984962406015038
556_analcatdata_apnea2,4,SVP,w0.8_0.6_1.0,BIC_Train,MSE_Test_Extrapolation,-0.20795625427204376
556_analcatdata_apnea2,4,SVP,w0.8_0.6_1.0,MDL_Train,MSE_Test_Extrapolation,0.06474367737525633
556_analcatdata_apnea2,4,SVP,w0.8_0.6_1.0,PSM_Train,MSE_Test_Extrapolation,-0.06898154477101845
556_analcatdata_apnea2,5,SVP,w0.8_0.6_1.0,MSE_Train,MSE_Test_Interpolation,0.39213025780189964
556_analcatdata_apnea2,5,SVP,w0.8_0.6_1.0,AIC_Train,MSE_Test_Interpolation,0.388623316981526
556_analcatdata_apnea2,5,SVP,w0.8_0.6_1.0,BIC_Train,MSE_Test_Interpolation,0.3984761507149568
556_analcatdata_apnea2,5,SVP,w0.8_0.6_1.0,MDL_Train,MSE_Test_Interpolation,0.29735935706084965
556_analcatdata_apnea2,5,SVP,w0.8_0.6_1.0,PSM_Train,MSE_Test_Interpolation,0.27961590648157814
556_analcatdata_apnea2,5,SVP,w0.8_0.6_1.0,MSE_Train,MSE_Test_Extrapolation,0.1568729777685002
556_analcatdata_apnea2,5,SVP,w0.8_0.6_1.0,AIC_Train,MSE_Test_Extrapolation,0.14067425112201234
556_analcatdata_apnea2,5,SVP,w0.8_0.6_1.0,BIC_Train,MSE_Test_Extrapolation,0.14831437219496926
556_analcatdata_apnea2,5,SVP,w0.8_0.6_1.0,MDL_Train,MSE_Test_Extrapolation,-0.02310823504853356
556_analcatdata_apnea2,5,SVP,w0.8_0.6_1.0,PSM_Train,MSE_Test_Extrapolation,0.019476046341717984
556_analcatdata_apnea2,6,SVP,w0.8_0.6_1.0,MSE_Train,MSE_Test_Interpolation,-0.5499710592321051
556_analcatdata_apnea2,6,SVP,w0.8_0.6_1.0,AIC_Train,MSE_Test_Interpolation,-0.5200977554826678
556_analcatdata_apnea2,6,SVP,w0.8_0.6_1.0,BIC_Train,MSE_Test_Interpolation,-0.5663065148884173
556_analcatdata_apnea2,6,SVP,w0.8_0.6_1.0,MDL_Train,MSE_Test_Interpolation,0.3254550131841277
556_analcatdata_apnea2,6,SVP,w0.8_0.6_1.0,PSM_Train,MSE_Test_Interpolation,-0.2539391600746029
556_analcatdata_apnea2,6,SVP,w0.8_0.6_1.0,MSE_Train,MSE_Test_Extrapolation,-0.561225802302399
556_analcatdata_apnea2,6,SVP,w0.8_0.6_1.0,AIC_Train,MSE_Test_Extrapolation,-0.41732587304649826
556_analcatdata_apnea2,6,SVP,w0.8_0.6_1.0,BIC_Train,MSE_Test_Extrapolation,-0.5322850344073574
556_analcatdata_apnea2,6,SVP,w0.8_0.6_1.0,MDL_Train,MSE_Test_Extrapolation,0.16110360794906428
556_analcatdata_apnea2,6,SVP,w0.8_0.6_1.0,PSM_Train,MSE_Test_Extrapolation,-0.3643964242073445
556_analcatdata_apnea2,7,SVP,w0.8_0.6_1.0,MSE_Train,MSE_Test_Interpolation,0.4546271813855102
556_analcatdata_apnea2,7,SVP,w0.8_0.6_1.0,AIC_Train,MSE_Test_Interpolation,0.1947117927022739
556_analcatdata_apnea2,7,SVP,w0.8_0.6_1.0,BIC_Train,MSE_Test_Interpolation,0.39709148598625055
556_analcatdata_apnea2,7,SVP,w0.8_0.6_1.0,MDL_Train,MSE_Test_Interpolation,0.31068217874140663
556_analcatdata_apnea2,7,SVP,w0.8_0.6_1.0,PSM_Train,MSE_Test_Interpolation,0.40185087255420404
556_analcatdata_apnea2,7,SVP,w0.8_0.6_1.0,MSE_Train,MSE_Test_Extrapolation,-0.14309888947646746
556_analcatdata_apnea2,7,SVP,w0.8_0.6_1.0,AIC_Train,MSE_Test_Extrapolation,-0.5140137493389739
556_analcatdata_apnea2,7,SVP,w0.8_0.6_1.0,BIC_Train,MSE_Test_Extrapolation,-0.1067160232681121
556_analcatdata_apnea2,7,SVP,w0.8_0.6_1.0,MDL_Train,MSE_Test_Extrapolation,0.5755684822845055
556_analcatdata_apnea2,7,SVP,w0.8_0.6_1.0,PSM_Train,MSE_Test_Extrapolation,0.2512956107879429
556_analcatdata_apnea2,8,SVP,w0.8_0.6_1.0,MSE_Train,MSE_Test_Interpolation,-0.13790007460893536
556_analcatdata_apnea2,8,SVP,w0.8_0.6_1.0,AIC_Train,MSE_Test_Interpolation,-0.08357465319490635
556_analcatdata_apnea2,8,SVP,w0.8_0.6_1.0,BIC_Train,MSE_Test_Interpolation,-0.11056032575019915
556_analcatdata_apnea2,8,SVP,w0.8_0.6_1.0,MDL_Train,MSE_Test_Interpolation,-0.560692472084877
556_analcatdata_apnea2,8,SVP,w0.8_0.6_1.0,PSM_Train,MSE_Test_Interpolation,-0.3424044310120259
556_analcatdata_apnea2,8,SVP,w0.8_0.6_1.0,MSE_Train,MSE_Test_Extrapolation,0.09080792625096422
556_analcatdata_apnea2,8,SVP,w0.8_0.6_1.0,AIC_Train,MSE_Test_Extrapolation,0.18972167073432894
556_analcatdata_apnea2,8,SVP,w0.8_0.6_1.0,BIC_Train,MSE_Test_Extrapolation,0.1562614600589284
556_analcatdata_apnea2,8,SVP,w0.8_0.6_1.0,MDL_Train,MSE_Test_Extrapolation,-0.8358856333539877
556_analcatdata_apnea2,8,SVP,w0.8_0.6_1.0,PSM_Train,MSE_Test_Extrapolation,-0.22080451194375242
556_analcatdata_apnea2,9,SVP,w0.8_0.6_1.0,MSE_Train,MSE_Test_Interpolation,-0.4122773168692521
556_analcatdata_apnea2,9,SVP,w0.8_0.6_1.0,AIC_Train,MSE_Test_Interpolation,-0.5175895555984309
556_analcatdata_apnea2,9,SVP,w0.8_0.6_1.0,BIC_Train,MSE_Test_Interpolation,-0.5143417583124318
556_analcatdata_apnea2,9,SVP,w0.8_0.6_1.0,MDL_Train,MSE_Test_Interpolation,0.2136471798829507
556_analcatdata_apnea2,9,SVP,w0.8_0.6_1.0,PSM_Train,MSE_Test_Interpolation,-0.23207280210946044
556_analcatdata_apnea2,9,SVP,w0.8_0.6_1.0,MSE_Train,MSE_Test_Extrapolation,0.1994340472056081
556_analcatdata_apnea2,9,SVP,w0.8_0.6_1.0,AIC_Train,MSE_Test_Extrapolation,0.13168049392243875
556_analcatdata_apnea2,9,SVP,w0.8_0.6_1.0,BIC_Train,MSE_Test_Extrapolation,0.15039552382789892
556_analcatdata_apnea2,9,SVP,w0.8_0.6_1.0,MDL_Train,MSE_Test_Extrapolation,-0.4146568911184
556_analcatdata_apnea2,9,SVP,w0.8_0.6_1.0,PSM_Train,MSE_Test_Extrapolation,0.06939353013055503
556_analcatdata_apnea2,10,SVP,w0.8_0.6_1.0,MSE_Train,MSE_Test_Interpolation,-0.030594668489405334
556_analcatdata_apnea2,10,SVP,w0.8_0.6_1.0,AIC_Train,MSE_Test_Interpolation,0.01952153110047847
556_analcatdata_apnea2,10,SVP,w0.8_0.6_1.0,BIC_Train,MSE_Test_Interpolation,-0.09249487354750513
556_analcatdata_apnea2,10,SVP,w0.8_0.6_1.0,MDL_Train,MSE_Test_Interpolation,-0.4763362952836637
556_analcatdata_apnea2,10,SVP,w0.8_0.6_1.0,PSM_Train,MSE_Test_Interpolation,-0.1683116883116883
556_analcatdata_apnea2,10,SVP,w0.8_0.6_1.0,MSE_Train,MSE_Test_Extrapolation,0.10518113465481886
556_analcatdata_apnea2,10,SVP,w0.8_0.6_1.0,AIC_Train,MSE_Test_Extrapolation,0.1236637047163363
556_analcatdata_apnea2,10,SVP,w0.8_0.6_1.0,BIC_Train,MSE_Test_Extrapolation,-0.0037183868762816134
556_analcatdata_apnea2,10,SVP,w0.8_0.6_1.0,MDL_Train,MSE_Test_Extrapolation,-0.4084210526315789
556_analcatdata_apnea2,10,SVP,w0.8_0.6_1.0,PSM_Train,MSE_Test_Extrapolation,-0.06447026657552973
556_analcatdata_apnea2,11,SVP,w0.8_0.6_1.0,MSE_Train,MSE_Test_Interpolation,0.29673274094326724
556_analcatdata_apnea2,11,SVP,w0.8_0.6_1.0,AIC_Train,MSE_Test_Interpolation,0.2644976076555024
556_analcatdata_apnea2,11,SVP,w0.8_0.6_1.0,BIC_Train,MSE_Test_Interpolation,0.2681886534518113
556_analcatdata_apnea2,11,SVP,w0.8_0.6_1.0,MDL_Train,MSE_Test_Interpolation,-0.08284347231715654
556_analcatdata_apnea2,11,SVP,w0.8_0.6_1.0,PSM_Train,MSE_Test_Interpolation,0.3005058099794942
556_analcatdata_apnea2,11,SVP,w0.8_0.6_1.0,MSE_Train,MSE_Test_Extrapolation,0.06332194121667807
556_analcatdata_apnea2,11,SVP,w0.8_0.6_1.0,AIC_Train,MSE_Test_Extrapolation,0.02058783321941217
556_analcatdata_apnea2,11,SVP,w0.8_0.6_1.0,BIC_Train,MSE_Test_Extrapolation,0.0337388926862611
556_analcatdata_apnea2,11,SVP,w0.8_0.6_1.0,MDL_Train,MSE_Test_Extrapolation,0.10378673957621326
556_analcatdata_apnea2,11,SVP,w0.8_0.6_1.0,PSM_Train,MSE_Test_Extrapolation,0.07084073820915926
556_analcatdata_apnea2,12,SVP,w0.8_0.6_1.0,MSE_Train,MSE_Test_Interpolation,-0.1987327188940092
556_analcatdata_apnea2,12,SVP,w0.8_0.6_1.0,AIC_Train,MSE_Test_Interpolation,-0.4358198924731183
556_analcatdata_apnea2,12,SVP,w0.8_0.6_1.0,BIC_Train,MSE_Test_Interpolation,-0.3979934715821813
556_analcatdata_apnea2,12,SVP,w0.8_0.6_1.0,MDL_Train,MSE_Test_Interpolation,0.3180203533026114
556_analcatdata_apnea2,12,SVP,w0.8_0.6_1.0,PSM_Train,MSE_Test_Interpolation,0.03331413210445469
556_analcatdata_apnea2,12,SVP,w0.8_0.6_1.0,MSE_Train,MSE_Test_Extrapolation,-0.18855606758832566
556_analcatdata_apnea2,12,SVP,w0.8_0.6_1.0,AIC_Train,MSE_Test_Extrapolation,-0.2594566052227342
556_analcatdata_apnea2,12,SVP,w0.8_0.6_1.0,BIC_Train,MSE_Test_Extrapolation,-0.210397465437788
556_analcatdata_apnea2,12,SVP,w0.8_0.6_1.0,MDL_Train,MSE_Test_Extrapolation,0.1529857910906298
556_analcatdata_apnea2,12,SVP,w0.8_0.6_1.0,PSM_Train,MSE_Test_Extrapolation,0.008736559139784947
556_analcatdata_apnea2,13,SVP,w0.8_0.6_1.0,MSE_Train,MSE_Test_Interpolation,0.49330954504906344
556_analcatdata_apnea2,13,SVP,w0.8_0.6_1.0,AIC_Train,MSE_Test_Interpolation,0.5451721061859793
556_analcatdata_apnea2,13,SVP,w0.8_0.6_1.0,BIC_Train,MSE_Test_Interpolation,0.5298532714017656
556_analcatdata_apnea2,13,SVP,w0.8_0.6_1.0,MDL_Train,MSE_Test_Interpolation,-0.29151927158632995
556_analcatdata_apnea2,13,SVP,w0.8_0.6_1.0,PSM_Train,MSE_Test_Interpolation,0.06413608539173768
556_analcatdata_apnea2,13,SVP,w0.8_0.6_1.0,MSE_Train,MSE_Test_Extrapolation,-0.2619274662401181
556_analcatdata_apnea2,13,SVP,w0.8_0.6_1.0,AIC_Train,MSE_Test_Extrapolation,-0.35027223230490023
556_analcatdata_apnea2,13,SVP,w0.8_0.6_1.0,BIC_Train,MSE_Test_Extrapolation,-0.33095450490633366
556_analcatdata_apnea2,13,SVP,w0.8_0.6_1.0,MDL_Train,MSE_Test_Extrapolation,0.36085391737672645
556_analcatdata_apnea2,13,SVP,w0.8_0.6_1.0,PSM_Train,MSE_Test_Extrapolation,-0.005690731797348427
556_analcatdata_apnea2,14,SVP,w0.8_0.6_1.0,MSE_Train,MSE_Test_Interpolation,-0.08552158991140556
556_analcatdata_apnea2,14,SVP,w0.8_0.6_1.0,AIC_Train,MSE_Test_Interpolation,-0.07378880996089074
556_analcatdata_apnea2,14,SVP,w0.8_0.6_1.0,BIC_Train,MSE_Test_Interpolation,-0.07466677308643947
556_analcatdata_apnea2,14,SVP,w0.8_0.6_1.0,MDL_Train,MSE_Test_Interpolation,-0.14554234176710035
556_analcatdata_apnea2,14,SVP,w0.8_0.6_1.0,PSM_Train,MSE_Test_Interpolation,-0.22511772687365314
556_analcatdata_apnea2,14,SVP,w0.8_0.6_1.0,MSE_Train,MSE_Test_Extrapolation,-0.6825764226993377
556_analcatdata_apnea2,14,SVP,w0.8_0.6_1.0,AIC_Train,MSE_Test_Extrapolation,-0.6862479048607233
556_analcatdata_apnea2,14,SVP,w0.8_0.6_1.0,BIC_Train,MSE_Test_Extrapolation,-0.683973182217256
556_analcatdata_apnea2,14,SVP,w0.8_0.6_1.0,MDL_Train,MSE_Test_Extrapolation,-0.41431878042940384
556_analcatdata_apnea2,14,SVP,w0.8_0.6_1.0,PSM_Train,MSE_Test_Extrapolation,-0.6608667890494054
556_analcatdata_apnea2,15,SVP,w0.8_0.6_1.0,MSE_Train,MSE_Test_Interpolation,0.39715980222309333
556_analcatdata_apnea2,15,SVP,w0.8_0.6_1.0,AIC_Train,MSE_Test_Interpolation,0.4406353140530355
556_analcatdata_apnea2,15,SVP,w0.8_0.6_1.0,BIC_Train,MSE_Test_Interpolation,0.4603624223877388
556_analcatdata_apnea2,15,SVP,w0.8_0.6_1.0,MDL_Train,MSE_Test_Interpolation,-0.1684012190341304
556_analcatdata_apnea2,15,SVP,w0.8_0.6_1.0,PSM_Train,MSE_Test_Interpolation,0.36324435058612276
556_analcatdata_apnea2,15,SVP,w0.8_0.6_1.0,MSE_Train,MSE_Test_Extrapolation,-0.4152176936987063
556_analcatdata_apnea2,15,SVP,w0.8_0.6_1.0,AIC_Train,MSE_Test_Extrapolation,-0.44270918954463256
556_analcatdata_apnea2,15,SVP,w0.8_0.6_1.0,BIC_Train,MSE_Test_Extrapolation,-0.43024064543051876
556_analcatdata_apnea2,15,SVP,w0.8_0.6_1.0,MDL_Train,MSE_Test_Extrapolation,0.19728372892929852
556_analcatdata_apnea2,15,SVP,w0.8_0.6_1.0,PSM_Train,MSE_Test_Extrapolation,-0.42755978199016176
556_analcatdata_apnea2,16,SVP,w0.8_0.6_1.0,MSE_Train,MSE_Test_Interpolation,0.09687924016282227
556_analcatdata_apnea2,16,SVP,w0.8_0.6_1.0,AIC_Train,MSE_Test_Interpolation,0.30875691472706407
556_analcatdata_apnea2,16,SVP,w0.8_0.6_1.0,BIC_Train,MSE_Test_Interpolation,0.3114288696378249
556_analcatdata_apnea2,16,SVP,w0.8_0.6_1.0,MDL_Train,MSE_Test_Interpolation,-0.20563615488988626
556_analcatdata_apnea2,16,SVP,w0.8_0.6_1.0,PSM_Train,MSE_Test_Interpolation,0.03500678426051561
556_analcatdata_apnea2,16,SVP,w0.8_0.6_1.0,MSE_Train,MSE_Test_Extrapolation,0.06114184323139548
556_analcatdata_apnea2,16,SVP,w0.8_0.6_1.0,AIC_Train,MSE_Test_Extrapolation,-0.04840830810980066
556_analcatdata_apnea2,16,SVP,w0.8_0.6_1.0,BIC_Train,MSE_Test_Extrapolation,-0.028326896983613407
556_analcatdata_apnea2,16,SVP,w0.8_0.6_1.0,MDL_Train,MSE_Test_Extrapolation,0.057175660160734804
556_analcatdata_apnea2,16,SVP,w0.8_0.6_1.0,PSM_Train,MSE_Test_Extrapolation,0.09036635006784262
556_analcatdata_apnea2,17,SVP,w0.8_0.6_1.0,MSE_Train,MSE_Test_Interpolation,-0.34615384615384615
556_analcatdata_apnea2,17,SVP,w0.8_0.6_1.0,AIC_Train,MSE_Test_Interpolation,-0.42865029707134966
556_analcatdata_apnea2,17,SVP,w0.8_0.6_1.0,BIC_Train,MSE_Test_Interpolation,-0.4037015615962984
556_analcatdata_apnea2,17,SVP,w0.8_0.6_1.0,MDL_Train,MSE_Test_Interpolation,0.026920447973079548
556_analcatdata_apnea2,17,SVP,w0.8_0.6_1.0,PSM_Train,MSE_Test_Interpolation,-0.2789315947210684
556_analcatdata_apnea2,17,SVP,w0.8_0.6_1.0,MSE_Train,MSE_Test_Extrapolation,-0.22821914927178083
556_analcatdata_apnea2,17,SVP,w0.8_0.6_1.0,AIC_Train,MSE_Test_Extrapolation,-0.23579052526420943
556_analcatdata_apnea2,17,SVP,w0.8_0.6_1.0,BIC_Train,MSE_Test_Extrapolation,-0.2326620747673379
556_analcatdata_apnea2,17,SVP,w0.8_0.6_1.0,MDL_Train,MSE_Test_Extrapolation,-0.0042588989957411
556_analcatdata_apnea2,17,SVP,w0.8_0.6_1.0,PSM_Train,MSE_Test_Extrapolation,-0.23481781376518215
556_analcatdata_apnea2,18,SVP,w0.8_0.6_1.0,MSE_Train,MSE_Test_Interpolation,-0.5271721654125667
556_analcatdata_apnea2,18,SVP,w0.8_0.6_1.0,AIC_Train,MSE_Test_Interpolation,-0.45919351726799157
556_analcatdata_apnea2,18,SVP,w0.8_0.6_1.0,BIC_Train,MSE_Test_Interpolation,-0.4974274872982186
556_analcatdata_apnea2,18,SVP,w0.8_0.6_1.0,MDL_Train,MSE_Test_Interpolation,0.27554826676956723
556_analcatdata_apnea2,18,SVP,w0.8_0.6_1.0,PSM_Train,MSE_Test_Interpolation,-0.09637275709048815
556_analcatdata_apnea2,18,SVP,w0.8_0.6_1.0,MSE_Train,MSE_Test_Extrapolation,-0.5726734838253265
556_analcatdata_apnea2,18,SVP,w0.8_0.6_1.0,AIC_Train,MSE_Test_Extrapolation,-0.5032799536947714
556_analcatdata_apnea2,18,SVP,w0.8_0.6_1.0,BIC_Train,MSE_Test_Extrapolation,-0.5157244838896393
556_analcatdata_apnea2,18,SVP,w0.8_0.6_1.0,MDL_Train,MSE_Test_Extrapolation,0.3270628336227411
556_analcatdata_apnea2,18,SVP,w0.8_0.6_1.0,PSM_Train,MSE_Test_Extrapolation,-0.11685638947842307
556_analcatdata_apnea2,19,SVP,w0.8_0.6_1.0,MSE_Train,MSE_Test_Interpolation,0.618743024514416
556_analcatdata_apnea2,19,SVP,w0.8_0.6_1.0,AIC_Train,MSE_Test_Interpolation,0.6057507680491553
556_analcatdata_apnea2,19,SVP,w0.8_0.6_1.0,BIC_Train,MSE_Test_Interpolation,0.6532258064516129
556_analcatdata_apnea2,19,SVP,w0.8_0.6_1.0,MDL_Train,MSE_Test_Interpolation,-0.258736559139785
556_analcatdata_apnea2,19,SVP,w0.8_0.6_1.0,PSM_Train,MSE_Test_Interpolation,0.4692780337941629
556_analcatdata_apnea2,19,SVP,w0.8_0.6_1.0,MSE_Train,MSE_Test_Extrapolation,0.30820742378640037
556_analcatdata_apnea2,19,SVP,w0.8_0.6_1.0,AIC_Train,MSE_Test_Extrapolation,0.2831701228878648
556_analcatdata_apnea2,19,SVP,w0.8_0.6_1.0,BIC_Train,MSE_Test_Extrapolation,0.32018049155145933
556_analcatdata_apnea2,19,SVP,w0.8_0.6_1.0,MDL_Train,MSE_Test_Extrapolation,0.1943164362519201
556_analcatdata_apnea2,19,SVP,w0.8_0.6_1.0,PSM_Train,MSE_Test_Extrapolation,0.24783986175115208
556_analcatdata_apnea2,20,SVP,w0.8_0.6_1.0,MSE_Train,MSE_Test_Interpolation,-0.10586101229262797
556_analcatdata_apnea2,20,SVP,w0.8_0.6_1.0,AIC_Train,MSE_Test_Interpolation,-0.0878447395301328
556_analcatdata_apnea2,20,SVP,w0.8_0.6_1.0,BIC_Train,MSE_Test_Interpolation,-0.1185586981790004
556_analcatdata_apnea2,20,SVP,w0.8_0.6_1.0,MDL_Train,MSE_Test_Interpolation,-0.8012926631679055
556_analcatdata_apnea2,20,SVP,w0.8_0.6_1.0,PSM_Train,MSE_Test_Interpolation,-0.4239371631855166
556_analcatdata_apnea2,20,SVP,w0.8_0.6_1.0,MSE_Train,MSE_Test_Extrapolation,-0.1394632101722377
556_analcatdata_apnea2,20,SVP,w0.8_0.6_1.0,AIC_Train,MSE_Test_Extrapolation,-0.12674791307104366
556_analcatdata_apnea2,20,SVP,w0.8_0.6_1.0,BIC_Train,MSE_Test_Extrapolation,-0.13145010742841043
556_analcatdata_apnea2,20,SVP,w0.8_0.6_1.0,MDL_Train,MSE_Test_Extrapolation,0.08328343489133881
556_analcatdata_apnea2,20,SVP,w0.8_0.6_1.0,PSM_Train,MSE_Test_Extrapolation,-0.002817794371455743
556_analcatdata_apnea2,21,SVP,w0.8_0.6_1.0,MSE_Train,MSE_Test_Interpolation,-0.3275675675675675
556_analcatdata_apnea2,21,SVP,w0.8_0.6_1.0,AIC_Train,MSE_Test_Interpolation,-0.3045242502776748
556_analcatdata_apnea2,21,SVP,w0.8_0.6_1.0,BIC_Train,MSE_Test_Interpolation,-0.30399111440207327
556_analcatdata_apnea2,21,SVP,w0.8_0.6_1.0,MDL_Train,MSE_Test_Interpolation,0.30822658274713066
556_analcatdata_apnea2,21,SVP,w0.8_0.6_1.0,PSM_Train,MSE_Test_Interpolation,-0.294305812661977
556_analcatdata_apnea2,21,SVP,w0.8_0.6_1.0,MSE_Train,MSE_Test_Extrapolation,-0.0975786745649759
556_analcatdata_apnea2,21,SVP,w0.8_0.6_1.0,AIC_Train,MSE_Test_Extrapolation,-0.030373935579415024
556_analcatdata_apnea2,21,SVP,w0.8_0.6_1.0,BIC_Train,MSE_Test_Extrapolation,-0.037008515364679744
556_analcatdata_apnea2,21,SVP,w0.8_0.6_1.0,MDL_Train,MSE_Test_Extrapolation,-0.0665679378008145
556_analcatdata_apnea2,21,SVP,w0.8_0.6_1.0,PSM_Train,MSE_Test_Extrapolation,-0.10433172898926323
556_analcatdata_apnea2,22,SVP,w0.8_0.6_1.0,MSE_Train,MSE_Test_Interpolation,0.3347053621673768
556_analcatdata_apnea2,22,SVP,w0.8_0.6_1.0,AIC_Train,MSE_Test_Interpolation,-0.32762820462346093
556_analcatdata_apnea2,22,SVP,w0.8_0.6_1.0,BIC_Train,MSE_Test_Interpolation,-0.29196646060545844
556_analcatdata_apnea2,22,SVP,w0.8_0.6_1.0,MDL_Train,MSE_Test_Interpolation,0.5167415649209113
556_analcatdata_apnea2,22,SVP,w0.8_0.6_1.0,PSM_Train,MSE_Test_Interpolation,0.34537868496425206
556_analcatdata_apnea2,22,SVP,w0.8_0.6_1.0,MSE_Train,MSE_Test_Extrapolation,0.339912051525965
556_analcatdata_apnea2,22,SVP,w0.8_0.6_1.0,AIC_Train,MSE_Test_Extrapolation,-0.46549617338735616
556_analcatdata_apnea2,22,SVP,w0.8_0.6_1.0,BIC_Train,MSE_Test_Extrapolation,-0.3938838510515147
556_analcatdata_apnea2,22,SVP,w0.8_0.6_1.0,MDL_Train,MSE_Test_Extrapolation,0.5391665058846229
556_analcatdata_apnea2,22,SVP,w0.8_0.6_1.0,PSM_Train,MSE_Test_Extrapolation,0.3482539070036659
556_analcatdata_apnea2,23,SVP,w0.8_0.6_1.0,MSE_Train,MSE_Test_Interpolation,-0.1403893127848707
556_analcatdata_apnea2,23,SVP,w0.8_0.6_1.0,AIC_Train,MSE_Test_Interpolation,0.1821409684973937
556_analcatdata_apnea2,23,SVP,w0.8_0.6_1.0,BIC_Train,MSE_Test_Interpolation,0.07949938304248194
556_analcatdata_apnea2,23,SVP,w0.8_0.6_1.0,MDL_Train,MSE_Test_Interpolation,-0.6233285487648259
556_analcatdata_apnea2,23,SVP,w0.8_0.6_1.0,PSM_Train,MSE_Test_Interpolation,-0.4529979098990205
556_analcatdata_apnea2,23,SVP,w0.8_0.6_1.0,MSE_Train,MSE_Test_Extrapolation,-0.13761929943844275
556_analcatdata_apnea2,23,SVP,w0.8_0.6_1.0,AIC_Train,MSE_Test_Extrapolation,-0.15172118556571226
556_analcatdata_apnea2,23,SVP,w0.8_0.6_1.0,BIC_Train,MSE_Test_Extrapolation,-0.14613079499383042
556_analcatdata_apnea2,23,SVP,w0.8_0.6_1.0,MDL_Train,MSE_Test_Extrapolation,-0.11057389640150085
556_analcatdata_apnea2,23,SVP,w0.8_0.6_1.0,PSM_Train,MSE_Test_Extrapolation,-0.28211326836392936
556_analcatdata_apnea2,24,SVP,w0.8_0.6_1.0,MSE_Train,MSE_Test_Interpolation,-0.043982930298719775
556_analcatdata_apnea2,24,SVP,w0.8_0.6_1.0,AIC_Train,MSE_Test_Interpolation,-0.050241820768136554
556_analcatdata_apnea2,24,SVP,w0.8_0.6_1.0,BIC_Train,MSE_Test_Interpolation,-0.09519203413940255
556_analcatdata_apnea2,24,SVP,w0.8_0.6_1.0,MDL_Train,MSE_Test_Interpolation,-0.19766714082503553
556_analcatdata_apnea2,24,SVP,w0.8_0.6_1.0,PSM_Train,MSE_Test_Interpolation,0.18773826458036985
556_analcatdata_apnea2,24,SVP,w0.8_0.6_1.0,MSE_Train,MSE_Test_Extrapolation,0.09018492176386912
556_analcatdata_apnea2,24,SVP,w0.8_0.6_1.0,AIC_Train,MSE_Test_Extrapolation,0.0755334281650071
556_analcatdata_apnea2,24,SVP,w0.8_0.6_1.0,BIC_Train,MSE_Test_Extrapolation,-0.027539118065433854
556_analcatdata_apnea2,24,SVP,w0.8_0.6_1.0,MDL_Train,MSE_Test_Extrapolation,-0.17220483641536272
556_analcatdata_apnea2,24,SVP,w0.8_0.6_1.0,PSM_Train,MSE_Test_Extrapolation,0.3049786628733997
556_analcatdata_apnea2,25,SVP,w0.8_0.6_1.0,MSE_Train,MSE_Test_Interpolation,-0.22660264105642255
556_analcatdata_apnea2,25,SVP,w0.8_0.6_1.0,AIC_Train,MSE_Test_Interpolation,0.010516206482593037
556_analcatdata_apnea2,25,SVP,w0.8_0.6_1.0,BIC_Train,MSE_Test_Interpolation,-0.01205282112845138
556_analcatdata_apnea2,25,SVP,w0.8_0.6_1.0,MDL_Train,MSE_Test_Interpolation,-0.5870348139255701
556_analcatdata_apnea2,25,SVP,w0.8_0.6_1.0,PSM_Train,MSE_Test_Interpolation,-0.44528211284513797
556_analcatdata_apnea2,25,SVP,w0.8_0.6_1.0,MSE_Train,MSE_Test_Extrapolation,-0.16379351740696277
556_analcatdata_apnea2,25,SVP,w0.8_0.6_1.0,AIC_Train,MSE_Test_Extrapolation,-0.1359423769507803
556_analcatdata_apnea2,25,SVP,w0.8_0.6_1.0,BIC_Train,MSE_Test_Extrapolation,-0.1655222088835534
556_analcatdata_apnea2,25,SVP,w0.8_0.6_1.0,MDL_Train,MSE_Test_Extrapolation,-0.33186074429771906
556_analcatdata_apnea2,25,SVP,w0.8_0.6_1.0,PSM_Train,MSE_Test_Extrapolation,-0.36576230492196876
556_analcatdata_apnea2,26,SVP,w0.8_0.6_1.0,MSE_Train,MSE_Test_Interpolation,0.12798684691267811
556_analcatdata_apnea2,26,SVP,w0.8_0.6_1.0,AIC_Train,MSE_Test_Interpolation,0.0288271830471319
556_analcatdata_apnea2,26,SVP,w0.8_0.6_1.0,BIC_Train,MSE_Test_Interpolation,0.0772013153087322
556_analcatdata_apnea2,26,SVP,w0.8_0.6_1.0,MDL_Train,MSE_Test_Interpolation,0.030361709901351848
556_analcatdata_apnea2,26,SVP,w0.8_0.6_1.0,PSM_Train,MSE_Test_Interpolation,0.021227621483375963
556_analcatdata_apnea2,26,SVP,w0.8_0.6_1.0,MSE_Train,MSE_Test_Extrapolation,-0.5451954694921447
556_analcatdata_apnea2,26,SVP,w0.8_0.6_1.0,AIC_Train,MSE_Test_Extrapolation,-0.5381074168797955
556_analcatdata_apnea2,26,SVP,w0.8_0.6_1.0,BIC_Train,MSE_Test_Extrapolation,-0.5671172816952869
556_analcatdata_apnea2,26,SVP,w0.8_0.6_1.0,MDL_Train,MSE_Test_Extrapolation,-0.5506028498355865
556_analcatdata_apnea2,26,SVP,w0.8_0.6_1.0,PSM_Train,MSE_Test_Extrapolation,-0.6724515893313849
556_analcatdata_apnea2,27,SVP,w0.8_0.6_1.0,MSE_Train,MSE_Test_Interpolation,0.3177081345192197
556_analcatdata_apnea2,27,SVP,w0.8_0.6_1.0,AIC_Train,MSE_Test_Interpolation,0.27003091957094316
556_analcatdata_apnea2,27,SVP,w0.8_0.6_1.0,BIC_Train,MSE_Test_Interpolation,0.25968622361339083
556_analcatdata_apnea2,27,SVP,w0.8_0.6_1.0,MDL_Train,MSE_Test_Interpolation,-0.1569263656143833
556_analcatdata_apnea2,27,SVP,w0.8_0.6_1.0,PSM_Train,MSE_Test_Interpolation,0.2409817918082223
556_analcatdata_apnea2,27,SVP,w0.8_0.6_1.0,MSE_Train,MSE_Test_Extrapolation,-0.43233958086803825
556_analcatdata_apnea2,27,SVP,w0.8_0.6_1.0,AIC_Train,MSE_Test_Extrapolation,-0.43462991945642626
556_analcatdata_apnea2,27,SVP,w0.8_0.6_1.0,BIC_Train,MSE_Test_Extrapolation,-0.33454212314387144
556_analcatdata_apnea2,27,SVP,w0.8_0.6_1.0,MDL_Train,MSE_Test_Extrapolation,0.571630339351834
556_analcatdata_apnea2,27,SVP,w0.8_0.6_1.0,PSM_Train,MSE_Test_Extrapolation,-0.32809100278657854
556_analcatdata_apnea2,28,SVP,w0.8_0.6_1.0,MSE_Train,MSE_Test_Interpolation,-0.14649907054970346
556_analcatdata_apnea2,28,SVP,w0.8_0.6_1.0,AIC_Train,MSE_Test_Interpolation,-0.14842119905411044
556_analcatdata_apnea2,28,SVP,w0.8_0.6_1.0,BIC_Train,MSE_Test_Interpolation,-0.11050974342113583
556_analcatdata_apnea2,28,SVP,w0.8_0.6_1.0,MDL_Train,MSE_Test_Interpolation,0.16761719293364863
556_analcatdata_apnea2,28,SVP,w0.8_0.6_1.0,PSM_Train,MSE_Test_Interpolation,-0.12710074735391189
556_analcatdata_apnea2,28,SVP,w0.8_0.6_1.0,MSE_Train,MSE_Test_Extrapolation,0.1387346830384805
556_analcatdata_apnea2,28,SVP,w0.8_0.6_1.0,AIC_Train,MSE_Test_Extrapolation,0.1415167111369643
556_analcatdata_apnea2,28,SVP,w0.8_0.6_1.0,BIC_Train,MSE_Test_Extrapolation,0.11885582771658719
556_analcatdata_apnea2,28,SVP,w0.8_0.6_1.0,MDL_Train,MSE_Test_Extrapolation,-0.02886986431290229
556_analcatdata_apnea2,28,SVP,w0.8_0.6_1.0,PSM_Train,MSE_Test_Extrapolation,-0.00428685238811821
556_analcatdata_apnea2,29,SVP,w0.8_0.6_1.0,MSE_Train,MSE_Test_Interpolation,-0.026835133793945868
556_analcatdata_apnea2,29,SVP,w0.8_0.6_1.0,AIC_Train,MSE_Test_Interpolation,-0.017711951750200402
556_analcatdata_apnea2,29,SVP,w0.8_0.6_1.0,BIC_Train,MSE_Test_Interpolation,0.0031301294041302438
556_analcatdata_apnea2,29,SVP,w0.8_0.6_1.0,MDL_Train,MSE_Test_Interpolation,-0.019658739550330186
556_analcatdata_apnea2,29,SVP,w0.8_0.6_1.0,PSM_Train,MSE_Test_Interpolation,-0.1748673512234225
556_analcatdata_apnea2,29,SVP,w0.8_0.6_1.0,MSE_Train,MSE_Test_Extrapolation,0.15578119632018933
556_analcatdata_apnea2,29,SVP,w0.8_0.6_1.0,AIC_Train,MSE_Test_Extrapolation,0.1979615986563347
556_analcatdata_apnea2,29,SVP,w0.8_0.6_1.0,BIC_Train,MSE_Test_Extrapolation,0.18960186280871852
556_analcatdata_apnea2,29,SVP,w0.8_0.6_1.0,MDL_Train,MSE_Test_Extrapolation,-0.22128487994808563
556_analcatdata_apnea2,29,SVP,w0.8_0.6_1.0,PSM_Train,MSE_Test_Extrapolation,0.033019047982593426
556_analcatdata_apnea2,30,SVP,w0.8_0.6_1.0,MSE_Train,MSE_Test_Interpolation,0.4796473943479389
556_analcatdata_apnea2,30,SVP,w0.8_0.6_1.0,AIC_Train,MSE_Test_Interpolation,0.4767954368680322
556_analcatdata_apnea2,30,SVP,w0.8_0.6_1.0,BIC_Train,MSE_Test_Interpolation,0.47614726471350793
556_analcatdata_apnea2,30,SVP,w0.8_0.6_1.0,MDL_Train,MSE_Test_Interpolation,0.10383717915478352
556_analcatdata_apnea2,30,SVP,w0.8_0.6_1.0,PSM_Train,MSE_Test_Interpolation,0.34437386569872963
556_analcatdata_apnea2,30,SVP,w0.8_0.6_1.0,MSE_Train,MSE_Test_Extrapolation,-0.10292973813844958
556_analcatdata_apnea2,30,SVP,w0.8_0.6_1.0,AIC_Train,MSE_Test_Extrapolation,-0.1681358568835883
556_analcatdata_apnea2,30,SVP,w0.8_0.6_1.0,BIC_Train,MSE_Test_Extrapolation,-0.16878402903811254
556_analcatdata_apnea2,30,SVP,w0.8_0.6_1.0,MDL_Train,MSE_Test_Extrapolation,0.09132745657246566
556_analcatdata_apnea2,30,SVP,w0.8_0.6_1.0,PSM_Train,MSE_Test_Extrapolation,-0.13157894736842107
