Run,Equation_Index,Hybrid_MSE_Train,Hybrid_AIC_Train,Hybrid_BIC_Train,Hybrid_MDL_Train,Hybrid_PSM_Train,Extrapolation_Divergence,Sensitivity_Interpolation,Sensitivity_Extrapolation,Lambda1,Lambda2,Lambda3,Complexity,MSE_Test_Interpolation,MSE_Test_Extrapolation
1,0,0.7728208416017491,0.9360077218566369,0.9315721861146397,0.376118370283944,0.0,0.0,0.0,0.0,1.0,0.5,0.5,1,11319751.17442705,10095201.958862085
1,1,0.87530586775086,1.038525200180983,1.0340884915151416,0.4816454719137337,0.10254956707530048,0.10243030701302999,8.973607038120001e-05,0.00011431714929657,1.0,0.5,0.5,3,11318172.960924463,10093523.972720545
1,2,1.9072588390190461,2.074712009176845,2.073328213154631,1.5280358002092425,1.1400253486445218,0.13853689346856216,1.0,1.0,1.0,0.5,0.5,5,11392820.351389335,10149544.615841169
1,3,1.899985558259651,2.0688610732544035,2.0674303110349843,1.525992852616978,1.1349138117828141,0.13336422873720427,1.0,1.0,1.0,0.5,0.5,6,11281125.24598892,10062984.806435926
1,4,1.792109891518391,2.0072510952017453,1.997785904251769,1.4735471968424674,1.1577135804377976,0.09993511430638412,1.0,1.0,1.0,0.5,0.5,7,9973026.451437837,9002358.383636473
1,5,1.765305261188397,1.9989392614120163,1.991937167867015,1.4657540503816215,1.1222738360918927,0.09995492904174105,1.0,1.0,1.0,0.5,0.5,8,9361418.946952185,8384874.346557312
1,6,1.7506450261981503,1.993445773919365,1.9860622735788835,1.4699930216873471,1.1125484463207456,0.0999665977869745,1.0,1.0,1.0,0.5,0.5,9,8807771.041749194,7777888.79387686
1,7,1.666616614144322,1.9576363112449968,1.944782342358097,1.4589416397620694,1.1184852399687641,0.09920839313899668,1.0,1.0,1.0,0.5,0.5,13,8500682.593292652,7527392.108462618
1,8,1.2045720760394967,1.5703270143343349,1.5371162000342662,1.2202131314997873,1.97179975141196,0.09330345093228301,1.0,1.0,1.0,0.5,0.5,14,1570413.9738873818,798376.6176492744
1,9,1.1823393315689121,1.5157156564355327,1.475444560259585,1.1913665437109389,1.2259287491679096,0.09668536684416938,1.0,1.0,1.0,0.5,0.5,15,1286041.366391173,531910.605666035
1,10,1.1794258234383048,1.5146774344115572,1.4805644360519876,1.1979298528731568,1.0966910509101662,0.09453263510664037,1.0,1.0,1.0,0.5,0.5,17,1265490.106036628,531137.6875603413
1,11,1.197748059479542,1.5279611107481272,1.4902978399601468,1.2110327919647572,1.128502718581806,0.11516895956321785,1.0,1.0,1.0,0.5,0.5,18,1174443.8981762622,408870.3096912913
1,12,1.1467624426376388,1.4797194322105875,1.44831687141542,1.1660807921354017,1.0647893978004261,0.06433811119048516,1.0,1.0,1.0,0.5,0.5,20,1186388.3621834507,455513.2379045578
1,13,1.1779524013081342,1.5056700505686145,1.47070056905585,1.213239275032131,1.1117769808898372,0.09788014941794489,1.0,1.0,1.0,0.5,0.5,21,1190515.2223560752,438011.6996186795
1,14,1.1587823948412976,1.462718142192011,1.4222000869081235,1.172160522725585,1.170473559436304,0.09111176267464162,1.0,1.0,1.0,0.5,0.5,22,2160168.38991423,749940.7916529252
1,15,1.1544319983765403,1.4509815320227553,1.4067111087616415,1.1589109851791544,1.109784212689296,0.08964668562291875,1.0,1.0,1.0,0.5,0.5,23,2061826.8050697865,674593.7089981132
1,16,1.1338505927679021,1.3915376007297053,1.3494852753951276,1.1342363888487514,1.2201222423528453,0.08592932698061205,1.0,1.0,1.0,0.5,0.5,24,1527515.1306020387,903688.5353568564
1,17,1.1356076827676451,1.3866795705404007,1.3410072968134146,1.1227386691822854,1.1052517556059778,0.08942903266989702,1.0,1.0,1.0,0.5,0.5,25,1535978.7635506613,864974.4032874992
1,18,1.1444475728420234,1.3966646257656887,1.3541049675758539,1.1511754758672137,1.0993603801413077,0.09837602862036991,1.0,1.0,1.0,0.5,0.5,26,2944707.832223531,617013.3495823831
1,19,1.1339162934157039,1.3833358130796876,1.343523856079293,1.152361774956907,1.1025956279975313,0.08927300487753377,1.0,1.0,1.0,0.5,0.5,27,1502235.7669009212,727817.8478314383
1,20,1.1336606409792505,1.3825956911327322,1.3427381052619602,1.1425257992066071,1.0908338325203315,0.08919122628218015,1.0,1.0,1.0,0.5,0.5,28,1493639.2230224535,666798.6655260347
1,21,1.1301302775196334,1.3696086278332318,1.3258875455343226,1.1375947615055684,1.111371489066312,0.08807427115099237,1.0,1.0,1.0,0.5,0.5,29,1491218.056400271,648928.8129229734
1,22,1.130077070028758,1.366190429301203,1.3221663523020701,1.1405398139205087,1.0940317704371205,0.08902824060123003,1.0,1.0,1.0,0.5,0.5,31,1511952.781399461,698380.9278003391
1,23,1.112506210152954,1.3387819312667701,1.2908689944590328,1.1184754975006808,1.0984300000854166,0.07385797227898845,1.0,1.0,1.0,0.5,0.5,32,1756091.6735302322,1087312.1807933932
1,24,1.1072520693718704,1.3272926524825845,1.2788286686449002,1.1213791408693488,1.073957885715682,0.07031736517748788,1.0,1.0,1.0,0.5,0.5,37,1754911.2201055712,1058214.59030962
1,25,1.1162629978015208,1.3419010270244438,1.308994634805347,1.1605388501361857,1.0823934386005618,0.07980573426998885,1.0,1.0,1.0,0.5,0.5,39,1331503.8502269047,553921.7881676402
1,26,1.1154401984674633,1.334668050044103,1.289145645874618,1.1407362792422442,1.0798641884161453,0.07911959604589006,1.0,1.0,1.0,0.5,0.5,41,1696081.70369178,771271.7895419811
1,27,1.104972396401746,1.3183773280979034,1.2753618942033547,1.1367497369855326,1.0914243993376251,0.07053152754586595,1.0,1.0,1.0,0.5,0.5,42,1651222.0906794393,562318.8952362699
1,28,1.1045696216341674,1.3164661038075942,1.2703046861160217,1.135438102994493,1.0701978316239158,0.07013916694841002,1.0,1.0,1.0,0.5,0.5,44,1696857.2182759556,985784.9243245072
1,29,1.1048558561181747,1.3168884864615393,1.2737537414598465,1.1503542054406752,1.0745709748612475,0.07076082799717141,1.0,1.0,1.0,0.5,0.5,45,1649196.339588437,566707.8525277395
1,30,1.1110242764209564,1.3167588329239368,1.2760957493893634,1.1452634801310875,1.0899133287506908,0.07883673410938956,1.0,1.0,1.0,0.5,0.5,47,1421641.5056731205,571976.6608548663
1,31,1.1178477698355502,1.3202791465122299,1.2733004689220018,1.1508053194105865,1.0862159287318744,0.08574043251730681,1.0,1.0,1.0,0.5,0.5,49,1447956.0459296503,561475.3403204523
1,32,1.1112236293405557,1.3115404595468136,1.264380645881857,1.1454139706747153,1.0855988785809383,0.07961808971364946,1.0,1.0,1.0,0.5,0.5,50,1375648.033570657,586927.6715251384
1,33,1.1110118126889568,1.3102514479199576,1.262999386179506,1.1493139894496358,1.0811808134345369,0.07965953311545707,1.0,1.0,1.0,0.5,0.5,52,1410082.0725883725,582866.8486230001
1,34,1.1077104182988693,1.2985263997258372,1.2505568626219512,1.1501071246173216,1.10194385558116,0.07828283080196217,1.0,1.0,1.0,0.5,0.5,53,1456428.1508626873,614452.138332318
1,35,1.1145259916732173,1.3082087720515376,1.266517269027703,1.1772847649208316,1.0852626749338368,0.08512095694710485,1.0,1.0,1.0,0.5,0.5,55,1433239.0638150517,619147.5298075787
1,36,1.107593876348834,1.3010472598636433,1.2623540234635011,1.1989761221118358,1.0801788498363294,0.07857141059347321,1.0,1.0,1.0,0.5,0.5,58,1603878.41886666,456218.3132904813
1,37,1.1117796608998427,1.3040699678041339,1.265278310943287,1.206589644732171,1.08461792505012,0.08301044443457545,1.0,1.0,1.0,0.5,0.5,60,1718556.1654784658,452815.7816077075
1,38,1.12787828398586,1.323069954543442,1.2965959702558927,1.2473671931976575,1.1039954864144055,0.0997683680700244,1.0,1.0,1.0,0.5,0.5,62,1735813.023400752,417118.0400786155
1,39,1.1195331623068343,1.3078233893098319,1.2807702989182361,1.2339829278241083,1.111967580144198,0.09287700244452458,1.0,1.0,1.0,0.5,0.5,63,1772895.1932298443,483653.70851978473
1,40,1.1052520629484477,1.2893912162847159,1.2619916445411246,1.23226098669759,1.08173564081163,0.0794452678318771,1.0,1.0,1.0,0.5,0.5,68,1689533.7962562577,564853.7904284949
1,41,1.1121655725247925,1.2948221118386156,1.2672990344182937,1.2578456454023272,1.0876676455452365,0.08665517596495387,1.0,1.0,1.0,0.5,0.5,72,1538730.400011717,278934.56540281145
1,42,1.1190922806265642,1.3029567845990293,1.278554216687661,1.2693037719189502,1.0943928899901336,0.0936369326302676,1.0,1.0,1.0,0.5,0.5,73,1737490.794399924,497480.5651582307
1,43,1.1043415434685806,1.2848591196993986,1.263198853924074,1.2707416731649488,1.0930658206347834,0.07983860851770669,1.0,1.0,1.0,0.5,0.5,74,1387052.0889038255,244985.52611608335
1,44,1.1045224052940705,1.2814538002136526,1.2564765167307739,1.2671030220562653,1.0861561107172728,0.08042537876665959,1.0,1.0,1.0,0.5,0.5,75,1459814.4754086074,210091.23515608197
1,45,1.1093759227393984,1.2779594487002734,1.2522950125742573,1.2647495516139653,1.109514310167293,0.08684567088191536,1.0,1.0,1.0,0.5,0.5,76,1404043.8481038092,224973.37958967692
1,46,1.108987811528086,1.273559148129245,1.2445439637114482,1.2656705609898595,1.0937507084356628,0.0869179021392698,1.0,1.0,1.0,0.5,0.5,77,1349531.9467856565,210778.09485227955
1,47,1.108996291879497,1.2741677045327835,1.2482237013513455,1.278110548420081,1.0882789441307525,0.08708587212808735,1.0,1.0,1.0,0.5,0.5,79,1355578.5045421473,211654.16875846844
1,48,1.108721725318371,1.2712406966574805,1.2420577332055245,1.2803882120147834,1.0885961341308104,0.08702086432669866,1.0,1.0,1.0,0.5,0.5,81,1352061.5899584135,210140.85686145257
1,49,1.108621416720264,1.2693703116296107,1.2430654347870558,1.2811952325587788,1.0962562252340455,0.08749725414105472,1.0,1.0,1.0,0.5,0.5,82,1385636.277635929,210389.6960659897
1,50,1.1081544330901947,1.2695891329505518,1.2463621641000255,1.2984702805020853,1.0882448900431274,0.08717041498455363,1.0,1.0,1.0,0.5,0.5,84,1385094.2567844698,200020.86555641124
1,51,1.107593767848197,1.2670764481452887,1.2436906084609802,1.302392141897626,1.0921911036402108,0.08694943171967656,1.0,1.0,1.0,0.5,0.5,85,1322010.974183256,185573.8040146524
1,52,1.1018888778754379,1.2475867054834853,1.2109913946617206,1.2527991230776148,1.0867771483399915,0.08257549879120947,1.0,1.0,1.0,0.5,0.5,90,1741191.5235064193,489491.4582436101
1,53,1.1009550625651652,1.2408400178998968,1.206799806849563,1.2452009065873422,1.1021967873028737,0.08282674378485591,1.0,1.0,1.0,0.5,0.5,91,1551963.7580724116,460251.0048119433
1,54,1.1008148187729363,1.2421705110674999,1.2112727698549342,1.255592254766785,1.082701077633799,0.08268873634484102,1.0,1.0,1.0,0.5,0.5,94,1600953.954524238,476617.4484081162
1,55,1.1007309909990173,1.2405373573365048,1.2095151172586136,1.2679746526841997,1.0869539199527285,0.08285089978896244,1.0,1.0,1.0,0.5,0.5,95,1585603.4618987448,471989.41579457856
1,56,1.1002840627075465,1.241538271809345,1.2136566241412134,1.2943443332686402,1.082421976366558,0.08240976333204206,1.0,1.0,1.0,0.5,0.5,103,1610978.84417911,475077.2180012637
1,57,1.1004167611075475,1.2393273081681309,1.2112576609097419,1.2985469254559527,1.086011018875934,0.08291079748209872,1.0,1.0,1.0,0.5,0.5,105,1581777.5478895442,478483.3168060532
1,58,1.099719567039952,1.2395067060861225,1.2145316122550924,1.3162983338764545,1.0825757656608124,0.08230829944370259,1.0,1.0,1.0,0.5,0.5,111,1585434.9694266014,484824.8296841367
1,59,1.0982827533609099,1.2453286146746718,1.2451317481051871,1.3915075719727947,1.0937529713693854,0.08158119532988478,1.0,1.0,1.0,0.5,0.5,112,1605232.5049294643,477500.710576473
1,60,1.0614115047462827,1.201244653840592,1.197447749710389,1.3755372593909267,1.0490751939422502,0.04556764716150492,1.0,1.0,1.0,0.5,0.5,121,829257.3876021259,1837865.4271294407
1,61,1.060387056252996,1.1945110575981084,1.187234197492286,1.3600343799459464,1.0517969886029626,0.045176538739487945,1.0,1.0,1.0,0.5,0.5,124,819887.5363690384,1676810.1275924568
1,62,1.056642103522508,1.1889430742014975,1.1906008742135168,1.3880214507820328,1.046431133074379,0.04230569783562526,1.0,1.0,1.0,0.5,0.5,125,710589.776322077,2105179.123955278
1,63,1.0569304669448618,1.1905337162064151,1.1983462434385614,1.4061534095559955,1.0445409776990981,0.04282567137384889,1.0,1.0,1.0,0.5,0.5,127,701614.5964361018,2067600.9782214724
1,64,1.058656312424091,1.1791187510401384,1.1858985552642558,1.418565984527116,1.0548403099731676,0.046312019923215694,1.0,1.0,1.0,0.5,0.5,129,684306.2327403695,1542491.12304576
1,65,1.0559329849745576,1.1717390603078939,1.1690727114031494,1.3778838650616974,1.0609030706086102,0.04361537146915082,1.0,1.0,1.0,0.5,0.5,130,704893.944006111,1933672.6953105696
1,66,1.0559569469448666,1.1520295055987013,1.1387418993171972,1.3812707377576072,1.0997207052350966,0.04554310254474182,1.0,1.0,1.0,0.5,0.5,131,616026.3528112187,1555713.9712690143
1,67,1.0560292316887891,1.152996595103457,1.1428066164949997,1.3924189468245103,1.0462552509184793,0.04568590414366723,1.0,1.0,1.0,0.5,0.5,133,599792.122909449,1517177.6080684057
1,68,1.0456666314289207,1.1370395521162615,1.1385306509836397,1.3776420301870977,1.0432877270506435,0.03666447394478214,1.0,1.0,1.0,0.5,0.5,136,658574.9237673798,1970156.9507335743
1,69,1.0478741730396113,1.1354145770313848,1.1335815480712057,1.388508731597379,1.0406985397376842,0.03913485103555439,1.0,1.0,1.0,0.5,0.5,140,624505.195983386,2096422.5728776827
1,70,1.0476294465669764,1.1342306790603058,1.1323253233763104,1.3961381149402587,1.0406665735569791,0.03899480952895782,1.0,1.0,1.0,0.5,0.5,141,624214.7158323842,2133802.511619332
1,71,1.0476362787963862,1.1391403393044428,1.1436706678227693,1.4179401733264612,1.04071199205314,0.03878555129679917,1.0,1.0,1.0,0.5,0.5,145,631313.4487116091,2244893.331124534
1,72,1.0465278664940731,1.1298217639825983,1.1306908713568515,1.4045725531105693,1.0402160180340236,0.03841964844315882,1.0,1.0,1.0,0.5,0.5,147,648435.4043456588,2140528.4732037443
1,73,1.0465898216160832,1.1305513028029959,1.1314718328807811,1.4111546853662864,1.0396165230461656,0.03840895860790309,1.0,1.0,1.0,0.5,0.5,149,672879.0083505346,2112240.162024411
1,74,1.0470091244840876,1.1246391061910814,1.1311332653000445,1.4395196849772292,1.0473821868670057,0.03981897487024236,1.0,1.0,1.0,0.5,0.5,152,599721.7411185695,1776710.2410662726
1,75,1.0465857482963472,1.127204674074552,1.1308981387330865,1.449268833631927,1.0401917688663216,0.03892470749535047,1.0,1.0,1.0,0.5,0.5,154,651964.592977332,2044831.5205080288
1,76,1.0440298494312805,1.1216204613895548,1.128111601706632,1.4706176047773314,1.037337770194118,0.03684380899122131,1.0,1.0,1.0,0.5,0.5,165,657239.2163577966,1612082.8882811454
1,77,1.0457008096871865,1.1173284845272387,1.1173035669588154,1.4676426752132947,1.0445882923452667,0.038824391349009106,1.0,1.0,1.0,0.5,0.5,166,655792.4653525513,1883363.0508581211
1,78,1.0464068911131208,1.1183989447076865,1.1184018768765682,1.4746964470744417,1.03970271569187,0.03949303382063673,1.0,1.0,1.0,0.5,0.5,167,643873.2643167169,1827410.7391376025
1,79,1.0462134987308591,1.1191800101991696,1.1222874813442942,1.480348660175228,1.0395736985559934,0.03935198383065233,1.0,1.0,1.0,0.5,0.5,169,638781.4219598002,1852882.104613944
1,80,1.0524080501209139,1.126369939232346,1.132583517057314,1.4986105472053448,1.0465688048208697,0.04559660862369201,1.0,1.0,1.0,0.5,0.5,170,655584.0692656486,1612952.510892352
1,81,1.0452565479033606,1.1117884968101506,1.1113745250789182,1.4876147785386293,1.0416936326555561,0.03889680787865235,1.0,1.0,1.0,0.5,0.5,175,652114.814777481,2686266.585611458
2,0,0.8126492716451295,0.9484615345595839,0.9448890997772712,0.3837666393651765,0.0,0.0,0.0,0.0,1.0,0.5,0.5,1,9467305.521586202,10076454.625938917
2,1,0.8126483503384151,0.9484611722352296,0.9448887030390938,0.38566165890395715,4.4823333421805186e-07,0.0,0.0,0.0,1.0,0.5,0.5,3,9467346.727283947,10076120.537752572
2,2,1.2434963232553435,1.380981068378522,1.3805458477435837,0.8325708806221381,0.4313061726468216,0.14433194020242907,0.24095071961651202,0.3326215264123285,1.0,0.5,0.5,4,9449101.93173349,10129350.882406348
2,3,1.9410846948807148,2.1529951012803052,2.150046527398568,1.6081747603238479,1.322302466623185,0.2393931551637339,1.0,1.0,1.0,0.5,0.5,5,7541897.143977313,8166962.470067819
2,4,1.9483684530829786,2.1709488018686587,2.170792141372278,1.6363256264376622,1.2667331633008734,0.2609342291831322,1.0,1.0,1.0,0.5,0.5,7,7846842.895081204,8491428.83175326
2,5,1.490874972581283,1.8579996416513251,1.8498198984850824,1.3690625129996092,1.1972347404560564,0.06372922159420837,1.0,1.0,1.0,0.5,0.5,9,5816310.578944948,5527699.845565387
2,6,1.1805558128484925,1.5394368240962382,1.5081844939333542,1.18399430385902,1.8385623474975565,0.07802509246843813,1.0,1.0,1.0,0.5,0.5,10,2805514.097161672,1127569.8901993686
2,7,1.180551683254381,1.5394256960450126,1.5081723200935873,1.1915000657553523,1.0780404082052768,0.07802664576960985,1.0,1.0,1.0,0.5,0.5,12,2805262.5630894154,1127642.1509641714
2,8,1.1738176453572384,1.5258332573821933,1.4966478631953286,1.180230951470738,1.1143754466987799,0.07846630469668134,1.0,1.0,1.0,0.5,0.5,13,2580421.3640493285,1035994.1680865884
2,9,1.133974091450274,1.446506093037725,1.412861566248802,1.1300602433526894,1.2085543580294171,0.06347091641547198,1.0,1.0,1.0,0.5,0.5,14,1990212.0793860813,503122.1249466122
2,10,1.1299901215691617,1.4384683497496566,1.4073901002864506,1.1294478447411858,1.0716512523990955,0.06226914671830615,1.0,1.0,1.0,0.5,0.5,16,1936353.6513936503,412318.0526323948
2,11,1.128550945285316,1.4322021182985196,1.4006251344560234,1.1372838609295928,1.06868010841337,0.06319614067132386,1.0,1.0,1.0,0.5,0.5,19,1938120.5155302093,431397.5382641165
2,12,1.1273068229503562,1.4270410051860054,1.3950645495843814,1.135949651743614,1.0769728762196982,0.06379888338560133,1.0,1.0,1.0,0.5,0.5,20,1945326.424100668,427428.26207173866
2,13,1.1250364163519864,1.4243234636096793,1.3923016783420965,1.139781271072955,1.0624842684422022,0.06173569959298042,1.0,1.0,1.0,0.5,0.5,22,1943770.1449649192,459306.5332905911
2,14,1.1075440501489542,1.3934016403147382,1.3660348690870006,1.120445960372485,1.078466719311103,0.05138991404933846,1.0,1.0,1.0,0.5,0.5,24,2008749.8092308247,598107.9202059597
2,15,1.105076257996306,1.3860285491669397,1.361191270579548,1.1200385104935986,1.0613512063732666,0.0513879495636125,1.0,1.0,1.0,0.5,0.5,26,1979342.920366102,482505.8583773664
2,16,1.1029726926943608,1.3793176513224135,1.3540392917521298,1.125902379783677,1.0547030024097972,0.05104272829822255,1.0,1.0,1.0,0.5,0.5,30,1949599.7672218664,548943.761881569
2,17,1.100827109992537,1.3729258744957318,1.3472459592553718,1.1293220123939252,1.0570375975393778,0.05044343092231499,1.0,1.0,1.0,0.5,0.5,32,1919522.0908944109,595174.7564088771
2,18,1.174985701958202,1.44506693889646,1.422201398245353,1.2062654225434792,1.1366623067957158,0.12584432753788144,1.0,1.0,1.0,0.5,0.5,33,1922337.6560468115,531005.2598210814
2,19,1.1996520203550016,1.4639434146627466,1.4405382349127505,1.3014802053917385,1.1547272791033714,0.1525042550813326,1.0,1.0,1.0,0.5,0.5,41,1639969.8993648824,433663.9055684356
2,20,1.074753417311809,1.340462310789693,1.3201942677978575,1.181873309853437,1.0278388211058787,0.0276300140663369,1.0,1.0,1.0,0.5,0.5,42,1462614.6191716522,387902.1734959876
2,21,1.0747477668478642,1.340436153234163,1.3201662882681207,1.1874922510143802,1.0276632246045667,0.02763139316172731,1.0,1.0,1.0,0.5,0.5,44,1462522.257984816,387766.4850190737
2,22,1.0729244743043704,1.3308784535138805,1.3098966527469504,1.1847124629987427,1.051830099467011,0.02834450191026921,1.0,1.0,1.0,0.5,0.5,45,1523591.7533594703,385622.0425754592
2,23,1.0729193233217567,1.332341156931831,1.314501434076769,1.1929671706143146,1.0283688764322059,0.02834450191026921,1.0,1.0,1.0,0.5,0.5,47,1523533.9582508868,385341.8264392647
2,24,1.3345021943311037,1.5701974452940317,1.5562527360922362,1.4607750754520843,1.3064983759416782,0.29773496579253217,1.0,1.0,1.0,0.5,0.5,56,2350805.1363035743,477182.3472264416
2,25,1.2240071395074756,1.457513721467702,1.44639032205219,1.3598103865187898,1.193523419456886,0.1882121596323409,1.0,1.0,1.0,0.5,0.5,58,2294776.892776899,541620.392562865
2,26,1.223959701063814,1.4558141085566014,1.4415326578426542,1.362934633863535,1.1884505010378663,0.18820858702330273,1.0,1.0,1.0,0.5,0.5,60,2294215.62128498,541300.0555539406
2,27,1.2239701976755755,1.4557967471713806,1.4415127517929394,1.3658645651390442,1.1883068215538382,0.1882263711004405,1.0,1.0,1.0,0.5,0.5,61,2293598.886568081,541181.5371231927
2,28,1.3173851982044837,1.531609650290478,1.5218367677960805,1.4659430506264228,1.3452658518586598,0.2866892565743415,1.0,1.0,1.0,0.5,0.5,62,2317827.180242439,461930.4509830422
2,29,1.297953544380967,1.5087796060654015,1.498717464463406,1.4507308419978138,1.2775728809943891,0.26803246426106975,1.0,1.0,1.0,0.5,0.5,63,2289225.2931446577,457251.4093260121
2,30,1.2979602519542521,1.5087348646316556,1.4986683219771346,1.4537143127248873,1.2681945675685655,0.2680507672649565,1.0,1.0,1.0,0.5,0.5,64,2289175.521156563,457394.0760679934
2,31,1.297913676404361,1.5085735743020356,1.4984970910324429,1.4596150584849872,1.2683514863070122,0.2680300587847705,1.0,1.0,1.0,0.5,0.5,65,2288761.5497422954,456693.60606359184
2,32,1.3069065029980953,1.508905833893567,1.5011157397544361,1.466052016247469,1.3075167506135599,0.2792436433819724,1.0,1.0,1.0,0.5,0.5,66,2254278.4205916,450482.9399035435
2,33,1.3069116129343923,1.508847919830924,1.5010525480659869,1.4751347139390467,1.279349744161202,0.2792621797580677,1.0,1.0,1.0,0.5,0.5,68,2254096.6999569144,450230.96947736834
2,34,1.3069759012921305,1.504576126564686,1.49339790389342,1.4857805328651694,1.282557439532116,0.27992705581795707,1.0,1.0,1.0,0.5,0.5,71,2314150.327707046,472148.5832747247
2,35,1.3047903618657783,1.486204176267643,1.473679651930401,1.4869280887656773,1.325446136227814,0.28097677787969666,1.0,1.0,1.0,0.5,0.5,72,2300627.175129605,458583.74661225086
2,36,1.3047794751402333,1.487619052870838,1.4782334127306065,1.5022487250812877,1.2810544979804923,0.28097677787969666,1.0,1.0,1.0,0.5,0.5,74,2300651.1694001136,458494.1797534706
2,37,1.294249296818371,1.4774524038691226,1.471117885958279,1.5066161990696614,1.2709934498298208,0.2706575903248584,1.0,1.0,1.0,0.5,0.5,83,2314399.643396065,450050.2349926406
2,38,1.2942605355507104,1.4786507917983491,1.4754353084143392,1.5159101231858418,1.2715239185028608,0.2707244392958834,1.0,1.0,1.0,0.5,0.5,84,2314256.37468222,450336.5498733308
2,39,1.2942192105272514,1.4785728468107207,1.4753545033300959,1.5251485306734072,1.2707885745022103,0.2706899732307604,1.0,1.0,1.0,0.5,0.5,85,2314284.449398863,449968.9121622592
2,40,1.2941841873850604,1.4783629277831927,1.475130022778186,1.5216195793785743,1.2709231431651653,0.2706876660581955,1.0,1.0,1.0,0.5,0.5,87,2314274.4378151475,449585.5183657371
2,41,1.2929404185615359,1.4802038912334718,1.4862885625377298,1.554484139352386,1.2733820645353227,0.2696988763020851,1.0,1.0,1.0,0.5,0.5,88,2316881.032013113,460875.83815700136
2,42,1.2923219461910347,1.47486317474389,1.477538238980723,1.555553467603735,1.274072698774873,0.2696817915489285,1.0,1.0,1.0,0.5,0.5,90,2277397.983247313,453524.71962239855
2,43,1.2888503017320991,1.4657129799847979,1.4739675894089892,1.5825771881921926,1.272429041722608,0.2677639532242457,1.0,1.0,1.0,0.5,0.5,95,2388835.2529390417,466624.3261862655
2,44,1.2886723259192934,1.4638347727654049,1.4719509517686955,1.5841693577507479,1.27244904276178,0.2678828778452648,1.0,1.0,1.0,0.5,0.5,96,2382549.406362769,470146.6483801518
2,45,1.2871997258700074,1.456320225509033,1.4699927285378207,1.5852118427839346,1.2759703176748483,0.2679387356457816,1.0,1.0,1.0,0.5,0.5,99,2560685.1210813173,487566.05948503903
2,46,1.3617807354437308,1.757261608922699,1.7927999977730407,1.8124175498814974,1.2550032455675613,0.2534336521204577,1.0,1.0,1.0,0.5,0.5,108,1598928.5015183906,514345.4621688299
2,47,1.3342818718406548,1.7286427791034937,1.7640284933990953,1.787863431256473,1.2277155884918145,0.2270195659966276,1.0,1.0,1.0,0.5,0.5,109,1637796.7141765698,444548.63579773897
2,48,1.3342889312223207,1.7286387395419385,1.764022944441597,1.7942957656841316,1.2271308972726538,0.22703726589632495,1.0,1.0,1.0,0.5,0.5,111,1637566.1840958863,444793.3127973978
2,49,1.3641815885535258,1.7650537747742254,1.807214070376751,1.8425783378167009,1.2552063169694967,0.2534228006796922,1.0,1.0,1.0,0.5,0.5,112,1608226.9641547464,489130.2375152195
2,50,1.2925657061162634,1.6871832158459323,1.7284907487374572,1.7792532612722851,1.2183254372335368,0.18785460287428568,1.0,1.0,1.0,0.5,0.5,113,1550762.6131148478,481558.5389172895
2,51,1.2933266119577742,1.6591093297352486,1.6968825097351232,1.7839193558579676,1.2129894295211856,0.2107695361586796,1.0,1.0,1.0,0.5,0.5,115,1895176.0773390927,1146421.602121628
2,52,1.4036493606758502,1.8019743311507963,1.8437824070219733,1.9181702388046498,1.2961841124602471,0.295426767745846,1.0,1.0,1.0,0.5,0.5,122,1678507.345630591,461457.9566883471
2,53,1.4035737835797364,1.8016810972900346,1.843459191725291,1.9246274016260034,1.296220710791633,0.29556614916401247,1.0,1.0,1.0,0.5,0.5,124,1689276.8889785649,464898.4666447882
2,54,1.4090836855778803,1.808463922258748,1.8504166094976018,1.940309179877687,1.3201636294940848,0.29982574732999895,1.0,1.0,1.0,0.5,0.5,125,1474488.3676164486,519181.34806590434
2,55,1.4352674438854005,1.8499041189093053,1.8970213988577613,1.9953424419511592,1.3165122156948432,0.310628883561521,1.0,1.0,1.0,0.5,0.5,129,1810537.397191887,393876.7576509116
2,56,1.3225342531986084,1.6896315505763928,1.7335033129005053,1.9268406343978408,1.242904378910623,0.2410377676275218,1.0,1.0,1.0,0.5,0.5,130,1999441.971601436,1279229.6113584982
2,57,1.2997467428573968,1.6649261940457396,1.7085814875934724,1.868686749852178,1.2207891850313795,0.2194527484353354,1.0,1.0,1.0,0.5,0.5,134,1972825.0196322687,1132295.3307750155
2,58,1.3497050678269649,1.745008275151866,1.7952504366012652,1.935852579692086,1.2506360588108931,0.2483746307268421,1.0,1.0,1.0,0.5,0.5,137,1614382.8029950347,653012.32122604
2,59,1.3249093657174642,1.6899304253216094,1.7365452946735433,1.9075976128698677,1.2459476335457165,0.2456258380778904,1.0,1.0,1.0,0.5,0.5,140,1981503.1205237536,1227890.9770683118
2,60,1.2955706558555249,1.6642194583222771,1.7142183065705725,1.8901224166752202,1.215065991671891,0.21496298412955378,1.0,1.0,1.0,0.5,0.5,141,1978202.718445398,1266920.664647641
2,61,1.398558893395859,1.8026108194593609,1.865794652392351,2.0532673271720467,1.2978153318230725,0.29473098940397596,1.0,1.0,1.0,0.5,0.5,149,1815187.714515414,495153.3832893753
2,62,1.3985581219733763,1.8025996630131855,1.8657821586193482,2.063483615015845,1.2948643880274295,0.29473976079728226,1.0,1.0,1.0,0.5,0.5,151,1814914.9656433333,494981.64541346655
2,63,1.398580079381491,1.8026129945441998,1.8657943382664963,2.0703164101256806,1.2948330885940602,0.2947693969242361,1.0,1.0,1.0,0.5,0.5,153,1814592.201446185,495137.5253504426
2,64,1.3972312343230087,1.7998076891633503,1.8627973922008305,2.0719836087928454,1.3085259365311146,0.294728626366018,1.0,1.0,1.0,0.5,0.5,155,1685292.0193424309,478335.9290798852
2,65,1.3970287802055104,1.8008549538815728,1.8669574340053308,2.089805370470465,1.2977311354070717,0.29473529553894584,1.0,1.0,1.0,0.5,0.5,157,1687646.8847108455,479894.626074496
2,66,1.401702038659074,1.8029360794802414,1.8628006759932918,2.131793522279531,1.33948562172464,0.2990758758104753,1.0,1.0,1.0,0.5,0.5,158,1479540.3223945373,535749.1578497813
2,67,1.3949336795506473,1.8052398017857991,1.8898873286711966,2.2779221244292867,1.2949371140694452,0.29476101913765734,1.0,1.0,1.0,0.5,0.5,185,1688696.700154437,468484.111566236
2,68,1.3949480672467258,1.8052428363341795,1.8898890918665403,2.277933736491124,1.2951101421340852,0.2947857931472905,1.0,1.0,1.0,0.5,0.5,186,1688307.0735607976,467763.3676850431
2,69,1.3998727234809873,1.8079560395917147,1.8864128555465494,2.2990562664792256,1.315038562477857,0.2990562664792254,1.0,1.0,1.0,0.5,0.5,188,1465507.8597134775,537836.927420381
3,0,0.7412938740866266,0.9256956084114324,0.9205452452119651,0.369785387484706,0.0,0.0,0.0,0.0,1.0,0.5,0.5,1,12780346.804280791,10096762.87227955
3,1,0.8415572295006253,1.0259898846886342,1.0208383141514994,0.47308942530000486,0.10032711720508307,0.10021832460334046,8.947214076243e-05,9.286645271411e-05,1.0,0.5,0.5,3,12779403.581539135,10095923.31859543
3,2,2.0950573017393204,2.341441071284718,2.337117111914343,1.804290674628886,1.4859303026517474,0.447681456102168,1.0,1.0,1.0,0.5,0.5,5,11223517.796179784,8751040.183418388
3,3,2.0844222246302175,2.3387899439849544,2.337322780985507,1.8068205634679038,1.4523519206921436,0.447681456102168,1.0,1.0,1.0,0.5,0.5,7,10964714.146686949,8526657.460882874
3,4,2.62960903339709,2.886845741855492,2.8820425985715836,2.362750924090662,2.006349381425533,1.0,1.0,1.0,1.0,0.5,0.5,8,10499898.732645556,8218017.024574842
3,5,1.4673965681091188,1.871478365645173,1.8586804364539837,1.4122700023882022,1.5150257561211902,0.1438325101647634,1.0,1.0,1.0,0.5,0.5,9,5132570.334805623,4215994.660406803
3,6,1.367576592769202,1.7836906154248076,1.7695823764852208,1.3541275291070307,1.190629052722758,0.11881274409488149,1.0,1.0,1.0,0.5,0.5,11,3685950.9621631065,2963616.9279279783
3,7,1.3203831367858592,1.7290773020715937,1.7096375217778548,1.3370122709122865,1.3167462333126232,0.14111726789716073,1.0,1.0,1.0,0.5,0.5,12,3046487.8058215114,1937596.09381614
3,8,1.3140343605142648,1.7221050633170774,1.7052221120474966,1.3376415433248212,1.150645360833415,0.14111723669073015,1.0,1.0,1.0,0.5,0.5,14,2861735.285321577,1755933.8238205782
3,9,1.3085388247965635,1.7161685698596905,1.6990732488079807,1.3361432198737129,1.142274176893196,0.13824455797255308,1.0,1.0,1.0,0.5,0.5,16,3174208.242285971,2114338.03905577
3,10,2.1505351501162213,2.5484681288628304,2.526290648801811,2.182190151339662,2.032310232786675,1.0,1.0,1.0,1.0,0.5,0.5,18,2620600.605520645,1751326.8963141206
3,11,2.0846839237109958,2.4211386550085185,2.3901351845665673,2.119742056867239,2.1448030818723307,1.0,1.0,1.0,1.0,0.5,0.5,20,1332892.1242097714,515574.2122128901
3,12,2.0762331833433985,2.3990825222702665,2.3665503694822645,2.1134092990424964,2.0251823848844737,1.0,1.0,1.0,1.0,0.5,0.5,22,1255184.4807079455,438906.4264763347
3,13,2.0758585459950787,2.396602049741337,2.3608571766365647,2.12242151543661,2.0005844018606056,1.0,1.0,1.0,1.0,0.5,0.5,26,1329169.9150640997,485650.7765241805
3,14,2.051866145724823,2.3252223403399617,2.293651078294692,2.086052907657988,2.0578789105222217,1.0,1.0,1.0,1.0,0.5,0.5,29,2254708.738423178,592268.0326867185
3,15,2.0502721835841538,2.319084565779624,2.2870879179735883,2.0753259696557227,2.0136132515842857,1.0,1.0,1.0,1.0,0.5,0.5,30,1408950.6447135024,610029.3257149435
3,16,2.050251933995689,2.320493282868797,2.2916348548771417,2.0804447353954885,2.0000875540499825,1.0,1.0,1.0,1.0,0.5,0.5,32,1430929.8236336664,627075.8343025225
3,17,2.0502222021785723,2.3188965194397886,2.286886930412917,2.090049688380521,2.000256834687212,1.0,1.0,1.0,1.0,0.5,0.5,33,1479602.2852794696,668153.8764482394
3,18,2.0485153458360292,2.3139315888140324,2.28461838151454,2.0906100699030388,2.0149514586934894,1.0,1.0,1.0,1.0,0.5,0.5,34,1503410.220612801,731652.4560304205
3,19,2.0478233116774875,2.3111348071238766,2.281627769133294,2.096924766818134,2.003087028511337,1.0,1.0,1.0,1.0,0.5,0.5,36,1053416.1612178662,356191.909698868
3,20,2.04497425834388,2.29823533546525,2.2647933747898277,2.085765268351441,2.0261363342309595,1.0,1.0,1.0,1.0,0.5,0.5,37,1059744.5436711535,355085.2671701342
3,21,2.040380838794872,2.283108293676933,2.257739369995644,2.0880077502616876,2.01493190352706,1.0,1.0,1.0,1.0,0.5,0.5,40,1551054.4602528135,736181.3799397951
3,22,2.039992112890306,2.2813517452077168,2.255861211463829,2.0929143705012034,2.0009887850678663,1.0,1.0,1.0,1.0,0.5,0.5,44,1308785.8861979863,528317.215855535
3,23,2.039581902993933,2.2780335787718506,2.249272580551736,2.0999373507264556,2.001401113379758,1.0,1.0,1.0,1.0,0.5,0.5,47,1344821.6811646563,558494.1322670834
3,24,2.0375062413092664,2.268517129608494,2.239096643039585,2.1047282789815593,2.010873673809823,1.0,1.0,1.0,1.0,0.5,0.5,49,1131814.1199607155,468249.63590720313
3,25,2.035038237688262,2.259689821366847,2.235738175020254,2.0974577962821064,2.0134851459987306,1.0,1.0,1.0,1.0,0.5,0.5,51,1143817.7305780784,451471.8268495384
3,26,2.0348802228353584,2.2589151718975433,2.234909865053476,2.1050591398820275,2.0005902520303755,1.0,1.0,1.0,1.0,0.5,0.5,54,1156410.7727687971,494140.8524525813
3,27,2.0283166125537395,2.2289255850994834,2.211962925610798,2.168580891504716,2.0049236637960464,1.0,1.0,1.0,1.0,0.5,0.5,70,1116184.5525109174,1375369.6635334129
3,28,2.019839309720107,2.1761178974462654,2.1554947840831815,2.142020433209756,2.1207735262372367,1.0,1.0,1.0,1.0,0.5,0.5,71,1042385.4506945256,1327070.5323274643
3,29,2.018696629331032,2.169554754094084,2.1515174838547395,2.134144096777804,2.009196168605595,1.0,1.0,1.0,1.0,0.5,0.5,73,1141944.7895643811,1770469.9697999016
3,30,2.0186802278769154,2.172404435139955,2.1606453977974684,2.1607630264014137,2.000067042819081,1.0,1.0,1.0,1.0,0.5,0.5,77,1140581.7239087787,1763885.4057208565
3,31,2.018419373223893,2.17349756771661,2.167895629294195,2.1839076133913604,2.000535525684084,1.0,1.0,1.0,1.0,0.5,0.5,85,1141307.659402484,1973941.0749673904
3,32,2.017517742548744,2.1565031062066886,2.1284394621182487,2.0995792441747136,2.0150572160608515,1.0,1.0,1.0,1.0,0.5,0.5,86,1477317.0404990274,2122243.236884931
3,33,2.017435678529009,2.1693109098037002,2.16949956239779,2.226486175273633,2.0001302622403125,1.0,1.0,1.0,1.0,0.5,0.5,97,918471.4735949642,2039801.208096851
3,34,2.016693131692308,2.162242686301748,2.1589007813361665,2.243607702133094,2.012733962653336,1.0,1.0,1.0,1.0,0.5,0.5,98,1250755.3767907305,1873976.9776572853
3,35,2.016535637424223,2.162538342974784,2.1622575830551534,2.2312344459287305,2.002736983626679,1.0,1.0,1.0,1.0,0.5,0.5,99,1280109.2989978846,1874587.4145845664
3,36,2.016442408158426,2.1633097315249,2.1661230031175682,2.2240270750547557,2.000789212956766,1.0,1.0,1.0,1.0,0.5,0.5,101,895403.0030200464,1936027.731420186
3,37,2.0160173643641714,2.1630292924747403,2.1719040337957454,2.2319111937441924,2.007562674723366,1.0,1.0,1.0,1.0,0.5,0.5,102,1058158.4337695192,1363352.0397377715
3,38,2.015949685919172,2.158023781521313,2.1574300729125424,2.21145770140837,2.0005480244670486,1.0,1.0,1.0,1.0,0.5,0.5,104,909741.027547578,3496240.0182199595
3,39,2.0153724126125616,2.1549501840245395,2.1571840158949183,2.22444132344767,2.0051634253540334,1.0,1.0,1.0,1.0,0.5,0.5,106,877984.0098285202,3515324.8155912794
3,40,2.0147679457620686,2.160578530542856,2.1844856329203814,2.2915733417761155,2.001845285092318,1.0,1.0,1.0,1.0,0.5,0.5,112,1072292.122746957,2223667.0605581687
3,41,2.01445175880644,2.1609350577074,2.190948259787332,2.38567959842894,2.0004466354351473,1.0,1.0,1.0,1.0,0.5,0.5,125,1120378.8767269014,1156766.384408838
3,42,2.0144420978972244,2.160856070998182,2.190863595860275,2.3888714360210983,2.0001837595628698,1.0,1.0,1.0,1.0,0.5,0.5,126,1074746.5493893186,1184562.9606785646
3,43,2.0143011948616714,2.1611919456745357,2.1942636420405988,2.3987808878470385,2.0013074681580267,1.0,1.0,1.0,1.0,0.5,0.5,128,1062251.6519722866,2238565.21533596
3,44,2.012530505186658,2.1448137978911275,2.173709430545824,2.362815697350991,2.0340658778783984,1.0,1.0,1.0,1.0,0.5,0.5,129,1043642.1858115308,1223494.3634654542
3,45,2.012205234591053,2.1449482202265395,2.179934252549241,2.44014818310813,2.0007252305253562,1.0,1.0,1.0,1.0,0.5,0.5,138,1926846.1526017608,986251.0557831394
3,46,2.0107181639864957,2.1330581842187453,2.1702605062220446,2.4319352609600915,2.0305077248058074,1.0,1.0,1.0,1.0,0.5,0.5,139,956866.9037264922,2033272.122150904
3,47,2.0096087709564694,2.1181460007724757,2.1451931599164307,2.4259320686433172,2.02394544612006,1.0,1.0,1.0,1.0,0.5,0.5,140,1030968.271580548,1095357.6494789645
3,48,2.009118780714011,2.117838025071396,2.1539851953181723,2.46340990592828,2.0013608196547708,1.0,1.0,1.0,1.0,0.5,0.5,148,1044242.892485606,1103170.6524866538
3,49,2.0090715875224148,2.118858692777209,2.1581173821310715,2.4647632212582034,2.000529628988339,1.0,1.0,1.0,1.0,0.5,0.5,150,1030247.4797979568,1066059.8182298674
3,50,2.0090295609704554,2.1154778442280646,2.1484209423801275,2.4337087367965426,2.000944932961783,1.0,1.0,1.0,1.0,0.5,0.5,151,1025675.2705216132,1063047.5527086237
3,51,2.0072041226398065,2.101292845760696,2.142374255818363,2.522102487924972,2.0023669833146,1.0,1.0,1.0,1.0,0.5,0.5,169,1363296.0214728713,196831791037.3751
3,52,2.0072035251135154,2.1027704044771696,2.146994668632372,2.540378934829761,2.000007305150397,1.0,1.0,1.0,1.0,0.5,0.5,171,1363388.7219089605,196831737029.84537
3,53,2.007167286592426,2.1053552264201123,2.1558395495593428,2.5368059100324247,2.0002981057023126,1.0,1.0,1.0,1.0,0.5,0.5,174,1129684.7590091827,195243005137.82172
3,54,2.0059080367302577,2.093111199518254,2.1457874737061777,2.58199191959899,2.0314058514319333,1.0,1.0,1.0,1.0,0.5,0.5,175,816418.752264967,5752472487.030658
3,55,2.004420377638563,2.0714260869187138,2.113477751319749,2.5361126557433002,2.0197203909269623,1.0,1.0,1.0,1.0,0.5,0.5,177,915606.966215226,88635589215.355
3,56,2.004231161837195,2.0721076190289853,2.120287365396655,2.5395419085856408,2.0052065004980553,1.0,1.0,1.0,1.0,0.5,0.5,178,912181.6012766052,125474304106.71632
3,57,2.0041681599983425,2.0698604833841676,2.1148442762979887,2.5510452355341027,2.001740907833722,1.0,1.0,1.0,1.0,0.5,0.5,179,914333.7498750396,120389615660.10034
3,58,2.004155163343238,2.0711865905205804,2.119302343849805,2.5694378668307953,2.000119271277455,1.0,1.0,1.0,1.0,0.5,0.5,182,916481.2913607344,131255008623.56506
3,59,2.0040817793791206,2.068809380432601,2.1137202376937765,2.5503997252824857,2.002057031401289,1.0,1.0,1.0,1.0,0.5,0.5,183,936711.4281432535,126285168106.94206
3,60,2.004043313420679,2.0698242509487463,2.117845759305295,2.5652166293690137,2.001059633693115,1.0,1.0,1.0,1.0,0.5,0.5,184,915720.7569362444,127647797791.792
3,61,2.0038926923699094,2.066494490133546,2.111244908857338,2.5725133635868938,2.002112506634122,1.0,1.0,1.0,1.0,0.5,0.5,186,919519.0383280232,123101525840.78162
3,62,2.0032878898225484,2.060428455795342,2.1077985236578938,2.5662171586804736,2.0172129651917583,1.0,1.0,1.0,1.0,0.5,0.5,187,925850.133322631,141814964205.8958
4,0,0.8825625312145017,0.9689408317083086,0.9667879363028917,0.39634359790183776,0.0,0.0,0.0,0.0,1.0,0.5,0.5,1,6235328.060715728,10065709.26156007
4,1,0.9894098877041546,1.0758257609220814,1.0736717375266325,0.506238288282719,0.10691701340925933,0.10680042367149549,9.171554252196e-05,0.00010773078778612999,1.0,0.5,0.5,3,6235015.372768716,10065007.321235104
4,2,1.3668205080779607,1.4566451134517664,1.4575820023891175,0.900596315281212,0.48871679295807063,0.14494725731405322,0.3173965884593966,0.3666891777951119,1.0,0.5,0.5,4,6224126.557798208,10023651.716283904
4,3,1.030442643961525,1.1204874876155557,1.1214183389691343,0.5675845159220689,0.15111765096488056,0.1003483665769029,0.040633343043553136,0.06050886870285601,1.0,0.5,0.5,5,6219804.923357129,10021536.865478152
4,4,1.9628459453948461,2.0729488569892993,2.0733301840827187,1.518237256813265,1.120482534886306,0.11130596242351261,1.0,1.0,1.0,0.5,0.5,7,6330408.775966629,9757649.435052251
4,5,1.9242608860586392,2.058729374477993,2.058389544991884,1.5140924632611892,1.1311404543337236,0.10749279768950568,1.0,1.0,1.0,0.5,0.5,8,6484131.316005125,9109579.425865604
4,6,2.750857519939644,2.931838817837083,2.9331948452602083,2.396921627201616,2.04766401507952,1.0,1.0,1.0,1.0,0.5,0.5,9,7984695.813674939,8546273.437805923
4,7,2.726126050855906,2.9220705532475493,2.9197089211340046,2.3939342557642895,2.0189490236782985,1.0,1.0,1.0,1.0,0.5,0.5,10,6814660.267062346,8165517.348050517
4,8,1.7458600028207707,1.9825629924418706,1.978640072534223,1.4578668433666162,1.1345325287373167,0.08301633267385954,1.0,1.0,1.0,0.5,0.5,11,5083883.7349163145,7644955.944539263
4,9,1.7299723099142845,1.9765676056511559,1.972228796071969,1.4541813733114994,1.0967116373579864,0.0830203125401737,1.0,1.0,1.0,0.5,0.5,12,5352161.368490355,7461758.176392675
4,10,1.7302228843214182,2.0853066155954645,2.050655016613839,1.7599135247342572,2.6290670641240292,0.6290670641240292,1.0,1.0,1.0,0.5,0.5,13,658106.2242840362,567969.3819133965
4,11,1.1524341355535839,1.501433331492128,1.4689655725844646,1.179458059243013,1.0681092681963247,0.05755411304025311,1.0,1.0,1.0,0.5,0.5,16,804641.745151757,455769.5578685816
4,12,1.1518906163992106,1.501990344867191,1.4726186325551285,1.1906739098372845,1.058094040436556,0.057311838889926206,1.0,1.0,1.0,0.5,0.5,18,788804.0859004231,499410.9659087272
4,13,1.2222321666801879,1.5704126827804124,1.5408075035568414,1.2571241634016321,1.1328978254045357,0.12910198167554043,1.0,1.0,1.0,0.5,0.5,20,652156.9067477023,443812.4624122509
4,14,1.2020988011662133,1.5399952720062668,1.509161757230904,1.2491525397485166,1.1569704698838759,0.11640476809280147,1.0,1.0,1.0,0.5,0.5,21,1302220.7568435164,3678964.469385369
4,15,1.1890487928786717,1.5043692266400768,1.471024964443922,1.229964549036575,1.1997435869201332,0.11700065074145809,1.0,1.0,1.0,0.5,0.5,22,1326578.468384925,732207.1949493843
4,16,1.1726954375442937,1.4732478282524966,1.4413541380109864,1.2161889115657616,1.1367465181858276,0.10881184770496637,1.0,1.0,1.0,0.5,0.5,24,1034142.0863897376,472429.2217012674
4,17,1.172585926471895,1.472913173768315,1.44099664662471,1.2185073949656464,1.109552358835404,0.10880618373440872,1.0,1.0,1.0,0.5,0.5,25,1034049.6915744324,469576.22112219903
4,18,1.172064612519932,1.4725204794253233,1.4436095699221752,1.2072941552911085,1.1135134407567104,0.10891965651424991,1.0,1.0,1.0,0.5,0.5,26,905369.4875277304,451585.8020861244
4,19,1.1719114172885483,1.4720185382329887,1.443072507323406,1.2164469531517033,1.110079120207024,0.10892533174216527,1.0,1.0,1.0,0.5,0.5,27,890993.1407387402,446749.1525005165
4,20,2.061740443419101,2.357806531838528,2.325453293204589,2.1134343398423514,2.009116640298256,1.0,1.0,1.0,1.0,0.5,0.5,28,851303.0103490959,434040.4432993329
4,21,1.1202633287483703,1.3869653985344226,1.3517636672589564,1.1634971171761437,1.1639944408115346,0.07025333262617323,1.0,1.0,1.0,0.5,0.5,29,1043556.4740718944,985217.6257334672
4,22,1.1202442704764743,1.38686389004402,1.35165430206443,1.1710197935227606,1.0703918315437246,0.07026378236122195,1.0,1.0,1.0,0.5,0.5,31,1042817.3751908664,984984.8026967716
4,23,2.046124617124758,2.301701330237634,2.2654591014515058,2.094145313558786,2.017232421878897,1.0,1.0,1.0,1.0,0.5,0.5,33,1064871.7408990362,926656.8071477454
4,24,2.0456724530575756,2.2998389830569885,2.2634674758009545,2.1005806529349242,2.0020930432366253,1.0,1.0,1.0,1.0,0.5,0.5,35,997471.5058946132,924833.5126508866
4,25,2.0447907025315994,2.2990773772644366,2.2687345718441265,2.100878455560576,2.004114146604298,1.0,1.0,1.0,1.0,0.5,0.5,37,1105540.2601966858,874639.0389210422
4,26,2.0446958519893608,2.295708123094627,2.259050430976682,2.087865137058066,2.000924119227249,1.0,1.0,1.0,1.0,0.5,0.5,38,819987.0167332033,986690.1358771035
4,27,2.0433126065432203,2.292875833617758,2.262103093208874,2.099514466523713,2.0131594985844465,1.0,1.0,1.0,1.0,0.5,0.5,39,1079257.7464801637,863237.2911213861
4,28,2.040196103912124,2.2792991777411107,2.2475852530832503,2.0964623891821157,2.030860860261212,1.0,1.0,1.0,1.0,0.5,0.5,40,1035865.822348888,822623.9590050125
4,29,2.038182306402401,2.27017041563676,2.2378239069664847,2.0960157935745105,2.010435921766461,1.0,1.0,1.0,1.0,0.5,0.5,42,986532.328981094,884881.9825270894
4,30,2.038162810022672,2.2700805591969155,2.237727658284647,2.10370734411992,2.000102877175798,1.0,1.0,1.0,1.0,0.5,0.5,44,986330.9556201062,884666.228112907
4,31,1.0575920776694165,1.275553694483571,1.2449921420169798,1.1395852372964952,1.0324129817507322,0.02349877190866228,1.0,1.0,1.0,0.5,0.5,49,1164663.6514422072,587098.8448436622
4,32,2.0331078061659875,2.250063587924164,2.225444882355228,2.121091668297414,2.0056890185630403,1.0,1.0,1.0,1.0,0.5,0.5,51,945929.7938835516,1013717.5267805298
4,33,2.0328113021174374,2.248551970718395,2.2238282536299563,2.125530523327946,2.0017214337163014,1.0,1.0,1.0,1.0,0.5,0.5,53,1039683.415206211,980830.4841895704
4,34,2.032784748389288,2.24841646140992,2.2236833648475693,2.139501040033077,2.000158809524587,1.0,1.0,1.0,1.0,0.5,0.5,55,992107.6454406596,990918.2237292468
4,35,2.0320493008926905,2.2446392300172686,2.2196443321587234,2.1208060202604844,2.0086802565742587,1.0,1.0,1.0,1.0,0.5,0.5,56,915690.1028194512,1066730.2801570874
4,36,2.031051510404777,2.239399295206666,2.214041040184023,2.1257776699608737,2.0039857539916177,1.0,1.0,1.0,1.0,0.5,0.5,59,989299.8416962754,1023602.7160130164
4,37,2.0310215134285228,2.240718880504703,2.218492839272636,2.131135255488906,2.0001783840222203,1.0,1.0,1.0,1.0,0.5,0.5,61,1042293.7071829364,1010453.6818749816
4,38,2.030984059827013,2.2405185151368245,2.2182786006568396,2.133741687624898,2.000467769349356,1.0,1.0,1.0,1.0,0.5,0.5,62,948560.4827240458,1037845.0802331376
4,39,2.0304051700550896,2.2359441701649083,2.210346614276068,2.1312090834843405,2.007067401574666,1.0,1.0,1.0,1.0,0.5,0.5,63,940345.8114535216,1016638.9579397052
4,40,2.0302713481901162,2.236705413633106,2.2142013224076926,2.1368596731608918,2.0016382376434962,1.0,1.0,1.0,1.0,0.5,0.5,64,1003982.2122509072,999688.2657976304
4,41,2.030270060408906,2.23669889179473,2.214194181120499,2.139586145514346,2.0000163209464907,1.0,1.0,1.0,1.0,0.5,0.5,65,999404.5200419537,1000775.4289142052
4,42,2.0302604835744447,2.2351622742085206,2.209510290198107,2.1422831834826512,2.000116878186542,1.0,1.0,1.0,1.0,0.5,0.5,66,1009466.5455520909,999191.7673307871
4,43,2.029889920042439,2.2346408894628107,2.2119935537980933,2.1492421141907596,2.0015278587585765,1.0,1.0,1.0,1.0,0.5,0.5,69,998493.3147650096,979942.6092802522
4,44,1.4738613791239437,1.6737690158471157,1.6507112296857913,1.629169581472918,1.458614304596468,0.44504850633211585,1.0,1.0,1.0,0.5,0.5,70,512694.74327919673,431496.47052436456
4,45,1.459321031966415,1.6516333119292845,1.627936305762933,1.6134492438750883,1.4532064678210284,0.4321364934994388,1.0,1.0,1.0,0.5,0.5,71,542571.7349131263,387792.9246050232
4,46,1.436426334307353,1.5952879136115756,1.5688291577304687,1.5781952803825638,1.5067154972289563,0.415632281170792,1.0,1.0,1.0,0.5,0.5,72,591182.0845784042,337894.703188069
4,47,1.1623664155098492,1.316404178589099,1.29257664899307,1.3042046912373328,1.1595522040408204,0.14265008522970718,1.0,1.0,1.0,0.5,0.5,73,590151.216274567,388575.81371592014
4,48,1.1623662954181688,1.3164030910659603,1.292575458228462,1.312893638482175,1.1426520048906257,0.14265008467963114,1.0,1.0,1.0,0.5,0.5,74,590175.6708886125,388661.41392387456
4,49,1.161330775421245,1.310836867324085,1.2866430067058843,1.3093666007924551,1.1544420053594515,0.14236655002215517,1.0,1.0,1.0,0.5,0.5,75,594489.2168419644,382587.09754875925
4,50,1.1577765048238784,1.3033609491761107,1.2848996333566827,1.31724245841757,1.14601626479881,0.1399215055324029,1.0,1.0,1.0,0.5,0.5,78,596965.6027799589,438707.90423503175
4,51,1.1582864239801944,1.3005682014218276,1.2788173792016306,1.3167464941001308,1.1455330554381995,0.1407175805065818,1.0,1.0,1.0,0.5,0.5,79,594393.3700065303,438159.2966097568
4,52,1.156967161489673,1.2989024234333,1.2861977979354566,1.3429956146061142,1.1419480685088867,0.14014022487810465,1.0,1.0,1.0,0.5,0.5,86,594823.5714378494,513859.51970184105
4,53,1.352562062303384,1.4813240488745383,1.4615202789666335,1.5388445178868115,1.3426123181864276,0.3372515666121271,1.0,1.0,1.0,0.5,0.5,91,545092.2776950803,1429156.154360654
4,54,1.1795165059721238,1.2934796256549879,1.2725070567274097,1.375324773640195,1.1791230666048838,0.1662682695401485,1.0,1.0,1.0,0.5,0.5,94,543432.944772306,1167279.0835262204
4,55,1.1778859952571064,1.276060450197696,1.2538525254659476,1.3677513697494912,1.187051276177863,0.16667327836392173,1.0,1.0,1.0,0.5,0.5,96,524141.0126204566,1184021.8836716025
4,56,1.3581887676569033,1.4540683227507802,1.4377374088640562,1.561076432707564,1.3611309398251121,0.34761960142965875,1.0,1.0,1.0,0.5,0.5,97,519484.1438143608,1195472.4549475757
4,57,1.1804387669083574,1.272986577081698,1.2533687014586992,1.381118658074757,1.1748218217612167,0.17009153302667981,1.0,1.0,1.0,0.5,0.5,98,523579.2196797021,1195691.43389206
4,58,1.350084811917308,1.4384734646973887,1.4215616016924322,1.5587762989691074,1.3548747992082872,0.3404060303378804,1.0,1.0,1.0,0.5,0.5,99,560968.8886577603,1181144.9714067285
4,59,1.3574461015120494,1.4457030537684932,1.431809794558641,1.5743278144410204,1.350017134286186,0.3479541025163363,1.0,1.0,1.0,0.5,0.5,101,533736.4220820275,1162097.979192919
4,60,1.3500948112502564,1.4365423837078197,1.4225091053334895,1.5780969570605126,1.3431408907753077,0.34081230375732774,1.0,1.0,1.0,0.5,0.5,103,505318.3118519161,1219480.0743724888
4,61,1.1826240172002658,1.2610160513145965,1.2493914154759787,1.4113007723260973,1.1792357474393833,0.17440313908912053,1.0,1.0,1.0,0.5,0.5,108,474121.8655422958,980066.981341656
4,62,1.1797490534748505,1.250894661381641,1.238713883476375,1.4194037052826889,1.181474818587405,0.172305784304526,1.0,1.0,1.0,0.5,0.5,110,506250.8618154261,878490.0325972363
4,63,1.1797465911867577,1.252353016907341,1.2433135865575224,1.4360135840546775,1.172335383697237,0.172305784304526,1.0,1.0,1.0,0.5,0.5,112,506247.1714282586,878560.906131944
4,64,1.1805269127809506,1.2491496762531145,1.233745715500947,1.4300697807258236,1.1744748919611632,0.17319236096063545,1.0,1.0,1.0,0.5,0.5,114,498748.0024334057,1199090.668545337
4,65,1.1792471676382321,1.2491427064557747,1.2398956887822636,1.426441524928486,1.1763669643692238,0.1720897223161611,1.0,1.0,1.0,0.5,0.5,115,507753.4557270078,1195991.00144116
4,66,1.1785200020840148,1.2437304021754039,1.228065341777351,1.4081103066420293,1.1758820350278085,0.17154126016672108,1.0,1.0,1.0,0.5,0.5,116,538690.976995984,1101227.773754545
4,67,1.1802757764164922,1.2483129966279467,1.238923804197506,1.430849195011501,1.1736602169649684,0.17331076833316816,1.0,1.0,1.0,0.5,0.5,117,514259.3946779503,1102684.3880020855
4,68,1.17829242325446,1.244059073491895,1.2314664867232166,1.417898110082176,1.1733967172969448,0.17140905490465572,1.0,1.0,1.0,0.5,0.5,118,536765.581951885,1097557.8155974806
4,69,1.1793644484205328,1.2419697238800165,1.2351960357648384,1.4413056433884814,1.1808124916189533,0.17310055992897083,1.0,1.0,1.0,0.5,0.5,120,519698.98337936256,1029376.3993850315
4,70,1.174605295749571,1.235099368547218,1.228164815554934,1.4816439467196902,1.1690814955162931,0.1685512544092492,1.0,1.0,1.0,0.5,0.5,130,536566.8212349701,1079323.0410674764
4,71,1.173442150362407,1.2357868080027445,1.2350538710385788,1.508004985296857,1.1681997551362482,0.16749808766714516,1.0,1.0,1.0,0.5,0.5,134,516374.11533598375,1129584.8168386088
4,72,1.1734386811732023,1.2372317575273386,1.2396393708929754,1.5253903037695808,1.1675423564753644,0.1674980876671451,1.0,1.0,1.0,0.5,0.5,136,516361.6345578535,1129715.2741142388
4,73,1.1757966447344121,1.2366834238464666,1.2388702171292882,1.5197545285404805,1.173785275689993,0.1701392952763941,1.0,1.0,1.0,0.5,0.5,138,557070.7997253425,1107232.6163727
4,74,1.1754128361383005,1.2399124283898708,1.251465366296586,1.559951049959583,1.1701887986272588,0.16983672433930186,1.0,1.0,1.0,0.5,0.5,144,544321.1579389927,1085681.5743856907
4,75,1.1704441481266548,1.2310509010241395,1.2362469109620216,1.5228635343866292,1.1651021228606897,0.16495750395070582,1.0,1.0,1.0,0.5,0.5,160,582405.3756554548,959010.1861533376
5,0,0.9573066794609097,0.9891444000234786,0.988391996362704,0.4087512257531429,0.0,0.0,0.0,0.0,1.0,0.5,0.5,1,2821187.3900951995,10046023.24990489
5,1,1.4403099546442286,1.4759092219905499,1.4782442434510097,0.9120768711639061,0.48669279114888797,0.13489939895004519,0.3014747471656757,0.4008908607017087,1.0,0.5,0.5,4,2777169.07404739,10035345.96458449
5,2,2.3886999589679982,2.490705442987501,2.4913241983313865,1.9260524265863066,1.5826883041714455,0.5256396702474813,1.0,1.0,1.0,0.5,0.5,5,2527106.355933622,9119630.796884872
5,3,2.3657241687155195,2.484106131707332,2.4842521221273675,1.9278104996178285,1.533590820031295,0.5258607526109833,1.0,1.0,1.0,0.5,0.5,7,2612982.981390845,8852185.360112786
5,4,1.745576663152431,1.995801361862491,1.9881278214164673,1.4670309330928204,1.2610497249654196,0.10650449575076033,1.0,1.0,1.0,0.5,0.5,8,2420269.1777946325,6902904.908401594
5,5,1.5699311284662016,1.9680796170343597,1.9491820673965257,1.506455784118137,1.4257297060105487,0.24070369319783755,1.0,1.0,1.0,0.5,0.5,10,1735747.7709894243,3438740.2413747367
5,6,1.2172555291794347,1.6143538623666913,1.5920946388402646,1.232341508112289,1.2076522449250904,0.06706799787165195,1.0,1.0,1.0,0.5,0.5,13,2748507.2575203096,1430156.8033597933
5,7,1.2101687976309965,1.605038535601993,1.585173608131404,1.2313617954763918,1.0796210572865914,0.06706766792936895,1.0,1.0,1.0,0.5,0.5,15,2160539.732446942,1332437.2256903525
5,8,1.209303652358536,1.6048833285416335,1.5880486030524463,1.247009856459711,1.0686388659883164,0.06706789801696608,1.0,1.0,1.0,0.5,0.5,17,2544547.104898153,1213484.3515425578
5,9,1.2245747545818886,1.5689334281385414,1.5388647735974073,1.2450758452469057,1.2488711869503115,0.13430688672015764,1.0,1.0,1.0,0.5,0.5,19,1479874.682362582,459113.5454636978
5,10,1.2170572569995508,1.5544621019758305,1.5235725302137806,1.241969973951666,1.1452229399687048,0.1316806683453186,1.0,1.0,1.0,0.5,0.5,21,1274390.2455877408,385495.2009395773
5,11,1.217034171544682,1.5543985098627777,1.5235042139499493,1.248727041368403,1.1317635162296849,0.13168519321085762,1.0,1.0,1.0,0.5,0.5,23,1273721.390642278,385205.8598210526
5,12,1.2087229018368586,1.5482938065813037,1.5235967390179133,1.241405595555207,1.1268981740924797,0.12390111654761489,1.0,1.0,1.0,0.5,0.5,24,1181194.37510694,386566.9493014955
5,13,1.208689211233231,1.5482030871810881,1.5234994629727217,1.2485673722656052,1.1240133855468932,0.12390532612820253,1.0,1.0,1.0,0.5,0.5,26,1180410.6159573845,386153.0004358632
5,14,2.079871739947747,2.4161693764905117,2.4000239629859146,2.2024790313740463,2.002392560440716,1.0,1.0,1.0,1.0,0.5,0.5,38,1312434.2844374934,376580.1210231406
5,15,2.077569119593404,2.410061674851574,2.3934928591095446,2.2123799635223085,2.0069825116873368,1.0,1.0,1.0,1.0,0.5,0.5,40,1235104.0640508167,380637.89989995584
5,16,2.07756048433899,2.41003812376855,2.3934674678661914,2.220627737937096,2.000026558674187,1.0,1.0,1.0,1.0,0.5,0.5,42,1234938.4153254607,380518.62118704064
5,17,2.0773371658099617,2.410921832868471,2.3974530995963583,2.2257478783582085,2.0013725907513162,1.0,1.0,1.0,1.0,0.5,0.5,43,1356329.961178213,372576.8242429258
5,18,1.4071181950706544,1.7361076861124918,1.719153375100722,1.5296609459032013,1.3429640446825575,0.3316084147467682,1.0,1.0,1.0,0.5,0.5,44,1138971.2112478877,379930.20171606616
5,19,2.0727201827916133,2.3981814216013433,2.383829586670232,2.20966153221665,2.0035555132789895,1.0,1.0,1.0,1.0,0.5,0.5,49,1368533.5813933618,925526.7025295178
5,20,2.072446299656128,2.3974064098076857,2.3830007212700064,2.214736513685037,2.0008875910288952,1.0,1.0,1.0,1.0,0.5,0.5,51,1274193.914267033,990743.9541024824
5,21,1.298200603418518,1.6246330800622477,1.616354546276398,1.4482336309222705,1.2292008997580521,0.22656325436200145,1.0,1.0,1.0,0.5,0.5,53,1270567.7193520674,884950.8739224187
5,22,2.07122190181063,2.39390418259988,2.379255909613521,2.220908784747343,2.0027279887678002,1.0,1.0,1.0,1.0,0.5,0.5,54,1406323.1401464122,770095.4958579624
5,23,2.071212248255363,2.3953603641794547,2.3838537083514177,2.237818501492143,2.0000318036785902,1.0,1.0,1.0,1.0,0.5,0.5,56,1406627.6256976882,769416.6262173891
5,24,2.0711770931460523,2.393775195129781,2.379118003423057,2.223604401048151,2.000115627937746,1.0,1.0,1.0,1.0,0.5,0.5,58,1405502.7932323038,769695.9819196425
5,25,2.07038546141243,2.397420902781854,2.3951785202776845,2.250434816422829,2.0026184059003436,1.0,1.0,1.0,1.0,0.5,0.5,60,1119003.5125811864,303192.8568491747
5,26,1.2844061558710091,1.6129649078905648,1.616856507281509,1.4815570957210675,1.2198243543009215,0.21477696445084563,1.0,1.0,1.0,0.5,0.5,61,1040402.590282306,328872.73956970504
5,27,1.279025885551922,1.605767382770543,1.6064805487578273,1.4786118832449249,1.2101452986486634,0.2095686000354433,1.0,1.0,1.0,0.5,0.5,63,1044296.7928811976,325418.64662832074
5,28,1.3215230341929207,1.6429425840225225,1.6550647328745771,1.5434893476483063,1.2640219410887588,0.2576084593727996,1.0,1.0,1.0,0.5,0.5,69,1003474.1338095864,450651.6060613252
5,29,1.3199896408415224,1.6427392871747948,1.6579892277249215,1.5418892769759607,1.2564060569507458,0.2561471723672506,1.0,1.0,1.0,0.5,0.5,71,1003556.1024500972,450752.9013185988
5,30,1.4183839531303208,1.737771025655975,1.74669412291466,1.6489649014663443,1.3560657055165821,0.3547275155735754,1.0,1.0,1.0,0.5,0.5,72,947737.1842385444,1562895.0420077674
5,31,1.4183606204592865,1.7376467311967088,1.7465597894111289,1.6548363080290154,1.3549182600645593,0.35475068712647284,1.0,1.0,1.0,0.5,0.5,74,947209.7507964572,1562737.7568884694
5,32,1.237351704251103,1.557459811769594,1.5724430863635996,1.4877273029003297,1.1782523623691152,0.17471703090118942,1.0,1.0,1.0,0.5,0.5,76,1071605.308044759,386691.5934607368
5,33,1.2170130411293258,1.5324189963322017,1.5499254506721951,1.4705961468952435,1.1673785048706824,0.1571371985657139,1.0,1.0,1.0,0.5,0.5,78,773636.6121372095,388703.6563872919
5,34,1.1897956505169027,1.4933440072706472,1.5126888985765492,1.45046498754198,1.1783876868939216,0.13540160379928995,1.0,1.0,1.0,0.5,0.5,79,845180.8057942057,389936.1861320908
5,35,1.1896916880778885,1.4931699506665719,1.5125079650831001,1.4658281461253815,1.1354365431680857,0.13532501244649756,1.0,1.0,1.0,0.5,0.5,81,842354.899532173,390015.84456855134
5,36,1.189720172049988,1.4943477629626996,1.5167972037648338,1.4657014227294929,1.1365473074978418,0.13548396865858342,1.0,1.0,1.0,0.5,0.5,82,840848.4751070682,387855.7713805668
5,37,1.1947718248912067,1.4889287890059637,1.5013721319689015,1.455203160939453,1.1491617701191619,0.14282714543022804,1.0,1.0,1.0,0.5,0.5,85,869279.1631979627,388961.83097930887
5,38,1.194646364801292,1.489767380563754,1.5053047206251682,1.482711176528697,1.1433021690230585,0.1428947107622569,1.0,1.0,1.0,0.5,0.5,89,877639.6292390614,396695.9621659909
5,39,1.1793788664253229,1.47720911370803,1.5020110979792343,1.488102233170927,1.1296307552216533,0.12826865881704988,1.0,1.0,1.0,0.5,0.5,93,613858.0220274191,274044.26334451395
5,40,1.670254193063562,1.96129195261888,1.988459765718221,1.9853916403351373,1.630631481336101,0.6220831675576579,1.0,1.0,1.0,0.5,0.5,96,674534.422205641,259987.38603988907
5,41,1.17874831224358,1.4651906318251973,1.4859203192991912,1.5186853208133182,1.1319674310508214,0.13113482372956672,1.0,1.0,1.0,0.5,0.5,102,790023.0538159874,327229.87706573453
5,42,1.1742372644787828,1.4680886307718302,1.5045342405970132,1.5805019209368478,1.126629803863028,0.1266276375248316,1.0,1.0,1.0,0.5,0.5,118,750169.586104044,339208.03350296087
5,43,2.0471739220387053,2.3456762747838917,2.3945759543338485,2.496196985185259,2.0013115747455386,1.0,1.0,1.0,1.0,0.5,0.5,121,1740095.4737191796,319479.1577218739
5,44,1.6464331443757998,1.9404052939803533,1.988886673995713,2.083239698207776,1.6076671260446074,0.6007646182889117,1.0,1.0,1.0,0.5,0.5,123,1322710.108723397,309467.5869380985
5,45,1.6962650968694901,1.9816662159624394,2.0323738157534796,2.154837458477955,1.6598269900261067,0.6537742697806497,1.0,1.0,1.0,0.5,0.5,128,1618239.7387587456,497456.39968177024
5,46,1.651396161380778,1.9356541525534832,1.9862585570915157,2.1321783935766856,1.6099312781270614,0.6092513594675014,1.0,1.0,1.0,0.5,0.5,133,1319514.6097823256,287026.29493400856
5,47,1.5925906973871387,1.880832233351212,1.9408244646775108,2.104435856621644,1.5510511367492021,0.5505877151375291,1.0,1.0,1.0,0.5,0.5,136,1198470.8461699833,294456.4815908406
5,48,1.667019186710601,1.9440674442109458,2.003057781832306,2.176608106701043,1.6613176165462784,0.6282735082162676,1.0,1.0,1.0,0.5,0.5,137,1167185.855744344,253889.00332092668
5,49,1.7499358351334715,1.9996520438510557,2.035152133994103,2.246040153149908,1.725502673517366,0.7156948242122061,1.0,1.0,1.0,0.5,0.5,142,1689730.2989283828,559279.7580498044
5,50,1.7398064707058725,1.9881655970572112,2.026563030778709,2.251938184908129,1.7103324040501446,0.7062747132104279,1.0,1.0,1.0,0.5,0.5,144,1656781.9426055436,484400.02824519976
5,51,2.033215710620299,2.2877130738946025,2.3417164639202337,2.594766422587514,2.000405855190099,1.0,1.0,1.0,1.0,0.5,0.5,153,1433159.5553241998,375905.843036236
5,52,2.0327828891257846,2.286993135402785,2.3439870758571333,2.6256547411812536,2.000720192883896,1.0,1.0,1.0,1.0,0.5,0.5,160,1662914.1132271474,490037.1758504275
5,53,2.0327763541279933,2.2869594392378434,2.343951369421167,2.6360424452129334,2.000038211293135,1.0,1.0,1.0,1.0,0.5,0.5,162,1662659.7838229616,489761.5134884038
5,54,1.718651710310417,1.9502635828625134,2.0053351687525476,2.3481998808401365,1.7226708183124328,0.691003478179761,1.0,1.0,1.0,0.5,0.5,164,1825919.383088319,608812.6480055873
5,55,1.7186354330315208,1.950228521761035,2.005298733056563,2.3689904146397995,1.6910000324874206,0.6909912435125977,1.0,1.0,1.0,0.5,0.5,170,1825672.255260881,608454.7316806555
5,56,1.7185159098846374,1.9530451412186298,2.0143994108041365,2.389670613226677,1.6908961177572466,0.6908784705663952,1.0,1.0,1.0,0.5,0.5,175,1824732.6418340532,604947.8593873831
5,57,1.7112356408822387,1.9437778883230714,2.001946669838717,2.3925305347767294,1.6850967994263306,0.683704727789469,1.0,1.0,1.0,0.5,0.5,176,1820984.397293779,604681.3325263275
5,58,1.7199469472935935,1.9517209335939423,2.012843846926579,2.3988810395538986,1.6991228463663246,0.6928898209465759,1.0,1.0,1.0,0.5,0.5,177,1838821.1297829016,534719.3839793605
5,59,1.7289331500691953,1.960274866882843,2.0213615652328363,2.411086004963485,1.7031620531114837,0.7019662259542491,1.0,1.0,1.0,0.5,0.5,178,1820625.9018341324,523164.787949479
5,60,1.728850561370052,1.9582837783917917,2.0161917173860155,2.4060204892659662,1.7031432535541426,0.7019719069792558,1.0,1.0,1.0,0.5,0.5,179,1820410.4750769725,523134.6434847939
5,61,1.7375638845542185,1.969997815190623,2.0372145016413707,2.462806714023648,1.7115583776786978,0.7109859026905052,1.0,1.0,1.0,0.5,0.5,186,1664570.2452703677,485267.45595254935
5,62,2.026015923974059,2.254218361293904,2.31806214030725,2.756766865901457,2.0037829233721776,1.0,1.0,1.0,1.0,0.5,0.5,188,1699323.1100939016,478341.9658956676
5,63,2.0259345386424403,2.2477994230346985,2.299036164271823,2.62607406442858,2.000274601246291,1.0,1.0,1.0,1.0,0.5,0.5,192,1832117.2498670428,531825.2753979486
5,64,2.0256767649824923,2.2522002146409474,2.3159041226650965,2.7507397681855403,2.0017214880995207,1.0,1.0,1.0,1.0,0.5,0.5,194,1725976.5819927957,481049.9424591971
5,65,2.025388031110495,2.2504693912008804,2.3140531803722513,2.7439961179280736,2.004070280437597,1.0,1.0,1.0,1.0,0.5,0.5,195,1824540.1988266208,536441.9319232942
6,0,0.442690829259681,0.7989773757426744,0.7850432881025364,0.2919638638462433,0.0,0.0,0.0,0.0,1.0,0.5,0.5,1,26801534.986997686,10201747.284380624
6,1,0.547446531998885,0.9037424299915793,0.8898073787643919,0.3997367219067039,0.10478736489322023,0.10466268065796987,8.749266862167e-05,0.0001375446770842,1.0,0.5,0.5,3,26799646.67593207,10201222.59215548
6,2,0.5098821480290007,0.8661801406502101,0.852244869566238,0.36422606270989827,0.06722461051789827,0.067204043575341,1.228081055883e-05,1.342315345894e-05,1.0,0.5,0.5,4,26799773.595822968,10201181.00116423
6,3,0.8551232441101647,1.213232041521811,1.2024121351640025,0.7226297968769446,0.41410163037454517,0.14092262296478134,0.21630874662387858,0.32821617601756903,1.0,0.5,0.5,5,26709847.744770277,10178061.139645863
6,4,2.1563377235542265,2.5386561225962554,2.528733587529115,2.0527727020069655,1.8065795626359376,0.7695306503970407,1.0,1.0,1.0,0.5,0.5,7,22720200.448430743,8777367.52201626
6,5,1.637192988307407,2.022921878196755,2.0125892501450853,1.5468430731709615,1.2664757372212019,0.259711351080038,1.0,1.0,1.0,0.5,0.5,9,22640695.73360047,8417868.765988318
6,6,1.1729690471185,1.5248188523022852,1.4868011960249417,1.1731562168634235,1.7791126862445208,0.0732790100293231,1.0,1.0,1.0,0.5,0.5,10,3822194.034655524,1199007.6182264846
6,7,1.206059909464324,1.5085063797451528,1.470806196782073,1.1886059282556625,1.3382413211457966,0.14011381724963662,1.0,1.0,1.0,0.5,0.5,11,5182151.915225302,1350224.7621271696
6,8,1.0792429728121469,1.3517700275157474,1.3081128066621273,1.0527891095271669,1.1174860007404557,0.02544875740946313,1.0,1.0,1.0,0.5,0.5,12,3545385.1981882257,800544.4967568336
6,9,1.066825490225027,1.3407035668826817,1.3001771326251856,1.0410579946312486,1.0134977168639239,0.01308191466913337,1.0,1.0,1.0,0.5,0.5,13,3542200.444997772,798895.8390742377
6,10,1.1667828284706625,1.4353361517588106,1.3883026730160812,1.1526333785769283,1.1152287601852475,0.11386459313364314,1.0,1.0,1.0,0.5,0.5,18,3343778.3788892026,734860.1337191974
6,11,1.1666204217089398,1.4317001667800708,1.3873382101131906,1.160348643259704,1.131090973625354,0.11554716735036938,1.0,1.0,1.0,0.5,0.5,19,3413822.670929558,756781.3440197081
6,12,1.0944938215505475,1.3568418951932393,1.3182235232241246,1.116761620052252,1.0478789250847054,0.0455592597328447,1.0,1.0,1.0,0.5,0.5,27,3164976.7443598555,567044.0350407724
6,13,1.093895949545768,1.3587615591202284,1.3263877602498115,1.1332240906902538,1.0464936329889982,0.04511729351908516,1.0,1.0,1.0,0.5,0.5,28,4891578.256313011,1741621.6534255089
6,14,1.0976061403810977,1.357200837975947,1.3183270598064876,1.1255335445363366,1.0564988430057516,0.04960304119788025,1.0,1.0,1.0,0.5,0.5,29,2967314.103567332,543875.3548367302
6,15,1.083647747962654,1.3317701898898482,1.2918361993409875,1.113825526659345,1.0570907494939137,0.03946755340045227,1.0,1.0,1.0,0.5,0.5,31,2437605.271612436,1049191.131061305
6,16,1.0839605594579222,1.3332733702554593,1.2964570931343067,1.128912563720598,1.040208724203502,0.03985477475509303,1.0,1.0,1.0,0.5,0.5,33,2260961.7304033497,996347.8172891848
6,17,1.0803732587435224,1.3182910063893114,1.286464599726013,1.128293276231631,1.0835459239831815,0.040614679430712855,1.0,1.0,1.0,0.5,0.5,34,4994192.613483715,2075957.2747533768
6,18,1.0840083025008278,1.3198462318064543,1.2878332183335273,1.1334181139634478,1.0511849346947502,0.04486306177270741,1.0,1.0,1.0,0.5,0.5,35,5038217.83708621,2000800.1686210204
6,19,1.0759565588744242,1.31165544338529,1.279629928405095,1.1354050463006942,1.0369587087806367,0.03685234855558606,1.0,1.0,1.0,0.5,0.5,39,5178661.931687292,1930330.1093976025
6,20,1.0750480339755155,1.3089349162563195,1.2797614151886159,1.1383313709686584,1.0463544419560353,0.03685251500238728,1.0,1.0,1.0,0.5,0.5,40,5150974.225095346,2001080.4707830085
6,21,1.074971181491182,1.3088585970203508,1.279685061538824,1.14341986858934,1.0367860781627802,0.036776558090772835,1.0,1.0,1.0,0.5,0.5,41,5157741.988211607,1993106.5702282437
6,22,1.0761728999262998,1.3084159800030304,1.2760835883312904,1.1439826824532198,1.0383663076901128,0.03804012645743281,1.0,1.0,1.0,0.5,0.5,43,5009287.42471717,1948021.726074322
6,23,1.0880357484276593,1.3190254326486257,1.298631698431639,1.182970445401741,1.0571652675817487,0.05187245423373682,1.0,1.0,1.0,0.5,0.5,47,11023350.758493356,885738.6262672498
6,24,1.0826693463231076,1.3104755380485893,1.2867917066881271,1.179375593915084,1.04921194693783,0.04692261441714269,1.0,1.0,1.0,0.5,0.5,49,10483401.062801572,812767.8542223248
6,25,1.0830213735921337,1.3099085214020114,1.2891570728249422,1.1924925361240835,1.0550482052041574,0.0479168534128609,1.0,1.0,1.0,0.5,0.5,50,10771938.585036876,804953.4390336787
6,26,1.0771990458777196,1.3041513303948746,1.286421743343138,1.2252473376484876,1.0429509302169413,0.0424237968599441,1.0,1.0,1.0,0.5,0.5,57,5212953.041162484,2082190.3711998684
6,27,1.0713601705976388,1.2954478701570964,1.2774681334908426,1.2394078875604624,1.0383781728573362,0.03732727556833822,1.0,1.0,1.0,0.5,0.5,65,5304378.4640197735,1722626.3852427157
6,28,1.0777778351008278,1.3024539597779192,1.2905547424306762,1.2559471331218905,1.0512505828384646,0.04434640886591261,1.0,1.0,1.0,0.5,0.5,66,5287384.633138347,2109924.73054239
6,29,1.17978690057293,1.404616630943918,1.3987668769851134,1.4027634376663434,1.1476786578789007,0.1469627101233839,1.0,1.0,1.0,0.5,0.5,76,3456058.1051339163,647215.5665192287
6,30,1.1859131359557034,1.4066109390367334,1.4034231843168612,1.4128624991684526,1.1622644446177581,0.15441760855851613,1.0,1.0,1.0,0.5,0.5,78,3580717.5559179555,670916.9017005452
6,31,1.1858705895189758,1.4078663929240753,1.407806347700784,1.4284600853625693,1.1546734666585339,0.15441760855851613,1.0,1.0,1.0,0.5,0.5,80,3582188.578243016,671489.1544185895
6,32,1.082185967367157,1.2921764569137872,1.2971312086691056,1.3057193076578897,1.0961374381545634,0.05410725441143033,1.0,1.0,1.0,0.5,0.5,81,3681190.997630015,541013.1113652786
6,33,1.0821785127116574,1.292159829631174,1.297113831948515,1.314718697077792,1.0541151822174044,0.05410185918379775,1.0,1.0,1.0,0.5,0.5,83,3681859.976703092,541250.0931727987
6,34,1.1273888435335144,1.3192502405663529,1.3196725726170278,1.3620714501895965,1.1482520495691326,0.10270201773107797,1.0,1.0,1.0,0.5,0.5,84,3002358.6858882783,362135.33346761024
6,35,1.1271545610543205,1.3140167271900833,1.3140255765784201,1.3650821903691783,1.1102728041317127,0.10343417484689561,1.0,1.0,1.0,0.5,0.5,86,3008427.845446775,371531.52186326176
6,36,1.1271652129194458,1.313804364179811,1.3137948809600468,1.3649715744623292,1.1040862940583522,0.10348667093955152,1.0,1.0,1.0,0.5,0.5,87,3010610.4727330203,373178.5885067671
6,37,1.1264196710270309,1.311917688904256,1.3178571982196665,1.375031365591859,1.1090680920131053,0.10350908268633544,1.0,1.0,1.0,0.5,0.5,89,3147194.6355272885,375387.3131992039
6,38,1.1209840198624288,1.3099063025564215,1.3282127419316563,1.406736228514541,1.1019336550286174,0.09853569474282424,1.0,1.0,1.0,0.5,0.5,91,3162551.604539813,371579.32282742485
6,39,1.1283297289664125,1.3095113678031138,1.3150959989612225,1.3776141720153012,1.108747552808072,0.10622168006148888,1.0,1.0,1.0,0.5,0.5,93,3126518.50243617,470384.6631321077
6,40,1.110775575355651,1.2899668108041982,1.3014336032978333,1.3867046688813223,1.0921783617942606,0.08954129708261252,1.0,1.0,1.0,0.5,0.5,98,3228276.457715802,454214.1580808184
6,41,1.1069736921969722,1.2841789705988438,1.2924603916379325,1.3846288493540024,1.0874577622554116,0.08584406840105685,1.0,1.0,1.0,0.5,0.5,99,3178759.5453271265,462745.9078512233
6,42,1.1091496661665605,1.281684395969682,1.2926097828440224,1.3937174805865218,1.1053485373903584,0.0890709576492438,1.0,1.0,1.0,0.5,0.5,100,3302995.9127940163,524288.6945589482
6,43,1.0860471823820388,1.2495125394824729,1.2808756260152836,1.4255597832217561,1.0738206529948822,0.06910472168234699,1.0,1.0,1.0,0.5,0.5,111,5829950.071327009,1984922.4191673575
6,44,1.084240665265595,1.2427328413692849,1.276724270196724,1.4568926266708504,1.0739135858180797,0.06827112854611865,1.0,1.0,1.0,0.5,0.5,114,6100798.256742265,2044744.2964078612
6,45,1.1586999801104234,1.3007620058786844,1.3243732819836465,1.5037726047533433,1.1601664568158463,0.14445093157972771,1.0,1.0,1.0,0.5,0.5,116,6339914.537835325,2068387.3966063804
6,46,1.0779927859910945,1.219819360010753,1.2494648038740617,1.4546149120732985,1.0655570597151163,0.0641872815515879,1.0,1.0,1.0,0.5,0.5,122,5907569.050424507,1916166.744685677
6,47,1.0802931879829405,1.2156613526181697,1.244798865217382,1.4499883617008438,1.0840135046216437,0.0673569218985719,1.0,1.0,1.0,0.5,0.5,123,6051610.93372057,2054309.8483389409
6,48,1.079912923188836,1.2143812284844904,1.2464753640698083,1.4724953363809608,1.0694247181454997,0.06729094667585425,1.0,1.0,1.0,0.5,0.5,126,5894282.004820968,2023579.582100967
6,49,1.0780804658639256,1.2040911190155432,1.2355237540226214,1.4548211174744337,1.0882622595343978,0.06654264907505848,1.0,1.0,1.0,0.5,0.5,127,6176193.498139188,2109730.098278155
6,50,1.0766112347863155,1.1975048953952492,1.2285389457364693,1.4636192212119639,1.0722827775926267,0.06570759992915878,1.0,1.0,1.0,0.5,0.5,129,6188865.983611197,2120984.363281524
6,51,1.074711788918018,1.1954223053278956,1.229469793641452,1.4714148333874282,1.066132063915291,0.06401124762339443,1.0,1.0,1.0,0.5,0.5,131,6088521.622653916,2071791.82225521
6,52,1.0754706899578461,1.1900278061855327,1.2235977127029802,1.4793174727763971,1.081295805711459,0.06550707072506565,1.0,1.0,1.0,0.5,0.5,132,6208890.469773937,2140392.7922008717
6,53,1.0761073307986209,1.1919007227012774,1.228595089546646,1.4798064699665077,1.0667721388721532,0.0661712731951618,1.0,1.0,1.0,0.5,0.5,133,6228738.135744544,2138228.162239887
6,54,1.056329402457821,1.1542564497885772,1.189573079589908,1.4665271068857917,1.0635381797684544,0.04840411435448736,1.0,1.0,1.0,0.5,0.5,136,5840038.890071338,2014642.2079699957
6,55,1.0562463166955949,1.1556129605507395,1.1940694944853651,1.4797746360031843,1.048400336635845,0.04832582067397328,1.0,1.0,1.0,0.5,0.5,138,5846440.464995172,2012866.2470912288
6,56,1.057027541401864,1.154120173718765,1.1924022343189633,1.4792558606390833,1.0550579413987544,0.049350825779412376,1.0,1.0,1.0,0.5,0.5,139,6051393.801687479,2108879.60543806
6,57,1.072502042522307,1.168280927118841,1.2094916662879385,1.4983331001684708,1.0686496853013892,0.06512102396089449,1.0,1.0,1.0,0.5,0.5,141,5341580.677245212,1580654.70716408
6,58,1.0698943931138567,1.1632197785169112,1.2042425658834195,1.4891076491867066,1.069005249818203,0.06276969920411003,1.0,1.0,1.0,0.5,0.5,142,5775799.87530436,1952817.7314194937
6,59,1.073254401032142,1.1667449936646208,1.2138403881922146,1.5204100082616758,1.0687578132531972,0.0664188292809599,1.0,1.0,1.0,0.5,0.5,145,5342554.224885202,1588331.7512565048
6,60,1.0758769020811974,1.1663010287390012,1.2101321474032778,1.5168509437780446,1.0732775334543816,0.0692028120270077,1.0,1.0,1.0,0.5,0.5,146,5810445.087472008,2010941.3279191677
6,61,1.0758162250986043,1.1656496971582118,1.2124659930500639,1.5311557278219694,1.0745068210102056,0.06935221726902507,1.0,1.0,1.0,0.5,0.5,147,5395153.919258757,1642069.8756070624
6,62,1.0755947318503754,1.1626898600708735,1.206266909861633,1.5267842923077029,1.0708275770486408,0.06925655420172626,1.0,1.0,1.0,0.5,0.5,149,5382988.595024385,1634059.6422547493
6,63,1.0753982097124117,1.1649488564654105,1.2147735880143782,1.5502873857508788,1.0697556122237044,0.06911116618171764,1.0,1.0,1.0,0.5,0.5,151,5383989.509015621,1641075.4922246505
6,64,1.0752922777407194,1.162057834231606,1.2086402024584029,1.5494320176541176,1.0707690648281427,0.06913468105318801,1.0,1.0,1.0,0.5,0.5,153,5388725.290300509,1621218.2007958328
6,65,1.0743858674867046,1.1583971055514244,1.204769765275901,1.5578386834426143,1.075426227857325,0.06849972305502412,1.0,1.0,1.0,0.5,0.5,154,5548936.14050371,1824478.882436679
6,66,1.0818082198082215,1.1423126736586735,1.1899362091320485,1.5869063407860389,1.085157715819331,0.0782298144267576,1.0,1.0,1.0,0.5,0.5,163,5464669.948938665,1770872.220405057
6,67,1.0824276701455753,1.1432543412574863,1.1939337919386743,1.6084092165630346,1.0796823024188207,0.07895010184514739,1.0,1.0,1.0,0.5,0.5,167,5458332.702389154,1804010.5632304407
6,68,1.0823590653377146,1.1429216224524525,1.1935811967157741,1.6070686773494005,1.0792353895516071,0.07890434392864903,1.0,1.0,1.0,0.5,0.5,169,5457815.650928279,1801137.6524737792
6,69,1.0746719457015648,1.1294012812457614,1.1826540180896206,1.6248114152997315,1.0899948325273516,0.07183917341658441,1.0,1.0,1.0,0.5,0.5,170,5437714.70536477,1803271.071180274
6,70,1.069888197725297,1.122832992589109,1.175951723958427,1.6068829972878418,1.0694100250500693,0.06720388518964855,1.0,1.0,1.0,0.5,0.5,172,5461712.147592828,1868223.941201616
6,71,1.0701060978176982,1.1346006795828931,1.2189063941858667,1.6528624585235097,1.0679984123522717,0.0676924150368384,1.0,1.0,1.0,0.5,0.5,199,5877517.192896152,2114418.349903099
7,0,0.9274333377939711,0.98126167137326,0.9799628176980137,0.40391020152510543,0.0,0.0,0.0,0.0,1.0,0.5,0.5,1,4204609.998098188,10045868.171857877
7,1,1.0171633621170733,1.0710366233168698,1.069736572823945,0.4966951938040954,0.08980953171907216,0.08969753146255652,9.079178885627e-05,9.593371642053e-05,1.0,0.5,0.5,3,4204636.716858744,10045343.45942296
7,2,1.030857215587215,1.0847748692549848,1.0834736668781941,0.5124423240830028,0.10356405720143205,0.1031719937386961,0.0003631671554251,0.00038373486568208,1.0,0.5,0.5,5,4204665.220480234,10044820.850531152
7,3,2.838265437896571,2.9578181986827334,2.9579346445265604,2.4028148523993265,2.0573232649820863,1.0,1.0,1.0,1.0,0.5,0.5,6,3827244.577670698,9287253.427242896
7,4,1.865839203991261,2.042223286234722,2.040541394586036,1.4972058593408293,1.1692631451255904,0.11034787363786377,1.0,1.0,1.0,0.5,0.5,7,5468027.322718212,8578139.814645844
7,5,1.8657372158147398,2.042191638337553,2.0405073396796656,1.5000560540323842,1.1104277875669748,0.11034992190563611,1.0,1.0,1.0,0.5,0.5,8,5468338.042354841,8576574.65426598
7,6,1.5361231445346029,1.849114621246857,1.838495271794799,1.3502636079138486,1.1980194716822183,0.0023144163162022403,1.0,1.0,1.0,0.5,0.5,9,4120721.428991218,6323861.102782131
7,7,1.3024122862736771,1.7072504072428623,1.686886352030927,1.2660991118998894,1.3183940000334453,0.00103205174614834,1.0,1.0,1.0,0.5,0.5,10,1099314.3252515483,1989140.4664229292
7,8,1.1471141372877718,1.5387478252735478,1.5097183401866654,1.171651002468454,1.3903256669137791,0.00139834386839603,1.0,1.0,1.0,0.5,0.5,11,816997.6049985338,979311.364976706
7,9,1.1314429885795583,1.5126114545722429,1.4788106800665206,1.154265024377299,1.0543884012068654,0.00023771555157658,1.0,1.0,1.0,0.5,0.5,12,771361.5901114157,977374.6978324546
7,10,1.1099694346016349,1.4724813351404462,1.435879889723704,1.1441120141437182,1.0925237240198555,0.0005089355604525399,1.0,1.0,1.0,0.5,0.5,13,559188.9502305017,616022.4785341049
7,11,0.7003977773695491,1.0637582981763185,1.0302047602341273,0.7408814371412848,0.5933897122044133,0.00019429227202352,1.0,0.18297089057703492,1.0,0.5,0.5,15,588670.5401956729,677934.4170695685
7,12,1.0972962383895042,1.4490199358030351,1.416890510004957,1.136121019479024,1.056827344593331,0.00025948365122699,1.0,1.0,1.0,0.5,0.5,16,395681.19026213937,418415.8081612089
7,13,1.0960896353015792,1.4464883387291723,1.414192828735839,1.120487408924551,1.0028614099974522,0.00012393753176288,1.0,1.0,1.0,0.5,0.5,18,405331.64323426713,475602.9174999106
7,14,1.0950325893352295,1.4436020419545141,1.4110775588236786,1.1258915586927543,1.0081610031172845,0.00054058957009372,1.0,1.0,1.0,0.5,0.5,19,405977.22835687245,514737.7352267097
7,15,1.0942403418538076,1.442230097714948,1.4125944734480536,1.130819973344637,1.0055888889080133,0.00136106999785954,1.0,1.0,1.0,0.5,0.5,21,415738.0737275943,641014.613056233
7,16,1.1063322700670755,1.4226441847779123,1.3894053183610273,1.1419007492683737,1.1523205202266895,0.03375493356466922,1.0,1.0,1.0,0.5,0.5,22,797506.3004232794,328251.8044194465
7,17,1.2042917198431242,1.508739320773901,1.4742529229976884,1.2425239270409085,1.158436864952065,0.13784672023432754,1.0,1.0,1.0,0.5,0.5,24,1127698.4165122078,317530.22572400875
7,18,1.1109489599221878,1.4135422785098977,1.3848476341540457,1.166904152502203,1.0522726815719257,0.04682075593600339,1.0,1.0,1.0,0.5,0.5,27,1235012.9285389974,342426.54861126054
7,19,1.110937183278084,1.4135077583240236,1.3848108207204288,1.1746292317882812,1.0468574961070995,0.04681956959071691,1.0,1.0,1.0,0.5,0.5,29,1235141.703745394,342418.65585185745
7,20,1.0869920400130964,1.389762919558873,1.3640790672278151,1.1575305848224564,1.0277682671913708,0.02347220064213583,1.0,1.0,1.0,0.5,0.5,30,1264362.023255564,375325.6919737247
7,21,1.0869712479797138,1.3911803324325471,1.3686352084570845,1.1730265071193882,1.0235472679589863,0.02347220064213583,1.0,1.0,1.0,0.5,0.5,32,1263863.119038249,374662.07163348113
7,22,1.0629395738309235,1.3599450697373805,1.3306868978842918,1.126764244663313,1.0083396707196064,0.00135374334763102,1.0,1.0,1.0,0.5,0.5,34,213957.07696497216,633737.3982464283
7,23,1.0596610305602456,1.350786473825177,1.323939375410837,1.1331117795675847,1.0061121784427849,0.0012775320224392799,1.0,1.0,1.0,0.5,0.5,39,273050.06244650355,405662.1047695855
7,24,1.0591556163301612,1.3480254128777043,1.3209568194779304,1.1366619091918428,1.0089906361453216,0.0017114472304009,1.0,1.0,1.0,0.5,0.5,40,263178.19815068407,1032451.9215519974
7,25,1.057439636166805,1.3402272601581837,1.3095669227615274,1.12757424847024,1.009265848485918,0.00186631408581601,1.0,1.0,1.0,0.5,0.5,42,292291.2593913374,437452.2857215802
7,26,1.0498359229524792,1.313799820400677,1.28435346030609,1.1183358316146697,1.0336090893472152,0.00178891298831785,1.0,1.0,1.0,0.5,0.5,44,250479.28716421477,1218348.5752317894
7,27,1.04983524817226,1.3152813646850465,1.2889781578924144,1.1262077111645339,1.0017919377248563,0.00178891298831785,1.0,1.0,1.0,0.5,0.5,46,250475.62585277425,1218463.817567543
7,28,1.0493406877287048,1.3126286697892984,1.2861251521543793,1.124545113093116,1.008648935916926,0.00203046503400856,1.0,1.0,1.0,0.5,0.5,47,251653.6703869865,1228026.2023288205
7,29,1.0494357774373881,1.3126990021216527,1.2861931118913552,1.1246292766946469,1.0022104314216007,0.0021341312069504603,1.0,1.0,1.0,0.5,0.5,48,244285.9383787527,1207888.25346823
7,30,1.049283574242239,1.3124025798685626,1.2858831423424575,1.1244064097185507,1.002470290306296,0.0020304655103005097,1.0,1.0,1.0,0.5,0.5,49,248360.73643811204,1223290.8404666588
7,31,1.0484253942505402,1.308642151595269,1.2818543771679725,1.1221413445596338,1.0110008939403405,0.0021436469078788202,1.0,1.0,1.0,0.5,0.5,50,252097.5877966297,663834.0585352421
7,32,1.047340007641742,1.3063124332179417,1.282416399686614,1.1576095867304996,1.0036097769169434,0.00195345384216856,1.0,1.0,1.0,0.5,0.5,55,270984.14875105454,646614.9279040731
7,33,1.04652298505593,1.3012783208530947,1.2769964345399492,1.160184490037067,1.008853267456285,0.00248717982848499,1.0,1.0,1.0,0.5,0.5,57,283488.51066453685,685256.9569175098
7,34,1.0462399345921505,1.3007457649313627,1.2764411105437685,1.1625095902173084,1.0030334622419068,0.00228288977166838,1.0,1.0,1.0,0.5,0.5,58,266694.094733791,837965.3153239493
7,35,1.0455021137121423,1.3014711920771012,1.2863248722790672,1.2067114287499472,1.0030755099840083,0.00247751173848743,1.0,1.0,1.0,0.5,0.5,73,283259.19198653713,397601.6715183653
7,36,1.091903951967344,1.3607172349794618,1.3918734110499065,1.4722467709758784,1.052478463056592,0.051700576030304035,1.0,1.0,1.0,0.5,0.5,109,857550.5712952068,12595173.678136388
7,37,1.090789473239499,1.3628862271517952,1.4033670629038175,1.4930586394859893,1.0527465030429082,0.05094017579883979,1.0,1.0,1.0,0.5,0.5,111,765189.6693719905,12275526.637809336
7,38,1.1188969842119207,1.3829362223593962,1.4196889283784835,1.5074487784776716,1.1002481932282506,0.08090626393249259,1.0,1.0,1.0,0.5,0.5,112,843492.8256328357,558868.3040552168
7,39,1.0940002889855105,1.35123791637896,1.384379878556579,1.4788931079718028,1.0604905318240658,0.05743453241442155,1.0,1.0,1.0,0.5,0.5,117,441186.5095411443,375069.47384098993
7,40,1.09042075771475,1.3506697431530104,1.3901013481169666,1.4954059676573423,1.0538857409102491,0.05385979169722734,1.0,1.0,1.0,0.5,0.5,119,916580.0297384585,20464235.8865266
7,41,1.0953863938611872,1.3506957903734578,1.380655569103676,1.4937365823710662,1.060189230446736,0.0589402636589207,1.0,1.0,1.0,0.5,0.5,120,478634.28781130415,426077.6173777841
7,42,1.0924578301941894,1.3559961040373483,1.404753846518858,1.5492120970436574,1.0570374499324937,0.0562328467703898,1.0,1.0,1.0,0.5,0.5,123,923899.2503198588,18435033.184130512
7,43,1.0960981848125881,1.35570024060566,1.4041150978959205,1.571434928526363,1.066467921901654,0.0608845223954553,1.0,1.0,1.0,0.5,0.5,125,891719.6519959817,17417722.11879972
7,44,1.0973536118952445,1.3558436331441757,1.4041615392481401,1.5830675293056824,1.0640377110053623,0.06242793623864305,1.0,1.0,1.0,0.5,0.5,127,892218.4608411079,16844733.145580832
7,45,1.0997838487861253,1.3584204476613257,1.4097662471666825,1.6055994604636608,1.0670359629978041,0.0651869999059613,1.0,1.0,1.0,0.5,0.5,129,941007.983050786,17524794.601158652
7,46,1.1024779497145956,1.3606752046379142,1.4119822416422778,1.60149150717108,1.0686844196283718,0.06800191033416039,1.0,1.0,1.0,0.5,0.5,131,947204.1251770004,16502828.1970349
7,47,1.1010516909711972,1.3581916695585203,1.4094032093187288,1.6160077009537348,1.0705254755386238,0.06689557012512327,1.0,1.0,1.0,0.5,0.5,132,600372.4091993487,17324594.791139614
7,48,1.0906820611551034,1.3018347432647746,1.3551898059137715,1.5654305875091223,1.1365528272971268,0.06734276911154467,1.0,1.0,1.0,0.5,0.5,134,870991.9773207556,26623516.84505011
7,49,1.082126669785492,1.2909369502295962,1.347125869105956,1.5801575186083276,1.060756137040098,0.059426180862816,1.0,1.0,1.0,0.5,0.5,141,566965.813236259,31926302.88557067
7,50,1.069257251323776,1.2757407653233912,1.3287247622794476,1.576703103196544,1.0472342638742893,0.046599959557506246,1.0,1.0,1.0,0.5,0.5,142,916474.9353412698,10417052.876853485
7,51,1.0859940389978167,1.27031635624971,1.3275435507160656,1.5796980007816355,1.135495572060582,0.06768718580581186,1.0,1.0,1.0,0.5,0.5,143,777931.4654403884,31472357.469324674
7,52,1.085994038998149,1.273284517382557,1.3367986589416176,1.61417650635771,1.067687249579741,0.067687185828961,1.0,1.0,1.0,0.5,0.5,147,777931.4645233051,31472357.53364442
7,53,1.08689682647358,1.2726963798197477,1.336090296430705,1.6154200252325004,1.0728744569684603,0.06883349494976053,1.0,1.0,1.0,0.5,0.5,148,759489.7353993739,31343378.38492198
7,54,1.0895252921912006,1.2720572248433588,1.332164860328372,1.6178870005274408,1.0763437019883972,0.07173750983320284,1.0,1.0,1.0,0.5,0.5,149,807226.5014101213,33514437.45869704
7,55,1.0858984185222655,1.2701532522869936,1.3364466020950605,1.6367903390236216,1.0695150851502027,0.06832300704413122,1.0,1.0,1.0,0.5,0.5,152,746325.5094108732,36584338.31752642
7,56,1.440603431120984,1.6175019708644376,1.6711095687427504,1.9560925507577822,1.4266547341045952,0.42323017397477464,1.0,1.0,1.0,0.5,0.5,153,729044.6611152944,495780.0554036253
7,57,1.1402756715787683,1.314888491371395,1.383439276476421,1.6945421345850291,1.1495860225013412,0.12435551949283748,1.0,1.0,1.0,0.5,0.5,154,713309.5875971962,32289695.765679765
7,58,1.0852177752035057,1.2656743708897227,1.3498183030256277,1.7412188326706106,1.0697218512123312,0.06951087854672319,1.0,1.0,1.0,0.5,0.5,172,754939.9893294625,31810959.777084757
7,59,1.0853212629420739,1.2632232760306226,1.3441385173170464,1.7187381048862695,1.0725769479306735,0.06977105683018547,1.0,1.0,1.0,0.5,0.5,173,760495.8277972061,31833486.10020772
7,60,1.0853049472901464,1.2785722155245938,1.3939883883188169,1.888282812719858,1.0699916956848612,0.06989693858197354,1.0,1.0,1.0,0.5,0.5,200,734179.0978805505,32086236.13018158
8,0,0.8544622916480346,0.9609073761267382,0.9581976025905415,0.3914100073665013,0.0,0.0,0.0,0.0,1.0,0.5,0.5,1,7532432.642140232,10072634.812527826
8,1,0.9610066375491453,1.067486575915296,1.0647759019119845,0.5009986883460151,0.10660999388344773,0.10649511519783353,8.934017595304999e-05,0.00010781495383238,1.0,0.5,0.5,3,7531925.926989316,10072110.120302685
8,2,1.3561787205779197,1.465648034261766,1.466037699852834,0.912646034442131,0.5052993321245219,0.14321561690697648,0.32110052057417765,0.40024446347100734,1.0,0.5,0.5,4,7518471.831345698,10022515.027324185
8,3,1.0017413859499276,1.111417029318275,1.1118007051132397,0.5615600206521423,0.14993579259150458,0.10039013081670674,0.04280745949072193,0.0558960546457916,1.0,0.5,0.5,5,7513047.312998125,10018028.036979994
8,4,1.3017652880301327,1.4143616004097195,1.4178479798328743,0.8689344210162941,0.45314575574035015,0.10428400398669728,0.3261200006327155,0.3688993749291525,1.0,0.5,0.5,6,7473799.741683915,9983174.783829777
8,5,1.8949623675681146,2.0433672189623397,2.0425980528964964,1.4950524253308792,1.1350710776519009,0.0983242146847384,1.0,1.0,1.0,0.5,0.5,7,6965312.539599932,9241269.761998096
8,6,1.5649498365392884,1.8747292806127762,1.8672800499605644,1.3665994185812698,1.2465561098036464,0.02605585877084955,1.0,1.0,1.0,0.5,0.5,8,4423505.458566061,5877233.363617119
8,7,1.4360698154685965,1.8246375670695363,1.8140846886377786,1.3644562770832578,1.16834383736765,0.06460389989054291,1.0,1.0,1.0,0.5,0.5,10,2271611.704825574,4100360.951091757
8,8,1.3355247834435053,1.748822715933373,1.7330144388888111,1.3192883842932908,1.151336878293503,0.0646061445217789,1.0,1.0,1.0,0.5,0.5,12,1351812.5697839842,2798410.9053005558
8,9,2.0931892261307166,2.4416494743760593,2.4120677438372673,2.106047384737466,2.5567350005775307,1.0,1.0,1.0,1.0,0.5,0.5,13,819905.0792196547,455390.7990993899
8,10,2.0930022656249223,2.4412262795303405,2.411615065576853,2.125657158476228,2.0004926857939846,1.0,1.0,1.0,1.0,0.5,0.5,15,846819.202794681,452310.7647470045
8,11,2.092950838082161,2.4440013217592442,2.4206634731888306,2.147764144767935,2.000135667478478,1.0,1.0,1.0,1.0,0.5,0.5,17,911503.370638499,447209.5674917228
8,12,2.0916058554034405,2.436287798582442,2.4032938790440515,2.1176703471705203,2.003570905477649,1.0,1.0,1.0,1.0,0.5,0.5,19,828964.7836072366,373034.2303036295
8,13,2.084338111013097,2.42019153914661,2.389122391347299,2.123954422285985,2.040195305979412,1.0,1.0,1.0,1.0,0.5,0.5,20,522384.5380881195,1056881.6444398127
8,14,2.0789371311348583,2.406287342053756,2.3742544694539376,2.1245798965794185,2.031790390860513,1.0,1.0,1.0,1.0,0.5,0.5,21,415844.6566345399,891569.248560361
8,15,2.07675666740865,2.4019343772622626,2.3726399831148233,2.1185272641341273,2.013346473137811,1.0,1.0,1.0,1.0,0.5,0.5,22,1036518.9428583054,1288565.2553931903
8,16,2.060288117007009,2.3513890428767397,2.315550787644303,2.0908671552206517,2.112178648140902,1.0,1.0,1.0,1.0,0.5,0.5,23,1653424.5302237114,1547516.2499952177
8,17,2.052967940764722,2.3261006145745697,2.288509589558486,2.084741156231821,2.057820692085288,1.0,1.0,1.0,1.0,0.5,0.5,24,1542800.244733444,721579.8117377529
8,18,2.051938555073775,2.322332078966419,2.28447952315245,2.087478871206039,2.0043072399911797,1.0,1.0,1.0,1.0,0.5,0.5,26,538832.9292645563,1826100.1493876392
8,19,2.0513098847785365,2.3214871385723983,2.28661635497593,2.08803837751043,2.0053252027311625,1.0,1.0,1.0,1.0,0.5,0.5,27,1376540.5815815998,867426.770191221
8,20,2.05059051169379,2.31582763215962,2.27448370477284,2.070569554479279,2.0061541594461287,1.0,1.0,1.0,1.0,0.5,0.5,28,611869.4424388583,1824326.8455880303
8,21,2.048706003805127,2.310121748229502,2.2714228697341934,2.0780042982576563,2.004109873386671,1.0,1.0,1.0,1.0,0.5,0.5,32,1495727.4548972216,568966.3573591142
8,22,2.048366054039671,2.3088028875801734,2.2700126242088046,2.0916260082869513,2.0015079170190697,1.0,1.0,1.0,1.0,0.5,0.5,34,1442844.0795192511,597739.2873570222
8,23,2.048244772572499,2.308330416622282,2.2695074178137027,2.0985515626362017,2.0010798109318184,1.0,1.0,1.0,1.0,0.5,0.5,35,1412396.4831125075,724336.7623872631
8,24,2.04811432570102,2.3078217132289693,2.2689634897724864,2.1030497554342187,2.0005817761235027,1.0,1.0,1.0,1.0,0.5,0.5,37,1365162.6741190704,761338.1616380955
8,25,2.048027120524973,2.314925444517634,2.2917620491368167,2.156693602123496,2.0003894720312445,1.0,1.0,1.0,1.0,0.5,0.5,39,1134376.9463052135,506501.4263888249
8,26,1.9840231084666582,2.2509056799840432,2.2337525324032574,2.1078717393468476,1.9460862545274276,0.9370038017670559,1.0,1.0,1.0,0.5,0.5,40,1093277.7005853287,1802198.078461116
8,27,2.0468136758658075,2.3116007562433922,2.2912474003730923,2.175578575552543,2.000467631000402,1.0,1.0,1.0,1.0,0.5,0.5,44,1191514.5937497392,535697.1129712799
8,28,2.041449270411638,2.290743554793225,2.2719851270792057,2.184390203944528,2.0255351142040507,1.0,1.0,1.0,1.0,0.5,0.5,46,1165910.1369791585,461679.81845142925
8,29,2.041043005110183,2.2889685277819445,2.2700870522908856,2.186564974969171,2.004057626993575,1.0,1.0,1.0,1.0,0.5,0.5,47,1163469.9197348177,463078.5703809233
8,30,2.0395949746052136,2.2810560885346804,2.258585533180404,2.1677370292409988,2.014698816597633,1.0,1.0,1.0,1.0,0.5,0.5,48,1135603.5155182374,424859.2406902521
8,31,2.007445126776084,2.2468217001654724,2.2271772686158826,2.148176610366552,1.9793268516493454,0.9688591369670471,1.0,1.0,1.0,0.5,0.5,49,1185829.0811017645,495631.8451691665
8,32,2.0383052072016143,2.276673413146142,2.2569395458300034,2.1785253416286094,2.001473493054509,1.0,1.0,1.0,1.0,0.5,0.5,51,1169058.9821366472,478284.1353276853
8,33,2.0358386702954037,2.2650623668910903,2.2445237832635208,2.1713965618502593,2.026553173071491,1.0,1.0,1.0,1.0,0.5,0.5,52,1113274.0364006264,426482.6290897019
8,34,2.0349969312647795,2.2594887313502596,2.235523142928102,2.1681459346674394,2.0093480618743476,1.0,1.0,1.0,1.0,0.5,0.5,53,1123581.9412489766,427516.16704957234
8,35,2.0343246058922135,2.259141624618925,2.2412326813867107,2.1757881008009443,2.0075766566267785,1.0,1.0,1.0,1.0,0.5,0.5,54,1114622.9693551052,426924.10816911625
8,36,1.980387806100525,2.198704056666455,2.171187470271743,2.108385007135254,1.9495139690894443,0.9465781185181209,1.0,1.0,1.0,0.5,0.5,56,1157601.2264346802,776160.5238829204
8,37,2.031745938351632,2.24156345857437,2.2133146919288382,2.1580491555767884,2.0241453686041613,1.0,1.0,1.0,1.0,0.5,0.5,57,1137683.2975071885,541786.8705489483
8,38,2.0312323628541447,2.243316021475689,2.2243102111678628,2.1914236170882946,2.0030838483938256,1.0,1.0,1.0,1.0,0.5,0.5,59,1153859.7877007918,503532.1252328585
8,39,1.98846226913967,2.1993929652955644,2.180288649471686,2.152601227653615,1.9607489373532965,0.9574983422614457,1.0,1.0,1.0,0.5,0.5,60,1174403.381068276,493007.7339791654
8,40,1.9883999250862008,2.199318874303761,2.180213578665132,2.15808239843883,1.9574554418882963,0.9574387442438107,1.0,1.0,1.0,0.5,0.5,62,1174402.0989127688,493123.2938082833
8,41,2.030716895231052,2.2435468220893218,2.230638185097403,2.2104947973167226,2.002974541973212,1.0,1.0,1.0,1.0,0.5,0.5,63,1229771.0220846653,589130.8521116115
8,42,2.047158203339163,2.3144493503162007,2.2973340781431384,2.251058490681986,2.0026012066467254,1.0,1.0,1.0,1.0,0.5,0.5,67,1188675.0099561014,401835.7053767806
8,43,2.0291535147878736,2.2291234141968825,2.2030529796227336,2.1986172460595954,2.0100556552577364,1.0,1.0,1.0,1.0,0.5,0.5,68,1096745.8638055092,411286.8338417481
8,44,2.0291416242128184,2.2290581958131246,2.202983153703511,2.2070288972367265,2.0000737556604014,1.0,1.0,1.0,1.0,0.5,0.5,70,1096444.1741139106,411046.21805583214
8,45,2.0284091521447616,2.226464678085681,2.2032505552350794,2.2198859438213203,2.0046998225733548,1.0,1.0,1.0,1.0,0.5,0.5,72,929723.4558098036,344097.0376010523
8,46,2.028188497703841,2.2281911536334973,2.211177622062451,2.2259369170616154,2.001287739201962,1.0,1.0,1.0,1.0,0.5,0.5,74,941457.9809497528,352154.90140583576
8,47,2.0275134774384034,2.224355588019818,2.2070761427844827,2.232271548658574,2.008758024282624,1.0,1.0,1.0,1.0,0.5,0.5,75,928550.318894166,308975.2193530504
8,48,2.027303193291022,2.220180162161888,2.1965306039862664,2.2360298148984388,2.0007040920459493,1.0,1.0,1.0,1.0,0.5,0.5,79,936573.3745191984,306778.46366384905
8,49,2.027145410679613,2.2192710903571724,2.1955583574087285,2.238329716140899,2.002174711133682,1.0,1.0,1.0,1.0,0.5,0.5,80,919488.4916432722,332355.66854858625
8,50,2.0267052754905226,2.2182015088635407,2.19745500393961,2.249679241582058,2.000959348457049,1.0,1.0,1.0,1.0,0.5,0.5,86,937157.4534328772,317134.8336998241
8,51,2.026523337884029,2.2215896038997696,2.2101993450646162,2.2957993938404924,2.0003663207739564,1.0,1.0,1.0,1.0,0.5,0.5,93,1027345.342651012,310842.3609855495
8,52,2.025609112713348,2.2176620079001204,2.209040076110252,2.296775693157566,2.0037693263415335,1.0,1.0,1.0,1.0,0.5,0.5,96,930223.7194369674,465850.8659048079
8,53,2.0250413337590096,2.22463022988031,2.2377749494753933,2.323114431112325,2.00170967303918,1.0,1.0,1.0,1.0,0.5,0.5,100,1352954.6314098833,516635.37641060265
8,54,2.025576813397578,2.230825614012967,2.250480648301921,2.355159728642148,2.000090662928348,1.0,1.0,1.0,1.0,0.5,0.5,104,1596027.321895887,1040028.3505791872
8,55,2.023348033259012,2.2141460123668546,2.2265640014060404,2.340972390230484,2.010247651009926,1.0,1.0,1.0,1.0,0.5,0.5,108,1393234.7283389857,434667.6644212341
8,56,1.9459122820661112,2.1265745033741776,2.1321176180300028,2.2759990574685975,1.924892152668602,0.9238848247631261,1.0,1.0,1.0,0.5,0.5,111,1109253.7170942577,331553.37841517106
8,57,1.952089845316985,2.1312849011575907,2.1397298483535954,2.292582677006968,1.9345678482687478,0.9305909050895347,1.0,1.0,1.0,0.5,0.5,113,1035697.68761197,315722.8778926769
8,58,2.0196233474166503,2.187947787611261,2.195509161874731,2.3579259442883327,2.004856177848225,1.0,1.0,1.0,1.0,0.5,0.5,119,1029079.7443459294,415647.85268128366
8,59,2.0189785079459117,2.1848981035218653,2.1952888134910022,2.3766260378132706,2.0034584147352685,1.0,1.0,1.0,1.0,0.5,0.5,122,1001215.332467577,396471.925061964
8,60,2.018451817459988,2.1870673394305276,2.2097705504424816,2.401032358232191,2.0043067616722756,1.0,1.0,1.0,1.0,0.5,0.5,124,1195234.3868489072,467039.6348893346
8,61,2.0184497906925687,2.1870528464563592,2.2097549189582923,2.407340934209623,2.000008324220298,1.0,1.0,1.0,1.0,0.5,0.5,128,1194976.3470900157,466880.9521980802
8,62,2.0174764040138164,2.172522915203782,2.179015089539839,2.4074338697183473,2.002305371648271,1.0,1.0,1.0,1.0,0.5,0.5,135,810024.9221953382,285133.248766909
8,63,2.017145185770159,2.1700565733246666,2.1763778915270215,2.4150299562595836,2.002714329190142,1.0,1.0,1.0,1.0,0.5,0.5,137,913695.2907737785,275409.627803158
8,64,2.0166963950164676,2.1711286910887777,2.1866457136010577,2.4331940035851147,2.001610065460781,1.0,1.0,1.0,1.0,0.5,0.5,142,922210.7749539802,300887.9719943156
8,65,2.016478361444246,2.169470332519553,2.1848723732957116,2.4312056758256935,2.0037939870639434,1.0,1.0,1.0,1.0,0.5,0.5,143,905787.310401426,277727.7710975126
8,66,2.0164717634487497,2.1679358888794686,2.1801913388881973,2.4259447984673495,2.0000525171702837,1.0,1.0,1.0,1.0,0.5,0.5,145,906210.6288296952,277288.8871657872
8,67,1.7002757734310394,1.857965223950417,1.8949179052348388,2.1895191999411336,1.6985833515192423,0.6846430212212449,1.0,1.0,1.0,0.5,0.5,146,1533113.601562971,695159.2690305758
8,68,2.0155408227284246,2.174085257819141,2.21413149648847,2.525045628792677,2.0005100454140194,1.0,1.0,1.0,1.0,0.5,0.5,151,828596.5208768862,664066.7412393721
8,69,2.0138509851211843,2.1619379715198566,2.204182889951971,2.539172363129299,2.015655863626397,1.0,1.0,1.0,1.0,0.5,0.5,153,699551.6429196654,239704.97607358816
8,70,2.012428232358538,2.149862063118352,2.1912698557539336,2.53401112154398,2.01373686069695,1.0,1.0,1.0,1.0,0.5,0.5,155,738459.4448807427,214688.330601201
8,71,2.012257326003791,2.1483721853738356,2.1896765552334925,2.5384107016512774,2.0017034832260743,1.0,1.0,1.0,1.0,0.5,0.5,157,689263.1282977101,222510.1538322145
8,72,2.0122277997093097,2.149597928664132,2.194027582825046,2.557848626623554,2.0005921703291643,1.0,1.0,1.0,1.0,0.5,0.5,158,666685.8113937974,241729.57706429507
8,73,2.011844998917266,2.14622505125078,2.190420836054296,2.5535489723227087,2.0038563845515247,1.0,1.0,1.0,1.0,0.5,0.5,160,647764.5510677613,216837.9871136175
8,74,2.0118449591825485,2.147708769481275,2.195048152112591,2.5721076528846876,2.0000003475285175,1.0,1.0,1.0,1.0,0.5,0.5,162,647758.775271727,216846.25228702743
8,75,2.0118427686379774,2.1491732845209963,2.1996547584380255,2.584121611787534,2.000044485387159,1.0,1.0,1.0,1.0,0.5,0.5,163,647870.3781122484,218169.22070916908
8,76,2.011833748499748,2.1446409691741684,2.185686956121551,2.5577440041728297,2.0001832254872216,1.0,1.0,1.0,1.0,0.5,0.5,164,651083.2560156846,213603.7082152043
8,77,2.0115805080282008,2.151287809452173,2.2110373354429225,2.613669084643313,2.000516106574339,1.0,1.0,1.0,1.0,0.5,0.5,174,685505.284377839,192761.14602788695
9,0,0.861846094535185,0.9630429158704589,0.9604812275396596,0.3927215078924932,0.0,0.0,0.0,0.0,1.0,0.5,0.5,1,7193337.576554958,10066820.46444395
9,1,1.3132549478197248,1.4180468429456188,1.4185689940952957,0.8660802482367335,0.4550271118636283,0.1374569355789684,0.3086425184584073,0.3251934743761546,1.0,0.5,0.5,4,7185950.407100243,10042578.820151502
9,2,1.9941023860782499,2.101079671716709,2.1015401307418164,1.53728228905694,1.14033517310309,0.1382987163543446,1.0,1.0,1.0,0.5,0.5,5,7357337.691219812,10075922.032739878
9,3,1.9525629430450109,2.0661674259552303,2.0664462250321276,1.5188057116275213,1.1090867535217788,0.1060049887007501,1.0,1.0,1.0,0.5,0.5,7,7097511.295947561,10089835.68328694
9,4,2.2269072819576525,2.56686606501694,2.554213597727868,2.0697777853436117,2.0720953006420975,0.7493952919109723,1.0,1.0,1.0,0.5,0.5,8,5491801.534971282,5533076.093919359
9,5,1.4824301858596,1.828675540385821,1.8155530488003437,1.3444290171113478,1.0257400999614992,0.01798711686633271,1.0,1.0,1.0,0.5,0.5,10,5412356.859936206,5368615.988528618
9,6,2.0763362971866517,2.396341538530659,2.35753806504443,2.085306037911375,2.950773595653452,1.0,1.0,1.0,1.0,0.5,0.5,11,1524224.3498105733,364038.40753275045
9,7,2.076332226000173,2.397814387030527,2.36215371700031,2.0981298411380163,2.000012682350518,1.0,1.0,1.0,1.0,0.5,0.5,13,1524242.5682108337,363640.1496350858
9,8,2.076171481971646,2.39737669921064,2.3616855659509772,2.095596458259987,2.0010008745055243,1.0,1.0,1.0,1.0,0.5,0.5,14,1507269.222105184,366714.2132896122
9,9,2.073955589443235,2.3912650120038057,2.355150177302291,2.0918434851603864,2.013974258360075,1.0,1.0,1.0,1.0,0.5,0.5,15,1457976.9469408805,295471.91143352026
9,10,2.0599877814664067,2.3504009843628055,2.3144943532255216,2.081095917003908,2.0484161734045836,1.0,1.0,1.0,1.0,0.5,0.5,17,1253708.692502264,469305.9240476462
9,11,2.05940960886927,2.3499676444351687,2.3170710883401027,2.0751062939715803,2.0021894683686456,1.0,1.0,1.0,1.0,0.5,0.5,19,1284118.5523258825,433958.6367766448
9,12,2.0575030055726056,2.345032062082104,2.3148339611053763,2.0990061386223022,2.0029362997848925,1.0,1.0,1.0,1.0,0.5,0.5,24,1590608.143714317,398580.5609463514
9,13,2.0517566484091265,2.3246288530477637,2.293016535253758,2.0864744948340794,2.023323981442019,1.0,1.0,1.0,1.0,0.5,0.5,26,1468488.6846679335,414257.3166493224
9,14,2.0510252030401595,2.3219114203911797,2.290110824842475,2.090454153486511,2.0062177116082704,1.0,1.0,1.0,1.0,0.5,0.5,27,1448381.8560153232,439025.4088079913
9,15,2.050877377235988,2.321357064129237,2.289518098005438,2.092211950514486,2.001264375823149,1.0,1.0,1.0,1.0,0.5,0.5,28,1445960.8980737508,430425.7132978902
9,16,2.050607348792326,2.3218273611410027,2.2930614460154395,2.094542594803764,2.0023166933174092,1.0,1.0,1.0,1.0,0.5,0.5,29,1438287.8496518694,388184.48583993735
9,17,2.050551272608451,2.3201327701363574,2.2882088620200163,2.0846571323921754,2.000482418464549,1.0,1.0,1.0,1.0,0.5,0.5,30,1420942.953707134,394361.8727841701
9,18,2.0496176559581682,2.3180780287236256,2.2890523273851704,2.101803868543018,2.0040453374881464,1.0,1.0,1.0,1.0,0.5,0.5,32,1412351.0304944976,399939.3948297565
9,19,2.049529823764047,2.319226596926475,2.2933209921310946,2.1009838842512796,2.0003834420825255,1.0,1.0,1.0,1.0,0.5,0.5,34,1419151.5910543115,390349.2410389727
9,20,2.049001267518052,2.3157142246367517,2.2865245497616793,2.0958424005656084,2.004637527980636,1.0,1.0,1.0,1.0,0.5,0.5,35,1455827.5086589071,412940.8096667149
9,21,2.04817005171458,2.313978328655726,2.287708971916491,2.0913411765674894,2.0036844583290896,1.0,1.0,1.0,1.0,0.5,0.5,37,1448601.287691522,422186.8439323653
9,22,2.047598043458687,2.311734453930096,2.2853094994195717,2.1025559446171314,2.0025626051685146,1.0,1.0,1.0,1.0,0.5,0.5,39,1442406.6986417992,377757.2386128574
9,23,2.0468977292266515,2.3089623102960264,2.2823450717580336,2.100853424541371,2.003169117636962,1.0,1.0,1.0,1.0,0.5,0.5,41,1466337.9822237124,373192.2397945826
9,24,2.0466227392054455,2.30638147392098,2.276544759604436,2.1208379756110336,2.002507693249041,1.0,1.0,1.0,1.0,0.5,0.5,42,1423840.863450581,378484.23888262414
9,25,2.045632053262117,2.309809786960526,2.2954131512357994,2.150790495158568,2.0008295955782143,1.0,1.0,1.0,1.0,0.5,0.5,53,1085244.99151662,416996.7154969949
9,26,2.0443047438086284,2.304362602619315,2.289588400010474,2.1779705202573543,2.006229283844232,1.0,1.0,1.0,1.0,0.5,0.5,55,1397233.8737675122,1042369.5325031
9,27,2.0428079145563127,2.299558544006829,2.2874919561334526,2.19124716600593,2.0071888827076556,1.0,1.0,1.0,1.0,0.5,0.5,57,1320084.092270793,999195.2798498116
9,28,2.0425164950037122,2.3012973385826885,2.295432194668315,2.190667758360811,2.0028413598070145,1.0,1.0,1.0,1.0,0.5,0.5,58,1281337.02009774,1161907.6062886587
9,29,2.041901097719138,2.2971635800254933,2.2879716125899305,2.1977041184695953,2.0060470478625643,1.0,1.0,1.0,1.0,0.5,0.5,59,1278067.0313626055,833541.6021001359
9,30,2.041071107575875,2.2935544671331956,2.2841123816430833,2.2012036708369322,2.0041280029670694,1.0,1.0,1.0,1.0,0.5,0.5,61,1324968.249649925,854578.5913610625
9,31,2.03831799733592,2.279702807071702,2.2662597190935005,2.198775418891601,2.0141303323683677,1.0,1.0,1.0,1.0,0.5,0.5,63,1194059.3832950266,962139.273006538
9,32,2.0380297659400313,2.2798567949222415,2.269465363566898,2.203592711071707,2.0015200376290236,1.0,1.0,1.0,1.0,0.5,0.5,65,1197056.160006727,894162.2118907437
9,33,2.037394396614387,2.275417234610092,2.261677393144523,2.2130468128126863,2.003378887132764,1.0,1.0,1.0,1.0,0.5,0.5,67,1233154.8651997116,890680.6895449689
9,34,2.0368999466535556,2.2745770044326763,2.263819461911945,2.2172539644658675,2.002657389836836,1.0,1.0,1.0,1.0,0.5,0.5,69,1214534.8294664111,916333.9842319136
9,35,2.035232711122994,2.266576520367339,2.255264517245018,2.213209117343479,2.018289714365263,1.0,1.0,1.0,1.0,0.5,0.5,70,1145289.5086878943,942980.3692216992
9,36,2.0350706454197507,2.2672689222082365,2.2590450353374694,2.2298688892331127,2.0018094611083317,1.0,1.0,1.0,1.0,0.5,0.5,71,1109104.638077679,938905.1117512254
9,37,2.0338851288878157,2.2643725013206724,2.2620289031697003,2.228426622165662,2.0067023791876846,1.0,1.0,1.0,1.0,0.5,0.5,73,2252854.23641136,620653.9218776774
9,38,2.0337832976096353,2.263862348629943,2.2614835468710446,2.234120833917059,2.00058305879399,1.0,1.0,1.0,1.0,0.5,0.5,75,2180958.0866126157,634957.8220723331
9,39,2.0330521404947053,2.2587129949078935,2.252936457620031,2.212991413478642,2.004222119885519,1.0,1.0,1.0,1.0,0.5,0.5,77,2207330.66125818,706452.3469749739
9,40,2.0318576761678573,2.259954318145421,2.269466712476701,2.2431666738609213,2.004688614466698,1.0,1.0,1.0,1.0,0.5,0.5,80,2227801.163652976,476386.84022767824
9,41,2.030545717881618,2.2485987105600884,2.2482025776872865,2.2443336161785044,2.0052843872143873,1.0,1.0,1.0,1.0,0.5,0.5,83,2492146.703651515,588152.1058889207
9,42,2.0265317989063663,2.2260929332982604,2.224136677889067,2.237050564340957,2.05139129215427,1.0,1.0,1.0,1.0,0.5,0.5,84,2089780.973345312,646676.4903790226
9,43,2.026493647203303,2.225869741496066,2.223898000201543,2.2399178767801735,2.0002554351640343,1.0,1.0,1.0,1.0,0.5,0.5,86,2105042.9844779177,630259.4963862498
9,44,2.026338982348441,2.224960307366996,2.222925594928734,2.2483695890037936,2.0020762202136764,1.0,1.0,1.0,1.0,0.5,0.5,87,2106729.207270279,622864.9280761622
9,45,2.026147090070195,2.223832391652337,2.221719510869436,2.2446754199442887,2.0025868135508498,1.0,1.0,1.0,1.0,0.5,0.5,88,2124280.3355522016,618408.2457975359
9,46,2.02559233713289,2.2279502079379467,2.2413250420344104,2.275006097852258,2.0018856846347273,1.0,1.0,1.0,1.0,0.5,0.5,92,2254092.1190866847,491274.0135247417
9,47,2.0249460271707744,2.2240526848596973,2.2371573868284513,2.2694562216140097,2.0022284706760938,1.0,1.0,1.0,1.0,0.5,0.5,96,2304225.1358402893,488701.0148825994
9,48,2.024253181777882,2.2198051564552794,2.232615528173568,2.2795204272805583,2.009711061158708,1.0,1.0,1.0,1.0,0.5,0.5,97,2180034.3454493578,442667.3602957844
9,49,2.0240048766414724,2.2182645533011733,2.2309680332180943,2.2913196938979823,2.003523535651778,1.0,1.0,1.0,1.0,0.5,0.5,98,2152974.673307735,717955.5500824699
9,50,2.0233472030173685,2.2156246580563908,2.231185683782216,2.3241377833446695,2.0015709532979136,1.0,1.0,1.0,1.0,0.5,0.5,104,2301862.9593537687,347580.74816026475
9,51,2.022467539884614,2.208534695093186,2.2205637332110326,2.314033170058722,2.0128566796260916,1.0,1.0,1.0,1.0,0.5,0.5,105,2072513.1261520055,331500.97799416125
9,52,2.0207745168010245,2.2032871514711454,2.2271145153010012,2.3400997556158005,2.0063947779731874,1.0,1.0,1.0,1.0,0.5,0.5,109,2234908.251862874,348713.5475601929
9,53,2.0199521068136086,2.1946808610855673,2.2118304150595467,2.3461503676576894,2.003211317385342,1.0,1.0,1.0,1.0,0.5,0.5,113,1906302.9759142967,335423.02023846126
9,54,2.019949127503946,2.1961446514765806,2.216436307256262,2.3594793805828997,2.0000235170130933,1.0,1.0,1.0,1.0,0.5,0.5,115,1898545.047019468,335313.07134342764
9,55,2.019879973664972,2.195666383329022,2.2159247530503214,2.355920064085953,2.0010932782430544,1.0,1.0,1.0,1.0,0.5,0.5,116,1902900.7292478264,356799.61209250445
9,56,2.0191216924204953,2.1948149210966257,2.2241358844127124,2.379453879583656,2.012126291457083,1.0,1.0,1.0,1.0,0.5,0.5,117,2092377.9479080264,347107.1738056073
9,57,2.0191164919645264,2.196262406891699,2.2287243201296225,2.389565872367185,2.000042096882815,1.0,1.0,1.0,1.0,0.5,0.5,119,2091874.0289796116,347492.9887841072
9,58,2.018141302051819,2.1892738947476738,2.221251359820103,2.3983476567472417,2.0031959659171092,1.0,1.0,1.0,1.0,0.5,0.5,124,1844027.3327623743,270371.19107800507
9,59,2.0181140154617507,2.1905590592320605,2.225666262258218,2.405186457493461,2.0001511785611417,1.0,1.0,1.0,1.0,0.5,0.5,127,1844424.467480517,272689.4839533486
9,60,2.0179837913112397,2.186641970638684,2.2153962977980237,2.410903564067655,2.002169450995553,1.0,1.0,1.0,1.0,0.5,0.5,128,1845667.3410100045,274088.86276208656
9,61,2.0178583327712776,2.184240122494618,2.2097874514888396,2.429560560718835,2.0020977633115935,1.0,1.0,1.0,1.0,0.5,0.5,129,1849548.1799020616,447637.4151111597
9,62,2.017813520273121,2.1839118566297024,2.209436496897111,2.4293588890745164,2.000375545213892,1.0,1.0,1.0,1.0,0.5,0.5,131,1834489.9906180485,449559.2720843836
9,63,2.017778643122446,2.186623854420973,2.2184178557571075,2.4298726485072244,2.0002928964364024,1.0,1.0,1.0,1.0,0.5,0.5,133,1820648.849739488,293365.07272567775
9,64,2.017528366616514,2.184779261133684,2.216445273539071,2.4320552252279475,2.002108807302504,1.0,1.0,1.0,1.0,0.5,0.5,135,1846132.6933865328,272159.9449731533
9,65,2.0168826346372715,2.176989649842498,2.202034394026075,2.4456718970138214,2.0018375824552783,1.0,1.0,1.0,1.0,0.5,0.5,141,1810376.5520003869,260748.28948456596
9,66,2.016869685395123,2.17837590282171,2.206557367943714,2.452242546392223,2.0001117561598782,1.0,1.0,1.0,1.0,0.5,0.5,143,1814256.648817513,260737.7203143177
9,67,2.0168349190726507,2.1781132176649063,2.2062764773141144,2.4819184510594914,2.000299440368609,1.0,1.0,1.0,1.0,0.5,0.5,145,1742307.3169088222,394597.4364867203
9,68,2.0164080009108485,2.1823013248752337,2.22595746808043,2.532062290681294,2.001854502217794,1.0,1.0,1.0,1.0,0.5,0.5,149,1686908.619647927,646749.9512336716
9,69,2.014899557345448,2.1645463445458226,2.194809871163244,2.503648848407543,2.0134979391816756,1.0,1.0,1.0,1.0,0.5,0.5,151,1741400.1327687744,400527.93988621415
9,70,2.0147125296439112,2.1689793830195967,2.211712187082681,2.549472215968065,2.0002864341790136,1.0,1.0,1.0,1.0,0.5,0.5,163,1791017.1987083687,380261.3568552605
9,71,2.0142546505313392,2.1667456533758847,2.2123639485605144,2.5652991328344306,2.0028338251630093,1.0,1.0,1.0,1.0,0.5,0.5,166,1779493.2928301797,375614.72798664944
10,0,1.0,1.0,1.0,0.4154179867387045,0.0,0.0,0.0,0.0,1.0,0.5,0.5,1,896332.3148226808,10039160.574933996
10,1,1.1181561966326272,1.118198728130902,1.1181977483161516,0.5366261981498249,0.11822945570394497,0.11811812450469841,8.986803519058e-05,0.000100325165554,1.0,0.5,0.5,3,894075.7858179942,10038641.298285702
10,2,1.0671623882908954,1.06720631853519,1.0672052354789707,0.48768429989731854,0.06722340985582917,0.06720663344528896,1.2484647611459999e-05,1.80454266532e-05,1.0,0.5,0.5,4,894032.0298329117,10038637.865548035
10,3,2.1098654572658786,2.113612187330143,2.113542614607616,1.5367774569478998,1.117291991551625,0.11461618811566263,1.0,1.0,1.0,0.5,0.5,5,625017.957651003,10075852.693239776
10,4,2.8582684795389826,2.9635121259091624,2.964022988596951,2.40629447798648,2.0841505884174403,1.0,1.0,1.0,1.0,0.5,0.5,6,2915034.495050636,8836060.911423994
10,5,2.8203402697421667,2.9522818825503867,2.952014517443387,2.399391526491583,2.0256398025464804,1.0,1.0,1.0,1.0,0.5,0.5,7,1756255.2417906844,8157177.273387733
10,6,2.7780259755923375,2.939154146548607,2.9379768098600545,2.4044213294478283,2.0150066019302404,1.0,1.0,1.0,1.0,0.5,0.5,9,4805344.049120368,7487820.998161205
10,7,2.7735088260476424,2.9377124579432006,2.936435164650311,2.3982828342139126,2.003297867959909,1.0,1.0,1.0,1.0,0.5,0.5,10,4142389.393335169,7495530.496020461
10,8,1.8334514331297909,2.062461172412475,2.055646329019754,1.5535925529985675,1.2397581747677022,0.16077607430590957,1.0,1.0,1.0,0.5,0.5,11,2431643.119880096,6748077.068211098
10,9,1.768671687610039,2.02703462876934,2.0189712503087076,1.5310503379405174,1.1845455848753632,0.1433617612836756,1.0,1.0,1.0,0.5,0.5,12,1556649.2571900918,6033415.03774792
10,10,1.4935965773607054,1.8803557638846784,1.8665588329995577,1.4235615058570688,1.4160645320210077,0.1232569239747956,1.0,1.0,1.0,0.5,0.5,13,1391606.4639718507,3822244.917175077
10,11,1.4673985534360083,1.8551579410342338,1.8412283314814104,1.4056575719812283,1.1043412969162816,0.09997144906587768,1.0,1.0,1.0,0.5,0.5,14,2043163.7541188248,3721223.88467695
10,12,1.266295034231939,1.6775080752737932,1.6539486594957211,1.2794469580474668,1.3791492809108654,0.06124761044063269,1.0,1.0,1.0,0.5,0.5,15,1446054.7333291606,1584508.743675649
10,13,1.8689871427677085,2.243318449612689,2.2113345436699596,1.9030926105444839,2.026841528433364,0.7485938922100034,1.0,1.0,1.0,0.5,0.5,16,399938.6133332504,774695.9789922846
10,14,1.2984816149089096,1.6577447959461584,1.6236436455856404,1.3292862200256956,1.262877984849625,0.19356454392783057,1.0,1.0,1.0,0.5,0.5,17,426860.9744809976,500595.6571894792
10,15,1.850101982686232,2.208539482682967,2.1802254486058,1.8945718345544038,1.7650915576126207,0.7486016865280979,1.0,1.0,1.0,0.5,0.5,18,404447.8101791891,444547.5943335692
10,16,1.850001696542769,2.2083222961505777,2.1799932025278035,1.8926143579688204,1.7488467535365373,0.7486015322838812,1.0,1.0,1.0,0.5,0.5,20,402799.354104264,444962.4893337979
10,17,1.7613635587867482,2.1209425326650195,2.0957282847072056,1.8074267397939794,1.6610416361410396,0.6601460277906701,1.0,1.0,1.0,0.5,0.5,21,396754.1757173927,449715.4129374337
10,18,2.1004322826345536,2.4576482685606083,2.4291754907849623,2.1497547415407348,2.003866273212432,1.0,1.0,1.0,1.0,0.5,0.5,22,359813.2538582658,441707.5531725711
10,19,1.84844156865269,2.2046245054754703,2.176020751537158,1.8974551235174797,1.753116657023737,0.7488664830707813,1.0,1.0,1.0,0.5,0.5,23,388277.3212033717,415267.0567762991
10,20,1.841801661084323,2.1894439762115763,2.1597730058691864,1.8902332698188502,1.7666596420528249,0.7490807532929669,1.0,1.0,1.0,0.5,0.5,25,411900.8262838135,341933.0938973328
10,21,1.7529342445791505,2.100172491214723,2.0704522958412075,1.8179321824875427,1.6613339586966902,0.6605205110034299,1.0,1.0,1.0,0.5,0.5,27,393062.6759126521,364926.9324547701
10,22,1.7496761999451051,2.094504525418375,2.0674577400687064,1.8332014403723211,1.6756400764618005,0.6601453793733989,1.0,1.0,1.0,0.5,0.5,28,482816.6961068527,432731.6357146609
10,23,1.7487485600637616,2.0894550295768166,2.0559842432664706,1.81703078322655,1.664579921238464,0.6600466835077824,1.0,1.0,1.0,0.5,0.5,29,427924.76302537264,378229.29989849887
10,24,1.7481541141609092,2.087639630533804,2.054024169735846,1.8160204897334844,1.6650878610697564,0.6603175480963176,1.0,1.0,1.0,0.5,0.5,30,454763.522326195,407370.1319976088
10,25,1.8332066597678134,2.1724108980621653,2.147672602680922,1.9420682654641226,1.753173158592134,0.7486135069424451,1.0,1.0,1.0,0.5,0.5,34,371981.2815049978,331578.2813538641
10,26,1.8330411201288404,2.1722305594202203,2.1474907173753546,1.9526279089004688,1.74848587570821,0.7484578063565867,1.0,1.0,1.0,0.5,0.5,36,371922.1118797471,331650.5421186672
10,27,1.8330797536579142,2.1722649257265845,2.147524395405255,1.960411807617711,1.7485163548240008,0.7484994191500349,1.0,1.0,1.0,0.5,0.5,37,371897.2566123771,332447.3867665823
10,28,1.8329926226273514,2.1735936538532394,2.151988727000294,1.9607917361763645,1.748718101344807,0.7484578365690634,1.0,1.0,1.0,0.5,0.5,38,366312.3960015509,327477.4843456598
10,29,1.8326915623811249,2.175497169249918,2.1600908740470275,1.9740755903783822,1.7496325135851467,0.7486638623662624,1.0,1.0,1.0,0.5,0.5,41,408177.2098118305,450880.46462537424
10,30,1.8323812894937448,2.1732657225218865,2.1546659076220394,1.9707101737131847,1.7494725210450044,0.7486422318745651,1.0,1.0,1.0,0.5,0.5,43,394151.3888251559,429102.4714415416
10,31,1.8321304215819558,2.1711405868970823,2.149352522259951,1.9672620720035545,1.749385152580313,0.7486472011281682,1.0,1.0,1.0,0.5,0.5,45,400967.4069099654,444979.6857150467
10,32,2.0825597347022757,2.423117308306866,2.4074532820959202,2.2658511886262973,2.0017863859091083,1.0,1.0,1.0,1.0,0.5,0.5,48,327954.74931353674,442433.08123961184
10,33,1.1615437481590534,1.4959195812844852,1.4825383002555865,1.3436217292874222,1.0872894346843935,0.08373867128513013,1.0,1.0,1.0,0.5,0.5,56,352705.31511890626,1334537.3298419304
10,34,1.740955190484609,2.060329898145737,2.0483200246843936,1.9247336777568735,1.6917096166876138,0.6722283400785491,1.0,1.0,1.0,0.5,0.5,59,377403.8107254226,1253753.55397538
10,35,2.067032644402766,2.3803612228881743,2.361733571270443,2.256970949209342,2.0019319070687684,1.0,1.0,1.0,1.0,0.5,0.5,65,329870.88387676625,486000.424433809
10,36,2.0651786929549334,2.376023475719558,2.3601359066300507,2.263499834835695,2.012957349681037,1.0,1.0,1.0,1.0,0.5,0.5,66,327642.05350545497,385653.0884077594
10,37,1.2146616706037148,1.5223718645336544,1.503168933349396,1.425339512822081,1.1522671953400319,0.15030968097868722,1.0,1.0,1.0,0.5,0.5,69,339536.0293194192,484368.1988848412
10,38,1.2146670479093409,1.522334346377057,1.5031271967293787,1.4281005878497175,1.150470330573486,0.15033412028665988,1.0,1.0,1.0,0.5,0.5,70,339450.49205024034,484233.7294570023
10,39,1.2146464244545156,1.5223139032739712,1.5031065710371876,1.433630403765957,1.1503238190625256,0.15031476415663686,1.0,1.0,1.0,0.5,0.5,71,339343.5755018934,484179.760300921
10,40,1.3153917834286064,1.6164911957085812,1.5996222421546635,1.5500025607684662,1.2806435565610368,0.2546230078593457,1.0,1.0,1.0,0.5,0.5,72,368367.6839617849,697006.3693552703
10,41,1.1250742446169892,1.4252871308718054,1.4113255542328895,1.3472015309684793,1.0731457549866863,0.06534288534343144,1.0,1.0,1.0,0.5,0.5,73,360887.78116389306,360197.56825927034
10,42,1.128089749191064,1.4218824920045314,1.4102865061508463,1.3655150176422337,1.084486515735089,0.0716699163059156,1.0,1.0,1.0,0.5,0.5,75,388312.4909698298,389555.74373675976
10,43,2.0520165011220968,2.334991691902558,2.322340644159974,2.298272407512253,2.035945085101842,1.0,1.0,1.0,1.0,0.5,0.5,76,404745.3315285018,580520.1392352892
10,44,2.051169757128102,2.3286756537599484,2.309505767382885,2.2626038927972614,2.003587672271294,1.0,1.0,1.0,1.0,0.5,0.5,78,390965.0105010392,544434.8733381206
10,45,1.1965975836728902,1.477834565358704,1.4680339188911993,1.4309935591677139,1.1469402496548424,0.1455863934662331,1.0,1.0,1.0,0.5,0.5,79,345501.8065314029,382512.7669587168
10,46,2.050240978450372,2.3265317805560812,2.3102540155854627,2.275646778803771,2.006620687121117,1.0,1.0,1.0,1.0,0.5,0.5,80,393781.2283950115,512918.83380049234
10,47,2.049877047151159,2.329573855834038,2.3226285173814967,2.317506796527198,2.003155197548837,1.0,1.0,1.0,1.0,0.5,0.5,81,379055.3512368032,544504.1571784259
10,48,2.049008801587779,2.327633246592883,2.3235936226718414,2.3177448852589047,2.0037985245370145,1.0,1.0,1.0,1.0,0.5,0.5,83,408439.3366551589,498253.6446099479
10,49,2.047249703912813,2.320971551016356,2.316470109348977,2.3461409767623973,2.005234784656361,1.0,1.0,1.0,1.0,0.5,0.5,86,382491.1843725618,510866.88862322265
10,50,2.040035118223064,2.291938862837768,2.28846563096843,2.328316992650245,2.03463968049804,1.0,1.0,1.0,1.0,0.5,0.5,88,426750.6977390157,534005.8656174693
10,51,2.0400349906259247,2.2934185955003663,2.2930887416020442,2.3597398923791255,2.000000541835888,1.0,1.0,1.0,1.0,0.5,0.5,90,444187.0512059897,477179.0786606445
10,52,2.0392527505198754,2.286932989559986,2.2800721587397055,2.3402294679760205,2.004017724047542,1.0,1.0,1.0,1.0,0.5,0.5,92,471591.4298319856,490591.7180947098
10,53,2.0391527967814818,2.2850014384276864,2.2749665351347357,2.309918807930411,2.00103511818246,1.0,1.0,1.0,1.0,0.5,0.5,93,414740.6122534458,497162.656411588
10,54,2.0383009047827354,2.2796317914982764,2.2661839421016174,2.328805266729911,2.002965160789405,1.0,1.0,1.0,1.0,0.5,0.5,96,381595.37280469073,469325.8162271011
10,55,2.0343292841670793,2.263617055042142,2.255139941457314,2.360213140860678,2.0216898867779864,1.0,1.0,1.0,1.0,0.5,0.5,98,347541.88999228546,554872.8250414272
10,56,2.0343286804712664,2.263614156447308,2.255136767551895,2.36318085273464,2.000006918443579,1.0,1.0,1.0,1.0,0.5,0.5,99,347538.3389384987,555102.4742834076
10,57,2.0340334794570385,2.262155438597254,2.253577031081262,2.3533821870427407,2.0033581377259435,1.0,1.0,1.0,1.0,0.5,0.5,100,399495.5015870681,488941.2379507773
10,58,2.0332196462200516,2.2580539269075834,2.249191249225369,2.356798928771687,2.004679886801709,1.0,1.0,1.0,1.0,0.5,0.5,102,379283.498728048,483932.5481252285
10,59,2.0331013588415323,2.2574531931283013,2.248548850768521,2.36830798958003,2.000686604091106,1.0,1.0,1.0,1.0,0.5,0.5,104,379378.2581987748,480635.71764424536
10,60,2.0327246411361166,2.258497411917138,2.2557467128258315,2.370641781911845,2.0043950005714084,1.0,1.0,1.0,1.0,0.5,0.5,105,378394.3773065173,481890.0201110548
10,61,2.032220361496864,2.25441763968872,2.248343499087899,2.3614036797132814,2.0005935450941195,1.0,1.0,1.0,1.0,0.5,0.5,115,303264.1642922625,514444.5396299502
10,62,2.032132400200072,2.2569314460582373,2.2571128410658927,2.3947310769379206,2.0010414902130638,1.0,1.0,1.0,1.0,0.5,0.5,116,299162.02479434764,402046.20533002913
10,63,2.031809371549234,2.252281375296291,2.246059160010061,2.3875575312982367,2.0009604034178974,1.0,1.0,1.0,1.0,0.5,0.5,120,307949.7885965981,419315.2610779633
10,64,2.0310932313484082,2.2529687045962294,2.2559156439417682,2.4883646603752467,2.0003311125866325,1.0,1.0,1.0,1.0,0.5,0.5,146,244117.84404173208,208348.38680431352
10,65,2.0310848715333814,2.2529241387006613,2.2558680353604803,2.49471086437042,2.00005068664221,1.0,1.0,1.0,1.0,0.5,0.5,148,243855.63391058723,208458.72137987928
10,66,2.031072113740323,2.254340826925627,2.260423700503937,2.513790138226627,2.0000386227336233,1.0,1.0,1.0,1.0,0.5,0.5,152,243807.18903759963,207784.33684646056
10,67,2.030710259496635,2.2509328040499166,2.2537386622147353,2.512610491004298,2.00440106381728,1.0,1.0,1.0,1.0,0.5,0.5,153,239266.66865520825,191653.87992971053
10,68,2.03056855791566,2.2516628876236524,2.2575600443394586,2.523475180320256,2.0004331239887714,1.0,1.0,1.0,1.0,0.5,0.5,157,240039.79923172577,194378.2724512684
10,69,2.030130104404315,2.252273041836144,2.2642932466433967,2.567435654817051,2.0053940349933033,1.0,1.0,1.0,1.0,0.5,0.5,158,228208.31964115505,185679.6871394211
10,70,2.0298993767339026,2.252501668503651,2.2675784767951805,2.578063217340869,2.001429378713559,1.0,1.0,1.0,1.0,0.5,0.5,160,224993.61863188757,186564.91117269036
10,71,2.0296092379326294,2.2509277315089578,2.265895513446647,2.580391606601219,2.001807581215405,1.0,1.0,1.0,1.0,0.5,0.5,162,222120.42771857,178793.68757055944
10,72,2.029551086452217,2.247634927777886,2.256293418034289,2.56378120043093,2.0002424459669355,1.0,1.0,1.0,1.0,0.5,0.5,165,233165.28344782707,206274.47928201652
10,73,2.028008623939957,2.2420160016927793,2.2563658624254823,2.661470497864331,2.000892391574787,1.0,1.0,1.0,1.0,0.5,0.5,187,270188.57053192274,213436.63187303868
10,74,2.027729221562933,2.240431919616168,2.254671790407982,2.664469975656117,2.0004536014033847,1.0,1.0,1.0,1.0,0.5,0.5,195,248821.05013969392,171293.921528847
10,75,2.027389655707305,2.2399710430376114,2.2572196429832485,2.6756339531045894,2.0011102493567385,1.0,1.0,1.0,1.0,0.5,0.5,199,228644.6029521555,166114.70760589142
11,0,0.7761341356324813,0.9370675205927047,0.932705270349296,0.3767694347422301,0.0,0.0,0.0,0.0,1.0,0.5,0.5,1,11232516.039822713,10140900.353063565
11,1,0.7759631601249726,0.9384968901700678,0.9372741072002427,0.3797395762585359,6.255500409757811e-05,0.0,0.0,0.0,1.0,0.5,0.5,3,11213843.219723254,10125826.314337688
11,2,0.7759462340501313,0.9384914553047546,0.9372681561275812,0.3817863159301001,1.2506235755439266e-05,0.0,0.0,0.0,1.0,0.5,0.5,4,11211162.229557443,10123681.226325065
11,3,1.9243313022912434,2.088961210934892,2.0876699755664383,1.5349147654332584,1.1536910679631682,0.15144984300827863,1.0,1.0,1.0,0.5,0.5,5,11001750.48945102,10081888.478316745
11,4,1.868334951408032,2.0367381333573693,2.0353227910494907,1.4858461279224704,1.105106852762738,0.10101628541620525,1.0,1.0,1.0,0.5,0.5,6,10961725.008054234,10016146.8784556
11,5,2.711768745698156,2.915642919203843,2.9097955449476585,2.37780063992406,2.042518228056589,1.0,1.0,1.0,1.0,0.5,0.5,7,9897459.352146477,9099263.677566811
11,6,2.7045137208205956,2.9131102719679065,2.907087410148721,2.3762462027865787,2.005790867921575,1.0,1.0,1.0,1.0,0.5,0.5,8,9535428.474576244,8810261.372168088
11,7,1.7811984714831048,2.0068748879349902,2.000193186817375,1.4758195480913665,1.1249972426618404,0.10326838377804286,1.0,1.0,1.0,0.5,0.5,9,8932698.031444438,8663783.910571618
11,8,2.0049690376698113,2.2392130955573415,2.235390108360198,1.7108825243742674,1.3476198442035976,0.3382258341569869,1.0,1.0,1.0,0.5,0.5,10,9075547.33471823,8400732.713185586
11,9,1.7282987721973468,1.9869306595417897,1.982066552531311,1.473482250431375,1.1353243502471826,0.10096319192090578,1.0,1.0,1.0,0.5,0.5,11,8415836.247728195,8106763.51513655
11,10,1.203758232994153,1.557784291665122,1.5229821899489073,1.2070107576785707,2.0918351467120355,0.10371325145364044,1.0,1.0,1.0,0.5,0.5,12,893414.7168852481,657477.6329504433
11,11,1.188213048432403,1.5230831439570371,1.4889260605368557,1.1978389851766535,1.1445224516276806,0.10357458621811491,1.0,1.0,1.0,0.5,0.5,14,1593480.4415797405,495722.32940463
11,12,1.1882004246119329,1.5230526962411302,1.4888937114991063,1.206365929204663,1.1036271527181136,0.10357167515312815,1.0,1.0,1.0,0.5,0.5,15,1618161.361132671,497139.7958414856
11,13,1.1764936128446386,1.5087286199019145,1.4742658489417337,1.1910694947932086,1.1037865708829804,0.09362810025632576,1.0,1.0,1.0,0.5,0.5,16,1452298.396387761,473399.7882925413
11,14,1.1690311519482721,1.4730362334301816,1.4384998267710438,1.1970052192720564,1.209117612407217,0.1028664699772595,1.0,1.0,1.0,0.5,0.5,17,1211110.4637248595,1019816.272705055
11,15,1.173025112759211,1.4575551468730432,1.415071947211101,1.1832120258512295,1.127895671830161,0.11429521320738605,1.0,1.0,1.0,0.5,0.5,21,1202463.5650317066,984376.8033599952
11,16,1.1614923481825816,1.4405883927312382,1.397571172880589,1.1764405790567551,1.1227331641751672,0.1050343734309445,1.0,1.0,1.0,0.5,0.5,22,931265.0049007752,854763.9790461101
11,17,1.159889258010851,1.438031142672589,1.3949219261631958,1.181607075416259,1.1067758964549994,0.10380576677918762,1.0,1.0,1.0,0.5,0.5,23,920529.4585002002,424050.09453897015
11,18,1.1608286253382143,1.43982151118698,1.3997940311655581,1.187068872597615,1.1070536255698846,0.10500264800138101,1.0,1.0,1.0,0.5,0.5,24,971093.037883181,799170.9285214444
11,19,1.1838348200765738,1.4605184227143748,1.4202668208415332,1.2060907569928487,1.1363476810268764,0.12893221741704788,1.0,1.0,1.0,0.5,0.5,25,1262228.2589575865,350844.0563341913
11,20,1.176532985505372,1.4295165938629877,1.3960496167991865,1.1965218824318073,1.175232291683133,0.131643220427595,1.0,1.0,1.0,0.5,0.5,27,1891209.444338059,1151502.702633849
11,21,1.14841149046031,1.3731594120859374,1.3401745179039595,1.166416874597927,1.2000573559567502,0.11219638293839233,1.0,1.0,1.0,0.5,0.5,28,2180421.801843207,3221615.645428911
11,22,1.1483803097886707,1.374492041060726,1.3446402028287812,1.1835937352019488,1.112367021939134,0.11219638293839236,1.0,1.0,1.0,0.5,0.5,30,2179990.8431080743,3219206.128253618
11,23,1.1483779705252155,1.3759645272362404,1.3492549819606707,1.1910575572956867,1.1122092048468653,0.11219638293839233,1.0,1.0,1.0,0.5,0.5,32,2179958.4596346603,3219023.7803463377
11,24,1.19269613252815,1.4179233781316651,1.3970359539305661,1.3126057685909274,1.1586573828625495,0.15789297187185972,1.0,1.0,1.0,0.5,0.5,52,1293626.8583073164,527958.4031777371
11,25,1.1192443070848648,1.3323439627561013,1.3134251228979639,1.2378495345197464,1.1264939173662234,0.08777393669048741,1.0,1.0,1.0,0.5,0.5,53,1531217.9790824405,616446.9838893629
11,26,1.1168949228075338,1.3178555309919804,1.2979044900408734,1.2319646452455877,1.1222235172672894,0.0881763112357378,1.0,1.0,1.0,0.5,0.5,54,1636056.590011496,618375.4604659915
11,27,1.1191420609305014,1.3128626062448752,1.2953214629548164,1.241002625559531,1.1164826817865554,0.09228316264464635,1.0,1.0,1.0,0.5,0.5,55,1456179.428074757,626486.6028102523
11,28,1.119127169770271,1.314255601981521,1.2998515715557888,1.2497657233205248,1.0923893735078583,0.09228410821241294,1.0,1.0,1.0,0.5,0.5,57,1455783.134461795,626907.876499487
11,29,1.1191101455346626,1.3141992520285561,1.2997919036065189,1.2700034632327077,1.09231123578567,0.09227522274984984,1.0,1.0,1.0,0.5,0.5,60,1455457.0463711245,626963.130820219
11,30,1.0970864591172076,1.2845134710484238,1.260407674810546,1.2055577516478408,1.0797610985544495,0.07091203218594841,1.0,1.0,1.0,0.5,0.5,61,1579377.976924276,690635.169588482
11,31,1.09706639012926,1.2844431877721358,1.2603333107261303,1.2055108180646412,1.0710413658087545,0.07090225707681361,1.0,1.0,1.0,0.5,0.5,62,1579497.1100016988,690770.3047663571
11,32,1.0966968703736133,1.2882289061975656,1.2765437081831197,1.2686674114568468,1.075794085671884,0.07089407718929822,1.0,1.0,1.0,0.5,0.5,63,1583828.6364276062,689178.1306139283
11,33,1.101557788403969,1.2914025964386706,1.2795769051323538,1.2552002892846024,1.080743541602573,0.0760949721922148,1.0,1.0,1.0,0.5,0.5,64,1582830.2257341156,684155.2243170096
11,34,1.1056587775382254,1.254346243281989,1.233110298042908,1.2147699562247363,1.1385798975417747,0.08706978472718492,1.0,1.0,1.0,0.5,0.5,66,2430373.7039763904,1181306.3896728514
11,35,1.1056351400797304,1.2542624339193629,1.2330214337651166,1.22050620971077,1.0871359077036826,0.08705590396492156,1.0,1.0,1.0,0.5,0.5,68,2430045.912386736,1180443.0351818816
11,36,1.0965494893845,1.2403700225341119,1.2217671886742512,1.2139658734365821,1.0956462262661373,0.07897191430203018,1.0,1.0,1.0,0.5,0.5,69,2348956.1819887296,1057549.3771154855
11,37,1.0965291880025907,1.2403052223485305,1.22169885063558,1.2197884182067298,1.0790172107519294,0.07895856417474663,1.0,1.0,1.0,0.5,0.5,71,2348703.062793564,1056801.1947299151
11,38,1.0965285051219011,1.2402926178071252,1.2216852557594358,1.2285824072202716,1.0789701765816397,0.07895972795880138,1.0,1.0,1.0,0.5,0.5,74,2348533.020131036,1057107.6857115522
11,39,1.0965265580899435,1.2402643551186259,1.2216548957861433,1.2373671107685316,1.0790314145188464,0.07896190051605596,1.0,1.0,1.0,0.5,0.5,75,2348589.464702153,1057116.3237875288
11,40,1.096523440755102,1.2417256092391598,1.226257693425075,1.2588257018280935,1.0789882514653013,0.07896190051605596,1.0,1.0,1.0,0.5,0.5,77,2348850.0225421605,1056752.8328707006
11,41,1.0965206865139003,1.2431890373058188,1.2308631888836128,1.2772133175479605,1.078985177616415,0.07896190051605596,1.0,1.0,1.0,0.5,0.5,79,2349089.608222628,1056421.3510708415
11,42,1.0965170065443584,1.2416452072663893,1.2261713915238253,1.252472297391316,1.079115409130899,0.07896700709087943,1.0,1.0,1.0,0.5,0.5,80,2348902.755862878,1057519.020264295
11,43,1.0954930780856442,1.2350733801232983,1.213106303275794,1.262155164023163,1.0806174781186735,0.0783441835195818,1.0,1.0,1.0,0.5,0.5,83,2314376.101528957,1371683.9383159888
11,44,1.0954766178252533,1.2349476243664999,1.2129718247615804,1.2677935605910617,1.0784881399521304,0.07834451663804895,1.0,1.0,1.0,0.5,0.5,85,2314200.6703113606,1371238.3049589987
11,45,1.095012855330606,1.2366391696166672,1.2239098747225317,1.3034470386883652,1.0842884154479207,0.07823277357730715,1.0,1.0,1.0,0.5,0.5,86,2437497.857761152,1369110.4104528606
11,46,1.0869766979986748,1.2246264454358844,1.2115799384553758,1.294376468358375,1.0812572849843824,0.07079620599021169,1.0,1.0,1.0,0.5,0.5,87,2605024.813401326,1820831.819943587
11,47,1.1277346451812418,1.2577283712185645,1.2470994254941339,1.3460062205100698,1.1368300326916685,0.11288631202780867,1.0,1.0,1.0,0.5,0.5,88,2616258.634096828,1661619.4321971314
11,48,1.1274465452784437,1.257272835144495,1.2466307178224556,1.358679933501558,1.1126951293760428,0.11262208321276272,1.0,1.0,1.0,0.5,0.5,94,2606129.904094727,1669812.198312978
11,49,1.127713239023695,1.258902104317618,1.2513938506912468,1.380137986574138,1.1130645939517976,0.11290604205869977,1.0,1.0,1.0,0.5,0.5,96,2616007.06024265,1660470.8951062218
11,50,1.1278630462209862,1.2585575645057203,1.2510099767172056,1.3830486881880701,1.1144166688823374,0.11312600359066287,1.0,1.0,1.0,0.5,0.5,97,2553664.953890033,1466213.5841348062
11,51,1.1278768248938797,1.2585624727319942,1.2510143180946076,1.39216861533011,1.1131527476178857,0.1131410568988547,1.0,1.0,1.0,0.5,0.5,99,2553982.8956327783,1466189.5480527503
11,52,1.0956251741939933,1.2315802199473043,1.2365526994853215,1.4073170740044558,1.0813316443968168,0.08098372536296632,1.0,1.0,1.0,0.5,0.5,104,2391896.5038133543,1376599.6390155004
11,53,1.0956154361001995,1.2315102138805798,1.2364777417449009,1.407273418795858,1.0811409253221063,0.08098256092354209,1.0,1.0,1.0,0.5,0.5,105,2386046.55182522,1387292.98857337
11,54,1.0956155981335514,1.2329871254147062,1.2410977320456238,1.4272139506701116,1.0810024198438901,0.08098372536296634,1.0,1.0,1.0,0.5,0.5,106,2388974.9646454314,1381635.821693184
11,55,1.0957748869785935,1.231314034586445,1.2362533341614068,1.4167100633809708,1.0821013767273864,0.08119218490612393,1.0,1.0,1.0,0.5,0.5,107,2389514.9916141937,1374357.2762663087
11,56,1.060817106928602,1.1900368077392574,1.188424760765445,1.3402881113165754,1.0481581496669947,0.04670274251072836,1.0,1.0,1.0,0.5,0.5,113,865813.6873883264,657209.4666655929
11,57,1.0607950665679686,1.1899355626402528,1.1883173270535312,1.3464215132845525,1.046795221557701,0.04669171617592245,1.0,1.0,1.0,0.5,0.5,115,865907.4816651753,657465.4805071364
11,58,1.062740124619092,1.1901117399277736,1.1913805574584864,1.356085861768194,1.050037794637984,0.04908350688944471,1.0,1.0,1.0,0.5,0.5,124,1059831.3397290504,914682.3942099848
11,59,1.0621920786342742,1.1719541378331075,1.174870720939673,1.3879220821901168,1.1002076103158336,0.051014616289663625,1.0,1.0,1.0,0.5,0.5,125,1495516.4324567767,341724.8343354903
11,60,1.0551568948897865,1.152273788593531,1.148151791424573,1.3736746791290695,1.0513507834720162,0.04514824537874311,1.0,1.0,1.0,0.5,0.5,129,1197400.308062215,694476.5488966
11,61,1.0999359206101653,1.2004569518039219,1.2177985530120343,1.483340556582406,1.092435701987516,0.09073680388862751,1.0,1.0,1.0,0.5,0.5,139,1226289.0990967085,326463.34231114155
11,62,1.0551608224522506,1.1401874348512417,1.1411896395667878,1.401919530601822,1.0510521379097435,0.04686355093706624,1.0,1.0,1.0,0.5,0.5,144,974374.6460364558,1665708.9254614788
11,63,1.05478904287632,1.133639120646536,1.137196853431658,1.400898743128916,1.0669098482913082,0.04731534325572058,1.0,1.0,1.0,0.5,0.5,145,905353.762672642,735705.3091816764
11,64,1.0539036343863395,1.131763915089588,1.1382756468486854,1.418646553452752,1.0531433249855506,0.04668943207209279,1.0,1.0,1.0,0.5,0.5,146,871514.0240067386,738697.291711365
11,65,1.0537922614891042,1.1308016098219626,1.1372483075663515,1.438896056299367,1.0472200723239597,0.04666663385493713,1.0,1.0,1.0,0.5,0.5,150,873787.4442180007,733315.8873944684
11,66,1.0537611191354692,1.1304336513281719,1.1368545622062256,1.4488214591644515,1.0468775155711543,0.04667042014856684,1.0,1.0,1.0,0.5,0.5,154,871809.5252693323,735549.7955603456
11,67,1.0533658094715492,1.1259451064128005,1.132053092495548,1.4547037173981094,1.0518814008491657,0.04669534971360451,1.0,1.0,1.0,0.5,0.5,156,873732.8586314721,728979.116250083
11,68,1.053330751651982,1.1267827427000294,1.1359871280781777,1.4659893304004672,1.0474714444699675,0.04672246642046285,1.0,1.0,1.0,0.5,0.5,158,873326.6143554399,724316.1514828439
11,69,1.0533048721293272,1.1265999076285045,1.1357923210805785,1.4721906642378104,1.0469124203481956,0.04671246006589672,1.0,1.0,1.0,0.5,0.5,160,873149.1607111569,724198.2923463978
11,70,1.0534063466512231,1.1271067162053026,1.139360502226245,1.5032581002579857,1.0469688992349493,0.04692288732095011,1.0,1.0,1.0,0.5,0.5,162,865715.2246871599,727621.5400900362
11,71,1.0561308319730442,1.1275700491650564,1.1366208279613832,1.5029135122016455,1.0541477572901665,0.0497268356089081,1.0,1.0,1.0,0.5,0.5,163,1275515.483015492,749299.5725122463
11,72,1.0558297434681156,1.1278185755932613,1.1399416425760007,1.5078562789039154,1.051292060788727,0.0495181087020984,1.0,1.0,1.0,0.5,0.5,164,809147.5773554415,1200410.6830667062
11,73,1.0549940476441821,1.1301819915483453,1.1516396511616005,1.5291197599627737,1.0502720341610035,0.04880828948476323,1.0,1.0,1.0,0.5,0.5,167,874466.9790653912,714860.8508555907
11,74,2.005387971839645,2.072443131380985,2.093281635703897,2.5947314081435486,2.000824455415678,1.0,1.0,1.0,1.0,0.5,0.5,192,1281877.164375315,749889.465008317
11,75,2.005073864462477,2.0688894541148812,2.0894816774407534,2.59579632265086,2.002816346562369,1.0,1.0,1.0,1.0,0.5,0.5,195,1289272.3752707655,744077.0021392348
12,0,0.8498810216256575,0.9595736601788868,0.9567714081904213,0.3905909369541153,0.0,0.0,0.0,0.0,1.0,0.5,0.5,1,7744300.961052622,10073470.75817859
12,1,0.9547670637186684,1.0644926210746073,1.061689389271392,0.4985193790275696,0.1049492119708107,0.104836345204976,9.197947214073e-05,0.00010223785768509,1.0,0.5,0.5,3,7743704.682049586,10072946.065953445
12,2,0.9170384518928094,1.0267664422997291,1.0239631760826906,0.46284343206610984,0.06720958221401124,0.0671921344873771,1.195153764018e-05,1.905432633599e-05,1.0,0.5,0.5,4,7743679.566619533,10072904.474962192
12,3,2.3352453704048255,2.5305985709040573,2.5282590262546307,1.9823945732692418,1.6966232875774296,0.6082102591978648,1.0,1.0,1.0,0.5,0.5,5,6334093.521541291,8625443.217699237
12,4,2.325237832546508,2.5211172888476696,2.5187590091442535,1.9780981370636688,1.5993087039697063,0.5989989087853641,1.0,1.0,1.0,0.5,0.5,7,6322450.120989116,8617001.7653351
12,5,2.325026978811823,2.5225905706790765,2.523368596094353,1.9827698948563137,1.5992116334940432,0.5990928218002892,1.0,1.0,1.0,0.5,0.5,9,6322971.187345632,8611548.237111902
12,6,1.4531461306427684,1.8600380431762191,1.8373844356156561,1.4587792326705942,2.047465055147569,0.27457514845100944,1.0,1.0,1.0,0.5,0.5,10,1608598.5967623305,1378028.4249639653
12,7,1.4615580485195072,1.8099970331003465,1.7745030995240285,1.4663009927408448,1.6857684283910674,0.3659091158204459,1.0,1.0,1.0,0.5,0.5,11,884444.4831897557,471711.7203958964
12,8,1.4602905168088616,1.809800488852792,1.777398799228389,1.4806541238437996,1.365811215485367,0.36496835734934174,1.0,1.0,1.0,0.5,0.5,13,934577.8166404648,468648.7466828055
12,9,1.45209565781329,1.7978932488901165,1.7650346750069494,1.4735513287877435,1.3671764511517908,0.35964998576799656,1.0,1.0,1.0,0.5,0.5,15,958569.7133971346,448123.1160195254
12,10,1.3427166381606173,1.6771159598371295,1.6429059682113074,1.3711119132361198,1.302974583939502,0.2583682832420509,1.0,1.0,1.0,0.5,0.5,16,751823.5997025971,963845.6864707032
12,11,1.3280537782273842,1.6628863435495969,1.6316987660286992,1.3625071697105862,1.2464162955595373,0.24440533767921763,1.0,1.0,1.0,0.5,0.5,18,700242.7946445941,1166779.4629558057
12,12,1.3879959224499276,1.7139140186830097,1.6817205698905155,1.419135788835917,1.3265441424121893,0.30994301622572595,1.0,1.0,1.0,0.5,0.5,20,618204.6687394257,542928.8946848112
12,13,1.3555384788235623,1.6793873046034669,1.6529286546313882,1.4283013449335713,1.2894746070750414,0.2804084070985048,1.0,1.0,1.0,0.5,0.5,22,1162066.705492965,509896.8079295261
12,14,1.7050581429954685,2.027141127462439,1.9975085273407174,1.7629730595805522,1.631080549565945,0.6300858099539841,1.0,1.0,1.0,0.5,0.5,23,946407.726646201,460169.6862009892
12,15,1.2814055370152353,1.577725520000727,1.5483975689421725,1.3426199049480068,1.3138651729436852,0.22014036834262204,1.0,1.0,1.0,0.5,0.5,24,893686.5319244328,1415011.9960622897
12,16,1.273038494673517,1.5682473264962629,1.5418040664797532,1.3457461956146726,1.2214251876956645,0.2129118467534552,1.0,1.0,1.0,0.5,0.5,25,880135.8790042144,864680.4132450108
12,17,1.3689466428427188,1.6640512386781097,1.6405944138683666,1.4433276427772046,1.309923152603285,0.3094965679186272,1.0,1.0,1.0,0.5,0.5,37,788192.6364360213,606240.6865583793
12,18,1.3739708179830439,1.6599010641130356,1.6355445209150759,1.4366246780701517,1.3331680100053669,0.31832775031623145,1.0,1.0,1.0,0.5,0.5,39,889948.1916736633,629580.9333289445
12,19,1.3405201974842946,1.624523152819192,1.6059805221872139,1.4268391951803583,1.3023896624953548,0.2867998976102358,1.0,1.0,1.0,0.5,0.5,40,1090521.73845348,740598.6849351637
12,20,1.3479437644328465,1.6307413412998668,1.6150848843581866,1.4408984612954614,1.2994972785723837,0.2952496417884974,1.0,1.0,1.0,0.5,0.5,42,990642.040408236,657694.361706691
12,21,1.351235408915033,1.6347891185461099,1.6222060997162873,1.4493752430768725,1.299961332128079,0.2988155276436396,1.0,1.0,1.0,0.5,0.5,44,1082498.3515282967,795595.9991408648
12,22,1.3909491648561094,1.6708107378914887,1.6518718846690412,1.4807060321182046,1.3411144809783453,0.33880459866763085,1.0,1.0,1.0,0.5,0.5,45,729245.5537075545,317496.1679713321
12,23,1.352646552718137,1.6025256470445939,1.5808101566309005,1.4385873851400954,1.402138775041628,0.3105759144761998,1.0,1.0,1.0,0.5,0.5,46,2295581.9784164927,386560.1135002394
12,24,1.3553429211784234,1.6065276267443935,1.5879395466228616,1.452117556590259,1.3135933108320932,0.31332642585655385,1.0,1.0,1.0,0.5,0.5,48,2424728.499280276,413085.3244182252
12,25,1.3546899766932263,1.6054336562828926,1.5868057889118046,1.4539585963695916,1.3134644092748338,0.3128067394964777,1.0,1.0,1.0,0.5,0.5,50,2545555.368727134,445259.0853668293
12,26,1.3637152480159167,1.6084541108435926,1.5922977701381877,1.4674527450204995,1.33510611336201,0.32403166673393596,1.0,1.0,1.0,0.5,0.5,52,2257400.084893449,368761.18218022975
12,27,1.3669965380922924,1.608081659295808,1.5916001360384475,1.4688897464377113,1.3337077468805028,0.328347692329644,1.0,1.0,1.0,0.5,0.5,54,2258099.2094214186,368372.0077652424
12,28,1.374173706638524,1.6132482398821648,1.5965887503710992,1.4750472999991602,1.3380421455064044,0.3360838772360665,1.0,1.0,1.0,0.5,0.5,57,2085506.9820653177,329679.5755295069
12,29,1.3230342461093187,1.552496679385431,1.5349921939998645,1.4471767144219443,1.3154223971865764,0.2875219949880597,1.0,1.0,1.0,0.5,0.5,58,1437369.0447583594,807005.8886213683
12,30,1.3873540173622914,1.6125236689623776,1.5976600723125194,1.502881693129856,1.3698759135858942,0.3533153766622774,1.0,1.0,1.0,0.5,0.5,59,1927964.111559877,634899.8968157716
12,31,1.4804735659167647,1.6842715702112405,1.6675721631070353,1.5961519864754916,1.482279037919883,0.4515484635552697,1.0,1.0,1.0,0.5,0.5,61,1535326.461895094,1064746.9897648597
12,32,1.4095396090937085,1.609414179124219,1.595407949512545,1.5310434190909328,1.388697164338286,0.38170310526005136,1.0,1.0,1.0,0.5,0.5,63,1365955.443131046,943529.6263349588
12,33,1.469956479467433,1.6695329627122286,1.6554979408161787,1.5972258654619753,1.443749285035995,0.4422353009362161,1.0,1.0,1.0,0.5,0.5,64,1398956.5957484676,719157.6399962724
12,34,1.3990872842162716,1.5973028333724384,1.5831574583157102,1.5197935958421525,1.3746360198092775,0.37159976107930925,1.0,1.0,1.0,0.5,0.5,65,1362175.5659978448,950430.3478685908
12,35,1.4180519804279463,1.6166671121671685,1.6055738075946109,1.5527457781707086,1.3939131659732529,0.39079483440062285,1.0,1.0,1.0,0.5,0.5,66,1298582.7285368794,732002.9438710151
12,36,1.3827561056790567,1.5723512656818686,1.5605042468693995,1.5184967658352972,1.3697743017228814,0.35735089248778373,1.0,1.0,1.0,0.5,0.5,68,1496334.134767006,1244263.9531309234
12,37,1.4062748726947811,1.596556463750871,1.5877872172335603,1.5562435869549764,1.3831435758919182,0.3810202128369077,1.0,1.0,1.0,0.5,0.5,69,1291700.2610871508,659882.3660809045
12,38,1.4269440333691228,1.620841094986132,1.6214321725118706,1.6246261760119924,1.4020124976310666,0.40185877713926627,1.0,1.0,1.0,0.5,0.5,84,1244601.5318398438,542337.7869019351
12,39,1.3739066710238759,1.5567376789974376,1.5564149822979372,1.571986815495269,1.3810111525652828,0.35093817045419173,1.0,1.0,1.0,0.5,0.5,85,1642039.3382749185,555965.6450991727
12,40,1.3804287669345463,1.5616813120186563,1.5642500933829497,1.5832750159695603,1.362236362955057,0.35803328549071656,1.0,1.0,1.0,0.5,0.5,87,1639003.286607709,667447.8754734001
12,41,2.0220921394091294,2.2032132373028865,2.2087925114875544,2.242400624690938,2.0045212480031713,1.0,1.0,1.0,1.0,0.5,0.5,88,1478783.1925190876,658460.3432355785
12,42,1.3873912533980683,1.5674542240627496,1.5759699197589807,1.6189614182096719,1.3666825478137405,0.3657388356401722,1.0,1.0,1.0,0.5,0.5,95,1420140.5476682184,379391.20037710125
12,43,1.381407940005051,1.5470325498520512,1.5634463962421095,1.631322402010917,1.3756201645573023,0.3629663430474549,1.0,1.0,1.0,0.5,0.5,99,1484191.217440232,389358.9063590113
12,44,1.3691046853082582,1.52936498514479,1.5483718220462697,1.6472600378666704,1.3543671417777092,0.35175576065659125,1.0,1.0,1.0,0.5,0.5,106,1620547.858413849,487950.6651532133
12,45,1.3694011666856054,1.5289048723010017,1.5539013473743704,1.689265672404424,1.3534143877624074,0.35261305916471486,1.0,1.0,1.0,0.5,0.5,118,1602005.4849458374,620074.6182530043
12,46,1.3806884320937773,1.5430228520063352,1.5773201671905799,1.7750495663026298,1.3643852927659936,0.36414766622452255,1.0,1.0,1.0,0.5,0.5,136,1668904.500880749,615686.0397221242
12,47,1.3694045690541705,1.5281050695194773,1.5651378520303485,1.7814287673960179,1.3603791141857762,0.35362958837085123,1.0,1.0,1.0,0.5,0.5,138,1866488.133358151,681271.4643984283
12,48,1.3912553555889307,1.5492788039410326,1.5953344883724712,1.8715329094129134,1.3769318514639608,0.376224721233977,1.0,1.0,1.0,0.5,0.5,157,1421117.1461476302,430311.95171601954
12,49,1.3967006592724602,1.5544411751791722,1.6035005682630918,1.8893403943519027,1.3919564576002943,0.3819175353266816,1.0,1.0,1.0,0.5,0.5,159,1564242.8116015906,961152.6637251092
12,50,1.3793774653573332,1.5339898724217134,1.5888541188421001,1.8955047428481584,1.3654835861130845,0.3654492641950664,1.0,1.0,1.0,0.5,0.5,164,1733826.312419484,1204496.4497488288
12,51,1.3791349092765437,1.5306260956935676,1.5852445113504712,1.8935081958008788,1.369943664394176,0.3656319182459399,1.0,1.0,1.0,0.5,0.5,166,1697513.848094026,990986.9741640463
12,52,1.3550248036182062,1.490748317665989,1.5441315075078825,1.8597425876116458,1.3570433680864238,0.3435736142828216,1.0,1.0,1.0,0.5,0.5,169,1705925.6648571107,826426.5485206364
12,53,1.3555943703745081,1.4924375061765727,1.5489359250477577,1.8749134154167604,1.3444238827752917,0.34418887340752324,1.0,1.0,1.0,0.5,0.5,173,1702542.498937121,821289.0574389378
12,54,1.35852802453433,1.492804817217246,1.5460750776739989,1.895397413046293,1.3478158620033642,0.34725767483319525,1.0,1.0,1.0,0.5,0.5,178,1688268.5099058682,820062.9583529775
12,55,1.3675166888449604,1.499185787638721,1.5522529755857648,1.9212184378482555,1.3632906294319451,0.3565694869558844,1.0,1.0,1.0,0.5,0.5,179,1627555.3894131,904356.2750303446
12,56,1.3540406564836958,1.484584376574718,1.5375640195570677,1.9018987256020052,1.344654508943372,0.34322896464453645,1.0,1.0,1.0,0.5,0.5,181,1690799.5606655283,886444.22985109
12,57,1.365180670657418,1.4979968957227283,1.5572096264835031,1.9396067801264762,1.3550454833354872,0.3544534070174654,1.0,1.0,1.0,0.5,0.5,184,1649660.3355870792,636471.8561731414
12,58,1.3700945074332025,1.5027922911628222,1.5619955497282052,1.9525384196247106,1.3594350581296601,0.3593861233878054,1.0,1.0,1.0,0.5,0.5,192,1619648.482838994,982232.5470473068
12,59,1.3695043028646097,1.4980078634341218,1.5629419833747975,1.9851975156700052,1.364218005235494,0.35964778694020405,1.0,1.0,1.0,0.5,0.5,196,1650071.2891815596,976108.0314897863
12,60,1.3694990408177985,1.4978967762944686,1.5628228512342035,1.9884940325761278,1.359924341092864,0.3596548175400237,1.0,1.0,1.0,0.5,0.5,197,1650534.3999171057,971288.1647890792
12,61,1.3694804434882195,1.4978147140637121,1.5627359377173646,1.9884381325682519,1.359716071921846,0.35964304623398435,1.0,1.0,1.0,0.5,0.5,199,1651872.0022104878,991798.610497423
12,62,1.3694422814928278,1.4973846008213418,1.5622754511131733,1.994902354596781,1.3606664627674063,0.3596513454602096,1.0,1.0,1.0,0.5,0.5,200,1646157.034092137,977745.349241944
13,0,0.6920043141002247,0.9086823060350918,0.9023524193490795,0.35933699664714547,0.0,0.0,0.0,0.0,1.0,0.5,0.5,1,15062118.98312772,10097241.669910667
13,1,1.1482302802311284,1.3676719343945671,1.3644356824826767,0.8348531099879246,0.45876109702580653,0.1377238697743676,0.28770278586870157,0.3532859542012824,1.0,0.5,0.5,4,15001695.777957784,10050932.77613076
13,2,0.8330817794088962,1.052717548814983,1.0494738531648469,0.5230525205143128,0.1436186054863782,0.1002930970148211,0.04038032027916767,0.045776414817142994,1.0,0.5,0.5,5,14998310.811481005,10046798.267479366
13,3,1.7858247921482908,2.0087130462064655,2.005342981929129,1.479753480732895,1.1053656579862667,0.10119198972662076,1.0,1.0,1.0,0.5,0.5,6,14782216.424026553,9961187.12882378
13,4,1.7675138425725614,2.0239395745155053,2.0191748257005244,1.4978652638233436,1.1825885918478765,0.1365383894250075,1.0,1.0,1.0,0.5,0.5,7,14003127.19358471,9327320.527971389
13,5,1.7196419055801733,1.9838077989652536,1.9786914316816198,1.465006917201808,1.113040728588917,0.10147951715806676,1.0,1.0,1.0,0.5,0.5,8,13837946.516790736,9141737.475825649
13,6,1.6877216584388837,1.9717577021697752,1.9656855728850835,1.4616298684761668,1.1347356028604454,0.10321803598644921,1.0,1.0,1.0,0.5,0.5,9,12630901.973991657,8271548.214307749
13,7,1.695993061144593,1.985162723091213,1.978828448372095,1.4838962892683507,1.1290471805059283,0.12040391154408066,1.0,1.0,1.0,0.5,0.5,10,12627270.706412248,8213360.964899396
13,8,1.2595526043003582,1.6454548421967234,1.6182551315844131,1.2858499584325473,1.9176059666403111,0.12557772812469775,1.0,1.0,1.0,0.5,0.5,11,2124380.6270494103,1177650.3408390873
13,9,1.2098825795107562,1.5710373266842619,1.540136628363876,1.2320253488473902,1.1655529692744582,0.10455088015137973,1.0,1.0,1.0,0.5,0.5,13,1621372.8164838683,780569.5091814433
13,10,1.5404402110512059,1.8916810391414733,1.8624534478419954,1.5755775900717013,1.4691872902019905,0.4449246029928072,1.0,1.0,1.0,0.5,0.5,15,2641905.202308054,1076502.5901013103
13,11,1.1635912290352155,1.5167381126798523,1.4966259973285467,1.2241200718500074,1.0804157866352158,0.07006501113265486,1.0,1.0,1.0,0.5,0.5,16,1637100.3062589138,676771.8586052334
13,12,1.160275071550633,1.5067390811772923,1.4828538132976459,1.2169728286234227,1.0914092699470967,0.07063570569114352,1.0,1.0,1.0,0.5,0.5,17,1657887.0157581666,665859.5572655983
13,13,1.1222087175907556,1.4485747408974041,1.422390369834953,1.1740193110258434,1.1215314457129741,0.04563962376881022,1.0,1.0,1.0,0.5,0.5,18,1712032.5997838087,603180.8598453648
13,14,1.1187889987105164,1.4402574070353613,1.4165244635100858,1.1875429868607408,1.057210693201697,0.04582024531043638,1.0,1.0,1.0,0.5,0.5,20,1521371.810936849,489624.6361547923
13,15,1.1227333375911528,1.4409552785459132,1.4138896383186597,1.1907837542612505,1.0570225332445085,0.0507337606822356,1.0,1.0,1.0,0.5,0.5,21,1336569.6376425943,640663.0055289725
13,16,1.1043326524304153,1.3991447127272465,1.3726610087446847,1.1743319840160753,1.1289642977693604,0.04439293751907298,1.0,1.0,1.0,0.5,0.5,22,1379124.6033871144,551698.0581352551
13,17,1.1144689704919934,1.3845390549373748,1.3586678641904086,1.174870827906688,1.106536888292313,0.06481897224046414,1.0,1.0,1.0,0.5,0.5,24,1867506.057749035,771188.3903655232
13,18,1.139645435802424,1.405923667505574,1.3736887942234275,1.191924933997976,1.0927224055451794,0.09027538590128868,1.0,1.0,1.0,0.5,0.5,25,1861150.076828136,702251.5078336607
13,19,1.1115772027328443,1.3765628351132804,1.350215911292102,1.1824531208527886,1.067012836082363,0.06370191476594171,1.0,1.0,1.0,0.5,0.5,29,1933311.0792578931,864534.1979580083
13,20,1.0965086423724981,1.3626222114865563,1.3393820433955852,1.18834223086265,1.0503283392333804,0.0488033055466834,1.0,1.0,1.0,0.5,0.5,30,1946100.04911413,762364.138705138
13,21,1.1113059696412293,1.3771741986510082,1.3569189458508712,1.1944085068170625,1.0691796556093318,0.06415711650700454,1.0,1.0,1.0,0.5,0.5,31,1949292.1056644549,887942.1003434607
13,22,1.118410844845838,1.3827818378193635,1.3593820733504665,1.2149240003293662,1.0712731755398668,0.07126477850179413,1.0,1.0,1.0,0.5,0.5,34,1951398.6772028755,888078.8875513696
13,23,1.104401787605811,1.3510871185459505,1.320053106422066,1.192885418940643,1.1064855368322486,0.06198126983376014,1.0,1.0,1.0,0.5,0.5,35,2255519.369460707,1641204.0793118288
13,24,1.09901417146952,1.3463522650532065,1.3213973536154486,1.1921403030022895,1.0639406264875721,0.05727105439710228,1.0,1.0,1.0,0.5,0.5,36,2192406.931186312,2039491.1625385256
13,25,1.1009351138896672,1.3433154905417526,1.3179142816568103,1.2047667343788933,1.0755219013862685,0.060672421335627,1.0,1.0,1.0,0.5,0.5,37,2702974.961772859,1696186.5103246924
13,26,1.1036932525023104,1.346490288389465,1.3241369736052295,1.202241788777013,1.0669249416700426,0.06374286976932667,1.0,1.0,1.0,0.5,0.5,38,2884051.5422150646,1356130.029900103
13,27,1.1231304187253353,1.3605085806873163,1.33164986080295,1.2357336608992966,1.0911302182271858,0.08388480597770118,1.0,1.0,1.0,0.5,0.5,39,2560220.16062462,1866669.2069881456
13,28,1.09793207070188,1.3441912558387727,1.3372034713562964,1.2978887053976806,1.0593219196765165,0.059089453564969995,1.0,1.0,1.0,0.5,0.5,57,2252199.463923143,531961.4735300932
13,29,1.1168491494714967,1.3403316245447392,1.3102493965008297,1.2319093491706374,1.1173949212968943,0.08135884307487626,1.0,1.0,1.0,0.5,0.5,58,2777904.086792562,742417.936573606
13,30,1.1011666158553588,1.3051521666954982,1.2703717339561096,1.2095873266862092,1.1212687783302473,0.07009243027921941,1.0,1.0,1.0,0.5,0.5,59,1516919.892777473,1390183.8021209266
13,31,1.0981969518152057,1.293163855128894,1.2576153129866166,1.2100837759915233,1.0819630055791074,0.06918689605922697,1.0,1.0,1.0,0.5,0.5,61,1704696.3049779804,1871830.3015888133
13,32,1.0984823581902081,1.291403095551535,1.2587012552821197,1.2174082733625096,1.0750227893823396,0.07022364282073255,1.0,1.0,1.0,0.5,0.5,63,1587056.8842667574,1552693.8638519095
13,33,1.0984787010109733,1.2928661612938397,1.263305798569032,1.23478862945728,1.070247219391997,0.07022364282073255,1.0,1.0,1.0,0.5,0.5,65,1586986.6223710645,1552427.4951547708
13,34,1.0951902682867,1.2773339832278356,1.2376889968071163,1.2042753724682527,1.0902517247469334,0.06858696606308165,1.0,1.0,1.0,0.5,0.5,66,1232228.1426572877,1709265.5252499075
13,35,1.0932621623732544,1.256918318222597,1.2157407569445158,1.1950269867272048,1.1208519224345155,0.07028178244922648,1.0,1.0,1.0,0.5,0.5,67,1380351.0770918436,1785266.5243453116
13,36,1.0949660890115256,1.2515568751153379,1.2128227307873156,1.2053162927094343,1.0966164870492807,0.07353605016075535,1.0,1.0,1.0,0.5,0.5,68,1367221.3981642595,1437587.1505407644
13,37,1.0942631356017785,1.2482850861968111,1.2123647362353247,1.219947949860897,1.078922924876399,0.07353605016075558,1.0,1.0,1.0,0.5,0.5,70,1342965.4280963186,1365011.512587425
13,38,1.0938246433916152,1.2450097823607507,1.2088588016905366,1.2235078237519674,1.0761210682601798,0.07358615924764524,1.0,1.0,1.0,0.5,0.5,73,1349265.7125128184,1399055.7037020822
13,39,1.0933383555937648,1.238346539865997,1.1986719368331418,1.221906276407542,1.086444758826448,0.07389222570614387,1.0,1.0,1.0,0.5,0.5,74,1350185.4532868704,1424597.6880263956
13,40,1.092716852162357,1.239330342569807,1.2058323181367123,1.2440464692494342,1.0740982775027264,0.07349593494476335,1.0,1.0,1.0,0.5,0.5,80,1357360.8198391774,1428617.690342135
13,41,1.0932296498355272,1.2357308501711435,1.1958538208250868,1.2402653679594184,1.0772447899641657,0.07419723263058683,1.0,1.0,1.0,0.5,0.5,81,1149078.9552710352,1466074.0114447922
13,42,1.0860989810523436,1.2355366844273865,1.2143609563307551,1.3071939417995013,1.067683186445466,0.06739064742247561,1.0,1.0,1.0,0.5,0.5,99,1245428.8427454126,1677633.1232359384
13,43,1.140843010734613,1.2909502888789142,1.2728525978680376,1.3894576518175774,1.1229749493259729,0.12226475091058286,1.0,1.0,1.0,0.5,0.5,102,1233697.336812321,1685571.609179115
13,44,1.0874310567891081,1.2383724414978032,1.2233656628197256,1.3683490299801804,1.070685963828491,0.06895754460444456,1.0,1.0,1.0,0.5,0.5,103,1424601.782083496,1815510.3897804515
13,45,1.0867878487051912,1.2337042041946267,1.2183739215757972,1.3743901106717091,1.0742923709031098,0.0689567696322166,1.0,1.0,1.0,0.5,0.5,105,1416344.8935290829,1821430.370814819
13,46,1.0854410843630045,1.2246543498474902,1.2056826164071284,1.369597226750224,1.0767885687950338,0.0685762501082914,1.0,1.0,1.0,0.5,0.5,107,1202384.2173301743,1674809.95325346
13,47,1.0854297537484332,1.2260529218547456,1.2102185239893508,1.3773639878044133,1.068674008041464,0.06857625010829138,1.0,1.0,1.0,0.5,0.5,109,1202020.6619438012,1672807.1523505591
13,48,1.0802568653620246,1.2170107356988957,1.206918262106186,1.3760988435696153,1.0824196753134183,0.06442942830218908,1.0,1.0,1.0,0.5,0.5,110,1046486.5458287512,1632624.7657930823
13,49,1.0797466473812887,1.2133713278066804,1.2030303143830106,1.379916984102215,1.0684768216128702,0.06437666919231028,1.0,1.0,1.0,0.5,0.5,112,1059985.6101634305,1599433.7086584258
13,50,1.0796392583143983,1.215507301486363,1.2113952959284253,1.3946597050114,1.0653185957505917,0.06437420453343842,1.0,1.0,1.0,0.5,0.5,114,1060416.687045328,1609779.136715004
13,51,1.0844817065810308,1.21052481509906,1.1995834502666822,1.4047085841514702,1.0880965535441591,0.07019007087469137,1.0,1.0,1.0,0.5,0.5,115,1106309.3901018065,1493506.0445377035
13,52,1.0844803439080062,1.2104591969254845,1.1995128641917094,1.4107452766820647,1.0702810964856517,0.07019764222066659,1.0,1.0,1.0,0.5,0.5,117,1106392.2289418592,1493676.5320347447
13,53,1.0854567341279373,1.204103919233412,1.1895530102311,1.4123474764813555,1.0871823324285415,0.0719772709293435,1.0,1.0,1.0,0.5,0.5,118,1489120.4017707033,2198937.821723922
13,54,1.0845134750852714,1.1983934768454882,1.1864950021652363,1.41309002647589,1.0799658038442483,0.07186655143575366,1.0,1.0,1.0,0.5,0.5,120,1052160.113806702,1562117.9983987391
13,55,1.1812517730259713,1.2709349165695083,1.2571521003879598,1.5082689511897087,1.2026671343823878,0.1715921004831767,1.0,1.0,1.0,0.5,0.5,122,1114634.0746253417,1910831.2606276013
13,56,1.0786811315269293,1.1671089052939918,1.1532289897508647,1.4080204794944742,1.0723750789576059,0.06916683516104047,1.0,1.0,1.0,0.5,0.5,123,1095940.8941246069,1870241.3729044243
13,57,1.096750164439102,1.1801108092981927,1.165839456476889,1.4292747393631717,1.1007206572360322,0.0878137526038517,1.0,1.0,1.0,0.5,0.5,124,1156939.4098094068,1760276.395293892
14,0,0.7089811067833109,0.914671889934557,0.9087573604850362,0.36301538505347497,0.0,0.0,0.0,0.0,1.0,0.5,0.5,1,14275581.705562836,10096395.485648109
14,1,0.8138544234622304,1.0195732213430129,1.0136575533834713,0.4709261989445936,0.10493266141252652,0.10481648002967221,9.448680351903e-05,0.00010420190238538999,1.0,0.5,0.5,3,14274157.181961566,10095200.089958413
14,2,0.7761473115672298,0.9818676845138393,0.975952072008099,0.43527117421316325,0.06721328710799988,0.0671976697863084,1.193942218999e-05,1.5470058219910002e-05,1.0,0.5,0.5,4,14274125.89516056,10095158.49896716
14,3,1.1576355109516543,1.3661966873484135,1.3633736265605747,0.83107853394089,0.4524494077079563,0.1407397093436881,0.29413242238381543,0.32595729644521426,1.0,0.5,0.5,5,14234599.219607469,10069806.791106932
14,4,1.8797364464155872,2.123335263824748,2.115917810189399,1.5888473474352738,1.278215223398504,0.23034305162441743,1.0,1.0,1.0,0.5,0.5,6,12933736.006771827,9105529.126448972
14,5,1.616696332648989,1.9406741135488368,1.9291394804755968,1.4333937269790458,1.1752127502237029,0.10707845738305458,1.0,1.0,1.0,0.5,0.5,8,10704952.99258578,7412840.383423094
14,6,1.6071181133249282,1.9324061692826722,1.9207672101125366,1.4285918117207814,1.1034230782725098,0.1003174201060542,1.0,1.0,1.0,0.5,0.5,9,10710051.512687214,7254512.869095717
14,7,1.571823865440852,1.9776521407699201,1.9569700418321434,1.5259611713481602,1.5745350732077004,0.27602371019235344,1.0,1.0,1.0,0.5,0.5,10,6642222.259763397,4229674.204884794
14,8,1.373044028324582,1.7795033704202556,1.7586055043564088,1.3321198477439138,1.087956900169901,0.08098621907230033,1.0,1.0,1.0,0.5,0.5,11,6482096.079286858,4120321.4722810574
14,9,1.8704161361929434,2.240871514182572,2.2054080786039476,1.874989560419806,2.232739661550345,0.752483285086332,1.0,1.0,1.0,0.5,0.5,12,2070668.7158166715,1043186.7873671632
14,10,2.1052823305984925,2.4634519800663632,2.4262602586574222,2.1124525494326387,2.057098732799009,1.0,1.0,1.0,1.0,0.5,0.5,13,2269448.6826611697,1059548.7042865593
14,11,1.2189365837605033,1.5699943630666198,1.5288839198823236,1.2231255719155187,1.1461715363264364,0.11920779312606282,1.0,1.0,1.0,0.5,0.5,14,2436857.097841749,1113192.5126121498
14,12,2.081132598714978,2.4077380887680175,2.3666842289433196,2.091767573048423,2.0503503545563317,1.0,1.0,1.0,1.0,0.5,0.5,16,1504391.346450278,567024.3227549965
14,13,2.0777991713929382,2.4002897870184983,2.3617599146854222,2.084256073079712,2.010030382060061,1.0,1.0,1.0,1.0,0.5,0.5,18,1423796.9343809967,441970.97524161375
14,14,2.077726688959568,2.4015796617194898,2.3661798160245726,2.091982263845657,2.000222073754615,1.0,1.0,1.0,1.0,0.5,0.5,20,1427520.117517919,448939.9667986145
14,15,2.0777001334846013,2.4015086461460644,2.3661038803374175,2.0984951142119375,2.0000813621196727,1.0,1.0,1.0,1.0,0.5,0.5,22,1427365.4337599436,448769.29595588666
14,16,2.075626278534032,2.3973705396966185,2.3647195814888313,2.0972277653684883,2.006427443911784,1.0,1.0,1.0,1.0,0.5,0.5,24,1430495.428327595,452422.32189722266
14,17,2.0756251501309295,2.3973672787774305,2.36471609019287,2.103782226341951,2.0000034902558723,1.0,1.0,1.0,1.0,0.5,0.5,26,1430694.5199609974,452611.1721864712
14,18,2.0753738085825937,2.3966777755313666,2.3639787126163534,2.112298268429527,2.0015774985738366,1.0,1.0,1.0,1.0,0.5,0.5,27,1430667.250184948,474828.8323194501
14,19,2.073776987844524,2.393733890153401,2.3638710378750067,2.1142543138199548,2.005062083011783,1.0,1.0,1.0,1.0,0.5,0.5,29,1410140.7108164504,475740.5399807288
14,20,2.0731015368846197,2.3918371221591053,2.3618426742692282,2.1177650038136195,2.0021682640693683,1.0,1.0,1.0,1.0,0.5,0.5,31,1390580.1121218018,466453.2393986423
14,21,1.1963242884929985,1.489702951704173,1.4600819627881683,1.231541159365897,1.2277628252391493,0.13634503828665,1.0,1.0,1.0,0.5,0.5,32,1357950.0223623666,1103371.4457328413
14,22,1.219798882127463,1.482416386853302,1.4498290319030667,1.2482026899058711,1.2047823278264,0.1718526029116624,1.0,1.0,1.0,0.5,0.5,35,1461477.8013228185,1439449.40451896
14,23,1.1626560251164264,1.4223611338606186,1.3925084251175304,1.1935861008096538,1.1298149821884698,0.11621154752633386,1.0,1.0,1.0,0.5,0.5,36,1448583.9457466917,1427365.1441648535
14,24,1.162605012160436,1.423627819802941,1.3969035699944106,1.2006609598378648,1.1164454331421991,0.11621154752633389,1.0,1.0,1.0,0.5,0.5,38,1447623.089050253,1425779.4028110646
14,25,1.1625636161112467,1.4234513678423246,1.3967149606647584,1.2157555763162247,1.1165914706169369,0.11621154752621846,1.0,1.0,1.0,0.5,0.5,39,1446841.5830732563,1424487.662017363
14,26,1.1302143312953117,1.3705347171848412,1.3389295856501926,1.1716026632727565,1.11761745975662,0.0896673996387046,1.0,1.0,1.0,0.5,0.5,41,1545746.0704358676,1445383.4187450714
14,27,1.1309251959953717,1.3718158643733402,1.3432727200440997,1.1794092995124537,1.091965127389511,0.09063984647741584,1.0,1.0,1.0,0.5,0.5,43,1536397.845997066,1435926.4293622477
14,28,1.1289057070256383,1.3632794842330629,1.3341541356602538,1.1793982866821837,1.1002197389557644,0.09050214486775379,1.0,1.0,1.0,0.5,0.5,45,1512570.174916813,1460589.796942251
14,29,1.1314158271299508,1.3592233991111602,1.3295200829443252,1.1890920095073683,1.1042592806083422,0.09478676637979247,1.0,1.0,1.0,0.5,0.5,47,1463379.747948495,1438401.2075642163
14,30,1.1314158277278745,1.3592233996725815,1.3295200835057468,1.1890920100689115,1.0947868599178574,0.09478676694121396,1.0,1.0,1.0,0.5,0.5,48,1463379.7427488416,1438401.2063076303
14,31,1.1272089084165988,1.3518688493793154,1.321889872042214,1.1885382198868937,1.1004664700728728,0.09140800178670712,1.0,1.0,1.0,0.5,0.5,49,1411361.8297631475,1383903.2913266455
14,32,1.128029609480053,1.3522763135047482,1.3252751365262017,1.204453904375709,1.095406345551515,0.09271475495929196,1.0,1.0,1.0,0.5,0.5,51,1402672.8831286198,1371189.3943190756
14,33,1.1293533819196142,1.3517438324520004,1.3245810067445474,1.2101871985637347,1.0971776658082604,0.0945149180989558,1.0,1.0,1.0,0.5,0.5,53,1389945.8780641002,1368172.9960194365
14,34,1.127185998165022,1.339188092386427,1.3081113981481227,1.1977663808682018,1.1072760173456913,0.09456263069461876,1.0,1.0,1.0,0.5,0.5,55,1319515.679091376,1379905.3086273123
14,35,1.1271623306908853,1.3383379979906578,1.3102058257186597,1.2048595084340241,1.0983646540019096,0.09509335441274815,1.0,1.0,1.0,0.5,0.5,57,1280631.1411548238,1379324.5231423266
14,36,1.1260622650286982,1.3373352347632355,1.3122276799762802,1.2113954948488197,1.0962875913151415,0.09432320342072942,1.0,1.0,1.0,0.5,0.5,59,1239140.4353484963,1347593.9025940443
14,37,1.1285656761177916,1.338947048786343,1.3137630099736644,1.229814063602047,1.098295518408765,0.09703684580499347,1.0,1.0,1.0,0.5,0.5,61,1252587.9295759911,1389927.195196762
14,38,1.1285572396528252,1.3388505702414264,1.3136589844490323,1.2352202667608436,1.097173083838915,0.09704906456634012,1.0,1.0,1.0,0.5,0.5,63,1252360.2035044716,1389869.130982564
14,39,1.12401962971471,1.3327738879258222,1.3134840139347117,1.251776090622195,1.0977884782163518,0.09355720419367844,1.0,1.0,1.0,0.5,0.5,66,1292741.3184009092,1376704.6719678498
14,40,1.1174494020193104,1.3175423242213098,1.2975180350392934,1.2290614297203208,1.096994520940895,0.088920004606301,1.0,1.0,1.0,0.5,0.5,69,1290114.6843210747,1306577.8014772302
14,41,1.1182365131395038,1.3156295314408777,1.295377720209644,1.236866953980349,1.0940430880853864,0.09028987047502236,1.0,1.0,1.0,0.5,0.5,71,1306394.512333186,1315964.818649457
14,42,1.118554875858911,1.3112550336483029,1.2906091793128849,1.2375028783546358,1.0980977431539134,0.09159951715131279,1.0,1.0,1.0,0.5,0.5,73,1298466.3071291214,1302233.4492983737
14,43,1.1160495732455071,1.306901822138414,1.2830824143915305,1.2425955645128557,1.0895046132605277,0.0891698856379311,1.0,1.0,1.0,0.5,0.5,76,1289510.0978067573,1309187.4337777745
14,44,1.1178221160196218,1.3046979727551626,1.2805462245486527,1.2561157160189547,1.095413878274468,0.09175994978524776,1.0,1.0,1.0,0.5,0.5,79,1258938.671256791,1296210.264803495
14,45,1.1179646804035956,1.2964173270407948,1.274586287333259,1.2592557026444449,1.0992869320774452,0.09386062146773896,1.0,1.0,1.0,0.5,0.5,84,1221273.395904272,1482363.712100368
14,46,1.11795837803572,1.2963872913009622,1.2745542814439372,1.2647862464734811,1.0938909815427538,0.09385884702753478,1.0,1.0,1.0,0.5,0.5,86,1221151.0151307234,1482459.3255289963
14,47,1.1258977350899895,1.3019879796000526,1.2920474419985197,1.3247530686920266,1.105394360489317,0.10335162353956182,1.0,1.0,1.0,0.5,0.5,97,1077964.4302730158,1306512.9993258088
14,48,1.1150036940632004,1.286950318099748,1.2706265838695223,1.2944193404867206,1.0989848144235674,0.09267308634477181,1.0,1.0,1.0,0.5,0.5,98,979471.7810628412,1513940.200497799
14,49,1.1159833980835692,1.2792136228930755,1.2621781488249122,1.3034322340103799,1.1053901744324124,0.09520430101209028,1.0,1.0,1.0,0.5,0.5,100,1023444.6977344372,1687809.0811542089
14,50,1.1151585363169456,1.2746192900267732,1.2603004239497988,1.3096714174909305,1.1023097883436521,0.09527924209850767,1.0,1.0,1.0,0.5,0.5,102,986651.8465609254,1742742.3774032325
14,51,1.1143427850139416,1.2704047257213453,1.2527875903646513,1.3135962054443675,1.0998866467810906,0.0947850242621202,1.0,1.0,1.0,0.5,0.5,103,915450.7322624652,1834470.965215083
14,52,1.1098271007561373,1.2644632308990875,1.2527779369548804,1.3566529248160646,1.091645156722052,0.09099501145516856,1.0,1.0,1.0,0.5,0.5,121,1118203.8066042822,1876547.4715778767
14,53,1.0967529719848015,1.2387528004630708,1.2290783138266943,1.3621681723965682,1.085084431563482,0.08014169116358132,1.0,1.0,1.0,0.5,0.5,127,2276966.582209824,1448973.177570551
14,54,1.0967523355153228,1.2400871290812736,1.2335442473066447,1.3727019971449121,1.0848080978166628,0.08016368097083144,1.0,1.0,1.0,0.5,0.5,129,2273848.077537178,1454391.916186626
14,55,1.0895873184098381,1.2160228827437372,1.2020865081224592,1.3540921723235035,1.1101667818339431,0.07503269376260045,1.0,1.0,1.0,0.5,0.5,130,2156236.9791083136,1671817.6090647215
14,56,1.089576099758404,1.2174363020674082,1.2066385525602559,1.3757430480198067,1.076286139243472,0.07502978718566009,1.0,1.0,1.0,0.5,0.5,131,2155498.3600371983,1673215.2830070446
14,57,1.0895471211493357,1.2156358086573722,1.2016718519432423,1.3655927263601373,1.0753010566425178,0.07504127787103408,1.0,1.0,1.0,0.5,0.5,134,2151991.5640970804,1679537.9867745722
14,58,1.0895646140311852,1.215587836852208,1.201618695233752,1.371441051602809,1.0751446485110234,0.0750679448828374,1.0,1.0,1.0,0.5,0.5,136,2151657.8414932243,1680092.1946235043
14,59,1.0895787849162066,1.2153739312098764,1.201386745667751,1.3883530326305047,1.07537131419291,0.07511418812682952,1.0,1.0,1.0,0.5,0.5,139,2152900.520215129,1690024.2493225888
14,60,1.089512765963083,1.2164440106680614,1.2055727720332374,1.4202179110420232,1.0752093636623226,0.07509693219802673,1.0,1.0,1.0,0.5,0.5,147,2148677.8045449904,1699545.9136119103
14,61,1.0920543317418023,1.2201155967444952,1.2123600478925098,1.4399135784757346,1.0780018353171377,0.07768806705020273,1.0,1.0,1.0,0.5,0.5,150,1942717.4551720957,1688999.723977263
14,62,2.013770477946893,2.141977885170716,2.1433125416079157,2.3858492073976523,2.0033633418018977,1.0,1.0,1.0,1.0,0.5,0.5,153,1151881.0889140842,663985.2055499388
14,63,2.0137224279577115,2.143061597314162,2.147511618477525,2.406292856012616,2.0002284024505665,1.0,1.0,1.0,1.0,0.5,0.5,157,1147154.4007072493,661550.1708940469
14,64,2.013715662253438,2.144489155269754,2.1520787096804908,2.4176877476627543,2.0000643313695594,1.0,1.0,1.0,1.0,0.5,0.5,159,1146323.8117236155,661090.5066084893
14,65,2.0136441849576063,2.1498319901969523,2.1699539069585496,2.4649994420311856,2.0000851820596446,1.0,1.0,1.0,1.0,0.5,0.5,175,1193366.7274162287,595383.9118469693
14,66,2.0133326420054583,2.1472174576569643,2.1671582517176775,2.4894261146758416,2.002985261770484,1.0,1.0,1.0,1.0,0.5,0.5,177,1133588.8839982343,622696.982068567
15,0,0.6083367355478259,0.8768926918453107,0.8683592575283052,0.33981402394972715,0.0,0.0,0.0,0.0,1.0,0.5,0.5,1,18986767.370731167,10134288.902481558
15,1,0.7094881867165478,0.978066643465968,0.9695321260927431,0.44399787667487445,0.10120695847459783,0.10109038064547624,9.013196480935e-05,0.00010816988001502,1.0,0.5,0.5,3,18984610.321582224,10133128.58189913
15,2,1.021107272100531,1.2922021545268447,1.2867620079918731,0.7716521878795493,0.41615304365187455,0.1355047717291345,0.2530985101051576,0.30498041372745316,1.0,0.5,0.5,4,18938548.90901311,10111202.718427025
15,3,0.7456165749605312,1.016873193743527,1.0114253281597243,0.4994781427240412,0.13957885085901478,0.10025389293021372,0.03390885598504426,0.04423492173484178,1.0,0.5,0.5,5,18935898.75223705,10107547.6781359
15,4,2.548988293390496,2.8531839977275015,2.846047337212375,2.3385445177106323,2.055825637783035,1.0,1.0,1.0,1.0,0.5,0.5,6,17560637.336400673,9240019.644776285
15,5,1.4505665203454816,1.8330521985214179,1.8197924098583598,1.3572552357412784,1.169143082421423,0.06820287835060371,1.0,1.0,1.0,0.5,0.5,8,9993854.586652512,5355157.389557203
15,6,1.4505009000917146,1.8344942494511784,1.8243751325455149,1.3634603259915377,1.0682504539233437,0.06820287835060371,1.0,1.0,1.0,0.5,0.5,10,9991431.862182211,5353411.973599021
15,7,1.3626563259985296,1.774239708266573,1.7491833900131697,1.3835055862143615,1.1927931507419474,0.13571404954278085,1.0,1.0,1.0,0.5,0.5,15,8090544.888134659,3843314.735012283
15,8,2.1480337429425966,2.539451687308285,2.507527868873271,2.1850338297710192,2.2264545209743005,1.0,1.0,1.0,1.0,0.5,0.5,16,2841043.4574771496,1645282.7659496388
15,9,1.274400937297285,1.6387000077038718,1.6052861132279603,1.3239316169904933,1.3174291400482663,0.16460402508384644,1.0,1.0,1.0,0.5,0.5,17,2225944.607118521,1007986.3967023036
15,10,1.6016966383056164,1.9375519440849078,1.9005403126077298,1.6407012980380131,1.6340533721387767,0.5153585628812808,1.0,1.0,1.0,0.5,0.5,18,2238736.5267807194,818787.8135675826
15,11,1.2464081094175445,1.5758579358473277,1.5381069556916698,1.285244130366091,1.1887750368351195,0.1643317459560323,1.0,1.0,1.0,0.5,0.5,19,2020599.470901712,730784.3772890856
15,12,1.231635556525181,1.5626011590210038,1.5309722863681423,1.2863279461215198,1.1532086780966955,0.15048474275669832,1.0,1.0,1.0,0.5,0.5,21,1870989.4365306653,673448.447839938
15,13,1.2607803827365616,1.5840895563671453,1.5456453276769209,1.290744929285419,1.1913835666525352,0.1825664172469123,1.0,1.0,1.0,0.5,0.5,23,2138513.249076088,744046.308352789
15,14,2.072044107028775,2.3843913566800654,2.3447594457408965,2.09982567259948,2.038895949836636,1.0,1.0,1.0,1.0,0.5,0.5,24,1543465.697731905,397215.44155254
15,15,1.152630549393619,1.4561860043521524,1.418612296111599,1.1893317277656896,1.1221444914858358,0.08596479084093235,1.0,1.0,1.0,0.5,0.5,25,1943821.397670216,4141422.527983296
15,16,1.186704408715117,1.4849980902908482,1.449876910829813,1.2369555795237432,1.1346773768363492,0.12326323780396238,1.0,1.0,1.0,0.5,0.5,27,1992175.50288557,3228815.1954380064
15,17,1.1869719137632513,1.4846570425744456,1.4494715441228556,1.2299349183046784,1.126166914331566,0.12385082740740334,1.0,1.0,1.0,0.5,0.5,28,1918952.393644851,3172043.7871496733
15,18,1.186132379954779,1.4865872843245456,1.4576680545098717,1.2590045181595881,1.1238053979530838,0.12310747774777878,1.0,1.0,1.0,0.5,0.5,29,2021539.5979810944,3240175.586972498
15,19,1.1859492468886261,1.4862365579034726,1.457301993232606,1.2587355335565955,1.1233564483018084,0.12297668220971199,1.0,1.0,1.0,0.5,0.5,30,1933442.372548927,3151386.182548339
15,20,1.2026323120388485,1.4894911705929035,1.4532276490688711,1.251055844779907,1.1784562379823442,0.14423446741118834,1.0,1.0,1.0,0.5,0.5,31,2514610.6161026144,2093892.1780297211
15,21,1.1698495140507608,1.4510233687954621,1.4142048676086376,1.2180791662096158,1.1319633909181777,0.11377512081487691,1.0,1.0,1.0,0.5,0.5,32,2016045.8650325425,1694321.5506137249
15,22,1.1000080865134771,1.3684351359556914,1.3303956846476623,1.1547259114170116,1.0888619389995955,0.04880092413072879,1.0,1.0,1.0,0.5,0.5,33,2412994.9774151747,2120916.719836053
15,23,1.1649118291218925,1.4229079328211713,1.3838874861207768,1.1998647333526198,1.150039378931585,0.11742574794734355,1.0,1.0,1.0,0.5,0.5,34,1470948.568530653,1456594.0000659304
15,24,1.093598393720066,1.320155975283547,1.2782922131798173,1.13513957697654,1.1024559972402106,0.05569035660384243,1.0,1.0,1.0,0.5,0.5,36,1096213.3341781194,1957192.7305221325
15,25,1.0904180611057592,1.3138265750620497,1.2746952959068836,1.1526687681323067,1.0607422765442198,0.053803777613682845,1.0,1.0,1.0,0.5,0.5,38,1413843.8960055625,2443975.0004088627
15,26,1.0729965086176052,1.281266962952024,1.243837599329842,1.1323024632389003,1.0641506796224816,0.04055641590746753,1.0,1.0,1.0,0.5,0.5,40,1335236.4590875306,2288533.174423858
15,27,1.0824346803123104,1.2767156987127783,1.2380924986425654,1.1447278869181612,1.0926078940710688,0.05322679054823389,1.0,1.0,1.0,0.5,0.5,41,1224873.1955052936,2218245.798093992
15,28,1.0814404615424555,1.27265818970288,1.236794601586669,1.1542337072114384,1.0595591777294868,0.05322622733243791,1.0,1.0,1.0,0.5,0.5,43,1163565.4943607948,2138855.206198047
15,29,1.0802080587997385,1.2629127823495334,1.2263346927279626,1.1536286838503607,1.0655656810983207,0.05378532461285764,1.0,1.0,1.0,0.5,0.5,45,1194106.0086409631,2223814.1122319023
15,30,1.079629446507246,1.2609602835570386,1.227287335910384,1.1655992328289986,1.057721037556774,0.05378865268439488,1.0,1.0,1.0,0.5,0.5,47,1129074.1245455665,2148887.5051624654
15,31,1.0793846605514106,1.2594503270161315,1.225671973070218,1.1646773315367787,1.0555371689808262,0.05379864680940376,1.0,1.0,1.0,0.5,0.5,49,1068812.5037976908,2076704.5507455647
15,32,1.0791742730861535,1.2585920902674252,1.2247599592087233,1.1588508277239709,1.0554957603797206,0.05371795812483458,1.0,1.0,1.0,0.5,0.5,50,1038088.0074646928,2045720.2452358173
15,33,1.0789694118881878,1.2587414836154698,1.227958049590831,1.181154485393554,1.0543818964384246,0.05374452351680169,1.0,1.0,1.0,0.5,0.5,55,1032564.8441414968,1963647.6250716653
15,34,1.0798532076502052,1.2590476735206901,1.228216571648538,1.1817207373771834,1.0554965082241428,0.05473804272196057,1.0,1.0,1.0,0.5,0.5,57,1115420.873242155,2007388.7597395496
15,35,1.0749142197186992,1.2544883630041563,1.229729404685688,1.1932655939774541,1.0526919092463625,0.05031170524342232,1.0,1.0,1.0,0.5,0.5,60,1101762.555777962,2004546.6470816284
15,36,1.0748573063543292,1.255242911465657,1.2335716535790076,1.2017947381026017,1.0521484018932776,0.05038073602675528,1.0,1.0,1.0,0.5,0.5,61,1082583.2013774863,1993391.8278597556
15,37,1.0747464696072777,1.2556342920584602,1.2370252517539924,1.233300502037462,1.053140895779221,0.05046015535058267,1.0,1.0,1.0,0.5,0.5,62,1078181.8040713898,1984498.5286165448
15,38,1.0861199247795936,1.2435574353522003,1.22000544264499,1.2262952080893363,1.075717820785481,0.06582719452969503,1.0,1.0,1.0,0.5,0.5,68,873068.2892751144,1825534.1611417932
15,39,1.0861078005184652,1.2435029105385609,1.2199474726997412,1.231975337840377,1.0658790207206765,0.06582230815258247,1.0,1.0,1.0,0.5,0.5,70,872844.7437278486,1825827.234681436
15,40,1.0860449037422595,1.2449464212411558,1.2275595457072679,1.246979718874825,1.0679647140551616,0.0660085533460646,1.0,1.0,1.0,0.5,0.5,72,876506.8424505801,1837424.0886742373
15,41,1.0858106339515499,1.24536138425821,1.2310498691980007,1.2556564807975399,1.0670302928989472,0.06591553761851476,1.0,1.0,1.0,0.5,0.5,74,1057659.5449337915,2030036.7088904667
15,42,1.0826736208144738,1.2390823264087643,1.2305638380803736,1.2742576291069978,1.067867413952572,0.06379415173364236,1.0,1.0,1.0,0.5,0.5,78,1004028.6856011364,2033141.8633496289
15,43,1.0860319086581192,1.2357799878828035,1.2267256153115424,1.2984904799663497,1.071168243644242,0.0682223656291315,1.0,1.0,1.0,0.5,0.5,84,964901.2185865768,2024836.7711502477
15,44,1.0814253540880931,1.2165678341463437,1.1881966671698514,1.2501273889420474,1.0682679608697647,0.06450211430567951,1.0,1.0,1.0,0.5,0.5,88,879015.980893141,2034873.394869982
15,45,1.0692403136226405,1.2029805032253331,1.1775219754573825,1.2491015825806986,1.0565569625565274,0.052755753428415965,1.0,1.0,1.0,0.5,0.5,90,843792.6050495357,2016164.460273238
15,46,1.080509948929008,1.2148980542881505,1.1925163084806185,1.2903283748976309,1.0645176916499182,0.06415119509681491,1.0,1.0,1.0,0.5,0.5,96,965386.3677384156,2187099.313116436
15,47,1.0392544513292998,1.1639429458817296,1.1438162732957673,1.2796823135978355,1.053831355636904,0.024527418543994838,1.0,1.0,1.0,0.5,0.5,97,1042319.4634459952,2999133.986554148
15,48,1.0918155696956686,1.2090135498502175,1.1882956137911733,1.3102265843788738,1.0878820715201412,0.07812967408109356,1.0,1.0,1.0,0.5,0.5,99,1079204.7130293278,4197391.029775099
15,49,1.0377586307745599,1.1543675642272104,1.1366294675038562,1.2802286635960154,1.0297380850878266,0.024353991556901648,1.0,1.0,1.0,0.5,0.5,100,975065.596768922,3703858.190679964
15,50,1.1179531120023416,1.233117763446225,1.2152659429659414,1.3818992137952901,1.1056789584986093,0.1047426215056592,1.0,1.0,1.0,0.5,0.5,104,1129866.485841483,4897673.205559623
15,51,1.043830991509608,1.15655697157827,1.1354870518723623,1.2595189540006884,1.0319871038119997,0.030748173038582027,1.0,1.0,1.0,0.5,0.5,106,791254.0717143008,2477517.469672863
15,52,1.0359988440300771,1.1404532020519247,1.124789942942526,1.2750582444472802,1.053407442078107,0.02437281242280718,1.0,1.0,1.0,0.5,0.5,107,1006955.0178595668,2396761.443317658
15,53,1.0353066809587994,1.134394363845732,1.118312932337039,1.2713263015131058,1.0312430788067992,0.024347399362939028,1.0,1.0,1.0,0.5,0.5,109,979958.0429403584,2403171.124115239
15,54,1.0346590449249604,1.1262421441424113,1.1035215085419856,1.2789447769987974,1.0281255055746625,0.02424965005373301,1.0,1.0,1.0,0.5,0.5,112,893929.7257658225,3312625.8126483536
15,55,1.0328845380094727,1.1160925987809938,1.095751668110479,1.2698239236748243,1.0362196397796175,0.02362887288371563,1.0,1.0,1.0,0.5,0.5,114,1034066.7664007668,4047984.1255365
15,56,1.0328693053962725,1.1174349391570932,1.1002279037422138,1.2803879516069214,1.023789218375125,0.02362807687875423,1.0,1.0,1.0,0.5,0.5,116,1033543.2619856488,4049593.379571039
15,57,1.0330268505997808,1.1152068161347208,1.1008444359494347,1.314385096957939,1.029147832324547,0.024223185224395448,1.0,1.0,1.0,0.5,0.5,118,917667.7602354962,4280521.258043154
15,58,1.0298421057115656,1.0684404721808325,1.0537834803723582,1.2809812317476466,1.1389858008801519,0.02557460248281539,1.0,1.0,1.0,0.5,0.5,119,922399.0853009616,2284356.6075291834
15,59,1.0301511839704975,1.0652143529280067,1.0442275735715625,1.2689334833256392,1.0262879423986688,0.02593476968797187,1.0,1.0,1.0,0.5,0.5,123,979751.6325466316,2360845.8661703533
15,60,1.0303217067015638,1.0683011800809032,1.053597566213456,1.2997020064308058,1.0261746615625746,0.026109958330427306,1.0,1.0,1.0,0.5,0.5,125,923115.3959427796,2288818.81460828
15,61,1.0296090305272703,1.0644366356057766,1.049494992225169,1.2741442324912147,1.0296033505490145,0.02567879943580582,1.0,1.0,1.0,0.5,0.5,127,941744.0795251298,2327316.299958885
15,62,1.0306024711442208,1.0627136886225985,1.0445352912054473,1.2728875417083478,1.0283158520291458,0.026781257766766743,1.0,1.0,1.0,0.5,0.5,129,962495.8120118644,2334206.2749154666
15,63,1.0315553774686972,1.0612088214323436,1.0489083057257853,1.3247359447844698,1.034949310847808,0.02820650762901753,1.0,1.0,1.0,0.5,0.5,131,942140.8082395608,2318217.071411298
15,64,1.0316611848893058,1.0612516041055011,1.0489465678772465,1.3341956076637467,1.0284755059332835,0.02831776960512094,1.0,1.0,1.0,0.5,0.5,132,921447.7575204868,2277180.611329416
15,65,1.0317077408412425,1.0603524364247543,1.0479760561412892,1.3430822142617733,1.0307936332618417,0.02844542914420875,1.0,1.0,1.0,0.5,0.5,133,921272.1431814468,2275790.0985958823
15,66,1.029818755848443,1.05777272525529,1.0453443448994322,1.310484003964926,1.0283271093971162,0.026615367063607398,1.0,1.0,1.0,0.5,0.5,134,1002916.3825599012,2424672.8964042976
15,67,1.029595790142681,1.0550886263763668,1.0394436906046511,1.2994013427085944,1.0276875470238775,0.02647550979995509,1.0,1.0,1.0,0.5,0.5,136,1011389.24384337,2392656.3352272217
15,68,1.050114344737145,1.072143319731073,1.0562380576452837,1.353634901383516,1.0558813385392138,0.047286057410414514,1.0,1.0,1.0,0.5,0.5,137,878117.170592915,2391911.37143335
15,69,1.0283202075992817,1.0511276217410197,1.0413445311733962,1.3305625980520097,1.027478144137987,0.02567361120897544,1.0,1.0,1.0,0.5,0.5,140,1064943.4210678109,2366871.1579968045
15,70,1.027846897804964,1.0528406598776001,1.04928554957329,1.349150577859858,1.0256521840085249,0.0252648779272951,1.0,1.0,1.0,0.5,0.5,145,1081850.0637784442,2397991.6395317987
15,71,1.02785603877087,1.0556589986391747,1.0583790910244126,1.3861174385830695,1.0254188096748218,0.025287159647421797,1.0,1.0,1.0,0.5,0.5,148,1073589.769164042,2498732.0116268178
15,72,1.0262872324171122,1.0487833513950586,1.0450408532831763,1.401017539014768,1.0246327559354915,0.02390978447846076,1.0,1.0,1.0,0.5,0.5,156,778131.6842147943,2826743.500940401
15,73,1.0232595138721516,1.029555477988994,1.0276349664752056,1.4151635209233855,1.0440665140148662,0.02226551198226492,1.0,1.0,1.0,0.5,0.5,158,919684.4714869816,3668091.4206341193
15,74,1.028417883459104,1.028878262166165,1.035622215522575,1.5045501957638399,1.0296643898868014,0.028178613838183098,1.0,1.0,1.0,0.5,0.5,175,1456434.9818455612,3645566.125050511
15,75,1.0297744422210173,1.0296805641333266,1.039416519006739,1.5363674103650182,1.030235374206121,0.02968056413332672,1.0,1.0,1.0,0.5,0.5,184,1448337.3606642692,3688747.098913904
15,76,1.0284580892906772,1.030119316541363,1.0460520122629768,1.5852277009010776,1.028821299253934,0.028450088241512073,1.0,1.0,1.0,0.5,0.5,192,1451846.7029020074,3664547.649126804
15,77,1.028459578206581,1.0315693577255869,1.0506428657137445,1.5975996132263908,1.0284977436616618,0.02845409292807908,1.0,1.0,1.0,0.5,0.5,194,1451987.1556184322,3664468.01868983
16,0,0.7722081808764449,0.9358113420566545,0.9313619148806177,0.37599776656216366,0.0,0.0,0.0,0.0,1.0,0.5,0.5,1,11355627.32986112,10102796.009276628
16,1,0.8680130234339896,1.0316496057651747,1.0271990955329178,0.4748459312253895,0.09587190729711272,0.09575707439139908,8.999999999997e-05,0.00010353852870468,1.0,0.5,0.5,3,11355556.924467318,10102678.145611988
16,2,1.1702856656077285,1.3366534804920525,1.3353052322159966,0.793325653592989,0.40131447468658155,0.1296250115536141,0.24914631479988372,0.2915328397918849,1.0,0.5,0.5,4,11374109.590712886,10118899.433626805
16,3,2.687768424232976,2.908668900033986,2.905378341428115,2.3773783027341833,2.0320562389328467,1.0,1.0,1.0,1.0,0.5,0.5,6,10381902.354655929,8773625.44098936
16,4,1.7184349263101382,2.05728628894035,2.0447152573506986,1.5627174975708529,1.4410772315410094,0.23864484584592605,1.0,1.0,1.0,0.5,0.5,7,6470378.401377514,5953368.044759245
16,5,1.77428855193285,2.1251887024757714,2.118221713400654,1.642016479027351,1.3209218034737757,0.3134256249216927,1.0,1.0,1.0,0.5,0.5,10,6183707.905044709,5828656.421562973
16,6,2.0849517844601033,2.418755647730871,2.3815058118175605,2.0903298002387443,2.8952022008629257,1.0,1.0,1.0,1.0,0.5,0.5,11,1607084.2236943047,475943.22337319
16,7,1.1223329180419679,1.4474947801724867,1.4092601012893118,1.1280167307157922,1.075524639897908,0.042945870370236,1.0,1.0,1.0,0.5,0.5,12,1447875.44234676,431300.9907334848
16,8,1.1323853701516773,1.4568986772179435,1.4185909804806325,1.1387459186912199,1.0558482825450561,0.05340340663773915,1.0,1.0,1.0,0.5,0.5,13,1450732.7160155072,430056.8185120144
16,9,1.131967096519358,1.4571521842737396,1.4218974317400237,1.1552202273251169,1.0549676089299447,0.05347683848949223,1.0,1.0,1.0,0.5,0.5,15,1403967.7720036923,426663.3810316048
16,10,1.116497382967311,1.4285907867603362,1.391911963808039,1.1503735978480956,1.0926590817718829,0.045462492779051136,1.0,1.0,1.0,0.5,0.5,16,1213809.6119113052,1034965.9495540122
16,11,1.1111027213535625,1.4136325468190964,1.3759573802443956,1.1453833820375245,1.0611934986836307,0.044878022293723153,1.0,1.0,1.0,0.5,0.5,18,1469473.6890709451,497965.68532560254
16,12,1.1120963919988527,1.4075426399346278,1.3691447519306543,1.1551373335959496,1.0611228796687588,0.04921508567474412,1.0,1.0,1.0,0.5,0.5,20,1612249.2563833587,532614.7948477237
16,13,1.1107854349232689,1.4049364394572297,1.3694014303417683,1.1597248823493502,1.053825739272169,0.04917341697645271,1.0,1.0,1.0,0.5,0.5,22,1493409.4077765583,491373.877068932
16,14,1.1032994381058565,1.3927500420000616,1.356743536459931,1.1451166878375425,1.059524667274814,0.0437882099721828,1.0,1.0,1.0,0.5,0.5,23,1299042.8911872192,488730.2244485223
16,15,1.2945736226063793,1.5785494093662924,1.5420072528139204,1.324805515440589,1.245983619723353,0.23731233257019618,1.0,1.0,1.0,0.5,0.5,25,1047690.4655122898,943196.80664586
16,16,1.2948083435460287,1.579816988599383,1.5463739136621983,1.3367824323402446,1.2384603454417156,0.23773279746314083,1.0,1.0,1.0,0.5,0.5,27,1024722.7744801278,983005.1483121105
16,17,1.29387034855756,1.5783542710192688,1.5448598976600008,1.3430110257878494,1.2387060644139956,0.23701067086303454,1.0,1.0,1.0,0.5,0.5,28,1035488.790355124,1165306.709481522
16,18,1.2927810071628276,1.5731381322110478,1.5362433162137594,1.3505831670523027,1.2454819478539625,0.2369924372403272,1.0,1.0,1.0,0.5,0.5,29,1090314.038123381,294956.2719591841
16,19,1.2927713953401117,1.5745888789253093,1.5408347671408176,1.3582047386842588,1.2370307204165418,0.2369924372403272,1.0,1.0,1.0,0.5,0.5,31,1090679.1916567816,294252.4167767419
16,20,1.2600548044673583,1.4584253184139648,1.4201491053831068,1.2728603348623648,1.482781642772293,0.22992981232293017,1.0,1.0,1.0,0.5,0.5,32,2216109.929735374,971811.2012282216
16,21,1.2627903507837006,1.4532592813175544,1.4173326188161353,1.2701342972564238,1.2478376906279958,0.2347378400492453,1.0,1.0,1.0,0.5,0.5,34,1703853.227252193,613559.3080136225
16,22,1.2821119972456838,1.458721626695502,1.418615685727881,1.2962569617937558,1.2907936201092534,0.25662471072794024,1.0,1.0,1.0,0.5,0.5,35,2132577.97857748,430159.5208658725
16,23,1.2574362882845826,1.4139390829078238,1.378220857201264,1.290574898849735,1.2467156540427122,0.2362758720908475,1.0,1.0,1.0,0.5,0.5,41,1546970.7925186974,299742.0896669328
16,24,1.257431324702512,1.4153898296220853,1.3828123081283215,1.298633056542148,1.236313820849222,0.2362758720908475,1.0,1.0,1.0,0.5,0.5,43,1547169.805643063,299542.6869259144
16,25,1.2323066314709177,1.3873076221681135,1.3575121288984362,1.2902028058514845,1.214306738614588,0.2119227068904173,1.0,1.0,1.0,0.5,0.5,48,1507555.1064294844,381691.54076948966
16,26,1.232305690926529,1.3887851808845868,1.362132859102986,1.2984666765425847,1.2119300620763744,0.2119227068904173,1.0,1.0,1.0,0.5,0.5,50,1507589.6028849247,381664.8743275125
16,27,1.252452720209447,1.3994209907334594,1.3719990635268724,1.3329737895770646,1.2400096524356556,0.23366122192538322,1.0,1.0,1.0,0.5,0.5,54,1165988.853318595,1154609.9629151046
16,28,1.2524329232283693,1.4007630401414575,1.3764742701679515,1.3416581973955581,1.2338226024083272,0.23366122192538322,1.0,1.0,1.0,0.5,0.5,56,1164971.1369284184,1155348.4524319295
16,29,1.2524284452118755,1.4007373970603976,1.37644708042327,1.350093766399663,1.2336885299653044,0.2336602169004096,1.0,1.0,1.0,0.5,0.5,58,1164531.9721270446,1154601.9662356065
16,30,1.2375801534695845,1.3669667937114975,1.341161623042424,1.321938244681236,1.246802628518358,0.22174501859752843,1.0,1.0,1.0,0.5,0.5,60,1081332.7808560282,1078975.7637073642
16,31,1.235360211823591,1.3593745960871146,1.3301174224211967,1.3119130658612426,1.2301488989935285,0.2200924041117296,1.0,1.0,1.0,0.5,0.5,61,1130739.2946026186,1293554.4465302436
16,32,1.2579063491555416,1.3789713450831849,1.358558349980019,1.3479771005867487,1.2533470325337897,0.2436881270052286,1.0,1.0,1.0,0.5,0.5,63,1176006.9276765168,356950.55327389605
16,33,1.251966079699813,1.370792338135164,1.3532287807200278,1.3516893252032072,1.243140297766005,0.23826278514921287,1.0,1.0,1.0,0.5,0.5,65,1350437.04480758,403048.8830249606
16,34,1.2576401218044575,1.352090243084664,1.3326197959505666,1.3377386661969572,1.309976250056458,0.24706907971913455,1.0,1.0,1.0,0.5,0.5,66,891961.4915402062,765695.651562504
16,35,1.2576263090343465,1.3534438868719971,1.3371080156038648,1.3464926682049898,1.2472157340932453,0.2470690797191346,1.0,1.0,1.0,0.5,0.5,68,891561.3703338597,765965.5126800578
16,36,1.2495337211709776,1.3280480928128184,1.307344975048194,1.3381613144888374,1.2609950235705878,0.2408119826980993,1.0,1.0,1.0,0.5,0.5,70,911257.1273538064,1224474.918437565
16,37,1.2436352122301577,1.3177843854627764,1.299774620113655,1.3468743076817786,1.242967502826472,0.23555596024761,1.0,1.0,1.0,0.5,0.5,72,970587.5728834488,1201512.0939323462
16,38,1.238320959676647,1.310927508456499,1.2927993267596367,1.340675672615669,1.2323556075495372,0.2304078048957928,1.0,1.0,1.0,0.5,0.5,74,1036948.2540787624,1182756.4896325453
16,39,1.238614458494323,1.3124548139068763,1.2974509787764776,1.3499942444517476,1.2310257412560164,0.2307267586248757,1.0,1.0,1.0,0.5,0.5,76,974836.668972322,1215602.873788464
16,40,1.214248607373099,1.2560294938276277,1.2416129758091956,1.3246185905304524,1.2378194140646126,0.20969364378933003,1.0,1.0,1.0,0.5,0.5,79,1003385.3850676076,236199.90133371763
16,41,1.2142168050679183,1.2533931499984896,1.2387797375632688,1.3352198777852478,1.2131168331727566,0.20989719824849923,1.0,1.0,1.0,0.5,0.5,81,36483800.68429665,196978.2903834126
16,42,1.2134861822290293,1.2516629898446225,1.2369741946260198,1.333912877756732,1.2105141945362619,0.20925727207645362,1.0,1.0,1.0,0.5,0.5,83,37059129.23826869,219153.3070123409
16,43,1.2091805064750598,1.2452364485010694,1.2303873103204204,1.2980053925004564,1.210382654231152,0.20514127313970526,1.0,1.0,1.0,0.5,0.5,84,38049149.07905946,227048.7065741117
16,44,1.1985069367110253,1.2338243744906723,1.224982227275262,1.3495406922095339,1.196645736491066,0.1947962443524601,1.0,1.0,1.0,0.5,0.5,89,886337.0491075243,803709.2924642061
16,45,1.2076747268468195,1.2291022064313277,1.2161834091538504,1.3357299005037535,1.2359137167330423,0.20501959357997274,1.0,1.0,1.0,0.5,0.5,90,774599.2848023004,889219.6861000777
16,46,1.1991445851545874,1.2178255473008093,1.210765292563385,1.3542402960484066,1.1997830454780145,0.19695602682259916,1.0,1.0,1.0,0.5,0.5,95,859123.5449393889,847582.6700861828
16,47,1.1999222637188351,1.2181330930388024,1.2110376824811202,1.3800330524505746,1.1989656172081375,0.1977715513051962,1.0,1.0,1.0,0.5,0.5,96,855875.4591416834,848030.5527920703
16,48,1.2021315020632848,1.2180315064597154,1.2107630870297368,1.3859766535963143,1.20592426571057,0.20016565487791604,1.0,1.0,1.0,0.5,0.5,97,853560.9747966575,827822.1511426163
16,49,1.2024811417803896,1.216099179025862,1.2056275086206498,1.3531606966483898,1.2023355065306531,0.20057901531322586,1.0,1.0,1.0,0.5,0.5,98,837005.1691071586,828104.6807657426
16,50,1.1997403705668157,1.2132271954619314,1.2057782545937643,1.3863017373247803,1.200051832074477,0.19796536901384784,1.0,1.0,1.0,0.5,0.5,100,867042.1499943279,836020.0307224597
16,51,1.1997092144203536,1.2131872769203105,1.2057376793356465,1.3924034893566737,1.197944731349751,0.19793487090543632,1.0,1.0,1.0,0.5,0.5,102,867321.5242667446,835844.5524176046
16,52,1.2110309921395341,1.220272626318404,1.2094735489411397,1.3806434704827182,1.2169941707778662,0.20947354894113968,1.0,1.0,1.0,0.5,0.5,103,902100.4639947223,590199.9971550804
16,53,1.2014332041299771,1.212348500954508,1.210772259746464,1.3887480202950993,1.2015690406651685,0.2000888941054185,1.0,1.0,1.0,0.5,0.5,107,826891.3410532234,145056.32808975616
16,54,1.2014327744283526,1.21382678431969,1.2153937040797338,1.4051188513995574,1.200095824105301,0.2000888941054185,1.0,1.0,1.0,0.5,0.5,109,826876.5856731549,145068.07965469555
16,55,1.2055756565370468,1.2169022115721395,1.215356777731773,1.4251598766329674,1.2043843734670396,0.20420129365962042,1.0,1.0,1.0,0.5,0.5,116,896123.9796184244,592706.4381581902
16,56,1.2090070786126557,1.2161946344345542,1.2113073260889595,1.4291183165431183,1.2112179163816994,0.20783689855596474,1.0,1.0,1.0,0.5,0.5,118,889574.758022954,593886.188727865
16,57,1.2074082910719492,1.2257852474533255,1.2520597233639017,1.552475742904213,1.2067796331426703,0.20651140343106134,1.0,1.0,1.0,0.5,0.5,142,932722.3516052256,646846.4864794175
16,58,1.2042585612076757,1.2196150815924862,1.2426319702323019,1.5843481023818642,1.2040400804983133,0.20347787950462842,1.0,1.0,1.0,0.5,0.5,149,849693.2341125694,752168.027265913
16,59,1.2029370897043206,1.2207280763070707,1.2499918207733383,1.5921886326202586,1.20260208070953,0.20219518558916846,1.0,1.0,1.0,0.5,0.5,152,30003346.775101863,909766.9193416312
16,60,1.207413080043886,1.2246448072541605,1.2599327234099007,1.6135517626903395,1.2090959455578452,0.20693040725242118,1.0,1.0,1.0,0.5,0.5,156,919383.4671374896,598434.6149077081
16,61,1.2093900891050042,1.230412987449306,1.2781151143987624,1.7276501537850497,1.2092144739799031,0.20906085093128643,1.0,1.0,1.0,0.5,0.5,190,4667683.253199409,733091.9704829197
16,62,1.2091682446355487,1.2310308672811927,1.2818285456588798,1.7274575041499551,1.2096922891567408,0.20888632740051322,1.0,1.0,1.0,0.5,0.5,192,4752488.773670023,734436.8056489747
16,63,1.2078100699227727,1.2298992015358905,1.2837470672620275,1.7379152621451466,1.2106545410355956,0.20761697840061086,1.0,1.0,1.0,0.5,0.5,193,4827073.898948074,731441.1349564809
16,64,1.211018383831027,1.2318788462003818,1.2886684559977013,1.7585545745498228,1.2176841418830944,0.2110183838310269,1.0,1.0,1.0,0.5,0.5,194,4730172.425336315,747552.1910029667
16,65,1.2043232784203206,1.228574673409427,1.2916826628236584,1.80839039286844,1.2043441512286541,0.20429314448761,1.0,1.0,1.0,0.5,0.5,200,1606392904.1946795,846934.8862727843
17,0,0.8184426054524307,0.9502224309210503,0.9467720191672145,0.3848480624184442,0.0,0.0,0.0,0.0,1.0,0.5,0.5,1,9203440.664415734,10088899.78523589
17,1,0.818434724118618,0.9502198946505708,0.9467693213476086,0.3848464987329125,5.341507579035693e-06,0.0,0.0,0.0,1.0,0.5,0.5,2,9201724.864742288,10085130.50502078
17,2,1.282494035997006,1.4173198585761981,1.4169653853642166,0.8684592297141177,0.46706839570948144,0.14194978442376044,0.2902352438673078,0.3584520471114779,1.0,0.5,0.5,4,9169350.643217824,10052872.843300784
17,3,0.9593938668694073,1.0944749322611622,1.0941126711727036,0.5487694935433713,0.1438142560664268,0.10025794443499955,0.03836292456212712,0.04824066091759421,1.0,0.5,0.5,5,9166295.296884848,10047014.124768758
17,4,1.2414368979203458,1.3793814737547303,1.3821208599859325,0.8381104704084298,0.42896512642132534,0.10417347962451787,0.28783551126804924,0.3589884658095969,1.0,0.5,0.5,6,9131224.065944271,10025457.937721765
17,5,2.0441680525880632,2.1843402035862405,2.180636228646246,1.6350834554599496,1.2429966347118144,0.2377765239940149,1.0,1.0,1.0,0.5,0.5,7,8961831.3445517,9839162.57227282
17,6,2.4618340654589774,2.674145617983562,2.674383461344912,2.144307387460432,1.8357873091043782,0.7584403789907948,1.0,1.0,1.0,0.5,0.5,8,7888038.425937551,8555734.828447709
17,7,2.6877517922593963,2.9101290671814573,2.9099803455906916,2.38358870920038,2.012706370979843,1.0,1.0,1.0,1.0,0.5,0.5,9,7730787.649948845,8232168.746228617
17,8,1.1845394100834603,1.552886447676243,1.5229646818772529,1.190952891689636,2.0546913533493703,0.07227804711362565,1.0,1.0,1.0,0.5,0.5,10,806649.5477556288,804629.98874457
17,9,2.094901094796807,2.443898059318294,2.4114317725388945,2.0993677463454867,2.083661491916236,1.0,1.0,1.0,1.0,0.5,0.5,11,847435.0011495682,487811.6888161526
17,10,1.1153977971563407,1.4629645296843032,1.4303118377659367,1.123684777373183,1.0250236089808968,0.021751656155068348,1.0,1.0,1.0,0.5,0.5,13,761648.373602127,506356.23873361497
17,11,2.0932249463903636,2.440070464840407,2.4073387041102867,2.110501670893876,2.0011064732424386,1.0,1.0,1.0,1.0,0.5,0.5,15,912018.4968379566,600557.162750827
17,12,2.0925372588646423,2.4414538192247854,2.414898788123563,2.133705499606022,2.003631411500833,1.0,1.0,1.0,1.0,0.5,0.5,16,836019.9285525949,597444.0292990027
17,13,1.13059530263657,1.4665359872460166,1.432505269599181,1.1900147549065485,1.0495555243889259,0.0452049380054122,1.0,1.0,1.0,0.5,0.5,25,1188387.0655733168,1597277.9258581204
17,14,1.1236609991812168,1.455542297487895,1.421044195784485,1.191242518246217,1.0563682962671612,0.040954104479160966,1.0,1.0,1.0,0.5,0.5,26,1229754.915315967,1797977.2252570456
17,15,1.1012998663598665,1.4177196653005304,1.3874755467358044,1.1740225499419341,1.096656535479791,0.02948694581711798,1.0,1.0,1.0,0.5,0.5,27,1081701.2104900598,1744165.470179052
17,16,1.096724296350657,1.4111018810783005,1.3806414151647877,1.17119034934067,1.03310341049374,0.02599239752818855,1.0,1.0,1.0,0.5,0.5,28,1157047.0910916273,2025944.595037676
17,17,1.1032919345832553,1.416091087468189,1.3824788143229523,1.1829045035403434,1.0326828637091672,0.0325885124290035,1.0,1.0,1.0,0.5,0.5,30,2158645.284268511,984743.6999768838
17,18,1.1035423238341846,1.4093539532557906,1.3750097302365067,1.177716447611981,1.0605554109543451,0.03641059687138182,1.0,1.0,1.0,0.5,0.5,31,2061327.1293436736,977719.908923708
17,19,1.0932163824589918,1.3876241017353852,1.35511088531761,1.174442069947097,1.0754091368799545,0.03212593835753656,1.0,1.0,1.0,0.5,0.5,32,1840498.1864358515,1218865.001113698
17,20,1.0973482706464928,1.3689108025214116,1.3311659328805994,1.1609821466093848,1.0796368661142963,0.04502725067026031,1.0,1.0,1.0,0.5,0.5,34,1863361.130145036,885607.2959007979
17,21,1.1005730906286997,1.371042770827,1.3361944561005608,1.1736466957513692,1.0575013311989956,0.04923135195758261,1.0,1.0,1.0,0.5,0.5,35,1790972.123798131,969624.9901847284
17,22,1.1075478476031961,1.3774891748478848,1.3425892624949416,1.185548599553982,1.0582642285426633,0.056422332526371285,1.0,1.0,1.0,0.5,0.5,36,1765964.483647204,1002794.8330124428
17,23,1.1085556130727763,1.3697177655791697,1.3309841098156587,1.1722478772732774,1.08334229561092,0.06010001052637537,1.0,1.0,1.0,0.5,0.5,37,1987395.5672322856,1783987.3348903966
17,24,1.0723690840714346,1.3305013175380604,1.3035214655662348,1.1529187581466838,1.039758749326864,0.02677278253861486,1.0,1.0,1.0,0.5,0.5,39,1906150.57211632,1867328.3458075584
17,25,1.0632395064396993,1.3131155994653025,1.2853802112793575,1.1534071629787552,1.0453798347627539,0.02028650568923772,1.0,1.0,1.0,0.5,0.5,40,1947130.2238810556,1354843.6344143914
17,26,1.0656674594231617,1.3039157435309254,1.275136780734776,1.1418092266742477,1.060393636503826,0.026142313645398253,1.0,1.0,1.0,0.5,0.5,41,1750204.137979371,2008985.9297097437
17,27,1.0656626845124404,1.3038647626935704,1.2750817429831276,1.1499722781144175,1.026218735567004,0.02615075400213379,1.0,1.0,1.0,0.5,0.5,43,1750301.233739421,2009058.1904745465
17,28,1.0655472346074477,1.3025884615308643,1.2737019951506627,1.1465409065115033,1.0280699301297715,0.02636541755700675,1.0,1.0,1.0,0.5,0.5,45,1700178.851001551,2020662.111588623
17,29,1.064523544757241,1.3007667464601411,1.271809166401502,1.14238389998382,1.0279079237999333,0.02556726878693023,1.0,1.0,1.0,0.5,0.5,46,1685787.5401392928,2149138.536490342
17,30,1.054570757569541,1.2670419681725882,1.24203721671274,1.1627973016620883,1.0995368799678935,0.022546580923941607,1.0,1.0,1.0,0.5,0.5,47,1905170.062301217,1221494.324065962
17,31,1.050650233698109,1.2463853572243817,1.2169384400920618,1.1559002111416978,1.032844592840434,0.02210984288684458,1.0,1.0,1.0,0.5,0.5,51,1998729.1694603309,1191078.38841156
17,32,1.0499882007722987,1.2433850262566388,1.2167601205609118,1.1675847171947982,1.027513189345878,0.022261371476385,1.0,1.0,1.0,0.5,0.5,53,1980341.6950837949,1236697.7790832482
17,33,1.0487736765207951,1.237965109075238,1.2109863738646058,1.1618200327099664,1.0278570785224481,0.02194515514840279,1.0,1.0,1.0,0.5,0.5,55,2025583.8899849064,1156236.9125221577
17,34,1.048214308528688,1.2346691800884648,1.2044423594040101,1.160141506605097,1.0250646923064515,0.02164238765176833,1.0,1.0,1.0,0.5,0.5,56,1988256.062207098,1186688.07739046
17,35,1.0474290859897952,1.230332341209277,1.1998089448142821,1.154682149444886,1.0313930290406046,0.02158423707146036,1.0,1.0,1.0,0.5,0.5,57,1948116.637661868,1263297.511934836
17,36,1.047065020027022,1.2290290036703384,1.198427370103058,1.1704634560233536,1.0227005614289992,0.0214095398958898,1.0,1.0,1.0,0.5,0.5,59,1955676.0960087904,1163823.8279035469
17,37,1.0479023775217629,1.2284380673960054,1.1977179830671614,1.176078459001999,1.0244527674329194,0.02252768760037089,1.0,1.0,1.0,0.5,0.5,61,2438091.421486817,1478937.7629615515
17,38,1.0480799559681369,1.2290536909918106,1.2013901202796184,1.1820735433339458,1.024352976773867,0.022913959879960318,1.0,1.0,1.0,0.5,0.5,63,2557448.800301148,1526799.714112578
17,39,1.0449140198851274,1.2240040354743495,1.2022215535614535,1.1853304143308592,1.0277188058002755,0.020744782978478298,1.0,1.0,1.0,0.5,0.5,65,2165242.8740165364,1588037.5959667962
17,40,1.0440354246873176,1.220056833215013,1.1980250964470027,1.1978603715495724,1.0229085592386196,0.02039509923210463,1.0,1.0,1.0,0.5,0.5,68,2066594.878987393,2371916.396878746
17,41,1.0443822017047202,1.218188342324335,1.1959740002071875,1.1941113741385787,1.0241694409303985,0.021159257099125008,1.0,1.0,1.0,0.5,0.5,70,2053854.0556571744,2419715.770145294
17,42,1.0434363884364324,1.2214511239024533,1.2116684457599853,1.2017646776916473,1.022097738884631,0.02053538532962,1.0,1.0,1.0,0.5,0.5,73,2084566.6404860655,2371363.17578231
17,43,1.1213073511700096,1.2801271224048592,1.2597102829324758,1.2800830914523769,1.1407742510364676,0.10103381736181145,1.0,1.0,1.0,0.5,0.5,74,1704825.7649685033,1826226.2985132665
17,44,1.067201789962112,1.207578591751261,1.1856752460054618,1.230472595214501,1.074432990926832,0.049929453612202315,1.0,1.0,1.0,0.5,0.5,76,1730213.6811152843,2021635.8688823257
17,45,1.030921741435756,1.1683803920490372,1.1462428538475866,1.199137135188135,1.021997808537157,0.01410920386428958,1.0,1.0,1.0,0.5,0.5,77,1936971.3709872065,1815799.801024291
17,46,1.0637888666387445,1.2003431571138465,1.1811580291427932,1.2306819636514092,1.0537119165114928,0.04734300276367161,1.0,1.0,1.0,0.5,0.5,78,2043775.318525134,1710927.015050769
17,47,1.3651802897995462,1.4985031958098043,1.4730101823119375,1.5283177752682255,1.349012652898625,0.34877519270251056,1.0,1.0,1.0,0.5,0.5,81,1913350.3645685231,1954371.088426525
17,48,2.015731065797917,2.1474047793480917,2.1278319766210125,2.2125578272925903,2.002977214320426,1.0,1.0,1.0,1.0,0.5,0.5,85,1835499.34134115,1884795.4253448336
17,49,2.015679009113649,2.147034846182442,2.127436269962873,2.2182748968402257,2.0004650664926458,1.0,1.0,1.0,1.0,0.5,0.5,87,1885895.4300547703,1827162.879911145
17,50,2.015573062238604,2.147642464124454,2.1311264110985118,2.2336662402799767,2.00189729650997,1.0,1.0,1.0,1.0,0.5,0.5,88,1887643.7853531367,1796810.485997538
17,51,1.0353968226715282,1.168446059675349,1.1550328641605914,1.2510568089605305,1.0213647086093374,0.01990503115245123,1.0,1.0,1.0,0.5,0.5,89,2051657.343194421,1789320.129022292
17,52,2.0153856759485813,2.1462587474157218,2.1296468950873493,2.226820439238468,2.0009556848326406,1.0,1.0,1.0,1.0,0.5,0.5,91,2003484.993130148,1827107.4349471685
17,53,2.0153673900421847,2.147594274985344,2.1341155158746843,2.236647849746068,2.000165024562244,1.0,1.0,1.0,1.0,0.5,0.5,93,2003179.2759086527,1827633.839083684
17,54,2.0153416512358886,2.1473138359351847,2.13381558181257,2.250578269012861,2.0001549364266777,1.0,1.0,1.0,1.0,0.5,0.5,96,1967207.4838762383,1850845.7043040493
17,55,2.015026140441533,2.146327951367376,2.1358018911715444,2.2540734707736796,2.005729473474684,1.0,1.0,1.0,1.0,0.5,0.5,97,1877693.3491201105,1861822.0459644485
17,56,2.0149927134254866,2.1460188886932334,2.135471487617405,2.272291350606851,2.00030490568964,1.0,1.0,1.0,1.0,0.5,0.5,99,1877097.679295953,1937266.679070197
17,57,2.013083250220605,2.141022073524307,2.151411951499551,2.2832305480787065,2.0089940505694464,1.0,1.0,1.0,1.0,0.5,0.5,103,2163238.286443124,1717029.2462125514
17,58,2.0124362355341683,2.138170580856665,2.1544438246512474,2.344581185512797,2.001271578735711,1.0,1.0,1.0,1.0,0.5,0.5,113,2069465.1521065645,1734826.5921018776
17,59,1.0510749762220912,1.1667354250243158,1.1701122132398065,1.3881813460993282,1.0418145293934113,0.03915703433866054,1.0,1.0,1.0,0.5,0.5,117,2293831.966104662,1380464.5722274391
17,60,1.0502199930129623,1.1585021496955115,1.161303451861536,1.3895795758036247,1.0484317523086764,0.03922497228918849,1.0,1.0,1.0,0.5,0.5,119,2357869.0787434205,1314776.457442422
17,61,1.0498146950319112,1.1575649803145258,1.1603248825935821,1.4081567051790562,1.0395461149636955,0.03888491344394305,1.0,1.0,1.0,0.5,0.5,122,2290993.3635513587,1381671.6045015017
17,62,1.0495982663788679,1.1556507171615853,1.1613067977613805,1.410363056098613,1.0428400355704874,0.03905510230077935,1.0,1.0,1.0,0.5,0.5,124,2355687.5065161246,1316899.722121664
17,63,1.0455274946680764,1.1394338823003927,1.1441495147153442,1.412343194482176,1.0521116658651357,0.03640550288302484,1.0,1.0,1.0,0.5,0.5,126,2194587.6096185544,1573070.758931457
17,64,1.0448145945118836,1.1360059097363142,1.1405120879195527,1.416562946204703,1.0396551532071385,0.0359989531087134,1.0,1.0,1.0,0.5,0.5,128,2131484.053614337,1788651.947440534
17,65,1.0455642053108396,1.134637641151711,1.1389805923824532,1.4225887588438588,1.0417200187900992,0.03698579282648274,1.0,1.0,1.0,0.5,0.5,129,1786220.3936353454,2143683.795588433
17,66,1.0455901260130136,1.1357770143121844,1.1432349326354778,1.4299811226235577,1.038036851511206,0.03705232357413676,1.0,1.0,1.0,0.5,0.5,130,1556393.3361348195,2089632.0933259267
17,67,1.0441634082906823,1.1304275922731457,1.1345543949719066,1.419579062110351,1.0424054215189429,0.03589354501590471,1.0,1.0,1.0,0.5,0.5,131,2154931.980227896,1754317.9316724222
17,68,1.045162183761375,1.1288455699381497,1.129744714202125,1.4251536960426607,1.038007999327321,0.037011926092844684,1.0,1.0,1.0,0.5,0.5,134,2339601.018266728,1598033.634428412
17,69,1.043492822467143,1.11390238155168,1.1137842360930112,1.4190922716778738,1.0704960203056046,0.03674323637628242,1.0,1.0,1.0,0.5,0.5,135,2324415.260346137,1600537.9512376215
17,70,1.3137448150866662,1.3879093012825696,1.4001962863481245,1.7347934551618964,1.3076749772820757,0.30724394333147026,1.0,1.0,1.0,0.5,0.5,148,1964764.269990732,1338339.013474255
17,71,1.2905665012887706,1.3603744271985063,1.3753612152292156,1.714709582928769,1.2916977100186517,0.28462544840969867,1.0,1.0,1.0,0.5,0.5,150,2187803.716879061,1169093.4572388155
17,72,1.2958601354581147,1.3637619275799882,1.3786033949265781,1.725390800006548,1.2925530987833977,0.2901093575046464,1.0,1.0,1.0,0.5,0.5,152,2115247.751510357,1245474.1134366728
17,73,1.295844320312513,1.3650619473628978,1.383033849501247,1.7366621288039705,1.2903134759226194,0.2901093575046464,1.0,1.0,1.0,0.5,0.5,154,2114866.3012663126,1246000.624043635
17,74,1.2958187202019251,1.3677329927796715,1.3919710813534454,1.7558370823814902,1.2902194517431784,0.2901093477821751,1.0,1.0,1.0,0.5,0.5,160,2114252.143232188,1246870.629839777
17,75,1.295554929529306,1.3693385924332486,1.4028109805611029,1.81847354224213,1.2906788443413308,0.29009028503146933,1.0,1.0,1.0,0.5,0.5,171,2069874.996089958,1249213.4081624472
17,76,1.0448406793945484,1.116875957077796,1.1471851118567458,1.6747380466523425,1.0394223502060558,0.03939579252456721,1.0,1.0,1.0,0.5,0.5,197,1566825.7241167186,2410653.508331301
18,0,0.6899844267679838,0.9079598312727948,0.9015798907700447,0.3588933028611741,0.0,0.0,0.0,0.0,1.0,0.5,0.5,1,15191392.800739026,10124651.899276396
18,1,0.7934284943863579,1.011427744802871,1.0050469277268403,0.46537027851517726,0.10349650491623615,0.10337867436524509,9.290322580642e-05,0.00011238710606735,1.0,0.5,0.5,3,15189354.638369394,10123323.870816369
18,2,1.8052806968572972,2.0236942879940103,2.017310867945828,1.4820026175607721,1.1159690078273208,0.11578445748209669,1.0,1.0,1.0,0.5,0.5,5,15272235.780720113,10239379.364515522
18,3,1.7917205011949902,2.019040803946351,2.012300924663422,1.4807951431520436,1.1279024582850115,0.11627489229117374,1.0,1.0,1.0,0.5,0.5,6,14276250.19154766,9449385.16299375
18,4,2.584390946137054,2.8684940133146952,2.8624186587551788,2.347935664395472,2.0816083723638017,1.0,1.0,1.0,1.0,0.5,0.5,7,12582853.29701422,8270361.439921625
18,5,1.5199258088423762,1.8919133346050594,1.8765123551726317,1.409030532509372,1.2160634240067931,0.11409425185090136,1.0,1.0,1.0,0.5,0.5,9,7642523.837481155,5484590.775785976
18,6,2.3773084035953667,2.761611589741583,2.7481275941717573,2.290134440078705,2.040439061406831,1.0,1.0,1.0,1.0,0.5,0.5,10,5310963.214219722,4632127.098355945
18,7,2.1124636766411666,2.478068869163951,2.441890155894299,2.118940451844904,2.6453220520789746,1.0,1.0,1.0,1.0,0.5,0.5,11,2733507.2120336583,1313355.3894814814
18,8,2.0613305274857803,2.350434680527747,2.3054087315725034,2.056392349093514,2.1458211959151914,1.0,1.0,1.0,1.0,0.5,0.5,13,2493602.9841221697,465551.63827743306
18,9,2.060227738696906,2.348435737065564,2.306311469621361,2.052163866641444,2.0082368721380854,1.0,1.0,1.0,1.0,0.5,0.5,14,2351444.4135751026,470455.1096440829
18,10,2.0595453487780366,2.3462969364026556,2.3040244327239168,2.0567915277255207,2.0051564401989843,1.0,1.0,1.0,1.0,0.5,0.5,15,2345322.906693428,461548.9128969052
18,11,2.0544523484546744,2.3345623375428177,2.3036385651725775,2.0891523299839516,2.008001847889598,1.0,1.0,1.0,1.0,0.5,0.5,20,1896831.0915575584,1217158.041737632
18,12,2.05385460371259,2.333820297265393,2.305885690209374,2.103583027404781,2.0024409789381865,1.0,1.0,1.0,1.0,0.5,0.5,22,1975406.6435150208,1098670.3304907668
18,13,2.0525801498678664,2.329179284612302,2.300922971695905,2.1033636196036447,2.0105494180925905,1.0,1.0,1.0,1.0,0.5,0.5,23,1761683.9878718674,872204.6386915705
18,14,2.0498522445851726,2.3174878023506156,2.2853804362056915,2.0839113624226586,2.0232478081979384,1.0,1.0,1.0,1.0,0.5,0.5,24,2006272.5655741335,926893.751950774
18,15,2.0484368654361655,2.3120460528747175,2.279561556705391,2.0916571616380706,2.006220510913857,1.0,1.0,1.0,1.0,0.5,0.5,26,1944229.9665254136,968665.3665857584
18,16,2.0483603140591455,2.313265274326638,2.283905839747929,2.0962234830672877,2.0006817605190195,1.0,1.0,1.0,1.0,0.5,0.5,27,1639686.6158166209,813072.9037542307
18,17,2.0446757661649313,2.298475918836446,2.268091300563289,2.0844959414039823,2.0337399980590245,1.0,1.0,1.0,1.0,0.5,0.5,28,1828575.860849496,1029112.555573204
18,18,2.0440753654065364,2.2989556362814216,2.2746851684193237,2.1064077776964716,2.0056890247279195,1.0,1.0,1.0,1.0,0.5,0.5,29,1954907.4185871603,382728.0152842927
18,19,2.0431929829014965,2.295253768354446,2.2707266735804907,2.1063783219287733,2.002116137734105,1.0,1.0,1.0,1.0,0.5,0.5,33,2066751.3565635297,352753.12733448064
18,20,2.042975385934676,2.295817545049599,2.2743701583064677,2.1221971812641405,2.0021064043114176,1.0,1.0,1.0,1.0,0.5,0.5,34,2074404.2698386463,739571.1960631865
18,21,2.042425131646552,2.2934718571804353,2.271861900201305,2.1152941161131675,2.0053614963698476,1.0,1.0,1.0,1.0,0.5,0.5,35,2133023.327742617,352048.02461175923
18,22,2.04242513167234,2.2919877766255863,2.2672343461001034,2.1098333805758753,2.000000025157668,1.0,1.0,1.0,1.0,0.5,0.5,37,2133023.2195283994,352048.0721259822
18,23,2.042216001676142,2.2925747420794087,2.27090258728835,2.122934280704733,2.0020507938024235,1.0,1.0,1.0,1.0,0.5,0.5,38,2311520.914695808,337829.8993854688
18,24,2.041309123601407,2.2886493200258844,2.266705097371451,2.125985787334468,2.004488936203294,1.0,1.0,1.0,1.0,0.5,0.5,40,2209254.3185816603,282368.73209129693
18,25,2.0412225616778086,2.2882703287513797,2.2662997896494184,2.125752181580843,2.0004323236904047,1.0,1.0,1.0,1.0,0.5,0.5,42,2183669.703526231,289195.98424220603
18,26,2.040057087137205,2.2801571618118825,2.251543430531542,2.1387126960145584,2.005881949885227,1.0,1.0,1.0,1.0,0.5,0.5,44,2144532.334466636,344919.9195707381
18,27,2.0383388239346756,2.273859239886984,2.2478491633188575,2.128671665239695,2.0177923891921314,1.0,1.0,1.0,1.0,0.5,0.5,45,1784835.7006532506,907073.2022714774
18,28,2.0382584833254693,2.2749737496005373,2.2520815661953684,2.1284449742814986,2.0002818035333316,1.0,1.0,1.0,1.0,0.5,0.5,48,1826964.07753511,891379.4647565162
18,29,2.0302929330986332,2.2353372768716047,2.2096975506178405,2.09855332188336,2.0906279837101733,1.0,1.0,1.0,1.0,0.5,0.5,49,2257136.5198496934,454972.3609153328
18,30,2.030015271283746,2.233836891720816,2.2080931414284324,2.10318184643378,2.0034296786084003,1.0,1.0,1.0,1.0,0.5,0.5,50,2283658.4634180297,464611.93931776384
18,31,2.02873544150116,2.2282893435334885,2.205201713591536,2.1119591465274787,2.002679981297227,1.0,1.0,1.0,1.0,0.5,0.5,56,2214235.3589449627,386068.80341956206
18,32,2.028158778275577,2.2295078403367006,2.2156261678980096,2.1412221181687032,2.0018482377044684,1.0,1.0,1.0,1.0,0.5,0.5,60,2233746.1587400865,408062.5064722181
18,33,2.0281539817712124,2.2294806660101347,2.2155970473157884,2.1412050589340375,2.0000205616751696,1.0,1.0,1.0,1.0,0.5,0.5,63,2239004.7976778685,417109.5212452622
18,34,2.026569431683146,2.2203754549888077,2.2058607750518338,2.1449152869604484,2.0208184910468034,1.0,1.0,1.0,1.0,0.5,0.5,64,2081585.718044351,431089.9796441607
18,35,2.0264592951730274,2.221214598193161,2.2097983221149,2.1532143780696975,2.000737464296539,1.0,1.0,1.0,1.0,0.5,0.5,66,2084029.386375361,428389.7266136909
18,36,2.022976781011981,2.1954805109353113,2.1731587579555924,2.1166825648963155,2.024349899423579,1.0,1.0,1.0,1.0,0.5,0.5,68,2208312.5066337017,302199.4553937407
18,37,2.019582053315601,2.1743026524316673,2.1535535441811597,2.1290156129439364,2.0258884915632844,1.0,1.0,1.0,1.0,0.5,0.5,70,2555394.159672883,462447.32230624976
18,38,2.018224064140189,2.1631604538909652,2.1385985779316767,2.1290972826604406,2.0220837683462074,1.0,1.0,1.0,1.0,0.5,0.5,71,2364602.0962578794,394254.4406283752
18,39,2.0171164407407627,2.1594527887743222,2.143755380761531,2.14479840698288,2.009329047508862,1.0,1.0,1.0,1.0,0.5,0.5,73,2328254.3224993083,363176.3314992758
18,40,2.0168150943794068,2.157186449938731,2.1413319452786967,2.1434076147302075,2.002591795063037,1.0,1.0,1.0,1.0,0.5,0.5,75,2252277.7604920603,285653.2315301003
18,41,2.016599007856952,2.1555487438576963,2.1395807429636498,2.145158387201387,2.00124774260083,1.0,1.0,1.0,1.0,0.5,0.5,78,2483251.525394249,397011.5245352525
18,42,2.015108707655318,2.1484080554849023,2.1410669241761933,2.2083903835891223,2.0024097119995936,1.0,1.0,1.0,1.0,0.5,0.5,89,2178044.2886283426,574042.8223300873
18,43,2.011417566498092,2.118671371086082,2.1123091986920333,2.2434717910546675,2.023808908547882,1.0,1.0,1.0,1.0,0.5,0.5,92,2848557.6370013384,1508713.0366446916
18,44,2.0107143405364862,2.113739049652205,2.110075800796174,2.251678653085042,2.0073324006488806,1.0,1.0,1.0,1.0,0.5,0.5,94,2788728.8767361566,1424148.3089166388
18,45,2.0101639411147683,2.102658083927364,2.0860644128235304,2.2010627990919405,2.0117453086534534,1.0,1.0,1.0,1.0,0.5,0.5,95,3026576.8332966305,1431657.5843701058
18,46,2.010125373139135,2.1023033683845913,2.085685131125935,2.206788774638559,2.0004127281852773,1.0,1.0,1.0,1.0,0.5,0.5,97,2748253.308896813,1494403.159422857
18,47,2.0100576137702557,2.1031378013723394,2.0896180760261434,2.2165209582417535,2.0007324349506868,1.0,1.0,1.0,1.0,0.5,0.5,99,2856769.4704006542,1424130.757123817
18,48,2.0083016393738786,2.085949858657269,2.0712387038722437,2.228495268590149,2.007860625132503,1.0,1.0,1.0,1.0,0.5,0.5,104,2713805.384974009,1418463.337105356
18,49,2.0080659657039144,2.0820653792557713,2.0640443331108953,2.2062329667404716,2.00274229306911,1.0,1.0,1.0,1.0,0.5,0.5,106,2738587.6646819105,1409543.5463826929
18,50,2.0080011561185067,2.088825627056644,2.0864759096611296,2.274701282831102,2.001517724254085,1.0,1.0,1.0,1.0,0.5,0.5,107,2655419.4589398284,1527593.4546594152
18,51,2.007874481405797,2.0815845748377333,2.066570841172218,2.227315364899914,2.0029753750215162,1.0,1.0,1.0,1.0,0.5,0.5,108,2722815.821494851,1408970.0595698776
18,52,2.007479248906258,2.0774798022288747,2.062181568020364,2.215784220867879,2.009391066148967,1.0,1.0,1.0,1.0,0.5,0.5,109,2730754.920130542,1474476.5125493098
18,53,2.007464078535731,2.0773192925399586,2.0620098597371843,2.2216919849244383,2.000181610447423,1.0,1.0,1.0,1.0,0.5,0.5,111,2661474.963830943,1482726.8748143876
18,54,2.007260465335291,2.0751757816604455,2.059717823938705,2.2173712655019635,2.004899223184289,1.0,1.0,1.0,1.0,0.5,0.5,112,2716861.654522445,1432438.7910866004
18,55,2.00715620846825,2.0755565845567214,2.0631654787003173,2.239159579307532,2.00252567380807,1.0,1.0,1.0,1.0,0.5,0.5,113,2729965.331830479,1493705.7714530805
18,56,2.007042479718674,2.0743489574841356,2.061874254628149,2.2475307784043146,2.0027668558423746,1.0,1.0,1.0,1.0,0.5,0.5,114,2670635.9906205176,1536721.6026534336
18,57,2.0067715061278673,2.071438043622403,2.0587616849311696,2.259328374997401,2.0066473702124608,1.0,1.0,1.0,1.0,0.5,0.5,115,2761247.426205426,1470224.15062261
18,58,2.006575001504105,2.072276824502402,2.0657395159952934,2.2705813945779196,2.0004854477141136,1.0,1.0,1.0,1.0,0.5,0.5,125,2087577.429760999,1330760.278762828
18,59,2.0063801597765027,2.071633336449323,2.0680919353443725,2.2859503486603963,2.002434428942767,1.0,1.0,1.0,1.0,0.5,0.5,127,1976700.857361911,1437234.422014146
18,60,2.006089116363058,2.071386231239751,2.0739083550679727,2.294319656461969,2.003674062344671,1.0,1.0,1.0,1.0,0.5,0.5,129,2106024.22686626,1322325.2596382422
18,61,2.005844142384518,2.065681071958341,2.0617269060690626,2.2759203246167523,2.0062607026146244,1.0,1.0,1.0,1.0,0.5,0.5,130,2026514.951085457,1384973.6358657936
18,62,2.005832091923315,2.0655459249742205,2.0615824933724887,2.2853976779527283,2.0001548083631997,1.0,1.0,1.0,1.0,0.5,0.5,132,2026102.3688204545,1384893.5258203575
18,63,2.0037402060108453,2.0483362427978977,2.0583824032335745,2.312135723236674,2.0564265475447616,1.0,1.0,1.0,1.0,0.5,0.5,133,2372124.4338996564,1570380.9431352054
18,64,2.0019072418789268,2.028943194063098,2.0467664648327313,2.3348465689083655,2.027206664536486,1.0,1.0,1.0,1.0,0.5,0.5,135,2698178.52923957,1427005.7930921626
18,65,2.001783088278515,2.02724497981491,2.044950435499497,2.3405250273796177,2.001937891642843,1.0,1.0,1.0,1.0,0.5,0.5,137,2834179.193329727,1336643.0600263565
18,66,2.001317111518844,2.0222601213496727,2.0426607801300825,2.350000798864198,2.0147908110957937,1.0,1.0,1.0,1.0,0.5,0.5,138,2760462.101786495,1372327.5959517306
18,67,2.001209977267382,2.01481326889757,2.0225355219527135,2.3585751977439617,2.0008636516804508,1.0,1.0,1.0,1.0,0.5,0.5,142,2688772.1846638545,1348698.656780777
18,68,2.000930492868455,2.0108284256499553,2.01827455392743,2.339432788311308,2.0045548911120648,1.0,1.0,1.0,1.0,0.5,0.5,144,2756984.665115946,1362388.9312801522
18,69,2.0008470134053864,2.009626233442683,2.016989122232652,2.3487116507152392,2.001376651480957,1.0,1.0,1.0,1.0,0.5,0.5,146,2839615.697824453,1362319.4716047246
18,70,2.000846038396886,2.0110961833477177,2.0216016002831125,2.3593268636465528,2.000016063599696,1.0,1.0,1.0,1.0,0.5,0.5,148,2840058.0967151965,1361322.824307477
18,71,2.0006052885128307,2.0075972170591,2.0178599625320466,2.345870403229865,2.0011430864418664,1.0,1.0,1.0,1.0,0.5,0.5,155,2462257.416034772,1422246.9538161475
19,0,0.6514586844285369,0.8937744704810725,0.8864112413382138,0.35018164009799707,0.0,0.0,0.0,0.0,1.0,0.5,0.5,1,16981689.046457846,10128985.189331489
19,1,1.1002456269713288,1.345026194297899,1.340764583768589,0.8179157113284914,0.45082258333513864,0.14209756396510242,0.2486781709866624,0.36785910727340154,1.0,0.5,0.5,4,16953091.947034128,10121103.944977326
19,2,1.7462439618237928,1.993994029680516,1.9896057752134197,1.4707015935764323,1.1032515132273797,0.10116196484474697,1.0,1.0,1.0,0.5,0.5,6,16697148.503525283,10074666.3661197
19,3,1.7470000262180654,2.002396978460091,1.997675427612452,1.4841428428013104,1.1253642662370185,0.1143722331559954,1.0,1.0,1.0,0.5,0.5,7,16397643.762735628,9724970.735148106
19,4,1.7100039819981632,1.9820072055515414,1.9797378393451892,1.4681208301747817,1.125277852304769,0.10247244451532282,1.0,1.0,1.0,0.5,0.5,8,16030681.846177284,9552879.473326284
19,5,1.6659279153609485,1.962469978583245,1.9557473169378037,1.4559648954516713,1.1465220543277381,0.10331487549834287,1.0,1.0,1.0,0.5,0.5,9,14216532.1887142,8692881.69838456
19,6,1.6626646057133474,1.9608723432359865,1.9572834525647322,1.4660743357993473,1.1005346606062893,0.10037374144566927,1.0,1.0,1.0,0.5,0.5,11,14152944.915109204,8662931.824096786
19,7,2.555805352425093,2.85913082735317,2.8584876975458564,2.3782619137266927,2.00651754893223,1.0,1.0,1.0,1.0,0.5,0.5,12,12014439.570649276,7945833.909950365
19,8,1.5287358137246652,1.8938168345005768,1.8790983151204745,1.4158138883983398,1.2594075673506029,0.10615339904250107,1.0,1.0,1.0,0.5,0.5,13,10365787.30321676,6393644.552419501
19,9,1.4865343185248252,1.8635625365609607,1.8476185388718256,1.3942723582556913,1.1339778277648611,0.0935783556422656,1.0,1.0,1.0,0.5,0.5,14,9569435.159178616,5883831.293496582
19,10,1.193206721801594,1.5412749910734163,1.5086950388447444,1.2181653854659251,1.8551241893505734,0.09901391318744827,1.0,1.0,1.0,0.5,0.5,15,2005906.195476748,823170.1792417248
19,11,1.1904212397472074,1.5363609939914578,1.5064829898004009,1.2204986323815543,1.106263196612482,0.09898368607590242,1.0,1.0,1.0,0.5,0.5,17,1900520.1335759207,760618.2035134273
19,12,1.17789713837788,1.5192150356163743,1.4947221102450674,1.2159939057898044,1.1067504080159603,0.09187773555601102,1.0,1.0,1.0,0.5,0.5,19,2025922.720123118,739460.2543853101
19,13,1.1633554082410402,1.480735931346978,1.450596355882076,1.192162773410359,1.1322794578353679,0.09099485557698428,1.0,1.0,1.0,0.5,0.5,21,1741207.462033135,519668.2820566108
19,14,1.1633277020535044,1.4806475500264689,1.4505014762242485,1.199514971070652,1.0911065448626773,0.09099995393986172,1.0,1.0,1.0,0.5,0.5,23,1741129.7726593278,519268.323140598
19,15,1.1641133661437433,1.4803142419387632,1.453034605918123,1.2135813409130536,1.096228911773255,0.09318117687038155,1.0,1.0,1.0,0.5,0.5,26,1744396.402521595,495968.1735021391
19,16,1.1463613864330948,1.4613919279520613,1.4399631154226424,1.234733672542607,1.091979424943239,0.07758246418485912,1.0,1.0,1.0,0.5,0.5,27,1953802.435829594,1964763.486335976
19,17,1.1926015626933355,1.5011734582759484,1.4701049113849072,1.247108022377003,1.1317190954965421,0.12483367339516413,1.0,1.0,1.0,0.5,0.5,28,1780742.7546911545,569977.6933929469
19,18,1.164403216685927,1.4766821494972198,1.4579557170528512,1.2583941162802583,1.1053998611958535,0.09774522364544948,1.0,1.0,1.0,0.5,0.5,29,1564310.035138844,467078.6887064318
19,19,1.1396964045060385,1.437863895301063,1.417707137851413,1.2358569715467604,1.1267255947925858,0.07956242839468246,1.0,1.0,1.0,0.5,0.5,30,1337208.303634052,1073505.0512507504
19,20,1.132327264776569,1.4291083800814175,1.4088139732088114,1.227871255851302,1.0773447688734417,0.07279498690659383,1.0,1.0,1.0,0.5,0.5,31,1430190.654639851,1081614.136990832
19,21,1.1486699513340053,1.4228457548095528,1.4033688168179725,1.2437809456658209,1.1369587711876443,0.0986016902259612,1.0,1.0,1.0,0.5,0.5,33,1756356.5381524328,1173330.487879188
19,22,1.1422819378785443,1.4138805173163123,1.3971661785106528,1.2649725901011357,1.0999305793124736,0.09364774565819288,1.0,1.0,1.0,0.5,0.5,35,1492136.201303578,493620.8083574506
19,23,1.1410205965533917,1.4073126359694934,1.3870988968177838,1.2558839762208596,1.1054353204953857,0.09369808096539553,1.0,1.0,1.0,0.5,0.5,36,1560518.112911621,546862.7194694328
19,24,1.1126824488987628,1.3752496932068832,1.3546914457065224,1.2236729099691643,1.0779684142631105,0.06660477904514595,1.0,1.0,1.0,0.5,0.5,37,1493650.9910849174,500521.6198120525
19,25,1.1401664378005631,1.404933771013078,1.3905913597808413,1.278912480110081,1.094809151490388,0.09434172577181,1.0,1.0,1.0,0.5,0.5,42,1608086.0213230783,749573.6568896306
19,26,1.139548616742174,1.4046336151579566,1.3933274147847818,1.2881322033481315,1.0976467331442714,0.09410533900302952,1.0,1.0,1.0,0.5,0.5,43,1661133.9754349391,698850.8136437578
19,27,2.0421752264802375,2.2968519810808714,2.284597751129315,2.1841036452219917,2.031265535675938,1.0,1.0,1.0,1.0,0.5,0.5,44,1455605.2504569492,2988135.614462437
19,28,1.1263072192095542,1.3793183676984058,1.3699238707081718,1.2721456215728868,1.089757027926633,0.08507657126527156,1.0,1.0,1.0,0.5,0.5,46,2115582.9390098667,1662304.2215004142
19,29,1.107669914965983,1.337289976225696,1.3228134396953233,1.2280285373888933,1.1044710497354777,0.07249862795155546,1.0,1.0,1.0,0.5,0.5,48,3230864.531838139,1478969.1025565406
19,30,1.102487252652867,1.3106341050647694,1.2973272275452246,1.2336924731626704,1.1379449480765353,0.07283483420629987,1.0,1.0,1.0,0.5,0.5,49,2751128.0587845696,3825949.063297292
19,31,1.102085151945456,1.3108043642629692,1.300563247886407,1.2417667002180026,1.0739123832892488,0.07263660953626687,1.0,1.0,1.0,0.5,0.5,51,2910293.5274504544,3955015.1986343297
19,32,2.0259958482542935,2.215513062155294,2.1976208404977635,2.1656130898781996,2.0150034769704757,1.0,1.0,1.0,1.0,0.5,0.5,54,2895633.586764809,3947216.938511113
19,33,2.0259958482542935,2.2199653038198406,2.211503026715555,2.183807696506893,2.000000662016951,1.0,1.0,1.0,1.0,0.5,0.5,56,2895633.586764808,3947216.9385110703
19,34,2.02564799002881,2.2193783383660186,2.2139160676581415,2.1942706469864937,2.002367530856832,1.0,1.0,1.0,1.0,0.5,0.5,58,2961187.6651961203,3905229.765486579
19,35,1.1061399971687649,1.284844199530404,1.2690758923426726,1.346626253612252,1.0838670404805755,0.08255380235769347,1.0,1.0,1.0,0.5,0.5,80,1256301.7542084025,679912.7262072772
19,36,1.0989763303672166,1.2640021967616348,1.2471128855370481,1.340935148878697,1.1148653661975747,0.07788342249043219,1.0,1.0,1.0,0.5,0.5,81,1009392.2730779992,556438.4952544466
19,37,1.0987042509606555,1.2631821803880892,1.2462484132169684,1.3373911380354504,1.078439597212883,0.0777068941699655,1.0,1.0,1.0,0.5,0.5,83,1112491.2732664947,603060.1936303593
19,38,1.097873122697899,1.2578500924050804,1.2375274472638473,1.3335535862190295,1.0854928388548726,0.07739915800680336,1.0,1.0,1.0,0.5,0.5,84,1032109.7871925664,462990.7279939574
19,39,1.0989031325730698,1.2617512612817765,1.2477071377218316,1.3550331874244927,1.0785328463982125,0.07844593562102382,1.0,1.0,1.0,0.5,0.5,87,1009886.4880835664,684504.8715726306
19,40,1.0974416156059044,1.2500895496774505,1.2321968401642593,1.3474540178669163,1.1017266822713152,0.07844889427617253,1.0,1.0,1.0,0.5,0.5,88,1027782.519551714,670020.5433923582
19,41,1.0994488716676711,1.2638763790112364,1.2711225141916787,1.4635112516153952,1.0804880034604631,0.08047395042355512,1.0,1.0,1.0,0.5,0.5,111,1094825.3291153356,578420.0808794893
19,42,1.0990616080621414,1.2581439165053792,1.2558882306423174,1.430063176745966,1.0825316693433158,0.0802303395596429,1.0,1.0,1.0,0.5,0.5,112,1043790.6534483744,598779.4459091258
19,43,1.0990596000879824,1.2596031980835265,1.2604891876864441,1.4469609257898857,1.0802618332224836,0.08023199026079876,1.0,1.0,1.0,0.5,0.5,114,1043773.6591772132,598673.9249270039
19,44,1.099051087528795,1.2595184347694222,1.2603982940670875,1.453170018159584,1.080337915608761,0.0802359964134763,1.0,1.0,1.0,0.5,0.5,116,1043650.318779996,598067.3747002288
19,45,1.0933815539500376,1.2516077350751527,1.255331229666126,1.449873667510676,1.0850648912504262,0.07516845592670196,1.0,1.0,1.0,0.5,0.5,117,1105259.1911818178,508988.05579542817
19,46,1.095242046427164,1.2428384343010004,1.248735060726764,1.481283685229696,1.1109580340342085,0.07890731650862814,1.0,1.0,1.0,0.5,0.5,118,1149382.294741167,589742.2465577108
19,47,1.092747920550087,1.2213412240871129,1.2287591518861918,1.475288247164818,1.092700018708431,0.07932819345403798,1.0,1.0,1.0,0.5,0.5,122,1071008.989631839,549618.8970176376
19,48,1.092550243204308,1.2214001016169624,1.231865002009655,1.4854577996322846,1.0808932578895099,0.07929576524662625,1.0,1.0,1.0,0.5,0.5,124,1122130.208176684,554422.1774280478
19,49,1.0931626629982372,1.221974485897756,1.2324364019123863,1.5019830260674187,1.079958377590411,0.07991326612557101,1.0,1.0,1.0,0.5,0.5,126,1024737.303936343,633333.7680554809
19,50,1.0912466911471501,1.2142109780267656,1.2242139679516404,1.5031473276662508,1.081788942436638,0.07877014885472745,1.0,1.0,1.0,0.5,0.5,131,1076872.4734630643,1187078.7852434034
19,51,1.0902065103001215,1.2030090497752193,1.2091904593662737,1.498586021808638,1.090020727697112,0.07883578337044075,1.0,1.0,1.0,0.5,0.5,133,1079228.3021391064,1218336.228799104
19,52,1.0901775599388892,1.2042000093941228,1.2135042905695204,1.5161468486724536,1.0790097031781452,0.07883976840494827,1.0,1.0,1.0,0.5,0.5,137,1079718.7562504716,1218539.310768047
19,53,1.0900023806031283,1.2042154557942175,1.2165620044940058,1.5394761562404407,1.0799335328381634,0.07882514188364349,1.0,1.0,1.0,0.5,0.5,140,1101631.881537405,1257604.1610442535
19,54,1.0897614948980077,1.2054085214013357,1.2239226210313379,1.5498129392686393,1.079742026227349,0.078773261009692,1.0,1.0,1.0,0.5,0.5,145,1183150.588647641,565317.2826448701
19,55,1.089273549077397,1.2021122220585334,1.2234358000578929,1.5648329200104798,1.084319041599668,0.07880672248209054,1.0,1.0,1.0,0.5,0.5,147,1168139.4720067254,583333.6550922379
19,56,1.0852386623143322,1.1958072617733124,1.2169547643208214,1.5856453469011975,1.0779483202081883,0.07504310521730687,1.0,1.0,1.0,0.5,0.5,149,1184581.8688012296,546278.5672577599
19,57,1.0851962819103176,1.1966818347489028,1.2209288185036327,1.596670206134189,1.0757952720023605,0.07506802758227195,1.0,1.0,1.0,0.5,0.5,151,1168055.4629998864,539196.7072921441
19,58,1.0831144252743086,1.2044899233684596,1.2507019068670715,1.7286970762936287,1.0733050004666547,0.0730451694990166,1.0,1.0,1.0,0.5,0.5,180,1107729.434288001,641415.6058733311
19,59,1.0966994170799589,1.211330466827237,1.2509633706550851,1.7119226188822785,1.0875578640399741,0.08707241652357292,1.0,1.0,1.0,0.5,0.5,188,1397216.9677340025,1796800.1178854902
19,60,1.096699417044929,1.2128145473443193,1.2555906073279783,1.7122926800124456,1.0870724353734964,0.08707241648580616,1.0,1.0,1.0,0.5,0.5,190,1397216.9745226195,1796800.1047938522
19,61,1.0966857903091745,1.2127846887277254,1.2555593454107663,1.718750636724683,1.0870810546231415,0.0870606740869228,1.0,1.0,1.0,0.5,0.5,192,1397104.4269829832,1796422.7896244174
19,62,1.096862008903559,1.212121161156491,1.2548310247215855,1.7249296046716212,1.0894773014242216,0.08733411729567855,1.0,1.0,1.0,0.5,0.5,193,1365606.6006131135,1836376.4485602495
20,0,0.997173485374491,0.999294916806705,0.9992461974629389,0.4149849683180528,0.0,0.0,0.0,0.0,1.0,0.5,0.5,1,1051288.4968997026,10037507.848594276
20,1,1.0999492212065984,1.1021221845406146,1.1020721995515235,0.5208225560354067,0.10286336793271487,0.10273843771705866,8.762463343105e-05,0.0001233692408582,1.0,0.5,0.5,3,1051654.3296884526,10036983.156369133
20,2,1.0887366913552068,1.0909598538738483,1.0909086481732446,0.5129803840794606,0.09171775000745051,0.09159575527744615,8.73607038123e-05,0.00011839520546518,1.0,0.5,0.5,5,1052009.8968524355,10036281.21604417
20,3,1.811798283686327,1.9537739516340267,1.9532014257143644,1.40258206527892,1.1267739649632065,0.00589539696036872,1.0,1.0,1.0,0.5,0.5,6,2978185.894894256,8554740.726891857
20,4,1.7011612995138579,1.9755286663714564,1.966717680082331,1.4600234359305944,1.2707111321122189,0.10264002096453351,1.0,1.0,1.0,0.5,0.5,7,4610585.4616248105,6057212.782070212
20,5,1.6504984751964251,1.953781618798427,1.9434635109000318,1.4436983517205615,1.1274947192905067,0.1026360578877176,1.0,1.0,1.0,0.5,0.5,9,2515054.7156579774,5476459.929015988
20,6,2.3476969089990347,2.7404340935622935,2.7224419710904826,2.284063615889127,2.2533075182551947,1.0,1.0,1.0,1.0,0.5,0.5,10,861279.4760755803,3411219.507289184
20,7,1.3883308373493783,1.789664250274459,1.757256553731104,1.3995109830484231,1.5849557354751926,0.213326132085704,1.0,1.0,1.0,0.5,0.5,11,895754.3614289726,1352138.9045190292
20,8,1.336536582762793,1.731913440437593,1.6979184627508617,1.3562756895206367,1.232008088930593,0.17847313446192242,1.0,1.0,1.0,0.5,0.5,12,495784.24059377966,1274536.16893834
20,9,1.3373149197541292,1.7232183451417682,1.6873642249312248,1.3600094037286392,1.2570904763061008,0.1965990994865807,1.0,1.0,1.0,0.5,0.5,13,518849.6202559036,1047920.968488316
20,10,1.2302038828841322,1.588092784449699,1.550858318160829,1.252329765728105,1.2743999088264757,0.12525458183936947,1.0,1.0,1.0,0.5,0.5,14,501520.5106055808,557027.6221366083
20,11,1.107695419988827,1.4637371303293039,1.429211068335411,1.142014015676803,1.0127655382110141,0.0056863194111666,1.0,1.0,1.0,0.5,0.5,16,459250.668575671,444343.9966695849
20,12,1.1076927913266976,1.4652154136944855,1.433832433321045,1.1485226196215192,1.005692687892854,0.0056863194111666,1.0,1.0,1.0,0.5,0.5,18,459219.5778845775,444278.751845635
20,13,1.1499673739983374,1.5102186971092104,1.4850917082855157,1.23781513903032,1.0483610836973056,0.04816347742833108,1.0,1.0,1.0,0.5,0.5,23,543988.7759545534,514558.3577111342
20,14,1.2197985490071088,1.5792748811711659,1.5540486612872773,1.2997005832177995,1.1218659858314912,0.11865120501377506,1.0,1.0,1.0,0.5,0.5,24,541866.488808367,434287.36339617777
20,15,1.4408551805178542,1.7937842073109636,1.7618122700860286,1.5033690335757681,1.350322681863751,0.34275161913389696,1.0,1.0,1.0,0.5,0.5,26,616101.2429417991,945153.6812690342
20,16,1.223911860284387,1.5750011910288584,1.5457551877736448,1.2877656199848126,1.142288073973745,0.12850961398312086,1.0,1.0,1.0,0.5,0.5,27,505770.8994521227,432028.3802358848
20,17,1.4256250598722886,1.7677908701676954,1.7344937628199877,1.4941060997518498,1.3658166781182355,0.33587560189187393,1.0,1.0,1.0,0.5,0.5,28,578757.7079261605,850396.9466090266
20,18,1.6368074391784322,1.9779841030766634,1.9445690162409262,1.7072946165429794,1.5497196249930558,0.5477721215899886,1.0,1.0,1.0,0.5,0.5,30,512660.928060244,533237.5730560119
20,19,1.6269438442574087,1.9656388617740979,1.9319302074997178,1.703593649440664,1.5493348834925174,0.5396613650150892,1.0,1.0,1.0,0.5,0.5,31,557851.0873161018,778946.4992311025
20,20,1.6160374653680845,1.9531444083314418,1.919249586961001,1.6944725348491452,1.5329209584506116,0.5298520973614922,1.0,1.0,1.0,0.5,0.5,33,526310.0945208161,793504.8081901021
20,21,2.0827785358723467,2.416263218498252,2.384921727524981,2.170202796461975,2.0194862661136606,1.0,1.0,1.0,1.0,0.5,0.5,34,431537.1271946153,576980.7142918758
20,22,2.0816038036584876,2.4132570133313624,2.38170735481168,2.175761202306436,2.0034371425859003,1.0,1.0,1.0,1.0,0.5,0.5,36,435850.3139592134,622612.2185640554
20,23,2.081058995987225,2.411851194837023,2.380203955162238,2.1798344371186893,2.0016079887804494,1.0,1.0,1.0,1.0,0.5,0.5,38,442952.3368301456,688430.1230319712
20,24,2.080422813654419,2.410191749294736,2.378429503989995,2.186216852088775,2.0037780769559763,1.0,1.0,1.0,1.0,0.5,0.5,39,433269.5438053316,772422.9701676775
20,25,2.079934272049977,2.4089304982177264,2.37708083222974,2.177178192207248,2.002918051294392,1.0,1.0,1.0,1.0,0.5,0.5,40,501992.72610417794,1167419.108817482
20,26,2.0797858727211613,2.412985632390058,2.390538508597713,2.206125425769581,2.000888918466151,1.0,1.0,1.0,1.0,0.5,0.5,41,500230.3840408061,1144147.972103683
20,27,2.0781692941253866,2.4027677232769484,2.3674501716686094,2.177734218398678,2.009778073494747,1.0,1.0,1.0,1.0,0.5,0.5,42,495011.510729701,1262938.4815570654
20,28,2.077829205817629,2.4018579268235243,2.3664773696576233,2.1818506595498643,2.0010390717930258,1.0,1.0,1.0,1.0,0.5,0.5,44,491719.2429654029,1329986.440480301
20,29,2.07780644930556,2.4017970563320166,2.366412304596529,2.1888265113904084,2.0000696806096254,1.0,1.0,1.0,1.0,0.5,0.5,46,491255.7134432205,1329805.2008530188
20,30,2.0773989010179355,2.4007039237553616,2.3652435139259067,2.1946809493203903,2.0025007720520485,1.0,1.0,1.0,1.0,0.5,0.5,47,489700.5575996378,790844.3001233019
20,31,1.1658241161457106,1.4972429899631043,1.4805550112892134,1.3312549526845885,1.0918186256414026,0.08889873255049145,1.0,1.0,1.0,0.5,0.5,48,461026.42871778633,900185.6187561433
20,32,2.0658367251978476,2.376422757157899,2.357522195517335,2.194451818987473,2.0364744805696198,1.0,1.0,1.0,1.0,0.5,0.5,50,614512.3115720141,2016604.3064262297
20,33,2.0635861285356425,2.3709103544329295,2.3546680610691135,2.198463701589122,2.0079996223899217,1.0,1.0,1.0,1.0,0.5,0.5,52,622506.2512307278,2106605.3388124863
20,34,2.0622594679474884,2.3696606977352555,2.3594128116279203,2.215468163053857,2.0048211902407207,1.0,1.0,1.0,1.0,0.5,0.5,54,596178.3694943205,2220495.455876108
20,35,2.0615642510949934,2.3659378149957355,2.352391577407189,2.222565032166738,2.005117943077631,1.0,1.0,1.0,1.0,0.5,0.5,55,577215.8173437937,2146937.7614669977
20,36,2.060308538855159,2.3603623678331336,2.343389032728519,2.2058608612400077,2.009360309141373,1.0,1.0,1.0,1.0,0.5,0.5,56,555237.0877749543,2107581.315822628
20,37,2.0571255627464797,2.3496933648990312,2.3319805090468204,2.2372009585124086,2.0244285871532552,1.0,1.0,1.0,1.0,0.5,0.5,57,442071.3210793916,412310.99012169865
20,38,2.056489418025409,2.3460041783244527,2.324994981262056,2.200729426910525,2.0050083052553664,1.0,1.0,1.0,1.0,0.5,0.5,58,448298.04259692953,370495.8903127604
20,39,2.056198921247502,2.3465002003653677,2.328565862901568,2.208730768519312,2.00230162843752,1.0,1.0,1.0,1.0,0.5,0.5,59,465026.24181152007,351412.558582656
20,40,2.0548839982622304,2.338912041415123,2.314370967652349,2.1935862116588023,2.010533884319211,1.0,1.0,1.0,1.0,0.5,0.5,60,445544.75070300046,322240.0451186284
20,41,2.0541055946598963,2.3435697209885076,2.334553911560712,2.2620424977852736,2.000903926115509,1.0,1.0,1.0,1.0,0.5,0.5,67,349292.6171591592,378051.9847545008
20,42,2.0535394086062366,2.34301753867269,2.3370040871967035,2.278808055783445,2.0015487776938787,1.0,1.0,1.0,1.0,0.5,0.5,70,406172.0968624696,551802.9580391786
20,43,2.0533436374517287,2.342310643857624,2.336248300968755,2.284739176481507,2.001615311191793,1.0,1.0,1.0,1.0,0.5,0.5,71,402028.78709014447,471617.5084238823
20,44,2.0533079871325963,2.3422033958487773,2.3361334849402153,2.280571371959034,2.0002946030078324,1.0,1.0,1.0,1.0,0.5,0.5,72,405802.0941970325,473937.3037057778
20,45,2.052056924848513,2.3390982761331873,2.3358533877869707,2.2911636263346606,2.0104355815886485,1.0,1.0,1.0,1.0,0.5,0.5,73,307144.74297088536,422903.464933817
20,46,2.0513740709588,2.338050796425163,2.337773917956132,2.29561317271404,2.0028881225298907,1.0,1.0,1.0,1.0,0.5,0.5,75,338937.7118977689,335592.3801150531
20,47,2.0492933186387896,2.327242298614689,2.320135176631804,2.2808570728831,2.0179658031179617,1.0,1.0,1.0,1.0,0.5,0.5,76,390533.06871780544,361924.5992652967
20,48,2.049143633644271,2.323682461834564,2.3102476677746235,2.298052077538273,2.0006571071164485,1.0,1.0,1.0,1.0,0.5,0.5,78,393121.7870638739,305552.0962361575
20,49,2.044837743689617,2.3184950640553224,2.32902473027755,2.3670843251134888,2.00326180710795,1.0,1.0,1.0,1.0,0.5,0.5,90,317316.0532781919,700639.4539309185
20,50,2.0410743251998333,2.301032117155406,2.307310694394962,2.357270557193959,2.009130834217554,1.0,1.0,1.0,1.0,0.5,0.5,94,301907.9641295883,736964.214528596
20,51,2.0385213749249527,2.2910493565481795,2.299676579037783,2.3484261081375384,2.0261568745283034,1.0,1.0,1.0,1.0,0.5,0.5,95,304486.0264308657,1035123.606581398
20,52,2.0361257890038047,2.2798002723229844,2.2876478742371713,2.3701256876826315,2.0256694745269987,1.0,1.0,1.0,1.0,0.5,0.5,96,355422.6008513947,814702.1674067351
20,53,2.0358515469372627,2.2784810493493017,2.2862370732783353,2.3693148414999583,2.000753127455649,1.0,1.0,1.0,1.0,0.5,0.5,100,354459.0128613285,812992.4985259982
20,54,2.0358245429325046,2.278351337230494,2.2860982149162448,2.378442235678018,2.0001487571844025,1.0,1.0,1.0,1.0,0.5,0.5,102,354028.6017355874,812881.2007224598
20,55,2.0354871511267048,2.2767172543930014,2.284350979982972,2.414264277459708,2.000196306073713,1.0,1.0,1.0,1.0,0.5,0.5,121,379376.5491991986,877036.1279518497
20,56,2.034148017928083,2.274596932272158,2.291205028735746,2.443831649506775,2.0075227481924918,1.0,1.0,1.0,1.0,0.5,0.5,123,376894.2201367426,731052.2669463018
20,57,2.0293994435937037,2.249770467521607,2.2646576903331566,2.4242328277617733,2.0567468610222175,1.0,1.0,1.0,1.0,0.5,0.5,124,330618.4658234403,772386.2708693976
20,58,2.028863643241456,2.2453269216415612,2.2568657525290075,2.430449199542802,2.0016916634053565,1.0,1.0,1.0,1.0,0.5,0.5,128,327514.84660014283,958618.6543492948
20,59,2.028483523453923,2.2446906800755664,2.259225947946364,2.4495422807738363,2.0012123283196708,1.0,1.0,1.0,1.0,0.5,0.5,132,314842.2529119274,761114.8887882488
20,60,2.0284824696635213,2.244684520561545,2.2592192033973486,2.4621733910122634,2.0000044850049945,1.0,1.0,1.0,1.0,0.5,0.5,135,315306.06043781736,761768.7075220324
20,61,2.028228242223566,2.2491921978522864,2.2762015810809846,2.513808574470044,2.0004082375960612,1.0,1.0,1.0,1.0,0.5,0.5,143,473525.6056346998,1319292.909361794
20,62,2.0272180074404176,2.241967087904961,2.265435059117956,2.4883429333698115,2.006581663076378,1.0,1.0,1.0,1.0,0.5,0.5,145,323211.7352363397,1299252.3457315138
20,63,2.025721311771859,2.2346771218982315,2.2606803901047146,2.4924603995650783,2.020070706696365,1.0,1.0,1.0,1.0,0.5,0.5,146,313362.1746955338,1266523.2024539344
20,64,2.0210176055096305,2.2049060166857615,2.228845722011907,2.4720052555804948,2.01702355102913,1.0,1.0,1.0,1.0,0.5,0.5,150,398616.09284643887,1155722.48198809
20,65,2.02100146257834,2.2047980440282062,2.2287301918546474,2.481415160476015,2.000123961525585,1.0,1.0,1.0,1.0,0.5,0.5,152,398405.6453391343,1155517.1620633749
20,66,2.019619310967758,2.199833838051159,2.232543321825281,2.5360722642114952,2.0035927453943625,1.0,1.0,1.0,1.0,0.5,0.5,158,368428.56142853387,713142.815801112
20,67,2.0194920314197895,2.1989309257604646,2.231577819796759,2.5355155012997095,2.0020321515140465,1.0,1.0,1.0,1.0,0.5,0.5,159,369752.6083907189,654157.0976904752
20,68,2.018661477095213,2.194544989452738,2.2299284998456685,2.5444310779751094,2.0134389979553573,1.0,1.0,1.0,1.0,0.5,0.5,160,351272.99352462,847085.8537686287
20,69,2.018521117736418,2.1950029674364613,2.2334585174529087,2.576525475164607,2.001151549686208,1.0,1.0,1.0,1.0,0.5,0.5,162,374623.5471926308,935886.4073586809
20,70,2.018385448638177,2.194031938167175,2.2324203329902867,2.5555855763707616,2.000319230322567,1.0,1.0,1.0,1.0,0.5,0.5,169,343902.28319345304,1153908.2138510086
20,71,2.017673851152673,2.188860844983873,2.226890596273676,2.5524127679216626,2.0118617447090665,1.0,1.0,1.0,1.0,0.5,0.5,170,332474.74367268913,1135578.927751211
20,72,2.0176573196781473,2.1902340542863334,2.2313996050074705,2.574410288110327,2.0002783815372878,1.0,1.0,1.0,1.0,0.5,0.5,171,340700.61776665645,1132933.5737884631
20,73,2.016843936142099,2.184135773080605,2.224878657628442,2.5832947003479774,2.0069351336349346,1.0,1.0,1.0,1.0,0.5,0.5,173,359818.44729286915,1164423.6562320264
20,74,2.0161685179342044,2.1789867816829096,2.2193727252024757,2.5863309981294327,2.0058876365539735,1.0,1.0,1.0,1.0,0.5,0.5,175,348466.0962942519,1390788.380098984
20,75,2.0160405443949743,2.178001984088164,2.2183197027320185,2.5949538465682718,2.002257201180132,1.0,1.0,1.0,1.0,0.5,0.5,176,349146.0004126599,1362726.6181972194
20,76,2.015176293721885,2.169758742705505,2.2064643725149313,2.6038858497529906,2.005162858793313,1.0,1.0,1.0,1.0,0.5,0.5,179,352653.38741178875,1312974.342606973
20,77,2.0145438937710853,2.1646901873144446,2.2010446909687316,2.6039606507522404,2.0116006331303327,1.0,1.0,1.0,1.0,0.5,0.5,180,303660.1061059018,1300150.0900591633
20,78,2.013849295111733,2.16048939875172,2.199593184672893,2.6163432122701127,2.013015835709764,1.0,1.0,1.0,1.0,0.5,0.5,181,327463.9136136242,1152603.260157263
20,79,2.0134650411193125,2.155797298364685,2.1915351942469785,2.6144338749932423,2.00244252354555,1.0,1.0,1.0,1.0,0.5,0.5,184,320343.558678667,1187875.7249678746
20,80,2.0134217552323705,2.1569063732129257,2.195761725398464,2.5950042020362907,2.0002772743651995,1.0,1.0,1.0,1.0,0.5,0.5,187,318548.4547322001,988906.0711943344
20,81,2.0131445382292066,2.1530613871660367,2.1886096469268264,2.592421180288267,2.005353911830383,1.0,1.0,1.0,1.0,0.5,0.5,188,357709.9821614458,1143207.140405655
20,82,2.0127467355726654,2.1511519378193436,2.1896083162669795,2.6004610892900977,2.003884361511976,1.0,1.0,1.0,1.0,0.5,0.5,190,347900.69507641473,1134216.199107426
20,83,2.012583881163628,2.1512222287440608,2.192724297912284,2.6097332482777342,2.003210242510108,1.0,1.0,1.0,1.0,0.5,0.5,191,325413.30408362683,930534.5135227304
20,84,2.012458411889355,2.1501544588722004,2.191582485437725,2.621937780730232,2.0024857199245365,1.0,1.0,1.0,1.0,0.5,0.5,192,327712.1420063287,950098.8212755962
20,85,2.0124573249322184,2.150145400763345,2.191572963721467,2.6187182305882715,2.000022181954808,1.0,1.0,1.0,1.0,0.5,0.5,193,327712.3326485062,950098.8836656364
20,86,2.0124526764598905,2.1486200152321158,2.186900974944397,2.6219067517702483,2.000091968924849,1.0,1.0,1.0,1.0,0.5,0.5,194,327471.2848394687,948425.8147791016
20,87,2.0123600975918734,2.150773308869193,2.195284449371051,2.637360796957842,2.001841192273726,1.0,1.0,1.0,1.0,0.5,0.5,195,335045.66791378456,1139294.25333678
21,0,0.7978892317661759,0.943916900184713,0.9400294538422904,0.38097563704486886,0.0,0.0,0.0,0.0,1.0,0.5,0.5,1,10150922.702083092,10072423.781833475
21,1,0.8981229806579185,1.044176570607947,1.0402884197613593,0.4842436747393771,0.10028465152468027,0.10017926607103085,9.316715542519001e-05,9.083030765095e-05,1.0,0.5,0.5,3,10149489.61133837,10074262.164821194
21,2,1.2389483783673538,1.3879315317573613,1.387141210254482,0.8414975810434999,0.4446854383994405,0.1339911503615569,0.3116485325965117,0.3067571005010942,1.0,0.5,0.5,4,10109621.86292535,10033210.285899768
21,3,0.9416656518130345,1.0907837397154287,1.0899891548153167,0.5474860519813516,0.14624767646464198,0.10017193263327251,0.04064133209874399,0.05123034265199773,1.0,0.5,0.5,5,10117080.885360574,10013958.754839676
21,4,1.2385301225390235,1.3904073672396025,1.3927160451504192,0.851534353892526,0.44614657623028153,0.11744612309722058,0.33014107293937517,0.32461712951205346,1.0,0.5,0.5,6,10068561.160765205,9987586.596243626
21,5,1.8362941707266445,2.026288197070241,2.0241374674228396,1.4924372658349507,1.1445962633839613,0.10117846713956835,1.0,1.0,1.0,0.5,0.5,7,9422258.797634603,9180602.874248875
21,6,1.8303337721172577,2.03126514556622,2.025530711215165,1.498215505641915,1.1286292690350483,0.11399539001196865,1.0,1.0,1.0,0.5,0.5,8,9210867.268276747,9115412.887557345
21,7,1.783604335357436,2.0088615339236915,2.005398840164948,1.4790818875082732,1.1313249513399442,0.10267745431088585,1.0,1.0,1.0,0.5,0.5,9,9259243.095297083,8297054.004992605
21,8,1.7809876945829595,2.0128354545120395,2.009109150856739,1.4898399358680936,1.1191387988085133,0.11045433132103413,1.0,1.0,1.0,0.5,0.5,10,8935968.432981111,8447261.606697233
21,9,1.7690419753170077,2.0087626226718536,2.0079187617446683,1.4874403921159285,1.112971977617473,0.10866486756108766,1.0,1.0,1.0,0.5,0.5,12,8882616.005422974,8209823.383086848
21,10,1.6294472147051347,1.9596448262820236,1.947713427663277,1.477524206571768,1.2907908308736684,0.1317753442101951,1.0,1.0,1.0,0.5,0.5,13,6661727.271206695,5853187.489211741
21,11,1.4509697403496882,1.8474258827131604,1.8322035469364875,1.4160733383259194,1.216723993389234,0.11089148617524217,1.0,1.0,1.0,0.5,0.5,15,3853070.930984833,3804899.95080136
21,12,1.3469116719177738,1.7600708449697544,1.743974415767648,1.3293647784945564,1.2128251711154767,0.08001085854967108,1.0,1.0,1.0,0.5,0.5,16,3458747.0542372493,3214491.968182177
21,13,1.2128264282167383,1.6034812502905138,1.579958975105606,1.246002207191479,1.2489916596954926,0.07441559059569233,1.0,1.0,1.0,0.5,0.5,18,1529562.1390162886,1338365.675930423
21,14,1.185431538632466,1.5496368424590783,1.5250237746955841,1.2272986118379763,1.1497303557564718,0.08016919113974666,1.0,1.0,1.0,0.5,0.5,20,831799.5531112349,729192.8885611737
21,15,1.185275170108596,1.544689381243387,1.516492539948593,1.232936813958508,1.0903888365424665,0.08306242894918534,1.0,1.0,1.0,0.5,0.5,22,743089.9707568521,661237.4034164908
21,16,1.1589586675375259,1.5108139054536096,1.475750195550296,1.2015234466504916,1.0698507235314596,0.06051973431042566,1.0,1.0,1.0,0.5,0.5,24,525085.1949521552,449467.257661015
21,17,1.1530955953560382,1.504320568761443,1.4721332190686585,1.205687936273797,1.0608013777850498,0.05639636121915429,1.0,1.0,1.0,0.5,0.5,26,549900.4947906449,514382.42830614746
21,18,1.1533766670536947,1.5017211074029695,1.4662160412061784,1.2007364732888999,1.0635291766067765,0.05779551143375537,1.0,1.0,1.0,0.5,0.5,27,450749.2952915392,456965.8564128752
21,19,1.1527541099425795,1.4970727675369475,1.461070531810611,1.2054200727857207,1.0767689029071397,0.060319744483698146,1.0,1.0,1.0,0.5,0.5,28,724375.4480228361,675355.3712777911
21,20,1.1347902994139836,1.4805493405688501,1.447686270057821,1.1879398851557088,1.042466688303414,0.04237346977661348,1.0,1.0,1.0,0.5,0.5,29,367919.3785964596,386956.63950111344
21,21,1.1391101799564103,1.4777680622460023,1.4440551206805556,1.204057494364118,1.0558578547945432,0.05185324760027223,1.0,1.0,1.0,0.5,0.5,36,910398.5272773154,1664838.916332953
21,22,1.1202155922248582,1.4545396196534988,1.4292424387243066,1.2199425722859423,1.0723123226403322,0.038806844009811395,1.0,1.0,1.0,0.5,0.5,37,1097780.8964315958,2585561.837012335
21,23,1.1246281724750842,1.4479464526626367,1.421429256493179,1.222776377148087,1.0900720702675906,0.04981285787604947,1.0,1.0,1.0,0.5,0.5,38,737143.9854851953,851403.4345426786
21,24,1.1293405426824017,1.4391222812753854,1.4111670649456491,1.2245943385185425,1.0854721325908838,0.06173356738915971,1.0,1.0,1.0,0.5,0.5,40,1644769.5576856574,1299679.6798201066
21,25,1.1171299348923718,1.397416633612619,1.366510804778434,1.2019549179094424,1.1600758443424253,0.06259269788606073,1.0,1.0,1.0,0.5,0.5,41,1412387.902437923,1110458.2608415117
21,26,1.1150770054372283,1.392651145299069,1.364486516463151,1.2058733346569332,1.068760729431155,0.062149014469542,1.0,1.0,1.0,0.5,0.5,43,1357550.7124726006,999377.2403220194
21,27,1.1109229951999817,1.3869073938850465,1.3585916715718338,1.195672630030324,1.0635096571254439,0.05858500637045376,1.0,1.0,1.0,0.5,0.5,44,1435992.5025980028,1169343.9026471728
21,28,1.129922356363255,1.4028443933748913,1.371235015025136,1.2139291998840673,1.0831191587386104,0.07817206140462221,1.0,1.0,1.0,0.5,0.5,45,1362555.7150945417,1172214.2775761262
21,29,1.1122261101109208,1.381357236825322,1.352393089956143,1.1910963399999557,1.0788024345211364,0.06238970181210805,1.0,1.0,1.0,0.5,0.5,46,1503740.3687522025,936598.4745925748
21,30,1.110390736697036,1.3741707351750925,1.3447069878733324,1.2107142166669065,1.0678687789912669,0.0624105562158475,1.0,1.0,1.0,0.5,0.5,49,1341898.3559774733,903314.8556275432
21,31,1.1060339083702155,1.3585104503069378,1.3249967507965494,1.2012613918464825,1.0912086817551785,0.061310275521669365,1.0,1.0,1.0,0.5,0.5,50,1312247.0183251677,815954.7660924952
21,32,1.1010441019168504,1.3497072053580392,1.315845229269137,1.1996691413141076,1.063293193006923,0.057531382392617215,1.0,1.0,1.0,0.5,0.5,52,1295239.145552751,994815.5984612508
21,33,1.1006709985661827,1.3480659601823737,1.3140889545696823,1.1876387779181679,1.059442720375334,0.057550669732301475,1.0,1.0,1.0,0.5,0.5,54,1348788.569549262,941063.0582482726
21,34,1.132463180362881,1.3759269460431414,1.3476144457964732,1.2467212866346813,1.111914307355741,0.09142370360249538,1.0,1.0,1.0,0.5,0.5,55,1074895.9785992503,1165410.047168145
21,35,1.1003705665169152,1.3416190026880086,1.310097430885263,1.2084008772389172,1.0617146034262723,0.05954695666411982,1.0,1.0,1.0,0.5,0.5,56,1198001.278922215,1074324.4202981158
21,36,1.1263702690965194,1.3642422084577868,1.3324184735942866,1.235389257197191,1.0964933221648443,0.0865285620907043,1.0,1.0,1.0,0.5,0.5,57,1091923.249637457,1293474.580405336
21,37,1.097482913805785,1.3322345439938044,1.3001329579537644,1.191038303875007,1.0676880313678827,0.05852892963300603,1.0,1.0,1.0,0.5,0.5,58,1281221.8476887057,894862.496804052
21,38,1.0967556362475581,1.330410676675401,1.3012236942856799,1.2055758825923135,1.0600325170175773,0.05852284359968015,1.0,1.0,1.0,0.5,0.5,63,1276434.1802839004,893458.8744834173
21,39,1.097120101194351,1.3304927717631507,1.3012808312927078,1.2031135335697354,1.0597894905325058,0.05896545141987013,1.0,1.0,1.0,0.5,0.5,64,1260358.65215589,934119.4748400196
21,40,1.114845304403302,1.347449651025647,1.3181695812548295,1.2258157601949546,1.079145262769924,0.07690278038486201,1.0,1.0,1.0,0.5,0.5,65,1118035.7416822745,1145954.3140773624
21,41,1.0718408029879551,1.3050629219916574,1.287877099780749,1.3267974868850454,1.0359310238577764,0.035491790836762946,1.0,1.0,1.0,0.5,0.5,104,1981123.4222469165,43033767.15103189
21,42,1.0704628755259962,1.2986820814863371,1.278043957074164,1.3206902899543798,1.0454094808237917,0.03505451903792313,1.0,1.0,1.0,0.5,0.5,105,2030284.0800568727,40420733.20072577
21,43,1.0715975360605148,1.296717261049071,1.2758116763089875,1.323143557307429,1.0454618895448566,0.036949902270422955,1.0,1.0,1.0,0.5,0.5,106,1888045.064630147,41539679.407085896
21,44,1.0736962992823285,1.3000736568162359,1.2852972370990061,1.3390936652208543,1.0459619082217193,0.03960918598008542,1.0,1.0,1.0,0.5,0.5,107,1853502.4780065403,45468195.89875067
21,45,1.0715077275583658,1.2932292773733358,1.2750377664799353,1.3279162233558106,1.0467372041417051,0.038167062658474235,1.0,1.0,1.0,0.5,0.5,108,1823170.3754195508,42158554.30750067
21,46,1.0673658066620832,1.2826621462007322,1.263911463928809,1.321928878906103,1.0549725301341566,0.035666720908028436,1.0,1.0,1.0,0.5,0.5,109,1693029.117462254,43152727.04753044
21,47,1.0684164133997212,1.2828124968361387,1.2670010637169922,1.3305339576868445,1.044050447452917,0.03728013728573966,1.0,1.0,1.0,0.5,0.5,110,1714532.4653350748,46531243.88498745
21,48,1.064046158053564,1.2731788211096462,1.2538994651024684,1.3212605002687947,1.0448333865800217,0.03381213509485892,1.0,1.0,1.0,0.5,0.5,111,1762954.997315214,43651962.51718276
21,49,1.065665285973231,1.271777128074195,1.2522455939953536,1.3241883842518836,1.0436919216790577,0.03604709160262547,1.0,1.0,1.0,0.5,0.5,112,1609964.0129472322,45219370.3184176
21,50,1.0634317267957851,1.2670641957665414,1.2503492444693485,1.3389295170938738,1.0440431065744464,0.0345657302101815,1.0,1.0,1.0,0.5,0.5,113,1717552.6740964148,46223353.09977394
21,51,1.0627706624109845,1.2650091575621427,1.24816909561694,1.3227398229459624,1.0395620938157288,0.03431579193846298,1.0,1.0,1.0,0.5,0.5,114,1835139.11207679,41620639.55640923
21,52,1.0892466185903997,1.2886125283593655,1.2715362799151877,1.3638920781759591,1.0682214143898419,0.06132646096268768,1.0,1.0,1.0,0.5,0.5,115,1828969.1050881352,42082177.43177411
21,53,1.1182210263354517,1.2939807337498637,1.2749476105976334,1.4211964425921013,1.1582506069219782,0.09492480608719628,1.0,1.0,1.0,0.5,0.5,116,1335028.5857820057,698985.441488753
21,54,1.1182210244209265,1.2954648128586927,1.2795751632528154,1.4410841576439668,1.0949249162292913,0.09492480464117652,1.0,1.0,1.0,0.5,0.5,118,1335028.5824617026,698985.434416618
21,55,1.1182210245061501,1.2954648128620745,1.279575163256197,1.4410841576482645,1.094924829441923,0.0949248046445582,1.0,1.0,1.0,0.5,0.5,120,1335028.5738247011,698985.4290742611
21,56,1.1029523689312317,1.2708306342963152,1.254173661993205,1.4236835070567113,1.10654818978905,0.08135927277559649,1.0,1.0,1.0,0.5,0.5,121,1338176.9718553952,710618.3326636654
21,57,1.0915447109761123,1.2614360331938086,1.2600552902273463,1.4860928116695244,1.071868881543864,0.07090052504477161,1.0,1.0,1.0,0.5,0.5,136,2413488.625629675,3489796.8463132214
21,58,1.050558956158139,1.219030323118344,1.2145083358379032,1.4588827335512171,1.030531034502928,0.029952083521944277,1.0,1.0,1.0,0.5,0.5,137,2360626.017831027,3393519.8385683373
21,59,1.0482952242801526,1.2146686219415685,1.2099749048080009,1.4471605015668878,1.0339824803568558,0.028067593954910743,1.0,1.0,1.0,0.5,0.5,138,1380623.9065133194,1029522.6927811592
21,60,1.0505618552738474,1.2149639482792793,1.2070895283881429,1.4605587269588398,1.0306461580855233,0.03038432786476584,1.0,1.0,1.0,0.5,0.5,141,2236452.878709023,3032427.8865895527
21,61,1.0500753390230089,1.2148913251237798,1.2100746634546424,1.468772462637813,1.0326828473843523,0.03006423717533998,1.0,1.0,1.0,0.5,0.5,142,2234127.7126324605,3022507.8527811463
21,62,1.0498141364809221,1.209977656761301,1.2017610561830798,1.387464772574586,1.034550564453912,0.03033398102420649,1.0,1.0,1.0,0.5,0.5,144,2415414.188459273,2915114.680613585
21,63,1.0456199299350781,1.205664248581816,1.200458085370168,1.4901122476813597,1.028139168916786,0.026454275096712436,1.0,1.0,1.0,0.5,0.5,147,2309062.5203556097,3267838.7257783506
21,64,1.0485303394926877,1.2017645716723213,1.202060982121071,1.502611912269265,1.0340625159782753,0.03089892806470116,1.0,1.0,1.0,0.5,0.5,155,1639710.9346773254,821445.2834891748
21,65,1.0478423818695792,1.1992872957854896,1.2024642954281783,1.5245157812123367,1.0329367494348467,0.03073038296290324,1.0,1.0,1.0,0.5,0.5,159,1620162.8979811969,821933.479783983
21,66,1.049243733952078,1.1966233750386353,1.1964510191701714,1.5338683900801204,1.0358645545464038,0.03252015317801274,1.0,1.0,1.0,0.5,0.5,161,1603870.2287767974,690035.5586902507
21,67,1.0461574013490895,1.1909549829558506,1.1875511793827611,1.524339790264495,1.0325854460261399,0.02960542618723321,1.0,1.0,1.0,0.5,0.5,162,1537059.105495667,630206.4105455849
21,68,1.046123809471355,1.189409036382453,1.185883048231759,1.5296207105367048,1.0342104741958327,0.029822912245781243,1.0,1.0,1.0,0.5,0.5,163,1405073.4422665425,575832.2461801622
21,69,1.046124733317678,1.1897384078453945,1.1892641269590825,1.5382869955803429,1.0329793115964976,0.02999358564157828,1.0,1.0,1.0,0.5,0.5,164,1475514.6813652131,629694.3712243163
21,70,1.0470326678950452,1.1900862680414968,1.1925939419617904,1.5504416729078656,1.0362112145377933,0.031185299258638537,1.0,1.0,1.0,0.5,0.5,165,1520293.706101872,635503.5519841643
21,71,1.0470326678734627,1.1900862680231787,1.1925939419434723,1.550441672889564,1.0311854363829633,0.03118529924032048,1.0,1.0,1.0,0.5,0.5,166,1520293.7075795936,635503.5519408602
21,72,1.0453586872149938,1.1812960910728,1.1832381057972408,1.5479060519785404,1.0494449673804258,0.030556116044194732,1.0,1.0,1.0,0.5,0.5,167,1566770.3364587403,651127.953128367
21,73,1.0511725481959715,1.1913323031215577,1.205711164766582,1.6565478408131311,1.0368020583254012,0.03662270246821447,1.0,1.0,1.0,0.5,0.5,193,1925604.795538436,606292.056620683
22,0,0.5893584990799223,0.869090399201727,0.8600161710481105,0.33502240142992934,0.0,0.0,0.0,0.0,1.0,0.5,0.5,1,19856753.50797697,10129460.968985964
22,1,0.6945020742355386,0.97425149047711,0.965176409644047,0.44319213720251555,0.10518780467825273,0.10505100618917698,7.362756598237e-05,0.00017118066251621,1.0,0.5,0.5,3,19856192.924604878,10128690.33051956
22,2,0.9873522654692013,1.2691750181661563,1.2632135307265733,0.7515263952021598,0.40000343419633755,0.1365851382112925,0.2582346486581121,0.2666671794859873,1.0,0.5,0.5,4,19768945.321503777,10103478.102273978
22,3,1.7330989896106073,2.0316580608336485,2.024851712321001,1.5083395992467716,1.202055893013687,0.17370986017262402,1.0,1.0,1.0,0.5,0.5,5,18988920.81293238,9734359.128434513
22,4,2.509506501420044,2.834826834321392,2.82641776371385,2.3272605458617495,2.052401103042468,1.0,1.0,1.0,1.0,0.5,0.5,6,16278312.380069546,8365827.403850599
22,5,2.4292304384825347,2.791518928911237,2.77706766052225,2.3044561361547715,2.0957728457225375,1.0,1.0,1.0,1.0,0.5,0.5,7,13179701.837148236,6982424.631415133
22,6,2.3198204863725764,2.7218874345189312,2.7056496309938214,2.2852591450377013,2.0814373097855148,1.0,1.0,1.0,1.0,0.5,0.5,9,10856752.075229984,5416668.710942503
22,7,2.2196791527145754,2.6308374982517853,2.6052482906535626,2.2167438999985425,2.2043739106008684,1.0,1.0,1.0,1.0,0.5,0.5,10,5160953.555081012,2974624.907743022
22,8,1.8751534891645874,2.2622656783889488,2.2381107876316575,1.891713285809794,2.007312145616121,0.742326606852353,1.0,1.0,1.0,0.5,0.5,11,4743135.7208261015,1995538.4021232247
22,9,1.479786685984589,1.8581501632024047,1.8238489011708312,1.4966030127328906,1.3768414392604726,0.3529964615881048,1.0,1.0,1.0,0.5,0.5,12,4556789.675007347,1936138.836425188
22,10,1.2116768107031535,1.551400658447304,1.520770433184578,1.2203688655210165,1.3139286984216614,0.12487786353520731,1.0,1.0,1.0,0.5,0.5,13,2160189.445968547,745486.2581774184
22,11,1.2113559142068422,1.5520555819876705,1.5245110525934513,1.2324487770137187,1.1257688486540354,0.12487589302138902,1.0,1.0,1.0,0.5,0.5,15,2129026.819194831,724974.8480974449
22,12,1.2865699263017674,1.6226589854466287,1.5915974534546788,1.3043654473095174,1.21522036943925,0.20235802434504668,1.0,1.0,1.0,0.5,0.5,16,2375579.463851531,841796.8481688605
22,13,1.2089030574018798,1.5465473384687218,1.5216284155539643,1.2321931055204793,1.1291920701671976,0.12535759572625987,1.0,1.0,1.0,0.5,0.5,17,2115361.3292102222,672953.8583019205
22,14,1.1467829656485429,1.4738035444619708,1.4417172445953077,1.1599879527065036,1.08323336685199,0.0682850546878512,1.0,1.0,1.0,0.5,0.5,19,1971200.8044906051,686661.2390740559
22,15,1.1467518380727026,1.4752003048474551,1.4462511684866428,1.166129302796013,1.0683796658763445,0.06828505468785119,1.0,1.0,1.0,0.5,0.5,21,1970851.749993738,686034.4160002639
22,16,1.2308914356874667,1.549177647995477,1.522111374945561,1.2718781760524807,1.1795642479508195,0.15896446359194633,1.0,1.0,1.0,0.5,0.5,23,1888850.469428274,548331.5201661768
22,17,1.2074771976480234,1.5191405879574087,1.49137602197775,1.2500773171879755,1.1504927130940068,0.13900110757401168,1.0,1.0,1.0,0.5,0.5,25,1931294.7093733,603225.6579178219
22,18,1.2106244360247027,1.5217163486937149,1.4968827383029966,1.2644452532396726,1.1466053715106321,0.1431573271433868,1.0,1.0,1.0,0.5,0.5,27,1865821.9572885165,566137.7435087522
22,19,1.2500587255448234,1.5607827597834345,1.544885456561794,1.3108169863903272,1.188113070456701,0.1848976919671852,1.0,1.0,1.0,0.5,0.5,32,1464631.9107121937,336940.00875037734
22,20,1.2462543924869,1.5559466239563744,1.5399431678513538,1.3146229898777,1.1833517685097414,0.1815902025905421,1.0,1.0,1.0,0.5,0.5,34,1506159.947952977,349402.9551466976
22,21,1.2140335602565622,1.5011679683770116,1.479926376939337,1.2783512741719358,1.2275222901627725,0.15851529032901232,1.0,1.0,1.0,0.5,0.5,35,1653041.9958820655,339580.97260998987
22,22,1.2337899731653184,1.5188993452752295,1.5004630080357804,1.298485823061261,1.1851926770808132,0.17964345804796011,1.0,1.0,1.0,0.5,0.5,37,1625522.3900870204,184917.16595966663
22,23,1.2180264651005506,1.4863825204066,1.4663607765979276,1.2829838684901633,1.196145894686876,0.17000053198503695,1.0,1.0,1.0,0.5,0.5,39,1857261.0840831357,347860.7111841523
22,24,1.22407995277413,1.4923841588475821,1.4753629433503774,1.2910262406499609,1.1789335702843133,0.17657862847356914,1.0,1.0,1.0,0.5,0.5,41,1716742.8955208815,285524.734379251
22,25,1.2145002620425123,1.4802316629054735,1.4599658548537242,1.2885596805883046,1.170699332431281,0.1673674816389469,1.0,1.0,1.0,0.5,0.5,42,1789431.0064955284,350729.9584689047
22,26,1.207370524257692,1.4702101746244205,1.452683840172067,1.2848528663606644,1.1750192814805909,0.1616909870135945,1.0,1.0,1.0,0.5,0.5,43,1841490.179657412,367852.7130077276
22,27,1.2069241558339383,1.467073485290348,1.4462927974036268,1.2949181975412902,1.1625522467224085,0.16163767793385933,1.0,1.0,1.0,0.5,0.5,47,1796959.734857143,340153.3166981773
22,28,1.2442183248476946,1.4930948693610613,1.4742880721492189,1.3482051453891288,1.2163024513492884,0.20304770197663005,1.0,1.0,1.0,0.5,0.5,50,3899473.601690729,1342783.1833362642
22,29,1.244233599859071,1.4929001183183381,1.474074996164529,1.345338468640058,1.2037023842838934,0.20312107095602322,1.0,1.0,1.0,0.5,0.5,51,3897499.781832901,1343068.325443237
22,30,1.2761945170900866,1.5218685255549054,1.5027780909995028,1.3840392518449067,1.2401122466839154,0.235914536399998,1.0,1.0,1.0,0.5,0.5,53,3599852.247913755,585337.043991041
22,31,1.288927508006784,1.5327569645059809,1.5195250543045085,1.3969339507888974,1.2640408887573713,0.25001208215632204,1.0,1.0,1.0,0.5,0.5,54,3602861.0513878483,4897168.823935076
22,32,1.2886915865580026,1.5331261289929263,1.522960228497332,1.4016270644176538,1.2512510501387537,0.250013487423743,1.0,1.0,1.0,0.5,0.5,56,3592059.3909081803,4865616.297261453
22,33,1.2751041631857905,1.499443650580961,1.4845078514887338,1.381358654501353,1.2678238610920054,0.24127957706969744,1.0,1.0,1.0,0.5,0.5,58,3728625.44685091,881898.3715129656
22,34,1.2303871295874482,1.408051564052871,1.3891763902273304,1.3234730895401312,1.2391845210779016,0.20671697852656967,1.0,1.0,1.0,0.5,0.5,62,3827811.280700968,822629.8491550641
22,35,1.2303796587953506,1.4094885424416725,1.3937536379276376,1.331915943015983,1.2067705284376187,0.20671697852656962,1.0,1.0,1.0,0.5,0.5,64,3827227.55828641,821975.8398265421
22,36,1.2716877058103953,1.4350929724771047,1.4180717291689362,1.376485425414912,1.2720936806271252,0.2508778503629274,1.0,1.0,1.0,0.5,0.5,66,3585320.524919428,4619799.865950241
22,37,1.2716745422548297,1.4340027671940776,1.416893941653535,1.3816760367618923,1.252496020466149,0.25105143242738903,1.0,1.0,1.0,0.5,0.5,68,3577077.4035008666,4607146.281675504
22,38,1.2716312458434216,1.4351961414563497,1.4212103652769787,1.3756356049377938,1.2517153419190048,0.25105094794253524,1.0,1.0,1.0,0.5,0.5,69,3579867.734714656,4616070.841875108
22,39,1.2716312458434216,1.4351961414563497,1.4212103652769785,1.3872906490199635,1.251051027757117,0.2510509479425352,1.0,1.0,1.0,0.5,0.5,70,3579867.734714656,4616070.8418751145
22,40,1.2695252764389446,1.4268716710767364,1.4123815703140048,1.387723505755315,1.2666515109464083,0.2500019505954827,1.0,1.0,1.0,0.5,0.5,71,3619944.0084589706,4712203.570763473
22,41,1.2695073910811605,1.4267463603321917,1.4122475262920555,1.396447872655124,1.2501453823496864,0.250002004077495,1.0,1.0,1.0,0.5,0.5,73,3622160.02521338,4715848.025430194
22,42,1.261899705449102,1.42130322302781,1.4130264081609956,1.406369837213944,1.2446456204191256,0.24252658947034295,1.0,1.0,1.0,0.5,0.5,74,3647695.501383768,3111339.632911656
22,43,1.260062003114213,1.407829737843187,1.3955920700621944,1.3988410331803434,1.2558150492496654,0.242330842570143,1.0,1.0,1.0,0.5,0.5,76,3578803.0417320486,3071262.4763241746
22,44,1.2597040451789654,1.4032775867351899,1.3876791794058203,1.399633262178026,1.2495636348073789,0.24239651535656748,1.0,1.0,1.0,0.5,0.5,77,3579227.5029924763,3076741.945244476
22,45,1.27308096173536,1.4197846821988969,1.4225855077380998,1.4253821046301305,1.260462100050699,0.25665611285110246,1.0,1.0,1.0,0.5,0.5,81,3603004.605302723,4950160.166120698
22,46,1.2735378392456707,1.419600803842125,1.4223504026407459,1.4406687261207394,1.2577729685557508,0.2572095645551504,1.0,1.0,1.0,0.5,0.5,84,3587303.855608635,4914840.70860961
22,47,1.2735366970835982,1.421075826288119,1.4269679589398772,1.4561055190252488,1.257219602953338,0.2572095645551504,1.0,1.0,1.0,0.5,0.5,86,3587337.135171879,4914979.035295558
22,48,1.284122866370847,1.4224583503855919,1.4155171276957228,1.4463887811805245,1.276850194579424,0.2682810042085848,1.0,1.0,1.0,0.5,0.5,87,3637621.884584913,4530096.01326604
22,49,1.288081481716848,1.4260846569523284,1.4221421463074317,1.4586072048986989,1.2748875952190033,0.27250623293283244,1.0,1.0,1.0,0.5,0.5,89,3651595.465460655,4536609.134490122
22,50,1.316273505606783,1.4538033469038105,1.4498234426447147,1.4926734036440923,1.3013874301608632,0.30076732244256876,1.0,1.0,1.0,0.5,0.5,91,3623705.334299979,4675381.621985017
22,51,1.2747337904121636,1.4096182716525125,1.4145060845085728,1.4689176499268635,1.278792831730005,0.2602431724662206,1.0,1.0,1.0,0.5,0.5,92,3729278.883845353,4788872.893590829
22,52,1.275109094111749,1.4079473020571693,1.4126732625552403,1.4678790719227712,1.263571107100479,0.2609044847389348,1.0,1.0,1.0,0.5,0.5,94,3741886.598966816,4856933.333520881
22,53,1.2876395947027761,1.4228958871120723,1.4338654007725562,1.5055053594064132,1.2742276837104702,0.27351136749257077,1.0,1.0,1.0,0.5,0.5,96,3736992.094204336,4879202.384877368
22,54,1.275065764040202,1.4100496606082777,1.4209977301472947,1.499039489521635,1.2616847080629445,0.26097529063598096,1.0,1.0,1.0,0.5,0.5,97,3726130.835811884,4837548.191796285
22,55,1.2848761110346365,1.4209697303767248,1.4350314353891784,1.5020419636982778,1.271810928975837,0.2708373732901316,1.0,1.0,1.0,0.5,0.5,98,3708781.777658105,4796370.364293288
22,56,1.274811999876774,1.4083614214602402,1.4191964316249577,1.5011097716198614,1.2636768464515202,0.2609193227036651,1.0,1.0,1.0,0.5,0.5,99,3695121.742326394,4753348.17285996
22,57,1.2757432267273034,1.4063786533530989,1.4139574326554394,1.500812303214186,1.265764445476286,0.2620463845287181,1.0,1.0,1.0,0.5,0.5,100,3688751.716904328,4764746.662083265
22,58,1.2760810261716307,1.4064409190172693,1.4139978995399223,1.513940809732257,1.262779193145486,0.262421698434927,1.0,1.0,1.0,0.5,0.5,102,3706394.628799256,4769810.832867493
22,59,1.3126023624578114,1.4432686160404087,1.4538763718003613,1.559189599129916,1.3021618003765207,0.2991030164189653,1.0,1.0,1.0,0.5,0.5,103,3684058.775480904,4781809.154883505
22,60,1.2755928991432102,1.4076411020319728,1.4213839373868287,1.5288986598883882,1.2623723559895421,0.26210736564902787,1.0,1.0,1.0,0.5,0.5,104,3643197.3889003326,4662577.444769559
22,61,1.2765850076352772,1.4055766630897064,1.4160527171428503,1.5384829271626268,1.2643314620620063,0.2633114547061005,1.0,1.0,1.0,0.5,0.5,108,3675359.573077432,4755702.799874617
22,62,1.2766517590914923,1.4056057700643563,1.4160788741532604,1.5416872932929981,1.2634327804904373,0.2633833159545472,1.0,1.0,1.0,0.5,0.5,110,3675905.649500628,4759100.805586299
22,63,1.276655192494546,1.4055871415631658,1.416058505879354,1.5448370491486716,1.26341803984031,0.26338968783379746,1.0,1.0,1.0,0.5,0.5,112,3675118.838638776,4758975.553104901
22,64,1.2301093280898399,1.3549971395161298,1.3651507965785756,1.516116520852007,1.227889625850176,0.21738272654317886,1.0,1.0,1.0,0.5,0.5,113,3802670.0593985273,4897098.464811804
22,65,1.232058469752169,1.3511573436718802,1.3669127022134488,1.526403599681585,1.2242180568418721,0.22045680402598702,1.0,1.0,1.0,0.5,0.5,119,3657104.091211816,4634708.993802152
22,66,1.2318190227525594,1.3472037252126081,1.3596413701040262,1.541113942532399,1.2262951102025847,0.2204992608693101,1.0,1.0,1.0,0.5,0.5,120,3685182.6986405854,4757724.264127202
22,67,1.2315321522164482,1.341553168622911,1.3566014875834869,1.5275580005738445,1.2387002127848992,0.2210535088454796,1.0,1.0,1.0,0.5,0.5,121,3769044.8673411226,4932966.524021701
22,68,1.2343150056491743,1.3410130172461399,1.3558036051986604,1.5415117971635455,1.2326626350541432,0.22422935604549835,1.0,1.0,1.0,0.5,0.5,122,3732260.44994096,4852412.857515124
22,69,1.234314838185894,1.342495648503572,1.3604295723471522,1.5615371910952245,1.2242311615920403,0.2242293560454983,1.0,1.0,1.0,0.5,0.5,124,3732252.855671714,4852394.242296559
22,70,1.8467644738425641,1.9595845737497743,1.9990774794531216,2.1904529505238184,1.8410055430454542,0.8373468440451918,1.0,1.0,1.0,0.5,0.5,128,2761364.423704727,890794.145550075
22,71,1.2333209563025969,1.320229336362206,1.3183475564982936,1.448826232705649,1.2288618641829898,0.22465251961354543,1.0,1.0,1.0,0.5,0.5,132,3762918.2508775215,4836101.01510938
23,0,0.6998650945027655,0.9114732905355806,0.905336921962394,0.3610510258035952,0.0,0.0,0.0,0.0,1.0,0.5,0.5,1,14713862.035577469,10110929.658702273
23,1,0.801987807973629,1.0136193290577242,1.0074819146959968,0.4662058468118726,0.10217336726928357,0.10205979571930154,8.986803519058e-05,0.00010798027528876,1.0,0.5,0.5,3,14711295.86538263,10109301.658701126
23,2,0.7669944566092777,0.9786283128116144,0.9724909988375006,0.43326548216900856,0.06717212745023529,0.0671560094793636,1.160800858931e-05,1.467888437957e-05,1.0,0.5,0.5,4,14711316.526894275,10109260.06770987
23,3,2.540280591619369,2.752472003043496,2.746313478178545,2.208490220561103,1.8420134473622727,0.841317195615267,1.0,1.0,1.0,0.5,0.5,5,14673878.555845693,10077074.535204278
23,4,2.2233104224927063,2.437947075969909,2.431695540217641,1.897964475630385,1.5312068940744727,0.5281357672470952,1.0,1.0,1.0,0.5,0.5,6,14612956.629390173,10018998.190154722
23,5,2.694124465429504,2.909437752313622,2.9031601782782674,2.368602185859635,2.000854502417175,1.0,1.0,1.0,1.0,0.5,0.5,7,14582111.607032817,9990458.296243506
23,6,2.6928424300329628,2.910464941857811,2.9072989509449116,2.3808028268974937,2.0010441371725074,1.0,1.0,1.0,1.0,0.5,0.5,8,14550889.44528415,9972742.928381035
23,7,1.4269748928483779,1.840288440965594,1.8241118837893482,1.3998392856566046,1.6946587858565474,0.1613853562085069,1.0,1.0,1.0,0.5,0.5,9,4930268.244887713,2682385.9595986507
23,8,1.1919948260717494,1.5614384181493364,1.5316539069935469,1.200758167408316,1.303527263742237,0.07885027731530916,1.0,1.0,1.0,0.5,0.5,11,3292112.5832168474,1005246.6940748178
23,9,1.17956926839557,1.5321996892754397,1.50018638657736,1.187250485719095,1.1545105968679013,0.08176384930975918,1.0,1.0,1.0,0.5,0.5,12,2855310.9674964338,820833.254433387
23,10,1.1792702984304935,1.5330167194880113,1.5041006735770561,1.200490550842433,1.0825202741237914,0.08176383810358451,1.0,1.0,1.0,0.5,0.5,14,2841111.585723309,818214.2383817914
23,11,2.028993215067521,2.3358939404474413,2.3016627873224462,2.025586686553198,2.1365110580799853,0.9613190374960195,1.0,1.0,1.0,0.5,0.5,15,2515251.1809639423,431766.1661675231
23,12,1.9990106493419422,2.298506371690519,2.263513401017015,1.9961053995549471,1.9600606910026543,0.9349229403484476,1.0,1.0,1.0,0.5,0.5,16,2272277.926535468,398703.3782404118
23,13,1.998818692827487,2.299391170730505,2.267499898018186,2.001694986092835,1.9356081325536967,0.9349222186667416,1.0,1.0,1.0,0.5,0.5,18,2221891.732452159,400943.62839352136
23,14,1.9947762967293001,2.2938556983670866,2.2588201443627804,2.0014445341981597,1.9309097132119115,0.9308835082105696,1.0,1.0,1.0,0.5,0.5,19,2263931.2093333406,403424.9476224535
23,15,1.9930930420843371,2.2918713994838127,2.2568054348500066,2.0106700969112348,1.929844586543269,0.9293405203907248,1.0,1.0,1.0,0.5,0.5,21,2259103.7996500777,405470.3039112124
23,16,1.0902721218161826,1.384334792389823,1.3487924217376077,1.1111128534016654,1.044406061404639,0.028676843971767518,1.0,1.0,1.0,0.5,0.5,22,2248225.4591477485,393659.292339717
23,17,1.9349530319952462,2.229493524370743,2.1969936143520132,1.9614672708857364,1.8771219790472071,0.8738051407069337,1.0,1.0,1.0,0.5,0.5,23,2031991.4395018108,516797.1959071017
23,18,1.8227879992985656,2.11531372374839,2.082612576568004,1.8602199819592031,1.7691563386157356,0.762526833513104,1.0,1.0,1.0,0.5,0.5,24,2164454.388490456,745506.3968250658
23,19,1.9940184496605693,2.285810556346525,2.2590293207325067,2.043872246808455,1.9414050863761154,0.9353508754383372,1.0,1.0,1.0,0.5,0.5,26,2241667.581049765,359344.1888525709
23,20,1.9939326442301666,2.285559734859943,2.258762150161159,2.046345954585555,1.935602826498045,0.9353348401332839,1.0,1.0,1.0,0.5,0.5,28,2239184.2093652384,359895.28679827583
23,21,1.9939075331336644,2.286958669191552,2.2632987718721,2.0535332328587845,1.9354314800971548,0.9353348401332839,1.0,1.0,1.0,0.5,0.5,30,2237965.777913706,360125.2545168958
23,22,2.054961462029623,2.3349282851405713,2.300989385666802,2.0875434788642835,2.0284522997173333,1.0,1.0,1.0,1.0,0.5,0.5,31,2220217.1130837444,366848.1887722744
23,23,2.0522054151405618,2.3262825014003834,2.2947847973104327,2.095837562373898,2.0113482812106014,1.0,1.0,1.0,1.0,0.5,0.5,33,2252151.7331095114,299252.4045699765
23,24,2.0522025329895124,2.3277560745489607,2.299401084047396,2.103237927760269,2.000012145844598,1.0,1.0,1.0,1.0,0.5,0.5,35,2252433.042850438,299044.7181028006
23,25,2.052149050286458,2.329043775303827,2.303818684305117,2.120931985063749,2.0001497832935815,1.0,1.0,1.0,1.0,0.5,0.5,38,2251386.1636051387,293947.8631348493
23,26,1.5665318572591067,1.837686049770327,1.8059043986124064,1.6289078374914008,1.524968055300083,0.515499987518655,1.0,1.0,1.0,0.5,0.5,39,1709412.5297712537,354768.9710570501
23,27,1.5665510864154153,1.8389920492801264,1.810335494126646,1.6364960939990358,1.5158736714115109,0.5155864032521795,1.0,1.0,1.0,0.5,0.5,41,1708540.1028947425,353642.8800725141
23,28,2.0350319740647187,2.2552064198078376,2.22182266279556,2.0842660061687663,2.1553899484507264,1.0,1.0,1.0,1.0,0.5,0.5,42,1775429.0724248758,244791.3912072736
23,29,2.0350061329370015,2.255079968608218,2.2216872957294305,2.0920913865272324,2.0001445080540465,1.0,1.0,1.0,1.0,0.5,0.5,44,1775602.111502706,244312.8410309679
23,30,2.0349631517056803,2.2563535387132703,2.226089740588775,2.107992004989562,2.0000962698299576,1.0,1.0,1.0,1.0,0.5,0.5,49,1776118.184627007,243670.45094054888
23,31,2.034853283442142,2.255814400074204,2.225513121321741,2.1127057498108677,2.0004107660774526,1.0,1.0,1.0,1.0,0.5,0.5,52,1776196.1768886163,243171.40353270367
23,32,2.034072287412308,2.256515135375248,2.2353839671754705,2.152568121948221,2.000803211238713,1.0,1.0,1.0,1.0,0.5,0.5,63,1584058.784462549,201551.56259612716
23,33,2.0334616208490326,2.2534766833408337,2.2321349988931005,2.156338646499464,2.0070036641756746,1.0,1.0,1.0,1.0,0.5,0.5,64,1694121.995058688,217410.4952155481
23,34,2.0334590836891815,2.2577803720201537,2.2458586485352035,2.2090673805392522,2.0000032731171906,1.0,1.0,1.0,1.0,0.5,0.5,73,1598010.7343586877,238976.9545023496
23,35,2.0330515177111845,2.2542303179975924,2.239021738871692,2.2075860123140183,2.004721949420129,1.0,1.0,1.0,1.0,0.5,0.5,74,1650115.7770848123,250798.46181143192
23,36,2.032905786460182,2.2549712713019545,2.2428545470559254,2.2217971715663714,2.0002425989981374,1.0,1.0,1.0,1.0,0.5,0.5,81,1650474.3744285805,668378.823949347
23,37,2.032357110770556,2.2536400916245825,2.24447165186701,2.23827683835974,2.003218750394011,1.0,1.0,1.0,1.0,0.5,0.5,83,1629635.7211701763,656601.6344406407
23,38,2.0322241640570837,2.254436842879493,2.2483640501254882,2.25061451510872,2.0015706361154413,1.0,1.0,1.0,1.0,0.5,0.5,84,1534109.460272826,208337.3340929388
23,39,2.031405847407332,2.2501675750138226,2.2437987839181384,2.241641972039143,2.0097632392671416,1.0,1.0,1.0,1.0,0.5,0.5,85,1625741.8404329575,653453.6225932573
23,40,2.0305952865489636,2.2473548510520813,2.2438317925344977,2.2577953280580987,2.0098355380563646,1.0,1.0,1.0,1.0,0.5,0.5,86,1772424.659759433,546460.8756119328
23,41,2.0303329395343086,2.245941423746303,2.2423205374691433,2.2630610891679614,2.0032195204327756,1.0,1.0,1.0,1.0,0.5,0.5,87,1747498.7314827803,537405.588742557
23,42,2.0300025854095107,2.242677605963569,2.235789750983315,2.264656078187371,2.0013600255843498,1.0,1.0,1.0,1.0,0.5,0.5,90,1762863.1967949376,522371.35299300303
23,43,2.0297179204465925,2.241128669349316,2.2341334484403035,2.269778088389198,2.003538781893134,1.0,1.0,1.0,1.0,0.5,0.5,91,1763965.9634722357,527301.2851525651
23,44,2.0296045656743953,2.241989914339276,2.2380949584892846,2.2790484681345746,2.0014150911975506,1.0,1.0,1.0,1.0,0.5,0.5,92,1752166.6394562728,551390.1311325488
23,45,2.029533652305553,2.240120682995901,2.233055590159941,2.275232620183269,2.000887151417884,1.0,1.0,1.0,1.0,0.5,0.5,93,1433760.100929741,1335195.9499057669
23,46,2.029456350563515,2.2396971258258276,2.2326026738566203,2.2749724745968507,2.0009686523541195,1.0,1.0,1.0,1.0,0.5,0.5,94,1427808.3075770189,1336160.6903802874
23,47,2.0291529035311466,2.24247724059569,2.244696999151773,2.3243850626585107,2.0003470786069655,1.0,1.0,1.0,1.0,0.5,0.5,105,1134065.6579173433,1356840.9463418091
23,48,2.0291399861597093,2.2424055003735566,2.244620269988265,2.3243409028001683,2.0001631891465417,1.0,1.0,1.0,1.0,0.5,0.5,106,1133649.0499225222,1358040.4666847212
23,49,2.02912253543653,2.2423094844196907,2.2445176734955883,2.327381948233432,2.0002203048015916,1.0,1.0,1.0,1.0,0.5,0.5,107,1133793.650453084,1356051.826407496
23,50,2.0291128956865156,2.2422562227396217,2.2444605431980427,2.3304490582602018,2.000121754336277,1.0,1.0,1.0,1.0,0.5,0.5,108,1133355.399024278,1358324.242041002
23,51,2.0288359024542286,2.2407206921264744,2.242818681924688,2.341905292744044,2.0035103129238028,1.0,1.0,1.0,1.0,0.5,0.5,109,1192797.2167783654,1572398.1952275755
23,52,2.0288263739549235,2.2421518733256085,2.247389661161792,2.348072653980223,2.000060498152229,1.0,1.0,1.0,1.0,0.5,0.5,111,1192936.0047131905,1570904.8485088472
23,53,2.0286083306034124,2.24093627511723,2.2460897881973567,2.353525466878227,2.002779087021125,1.0,1.0,1.0,1.0,0.5,0.5,112,1119697.535381066,1373821.8720732986
23,54,2.028442749537481,2.240009811743512,2.2450992916636583,2.3622562360565853,2.0007063629054143,1.0,1.0,1.0,1.0,0.5,0.5,115,1113152.964188501,1387428.2538973058
23,55,2.0267244574021523,2.237609050572509,2.2577342917469734,2.3692765154679414,2.0056155947799703,1.0,1.0,1.0,1.0,0.5,0.5,119,1815771.75923938,218024.99096872308
23,56,2.026000659669936,2.2348347329923137,2.2578084024385117,2.3966339062813464,2.003243139706968,1.0,1.0,1.0,1.0,0.5,0.5,122,1745940.858538096,196239.1418557868
23,57,2.0259157574648623,2.234330739815606,2.257269393950695,2.396324303242374,2.0005760737524243,1.0,1.0,1.0,1.0,0.5,0.5,124,1741321.029689252,196435.2869354391
23,58,2.0252396698368726,2.2332506509157026,2.262195295161302,2.4341379814610304,2.001322374017536,1.0,1.0,1.0,1.0,0.5,0.5,131,1754230.2833932247,187041.7451250656
23,59,2.0252189681011528,2.234609367243994,2.266688989801448,2.4477006199493183,2.0001428317432053,1.0,1.0,1.0,1.0,0.5,0.5,133,1754197.8270479166,187799.43674258515
23,60,2.024886454054393,2.2355615556468615,2.2737882227478563,2.47729054961738,2.0005762568405148,1.0,1.0,1.0,1.0,0.5,0.5,141,1748841.8017168415,186931.50870166317
23,61,2.0244777617247443,2.2286176093984036,2.2572410668448284,2.4938936916641428,2.000573081878871,1.0,1.0,1.0,1.0,0.5,0.5,151,1272340.299084775,1272690.0108766465
24,0,0.4964072335550032,0.8269604102671128,0.8149658368755439,0.3091491095689808,0.0,0.0,0.0,0.0,1.0,0.5,0.5,1,24335663.0767131,10209757.441126278
24,1,0.49640447014561767,0.8269593232940501,0.8149647260086471,0.3110436814712696,7.728046065274439e-07,0.0,0.0,0.0,1.0,0.5,0.5,5,24278885.959926195,10186849.998029564
24,2,0.49639001556271367,0.8299202379166639,0.8242116614045957,0.3179452047139436,1.6422374833329604e-05,0.0,0.0,0.0,1.0,0.5,0.5,6,24297635.8162315,10194307.796949
24,3,2.4392342830610905,2.7985523692751846,2.7876289101522915,2.309746367959364,2.068331773079639,1.0,1.0,1.0,1.0,0.5,0.5,7,19853296.44954021,8475689.91082604
24,4,2.4230167807877097,2.7893873747354125,2.7778286043465044,2.3071938337599005,2.020955276100107,1.0,1.0,1.0,1.0,0.5,0.5,8,19913588.278130226,8180339.941718008
24,5,1.075321888906857,1.388505504516941,1.348962706246067,1.0620970708218578,1.925932627622175,0.0028300703255511603,1.0,1.0,1.0,0.5,0.5,9,3142882.0481734658,548862.8216813589
24,6,1.0558617471822105,1.3195724362117733,1.2720706863192004,1.02748957740063,1.1643636778777422,0.00485641517087348,1.0,1.0,1.0,0.5,0.5,10,2824451.74989878,516854.0392151484
24,7,1.0552069197195837,1.317459617232669,1.272816364257639,1.0294941367249235,1.0153888212690927,0.00536428824577846,1.0,1.0,1.0,0.5,0.5,11,3081938.978955304,613565.4984039
24,8,1.0557965957210458,1.30549164676872,1.2627004946707212,1.0304922929862417,1.0312038825125371,0.01054005692568625,1.0,1.0,1.0,0.5,0.5,13,2891368.510567064,448382.2861208886
24,9,1.0544530584222391,1.3022228535147677,1.2592554405219574,1.0356215979662209,1.0127251831368547,0.009816229935713159,1.0,1.0,1.0,0.5,0.5,15,2884476.465512452,493525.5708171965
24,10,1.055144052734025,1.2917904881439488,1.2478150482870913,1.028109041177339,1.0471172596479674,0.01392575252116041,1.0,1.0,1.0,0.5,0.5,16,2790958.7211492937,387591.23038774217
24,11,1.3366587922867825,1.5591162389241844,1.5108658379140087,1.315966378196086,1.336369468102361,0.299056846716042,1.0,1.0,1.0,0.5,0.5,17,3067096.010946786,549289.309215708
24,12,1.0511972251398969,1.2742265555469778,1.2320523731909014,1.0285672499523861,1.0212094006582975,0.014244700750636672,1.0,1.0,1.0,0.5,0.5,18,2888221.251294666,418469.0509641653
24,13,1.0537255575157116,1.2590561829204376,1.2183574779997832,1.0292709137630833,1.076716034559949,0.02164278749920287,1.0,1.0,1.0,0.5,0.5,19,2952905.520600501,460695.5931648618
24,14,1.0537036294184179,1.2604246820062932,1.2228616465278128,1.0357829705023338,1.02177294807551,0.02164278749920287,1.0,1.0,1.0,0.5,0.5,21,2952914.332249097,459839.1344260175
24,15,1.0989190933740232,1.2842768489477159,1.2418828134907394,1.07132324603057,1.1269107175113522,0.07132324603056991,1.0,1.0,1.0,0.5,0.5,22,2942979.5341014587,441469.8751866578
24,16,1.044086030603368,1.2232498306393018,1.1863765686078083,1.0252314304338968,1.031021502765598,0.01838294498379544,1.0,1.0,1.0,0.5,0.5,24,3026396.9100619275,509175.9335517302
24,17,1.0425239344450627,1.2152309181361485,1.1808425178754944,1.0263828341956183,1.0292465101241284,0.01838299508804404,1.0,1.0,1.0,0.5,0.5,26,2974039.094027393,422209.71034405474
24,18,1.079143399138181,1.2433578629274151,1.2022270346159105,1.058189965631662,1.0610572078820577,0.05604885315262875,1.0,1.0,1.0,0.5,0.5,29,2843899.275349394,436995.0021418267
24,19,1.093968636387125,1.2561332142650574,1.2178555651237546,1.0891724492990273,1.0763128296472293,0.07152678184833221,1.0,1.0,1.0,0.5,0.5,31,2851056.538043012,413391.5513478404
24,20,1.0934572421735087,1.2554125774884295,1.217117771516727,1.0937118366251752,1.071336418288577,0.07105361260563063,1.0,1.0,1.0,0.5,0.5,33,2850672.1770727006,407766.8168048362
24,21,1.0921789955244656,1.2441204524661753,1.2050081084313757,1.0843883606338207,1.0985213952673187,0.07155514531295061,1.0,1.0,1.0,0.5,0.5,34,2900934.3582063816,475216.0326841297
24,22,1.091332894785328,1.2430010620566128,1.2068895532038342,1.1006260225524276,1.0725814370036917,0.07101148830222953,1.0,1.0,1.0,0.5,0.5,37,2897265.209295252,492181.96318169
24,23,1.4662084908809574,1.6148875283795885,1.5845799092762283,1.5069697297214124,1.4486596147699498,0.44689113133296676,1.0,1.0,1.0,0.5,0.5,46,2981878.2523444383,404994.0391738445
24,24,1.449527743448966,1.5960944854747239,1.571663871508676,1.506806941481486,1.4344208288766462,0.4310416114817137,1.0,1.0,1.0,0.5,0.5,50,2986316.317882261,312928.12236490846
24,25,1.4695563725952943,1.6175794870496634,1.596289997928424,1.5295954478583442,1.451112097267832,0.4510747793693291,1.0,1.0,1.0,0.5,0.5,52,2990059.6739896582,312258.9078927737
24,26,2.017173508243477,2.1539432846441864,2.1257022067370905,2.0865033737245273,2.0219320880334735,1.0,1.0,1.0,1.0,0.5,0.5,53,3060775.467162478,577145.3829922756
24,27,2.0161483144080643,2.149130167922845,2.1266364457972333,2.076325084463413,2.017794232448532,1.0,1.0,1.0,1.0,0.5,0.5,54,3020304.144860235,516667.4971500058
24,28,2.0160629334419484,2.148470737598181,2.125931045317815,2.0901466812877403,2.00075336929074,1.0,1.0,1.0,1.0,0.5,0.5,56,3025086.823814252,521092.0634432882
24,29,2.016047600015109,2.148352619858708,2.125804882577402,2.10150517256898,2.0001354387342913,1.0,1.0,1.0,1.0,0.5,0.5,58,3025049.08035028,520717.1664950011
24,30,2.015771364210779,2.143239860896434,2.1142568657525285,2.099885587038033,2.004904174975452,1.0,1.0,1.0,1.0,0.5,0.5,59,3085718.8219937934,471783.2723550764
24,31,2.015703859138134,2.1456804777464002,2.1229475742237622,2.1051960873645914,2.0002007684115917,1.0,1.0,1.0,1.0,0.5,0.5,65,3006472.851439074,497479.06530572847
24,32,1.0844287571972195,1.328196501855758,1.345093324991896,1.3209020085710081,1.0495403625962743,0.04943610042935953,1.0,1.0,1.0,0.5,0.5,83,2829228.33440042,341312.50586863206
24,33,1.6219981258362464,1.8692988060482691,1.892531539371497,1.8743413964870057,1.5899131381557212,0.5868600877779188,1.0,1.0,1.0,0.5,0.5,85,2803244.5479586306,353587.0820259656
24,34,1.0484261962216803,1.2964400302025734,1.3137077708563702,1.3060659949061617,1.0392483258310645,0.012329185037538359,1.0,1.0,1.0,0.5,0.5,87,2825821.948575876,370830.835365192
24,35,1.0959944404978956,1.3311730819652468,1.350341475583002,1.4003252524595498,1.0666019053006104,0.06350850156221167,1.0,1.0,1.0,0.5,0.5,98,2718257.1334958845,251954.96002061176
24,36,1.0954136266978347,1.329472336604176,1.3485445179536233,1.4055849371603242,1.0657917410317355,0.06319582080212388,1.0,1.0,1.0,0.5,0.5,100,2724034.51806662,254890.55156586497
24,37,1.0954992817961515,1.3336578413382627,1.36212966270678,1.4380840691631922,1.063599030111755,0.06336677169155067,1.0,1.0,1.0,0.5,0.5,102,2718620.4102168023,249950.420078942
24,38,1.095568970976054,1.3333827144219255,1.3618249912142342,1.4445559582355516,1.0644739853181155,0.06351882518882841,1.0,1.0,1.0,0.5,0.5,104,2718998.960963277,249082.72110305936
24,39,1.0952022079370871,1.3327269655144858,1.361144445775199,1.4473294988973398,1.0640932475798686,0.06322105274334947,1.0,1.0,1.0,0.5,0.5,105,2719496.311587932,250179.75927647483
24,40,1.0958760452681862,1.3337076450955077,1.3621513070023115,1.4481634380676656,1.063858734363107,0.06382165407680376,1.0,1.0,1.0,0.5,0.5,106,2719249.717453232,248822.6086929009
24,41,1.0970075012967575,1.3416781211252553,1.3707113382923928,1.4525470572316255,1.0656254770583784,0.06328765286450647,1.0,1.0,1.0,0.5,0.5,109,2739179.4286913024,251077.6542848251
24,42,1.097231075690675,1.342024731413725,1.3710685726601204,1.4593152131576412,1.0635151120790085,0.06348063762679054,1.0,1.0,1.0,0.5,0.5,111,2739595.876029815,250861.43205360035
24,43,1.047600437217801,1.2883181411072593,1.3200254594285628,1.4105080515046715,1.0308353445674299,0.0152107242552637,1.0,1.0,1.0,0.5,0.5,112,2752603.3126692045,283249.37037722376
24,44,1.0475255291605114,1.2867618578056537,1.3153264090431906,1.397200870099983,1.0152452788013178,0.015135260589319261,1.0,1.0,1.0,0.5,0.5,114,2754419.772460284,283933.834858003
24,45,1.0958497467413757,1.33561112365621,1.3672364232015206,1.4582428417309703,1.0692966793668073,0.06368886976683921,1.0,1.0,1.0,0.5,0.5,115,2751473.419516424,292121.63395544066
24,46,1.0958397618831277,1.3355856318392683,1.3672095041901273,1.4678679499796146,1.0637125556783205,0.0636825811406706,1.0,1.0,1.0,0.5,0.5,117,2751254.5883031758,292341.268201297
24,47,1.0958224665612368,1.337023435229162,1.3717883263295034,1.4845207517679455,1.0637328452001067,0.06367217408678219,1.0,1.0,1.0,0.5,0.5,119,2751202.9826999726,292547.8860649537
24,48,1.0958695032904553,1.3402195283548455,1.3752553803685086,1.4862095170707441,1.0639908346920868,0.06295951207923546,1.0,1.0,1.0,0.5,0.5,122,2754610.6545744264,322546.3567909485
24,49,1.0973864544993006,1.3364997704881447,1.3741020184012602,1.513837033821705,1.0830305349051825,0.06608116266875044,1.0,1.0,1.0,0.5,0.5,123,2770903.399985279,261510.4109770565
24,50,1.0973229172716923,1.3376577855213658,1.378380993176992,1.5273251770893,1.0663615077577853,0.0660790151197874,1.0,1.0,1.0,0.5,0.5,125,2769049.6629084246,259180.6627287528
24,51,1.0405959407985144,1.273078693063562,1.3282235587444733,1.4630849100656416,1.016503096719752,0.01276386218570082,1.0,1.0,1.0,0.5,0.5,129,2773751.8186073867,245055.95515471805
24,52,1.040553700740185,1.274461720585623,1.332745105285334,1.4698674517128385,1.0129167465490796,0.01273418705069233,1.0,1.0,1.0,0.5,0.5,131,2773168.96229412,245208.708774621
24,53,1.0438870057866012,1.274625556238497,1.3296238566299423,1.475731537758326,1.025151883378578,0.01642525029181223,1.0,1.0,1.0,0.5,0.5,132,2798781.8578957547,217159.51484423585
24,54,1.0437487021206475,1.2758115995001593,1.3339399953574096,1.4755081339570146,1.0174955636103857,0.01632069420377426,1.0,1.0,1.0,0.5,0.5,133,2796801.0350731714,217615.0206358221
24,55,1.0940530131621102,1.335760107790875,1.3886673696588812,1.5687817373864452,1.0642159001632718,0.06386068033581936,1.0,1.0,1.0,0.5,0.5,136,2737935.296895465,244384.8121166739
24,56,1.0450588871677915,1.2770251211903767,1.3351454165928847,1.4904789082772536,1.0192097523247967,0.01765124666040192,1.0,1.0,1.0,0.5,0.5,137,2797961.468612398,219527.81716318903
24,57,1.0473927324927925,1.2785308459530489,1.3365816957683339,1.4957732750469188,1.0240282559115506,0.02015879826246815,1.0,1.0,1.0,0.5,0.5,138,2789344.908146931,251592.7209005972
24,58,1.0504729427019819,1.2810048692018303,1.339004836414765,1.5054122903552407,1.0255770845493077,0.02336652832852715,1.0,1.0,1.0,0.5,0.5,139,2799859.401066665,236568.6150241868
24,59,1.0496220504474105,1.2940399951774875,1.3592468302413205,1.5275477690600565,1.0211681160310198,0.0201575665318342,1.0,1.0,1.0,0.5,0.5,144,2749028.140959385,232556.17523115448
24,60,1.091261666543871,1.3287857572486417,1.3783205428312468,1.6290117801793942,1.0628091613787845,0.06167951867544602,1.0,1.0,1.0,0.5,0.5,155,2757039.802302258,310697.64029423386
24,61,1.0910835895716824,1.33082112834148,1.3865787991506977,1.6394323482631747,1.0628460374946578,0.061668481815699325,1.0,1.0,1.0,0.5,0.5,157,2757451.9052091683,313026.4727584514
24,62,1.0922482124889168,1.333516469705105,1.3924213956643836,1.6632438913019905,1.0628659665372688,0.06282322002521848,1.0,1.0,1.0,0.5,0.5,165,2757788.79387078,308163.48305725283
24,63,1.0940103173341273,1.3364202811351364,1.3984392822814193,1.6828186295354226,1.065664886226449,0.06466107320516054,1.0,1.0,1.0,0.5,0.5,166,2758508.417026187,308119.7348031436
24,64,1.0910186540995959,1.3306291682654734,1.389393693654362,1.682517387021759,1.066062062372241,0.06196131172562748,1.0,1.0,1.0,0.5,0.5,167,2758484.2171670585,307436.46651706524
24,65,1.0445427146727058,1.2934171747425438,1.3559857268966757,1.6626666269842343,1.013848052669566,0.01372922296936468,1.0,1.0,1.0,0.5,0.5,179,2792652.8282008646,322991.74097951525
24,66,1.0445400288251014,1.2948402408672433,1.3605473569739879,1.6704194836648392,1.013934982404343,0.013739948761348842,1.0,1.0,1.0,0.5,0.5,180,2792675.6619744725,323021.9702358825
24,67,1.0931063139821204,1.3371979778576684,1.4084129978505626,1.7213294962958927,1.0705470994354065,0.06436918843406118,1.0,1.0,1.0,0.5,0.5,182,2759008.3457452296,312749.492840173
24,68,1.0931049527096057,1.3371636189794824,1.4083756125143574,1.7313277785756924,1.0644051026966095,0.06437504755919278,1.0,1.0,1.0,0.5,0.5,185,2758895.8751442013,312988.6961322849
24,69,1.0928467594563123,1.338795176158296,1.4162032270771856,1.7438499375469934,1.0660186306141362,0.06435042011490676,1.0,1.0,1.0,0.5,0.5,187,2760088.344850737,324535.2538157104
24,70,1.0927189723625066,1.3399028501674106,1.4204331771156602,1.780877165808001,1.0646180168440353,0.0642765544049388,1.0,1.0,1.0,0.5,0.5,192,2760157.5878050798,324008.9551743572
24,71,1.0927050563727778,1.3413310527972249,1.4250011911572895,1.7893428005116263,1.064638082114803,0.06427176421384787,1.0,1.0,1.0,0.5,0.5,193,2762116.7347835144,316908.6396784137
24,72,1.0927099162327774,1.3398470351845804,1.4203735461152986,1.787612439600632,1.0643296313436137,0.0642776243457197,1.0,1.0,1.0,0.5,0.5,194,2761923.4504563618,316967.96646071074
24,73,1.0927160129381839,1.341313997597871,1.424981694534911,1.7890642085771389,1.0643384024820586,0.06428876750378981,1.0,1.0,1.0,0.5,0.5,196,2761691.6599960653,317354.2662542171
24,74,1.0904546599507439,1.3396687644001983,1.429425279927797,1.7874801468825496,1.0692852241340245,0.0625341123511453,1.0,1.0,1.0,0.5,0.5,198,2750403.8185654166,498497.6504787528
25,0,0.9357519839649222,0.9834819950158662,0.9823372163421215,0.4052740434185043,0.0,0.0,0.0,0.0,1.0,0.5,0.5,1,3896730.5972472895,10037369.212909304
25,1,0.9353880889252071,0.9833852544132918,0.9822335883301848,0.4071096137889783,0.00011063170585939238,0.0,0.0,0.0,1.0,0.5,0.5,3,3843838.521422921,10044469.135251855
25,2,0.9353710441417015,0.9833805441966871,0.9822285100815139,0.4052114660099372,5.07586396155389e-06,0.0,0.0,0.0,1.0,0.5,0.5,5,3828883.795851387,10047712.353923166
25,3,2.026722332827414,2.088847689730268,2.0905833023290907,1.519467007704328,1.117671250362096,0.10766899063412202,1.0,1.0,1.0,0.5,0.5,6,3742169.867836939,10258303.239926392
25,4,2.9083464356695248,2.9764894973039446,2.9748598919126508,2.419969257581614,2.006658163920521,1.0,1.0,1.0,1.0,0.5,0.5,7,3609417.396571914,9926472.219506776
25,5,1.5463117727209101,1.8511132760053994,1.84070945278265,1.346479176168006,1.2897302812074847,0.00120432811561266,1.0,1.0,1.0,0.5,0.5,8,2197566.3908125293,5555331.356591645
25,6,1.5510793937614755,1.918974358966478,1.8860661713345666,1.5766292646771554,1.86057748599803,0.43758333779876457,1.0,1.0,1.0,0.5,0.5,10,642650.6089891746,588988.6609382075
25,7,1.0990985323345699,1.4463286844818732,1.4047630805838285,1.1051733792555487,1.041337983255575,0.00211033043445671,1.0,1.0,1.0,0.5,0.5,12,606270.6166081782,485846.9426254176
25,8,1.2433567036250641,1.5951812499445464,1.5660238775641022,1.267722540152957,1.148171980926553,0.1474106679284432,1.0,1.0,1.0,0.5,0.5,19,619764.026808336,465403.98344601394
25,9,1.333242787743292,1.6854621655793105,1.6593152812069636,1.3721930602476986,1.240244396397169,0.2381205755985933,1.0,1.0,1.0,0.5,0.5,21,642897.5566439782,447409.5477893615
25,10,1.3332006188183765,1.686883246591831,1.6638772433136737,1.3837230145513608,1.2381375242370436,0.23809489546474868,1.0,1.0,1.0,0.5,0.5,23,643224.2891823171,448701.7894673086
25,11,1.3475587254261865,1.696237136016389,1.6726180943792959,1.392315387180306,1.2765128845541074,0.2562923977268934,1.0,1.0,1.0,0.5,0.5,24,592035.2269735144,385745.02067284303
25,12,1.3048044368845602,1.6476621142284522,1.620380548534282,1.361642532193919,1.2252611962320716,0.2166896139222882,1.0,1.0,1.0,0.5,0.5,26,703129.4136662775,556163.0933356247
25,13,1.1527070510892496,1.4517172834567877,1.4226607989989133,1.1898246078511647,1.1307757386544495,0.09021721715143088,1.0,1.0,1.0,0.5,0.5,30,970000.919809944,555904.3884647678
25,14,1.1672279592619985,1.4557785738897908,1.4256808214432999,1.2022050816944567,1.1264631018076483,0.10929902601261307,1.0,1.0,1.0,0.5,0.5,32,532891.1499286834,3127357.6178016216
25,15,1.1619965834395212,1.4400344641423664,1.4059147573998343,1.1933626959519021,1.1366895323324284,0.10771237808163647,1.0,1.0,1.0,0.5,0.5,33,558475.544808202,572082.1016262902
25,16,1.161990885817757,1.4414982545333797,1.4105206495965494,1.2127222374905184,1.107735602410121,0.10771237808163647,1.0,1.0,1.0,0.5,0.5,35,558309.7218898832,571674.14052606
25,17,1.1619896014653426,1.4429779869455146,1.4151435219367943,1.2227063865325913,1.1077159425632912,0.10771237783117298,1.0,1.0,1.0,0.5,0.5,38,558272.1175211988,571581.4022895194
25,18,1.152032486256136,1.4286100884167485,1.4003528855532255,1.2159623451774269,1.1133986699966485,0.09944602142732326,1.0,1.0,1.0,0.5,0.5,39,1306093.907796277,754565.0186336044
25,19,1.1432238468058347,1.4074614811592263,1.3750355656011024,1.1895906630890767,1.1058416256930883,0.09456976324177968,1.0,1.0,1.0,0.5,0.5,42,610567.1847381928,674188.8250785678
25,20,1.1400103414205112,1.3923088700441162,1.3678020780277507,1.252481346881646,1.0998848927846456,0.09676198128711332,1.0,1.0,1.0,0.5,0.5,58,832968.3825215503,1546000.999649986
25,21,1.1399730314654821,1.3936317162613412,1.372257289064689,1.2722013403944104,1.0969421730313424,0.09676198128711332,1.0,1.0,1.0,0.5,0.5,60,831977.7885040697,1545415.8913695626
25,22,1.139939491068251,1.3935357332850007,1.3721556365366427,1.2834061639159047,1.0969395323067417,0.09674824593917876,1.0,1.0,1.0,0.5,0.5,61,831015.2752522093,1544435.519486188
25,23,1.138437467584386,1.3892034135538425,1.370577124406344,1.2885081802204517,1.1029431119530364,0.09655403265746645,1.0,1.0,1.0,0.5,0.5,63,813116.198257357,1495681.006970675
25,24,1.138401556708311,1.3905302453389639,1.3750361441297858,1.3058806915926384,1.0967314387959797,0.09655403265746644,1.0,1.0,1.0,0.5,0.5,65,812035.7810019117,1495082.8556503782
25,25,1.1876044702433066,1.4311003559800044,1.4118180159491884,1.3253214781986289,1.169646096528302,0.14791452489127047,1.0,1.0,1.0,0.5,0.5,66,629843.3467299483,375330.8028870132
25,26,1.186819476363823,1.4317702916545743,1.4156284120859366,1.3304186501336062,1.1471862977699936,0.14713878639253763,1.0,1.0,1.0,0.5,0.5,68,629897.1985934858,381914.1795781239
25,27,1.1875345969560007,1.432432292925842,1.4162856203787793,1.345396062298744,1.147923457552075,0.1478696292911055,1.0,1.0,1.0,0.5,0.5,71,628919.9026092319,374587.3909506898
25,28,1.1874959133553649,1.4324408947114797,1.4193123890998094,1.3477498421564946,1.152026191030148,0.14820214904940793,1.0,1.0,1.0,0.5,0.5,72,631945.1687723735,364524.3613610232
25,29,1.1335990958239197,1.36271427018398,1.3512081610599835,1.29387160682005,1.1489140060686545,0.09893743010163111,1.0,1.0,1.0,0.5,0.5,73,538326.9701263518,295992.59737115947
25,30,1.1878277222880358,1.4125457873721867,1.4006582532665877,1.3604938538002747,1.1574144209404005,0.15427011795982604,1.0,1.0,1.0,0.5,0.5,77,429372.8915175764,287537.2483437809
25,31,1.228826029424618,1.4475563723801845,1.438167465239596,1.4117291422882472,1.2024504218828636,0.19709458999074222,1.0,1.0,1.0,0.5,0.5,81,454237.55407458456,498251.83388295566
25,32,1.3233498318198391,1.5370192748795113,1.5302156153076794,1.512173431931862,1.302278424005794,0.29312607070756375,1.0,1.0,1.0,0.5,0.5,83,486079.6969605509,423506.67796035577
25,33,1.320900567891662,1.5339463891570937,1.5301072016093578,1.5179827218851194,1.2940985180092515,0.2911521147514687,1.0,1.0,1.0,0.5,0.5,85,485934.5116501409,272355.1260170869
25,34,1.2886309258878454,1.4992837718446361,1.4952417555378092,1.517112300512342,1.2601572336581197,0.2594152665992665,1.0,1.0,1.0,0.5,0.5,94,429965.951203692,791853.3503842101
25,35,1.5615189739929582,1.7656477245167617,1.7580368039690033,1.7991995293705543,1.5362011281966983,0.5334007120622244,1.0,1.0,1.0,0.5,0.5,99,427749.620486062,398290.0708827877
25,36,1.5642464550215656,1.7649721267371772,1.7570750585951869,1.8100114363192026,1.541572235288711,0.5368530756501679,1.0,1.0,1.0,0.5,0.5,101,416138.1731093404,1037796.2082892272
25,37,1.5643537857962748,1.7649112985506936,1.757000126784013,1.8160370365192269,1.5372287155170181,0.5369958737507511,1.0,1.0,1.0,0.5,0.5,103,415403.9449109781,1036243.506012281
25,38,1.3370159105460793,1.521617741043504,1.5305050004539011,1.5871162146777416,1.3485454521863538,0.314541763800372,1.0,1.0,1.0,0.5,0.5,105,539796.2709135939,266573.8295248802
25,39,1.3423323769975635,1.5273609293980348,1.5393050360433271,1.6110169490174748,1.3214809293111252,0.32005125294643666,1.0,1.0,1.0,0.5,0.5,107,545374.4737971239,264780.2567946309
25,40,1.342506394371302,1.533458736622939,1.5579753264868907,1.6594450285352822,1.320230722884128,0.32022759325046746,1.0,1.0,1.0,0.5,0.5,118,545323.6836818522,266973.0343001469
25,41,1.338605425723254,1.5273190767267244,1.548630432092108,1.654674473436442,1.3185030314439026,0.31646369414481546,1.0,1.0,1.0,0.5,0.5,119,534027.0205688976,266016.0621480016
25,42,1.1969952899303746,1.3646037691501474,1.3690841057220995,1.558953232983436,1.1788408729804165,0.17724294699270884,1.0,1.0,1.0,0.5,0.5,142,381927.03897306975,1338642.7602574565
25,43,1.1967413042635895,1.3694732342297964,1.3864611050610458,1.6081888873608887,1.1774871203987543,0.17712537966099495,1.0,1.0,1.0,0.5,0.5,148,380736.94215113344,1341335.3210536735
25,44,1.1961873423703469,1.3688128861356212,1.3857921269309361,1.614004928062228,1.1768747870472285,0.1765893088203142,1.0,1.0,1.0,0.5,0.5,149,378515.5854825055,1351357.0438296592
25,45,1.186514272566443,1.3551126932725015,1.3687432744992605,1.6079216033985277,1.174117808419356,0.16733882135126218,1.0,1.0,1.0,0.5,0.5,150,395623.67692065233,1270895.1855668863
25,46,1.2992172035931984,1.4759534019962695,1.511406069291993,1.8721505258496935,1.2805649858822972,0.2804112959207422,1.0,1.0,1.0,0.5,0.5,189,501127.3706844866,276067.14346734126
25,47,1.1256741654588316,1.2970353376501478,1.3290312490921359,1.598230649246846,1.108971955423287,0.10749622147519144,1.0,1.0,1.0,0.5,0.5,196,527241.6992242176,333223.4918262767
25,48,1.127278214732764,1.297691469797074,1.3296112518715597,1.5798682740097312,1.1105084818487638,0.1092512833884404,1.0,1.0,1.0,0.5,0.5,198,541392.2202725557,350584.8588420965
25,49,1.1258615133527696,1.297646036485475,1.3327002013168314,1.5907461788223398,1.1081530366338175,0.10785256861386243,1.0,1.0,1.0,0.5,0.5,199,538526.1738315312,355087.18322915555
26,0,0.955148518591587,0.9885831595988055,0.9877918108479328,0.4084065522708726,0.0,0.0,0.0,0.0,1.0,0.5,0.5,1,2943605.3858502894,10042245.876800677
26,1,1.0533739636956094,1.0868535392796987,1.0860610386449598,0.5096871176855746,0.09830494325662525,0.09818517133561791,8.894428152489e-05,0.00011408160090483001,1.0,0.5,0.5,3,2951336.99265603,10040568.648435067
26,2,1.5612045730999948,1.596341295878445,1.5986881114881513,1.0324474756083255,0.6064859072956321,0.13201803270427706,0.40828571782676065,0.5403748811994933,1.0,0.5,0.5,4,3280526.113807382,10011306.515973696
26,3,2.0760187673524824,2.1197539082067105,2.121888600638761,1.5466355644105132,1.1397995500347622,0.13281715047344061,1.0,1.0,1.0,0.5,0.5,5,3549413.5333215534,9981265.30981355
26,4,2.885312831706623,2.9349677139218624,2.936986950490401,2.374145262060945,1.9542884315249416,0.9496976482179642,1.0,1.0,1.0,0.5,0.5,6,2520155.778588132,9965947.160898129
26,5,2.5175416232878347,2.8371746961366804,2.8258882769422913,2.3354494560608865,2.3344433220839123,1.0,1.0,1.0,1.0,0.5,0.5,7,4149304.6459366903,5454712.609092908
26,6,2.304094736370311,2.708107514679571,2.6878744117364675,2.273933401794939,2.1475529608772987,1.0,1.0,1.0,1.0,0.5,0.5,9,3018786.872998005,2916582.092570592
26,7,2.303776997004745,2.7078571485508114,2.6876067721619927,2.277529038202977,2.00057350295043,1.0,1.0,1.0,1.0,0.5,0.5,10,3021015.3489750684,2910311.960869037
26,8,2.1536284438491915,2.5493873457494645,2.521192563222212,2.179295902846782,2.3657280663382605,1.0,1.0,1.0,1.0,0.5,0.5,11,1285281.3666173425,1095441.357551853
26,9,1.1395835043149596,1.4933012223421553,1.4614280898376917,1.1702760442218076,1.1533821578855088,0.04084325015562209,1.0,1.0,1.0,0.5,0.5,13,668912.621572151,464785.4074837688
26,10,2.096455286279288,2.4459194668904383,2.410552600737774,2.13106209422455,2.005784333657075,1.0,1.0,1.0,1.0,0.5,0.5,15,645007.9581331337,461174.5558885397
26,11,2.096032293357715,2.445007858815243,2.409577735688265,2.1239507893771417,2.002167131103459,1.0,1.0,1.0,1.0,0.5,0.5,16,622076.2914368163,462082.68935719685
26,12,2.0951701887454366,2.4430255822733535,2.4074580429540493,2.1290814280666055,2.0044424255952524,1.0,1.0,1.0,1.0,0.5,0.5,17,667873.6201674531,573547.6648342487
26,13,2.0916803014210092,2.435016040099161,2.3988932591803236,2.124164399736718,2.018339168788856,1.0,1.0,1.0,1.0,0.5,0.5,18,655618.5574367882,740603.2502105953
26,14,2.0892099556258117,2.430779743749724,2.3974039040623607,2.129500005024271,2.006671211272679,1.0,1.0,1.0,1.0,0.5,0.5,20,627848.4528275758,701592.0905826702
26,15,2.086838664177974,2.423421298440049,2.3864947943983745,2.137421222547276,2.006552155692832,1.0,1.0,1.0,1.0,0.5,0.5,22,862076.6636636956,2333294.4626500406
26,16,2.080143843451035,2.406521765910931,2.3684237671559503,2.1265358392527736,2.019340652287423,1.0,1.0,1.0,1.0,0.5,0.5,24,802316.7401603698,1854841.416983843
26,17,2.0762108313363417,2.3975096722486358,2.3618275982184866,2.1300936856289416,2.0239921491032415,1.0,1.0,1.0,1.0,0.5,0.5,25,711793.4315567021,672507.6411712249
26,18,1.573355009549336,1.8820676507778367,1.8569930370158843,1.6539169416810013,1.5123853700737855,0.5069858560548736,1.0,1.0,1.0,0.5,0.5,37,716998.6149086824,331267.2674146934
26,19,1.5920900500672261,1.8865146033457953,1.8599943134946684,1.6717803034021044,1.5561397929559995,0.5322925463434787,1.0,1.0,1.0,0.5,0.5,39,558928.7480355882,261359.87508344412
26,20,1.5760063109659808,1.8671030964243003,1.840253439971621,1.659569320746496,1.5230616927930836,0.5176311117056922,1.0,1.0,1.0,0.5,0.5,41,589447.1391877456,540408.6597034874
26,21,1.5759552234935141,1.8670456878007506,1.840195409045398,1.664882643681369,1.5175933274286801,0.517582761190998,1.0,1.0,1.0,0.5,0.5,43,589711.4700177811,540546.5789583526
26,22,1.5792770152746058,1.8703813140206373,1.8525259708332331,1.6899090094301519,1.526334586487374,0.5227445021561089,1.0,1.0,1.0,0.5,0.5,47,512672.41262538097,732369.6623009471
26,23,1.5734466909199036,1.8624269053478681,1.8413656499054212,1.695242903720856,1.5175849516220905,0.5171738254096953,1.0,1.0,1.0,0.5,0.5,52,589862.3192165203,604059.8320054306
26,24,1.5768863036860075,1.8641019172247209,1.8398700956027265,1.695796242672804,1.5216262528179554,0.5207267644144243,1.0,1.0,1.0,0.5,0.5,53,554119.5611510964,537185.1021797181
26,25,1.5754120400527278,1.862119620208189,1.8378385152474126,1.7050092930846377,1.521084875232146,0.519457159402626,1.0,1.0,1.0,0.5,0.5,54,598152.3449158727,553379.8876903593
26,26,1.5816758645188391,1.870656966173371,1.8525950709308252,1.7138730405825515,1.5282356749889723,0.526000996770938,1.0,1.0,1.0,0.5,0.5,55,546846.7861727711,590496.400604416
26,27,1.5384834684395294,1.8220898839799864,1.803509364566439,1.6681906669589894,1.4934663037082707,0.4849159124920145,1.0,1.0,1.0,0.5,0.5,57,533112.2667937643,545548.8618841302
26,28,1.5382543723246787,1.8227478889907063,1.8072534172500307,1.6760348045280031,1.4858647893878696,0.48491666112419524,1.0,1.0,1.0,0.5,0.5,59,571893.9461079744,538312.2532673938
26,29,1.5373649512604612,1.820657589037922,1.8050480801073243,1.6774398392342293,1.4882671610989937,0.4844836327675729,1.0,1.0,1.0,0.5,0.5,60,528776.1640604842,582164.9763501287
26,30,1.227782294242553,1.4883879263544975,1.4676493266312087,1.3746763157995956,1.2478577110668234,0.18234776197518449,1.0,1.0,1.0,0.5,0.5,61,727990.0991086629,3303875.514780711
26,31,1.1789750922149482,1.430009926052838,1.4083987588821838,1.3296092286511918,1.1509508492206717,0.136555822765759,1.0,1.0,1.0,0.5,0.5,63,714100.1717293052,3379119.331833756
26,32,1.1782119846081789,1.4304414359207402,1.4119476906395076,1.3371479631101173,1.1361591641998836,0.13587862010977506,1.0,1.0,1.0,0.5,0.5,66,894300.4644775976,2956264.229854905
26,33,1.1853606818860238,1.4225595928795725,1.4027222177321628,1.342385964116068,1.1695516911664323,0.1473811300189058,1.0,1.0,1.0,0.5,0.5,68,785339.9844420514,3121033.7539687497
26,34,1.2848081216150318,1.5203051896510957,1.5033298836881421,1.4435708880049427,1.2569466575395838,0.24769560646178643,1.0,1.0,1.0,0.5,0.5,69,778938.707626435,3132088.407011351
26,35,1.18898563663152,1.4172684502583235,1.399660804033573,1.35549251555852,1.1590100848806855,0.15378255663240611,1.0,1.0,1.0,0.5,0.5,73,717442.3533978406,3291692.092027552
26,36,1.1757881303872244,1.3829530754025126,1.366545175719836,1.3367751737774702,1.167376330164825,0.14602302066979558,1.0,1.0,1.0,0.5,0.5,76,625722.0165705249,3251169.223228825
26,37,1.176414487497777,1.380936726046539,1.361287157025867,1.3362345422413484,1.1501506858822026,0.14690888939105368,1.0,1.0,1.0,0.5,0.5,77,628072.6318923904,3254145.951526812
26,38,1.1762408683408023,1.38074656356518,1.3610955434562224,1.3389099181616773,1.1467858736636285,0.14673901707353063,1.0,1.0,1.0,0.5,0.5,78,628451.1794440658,3252078.5125348824
26,39,1.1733493571644042,1.3819606888160583,1.3717104577561812,1.3755877187179233,1.14408637356528,0.1439248201542887,1.0,1.0,1.0,0.5,0.5,84,590268.0410073469,3185180.270381136
26,40,1.1475473574901738,1.3464704164264387,1.3384223896085907,1.3536450442184855,1.130883465331969,0.12053219562742643,1.0,1.0,1.0,0.5,0.5,87,626946.038091243,6083165.135267627
26,41,1.1588928600677835,1.3459851829925995,1.327890905907789,1.3682111627509623,1.143544764046675,0.13338557096951792,1.0,1.0,1.0,0.5,0.5,89,578027.7514808272,5488841.395057071
26,42,1.1567212493129984,1.3438916629108322,1.3288239868343998,1.3602029831449505,1.135356107789619,0.13149459020175477,1.0,1.0,1.0,0.5,0.5,90,565387.9073001994,5500406.96065355
26,43,1.1486906074257581,1.3287376321324627,1.3100591462407711,1.357150545562496,1.1399742658156442,0.12456532226397914,1.0,1.0,1.0,0.5,0.5,91,591105.6386629443,4845986.141121369
26,44,1.155847302886131,1.3383042449121403,1.3258662646848642,1.3655719740010648,1.1333481234295584,0.13182900144829052,1.0,1.0,1.0,0.5,0.5,92,601065.1218341634,5570298.231275958
26,45,1.1537436821689555,1.3339214989187702,1.3182749232212299,1.3712710286780723,1.1309603347213169,0.1298774518716774,1.0,1.0,1.0,0.5,0.5,94,562175.2921326186,4970313.621576439
26,46,1.1509781168880278,1.3241706413276702,1.3079490881218785,1.3765972912238178,1.1473797010862838,0.1284191117754087,1.0,1.0,1.0,0.5,0.5,95,569885.7191216495,4663884.033038438
26,47,1.1510330132298576,1.3222111749811893,1.3028028097525546,1.3752238192799366,1.1292891704359393,0.12857127176527078,1.0,1.0,1.0,0.5,0.5,97,542097.4818160569,4965706.624468748
26,48,1.1633638717208659,1.3350547658123573,1.3247538554247886,1.432526343216575,1.1425017111586437,0.14161522796431758,1.0,1.0,1.0,0.5,0.5,109,615909.7709244698,2803627.329432285
26,49,1.1648703627145425,1.3336536682974978,1.3261379081673703,1.4346399675940606,1.1498068503289396,0.14389860680743166,1.0,1.0,1.0,0.5,0.5,111,619400.5112832024,2837721.7009946867
26,50,1.1578633762682813,1.320990916602954,1.306969571637447,1.3543829819133681,1.1445701575296332,0.13735804972599439,1.0,1.0,1.0,0.5,0.5,112,637606.6673169931,3712793.2612880287
26,51,1.1595723477007513,1.3229503165282868,1.3149953556971328,1.432390926901427,1.1468111474366522,0.13953194566902002,1.0,1.0,1.0,0.5,0.5,113,642203.8599893647,3664464.897852292
26,52,1.158835350927014,1.32361411927982,1.3218188899424357,1.4442463941554804,1.1411543479080237,0.13905986157010136,1.0,1.0,1.0,0.5,0.5,115,639027.5662433283,3756801.102237567
26,53,1.1589760883921745,1.3204451676969868,1.3123355755354482,1.462422012164525,1.1394403297768958,0.1392579902109525,1.0,1.0,1.0,0.5,0.5,120,638575.9266886944,3581595.8188059754
26,54,1.1598831317075282,1.3242164157048828,1.3223850191725228,1.4892321397464428,1.1402517107658818,0.14018245576781121,1.0,1.0,1.0,0.5,0.5,124,638179.0229257311,3565862.2217445136
26,55,1.15927931584773,1.3233433651016098,1.3214902701771762,1.4868164939549162,1.1403441649375736,0.1396239027039936,1.0,1.0,1.0,0.5,0.5,125,638481.9473006413,3638996.326159445
26,56,1.159256044242007,1.3232359985616526,1.3213759579201987,1.4928210927935386,1.1397269453895433,0.13961472606402764,1.0,1.0,1.0,0.5,0.5,127,638125.1952806487,3638909.826824176
26,57,1.1592959378712488,1.3231538273249357,1.3212839120422006,1.495830145241801,1.1399989210732033,0.13967494829851576,1.0,1.0,1.0,0.5,0.5,128,638778.8388691354,3718283.23769556
26,58,1.1603423392548908,1.3234182375268873,1.3275322746366336,1.4935057966123981,1.1510772802277756,0.14134336537303552,1.0,1.0,1.0,0.5,0.5,129,602030.2825789426,3465482.566438953
26,59,1.1620870156726093,1.3181309509857844,1.318654721934624,1.4874234472932801,1.1591731182719331,0.1439851849994903,1.0,1.0,1.0,0.5,0.5,130,619287.103121569,3243849.1191921798
26,60,1.1544871454241667,1.3146100807201146,1.3245338597200906,1.5198640623069046,1.1366466318503556,0.13644505067255597,1.0,1.0,1.0,0.5,0.5,134,661458.6022051184,3103525.8112903847
26,61,1.1536639262995367,1.3148243679913147,1.3278558529347015,1.5263566088446252,1.1360887337298906,0.13569301889107477,1.0,1.0,1.0,0.5,0.5,137,656204.1436295579,3292133.4595761173
26,62,1.1550093724587276,1.2959870909952849,1.298332057024286,1.5208248007425857,1.1463655650581903,0.1394332593790067,1.0,1.0,1.0,0.5,0.5,143,697023.5193253715,3738083.8481267258
26,63,1.149926638871553,1.291068443531403,1.2964516889981486,1.5336077151207335,1.135428562717895,0.13454323553910746,1.0,1.0,1.0,0.5,0.5,147,696547.0769829452,3323282.9520334154
26,64,1.1482831113431813,1.288922028120827,1.2942652903750667,1.5285873389736113,1.1344828575378876,0.13297400282478983,1.0,1.0,1.0,0.5,0.5,148,754229.3787663591,3646479.9079824
26,65,1.151810379685116,1.2914267090852707,1.2997148556301703,1.5400081093796203,1.1430378661465377,0.13685986422748656,1.0,1.0,1.0,0.5,0.5,149,662609.9278001965,3006868.783933189
26,66,1.1545827198947598,1.2933635313546599,1.3046115529081803,1.5528228169201648,1.1430794741603976,0.13996155929566478,1.0,1.0,1.0,0.5,0.5,151,660308.9272971634,3031404.531348761
26,67,1.15458059734005,1.2933385135698177,1.3045846921091522,1.559067469514976,1.1399913191604378,0.1399626288643259,1.0,1.0,1.0,0.5,0.5,153,659988.52672778,3031180.455628816
26,68,1.1535518034841066,1.2920579064829971,1.3032840154953713,1.5547679571492787,1.139581922890088,0.13896934499039468,1.0,1.0,1.0,0.5,0.5,154,655960.3786646556,3004693.949720019
27,0,0.7924561940848933,0.9422241208018383,0.938219137538811,0.3799360755652867,0.0,0.0,0.0,0.0,1.0,0.5,0.5,1,10403820.610630129,10084470.75894796
27,1,0.8936385473495513,1.0434366400747597,1.0394306425831585,0.4841582174868891,0.10124342406468163,0.10113108978451879,8.999999999997e-05,0.00010256957385042998,1.0,0.5,0.5,3,10403048.596373469,10083538.917063946
27,2,0.8595965620478678,1.0093966766648137,1.0053908034546608,0.45216848601817294,0.06718942748950904,0.06717412700496919,1.1976482101249999e-05,1.531647966487e-05,1.0,0.5,0.5,4,10403000.142403482,10083535.484326277
27,3,2.7913796144006433,2.9418867968280678,2.937858581883189,2.3860463696190424,2.000736439925072,1.0,1.0,1.0,1.0,0.5,0.5,5,10394460.347631056,10074211.854422685
27,4,2.787933636632328,2.940805258630747,2.9367020107484305,2.389332866346419,2.001236319444427,1.0,1.0,1.0,1.0,0.5,0.5,7,10363832.874859752,10042106.311747411
27,5,1.8769489742230046,2.0372271343350628,2.0329047506888456,1.4926946453214125,1.1072358635689994,0.09958532964093332,1.0,1.0,1.0,0.5,0.5,8,10417231.58867174,10126649.106282622
27,6,1.679448468049622,1.9594350130217697,1.950348431536168,1.4462867481610435,1.168893039786436,0.09052396437537727,1.0,1.0,1.0,0.5,0.5,10,4468786.82800388,6344336.906657298
27,7,1.344007980139534,1.7561009884649839,1.732700729705694,1.32647078152482,1.3305934517679887,0.09368438647321436,1.0,1.0,1.0,0.5,0.5,12,3203701.556105301,3011504.678913905
27,8,1.2474566133183849,1.635473562843113,1.6000251900183764,1.2702729887094066,1.395193221350936,0.1030035035161232,1.0,1.0,1.0,0.5,0.5,13,1775591.7536199454,1439307.1819764485
27,9,1.2628109174477165,1.5967041803977338,1.5594629640003692,1.2715051242172346,1.4442650869993796,0.1778235307646596,1.0,1.0,1.0,0.5,0.5,14,1141907.4910695502,449795.0927199601
27,10,1.2494815671329453,1.5783859740086719,1.54057298915018,1.259663152530632,1.1771912917600695,0.16775653689404907,1.0,1.0,1.0,0.5,0.5,16,1261064.2474759798,527049.8669752097
27,11,1.248843321236997,1.574273413713151,1.5360680729232454,1.2599206773129454,1.1822680158405359,0.16929949744341072,1.0,1.0,1.0,0.5,0.5,17,1218870.0325145724,644055.7602744536
27,12,1.2376072051182057,1.5625635944186422,1.5243063539439574,1.2506832413002695,1.1600110203676106,0.15834077653518167,1.0,1.0,1.0,0.5,0.5,18,1397756.571290241,636352.8263314292
27,13,1.2415610249163014,1.5648313311539728,1.5263858129245893,1.2601176796113567,1.1695787527826234,0.1633259459270962,1.0,1.0,1.0,0.5,0.5,19,1296534.652445021,714268.5613531355
27,14,1.2271618657551113,1.5494055078307087,1.5108472561791353,1.245314855659384,1.1531813787945526,0.14952478500811509,1.0,1.0,1.0,0.5,0.5,20,1552336.9352799526,779618.4354063418
27,15,1.2319786400300026,1.5464985901191637,1.5100827786545836,1.2551153351154731,1.19260548188735,0.1595753108518705,1.0,1.0,1.0,0.5,0.5,21,1150398.287921553,469471.6764555874
27,16,1.7497441205172088,2.059366894068683,2.025419536982519,1.7809193466894235,1.702929573929816,0.6806988128877375,1.0,1.0,1.0,0.5,0.5,22,1367970.3807685524,492289.7143644228
27,17,1.214672353769112,1.5196748348692184,1.4852463026800549,1.2513106908576257,1.1638237542564853,0.14794743901754248,1.0,1.0,1.0,0.5,0.5,23,1279152.2331655512,559444.4786311727
27,18,1.2151784865530182,1.5130156732892655,1.4718690593472887,1.243637028818923,1.1575790949726898,0.15047646073603105,1.0,1.0,1.0,0.5,0.5,25,1037591.7986392648,690793.8161162882
27,19,1.14612265887049,1.4460667044429552,1.4141113249307318,1.2021571469445267,1.0851398578565392,0.0825191432119508,1.0,1.0,1.0,0.5,0.5,28,1224730.665285095,768364.2593735202
27,20,1.1499894070799614,1.4269298988212118,1.3927041290629232,1.1956633712581726,1.171058159294313,0.09613718385960732,1.0,1.0,1.0,0.5,0.5,29,1506334.9973390074,458592.5910094337
27,21,1.14861072033443,1.4233819252662734,1.3889484515689774,1.195737282778612,1.1024175339528743,0.09558635736270392,1.0,1.0,1.0,0.5,0.5,30,1482734.471510494,437894.2625413171
27,22,1.1444619776385447,1.4169044697279967,1.3852513055220486,1.1947319660196378,1.1048293242743208,0.0928643937558262,1.0,1.0,1.0,0.5,0.5,31,1587002.6085089445,422746.9159761912
27,23,1.1384756927725752,1.4016273994492918,1.3691002693076388,1.1941916619910617,1.1046137928104027,0.0901972979767331,1.0,1.0,1.0,0.5,0.5,33,1589158.8261551424,425814.69432502193
27,24,1.1398810013541518,1.3959973008453774,1.359811303968908,1.2052533085354575,1.0991462290670841,0.0934825524325392,1.0,1.0,1.0,0.5,0.5,36,1717513.8569442765,417259.6356829396
27,25,1.136952180553467,1.3866215792192387,1.3528517584843516,1.1984460173739413,1.1171195983264344,0.09311711284692432,1.0,1.0,1.0,0.5,0.5,37,1832478.820106678,487532.24110004393
27,26,1.1368657491384493,1.3864709055802282,1.3526953675059672,1.2007961376083678,1.0930894690503359,0.09305086078244518,1.0,1.0,1.0,0.5,0.5,42,1833801.4715186649,487641.6989569951
27,27,1.136088560495596,1.383776835578581,1.3468183387666866,1.2036864466569883,1.0930545918977939,0.09240863359869596,1.0,1.0,1.0,0.5,0.5,44,1789036.2828861985,454753.98513967736
27,28,1.1366069770187206,1.3854478805481554,1.35160194381961,1.2001709492193549,1.0941299983300456,0.0930405323203924,1.0,1.0,1.0,0.5,0.5,45,1906818.6147895816,570416.1998017799
27,29,1.1211801962874703,1.3710598328295824,1.3433263010316687,1.2273983064982288,1.079014922177963,0.07820284007824342,1.0,1.0,1.0,0.5,0.5,52,1150095.4391689005,481228.3202248892
27,30,1.1142928078698273,1.353521359314231,1.3278406388276678,1.2305484648715885,1.1108797887233535,0.07491132249483018,1.0,1.0,1.0,0.5,0.5,53,1385129.3048156484,538380.7193212045
27,31,1.113810112311259,1.3482585286247704,1.3191418206078853,1.2328066080695699,1.0785803656274768,0.07535763665467521,1.0,1.0,1.0,0.5,0.5,56,1251883.741522755,833814.7593929796
27,32,1.1282504183198308,1.355517427546399,1.3287805831546955,1.269046069484197,1.1173179192745788,0.09214530376770393,1.0,1.0,1.0,0.5,0.5,57,1380025.0642479777,1243257.790669276
27,33,1.1152641383153932,1.329810471037122,1.2989530052841984,1.2582933172272115,1.114257130647288,0.0820197437869246,1.0,1.0,1.0,0.5,0.5,58,1523153.127738252,1120898.4864499413
27,34,1.1153231197711326,1.3263716599704631,1.2982285988286102,1.2573593377465173,1.0974264040642516,0.08328426516228137,1.0,1.0,1.0,0.5,0.5,59,1515028.396849857,1412076.079294713
27,35,1.1270470471040412,1.3348153867678918,1.3033750017472465,1.2718095277558168,1.100515685651198,0.0954342077789363,1.0,1.0,1.0,0.5,0.5,60,1301371.0310030424,938625.357474327
27,36,1.1128694156762742,1.3118584260749826,1.2796697497616574,1.2503877216138548,1.0956222371145556,0.08327451284152033,1.0,1.0,1.0,0.5,0.5,62,1293782.3051885045,1134547.6202630063
27,37,1.1125613031332842,1.3095566671848786,1.280216816776899,1.2621501289773644,1.0934413483883805,0.08373620180098505,1.0,1.0,1.0,0.5,0.5,63,1345620.648938913,1662913.2315096508
27,38,1.1090759707240283,1.2993869330841261,1.2664654886311313,1.2651162800384843,1.0886050108503613,0.08137419520912939,1.0,1.0,1.0,0.5,0.5,65,1406774.6661314932,1474827.9009420068
27,39,1.1090595431620607,1.2993011639901542,1.2663738779163374,1.27043018261724,1.0814685116041165,0.08137248536533453,1.0,1.0,1.0,0.5,0.5,67,1406623.487439728,1474646.2489330035
27,40,1.105915613826277,1.2892160450394279,1.261746511501265,1.2637980557307131,1.1076313523870538,0.08027735829129612,1.0,1.0,1.0,0.5,0.5,68,1263659.6425391838,1218672.9206302334
27,41,1.10804399842105,1.2797216137534229,1.248268533761991,1.2640210088932888,1.1120691071590767,0.08438313396496225,1.0,1.0,1.0,0.5,0.5,69,1207698.5185404734,1151657.51532199
27,42,1.099377322888385,1.2533950491810708,1.2084064867146154,1.2131355173786629,1.0937589473650409,0.07787208832442005,1.0,1.0,1.0,0.5,0.5,71,1203947.1420826665,1531090.7115156937
27,43,1.097496873216129,1.2510682412438348,1.2060435087285486,1.2156409538830932,1.0766476706097665,0.0760681144303108,1.0,1.0,1.0,0.5,0.5,73,1106023.662830348,1467796.7798560376
27,44,1.0976502536234254,1.247560228803097,1.202236998215449,1.2085275681694552,1.0817906447315488,0.07686487764195596,1.0,1.0,1.0,0.5,0.5,75,1117406.9915330564,1505461.072564993
27,45,1.0982046096853488,1.2461793570672532,1.2006988338694118,1.2185579063786633,1.0794801710651607,0.07775324333653702,1.0,1.0,1.0,0.5,0.5,78,1084610.9917550855,1556876.5504612632
27,46,1.0984192737930054,1.2556304096039645,1.2350831713377763,1.357754212715657,1.0786792340236058,0.07841793028362692,1.0,1.0,1.0,0.5,0.5,105,1220326.73934521,1195857.0868316777
27,47,1.0967108140388135,1.2505724371521993,1.2297539492882592,1.3797393523146897,1.0795144209917202,0.07727342318169687,1.0,1.0,1.0,0.5,0.5,109,1175291.8151188744,1260429.4303144307
27,48,1.0959985404503416,1.246004596099573,1.221850914656828,1.3716180624513363,1.0801194211729905,0.07695419750655094,1.0,1.0,1.0,0.5,0.5,111,1163989.9610220753,1237625.0465110885
27,49,1.0953376897496518,1.2426649590857515,1.2213192648025435,1.377584470396164,1.0880343160962433,0.07697004633707917,1.0,1.0,1.0,0.5,0.5,112,1174098.7958437866,1401608.673172178
27,51,1.1022885823770086,1.241704151402454,1.2197238819173626,1.4330837237389131,1.0874615451993224,0.08516481276034413,1.0,1.0,1.0,0.5,0.5,123,1401342.3830090235,1785427.585855006
27,52,1.1022656505495425,1.2401604407340117,1.2150337821521517,1.438557729491833,1.0851729643069823,0.0851475745961936,1.0,1.0,1.0,0.5,0.5,129,1401738.9886695156,1783746.8367742554
27,53,1.095590223434331,1.2377936753134415,1.2432612643638903,1.496554884298264,1.1020338823245077,0.0800521444640591,1.0,1.0,1.0,0.5,0.5,130,987492.3104391895,2895217.016476284
27,54,1.0953086004561547,1.2376826907779122,1.246189623240768,1.4987589896345959,1.0816772421849463,0.07996108776801114,1.0,1.0,1.0,0.5,0.5,132,980462.4679173602,3013923.709859393
27,55,1.0911846236780653,1.2176878718891926,1.209809116564896,1.4575945805002526,1.0825511283788005,0.07703536920618073,1.0,1.0,1.0,0.5,0.5,136,1319094.9898549148,1991055.601878079
27,56,1.1099952305719942,1.3224647746338953,1.3427223159240071,1.609627006703941,1.0829527822506406,0.08294736168775618,1.0,1.0,1.0,0.5,0.5,143,1118342.9192506112,2552649.743958099
27,57,1.1099798197121271,1.3223245454374286,1.3425716586112326,1.619020938359432,1.0830604351660753,0.08295785942264142,1.0,1.0,1.0,0.5,0.5,146,1118048.4190934538,2552348.1428578217
27,58,1.1082811750087416,1.2474524049216642,1.267809607715122,1.6000910330395246,1.0956878357491968,0.09422760947187832,1.0,1.0,1.0,0.5,0.5,147,2001829.1299581868,3416157.870002713
27,59,1.1136335584037305,1.3148217314278123,1.3190399601874425,1.5819913761344766,1.0938177156465962,0.08737660363963581,1.0,1.0,1.0,0.5,0.5,149,1658315.508608537,4011330.2007757984
27,60,1.1037609707576572,1.2834435096288126,1.3009953687108444,1.6132926222741235,1.090881881859751,0.08295893703749041,1.0,1.0,1.0,0.5,0.5,151,1204074.5272471732,2553459.0867955224
27,61,1.105718903454359,1.28878164376999,1.3126540141675507,1.6304784616603207,1.0861867098545923,0.08484520705609792,1.0,1.0,1.0,0.5,0.5,153,1039371.6760004977,2408486.6048162254
27,62,1.1051434285695818,1.2897036774166266,1.3106755477885588,1.628317648797518,1.084083331225964,0.08374583313059045,1.0,1.0,1.0,0.5,0.5,154,1357119.0024661075,2345799.598436768
27,63,1.1022584044095203,1.2794976840287322,1.302897241714775,1.6279467151009763,1.092408763445932,0.08238381490463689,1.0,1.0,1.0,0.5,0.5,157,1371060.8383626994,3114523.1505418294
27,64,1.1076326527870939,1.304229866248197,1.3261889311453938,1.6733618478093257,1.0924922962688326,0.08403050089553601,1.0,1.0,1.0,0.5,0.5,158,1327506.3896307177,1999501.8741157271
27,65,1.1104621608366227,1.3220890774991065,1.3452957559571226,1.6779042728595277,1.0918072737452729,0.08389052520229627,1.0,1.0,1.0,0.5,0.5,160,1320954.2841770118,2268453.848394396
27,66,1.1108904289903148,1.3224810166277892,1.3456847212277312,1.6814999303015827,1.0854459788582864,0.08432630557783852,1.0,1.0,1.0,0.5,0.5,161,1322412.840508541,2274903.543291626
27,67,1.1108793094243001,1.322402599446936,1.345600658389006,1.6878263981851245,1.0844162328358513,0.08432904905232862,1.0,1.0,1.0,0.5,0.5,163,1322248.9253352024,2275308.244354388
27,68,1.10375839429292,1.2782091456146647,1.2953361618909685,1.6428031938770005,1.0845580033801785,0.083853289474825,1.0,1.0,1.0,0.5,0.5,166,1370652.9832108454,2316780.49256574
28,0,0.7942100527635012,0.9427715929010514,0.9388047230886539,0.3802722781006631,0.0,0.0,0.0,0.0,1.0,0.5,0.5,1,10321549.81446838,10081496.058846677
28,1,0.8960565039236729,1.0446541271527847,1.040686071042698,0.48516513041920856,0.10191799723309217,0.101795644242438,8.854838709674e-05,0.00011856547208137,1.0,0.5,0.5,3,10321031.007327251,10080363.595347162
28,2,1.272221448805336,1.4223896619819913,1.418372139944018,0.8748697836663027,0.4819807771308157,0.13821204568625273,0.31498444217236987,0.3692884964131846,1.0,0.5,0.5,4,10298975.624463456,10020561.347961357
28,3,0.9374802082828662,1.0894529158179254,1.088568479331531,0.5466551738606071,0.14640611959730537,0.1003220274016059,0.04080125817649508,0.05070064767259978,1.0,0.5,0.5,5,10293079.710618392,10033765.092391497
28,4,1.8840089294393882,2.0418829874245885,2.0408106201755833,1.5001323203060326,1.1074137754175024,0.10121432507537916,1.0,1.0,1.0,0.5,0.5,6,10290589.441868834,9959214.966345891
28,5,2.667707157177214,2.9013398029970023,2.897541254819377,2.3728706850245813,2.0899257388760213,1.0,1.0,1.0,1.0,0.5,0.5,7,8771465.458299674,8489957.135721771
28,6,2.658278667467246,2.8978299669777585,2.8937881116611663,2.3659516209940596,2.0080259817975192,1.0,1.0,1.0,1.0,0.5,0.5,8,9184308.825108737,8245388.920497234
28,7,2.5829914717354114,2.867911395753124,2.861795700469024,2.35234525168101,2.0684257310240826,1.0,1.0,1.0,1.0,0.5,0.5,9,8292885.104453822,7512631.4518692335
28,8,2.1817163414059575,2.589119472107909,2.563678699206603,2.1862649210238656,2.3199771295527754,1.0,1.0,1.0,1.0,0.5,0.5,11,2881619.4152794816,2177034.08585268
28,9,2.068818659166407,2.373580684923466,2.3301591634220093,2.064772044581902,2.487009888770559,1.0,1.0,1.0,1.0,0.5,0.5,12,2170872.630965872,466106.7875030676
28,10,2.068137634642768,2.3718187015889374,2.3282750538175336,2.066819089849233,2.004626815513509,1.0,1.0,1.0,1.0,0.5,0.5,13,2024195.79567517,510116.76630903065
28,11,2.066228914830976,2.3658809300721244,2.3219256560264134,2.0640570907561164,2.0131684339457765,1.0,1.0,1.0,1.0,0.5,0.5,14,2177432.475259773,468670.65675571817
28,12,1.6783619668833567,1.9763892300739472,1.9352521571550088,1.6746274475932643,1.624836510727173,0.6137119719417582,1.0,1.0,1.0,0.5,0.5,15,2090179.576902132,463160.69383078814
28,13,1.5188373574594634,1.8077563912473136,1.7656984578769674,1.5163795449034794,1.4888663603700902,0.4583641178866321,1.0,1.0,1.0,0.5,0.5,16,1619764.4638494295,1283570.7181681686
28,14,1.5797944420386152,1.8626942691525858,1.8200443152050474,1.5783291191619306,1.5410575666030788,0.5218416184963078,1.0,1.0,1.0,0.5,0.5,17,1840197.2276742004,539813.8112804213
28,15,1.552006448350608,1.8322655603647826,1.7893501984403142,1.557956531711778,1.5045311730329907,0.4952423158081626,1.0,1.0,1.0,0.5,0.5,18,1588056.7567844023,763507.5892133388
28,16,1.5923404147278108,1.8703636224721127,1.827233827894545,1.6044587588619854,1.5432330575389865,0.5364342655761021,1.0,1.0,1.0,0.5,0.5,19,1519225.3852954728,449960.9557008242
28,17,1.591380864112422,1.8690160477988293,1.8288509212083073,1.6017840360689029,1.5418540388215225,0.5361827220743075,1.0,1.0,1.0,0.5,0.5,20,2271862.542714301,478418.3624936861
28,18,1.5577843400809857,1.8215192095971953,1.78302831035148,1.563457218585261,1.5571723949264993,0.5083974157148247,1.0,1.0,1.0,0.5,0.5,21,1532115.9452003697,464791.188841082
28,19,1.561706774384646,1.8252473250485735,1.7867382203300612,1.5763969853638002,1.512687657203803,0.5123882163230059,1.0,1.0,1.0,0.5,0.5,23,1540578.5972541498,475715.7210049571
28,20,1.5206870349749466,1.775619010854425,1.7363133141730573,1.5228531962780496,1.5001078932923404,0.47425283064443635,1.0,1.0,1.0,0.5,0.5,24,2260191.7730808053,516322.6207624115
28,21,1.4904355322404104,1.7438147981728362,1.7043552434928957,1.4919268349333166,1.4508054635717011,0.4446674923080368,1.0,1.0,1.0,0.5,0.5,25,2508934.892029205,1051038.4099903908
28,22,1.4939431975783324,1.745737295511696,1.7091401197406206,1.4987368374167727,1.4583113784836563,0.44915560839906615,1.0,1.0,1.0,0.5,0.5,26,1674006.7568348504,844239.735407974
28,23,1.4933303907523956,1.737792855966195,1.7005351221639513,1.5055665077168654,1.4718154223160957,0.45074138634238203,1.0,1.0,1.0,0.5,0.5,27,2529376.773492487,601249.1132579704
28,24,1.494118402168338,1.738238427582969,1.7009487899829827,1.5105414554758423,1.4527815104810473,0.4516456605915871,1.0,1.0,1.0,0.5,0.5,28,2487999.489682014,617769.6164792383
28,25,1.488959162116913,1.7233892173693688,1.6852304622659044,1.5056944777462928,1.4779312128561801,0.4493386702233616,1.0,1.0,1.0,0.5,0.5,29,2485890.8994809217,595343.9172838238
28,26,1.488932601190762,1.7247479336976608,1.689723918863145,1.5127091876397785,1.4494752029518134,0.4493386702233616,1.0,1.0,1.0,0.5,0.5,31,2485909.7328893226,594625.8570523114
28,27,1.4872866861531544,1.717209290436244,1.6816673559348914,1.515932188388334,1.4657225059898624,0.4492704304970709,1.0,1.0,1.0,0.5,0.5,32,2487461.1227059783,508621.2067222425
28,28,2.037460746485043,2.262463776622688,2.2204614541088983,2.0709463652973206,2.0059054191559795,1.0,1.0,1.0,1.0,0.5,0.5,33,1763475.545293534,744438.8630365655
28,29,2.035669509735059,2.2539538645153296,2.2113614705338587,2.0783554610276105,2.009732711471288,1.0,1.0,1.0,1.0,0.5,0.5,35,1813957.5711304492,783621.7152053225
28,30,2.0336349503150353,2.2454011981341746,2.2052564634600174,2.082645192217748,2.0114672994701763,1.0,1.0,1.0,1.0,0.5,0.5,37,1899453.2623725585,859827.900607034
28,31,2.031651502052351,2.235168433722542,2.1943144245273065,2.081518682824279,2.0116345900994332,1.0,1.0,1.0,1.0,0.5,0.5,39,1855949.432596908,860975.8163421896
28,32,2.0301562251139282,2.2271965732811876,2.185789870004769,2.081783810676715,2.0090910951856777,1.0,1.0,1.0,1.0,0.5,0.5,41,2032326.593172665,1059549.870640483
28,33,2.027925006923522,2.2148279068014802,2.1725636506894914,2.0767626299686563,2.028239272957602,1.0,1.0,1.0,1.0,0.5,0.5,42,1972923.587399156,677032.316073728
28,34,2.027068358880998,2.2114104634925607,2.17195029346723,2.084628783049099,2.003740242406013,1.0,1.0,1.0,1.0,0.5,0.5,45,2003041.630224955,998506.7515844516
28,35,2.0269632518187777,2.209313330130386,2.16666701050642,2.086288361475992,2.0006955487630877,1.0,1.0,1.0,1.0,0.5,0.5,47,1923217.0597246129,680541.7438940548
28,36,2.026213204271775,2.206418720864593,2.166612339985574,2.0868331719138618,2.0100301122321658,1.0,1.0,1.0,1.0,0.5,0.5,48,1869964.393655668,844729.7928712298
28,37,2.0254747752731426,2.2020327845568666,2.1619223392952502,2.0920448316262146,2.0100473179628118,1.0,1.0,1.0,1.0,0.5,0.5,49,1813820.0526401624,1031248.3163477428
28,38,2.0250152926046994,2.1992465102729826,2.158942835582971,2.090329655409366,2.006341251969471,1.0,1.0,1.0,1.0,0.5,0.5,50,1892171.4883736004,965758.0952231316
28,39,2.024571755614523,2.1980218539557486,2.1606742009891473,2.0999183882570613,2.0061873013966256,1.0,1.0,1.0,1.0,0.5,0.5,51,1869971.185758074,1013434.7667638736
28,40,2.024261074480532,2.196108056716805,2.1586276667748434,2.1041098813440526,2.00218709845312,1.0,1.0,1.0,1.0,0.5,0.5,53,1817389.8744026597,1053054.7132019189
28,41,2.023565592796558,2.191772483494314,2.1539915431290106,2.1121806957193012,2.0099129570818133,1.0,1.0,1.0,1.0,0.5,0.5,54,1805057.4040288564,1058879.2661042216
28,42,2.023413727242962,2.1893318666443475,2.14834119800647,2.1026774265256547,2.0010937647015017,1.0,1.0,1.0,1.0,0.5,0.5,56,1843067.0398677103,1111400.998433695
28,43,2.0231851393865967,2.190852904283326,2.156048868621739,2.1278156822794427,2.001653911058999,1.0,1.0,1.0,1.0,0.5,0.5,58,1795824.547678716,1450348.6420801894
28,44,2.021825809409016,2.1939489658900606,2.183683428325678,2.235370211775263,2.00062722824718,1.0,1.0,1.0,1.0,0.5,0.5,90,2517690.240874628,598068.5232545015
28,45,2.021171591099655,2.191096386249356,2.1836736685665135,2.244137504367531,2.004957498284427,1.0,1.0,1.0,1.0,0.5,0.5,92,2449308.260644875,625719.7770405564
28,46,2.0207715582138794,2.182475965213963,2.1622936862292974,2.2187505933462512,2.0061468634433286,1.0,1.0,1.0,1.0,0.5,0.5,93,2447879.5071322243,493061.2595601804
28,47,2.0203050486049237,2.185235427495636,2.1774064749257502,2.240537643160227,2.0072523985285393,1.0,1.0,1.0,1.0,0.5,0.5,94,2479046.7729766387,661605.8734846051
28,48,2.0202139455680377,2.1801599879418454,2.162857847917561,2.226882611926863,2.0014265036115977,1.0,1.0,1.0,1.0,0.5,0.5,95,2444510.2472800827,487124.4623137562
28,49,2.0201009786692716,2.177899808620276,2.1574003175492367,2.224262399594514,2.0017746105676464,1.0,1.0,1.0,1.0,0.5,0.5,96,2421519.7753444053,498499.8742681628
28,50,2.0190572687053185,2.170614552830152,2.1496099666977972,2.2225619514871644,2.0166548531664663,1.0,1.0,1.0,1.0,0.5,0.5,97,2509690.600563476,520658.8340115373
28,51,2.0188635750164154,2.169238807257212,2.1481388615359958,2.2300412967387615,2.0010481762671244,1.0,1.0,1.0,1.0,0.5,0.5,100,2497098.892458457,522921.9069100311
28,52,2.0184495834080205,2.1662739070667016,2.144968447412751,2.236544023880727,2.0067783319828747,1.0,1.0,1.0,1.0,0.5,0.5,101,2481810.031011177,520039.8639398152
28,53,2.017616074093004,2.157236450699612,2.129223654799699,2.2295614343350083,2.013893392034367,1.0,1.0,1.0,1.0,0.5,0.5,102,2300347.2012782088,438292.268150208
28,54,2.0172880200344467,2.1562886101889953,2.1312505108004034,2.2394658451026883,2.0027803505041524,1.0,1.0,1.0,1.0,0.5,0.5,104,2391192.292718776,507086.1186160319
28,55,2.0161109569564246,2.1458768575463827,2.1170766426745864,2.234765801032712,2.0102021023804304,1.0,1.0,1.0,1.0,0.5,0.5,106,2204511.140650031,430866.7511396008
28,56,2.0153993925950653,2.1418068680755287,2.1157647882171933,2.2460066120498277,2.0063462379707593,1.0,1.0,1.0,1.0,0.5,0.5,108,2343873.913901435,439739.7190347077
28,57,2.0153473819905834,2.1413963545822075,2.1153258370977173,2.2511218609997266,2.00046973127868,1.0,1.0,1.0,1.0,0.5,0.5,110,2277140.239339488,461275.5292939132
28,58,2.0153232637649947,2.1412054096475384,2.115121516936356,2.254691190898242,2.0002174413857414,1.0,1.0,1.0,1.0,0.5,0.5,112,2372529.9586642478,415451.1447539087
28,59,2.013606277553368,2.128753408566362,2.1048471090085754,2.258208342903731,2.0319050525177884,1.0,1.0,1.0,1.0,0.5,0.5,113,2545678.2313763336,734939.1729899175
28,60,2.013604182394216,2.1287197124014208,2.1048110851820674,2.272268167398428,2.0000132293544945,1.0,1.0,1.0,1.0,0.5,0.5,116,2583897.4651804124,726654.607849651
28,61,2.0132723914293225,2.125944670172517,2.1018437216580166,2.2792200026492306,2.006374609957296,1.0,1.0,1.0,1.0,0.5,0.5,117,2472619.7471080814,709352.750114534
28,62,2.0120567023975466,2.115451394550207,2.090622934481864,2.2613045155871916,2.023971959071053,1.0,1.0,1.0,1.0,0.5,0.5,118,2530050.4857850927,691711.9425995274
28,63,2.0120431212036105,2.115330015891546,2.090493280445489,2.2668635442953393,2.0001369655571994,1.0,1.0,1.0,1.0,0.5,0.5,120,2463515.5107605234,703157.3945706562
28,64,2.0120302719129795,2.1152166083686783,2.0903720372584758,2.2752455981523116,2.000129425523345,1.0,1.0,1.0,1.0,0.5,0.5,122,2463098.433348478,703016.5540268589
28,65,2.011892696974108,2.1229094790572898,2.1168409801972103,2.3356362767018983,2.0006945749705207,1.0,1.0,1.0,1.0,0.5,0.5,126,2562743.048173506,859008.5162757986
28,66,2.0117913002765233,2.1220120016319086,2.115881429241349,2.328425689670772,2.000685922092881,1.0,1.0,1.0,1.0,0.5,0.5,129,2501526.2061165133,790859.1201080907
28,67,2.011760117104341,2.1202442211077126,2.1109510052155196,2.308505325207371,2.000316825053927,1.0,1.0,1.0,1.0,0.5,0.5,131,2559675.0978032234,785039.7033985374
28,68,2.0114973426127554,2.1178985332385496,2.1084425884150866,2.3214437918355593,2.0053707457083156,1.0,1.0,1.0,1.0,0.5,0.5,132,2474880.228307373,700016.5764800375
28,69,2.0111421628275163,2.116170608393316,2.109635104028717,2.3458634348801217,2.00733907159859,1.0,1.0,1.0,1.0,0.5,0.5,133,2405557.0198675725,765390.6473825375
28,70,2.011081835703836,2.1156187884018527,2.109045075011287,2.354763608935712,2.000627943143794,1.0,1.0,1.0,1.0,0.5,0.5,135,2409353.741396111,843122.1995286336
28,71,2.011080868217975,2.1185775290783413,2.1182901060639843,2.3875712071351085,2.00000398147737,1.0,1.0,1.0,1.0,0.5,0.5,140,2419477.6697143563,838623.1179719175
28,72,2.0109134855054904,2.11260207582869,2.102778992237421,2.371642610932965,2.000700044409605,1.0,1.0,1.0,1.0,0.5,0.5,145,2318178.4495183923,748857.5302025626
28,73,2.0104536820142735,2.1083534604512097,2.09823586402037,2.4055819397670204,2.0013936425053807,1.0,1.0,1.0,1.0,0.5,0.5,152,2113787.9928709413,666578.4639767358
28,74,2.010195951105884,2.1059345830624956,2.0956492897989887,2.409888386683149,2.0027581145392963,1.0,1.0,1.0,1.0,0.5,0.5,154,2134629.177064631,720281.5781020244
28,75,2.0098023558152454,2.102194308753974,2.091649692884977,2.4017943389007543,2.008936241634577,1.0,1.0,1.0,1.0,0.5,0.5,155,2120393.337417607,687090.1472583689
28,76,2.009793479551585,2.1035932430855833,2.0961859972053762,2.414715645637365,2.0001008711916164,1.0,1.0,1.0,1.0,0.5,0.5,157,2121138.2714248896,685997.5573227131
28,77,2.009678653927133,2.1024943133192604,2.0950108587239153,2.42134364411194,2.0004673308123015,1.0,1.0,1.0,1.0,0.5,0.5,161,2243753.496661037,638697.0915157391
29,0,0.8410116888601438,0.9569703596938794,0.9539878931377782,0.38899216842357015,0.0,0.0,0.0,0.0,1.0,0.5,0.5,1,8155229.062780835,10071715.71644378
29,1,0.9455650250104106,1.0615623742034574,1.0585785626543964,0.4965945023746896,0.10462746316500995,0.10451622887472689,9.05278592375e-05,9.437725105231e-05,1.0,0.5,0.5,3,8154967.029336924,10071244.972694425
29,2,1.290275419855983,1.4097145236421214,1.4098169136489256,0.8583108892798474,0.45397512453351907,0.1405810157958545,0.2997593520228148,0.3232741709861347,1.0,0.5,0.5,4,8145789.758423722,10034935.096342862
29,3,1.2118666478374975,1.3328328677088348,1.336077521070468,0.788751696650624,0.37377037821801823,0.11901223490925965,0.24204281430964408,0.2674323052829364,1.0,0.5,0.5,6,8137121.231403093,10101410.398935633
29,4,1.0940781804863684,1.215207084683077,1.2184468896124832,0.6746575600677487,0.2563478797520645,0.11292026702036725,0.13709905867236521,0.14944393995495958,1.0,0.5,0.5,7,8134166.455058468,10098051.999329587
29,5,1.819854435338235,2.0259475096775663,2.020020433786966,1.4867842967276852,1.2065199210818263,0.11145533262269822,1.0,1.0,1.0,0.5,0.5,8,7210166.184985918,8418258.028288795
29,6,1.7921791463873942,2.0039466448208776,1.997805356133962,1.4715812657731029,1.0995802950127553,0.09254436985872212,1.0,1.0,1.0,0.5,0.5,9,7269749.227559959,8281745.173696201
29,7,1.7388662068025496,1.9775031021226832,1.9702957250217212,1.45823318199151,1.1166519123685683,0.08148040902373015,1.0,1.0,1.0,0.5,0.5,10,7196211.355033475,7936756.906279561
29,8,1.7474571560039225,1.99025113696382,1.9828683994351608,1.4740537857157467,1.102527736769919,0.09675891715467791,1.0,1.0,1.0,0.5,0.5,11,7387720.062473746,7855610.096930421
29,9,1.748717452926407,2.0408960550399744,2.0311942690829974,1.5409362085472167,1.2575394096538421,0.1808597791256308,1.0,1.0,1.0,0.5,0.5,12,5275637.651785858,6788897.633052348
29,10,1.640180066910025,1.9835866256688959,1.9739325023927303,1.515513493836834,1.2176698250059106,0.16671948493704414,1.0,1.0,1.0,0.5,0.5,14,4746741.508063351,5463518.537639757
29,11,1.1953278513938068,1.5366458015052507,1.5002812228433893,1.215809795442663,1.986200535916931,0.10511785796408095,1.0,1.0,1.0,0.5,0.5,15,1415538.3640169972,651657.9448495838
29,12,1.1574511032982213,1.4871604909866707,1.4494332243063885,1.1800635699842272,1.1205965080342388,0.07529190458064568,1.0,1.0,1.0,0.5,0.5,16,1246460.0795501245,544310.7140230837
29,13,1.1727833483111096,1.5010047963339384,1.463111572593704,1.194826292514225,1.096857916791183,0.09153008693618649,1.0,1.0,1.0,0.5,0.5,17,1306007.9823503075,527399.829383879
29,14,1.1626474627276306,1.4716321789986806,1.4406060118093582,1.2052773326310149,1.1790348670439754,0.09468079060798765,1.0,1.0,1.0,0.5,0.5,18,1408292.697126327,265562.19260283414
29,15,1.1620048944715604,1.4665307873298885,1.4290631631450688,1.192764627396583,1.0973335408724676,0.0947816520169597,1.0,1.0,1.0,0.5,0.5,20,1455697.5249728083,261722.05756286625
29,16,1.1577585778225215,1.462076596953803,1.424587390992224,1.1930303200999595,1.0913547081747137,0.09063906058549584,1.0,1.0,1.0,0.5,0.5,21,1401705.428880679,311691.8977225173
29,17,1.1616323523481056,1.4652004324683001,1.4276337043585898,1.1965146110846507,1.097425902706366,0.09488066673273468,1.0,1.0,1.0,0.5,0.5,22,1506353.7450053357,260893.14203936444
29,18,1.1102846893571525,1.4090614482269803,1.3799814806705037,1.1639060515102082,1.0790086627428934,0.04790051751716518,1.0,1.0,1.0,0.5,0.5,23,967764.1719199212,1035051.6667280542
29,19,1.1078836071384597,1.3941434373334354,1.3578257123568922,1.1381121116859365,1.0653486641540688,0.04967044172987923,1.0,1.0,1.0,0.5,0.5,25,937921.978656832,1000858.4685190018
29,20,1.10633125910432,1.3879797532690619,1.3512104981533402,1.136989108474899,1.0649171651915814,0.05002171187857687,1.0,1.0,1.0,0.5,0.5,26,1060745.8485662702,357354.8842795859
29,21,1.108594275269184,1.3881527745375253,1.3511803226306465,1.1512199222590844,1.0564760794921406,0.053125212523900386,1.0,1.0,1.0,0.5,0.5,28,1062908.5838850248,393937.24248004536
29,22,1.1077685641090884,1.375835017039901,1.3347589629469097,1.1505575920970046,1.087813448943764,0.05614283331826457,1.0,1.0,1.0,0.5,0.5,29,1140284.647149027,248761.01349802664
29,23,1.0958186890525248,1.3611502597988525,1.3288268455095604,1.165659742263291,1.0691355330119294,0.04678170781364126,1.0,1.0,1.0,0.5,0.5,30,1359830.4041975655,289959.3802118292
29,24,1.0924228051784624,1.348852630430517,1.3157022326304262,1.137334853954258,1.0600462539496904,0.04641143386158383,1.0,1.0,1.0,0.5,0.5,32,1227617.0120515197,235078.65225793252
29,25,1.0847899924232003,1.3261974174321274,1.2946899071741167,1.144812294973116,1.0686667133249732,0.04391884652633826,1.0,1.0,1.0,0.5,0.5,34,1066099.848167498,338656.76042607694
29,26,1.085689212346078,1.3127451645950785,1.2769506916561293,1.149746955850982,1.0673134165089346,0.048450925334915754,1.0,1.0,1.0,0.5,0.5,36,1161847.306916923,289470.14722332946
29,27,1.0848224886401663,1.2937376904407862,1.2533481526055639,1.1400721349690484,1.075803645281173,0.051866256165337035,1.0,1.0,1.0,0.5,0.5,38,1325291.3196165047,365583.13283080095
29,28,1.0779487858519483,1.279222659603622,1.2321446926455424,1.1121476674116773,1.0593739285170876,0.046116938429604196,1.0,1.0,1.0,0.5,0.5,39,1266833.5308372646,357703.00057758385
29,29,1.0847755797949077,1.2875731715036658,1.2466581852080143,1.1464296759165316,1.0573669646210222,0.05328482363750255,1.0,1.0,1.0,0.5,0.5,40,1313916.3077929136,306683.98926051386
29,30,1.087381096035831,1.2808262471620961,1.2360971586846925,1.129030165279798,1.0687589688325803,0.057697489405637535,1.0,1.0,1.0,0.5,0.5,42,1381966.576949959,289826.56624295894
29,31,1.0867574545037977,1.2763076281170498,1.2312487438445152,1.1362204697649607,1.0606578686514645,0.05793763842880091,1.0,1.0,1.0,0.5,0.5,46,1368070.279212763,286221.4348033889
29,32,1.0770665916835518,1.2646775087450213,1.2194549817002567,1.130438245654698,1.054070020619772,0.04866951152187518,1.0,1.0,1.0,0.5,0.5,47,1238315.8949368617,245235.85337468525
29,33,1.0853605155859367,1.27138053762009,1.22602398120695,1.1378875366792562,1.0617281089342585,0.057306627799723245,1.0,1.0,1.0,0.5,0.5,48,1334063.6993743498,262887.15515738545
29,34,1.081866218364556,1.2669533602594187,1.2275555524489983,1.1644033098054587,1.0557221603942817,0.054640709124872414,1.0,1.0,1.0,0.5,0.5,58,1342026.0467691692,272387.41793516884
29,35,1.092007263356706,1.287809660905743,1.270436699095732,1.2831580785180001,1.0648300668167687,0.064803731105362,1.0,1.0,1.0,0.5,0.5,69,1296352.5807153357,484329.2649007651
29,36,1.0918790087877621,1.288219028521753,1.2739106807831366,1.306919044193873,1.0661300720849585,0.06486671663874606,1.0,1.0,1.0,0.5,0.5,71,1313271.0428878386,476142.1680121613
29,37,1.0914561125861235,1.287260678607999,1.2759272711313219,1.3028166086002844,1.0702702504303545,0.06485113469464966,1.0,1.0,1.0,0.5,0.5,72,1335393.855820343,463007.2816600897
29,38,1.0848021253134132,1.248723396669254,1.2347662884928103,1.2910079770722853,1.1070760293455255,0.06416442874293034,1.0,1.0,1.0,0.5,0.5,74,1211339.496230216,392546.0265848937
29,39,1.0843189340041048,1.244468132626559,1.2332281113809733,1.2997880867633587,1.0680858460965545,0.0645759023824756,1.0,1.0,1.0,0.5,0.5,78,1280796.2083497178,360730.6703063536
29,40,1.084981898210516,1.2426728141232877,1.231233949351402,1.2995820890855452,1.0722213553347102,0.06565019276455675,1.0,1.0,1.0,0.5,0.5,79,1394196.0231215567,305881.7035414633
29,41,1.0447248943486862,1.177313747661376,1.1638647396098647,1.2392688750078298,1.0955517137544781,0.02929011831629174,1.0,1.0,1.0,0.5,0.5,80,1107997.694594048,332731.6053326587
29,42,1.087567692924555,1.2109930394328454,1.1998451569591495,1.313588950121471,1.0776082556205777,0.07363877534621803,1.0,1.0,1.0,0.5,0.5,87,944011.3352755392,318786.3153086609
29,43,1.0768578124140449,1.1858233913931215,1.173540046599658,1.3195381728297395,1.0835709568836798,0.06484727508990237,1.0,1.0,1.0,0.5,0.5,89,973193.3363325048,318544.0275935385
29,44,1.0760267264034753,1.1823483843447287,1.1728862298683778,1.3295579934537454,1.075171184422795,0.06453862057296109,1.0,1.0,1.0,0.5,0.5,90,1039428.6562715814,313206.4560179824
29,45,1.0758186315900082,1.1783564604777528,1.1685994251297656,1.3334662778915984,1.069662382742687,0.0648000223000704,1.0,1.0,1.0,0.5,0.5,92,1081380.2955380396,292210.39052765653
29,46,1.0755373627697455,1.1766355529363257,1.1697945168731425,1.3416638138883874,1.0686257486540214,0.06487551890682237,1.0,1.0,1.0,0.5,0.5,94,1094062.8297655904,278918.09590073145
29,47,1.074965446241258,1.1723253806781586,1.1621659580206272,1.3390645615695185,1.0674630347693377,0.06457519027671052,1.0,1.0,1.0,0.5,0.5,96,1160949.4164567478,275350.2839017993
29,48,1.077756519904662,1.177187457458091,1.173245057366372,1.361785668066764,1.0686214915921721,0.06747346905681809,1.0,1.0,1.0,0.5,0.5,98,1196054.987736512,225401.37507919077
29,49,1.0813114114848508,1.1846479446937068,1.1900931649073159,1.420241582924995,1.0712520387138535,0.07109440511085804,1.0,1.0,1.0,0.5,0.5,107,1051764.2552466388,230069.2987124581
29,50,1.0881652380704279,1.1904473487250675,1.1988391958559088,1.4449323129947955,1.0804049294427531,0.07824745292955185,1.0,1.0,1.0,0.5,0.5,110,1049254.7091877998,235521.86560815512
29,51,1.086780194990924,1.1875790443161924,1.195856206061476,1.4394898771342906,1.0808257130889651,0.07703605779248433,1.0,1.0,1.0,0.5,0.5,111,1041325.6869968076,230693.51883666424
29,52,1.0870585006035978,1.183100446856788,1.1879810221031177,1.4507610943757814,1.0797808959316495,0.07769304572966931,1.0,1.0,1.0,0.5,0.5,115,1023172.7574157516,235551.25787520385
29,53,1.0844490803963118,1.1791901324360703,1.1839702320168586,1.4525080578019591,1.076889627651462,0.07523239105015074,1.0,1.0,1.0,0.5,0.5,117,1078879.4630332668,197288.28879995644
29,54,1.084440523194428,1.1791496703969826,1.1839273495947245,1.462041648746847,1.075267633116138,0.07522743679777578,1.0,1.0,1.0,0.5,0.5,119,1078429.7550396442,197134.29433255488
29,55,1.085959188933399,1.183066652729635,1.1940868555289499,1.462631167556806,1.0782639461092745,0.07681105028930794,1.0,1.0,1.0,0.5,0.5,120,1030859.0165888586,235353.74318230827
29,56,1.0841884487698898,1.1734580158746217,1.1687293142810629,1.4515394847468446,1.0761496988727581,0.07508767835499275,1.0,1.0,1.0,0.5,0.5,121,1054529.0435748207,203358.20264867405
29,57,1.0577776870498206,1.1535175863754277,1.1674613564792398,1.5162802365239054,1.0492812619131044,0.04895114007443336,1.0,1.0,1.0,0.5,0.5,142,1955671.0814248049,231085.0154836517
29,58,1.0828105104947878,1.1746379912963185,1.1882803582973414,1.5792687303710347,1.083638419025914,0.07441943724585846,1.0,1.0,1.0,0.5,0.5,143,1015565.85083295,236736.7633336848
29,59,1.082996846573466,1.1771697519142525,1.1970507471516816,1.6039026083772197,1.0752073835715121,0.07467471394628349,1.0,1.0,1.0,0.5,0.5,146,1026399.399512964,237086.93193930536
29,60,1.0610082131029208,1.149897047408337,1.178461347769845,1.6212058391621,1.0559490164880665,0.05372964196231204,1.0,1.0,1.0,0.5,0.5,157,3056234.707046513,278563.55411365273
29,61,1.0596043976176308,1.1447716211468868,1.176081001539562,1.6352025803773156,1.0662203610073901,0.05286261383590603,1.0,1.0,1.0,0.5,0.5,158,1635868.1949644487,837264.7234962106
29,62,1.0638627302234793,1.138334470198794,1.1657985644484052,1.6125460955406703,1.0638165959183252,0.05803868308899024,1.0,1.0,1.0,0.5,0.5,162,2301743.901261768,180663.79206713897
29,63,1.0568337977375493,1.1200700583378713,1.128496277082745,1.5987752071537884,1.0520738887591556,0.05123603984918414,1.0,1.0,1.0,0.5,0.5,169,2635775.07182954,324909.1184335039
29,64,1.07698843025746,1.1390457229410451,1.1534439909799719,1.6410504627321512,1.0738688116915194,0.07178781539317655,1.0,1.0,1.0,0.5,0.5,174,1881628.805045325,478414.8890533389
29,65,1.0604468052587661,1.1186949028960838,1.135835094518999,1.647772167371866,1.0576284878407285,0.05574032170318146,1.0,1.0,1.0,0.5,0.5,181,1507185.8284218966,734093.2124417406
29,66,1.0566512491329303,1.1172508091725915,1.1406313497230727,1.646041445313215,1.0527714915500255,0.05200162784446967,1.0,1.0,1.0,0.5,0.5,183,1112043.8406453277,234301.28938370835
29,70,1.070844576695957,1.1296587131468745,1.1559353870842823,1.699587209792322,1.0684878504080313,0.06649362150417558,1.0,1.0,1.0,0.5,0.5,189,1550937.531795182,477773.29941063817
30,0,0.7076350170977438,0.9142019552471451,0.9082546932142697,0.3627267938565775,0.0,0.0,0.0,0.0,1.0,0.5,0.5,1,14366018.178720634,10119249.78243846
30,1,0.8020913347116739,1.0086867962051107,1.002738554357485,0.4602211129470124,0.09451637333539203,0.0944054492132452,9.171554252196e-05,9.605389525586e-05,1.0,0.5,0.5,3,14366757.670286262,10119739.730657823
30,2,1.112776266824629,1.3220383163505927,1.3191889180752483,0.7870658541940275,0.40845916170762187,0.12727964318096058,0.2689241129929652,0.2905240801200541,1.0,0.5,0.5,4,14316427.86083613,10093900.140771318
30,3,0.8441959619560703,1.053634585140729,1.0507787439818672,0.5218108861089635,0.1389116157881991,0.10025269559638814,0.03461426182638206,0.04226949734895271,1.0,0.5,0.5,5,14313202.621485274,10090125.251177214
30,4,1.8332147575300293,2.0436172186240786,2.040725255204055,1.508882260082562,1.1303886138071038,0.12919786876440698,1.0,1.0,1.0,0.5,0.5,6,14167157.729828663,10054835.27851125
30,5,1.8070698928719247,2.0245531220708535,2.01819227413417,1.484183287107916,1.1270657230020915,0.11631792428885823,1.0,1.0,1.0,0.5,0.5,7,14004537.309576057,9881377.387779493
30,6,1.7235592284738017,1.9845085454656601,1.9763278231935164,1.4614287617823902,1.1625568387949976,0.10252809503851575,1.0,1.0,1.0,0.5,0.5,8,11711599.260855554,8700108.932649363
30,7,1.721141279001552,1.9838097063363866,1.9787612991378676,1.4727244319031656,1.100677277996952,0.10050025017799591,1.0,1.0,1.0,0.5,0.5,10,11667913.972344812,8664937.02553744
30,8,1.6411559428045261,1.9492003972663376,1.9386139553206068,1.4412964219172344,1.1809958001145544,0.10192590975602048,1.0,1.0,1.0,0.5,0.5,11,9416324.610404706,7119591.20874378
30,9,1.637918191661067,1.958425575786536,1.9503265039038946,1.468533156610483,1.129962955299424,0.11912693428546975,1.0,1.0,1.0,0.5,0.5,13,8885672.449396819,6811783.901858091
30,10,1.6360622962782185,1.9739274054594467,1.971168702179414,1.4827884784381578,1.1764413572139372,0.145316607758902,1.0,1.0,1.0,0.5,0.5,14,7173016.173410805,6231185.538328772
30,11,1.49993148188276,1.864541456893791,1.8564245816298177,1.3874950008646965,1.1423969710367308,0.06936268968066668,1.0,1.0,1.0,0.5,0.5,15,5984126.415506787,5322504.895305337
30,12,2.205066463391255,2.6147024701100525,2.5879947820994906,2.2054059468775007,2.405905013614234,1.0,1.0,1.0,1.0,0.5,0.5,16,2857726.9915356217,2229783.368934531
30,13,1.584971193494373,1.9689983267107782,1.9414847353822458,1.628613186007654,1.570604221712636,0.45364809312026705,1.0,1.0,1.0,0.5,0.5,18,1780341.2264903542,1115504.0924439612
30,14,1.8732071737886993,2.214952866103073,2.181605649484826,1.9092266495128807,1.9761798419058239,0.7837589856164859,1.0,1.0,1.0,0.5,0.5,19,1613304.4284295945,553522.7250417379
30,15,1.8732377324047547,2.2149763860286726,2.1816284754262494,1.9092549274596406,1.7838235473997375,0.7837948245701287,1.0,1.0,1.0,0.5,0.5,20,1611695.338754868,553808.0414564471
30,16,1.8802782124453206,2.219890393453631,2.1862898889598106,1.9155751506954666,1.800682750559857,0.7923523657010348,1.0,1.0,1.0,0.5,0.5,21,1546777.9601728464,543296.1701796791
30,17,1.9196933617255154,2.25482796571642,2.220702571944909,1.9601924967027191,1.852219551454974,0.8348596183720037,1.0,1.0,1.0,0.5,0.5,22,1761473.622063231,418025.70142152766
30,18,1.180928517196633,1.5029227435184374,1.4673180300872932,1.2255734914375633,1.1286724731432878,0.10429783690753966,1.0,1.0,1.0,0.5,0.5,24,1637497.9954810953,1886283.873042851
30,19,1.6076133144033609,1.9270927611343436,1.8941950162421575,1.674216945927144,1.5353443508776794,0.53328205821785,1.0,1.0,1.0,0.5,0.5,31,1553980.573195516,1759443.2212642354
30,20,1.6075791989631543,1.926996745189252,1.8940924197582554,1.6741577247145707,1.5333543220098718,0.5332820582266242,1.0,1.0,1.0,0.5,0.5,34,1554213.7786423168,1757359.1546661693
30,21,1.1174391578960523,1.4352919639609563,1.4052026382757419,1.1898064519065252,1.0502285912055362,0.04482551483383171,1.0,1.0,1.0,0.5,0.5,36,1464460.1592171611,422722.1762762489
30,22,1.147744609342244,1.4190073711309,1.381237233684957,1.2026057593558246,1.2451824671444545,0.09548759293137651,1.0,1.0,1.0,0.5,0.5,37,1354515.2447102282,1160371.3755317065
30,23,1.1473531206534637,1.4175714271596274,1.3797018043828824,1.2040627383588174,1.0987820658699936,0.09548754037584284,1.0,1.0,1.0,0.5,0.5,38,1298370.2787750117,1106753.1395087158
30,24,1.146737505748566,1.4165894919213258,1.3816871486653461,1.2106293217755097,1.101372700215531,0.09555743273781642,1.0,1.0,1.0,0.5,0.5,39,1223705.9176223257,1017161.1356824116
30,25,1.146052716631945,1.4151373559357456,1.3801620665071324,1.2071784437110282,1.0963648140319098,0.09515567505509448,1.0,1.0,1.0,0.5,0.5,41,1158340.6117721146,990350.534155132
30,26,1.1374793121012912,1.4019224547483762,1.3665100590496735,1.1988050516921154,1.1027030896318928,0.08824956552325022,1.0,1.0,1.0,0.5,0.5,42,1211748.102935295,746868.0098442109
30,27,1.13131147821399,1.3955744907825292,1.3661546803660989,1.2149013977806906,1.0880345018439639,0.08317879490599775,1.0,1.0,1.0,0.5,0.5,44,1284234.3239659288,637505.6976137073
30,28,1.131269348201852,1.3968908151613784,1.3706029088111151,1.2231119266418367,1.0833669208277588,0.08317879490599775,1.0,1.0,1.0,0.5,0.5,46,1284363.5361259056,637115.9624128368
30,29,1.1203561082443716,1.3617054382767202,1.3241716857921328,1.1800183046456834,1.1085814048219973,0.07863518865697958,1.0,1.0,1.0,0.5,0.5,48,1438387.631448811,768742.5152715674
30,30,1.1261711813540407,1.361423154117729,1.3293639955670757,1.230825844858385,1.096071564126929,0.08710376230089718,1.0,1.0,1.0,0.5,0.5,51,1573520.2618749042,1123655.420890198
30,31,1.101116995344512,1.3252400886397933,1.2922005780394257,1.189273003840806,1.0972401413897988,0.06506511496265756,1.0,1.0,1.0,0.5,0.5,52,1170219.6286980682,476006.03931433376
30,32,1.1005463193701335,1.3216464905131464,1.2853290162445046,1.1734599314332868,1.0693211940101697,0.06489620663201504,1.0,1.0,1.0,0.5,0.5,53,1197235.5249697587,476211.8046522844
30,33,1.1420207132379776,1.3408084646039415,1.3086011459581077,1.2531135155684248,1.1844758271903333,0.11249267139259558,1.0,1.0,1.0,0.5,0.5,54,1441130.758439371,2477168.649784665
30,34,1.1081652489165301,1.3038814061052937,1.2714138404930218,1.215003136309854,1.087953169947567,0.07932146714970092,1.0,1.0,1.0,0.5,0.5,55,1446111.7014005391,2392761.086579372
30,35,1.1295885216619026,1.322795235340005,1.293134937050838,1.2273550020641761,1.1125152909725151,0.10159585476972088,1.0,1.0,1.0,0.5,0.5,56,1688071.1642330475,2317553.6628030315
30,36,1.1332474015142109,1.3101591560798638,1.2761179493415036,1.2647591466322234,1.1141429391889992,0.10830246115914391,1.0,1.0,1.0,0.5,0.5,63,848868.6112845535,1412382.9613748032
30,37,1.1139274989394299,1.2895655117171005,1.255418265856819,1.247339899934496,1.091775398938684,0.08923710092244352,1.0,1.0,1.0,0.5,0.5,64,882971.1274506372,1023958.4982350516
30,38,1.1097409308890334,1.2847434487962999,1.253564576032993,1.249479653667127,1.0918722674515289,0.08545201030339529,1.0,1.0,1.0,0.5,0.5,65,919820.6707504764,1130498.2648275883
30,39,1.074550422603698,1.2359798152695438,1.2006628249886626,1.2054287810284419,1.0608117139543314,0.0525266612722729,1.0,1.0,1.0,0.5,0.5,69,904940.233574472,1572597.0622832663
30,40,1.0744845928377655,1.2384790561216472,1.2094159256918948,1.2206269312659184,1.0530521011936278,0.052530574296923704,1.0,1.0,1.0,0.5,0.5,71,903919.2212255808,1572881.105636105
30,41,1.076440985970759,1.241715993253238,1.2157796641868184,1.2447057658483929,1.0547953050723096,0.05452328959615339,1.0,1.0,1.0,0.5,0.5,73,902162.301533392,1485232.664291416
30,42,1.075994438420932,1.2395750107969903,1.21349996262524,1.2544389202904527,1.0566978220662082,0.05438414919692238,1.0,1.0,1.0,0.5,0.5,75,895772.7419243717,1476775.2898480378
30,43,1.073623990035022,1.2381145560644662,1.2151357456389895,1.2618839108537143,1.052886981865883,0.052115711154507374,1.0,1.0,1.0,0.5,0.5,77,897049.9998372608,1585939.79685553
30,44,1.073476246861357,1.2333220075339362,1.2069423759183842,1.2506284017069627,1.056775712026629,0.05252505337738748,1.0,1.0,1.0,0.5,0.5,79,881997.3167288059,1535523.1847449902
30,45,1.072880628703799,1.229312264531964,1.2026549538089886,1.250895618644642,1.0555806845375737,0.052521530759928325,1.0,1.0,1.0,0.5,0.5,82,881169.7716154204,1499328.5323279174
30,46,1.081083504622622,1.2301512674874138,1.2028977282438142,1.2687061102311012,1.081639926601618,0.061962838533060005,1.0,1.0,1.0,0.5,0.5,83,785973.594221755,1405268.6987645912
30,47,1.0703982025395637,1.2205600551681233,1.2054893073454345,1.281303364463093,1.0584999557728152,0.052065099810106985,1.0,1.0,1.0,0.5,0.5,85,831931.856321386,1447421.5972474443
30,48,1.0740446872623086,1.2240205651830396,1.2089349059900258,1.3019941450092216,1.0558667447136676,0.05574191746448739,1.0,1.0,1.0,0.5,0.5,89,823709.7372986965,1267888.973846105
30,49,1.0649772716976897,1.1745070258463448,1.1562132478098885,1.2867182180677306,1.1581155223791506,0.05251096648602116,1.0,1.0,1.0,0.5,0.5,90,698300.4193819383,1446111.7369443283
30,50,1.0792208616213808,1.1881309524841621,1.172815901125631,1.2997739371143282,1.0724591689854674,0.06702693568390646,1.0,1.0,1.0,0.5,0.5,91,671150.5127407198,1465544.1962088384
30,51,1.0789846010977406,1.1828193041977766,1.164080160741218,1.295402081404673,1.0765080073658186,0.06724906725938848,1.0,1.0,1.0,0.5,0.5,92,653808.062395533,1448336.6081502398
30,52,1.0789841506583078,1.184298129918449,1.1687020231485303,1.3032993606139804,1.067251363744495,0.067249247290525,1.0,1.0,1.0,0.5,0.5,98,653800.7058475708,1448350.7350754451
30,53,1.0839225264082848,1.1874764477599014,1.1687152751468821,1.2977724152065973,1.0729336047093434,0.07222251998273942,1.0,1.0,1.0,0.5,0.5,99,648049.976187084,1451864.6097500955
30,54,1.063120460206409,1.1615646348985074,1.148461373738856,1.331959755669284,1.0543075370934,0.052420582706408723,1.0,1.0,1.0,0.5,0.5,110,650408.2257847826,1446460.9914053509
30,55,1.1015331682163256,1.2005417886780827,1.2026229991346766,1.5215563128386924,1.0920295672984188,0.09165136353393208,1.0,1.0,1.0,0.5,0.5,158,1609164.9758323664,2012294.8190468373
30,56,1.1012268575196043,1.1976116837346964,1.1994900042706864,1.5197578222659238,1.0983919873600299,0.09165101331869724,1.0,1.0,1.0,0.5,0.5,159,1599381.6465319856,1998550.9336198207
