Dataset,Run,Method,Weight,Metric,Test_Metric,Spearman
584_fri_c4_500_25,1,SVP,w0.1_0.7_0.4,MSE_Train,MSE_Test_Interpolation,0.943632439099599
584_fri_c4_500_25,1,SVP,w0.1_0.7_0.4,AIC_Train,MSE_Test_Interpolation,0.9504162812210916
584_fri_c4_500_25,1,SVP,w0.1_0.7_0.4,BIC_Train,MSE_Test_Interpolation,0.9294480419364785
584_fri_c4_500_25,1,SVP,w0.1_0.7_0.4,MDL_Train,MSE_Test_Interpolation,0.2146777674992291
584_fri_c4_500_25,1,SVP,w0.1_0.7_0.4,PSM_Train,MSE_Test_Interpolation,0.4243601603453592
584_fri_c4_500_25,1,SVP,w0.1_0.7_0.4,MSE_Train,MSE_Test_Extrapolation,0.8507554733271661
584_fri_c4_500_25,1,SVP,w0.1_0.7_0.4,AIC_Train,MSE_Test_Extrapolation,0.8490286771507862
584_fri_c4_500_25,1,SVP,w0.1_0.7_0.4,BIC_Train,MSE_Test_Extrapolation,0.8329941412272587
584_fri_c4_500_25,1,SVP,w0.1_0.7_0.4,MDL_Train,MSE_Test_Extrapolation,0.35245143385753924
584_fri_c4_500_25,1,SVP,w0.1_0.7_0.4,PSM_Train,MSE_Test_Extrapolation,0.3374036386062288
584_fri_c4_500_25,2,SVP,w0.1_0.7_0.4,MSE_Train,MSE_Test_Interpolation,0.9843551797040168
584_fri_c4_500_25,2,SVP,w0.1_0.7_0.4,AIC_Train,MSE_Test_Interpolation,0.9866102889358702
584_fri_c4_500_25,2,SVP,w0.1_0.7_0.4,BIC_Train,MSE_Test_Interpolation,0.9795630725863282
584_fri_c4_500_25,2,SVP,w0.1_0.7_0.4,MDL_Train,MSE_Test_Interpolation,0.028893587033121913
584_fri_c4_500_25,2,SVP,w0.1_0.7_0.4,PSM_Train,MSE_Test_Interpolation,0.1361522198731501
584_fri_c4_500_25,2,SVP,w0.1_0.7_0.4,MSE_Train,MSE_Test_Extrapolation,0.9244538407329104
584_fri_c4_500_25,2,SVP,w0.1_0.7_0.4,AIC_Train,MSE_Test_Extrapolation,0.9268498942917546
584_fri_c4_500_25,2,SVP,w0.1_0.7_0.4,BIC_Train,MSE_Test_Extrapolation,0.9264270613107822
584_fri_c4_500_25,2,SVP,w0.1_0.7_0.4,MDL_Train,MSE_Test_Extrapolation,0.012544045102184638
584_fri_c4_500_25,2,SVP,w0.1_0.7_0.4,PSM_Train,MSE_Test_Extrapolation,0.026638477801268497
584_fri_c4_500_25,3,SVP,w0.1_0.7_0.4,MSE_Train,MSE_Test_Interpolation,0.9627594627594628
584_fri_c4_500_25,3,SVP,w0.1_0.7_0.4,AIC_Train,MSE_Test_Interpolation,0.9645909645909645
584_fri_c4_500_25,3,SVP,w0.1_0.7_0.4,BIC_Train,MSE_Test_Interpolation,0.9706959706959707
584_fri_c4_500_25,3,SVP,w0.1_0.7_0.4,MDL_Train,MSE_Test_Interpolation,0.9358974358974359
584_fri_c4_500_25,3,SVP,w0.1_0.7_0.4,PSM_Train,MSE_Test_Interpolation,0.10744810744810745
584_fri_c4_500_25,3,SVP,w0.1_0.7_0.4,MSE_Train,MSE_Test_Extrapolation,0.9597069597069596
584_fri_c4_500_25,3,SVP,w0.1_0.7_0.4,AIC_Train,MSE_Test_Extrapolation,0.9584859584859584
584_fri_c4_500_25,3,SVP,w0.1_0.7_0.4,BIC_Train,MSE_Test_Extrapolation,0.9645909645909645
584_fri_c4_500_25,3,SVP,w0.1_0.7_0.4,MDL_Train,MSE_Test_Extrapolation,0.9310134310134309
584_fri_c4_500_25,3,SVP,w0.1_0.7_0.4,PSM_Train,MSE_Test_Extrapolation,0.11965811965811966
584_fri_c4_500_25,4,SVP,w0.1_0.7_0.4,MSE_Train,MSE_Test_Interpolation,0.9172776014881278
584_fri_c4_500_25,4,SVP,w0.1_0.7_0.4,AIC_Train,MSE_Test_Interpolation,0.9039282197176933
584_fri_c4_500_25,4,SVP,w0.1_0.7_0.4,BIC_Train,MSE_Test_Interpolation,0.8820439873071452
584_fri_c4_500_25,4,SVP,w0.1_0.7_0.4,MDL_Train,MSE_Test_Interpolation,-0.29007550060181636
584_fri_c4_500_25,4,SVP,w0.1_0.7_0.4,PSM_Train,MSE_Test_Interpolation,0.5550935550935551
584_fri_c4_500_25,4,SVP,w0.1_0.7_0.4,MSE_Train,MSE_Test_Extrapolation,0.8389320494583653
584_fri_c4_500_25,4,SVP,w0.1_0.7_0.4,AIC_Train,MSE_Test_Extrapolation,0.8325856220593063
584_fri_c4_500_25,4,SVP,w0.1_0.7_0.4,BIC_Train,MSE_Test_Extrapolation,0.8752598752598751
584_fri_c4_500_25,4,SVP,w0.1_0.7_0.4,MDL_Train,MSE_Test_Extrapolation,-0.18415581573476308
584_fri_c4_500_25,4,SVP,w0.1_0.7_0.4,PSM_Train,MSE_Test_Extrapolation,0.4918481234270708
584_fri_c4_500_25,5,SVP,w0.1_0.7_0.4,MSE_Train,MSE_Test_Interpolation,0.9951381573616402
584_fri_c4_500_25,5,SVP,w0.1_0.7_0.4,AIC_Train,MSE_Test_Interpolation,0.9956243416254761
584_fri_c4_500_25,5,SVP,w0.1_0.7_0.4,BIC_Train,MSE_Test_Interpolation,0.9964346487318695
584_fri_c4_500_25,5,SVP,w0.1_0.7_0.4,MDL_Train,MSE_Test_Interpolation,0.9361478000162063
584_fri_c4_500_25,5,SVP,w0.1_0.7_0.4,PSM_Train,MSE_Test_Interpolation,0.19001701644923427
584_fri_c4_500_25,5,SVP,w0.1_0.7_0.4,MSE_Train,MSE_Test_Extrapolation,0.9965967101531482
584_fri_c4_500_25,5,SVP,w0.1_0.7_0.4,AIC_Train,MSE_Test_Extrapolation,0.9944899116765256
584_fri_c4_500_25,5,SVP,w0.1_0.7_0.4,BIC_Train,MSE_Test_Extrapolation,0.9941657888339681
584_fri_c4_500_25,5,SVP,w0.1_0.7_0.4,MDL_Train,MSE_Test_Extrapolation,0.9316100802204037
584_fri_c4_500_25,5,SVP,w0.1_0.7_0.4,PSM_Train,MSE_Test_Extrapolation,0.2101126326877887
584_fri_c4_500_25,6,SVP,w0.1_0.7_0.4,MSE_Train,MSE_Test_Interpolation,0.9721102150537635
584_fri_c4_500_25,6,SVP,w0.1_0.7_0.4,AIC_Train,MSE_Test_Interpolation,0.9724942396313364
584_fri_c4_500_25,6,SVP,w0.1_0.7_0.4,BIC_Train,MSE_Test_Interpolation,0.9604454685099846
584_fri_c4_500_25,6,SVP,w0.1_0.7_0.4,MDL_Train,MSE_Test_Interpolation,-0.39530529953917054
584_fri_c4_500_25,6,SVP,w0.1_0.7_0.4,PSM_Train,MSE_Test_Interpolation,0.48401497695852536
584_fri_c4_500_25,6,SVP,w0.1_0.7_0.4,MSE_Train,MSE_Test_Extrapolation,0.9568932411674348
584_fri_c4_500_25,6,SVP,w0.1_0.7_0.4,AIC_Train,MSE_Test_Extrapolation,0.9561731950844855
584_fri_c4_500_25,6,SVP,w0.1_0.7_0.4,BIC_Train,MSE_Test_Extrapolation,0.9539650537634408
584_fri_c4_500_25,6,SVP,w0.1_0.7_0.4,MDL_Train,MSE_Test_Extrapolation,-0.39650537634408606
584_fri_c4_500_25,6,SVP,w0.1_0.7_0.4,PSM_Train,MSE_Test_Extrapolation,0.4654857910906298
584_fri_c4_500_25,7,SVP,w0.1_0.7_0.4,MSE_Train,MSE_Test_Interpolation,0.8445938047925191
584_fri_c4_500_25,7,SVP,w0.1_0.7_0.4,AIC_Train,MSE_Test_Interpolation,0.8278784336645238
584_fri_c4_500_25,7,SVP,w0.1_0.7_0.4,BIC_Train,MSE_Test_Interpolation,0.7132670952659265
584_fri_c4_500_25,7,SVP,w0.1_0.7_0.4,MDL_Train,MSE_Test_Interpolation,-0.25452951490356523
584_fri_c4_500_25,7,SVP,w0.1_0.7_0.4,PSM_Train,MSE_Test_Interpolation,0.7192869666861484
584_fri_c4_500_25,7,SVP,w0.1_0.7_0.4,MSE_Train,MSE_Test_Extrapolation,0.7888953828170662
584_fri_c4_500_25,7,SVP,w0.1_0.7_0.4,AIC_Train,MSE_Test_Extrapolation,0.7699006428988897
584_fri_c4_500_25,7,SVP,w0.1_0.7_0.4,BIC_Train,MSE_Test_Extrapolation,0.6589713617767389
584_fri_c4_500_25,7,SVP,w0.1_0.7_0.4,MDL_Train,MSE_Test_Extrapolation,-0.21122150789012278
584_fri_c4_500_25,7,SVP,w0.1_0.7_0.4,PSM_Train,MSE_Test_Extrapolation,0.6088836937463473
584_fri_c4_500_25,8,SVP,w0.1_0.7_0.4,MSE_Train,MSE_Test_Interpolation,0.9577167019027484
584_fri_c4_500_25,8,SVP,w0.1_0.7_0.4,AIC_Train,MSE_Test_Interpolation,0.962851102385986
584_fri_c4_500_25,8,SVP,w0.1_0.7_0.4,BIC_Train,MSE_Test_Interpolation,0.8301117487163999
584_fri_c4_500_25,8,SVP,w0.1_0.7_0.4,MDL_Train,MSE_Test_Interpolation,-0.26744186046511625
584_fri_c4_500_25,8,SVP,w0.1_0.7_0.4,PSM_Train,MSE_Test_Interpolation,0.5243128964059196
584_fri_c4_500_25,8,SVP,w0.1_0.7_0.4,MSE_Train,MSE_Test_Extrapolation,0.9448807006946542
584_fri_c4_500_25,8,SVP,w0.1_0.7_0.4,AIC_Train,MSE_Test_Extrapolation,0.93325279371791
584_fri_c4_500_25,8,SVP,w0.1_0.7_0.4,BIC_Train,MSE_Test_Extrapolation,0.8565388100271821
584_fri_c4_500_25,8,SVP,w0.1_0.7_0.4,MDL_Train,MSE_Test_Extrapolation,-0.2543038356991845
584_fri_c4_500_25,8,SVP,w0.1_0.7_0.4,PSM_Train,MSE_Test_Extrapolation,0.5427363334340078
584_fri_c4_500_25,9,SVP,w0.1_0.7_0.4,MSE_Train,MSE_Test_Interpolation,0.6923839292521156
584_fri_c4_500_25,9,SVP,w0.1_0.7_0.4,AIC_Train,MSE_Test_Interpolation,0.6931462986963484
584_fri_c4_500_25,9,SVP,w0.1_0.7_0.4,BIC_Train,MSE_Test_Interpolation,0.69878783258367
584_fri_c4_500_25,9,SVP,w0.1_0.7_0.4,MDL_Train,MSE_Test_Interpolation,-0.19943584661126784
584_fri_c4_500_25,9,SVP,w0.1_0.7_0.4,PSM_Train,MSE_Test_Interpolation,0.3402008805817134
584_fri_c4_500_25,9,SVP,w0.1_0.7_0.4,MSE_Train,MSE_Test_Extrapolation,0.9756041777845543
584_fri_c4_500_25,9,SVP,w0.1_0.7_0.4,AIC_Train,MSE_Test_Extrapolation,0.9707250133414654
584_fri_c4_500_25,9,SVP,w0.1_0.7_0.4,BIC_Train,MSE_Test_Extrapolation,0.9291758786307845
584_fri_c4_500_25,9,SVP,w0.1_0.7_0.4,MDL_Train,MSE_Test_Extrapolation,-0.6714187695357171
584_fri_c4_500_25,9,SVP,w0.1_0.7_0.4,PSM_Train,MSE_Test_Extrapolation,0.3607082277809249
584_fri_c4_500_25,10,SVP,w0.1_0.7_0.4,MSE_Train,MSE_Test_Interpolation,0.897293605395714
584_fri_c4_500_25,10,SVP,w0.1_0.7_0.4,AIC_Train,MSE_Test_Interpolation,0.897891231964484
584_fri_c4_500_25,10,SVP,w0.1_0.7_0.4,BIC_Train,MSE_Test_Interpolation,0.8826944420729104
584_fri_c4_500_25,10,SVP,w0.1_0.7_0.4,MDL_Train,MSE_Test_Interpolation,0.2399897549731068
584_fri_c4_500_25,10,SVP,w0.1_0.7_0.4,PSM_Train,MSE_Test_Interpolation,0.3633569538120038
584_fri_c4_500_25,10,SVP,w0.1_0.7_0.4,MSE_Train,MSE_Test_Extrapolation,0.895073849568855
584_fri_c4_500_25,10,SVP,w0.1_0.7_0.4,AIC_Train,MSE_Test_Extrapolation,0.8923418423973362
584_fri_c4_500_25,10,SVP,w0.1_0.7_0.4,BIC_Train,MSE_Test_Extrapolation,0.8949030991206351
584_fri_c4_500_25,10,SVP,w0.1_0.7_0.4,MDL_Train,MSE_Test_Extrapolation,0.2440023905062751
584_fri_c4_500_25,10,SVP,w0.1_0.7_0.4,PSM_Train,MSE_Test_Extrapolation,0.4107402031930334
584_fri_c4_500_25,11,SVP,w0.1_0.7_0.4,MSE_Train,MSE_Test_Interpolation,0.9508950169327528
584_fri_c4_500_25,11,SVP,w0.1_0.7_0.4,AIC_Train,MSE_Test_Interpolation,0.827447185937752
584_fri_c4_500_25,11,SVP,w0.1_0.7_0.4,BIC_Train,MSE_Test_Interpolation,0.42581841638445406
584_fri_c4_500_25,11,SVP,w0.1_0.7_0.4,MDL_Train,MSE_Test_Interpolation,-0.7293984841154653
584_fri_c4_500_25,11,SVP,w0.1_0.7_0.4,PSM_Train,MSE_Test_Interpolation,0.6351394936300595
584_fri_c4_500_25,11,SVP,w0.1_0.7_0.4,MSE_Train,MSE_Test_Extrapolation,0.9200129011449766
584_fri_c4_500_25,11,SVP,w0.1_0.7_0.4,AIC_Train,MSE_Test_Extrapolation,0.7878567972907595
584_fri_c4_500_25,11,SVP,w0.1_0.7_0.4,BIC_Train,MSE_Test_Extrapolation,0.472907595549105
584_fri_c4_500_25,11,SVP,w0.1_0.7_0.4,MDL_Train,MSE_Test_Extrapolation,-0.6486050636994033
584_fri_c4_500_25,11,SVP,w0.1_0.7_0.4,PSM_Train,MSE_Test_Extrapolation,0.5940977261731979
584_fri_c4_500_25,12,SVP,w0.1_0.7_0.4,MSE_Train,MSE_Test_Interpolation,0.9681747472128597
584_fri_c4_500_25,12,SVP,w0.1_0.7_0.4,AIC_Train,MSE_Test_Interpolation,0.9239694062743066
584_fri_c4_500_25,12,SVP,w0.1_0.7_0.4,BIC_Train,MSE_Test_Interpolation,0.6802566761731916
584_fri_c4_500_25,12,SVP,w0.1_0.7_0.4,MDL_Train,MSE_Test_Interpolation,-0.7614726471350792
584_fri_c4_500_25,12,SVP,w0.1_0.7_0.4,PSM_Train,MSE_Test_Interpolation,0.3168265491314493
584_fri_c4_500_25,12,SVP,w0.1_0.7_0.4,MSE_Train,MSE_Test_Extrapolation,0.8417811770806327
584_fri_c4_500_25,12,SVP,w0.1_0.7_0.4,AIC_Train,MSE_Test_Extrapolation,0.7731397459165156
584_fri_c4_500_25,12,SVP,w0.1_0.7_0.4,BIC_Train,MSE_Test_Extrapolation,0.6929608504018668
584_fri_c4_500_25,12,SVP,w0.1_0.7_0.4,MDL_Train,MSE_Test_Extrapolation,-0.6357272491573763
584_fri_c4_500_25,12,SVP,w0.1_0.7_0.4,PSM_Train,MSE_Test_Extrapolation,0.1579595540575577
584_fri_c4_500_25,13,SVP,w0.1_0.7_0.4,MSE_Train,MSE_Test_Interpolation,0.8967933947772658
584_fri_c4_500_25,13,SVP,w0.1_0.7_0.4,AIC_Train,MSE_Test_Interpolation,0.8845526113671276
584_fri_c4_500_25,13,SVP,w0.1_0.7_0.4,BIC_Train,MSE_Test_Interpolation,0.8475422427035331
584_fri_c4_500_25,13,SVP,w0.1_0.7_0.4,MDL_Train,MSE_Test_Interpolation,0.17905145929339478
584_fri_c4_500_25,13,SVP,w0.1_0.7_0.4,PSM_Train,MSE_Test_Interpolation,0.5795890937019971
584_fri_c4_500_25,13,SVP,w0.1_0.7_0.4,MSE_Train,MSE_Test_Extrapolation,0.9495487711213519
584_fri_c4_500_25,13,SVP,w0.1_0.7_0.4,AIC_Train,MSE_Test_Extrapolation,0.957229262672811
584_fri_c4_500_25,13,SVP,w0.1_0.7_0.4,BIC_Train,MSE_Test_Extrapolation,0.9599174347158219
584_fri_c4_500_25,13,SVP,w0.1_0.7_0.4,MDL_Train,MSE_Test_Extrapolation,0.03028993855606759
584_fri_c4_500_25,13,SVP,w0.1_0.7_0.4,PSM_Train,MSE_Test_Extrapolation,0.6745871735791091
584_fri_c4_500_25,14,SVP,w0.1_0.7_0.4,MSE_Train,MSE_Test_Interpolation,0.7561175666438825
584_fri_c4_500_25,14,SVP,w0.1_0.7_0.4,AIC_Train,MSE_Test_Interpolation,0.7133971291866029
584_fri_c4_500_25,14,SVP,w0.1_0.7_0.4,BIC_Train,MSE_Test_Interpolation,0.6471633629528366
584_fri_c4_500_25,14,SVP,w0.1_0.7_0.4,MDL_Train,MSE_Test_Interpolation,-0.06527682843472318
584_fri_c4_500_25,14,SVP,w0.1_0.7_0.4,PSM_Train,MSE_Test_Interpolation,0.41285030758714975
584_fri_c4_500_25,14,SVP,w0.1_0.7_0.4,MSE_Train,MSE_Test_Extrapolation,0.20150375939849624
584_fri_c4_500_25,14,SVP,w0.1_0.7_0.4,AIC_Train,MSE_Test_Extrapolation,0.3304169514695831
584_fri_c4_500_25,14,SVP,w0.1_0.7_0.4,BIC_Train,MSE_Test_Extrapolation,0.6950102529049897
584_fri_c4_500_25,14,SVP,w0.1_0.7_0.4,MDL_Train,MSE_Test_Extrapolation,0.6353383458646616
584_fri_c4_500_25,14,SVP,w0.1_0.7_0.4,PSM_Train,MSE_Test_Extrapolation,-0.08291182501708819
584_fri_c4_500_25,15,SVP,w0.1_0.7_0.4,MSE_Train,MSE_Test_Interpolation,0.7307142857142856
584_fri_c4_500_25,15,SVP,w0.1_0.7_0.4,AIC_Train,MSE_Test_Interpolation,0.7460204081632652
584_fri_c4_500_25,15,SVP,w0.1_0.7_0.4,BIC_Train,MSE_Test_Interpolation,0.9023469387755101
584_fri_c4_500_25,15,SVP,w0.1_0.7_0.4,MDL_Train,MSE_Test_Interpolation,-0.0014285714285714284
584_fri_c4_500_25,15,SVP,w0.1_0.7_0.4,PSM_Train,MSE_Test_Interpolation,0.35857142857142854
584_fri_c4_500_25,15,SVP,w0.1_0.7_0.4,MSE_Train,MSE_Test_Extrapolation,0.5180612244897959
584_fri_c4_500_25,15,SVP,w0.1_0.7_0.4,AIC_Train,MSE_Test_Extrapolation,0.511734693877551
584_fri_c4_500_25,15,SVP,w0.1_0.7_0.4,BIC_Train,MSE_Test_Extrapolation,0.6291836734693876
584_fri_c4_500_25,15,SVP,w0.1_0.7_0.4,MDL_Train,MSE_Test_Extrapolation,0.3424489795918367
584_fri_c4_500_25,15,SVP,w0.1_0.7_0.4,PSM_Train,MSE_Test_Extrapolation,0.23265306122448978
584_fri_c4_500_25,16,SVP,w0.1_0.7_0.4,MSE_Train,MSE_Test_Interpolation,0.8393337229690241
584_fri_c4_500_25,16,SVP,w0.1_0.7_0.4,AIC_Train,MSE_Test_Interpolation,0.8354178842782
584_fri_c4_500_25,16,SVP,w0.1_0.7_0.4,BIC_Train,MSE_Test_Interpolation,0.6319111630625367
584_fri_c4_500_25,16,SVP,w0.1_0.7_0.4,MDL_Train,MSE_Test_Interpolation,-0.5168322618351842
584_fri_c4_500_25,16,SVP,w0.1_0.7_0.4,PSM_Train,MSE_Test_Interpolation,0.20859146697837525
584_fri_c4_500_25,16,SVP,w0.1_0.7_0.4,MSE_Train,MSE_Test_Extrapolation,0.5765634132086499
584_fri_c4_500_25,16,SVP,w0.1_0.7_0.4,AIC_Train,MSE_Test_Extrapolation,0.5724137931034483
584_fri_c4_500_25,16,SVP,w0.1_0.7_0.4,BIC_Train,MSE_Test_Extrapolation,0.7594973699590883
584_fri_c4_500_25,16,SVP,w0.1_0.7_0.4,MDL_Train,MSE_Test_Extrapolation,-0.020689655172413793
584_fri_c4_500_25,16,SVP,w0.1_0.7_0.4,PSM_Train,MSE_Test_Extrapolation,0.06849795441262421
584_fri_c4_500_25,17,SVP,w0.1_0.7_0.4,MSE_Train,MSE_Test_Interpolation,0.9877899877899877
584_fri_c4_500_25,17,SVP,w0.1_0.7_0.4,AIC_Train,MSE_Test_Interpolation,0.9902319902319903
584_fri_c4_500_25,17,SVP,w0.1_0.7_0.4,BIC_Train,MSE_Test_Interpolation,0.9877899877899877
584_fri_c4_500_25,17,SVP,w0.1_0.7_0.4,MDL_Train,MSE_Test_Interpolation,0.782051282051282
584_fri_c4_500_25,17,SVP,w0.1_0.7_0.4,PSM_Train,MSE_Test_Interpolation,0.3498168498168498
584_fri_c4_500_25,17,SVP,w0.1_0.7_0.4,MSE_Train,MSE_Test_Extrapolation,0.9566544566544567
584_fri_c4_500_25,17,SVP,w0.1_0.7_0.4,AIC_Train,MSE_Test_Extrapolation,0.9578754578754578
584_fri_c4_500_25,17,SVP,w0.1_0.7_0.4,BIC_Train,MSE_Test_Extrapolation,0.9383394383394383
584_fri_c4_500_25,17,SVP,w0.1_0.7_0.4,MDL_Train,MSE_Test_Extrapolation,0.7405372405372405
584_fri_c4_500_25,17,SVP,w0.1_0.7_0.4,PSM_Train,MSE_Test_Extrapolation,0.384004884004884
584_fri_c4_500_25,18,SVP,w0.1_0.7_0.4,MSE_Train,MSE_Test_Interpolation,0.7623010268351338
584_fri_c4_500_25,18,SVP,w0.1_0.7_0.4,AIC_Train,MSE_Test_Interpolation,0.7335954498606709
584_fri_c4_500_25,18,SVP,w0.1_0.7_0.4,BIC_Train,MSE_Test_Interpolation,0.8019238844142459
584_fri_c4_500_25,18,SVP,w0.1_0.7_0.4,MDL_Train,MSE_Test_Interpolation,-0.025193724472267812
584_fri_c4_500_25,18,SVP,w0.1_0.7_0.4,PSM_Train,MSE_Test_Interpolation,0.4072603733251899
584_fri_c4_500_25,18,SVP,w0.1_0.7_0.4,MSE_Train,MSE_Test_Extrapolation,0.7163797381379546
584_fri_c4_500_25,18,SVP,w0.1_0.7_0.4,AIC_Train,MSE_Test_Extrapolation,0.7030957743253043
584_fri_c4_500_25,18,SVP,w0.1_0.7_0.4,BIC_Train,MSE_Test_Extrapolation,0.699545749513303
584_fri_c4_500_25,18,SVP,w0.1_0.7_0.4,MDL_Train,MSE_Test_Extrapolation,0.04195136847730656
584_fri_c4_500_25,18,SVP,w0.1_0.7_0.4,PSM_Train,MSE_Test_Extrapolation,0.28316219414436766
584_fri_c4_500_25,19,SVP,w0.1_0.7_0.4,MSE_Train,MSE_Test_Interpolation,0.12276250880902043
584_fri_c4_500_25,19,SVP,w0.1_0.7_0.4,AIC_Train,MSE_Test_Interpolation,0.20422832980972516
584_fri_c4_500_25,19,SVP,w0.1_0.7_0.4,BIC_Train,MSE_Test_Interpolation,0.5713883016208597
584_fri_c4_500_25,19,SVP,w0.1_0.7_0.4,MDL_Train,MSE_Test_Interpolation,0.5358703312191685
584_fri_c4_500_25,19,SVP,w0.1_0.7_0.4,PSM_Train,MSE_Test_Interpolation,-0.0649753347427766
584_fri_c4_500_25,19,SVP,w0.1_0.7_0.4,MSE_Train,MSE_Test_Extrapolation,0.2830162085976039
584_fri_c4_500_25,19,SVP,w0.1_0.7_0.4,AIC_Train,MSE_Test_Extrapolation,0.3264270613107822
584_fri_c4_500_25,19,SVP,w0.1_0.7_0.4,BIC_Train,MSE_Test_Extrapolation,0.6122621564482029
584_fri_c4_500_25,19,SVP,w0.1_0.7_0.4,MDL_Train,MSE_Test_Extrapolation,0.37251585623678646
584_fri_c4_500_25,19,SVP,w0.1_0.7_0.4,PSM_Train,MSE_Test_Extrapolation,0.09894291754756872
584_fri_c4_500_25,20,SVP,w0.1_0.7_0.4,MSE_Train,MSE_Test_Interpolation,0.24400305576776166
584_fri_c4_500_25,20,SVP,w0.1_0.7_0.4,AIC_Train,MSE_Test_Interpolation,0.2455309396485867
584_fri_c4_500_25,20,SVP,w0.1_0.7_0.4,BIC_Train,MSE_Test_Interpolation,0.22016806722689078
584_fri_c4_500_25,20,SVP,w0.1_0.7_0.4,MDL_Train,MSE_Test_Interpolation,-0.5086325439266615
584_fri_c4_500_25,20,SVP,w0.1_0.7_0.4,PSM_Train,MSE_Test_Interpolation,0.2953399541634836
584_fri_c4_500_25,20,SVP,w0.1_0.7_0.4,MSE_Train,MSE_Test_Extrapolation,0.6656990068754773
584_fri_c4_500_25,20,SVP,w0.1_0.7_0.4,AIC_Train,MSE_Test_Extrapolation,0.7860962566844919
584_fri_c4_500_25,20,SVP,w0.1_0.7_0.4,BIC_Train,MSE_Test_Extrapolation,0.8792971734148205
584_fri_c4_500_25,20,SVP,w0.1_0.7_0.4,MDL_Train,MSE_Test_Extrapolation,0.5116883116883116
584_fri_c4_500_25,20,SVP,w0.1_0.7_0.4,PSM_Train,MSE_Test_Extrapolation,0.18319327731092436
584_fri_c4_500_25,21,SVP,w0.1_0.7_0.4,MSE_Train,MSE_Test_Interpolation,0.7966089466089468
584_fri_c4_500_25,21,SVP,w0.1_0.7_0.4,AIC_Train,MSE_Test_Interpolation,0.8143578643578645
584_fri_c4_500_25,21,SVP,w0.1_0.7_0.4,BIC_Train,MSE_Test_Interpolation,0.7246031746031747
584_fri_c4_500_25,21,SVP,w0.1_0.7_0.4,MDL_Train,MSE_Test_Interpolation,-0.612842712842713
584_fri_c4_500_25,21,SVP,w0.1_0.7_0.4,PSM_Train,MSE_Test_Interpolation,0.30685425685425693
584_fri_c4_500_25,21,SVP,w0.1_0.7_0.4,MSE_Train,MSE_Test_Extrapolation,0.6673881673881674
584_fri_c4_500_25,21,SVP,w0.1_0.7_0.4,AIC_Train,MSE_Test_Extrapolation,0.6862914862914865
584_fri_c4_500_25,21,SVP,w0.1_0.7_0.4,BIC_Train,MSE_Test_Extrapolation,0.5448773448773451
584_fri_c4_500_25,21,SVP,w0.1_0.7_0.4,MDL_Train,MSE_Test_Extrapolation,-0.7107503607503609
584_fri_c4_500_25,21,SVP,w0.1_0.7_0.4,PSM_Train,MSE_Test_Extrapolation,0.08578643578643581
584_fri_c4_500_25,22,SVP,w0.1_0.7_0.4,MSE_Train,MSE_Test_Interpolation,0.5790083352219788
584_fri_c4_500_25,22,SVP,w0.1_0.7_0.4,AIC_Train,MSE_Test_Interpolation,0.8753493994107426
584_fri_c4_500_25,22,SVP,w0.1_0.7_0.4,BIC_Train,MSE_Test_Interpolation,0.9236987232756666
584_fri_c4_500_25,22,SVP,w0.1_0.7_0.4,MDL_Train,MSE_Test_Interpolation,-0.15620357079902294
584_fri_c4_500_25,22,SVP,w0.1_0.7_0.4,PSM_Train,MSE_Test_Interpolation,0.5974918788245072
584_fri_c4_500_25,22,SVP,w0.1_0.7_0.4,MSE_Train,MSE_Test_Extrapolation,0.8271511671828965
584_fri_c4_500_25,22,SVP,w0.1_0.7_0.4,AIC_Train,MSE_Test_Extrapolation,0.8506710986880209
584_fri_c4_500_25,22,SVP,w0.1_0.7_0.4,BIC_Train,MSE_Test_Extrapolation,0.6165797889753468
584_fri_c4_500_25,22,SVP,w0.1_0.7_0.4,MDL_Train,MSE_Test_Extrapolation,-0.5447608974843242
584_fri_c4_500_25,22,SVP,w0.1_0.7_0.4,PSM_Train,MSE_Test_Extrapolation,0.6668429402432575
584_fri_c4_500_25,23,SVP,w0.1_0.7_0.4,MSE_Train,MSE_Test_Interpolation,0.9647639182522902
584_fri_c4_500_25,23,SVP,w0.1_0.7_0.4,AIC_Train,MSE_Test_Interpolation,0.9505285412262157
584_fri_c4_500_25,23,SVP,w0.1_0.7_0.4,BIC_Train,MSE_Test_Interpolation,0.8968287526427061
584_fri_c4_500_25,23,SVP,w0.1_0.7_0.4,MDL_Train,MSE_Test_Interpolation,-0.4343904157857646
584_fri_c4_500_25,23,SVP,w0.1_0.7_0.4,PSM_Train,MSE_Test_Interpolation,0.6438336856941509
584_fri_c4_500_25,23,SVP,w0.1_0.7_0.4,MSE_Train,MSE_Test_Extrapolation,0.9905567300916136
584_fri_c4_500_25,23,SVP,w0.1_0.7_0.4,AIC_Train,MSE_Test_Extrapolation,0.9789992952783649
584_fri_c4_500_25,23,SVP,w0.1_0.7_0.4,BIC_Train,MSE_Test_Extrapolation,0.9007751937984496
584_fri_c4_500_25,23,SVP,w0.1_0.7_0.4,MDL_Train,MSE_Test_Extrapolation,-0.48851303735024665
584_fri_c4_500_25,23,SVP,w0.1_0.7_0.4,PSM_Train,MSE_Test_Extrapolation,0.632276250880902
584_fri_c4_500_25,24,SVP,w0.1_0.7_0.4,MSE_Train,MSE_Test_Interpolation,0.9003910926650174
584_fri_c4_500_25,24,SVP,w0.1_0.7_0.4,AIC_Train,MSE_Test_Interpolation,0.8845079415755448
584_fri_c4_500_25,24,SVP,w0.1_0.7_0.4,BIC_Train,MSE_Test_Interpolation,0.9011493335461729
584_fri_c4_500_25,24,SVP,w0.1_0.7_0.4,MDL_Train,MSE_Test_Interpolation,0.5364753771250699
584_fri_c4_500_25,24,SVP,w0.1_0.7_0.4,PSM_Train,MSE_Test_Interpolation,0.3506664538271211
584_fri_c4_500_25,24,SVP,w0.1_0.7_0.4,MSE_Train,MSE_Test_Extrapolation,0.925652486231942
584_fri_c4_500_25,24,SVP,w0.1_0.7_0.4,AIC_Train,MSE_Test_Extrapolation,0.9224199856333309
584_fri_c4_500_25,24,SVP,w0.1_0.7_0.4,BIC_Train,MSE_Test_Extrapolation,0.9003112778354219
584_fri_c4_500_25,24,SVP,w0.1_0.7_0.4,MDL_Train,MSE_Test_Extrapolation,0.4027855375528774
584_fri_c4_500_25,24,SVP,w0.1_0.7_0.4,PSM_Train,MSE_Test_Extrapolation,0.4414159150770214
584_fri_c4_500_25,25,SVP,w0.1_0.7_0.4,MSE_Train,MSE_Test_Interpolation,0.9539745563568593
584_fri_c4_500_25,25,SVP,w0.1_0.7_0.4,AIC_Train,MSE_Test_Interpolation,0.9307997731140103
584_fri_c4_500_25,25,SVP,w0.1_0.7_0.4,BIC_Train,MSE_Test_Interpolation,0.8893120492666722
584_fri_c4_500_25,25,SVP,w0.1_0.7_0.4,MDL_Train,MSE_Test_Interpolation,-0.14172271290819222
584_fri_c4_500_25,25,SVP,w0.1_0.7_0.4,PSM_Train,MSE_Test_Interpolation,0.41982011182238077
584_fri_c4_500_25,25,SVP,w0.1_0.7_0.4,MSE_Train,MSE_Test_Extrapolation,0.8406936228830727
584_fri_c4_500_25,25,SVP,w0.1_0.7_0.4,AIC_Train,MSE_Test_Extrapolation,0.8722956000324124
584_fri_c4_500_25,25,SVP,w0.1_0.7_0.4,BIC_Train,MSE_Test_Extrapolation,0.9132971396159146
584_fri_c4_500_25,25,SVP,w0.1_0.7_0.4,MDL_Train,MSE_Test_Extrapolation,0.21935013370067258
584_fri_c4_500_25,25,SVP,w0.1_0.7_0.4,PSM_Train,MSE_Test_Extrapolation,0.31107689814439676
584_fri_c4_500_25,26,SVP,w0.1_0.7_0.4,MSE_Train,MSE_Test_Interpolation,0.8759276018099548
584_fri_c4_500_25,26,SVP,w0.1_0.7_0.4,AIC_Train,MSE_Test_Interpolation,0.8978280542986425
584_fri_c4_500_25,26,SVP,w0.1_0.7_0.4,BIC_Train,MSE_Test_Interpolation,0.9598190045248869
584_fri_c4_500_25,26,SVP,w0.1_0.7_0.4,MDL_Train,MSE_Test_Interpolation,0.14081447963800903
584_fri_c4_500_25,26,SVP,w0.1_0.7_0.4,PSM_Train,MSE_Test_Interpolation,0.40932126696832577
584_fri_c4_500_25,26,SVP,w0.1_0.7_0.4,MSE_Train,MSE_Test_Extrapolation,0.6435294117647058
584_fri_c4_500_25,26,SVP,w0.1_0.7_0.4,AIC_Train,MSE_Test_Extrapolation,0.6780995475113123
584_fri_c4_500_25,26,SVP,w0.1_0.7_0.4,BIC_Train,MSE_Test_Extrapolation,0.7362895927601809
584_fri_c4_500_25,26,SVP,w0.1_0.7_0.4,MDL_Train,MSE_Test_Extrapolation,0.48307692307692307
584_fri_c4_500_25,26,SVP,w0.1_0.7_0.4,PSM_Train,MSE_Test_Extrapolation,0.15891402714932124
584_fri_c4_500_25,27,SVP,w0.1_0.7_0.4,MSE_Train,MSE_Test_Interpolation,0.9685529571394367
584_fri_c4_500_25,27,SVP,w0.1_0.7_0.4,AIC_Train,MSE_Test_Interpolation,0.7773964402586002
584_fri_c4_500_25,27,SVP,w0.1_0.7_0.4,BIC_Train,MSE_Test_Interpolation,0.4071354457658234
584_fri_c4_500_25,27,SVP,w0.1_0.7_0.4,MDL_Train,MSE_Test_Interpolation,-0.7648256045973343
584_fri_c4_500_25,27,SVP,w0.1_0.7_0.4,PSM_Train,MSE_Test_Interpolation,0.5658472344161547
584_fri_c4_500_25,27,SVP,w0.1_0.7_0.4,MSE_Train,MSE_Test_Extrapolation,0.6467794716258282
584_fri_c4_500_25,27,SVP,w0.1_0.7_0.4,AIC_Train,MSE_Test_Extrapolation,0.8186207997445927
584_fri_c4_500_25,27,SVP,w0.1_0.7_0.4,BIC_Train,MSE_Test_Extrapolation,0.8279591348072474
584_fri_c4_500_25,27,SVP,w0.1_0.7_0.4,MDL_Train,MSE_Test_Extrapolation,-0.3655120121318542
584_fri_c4_500_25,27,SVP,w0.1_0.7_0.4,PSM_Train,MSE_Test_Extrapolation,0.5175991699257724
584_fri_c4_500_25,28,SVP,w0.1_0.7_0.4,MSE_Train,MSE_Test_Interpolation,0.9640401903754628
584_fri_c4_500_25,28,SVP,w0.1_0.7_0.4,AIC_Train,MSE_Test_Interpolation,0.9609679937548792
584_fri_c4_500_25,28,SVP,w0.1_0.7_0.4,BIC_Train,MSE_Test_Interpolation,0.8167258442245222
584_fri_c4_500_25,28,SVP,w0.1_0.7_0.4,MDL_Train,MSE_Test_Interpolation,-0.43763692679610183
584_fri_c4_500_25,28,SVP,w0.1_0.7_0.4,PSM_Train,MSE_Test_Interpolation,0.5991035229533379
584_fri_c4_500_25,28,SVP,w0.1_0.7_0.4,MSE_Train,MSE_Test_Extrapolation,0.7277832338646724
584_fri_c4_500_25,28,SVP,w0.1_0.7_0.4,AIC_Train,MSE_Test_Extrapolation,0.7286394198081136
584_fri_c4_500_25,28,SVP,w0.1_0.7_0.4,BIC_Train,MSE_Test_Extrapolation,0.6654327516305305
584_fri_c4_500_25,28,SVP,w0.1_0.7_0.4,MDL_Train,MSE_Test_Extrapolation,-0.04288484299060714
584_fri_c4_500_25,28,SVP,w0.1_0.7_0.4,PSM_Train,MSE_Test_Extrapolation,0.4398529374732442
584_fri_c4_500_25,29,SVP,w0.1_0.7_0.4,MSE_Train,MSE_Test_Interpolation,0.8379446640316206
584_fri_c4_500_25,29,SVP,w0.1_0.7_0.4,AIC_Train,MSE_Test_Interpolation,0.8369565217391305
584_fri_c4_500_25,29,SVP,w0.1_0.7_0.4,BIC_Train,MSE_Test_Interpolation,0.8537549407114625
584_fri_c4_500_25,29,SVP,w0.1_0.7_0.4,MDL_Train,MSE_Test_Interpolation,0.9120553359683794
584_fri_c4_500_25,29,SVP,w0.1_0.7_0.4,PSM_Train,MSE_Test_Interpolation,0.12055335968379448
584_fri_c4_500_25,29,SVP,w0.1_0.7_0.4,MSE_Train,MSE_Test_Extrapolation,0.6837944664031621
584_fri_c4_500_25,29,SVP,w0.1_0.7_0.4,AIC_Train,MSE_Test_Extrapolation,0.6877470355731226
584_fri_c4_500_25,29,SVP,w0.1_0.7_0.4,BIC_Train,MSE_Test_Extrapolation,0.7144268774703557
584_fri_c4_500_25,29,SVP,w0.1_0.7_0.4,MDL_Train,MSE_Test_Extrapolation,0.7391304347826088
584_fri_c4_500_25,29,SVP,w0.1_0.7_0.4,PSM_Train,MSE_Test_Extrapolation,0.24110671936758896
584_fri_c4_500_25,30,SVP,w0.1_0.7_0.4,MSE_Train,MSE_Test_Interpolation,0.9855623100303951
584_fri_c4_500_25,30,SVP,w0.1_0.7_0.4,AIC_Train,MSE_Test_Interpolation,0.9852366478506296
584_fri_c4_500_25,30,SVP,w0.1_0.7_0.4,BIC_Train,MSE_Test_Interpolation,0.8894919669995657
584_fri_c4_500_25,30,SVP,w0.1_0.7_0.4,MDL_Train,MSE_Test_Interpolation,-0.4423577941815024
584_fri_c4_500_25,30,SVP,w0.1_0.7_0.4,PSM_Train,MSE_Test_Interpolation,0.6579461571862788
584_fri_c4_500_25,30,SVP,w0.1_0.7_0.4,MSE_Train,MSE_Test_Extrapolation,0.5394051237516283
584_fri_c4_500_25,30,SVP,w0.1_0.7_0.4,AIC_Train,MSE_Test_Extrapolation,0.5731654363873208
584_fri_c4_500_25,30,SVP,w0.1_0.7_0.4,BIC_Train,MSE_Test_Extrapolation,0.5477637863656101
584_fri_c4_500_25,30,SVP,w0.1_0.7_0.4,MDL_Train,MSE_Test_Extrapolation,0.0552540165002171
584_fri_c4_500_25,30,SVP,w0.1_0.7_0.4,PSM_Train,MSE_Test_Extrapolation,0.38276161528441166
