Run,Equation_Index,Hybrid_MSE_Train,Hybrid_AIC_Train,Hybrid_BIC_Train,Hybrid_MDL_Train,Hybrid_PSM_Train,Extrapolation_Divergence,Sensitivity_Interpolation,Sensitivity_Extrapolation,Lambda1,Lambda2,Lambda3,Complexity,MSE_Test_Interpolation,MSE_Test_Extrapolation
1,0,1.0,0.6569735481524963,0.6549622960425902,0.15112994132297058,0.0,0.0,0.0,0.0,0.7,0.1,0.3,1,14.061850930098686,14.780191390625005
1,1,0.5861722505504694,0.5812484185464031,0.5786241174096086,0.15700129505324964,0.1471175996783946,0.04113508959756933,9.217545798124e-05,9.483608635362e-05,0.7,0.1,0.3,3,7.898982553953981,9.7677933474913
1,2,1.1842078940323153,2.001369550782538,2.001369550782538,1.254397309598712,1.4299304164739952,1.0,0.01369550782538521,1.0,0.7,0.1,0.3,4,6.471265882615239,2.1589239291196177e+21
1,3,0.2579878507096565,0.3017189977371046,0.29617674482635864,0.2514556773937138,0.951625925669177,0.34888922906041925,0.00270220718957038,0.00825450943077971,0.7,0.1,0.3,5,1.2697155061113918,17.103815407599775
1,4,1.0077794306807062,1.0351086148705593,1.0353064274843249,1.0063122421974404,1.0534740680608219,1.0,0.013695507825385232,1.0,0.7,0.1,0.3,6,1.899484365537367,2.1589239291700325e+21
1,5,1.1040191843555196,1.1153653805797556,1.1095922209817939,1.0999999999999999,1.1298052514209609,1.0,1.0,1.0,0.7,0.1,0.3,7,1.5565957687287657,0.7459879245740602
1,6,1.1039729830005023,1.1151006959001368,1.1093259687889763,1.1003721595491345,1.10059804801056,1.0,1.0,1.0,0.7,0.1,0.3,8,1.588948300194319,0.7336460295386275
1,7,1.103947514480981,1.1200448162111287,1.1201623383214212,1.1065083328997156,1.1003296462102072,1.0,1.0,1.0,0.7,0.1,0.3,9,1.584524825069246,0.735023557978837
1,8,0.2857948082624734,0.3017438113384435,0.30186028612858806,0.3065514491670118,0.2820140970774446,0.34788901288065555,0.02303841205469265,0.12017508161566459,0.7,0.1,0.3,12,1.5846657069387706,0.7458614807413861
1,9,0.27338350848134363,0.29442052577371575,0.30043013914852856,0.29356680961340936,0.26946952163533167,0.3329169694108372,0.020243051065188162,0.11467199256712471,0.7,0.1,0.3,15,1.587859697534458,0.8832243163231733
1,10,0.28142705431472637,0.30246397077566683,0.3084735726554633,0.31890272006839065,0.2775114048195568,0.3414135722369525,0.020303164887380938,0.12163841970042352,0.7,0.1,0.3,19,1.5869020784205787,0.8789828798994721
1,13,0.28153592530382604,0.3178424415477812,0.34153138352990925,0.4013793452928526,0.2776202447850611,0.3415097884645131,0.02030151688708685,0.12177743391589654,0.7,0.1,0.3,35,1.5873799272227929,0.93091318116239
2,0,0.9584187915834251,0.6493066239981709,0.6472504283752291,0.14912440134636987,0.0,0.0,0.0,0.0,0.7,0.1,0.3,1,17.005309364167353,12.965368947062093
2,1,0.5513082300246006,0.5622266090432672,0.5595578274928927,0.14357577158578524,0.13557789545839638,0.02479068642297599,9.036738947553e-05,9.38453115645e-05,0.7,0.1,0.3,3,9.47668444600879,8.538677747940186
2,2,0.09926565202704973,0.22629087178901475,0.22145419449372683,0.08374942434429823,0.889373947268602,0.0681440889963886,0.0049710963009909,0.010024283618174621,0.7,0.1,0.3,4,0.387789229011328,2.172699515862156
2,3,0.1762306084512494,0.25854155244289134,0.2533062468928392,0.16945741458018806,0.30370170885247416,0.2140274805760225,0.00264920202070699,0.0045187646452145,0.7,0.1,0.3,5,0.2538126195921658,15.470234111222002
2,4,0.07405749564247238,0.16026293329940752,0.16091093900224127,0.07091274219445282,0.05350429952487064,0.06719480398493018,0.0038376100862936397,0.00773859317778801,0.7,0.1,0.3,6,0.2647120919860585,1.9623321321072609
2,5,0.09159283568415606,0.18288765465792767,0.1894288195175272,0.10923963803585793,0.06727750679803425,0.0917081544271159,0.00392464211199269,0.00896350325135136,0.7,0.1,0.3,11,0.2646527489347187,6.990257397182312
2,6,0.09247792671155092,0.18377096651697933,0.19031210800505968,0.12290867715401199,0.06816490379531968,0.0929164318650346,0.00396002733314278,0.00908505135984997,0.7,0.1,0.3,14,0.2645499978082701,5.885910232110393
2,7,0.07404104935851558,0.17042321053673956,0.1828574387332502,0.10766441772874094,0.04972894893792304,0.06717032037466147,0.00384064719071682,0.0077438799644324995,0.7,0.1,0.3,15,0.2642102751814066,1.963914175072976
2,8,0.07403469131647084,0.17550652576755793,0.1938339087730369,0.12274540125343557,0.04972035345070398,0.0671604114982838,0.00384173121069155,0.0077457295960059805,0.7,0.1,0.3,19,0.2639942403132339,1.9644059301676504
2,9,0.07403469189341266,0.1755065263329714,0.19383390933845038,0.1326707263524801,0.04972018668948804,0.06716041240461149,0.0038417310995643396,0.0077457294029953105,0.7,0.1,0.3,24,0.2639946186002013,1.9644074981753112
2,10,0.08900961802275492,0.2770097331940604,0.3955202024464514,0.9099225271734145,0.06469510776368623,0.05600509840445973,0.00455152865880467,0.08345461953754872,0.7,0.1,0.3,156,0.2639941302533483,7.266837311987506
3,0,0.954516002124912,0.6485705085658269,0.64650998566037,0.1489318378210209,0.0,0.0,0.0,0.0,0.7,0.1,0.3,1,17.124237171080672,16.19172409871225
3,1,0.5460444792946577,0.5615752179649796,0.5588930292401475,0.1446202415604074,0.13898742951905405,0.02714369303423273,9.262747510766001e-05,8.513469385328e-05,0.7,0.1,0.3,3,10.034240020860748,10.70651015045051
3,2,0.07873119111409796,0.2969155978311722,0.2927469381510864,0.07080708421217956,0.7314212720715475,0.0105895477332485,0.00452530365056424,0.00010185903407841999,0.7,0.1,0.3,4,1.0817484268997022,1.9611749032621115
3,3,0.13843204037220708,0.23333969668692578,0.22820044043522503,0.1323334372307899,0.34273198343011596,0.15559368563344483,0.0027154584817862303,0.00223056095597898,0.7,0.1,0.3,5,0.9266263629316008,18.610768687914472
3,4,0.021910314424530508,0.09257259610792339,0.0930959896584682,0.022739315056360232,0.08399249416119302,0.00303716951879042,0.011772375652049,8.300119247387169e-06,0.7,0.1,0.3,6,0.6333369081342728,1.288307762206359
3,5,0.021910314422083226,0.1027523937390887,0.11506203875367277,0.04752336240575394,0.0033057675504331733,0.00303716951879042,0.011772375652049,8.300119247387211e-06,0.7,0.1,0.3,10,0.6333369164612267,1.2883077778475402
3,6,0.03023434945392168,0.10598647128942806,0.11240299144155201,0.048032660778784236,0.01162994220445692,0.01490004902639796,0.01178304030907271,7.153982120315e-05,0.7,0.1,0.3,11,0.6334078773282438,2.4080323504407706
3,7,0.030043335300314503,0.10572831312671736,0.11214432990474986,0.053691770431373353,0.01156323862224746,0.014648414605821138,0.01186664464009029,7.008105574729e-05,0.7,0.1,0.3,13,0.6257701429711464,2.4641568754176384
3,8,0.02688207202562527,0.11273500377425762,0.13093715545606305,0.070233799478003,0.008313370606356386,0.01016994963775303,0.01180679402754339,1.570168697494e-05,0.7,0.1,0.3,17,0.6250224690008999,97312.68356770184
3,9,0.027452187051516034,0.11330426639847258,0.1315064178895346,0.09447294248602016,0.008875576439996721,0.01098785209031131,0.01178084004489263,1.720988107035e-05,0.7,0.1,0.3,20,0.6248805559439742,265990.02193508146
3,10,0.026676852485987126,0.11761867094750825,0.14171392518055737,0.08791456442629719,0.008100050124608982,0.009887405640425919,0.01173607943627382,1.5634235443230003e-05,0.7,0.1,0.3,21,0.6237890825146154,89962.97179705121
3,11,0.025910314936332064,0.11685200473879931,0.1409472607109674,0.10080805887670523,0.00733310475644872,0.00876619628976861,0.011933428563438379,1.0970086841439999e-05,0.7,0.1,0.3,23,0.6240507519334022,91118.53710257803
3,12,0.030104381923955828,0.126136040189661,0.1561244466230004,0.11014635620960186,0.011527047293705227,0.01474262949237778,0.01186356708482475,6.944300558057e-05,0.7,0.1,0.3,24,0.6244483773591478,2.4015929027791025
3,13,0.029418448948394127,0.125450039225537,0.1554384465284357,0.1386033624653862,0.010841119127022405,0.01377096704650467,0.011815916302799991,6.612797852028e-05,0.7,0.1,0.3,31,0.6242564406336273,2.3157987774756186
3,14,0.030018001823601172,0.13113949227764413,0.16702099971385148,0.14972088601028055,0.011440668292450698,0.01461743161588859,0.01187530584236399,6.976159185133e-05,0.7,0.1,0.3,35,0.6242057583774504,2.456185683236124
4,0,0.9713348975672607,0.651722182362463,0.6496801300271163,0.1497566167953413,0.0,0.0,0.0,0.0,0.7,0.1,0.3,1,16.010931742318892,15.921185729160998
4,1,0.5607491059831287,0.5688767915277254,0.5662161068123887,0.14921528934261905,0.1420432916719574,0.03232493985503887,9.217545798124e-05,0.00011773346832705,0.7,0.1,0.3,3,9.062169371664528,9.7682165853421
4,2,0.08101058779207951,0.19236058441419254,0.19322188062422538,0.08781772020932599,0.9617099045696151,0.06238926048236552,0.00237517564322474,0.00516991884058021,0.7,0.1,0.3,4,1.1157423382280975,2.974445174419935
4,3,0.061615613787011664,0.12770531266032403,0.1340468065448739,0.07920317432674466,0.12519395372551864,0.06368208540034012,0.00203996003507586,0.0045554910597329305,0.7,0.1,0.3,6,0.8359675287830125,2.7152111957968863
4,4,0.16502344839501543,0.22948343482473554,0.2358124294954201,0.17790447498431752,0.15246886937164586,0.19099853527880145,0.02151661497057094,0.04735669167530655,0.7,0.1,0.3,8,0.8279273009339642,1.286177140743708
4,5,0.16502344840944433,0.23457333364031827,0.24679542844431152,0.19650101735230313,0.15005765292187787,0.19099853527880156,0.021516614970571,0.04735669167530655,0.7,0.1,0.3,10,0.8279273153711684,1.2861771127615005
4,6,0.1657747933907193,0.23531557746208576,0.2475376005189886,0.2003178404473653,0.15082069425158343,0.1918929781792991,0.02160412432029886,0.04775424403323946,0.7,0.1,0.3,13,0.8258022590017692,1.292408838336097
4,7,0.16526451257390637,0.239874162668161,0.2579891708689111,0.20287238315944955,0.15037001829035976,0.19138122567993607,0.0215033442396629,0.04730239726779101,0.7,0.1,0.3,14,0.827665978360954,1.2834517966125687
4,8,0.16526451140763207,0.24496406148374364,0.26897216981780236,0.22047557005805482,0.150307954649019,0.19138122567993607,0.0215033442396629,0.047302397267790966,0.7,0.1,0.3,16,0.8276713980595592,1.283441507387469
4,9,0.16712511956626508,0.24173481222652585,0.2598498327918516,0.2554158359533555,0.1521685284584586,0.19373375704633436,0.02164972486036488,0.04796639962435647,0.7,0.1,0.3,27,0.8276792077155649,1.3554339696455904
5,0,0.9600352488132731,0.6496106851838246,0.64755628177392,0.1492039301076231,0.0,0.0,0.0,0.0,0.7,0.1,0.3,1,16.553824095497053,13.883579227076
5,1,0.5502644944756785,0.5628520424323021,0.5601784558240323,0.1448113853832369,0.13830776319815224,0.02685230972340107,9.127142372838001e-05,0.00012137524299084,0.7,0.1,0.3,3,9.53372856275459,8.785878009983275
5,2,0.10540353623753507,0.2167874249017857,0.21180290779785843,0.09283631514086405,0.9593545947553621,0.08752398213534004,0.00527111630531344,0.01707527619179427,0.7,0.1,0.3,4,0.9642237305663824,2.171974127425369
5,3,0.08270417543178624,0.1438028643906775,0.13839820325257396,0.07604066542761329,0.22705280727734042,0.09164169943038183,0.00267570460513869,0.00390309059629569,0.7,0.1,0.3,5,0.6969732782077791,15.802799249372196
5,5,0.08494503884825753,0.15616516556861293,0.16254629084280134,0.11864721820393762,0.06786396962527846,0.09080442146614304,0.00589105984839014,0.01231781601969233,0.7,0.1,0.3,13,0.7024354581093665,1.3252989796062964
5,6,0.08483126998032993,0.15604843351529532,0.16242953870545906,0.13233708856840232,0.06773772063571071,0.09064372637733904,0.00589145474965206,0.012316606473638959,0.7,0.1,0.3,16,0.7008182926316868,6.599675955789483
5,7,0.08515197300764493,0.16145892104143256,0.17373312810402383,0.1394878142770208,0.0680556529118021,0.09108975166785817,0.00589727064202108,0.01234308897143566,0.7,0.1,0.3,18,0.7015009051498681,1.3107453257659476
5,8,0.08512097960713672,0.1563379080080418,0.16271901667644334,0.14287182678324734,0.06802487287836209,0.09104451140636428,0.005897525902802609,0.01234536820658318,0.7,0.1,0.3,19,0.701387694656558,1.6112764346467272
5,9,0.08519749280652472,0.15641437133078132,0.16279548086874238,0.14977836962251467,0.06810119103384138,0.09112846634323943,0.00590524591834456,0.01240203664346695,0.7,0.1,0.3,21,0.7012271712169494,1.6049445914065528
5,10,0.05674576124959781,0.14832227262947442,0.17827584626266782,0.20157020461856495,0.0396493304631918,0.05304563659161189,0.0016646363719320999,0.00783639992445616,0.7,0.1,0.3,40,0.701206835043016,5.725783855353221e+17
5,11,0.056729797283979734,0.14830630553266047,0.17825987916585387,0.20909860226619156,0.03963337972394693,0.05301197005215376,0.00166634854657979,0.0078611608022628,0.7,0.1,0.3,42,0.7012215571230345,5.72527524043324e+17
6,0,0.9752329770488832,0.6524452499584878,0.6504074662019579,0.14994675891023285,0.0,0.0,0.0,0.0,0.7,0.1,0.3,1,15.588867891810729,14.13885891286336
6,1,0.6702202393103607,0.6057781467691669,0.6033220063556277,0.16050926204558683,0.10837024767528647,0.03518868746116345,9.081940660196e-05,0.00013573310429306,0.7,0.1,0.3,3,8.251799318805794,15.661029135119517
6,2,0.14218581544863707,0.25981757986153575,0.2548895208343707,0.1287893311057654,1.0500289919474186,0.1308843482537735,0.00500660835124086,0.027326207077560737,0.7,0.1,0.3,4,0.6995171920841357,2.133145685319513
6,3,0.07755488685237129,0.16843340741518714,0.17497115036661465,0.09521675992932291,0.11435363701166944,0.07350665814634386,0.00193965625639615,0.00585277584529127,0.7,0.1,0.3,6,0.379174477298758,2.7351736166229577
6,4,0.07702929463707996,0.15751865035241186,0.15226843199931006,0.09177042330769673,0.05362143872889998,0.07287310880229814,0.001940067520441,0.00585433635631413,0.7,0.1,0.3,7,0.3822699894857334,5.739332404655791
6,5,1.0697643061662696,1.1526195861675048,1.1532402896479574,1.082850532149009,1.055319092614023,1.0,0.46756742848253385,1.0,0.7,0.1,0.3,8,0.3575600922010684,0.8189360468737332
6,6,1.0274577457000138,1.1046235695277713,1.0993462975958759,1.0460937401960995,1.006554945360668,1.0,0.04679550958836269,1.0,0.7,0.1,0.3,9,0.3553511878042008,4.762578279342217e+42
6,7,1.027457302742483,1.1097118761966602,1.110327709424687,1.0591526586785684,1.0046807416027428,1.0,0.04679550958836269,1.0,0.7,0.1,0.3,12,0.3554270968389211,4.762578279342217e+42
6,8,1.027431836007726,1.1096374045732005,1.1102528308809483,1.0568835840554296,1.0048258703450612,1.0,0.04672764986282514,1.0,0.7,0.1,0.3,13,0.3580557806701786,4.762578279342217e+42
6,9,1.0273905095388502,1.1095798558934764,1.1101951618878199,1.0675026751978058,1.0046883503942419,1.0,0.04637622858809162,1.0,0.7,0.1,0.3,14,0.3620001629618962,1.3656753858427917e+48
6,10,1.0276948972832973,1.1149705613173282,1.1214789842639394,1.0911549494714898,1.0049488913845448,1.0,0.04943361238544129,1.0,0.7,0.1,0.3,16,0.359052252708989,1.9128811957361374e+52
6,11,1.027694792956977,1.114970457298396,1.1214788934791426,1.1004786875889665,1.0049434525681415,1.0,0.049432960524582195,1.0,0.7,0.1,0.3,18,0.3590565167741051,1.912833613976528e+52
6,12,1.0276932876157283,1.1200574754195167,1.1324589946397121,1.1026253999734088,1.0049466693276001,1.0,0.04942318167459418,1.0,0.7,0.1,0.3,19,0.3591162941605126,1.9146132108562929e+52
7,0,0.968311345472117,0.651159572086888,0.6491142193236631,0.14960934008828852,0.0,0.0,0.0,0.0,0.7,0.1,0.3,1,16.0015595457213,15.089439052300252
7,1,0.5584596322785348,0.5663368983241286,0.5636768893408401,0.1465861895580088,0.13860603194807325,0.028519273510103686,9.172344085481e-05,0.00012294005832886,0.7,0.1,0.3,3,9.089549670179611,10.020835996063688
7,2,0.0930538529930775,0.22915387563342268,0.2302536092991795,0.09451761951478029,0.8648587827419776,0.056598378980048235,0.0024684867844969602,0.00575055028070127,0.7,0.1,0.3,4,0.8471707608937986,3.3098141931744496
7,3,0.04709275832572911,0.14932347348704395,0.15010003064396754,0.060075090532339635,0.14671779470632335,0.02378416756429142,0.00050967083891387,0.0006079362409736201,0.7,0.1,0.3,5,0.6253215529693011,2.762462791751989
7,4,0.06364339384235475,0.14066585726380934,0.1412396019508832,0.07403988201308719,0.11592651532998101,0.05890480791682841,0.00189131155963224,0.00462150716121124,0.7,0.1,0.3,6,0.4806730345472986,2.6232824180048606
7,5,0.059658080452639414,0.14175011958655134,0.14821686526028605,0.090258467301085,0.03884365413349348,0.05317604804916343,0.0019296402124893398,0.0047161378326031605,0.7,0.1,0.3,11,0.476203248277709,3.864409844519863
7,6,1.0216493999211962,1.0985201853571904,1.0990927351794681,1.061827311367323,1.0010045512995709,1.0,0.00869790015516524,1.0,0.7,0.1,0.3,14,0.4742808523947062,3.0197334708927164
8,0,0.9721722125065988,0.6518776690786007,0.649836538151154,0.14979700415966649,0.0,0.0,0.0,0.0,0.7,0.1,0.3,1,16.090896399206503,16.273526217627563
8,1,0.5675727680448724,0.5737567880452908,0.5711016019991599,0.15339781902134916,0.14508575787652012,0.03796304659195041,9.262747510766001e-05,7.957052815273e-05,0.7,0.1,0.3,3,9.10856730987062,10.525205198009164
8,2,0.055562980570035315,0.17542433413083075,0.1705137992618242,0.04223135982644092,0.8872697325622582,0.01765195082244498,0.005447893825781451,0.00011297071054067,0.7,0.1,0.3,4,0.659947069650167,2.092041106718036
8,3,0.038210928734829216,0.12389369669513646,0.11868557566273909,0.03143200252104455,0.12363642253691878,0.01717466167314343,0.00111551599460911,7.455600341038e-05,0.7,0.1,0.3,5,0.3933825287359564,2.183142855904149
8,4,0.0353701672821116,0.11876265224501342,0.1193877249151493,0.03612728341877834,0.023391396275928598,0.01717445073472447,0.001115271723355,7.453967743339e-05,0.7,0.1,0.3,7,0.3676168640426911,2.368018746993706
8,5,0.03458114699169759,0.1176339873096036,0.11825628803659076,0.037935123706136074,0.012561105414945144,0.01632326693353017,0.000533097211561,6.028837622496e-05,0.7,0.1,0.3,8,0.3645052452310186,2.522423310335291
8,6,1.080152080119414,1.1618443168192156,1.1624556058909241,1.1118583557871933,1.061842169949305,1.0,0.5758818251100186,1.0,0.7,0.1,0.3,9,0.3700830321488024,14.63020359635796
8,7,1.0801452737461799,1.1669110771993938,1.1734153601947008,1.1149174237752726,1.0576131220756146,1.0,0.5758756712638647,1.0,0.7,0.1,0.3,11,0.3668027038401656,0.7001384417132831
8,8,1.0800226259009915,1.161673445497089,1.1622843885794085,1.1117293930794017,1.057552786952583,1.0,0.5747443430561805,1.0,0.7,0.1,0.3,12,0.3687992968354347,14.554968608282891
8,9,1.0800663610259673,1.2024363730639178,1.2501923476011054,1.3967385998647597,1.0575181717431037,1.0,0.5751817134778564,1.0,0.7,0.1,0.3,65,0.3688503230461176,14.58077506850285
9,0,0.9672985039385299,0.6509707667887209,0.6489243280856742,0.1495597989765414,0.0,0.0,0.0,0.0,0.7,0.1,0.3,1,16.14334036568977,15.530347651216086
9,1,0.6546334343464646,0.6016891680957152,0.5992049484156349,0.1599503535472066,0.1125445202072846,0.0362016507253314,9.217545798124e-05,0.00010906092160914,0.7,0.1,0.3,3,9.836494546216278,5.402366874834431
9,2,0.08183876605206251,0.18875721106879328,0.1895742142188866,0.08986795822264516,1.0494157167280593,0.06824517465669436,0.00232572550470647,0.00470507305967574,0.7,0.1,0.3,4,1.4255272751677768,2.90038234570903
9,3,0.06222519257061521,0.11598810987727144,0.12223612931951043,0.07925904368977539,0.1369421697665593,0.06998322095015526,0.00190581543615643,0.0039868469928296,0.7,0.1,0.3,6,1.0517020112971336,2.6123090923426138
9,4,0.061910851917469006,0.11474741231605806,0.12098847341813519,0.08474237655689756,0.0516543481686279,0.06988156420539018,0.0019265676947634199,0.004023003995139119,0.7,0.1,0.3,8,1.0468770616237677,2.6238866507504075
9,5,0.06562773505452334,0.11273681371874801,0.11307997365765955,0.08732097975303198,0.05604782541597246,0.07538974410219056,0.00197269974346096,0.0041285202973715,0.7,0.1,0.3,9,1.04204607241733,3.865364936363811
9,6,0.0616031650000544,0.11374523957395839,0.11998113340445106,0.08942423992223257,0.050363467016531355,0.06967605511648671,0.00196978791049788,0.00409806231038458,0.7,0.1,0.3,10,1.0415892439047452,2.6603831677403385
9,7,0.06156865320197567,0.11867437040632182,0.1308024252961336,0.1040551567152086,0.05038140706387594,0.06967605511648674,0.00196978791049788,0.00409806231038458,0.7,0.1,0.3,12,1.042047906101505,2.636524146373666
9,8,0.06089436849096732,0.11290936305003885,0.11914429114752823,0.12704986830128714,0.049525967202779374,0.06879571126959547,0.0018766487914658899,0.0039363774799641,0.7,0.1,0.3,18,1.0419726018785949,2.702541769125056
9,9,0.06229417462358092,0.12957846918050386,0.15349274172812225,0.1610589784159392,0.050925782240451994,0.07077674531659357,0.00189097962854347,0.003975569460334271,0.7,0.1,0.3,22,1.0419886807372318,15.859620175171656
9,10,0.06230563432284705,0.13467947323296992,0.1644869023286757,0.1788227100963328,0.05093768542811175,0.0707934994299742,0.0018907434248260299,0.003975126033810851,0.7,0.1,0.3,24,1.0420395521785073,11.140242607821952
9,11,0.062290348210369315,0.1397540092100999,0.1754545393086738,0.19308771973088704,0.05092178328703521,0.07077167275381252,0.00189073511993585,0.00397510713728397,0.7,0.1,0.3,29,1.042043338327952,16.45198718880328
9,12,0.06228165614284106,0.14483518746550392,0.1864288565302326,0.21960552230666264,0.05091312838445882,0.0707602654996343,0.00189001300510151,0.0039730256775364,0.7,0.1,0.3,32,1.0420513677639858,15.722738775333234
9,13,0.062212065165426725,0.13967573764914815,0.17537626774772205,0.24005268452181994,0.050843507255292374,0.07065923451844272,0.0018909417232323498,0.00397648894887553,0.7,0.1,0.3,41,1.0420503129193783,2.554398690900176
9,14,0.062308477220456356,0.14995194678126314,0.19743875394258728,0.3033921629696914,0.05093991945480372,0.07079529944295354,0.00189152072232931,0.0039801827951502595,0.7,0.1,0.3,57,1.0420608870282817,21.37077717247966
10,0,0.9963556652791198,0.6563140887585279,0.6542989822438892,0.15095740231746507,0.0,0.0,0.0,0.0,0.7,0.1,0.3,1,14.397948447150474,15.567958381361
10,1,0.5732024828466333,0.5674440346927284,0.5648220076172483,0.14291099053178388,0.13174261999417758,0.02085544258341942,9.217545798124e-05,0.00011014911367146,0.7,0.1,0.3,3,8.009549838666182,10.43656883945157
10,2,0.09262527032177065,0.2055337898804229,0.20055814614519132,0.08054335004076396,0.9665542150617105,0.07098923472538518,0.00538714874347039,0.01306130198739791,0.7,0.1,0.3,4,0.8966252468503845,2.114884372947766
10,3,0.7558858347111179,0.8423377448081014,0.8371336413771552,0.749426922064347,0.8167665710150767,1.0,0.00270220718957038,0.09881704685823615,0.7,0.1,0.3,5,0.7248999093318824,17.97459240077447
10,6,0.04013870716912627,0.11496532334157022,0.11552160249002688,0.05211288553248366,0.0236467426286719,0.0280263355869246,0.00034501142998946,0.00145804765322833,0.7,0.1,0.3,9,0.5321566410628283,27.71631955306536
10,7,0.11483789782865017,0.19439786444541834,0.20084445036480705,0.14728694937390596,0.09600372034317017,0.12000084099474695,0.011210374123028121,0.03264505049242476,0.7,0.1,0.3,10,0.5483264189856613,1.162853387463519
10,8,0.1133168974042015,0.19781069727308664,0.2101491620993038,0.159884495423963,0.09360810261290989,0.11827632121911646,0.01091993050248761,0.031878916836651075,0.7,0.1,0.3,13,0.542592155560968,1.2423157175666948
10,9,0.1146969921952519,0.20427913937692463,0.22251072781455594,0.19930943048776714,0.09483016541918848,0.12023183233115722,0.01092998291054183,0.031914840979036393,0.7,0.1,0.3,24,0.5416929511054256,1.5616539221746415
10,10,0.10147099198732826,0.19105317879929798,0.20928475400279403,0.1931108012533363,0.08160374762661331,0.1006494439750045,0.01105523333098363,0.03347866563500257,0.7,0.1,0.3,26,0.5414785015191883,272.675097907986
10,11,0.10188058964568134,0.19146277101436487,0.2096943462178609,0.1970340737949138,0.08201340894424614,0.10122670583571688,0.01105458088976657,0.03349724615730222,0.7,0.1,0.3,27,0.5417261829112624,2.0620747534001787
10,12,0.18291387379841437,0.2877655900504247,0.3236765194599472,0.288217904990567,0.1630471791463638,0.13806574329097482,0.007714138436871849,0.21876415820062894,0.7,0.1,0.3,28,0.5416842474506339,0.7173570450569937
10,13,0.1841120066059963,0.2736939052316809,0.2919254847829743,0.2960290332150812,0.16424495176027992,0.13935874345624166,0.008302714579659861,0.21954485563204,0.7,0.1,0.3,31,0.5420119449239668,2.699488405130441
10,14,0.1841185651537981,0.26352067255658373,0.2699660006438379,0.2581899795062498,0.1642514245794482,0.1393691971915032,0.0083019935145003,0.21954258712504343,0.7,0.1,0.3,33,0.542055759049938,3.356075758376616
10,15,0.18355644342680363,0.2884080432620313,0.32431897441067264,0.3426843108587914,0.16368930562955739,0.13874834145379775,0.00813657184431537,0.21917264649486526,0.7,0.1,0.3,38,0.5419310845543406,3.03029826415132
10,16,0.18349251283271756,0.2883440801865833,0.3242550501680707,0.3426203764578791,0.1636253990772559,0.13867177767414438,0.008131017692149679,0.21914006588943882,0.7,0.1,0.3,40,0.5420167626249509,2.991223805644979
10,17,0.1851713796441287,0.3103825029143856,0.36986596345937595,0.49768392898479125,0.16530423296877847,0.14085698737744157,0.00824388846515756,0.2195998406518024,0.7,0.1,0.3,69,0.5421275590027125,7.250652449589985
10,18,0.18533320521794838,0.310544368226091,0.37002784113565707,0.5319414167015344,0.1654660637107785,0.14104411963536037,0.008244395934512939,0.21970245115640402,0.7,0.1,0.3,80,0.542102948037504,7.631036757805655
11,0,0.955951174367016,0.6488414841665283,0.6467825607347977,0.14900286742876592,0.0,0.0,0.0,0.0,0.7,0.1,0.3,1,17.733828469257944,12.16349282583689
11,1,0.55533731982579,0.5655958395293197,0.5629290102077927,0.14670705734151987,0.13772642887481149,0.0291405068681181,8.991537234910001e-05,8.734576756396001e-05,0.7,0.1,0.3,3,9.319254925149831,8.799756123738732
11,2,0.08769705641290301,0.22257184347102954,0.2236460741680752,0.0913076837614519,0.8767368869962396,0.05443848066887398,0.00205580454913915,0.00348523301136563,0.7,0.1,0.3,4,0.4679331840844983,2.8993127780205663
11,3,0.4532717295299342,0.5326574765117114,0.5273982642857659,0.4465782847744684,0.5926428977449986,0.587265618618323,0.00263595072849114,0.060958639206900235,0.7,0.1,0.3,5,0.3032033081890762,15.82140392529923
11,4,1.025208290551502,1.1096514000656832,1.1102850260953234,1.0429064656148723,1.0016033656058465,1.0,0.01586346039097595,1.0,0.7,0.1,0.3,11,0.3024014025734847,127.47811438424344
11,8,1.028210819705841,1.1279197686656435,1.1462327294961017,1.1443239185949836,1.0045903835378793,1.0,0.04590377125083886,1.0,0.7,0.1,0.3,30,0.3025936556609079,10.144287451943748
11,9,1.028211191921972,1.127919927551519,1.1462328918602152,1.1514204545691122,1.0045916162099473,1.0,0.045908466737291445,1.0,0.7,0.1,0.3,31,0.3025353963720463,10.142842970016789
11,10,1.028209759166364,1.127918465511781,1.1462314430546123,1.165404953826534,1.0045894542483185,1.0,0.04589423466837208,1.0,0.7,0.1,0.3,35,0.3024849334962916,10.146998288707596
11,11,1.028194916582986,1.122813684533645,1.13523349838117,1.1724174603745394,1.0045745955278733,1.0,0.04574580137129982,1.0,0.7,0.1,0.3,37,0.3024785341299064,10.1706801043755
11,12,1.028190762989007,1.1329893337881456,1.1571953990997097,1.2031653238027586,1.0045704471512098,1.0,0.045704317604650976,1.0,0.7,0.1,0.3,39,0.3024870527442745,10.202770428636574
11,13,1.0281908240123647,1.1380792941220517,1.1681785107643465,1.26477082121156,1.0045704951443335,1.0,0.045704932787886135,1.0,0.7,0.1,0.3,50,0.3024956182080799,10.175002133405004
11,14,1.028152391250327,1.1838499507416156,1.266987324570798,2.0045320605581085,1.004532060982096,1.0,0.04532060558108602,1.0,0.7,0.1,0.3,171,0.3025006991580639,10.17720797041711
12,0,0.9520550644117961,0.6481048250743378,0.6460416060457193,0.14881002345244657,0.0,0.0,0.0,0.0,0.7,0.1,0.3,1,16.986349639038252,14.15312522588036
12,1,0.5360563888536484,0.5531063390951068,0.5504196441548139,0.13671651541348698,0.13162392905021103,0.01612286374543192,9.127142372838001e-05,0.00012413012701923,0.7,0.1,0.3,3,9.855775947400309,9.18030391939352
12,2,0.08119599474600371,0.19198120194934737,0.1869846257634072,0.06964135376681067,0.9407835991282019,0.055610672209779576,0.00507189828524117,0.01576955290785776,0.7,0.1,0.3,4,0.9851413725197404,2.107917431937976
12,3,0.14325268566892144,0.22439527024878878,0.21915027025810718,0.13869127693278113,0.20968673932458995,0.12565046624332513,0.01597740412954396,0.09798432920592468,0.7,0.1,0.3,5,0.8755403260258681,1.4143670728094615
12,4,0.06654307563164363,0.1262230575638221,0.12080737713514797,0.0619954012709417,0.1156296211343131,0.06381365569442628,0.004876486871232219,0.01576339170239028,0.7,0.1,0.3,6,0.9549237265438082,1.7019722246151407
12,5,0.1181922473524702,0.1762183481947983,0.17664393510049003,0.129067784417264,0.12363694604724519,0.1161255440305552,0.01232248997645829,0.07038154693811212,0.7,0.1,0.3,7,0.8541539262104597,1.3976389504618876
12,6,0.1057727367891674,0.1686171240139787,0.17493376595514326,0.11582440294721755,0.09169691690602058,0.10522488592544661,0.01062613990804524,0.05525644054766658,0.7,0.1,0.3,9,0.8563923333588089,1.4524674324194118
12,7,1.0160637747638124,1.078877895921194,1.0851943131625201,1.0495097532271536,1.0016149299863817,1.0,0.01597114716167462,1.0,0.7,0.1,0.3,14,0.8651505111214209,14.246917256613774
12,8,1.0158667062561753,1.0786521744416622,1.0849683691037555,1.0620819505404282,1.0014297702224475,1.0,0.014086727689764201,1.0,0.7,0.1,0.3,18,0.8615998243699361,6.0070107179317285
12,9,1.0159879685491493,1.078771735945833,1.0850879169923042,1.0688622739305669,1.0015321158040211,1.0,0.0153044774537975,1.0,0.7,0.1,0.3,21,0.8617849388104805,10814.533747473262
12,10,1.0159894202595017,1.083862040134747,1.096071323732462,1.077755266094478,1.0015352621062552,1.0,0.01532212268327618,1.0,0.7,0.1,0.3,22,0.8614201694935196,117.339629657741
12,12,1.0160544255108415,1.1144662543819586,1.1620342949804698,1.1930733219337277,1.0015972685995445,1.0,0.015972666191205027,1.0,0.7,0.1,0.3,49,0.8612030454123338,14.911520691407752
12,13,1.0160544192369119,1.1144662482802943,1.1620342888788056,1.223293177633705,1.0015972682976937,1.0,0.01597260517456093,1.0,0.7,0.1,0.3,53,0.861206611626296,15.030221597555087
13,0,0.9741255457147855,0.6522402901963062,0.6502012941837911,0.14989356694112277,0.0,0.0,0.0,0.0,0.7,0.1,0.3,1,16.56225029118289,12.247653778024995
13,1,0.567882238966523,0.5727169380454913,0.5700656247714279,0.1518786919489456,0.14306477295752576,0.03552889246783086,9.081940660196e-05,0.00011621237934071999,0.7,0.1,0.3,3,9.492484877035476,7.739605846224616
13,2,0.12549550881603344,0.22783632361537592,0.22276999619153165,0.11419909869984807,1.0248893709655647,0.1228525574137425,0.00502602850214261,0.018047729486883927,0.7,0.1,0.3,4,1.2059957863825932,2.139538931667217
13,3,0.04688849593750329,0.1093190776912627,0.10392477593206592,0.04026149989732304,0.1548666449115699,0.041054099302907134,0.00102772785628547,0.00165817020573562,0.7,0.1,0.3,5,0.8431368209205912,2.235598507505878
13,4,0.10782656635506943,0.1751926224785874,0.17569023979426815,0.11379275034955345,0.09076988330746229,0.121818977088944,0.0042910201850641,0.015408422672052368,0.7,0.1,0.3,6,0.8247146725762663,1.8941683272272691
13,5,0.04648998418648888,0.11278723918433291,0.11327652262299095,0.05680047530421744,0.03254533598108781,0.04105409930290714,0.00102772785628547,0.00165817020573562,0.7,0.1,0.3,7,0.7967820259029122,2.275401176284455
13,6,0.13663550535215876,0.19053830717773526,0.17922416416449274,0.13635129189524453,0.12682519683153662,0.16740096357663464,0.00096273954885791,0.00973672260671599,0.7,0.1,0.3,8,0.777853405829853,12.307119296074989
13,7,0.5086561879363148,0.5776877359049639,0.5840518899375453,0.5486915528037827,0.49231614755732467,0.5217406711476499,0.057525217325921384,0.40430866273260485,0.7,0.1,0.3,16,0.7639456122745422,12.802018052480866
13,8,0.5092344175627618,0.5833411171699414,0.5955982691765893,0.5678968781406145,0.492857547125784,0.5226181546329405,0.057510604414787045,0.40420919792175525,0.7,0.1,0.3,20,0.7624629132299896,14.040337396633548
13,9,0.5092296300458434,0.5935160703739768,0.6175594747142235,0.5999640798613589,0.49284181341956945,0.5226109974573905,0.05751072067287834,0.40420997004054965,0.7,0.1,0.3,24,0.762704579738163,14.037894632949795
13,10,0.510863585925857,0.5900600900532644,0.6082103818956266,0.6484700222549733,0.49447572091832964,0.5223130177554051,0.05713412649223627,0.4104773118311177,0.7,0.1,0.3,37,0.7627929419958991,190.0786241893227
13,11,0.5089666992595778,0.6339722569680746,0.7051606680340377,0.8672528975599485,0.492578836452985,0.5222382780471166,0.05769648756721668,0.4041413054835047,0.7,0.1,0.3,79,0.7629424316365865,14.315925695750106
14,0,0.9889763243215496,0.6549715596001088,0.6529485734439945,0.15060622383108596,0.0,0.0,0.0,0.0,0.7,0.1,0.3,1,15.511824203385302,17.14372891128004
14,1,0.5927108805700728,0.590493080559556,0.5878613847263146,0.167179341461869,0.15678833206243223,0.05614878469905844,9.353150936052e-05,8.589608921785e-05,0.7,0.1,0.3,3,9.016229885918444,11.622531202174269
14,2,0.05101615386579553,0.14881234693149328,0.1495564715591631,0.05900211820314679,0.9938274657399402,0.03079304247024211,0.00252445319913227,0.00030706097559638,0.7,0.1,0.3,4,1.5208521489857727,2.951706313359072
14,3,0.34567460325772864,0.3988927694991927,0.39342740692273437,0.33877886728877243,0.4525996479493428,0.46290965385817034,0.0027419610662179302,0.02240342883157169,0.7,0.1,0.3,5,0.8465364592037347,15.909302265718432
14,4,0.02309630869502091,0.08017377383344769,0.08059210595204876,0.026161446082059028,0.010633648312241449,0.01053232811609326,0.014433992868079221,2.5700314813349998e-05,0.7,0.1,0.3,7,0.8796328415819011,1.3488266095385228
14,5,1.0305241563065133,1.082494834961112,1.0770199414156432,1.0439518755832937,1.0163061819858699,1.0,0.16256639563860542,1.0,0.7,0.1,0.3,8,0.8873262964468898,1.4269996957802833
14,6,1.0305240994598304,1.0824925767151095,1.0770176641459186,1.0516223500187993,1.0162605777948188,1.0,0.16257254948475927,1.0,0.7,0.1,0.3,10,0.8882970577665397,14.620317374944264
14,8,1.0304597433763807,1.0976841425295505,1.1098884876059874,1.0958044742041706,1.0161970887830267,1.0,0.16197026258261824,1.0,0.7,0.1,0.3,17,0.8856726868971423,1.402913316348812
14,9,1.0304603563436723,1.0976846327431995,1.1098889795587552,1.121976222727154,1.01619776434004,1.0,0.16197671803295416,1.0,0.7,0.1,0.3,22,0.8855336524483908,3.074015204280764
14,11,1.030522159742956,1.1079259917062791,1.131916567865401,1.1605180711938545,1.0162597251203116,1.0,0.1625954379797939,1.0,0.7,0.1,0.3,28,0.8844995883241012,1.4589441104893104
14,12,1.0305130911781024,1.1028268942793988,1.120924372044331,1.1596958564379423,1.016250573463867,1.0,0.1625050051806646,1.0,0.7,0.1,0.3,31,0.8845674684915451,48887.10555227224
14,13,0.02415571231612929,0.12191901762106948,0.16948209844738885,0.19106627242193625,0.009893135200656636,0.012812479281085958,0.00910886181411322,4.5027012174360005e-05,0.7,0.1,0.3,46,0.8847607109024873,32913616351.152195
14,14,0.02415591100777244,0.13718895163424435,0.2024313964224874,0.23778910741092074,0.009893333986342314,0.01281277777584281,0.00910880184717458,4.501295865691e-05,0.7,0.1,0.3,54,0.8848108308295684,18809726118.733124
15,0,0.9719303493225083,0.6518328559740995,0.6497914588211328,0.14978520707679444,0.0,0.0,0.0,0.0,0.7,0.1,0.3,1,15.800327850150223,14.06213370804496
15,1,0.5714577681278343,0.5773685385500411,0.5747141243307134,0.1569117286052502,0.14836481596726583,0.04291946719759595,9.127142372838001e-05,0.00011332723421643,0.7,0.1,0.3,3,8.851198211111146,9.175020952528486
15,2,0.14521179518248073,0.2637949274138363,0.25887163686134157,0.1322149632861025,0.9834535599355233,0.1393346421015143,0.00502304117869384,0.01815015189612909,0.7,0.1,0.3,4,0.7119972348515964,2.093805894332142
15,3,0.06223187655702856,0.14186758682834186,0.14246227497306785,0.055632792175481886,0.18076917742077317,0.05685961281548322,0.00135019048916633,0.0016764650703588201,0.7,0.1,0.3,5,0.4131530853320513,3.762008548304937
15,4,0.0622318765586635,0.14695752447677077,0.15344537631680308,0.06305435010261588,0.04043971412424986,0.056859612815483226,0.00135019048916635,0.0016764650703588201,0.7,0.1,0.3,7,0.4131530803115644,3.7620086074684047
15,5,0.06316027330352976,0.1427951691730107,0.1433898571269933,0.0873761151171843,0.04136876061136929,0.058196117495464696,0.00134606073163864,0.0016550257269385901,0.7,0.1,0.3,14,0.4146248468115722,23.999703654983023
15,6,0.06221566511546661,0.1520198520199165,0.1644007095534641,0.08920017116046218,0.04046033410729068,0.05684622189693402,0.00134463348467896,0.00166956521141767,0.7,0.1,0.3,15,0.413504619137222,3.758833089505227
15,7,0.30256114988104366,0.39745521407132123,0.41572921057102363,0.4365981672209752,0.28077320094266395,0.39532221173353954,0.00269248118998288,0.01259464658646418,0.7,0.1,0.3,35,0.4135936491916734,11.53736208790626
16,0,0.9659297675319732,0.6507150136637253,0.6486670610404079,0.1494927958083335,0.0,0.0,0.0,0.0,0.7,0.1,0.3,1,16.249468200081246,15.624473319818089
16,1,0.560990856743461,0.5702122337871058,0.5675483699110118,0.1509453657513986,0.14337882099837151,0.034986299575828286,9.217545798124e-05,0.00014127818651046002,0.7,0.1,0.3,3,9.203029740022217,9.99028260614946
16,2,0.1394640910013322,0.26418808294919766,0.2593278677442654,0.12462161241492371,0.9426874820245731,0.12065809794591746,0.00549010650349281,0.02702559365089694,0.7,0.1,0.3,4,0.4424105442690932,2.145504076856161
16,3,0.07597174457363157,0.16095672130948085,0.1615947447137647,0.08623610013759578,0.1273189288611216,0.07165993800063139,0.00202763781468372,0.00591028285977654,0.7,0.1,0.3,6,0.3233619950551224,2.720337369322592
16,4,0.0729202025400774,0.15790473033652794,0.15854274833271187,0.09535264678786469,0.04908704156037191,0.06729542781291059,0.00203379166083756,0.00592098596718187,0.7,0.1,0.3,9,0.3244471914148925,15.740104457320442
16,5,0.2939703528106281,0.3779198915117215,0.3785494954013702,0.30703081762000006,0.2737956818851924,0.30327648461478673,0.02418788332172431,0.18609380884970664,0.7,0.1,0.3,10,0.3294828934773209,0.7476020030672209
16,6,0.29000388548702727,0.3786298455963836,0.3851492067120643,0.30584438873244224,0.2680325687224254,0.30116689552676973,0.02321606621159866,0.17865256544451483,0.7,0.1,0.3,11,0.3284785223130041,0.7271172225012349
16,7,0.31139789964744735,0.39480098760828425,0.39542615017967286,0.3378982597035655,0.2883183801420565,0.31993167699327335,0.02804013635806334,0.20474439424933988,0.7,0.1,0.3,14,0.3396749338245013,13.32829925847691
16,8,0.31370745324232485,0.40724980584287573,0.4196608634542014,0.3601793799946299,0.2905683117197799,0.32357008341609045,0.027579705375241147,0.2041589620299092,0.7,0.1,0.3,16,0.342477944914619,0.7246006186205224
16,9,0.3122607333416231,0.4007126499825284,0.40723060292200464,0.3555400804133262,0.28905904647293956,0.3211500002848394,0.02806984052971252,0.20482071354904735,0.7,0.1,0.3,18,0.3422714957622064,13.265106702688067
16,10,0.3122826984948726,0.405823450270314,0.4182344942660177,0.3643800672731244,0.2890822174562296,0.32119394969285237,0.028059831326192268,0.20479609173271784,0.7,0.1,0.3,20,0.3448153351832305,13.23649582572516
16,11,0.3123359949120528,0.4058764688137586,0.41828751715725965,0.3710502534068182,0.2891344736245425,0.3212675676077668,0.028061039869404347,0.20480193665653484,0.7,0.1,0.3,22,0.3444812022976562,13.381574980959696
16,12,0.31235923653589953,0.4058994718801525,0.4183105237018914,0.41093076983166005,0.2891573994734656,0.32136603272290676,0.02802039563645206,0.204663445229404,0.7,0.1,0.3,27,0.3437787308002867,5.749064081996412
16,13,0.31231656439275063,0.4160366100169474,0.44023391330272565,0.4214291502741889,0.2891146951573256,0.3212540397109246,0.02804584054189944,0.2047740823076453,0.7,0.1,0.3,30,0.3440452389251394,13.35439132136908
17,0,0.9632805104033592,0.650219584212056,0.64816873093392,0.14936320302214579,0.0,0.0,0.0,0.0,0.7,0.1,0.3,1,16.495816660950762,13.42790081095076
17,1,0.5514418797630996,0.5617339969254803,0.5590670604180977,0.14285538662353892,0.13546054508263505,0.02364566864339074,9.081940660196e-05,9.506863186768e-05,0.7,0.1,0.3,3,9.338747848150252,8.748079348804957
17,2,0.0718322295800875,0.18940750851934077,0.19032619416067661,0.07761855441476681,0.9238351805916929,0.04474530818337892,0.00222520359043404,0.00392569555589224,0.7,0.1,0.3,4,0.8981308678097051,2.999886205150968
17,3,0.6614476478749058,0.7266922769606315,0.7213199784279675,0.6548562748108624,0.7958213056915825,0.8956329242206176,0.00266245331292284,0.05248527544234395,0.7,0.1,0.3,5,0.6390899925929481,15.427169999495456
17,4,0.6612432072331805,0.730970685789419,0.7314867624775234,0.6606245357977485,0.6438708737686456,0.8956329242206177,0.00266245331292284,0.05248527544234403,0.7,0.1,0.3,7,0.6275782407998266,15.74059728648453
17,5,0.661391144374772,0.7311172973631768,0.7316333428537267,0.674528023144139,0.6431053501065362,0.8958611432327246,0.00266297071615926,0.05244725156195662,0.7,0.1,0.3,9,0.6272065375130382,12.456325629544606
17,6,0.10169123923658623,0.18157317587504712,0.19387526878605243,0.1303586651524855,0.08348385323756839,0.11178390331579238,0.00784278575161507,0.014594729061835121,0.7,0.1,0.3,10,0.6254365747993481,233.72141413100556
17,7,0.10169124197504872,0.18157317865344358,0.1938752715644489,0.13035866793117457,0.08341148383483296,0.11178390758703376,0.0078427855293138,0.01459472843102721,0.7,0.1,0.3,12,0.6254366096010366,233.7214009614297
17,8,0.10222997081620512,0.18719770931500232,0.20539292526519196,0.16100603021279034,0.0839546147845287,0.11258357244462032,0.00778262878036075,0.014549253603938639,0.7,0.1,0.3,16,0.6261212728864782,217.68568777461988
17,9,0.10922343278420435,0.1891012449782528,0.20140332283184698,0.19115858418218173,0.09094502597283574,0.12187164677688196,0.00872230883078368,0.01587543118411807,0.7,0.1,0.3,27,0.6260435399566923,320.01988467536154
18,0,0.9755390632589043,0.6525017905825378,0.6504642953403152,0.14996047471415017,0.0,0.0,0.0,0.0,0.7,0.1,0.3,1,15.539361490483024,14.79187134837776
18,1,0.1873139181624715,0.2882265513905127,0.283146768500797,0.17630763609998049,0.546540811786148,0.20641757292556767,0.00524999282773195,0.03195478993390188,0.7,0.1,0.3,4,1.244912866797477,2.117474460137177
18,2,0.05081882182807603,0.12982525220710656,0.1245582504316815,0.044866442956838365,0.10327759080438911,0.03924763800235877,0.0009956473611977801,0.00186184361335163,0.7,0.1,0.3,5,1.0658169923817002,2.0624731385203496
18,3,0.16826083922558002,0.23219548364443487,0.23266645555264706,0.16514760620569482,0.2070376070704764,0.20464911134674724,0.00447389731119401,0.02723097982341719,0.7,0.1,0.3,6,0.7945487085251396,1.9574244966830427
18,4,0.14314965253878423,0.2045917427534985,0.205043500747087,0.147795319144085,0.13125023239097788,0.1743119707907244,0.00348827344119639,0.01725816906401956,0.7,0.1,0.3,8,0.8107565644920565,15.649447388476512
18,5,0.15149620073782752,0.2231072396913301,0.23534515229122946,0.1691108679520331,0.1359052801444713,0.18476708509604362,0.00381582755371781,0.02058675807533792,0.7,0.1,0.3,11,0.7996516551479212,2.021341138454946
18,6,0.1631031220551151,0.22953570356859831,0.2358798325612627,0.1871002742470828,0.14766058060809104,0.19924320242413532,0.00424043017143541,0.025449322556550906,0.7,0.1,0.3,13,0.805388315131159,1.9141871503515449
18,7,0.14101596212804596,0.21252694934314062,0.22476409117653945,0.16949439316228773,0.12546254621998226,0.17114532610566668,0.00335667236329329,0.017693666913294027,0.7,0.1,0.3,15,0.8039742795953659,2.2163373848810357
18,8,0.14318286250199383,0.2146871205281222,0.22692419466489855,0.17675705566434266,0.12763440028612297,0.17423494552542365,0.00333186552186587,0.01772277801789145,0.7,0.1,0.3,16,0.8010535930685164,3.359857652400522
18,9,0.14101343672311245,0.21760620795886768,0.23573641546295546,0.17778019976781104,0.12544968203935847,0.17114532610566663,0.00335667236329329,0.017693666913294027,0.7,0.1,0.3,17,0.7990271240064869,2.225145563812044
18,10,0.14360060339934114,0.2201922693510466,0.2383224801426291,0.1889536165440249,0.1280345925462666,0.1747866694803143,0.0033729919288974703,0.01781675320887485,0.7,0.1,0.3,19,0.8013468121675759,3.216625238357916
18,13,0.14934421178553095,0.23611461547186816,0.2660310677808491,0.24627223879133187,0.13377733464766486,0.18210266301625744,0.00369917934656415,0.019783860726181622,0.7,0.1,0.3,23,0.8003826182525776,2.060356459288621
19,0,0.9872604126732744,0.654658023199985,0.6526331973248221,0.15052421256070395,0.0,0.0,0.0,0.0,0.7,0.1,0.3,1,15.477002268120142,16.89827762996225
19,1,0.5739967288752139,0.5714504274984488,0.5688196487253101,0.14802354625901032,0.13706023607122597,0.02873214076755165,9.307949223409e-05,6.312224941987001e-05,0.7,0.1,0.3,3,8.109452858702298,9.768464763830709
19,2,0.08000166937581706,0.27390926735752663,0.26956711589122323,0.08126342152284631,0.7809123623087595,0.02024176311879177,0.0022498633417599003,0.00026325293075958004,0.7,0.1,0.3,4,1.2945065318025302,2.777411765556509
19,3,0.15456710066204069,0.2211913252697418,0.21582990804815408,0.14798440297439036,0.42289778250882737,0.1915830817123812,0.00272870977400208,0.00407412700226275,0.7,0.1,0.3,5,0.5897598290188564,16.032990631561805
19,4,0.06273645950096968,0.13407658732241304,0.13460530400329854,0.07134457949258197,0.045036932993835516,0.0593985486007156,0.01315086737281512,0.0033556876337063704,0.7,0.1,0.3,6,0.5964624387941582,0.7179230468868263
19,5,0.025013029057183434,0.10143921851778094,0.10786105475961281,0.045743386885033134,0.006182628300728264,0.00681419964295988,0.01400652564069596,2.693960693693e-05,0.7,0.1,0.3,9,0.597986513322386,1.3908209553066937
19,6,0.15331818992508775,0.2246543637021301,0.22518305035235034,0.19120064609544957,0.13448395825957976,0.18998423613176946,0.00272864900573221,0.00407347778242456,0.7,0.1,0.3,13,0.5977948595972186,1773.9975342958446
19,7,0.06127899829585633,0.15806463373004642,0.1880589622745,0.16344404505053098,0.042444689924332715,0.05715585246093134,0.014025098657740251,0.0034436057398747498,0.7,0.1,0.3,27,0.598065407253567,1524.5742440902866
19,8,0.061996320857721283,0.15878185920209797,0.1887761762515353,0.19558352378522426,0.04316208112023836,0.05838564261290746,0.01340544585376322,0.00317178622188986,0.7,0.1,0.3,31,0.5979616825900788,5.883358160087356
19,9,0.06210716955877643,0.16398261415438045,0.1998700313371264,0.214131577285916,0.04327290524703967,0.05853025238407533,0.01353884738167641,0.0031594167021932,0.7,0.1,0.3,34,0.5978530067517273,5.905461940805127
19,11,0.061439929037674396,0.26511335039981293,0.4188633078216628,0.7191586338251219,0.04260564662926793,0.05726774018843959,0.014380698297043271,0.00360052796615197,0.7,0.1,0.3,119,0.5978325607819448,1024.078459332508
20,0,0.9756735318706066,0.6525266436040982,0.6504893052809346,0.14996670579474633,0.0,0.0,0.0,0.0,0.7,0.1,0.3,1,16.265596377322776,17.05838281811225
20,1,0.024572390960538062,0.07631812215617176,0.07084078132187212,0.026145457149250612,0.45331430353873226,0.01447784042721259,0.00251390445760596,0.00037788362417096,0.7,0.1,0.3,4,2.449716185579579,2.9362381349252926
20,2,0.00903144207753863,0.008407499869421959,0.008407499869421959,0.016824589190248915,0.16792791982250158,0.01185567222599608,0.00058152792455721,0.00016792172922994,0.7,0.1,0.3,5,1.6930179549317337,3.1928874365766697
20,3,0.008990725830549324,0.018337529118280405,0.030122322863654995,0.038417770187570484,0.008587612975987416,0.01185196822798445,0.00058105587032613,0.00016767569314276998,0.7,0.1,0.3,8,1.694642966689881,3.186298662314512
20,4,0.008600661124596877,0.010709083830151693,0.016585878445533074,0.0236562399168721,0.014119685539832299,0.01185567222599607,0.00058152792455721,0.00016792172922994,0.7,0.1,0.3,9,1.7423782903725191,3.0857895787469958
20,5,0.005619724548257382,0.011770956953831475,0.023533603299676683,0.030400497528622786,0.008417641720705306,0.00505332857009655,0.02066805217758344,4.352755750118e-05,0.7,0.1,0.3,10,1.7635561912540674,1.2839898262504392
20,6,0.005827919979460208,0.022147497761231785,0.0456962908873528,0.06212085581854422,0.005831783743989715,0.00561988899601798,0.018743242484776882,6.4013150315e-05,0.7,0.1,0.3,17,1.7612763992689278,238152.71533215384
20,9,0.00628703010741893,0.0175147514788422,0.035170444959727425,0.0559628389937721,0.006287514541813489,0.00599192169707039,0.020627468699519667,9.946978949302e-05,0.7,0.1,0.3,25,1.7617714688787902,4.99569660371607
20,10,0.00908219048384165,0.015219547853458444,0.026982096090529255,0.08159254561351405,0.009083316181690062,0.00997502741839848,0.02077110183566647,7.514156116366e-05,0.7,0.1,0.3,26,1.7613263789362774,1.1589034666345863
20,13,0.008779060469502158,0.02509615644363886,0.048644957014308446,0.11567525029767423,0.008779116748483898,0.00952435412933941,0.02086578910517749,8.477889482274e-05,0.7,0.1,0.3,37,1.76136483042498,1.30911979579894
21,0,0.9727895389954101,0.6519922259748558,0.649951757949238,0.14982689469592825,0.0,0.0,0.0,0.0,0.7,0.1,0.3,1,15.824523938488154,13.722090583225
21,1,0.558570478600638,0.5648757765601388,0.5622202495512324,0.14455990664655552,0.13645946033075565,0.02534206427195554,9.127142372838001e-05,0.00012132721954851,0.7,0.1,0.3,3,8.933888755413776,8.910009385860555
21,2,0.07470939864260635,0.1848295182348807,0.17983438112536998,0.07386506967892728,0.9396097368953887,0.04987736998193079,0.00232894193363773,0.00540118703544918,0.7,0.1,0.3,4,1.0758737743652411,3.099289672075025
21,3,0.034096101166292796,0.10168517604276153,0.10218451371780303,0.04720222485693159,0.1703460827169865,0.02323677075396577,0.0005263060070664399,0.00067445202501343,0.7,0.1,0.3,5,0.7218814144294097,3.0424456834301026
21,4,0.06882614738383296,0.14087941828283357,0.14726703423675824,0.09744941262903954,0.052396685571822574,0.07283696843225355,0.0006706027725726,0.00134507405843781,0.7,0.1,0.3,7,0.6922372903668392,85.8414097594652
21,5,0.053938395893941705,0.12575417561474636,0.1321399462507787,0.07167636056426294,0.03736008113564677,0.0502300539084091,0.0018371826688777001,0.0043392814585094894,0.7,0.1,0.3,8,0.6991220672271086,2.6642401985713824
21,6,0.025072152149259317,0.09683706309346093,0.10322243743467131,0.047558121705878253,0.007949520583059163,0.01091127761162518,5.7318953835239995e-05,0.00051097727398546,0.7,0.1,0.3,9,0.6987164581854123,3.078978312157309
21,7,0.02507215199456401,0.10701686072462625,0.12518846093116492,0.07056446384124956,0.007796928167420761,0.01091127761162517,5.7318953835239995e-05,0.00051097727398546,0.7,0.1,0.3,11,0.6987392573600203,3.0789299460153887
21,8,0.02506907536174562,0.10701378407225233,0.12518538427879103,0.1258279000019533,0.007793845479206523,0.01090688216949913,5.731902470845e-05,0.00051097777407543,0.7,0.1,0.3,26,0.6987324062448576,3.078941049912024
22,0,0.9817174058036817,0.6536444859144723,0.6516136774629486,0.15026483349749417,0.0,0.0,0.0,0.0,0.7,0.1,0.3,1,15.16247278355567,14.628971005924088
22,1,0.5741197556133257,0.5775374783055747,0.5748901183079915,0.1561966752813851,0.14802039242965576,0.041458415635589455,9.307949223409e-05,8.053427557922e-05,0.7,0.1,0.3,3,8.625107925326464,9.644421766345143
22,2,0.06139756185145933,0.17697210165185545,0.17787278253780153,0.06743885684509315,0.9287198496975031,0.03286147773534276,0.00247781673289635,0.00035178651844266996,0.7,0.1,0.3,4,0.971262211795775,2.9637836649305616
22,3,0.041131438187292785,0.12088669309346554,0.12733483850927454,0.05895256851093977,0.08762661151136691,0.029807130360101252,0.0020909997785891,0.00021873718719914002,0.7,0.1,0.3,6,0.5287395759251203,2.6246065147558246
22,4,0.04360145956715726,0.12322480383051183,0.12967190124735672,0.07739895406851567,0.02375723046595398,0.0333909510676024,0.0019335382130002102,0.00029759771865060997,0.7,0.1,0.3,10,0.5271163318077378,2.7912125221980566
22,5,0.041929369348250346,0.12664258719321575,0.1389827979775045,0.10897369480854434,0.02198423054316236,0.03097732307808606,0.00193836141491656,0.00035419989344126,0.7,0.1,0.3,18,0.5272504627567356,846555533251.7881
22,6,0.0425936737817371,0.14257662555241812,0.1725962002986306,0.13093078946828443,0.022648550180731693,0.03195573775044537,0.00193528761467886,0.00028660052337631996,0.7,0.1,0.3,22,0.5271924423383666,3.996286806936626
22,7,0.03989191554481173,0.1398748704188669,0.1698944451650794,0.19612831394732433,0.01994677296990168,0.02810142082874052,0.00209755937844386,0.00022006564092860002,0.7,0.1,0.3,36,0.5272081330773762,26.89550765000044
22,8,0.040723023837917406,0.155975675465768,0.20367465300675036,0.2507870930031972,0.020777882752766666,0.02928860984588531,0.0021222021871459,0.00021210566520036997,0.7,0.1,0.3,43,0.527216157481195,2.598492049288131
22,9,0.039764421560650715,0.2059160617468647,0.31254629660804356,0.540993539531641,0.01981927738806797,0.02790299804390912,0.00222354102771474,0.00021608067385570003,0.7,0.1,0.3,104,0.5272276299555188,26.852243788504857
23,0,0.9806423851910084,0.6534436424339869,0.6514117036333812,0.15020655207219044,0.0,0.0,0.0,0.0,0.7,0.1,0.3,1,15.278597957389124,14.037171511336492
23,1,0.571502513428959,0.5739094029803734,0.5712648645525562,0.1522096285639595,0.14314046682682816,0.03556909906557469,9.127142372838001e-05,0.00012290580712493,0.7,0.1,0.3,3,8.58286032547854,8.920178595803389
23,2,0.12038280383056588,0.2361308283483764,0.23116600874646934,0.10988247838240263,0.9928977374903881,0.11020231124975303,0.00483654664401941,0.017582391240906332,0.7,0.1,0.3,4,1.1113961913865804,2.045981535095992
23,3,0.050709286280685585,0.1166865915403663,0.11717337920803625,0.04404225619101217,0.18941258336740516,0.047117461169791756,0.00134798312768604,0.0018151897662085099,0.7,0.1,0.3,5,0.7009544851704049,3.802494362889655
23,4,0.5204225292535347,0.5812193588151007,0.5758123419219516,0.5173528810504553,0.5036757681541164,0.7046091879078336,0.00267554224203767,0.033034172956123195,0.7,0.1,0.3,6,0.7059624172955454,1866.274302290966
23,5,0.6255575475254751,0.6914432910635825,0.691929389086253,0.6248734527436661,0.6085426459375194,0.4403771396832729,0.0027559361790270302,1.0,0.7,0.1,0.3,7,0.7046069709060262,12.69292460670263
23,6,0.18965549103330184,0.25534217106158924,0.2558267017618043,0.20335627492557645,0.17290060878767635,0.2074282487606141,0.01284441030201933,0.08739271586215994,0.7,0.1,0.3,10,0.7079486060612307,14.731769209705089
23,7,0.11304543518431819,0.17872775195635213,0.17921225784325875,0.13164813705255002,0.09610666208995097,0.12791792476613356,0.0068622867998131,0.019548736312833558,0.7,0.1,0.3,11,0.707397013270474,14.833607737498522
23,8,0.11506216206475561,0.1858338371801723,0.19221147662513366,0.14740514048971667,0.09811065732957877,0.13080699365718282,0.00685613295365922,0.01953257818066581,0.7,0.1,0.3,15,0.7076700774870165,1.289829769602396
23,9,0.1872980916328636,0.2682493956224115,0.28641328914009045,0.2305682498354889,0.17034647416800788,0.20562788355743108,0.01280734646349033,0.0837534099373127,0.7,0.1,0.3,18,0.7076650872462616,14.464010200697851
23,10,0.11510262880237516,0.23168322716454176,0.2910990008063582,0.2978242732722984,0.09815081689202589,0.13086469932248318,0.006856228430120399,0.019533011940153187,0.7,0.1,0.3,43,0.7077231461680074,1.2921592992440645
23,11,0.18840232928809847,0.32534252219750887,0.4083307731686929,0.6668714566065567,0.17145051671849815,0.2062464894271714,0.01312633086037705,0.08588446678791675,0.7,0.1,0.3,102,0.707686933368189,326276200577894.75
24,0,0.9455634644030888,0.6468708725538608,0.644800375748119,0.1484872500705348,0.0,0.0,0.0,0.0,0.7,0.1,0.3,1,17.771793255620583,16.44682430825216
24,1,0.5574331328431762,0.5766632250016713,0.5739700576423908,0.16109085410008545,0.15614427977794082,0.051370329765126566,9.262747510766001e-05,9.244079729211001e-05,0.7,0.1,0.3,3,10.346075140620526,10.655107042048408
24,2,0.08476179461710287,0.23991321166346188,0.24116483228190175,0.08643681996277172,0.8023333040156589,0.03732144735291333,0.002306087949598,0.00029125433600006004,0.7,0.1,0.3,4,0.3507935278052344,2.8236444694556235
24,3,0.049261353727497674,0.13610414903908674,0.13675723134927908,0.062281740386107336,0.23177342509406793,0.03516039851174317,0.0005541986956543,0.00016467174899284,0.7,0.1,0.3,5,0.2849666711662121,3.062681272543596
24,4,0.04789364752061123,0.13627815902285623,0.14279555768814867,0.07036938880852815,0.03020569429315387,0.035160398511743164,0.0005541986956543,0.00016467174899284,0.7,0.1,0.3,7,0.357227289215575,3.2345236918560207
24,5,0.048647666675346465,0.13185832878661768,0.13248191998508327,0.07112531249618281,0.025635088963711115,0.036283544100011875,0.0005498606996251399,0.00016668788730216,0.7,0.1,0.3,9,0.3951194541801145,15.353354889692053
24,6,0.03367785215712726,0.11685416685271065,0.11747748429695039,0.05725805474321225,0.010573786215364058,0.014130375576148829,0.0063235328288425196,7.755140882170001e-05,0.7,0.1,0.3,13,0.3756262674951715,8.622710653530323
24,7,0.03258784687197511,0.11576184686557543,0.11638513639975552,0.09130641577339327,0.009459279379608594,0.01234847331359025,0.00783616759868877,0.00010078889517124,0.7,0.1,0.3,18,0.3818823088752613,8.065062708769771
24,8,0.03258734123870715,0.12084988170454121,0.12736629224145687,0.10058705253439192,0.00945983821162813,0.01234847331359025,0.00783616759868877,0.00010078889517124,0.7,0.1,0.3,20,0.3807581379034194,8.069170212457982
24,9,0.033004888502243084,0.1314470109645815,0.14974967644377452,0.11488256679344201,0.009875675631826035,0.013181453048687189,0.006273917883582799,7.006039046270999e-05,0.7,0.1,0.3,23,0.3816996056101467,8.919412295409744
24,10,0.032587201693451175,0.12593931443922868,0.13834883032680984,0.1171083593386233,0.009458121296961717,0.012348473164796819,0.00783616775598054,0.00010078890078914001,0.7,0.1,0.3,24,0.3801069799514083,8.071560675284031
24,11,0.03352814784264852,0.13196981433021684,0.15027246116717438,0.12201794160177097,0.010399809849417014,0.01393650771444618,0.00620235638674242,7.686897321917e-05,0.7,0.1,0.3,25,0.3806541494895062,9.175507029829188
24,12,0.03150658735449462,0.12485835955550857,0.13726788066044648,0.15467822772700512,0.008377300950652585,0.01103085151455488,0.006414928679831421,4.73561448505e-05,0.7,0.1,0.3,30,0.3805204940299712,8.814875488709282
24,13,0.03281318204333827,0.12616495474632455,0.13857447585126245,0.12792463391951797,0.0096839298051415,0.01293116075968601,0.00611465509428532,6.870973744652e-05,0.7,0.1,0.3,32,0.3803894886082394,9.018557392409898
24,14,0.033472963350700574,0.13700453551797304,0.16120030808695027,0.16015828605232685,0.010343699998062408,0.01385792168564223,0.00620161896143857,7.655675610813e-05,0.7,0.1,0.3,34,0.3805638268480614,8.894138049348626
24,15,0.031882617447022525,0.17613338015485125,0.24747415857998564,0.5864332098357801,0.008753328493585177,0.01152658517211318,0.00670009918991068,4.902891890843e-05,0.7,0.1,0.3,127,0.3804914041092657,8.726285454010604
25,0,0.9512715533179448,0.647956328270514,0.6458922119684879,0.1487713790077867,0.0,0.0,0.0,0.0,0.7,0.1,0.3,1,17.872473378401004,12.330413628401002
25,1,0.5511507282735234,0.5647053033463024,0.5620288847335531,0.14702058849624647,0.13931482359960395,0.03018560177770232,8.991537234910001e-05,0.00012496095637354998,0.7,0.1,0.3,3,9.661156814934756,8.669057582266257
25,2,0.09780544847950878,0.2444103133856054,0.2455822079121399,0.10094191648901041,0.8520988093406955,0.061017050382598345,0.0020244971036349102,0.00541348577855763,0.7,0.1,0.3,4,0.3570662388727735,2.858626342832633
25,3,0.927382479168882,1.0181184277181734,1.0129509078588856,0.9205853542891584,1.0553391875180618,1.0,0.00263595072849114,0.6639734102134984,0.7,0.1,0.3,5,0.3339343488118247,14.46769310589664
25,4,0.06929413907820699,0.16035860499783933,0.16689784776584304,0.08696118248676649,0.0736256962074235,0.06200157168563327,0.0018179370054371602,0.00496964386766223,0.7,0.1,0.3,6,0.4443580007788656,2.8627107080369387
25,5,0.06816221717066209,0.1560179957017373,0.1625311233927072,0.09678111502863473,0.048542122498748834,0.062207681340493225,0.00177930803743111,0.004885428133080899,0.7,0.1,0.3,9,0.3720234128730138,2.719621835511075
25,6,1.034588424496898,1.1163448243596548,1.116956620092949,1.0581979492430575,1.015155587644161,1.0,0.1200018999497793,1.0,0.7,0.1,0.3,10,0.3759348111270092,0.997048891868892
25,7,1.0366367030608854,1.123482555058834,1.1299874834806238,1.0683415549881712,1.0140489834055846,1.0,0.14048643204113828,1.0,0.7,0.1,0.3,14,0.3735168737565031,13.59785771935077
25,8,1.0366359495020308,1.1234797590939087,1.129984693221128,1.0683408087007742,1.01405478782092,1.0,0.14048643204113828,1.0,0.7,0.1,0.3,15,0.3742450278108021,13.58775454827181
25,9,1.0346577697787507,1.126589860338451,1.1389878686187813,1.0958567972354916,1.0120737489524523,1.0,0.12071097938152535,1.0,0.7,0.1,0.3,17,0.3756814044580895,0.9563052192686908
26,0,0.9774942804364621,0.652863091383473,0.6508277458386926,0.15005483788214208,0.0,0.0,0.0,0.0,0.7,0.1,0.3,1,15.797930351515118,13.069312255462492
26,1,0.5724225422230341,0.5765721410782202,0.5739227123139523,0.1554887837126442,0.14692488545625298,0.04056539405101733,9.081940660196e-05,0.00012229583593147,0.7,0.1,0.3,3,8.943437136924727,8.38783027718787
26,2,0.0868823521062106,0.18853448078461205,0.18931206420151322,0.09448530781135396,1.0076986693846262,0.07716659140241516,0.00225378449198696,0.00556954238158611,0.7,0.1,0.3,4,1.4318325748489544,3.0567971541421213
26,3,0.04216942458321646,0.09435310742759857,0.0947343585807798,0.0547407879603439,0.18213364207915117,0.04157140463530977,0.00052530029941735,0.0005895239579299,0.7,0.1,0.3,5,0.9557879332223022,3.1479481717746984
26,4,0.04222147380680921,0.09891933579981492,0.10518937942217076,0.06233984812143162,0.03038320766804183,0.041868231017621646,0.00054109763429976,0.00061327530417875,0.7,0.1,0.3,7,0.979663999539325,3.099884835808831
26,5,0.06967763814593596,0.1365039049772847,0.154559812845939,0.1156141364131069,0.05703796210713063,0.07915880071893924,0.00184347432165529,0.00473711172140074,0.7,0.1,0.3,14,0.97222930605072,2.61145763588786
26,6,0.0715013499597776,0.1331748961718183,0.14533719945034052,0.12636832100990503,0.05904066483395983,0.08180452074772565,0.0018143488290056902,0.00471208903343356,0.7,0.1,0.3,15,0.9746865122171572,12.028045632756722
26,7,0.07135273042646588,0.1330230203514283,0.14518529379002845,0.13197909550170958,0.05872016215625937,0.08160093779649012,0.00181291194840603,0.00469532196984373,0.7,0.1,0.3,16,0.973838365714448,2.5729213081694886
26,8,0.07104088274968631,0.137799687204614,0.15585508077639051,0.1655596716565216,0.05839955061224798,0.081222172098201,0.00180036060310346,0.0045451402093786095,0.7,0.1,0.3,25,0.973525051349934,81.25316667529822
26,9,0.07102982527294287,0.1377885948140345,0.15584400161994622,0.17569914463231817,0.05838810027331853,0.08120532683680738,0.00180030761302999,0.00454761829021048,0.7,0.1,0.3,27,0.97360280988106,14.198610515641786
26,10,0.3967271414662573,0.483845417707121,0.5254733159460949,0.5938225472304235,0.384085404327131,0.4114002181502266,0.04547700301754585,0.305191787188375,0.7,0.1,0.3,45,0.9737551329692158,14.199296550560474
26,11,0.39639942345475543,0.48860759638751877,0.5361286459572234,0.5888939855032247,0.3837577177687439,0.4109999260527718,0.04547688002244054,0.3050334426301888,0.7,0.1,0.3,47,0.9737414902238326,14.177362056822728
27,0,0.998779169122013,0.6567527445890701,0.6547402016261991,0.15107234284912827,0.0,0.0,0.0,0.0,0.7,0.1,0.3,1,14.267787814171529,15.631419379961
27,1,0.5855718957043703,0.5793400477315883,0.57671930591023,0.15464554534726163,0.14366843280176217,0.037523535333080935,9.217545798124e-05,0.00014125198565592998,0.7,0.1,0.3,3,7.915472958266972,10.296353599548626
27,2,0.1410496101244737,0.2408532729737689,0.23576131772926828,0.13050276506456812,1.0667003598815132,0.1423451318002626,0.0053589456834012604,0.030418529107770258,0.7,0.1,0.3,4,1.3045718215764888,2.106933402779033
27,3,0.1356970105773074,0.21785126839090552,0.2126086615238969,0.1298362501170054,0.17224574696094597,0.1583868049186155,0.00270220718957038,0.00285457488096473,0.7,0.1,0.3,5,0.881681478236221,18.01344092862751
27,4,0.12825616364404785,0.19178503104983088,0.19225284814495078,0.13155122884202095,0.1443093484462508,0.1583868049186155,0.00270220718957038,0.00285457488096472,0.7,0.1,0.3,7,0.7826822220888371,15.361391667636196
27,5,0.14182928736261774,0.2034660061287912,0.2039192320625853,0.15201783664219642,0.13176926607968653,0.16442068634342716,0.00569491205596089,0.03499887405096254,0.7,0.1,0.3,8,0.7828102592680248,1.5948099614645057
27,6,0.14091658048951566,0.2072032174053161,0.21354622472206397,0.15385980370806596,0.12604070419402036,0.1632164468467756,0.00575099605419458,0.03520437450909441,0.7,0.1,0.3,10,0.8053922058253427,1.6173211155530012
27,7,0.19712598230096692,0.2634104673115446,0.2697534547350112,0.24705982935473508,0.1815985226958733,0.23410300984110516,0.00592239428181215,0.05711208101696682,0.7,0.1,0.3,21,0.8047786729592923,4.9404430629287885
27,8,0.19712144854011118,0.2634057306813098,0.2697487083488788,0.253186686602344,0.1815941131077698,0.2341098578967593,0.00592271408016077,0.05708111295328524,0.7,0.1,0.3,22,0.8039210436717461,13.907301945719697
27,9,0.19449707008378328,0.27096107483383264,0.2890902924704247,0.26300509551070855,0.17896922349743694,0.23036003532042598,0.00590703404161158,0.057088135710566576,0.7,0.1,0.3,29,0.804426354859951,14.579463128324688
27,10,0.19953939027421466,0.28618312429031656,0.31609859426050735,0.29472330691043935,0.18401166230016983,0.23621518326849217,0.007363849229766619,0.05974828373906356,0.7,0.1,0.3,30,0.8043539867400089,10.605124238975394
27,11,0.20105070180825824,0.292784340733881,0.3285929108373804,0.303004363911322,0.18552287668935727,0.23678566970152848,0.00736277908982218,0.06345523086856612,0.7,0.1,0.3,32,0.8039866549560984,12.4016918060773
27,12,0.2042188742694952,0.295952446858319,0.331761017831378,0.3417489654057264,0.188691006835773,0.23419997674011128,0.0073590441604628205,0.08005037205542784,0.7,0.1,0.3,38,0.8041514545941276,11.273842249914086
27,13,0.19953823426194678,0.2912718054465487,0.32708037641960763,0.33311500570764174,0.1840103674482949,0.2362117673402231,0.00736129791231493,0.059753304698648355,0.7,0.1,0.3,40,0.8041371251452119,10.339376339408531
27,14,0.19801826212733153,0.32029122519668757,0.3914585761605754,0.39985896623855927,0.18249039194326483,0.2354793562425256,0.00659381233427096,0.056651515308100385,0.7,0.1,0.3,49,0.804197068013135,18.086364315580216
27,15,0.19968977436895674,0.30160314476198385,0.3491979927977932,0.42910588876218353,0.18416190609612837,0.23644426146447825,0.00726295064040743,0.05974873978025502,0.7,0.1,0.3,54,0.804104820340939,14.826241289019102
28,0,0.959210794671185,0.6494556644618412,0.6474003344266799,0.1491634878228835,0.0,0.0,0.0,0.0,0.7,0.1,0.3,1,16.54392363295258,14.233932830321002
28,1,0.5609293469437223,0.5721891666764255,0.5695194336033289,0.153665056627803,0.14606552205186923,0.0392426368626587,9.127142372838001e-05,0.00013590253293178,0.7,0.1,0.3,3,9.481635036484017,8.598293145442254
28,2,0.14004185909814143,0.26320822090487883,0.2583335122659086,0.12545619361289828,0.9470725873033765,0.12367180055831281,0.00532228947255193,0.025020576418004446,0.7,0.1,0.3,4,0.5898277877460653,2.190069590446916
28,3,0.681344209984871,0.7526749675696306,0.7473507638006998,0.6747999891202062,0.8327023457438499,0.9029030316079177,0.00267570460513868,0.09479866317550516,0.7,0.1,0.3,5,0.4987219457761894,15.550644171860338
28,4,0.11251515625758897,0.1885574545762648,0.18912339533526398,0.10954629321192243,0.09309283892369147,0.12224010876937393,0.00428102883519784,0.02012551359168929,0.7,0.1,0.3,6,0.5891617468266513,2.055465692158211
28,5,0.11166714318543781,0.1804843944520056,0.1751402817995082,0.1125177482574947,0.09848289160167926,0.12244392435463632,0.0041259101839886,0.019396609276090777,0.7,0.1,0.3,7,0.5651455246405851,4.545948592523795
28,6,0.11928211093833495,0.19301823818118305,0.19356586953034197,0.1341761184097228,0.09974792607419877,0.13278811507615382,0.00447684889038123,0.02072626029949353,0.7,0.1,0.3,11,0.5706061312292622,2.814620086495674
28,7,0.11276910235237864,0.1915917944775996,0.1980325507958051,0.1353375597640596,0.09311056851248432,0.12390691035440575,0.00418978136432872,0.01983863412889601,0.7,0.1,0.3,13,0.5699571316537033,1.9721749718274344
28,8,0.11275312428471063,0.19157556341332274,0.198016323209766,0.1433564107557211,0.09308976279996442,0.12388338154816383,0.00419047692620133,0.01984023481781167,0.7,0.1,0.3,15,0.569670459185413,1.9725456087781843
28,9,0.1157955205224086,0.19970734568429901,0.21204118784137524,0.17364016056355583,0.09613258581573766,0.12807467361548358,0.0043498121185543605,0.02014938308536489,0.7,0.1,0.3,18,0.5686959573230945,1.835603078982816
28,10,0.11592710102010445,0.1998387895275091,0.21217264665783941,0.17377174762841252,0.09626426083510277,0.12826965012896785,0.00434898386758819,0.02013350732902684,0.7,0.1,0.3,19,0.568465256040607,1.7223785890319092
28,11,0.11569879519853107,0.1996104838322189,0.21194434096254922,0.17695845349039835,0.0960354221868437,0.12793511842113575,0.00434914690120934,0.020153007985127237,0.7,0.1,0.3,20,0.5683618011638273,1.7790952193984344
28,12,0.11574252264623389,0.1996542131723379,0.2119880703026682,0.18383220591870514,0.09607916263016099,0.1280019710404247,0.004349031766035761,0.02014282138557412,0.7,0.1,0.3,22,0.5684192661293814,1.912374041583367
29,0,0.960079081832374,0.6496188400815242,0.647564473361431,0.1492060592396898,0.0,0.0,0.0,0.0,0.7,0.1,0.3,1,16.993983579482386,12.81340569132449
29,1,0.5533585198649523,0.5638606493548113,0.5611931030504549,0.14505839657636577,0.13712789535327552,0.02682848992281025,9.036738947553e-05,0.00010179565290285,0.7,0.1,0.3,3,9.625730382942278,8.199992216088209
29,2,0.08131869918834911,0.20574035829233264,0.20672407999250045,0.08573397158448082,0.9032463729308221,0.052048604497042114,0.00219891878579197,0.00436247660382706,0.7,0.1,0.3,4,0.6852877312862043,3.057907560523572
29,3,0.7437588391938417,0.8181842867663983,0.8128849067334635,0.7371612744968914,0.872332769226687,1.0,0.00264920202070699,0.07248801896243622,0.7,0.1,0.3,5,0.4196371265272766,15.71369122616752
29,4,0.7437066175122091,0.8181307085717568,0.8128313238095382,0.7454795159171074,0.7219617535484248,1.0,0.00266140806767445,0.07231156955336572,0.7,0.1,0.3,7,0.4193500241604462,10.94303132039446
29,5,0.7437580792822124,0.8181814908014727,0.8128820908752565,0.7407598314031609,0.7220117409654953,1.0,0.00264920202070699,0.07248801896243622,0.7,0.1,0.3,12,0.4189897907007694,15.733157852903418
29,6,0.7438052671010975,0.8233014404218663,0.8238950324893866,0.7850021270579515,0.7220914796697614,1.0,0.00264661984266412,0.07266736194429926,0.7,0.1,0.3,14,0.4175550762877074,357.20357405904576
29,7,0.853862952916902,0.9486284579123727,0.9669014200287331,0.9457300461128328,0.8321229199692206,0.7327311766816752,0.19210872761142647,1.0,0.7,0.1,0.3,19,0.4174506994496813,10.909655197598587
29,9,0.8537584316196916,0.9587032808869813,0.9887624758251456,1.0086172783816878,0.8320183454727155,0.7326022331450384,0.19196779905770664,1.0,0.7,0.1,0.3,32,0.4177605916223435,2.266436912951947
29,10,0.853739417122011,0.9994034572600716,1.076607683653104,1.2808975912885414,0.8319993295943893,0.7325765572821031,0.19195738858254313,1.0,0.7,0.1,0.3,82,0.4177805423234531,2.404143954821787
30,0,0.9625864305621161,0.6500894941773254,0.6480378703234323,0.1493291725398865,0.0,0.0,0.0,0.0,0.7,0.1,0.3,1,16.32087691023807,14.476418932606492
30,1,0.5508792034643638,0.5639769832942496,0.5613019087459065,0.14612335389905787,0.14051484216601412,0.028819957077912538,9.172344085481e-05,0.0001248530163028,0.7,0.1,0.3,3,9.496401339980675,9.189807439021438
30,2,0.0966634159011441,0.18770629476545878,0.18253926525929967,0.08681616150809342,1.0346084549821188,0.09027378420261743,0.00519070284250149,0.017506516017279768,0.7,0.1,0.3,4,1.5527292312126155,2.100401145584924
30,3,0.3163949709715742,0.35971287707097593,0.3541721398196198,0.3091461107696271,0.44563383458693145,0.4276248861108202,0.00268895589735453,0.01700333187811748,0.7,0.1,0.3,5,1.138781073753581,16.77851323474442
30,4,0.31333244151693,0.34906668779892447,0.34347006025402543,0.313857968398435,0.3140134797710933,0.42593296281479365,0.0027040012484074,0.017221778422851643,0.7,0.1,0.3,7,1.1982323828634898,46.15151676017554
30,5,0.16903816503456942,0.20365283642365803,0.19804795998296165,0.1836127709336784,0.16116629233633056,0.18003825860600856,0.0125098649360099,0.1076836952738222,0.7,0.1,0.3,9,1.1657864041854555,1.7619819448460443
30,6,0.5283037606666107,0.5677970532673029,0.5680837313764464,0.545631817901738,0.5190528585084914,0.6881130119030356,0.016778512298517963,0.1184857824514269,0.7,0.1,0.3,13,1.169635624092219,25.73620655194766
30,7,0.5289881319688781,0.5633905933067075,0.5577841843259342,0.5542055935329248,0.5195886031641015,0.6890961329140064,0.01679659241872013,0.11846781952033755,0.7,0.1,0.3,15,1.170002694659818,19.307777153952184
30,8,0.5289853027283431,0.5684666676290471,0.5687532575760568,0.5709799151799708,0.5196029590857508,0.6890961329140063,0.01679659241872017,0.11846781952033747,0.7,0.1,0.3,17,1.166090752049772,19.228806262776004
30,9,0.3875329071944514,0.4371915920053762,0.44926441700138176,0.46390461416836765,0.37813611529555924,0.5084252433281957,0.015849757961177068,0.06884295128260592,0.7,0.1,0.3,29,1.16698293875905,12.562065309988888
30,10,0.40764944238039336,0.45730627635847726,0.46937910184255566,0.4975326179352796,0.3982543401324337,0.5297777341988711,0.02216688753600778,0.08397147713899408,0.7,0.1,0.3,32,1.1674237316829512,49.858344364359326
30,11,0.40762972329392566,0.46237639320790014,0.4803423452935576,0.5187351609503075,0.39823294735834536,0.5297507289308256,0.022165545495038068,0.08396925577653211,0.7,0.1,0.3,34,1.1672656511087387,49.85428024754741
30,12,0.4076523537272652,0.4776687227098472,0.5133140263928527,0.5392478635221819,0.3982554781167183,0.5297826552011266,0.022165552056764633,0.0839702024759182,0.7,0.1,0.3,42,1.167335364966119,49.85421137831501
30,13,0.40757738970221147,0.4725037882871652,0.5022559927064216,0.5681100565932884,0.3981805519226158,0.5296799437118885,0.02216483505603236,0.0839602418130281,0.7,0.1,0.3,44,1.1672175136739054,42.94955622288831
30,14,0.4077223389710481,0.4930083334517714,0.5463330152003953,0.7007683106088816,0.39832546755796017,0.5298506844542683,0.02221108065331156,0.08402959788930066,0.7,0.1,0.3,72,1.1671771811978695,47.61980005951269
