Run,Equation_Index,Hybrid_MSE_Train,Hybrid_AIC_Train,Hybrid_BIC_Train,Hybrid_MDL_Train,Hybrid_PSM_Train,Extrapolation_Divergence,Sensitivity_Interpolation,Sensitivity_Extrapolation,Lambda1,Lambda2,Lambda3,Complexity,MSE_Test_Interpolation,MSE_Test_Extrapolation
1,0,1.0,0.6569735481524963,0.6549622960425902,0.15112994132297058,0.0,0.0,0.0,0.0,0.2,0.2,0.5,1,14.061850930098686,14.780191390625005
1,1,0.5656328905147536,0.5607090585106873,0.5580847573738928,0.13646193501753381,0.12657823964267878,0.04113508959756933,9.217545798124e-05,9.483608635362e-05,0.2,0.2,0.5,3,7.898982553953981,9.7677933474913
1,2,0.885577444814854,1.702739101565077,1.702739101565077,0.9557668603812507,1.1312999672565338,1.0,0.01369550782538521,1.0,0.2,0.2,0.5,4,6.471265882615239,2.1589239291196177e+21
1,3,0.08312788725458414,0.12685903428203224,0.12131678137128629,0.07659571393864144,0.7767659622141047,0.34888922906041925,0.00134958483388042,0.00412261531310423,0.2,0.2,0.5,5,1.2697155061113918,17.103815407599775
1,4,0.7091489814632447,0.7364781656530978,0.7366759782668634,0.7076817929799791,0.7548436188433605,1.0,0.013695507825385232,1.0,0.2,0.2,0.5,6,1.899484365537367,2.1589239291700325e+21
1,5,0.9040191843555196,0.9153653805797558,0.909592220981794,0.9,0.929805251420961,1.0,1.0,1.0,0.2,0.2,0.5,7,1.5565957687287657,0.7459879245740602
1,6,0.9039729830005024,0.9151006959001369,0.9093259687889764,0.9003721595491345,0.9005980480105601,1.0,1.0,1.0,0.2,0.2,0.5,8,1.588948300194319,0.7336460295386275
1,7,0.903947514480981,0.920044816211129,0.9201623383214214,0.9065083328997158,0.9003296462102074,1.0,1.0,1.0,0.2,0.2,0.5,9,1.584524825069246,0.735023557978837
1,8,0.13818915935074785,0.15413816242671793,0.15425463721686247,0.15894580025528626,0.1344084481657191,0.34788901288065555,0.02303841205469265,0.12017508161566459,0.2,0.2,0.5,12,1.5846657069387706,0.7458614807413861
1,9,0.13188372739586882,0.152920744688241,0.15893035806305378,0.15206702852793458,0.12796974054985683,0.3329169694108372,0.020243051065188162,0.11467199256712471,0.2,0.2,0.5,15,1.587859697534458,0.8832243163231733
1,10,0.1370782686250729,0.15811518508601347,0.1641247869658099,0.17455393437873723,0.13316261912990338,0.3414135722369525,0.020303164887380938,0.12163841970042352,0.2,0.2,0.5,19,1.5869020784205787,0.8789828798994721
1,13,0.10472609955043868,0.1410326157943938,0.16472155777652192,0.2245695195394652,0.10081041903167373,0.3415097884645131,0.01015781834829462,0.06095377334537574,0.2,0.2,0.5,35,1.5873799272227929,0.93091318116239
2,0,0.9584187915834251,0.6493066239981709,0.6472504283752291,0.14912440134636987,0.0,0.0,0.0,0.0,0.2,0.2,0.5,1,17.005309364167353,12.965368947062093
2,1,0.5389406926143729,0.5498590716330395,0.5471902900826651,0.1312082341755577,0.12321035804816882,0.02479068642297599,9.036738947553e-05,9.38453115645e-05,0.2,0.2,0.5,3,9.47668444600879,8.538677747940186
2,2,0.06769557388258945,0.19472079364455447,0.18988411634926655,0.05217934619983795,0.8578038691241416,0.0681440889963886,0.0049710963009909,0.010024283618174621,0.2,0.2,0.5,4,0.387789229011328,2.172699515862156
2,3,0.06898936226346165,0.15130030625510357,0.1460650007050514,0.0622161683924003,0.1964604626646864,0.2140274805760225,0.00132311204071659,0.00225684257543039,0.2,0.2,0.5,5,0.2538126195921658,15.470234111222002
2,4,0.042391573294194275,0.1285970109511294,0.12924501665396315,0.0392468198461747,0.02183837717659252,0.06719480398493018,0.0038376100862936397,0.00773859317778801,0.2,0.2,0.5,6,0.2647120919860585,1.9623321321072609
2,5,0.04529136584699381,0.13658618482076545,0.14312734968036497,0.06293816819869567,0.02097603696087199,0.0917081544271159,0.00196254423707565,0.00448322743117047,0.2,0.2,0.5,11,0.2646527489347187,6.990257397182312
2,6,0.045566223174253635,0.13685926297968207,0.1434004044677624,0.07599697361671469,0.021253200258022385,0.0929164318650346,0.00198022254386347,0.00454397205543316,0.2,0.2,0.5,14,0.2645499978082701,5.885910232110393
2,7,0.042388729883143024,0.138770891061367,0.15120511925787763,0.0760120982533684,0.018076629462550495,0.06717032037466147,0.00384064719071682,0.0077438799644324995,0.2,0.2,0.5,15,0.2642102751814066,1.963914175072976
2,8,0.04238780460759928,0.1438596390586864,0.16218702206416538,0.09109851454456401,0.018073466741832432,0.0671604114982838,0.00384173121069155,0.0077457295960059805,0.2,0.2,0.5,19,0.2639942403132339,1.9644059301676504
2,9,0.042387804681662436,0.14385963912122113,0.1621870221267001,0.10102383914072985,0.018073299477737798,0.06716041240461149,0.0038417310995643396,0.0077457294029953105,0.2,0.2,0.5,24,0.2639946186002013,1.9644074981753112
2,10,0.05826906601917527,0.24626918119048077,0.36477965044287175,0.8791819751698348,0.03395455576010657,0.05600509840445973,0.00354392368982673,0.0440895023756599,0.2,0.2,0.5,156,0.2639941302533483,7.266837311987506
3,0,0.954516002124912,0.6485705085658269,0.64650998566037,0.1489318378210209,0.0,0.0,0.0,0.0,0.2,0.2,0.5,1,17.124237171080672,16.19172409871225
3,1,0.5324989224638229,0.5480296611341446,0.5453474724093126,0.13107468472957248,0.12544187268821913,0.02714369303423273,9.262747510766001e-05,8.513469385328e-05,0.2,0.2,0.5,3,10.034240020860748,10.70651015045051
3,2,0.07390931941934582,0.2920937261364201,0.28792506645633426,0.06598521251742742,0.7265994003767954,0.0105895477332485,0.00452530365056424,0.00010185903407841999,0.2,0.2,0.5,4,1.0817484268997022,1.9611749032621115
3,3,0.06052273742859359,0.1554303937433123,0.15029113749161155,0.05442413428717643,0.2648226804865025,0.15559368563344483,0.00135620303217138,0.00111402680329395,0.2,0.2,0.5,5,0.9266263629316008,18.610768687914472
3,4,0.02157062725418967,0.09223290893758257,0.09275630248812738,0.022399627886019395,0.0836528069908522,0.00303716951879042,0.011772375652049,8.300119247387169e-06,0.2,0.2,0.5,6,0.6333369081342728,1.288307762206359
3,5,0.02157062725174239,0.10241270656874789,0.11472235158333195,0.04718367523541311,0.0029660803800923416,0.00303716951879042,0.011772375652049,8.300119247387211e-06,0.2,0.2,0.5,10,0.6333369164612267,1.2883077778475402
3,6,0.02278130432507518,0.09853342616058157,0.10494994631270552,0.040579615649937735,0.0041768970756104196,0.01490004902639796,0.005894300082601301,3.577069020087e-05,0.2,0.2,0.5,11,0.6334078773282438,2.4080323504407706
3,7,0.022716184024759136,0.09840116185116199,0.10481717862919449,0.046364619155817986,0.004236087346692095,0.014648414605821138,0.00593612106584722,3.504118983795e-05,0.2,0.2,0.5,13,0.6257701429711464,2.4641568754176384
3,8,0.021796869337884155,0.10764980108651652,0.1258519527683219,0.0651485967902619,0.003228167918615269,0.01016994963775303,0.00590618139969854,7.851520085020469e-06,0.2,0.2,0.5,17,0.6250224690008999,97312.68356770184
3,9,0.021957957441748055,0.10781003678870461,0.12601218827976662,0.0889787128762522,0.003381346830228745,0.01098785209031131,0.00589320266538966,8.605742240228321e-06,0.2,0.2,0.5,20,0.6248805559439742,265990.02193508146
3,10,0.021732923344146435,0.11267474180566757,0.13676999603871667,0.08297063528445651,0.003156120982768289,0.009887405640425919,0.005870814620634849,7.817937011294425e-06,0.2,0.2,0.5,21,0.6237890825146154,89962.97179705121
3,11,0.0215272287433762,0.11246891854584343,0.13656417451801153,0.09642497268374935,0.0029500185634928565,0.00876619628976861,0.0059695128628549496,5.48652350744402e-06,0.2,0.2,0.5,23,0.6240507519334022,91118.53710257803
3,12,0.022730151957201593,0.11876181022290676,0.14875021665624613,0.10277212624284764,0.004152817326950992,0.01474262949237778,0.00593456826690575,3.4721472420300005e-05,0.2,0.2,0.5,24,0.6244483773591478,2.4015929027791025
3,13,0.022530215289522575,0.11856180556666546,0.14855021286956413,0.13171512880651465,0.003952885468150849,0.01377096704650467,0.00591073784414924,3.306463877403e-05,0.2,0.2,0.5,31,0.6242564406336273,2.3157987774756186
3,14,0.022706347814152983,0.12382783826819595,0.1597093457044033,0.1424092320008324,0.0041290142830025045,0.01461743161588859,0.00594040036781467,3.4881573449930005e-05,0.2,0.2,0.5,35,0.6242057583774504,2.456185683236124
4,0,0.9713348975672607,0.651722182362463,0.6496801300271163,0.1497566167953413,0.0,0.0,0.0,0.0,0.2,0.2,0.5,1,16.010931742318892,15.921185729160998
4,1,0.5446194002950729,0.5527470858396697,0.5500864011243329,0.13308558365456313,0.12591358598390148,0.03232493985503887,9.217545798124e-05,0.00011773346832705,0.2,0.2,0.5,3,9.062169371664528,9.7682165853421
4,2,0.051087458883335275,0.16243745550544827,0.1632987517154811,0.057894591300581756,0.931786775660871,0.06238926048236552,0.00237517564322474,0.00516991884058021,0.2,0.2,0.5,4,1.1157423382280975,2.974445174419935
4,3,0.030889665302295775,0.09697936417560815,0.10332085806015799,0.04847722584202877,0.09446800524080276,0.06368208540034012,0.00203996003507586,0.0045554910597329305,0.2,0.2,0.5,6,0.8359675287830125,2.7152111957968863
4,4,0.08114718058773311,0.14560716701745324,0.15193616168813778,0.09402820717703522,0.06859260156436356,0.19099853527880145,0.02151661497057094,0.04735669167530655,0.2,0.2,0.5,8,0.8279273009339642,1.286177140743708
4,5,0.08114718060216199,0.1506970658330359,0.16291916063702916,0.11262474954502077,0.06618138511459551,0.19099853527880156,0.021516614970571,0.04735669167530655,0.2,0.2,0.5,10,0.8279273153711684,1.2861771127615005
4,6,0.08153956553974755,0.151080349611114,0.16330237266801684,0.11608261259639355,0.06658546640061165,0.1918929781792991,0.02160412432029886,0.04775424403323946,0.2,0.2,0.5,13,0.8258022590017692,1.292408838336097
4,7,0.08118471361146287,0.1557943637057175,0.17390937190646757,0.11879258419700606,0.06629021932791626,0.19138122567993607,0.0215033442396629,0.04730239726779101,0.2,0.2,0.5,14,0.827665978360954,1.2834517966125687
4,8,0.08118471244518854,0.16088426252130011,0.18489237085535887,0.1363957710956113,0.06622815568657547,0.19138122567993607,0.0215033442396629,0.047302397267790966,0.2,0.2,0.5,16,0.8276713980595592,1.283441507387469
4,9,0.0678611242903501,0.14247081695061087,0.16058583751593664,0.1561518406774405,0.05290453318254362,0.19373375704633436,0.0108259442601374,0.02398517353713624,0.2,0.2,0.5,27,0.8276792077155649,1.3554339696455904
5,0,0.9600352488132731,0.6496106851838246,0.64755628177392,0.1492039301076231,0.0,0.0,0.0,0.0,0.2,0.2,0.5,1,16.553824095497053,13.883579227076
5,1,0.5368717418049489,0.5494592897615725,0.5467857031533027,0.13141863271250737,0.12491501052742272,0.02685230972340107,9.127142372838001e-05,0.00012137524299084,0.2,0.2,0.5,3,9.53372856275459,8.785878009983275
5,2,0.06558371203875525,0.1769676007030059,0.17198308359907863,0.05301649094208423,0.9195347705565823,0.08752398213534004,0.00527111630531344,0.01707527619179427,0.2,0.2,0.5,4,0.9642237305663824,2.171974127425369
5,3,0.036686773558269034,0.0977854625171603,0.09238080137905677,0.030023263554096083,0.18103540540382326,0.09164169943038183,0.00133634843729851,0.00194935158723319,0.2,0.2,0.5,5,0.6969732782077791,15.802799249372196
5,5,0.042595497303963496,0.1138156240243189,0.1201967492985073,0.07629767665964358,0.02551442808098442,0.09080442146614304,0.00589105984839014,0.01231781601969233,0.2,0.2,0.5,13,0.7024354581093665,1.3252989796062964
5,6,0.03889427355316436,0.11011143708812973,0.11649254227829345,0.08640009214123673,0.021800724208545123,0.09064372637733904,0.00294580017006174,0.00615966828909697,0.2,0.2,0.5,16,0.7008182926316868,6.599675955789483
5,7,0.038990614661540225,0.1152975626953279,0.12757176975791915,0.09332645593091614,0.021894294565697407,0.09108975166785817,0.00294869023108198,0.0061728663944816,0.2,0.2,0.5,18,0.7015009051498681,1.3107453257659476
5,8,0.03898212931042834,0.11019905771133341,0.11658016637973496,0.09673297648653896,0.021886022581653713,0.09104451140636428,0.00294881700357775,0.00617401011602685,0.2,0.2,0.5,19,0.701387694656558,1.6112764346467272
5,9,0.03901380760903696,0.11023068613329355,0.11661179567125461,0.1035946844250269,0.02191750583635361,0.09112846634323943,0.00295267124784578,0.00620229861887462,0.2,0.2,0.5,21,0.7012271712169494,1.6049445914065528
5,10,0.029810490469680265,0.12138700184955686,0.15134057548275023,0.1746349338386474,0.012714059683274258,0.05304563659161189,0.00083140170097137,0.0038773015804483705,0.2,0.2,0.5,40,0.701206835043016,5.725783855353221e+17
5,11,0.029810358866069767,0.1213868671147505,0.1513404407479439,0.1821791638482816,0.012713941306036952,0.05301197005215376,0.00083219959793429,0.0038901795678337402,0.2,0.2,0.5,42,0.7012215571230345,5.72527524043324e+17
6,0,0.9752329770488832,0.6524452499584878,0.6504074662019579,0.14994675891023285,0.0,0.0,0.0,0.0,0.2,0.2,0.5,1,15.588867891810729,14.13885891286336
6,1,0.6526621241412977,0.5882200316001038,0.5857638911865647,0.1429511468765239,0.09081213250622355,0.03518868746116345,9.081940660196e-05,0.00013573310429306,0.2,0.2,0.5,3,8.251799318805794,15.661029135119517
6,2,0.08270954357238654,0.20034130798528524,0.1954132489581202,0.0693130592295149,0.9905527200711681,0.1308843482537735,0.00500660835124086,0.027326207077560737,0.2,0.2,0.5,4,0.6995171920841357,2.133145685319513
6,3,0.04216607857389724,0.1330445991367131,0.13958234208814058,0.05982795165084885,0.07896482873319537,0.07350665814634386,0.00193965625639615,0.00585277584529127,0.2,0.2,0.5,6,0.379174477298758,2.7351736166229577
6,4,0.040300058868442276,0.1207894145837742,0.1155391962306724,0.05504118753905907,0.016892202960262313,0.07287310880229814,0.0009700564266909399,0.00292723001222308,0.2,0.2,0.5,7,0.3822699894857334,5.739332404655791
6,5,0.8165210490145229,0.8993763290157583,0.899997032496211,0.8296072749972625,0.8020758354622766,1.0,0.46756742848253385,1.0,0.2,0.2,0.5,8,0.3575600922010684,0.8189360468737332
6,6,0.7274457252728741,0.8046115491006314,0.7993342771687362,0.7460817197689598,0.706542924933528,1.0,0.023337652658482318,1.0,0.2,0.2,0.5,9,0.3553511878042008,4.762578279342217e+42
6,7,0.7274452823153432,0.8096998557695205,0.8103156889975472,0.7591406382514285,0.7046687211756031,1.0,0.023337652658482318,1.0,0.2,0.2,0.5,12,0.3554270968389211,4.762578279342217e+42
6,8,0.7274198270368744,0.8096253956023488,0.8102408219100967,0.756871575084578,0.7048138613742096,1.0,0.02330378007715447,1.0,0.2,0.2,0.5,13,0.3580557806701786,4.762578279342217e+42
6,9,0.7273789397059167,0.8095682860605429,0.8101835920548861,0.7674911053648722,0.7046767805613081,1.0,0.02313026512937747,1.0,0.2,0.2,0.5,14,0.3620001629618962,1.3656753858427917e+48
6,10,0.7276914162580221,0.814967080292053,0.8214755032386644,0.7911514684462146,0.7049454103592698,1.0,0.02469940106634471,1.0,0.2,0.2,0.5,16,0.359052252708989,1.9128811957361374e+52
6,11,0.7276913118106105,0.8149669761520295,0.8214754123327761,0.8004752064426,0.704939971421775,1.0,0.02469907453045795,1.0,0.2,0.2,0.5,18,0.3590565167741051,1.912833613976528e+52
6,12,0.7276898074278609,0.8200539952316493,0.8324555144518448,0.8026219197855413,0.7049431891397329,1.0,0.02469418989795999,1.0,0.2,0.2,0.5,19,0.3591162941605126,1.9146132108562929e+52
7,0,0.968311345472117,0.651159572086888,0.6491142193236631,0.14960934008828852,0.0,0.0,0.0,0.0,0.2,0.2,0.5,1,16.0015595457213,15.089439052300252
7,1,0.5442337558792343,0.5521110219248281,0.5494510129415396,0.13236031315870822,0.12438015554877267,0.028519273510103686,9.172344085481e-05,0.00012294005832886,0.2,0.2,0.5,3,9.089549670179611,10.020835996063688
7,2,0.06615162223764334,0.2022516448779885,0.20335137854374533,0.06761538875934611,0.8379565519865435,0.056598378980048235,0.0024684867844969602,0.00575055028070127,0.2,0.2,0.5,4,0.8471707608937986,3.3098141931744496
7,3,0.03537322887566951,0.13760394403698434,0.13838050119390793,0.048355561082280035,0.13499826525626374,0.02378416756429142,0.00050967083891387,0.0006079362409736201,0.2,0.2,0.5,5,0.6253215529693011,2.762462791751989
7,4,0.03530442247214602,0.11232688589360061,0.11290063058067447,0.04570091064287845,0.08758754395977227,0.05890480791682841,0.00189131155963224,0.00462150716121124,0.2,0.2,0.5,6,0.4806730345472986,2.6232824180048606
7,5,0.03283427300519059,0.11492631213910252,0.12139305781283721,0.06343465985363617,0.01201984668604465,0.05317604804916343,0.0009648400256395699,0.0023581078860697097,0.2,0.2,0.5,11,0.476203248277709,3.864409844519863
7,6,0.7216516968565373,0.7985224822925314,0.7990950321148093,0.7618296083026639,0.701006848234912,1.0,0.00436043475428783,1.0,0.2,0.2,0.5,14,0.4742808523947062,3.0197334708927164
8,0,0.9721722125065988,0.6518776690786007,0.649836538151154,0.14979700415966649,0.0,0.0,0.0,0.0,0.2,0.2,0.5,1,16.090896399206503,16.273526217627563
8,1,0.5486164216020386,0.554800441602457,0.5521452555563261,0.1344414725785153,0.12612941143368622,0.03796304659195041,9.262747510766001e-05,7.957052815273e-05,0.2,0.2,0.5,3,9.10856730987062,10.525205198009164
8,2,0.0473043886834991,0.16716574224429454,0.16225520737528798,0.033972767939904704,0.8790111406757218,0.01765195082244498,0.005447893825781451,0.00011297071054067,0.2,0.2,0.5,4,0.659947069650167,2.092041106718036
8,3,0.029750060698400492,0.11543282865870773,0.11022470762631036,0.022971134484615824,0.11517555450049005,0.01717466167314343,0.00111551599460911,7.455600341038e-05,0.2,0.2,0.5,5,0.3933825287359564,2.183142855904149
8,4,0.026909377022571544,0.11030186198547338,0.11092693465560927,0.027666493159238286,0.01493060601638854,0.01717445073472447,0.001115271723355,7.453967743339e-05,0.2,0.2,0.5,7,0.3676168640426911,2.368018746993706
8,5,0.026484880921333602,0.10953772123923962,0.11016002196622678,0.02983885763577208,0.004464839344581152,0.01632326693353017,0.000533097211561,6.028837622496e-05,0.2,0.2,0.5,8,0.3645052452310186,2.522423310335291
8,6,0.7811191797996779,0.8628114164994796,0.8634227055711879,0.8128254554674572,0.7628092696295689,1.0,0.2927764109563285,1.0,0.2,0.2,0.5,9,0.3700830321488024,14.63020359635796
8,7,0.8377328408725664,0.9244986443257802,0.9310029273210875,0.8725049909016591,0.8152006892020012,1.0,0.5758756712638647,1.0,0.2,0.2,0.5,11,0.3668027038401656,0.7001384417132831
8,8,0.7809886387673644,0.8626394583634617,0.8632504014457814,0.8126954059457745,0.7585187998189559,1.0,0.2922022358599542,1.0,0.2,0.2,0.5,12,0.3687992968354347,14.554968608282891
8,9,0.7810370228922294,0.9034070349301798,0.9511630094673675,1.0977092617310216,0.7584888336093658,1.0,0.29244416607023843,1.0,0.2,0.2,0.5,65,0.3688503230461176,14.58077506850285
9,0,0.9672985039385299,0.6509707667887209,0.6489243280856742,0.1495597989765414,0.0,0.0,0.0,0.0,0.2,0.2,0.5,1,16.14334036568977,15.530347651216086
9,1,0.636563638713919,0.5836193724631695,0.5811351527830892,0.14188055791466084,0.09447472457473885,0.0362016507253314,9.217545798124e-05,0.00010906092160914,0.2,0.2,0.5,3,9.836494546216278,5.402366874834431
9,2,0.04888976588612113,0.15580821090285185,0.15662521405294516,0.05691895805670378,1.016466716562118,0.06824517465669436,0.00232572550470647,0.00470507305967574,0.2,0.2,0.5,4,1.4255272751677768,2.90038234570903
9,3,0.02822153303771915,0.08198445034437536,0.08823246978661435,0.045255384156879325,0.10293851023366324,0.06998322095015526,0.00190581543615643,0.0039868469928296,0.2,0.2,0.5,6,1.0517020112971336,2.6123090923426138
9,4,0.027967327383278087,0.08080388778186715,0.08704494888394426,0.05079885202270665,0.017710823634436976,0.06988156420539018,0.0019265676947634199,0.004023003995139119,0.2,0.2,0.5,8,1.0468770616237677,2.6238866507504075
9,5,0.027726456434647734,0.07483553509887242,0.07517869503778395,0.04941970113315639,0.018146546796096848,0.07538974410219056,0.0009863699909281299,0.00206429099318317,0.2,0.2,0.5,9,1.04204607241733,3.865364936363811
9,6,0.027781728694937755,0.07992380326884174,0.08615969709933442,0.05560280361711591,0.016542030711414704,0.06967605511648671,0.00196978791049788,0.00409806231038458,0.2,0.2,0.5,10,1.0415892439047452,2.6603831677403385
9,7,0.027747216896859012,0.08485293410120517,0.09698098899101693,0.07023372041009195,0.016559970758759274,0.06967605511648674,0.00196978791049788,0.00409806231038458,0.2,0.2,0.5,12,1.042047906101505,2.636524146373666
9,8,0.026299717177425568,0.07831471173649708,0.08454963983398647,0.09245521698774538,0.014931315889237622,0.06879571126959547,0.00093834122660211,0.00196822839814274,0.2,0.2,0.5,18,1.0419726018785949,2.702541769125056
9,9,0.026707038697227882,0.09399133325415082,0.1179056058017692,0.12547184248958615,0.015338646314098965,0.07077674531659357,0.00094550634409245,0.00198780852815977,0.2,0.2,0.5,22,1.0419886807372318,15.859620175171656
9,10,0.026710143519925747,0.09908398243004861,0.12889141152575437,0.14322721929341148,0.01534219462519044,0.0707934994299742,0.00094538824840024,0.0019875868300232,0.2,0.2,0.5,24,1.0420395521785073,11.140242607821952
9,11,0.026705771705250677,0.10416943270498125,0.13986996280355513,0.15750314322576836,0.015337206781916576,0.07077167275381252,0.0009453841053707101,0.00198757740778451,0.2,0.2,0.5,29,1.042043338327952,16.45198718880328
9,12,0.026702887360374628,0.10925641868303751,0.1508500877477662,0.18402675352419623,0.015334359601992378,0.0707602654996343,0.0009450230352890801,0.00198653672812792,0.2,0.2,0.5,32,1.0420513677639858,15.722738775333234
9,13,0.026683639875306493,0.10414731235902791,0.1398478424576018,0.2045242592316997,0.015315081965172141,0.07065923451844272,0.00094548734490306,0.0019882707142128203,0.2,0.2,0.5,41,1.0420503129193783,2.554398690900176
9,14,0.026711840129872915,0.11435530969067971,0.16184211685200384,0.26779552587910804,0.015343282364220286,0.07079529944295354,0.00094577603891503,0.00199012866777667,0.2,0.2,0.5,57,1.0420608870282817,21.37077717247966
10,0,0.9963556652791198,0.6563140887585279,0.6542989822438892,0.15095740231746507,0.0,0.0,0.0,0.0,0.2,0.2,0.5,1,14.397948447150474,15.567958381361
10,1,0.5628060089234561,0.5570475607695512,0.5544255336940711,0.13251451660860658,0.12134614607100028,0.02085544258341942,9.217545798124e-05,0.00011014911367146,0.2,0.2,0.5,3,8.009549838666182,10.43656883945157
10,2,0.06028162823090469,0.17319014778955694,0.16821450405432534,0.048199707949897995,0.9342105729708445,0.07098923472538518,0.00538714874347039,0.01306130198739791,0.2,0.2,0.5,4,0.8966252468503845,2.114884372947766
10,3,0.25091690882322915,0.33736881892021264,0.3321647154892664,0.24445799617645825,0.31179764512718783,1.0,0.00134958483388042,0.04935298384352585,0.2,0.2,0.5,5,0.7248999093318824,17.97459240077447
10,6,0.026052910319461043,0.10087952649190499,0.10143580564036164,0.038027088682818434,0.009560945779006676,0.0280263355869246,0.00017268979261541,0.0007294968484828701,0.2,0.2,0.5,9,0.5321566410628283,27.71631955306536
10,7,0.06248752484206447,0.14204749145883264,0.14849407737822137,0.09493657638732025,0.043653347356584465,0.12000084099474695,0.011210374123028121,0.03264505049242476,0.2,0.2,0.5,10,0.5483264189856613,1.162853387463519
10,8,0.06164651321222224,0.1461403130811074,0.15847877790732454,0.10821411123198374,0.041937718420930636,0.11827632121911646,0.01091993050248761,0.031878916836651075,0.2,0.2,0.5,13,0.542592155560968,1.2423157175666948
10,9,0.052989739966232005,0.14257188714790472,0.16080347558553604,0.1376021782587472,0.03312291319016861,0.12023183233115722,0.00546700681203934,0.015965426317831898,0.2,0.2,0.5,24,0.5416929511054256,1.5616539221746415
10,10,0.0494858490231227,0.13906803583509242,0.15729961103858847,0.14112565828913073,0.029618604662407726,0.1006494439750045,0.00553076155943834,0.016765099470016278,0.2,0.2,0.5,26,0.5414785015191883,272.675097907986
10,11,0.0496059042531155,0.13918808562179902,0.15741966082529507,0.14475938840234798,0.029738723551680293,0.10122670583571688,0.00553043345440077,0.01677442554115953,0.2,0.2,0.5,27,0.5417261829112624,2.0620747534001787
10,12,0.15840524763673994,0.2632569638887503,0.29916789329827276,0.2637092788288926,0.13853855298468937,0.13806574329097482,0.007714138436871849,0.21876415820062894,0.2,0.2,0.5,28,0.5416842474506339,0.7173570450569937
10,13,0.10461397850207782,0.1941958771277624,0.21242745667905583,0.2165310051111627,0.08474692365636144,0.13935874345624166,0.0041823986525188605,0.11207718408255307,0.2,0.2,0.5,31,0.5420119449239668,2.699488405130441
10,14,0.10461542862660148,0.18401753602938709,0.19046286411664126,0.17868684297905316,0.08474828805225157,0.1393691971915032,0.0041820369221929905,0.11207606034615883,0.2,0.2,0.5,33,0.542055759049938,3.356075758376616
10,15,0.10438300051406096,0.2092346003492886,0.24514553149792995,0.2635108679460487,0.0845158627168147,0.13874834145379775,0.00409940524727987,0.11189259579518267,0.2,0.2,0.5,38,0.5419310845543406,3.03029826415132
10,16,0.10435903998364618,0.20921060733751187,0.24512157731899936,0.2634869036088077,0.0844919262281845,0.13867177767414438,0.00409662932877165,0.1118764233165861,0.2,0.2,0.5,40,0.5420167626249509,2.991223805644979
10,17,0.10492100157064499,0.2301321248409019,0.2896155853858922,0.4174335509113075,0.08505385489529475,0.14085698737744157,0.0041527986020607,0.11210379387376276,0.2,0.2,0.5,69,0.5421275590027125,7.250652449589985
10,18,0.10498350184354728,0.23019466485168988,0.28967813776125595,0.45159171332713327,0.08511636033637737,0.14104411963536037,0.0041530502735580305,0.11215384265787989,0.2,0.2,0.5,80,0.542102948037504,7.631036757805655
11,0,0.955951174367016,0.6488414841665283,0.6467825607347977,0.14900286742876592,0.0,0.0,0.0,0.0,0.2,0.2,0.5,1,17.733828469257944,12.16349282583689
11,1,0.5407935270824787,0.5510520467860084,0.5483852174644814,0.13216326459820854,0.12318263613150016,0.0291405068681181,8.991537234910001e-05,8.734576756396001e-05,0.2,0.2,0.5,3,9.319254925149831,8.799756123738732
11,2,0.06138044313565308,0.19625523019377958,0.19732946089082523,0.06499107048420195,0.8504202737189898,0.05443848066887398,0.00205580454913915,0.00348523301136563,0.2,0.2,0.5,4,0.4679331840844983,2.8993127780205663
11,3,0.1565735612196804,0.23595930820145755,0.23070009597551203,0.1498801164642146,0.29594472943474476,0.587265618618323,0.00131649384242564,0.030445058130683426,0.2,0.2,0.5,5,0.3032033081890762,15.82140392529923
11,4,0.7251901776431807,0.8096332871573617,0.8102669131870022,0.7428883527065508,0.7015852526975251,1.0,0.00784116565388033,1.0,0.2,0.2,0.5,11,0.3024014025734847,127.47811438424344
11,8,0.7281800619940465,0.8278890109538489,0.8462019717843072,0.8442931608831892,0.7045596258260849,1.0,0.02279809706644655,1.0,0.2,0.2,0.5,30,0.3025936556609079,10.144287451943748
11,9,0.7281804291820202,0.8278891648115673,0.8462021291202634,0.8513896918291604,0.7045608534699954,1.0,0.02280041966888588,1.0,0.2,0.2,0.5,31,0.3025353963720463,10.142842970016789
11,10,0.7281790065265528,0.8278877128719699,0.8462006904148013,0.8653742011867231,0.7045587016085075,1.0,0.0227933541351304,1.0,0.2,0.2,0.5,35,0.3024849334962916,10.146998288707596
11,11,0.728163790006322,0.8227825579569812,0.8352023718045061,0.8723863337978756,0.7045434689512096,1.0,0.02271726780233007,1.0,0.2,0.2,0.5,37,0.3024785341299064,10.1706801043755
11,12,0.7281609595080768,0.8329595303072153,0.8571655956187795,0.9031355203218284,0.7045406436702796,1.0,0.02270314139767424,1.0,0.2,0.2,0.5,39,0.3024870527442745,10.202770428636574
11,13,0.7281595987918966,0.8380480689015835,0.8681472855438783,0.9647395959910918,0.7045392699238653,1.0,0.02269634029160199,1.0,0.2,0.2,0.5,50,0.3024956182080799,10.175002133405004
11,14,0.728119772362361,0.8838173318536497,0.9669547056828323,1.7044994416701427,0.7044994420941302,1.0,0.02249720835071345,1.0,0.2,0.2,0.5,171,0.3025006991580639,10.17720797041711
12,0,0.9520550644117961,0.6481048250743378,0.6460416060457193,0.14881002345244657,0.0,0.0,0.0,0.0,0.2,0.2,0.5,1,16.986349639038252,14.15312522588036
12,1,0.528028910148709,0.5450788603901674,0.5423921654498746,0.1286890367085477,0.12359645034527177,0.01612286374543192,9.127142372838001e-05,0.00012413012701923,0.2,0.2,0.5,3,9.855775947400309,9.18030391939352
12,2,0.0570517590512096,0.16783696625455324,0.16284039006861306,0.04549711807201655,0.9166393634334077,0.055610672209779576,0.00507189828524117,0.01576955290785776,0.2,0.2,0.5,4,0.9851413725197404,2.107917431937976
12,3,0.10162205880139821,0.18276464338126552,0.1775196433905839,0.09706065006525791,0.1680561124570667,0.12565046624332513,0.01597740412954396,0.09798432920592468,0.2,0.2,0.5,5,0.8755403260258681,1.4143670728094615
12,4,0.03827657481203178,0.09795655674421024,0.0925408763155361,0.033728900451329855,0.08736312031470124,0.06381365569442628,0.004876486871232219,0.01576339170239028,0.2,0.2,0.5,6,0.9549237265438082,1.7019722246151407
12,5,0.07543803372246086,0.13346413456478898,0.1338897214704807,0.08631357078725464,0.08088273241723584,0.1161255440305552,0.01232248997645829,0.07038154693811212,0.2,0.2,0.5,7,0.8541539262104597,1.3976389504618876
12,6,0.06527419592678194,0.12811858315159325,0.13443522509275782,0.07532586208483208,0.05119837604363513,0.10522488592544661,0.01062613990804524,0.05525644054766658,0.2,0.2,0.5,9,0.8563923333588089,1.4524674324194118
12,7,0.7160451161735347,0.7788592373309163,0.7851756545722425,0.7494910946368759,0.7015962713961039,1.0,0.00789228062944845,1.0,0.2,0.2,0.5,14,0.8651505111214209,14.246917256613774
12,8,0.7158492460617221,0.778634714247209,0.7849509089093021,0.762064490345975,0.7014123100279942,1.0,0.00695606287261515,1.0,0.2,0.2,0.5,18,0.8615998243699361,6.0070107179317285
12,9,0.7159699869688585,0.7787537543655423,0.7850699354120136,0.7688442923502762,0.7015141342237302,1.0,0.00756233082544482,1.0,0.2,0.2,0.5,21,0.8617849388104805,10814.533747473262
12,10,0.7159714283383444,0.7838440482135896,0.7960533318113046,0.7777372741733206,0.7015172701850979,1.0,0.00757110173585126,1.0,0.2,0.2,0.5,22,0.8614201694935196,117.339629657741
12,12,0.7160357606637824,0.8144475895348995,0.8620156301334109,0.8930546570866686,0.7015786037524854,1.0,0.00789300886030723,1.0,0.2,0.2,0.5,49,0.8612030454123338,14.911520691407752
12,13,0.7160357544430346,0.8144475834864169,0.8620156240849282,0.9232745128398279,0.7015786035038165,1.0,0.007892978617893941,1.0,0.2,0.2,0.5,53,0.861206611626296,15.030221597555087
13,0,0.9741255457147855,0.6522402901963062,0.6502012941837911,0.14989356694112277,0.0,0.0,0.0,0.0,0.2,0.2,0.5,1,16.56225029118289,12.247653778024995
13,1,0.550150117149136,0.5549848162281042,0.5523335029540408,0.13414657013155853,0.1253326511401387,0.03552889246783086,9.081940660196e-05,0.00011621237934071999,0.2,0.2,0.5,3,9.492484877035476,7.739605846224616
13,2,0.06818137885675324,0.17052219365609572,0.16545586623225148,0.056884968740567865,0.9675752410062844,0.1228525574137425,0.00502602850214261,0.018047729486883927,0.2,0.2,0.5,4,1.2059957863825932,2.139538931667217
13,3,0.026795853112825396,0.0892264348665848,0.08383213310738802,0.020168857072645145,0.134774002086892,0.041054099302907134,0.00102772785628547,0.00165817020573562,0.2,0.2,0.5,5,0.8431368209205912,2.235598507505878
13,4,0.05042786436351434,0.11779392048703231,0.11829153780271305,0.056394048357998355,0.03337118131590719,0.121818977088944,0.0042910201850641,0.015408422672052368,0.2,0.2,0.5,6,0.8247146725762663,1.8941683272272691
13,5,0.026397341361810975,0.09269459635965502,0.09318387979831307,0.03670783247953954,0.01245269315640991,0.04105409930290714,0.00102772785628547,0.00165817020573562,0.2,0.2,0.5,7,0.7967820259029122,2.275401176284455
13,6,0.05244822605944077,0.10635102788501727,0.09503688487177475,0.052164012602526566,0.04263791753881865,0.16740096357663464,0.00048211648818035003,0.004868139869727671,0.2,0.2,0.5,8,0.777853405829853,12.307119296074989
13,7,0.22767358497133594,0.296705132939985,0.3030692869725664,0.2677089498388038,0.2113335445923458,0.5217406711476499,0.02879032712051094,0.20234957547423482,0.2,0.2,0.5,16,0.7639456122745422,12.802018052480866
13,8,0.22781804609568,0.3019247457028596,0.31418189770950755,0.28648050667353264,0.21144117565870219,0.5226181546329405,0.02878302066494376,0.20229984306880983,0.2,0.2,0.5,20,0.7624629132299896,14.040337396633548
13,9,0.22781679856059694,0.31210323888873026,0.3361466432289769,0.3185512483761124,0.2114289819343229,0.5226109974573905,0.02878307879398942,0.202300229128207,0.2,0.2,0.5,24,0.762704579738163,14.037894632949795
13,10,0.22799748775506318,0.3071939918824706,0.3253442837248328,0.36560392408417947,0.21160962274753586,0.5223130177554051,0.028580564659345283,0.20286180794719724,0.2,0.2,0.5,37,0.7627929419958991,190.0786241893227
13,11,0.2290583745393602,0.3540639322478567,0.4252523433138199,0.5873445728397307,0.2126705117327673,0.5222382780471166,0.02887621648618291,0.20489522281575417,0.2,0.2,0.5,79,0.7629424316365865,14.315925695750106
14,0,0.9889763243215496,0.6549715596001088,0.6529485734439945,0.15060622383108596,0.0,0.0,0.0,0.0,0.2,0.2,0.5,1,15.511824203385302,17.14372891128004
14,1,0.5646630205893232,0.5624452205788063,0.5598135247455649,0.13913148148111937,0.1287404720816826,0.05614878469905844,9.353150936052e-05,8.589608921785e-05,0.2,0.2,0.5,3,9.016229885918444,11.622531202174269
14,2,0.03593349014570698,0.13372968321140474,0.13447380783907456,0.04391945448305825,0.9787448020198516,0.03079304247024211,0.00252445319913227,0.00030706097559638,0.2,0.2,0.5,4,1.5208521489857727,2.951706313359072
14,3,0.1130930008033204,0.16631116704478444,0.16084580446832614,0.10619726483436419,0.22001804549493456,0.46290965385817034,0.00136943942875329,0.01118912269003899,0.2,0.2,0.5,5,0.8465364592037347,15.909302265718432
14,4,0.019278683986744875,0.07635614912517166,0.07677448124377273,0.02234382137378299,0.006816023603965412,0.01053232811609326,0.014433992868079221,2.5700314813349998e-05,0.2,0.2,0.5,7,0.8796328415819011,1.3488266095385228
14,5,0.7467807958703738,0.7987514745249725,0.7932765809795036,0.7602085151471544,0.7325628215497305,1.0,0.16256639563860542,1.0,0.2,0.2,0.5,8,0.8873262964468898,1.4269996957802833
14,6,0.7305821413742914,0.7825506186295705,0.7770757060603798,0.7516803919332606,0.7163186197092799,1.0,0.0815764843146852,1.0,0.2,0.2,0.5,10,0.8882970577665397,14.620317374944264
14,8,0.7466567696346427,0.8138811687878125,0.8260855138642491,0.8120015004624324,0.7323941150412887,1.0,0.16197026258261824,1.0,0.2,0.2,0.5,17,0.8856726868971423,1.402913316348812
14,9,0.7305183771088152,0.7977426535083423,0.809947000323898,0.8220342434922968,0.7162557851051827,1.0,0.08127846284219147,1.0,0.2,0.2,0.5,22,0.8855336524483908,3.074015204280764
14,11,0.7305807153096686,0.8079845472729918,0.8319751234321136,0.8605766267605672,0.7163182806870243,1.0,0.08159049682345951,1.0,0.2,0.2,0.5,28,0.8844995883241012,1.4589441104893104
14,12,0.7305720455314119,0.8028858486327083,0.8209833263976404,0.8597548107912518,0.7163095278171765,1.0,0.08154727435687928,1.0,0.2,0.2,0.5,31,0.8845674684915451,48887.10555227224
14,13,0.017747446224643883,0.1155107515295841,0.16307383235590342,0.18465800633045082,0.003484869109171232,0.012812479281085958,0.00455555257759469,2.251463720453e-05,0.2,0.2,0.5,46,0.8847607109024873,32913616351.152195
14,14,0.017747496364654107,0.13078053699112602,0.19602298177936905,0.2313806927678024,0.003484919343223978,0.01281277777584281,0.00455552253289217,2.250762107833e-05,0.2,0.2,0.5,54,0.8848108308295684,18809726118.733124
15,0,0.9719303493225083,0.6518328559740995,0.6497914588211328,0.14978520707679444,0.0,0.0,0.0,0.0,0.2,0.2,0.5,1,15.800327850150223,14.06213370804496
15,1,0.5500298271182523,0.5559405975404591,0.5532861833211314,0.13548378759566834,0.12693687495768397,0.04291946719759595,9.127142372838001e-05,0.00011332723421643,0.2,0.2,0.5,3,8.851198211111146,9.175020952528486
15,2,0.07967680862881876,0.19825994086017434,0.1933366503076796,0.06667997673244054,0.9179185733818613,0.1393346421015143,0.00502304117869384,0.01815015189612909,0.2,0.2,0.5,4,0.7119972348515964,2.093805894332142
15,3,0.034272382212275354,0.11390809248358866,0.11450278062831465,0.027673297830728676,0.15280968307601997,0.05685961281548322,0.00135019048916633,0.0016764650703588201,0.2,0.2,0.5,5,0.4131530853320513,3.762008548304937
15,4,0.03427238221391028,0.11899803013201757,0.12548588197204988,0.03509485575786267,0.01248021977949665,0.056859612815483226,0.00135019048916635,0.0016764650703588201,0.2,0.2,0.5,7,0.4131530803115644,3.7620086074684047
15,5,0.03397948906339458,0.11361438493287548,0.11420907288685811,0.058195330877049124,0.012187976371234107,0.058196117495464696,0.00067305947924155,0.0008275528059885901,0.2,0.2,0.5,14,0.4146248468115722,23.999703654983023
15,6,0.034260930557751035,0.12406511746220093,0.13644597499574854,0.061245436602746596,0.012505599549575096,0.05684622189693402,0.00134463348467896,0.00166956521141767,0.2,0.2,0.5,15,0.413504619137222,3.758833089505227
15,7,0.10426642738424072,0.1991604915745183,0.21743448807422075,0.23830344472417228,0.08247847844586104,0.39532221173353954,0.00134473535167052,0.0062901567891406095,0.2,0.2,0.5,35,0.4135936491916734,11.53736208790626
16,0,0.9659297675319732,0.6507150136637253,0.6486670610404079,0.1494927958083335,0.0,0.0,0.0,0.0,0.2,0.2,0.5,1,16.249468200081246,15.624473319818089
16,1,0.5435351801386472,0.552756557182292,0.5500926933061979,0.13348968914658463,0.12592314439355753,0.034986299575828286,9.217545798124e-05,0.00014127818651046002,0.2,0.2,0.5,3,9.203029740022217,9.99028260614946
16,2,0.08508917140890213,0.2098131633567676,0.20495294815183537,0.07024669282249366,0.8883125624321431,0.12065809794591746,0.00549010650349281,0.02702559365089694,0.2,0.2,0.5,4,0.4424105442690932,2.145504076856161
16,3,0.04152659592673956,0.12651157266258883,0.12714959606687268,0.051790951490703764,0.09287378021422958,0.07165993800063139,0.00202763781468372,0.00591028285977654,0.2,0.2,0.5,6,0.3233619950551224,2.720337369322592
16,4,0.0389764741258079,0.12396100192225844,0.12459901991844237,0.06140891837359518,0.01514331314610242,0.06729542781291059,0.00101691775159029,0.00296055379621212,0.2,0.2,0.5,9,0.3244471914148925,15.740104457320442
16,5,0.1819696606053485,0.2659191993064419,0.2665488031960906,0.19503012541472048,0.1617949896799128,0.30327648461478673,0.02418788332172431,0.18609380884970664,0.2,0.2,0.5,10,0.3294828934773209,0.7476020030672209
16,6,0.1774725574337052,0.2660985175430616,0.2726178786587423,0.19331306067912024,0.15550124066910342,0.30116689552676973,0.02321606621159866,0.17865256544451483,0.2,0.2,0.5,11,0.3284785223130041,0.7271172225012349
16,7,0.14121938124010136,0.2246224692009382,0.22524763177232682,0.1677197412962195,0.11813986173471049,0.31993167699327335,0.01402600354638014,0.10241890258124575,0.2,0.2,0.5,14,0.3396749338245013,13.32829925847691
16,8,0.19551217447778557,0.28905452707833645,0.30146558468966206,0.24198410123009056,0.1723730329552407,0.32357008341609045,0.027579705375241147,0.2041589620299092,0.2,0.2,0.5,16,0.342477944914619,0.7246006186205224
16,9,0.14146922745349777,0.22992114409440312,0.23643909703387941,0.18474857452520094,0.11826754058481431,0.3211500002848394,0.01404084888465509,0.10245704519009775,0.2,0.2,0.5,18,0.3422714957622064,13.265106702688067
16,10,0.14147045316421603,0.23501120493965746,0.24742224893536116,0.19356782194246777,0.11826997212557297,0.32119394969285237,0.014035846689137672,0.10244474166075317,0.2,0.2,0.5,20,0.3448153351832305,13.23649582572516
16,11,0.14148664068583422,0.23502711458754003,0.24743816293104107,0.20020089918059966,0.11828511939832392,0.3212675676077668,0.014036450207718851,0.10244764904004389,0.2,0.2,0.5,22,0.3444812022976562,13.381574980959696
16,12,0.1414676252100018,0.2350078605542548,0.2474189123759937,0.24003915850576232,0.11826578814756789,0.32136603272290676,0.014016149542531239,0.10237849651903157,0.2,0.2,0.5,27,0.3437787308002867,5.749064081996412
16,13,0.14147538025673334,0.24519542588093007,0.26939272916670837,0.2505879661381716,0.11827351102130826,0.3212540397109246,0.014028857663352151,0.1024337458665161,0.2,0.2,0.5,30,0.3440452389251394,13.35439132136908
17,0,0.9632805104033592,0.650219584212056,0.64816873093392,0.14936320302214579,0.0,0.0,0.0,0.0,0.2,0.2,0.5,1,16.495816660950762,13.42790081095076
17,1,0.5396471411084379,0.5499392582708187,0.5472723217634361,0.13106064796887731,0.12366580642797344,0.02364566864339074,9.081940660196e-05,9.506863186768e-05,0.2,0.2,0.5,3,9.338747848150252,8.748079348804957
17,2,0.05046723495861989,0.16804251389787314,0.168961199539209,0.056253559793299206,0.9024701859702252,0.04474530818337892,0.00222520359043404,0.00392569555589224,0.2,0.2,0.5,4,0.8981308678097051,2.999886205150968
17,3,0.2109918731766946,0.27623650226242036,0.2708642037297562,0.2044005001126511,0.3453655309933713,0.8956329242206176,0.00132973023900755,0.02621313865658295,0.2,0.2,0.5,5,0.6390899925929481,15.427169999495456
17,4,0.21078743253496923,0.2805149110912077,0.28103098777931207,0.21016876109953714,0.19341509907043425,0.8956329242206177,0.00132973023900755,0.02621313865658295,0.2,0.2,0.5,7,0.6275782407998266,15.74059728648453
17,5,0.21082316136452645,0.28054931435293123,0.28106535984348124,0.22396004013389342,0.19253736709629077,0.8958611432327246,0.0013299889406257598,0.026194126716389238,0.2,0.2,0.5,9,0.6272065375130382,12.456325629544606
17,6,0.04506976529975672,0.1249517019382176,0.13725379484922293,0.07373719121565599,0.026862379300738884,0.11178390331579238,0.0039216777962698,0.00729767891104949,0.2,0.2,0.5,10,0.6254365747993481,233.72141413100556
17,7,0.04506976593413891,0.12495170261253376,0.13725379552353908,0.07373719189026474,0.02679000779392315,0.11178390758703376,0.0039216776851191595,0.0072976785956455304,0.2,0.2,0.5,12,0.6254366096010366,233.7214009614297
17,8,0.045210938912887376,0.1301786774116846,0.1483738933618742,0.10398699830947258,0.02693558288121096,0.11258357244462032,0.0038916010230441904,0.007274946147202479,0.2,0.2,0.5,16,0.6261212728864782,217.68568777461988
17,9,0.04749429784805209,0.12737211004210058,0.13967418789569475,0.1294294492460295,0.029215891036683494,0.12187164677688196,0.004361491008279339,0.00793850097789326,0.2,0.2,0.5,27,0.6260435399566923,320.01988467536154
18,0,0.9755390632589043,0.6525017905825378,0.6504642953403152,0.14996047471415017,0.0,0.0,0.0,0.0,0.2,0.2,0.5,1,15.539361490483024,14.79187134837776
18,1,0.09102108896924124,0.19193372219728236,0.1868539393075667,0.08001480690675022,0.4502479825929177,0.20641757292556767,0.00524999282773195,0.03195478993390188,0.2,0.2,0.5,4,1.244912866797477,2.117474460137177
18,2,0.03166693628568676,0.11067336666471728,0.10540636488929224,0.02571455741444909,0.08412570526199983,0.03924763800235877,0.0009956473611977801,0.00186184361335163,0.2,0.2,0.5,5,1.0658169923817002,2.0624731385203496
18,3,0.07182986924800926,0.13576451366686412,0.1362354855750763,0.06871663622812406,0.11060663709290561,0.20464911134674724,0.00447389731119401,0.02723097982341719,0.2,0.2,0.5,6,0.7945487085251396,1.9574244966830427
18,4,0.05513186017013976,0.11657395038485405,0.11702570837844253,0.05977752677544055,0.04323244002233343,0.1743119707907244,0.00174430489839527,0.00863122022072839,0.2,0.2,0.5,8,0.8107565644920565,15.649447388476512
18,5,0.0636115925602451,0.1352226315137477,0.14746054411364704,0.08122625977445068,0.048020671966888875,0.18476708509604362,0.00381582755371781,0.02058675807533792,0.2,0.2,0.5,11,0.7996516551479212,2.021341138454946
18,6,0.06221049473968351,0.1286430762531667,0.1349872052458311,0.0862076469316512,0.04676795329265944,0.19924320242413532,0.00212041341140703,0.012727461996926908,0.2,0.2,0.5,13,0.805388315131159,1.9141871503515449
18,7,0.05931769969420077,0.13082868690929542,0.14306582874269427,0.08779613072844254,0.04376428378613707,0.17114532610566668,0.00335667236329329,0.017693666913294027,0.2,0.2,0.5,15,0.8039742795953659,2.2163373848810357
18,8,0.05518064724875858,0.1266849052748869,0.1389219794116633,0.0887548404111074,0.039632185032887686,0.17423494552542365,0.0016660883260961798,0.00886411960362267,0.2,0.2,0.5,16,0.8010535930685164,3.359857652400522
18,9,0.05931517428926726,0.1359079455250225,0.15403815302911028,0.09608193733396586,0.04375141960551329,0.17114532610566663,0.00335667236329329,0.017693666913294027,0.2,0.2,0.5,17,0.7990271240064869,2.225145563812044
18,10,0.05531785857231111,0.13190952452401655,0.15003973531559905,0.10067087171699488,0.03975184771923655,0.1747866694803143,0.00168665054865838,0.00891116991789528,0.2,0.2,0.5,19,0.8013468121675759,3.216625238357916
18,13,0.06261957035729501,0.1493899740436322,0.17930642635261315,0.1595475973630959,0.0470526932194289,0.18210266301625744,0.00369917934656415,0.019783860726181622,0.2,0.2,0.5,23,0.8003826182525776,2.060356459288621
19,0,0.9872604126732744,0.654658023199985,0.6526331973248221,0.15052421256070395,0.0,0.0,0.0,0.0,0.2,0.2,0.5,1,15.477002268120142,16.89827762996225
19,1,0.5596525908905455,0.5571062895137804,0.5544755107406417,0.13367940827434188,0.1227160980865575,0.02873214076755165,9.307949223409e-05,6.312224941987001e-05,0.2,0.2,0.5,3,8.109452858702298,9.768464763830709
19,2,0.07015842473674906,0.26406602271845864,0.25972387125215524,0.07142017688377832,0.7710691176696916,0.02024176311879177,0.0022498633417599003,0.00026325293075958004,0.2,0.2,0.5,4,1.2945065318025302,2.777411765556509
19,3,0.058570401803929424,0.12519462641163054,0.11983320919004281,0.051987704116279114,0.3269010836507161,0.1915830817123812,0.00136282123046233,0.0020347736601317697,0.2,0.2,0.5,5,0.5897598290188564,16.032990631561805
19,4,0.03502340946463466,0.10636353728607804,0.10689225396696354,0.043631529456246966,0.017323882957500505,0.0593985486007156,0.01315086737281512,0.0033556876337063704,0.2,0.2,0.5,6,0.5964624387941582,0.7179230468868263
19,5,0.023011969721160475,0.09943815918175797,0.10585999542358986,0.043742327549010175,0.004181568964705307,0.00681419964295988,0.01400652564069596,2.693960693693e-05,0.2,0.2,0.5,9,0.597986513322386,1.3908209553066937
19,6,0.058120944949718645,0.129457118726761,0.1299858053769812,0.09600340112008046,0.03928671328421065,0.18998423613176946,0.00136279206965508,0.0020344458237703403,0.2,0.2,0.5,13,0.5977948595972186,1773.9975342958446
19,7,0.03252872127735147,0.1293143567115416,0.15930868525599515,0.13469376803202612,0.013694412905827858,0.05715585246093134,0.0070124962725321895,0.00172148309038165,0.2,0.2,0.5,27,0.598065407253567,1524.5742440902866
19,8,0.03264491141854514,0.1294304497629218,0.15942476681235915,0.1662321143460481,0.01381067168106222,0.05838564261290746,0.0067028963127017,0.00158582611336106,0.2,0.2,0.5,31,0.5979616825900788,5.883358160087356
19,9,0.03268396246960909,0.1345594070652131,0.17044682424795907,0.18470837019674866,0.013849698157872322,0.05853025238407533,0.00676875114158672,0.00157975724675714,0.2,0.2,0.5,34,0.5978530067517273,5.905461940805127
19,11,0.032625591714400166,0.23629901307653867,0.39004897049838855,0.6903442965018477,0.013791309305993697,0.05726774018843959,0.007190223806221641,0.00179943245850228,0.2,0.2,0.5,119,0.5978325607819448,1024.078459332508
20,0,0.9756735318706066,0.6525266436040982,0.6504893052809346,0.14996670579474633,0.0,0.0,0.0,0.0,0.2,0.2,0.5,1,16.265596377322776,17.05838281811225
20,1,0.01766043791752656,0.06940616911316025,0.06392882827886061,0.019233504106239106,0.44640235049572063,0.01447784042721259,0.00251390445760596,0.00037788362417096,0.2,0.2,0.5,4,2.449716185579579,2.9362381349252926
20,2,0.0031953431028423004,0.0025714008947256284,0.0025714008947256284,0.010988490215552586,0.1620918208478052,0.01185567222599608,0.00058152792455721,0.00016792172922994,0.2,0.2,0.5,5,1.6930179549317337,3.1928874365766697
20,3,0.003156382442218266,0.012503185729949347,0.024287979475323938,0.03258342679923943,0.002753269587656359,0.01185196822798445,0.00058105587032613,0.00016767569314276998,0.2,0.2,0.5,8,1.694642966689881,3.186298662314512
20,4,0.002764562149900552,0.004872984855455367,0.010749779470836749,0.01782014094217578,0.008283586565135974,0.01185567222599607,0.00058152792455721,0.00016792172922994,0.2,0.2,0.5,9,1.7423782903725191,3.0857895787469958
20,5,0.005168570992467688,0.01131980339804178,0.023082449743886988,0.02994934397283309,0.00796648816491561,0.00505332857009655,0.02066805217758344,4.352755750118e-05,0.2,0.2,0.5,10,1.7635561912540674,1.2839898262504392
20,6,0.004905102359991907,0.021224680141763482,0.04477347326788451,0.061198038199075926,0.004908966124521414,0.00561988899601798,0.018743242484776882,6.4013150315e-05,0.2,0.2,0.5,17,1.7612763992689278,238152.71533215384
20,9,0.003288840608773077,0.01451656198019635,0.032172255461081566,0.05296464949512625,0.0032893250431676366,0.00599192169707039,0.0103274105880232,4.9754078169150005e-05,0.2,0.2,0.5,25,1.7617714688787902,4.99569660371607
20,10,0.004093619753923727,0.010230977123540522,0.02199352536061133,0.07660397488359613,0.00409474545177214,0.00997502741839848,0.01039902684254524,3.7580525376029996e-05,0.2,0.2,0.5,26,1.7613263789362774,1.1589034666345863
20,13,0.0040153194098795034,0.020332415384016204,0.0438812159546858,0.11091150923805157,0.004015375688861245,0.00952435412933941,0.010446225275713381,4.240705773789e-05,0.2,0.2,0.5,37,1.76136483042498,1.30911979579894
21,0,0.9727895389954101,0.6519922259748558,0.649951757949238,0.14982689469592825,0.0,0.0,0.0,0.0,0.2,0.2,0.5,1,15.824523938488154,13.722090583225
21,1,0.5459328390509428,0.5522381370104436,0.5495826100015372,0.13192226709686028,0.12382182078106041,0.02534206427195554,9.127142372838001e-05,0.00012132721954851,0.2,0.2,0.5,3,8.933888755413776,8.910009385860555
21,2,0.051083845252094584,0.16120396484436889,0.15620882773485817,0.0502395162884155,0.915984183504877,0.04987736998193079,0.00232894193363773,0.00540118703544918,0.2,0.2,0.5,4,1.0758737743652411,3.099289672075025
21,3,0.02266523679501924,0.09025431167148797,0.09075364934652946,0.03577136048565804,0.15891521834571296,0.02323677075396577,0.0005263060070664399,0.00067445202501343,0.2,0.2,0.5,5,0.7218814144294097,3.0424456834301026
21,4,0.032340671131869524,0.10439394203087017,0.11078155798479485,0.06096393637707612,0.01591120931985915,0.07283696843225355,0.00033542163126853996,0.0006730122653964799,0.2,0.2,0.5,7,0.6922372903668392,85.8414097594652
21,5,0.029874943498326822,0.10169072321913146,0.10807649385516382,0.04761290816864806,0.013296628740031888,0.0502300539084091,0.0018371826688777001,0.0043392814585094894,0.2,0.2,0.5,8,0.6991220672271086,2.6642401985713824
21,6,0.019724440693627342,0.09148935163782898,0.09787472597903936,0.04221041025024627,0.00260180912742719,0.01091127761162518,5.7318953835239995e-05,0.00051097727398546,0.2,0.2,0.5,9,0.6987164581854123,3.078978312157309
21,7,0.019724440538932044,0.1016691492689943,0.11984074947553296,0.06521675238561761,0.0024492167117887934,0.01091127761162517,5.7318953835239995e-05,0.00051097727398546,0.2,0.2,0.5,11,0.6987392573600203,3.0789299460153887
21,8,0.019590693936969286,0.10153540264747601,0.11970700285401467,0.12034951857717693,0.002315464054430191,0.01090688216949913,2.908842156548e-05,0.00025653442070722,0.2,0.2,0.5,26,0.6987324062448576,3.078941049912024
22,0,0.9817174058036817,0.6536444859144723,0.6516136774629486,0.15026483349749417,0.0,0.0,0.0,0.0,0.2,0.2,0.5,1,15.16247278355567,14.628971005924088
22,1,0.5534159625998704,0.5568336852921193,0.5541863252945362,0.13549288226792963,0.12731659941620027,0.041458415635589455,9.307949223409e-05,8.053427557922e-05,0.2,0.2,0.5,3,8.625107925326464,9.644421766345143
22,2,0.04528496196076612,0.16085950176116223,0.1617601826471083,0.05132625695439995,0.9126072498068099,0.03286147773534276,0.00247781673289635,0.00035178651844266996,0.2,0.2,0.5,4,0.971262211795775,2.9637836649305616
22,3,0.0264807204225409,0.10623597532871366,0.11268412074452265,0.04430185074618789,0.07297589374661503,0.029807130360101252,0.0020909997785891,0.00021873718719914002,0.2,0.2,0.5,6,0.5287395759251203,2.6246065147558246
22,4,0.027158857398386207,0.10678220166174078,0.11322929907858567,0.060956351899744604,0.007314628297182925,0.0333909510676024,0.0019335382130002102,0.00029759771865060997,0.2,0.2,0.5,10,0.5271163318077378,2.7912125221980566
22,5,0.026422970960108084,0.1111361888050735,0.12347639958936224,0.09346729642040208,0.006477832155020099,0.03097732307808606,0.0009692178584806499,0.00017703137745733998,0.2,0.2,0.5,18,0.5272504627567356,846555533251.7881
22,6,0.02660149832861411,0.12658445009929514,0.15660402484550762,0.11493861401516145,0.006656374727608704,0.03195573775044537,0.00096764330363917,0.00014334735970528,0.2,0.2,0.5,22,0.5271924423383666,3.996286806936626
22,7,0.02583021448330299,0.12581316935735817,0.15583274410357068,0.1820666128858156,0.005885071908392943,0.02810142082874052,0.00104878875485752,0.00011005446402596,0.2,0.2,0.5,36,0.5272081330773762,26.89550765000044
22,8,0.026068128407035564,0.14132078003488616,0.18901975757586853,0.2361321975723154,0.006122987321884825,0.02928860984588531,0.00106112276888138,0.00010607371311847,0.2,0.2,0.5,43,0.527216157481195,2.598492049288131
22,9,0.025802519614621627,0.19195415980083563,0.2985843946620145,0.5270316375856119,0.005857375442038885,0.02790299804390912,0.00111285242078999,0.00010840979339132001,0.2,0.2,0.5,104,0.5272276299555188,26.852243788504857
23,0,0.9806423851910084,0.6534436424339869,0.6514117036333812,0.15020655207219044,0.0,0.0,0.0,0.0,0.2,0.2,0.5,1,15.278597957389124,14.037171511336492
23,1,0.5537516721999695,0.5561585617513839,0.5535140233235667,0.13445878733496996,0.12538962559783864,0.03556909906557469,9.127142372838001e-05,0.00012290580712493,0.2,0.2,0.5,3,8.58286032547854,8.920178595803389
23,2,0.06928178111827257,0.18502980563608307,0.180064986034176,0.058781455670109325,0.9417967147780948,0.11020231124975303,0.00483654664401941,0.017582391240906332,0.2,0.2,0.5,4,1.1113961913865804,2.045981535095992
23,3,0.027648391961800026,0.09362569722148073,0.09411248488915067,0.020981361872126614,0.1663516890485196,0.047117461169791756,0.00134798312768604,0.0018151897662085099,0.2,0.2,0.5,5,0.7009544851704049,3.802494362889655
23,4,0.16645664215122702,0.22725347171279303,0.221846454819644,0.1633869939481476,0.14970988105180877,0.7046091879078336,0.0013362672240263501,0.01649851903568897,0.2,0.2,0.5,6,0.7059624172955454,1866.274302290966
23,5,0.6053686660952328,0.6712544096333402,0.6717405076560107,0.6046845713134237,0.5883537645072769,0.4403771396832729,0.0013764101464837299,1.0,0.2,0.2,0.5,7,0.7046069709060262,12.69292460670263
23,6,0.08159327038381048,0.14727995041209785,0.1477644811123129,0.09529405427608509,0.064838388138185,0.2074282487606141,0.00642569756987135,0.043738040011382665,0.2,0.2,0.5,10,0.7079486060612307,14.731769209705089
23,7,0.048109339677331005,0.11379165644936494,0.11427616233627157,0.06671204154556284,0.0311705665829638,0.12791792476613356,0.0034314735066474,0.00977484349716298,0.2,0.2,0.5,11,0.707397013270474,14.833607737498522
23,8,0.048682340018852195,0.11945401513426887,0.12583165457923023,0.08102531844381325,0.03173083528367535,0.13080699365718282,0.0034283965835704795,0.0097667644310791,0.2,0.2,0.5,15,0.7076700774870165,1.289829769602396
23,9,0.08031582016262301,0.16126712415217093,0.17943101766984987,0.12358597836524832,0.0633642026977673,0.20562788355743108,0.00640697901268548,0.0419140642669614,0.2,0.2,0.5,18,0.7076650872462616,14.464010200697851
23,10,0.04869393237705763,0.16527453073922424,0.22469030438104065,0.23141557684698086,0.03174212046670836,0.13086469932248318,0.00342844446374152,0.0097669815364675,0.2,0.2,0.5,43,0.7077231461680074,1.2921592992440645
23,11,0.08100457017216958,0.21794476308158,0.300933014052764,0.5594736974906279,0.06405275760256926,0.2062464894271714,0.00656655344706155,0.04298029606131451,0.2,0.2,0.5,102,0.707686933368189,326276200577894.75
24,0,0.9455634644030888,0.6468708725538608,0.644800375748119,0.1484872500705348,0.0,0.0,0.0,0.0,0.2,0.2,0.5,1,17.771793255620583,16.44682430825216
24,1,0.5317757188675821,0.5510058110260773,0.5483126436667968,0.13543344012449135,0.13048686580234675,0.051370329765126566,9.262747510766001e-05,9.244079729211001e-05,0.2,0.2,0.5,3,10.346075140620526,10.655107042048408
24,2,0.066389930602806,0.22154134764916503,0.2227929682676049,0.06806495594847486,0.783961440001362,0.03732144735291333,0.002306087949598,0.00029125433600006004,0.2,0.2,0.5,4,0.3507935278052344,2.8236444694556235
24,3,0.03176950869099009,0.11861230400257916,0.11926538631277152,0.044789895349599755,0.21428158005756034,0.03516039851174317,0.0005541986956543,0.00016467174899284,0.2,0.2,0.5,5,0.2849666711662121,3.062681272543596
24,4,0.030401802484103648,0.11878631398634865,0.12530371265164109,0.05287754377202057,0.01271384925664629,0.035160398511743164,0.0005541986956543,0.00016467174899284,0.2,0.2,0.5,7,0.357227289215575,3.2345236918560207
24,5,0.03049760876481344,0.11370827087608466,0.11433186207455023,0.05297525458564977,0.007485031053178086,0.036283544100011875,0.00027504381448592,8.339562545777e-05,0.2,0.2,0.5,9,0.3951194541801145,15.353354889692053
24,6,0.026608565057789597,0.109784879753373,0.11040819719761275,0.050188767643874595,0.0035044991160264015,0.014130375576148829,0.0031607995856741495,3.8718954265380004e-05,0.2,0.2,0.5,13,0.3756262674951715,8.622710653530323
24,7,0.026412177521189482,0.10958617751478983,0.11020946704896992,0.08513074642260766,0.0032836100288229707,0.01234847331359025,0.003933307167560169,5.151860183543e-05,0.2,0.2,0.5,18,0.3818823088752613,8.065062708769771
24,8,0.026411671887921526,0.1146742123537556,0.12119062289067126,0.09441138318360631,0.0032841688608425076,0.01234847331359025,0.003933307167560169,5.151860183543e-05,0.2,0.2,0.5,20,0.3807581379034194,8.069170212457982
24,9,0.02641044084880346,0.12485256331114188,0.1431552287903349,0.10828811914000239,0.0032812279783864078,0.013181453048687189,0.00313600676073082,3.497484850979e-05,0.2,0.2,0.5,23,0.3816996056101467,8.919412295409744
24,10,0.026411532417503932,0.11976364516328143,0.1321731610508626,0.11093269006267606,0.0032824520210144783,0.012348473164796819,0.0039333072493397,5.151860483605e-05,0.2,0.2,0.5,24,0.3801069799514083,8.071560675284031
24,11,0.026555832393590544,0.12499749888115885,0.1433001457181164,0.115045626152713,0.00342749440035904,0.01393650771444618,0.00310022820865877,3.837819414671e-05,0.2,0.2,0.5,25,0.3806541494895062,9.175507029829188
24,12,0.025988686715686365,0.11934045891670032,0.13174998002163824,0.14916032708819688,0.002859400311844334,0.01103085151455488,0.00320704162580123,2.363300949447e-05,0.2,0.2,0.5,30,0.3805204940299712,8.814875488709282
24,13,0.026343950163868566,0.11969572286685486,0.13210524397179277,0.12145540204004829,0.0032146979256717965,0.01293116075968601,0.0030563819313663,3.4301089525059995e-05,0.2,0.2,0.5,32,0.3803894886082394,9.018557392409898
24,14,0.026539956495340796,0.1300715286626133,0.15426730123159052,0.1532252791969671,0.003410693142702627,0.01385792168564223,0.00309985977290449,3.8221911713459996e-05,0.2,0.2,0.5,34,0.3805638268480614,8.894138049348626
24,15,0.026120718237804954,0.17037148094563367,0.24171225937076807,0.5806713106265625,0.002991429284367607,0.01152658517211318,0.00335934859197516,2.8484506215170002e-05,0.2,0.2,0.5,127,0.3804914041092657,8.726285454010604
25,0,0.9512715533179448,0.647956328270514,0.6458922119684879,0.1487713790077867,0.0,0.0,0.0,0.0,0.2,0.2,0.5,1,17.872473378401004,12.330413628401002
25,1,0.536091911113182,0.549646486185961,0.5469700675732116,0.13196177133590495,0.12425600643926242,0.03018560177770232,8.991537234910001e-05,0.00012496095637354998,0.2,0.2,0.5,3,9.661156814934756,8.669057582266257
25,2,0.06858207015428462,0.21518693506038128,0.21635882958691577,0.07171853816378623,0.8228754310154713,0.061017050382598345,0.0020244971036349102,0.00541348577855763,0.2,0.2,0.5,4,0.3570662388727735,2.858626342832633
25,3,0.3939969210256262,0.48473286957491757,0.4795653497156298,0.38719979614590266,0.5219536293748059,1.0,0.0013164938424256299,0.3316135224503153,0.2,0.2,0.5,5,0.3339343488118247,14.46769310589664
25,4,0.03946907570946652,0.1305335416290989,0.1370727843971026,0.05713611911802601,0.04380063283868303,0.06200157168563327,0.0018179370054371602,0.00496964386766223,0.2,0.2,0.5,6,0.4443580007788656,2.8627107080369387
25,5,0.03821339293077478,0.12606917146184998,0.13258229915281988,0.06683229078874743,0.01859329825886152,0.062207681340493225,0.00177930803743111,0.004885428133080899,0.2,0.2,0.5,9,0.3720234128730138,2.719621835511075
25,6,0.7465886144918759,0.8283450143546327,0.828956810087927,0.7701981392380355,0.7271557776391389,1.0,0.1200018999497793,1.0,0.2,0.2,0.5,10,0.3759348111270092,0.997048891868892
25,7,0.7367974692726394,0.8236433212705883,0.8301482496923779,0.7685023211999253,0.7142097496173385,1.0,0.07104704707933887,1.0,0.2,0.2,0.5,14,0.3735168737565031,13.59785771935077
25,8,0.7367967157137848,0.8236405253056627,0.8301454594328819,0.7685015749125282,0.714215554032674,1.0,0.07104704707933887,1.0,0.2,0.2,0.5,15,0.3742450278108021,13.58775454827181
25,9,0.7467288677169033,0.8386609582766037,0.851058966556934,0.8079278951736443,0.724144846890605,1.0,0.12071097938152535,1.0,0.2,0.2,0.5,17,0.3756814044580895,0.9563052192686908
26,0,0.9774942804364621,0.652863091383473,0.6508277458386926,0.15005483788214208,0.0,0.0,0.0,0.0,0.2,0.2,0.5,1,15.797930351515118,13.069312255462492
26,1,0.5521733863053719,0.556322985160558,0.5536735563962901,0.13523962779498205,0.12667572953859083,0.04056539405101733,9.081940660196e-05,0.00012229583593147,0.2,0.2,0.5,3,8.943437136924727,8.38783027718787
26,2,0.04963834333051896,0.15129047200892037,0.15206805542582155,0.05724129903566231,0.9704546606089343,0.07716659140241516,0.00225378449198696,0.00556954238158611,0.2,0.2,0.5,4,1.4318325748489544,3.0567971541421213
26,3,0.021554157087089295,0.07373783993147139,0.07411909108465262,0.034125520464216734,0.161518374583024,0.04157140463530977,0.00052530029941735,0.0005895239579299,0.2,0.2,0.5,5,0.9557879332223022,3.1479481717746984
26,4,0.021464123122264117,0.07816198511526982,0.08443202873762566,0.04158249743688652,0.009625856983496732,0.041868231017621646,0.00054109763429976,0.00061327530417875,0.2,0.2,0.5,7,0.979663999539325,3.099884835808831
26,5,0.03123000756291202,0.09805627439426076,0.11611218226291506,0.07716650583008297,0.01859033152410669,0.07915880071893924,0.00184347432165529,0.00473711172140074,0.2,0.2,0.5,14,0.97222930605072,2.61145763588786
26,6,0.03036350792173315,0.09203705413377385,0.10419935741229608,0.08523047897186059,0.017902822795915374,0.08180452074772565,0.00090719621221048,0.00235608137261381,0.2,0.2,0.5,15,0.9746865122171572,12.028045632756722
26,7,0.030317527390505503,0.09198781731546787,0.10415009075406804,0.09094389246574917,0.017684959120298993,0.08160093779649012,0.0009064793582428401,0.00234771555285966,0.2,0.2,0.5,16,0.973838365714448,2.5729213081694886
26,8,0.030202572346802216,0.09696137680172992,0.11501677037350644,0.12472136125363752,0.01756124020936389,0.081222172098201,0.00090019297035258,0.00227263035053962,0.2,0.2,0.5,25,0.973525051349934,81.25316667529822
26,9,0.03019980959399255,0.0969585791350842,0.11501398594099592,0.1348691289533679,0.017558084594368223,0.08120532683680738,0.00090016680082282,0.00227386125530992,0.2,0.2,0.5,27,0.97360280988106,14.198610515641786
26,10,0.17583181383662938,0.26295009007749304,0.30457798831646704,0.37292721960079567,0.16319007669750318,0.4114002181502266,0.02275494261478759,0.15271805876158992,0.2,0.2,0.5,45,0.9737551329692158,14.199296550560474
26,11,0.17571090885178997,0.2679190817845533,0.3154401313542579,0.3682054709002592,0.1630692031657784,0.4109999260527718,0.02275491745317925,0.15263637144817035,0.2,0.2,0.5,47,0.9737414902238326,14.177362056822728
27,0,0.998779169122013,0.6567527445890701,0.6547402016261991,0.15107234284912827,0.0,0.0,0.0,0.0,0.2,0.2,0.5,1,14.267787814171529,15.631419379961
27,1,0.5668475959807592,0.5606157480079772,0.5579950061866189,0.13592124562365046,0.124944133078151,0.037523535333080935,9.217545798124e-05,0.00014125198565592998,0.2,0.2,0.5,3,7.915472958266972,10.296353599548626
27,2,0.07649664461423662,0.1763003074635318,0.1712083522190312,0.06594979955433102,1.0021473943712762,0.1423451318002626,0.0053589456834012604,0.030418529107770258,0.2,0.2,0.5,4,1.3045718215764888,2.106933402779033
27,3,0.05635977342260053,0.13851403123619863,0.13327142436919,0.05049901296229852,0.09290850980623908,0.1583868049186155,0.00134958483388043,0.00142568304214248,0.2,0.2,0.5,5,0.881681478236221,18.01344092862751
27,4,0.04891892648934098,0.11244779389512402,0.11291561099024393,0.05221399168731408,0.06497211129154391,0.1583868049186155,0.00134958483388042,0.00142568304214249,0.2,0.2,0.5,7,0.7826822220888371,15.361391667636196
27,5,0.06718821020669277,0.12882492897286624,0.1292781549066603,0.07737675948627146,0.057128188923761564,0.16442068634342716,0.00569491205596089,0.03499887405096254,0.2,0.2,0.5,8,0.7828102592680248,1.5948099614645057
27,6,0.06692433157336623,0.13321096848916666,0.13955397580591453,0.07986755479191651,0.052048455277870914,0.1632164468467756,0.00575099605419458,0.03520437450909441,0.2,0.2,0.5,10,0.8053922058253427,1.6173211155530012
27,7,0.07721288480531584,0.14349736981589356,0.14984035723936012,0.12714673185908398,0.06168542520022218,0.23410300984110516,0.00296108480174023,0.02854410839564936,0.2,0.2,0.5,21,0.8047786729592923,4.9404430629287885
27,8,0.0772064724053158,0.14349075454651442,0.14983373221408344,0.13327171046754865,0.06167913697297443,0.2341098578967593,0.00296124391757357,0.02852861864814244,0.2,0.2,0.5,22,0.8039210436717461,13.907301945719697
27,9,0.07645653301629186,0.15292053776634112,0.17104975540293324,0.14496455844321712,0.060928686429945506,0.23036003532042598,0.00295339972315636,0.028531889530842753,0.2,0.2,0.5,29,0.804426354859951,14.579463128324688
27,10,0.07846199581963285,0.16510572983573474,0.19502119980592555,0.17364591245585756,0.062934267845588,0.23621518326849217,0.0036816726685653597,0.02990946538129382,0.2,0.2,0.5,30,0.8043539867400089,10.605124238975394
27,11,0.08074979005436728,0.17248342897999003,0.20829199908348947,0.18270345215743106,0.06522196493546634,0.23678566970152848,0.00368114708957051,0.03425708169702253,0.2,0.2,0.5,32,0.8039866549560984,12.4016918060773
27,12,0.0829425021856024,0.17467607477442626,0.21048464574748527,0.22047259332183367,0.06741463475188023,0.23419997674011128,0.00367931151235093,0.03967754003273459,0.2,0.2,0.5,38,0.8041514545941276,11.273842249914086
27,13,0.0784623697453501,0.17019594092995202,0.206004511903011,0.2120391411910451,0.06293450293169822,0.2362117673402231,0.0036804090049130005,0.02991211710671653,0.2,0.2,0.5,40,0.8041371251452119,10.339376339408531
27,14,0.07749007671362607,0.1997630397829821,0.2709303907468699,0.2793307808248538,0.06196220652955935,0.2354793562425256,0.0032996092384641198,0.02841281337144342,0.2,0.2,0.5,49,0.804197068013135,18.086364315580216
27,15,0.07849789623711259,0.1804112666301397,0.22800611466594897,0.30791401063033935,0.06297002796428423,0.23644426146447825,0.00363119143267092,0.029909862623956042,0.2,0.2,0.5,54,0.804104820340939,14.826241289019102
28,0,0.959210794671185,0.6494556644618412,0.6474003344266799,0.1491634878228835,0.0,0.0,0.0,0.0,0.2,0.2,0.5,1,16.54392363295258,14.233932830321002
28,1,0.541344336161352,0.5526041558940552,0.5499344228209586,0.13408004584543284,0.12648051126949905,0.0392426368626587,9.127142372838001e-05,0.00013590253293178,0.2,0.2,0.5,3,9.481635036484017,8.598293145442254
28,2,0.08374230304984112,0.20690866485657852,0.20203395621760825,0.06915663756459799,0.8907730312550761,0.12367180055831281,0.00532228947255193,0.025020576418004446,0.2,0.2,0.5,4,0.5898277877460653,2.190069590446916
28,3,0.22512581971167117,0.2964565772964307,0.29113237352749993,0.21858159884700634,0.3764839554706501,0.9029030316079177,0.00133634843729851,0.04734605051292938,0.2,0.2,0.5,5,0.4987219457761894,15.550644171860338
28,4,0.05584830747475967,0.1318906057934355,0.13245654655243466,0.05287944442909312,0.03642599014086216,0.12224010876937393,0.00428102883519784,0.02012551359168929,0.2,0.2,0.5,6,0.5891617468266513,2.055465692158211
28,5,0.049476560560019554,0.11829381182658733,0.11294969917408995,0.05032716563207645,0.03629230897626101,0.12244392435463632,0.00206323840496231,0.00970061134426704,0.2,0.2,0.5,7,0.5651455246405851,4.545948592523795
28,6,0.051852947317998624,0.12558907456084673,0.12613670591000561,0.06674695478938647,0.03231876245386245,0.13278811507615382,0.0022386895132475203,0.01036543798795451,0.2,0.2,0.5,11,0.5706061312292622,2.814620086495674
28,7,0.055202352137387854,0.13402504426260878,0.14046580058081426,0.07777080954906877,0.035543818297493535,0.12390691035440575,0.00418978136432872,0.01983863412889601,0.2,0.2,0.5,13,0.5699571316537033,1.9721749718274344
28,8,0.05519852816681117,0.13402096729542332,0.14046172709186655,0.08580181463782165,0.03553516668206498,0.12388338154816383,0.00419047692620133,0.01984023481781167,0.2,0.2,0.5,15,0.569670459185413,1.9725456087781843
28,9,0.05075195429484629,0.13466377945673674,0.14699762161381294,0.10859659433599352,0.031089019588175355,0.12807467361548358,0.00217520159283979,0.01007705279815283,0.2,0.2,0.5,18,0.5686959573230945,1.835603078982816
28,10,0.0507868328964866,0.13469852140389127,0.14703237853422157,0.1086314795047947,0.03112399271148491,0.12826965012896785,0.0021747837158201397,0.010069101566337831,0.2,0.2,0.5,19,0.568465256040607,1.7223785890319092
28,11,0.050724826019340544,0.13463651465302837,0.14697037178335867,0.11198448431120782,0.03106145300765318,0.12793511842113575,0.0021748702842663897,0.010078866120366351,0.2,0.2,0.5,20,0.5683618011638273,1.7790952193984344
28,12,0.050735632887417476,0.13464732341352148,0.14698118054385179,0.11882531615988873,0.031072272871344585,0.1280019710404247,0.0021748111974834,0.01007376622835016,0.2,0.2,0.5,22,0.5684192661293814,1.912374041583367
29,0,0.960079081832374,0.6496188400815242,0.647564473361431,0.1492060592396898,0.0,0.0,0.0,0.0,0.2,0.2,0.5,1,16.993983579482386,12.81340569132449
29,1,0.5399736707730752,0.5504758002629342,0.5478082539585778,0.13167354748448878,0.12374304626139852,0.02682848992281025,9.036738947553e-05,0.00010179565290285,0.2,0.2,0.5,3,9.625730382942278,8.199992216088209
29,2,0.05638678413917265,0.18080844324315617,0.18179216494332398,0.06080205653530437,0.8783144578816456,0.052048604497042114,0.00219891878579197,0.00436247660382706,0.2,0.2,0.5,4,0.6852877312862043,3.057907560523572
29,3,0.24011376970270837,0.314539217275265,0.3092398372423302,0.23351620500575812,0.36868769973555365,1.0,0.00132311204071659,0.03620326798304978,0.2,0.2,0.5,5,0.4196371265272766,15.71369122616752
29,4,0.24007037049152938,0.3144944615510772,0.3091950767888584,0.24184326889642765,0.2183255065277451,1.0,0.0013292150642003199,0.03611504327851462,0.2,0.2,0.5,7,0.4193500241604462,10.94303132039446
29,5,0.24011300979107908,0.3145364213103395,0.30923702138412323,0.23711476191202768,0.218366671474362,1.0,0.00132311204071659,0.03620326798304978,0.2,0.2,0.5,12,0.4189897907007694,15.733157852903418
29,6,0.24015120992370487,0.3196473832444736,0.320240975311994,0.2813480698805588,0.21843742249236883,1.0,0.00132182325834915,0.03629289747698755,0.2,0.2,0.5,14,0.4175550762877074,357.20357405904576
29,7,0.7067082373372071,0.8014737423326779,0.8197467044490382,0.798575330533138,0.6849682043895258,0.7327311766816752,0.19210872761142647,1.0,0.2,0.2,0.5,19,0.4174506994496813,10.909655197598587
29,9,0.7066540949529431,0.8115989442202329,0.8416581391583972,0.8615129417149394,0.684914008805967,0.7326022331450384,0.19196779905770664,1.0,0.2,0.2,0.5,32,0.4177605916223435,2.266436912951947
29,10,0.6875061225625008,0.8331701627005614,0.9103743890935938,1.1146642967290314,0.6657660350348792,0.7325765572821031,0.09625361469897828,1.0,0.2,0.2,0.5,82,0.4177805423234531,2.404143954821787
30,0,0.9625864305621161,0.6500894941773254,0.6480378703234323,0.1493291725398865,0.0,0.0,0.0,0.0,0.2,0.2,0.5,1,16.32087691023807,14.476418932606492
30,1,0.5365033678727535,0.5496011477026393,0.5469260731542962,0.13174751830744763,0.12613900657440388,0.028819957077912538,9.172344085481e-05,0.0001248530163028,0.2,0.2,0.5,3,9.496401339980675,9.189807439021438
30,2,0.05554689728754149,0.14658977615185617,0.14142274664569704,0.0456996428944908,0.9934919363685163,0.09027378420261743,0.00519070284250149,0.017506516017279768,0.2,0.2,0.5,4,1.5527292312126155,2.100401145584924
30,3,0.10172728074437916,0.1450451868437809,0.13950444959242475,0.09447842054243204,0.23096614435973642,0.4276248861108202,0.00134296663558946,0.008492109308535719,0.2,0.2,0.5,5,1.138781073753581,16.77851323474442
30,4,0.09949979061051156,0.13523403689250604,0.12963740934760698,0.10002531749201655,0.10018082886467483,0.42593296281479365,0.0013504893111159,0.008601332580902791,0.2,0.2,0.5,7,1.1982323828634898,46.15151676017554
30,5,0.10180676127993056,0.13642143266901918,0.1308165562283228,0.11638136717903955,0.09393488858169172,0.18003825860600856,0.0125098649360099,0.1076836952738222,0.2,0.2,0.5,9,1.1657864041854555,1.7619819448460443
30,6,0.17824519624905286,0.21773848884974514,0.21802516695888863,0.1955732534841802,0.16899429409093356,0.6881130119030356,0.0083701453030846,0.0590949968772458,0.2,0.2,0.5,13,1.169635624092219,25.73620655194766
30,7,0.17843888663593546,0.21284134797376503,0.20723493899299172,0.20365634819998227,0.16903935783115898,0.6890961329140064,0.00837917663208851,0.0590859817912323,0.2,0.2,0.5,15,1.170002694659818,19.307777153952184
30,8,0.17843605739540058,0.21791742229610467,0.21820401224311436,0.22043066984702842,0.16905371375280834,0.6890961329140063,0.00837917663208853,0.05908598179123229,0.2,0.2,0.5,17,1.166090752049772,19.228806262776004
30,9,0.12984057326746606,0.17949925807839096,0.1915720830743965,0.20621228024138238,0.12044378136857394,0.5084252433281957,0.00791384516055435,0.03435075977180227,0.2,0.2,0.5,29,1.16698293875905,12.562065309988888
30,10,0.13852534260077004,0.18818217657885394,0.20025500206293237,0.22840851815565627,0.12913024035281043,0.5297777341988711,0.01107179077493578,0.041917082120248125,0.2,0.2,0.5,32,1.1674237316829512,49.858344364359326
30,11,0.13851923721165516,0.1932659071256296,0.2112318592112871,0.24962467486803697,0.1291224612760748,0.5297507289308256,0.01107112009561758,0.041915971292964385,0.2,0.2,0.5,34,1.1672656511087387,49.85428024754741
30,12,0.13852585736981107,0.2085422263523931,0.2441875300353986,0.2701213671647278,0.12912898175926418,0.5297826552011266,0.011071123531706039,0.04191644497043971,0.2,0.2,0.5,42,1.167335364966119,49.85421137831501
30,13,0.13850275137881288,0.2034291499637667,0.23318135438302304,0.2990354182698899,0.12910591359921728,0.5296799437118885,0.01107076071325678,0.04191147487881196,0.2,0.2,0.5,44,1.1672175136739054,42.94955622288831
30,14,0.13855884873957572,0.22384484322029902,0.2771695249689229,0.4316048203774091,0.12916197732648776,0.5298506844542683,0.01109387896585097,0.041946127269225766,0.2,0.2,0.5,72,1.1671771811978695,47.61980005951269
