Run,Equation_Index,Hybrid_MSE_Train,Hybrid_AIC_Train,Hybrid_BIC_Train,Hybrid_MDL_Train,Hybrid_PSM_Train,Extrapolation_Divergence,Sensitivity_Interpolation,Sensitivity_Extrapolation,Lambda1,Lambda2,Lambda3,Complexity,MSE_Test_Interpolation,MSE_Test_Extrapolation
1,0,1.0,0.6569735481524963,0.6549622960425902,0.15112994132297058,0.0,0.0,0.0,0.0,0.3,0.0,0.9,1,14.061850930098686,14.780191390625005
1,1,0.5697658988174558,0.5648420668133894,0.562217765676595,0.14059494332023595,0.13071124794538092,0.04113508959756933,9.217545798124e-05,9.483608635362e-05,0.3,0.0,0.9,3,7.898982553953981,9.7677933474913
1,2,1.382838343249777,2.2,2.2,1.4530277588161735,1.628560865691457,1.0,0.01369550782538521,1.0,0.3,0.0,0.9,4,6.471265882615239,2.1589239291196177e+21
1,3,0.11939593931909168,0.16312708634653977,0.15758483343579383,0.11286376600314897,0.8130340142786123,0.34888922906041925,0.00134958483388042,0.00412261531310423,0.3,0.0,0.9,5,1.2697155061113918,17.103815407599775
1,4,1.2064098798981677,1.2337390640880206,1.2339368767017862,1.2049426914149022,1.2521045172782834,1.0,0.013695507825385232,1.0,0.3,0.0,0.9,6,1.899484365537367,2.1589239291700325e+21
1,5,1.2040191843555197,1.2153653805797557,1.209592220981794,1.2,1.2298052514209612,1.0,1.0,1.0,0.3,0.0,0.9,7,1.5565957687287657,0.7459879245740602
1,6,1.2039729830005024,1.215100695900137,1.2093259687889764,1.2003721595491346,1.20059804801056,1.0,1.0,1.0,0.3,0.0,0.9,8,1.588948300194319,0.7336460295386275
1,7,1.203947514480981,1.220044816211129,1.2201623383214213,1.2065083328997157,1.2003296462102073,1.0,1.0,1.0,0.3,0.0,0.9,9,1.584524825069246,0.735023557978837
1,8,0.21644041087414073,0.2323894139501108,0.23250588874025535,0.2371970517786791,0.21265969968911197,0.34788901288065555,0.02303841205469265,0.12017508161566459,0.3,0.0,0.9,12,1.5846657069387706,0.7458614807413861
1,9,0.20699561115076479,0.22803262844313696,0.23404224181794975,0.22717891228283055,0.2030816243047528,0.3329169694108372,0.020243051065188162,0.11467199256712471,0.3,0.0,0.9,15,1.587859697534458,0.8832243163231733
1,10,0.21581436075146138,0.2368512772124019,0.2428608790921984,0.25329002650512566,0.21189871125629184,0.3414135722369525,0.020303164887380938,0.12163841970042352,0.3,0.0,0.9,19,1.5869020784205787,0.8789828798994721
1,13,0.16122702406538136,0.19753354030933648,0.2212224822914646,0.28107044405440784,0.1573113435466164,0.3415097884645131,0.01015781834829462,0.06095377334537574,0.3,0.0,0.9,35,1.5873799272227929,0.93091318116239
2,0,0.9584187915834251,0.6493066239981709,0.6472504283752291,0.14912440134636987,0.0,0.0,0.0,0.0,0.3,0.0,0.9,1,17.005309364167353,12.965368947062093
2,1,0.5414392259034013,0.5523576049220679,0.5496888233716934,0.13370676746458596,0.12570889133719712,0.02479068642297599,9.036738947553e-05,9.38453115645e-05,0.3,0.0,0.9,3,9.47668444600879,8.538677747940186
2,2,0.07752547696929998,0.20455069673126497,0.19971401943597705,0.06200924928654848,0.8676337722108522,0.0681440889963886,0.0049710963009909,0.010024283618174621,0.3,0.0,0.9,4,0.387789229011328,2.172699515862156
2,3,0.09103022494309275,0.17334116893473467,0.16810586338468247,0.08425703107203138,0.2185013253443175,0.2140274805760225,0.00132311204071659,0.00225684257543039,0.3,0.0,0.9,5,0.2538126195921658,15.470234111222002
2,4,0.05143896894654377,0.1376444066034789,0.13829241230631265,0.048294215498524196,0.030885772828942015,0.06719480398493018,0.0038376100862936397,0.00773859317778801,0.3,0.0,0.9,6,0.2647120919860585,1.9623321321072609
2,5,0.05586296341475846,0.1471577823885301,0.15369894724812963,0.07350976576646032,0.03154763452863664,0.0917081544271159,0.00196254423707565,0.00448322743117047,0.3,0.0,0.9,11,0.2646527489347187,6.990257397182312
2,6,0.05627941067415766,0.1475724504795861,0.1541135919676664,0.08671016111661872,0.031966387757926415,0.0929164318650346,0.00198022254386347,0.00454397205543316,0.3,0.0,0.9,14,0.2645499978082701,5.885910232110393
2,7,0.05143518446823882,0.1478173456464628,0.1602515738429734,0.08505855283846418,0.027123084047646275,0.06717032037466147,0.00384064719071682,0.0077438799644324995,0.3,0.0,0.9,15,0.2642102751814066,1.963914175072976
2,8,0.051433791353691735,0.15290562580477884,0.17123300881025783,0.10014450129065647,0.027119453487924893,0.0671604114982838,0.00384173121069155,0.0077457295960059805,0.3,0.0,0.9,19,0.2639942403132339,1.9644059301676504
2,9,0.05143379146340883,0.15290562590296755,0.17123300890844653,0.11006982592247624,0.027119286259484204,0.06716041240461149,0.0038417310995643396,0.0077457294029953105,0.3,0.0,0.9,24,0.2639946186002013,1.9644074981753112
2,10,0.08079659207191986,0.26879670724322535,0.3873071764956163,0.9017095012225794,0.05648208181285116,0.05600509840445973,0.00354392368982673,0.0440895023756599,0.3,0.0,0.9,156,0.2639941302533483,7.266837311987506
3,0,0.954516002124912,0.6485705085658269,0.64650998566037,0.1489318378210209,0.0,0.0,0.0,0.0,0.3,0.0,0.9,1,17.124237171080672,16.19172409871225
3,1,0.5352288201497659,0.5507595588200876,0.5480773700952556,0.13380458241551552,0.12817177037416216,0.02714369303423273,9.262747510766001e-05,8.513469385328e-05,0.3,0.0,0.9,3,10.034240020860748,10.70651015045051
3,2,0.07410395707618919,0.29228836379326345,0.2881197041131776,0.06617985017427079,0.7267940380336387,0.0105895477332485,0.00452530365056424,0.00010185903407841999,0.3,0.0,0.9,4,1.0817484268997022,1.9611749032621115
3,3,0.07625647610682137,0.17116413242154008,0.16602487616983932,0.07015787296540421,0.28055641916473023,0.15559368563344483,0.00135620303217138,0.00111402680329395,0.3,0.0,0.9,5,0.9266263629316008,18.610768687914472
3,4,0.019523189123357872,0.09018547080675077,0.09070886435729558,0.020352189755187596,0.0816053688600204,0.00303716951879042,0.011772375652049,8.300119247387169e-06,0.3,0.0,0.9,6,0.6333369081342728,1.288307762206359
3,5,0.01952318912091059,0.10036526843791609,0.11267491345250015,0.04513623710458129,0.0009186422492605379,0.00303716951879042,0.011772375652049,8.300119247387211e-06,0.3,0.0,0.9,10,0.6333369164612267,1.2883077778475402
3,6,0.023106757487275063,0.09885887932278145,0.1052753994749054,0.04090506881213762,0.004502350237810302,0.01490004902639796,0.005894300082601301,3.577069020087e-05,0.3,0.0,0.9,11,0.6334078773282438,2.4080323504407706
3,7,0.023007817748106986,0.09869279557450984,0.10510881235254234,0.04665625287916583,0.0045277210700399445,0.014648414605821138,0.00593612106584722,3.504118983795e-05,0.3,0.0,0.9,13,0.6257701429711464,2.4641568754176384
3,8,0.021635768629753756,0.1074887003783861,0.1256908520601915,0.06498749608213149,0.003067067210484872,0.01016994963775303,0.00590618139969854,7.851520085020469e-06,0.3,0.0,0.9,17,0.6250224690008999,97312.68356770184
3,9,0.021881544414597345,0.10773362376155389,0.12593577525261593,0.08890229984910147,0.0033049338030780345,0.01098785209031131,0.00589320266538966,8.605742240228321e-06,0.3,0.0,0.9,20,0.6248805559439742,265990.02193508146
3,10,0.021550628158866575,0.11249244662038771,0.1365877008534368,0.08278834009917665,0.002973825797488429,0.009887405640425919,0.005870814620634849,7.817937011294425e-06,0.3,0.0,0.9,21,0.6237890825146154,89962.97179705121
3,11,0.021212140409185048,0.11215383021165229,0.13624908618382037,0.09610988434955821,0.0026349302293017054,0.00876619628976861,0.0059695128628549496,5.48652350744402e-06,0.3,0.0,0.9,23,0.6240507519334022,91118.53710257803
3,12,0.023031389842026344,0.11906304810773151,0.14905145454107088,0.10307336412767239,0.0044540552117757395,0.01474262949237778,0.00593456826690575,3.4721472420300005e-05,0.3,0.0,0.9,24,0.6244483773591478,2.4015929027791025
3,13,0.0227383902808528,0.11876998055799569,0.14875838786089438,0.1319233037978449,0.004161060459481079,0.01377096704650467,0.00591073784414924,3.306463877403e-05,0.3,0.0,0.9,31,0.6242564406336273,2.3157987774756186
3,14,0.022993963531558876,0.12411545398560184,0.1599969614218092,0.1426968477182383,0.004416630000408401,0.01461743161588859,0.00594040036781467,3.4881573449930005e-05,0.3,0.0,0.9,35,0.6242057583774504,2.456185683236124
4,0,0.9713348975672607,0.651722182362463,0.6496801300271163,0.1497566167953413,0.0,0.0,0.0,0.0,0.3,0.0,0.9,1,16.010931742318892,15.921185729160998
4,1,0.5478805525763113,0.556008238120908,0.5533475534055713,0.1363467359358016,0.12917473826513995,0.03232493985503887,9.217545798124e-05,0.00011773346832705,0.3,0.0,0.9,3,9.062169371664528,9.7682165853421
4,2,0.05891931733915896,0.17026931396127198,0.17113061017130482,0.06572644975640543,0.9396186341166946,0.06238926048236552,0.00237517564322474,0.00516991884058021,0.3,0.0,0.9,4,1.1157423382280975,2.974445174419935
4,3,0.038672078259207786,0.10476177713252016,0.11110327101707,0.056259638798940775,0.10225041819771477,0.06368208540034012,0.00203996003507586,0.0045554910597329305,0.3,0.0,0.9,6,0.8359675287830125,2.7152111957968863
4,4,0.11488638779162169,0.1793463742213418,0.1856753688920264,0.12776741438092382,0.10233180876825214,0.19099853527880145,0.02151661497057094,0.04735669167530655,0.3,0.0,0.9,8,0.8279273009339642,1.286177140743708
4,5,0.11488638780605057,0.1844362730369245,0.19665836784091772,0.14636395674890934,0.09992059231848407,0.19099853527880156,0.021516614970571,0.04735669167530655,0.3,0.0,0.9,10,0.8279273153711684,1.2861771127615005
4,6,0.11550973610691345,0.1850505201782799,0.19727254323518276,0.15005278316355947,0.10055563696777756,0.1918929781792991,0.02160412432029886,0.04775424403323946,0.3,0.0,0.9,13,0.8258022590017692,1.292408838336097
4,7,0.11494312623864031,0.1895527763328949,0.20766778453364498,0.1525509968241835,0.1000486319550937,0.19138122567993607,0.0215033442396629,0.04730239726779101,0.3,0.0,0.9,14,0.827665978360954,1.2834517966125687
4,8,0.11494312507236597,0.19464267514847752,0.21865078348253628,0.1701541837227887,0.09998656831375288,0.19138122567993607,0.0215033442396629,0.047302397267790966,0.3,0.0,0.9,16,0.8276713980595592,1.283441507387469
4,9,0.09466338055781055,0.1692730732180713,0.18738809378339708,0.18295409694490095,0.07970678945000408,0.19373375704633436,0.0108259442601374,0.02398517353713624,0.3,0.0,0.9,27,0.8276792077155649,1.3554339696455904
5,0,0.9600352488132731,0.6496106851838246,0.64755628177392,0.1492039301076231,0.0,0.0,0.0,0.0,0.3,0.0,0.9,1,16.553824095497053,13.883579227076
5,1,0.5395872685897397,0.5521748165463634,0.5495012299380935,0.13413415949729815,0.1276305373122135,0.02685230972340107,9.127142372838001e-05,0.00012137524299084,0.3,0.0,0.9,3,9.53372856275459,8.785878009983275
5,2,0.08011199746794428,0.1914958861321949,0.18651136902826762,0.06754477637127326,0.9340630559857713,0.08752398213534004,0.00527111630531344,0.01707527619179427,0.3,0.0,0.9,4,0.9642237305663824,2.171974127425369
5,3,0.04636341444874079,0.10746210340763207,0.10205744226952854,0.03969990444456784,0.190712046294295,0.09164169943038183,0.00133634843729851,0.00194935158723319,0.3,0.0,0.9,5,0.6969732782077791,15.802799249372196
5,5,0.0554248538887767,0.1266449806091321,0.13302610588332048,0.0891270332444568,0.03834378466579763,0.09080442146614304,0.00589105984839014,0.01231781601969233,0.3,0.0,0.9,13,0.7024354581093665,1.3252989796062964
5,6,0.0498333534725247,0.12105051700749006,0.12743162219765378,0.09733917206059706,0.03273980412790547,0.09064372637733904,0.00294580017006174,0.00615966828909697,0.3,0.0,0.9,16,0.7008182926316868,6.599675955789483
5,7,0.049978998339902284,0.12628594637368995,0.1385601534362812,0.10431483960927819,0.032882678244059466,0.09108975166785817,0.00294869023108198,0.0061728663944816,0.3,0.0,0.9,18,0.7015009051498681,1.3107453257659476
5,8,0.04996642109675996,0.12118334949766503,0.12756445816606657,0.10771726827287056,0.03287031436798533,0.09104451140636428,0.00294881700357775,0.00617401011602685,0.3,0.0,0.9,19,0.701387694656558,1.6112764346467272
5,9,0.05001703944134158,0.1212339179655982,0.12761502750355924,0.11459791625733154,0.032920737668658245,0.09112846634323943,0.00295267124784578,0.00620229861887462,0.3,0.0,0.9,21,0.7012271712169494,1.6049445914065528
5,10,0.03649969442082653,0.1280762058007031,0.1580297794338965,0.18132413778979364,0.01940326363442052,0.05304563659161189,0.00083140170097137,0.0038773015804483705,0.3,0.0,0.9,40,0.701206835043016,5.725783855353221e+17
5,11,0.03650118777883178,0.1280776960275125,0.1580312696607059,0.1888699927610436,0.019404770218798967,0.05301197005215376,0.00083219959793429,0.0038901795678337402,0.3,0.0,0.9,42,0.7012215571230345,5.72527524043324e+17
6,0,0.9752329770488832,0.6524452499584878,0.6504074662019579,0.14994675891023285,0.0,0.0,0.0,0.0,0.3,0.0,0.9,1,15.588867891810729,14.13885891286336
6,1,0.6562171222478109,0.5917750297066171,0.589318889293078,0.1465061449830371,0.09436713061273672,0.03518868746116345,9.081940660196e-05,0.00013573310429306,0.3,0.0,0.9,3,8.251799318805794,15.661029135119517
6,2,0.10572713955853999,0.22335890397143873,0.2184308449442737,0.09233065521566837,1.0135703160573215,0.1308843482537735,0.00500660835124086,0.027326207077560737,0.3,0.0,0.9,4,0.6995171920841357,2.133145685319513
6,3,0.0514699234753689,0.14234844403818478,0.14888618698961226,0.06913179655232052,0.08826867363466705,0.07350665814634386,0.00193965625639615,0.00585277584529127,0.3,0.0,0.9,6,0.379174477298758,2.7351736166229577
6,4,0.04856425046822312,0.12905360618355505,0.12380338783045323,0.06330537913883992,0.025156394560043167,0.07287310880229814,0.0009700564266909399,0.00292723001222308,0.3,0.0,0.9,7,0.3822699894857334,5.739332404655791
6,5,1.2230075633180162,1.3058628433192516,1.3064835467997042,1.2360937893007558,1.2085623497657698,1.0,0.46756742848253385,1.0,0.3,0.0,0.9,8,0.3575600922010684,0.8189360468737332
6,6,1.2227781947411775,1.299944018568935,1.2946667466370396,1.2414141892372632,1.2018753944018314,1.0,0.023337652658482318,1.0,0.3,0.0,0.9,9,0.3553511878042008,4.762578279342217e+42
6,7,1.2227777517836467,1.305032325237824,1.3056481584658508,1.2544731077197322,1.2000011906439068,1.0,0.023337652658482318,1.0,0.3,0.0,0.9,12,0.3554270968389211,4.762578279342217e+42
6,8,1.2227590710214433,1.3049646395869179,1.305580065894666,1.2522108190691472,1.2001531053587788,1.0,0.02330378007715447,1.0,0.3,0.0,0.9,13,0.3580557806701786,4.762578279342217e+42
6,9,1.2227528866800412,1.3049422330346674,1.3055575390290106,1.2628650523389968,1.2000507275354326,1.0,0.02313026512937747,1.0,0.3,0.0,0.9,14,0.3620001629618962,1.3656753858427917e+48
6,10,1.2227515360447532,1.310027200078784,1.3165356230253953,1.2862115882329457,1.2000055301460009,1.0,0.02469940106634471,1.0,0.3,0.0,0.9,16,0.359052252708989,1.9128811957361374e+52
6,11,1.222751496904519,1.3100271612459378,1.3165355974266846,1.2955353915365084,1.2000001565156835,1.0,0.02469907453045795,1.0,0.3,0.0,0.9,18,0.3590565167741051,1.912833613976528e+52
6,12,1.2227509694482688,1.3151151572520574,1.327516676472253,1.2976830818059493,1.2000043511601408,1.0,0.02469418989795999,1.0,0.3,0.0,0.9,19,0.3591162941605126,1.9146132108562929e+52
7,0,0.968311345472117,0.651159572086888,0.6491142193236631,0.14960934008828852,0.0,0.0,0.0,0.0,0.3,0.0,0.9,1,16.0015595457213,15.089439052300252
7,1,0.5471165145654052,0.554993780610999,0.5523337716277106,0.1352430718448792,0.1272629142349436,0.028519273510103686,9.172344085481e-05,0.00012294005832886,0.3,0.0,0.9,3,9.089549670179611,10.020835996063688
7,2,0.07361798289102929,0.20971800553137443,0.21081773919713126,0.07508174941273206,0.8454229126399294,0.056598378980048235,0.0024684867844969602,0.00575055028070127,0.3,0.0,0.9,4,0.8471707608937986,3.3098141931744496
7,3,0.03789288596070533,0.14012360112202016,0.14090015827894375,0.050875218167315855,0.13751792234129956,0.02378416756429142,0.00050967083891387,0.0006079362409736201,0.3,0.0,0.9,5,0.6253215529693011,2.762462791751989
7,4,0.0426652438163869,0.11968770723784151,0.12026145192491537,0.05306173198711934,0.09494836530401317,0.05890480791682841,0.00189131155963224,0.00462150716121124,0.3,0.0,0.9,6,0.4806730345472986,2.6232824180048606
7,5,0.0389021529594069,0.12099419209331883,0.1274609377670535,0.06950253980785248,0.01808772664026096,0.05317604804916343,0.0009648400256395699,0.0023581078860697097,0.3,0.0,0.9,11,0.476203248277709,3.864409844519863
7,6,1.2207796099056798,1.297650395341674,1.2982229451639518,1.2609575213518065,1.2001347612840545,1.0,0.00436043475428783,1.0,0.3,0.0,0.9,14,0.4742808523947062,3.0197334708927164
8,0,0.9721722125065988,0.6518776690786007,0.649836538151154,0.14979700415966649,0.0,0.0,0.0,0.0,0.3,0.0,0.9,1,16.090896399206503,16.273526217627563
8,1,0.5524260289774732,0.5586100489778916,0.5559548629317607,0.1382510799539499,0.12993901880912082,0.03796304659195041,9.262747510766001e-05,7.957052815273e-05,0.3,0.0,0.9,3,9.10856730987062,10.525205198009164
8,2,0.04802519328480358,0.167886546845599,0.16297601197659245,0.03469357254120918,0.8797319452770264,0.01765195082244498,0.005447893825781451,0.00011297071054067,0.3,0.0,0.9,4,0.659947069650167,2.092041106718036
8,3,0.03127424606815716,0.1169570140284644,0.11174889299606702,0.024495319854372494,0.11669973987024672,0.01717466167314343,0.00111551599460911,7.455600341038e-05,0.3,0.0,0.9,5,0.3933825287359564,2.183142855904149
8,4,0.028433583622346346,0.11182606858524818,0.11245114125538407,0.02919069975901309,0.016454812616163345,0.01717445073472447,0.001115271723355,7.453967743339e-05,0.3,0.0,0.9,7,0.3676168640426911,2.368018746993706
8,5,0.028034703522864406,0.11108754384077042,0.11170984456775758,0.03138868023730288,0.006014661946111953,0.01632326693353017,0.000533097211561,6.028837622496e-05,0.3,0.0,0.9,8,0.3645052452310186,2.522423310335291
8,6,1.2225638976084123,1.304256134308214,1.3048674233799222,1.2542701732761916,1.2042539874383031,1.0,0.2927764109563285,1.0,0.3,0.0,0.9,9,0.3700830321488024,14.63020359635796
8,7,1.2225577066197935,1.3093235100730074,1.3158277930683144,1.2573298566488862,1.2000255549492282,1.0,0.5758756712638647,1.0,0.3,0.0,0.9,11,0.3668027038401656,0.7001384417132831
8,8,1.2225481915953735,1.304199011191471,1.3048099542737905,1.2542549587737837,1.200078352646965,1.0,0.2922022358599542,1.0,0.3,0.0,0.9,12,0.3687992968354347,14.554968608282891
8,9,1.2225481896781818,1.344918201716132,1.39267417625332,1.539220428516974,1.2000000003953182,1.0,0.29244416607023843,1.0,0.3,0.0,0.9,65,0.3688503230461176,14.58077506850285
9,0,0.9672985039385299,0.6509707667887209,0.6489243280856742,0.1495597989765414,0.0,0.0,0.0,0.0,0.3,0.0,0.9,1,16.14334036568977,15.530347651216086
9,1,0.6402089930634994,0.58726472681275,0.5847805071326697,0.14552591226424139,0.0981200789243194,0.0362016507253314,9.217545798124e-05,0.00010906092160914,0.3,0.0,0.9,3,9.836494546216278,5.402366874834431
9,2,0.057131167474719566,0.16404961249145034,0.16486661564154365,0.06516035964530222,1.0247081181507165,0.06824517465669436,0.00232572550470647,0.00470507305967574,0.3,0.0,0.9,4,1.4255272751677768,2.90038234570903
9,3,0.03643343084263523,0.09019634814929144,0.09644436759153042,0.0534672819617954,0.11115040803857931,0.06998322095015526,0.00190581543615643,0.0039868469928296,0.3,0.0,0.9,6,1.0517020112971336,2.6123090923426138
9,4,0.036179371862920064,0.08901593226150913,0.09525699336358624,0.05901089650234862,0.025922868114078956,0.06988156420539018,0.0019265676947634199,0.004023003995139119,0.3,0.0,0.9,8,1.0468770616237677,2.6238866507504075
9,5,0.03589387324395443,0.08300295190817912,0.08334611184709065,0.05758711794246308,0.026313963605403543,0.07538974410219056,0.0009863699909281299,0.00206429099318317,0.3,0.0,0.9,9,1.04204607241733,3.865364936363811
9,6,0.03599460154864068,0.08813667612254467,0.09437256995303735,0.06381567647081884,0.024754903565117635,0.06967605511648671,0.00196978791049788,0.00409806231038458,0.3,0.0,0.9,10,1.0415892439047452,2.6603831677403385
9,7,0.03596008975056194,0.0930658069549081,0.10519386184471985,0.07844659326379487,0.0247728436124622,0.06967605511648674,0.00196978791049788,0.00409806231038458,0.3,0.0,0.9,12,1.042047906101505,2.636524146373666
9,8,0.03377891141832178,0.08579390597739331,0.0920288340748827,0.0999344112286416,0.022410510130133843,0.06879571126959547,0.00093834122660211,0.00196822839814274,0.3,0.0,0.9,18,1.0419726018785949,2.702541769125056
9,9,0.03439073537133265,0.1016750299282556,0.12558930247587397,0.1331555391636909,0.02302234298820374,0.07077674531659357,0.00094550634409245,0.00198780852815977,0.3,0.0,0.9,22,1.0419886807372318,15.859620175171656
9,10,0.0343954505452524,0.10676928945537525,0.13657671855108103,0.15091252631873817,0.02302750165051709,0.0707934994299742,0.00094538824840024,0.0019875868300232,0.3,0.0,0.9,24,1.0420395521785073,11.140242607821952
9,11,0.034388893122671585,0.11185255412240215,0.14755308422097607,0.16518626464318928,0.023020328199337484,0.07077167275381252,0.0009453841053707101,0.00198757740778451,0.3,0.0,0.9,29,1.042043338327952,16.45198718880328
9,12,0.0343845239945314,0.1169380553171943,0.15853172438192298,0.191708390158353,0.02301599623614916,0.0707602654996343,0.0009450230352890801,0.00198653672812792,0.3,0.0,0.9,32,1.0420513677639858,15.722738775333234
9,13,0.03435577414385528,0.1118194466275767,0.1475199767261506,0.2121963935002485,0.022987216233720926,0.07065923451844272,0.00094548734490306,0.0019882707142128203,0.3,0.0,0.9,41,1.0420503129193783,2.554398690900176
9,14,0.03439826633349593,0.12204173589430273,0.16952854305562687,0.275481952082731,0.023029708567843296,0.07079529944295354,0.00094577603891503,0.00199012866777667,0.3,0.0,0.9,57,1.0420608870282817,21.37077717247966
10,0,0.9963556652791198,0.6563140887585279,0.6542989822438892,0.15095740231746507,0.0,0.0,0.0,0.0,0.3,0.0,0.9,1,14.397948447150474,15.567958381361
10,1,0.5649171777356704,0.5591587295817655,0.5565367025062854,0.13462568542082087,0.12345731488321456,0.02085544258341942,9.217545798124e-05,0.00011014911367146,0.3,0.0,0.9,3,8.009549838666182,10.43656883945157
10,2,0.0715276427497083,0.18443616230836055,0.17946051857312895,0.0594457224687016,0.9454565874896481,0.07098923472538518,0.00538714874347039,0.01306130198739791,0.3,0.0,0.9,4,0.8966252468503845,2.114884372947766
10,3,0.3703881853938634,0.4568400954908469,0.4516359920599007,0.3639292727470924,0.43126892169782205,1.0,0.00134958483388042,0.04935298384352585,0.3,0.0,0.9,5,0.7248999093318824,17.97459240077447
10,6,0.029112804659023567,0.10393942083146752,0.10449569997992418,0.041086983022380966,0.012620840118569203,0.0280263355869246,0.00017268979261541,0.0007294968484828701,0.3,0.0,0.9,9,0.5321566410628283,27.71631955306536
10,7,0.08530355431390345,0.1648635209306716,0.17131010685006032,0.11775260585915923,0.06646937682842344,0.12000084099474695,0.011210374123028121,0.03264505049242476,0.3,0.0,0.9,10,0.5483264189856613,1.162853387463519
10,8,0.0840417259682968,0.16853552583718193,0.18087399066339907,0.13060932398805827,0.06433293117700518,0.11827632121911646,0.01091993050248761,0.031878916836651075,0.3,0.0,0.9,13,0.542592155560968,1.2423157175666948
10,9,0.07030569236407262,0.15988783954574534,0.17811942798337665,0.15491813065658783,0.05043886558800922,0.12023183233115722,0.00546700681203934,0.015965426317831898,0.3,0.0,0.9,24,0.5416929511054256,1.5616539221746415
10,10,0.06515068089674197,0.1547328677087117,0.17296444291220775,0.15679049016275,0.04528343653602702,0.1006494439750045,0.00553076155943834,0.016765099470016278,0.3,0.0,0.9,26,0.5414785015191883,272.675097907986
10,11,0.06533225836227084,0.15491443973095434,0.1731460149344504,0.1604857425115033,0.045465077660835636,0.10122670583571688,0.00553043345440077,0.01677442554115953,0.3,0.0,0.9,27,0.5417261829112624,2.0620747534001787
10,12,0.2581746575587146,0.363026373810725,0.39893730322024745,0.36347868875086725,0.23830796290666403,0.13806574329097482,0.007714138436871849,0.21876415820062894,0.3,0.0,0.9,28,0.5416842474506339,0.7173570450569937
10,13,0.16254424675021945,0.252126145375904,0.27035772492719745,0.2744612733593043,0.14267719190450306,0.13935874345624166,0.0041823986525188605,0.11207718408255307,0.3,0.0,0.9,31,0.5420119449239668,2.699488405130441
10,14,0.16254636509977674,0.24194847250256235,0.24839380058981653,0.2366177794522284,0.1426792245254268,0.1393691971915032,0.0041820369221929905,0.11207606034615883,0.3,0.0,0.9,33,0.542055759049938,3.356075758376616
10,15,0.1621949919280578,0.2670465917632855,0.3029575229119268,0.32132285936004557,0.14232785413081156,0.13874834145379775,0.00409940524727987,0.11189259579518267,0.3,0.0,0.9,38,0.5419310845543406,3.03029826415132
10,16,0.16215746121194072,0.26700902856580644,0.3029199985472939,0.32128532483710226,0.14229034745647906,0.13867177767414438,0.00409662932877165,0.1118764233165861,0.3,0.0,0.9,40,0.5420167626249509,2.991223805644979
10,17,0.1630176581374821,0.288228781407739,0.3477122419527293,0.4755302074781447,0.14315051146213187,0.14085698737744157,0.0041527986020607,0.11210379387376276,0.3,0.0,0.9,69,0.5421275590027125,7.250652449589985
10,18,0.16311884081552366,0.28833000382366625,0.3478134767332323,0.5097270522991096,0.14325169930835377,0.14104411963536037,0.0041530502735580305,0.11215384265787989,0.3,0.0,0.9,80,0.542102948037504,7.631036757805655
11,0,0.955951174367016,0.6488414841665283,0.6467825607347977,0.14900286742876592,0.0,0.0,0.0,0.0,0.3,0.0,0.9,1,17.733828469257944,12.16349282583689
11,1,0.5437245330018462,0.5539830527053758,0.5513162233838489,0.1350942705175761,0.12611364205086772,0.0291405068681181,8.991537234910001e-05,8.734576756396001e-05,0.3,0.0,0.9,3,9.319254925149831,8.799756123738732
11,2,0.0678072234972589,0.2026820105553854,0.20375624125243105,0.07141785084580778,0.8568470540805955,0.05443848066887398,0.00205580454913915,0.00348523301136563,0.3,0.0,0.9,4,0.4679331840844983,2.8993127780205663
11,3,0.22721484756530094,0.30660059454707805,0.3013413823211325,0.22052140280983512,0.3665860157803653,0.587265618618323,0.00131649384242564,0.030445058130683426,0.3,0.0,0.9,5,0.3032033081890762,15.82140392529923
11,4,1.2236219445124048,1.3080650540265855,1.3086986800562261,1.2413201195757748,1.200017019566749,1.0,0.00784116565388033,1.0,0.3,0.0,0.9,11,0.3024014025734847,127.47811438424344
11,8,1.2236204425807573,1.3233293915405597,1.341642352371018,1.3397335414698999,1.2000000064127956,1.0,0.02279809706644655,1.0,0.3,0.0,0.9,30,0.3025936556609079,10.144287451943748
11,9,1.223620345248243,1.32332908087779,1.3416420451864863,1.3468296078953832,1.2000007695362183,1.0,0.02280041966888588,1.0,0.3,0.0,0.9,31,0.3025353963720463,10.142842970016789
11,10,1.2236203356995268,1.323329042044944,1.3416420195877752,1.360815530359697,1.2000000307814815,1.0,0.0227933541351304,1.0,0.3,0.0,0.9,35,0.3024849334962916,10.146998288707596
11,11,1.223620336445856,1.3182391043965151,1.33065891824404,1.3678428802374096,1.2000000153907435,1.0,0.02271726780233007,1.0,0.3,0.0,0.9,37,0.3024785341299064,10.1706801043755
11,12,1.2236203312285419,1.3284189020276804,1.3526249673392448,1.3985948920422935,1.2000000153907446,1.0,0.02270314139767424,1.0,0.3,0.0,0.9,39,0.3024870527442745,10.202770428636574
11,13,1.2236203307335762,1.333508800843263,1.363608017485558,1.4602003279327715,1.200000001865545,1.0,0.02269634029160199,1.0,0.3,0.0,0.9,50,0.3024956182080799,10.175002133405004
11,14,1.2236203306922184,1.379317890183507,1.4624552640126893,2.2,1.2000000004239875,1.0,0.02249720835071345,1.0,0.3,0.0,0.9,171,0.3025006991580639,10.17720797041711
12,0,0.9520550644117961,0.6481048250743378,0.6460416060457193,0.14881002345244657,0.0,0.0,0.0,0.0,0.3,0.0,0.9,1,16.986349639038252,14.15312522588036
12,1,0.5296725942893142,0.5467225445307726,0.5440358495904798,0.13033272084915293,0.12524013448587698,0.01612286374543192,9.127142372838001e-05,0.00012413012701923,0.3,0.0,0.9,3,9.855775947400309,9.18030391939352
12,2,0.06790626777828243,0.17869147498162608,0.1736948987956859,0.05635162679908939,0.9274938721604806,0.055610672209779576,0.00507189828524117,0.01576955290785776,0.3,0.0,0.9,4,0.9851413725197404,2.107917431937976
12,3,0.15018535628219182,0.23132794086205913,0.22608294087137754,0.1456239475460515,0.2166194099378603,0.12565046624332513,0.01597740412954396,0.09798432920592468,0.3,0.0,0.9,5,0.8755403260258681,1.4143670728094615
12,4,0.04998799968818408,0.10966798162036254,0.1042523011916884,0.04544032532748215,0.09907454519085354,0.06381365569442628,0.004876486871232219,0.01576339170239028,0.3,0.0,0.9,6,0.9549237265438082,1.7019722246151407
12,5,0.11273870890546957,0.1707648097477977,0.17119039665348942,0.12361424597026335,0.11818340760024455,0.1161255440305552,0.01232248997645829,0.07038154693811212,0.3,0.0,0.9,7,0.8541539262104597,1.3976389504618876
12,6,0.09577403275678419,0.15861841998159548,0.16493506192276003,0.10582569891483433,0.08169821287363736,0.10522488592544661,0.01062613990804524,0.05525644054766658,0.3,0.0,0.9,9,0.8563923333588089,1.4524674324194118
12,7,1.214466660047645,1.2772807812050266,1.2835971984463528,1.2479126385109862,1.2000178152702143,1.0,0.00789228062944845,1.0,0.3,0.0,0.9,14,0.8651505111214209,14.246917256613774
12,8,1.214458033487199,1.277243501672686,1.283559696334779,1.260673277771452,1.200021097453471,1.0,0.00695606287261515,1.0,0.3,0.0,0.9,18,0.8615998243699361,6.0070107179317285
12,9,1.2144575208037696,1.2772412882004534,1.2835574692469245,1.2673318261851871,1.2000016680586412,1.0,0.00756233082544482,1.0,0.3,0.0,0.9,21,0.8617849388104805,10814.533747473262
12,10,1.2144572079911742,1.2823298278664192,1.2945391114641343,1.2762230538261503,1.2000030498379277,1.0,0.00757110173585126,1.0,0.3,0.0,0.9,22,0.8614201694935196,117.339629657741
12,12,1.214457158891721,1.3128689877628381,1.3604370283613494,1.3914760553146073,1.200000001980424,1.0,0.00789300886030723,1.0,0.3,0.0,0.9,49,0.8612030454123338,14.911520691407752
12,13,1.2144571587194557,1.3128689877628381,1.3604370283613494,1.421695917116249,1.2000000077802377,1.0,0.007892978617893941,1.0,0.3,0.0,0.9,53,0.861206611626296,15.030221597555087
13,0,0.9741255457147855,0.6522402901963062,0.6502012941837911,0.14989356694112277,0.0,0.0,0.0,0.0,0.3,0.0,0.9,1,16.56225029118289,12.247653778024995
13,1,0.5537313274663349,0.5585660265453032,0.5559147132712398,0.13772778044875753,0.12891386145733766,0.03552889246783086,9.081940660196e-05,0.00011621237934071999,0.3,0.0,0.9,3,9.492484877035476,7.739605846224616
13,2,0.08668052069245254,0.18902133549179503,0.18395500806795076,0.07538411057626716,0.9860743828419838,0.1228525574137425,0.00502602850214261,0.018047729486883927,0.3,0.0,0.9,4,1.2059957863825932,2.139538931667217
13,3,0.031358985554153264,0.09378956730791267,0.08839526554871589,0.02473198951397301,0.13933713452821986,0.041054099302907134,0.00102772785628547,0.00165817020573562,0.3,0.0,0.9,5,0.8431368209205912,2.235598507505878
13,4,0.06791492710421687,0.13528098322773485,0.13577860054341556,0.07388111109870088,0.050858244056609714,0.121818977088944,0.0042910201850641,0.015408422672052368,0.3,0.0,0.9,6,0.8247146725762663,1.8941683272272691
13,5,0.030960473803138846,0.09725772880098288,0.09774701223964093,0.04127096492086741,0.017015825597737778,0.04105409930290714,0.00102772785628547,0.00165817020573562,0.3,0.0,0.9,7,0.7967820259029122,2.275401176284455
13,6,0.07103915506735924,0.12494195689293573,0.11362781387969322,0.07075494161044503,0.06122884654673711,0.16740096357663464,0.00048211648818035003,0.004868139869727671,0.3,0.0,0.9,8,0.777853405829853,12.307119296074989
13,7,0.35502941685169265,0.4240609648203418,0.43042511885292317,0.39506478171916054,0.33868937647270253,0.5217406711476499,0.02879032712051094,0.20234957547423482,0.3,0.0,0.9,16,0.7639456122745422,12.802018052480866
13,8,0.35524319465350923,0.4293498942606888,0.4416070462673368,0.4139056552313619,0.3388663242165314,0.5226181546329405,0.02878302066494376,0.20229984306880983,0.3,0.0,0.9,20,0.7624629132299896,14.040337396633548
13,9,0.3552413741988209,0.4395278145269542,0.4635712188672009,0.44597582401433633,0.33885355757254687,0.5226109974573905,0.02878307879398942,0.202300229128207,0.3,0.0,0.9,24,0.762704579738163,14.037894632949795
13,10,0.3556573997776135,0.434853903905021,0.45300419574738315,0.49326383610672986,0.3392695347700862,0.5223130177554051,0.028580564659345283,0.20286180794719724,0.3,0.0,0.9,37,0.7627929419958991,190.0786241893227
13,11,0.35746504817313696,0.48247060588163343,0.5536590169475967,0.7157512464735074,0.3410771853665441,0.5222382780471166,0.02887621648618291,0.20489522281575417,0.3,0.0,0.9,79,0.7629424316365865,14.315925695750106
14,0,0.9889763243215496,0.6549715596001088,0.6529485734439945,0.15060622383108596,0.0,0.0,0.0,0.0,0.3,0.0,0.9,1,15.511824203385302,17.14372891128004
14,1,0.570293551193044,0.5680757511825272,0.5654440553492858,0.14476201208484024,0.13437100268540347,0.05614878469905844,9.353150936052e-05,8.589608921785e-05,0.3,0.0,0.9,3,9.016229885918444,11.622531202174269
14,2,0.038630728143143285,0.13642692120884103,0.13717104583651085,0.046616692480494555,0.981442040017288,0.03079304247024211,0.00252445319913227,0.00030706097559638,0.3,0.0,0.9,4,1.5208521489857727,2.951706313359072
14,3,0.16358572737940238,0.2168038936208664,0.2113385310444081,0.15668999141044615,0.2705107720710165,0.46290965385817034,0.00136943942875329,0.01118912269003899,0.3,0.0,0.9,5,0.8465364592037347,15.909302265718432
14,4,0.01745539835066369,0.07453286348909048,0.07495119560769155,0.02052053573770181,0.0049927379678842325,0.01053232811609326,0.014433992868079221,2.5700314813349998e-05,0.3,0.0,0.9,7,0.8796328415819011,1.3488266095385228
14,5,1.2142675167426529,1.2662381953972515,1.2607633018517825,1.2276952360194333,1.2000495424220095,1.0,0.16256639563860542,1.0,0.3,0.0,0.9,8,0.8873262964468898,1.4269996957802833
14,6,1.2142668445113545,1.2662353217666336,1.2607604091974427,1.2353650950703234,1.200003322846343,1.0,0.0815764843146852,1.0,0.3,0.0,0.9,10,0.8882970577665397,14.620317374944264
14,8,1.214262717118119,1.2814871162712889,1.2936914613477255,1.2796074479459087,1.200000062524765,1.0,0.16197026258261824,1.0,0.3,0.0,0.9,17,0.8856726868971423,1.402913316348812
14,9,1.214262684540377,1.281486960939904,1.2936913077554597,1.3057785509238586,1.2000000925367444,1.0,0.08127846284219147,1.0,0.3,0.0,0.9,22,0.8855336524483908,3.074015204280764
14,11,1.2142626159449768,1.2916664479083,1.3156570240674217,1.3442585273958754,1.2000001813223324,1.0,0.08159049682345951,1.0,0.3,0.0,0.9,28,0.8844995883241012,1.4589441104893104
14,12,1.2142625906600362,1.2865763937613324,1.3046738715262645,1.343445355919876,1.2000000729458007,1.0,0.08154727435687928,1.0,0.3,0.0,0.9,31,0.8845674684915451,48887.10555227224
14,13,0.018126589492115354,0.11588989479705555,0.1634529756233749,0.1850371495979223,0.0038640123766427014,0.012812479281085958,0.00455555257759469,2.251463720453e-05,0.3,0.0,0.9,46,0.8847607109024873,32913616351.152195
14,14,0.018126672684091287,0.1311597133105632,0.19640215809880623,0.23175986908723958,0.0038640956626611565,0.01281277777584281,0.00455552253289217,2.250762107833e-05,0.3,0.0,0.9,54,0.8848108308295684,18809726118.733124
15,0,0.9719303493225083,0.6518328559740995,0.6497914588211328,0.14978520707679444,0.0,0.0,0.0,0.0,0.3,0.0,0.9,1,15.800327850150223,14.06213370804496
15,1,0.5543488504469528,0.5602596208691596,0.5576052066498319,0.13980281092436886,0.13125589828638448,0.04291946719759595,9.127142372838001e-05,0.00011332723421643,0.3,0.0,0.9,3,8.851198211111146,9.175020952528486
15,2,0.09986572536168306,0.21844885759303861,0.2135255670405439,0.08686889346530484,0.9381074901147257,0.1393346421015143,0.00502304117869384,0.01815015189612909,0.3,0.0,0.9,4,0.7119972348515964,2.093805894332142
15,3,0.04035889142413393,0.11999460169544723,0.12058928984017322,0.033759807042587256,0.15889619228787855,0.05685961281548322,0.00135019048916633,0.0016764650703588201,0.3,0.0,0.9,5,0.4131530853320513,3.762008548304937
15,4,0.04035889142576887,0.12508453934387614,0.13157239118390845,0.041181364969721246,0.01856672899135523,0.056859612815483226,0.00135019048916635,0.0016764650703588201,0.3,0.0,0.9,7,0.4131530803115644,3.7620086074684047
15,5,0.039995510039488175,0.11963040590896909,0.12022509386295172,0.06421135185314272,0.018203997347327697,0.058196117495464696,0.00067305947924155,0.0008275528059885901,0.3,0.0,0.9,14,0.4146248468115722,23.999703654983023
15,6,0.04034445213507571,0.13014863903952562,0.14252949657307323,0.06732895818007129,0.018589121126899776,0.05684622189693402,0.00134463348467896,0.00166956521141767,0.3,0.0,0.9,15,0.413504619137222,3.758833089505227
15,7,0.14604576420291682,0.2409398283931944,0.2592138248928968,0.2800827815428483,0.12425781526453712,0.39532221173353954,0.00134473535167052,0.0062901567891406095,0.3,0.0,0.9,35,0.4135936491916734,11.53736208790626
16,0,0.9659297675319732,0.6507150136637253,0.6486670610404079,0.1494927958083335,0.0,0.0,0.0,0.0,0.3,0.0,0.9,1,16.249468200081246,15.624473319818089
16,1,0.547071886279238,0.5562932633228828,0.5536293994467887,0.13702639528717542,0.12945985053414832,0.034986299575828286,9.217545798124e-05,0.00014127818651046002,0.3,0.0,0.9,3,9.203029740022217,9.99028260614946
16,2,0.10686719736315409,0.23159118931101957,0.22673097410608734,0.0920247187767456,0.910090588386395,0.12065809794591746,0.00549010650349281,0.02702559365089694,0.3,0.0,0.9,4,0.4424105442690932,2.145504076856161
16,3,0.05065117530777657,0.13563615204362586,0.1362741754479097,0.06091553087174077,0.1019983595952666,0.07165993800063139,0.00202763781468372,0.00591028285977654,0.3,0.0,0.9,6,0.3233619950551224,2.720337369322592
16,4,0.046686854875265756,0.1316713826717163,0.13230940066790023,0.06911929912305304,0.022853693895560266,0.06729542781291059,0.00101691775159029,0.00296055379621212,0.3,0.0,0.9,9,0.3244471914148925,15.740104457320442
16,5,0.281897255942365,0.3658467946434584,0.3664763985331071,0.294957720751737,0.26172258501692924,0.30327648461478673,0.02418788332172431,0.18609380884970664,0.3,0.0,0.9,10,0.3294828934773209,0.7476020030672209
16,6,0.27440705992186837,0.36303302003122473,0.3695523811469055,0.2902475631672834,0.2524357431572666,0.30116689552676973,0.02321606621159866,0.17865256544451483,0.3,0.0,0.9,11,0.3284785223130041,0.7271172225012349
16,7,0.21137490926265096,0.2947779972234878,0.2954031597948764,0.23787526931876912,0.1882953897572601,0.31993167699327335,0.01402600354638014,0.10241890258124575,0.3,0.0,0.9,14,0.3396749338245013,13.32829925847691
16,8,0.30401682655631007,0.3975591791568609,0.40997023676818656,0.35048875330861506,0.2808776850337652,0.32357008341609045,0.027579705375241147,0.2041589620299092,0.3,0.0,0.9,16,0.342477944914619,0.7246006186205224
16,9,0.2117588757810898,0.30021079242199517,0.30672874536147143,0.255038222852793,0.18855718891240636,0.3211500002848394,0.01404084888465509,0.10245704519009775,0.3,0.0,0.9,18,0.3422714957622064,13.265106702688067
16,10,0.211760575459975,0.3053013272354164,0.3177123712311201,0.2638579442382267,0.18856009442133193,0.32119394969285237,0.014035846689137672,0.10244474166075317,0.3,0.0,0.9,20,0.3448153351832305,13.23649582572516
16,11,0.21178516702108466,0.3053256409227905,0.3177366892662915,0.2704994255158501,0.1885836457335744,0.3212675676077668,0.014036450207718851,0.10244764904004389,0.3,0.0,0.9,22,0.3444812022976562,13.381574980959696
16,12,0.21175239718139888,0.30529263252565186,0.3177036843473907,0.31032393047715934,0.18855056011896493,0.32136603272290676,0.014016149542531239,0.10237849651903157,0.3,0.0,0.9,27,0.3437787308002867,5.749064081996412
16,13,0.2117685110417618,0.3154885566659586,0.33968585995173683,0.3208810969232001,0.18856664180633673,0.3212540397109246,0.014028857663352151,0.1024337458665161,0.3,0.0,0.9,30,0.3440452389251394,13.35439132136908
17,0,0.9632805104033592,0.650219584212056,0.64816873093392,0.14936320302214579,0.0,0.0,0.0,0.0,0.3,0.0,0.9,1,16.495816660950762,13.42790081095076
17,1,0.5420315715442037,0.5523236887065844,0.5496567521992018,0.13344507840464306,0.1260502368637392,0.02364566864339074,9.081940660196e-05,9.506863186768e-05,0.3,0.0,0.9,3,9.338747848150252,8.748079348804957
17,2,0.05606700328122788,0.17364228222048111,0.17456096786181696,0.06185332811590719,0.9080699542928332,0.04474530818337892,0.00222520359043404,0.00392569555589224,0.3,0.0,0.9,4,0.8981308678097051,2.999886205150968
17,3,0.310774475013588,0.3760191040993138,0.37064680556664964,0.3041831019495445,0.4451481328302647,0.8956329242206176,0.00132973023900755,0.02621313865658295,0.3,0.0,0.9,5,0.6390899925929481,15.427169999495456
17,4,0.31057003437186265,0.3802975129281011,0.38081358961620554,0.3099513629364306,0.29319770090732766,0.8956329242206177,0.00132973023900755,0.02621313865658295,0.3,0.0,0.9,7,0.6275782407998266,15.74059728648453
17,5,0.31062092858622947,0.38034708157463426,0.38086312706518427,0.32375780735559645,0.29233513431799374,0.8958611432327246,0.0013299889406257598,0.026194126716389238,0.3,0.0,0.9,9,0.6272065375130382,12.456325629544606
17,6,0.05838289163650179,0.13826482827496267,0.15056692118596798,0.08705031755240106,0.040175505637483955,0.11178390331579238,0.0039216777962698,0.00729767891104949,0.3,0.0,0.9,10,0.6254365747993481,233.72141413100556
17,7,0.05838289259407666,0.13826482927247152,0.15056692218347684,0.08705031855020251,0.040103134453860906,0.11178390758703376,0.0039216776851191595,0.0072976785956455304,0.3,0.0,0.9,12,0.6254366096010366,233.7214009614297
17,8,0.05860095441162157,0.14356869291041877,0.1617639088606084,0.11737701380820677,0.04032559837994515,0.11258357244462032,0.0038916010230441904,0.007274946147202479,0.3,0.0,0.9,16,0.6261212728864782,217.68568777461988
17,9,0.06198456471524173,0.1418623769092902,0.15416445476288435,0.14391971611321913,0.043706157903873125,0.12187164677688196,0.004361491008279339,0.00793850097789326,0.3,0.0,0.9,27,0.6260435399566923,320.01988467536154
18,0,0.9755390632589043,0.6525017905825378,0.6504642953403152,0.14996047471415017,0.0,0.0,0.0,0.0,0.3,0.0,0.9,1,15.539361490483024,14.79187134837776
18,1,0.12339476366981238,0.22430739689785348,0.2192276140081378,0.11238848160732136,0.4826216572934889,0.20641757292556767,0.00524999282773195,0.03195478993390188,0.3,0.0,0.9,4,1.244912866797477,2.117474460137177
18,2,0.03613730805902373,0.11514373843805426,0.10987673666262922,0.03018492918778606,0.08859607703533681,0.03924763800235877,0.0009956473611977801,0.00186184361335163,0.3,0.0,0.9,5,1.0658169923817002,2.0624731385203496
18,3,0.10229239284981205,0.16622703726866692,0.16669800917687908,0.09917915982992685,0.1410691606947084,0.20464911134674724,0.00447389731119401,0.02723097982341719,0.3,0.0,0.9,6,0.7945487085251396,1.9574244966830427
18,4,0.0756666843578245,0.13710877457253878,0.13756053256612727,0.08031235096312529,0.06376726421001817,0.1743119707907244,0.00174430489839527,0.00863122022072839,0.3,0.0,0.9,8,0.8107565644920565,15.649447388476512
18,5,0.08955983878924105,0.16117087774274363,0.173408790342643,0.10717450600344665,0.07396891819588483,0.18476708509604362,0.00381582755371781,0.02058675807533792,0.3,0.0,0.9,11,0.7996516551479212,2.021341138454946
18,6,0.08680171709858639,0.1532342986120696,0.15957842760473398,0.11079886929055409,0.07135917565156233,0.19924320242413532,0.00212041341140703,0.012727461996926908,0.3,0.0,0.9,13,0.805388315131159,1.9141871503515449
18,7,0.0828383645974264,0.15434935181252102,0.16658649364591988,0.11131679563166817,0.0672849486893627,0.17114532610566668,0.00335667236329329,0.017693666913294027,0.3,0.0,0.9,15,0.8039742795953659,2.2163373848810357
18,8,0.07581657197753076,0.1473208300036591,0.15955790414043547,0.1093907651398796,0.060268109761659874,0.17423494552542365,0.0016660883260961798,0.00886411960362267,0.3,0.0,0.9,16,0.8010535930685164,3.359857652400522
18,9,0.08283583919249288,0.1594286104282481,0.17755881793233588,0.11960260223719148,0.06727208450873891,0.17114532610566663,0.00335667236329329,0.017693666913294027,0.3,0.0,0.9,17,0.7990271240064869,2.225145563812044
18,10,0.07602366337776896,0.15261532932947441,0.17074554012105694,0.12137667652245271,0.06045765252469441,0.1747866694803143,0.00168665054865838,0.00891116991789528,0.3,0.0,0.9,19,0.8013468121675759,3.216625238357916
18,13,0.08800354508008057,0.17477394876641777,0.20469040107539874,0.18493157208588148,0.07243666794221446,0.18210266301625744,0.00369917934656415,0.019783860726181622,0.3,0.0,0.9,23,0.8003826182525776,2.060356459288621
19,0,0.9872604126732744,0.654658023199985,0.6526331973248221,0.15052421256070395,0.0,0.0,0.0,0.0,0.3,0.0,0.9,1,15.477002268120142,16.89827762996225
19,1,0.5625324379686217,0.5599861365918566,0.5573553578187179,0.13655925535241817,0.1255959451646338,0.02873214076755165,9.307949223409e-05,6.312224941987001e-05,0.3,0.0,0.9,3,8.109452858702298,9.768464763830709
19,2,0.0718379295525801,0.26574552753428965,0.26140337606798625,0.07309968169960936,0.7727486224855225,0.02024176311879177,0.0022498633417599003,0.00026325293075958004,0.3,0.0,0.9,4,1.2945065318025302,2.777411765556509
19,3,0.07827005519312778,0.14489427980082892,0.1395328625792412,0.07168735750547746,0.34660073703991445,0.1915830817123812,0.00136282123046233,0.0020347736601317697,0.3,0.0,0.9,5,0.5897598290188564,16.032990631561805
19,4,0.03967536590362575,0.11101549372506912,0.11154421040595462,0.04828348589523805,0.02197583939649159,0.0593985486007156,0.01315086737281512,0.0033556876337063704,0.3,0.0,0.9,6,0.5964624387941582,0.7179230468868263
19,5,0.02090286040009205,0.09732904986068953,0.10375088610252142,0.04163321822794174,0.0020724596436368743,0.00681419964295988,0.01400652564069596,2.693960693693e-05,0.3,0.0,0.9,9,0.597986513322386,1.3908209553066937
19,6,0.07766058847847271,0.14899676225551506,0.14952544890573527,0.11554304464883451,0.05882635681296471,0.18998423613176946,0.00136279206965508,0.0020344458237703403,0.3,0.0,0.9,13,0.5977948595972186,1773.9975342958446
19,7,0.03753040050509082,0.1343160359392809,0.16431036448373448,0.13969544725976546,0.018696092133567214,0.05715585246093134,0.0070124962725321895,0.00172148309038165,0.3,0.0,0.9,27,0.598065407253567,1524.5742440902866
19,8,0.037777226862639963,0.13456276520701665,0.164557082256454,0.17136442979014294,0.01894298712515705,0.05838564261290746,0.0067028963127017,0.00158582611336106,0.3,0.0,0.9,31,0.5979616825900788,5.883358160087356
19,9,0.03781514037840213,0.13969058497400613,0.17557800215675212,0.1898395481055417,0.01898087606666537,0.05853025238407533,0.00676875114158672,0.00157975724675714,0.3,0.0,0.9,34,0.5978530067517273,5.905461940805127
19,11,0.037634093955400696,0.24130751531753922,0.39505747273938907,0.6953527987428483,0.018799811546994234,0.05726774018843959,0.007190223806221641,0.00179943245850228,0.3,0.0,0.9,119,0.5978325607819448,1024.078459332508
20,0,0.9756735318706066,0.6525266436040982,0.6504893052809346,0.14996670579474633,0.0,0.0,0.0,0.0,0.3,0.0,0.9,1,16.265596377322776,17.05838281811225
20,1,0.01875659451839501,0.0705023257140287,0.06502498487972905,0.020329660707107556,0.44749850709658917,0.01447784042721259,0.00251390445760596,0.00037788362417096,0.3,0.0,0.9,4,2.449716185579579,2.9362381349252926
20,2,0.0043317734322224416,0.00370783122410577,0.00370783122410577,0.012124920544932728,0.16322825117718537,0.01185567222599608,0.00058152792455721,0.00016792172922994,0.3,0.0,0.9,5,1.6930179549317337,3.1928874365766697
20,3,0.004292438368208593,0.013639241655939672,0.025424035401314264,0.03371948272522976,0.0038893255136466854,0.01185196822798445,0.00058105587032613,0.00016767569314276998,0.3,0.0,0.9,8,1.694642966689881,3.186298662314512
20,4,0.0039009924792806927,0.006009415184835508,0.01188620980021689,0.01895657127155592,0.009420016894516114,0.01185567222599607,0.00058152792455721,0.00016792172922994,0.3,0.0,0.9,9,1.7423782903725191,3.0857895787469958
20,5,0.0015577044369611268,0.007708936842535219,0.019471583188380426,0.02633847741732653,0.00435562160940905,0.00505332857009655,0.02066805217758344,4.352755750118e-05,0.3,0.0,0.9,10,1.7635561912540674,1.2839898262504392
20,6,0.0017440480227643286,0.018063625804535903,0.041612418930656925,0.05803698386184834,0.0017479117872938358,0.00561988899601798,0.018743242484776882,6.4013150315e-05,0.3,0.0,0.9,17,1.7612763992689278,238152.71533215384
20,9,0.0018424522921431361,0.013070173663566408,0.030725867144451625,0.051518261178496304,0.0018429367265376958,0.00599192169707039,0.0103274105880232,4.9754078169150005e-05,0.3,0.0,0.9,25,1.7617714688787902,4.99569660371607
20,10,0.0030263493374049397,0.009163706707021735,0.020926254944092545,0.07553670446707733,0.0030274750352533523,0.00997502741839848,0.01039902684254524,3.7580525376029996e-05,0.3,0.0,0.9,26,1.7613263789362774,1.1589034666345863
20,13,0.002895472590765924,0.019212568564902624,0.042761369135572214,0.10979166241893801,0.002895528869747666,0.00952435412933941,0.010446225275713381,4.240705773789e-05,0.3,0.0,0.9,37,1.76136483042498,1.30911979579894
21,0,0.9727895389954101,0.6519922259748558,0.649951757949238,0.14982689469592825,0.0,0.0,0.0,0.0,0.3,0.0,0.9,1,15.824523938488154,13.722090583225
21,1,0.548497322081212,0.5548026200407128,0.5521470930318064,0.13448675012712957,0.1263863038113297,0.02534206427195554,9.127142372838001e-05,0.00012132721954851,0.3,0.0,0.9,3,8.933888755413776,8.910009385860555
21,2,0.057766268677739784,0.1678863882700141,0.16289125116050338,0.056921939714060704,0.9226666069305222,0.04987736998193079,0.00232894193363773,0.00540118703544918,0.3,0.0,0.9,4,1.0758737743652411,3.099289672075025
21,3,0.0251534334790079,0.09274250835547665,0.09324184603051815,0.0382595571696467,0.1614034150297016,0.02323677075396577,0.0005263060070664399,0.00067445202501343,0.3,0.0,0.9,5,0.7218814144294097,3.0424456834301026
21,4,0.03982648855499976,0.1118797594540004,0.11826737540792508,0.06844975380020635,0.023397026742989387,0.07283696843225355,0.00033542163126853996,0.0006730122653964799,0.3,0.0,0.9,7,0.6922372903668392,85.8414097594652
21,5,0.036266224938795985,0.10808200465960063,0.11446777529563298,0.054004189609117216,0.019687910180501055,0.0502300539084091,0.0018371826688777001,0.0043392814585094894,0.3,0.0,0.9,8,0.6991220672271086,2.6642401985713824
21,6,0.021008495573616996,0.09277340651781862,0.099158780859029,0.04349446513023592,0.0038858640074168433,0.01091127761162518,5.7318953835239995e-05,0.00051097727398546,0.3,0.0,0.9,9,0.6987164581854123,3.078978312157309
21,7,0.021008495418921695,0.10295320414898393,0.12112480435552259,0.06650080726560725,0.003733271591778446,0.01091127761162517,5.7318953835239995e-05,0.00051097727398546,0.3,0.0,0.9,11,0.6987392573600203,3.0789299460153887
21,8,0.02077817823788899,0.10272288694839571,0.12089448715493437,0.12153700287809663,0.003502948355349896,0.01090688216949913,2.908842156548e-05,0.00025653442070722,0.3,0.0,0.9,26,0.6987324062448576,3.078941049912024
22,0,0.9817174058036817,0.6536444859144723,0.6516136774629486,0.15026483349749417,0.0,0.0,0.0,0.0,0.3,0.0,0.9,1,15.16247278355567,14.628971005924088
22,1,0.557575401975214,0.560993124667463,0.5583457646698798,0.13965232164327343,0.1314760387915441,0.041458415635589455,9.307949223409e-05,8.053427557922e-05,0.3,0.0,0.9,3,8.625107925326464,9.644421766345143
22,2,0.048216260995098195,0.1637908007954943,0.16469148168144038,0.05425755598873201,0.9155385488411419,0.03286147773534276,0.00247781673289635,0.00035178651844266996,0.3,0.0,0.9,4,0.971262211795775,2.9637836649305616
22,3,0.029130728377712863,0.10888598328388562,0.1153341286996946,0.04695185870135985,0.07562590170178699,0.029807130360101252,0.0020909997785891,0.00021873718719914002,0.3,0.0,0.9,6,0.5287395759251203,2.6246065147558246
22,4,0.03023028395000665,0.10985362821336121,0.1163007256302061,0.06402777845136505,0.010386054848803367,0.0333909510676024,0.0019335382130002102,0.00029759771865060997,0.3,0.0,0.9,10,0.5271163318077378,2.7912125221980566
22,5,0.029397672247203493,0.11411089009216892,0.12645110087645764,0.09644199770749749,0.009452533442115512,0.03097732307808606,0.0009692178584806499,0.00017703137745733998,0.3,0.0,0.9,18,0.5272504627567356,846555533251.7881
22,6,0.02966088238681292,0.12964383415749395,0.15966340890370642,0.11799799807336027,0.009715758785807518,0.03195573775044537,0.00096764330363917,0.00014334735970528,0.3,0.0,0.9,22,0.5271924423383666,3.996286806936626
22,7,0.028474620600815917,0.1284575754748711,0.1584771502210836,0.18471101900332854,0.008529478025905873,0.02810142082874052,0.00104878875485752,0.00011005446402596,0.3,0.0,0.9,36,0.5272081330773762,26.89550765000044
22,8,0.028827194323095207,0.14407984595094578,0.19177882349192815,0.23889126348837503,0.008882053237944467,0.02928860984588531,0.00106112276888138,0.00010607371311847,0.3,0.0,0.9,43,0.527216157481195,2.598492049288131
22,9,0.02841361285221107,0.19456525303842506,0.30119548789960393,0.5296427308232013,0.008468468679628327,0.02790299804390912,0.00111285242078999,0.00010840979339132001,0.3,0.0,0.9,104,0.5272276299555188,26.852243788504857
23,0,0.9806423851910084,0.6534436424339869,0.6514117036333812,0.15020655207219044,0.0,0.0,0.0,0.0,0.3,0.0,0.9,1,15.278597957389124,14.037171511336492
23,1,0.5573394901446311,0.5597463796960456,0.5571018412682284,0.13804660527963172,0.1289774435425004,0.03556909906557469,9.127142372838001e-05,0.00012290580712493,0.3,0.0,0.9,3,8.58286032547854,8.920178595803389
23,2,0.08636765941080653,0.20211568392861706,0.19715086432670997,0.07586733396264328,0.9588825930706287,0.11020231124975303,0.00483654664401941,0.017582391240906332,0.3,0.0,0.9,4,1.1113961913865804,2.045981535095992
23,3,0.032816617359725395,0.0987939226194061,0.09928071028707605,0.026149587270051986,0.17151991444644493,0.047117461169791756,0.00134798312768604,0.0018151897662085099,0.3,0.0,0.9,5,0.7009544851704049,3.802494362889655
23,4,0.24324971511148072,0.3040465446730467,0.29863952777989766,0.2401800669084013,0.22650295401206244,0.7046091879078336,0.0013362672240263501,0.01649851903568897,0.3,0.0,0.9,6,0.7059624172955454,1866.274302290966
23,5,1.0491310980342634,1.1150168415723707,1.115502939595041,1.0484470032524542,1.0321161964463075,0.4403771396832729,0.0013764101464837299,1.0,0.3,0.0,0.9,7,0.7046069709060262,12.69292460670263
23,6,0.1185461717504507,0.1842328517787381,0.18471738247895314,0.1322469556427253,0.10179128950482522,0.2074282487606141,0.00642569756987135,0.043738040011382665,0.3,0.0,0.9,10,0.7079486060612307,14.731769209705089
23,7,0.06412477485148008,0.129807091623514,0.13029159751042063,0.08272747671971191,0.047186001757112864,0.12791792476613356,0.0034314735066474,0.00977484349716298,0.3,0.0,0.9,11,0.707397013270474,14.833607737498522
23,8,0.06498406584028801,0.13575574095570467,0.14213338040066603,0.09732704426524907,0.04803256110511118,0.13080699365718282,0.0034283965835704795,0.0097667644310791,0.3,0.0,0.9,15,0.7076700774870165,1.289829769602396
23,9,0.11636283842261358,0.19731414241216153,0.21547803592984044,0.1596329966252389,0.09941122095775785,0.20562788355743108,0.00640697901268548,0.0419140642669614,0.3,0.0,0.9,18,0.7076650872462616,14.464010200697851
23,10,0.06500150603114463,0.18158210439331124,0.24099787803512765,0.24772315050106786,0.048049694120795364,0.13086469932248318,0.00342844446374152,0.0097669815364675,0.3,0.0,0.9,43,0.7077231461680074,1.2921592992440645
23,11,0.11750802685000022,0.2544482197594107,0.3374364707305947,0.5959771541684585,0.1005562142803999,0.2062464894271714,0.00656655344706155,0.04298029606131451,0.3,0.0,0.9,102,0.707686933368189,326276200577894.75
24,0,0.9455634644030888,0.6468708725538608,0.644800375748119,0.1484872500705348,0.0,0.0,0.0,0.0,0.3,0.0,0.9,1,17.771793255620583,16.44682430825216
24,1,0.53693120266799,0.5561612948264851,0.5534681274672046,0.1405889239248993,0.1356423496027547,0.051370329765126566,9.262747510766001e-05,9.244079729211001e-05,0.3,0.0,0.9,3,10.346075140620526,10.655107042048408
24,2,0.06977735948257777,0.22492877652893675,0.22618039714737662,0.07145238482824663,0.7873488688811339,0.03732144735291333,0.002306087949598,0.00029125433600006004,0.3,0.0,0.9,4,0.3507935278052344,2.8236444694556235
24,3,0.03524057750263068,0.12208337281421976,0.1227364551244121,0.048260964161240344,0.21775264886920095,0.03516039851174317,0.0005541986956543,0.00016467174899284,0.3,0.0,0.9,5,0.2849666711662121,3.062681272543596
24,4,0.03387287129574424,0.12225738279798923,0.1287747814632817,0.05634861258366116,0.016184918068286883,0.035160398511743164,0.0005541986956543,0.00016467174899284,0.3,0.0,0.9,7,0.357227289215575,3.2345236918560207
24,5,0.034104312662100546,0.11731497477337177,0.11793856597183734,0.05658195848293688,0.011091734950465195,0.036283544100011875,0.00027504381448592,8.339562545777e-05,0.3,0.0,0.9,9,0.3951194541801145,15.353354889692053
24,6,0.0274049302799758,0.1105812449755592,0.11120456241979894,0.0509851328660608,0.004300864338212606,0.014130375576148829,0.0031607995856741495,3.8718954265380004e-05,0.3,0.0,0.9,13,0.3756262674951715,8.622710653530323
24,7,0.02688097085977065,0.11005497085337097,0.11067826038755106,0.08559953976118881,0.003752403367404133,0.01234847331359025,0.003933307167560169,5.151860183543e-05,0.3,0.0,0.9,18,0.3818823088752613,8.065062708769771
24,8,0.026880465226502694,0.11514300569233675,0.1216594162292524,0.09488017652218746,0.0037529621994236697,0.01234847331359025,0.003933307167560169,5.151860183543e-05,0.3,0.0,0.9,20,0.3807581379034194,8.069170212457982
24,9,0.02711537474092993,0.12555749720326834,0.14386016268246135,0.10899305303212886,0.003986161870512877,0.013181453048687189,0.00313600676073082,3.497484850979e-05,0.3,0.0,0.9,23,0.3816996056101467,8.919412295409744
24,10,0.026880325726050095,0.1202324384718276,0.13264195435940873,0.11140148337122223,0.00375124532956064,0.012348473164796819,0.0039333072493397,5.151860483605e-05,0.3,0.0,0.9,24,0.3801069799514083,8.071560675284031
24,11,0.027344788800962094,0.1257864552885304,0.14408910212548795,0.11583458256008454,0.004216450807730587,0.01393650771444618,0.00310022820865877,3.837819414671e-05,0.3,0.0,0.9,25,0.3806541494895062,9.175507029829188
24,12,0.026459816745779397,0.11981158894679333,0.13222111005173126,0.1496314571182899,0.0033305303419373642,0.01103085151455488,0.00320704162580123,2.363300949447e-05,0.3,0.0,0.9,30,0.3805204940299712,8.814875488709282
24,13,0.027039510289373927,0.12039128299236021,0.13280080409729814,0.12215096216555366,0.003910258051177161,0.01293116075968601,0.0030563819313663,3.4301089525059995e-05,0.3,0.0,0.9,32,0.3803894886082394,9.018557392409898
24,14,0.027321065474009504,0.13085263764128197,0.1550484102102592,0.15400638817563578,0.004191802121371335,0.01385792168564223,0.00309985977290449,3.8221911713459996e-05,0.3,0.0,0.9,34,0.3805638268480614,8.894138049348626
24,15,0.02661290083910731,0.17086366354693605,0.24220444197207044,0.581163493227865,0.0034836118856699607,0.01152658517211318,0.00335934859197516,2.8484506215170002e-05,0.3,0.0,0.9,127,0.3804914041092657,8.726285454010604
25,0,0.9512715533179448,0.647956328270514,0.6458922119684879,0.1487713790077867,0.0,0.0,0.0,0.0,0.3,0.0,0.9,1,17.872473378401004,12.330413628401002
25,1,0.5391424725990318,0.5526970476718108,0.5500206290590615,0.13501233282175476,0.12730656792511225,0.03018560177770232,8.991537234910001e-05,0.00012496095637354998,0.3,0.0,0.9,3,9.661156814934756,8.669057582266257
25,2,0.07644427008324053,0.22304913498933718,0.22422102951587167,0.07958073809274215,0.8307376309444272,0.061017050382598345,0.0020244971036349102,0.00541348577855763,0.3,0.0,0.9,4,0.3570662388727735,2.858626342832633
25,3,0.6263790312372672,0.7171149797865586,0.7119474599272708,0.6195819063575436,0.754335739586447,1.0,0.0013164938424256299,0.3316135224503153,0.3,0.0,0.9,5,0.3339343488118247,14.46769310589664
25,4,0.04729350302400731,0.13835796894363964,0.14489721171164335,0.0649605464325668,0.05162506015322381,0.06200157168563327,0.0018179370054371602,0.00496964386766223,0.3,0.0,0.9,6,0.4443580007788656,2.8627107080369387
25,5,0.04603247071057024,0.13388824924164544,0.14040137693261534,0.07465136856854288,0.026412376038656978,0.062207681340493225,0.00177930803743111,0.004885428133080899,0.3,0.0,0.9,9,0.3720234128730138,2.719621835511075
25,6,1.22258823450192,1.3043446343646767,1.3049564300979712,1.2461977592480797,1.2031553976491831,1.0,0.1200018999497793,1.0,0.3,0.0,0.9,10,0.3759348111270092,0.997048891868892
25,7,1.2225880598567715,1.3094339118547205,1.3159388402765102,1.2542929117840576,1.2000003402014707,1.0,0.07104704707933887,1.0,0.3,0.0,0.9,14,0.3735168737565031,13.59785771935077
25,8,1.2225873062979171,1.3094311158897949,1.315936050017014,1.2542921654966603,1.2000061446168062,1.0,0.07104704707933887,1.0,0.3,0.0,0.9,15,0.3742450278108021,13.58775454827181
25,9,1.2225866718405982,1.3145187624002985,1.3269167706806289,1.283785699297339,1.2000026510142998,1.0,0.12071097938152535,1.0,0.3,0.0,0.9,17,0.3756814044580895,0.9563052192686908
26,0,0.9774942804364621,0.652863091383473,0.6508277458386926,0.15005483788214208,0.0,0.0,0.0,0.0,0.3,0.0,0.9,1,15.797930351515118,13.069312255462492
26,1,0.5562606801635258,0.5604102790187119,0.557760850254444,0.13932692165313598,0.13076302339674478,0.04056539405101733,9.081940660196e-05,0.00012229583593147,0.3,0.0,0.9,3,8.943437136924727,8.38783027718787
26,2,0.059132062524997524,0.16078419120339896,0.16156177462030014,0.06673501823014087,0.979948379803413,0.07716659140241516,0.00225378449198696,0.00556954238158611,0.3,0.0,0.9,4,1.4318325748489544,3.0567971541421213
26,3,0.025842047073908764,0.07802572991829086,0.07840698107147209,0.0384134104510362,0.16580626456984346,0.04157140463530977,0.00052530029941735,0.0005895239579299,0.3,0.0,0.9,5,0.9557879332223022,3.1479481717746984
26,4,0.025788036818837835,0.08248589881184352,0.08875594243419936,0.04590641113346024,0.013949770680070445,0.041868231017621646,0.00054109763429976,0.00061327530417875,0.3,0.0,0.9,7,0.979663999539325,3.099884835808831
26,5,0.04067203745903518,0.10749830429038393,0.12555421215903823,0.08660853572620614,0.02803236142022985,0.07915880071893924,0.00184347432165529,0.00473711172140074,0.3,0.0,0.9,14,0.97222930605072,2.61145763588786
26,6,0.03930495330310914,0.10097849951514982,0.11314080279367206,0.09417192435323657,0.026844268177291363,0.08180452074772565,0.00090719621221048,0.00235608137261381,0.3,0.0,0.9,15,0.9746865122171572,12.028045632756722
26,7,0.039235411519649814,0.1009057014446122,0.11306797488321235,0.09986177659489348,0.0266028432494433,0.08160093779649012,0.0009064793582428401,0.00234771555285966,0.3,0.0,0.9,16,0.973838365714448,2.5729213081694886
26,8,0.03905380310276765,0.10581260755769534,0.12386800112947186,0.13357259200960295,0.02641247096532932,0.081222172098201,0.00090019297035258,0.00227263035053962,0.3,0.0,0.9,25,0.973525051349934,81.25316667529822
26,9,0.03904985341963269,0.10580862296072434,0.12386402976663606,0.14371917277900803,0.026408128420008364,0.08120532683680738,0.00090016680082282,0.00227386125530992,0.3,0.0,0.9,27,0.97360280988106,14.198610515641786
26,10,0.2735080706333305,0.36062634687419415,0.40225424511316815,0.4706034763974968,0.2608663334942043,0.4114002181502266,0.02275494261478759,0.15271805876158992,0.3,0.0,0.9,45,0.9737551329692158,14.199296550560474
26,11,0.2733144665456994,0.36552263947846275,0.41304368904816735,0.4658090285941686,0.2606727608596878,0.4109999260527718,0.02275491745317925,0.15263637144817035,0.3,0.0,0.9,47,0.9737414902238326,14.177362056822728
27,0,0.998779169122013,0.6567527445890701,0.6547402016261991,0.15107234284912827,0.0,0.0,0.0,0.0,0.3,0.0,0.9,1,14.267787814171529,15.631419379961
27,1,0.5706380152167334,0.5644061672439514,0.5617854254225931,0.1397116648596247,0.12873455231412523,0.037523535333080935,9.217545798124e-05,0.00014125198565592998,0.3,0.0,0.9,3,7.915472958266972,10.296353599548626
27,2,0.10182678030069071,0.20163044314998593,0.1965384879054853,0.09127993524078512,1.0274775300577303,0.1423451318002626,0.0053589456834012604,0.030418529107770258,0.3,0.0,0.9,4,1.3045718215764888,2.106933402779033
27,3,0.07249881016454299,0.15465306797814107,0.14941046111113246,0.06663804970424098,0.10904754654818154,0.1583868049186155,0.00134958483388043,0.00142568304214248,0.3,0.0,0.9,5,0.881681478236221,18.01344092862751
27,4,0.06505796323128343,0.1285868306370665,0.1290546477321864,0.06835302842925653,0.08111114803348637,0.1583868049186155,0.00134958483388042,0.00142568304214249,0.3,0.0,0.9,7,0.7826822220888371,15.361391667636196
27,5,0.09649084605022831,0.15812756481640178,0.15858079075019588,0.106679395329807,0.0864308247672971,0.16442068634342716,0.00569491205596089,0.03499887405096254,0.3,0.0,0.9,8,0.7828102592680248,1.5948099614645057
27,6,0.09617752685084265,0.16246416376664308,0.16880717108339094,0.10912075006939291,0.08130165055534733,0.1632164468467756,0.00575099605419458,0.03520437450909441,0.3,0.0,0.9,10,0.8053922058253427,1.6173211155530012
27,7,0.11144861218733805,0.17773309719791575,0.1840760846213823,0.16138245924110617,0.0959211525822444,0.23410300984110516,0.00296108480174023,0.02854410839564936,0.3,0.0,0.9,21,0.8047786729592923,4.9404430629287885
27,8,0.11143665687073401,0.17772093901193262,0.18406391667950164,0.16750189493296683,0.09590932143839263,0.2341098578967593,0.00296124391757357,0.02852861864814244,0.3,0.0,0.9,22,0.8039210436717461,13.907301945719697
27,9,0.11031461241604029,0.18677861716608957,0.20490783480268168,0.17882263784296556,0.09478676582969393,0.23036003532042598,0.00295339972315636,0.028531889530842753,0.3,0.0,0.9,29,0.804426354859951,14.579463128324688
27,10,0.11331096576528651,0.1999546997813884,0.2298701697515792,0.2084948824015112,0.09778323779124168,0.23621518326849217,0.0036816726685653597,0.02990946538129382,0.3,0.0,0.9,30,0.8043539867400089,10.605124238975394
27,11,0.11739496028541505,0.20912859921103777,0.24493716931453724,0.2193486223884788,0.10186713516651408,0.23678566970152848,0.00368114708957051,0.03425708169702253,0.3,0.0,0.9,32,0.8039866549560984,12.4016918060773
27,12,0.12149765357023719,0.21323122615906104,0.24903979713212,0.2590277447064684,0.105969786136515,0.23419997674011128,0.00367931151235093,0.03967754003273459,0.3,0.0,0.9,38,0.8041514545941276,11.273842249914086
27,13,0.11331231152107642,0.20504588270567833,0.2408544536787373,0.24688908296677142,0.09778444470742453,0.2362117673402231,0.0036804090049130005,0.02991211710671653,0.3,0.0,0.9,40,0.8041371251452119,10.339376339408531
27,14,0.11174321583876318,0.2340161789081192,0.30518352987200703,0.3135839199499909,0.09621534565469644,0.2354793562425256,0.0032996092384641198,0.02841281337144342,0.3,0.0,0.9,49,0.804197068013135,18.086364315580216
27,15,0.11338002914660864,0.21529339953963572,0.26288824757544504,0.3427961435398354,0.09785216087378029,0.23644426146447825,0.00363119143267092,0.029909862623956042,0.3,0.0,0.9,54,0.804104820340939,14.826241289019102
28,0,0.959210794671185,0.6494556644618412,0.6474003344266799,0.1491634878228835,0.0,0.0,0.0,0.0,0.3,0.0,0.9,1,16.54392363295258,14.233932830321002
28,1,0.5453047065760449,0.5565645263087481,0.5538947932356515,0.13804041626012575,0.13044088168419196,0.0392426368626587,9.127142372838001e-05,0.00013590253293178,0.3,0.0,0.9,3,9.481635036484017,8.598293145442254
28,2,0.10505325577836379,0.2282196175851012,0.22334490894613096,0.09046759029312065,0.9120839839835988,0.12367180055831281,0.00532228947255193,0.025020576418004446,0.3,0.0,0.9,4,0.5898277877460653,2.190069590446916
28,3,0.3340872733901749,0.40541803097493445,0.4000938272060036,0.3275430525255101,0.4854454091491539,0.9029030316079177,0.00133634843729851,0.04734605051292938,0.3,0.0,0.9,5,0.4987219457761894,15.550644171860338
28,4,0.0752663180213332,0.15130861634000903,0.1518745570990082,0.07229745497566666,0.055844000687435696,0.12224010876937393,0.00428102883519784,0.02012551359168929,0.3,0.0,0.9,6,0.5891617468266513,2.055465692158211
28,5,0.06518854985219755,0.13400580111876534,0.12866168846626794,0.06603915492425443,0.05200429826843899,0.12244392435463632,0.00206323840496231,0.00970061134426704,0.3,0.0,0.9,7,0.5651455246405851,4.545948592523795
28,6,0.0688301961181463,0.1425663233609944,0.1431139547101533,0.08372420358953414,0.049296011254010126,0.13278811507615382,0.0022386895132475203,0.01036543798795451,0.3,0.0,0.9,11,0.5706061312292622,2.814620086495674
28,7,0.07469054055152109,0.15351323267674202,0.1599539889949475,0.097258997963202,0.055032006711626766,0.12390691035440575,0.00418978136432872,0.01983863412889601,0.3,0.0,0.9,13,0.5699571316537033,1.9721749718274344
28,8,0.07468486486351196,0.1535073039921241,0.15994806378856735,0.10528815133452243,0.05502150337876577,0.12388338154816383,0.00419047692620133,0.01984023481781167,0.3,0.0,0.9,15,0.569670459185413,1.9725456087781843
28,9,0.06715520245708781,0.15106702761897825,0.16340086977605447,0.12499984249823504,0.04749226775041688,0.12807467361548358,0.00217520159283979,0.01007705279815283,0.3,0.0,0.9,18,0.5686959573230945,1.835603078982816
28,10,0.06720648179275447,0.15111817030015917,0.16345202743048948,0.12505112840106258,0.04754364160775279,0.12826965012896785,0.0021747837158201397,0.010069101566337831,0.3,0.0,0.9,19,0.568465256040607,1.7223785890319092
28,11,0.06711491025274738,0.15102659888643521,0.16336045601676552,0.12837456854461465,0.04745153724106002,0.12793511842113575,0.0021748702842663897,0.010078866120366351,0.3,0.0,0.9,20,0.5683618011638273,1.7790952193984344
28,12,0.06713037424330333,0.15104206476940732,0.16337592189973763,0.1352200575157746,0.04746701422723044,0.1280019710404247,0.0021748111974834,0.01007376622835016,0.3,0.0,0.9,22,0.5684192661293814,1.912374041583367
29,0,0.960079081832374,0.6496188400815242,0.647564473361431,0.1492060592396898,0.0,0.0,0.0,0.0,0.3,0.0,0.9,1,16.993983579482386,12.81340569132449
29,1,0.5426791645486223,0.5531812940384813,0.5505137477341249,0.13437904126003583,0.12644854003694558,0.02682848992281025,9.036738947553e-05,0.00010179565290285,0.3,0.0,0.9,3,9.625730382942278,8.199992216088209
29,2,0.06289685147324929,0.18731851057723284,0.18830223227740064,0.06731212386938101,0.8848245252157223,0.052048604497042114,0.00219891878579197,0.00436247660382706,0.3,0.0,0.9,4,0.6852877312862043,3.057907560523572
29,3,0.35433045448778494,0.4287559020603416,0.42345652202740675,0.3477328897908347,0.4829043845206302,1.0,0.00132311204071659,0.03620326798304978,0.3,0.0,0.9,5,0.4196371265272766,15.71369122616752
29,4,0.35425054479009516,0.42867463584964294,0.42337525108742413,0.35602344319499346,0.3325056808263109,1.0,0.0013292150642003199,0.03611504327851462,0.3,0.0,0.9,7,0.4193500241604462,10.94303132039446
29,5,0.35432969457615565,0.42875310609541606,0.4234537061691998,0.35133144669710425,0.3325833562594386,1.0,0.00132311204071659,0.03620326798304978,0.3,0.0,0.9,12,0.4189897907007694,15.733157852903418
29,6,0.35440400426283003,0.4339001775835988,0.43449376965111913,0.395600864219684,0.33269021683149397,1.0,0.00132182325834915,0.03629289747698755,0.3,0.0,0.9,14,0.4175550762877074,357.20357405904576
29,7,1.1415596094830893,1.23632511447856,1.2545980765949203,1.2334267026790204,1.119819576535408,0.7327311766816752,0.19210872761142647,1.0,0.3,0.0,0.9,19,0.4174506994496813,10.909655197598587
29,9,1.1415207584559055,1.2464656077231955,1.2765248026613598,1.296379605217902,1.1197806723089294,0.7326022331450384,0.19196779905770664,1.0,0.3,0.0,0.9,32,0.4177605916223435,2.266436912951947
29,10,1.1415130553509154,1.287177095488976,1.3643813218820084,1.568671229517446,1.119772967823294,0.7325765572821031,0.09625361469897828,1.0,0.3,0.0,0.9,82,0.4177805423234531,2.404143954821787
30,0,0.9625864305621161,0.6500894941773254,0.6480378703234323,0.1493291725398865,0.0,0.0,0.0,0.0,0.3,0.0,0.9,1,16.32087691023807,14.476418932606492
30,1,0.539416960098895,0.5525147399287808,0.5498396653804376,0.13466111053358903,0.1290525988005453,0.028819957077912538,9.172344085481e-05,0.0001248530163028,0.3,0.0,0.9,3,9.496401339980675,9.189807439021438
30,2,0.07053874154621485,0.16158162041052954,0.1564145909043704,0.06069148715316415,1.0084837806271896,0.09027378420261743,0.00519070284250149,0.017506516017279768,0.3,0.0,0.9,4,1.5527292312126155,2.100401145584924
30,3,0.1476180197517576,0.1909359258511593,0.18539518859980317,0.14036915954981047,0.2768568833671149,0.4276248861108202,0.00134296663558946,0.008492109308535719,0.3,0.0,0.9,5,1.138781073753581,16.77851323474442
30,4,0.14526352206212884,0.18099776834412332,0.17540114079922425,0.14578904894363384,0.1459445603162921,0.42593296281479365,0.0013504893111159,0.008601332580902791,0.3,0.0,0.9,7,1.1982323828634898,46.15151676017554
30,5,0.16038209226285832,0.19499676365194696,0.18939188721125055,0.1749566981619673,0.15251021956461946,0.18003825860600856,0.0125098649360099,0.1076836952738222,0.3,0.0,0.9,9,1.1657864041854555,1.7619819448460443
30,6,0.2690204671296378,0.3085137597303301,0.3088004378394736,0.28634852436476516,0.2597695649715185,0.6881130119030356,0.0083701453030846,0.0590949968772458,0.3,0.0,0.9,13,1.169635624092219,25.73620655194766
30,7,0.2693070573174113,0.3037095186552408,0.2981031096744675,0.2945245188814581,0.25990752851263477,0.6890961329140064,0.00837917663208851,0.0590859817912323,0.3,0.0,0.9,15,1.170002694659818,19.307777153952184
30,8,0.2693042280768764,0.30878559297758046,0.30907218292459016,0.3112988405285042,0.25992188443428416,0.6890961329140063,0.00837917663208853,0.05908598179123229,0.3,0.0,0.9,17,1.166090752049772,19.228806262776004
30,9,0.19284063247689565,0.2424993172878205,0.2545721422838261,0.26921233945081197,0.18344384057800353,0.5084252433281957,0.00791384516055435,0.03435075977180227,0.3,0.0,0.9,29,1.16698293875905,12.562065309988888
30,10,0.20605559071376922,0.2557124246918531,0.2677852501759316,0.29593876626865545,0.19666048846580958,0.5297777341988711,0.01107179077493578,0.041917082120248125,0.3,0.0,0.9,32,1.1674237316829512,49.858344364359326
30,11,0.20604647460279996,0.2607931445167744,0.2787590966024319,0.3171519122591817,0.1966496986672196,0.5297507289308256,0.01107112009561758,0.041915971292964385,0.3,0.0,0.9,34,1.1672656511087387,49.85428024754741
30,12,0.2060564761717584,0.27607284515434044,0.31171814883734594,0.3376519859666751,0.1966596005612115,0.5297826552011266,0.011071123531706039,0.04191644497043971,0.3,0.0,0.9,42,1.167335364966119,49.85421137831501
30,13,0.20602118355887514,0.27094758214382897,0.3006997865630853,0.36655385044995215,0.19662434577927954,0.5296799437118885,0.01107076071325678,0.04191147487881196,0.3,0.0,0.9,44,1.1672175136739054,42.94955622288831
30,14,0.20610359229952266,0.29138958678024596,0.3447142685288698,0.49914956393735604,0.1967067208864347,0.5298506844542683,0.01109387896585097,0.041946127269225766,0.3,0.0,0.9,72,1.1671771811978695,47.61980005951269
