Run,Equation_Index,Hybrid_MSE_Train,Hybrid_AIC_Train,Hybrid_BIC_Train,Hybrid_MDL_Train,Hybrid_PSM_Train,Extrapolation_Divergence,Sensitivity_Interpolation,Sensitivity_Extrapolation,Lambda1,Lambda2,Lambda3,Complexity,MSE_Test_Interpolation,MSE_Test_Extrapolation
1,0,1.0,0.6569735481524963,0.6549622960425902,0.15112994132297058,0.0,0.0,0.0,0.0,0.1,0.2,0.2,1,14.061850930098686,14.780191390625005
1,1,0.5614909307290906,0.5565670987250243,0.5539427975882298,0.1323199752318708,0.12243627985701576,0.04113508959756933,9.217545798124e-05,9.483608635362e-05,0.1,0.2,0.2,3,7.898982553953981,9.7677933474913
1,2,0.48557744481485404,1.302739101565077,1.302739101565077,0.5557668603812507,0.7312999672565339,1.0,0.01369550782538521,1.0,0.1,0.2,0.2,4,6.471265882615239,2.1589239291196177e+21
1,3,0.048099083049284036,0.09183023007673215,0.08628797716598618,0.04156690973334134,0.7417371580088047,0.34888922906041925,0.00270220718957038,0.00825450943077971,0.1,0.2,0.2,5,1.2697155061113918,17.103815407599775
1,4,0.3091489814632447,0.33647816565309774,0.33667597826686335,0.3076817929799791,0.35484361884336046,1.0,0.013695507825385232,1.0,0.1,0.2,0.2,6,1.899484365537367,2.1589239291700325e+21
1,5,0.5040191843555197,0.5153653805797558,0.509592220981794,0.5,0.529805251420961,1.0,1.0,1.0,0.1,0.2,0.2,7,1.5565957687287657,0.7459879245740602
1,6,0.5039729830005024,0.5151006959001369,0.5093259687889764,0.5003721595491345,0.5005980480105601,1.0,1.0,1.0,0.1,0.2,0.2,8,1.588948300194319,0.7336460295386275
1,7,0.5039475144809811,0.5200448162111289,0.5201623383214213,0.5065083328997158,0.5003296462102074,1.0,1.0,1.0,0.1,0.2,0.2,9,1.584524825069246,0.735023557978837
1,8,0.0673477335779829,0.083296736653953,0.08341321144409754,0.08810437448252131,0.06356702239295416,0.34788901288065555,0.02303841205469265,0.12017508161566459,0.1,0.2,0.2,12,1.5846657069387706,0.7458614807413861
1,9,0.06419043268464769,0.08522744997701985,0.09123706335183265,0.08437373381671344,0.0602764458386357,0.3329169694108372,0.020243051065188162,0.11467199256712471,0.1,0.2,0.2,15,1.587859697534458,0.8832243163231733
1,10,0.06644538549125059,0.08748230195219114,0.09349190383198759,0.10392105124491492,0.06252973599608105,0.3414135722369525,0.020303164887380938,0.12163841970042352,0.1,0.2,0.2,19,1.5869020784205787,0.8789828798994721
1,13,0.06648246052223725,0.10278897676619239,0.12647791874832048,0.18632588051126378,0.0625667800034723,0.3415097884645131,0.02030151688708685,0.12177743391589654,0.1,0.2,0.2,35,1.5873799272227929,0.93091318116239
2,0,0.9584187915834251,0.6493066239981709,0.6472504283752291,0.14912440134636987,0.0,0.0,0.0,0.0,0.1,0.2,0.2,1,17.005309364167353,12.965368947062093
2,1,0.5364334703786061,0.5473518493972727,0.5446830678468982,0.12870101193979075,0.12070313581240188,0.02479068642297599,9.036738947553e-05,9.38453115645e-05,0.1,0.2,0.2,3,9.47668444600879,8.538677747940186
2,2,0.057873879897498204,0.18489909965946322,0.1800624223641753,0.0423576522147467,0.8479821751390505,0.0681440889963886,0.0049710963009909,0.010024283618174621,0.1,0.2,0.2,4,0.387789229011328,2.172699515862156
2,3,0.0476271638431852,0.1299381078348271,0.12470280228477494,0.04085396997212383,0.1750982642444099,0.2140274805760225,0.00264920202070699,0.0045187646452145,0.1,0.2,0.2,5,0.2538126195921658,15.470234111222002
2,4,0.03335051494236485,0.11955595259929998,0.12020395830213373,0.030205761494345285,0.012797318824763104,0.06719480398493018,0.0038376100862936397,0.00773859317778801,0.1,0.2,0.2,6,0.2647120919860585,1.9623321321072609
2,5,0.03606405691395066,0.1273588758877223,0.13390004074732184,0.05371085926565252,0.011748728027828847,0.0917081544271159,0.00392464211199269,0.00896350325135136,0.1,0.2,0.2,11,0.2646527489347187,6.990257397182312
2,6,0.036215565189859446,0.12750860499528785,0.1340497464833682,0.06664631563232051,0.011902542273628205,0.0929164318650346,0.00396002733314278,0.00908505135984997,0.1,0.2,0.2,14,0.2645499978082701,5.885910232110393
2,7,0.033348533856347125,0.1297306950345711,0.14216492323108174,0.0669719022265725,0.009036433435754596,0.06717032037466147,0.00384064719071682,0.0077438799644324995,0.1,0.2,0.2,15,0.2642102751814066,1.963914175072976
2,8,0.03334804457896911,0.1348198790300562,0.1531472620355352,0.08205875451593383,0.009033706713202257,0.0671604114982838,0.00384173121069155,0.0077457295960059805,0.1,0.2,0.2,19,0.2639942403132339,1.9644059301676504
2,9,0.03334804462030269,0.13481987905986142,0.1531472620653404,0.0919840790793701,0.009033539416378055,0.06716041240461149,0.0038417310995643396,0.0077457294029953105,0.1,0.2,0.2,24,0.2639946186002013,1.9644074981753112
2,10,0.04751624989220468,0.23551636506351015,0.35402683431590115,0.8684291590428642,0.02320173963313598,0.05600509840445973,0.00455152865880467,0.08345461953754872,0.1,0.2,0.2,156,0.2639941302533483,7.266837311987506
3,0,0.954516002124912,0.6485705085658269,0.64650998566037,0.1489318378210209,0.0,0.0,0.0,0.0,0.1,0.2,0.2,1,17.124237171080672,16.19172409871225
3,1,0.5297590127522437,0.5452897514225654,0.5426075626977334,0.12833477501799323,0.12270196297663986,0.02714369303423273,9.262747510766001e-05,8.513469385328e-05,0.1,0.2,0.2,3,10.034240020860748,10.70651015045051
3,2,0.07281980693579745,0.2910042136528717,0.2868355539727859,0.06489570003387905,0.725509887893247,0.0105895477332485,0.00452530365056424,0.00010185903407841999,0.1,0.2,0.2,4,1.0817484268997022,1.9611749032621115
3,3,0.04512431874472089,0.1400319750594396,0.13489271880773884,0.03902571560330373,0.24942426180262978,0.15559368563344483,0.0027154584817862303,0.00223056095597898,0.1,0.2,0.2,5,0.9266263629316008,18.610768687914472
3,4,0.021264420266536417,0.09192670194992932,0.09245009550047413,0.02209342089836614,0.08334660000319895,0.00303716951879042,0.011772375652049,8.300119247387169e-06,0.1,0.2,0.2,6,0.6333369081342728,1.288307762206359
3,5,0.021264420264089135,0.10210649958109463,0.1144161445956787,0.046877468247759846,0.002659873392439083,0.00303716951879042,0.011772375652049,8.300119247387211e-06,0.1,0.2,0.2,10,0.6333369164612267,1.2883077778475402
3,6,0.02246547008686986,0.09821759192237625,0.1046341120745002,0.04026378141173242,0.0038610628374051003,0.01490004902639796,0.01178304030907271,7.153982120315e-05,0.1,0.2,0.2,11,0.6334078773282438,2.4080323504407706
3,7,0.022433942895256118,0.09811892072165898,0.10453493749969148,0.04608237802631497,0.003953846217189078,0.014648414605821138,0.01186664464009029,7.008105574729e-05,0.1,0.2,0.2,13,0.6257701429711464,2.4641568754176384
3,8,0.0219592114770303,0.10781214322566265,0.12601429490746804,0.06531093892940804,0.003390510057761413,0.01016994963775303,0.01180679402754339,1.570168697494e-05,0.1,0.2,0.2,17,0.6250224690008999,97312.68356770184
3,9,0.022035838813711475,0.10788791816066803,0.12609006965173006,0.08905659424821562,0.0034592282021921636,0.01098785209031131,0.01178084004489263,1.720988107035e-05,0.1,0.2,0.2,20,0.6248805559439742,265990.02193508146
3,10,0.021916453621814633,0.11285827208333576,0.13695352631638485,0.08315416556212471,0.0033396512604364904,0.009887405640425919,0.01173607943627382,1.5634235443230003e-05,0.1,0.2,0.2,21,0.6237890825146154,89962.97179705121
3,11,0.02184284301013059,0.11278453281259783,0.13687978878476592,0.09674058695050375,0.0032656328302472473,0.00876619628976861,0.011933428563438379,1.0970086841439999e-05,0.1,0.2,0.2,23,0.6240507519334022,91118.53710257803
3,12,0.022438216636453585,0.11846987490215874,0.14845828133549815,0.10248019092209962,0.0038608820062029777,0.01474262949237778,0.01186356708482475,6.944300558057e-05,0.1,0.2,0.2,24,0.6244483773591478,2.4015929027791025
3,13,0.022330847552919298,0.11836243783006219,0.14835084513296087,0.1315157610699114,0.0037535177315475734,0.01377096704650467,0.011815916302799991,6.612797852028e-05,0.1,0.2,0.2,31,0.6242564406336273,2.3157987774756186
3,14,0.022428097279119288,0.12354958773316226,0.1594310951693696,0.1421309814657987,0.0038507637479688103,0.01461743161588859,0.01187530584236399,6.976159185133e-05,0.1,0.2,0.2,35,0.6242057583774504,2.456185683236124
4,0,0.9713348975672607,0.651722182362463,0.6496801300271163,0.1497566167953413,0.0,0.0,0.0,0.0,0.1,0.2,0.2,1,16.010931742318892,15.921185729160998
4,1,0.5413515862690709,0.5494792718136676,0.5468185870983309,0.12981776962856112,0.12264577195789948,0.03232493985503887,9.217545798124e-05,0.00011773346832705,0.1,0.2,0.2,3,9.062169371664528,9.7682165853421
4,2,0.04329755718292466,0.15464755380503767,0.1555088500150705,0.05010468960017114,0.9239968739604603,0.06238926048236552,0.00237517564322474,0.00516991884058021,0.1,0.2,0.2,4,1.1157423382280975,2.974445174419935
4,3,0.023154809444341888,0.08924450831765426,0.0955860022022041,0.04074236998407487,0.08673314938284887,0.06368208540034012,0.00203996003507586,0.0045554910597329305,0.1,0.2,0.2,6,0.8359675287830125,2.7152111957968863
4,4,0.04784031955726101,0.11230030598698111,0.11862930065766569,0.06072134614656312,0.035285740533891455,0.19099853527880145,0.02151661497057094,0.04735669167530655,0.1,0.2,0.2,8,0.8279273009339642,1.286177140743708
4,5,0.04784031957168987,0.11739020480256379,0.12961229960655704,0.07931788851454866,0.03287452408412338,0.19099853527880156,0.021516614970571,0.04735669167530655,0.1,0.2,0.2,10,0.8279273153711684,1.2861771127615005
4,6,0.048023994511845795,0.11756477858321224,0.1297868016401151,0.08256704156849179,0.03306989537270991,0.1918929781792991,0.02160412432029886,0.04775424403323946,0.1,0.2,0.2,13,0.8258022590017692,1.292408838336097
4,7,0.04785587186313196,0.12246552195738657,0.14058053015813668,0.08546374244867515,0.03296137757958535,0.19138122567993607,0.0215033442396629,0.04730239726779101,0.1,0.2,0.2,14,0.827665978360954,1.2834517966125687
4,8,0.04785587069685766,0.12755542077296922,0.15156352910702797,0.10306692934728039,0.03289931393824457,0.19138122567993607,0.0215033442396629,0.047302397267790966,0.1,0.2,0.2,16,0.8276713980595592,1.283441507387469
4,9,0.04825319786206533,0.12286289052232607,0.14097791108765187,0.13654391424915574,0.033296606754258856,0.19373375704633436,0.02164972486036488,0.04796639962435647,0.1,0.2,0.2,27,0.8276792077155649,1.3554339696455904
5,0,0.9600352488132731,0.6496106851838246,0.64755628177392,0.1492039301076231,0.0,0.0,0.0,0.0,0.1,0.2,0.2,1,16.553824095497053,13.883579227076
5,1,0.5341500982597115,0.5467376462163351,0.5440640596080653,0.12869698916727002,0.12219336698218537,0.02685230972340107,9.127142372838001e-05,0.00012137524299084,0.1,0.2,0.2,3,9.53372856275459,8.785878009983275
5,2,0.05170873096768297,0.16309261963193364,0.15810810252800636,0.03914150987101195,0.90565978948551,0.08752398213534004,0.00527111630531344,0.01707527619179427,0.1,0.2,0.2,4,0.9642237305663824,2.171974127425369
5,3,0.027596417174441428,0.08869510613333272,0.08329044499522918,0.020932907170268477,0.17194504901999563,0.09164169943038183,0.00267570460513869,0.00390309059629569,0.1,0.2,0.2,5,0.6969732782077791,15.802799249372196
5,5,0.02981971035144149,0.10103983707179688,0.10742096234598528,0.06352188970712158,0.012738641128462413,0.09080442146614304,0.00589105984839014,0.01231781601969233,0.1,0.2,0.2,13,0.7024354581093665,1.3252989796062964
5,6,0.02980251898152782,0.10101968251649318,0.10740078770665691,0.07730833756960018,0.012708969636908592,0.09064372637733904,0.00589145474965206,0.012316606473638959,0.1,0.2,0.2,16,0.7008182926316868,6.599675955789483
5,7,0.02985354017398856,0.10616048820777621,0.11843469527036747,0.08418938144336445,0.012757220078145743,0.09108975166785817,0.00589727064202108,0.01234308897143566,0.1,0.2,0.2,18,0.7015009051498681,1.3107453257659476
5,8,0.029849488532940095,0.10106641693384517,0.10744752560224671,0.08760033570905071,0.012753381804165468,0.09104451140636428,0.005897525902802609,0.01234536820658318,0.1,0.2,0.2,19,0.701387694656558,1.6112764346467272
5,9,0.029870733928068844,0.10108761245232546,0.10746872199028652,0.0944516107440588,0.012774432155385502,0.09112846634323943,0.00590524591834456,0.01240203664346695,0.1,0.2,0.2,21,0.7012271712169494,1.6049445914065528
5,10,0.02430120293937827,0.11587771431925484,0.14583128795244824,0.16912564630834537,0.007204772152972262,0.05304563659161189,0.0016646363719320999,0.00783639992445616,0.1,0.2,0.2,40,0.701206835043016,5.725783855353221e+17
5,11,0.02430313402711918,0.11587964227579992,0.14583321590899329,0.17667193900933098,0.007206716467086367,0.05301197005215376,0.00166634854657979,0.0078611608022628,0.1,0.2,0.2,42,0.7012215571230345,5.72527524043324e+17
6,0,0.9752329770488832,0.6524452499584878,0.6504074662019579,0.14994675891023285,0.0,0.0,0.0,0.0,0.1,0.2,0.2,1,15.588867891810729,14.13885891286336
6,1,0.6491025354638934,0.5846604429226996,0.5822043025091604,0.13939155819911966,0.08725254382881928,0.03518868746116345,9.081940660196e-05,0.00013573310429306,0.1,0.2,0.2,3,8.251799318805794,15.661029135119517
6,2,0.061423246623740956,0.17905501103663968,0.17412695200947464,0.04802676228086932,0.9692664231225225,0.1308843482537735,0.00500660835124086,0.027326207077560737,0.1,0.2,0.2,4,0.6995171920841357,2.133145685319513
6,3,0.03305958000567547,0.12393810056849133,0.13047584351991884,0.050721453082627085,0.06985833016497361,0.07350665814634386,0.00193965625639615,0.00585277584529127,0.1,0.2,0.2,6,0.379174477298758,2.7351736166229577
6,4,0.032914002472113756,0.11340335818744567,0.10815313983434385,0.047655131142730546,0.009506146563933796,0.07287310880229814,0.001940067520441,0.00585433635631413,0.1,0.2,0.2,7,0.3822699894857334,5.739332404655791
6,5,0.416521049014523,0.4993763290157583,0.49999703249621097,0.4296072749972625,0.40207583546227654,1.0,0.46756742848253385,1.0,0.1,0.2,0.2,8,0.3575600922010684,0.8189360468737332
6,6,0.33213729665885017,0.40930312048660755,0.40402584855471224,0.35077329115493583,0.3112344963195041,1.0,0.04679550958836269,1.0,0.1,0.2,0.2,9,0.3553511878042008,4.762578279342217e+42
6,7,0.33213685370131923,0.41439142715549654,0.4150072603835233,0.3638322096374047,0.3093602925615792,1.0,0.04679550958836269,1.0,0.1,0.2,0.2,12,0.3554270968389211,4.762578279342217e+42
6,8,0.3321046009940085,0.41431016955948297,0.4149255958672309,0.3615563490417122,0.30949863533134375,1.0,0.04672764986282514,1.0,0.1,0.2,0.2,13,0.3580557806701786,4.762578279342217e+42
6,9,0.33202813239765955,0.41421747875228565,0.414832784746629,0.37214029805661497,0.309325973253051,1.0,0.04637622858809162,1.0,0.1,0.2,0.2,14,0.3620001629618962,1.3656753858427917e+48
6,10,0.3326382585218415,0.41991392255587234,0.42642234550248365,0.39609831071003404,0.3098922526230891,1.0,0.04943361238544129,1.0,0.1,0.2,0.2,16,0.359052252708989,1.9128811957361374e+52
6,11,0.33263808900943537,0.41991375335085435,0.42642218953160094,0.40542198364142484,0.30988674862059995,1.0,0.049432960524582195,1.0,0.1,0.2,0.2,18,0.3590565167741051,1.912833613976528e+52
6,12,0.33263560578318774,0.42499979358697615,0.43740131280717176,0.40756771814086823,0.30988898749505966,1.0,0.04942318167459418,1.0,0.1,0.2,0.2,19,0.3591162941605126,1.9146132108562929e+52
7,0,0.968311345472117,0.651159572086888,0.6491142193236631,0.14960934008828852,0.0,0.0,0.0,0.0,0.1,0.2,0.2,1,16.0015595457213,15.089439052300252
7,1,0.5413449465107253,0.5492222125563191,0.5465622035730306,0.1294715037901992,0.12149134618026364,0.028519273510103686,9.172344085481e-05,0.00012294005832886,0.1,0.2,0.2,3,9.089549670179611,10.020835996063688
7,2,0.05876661925542815,0.19486664189577327,0.1959663755615301,0.060230385777130926,0.8305715490043283,0.056598378980048235,0.0024684867844969602,0.00575055028070127,0.1,0.2,0.2,4,0.8471707608937986,3.3098141931744496
7,3,0.03281243124694828,0.13504314640826312,0.13581970356518672,0.045794763453558804,0.13243746762754252,0.02378416756429142,0.00050967083891387,0.0006079362409736201,0.1,0.2,0.2,5,0.6253215529693011,2.762462791751989
7,4,0.028027489532099804,0.10504995295355439,0.10562369764062825,0.03842397770283224,0.08031061101972604,0.05890480791682841,0.00189131155963224,0.00462150716121124,0.1,0.2,0.2,6,0.4806730345472986,2.6232824180048606
7,5,0.027473801861129972,0.10956584099504191,0.1160325866687766,0.05807418870957556,0.0066593755419840405,0.05317604804916343,0.0019296402124893398,0.0047161378326031605,0.1,0.2,0.2,11,0.476203248277709,3.864409844519863
7,6,0.3225191899367128,0.39938997537270693,0.39996252519498476,0.3626971013828394,0.3018743413150875,1.0,0.00869790015516524,1.0,0.1,0.2,0.2,14,0.4742808523947062,3.0197334708927164
8,0,0.9721722125065988,0.6518776690786007,0.649836538151154,0.14979700415966649,0.0,0.0,0.0,0.0,0.1,0.2,0.2,1,16.090896399206503,16.273526217627563
8,1,0.5447962457843977,0.5509802657848161,0.5483250797386852,0.13062129676087442,0.12230923561604537,0.03796304659195041,9.262747510766001e-05,7.957052815273e-05,0.1,0.2,0.2,3,9.10856730987062,10.525205198009164
8,2,0.0455053023880924,0.16536665594888783,0.16045612107988128,0.032173681644498,0.8772120543803151,0.01765195082244498,0.005447893825781451,0.00011297071054067,0.1,0.2,0.2,4,0.659947069650167,2.092041106718036
8,3,0.028010227730063033,0.11369299569037027,0.1084848746579729,0.021231301516278365,0.11343572153215259,0.01717466167314343,0.00111551599460911,7.455600341038e-05,0.1,0.2,0.2,5,0.3933825287359564,2.183142855904149
8,4,0.02516957004586908,0.10856205500877092,0.1091871276789068,0.025926686182535824,0.013190799039686077,0.01717445073472447,0.001115271723355,7.453967743339e-05,0.1,0.2,0.2,7,0.3676168640426911,2.368018746993706
8,5,0.024834467715113096,0.10788730803301912,0.10850960876000627,0.028188444429551575,0.002814426138360647,0.01632326693353017,0.000533097211561,6.028837622496e-05,0.1,0.2,0.2,8,0.3645052452310186,2.522423310335291
8,6,0.43774026263041604,0.5194324993302175,0.520043788401926,0.46944653829819527,0.4194303524603069,1.0,0.5758818251100186,1.0,0.1,0.2,0.2,9,0.3700830321488024,14.63020359635796
8,7,0.43773284087256636,0.5244986443257802,0.5310029273210874,0.47250499090165915,0.4152006892020012,1.0,0.5758756712638647,1.0,0.1,0.2,0.2,11,0.3668027038401656,0.7001384417132831
8,8,0.4374970602066096,0.5191478798027069,0.5197588228850266,0.46920382738501976,0.41502722125820113,1.0,0.5747443430561805,1.0,0.1,0.2,0.2,12,0.3687992968354347,14.554968608282891
8,9,0.43758453237375305,0.5599545444117033,0.6077105189488912,0.7542567712125452,0.4150363430908894,1.0,0.5751817134778564,1.0,0.1,0.2,0.2,65,0.3688503230461176,14.58077506850285
9,0,0.9672985039385299,0.6509707667887209,0.6489243280856742,0.1495597989765414,0.0,0.0,0.0,0.0,0.1,0.2,0.2,1,16.14334036568977,15.530347651216086
9,1,0.632910755364903,0.5799664891141536,0.5774822694340733,0.13822767456564494,0.09082184122572297,0.0362016507253314,9.217545798124e-05,0.00010906092160914,0.1,0.2,0.2,3,9.836494546216278,5.402366874834431
9,2,0.04065372650254897,0.1475721715192797,0.14838917466937301,0.04868291867313162,1.0082306771785456,0.06824517465669436,0.00232572550470647,0.00470507305967574,0.1,0.2,0.2,4,1.4255272751677768,2.90038234570903
9,3,0.020027156844854746,0.07379007415151095,0.08003809359374994,0.037061007964014916,0.09474413404079883,0.06998322095015526,0.00190581543615643,0.0039868469928296,0.1,0.2,0.2,6,1.0517020112971336,2.6123090923426138
9,4,0.019772269764197332,0.07260883016278638,0.07884989126486351,0.04260379440362589,0.009515766015356222,0.06988156420539018,0.0019265676947634199,0.004023003995139119,0.1,0.2,0.2,8,1.0468770616237677,2.6238866507504075
9,5,0.02017830653781796,0.06728738520204264,0.06763054514095417,0.04187155123632661,0.010598396899267072,0.07538974410219056,0.00197269974346096,0.0041285202973715,0.1,0.2,0.2,9,1.04204607241733,3.865364936363811
9,6,0.01958470449017371,0.07172677906407769,0.07796267289457037,0.04740577941235187,0.008345006506650661,0.06967605511648671,0.00196978791049788,0.00409806231038458,0.1,0.2,0.2,10,1.0415892439047452,2.6603831677403385
9,7,0.019550192692094966,0.07665590989644111,0.08878396478625286,0.06203669620532789,0.008362946553995228,0.06967605511648674,0.00196978791049788,0.00409806231038458,0.1,0.2,0.2,12,1.042047906101505,2.636524146373666
9,8,0.019410968860360228,0.07142596341943173,0.07766089151692113,0.08556646867068003,0.00804256757217228,0.06879571126959547,0.0018766487914658899,0.0039363774799641,0.1,0.2,0.2,18,1.0419726018785949,2.702541769125056
9,9,0.019619668450445698,0.08690396300736863,0.110818235554987,0.11838447224280396,0.008251276067316779,0.07077674531659357,0.00189097962854347,0.003975569460334271,0.1,0.2,0.2,22,1.0419886807372318,15.859620175171656
9,10,0.01962109640396405,0.09199493531408691,0.12180236440979267,0.1361381721774498,0.008253147509228745,0.0707934994299742,0.0018907434248260299,0.003975126033810851,0.1,0.2,0.2,24,1.0420395521785073,11.140242607821952
9,11,0.01961890735634699,0.09708256835607756,0.13278309845465147,0.15041627887686468,0.008250342433012888,0.07077167275381252,0.00189073511993585,0.00397510713728397,0.1,0.2,0.2,29,1.042043338327952,16.45198718880328
9,12,0.019617195575817,0.10217072689847989,0.14376439596320856,0.17694106173963858,0.008248667817434755,0.0707602654996343,0.00189001300510151,0.0039730256775364,0.1,0.2,0.2,32,1.0420513677639858,15.722738775333234
9,13,0.019607969731796775,0.09707164221551819,0.1327721723140921,0.19744858908819002,0.00823941182166242,0.07065923451844272,0.0018909417232323498,0.00397648894887553,0.1,0.2,0.2,41,1.0420503129193783,2.554398690900176
9,14,0.019622431347402134,0.10726590090820894,0.15475270806953306,0.2607061170966372,0.008253873581749503,0.07079529944295354,0.00189152072232931,0.0039801827951502595,0.1,0.2,0.2,57,1.0420608870282817,21.37077717247966
10,0,0.9963556652791198,0.6563140887585279,0.6542989822438892,0.15095740231746507,0.0,0.0,0.0,0.0,0.1,0.2,0.2,1,14.397948447150474,15.567958381361
10,1,0.5606874199310127,0.5549289717771078,0.5523069447016277,0.13039592761616323,0.1192275570785569,0.02085544258341942,9.217545798124e-05,0.00011014911367146,0.1,0.2,0.2,3,8.009549838666182,10.43656883945157
10,2,0.04926431416214679,0.16217283372079905,0.15719718998556745,0.037182393881140106,0.9231932589020866,0.07098923472538518,0.00538714874347039,0.01306130198739791,0.1,0.2,0.2,4,0.8966252468503845,2.114884372947766
10,3,0.1462743507442514,0.2327262608412349,0.22752215741028872,0.13981543809748054,0.20715508704821015,1.0,0.00270220718957038,0.09881704685823615,0.1,0.2,0.2,5,0.7248999093318824,17.97459240077447
10,6,0.023211602194647622,0.09803821836709158,0.09859449751554823,0.03518578055800502,0.006719637654193257,0.0280263355869246,0.00034501142998946,0.00145804765322833,0.1,0.2,0.2,9,0.5321566410628283,27.71631955306536
10,7,0.040693925594862346,0.12025389221163053,0.12670047813101926,0.07314297714011814,0.021859748109382342,0.12000084099474695,0.011210374123028121,0.03264505049242476,0.1,0.2,0.2,10,0.5483264189856613,1.162853387463519
10,8,0.040255206039315275,0.12474900590820043,0.13708747073441757,0.08682280405907677,0.020546411248023668,0.11827632121911646,0.01091993050248761,0.031878916836651075,0.1,0.2,0.2,13,0.542592155560968,1.2423157175666948
10,9,0.04045940698970811,0.13004155417138083,0.14827314260901212,0.12507184528222334,0.020592580213644712,0.12023183233115722,0.01092998291054183,0.031914840979036393,0.1,0.2,0.2,24,0.5416929511054256,1.5616539221746415
10,10,0.038838982371923673,0.1284211691838934,0.14665274438738943,0.13047879163793172,0.018971738011208713,0.1006494439750045,0.01105523333098363,0.03347866563500257,0.1,0.2,0.2,26,0.5414785015191883,272.675097907986
10,11,0.03890029961749765,0.12848248098618115,0.1467140561896772,0.1340537837667301,0.019033118916062443,0.10122670583571688,0.01105458088976657,0.03349724615730222,0.1,0.2,0.2,27,0.5417261829112624,2.0620747534001787
10,12,0.07896942584745378,0.18382114209946415,0.2197320715089866,0.1842734570396064,0.05910273119540319,0.13806574329097482,0.007714138436871849,0.21876415820062894,0.1,0.2,0.2,28,0.5416842474506339,0.7173570450569937
10,13,0.07937254642701332,0.1689544450526979,0.1871860246039913,0.19128957303609817,0.05950549158129693,0.13935874345624166,0.008302714579659861,0.21954485563204,0.1,0.2,0.2,31,0.5420119449239668,2.699488405130441
10,14,0.0793729874778419,0.15877509488062752,0.1652204229678817,0.15344440183029356,0.05950584690349198,0.1393691971915032,0.0083019935145003,0.21954258712504343,0.1,0.2,0.2,33,0.542055759049938,3.356075758376616
10,15,0.07920383108947,0.18405543092469762,0.21996636207333897,0.23833169852145775,0.05933669329222375,0.13874834145379775,0.00813657184431537,0.21917264649486526,0.1,0.2,0.2,38,0.5419310845543406,3.03029826415132
10,16,0.07918854140850207,0.18404010876236773,0.21995107874385522,0.23831640503366358,0.05932142765304038,0.13867177767414438,0.008131017692149679,0.21914006588943882,0.1,0.2,0.2,40,0.5420167626249509,2.991223805644979
10,17,0.0795215919989993,0.20473271526925618,0.2642161758142465,0.39203414133966186,0.059654445323649066,0.14085698737744157,0.00824388846515756,0.2195998406518024,0.1,0.2,0.2,69,0.5421275590027125,7.250652449589985
10,18,0.07956092791454308,0.20477209092268567,0.26425556383225174,0.42616913939812906,0.05969378640737318,0.14104411963536037,0.008244395934512939,0.21970245115640402,0.1,0.2,0.2,80,0.542102948037504,7.631036757805655
11,0,0.955951174367016,0.6488414841665283,0.6467825607347977,0.14900286742876592,0.0,0.0,0.0,0.0,0.1,0.2,0.2,1,17.733828469257944,12.16349282583689
11,1,0.5378532726653977,0.5481117923689274,0.5454449630474004,0.12922301018112753,0.12024238171441916,0.0291405068681181,8.991537234910001e-05,8.734576756396001e-05,0.1,0.2,0.2,3,9.319254925149831,8.799756123738732
11,2,0.05489102516535599,0.1897658122234825,0.19084004292052814,0.05850165251390487,0.8439308557486925,0.05443848066887398,0.00205580454913915,0.00348523301136563,0.1,0.2,0.2,4,0.4679331840844983,2.8993127780205663
11,3,0.09508008951109953,0.17446583649287667,0.16920662426693112,0.08838664475563371,0.23445125772616388,0.587265618618323,0.00263595072849114,0.060958639206900235,0.1,0.2,0.2,5,0.3032033081890762,15.82140392529923
11,4,0.3267946365905999,0.4112377461047808,0.4118713721344212,0.34449281165397005,0.30318971164494424,1.0,0.01586346039097595,1.0,0.1,0.2,0.2,11,0.3024014025734847,127.47811438424344
11,8,0.33280119683092496,0.43251014579072733,0.4508231066211857,0.4489142957200676,0.30918076066296335,1.0,0.04590377125083886,1.0,0.1,0.2,0.2,30,0.3025936556609079,10.144287451943748
11,9,0.33280203859570123,0.43251077422524836,0.4508237385339445,0.4560113012428415,0.30918246288367646,1.0,0.045908466737291445,1.0,0.1,0.2,0.2,31,0.3025353963720463,10.142842970016789
11,10,0.3327991826332011,0.43250788897861836,0.45082086652144965,0.4699943772933714,0.30917887771515584,1.0,0.04589423466837208,1.0,0.1,0.2,0.2,35,0.3024849334962916,10.146998288707596
11,11,0.332769496720116,0.42738826467077506,0.43980807851830006,0.4769920405116695,0.3091491756650035,1.0,0.04574580137129982,1.0,0.1,0.2,0.2,37,0.3024785341299064,10.1706801043755
11,12,0.3327611947494721,0.43755976554861065,0.46176583086017486,0.5077357555632238,0.3091408789116749,1.0,0.045704317604650976,1.0,0.1,0.2,0.2,39,0.3024870527442745,10.202770428636574
11,13,0.33276131729115344,0.4426497874008403,0.47274900404313513,0.5693413144903485,0.30914098842312215,1.0,0.045704932787886135,1.0,0.1,0.2,0.2,50,0.3024956182080799,10.175002133405004
11,14,0.3326844518084356,0.48838201129972425,0.5715193851289067,1.3090641211162173,0.30906412154020474,1.0,0.04532060558108602,1.0,0.1,0.2,0.2,171,0.3025006991580639,10.17720797041711
12,0,0.9520550644117961,0.6481048250743378,0.6460416060457193,0.14881002345244657,0.0,0.0,0.0,0.0,0.1,0.2,0.2,1,16.986349639038252,14.15312522588036
12,1,0.52637938473606,0.5434293349775184,0.5407426400372256,0.12703951129589874,0.12194692493262281,0.01612286374543192,9.127142372838001e-05,0.00012413012701923,0.1,0.2,0.2,3,9.855775947400309,9.18030391939352
12,2,0.04675982595787431,0.15754503316121796,0.15254845697527777,0.03520518497868127,0.9063474303400724,0.055610672209779576,0.00507189828524117,0.01576955290785776,0.1,0.2,0.2,4,0.9851413725197404,2.107917431937976
12,3,0.05966171341528831,0.14080429799515562,0.13555929800447403,0.055100304679148004,0.1260957670709568,0.12565046624332513,0.01597740412954396,0.09798432920592468,0.1,0.2,0.2,5,0.8755403260258681,1.4143670728094615
12,4,0.02716619173187207,0.08684617366405054,0.08143049323537639,0.02261851737117014,0.07625273723454153,0.06381365569442628,0.004876486871232219,0.01576339170239028,0.1,0.2,0.2,6,0.9549237265438082,1.7019722246151407
12,5,0.0427110152379717,0.10073711608029984,0.10116270298599156,0.05358655230276549,0.04815571393274669,0.1161255440305552,0.01232248997645829,0.07038154693811212,0.1,0.2,0.2,7,0.8541539262104597,1.3976389504618876
12,6,0.03817477516993731,0.1010191623947486,0.10733580433591318,0.04822644132798745,0.024098955286790485,0.10522488592544661,0.01062613990804524,0.05525644054766658,0.1,0.2,0.2,9,0.8563923333588089,1.4524674324194118
12,7,0.31766088947997995,0.38047501063736155,0.3867914278786877,0.35110686794332113,0.3032120447025492,1.0,0.01597114716167462,1.0,0.1,0.2,0.2,14,0.8651505111214209,14.246917256613774
12,8,0.31727537902515185,0.3800608472106388,0.3863770418727319,0.36349062330940485,0.30283844299142404,1.0,0.014086727689764201,1.0,0.1,0.2,0.2,18,0.8615998243699361,6.0070107179317285
12,9,0.3175184162945291,0.3803021836912128,0.3866183647376841,0.37039272167594667,0.3030625635494008,1.0,0.0153044774537975,1.0,0.1,0.2,0.2,21,0.8617849388104805,10814.533747473262
12,10,0.3175216325278294,0.3853942524030746,0.3976035360007896,0.3792874783628055,0.3030674743745829,1.0,0.01532212268327618,1.0,0.1,0.2,0.2,22,0.8614201694935196,117.339629657741
12,12,0.3176516921299619,0.41606352100107913,0.4636315615995904,0.49467058855284823,0.303194535218665,1.0,0.015972666191205027,1.0,0.1,0.2,0.2,49,0.8612030454123338,14.911520691407752
12,13,0.317651679754368,0.41606350879775034,0.4636315493962616,0.5248904381511612,0.30319452881514986,1.0,0.01597260517456093,1.0,0.1,0.2,0.2,53,0.861206611626296,15.030221597555087
13,0,0.9741255457147855,0.6522402901963062,0.6502012941837911,0.14989356694112277,0.0,0.0,0.0,0.0,0.1,0.2,0.2,1,16.56225029118289,12.247653778024995
13,1,0.5465623641885506,0.5513970632675189,0.5487457499934555,0.13055881717097326,0.12174489817955338,0.03552889246783086,9.081940660196e-05,0.00011621237934071999,0.1,0.2,0.2,3,9.492484877035476,7.739605846224616
13,2,0.05048180426931381,0.1528226190686563,0.14775629164481205,0.03918539415312844,0.9498756664188451,0.1228525574137425,0.00502602850214261,0.018047729486883927,0.1,0.2,0.2,4,1.2059957863825932,2.139538931667217
13,3,0.022192992120813996,0.08462357387457341,0.07922927211537663,0.015565996080633745,0.1301711410948806,0.041054099302907134,0.00102772785628547,0.00165817020573562,0.1,0.2,0.2,5,0.8431368209205912,2.235598507505878
13,4,0.03362343985300423,0.10098949597652221,0.10148711329220295,0.03958962384748825,0.016566756805397077,0.121818977088944,0.0042910201850641,0.015408422672052368,0.1,0.2,0.2,6,0.8247146725762663,1.8941683272272691
13,5,0.021794480369799578,0.08809173536764361,0.08858101880630166,0.03210497148752814,0.00784983216439851,0.04105409930290714,0.00102772785628547,0.00165817020573562,0.1,0.2,0.2,7,0.7967820259029122,2.275401176284455
13,6,0.03531752890039218,0.08922033072596867,0.07790618771272616,0.03503331544347797,0.02550722037977006,0.16740096357663464,0.00096273954885791,0.00973672260671599,0.1,0.2,0.2,8,0.777853405829853,12.307119296074989
13,7,0.1609334407070566,0.2299649886757057,0.2363291427082871,0.20096880557452446,0.14459340032806645,0.5217406711476499,0.057525217325921384,0.40430866273260485,0.1,0.2,0.2,16,0.7639456122745422,12.802018052480866
13,8,0.16099366543230073,0.23510036503948034,0.2473575170461283,0.21965612601015339,0.14461679499532293,0.5226181546329405,0.057510604414787045,0.40420919792175525,0.1,0.2,0.2,20,0.7624629132299896,14.040337396633548
13,9,0.1609931066346421,0.24527954696277543,0.2693229513030221,0.25172755645015754,0.14460529000836808,0.5226109974573905,0.05751072067287834,0.40420997004054965,0.1,0.2,0.2,24,0.762704579738163,14.037894632949795
13,10,0.16214145673872582,0.24133796086613324,0.25948825270849546,0.2997478930678421,0.14575359173119848,0.5223130177554051,0.05713412649223627,0.4104773118311177,0.1,0.2,0.2,37,0.7627929419958991,190.0786241893227
13,11,0.16097925063967913,0.28598480834817563,0.3571732194141389,0.5192654489400497,0.14459138783308623,0.5222382780471166,0.05769648756721668,0.4041413054835047,0.1,0.2,0.2,79,0.7629424316365865,14.315925695750106
14,0,0.9889763243215496,0.6549715596001088,0.6529485734439945,0.15060622383108596,0.0,0.0,0.0,0.0,0.1,0.2,0.2,1,15.511824203385302,17.14372891128004
14,1,0.559022373292652,0.5568045732821352,0.5541728774488938,0.1334908341844482,0.1230998247850114,0.05614878469905844,9.353150936052e-05,8.589608921785e-05,0.1,0.2,0.2,3,9.016229885918444,11.622531202174269
14,2,0.03276206760600386,0.1305582606717016,0.1313023852993714,0.04074803194335513,0.9755733794801484,0.03079304247024211,0.00252445319913227,0.00030706097559638,0.1,0.2,0.2,4,1.5208521489857727,2.951706313359072
14,3,0.06596266416629114,0.11918083040775518,0.11371546783129688,0.059066928197334924,0.1728877088579053,0.46290965385817034,0.0027419610662179302,0.02240342883157169,0.1,0.2,0.2,5,0.8465364592037347,15.909302265718432
14,4,0.01821774108069154,0.07529520621911831,0.07571353833771938,0.02128287846772966,0.00575508069791208,0.01053232811609326,0.014433992868079221,2.5700314813349998e-05,0.1,0.2,0.2,7,0.8796328415819011,1.3488266095385228
14,5,0.3467807958703739,0.3987514745249726,0.3932765809795037,0.36020851514715435,0.3325628215497305,1.0,0.16256639563860542,1.0,0.1,0.2,0.2,8,0.8873262964468898,1.4269996957802833
14,6,0.3467813544083064,0.3987498316635854,0.3932749190943946,0.3678796049672754,0.3325178327432947,1.0,0.16257254948475927,1.0,0.1,0.2,0.2,10,0.8882970577665397,14.620317374944264
14,8,0.3466567696346427,0.41388116878781245,0.4260855138642492,0.4120015004624324,0.3323941150412887,1.0,0.16197026258261824,1.0,0.1,0.2,0.2,17,0.8856726868971423,1.402913316348812
14,9,0.3466580281469677,0.4138823045464949,0.42608665136205054,0.4381738945304494,0.33239543614333533,1.0,0.16197671803295416,1.0,0.1,0.2,0.2,22,0.8855336524483908,3.074015204280764
14,11,0.34678170354093546,0.4241855355042587,0.4481761116633805,0.4767776149918341,0.3325192689182912,1.0,0.1625954379797939,1.0,0.1,0.2,0.2,28,0.8844995883241012,1.4589441104893104
14,12,0.346763591696169,0.4190773947974653,0.4371748725623974,0.4759463569560089,0.33250107398193357,1.0,0.1625050051806646,1.0,0.1,0.2,0.2,31,0.8845674684915451,48887.10555227224
14,13,0.017374608227671604,0.1151379135326118,0.16270099435893115,0.18428516833347855,0.0031120311121989497,0.012812479281085958,0.00910886181411322,4.5027012174360005e-05,0.1,0.2,0.2,46,0.8847607109024873,32913616351.152195
14,14,0.017374623231118526,0.13040766385759042,0.19565010864583346,0.2310078196342668,0.003112046209688396,0.01281277777584281,0.00910880184717458,4.501295865691e-05,0.1,0.2,0.2,54,0.8848108308295684,18809726118.733124
15,0,0.9719303493225083,0.6518328559740995,0.6497914588211328,0.14978520707679444,0.0,0.0,0.0,0.0,0.1,0.2,0.2,1,15.800327850150223,14.06213370804496
15,1,0.5457038822282279,0.5516146526504346,0.548960238431107,0.13115784270564385,0.12261093006765947,0.04291946719759595,9.127142372838001e-05,0.00011332723421643,0.1,0.2,0.2,3,8.851198211111146,9.175020952528486
15,2,0.06029829884982861,0.17888143108118418,0.17395814052868946,0.04730146695345038,0.8985400636028712,0.1393346421015143,0.00502304117869384,0.01815015189612909,0.1,0.2,0.2,4,0.7119972348515964,2.093805894332142
15,3,0.02808348140961938,0.10771919168093269,0.10831387982565868,0.02148439702807271,0.146620782273364,0.05685961281548322,0.00135019048916633,0.0016764650703588201,0.1,0.2,0.2,5,0.4131530853320513,3.762008548304937
15,4,0.02808348141125432,0.1128091293293616,0.11929698116939391,0.0289059549552067,0.006291318976840682,0.056859612815483226,0.00135019048916635,0.0016764650703588201,0.1,0.2,0.2,7,0.4131530803115644,3.7620086074684047
15,5,0.028211706306720954,0.10784660217620187,0.1084412901301845,0.05242754812037549,0.006420193614560477,0.058196117495464696,0.00134606073163864,0.0016550257269385901,0.1,0.2,0.2,14,0.4146248468115722,23.999703654983023
15,6,0.02807543880463233,0.11787962570908223,0.13026048324262984,0.05505994484962789,0.006320107796456393,0.05684622189693402,0.00134463348467896,0.00166956521141767,0.1,0.2,0.2,15,0.413504619137222,3.758833089505227
15,7,0.06437760630127178,0.15927167049154933,0.17754566699125177,0.1984146236412033,0.042589657362892074,0.39532221173353954,0.00269248118998288,0.01259464658646418,0.1,0.2,0.2,35,0.4135936491916734,11.53736208790626
16,0,0.9659297675319732,0.6507150136637253,0.6486670610404079,0.1494927958083335,0.0,0.0,0.0,0.0,0.1,0.2,0.2,1,16.249468200081246,15.624473319818089
16,1,0.5399941667251114,0.5492155437687561,0.5465516798926621,0.1299486757330487,0.12238213098002158,0.034986299575828286,9.217545798124e-05,0.00014127818651046002,0.1,0.2,0.2,3,9.203029740022217,9.99028260614946
16,2,0.0649156835190413,0.18963967546690674,0.1847794602619745,0.05007320493263282,0.8681390745422821,0.12065809794591746,0.00549010650349281,0.02702559365089694,0.1,0.2,0.2,4,0.4424105442690932,2.145504076856161
16,3,0.03258751726874346,0.11757249400459273,0.11821051740887657,0.04285187283270766,0.08393470155623348,0.07165993800063139,0.00202763781468372,0.00591028285977654,0.1,0.2,0.2,6,0.3233619950551224,2.720337369322592
16,4,0.032154226421696616,0.11713875421814715,0.11777677221433108,0.054586670669483896,0.008321065441991128,0.06729542781291059,0.00203379166083756,0.00592098596718187,0.1,0.2,0.2,9,0.3244471914148925,15.740104457320442
16,5,0.09581386948895783,0.17976340819005127,0.18039301207969993,0.10887433429832982,0.07563919856352211,0.30327648461478673,0.02418788332172431,0.18609380884970664,0.1,0.2,0.2,10,0.3294828934773209,0.7476020030672209
16,6,0.0937600982476738,0.18238605835703012,0.18890541947271092,0.10960060149308881,0.071788781483072,0.30116689552676973,0.02321606621159866,0.17865256544451483,0.1,0.2,0.2,11,0.3284785223130041,0.7271172225012349
16,7,0.10176846766235574,0.1851715556231926,0.18579671819458118,0.1282688277184739,0.07868894815696488,0.31993167699327335,0.02804013635806334,0.20474439424933988,0.1,0.2,0.2,14,0.3396749338245013,13.32829925847691
16,8,0.10190747752720376,0.19544983012775463,0.20786088773908026,0.14837940427950877,0.07876833600465888,0.32357008341609045,0.027579705375241147,0.2041589620299092,0.1,0.2,0.2,16,0.342477944914619,0.7246006186205224
16,9,0.1018956458687859,0.19034756250969126,0.19686551544916756,0.14517499294048908,0.07869395900010245,0.3211500002848394,0.02806984052971252,0.20482071354904735,0.1,0.2,0.2,18,0.3422714957622064,13.265106702688067
16,10,0.1018927026385087,0.1954334544139501,0.2078444984096538,0.15399007141676044,0.07869222159986564,0.32119394969285237,0.028059831326192268,0.20479609173271784,0.1,0.2,0.2,20,0.3448153351832305,13.23649582572516
16,11,0.10190136466867965,0.1954418385703855,0.2078528869138865,0.1606156231634451,0.07869984338116937,0.3212675676077668,0.028061039869404347,0.20480193665653484,0.1,0.2,0.2,22,0.3444812022976562,13.381574980959696
16,12,0.10187531194286031,0.19541554728711327,0.20782659910885218,0.2004468452386208,0.07867347488042638,0.32136603272290676,0.02802039563645206,0.204663445229404,0.1,0.2,0.2,27,0.3437787308002867,5.749064081996412
16,13,0.10189131638962132,0.2056113620138181,0.22980866529959637,0.2110039022710596,0.07868944715419626,0.3212540397109246,0.02804584054189944,0.2047740823076453,0.1,0.2,0.2,30,0.3440452389251394,13.35439132136908
17,0,0.9632805104033592,0.650219584212056,0.64816873093392,0.14936320302214579,0.0,0.0,0.0,0.0,0.1,0.2,0.2,1,16.495816660950762,13.42790081095076
17,1,0.5372540536545386,0.5475461708169194,0.5448792343095368,0.12866756051497794,0.12127271897407407,0.02364566864339074,9.081940660196e-05,9.506863186768e-05,0.1,0.2,0.2,3,9.338747848150252,8.748079348804957
17,2,0.04481499547351433,0.1623902744127676,0.16330896005410345,0.05060132030819364,0.8968179464851198,0.04474530818337892,0.00222520359043404,0.00392569555589224,0.1,0.2,0.2,4,0.8981308678097051,2.999886205150968
17,3,0.11908561112959323,0.18433024021531896,0.1789579416826549,0.11249423806554974,0.2534592689462699,0.8956329242206176,0.00266245331292284,0.05248527544234395,0.1,0.2,0.2,5,0.6390899925929481,15.427169999495456
17,4,0.11888117048786785,0.1886086490441063,0.18912472573221073,0.11826249905243578,0.10150883702333287,0.8956329242206177,0.00266245331292284,0.05248527544234403,0.1,0.2,0.2,7,0.6275782407998266,15.74059728648453
17,5,0.1188960303505574,0.1886221833389622,0.1891382288295122,0.1320329091199244,0.10061023608232172,0.8958611432327246,0.00266297071615926,0.05244725156195662,0.1,0.2,0.2,9,0.6272065375130382,12.456325629544606
17,6,0.03394570291608882,0.11382763955454969,0.12612973246555503,0.06261312883198808,0.01573831691707098,0.11178390331579238,0.00784278575161507,0.014594729061835121,0.1,0.2,0.2,10,0.6254365747993481,233.72141413100556
17,7,0.03394570313265714,0.113827639811052,0.12612973272205733,0.06261312908878297,0.015665944992441384,0.11178390758703376,0.0078427855293138,0.01459472843102721,0.1,0.2,0.2,12,0.6254366096010366,233.7214009614297
17,8,0.03400316486707515,0.11897090336587236,0.13716611931606199,0.09277922426366035,0.01572780883539873,0.11258357244462032,0.00778262878036075,0.014549253603938639,0.1,0.2,0.2,16,0.6261212728864782,217.68568777461988
17,9,0.035385132482741756,0.11526294467679023,0.12756502253038438,0.11732028388071915,0.017106725671373148,0.12187164677688196,0.00872230883078368,0.01587543118411807,0.1,0.2,0.2,27,0.6260435399566923,320.01988467536154
18,0,0.9755390632589043,0.6525017905825378,0.6504642953403152,0.14996047471415017,0.0,0.0,0.0,0.0,0.1,0.2,0.2,1,15.539361490483024,14.79187134837776
18,1,0.06079289469651392,0.16170552792455503,0.15662574503483936,0.04978661263402289,0.4200197883201903,0.20641757292556767,0.00524999282773195,0.03195478993390188,0.1,0.2,0.2,4,1.244912866797477,2.117474460137177
18,2,0.027183619401445397,0.10619004978047591,0.10092304800505088,0.021231240530207723,0.07964238837775847,0.03924763800235877,0.0009956473611977801,0.00186184361335163,0.1,0.2,0.2,5,1.0658169923817002,2.0624731385203496
18,3,0.043195664166309385,0.10713030858516423,0.10760128049337642,0.04008243114642418,0.08197243201120574,0.20464911134674724,0.00447389731119401,0.02723097982341719,0.1,0.2,0.2,6,0.7945487085251396,1.9574244966830427
18,4,0.03718548050206726,0.09862757071678155,0.09907932871037002,0.041831147107368044,0.025286060354260932,0.1743119707907244,0.00348827344119639,0.01725816906401956,0.1,0.2,0.2,8,0.8107565644920565,15.649447388476512
18,5,0.03895885662803935,0.11056989558154194,0.1228078081814413,0.05657352384224495,0.02336793603468314,0.18476708509604362,0.00381582755371781,0.02058675807533792,0.1,0.2,0.2,11,0.7996516551479212,2.021341138454946
18,6,0.041436311362122384,0.10786889287560558,0.11421302186826995,0.06543346355409008,0.02599376991509831,0.19924320242413532,0.00424043017143541,0.025449322556550906,0.1,0.2,0.2,13,0.805388315131159,1.9141871503515449
18,7,0.03689506700964589,0.10840605422474055,0.12064319605813938,0.06537349804388767,0.0213416511015822,0.17114532610566668,0.00335667236329329,0.017693666913294027,0.1,0.2,0.2,15,0.8039742795953659,2.2163373848810357
18,8,0.03720280393713711,0.10870706196326545,0.12094413610004182,0.07077699709948593,0.021654341721266214,0.17423494552542365,0.00333186552186587,0.01772277801789145,0.1,0.2,0.2,16,0.8010535930685164,3.359857652400522
18,9,0.036892541604712385,0.11348531284046763,0.1316155203445554,0.07365930464941099,0.021328786920958423,0.17114532610566663,0.00335667236329329,0.017693666913294027,0.1,0.2,0.2,17,0.7990271240064869,2.225145563812044
18,10,0.03728422558315482,0.11387589153486029,0.13200610232644278,0.08263723872783858,0.021718214730080263,0.1747866694803143,0.0033729919288974703,0.01781675320887485,0.1,0.2,0.2,19,0.8013468121675759,3.216625238357916
18,13,0.03847414583781478,0.12524454952415195,0.15516100183313294,0.1354021728436157,0.022907268699948663,0.18210266301625744,0.00369917934656415,0.019783860726181622,0.1,0.2,0.2,23,0.8003826182525776,2.060356459288621
19,0,0.9872604126732744,0.654658023199985,0.6526331973248221,0.15052421256070395,0.0,0.0,0.0,0.0,0.1,0.2,0.2,1,15.477002268120142,16.89827762996225
19,1,0.5567604401389643,0.5542141387621992,0.5515833599890605,0.13078725752276077,0.1198239473349764,0.02873214076755165,9.307949223409e-05,6.312224941987001e-05,0.1,0.2,0.2,3,8.109452858702298,9.768464763830709
19,2,0.06805527254564202,0.26196287052735157,0.25762071906104816,0.06931702469267127,0.7689659654785844,0.02024176311879177,0.0022498633417599003,0.00026325293075958004,0.1,0.2,0.2,4,1.2945065318025302,2.777411765556509
19,3,0.039482709911785915,0.10610693451948705,0.10074551729789931,0.032900012224135605,0.3078133917585726,0.1915830817123812,0.00272870977400208,0.00407412700226275,0.1,0.2,0.2,5,0.5897598290188564,16.032990631561805
19,4,0.028076848314451192,0.09941697613589458,0.09994569281678008,0.036684968306063485,0.010377321807317036,0.0593985486007156,0.01315086737281512,0.0033556876337063704,0.1,0.2,0.2,6,0.5964624387941582,0.7179230468868263
19,5,0.02232246787478341,0.09874865733538092,0.10517049357721281,0.0430528257026331,0.00349206711832824,0.00681419964295988,0.01400652564069596,2.693960693693e-05,0.1,0.2,0.2,9,0.597986513322386,1.3908209553066937
19,6,0.03919316536835686,0.11052933914539921,0.11105802579561945,0.07707562153871868,0.020358933702848872,0.18998423613176946,0.00272864900573221,0.00407347778242456,0.1,0.2,0.2,13,0.5977948595972186,1773.9975342958446
19,7,0.028043636111084073,0.12482927154527418,0.15482360008972776,0.13020868286575868,0.00920932773956046,0.05715585246093134,0.014025098657740251,0.0034436057398747498,0.1,0.2,0.2,27,0.598065407253567,1524.5742440902866
19,8,0.027988301253164143,0.12477383959754083,0.15476815664697816,0.1615755041806671,0.009154061515681221,0.05838564261290746,0.01340544585376322,0.00317178622188986,0.1,0.2,0.2,31,0.5979616825900788,5.883358160087356
19,9,0.02802696119627956,0.12990240579188359,0.16578982297462955,0.18005136892341914,0.009192696884542799,0.05853025238407533,0.01353884738167641,0.0031594167021932,0.1,0.2,0.2,34,0.5978530067517273,5.905461940805127
19,11,0.028157301957699783,0.23183072331983834,0.38558068074168816,0.6858760067451474,0.009323019549293318,0.05726774018843959,0.014380698297043271,0.00360052796615197,0.1,0.2,0.2,119,0.5978325607819448,1024.078459332508
20,0,0.9756735318706066,0.6525266436040982,0.6504893052809346,0.14996670579474633,0.0,0.0,0.0,0.0,0.1,0.2,0.2,1,16.265596377322776,17.05838281811225
20,1,0.016099288787554015,0.0678450199831877,0.06236767914888805,0.01767235497626656,0.4448412013657482,0.01447784042721259,0.00251390445760596,0.00037788362417096,0.1,0.2,0.2,4,2.449716185579579,2.9362381349252926
20,2,0.0019593993614737105,0.0013354571533570382,0.0013354571533570382,0.009752546474183997,0.16085587710643665,0.01185567222599608,0.00058152792455721,0.00016792172922994,0.1,0.2,0.2,5,1.6930179549317337,3.1928874365766697
20,3,0.00192088291147699,0.011267686199208071,0.023052479944582663,0.03134792726849815,0.001517770056915083,0.01185196822798445,0.00058105587032613,0.00016767569314276998,0.1,0.2,0.2,8,1.694642966689881,3.186298662314512
20,4,0.0015286184085319626,0.003637041114086778,0.009513835729468161,0.01658419720080719,0.007047642823767384,0.01185567222599607,0.00058152792455721,0.00016792172922994,0.1,0.2,0.2,9,1.7423782903725191,3.0857895787469958
20,5,0.0046501798682076784,0.010801412273781771,0.02256405861962698,0.029430952848573083,0.007448097040655602,0.00505332857009655,0.02066805217758344,4.352755750118e-05,0.1,0.2,0.2,10,1.7635561912540674,1.2839898262504392
20,6,0.004323909515295609,0.020643487297067185,0.0441922804231882,0.06061684535437962,0.004327773279825116,0.00561988899601798,0.018743242484776882,6.4013150315e-05,0.1,0.2,0.2,17,1.7612763992689278,238152.71533215384
20,9,0.004744676980179361,0.01597239835160263,0.03362809183248785,0.054420485866532524,0.004745161414573921,0.00599192169707039,0.020627468699519667,9.946978949302e-05,0.1,0.2,0.2,25,1.7617714688787902,4.99569660371607
20,10,0.005166770060252843,0.011304127429869637,0.02306667566694045,0.07767712518992524,0.005167895758101256,0.00997502741839848,0.02077110183566647,7.514156116366e-05,0.1,0.2,0.2,26,1.7613263789362774,1.1589034666345863
20,13,0.005142549012933988,0.021459644987070692,0.04500844555774027,0.11203873884110606,0.005142605291915729,0.00952435412933941,0.02086578910517749,8.477889482274e-05,0.1,0.2,0.2,37,1.76136483042498,1.30911979579894
21,0,0.9727895389954101,0.6519922259748558,0.649951757949238,0.14982689469592825,0.0,0.0,0.0,0.0,0.1,0.2,0.2,1,15.824523938488154,13.722090583225
21,1,0.5433622344578827,0.5496675324173834,0.547012005408477,0.1293516625038002,0.12125121618800029,0.02534206427195554,9.127142372838001e-05,0.00012132721954851,0.1,0.2,0.2,3,8.933888755413776,8.910009385860555
21,2,0.044475752143266746,0.15459587173554107,0.14960073462603035,0.043631423179587674,0.9093760903960492,0.04987736998193079,0.00232894193363773,0.00540118703544918,0.1,0.2,0.2,4,1.0758737743652411,3.099289672075025
21,3,0.020139224112118635,0.08772829898858736,0.08822763666362886,0.03324534780275743,0.15638920566281236,0.02323677075396577,0.0005263060070664399,0.00067445202501343,0.1,0.2,0.2,5,0.7218814144294097,3.0424456834301026
21,4,0.025056519195894304,0.09710979009489494,0.10349740604881962,0.05367978444110089,0.008627057383883927,0.07283696843225355,0.0006706027725726,0.00134507405843781,0.1,0.2,0.2,7,0.6922372903668392,85.8414097594652
21,5,0.023550153669933068,0.0953659333907377,0.10175170402677007,0.0412881183402543,0.006971838911638131,0.0502300539084091,0.0018371826688777001,0.0043392814585094894,0.1,0.2,0.2,8,0.6991220672271086,2.6642401985713824
21,6,0.018480019750269187,0.09024493069447082,0.0966303050356812,0.04096598930688812,0.0013573881840690338,0.01091127761162518,5.7318953835239995e-05,0.00051097727398546,0.1,0.2,0.2,9,0.6987164581854123,3.078978312157309
21,7,0.018480019595573886,0.10042472832563613,0.11859632853217479,0.06397233144225944,0.0012047957684306382,0.01091127761162517,5.7318953835239995e-05,0.00051097727398546,0.1,0.2,0.2,11,0.6987392573600203,3.0789299460153887
21,8,0.01847958018510944,0.10042428889561615,0.11859588910215481,0.11923840482531707,0.001204350302570348,0.01090688216949913,5.731902470845e-05,0.00051097777407543,0.1,0.2,0.2,26,0.6987324062448576,3.078941049912024
22,0,0.9817174058036817,0.6536444859144723,0.6516136774629486,0.15026483349749417,0.0,0.0,0.0,0.0,0.1,0.2,0.2,1,15.16247278355567,14.628971005924088
22,1,0.5492459607536376,0.5526636834458866,0.5500163234483034,0.1313228804216969,0.12314659756996756,0.041458415635589455,9.307949223409e-05,8.053427557922e-05,0.1,0.2,0.2,3,8.625107925326464,9.644421766345143
22,2,0.04189327823169904,0.15746781803209517,0.15836849891804125,0.047934573225332865,0.9092155660777429,0.03286147773534276,0.00247781673289635,0.00035178651844266996,0.1,0.2,0.2,4,0.971262211795775,2.9637836649305616
22,3,0.023434386230371033,0.10318964113654379,0.10963778655235278,0.04125551655401803,0.06992955955444516,0.029807130360101252,0.0020909997785891,0.00021873718719914002,0.1,0.2,0.2,6,0.5287395759251203,2.6246065147558246
22,4,0.023730482976030785,0.10335382723938535,0.10980092465623024,0.057527977477389185,0.0038862538748275026,0.0333909510676024,0.0019335382130002102,0.00029759771865060997,0.1,0.2,0.2,10,0.5271163318077378,2.7912125221980566
22,5,0.023501391653546245,0.10821460949851167,0.1205548202828004,0.09054571711384024,0.003556252848458258,0.03097732307808606,0.00193836141491656,0.00035419989344126,0.1,0.2,0.2,18,0.5272504627567356,846555533251.7881
22,6,0.02358509984060013,0.12356805161128116,0.15358762635749365,0.11192221552714748,0.0036399762395947287,0.03195573775044537,0.00193528761467886,0.00028660052337631996,0.1,0.2,0.2,22,0.5271924423383666,3.996286806936626
22,7,0.023218812421318943,0.12320176729537413,0.15322134204158663,0.17945521082383156,0.0032736698464088986,0.02810142082874052,0.00209755937844386,0.00022006564092860002,0.1,0.2,0.2,36,0.5272081330773762,26.89550765000044
22,8,0.023340867582580777,0.13859351921043134,0.1862924967514137,0.2334049367478606,0.003395726497430037,0.02928860984588531,0.0021222021871459,0.00021210566520036997,0.1,0.2,0.2,43,0.527216157481195,2.598492049288131
22,9,0.023223368769691145,0.18937500895590517,0.296005243817084,0.5244524867406815,0.0032782245971084032,0.02790299804390912,0.00222354102771474,0.00021608067385570003,0.1,0.2,0.2,104,0.5272276299555188,26.852243788504857
23,0,0.9806423851910084,0.6534436424339869,0.6514117036333812,0.15020655207219044,0.0,0.0,0.0,0.0,0.1,0.2,0.2,1,15.278597957389124,14.037171511336492
23,1,0.5501578905512744,0.5525647801026888,0.5499202416748716,0.13086500568627502,0.1217958439491437,0.03556909906557469,9.127142372838001e-05,0.00012290580712493,0.1,0.2,0.2,3,8.58286032547854,8.920178595803389
23,2,0.05298683262102536,0.16873485713883588,0.16377003753692881,0.04248650717286211,0.9255017662808476,0.11020231124975303,0.00483654664401941,0.017582391240906332,0.1,0.2,0.2,4,1.1113961913865804,2.045981535095992
23,3,0.022392088914958298,0.088369394174639,0.08885618184230895,0.015725058825284886,0.16109538600167783,0.047117461169791756,0.00134798312768604,0.0018151897662085099,0.1,0.2,0.2,5,0.7009544851704049,3.802494362889655
23,4,0.09462115343742612,0.1554179829989921,0.15001096610584305,0.09155150523434667,0.07787439233800783,0.7046091879078336,0.00267554224203767,0.033034172956123195,0.1,0.2,0.2,6,0.7059624172955454,1866.274302290966
23,5,0.26160685733341416,0.32749260087152154,0.327978698894192,0.26092276255160507,0.2445919557454584,0.4403771396832729,0.0027559361790270302,1.0,0.1,0.2,0.2,7,0.7046069709060262,12.69292460670263
23,6,0.057743711220919314,0.12343039124920671,0.12391492194942177,0.07144449511319392,0.040988828975293844,0.2074282487606141,0.01284441030201933,0.08739271586215994,0.1,0.2,0.2,10,0.7079486060612307,14.731769209705089
23,7,0.035026035373336005,0.10070835214536994,0.10119285803227657,0.05362873724156785,0.018087262278968803,0.12791792476613356,0.0068622867998131,0.019548736312833558,0.1,0.2,0.2,11,0.707397013270474,14.833607737498522
23,8,0.03531032134774527,0.10608199646316194,0.1124596359081233,0.06765329977270633,0.01835881661256843,0.13080699365718282,0.00685613295365922,0.01953257818066581,0.1,0.2,0.2,15,0.7076700774870165,1.289829769602396
23,9,0.0568267551510227,0.13777805914057065,0.15594195265824956,0.10009691335364802,0.03987513768616699,0.20562788355743108,0.01280734646349033,0.0837534099373127,0.1,0.2,0.2,18,0.7076650872462616,14.464010200697851
23,10,0.03531613085788197,0.1518967292200486,0.211312502861865,0.21803777532780522,0.018364318947532703,0.13086469932248318,0.006856228430120399,0.019533011940153187,0.1,0.2,0.2,43,0.7077231461680074,1.2921592992440645
23,11,0.05737862203904165,0.19431881494845207,0.27730706591963605,0.5358477493574999,0.04042680946944133,0.2062464894271714,0.01312633086037705,0.08588446678791675,0.1,0.2,0.2,102,0.707686933368189,326276200577894.75
24,0,0.9455634644030888,0.6468708725538608,0.644800375748119,0.1484872500705348,0.0,0.0,0.0,0.0,0.1,0.2,0.2,1,17.771793255620583,16.44682430825216
24,1,0.5266109536518818,0.545841045810377,0.5431478784510965,0.13026867490879107,0.12532210058664647,0.051370329765126566,9.262747510766001e-05,9.244079729211001e-05,0.1,0.2,0.2,3,10.346075140620526,10.655107042048408
24,2,0.06257040956671467,0.21772182661307365,0.21897344723151352,0.06424543491238352,0.7801419189652707,0.03732144735291333,0.002306087949598,0.00029125433600006004,0.1,0.2,0.2,4,0.3507935278052344,2.8236444694556235
24,3,0.028204067315117917,0.11504686262670698,0.11569994493689935,0.041224453973727586,0.2107161386816882,0.03516039851174317,0.0005541986956543,0.00016467174899284,0.1,0.2,0.2,5,0.2849666711662121,3.062681272543596
24,4,0.02683636110823148,0.11522087261047646,0.1217382712757689,0.0493121023961484,0.009148407880774121,0.035160398511743164,0.0005541986956543,0.00016467174899284,0.1,0.2,0.2,7,0.357227289215575,3.2345236918560207
24,5,0.02691585749657164,0.11012651960784287,0.11075011080630844,0.04939350331740798,0.0039032797849362882,0.036283544100011875,0.0005498606996251399,0.00016668788730216,0.1,0.2,0.2,9,0.3951194541801145,15.353354889692053
24,6,0.02582422495344004,0.10900053964902344,0.10962385709326318,0.049404427539525037,0.0027201590116768424,0.014130375576148829,0.0063235328288425196,7.755140882170001e-05,0.1,0.2,0.2,13,0.3756262674951715,8.622710653530323
24,7,0.02595230075417271,0.10912630074777303,0.10974959028195312,0.08467086965559087,0.0028237332618061984,0.01234847331359025,0.00783616759868877,0.00010078889517124,0.1,0.2,0.2,18,0.3818823088752613,8.065062708769771
24,8,0.025951795120904755,0.11421433558673881,0.12073074612365446,0.09395150641658952,0.002824292093825735,0.01234847331359025,0.00783616759868877,0.00010078889517124,0.1,0.2,0.2,20,0.3807581379034194,8.069170212457982
24,9,0.025716402422342785,0.1241585248846812,0.14246119036387422,0.1075940807135417,0.002587189551925731,0.013181453048687189,0.006273917883582799,7.006039046270999e-05,0.1,0.2,0.2,23,0.3816996056101467,8.919412295409744
24,10,0.025951655680092223,0.11930376842586973,0.1317132843134509,0.11047281332526436,0.002822575283602767,0.012348473164796819,0.00783616775598054,0.00010078890078914001,0.1,0.2,0.2,24,0.3801069799514083,8.071560675284031
24,11,0.02577879195533313,0.12422045844290144,0.14252310527985898,0.11426858571445558,0.0026504539621016307,0.01393650771444618,0.00620235638674242,7.686897321917e-05,0.1,0.2,0.2,25,0.3806541494895062,9.175507029829188
24,12,0.025524833699259782,0.11887660590027374,0.13128612700521164,0.14869647407177028,0.0023955472954177493,0.01103085151455488,0.006414928679831421,4.73561448505e-05,0.1,0.2,0.2,30,0.3805204940299712,8.814875488709282
24,13,0.02565908012321054,0.11901085282619683,0.13142037393113473,0.12077053199939027,0.0025298278850137733,0.01293116075968601,0.00611465509428532,6.870973744652e-05,0.1,0.2,0.2,32,0.3803894886082394,9.018557392409898
24,14,0.02577071655984828,0.12930228872712074,0.15349806129609797,0.15245603926147455,0.0026414532072101165,0.01385792168564223,0.00620161896143857,7.655675610813e-05,0.1,0.2,0.2,34,0.3805638268480614,8.894138049348626
24,15,0.02563177337085484,0.16988253607868356,0.24122331450381795,0.5801823657596126,0.002502484417417494,0.01152658517211318,0.00670009918991068,4.902891890843e-05,0.1,0.2,0.2,127,0.3804914041092657,8.726285454010604
25,0,0.9512715533179448,0.647956328270514,0.6458922119684879,0.1487713790077867,0.0,0.0,0.0,0.0,0.1,0.2,0.2,1,17.872473378401004,12.330413628401002
25,1,0.5330358626484997,0.5465904377212787,0.5439140191085293,0.12890572287122265,0.12119995797458012,0.03018560177770232,8.991537234910001e-05,0.00012496095637354998,0.1,0.2,0.2,3,9.661156814934756,8.669057582266257
25,2,0.060856319382457495,0.20746118428855415,0.20863307881508864,0.06399278739195911,0.8151496802436441,0.061017050382598345,0.0020244971036349102,0.00541348577855763,0.1,0.2,0.2,4,0.3570662388727735,2.858626342832633
25,3,0.26124873322038134,0.35198468176967274,0.3468171619103849,0.25445160834065783,0.38920544156956116,1.0,0.00263595072849114,0.6639734102134984,0.1,0.2,0.2,5,0.3339343488118247,14.46769310589664
25,4,0.03177802538060452,0.12284249130023688,0.1293817340682406,0.049445068789164014,0.036109582509821034,0.06200157168563327,0.0018179370054371602,0.00496964386766223,0.1,0.2,0.2,6,0.4443580007788656,2.8627107080369387
25,5,0.030526996356801193,0.11838277488787641,0.12489590257884631,0.05914589421477383,0.010906901684887928,0.062207681340493225,0.00177930803743111,0.004885428133080899,0.1,0.2,0.2,9,0.3720234128730138,2.719621835511075
25,6,0.34658861449187583,0.4283450143546326,0.42895681008792697,0.3701981392380355,0.3271557776391389,1.0,0.1200018999497793,1.0,0.1,0.2,0.2,10,0.3759348111270092,0.997048891868892
25,7,0.3506853462649993,0.4375311982629481,0.44403612668473774,0.3823901981922852,0.3280976266096985,1.0,0.14048643204113828,1.0,0.1,0.2,0.2,14,0.3735168737565031,13.59785771935077
25,8,0.3506845927061447,0.43752840229802253,0.44403333642524184,0.3823894519048881,0.3281034310250339,1.0,0.14048643204113828,1.0,0.1,0.2,0.2,15,0.3742450278108021,13.58775454827181
25,9,0.3467288677169033,0.4386609582766037,0.45105896655693406,0.40792789517364425,0.324144846890605,1.0,0.12071097938152535,1.0,0.1,0.2,0.2,17,0.3756814044580895,0.9563052192686908
26,0,0.9774942804364621,0.652863091383473,0.6508277458386926,0.15005483788214208,0.0,0.0,0.0,0.0,0.1,0.2,0.2,1,15.797930351515118,13.069312255462492
26,1,0.5480801581494907,0.5522297570046768,0.5495803282404089,0.13114639963910088,0.12258250138270965,0.04056539405101733,9.081940660196e-05,0.00012229583593147,0.1,0.2,0.2,3,8.943437136924727,8.38783027718787
26,2,0.04025082147580161,0.14190295015420304,0.14268053357110422,0.047853777180944954,0.961067138754217,0.07716659140241516,0.00225378449198696,0.00556954238158611,0.1,0.2,0.2,4,1.4318325748489544,3.0567971541421213
26,3,0.01722015943617935,0.06940384228056144,0.06978509343374267,0.02979152281330679,0.15718437693211407,0.04157140463530977,0.00052530029941735,0.0005895239579299,0.1,0.2,0.2,5,0.9557879332223022,3.1479481717746984
26,4,0.017093317429248328,0.07379117942225402,0.08006122304460986,0.03721169174387074,0.005255051290480942,0.041868231017621646,0.00054109763429976,0.00061327530417875,0.1,0.2,0.2,7,0.979663999539325,3.099884835808831
26,5,0.021892993974597874,0.08871926080594662,0.1067751686746009,0.06782949224176882,0.009253317935792543,0.07915880071893924,0.00184347432165529,0.00473711172140074,0.1,0.2,0.2,14,0.97222930605072,2.61145763588786
26,6,0.022128863490699435,0.08380240970274012,0.09596471298126236,0.07699583454082687,0.009668178364881656,0.08180452074772565,0.0018143488290056902,0.00471208903343356,0.1,0.2,0.2,15,0.9746865122171572,12.028045632756722
26,7,0.022103926746428047,0.08377421667139041,0.0959364901099906,0.08273029182167173,0.009471358476221537,0.08160093779649012,0.00181291194840603,0.00469532196984373,0.1,0.2,0.2,16,0.973838365714448,2.5729213081694886
26,8,0.022033101530138204,0.08879190598506591,0.10684729955684243,0.11655189043697349,0.009391769392699877,0.081222172098201,0.00180036060310346,0.0045451402093786095,0.1,0.2,0.2,25,0.973525051349934,81.25316667529822
26,9,0.022031898103140383,0.08879066764423203,0.10684607445014375,0.12670121746251573,0.009390173103516053,0.08120532683680738,0.00180030761302999,0.00454761829021048,0.1,0.2,0.2,27,0.97360280988106,14.198610515641786
26,10,0.12391553215903842,0.21103380839990207,0.2526617066388761,0.3210109379232047,0.11127379501991219,0.4114002181502266,0.04547700301754585,0.305191787188375,0.1,0.2,0.2,45,0.9737551329692158,14.199296550560474
26,11,0.12384381156231762,0.216051984495081,0.2635730340647856,0.3163383736107868,0.11120210587630605,0.4109999260527718,0.04547688002244054,0.3050334426301888,0.1,0.2,0.2,47,0.9737414902238326,14.177362056822728
27,0,0.998779169122013,0.6567527445890701,0.6547402016261991,0.15107234284912827,0.0,0.0,0.0,0.0,0.1,0.2,0.2,1,14.267787814171529,15.631419379961
27,1,0.5630528668517543,0.5568210188789723,0.554200277057614,0.1321265164946456,0.12114940394914613,0.037523535333080935,9.217545798124e-05,0.00014125198565592998,0.1,0.2,0.2,3,7.915472958266972,10.296353599548626
27,2,0.053136572701879284,0.15294023555117445,0.14784828030667382,0.042589727641973676,0.9787873224589189,0.1423451318002626,0.0053589456834012604,0.030418529107770258,0.1,0.2,0.2,4,1.3045718215764888,2.106933402779033
27,3,0.040649690856998676,0.1228039486705968,0.11756134180358818,0.034788930396696664,0.07719842724063725,0.1583868049186155,0.00270220718957038,0.00285457488096473,0.1,0.2,0.2,5,0.881681478236221,18.01344092862751
27,4,0.033208843923739115,0.09673771132952215,0.09720552842464207,0.03650390912171221,0.049262028725942056,0.1583868049186155,0.00270220718957038,0.00285457488096472,0.1,0.2,0.2,7,0.7826822220888371,15.361391667636196
27,5,0.0402464793570613,0.10188319812323476,0.10233642405702885,0.05043502863663998,0.030186458074130083,0.16442068634342716,0.00569491205596089,0.03499887405096254,0.1,0.2,0.2,8,0.7828102592680248,1.5948099614645057
27,6,0.04004137453596035,0.10632801145176078,0.11267101876850866,0.05298459775451063,0.025165498240465028,0.1632164468467756,0.00575099605419458,0.03520437450909441,0.1,0.2,0.2,10,0.8053922058253427,1.6173211155530012
27,7,0.05154520772278838,0.1178296927333661,0.12417268015683267,0.10147905477655653,0.03601774811769474,0.23410300984110516,0.00592239428181215,0.05711208101696682,0.1,0.2,0.2,21,0.8047786729592923,4.9404430629287885
27,8,0.05153969391474315,0.11782397605594175,0.1241669537235108,0.10760493197697599,0.036012358482401766,0.2341098578967593,0.00592271408016077,0.05708111295328524,0.1,0.2,0.2,22,0.8039210436717461,13.907301945719697
27,9,0.051162938724632234,0.12762694347468154,0.14575616111127362,0.11967096415155752,0.03563509213828589,0.23036003532042598,0.00590703404161158,0.057088135710566576,0.1,0.2,0.2,29,0.804426354859951,14.579463128324688
27,10,0.05257183686218968,0.13921557087829156,0.16913104084848238,0.14775575349841438,0.03704410888814484,0.23621518326849217,0.007363849229766619,0.05974828373906356,0.1,0.2,0.2,30,0.8043539867400089,10.605124238975394
27,11,0.05337005480946673,0.14510369373508947,0.18091226383858894,0.1553237169125305,0.037842229690565776,0.23678566970152848,0.00736277908982218,0.06345523086856612,0.1,0.2,0.2,32,0.8039866549560984,12.4016918060773
27,12,0.05642975543593193,0.14816332802475576,0.18397189899781474,0.19395984657216314,0.040901888002209744,0.23419997674011128,0.0073590441604628205,0.08005037205542784,0.1,0.2,0.2,38,0.8041514545941276,11.273842249914086
27,13,0.05257197317917959,0.1443055443637815,0.18011411533684046,0.18614874462487457,0.037044106365527706,0.2362117673402231,0.00736129791231493,0.059753304698648355,0.1,0.2,0.2,40,0.8041371251452119,10.339376339408531
27,14,0.05172487808443325,0.1739978411537893,0.24516519211767712,0.253565582195661,0.036197007900366514,0.2354793562425256,0.00659381233427096,0.056651515308100385,0.1,0.2,0.2,49,0.804197068013135,18.086364315580216
27,15,0.05257463857628505,0.15448800896931217,0.20208285700512144,0.2819907529695118,0.0370467703034567,0.23644426146447825,0.00726295064040743,0.05974873978025502,0.1,0.2,0.2,54,0.804104820340939,14.826241289019102
28,0,0.959210794671185,0.6494556644618412,0.6474003344266799,0.1491634878228835,0.0,0.0,0.0,0.0,0.1,0.2,0.2,1,16.54392363295258,14.233932830321002
28,1,0.5373793017152066,0.5486391214479098,0.5459693883748132,0.1301150113992874,0.12251547682335368,0.0392426368626587,9.127142372838001e-05,0.00013590253293178,0.1,0.2,0.2,3,9.481635036484017,8.598293145442254
28,2,0.0638689500686085,0.18703531187534592,0.18216060323637567,0.049283284583365373,0.8708996782738435,0.12367180055831281,0.00532228947255193,0.025020576418004446,0.1,0.2,0.2,4,0.5898277877460653,2.190069590446916
28,3,0.13039009516308375,0.2017208527478433,0.19639664897891249,0.12384587429841892,0.2817482309220627,0.9029030316079177,0.00267570460513868,0.09479866317550516,0.1,0.2,0.2,5,0.4987219457761894,15.550644171860338
28,4,0.03758664252031549,0.11362894083899135,0.1141948815979905,0.03461777947464894,0.018164325186417977,0.12224010876937393,0.00428102883519784,0.02012551359168929,0.1,0.2,0.2,6,0.5891617468266513,2.055465692158211
28,5,0.03667371866344582,0.1054909699300136,0.10014685727751622,0.037524323735502706,0.023489467079687267,0.12244392435463632,0.0041259101839886,0.019396609276090777,0.1,0.2,0.2,7,0.5651455246405851,4.545948592523795
28,6,0.03798430075173143,0.11172042799457954,0.11226805934373843,0.05287830822311928,0.018450115887595257,0.13278811507615382,0.00447684889038123,0.02072626029949353,0.1,0.2,0.2,11,0.5706061312292622,2.814620086495674
28,7,0.03686007086327847,0.1156827629884994,0.1221235193067049,0.0594285282749594,0.01720153702338416,0.12390691035440575,0.00418978136432872,0.01983863412889601,0.1,0.2,0.2,13,0.5699571316537033,1.9721749718274344
28,8,0.0368581195666513,0.11568055869526342,0.12212131849170667,0.06746140603766176,0.017194758081905098,0.12388338154816383,0.00419047692620133,0.01984023481781167,0.1,0.2,0.2,15,0.569670459185413,1.9725456087781843
28,9,0.0373707592564374,0.12128258441832786,0.13361642657540407,0.09521539929758464,0.017707824549766472,0.12807467361548358,0.0043498121185543605,0.02014938308536489,0.1,0.2,0.2,18,0.5686959573230945,1.835603078982816
28,10,0.037386858596579864,0.12129854710398458,0.13363240423431486,0.09523150520488799,0.017724018411578186,0.12826965012896785,0.00434898386758819,0.02013350732902684,0.1,0.2,0.2,19,0.568465256040607,1.7223785890319092
28,11,0.03735733803745783,0.12126902667114567,0.13360288380147595,0.09861699632932512,0.01769396502577047,0.12793511842113575,0.00434914690120934,0.020153007985127237,0.1,0.2,0.2,20,0.5683618011638273,1.7790952193984344
28,12,0.03736196106002522,0.12127365158612922,0.13360750871645952,0.10545164433249649,0.017698601043952326,0.1280019710404247,0.004349031766035761,0.02014282138557412,0.1,0.2,0.2,22,0.5684192661293814,1.912374041583367
29,0,0.960079081832374,0.6496188400815242,0.647564473361431,0.1492060592396898,0.0,0.0,0.0,0.0,0.1,0.2,0.2,1,16.993983579482386,12.81340569132449
29,1,0.5372602830849232,0.5477624125747822,0.5450948662704258,0.1289601597963369,0.12102965857324664,0.02682848992281025,9.036738947553e-05,0.00010179565290285,0.1,0.2,0.2,3,9.625730382942278,8.199992216088209
29,2,0.04987318070832032,0.17429483981230387,0.17527856151247168,0.05428845310445204,0.8718008544507934,0.052048604497042114,0.00219891878579197,0.00436247660382706,0.1,0.2,0.2,4,0.6852877312862043,3.057907560523572
29,3,0.1367749574996688,0.21120040507222546,0.20590102503929059,0.13017739280271856,0.2653488875325141,1.0,0.00264920202070699,0.07248801896243622,0.1,0.2,0.2,5,0.4196371265272766,15.71369122616752
29,4,0.13674160136364005,0.2111656924231878,0.20586630766096906,0.13851449976853833,0.11499673739985578,1.0,0.00266140806767445,0.07231156955336572,0.1,0.2,0.2,7,0.4193500241604462,10.94303132039446
29,5,0.13677419758803952,0.21119760910729987,0.20589820918108367,0.13377594970898812,0.11502785927132243,1.0,0.00264920202070699,0.07248801896243622,0.1,0.2,0.2,12,0.4189897907007694,15.733157852903418
29,6,0.13680319289093396,0.21629936621170273,0.21689295827922303,0.17800005284778794,0.11508940545959791,1.0,0.00264661984266412,0.07266736194429926,0.1,0.2,0.2,14,0.4175550762877074,357.20357405904576
29,7,0.3334351196690396,0.42820062466451037,0.4464735867808707,0.4253022128649706,0.3116950867213583,0.7327311766816752,0.19210872761142647,1.0,0.1,0.2,0.2,19,0.4174506994496813,10.909655197598587
29,9,0.33339387163843925,0.438338720905729,0.4683979158438933,0.48825271840043555,0.31165378549146316,0.7326022331450384,0.19196779905770664,1.0,0.1,0.2,0.2,32,0.4177605916223435,2.266436912951947
29,10,0.33338922161100343,0.4790532617490641,0.5562574881420965,0.7605473957775339,0.31164913408338185,0.7325765572821031,0.19195738858254313,1.0,0.1,0.2,0.2,82,0.4177805423234531,2.404143954821787
30,0,0.9625864305621161,0.6500894941773254,0.6480378703234323,0.1493291725398865,0.0,0.0,0.0,0.0,0.1,0.2,0.2,1,16.32087691023807,14.476418932606492
30,1,0.5335839162600715,0.5466816960899573,0.5440066215416142,0.12882806669476554,0.12321955496172181,0.028819957077912538,9.172344085481e-05,0.0001248530163028,0.1,0.2,0.2,3,9.496401339980675,9.189807439021438
30,2,0.041267564062095814,0.1323104429264105,0.12714341342025137,0.031420309669045125,0.9792126031430706,0.09027378420261743,0.00519070284250149,0.017506516017279768,0.1,0.2,0.2,4,1.5527292312126155,2.100401145584924
30,3,0.058388601707005786,0.10170650780640751,0.09616577055505138,0.05113974150505867,0.18762746532236305,0.4276248861108202,0.00268895589735453,0.01700333187811748,0.1,0.2,0.2,5,1.138781073753581,16.77851323474442
30,4,0.05632088611060943,0.09205513239260392,0.08645850484770484,0.056846412992114424,0.0570019243647727,0.42593296281479365,0.0027040012484074,0.017221778422851643,0.1,0.2,0.2,7,1.1982323828634898,46.15151676017554
30,5,0.051497826837183056,0.08611249822627168,0.08050762178557527,0.06607243273629203,0.043625954138944205,0.18003825860600856,0.0125098649360099,0.1076836952738222,0.1,0.2,0.2,9,1.1657864041854555,1.7619819448460443
30,6,0.10526522650949843,0.14475851911019072,0.14504519721933423,0.12259328374462578,0.09601432435137915,0.6881130119030356,0.016778512298517963,0.1184857824514269,0.1,0.2,0.2,13,1.169635624092219,25.73620655194766
30,7,0.10536332951031249,0.13976579084814206,0.13415938186736875,0.1305807910743593,0.095963800705536,0.6890961329140064,0.01679659241872013,0.11846781952033755,0.1,0.2,0.2,15,1.170002694659818,19.307777153952184
30,8,0.10536050026977758,0.1448418651704817,0.1451284551174914,0.14735511272140545,0.09597815662718537,0.6890961329140063,0.01679659241872017,0.11846781952033747,0.1,0.2,0.2,17,1.166090752049772,19.228806262776004
30,9,0.07717844186539109,0.12683712667631594,0.13890995167232148,0.15355014883930734,0.06778164996649895,0.5084252433281957,0.015849757961177068,0.06884295128260592,0.1,0.2,0.2,29,1.16698293875905,12.562065309988888
30,10,0.08360234290077209,0.13325917687885597,0.1453320023629344,0.17348551845565827,0.07420724065281245,0.5297777341988711,0.02216688753600778,0.08397147713899408,0.1,0.2,0.2,32,1.1674237316829512,49.858344364359326
30,11,0.08359891490728091,0.13834558482125536,0.15631153690691288,0.19470435256366275,0.07420213897170057,0.5297507289308256,0.022165545495038068,0.08396925577653211,0.1,0.2,0.2,34,1.1672656511087387,49.85428024754741
30,12,0.08360229556467393,0.15361866454725592,0.18926396823026143,0.21519780535959065,0.07420541995412702,0.5297826552011266,0.022165552056764633,0.0839702024759182,0.1,0.2,0.2,42,1.167335364966119,49.85421137831501
30,13,0.08358988279937878,0.14851628138433257,0.17826848580358892,0.24412254969045574,0.07419304501978316,0.5296799437118885,0.02216483505603236,0.0839602418130281,0.1,0.2,0.2,44,1.1672175136739054,42.94955622288831
30,14,0.08363007657488825,0.16891607105561154,0.22224075280423541,0.37667604821272166,0.07423320516180032,0.5298506844542683,0.02221108065331156,0.08402959788930066,0.1,0.2,0.2,72,1.1671771811978695,47.61980005951269
