Dataset,Run,Method,Weight,Metric,Test_Metric,Spearman
229_pwLinear,1,MVP,w1.0_0.7_0.0,MSE_Train,MSE_Test_Interpolation,0.5407613225896083
229_pwLinear,1,MVP,w1.0_0.7_0.0,AIC_Train,MSE_Test_Interpolation,0.5540983606557378
229_pwLinear,1,MVP,w1.0_0.7_0.0,BIC_Train,MSE_Test_Interpolation,0.7663795498749654
229_pwLinear,1,MVP,w1.0_0.7_0.0,MDL_Train,MSE_Test_Interpolation,-0.45684912475687695
229_pwLinear,1,MVP,w1.0_0.7_0.0,PSM_Train,MSE_Test_Interpolation,0.37788274520700205
229_pwLinear,1,MVP,w1.0_0.7_0.0,MSE_Train,MSE_Test_Extrapolation,0.5332036676854683
229_pwLinear,1,MVP,w1.0_0.7_0.0,AIC_Train,MSE_Test_Extrapolation,0.5839955543206448
229_pwLinear,1,MVP,w1.0_0.7_0.0,BIC_Train,MSE_Test_Extrapolation,0.8270075020839124
229_pwLinear,1,MVP,w1.0_0.7_0.0,MDL_Train,MSE_Test_Extrapolation,-0.4787996665740484
229_pwLinear,1,MVP,w1.0_0.7_0.0,PSM_Train,MSE_Test_Extrapolation,0.3322589608224507
229_pwLinear,2,MVP,w1.0_0.7_0.0,MSE_Train,MSE_Test_Interpolation,0.4306620209059234
229_pwLinear,2,MVP,w1.0_0.7_0.0,AIC_Train,MSE_Test_Interpolation,0.4407665505226482
229_pwLinear,2,MVP,w1.0_0.7_0.0,BIC_Train,MSE_Test_Interpolation,0.48466898954703835
229_pwLinear,2,MVP,w1.0_0.7_0.0,MDL_Train,MSE_Test_Interpolation,-0.019337979094076658
229_pwLinear,2,MVP,w1.0_0.7_0.0,PSM_Train,MSE_Test_Interpolation,0.42961672473867607
229_pwLinear,2,MVP,w1.0_0.7_0.0,MSE_Train,MSE_Test_Extrapolation,0.23675958188153315
229_pwLinear,2,MVP,w1.0_0.7_0.0,AIC_Train,MSE_Test_Extrapolation,0.22456445993031363
229_pwLinear,2,MVP,w1.0_0.7_0.0,BIC_Train,MSE_Test_Extrapolation,0.14703832752613244
229_pwLinear,2,MVP,w1.0_0.7_0.0,MDL_Train,MSE_Test_Extrapolation,0.17055749128919864
229_pwLinear,2,MVP,w1.0_0.7_0.0,PSM_Train,MSE_Test_Extrapolation,0.10435540069686414
229_pwLinear,3,MVP,w1.0_0.7_0.0,MSE_Train,MSE_Test_Interpolation,0.6756241661902038
229_pwLinear,3,MVP,w1.0_0.7_0.0,AIC_Train,MSE_Test_Interpolation,0.6433771679054697
229_pwLinear,3,MVP,w1.0_0.7_0.0,BIC_Train,MSE_Test_Interpolation,0.5888698303792643
229_pwLinear,3,MVP,w1.0_0.7_0.0,MDL_Train,MSE_Test_Interpolation,-0.1931389365351629
229_pwLinear,3,MVP,w1.0_0.7_0.0,PSM_Train,MSE_Test_Interpolation,0.4494377739660758
229_pwLinear,3,MVP,w1.0_0.7_0.0,MSE_Train,MSE_Test_Extrapolation,0.8616352201257861
229_pwLinear,3,MVP,w1.0_0.7_0.0,AIC_Train,MSE_Test_Extrapolation,0.8942633886030111
229_pwLinear,3,MVP,w1.0_0.7_0.0,BIC_Train,MSE_Test_Extrapolation,0.9535734705546025
229_pwLinear,3,MVP,w1.0_0.7_0.0,MDL_Train,MSE_Test_Extrapolation,-0.6031255955784257
229_pwLinear,3,MVP,w1.0_0.7_0.0,PSM_Train,MSE_Test_Extrapolation,0.5482370878597294
229_pwLinear,4,MVP,w1.0_0.7_0.0,MSE_Train,MSE_Test_Interpolation,0.8906048906048907
229_pwLinear,4,MVP,w1.0_0.7_0.0,AIC_Train,MSE_Test_Interpolation,0.88005148005148
229_pwLinear,4,MVP,w1.0_0.7_0.0,BIC_Train,MSE_Test_Interpolation,0.8743886743886745
229_pwLinear,4,MVP,w1.0_0.7_0.0,MDL_Train,MSE_Test_Interpolation,-0.44736164736164746
229_pwLinear,4,MVP,w1.0_0.7_0.0,PSM_Train,MSE_Test_Interpolation,0.5068211068211068
229_pwLinear,4,MVP,w1.0_0.7_0.0,MSE_Train,MSE_Test_Extrapolation,0.7938223938223938
229_pwLinear,4,MVP,w1.0_0.7_0.0,AIC_Train,MSE_Test_Extrapolation,0.7418275418275418
229_pwLinear,4,MVP,w1.0_0.7_0.0,BIC_Train,MSE_Test_Extrapolation,0.838867438867439
229_pwLinear,4,MVP,w1.0_0.7_0.0,MDL_Train,MSE_Test_Extrapolation,-0.1552123552123552
229_pwLinear,4,MVP,w1.0_0.7_0.0,PSM_Train,MSE_Test_Extrapolation,0.42676962676962676
229_pwLinear,5,MVP,w1.0_0.7_0.0,MSE_Train,MSE_Test_Interpolation,-0.39758179231863433
229_pwLinear,5,MVP,w1.0_0.7_0.0,AIC_Train,MSE_Test_Interpolation,-0.2913703176861071
229_pwLinear,5,MVP,w1.0_0.7_0.0,BIC_Train,MSE_Test_Interpolation,-0.40350877192982454
229_pwLinear,5,MVP,w1.0_0.7_0.0,MDL_Train,MSE_Test_Interpolation,-0.7759601706970126
229_pwLinear,5,MVP,w1.0_0.7_0.0,PSM_Train,MSE_Test_Interpolation,-0.633949739212897
229_pwLinear,5,MVP,w1.0_0.7_0.0,MSE_Train,MSE_Test_Extrapolation,-0.3138928402086297
229_pwLinear,5,MVP,w1.0_0.7_0.0,AIC_Train,MSE_Test_Extrapolation,-0.20981507823613088
229_pwLinear,5,MVP,w1.0_0.7_0.0,BIC_Train,MSE_Test_Extrapolation,-0.3041725936462778
229_pwLinear,5,MVP,w1.0_0.7_0.0,MDL_Train,MSE_Test_Extrapolation,-0.725936462778568
229_pwLinear,5,MVP,w1.0_0.7_0.0,PSM_Train,MSE_Test_Extrapolation,-0.557610241820768
229_pwLinear,6,MVP,w1.0_0.7_0.0,MSE_Train,MSE_Test_Interpolation,0.6722208883553421
229_pwLinear,6,MVP,w1.0_0.7_0.0,AIC_Train,MSE_Test_Interpolation,0.6823049219687876
229_pwLinear,6,MVP,w1.0_0.7_0.0,BIC_Train,MSE_Test_Interpolation,0.8214645858343338
229_pwLinear,6,MVP,w1.0_0.7_0.0,MDL_Train,MSE_Test_Interpolation,0.1226890756302521
229_pwLinear,6,MVP,w1.0_0.7_0.0,PSM_Train,MSE_Test_Interpolation,0.49234093637454973
229_pwLinear,6,MVP,w1.0_0.7_0.0,MSE_Train,MSE_Test_Extrapolation,0.6557022809123649
229_pwLinear,6,MVP,w1.0_0.7_0.0,AIC_Train,MSE_Test_Extrapolation,0.6641536614645858
229_pwLinear,6,MVP,w1.0_0.7_0.0,BIC_Train,MSE_Test_Extrapolation,0.8264585834333733
229_pwLinear,6,MVP,w1.0_0.7_0.0,MDL_Train,MSE_Test_Extrapolation,0.13565426170468187
229_pwLinear,6,MVP,w1.0_0.7_0.0,PSM_Train,MSE_Test_Extrapolation,0.48753901560624247
229_pwLinear,7,MVP,w1.0_0.7_0.0,MSE_Train,MSE_Test_Interpolation,0.6404133180252585
229_pwLinear,7,MVP,w1.0_0.7_0.0,AIC_Train,MSE_Test_Interpolation,0.6391608391608393
229_pwLinear,7,MVP,w1.0_0.7_0.0,BIC_Train,MSE_Test_Interpolation,0.650516647531573
229_pwLinear,7,MVP,w1.0_0.7_0.0,MDL_Train,MSE_Test_Interpolation,-0.05508819538670286
229_pwLinear,7,MVP,w1.0_0.7_0.0,PSM_Train,MSE_Test_Interpolation,0.42402671954910764
229_pwLinear,7,MVP,w1.0_0.7_0.0,MSE_Train,MSE_Test_Extrapolation,0.2951466444003758
229_pwLinear,7,MVP,w1.0_0.7_0.0,AIC_Train,MSE_Test_Extrapolation,0.2847093205302161
229_pwLinear,7,MVP,w1.0_0.7_0.0,BIC_Train,MSE_Test_Extrapolation,0.2796576557770588
229_pwLinear,7,MVP,w1.0_0.7_0.0,MDL_Train,MSE_Test_Extrapolation,-0.35856382423546607
229_pwLinear,7,MVP,w1.0_0.7_0.0,PSM_Train,MSE_Test_Extrapolation,0.11687715269804824
229_pwLinear,8,MVP,w1.0_0.7_0.0,MSE_Train,MSE_Test_Interpolation,0.44313055365686943
229_pwLinear,8,MVP,w1.0_0.7_0.0,AIC_Train,MSE_Test_Interpolation,0.4231032125768968
229_pwLinear,8,MVP,w1.0_0.7_0.0,BIC_Train,MSE_Test_Interpolation,0.48598769651401236
229_pwLinear,8,MVP,w1.0_0.7_0.0,MDL_Train,MSE_Test_Interpolation,-0.042925495557074506
229_pwLinear,8,MVP,w1.0_0.7_0.0,PSM_Train,MSE_Test_Interpolation,0.1369788106630212
229_pwLinear,8,MVP,w1.0_0.7_0.0,MSE_Train,MSE_Test_Extrapolation,0.6374572795625428
229_pwLinear,8,MVP,w1.0_0.7_0.0,AIC_Train,MSE_Test_Extrapolation,0.6952836637047164
229_pwLinear,8,MVP,w1.0_0.7_0.0,BIC_Train,MSE_Test_Extrapolation,0.8022556390977443
229_pwLinear,8,MVP,w1.0_0.7_0.0,MDL_Train,MSE_Test_Extrapolation,-0.4127819548872181
229_pwLinear,8,MVP,w1.0_0.7_0.0,PSM_Train,MSE_Test_Extrapolation,0.3472317156527683
229_pwLinear,9,MVP,w1.0_0.7_0.0,MSE_Train,MSE_Test_Interpolation,0.3137753632135654
229_pwLinear,9,MVP,w1.0_0.7_0.0,AIC_Train,MSE_Test_Interpolation,0.2869078487056015
229_pwLinear,9,MVP,w1.0_0.7_0.0,BIC_Train,MSE_Test_Interpolation,0.4943573280651932
229_pwLinear,9,MVP,w1.0_0.7_0.0,MDL_Train,MSE_Test_Interpolation,-0.23797999753055932
229_pwLinear,9,MVP,w1.0_0.7_0.0,PSM_Train,MSE_Test_Interpolation,0.2938881343375725
229_pwLinear,9,MVP,w1.0_0.7_0.0,MSE_Train,MSE_Test_Extrapolation,0.13814874264312466
229_pwLinear,9,MVP,w1.0_0.7_0.0,AIC_Train,MSE_Test_Extrapolation,0.09825904432646004
229_pwLinear,9,MVP,w1.0_0.7_0.0,BIC_Train,MSE_Test_Extrapolation,0.4443923118080422
229_pwLinear,9,MVP,w1.0_0.7_0.0,MDL_Train,MSE_Test_Extrapolation,-0.0311561098077952
229_pwLinear,9,MVP,w1.0_0.7_0.0,PSM_Train,MSE_Test_Extrapolation,0.22928756636621803
229_pwLinear,10,MVP,w1.0_0.7_0.0,MSE_Train,MSE_Test_Interpolation,0.13339971550497864
229_pwLinear,10,MVP,w1.0_0.7_0.0,AIC_Train,MSE_Test_Interpolation,0.15044096728307255
229_pwLinear,10,MVP,w1.0_0.7_0.0,BIC_Train,MSE_Test_Interpolation,0.19829302987197725
229_pwLinear,10,MVP,w1.0_0.7_0.0,MDL_Train,MSE_Test_Interpolation,-0.33948790896159314
229_pwLinear,10,MVP,w1.0_0.7_0.0,PSM_Train,MSE_Test_Interpolation,-0.07615931721194878
229_pwLinear,10,MVP,w1.0_0.7_0.0,MSE_Train,MSE_Test_Extrapolation,-0.13339971550497864
229_pwLinear,10,MVP,w1.0_0.7_0.0,AIC_Train,MSE_Test_Extrapolation,-0.11527738264580369
229_pwLinear,10,MVP,w1.0_0.7_0.0,BIC_Train,MSE_Test_Extrapolation,-0.15405405405405403
229_pwLinear,10,MVP,w1.0_0.7_0.0,MDL_Train,MSE_Test_Extrapolation,-0.709103840682788
229_pwLinear,10,MVP,w1.0_0.7_0.0,PSM_Train,MSE_Test_Extrapolation,-0.2848364153627311
229_pwLinear,11,MVP,w1.0_0.7_0.0,MSE_Train,MSE_Test_Interpolation,0.8082251082251084
229_pwLinear,11,MVP,w1.0_0.7_0.0,AIC_Train,MSE_Test_Interpolation,0.7636363636363639
229_pwLinear,11,MVP,w1.0_0.7_0.0,BIC_Train,MSE_Test_Interpolation,0.8165945165945168
229_pwLinear,11,MVP,w1.0_0.7_0.0,MDL_Train,MSE_Test_Interpolation,-0.4341991341991343
229_pwLinear,11,MVP,w1.0_0.7_0.0,PSM_Train,MSE_Test_Interpolation,0.5278499278499279
229_pwLinear,11,MVP,w1.0_0.7_0.0,MSE_Train,MSE_Test_Extrapolation,0.5981962481962484
229_pwLinear,11,MVP,w1.0_0.7_0.0,AIC_Train,MSE_Test_Extrapolation,0.6202020202020203
229_pwLinear,11,MVP,w1.0_0.7_0.0,BIC_Train,MSE_Test_Extrapolation,0.4934343434343435
229_pwLinear,11,MVP,w1.0_0.7_0.0,MDL_Train,MSE_Test_Extrapolation,-0.7500721500721502
229_pwLinear,11,MVP,w1.0_0.7_0.0,PSM_Train,MSE_Test_Extrapolation,0.27417027417027423
229_pwLinear,12,MVP,w1.0_0.7_0.0,MSE_Train,MSE_Test_Interpolation,0.4965034965034966
229_pwLinear,12,MVP,w1.0_0.7_0.0,AIC_Train,MSE_Test_Interpolation,0.5729882058240268
229_pwLinear,12,MVP,w1.0_0.7_0.0,BIC_Train,MSE_Test_Interpolation,0.5915248930174304
229_pwLinear,12,MVP,w1.0_0.7_0.0,MDL_Train,MSE_Test_Interpolation,0.14789687924016284
229_pwLinear,12,MVP,w1.0_0.7_0.0,PSM_Train,MSE_Test_Interpolation,0.3069616950213966
229_pwLinear,12,MVP,w1.0_0.7_0.0,MSE_Train,MSE_Test_Extrapolation,0.3476255088195387
229_pwLinear,12,MVP,w1.0_0.7_0.0,AIC_Train,MSE_Test_Extrapolation,0.3621125143513204
229_pwLinear,12,MVP,w1.0_0.7_0.0,BIC_Train,MSE_Test_Extrapolation,0.35326166370942497
229_pwLinear,12,MVP,w1.0_0.7_0.0,MDL_Train,MSE_Test_Extrapolation,-0.16200814111261874
229_pwLinear,12,MVP,w1.0_0.7_0.0,PSM_Train,MSE_Test_Extrapolation,0.11792088508506421
229_pwLinear,13,MVP,w1.0_0.7_0.0,MSE_Train,MSE_Test_Interpolation,0.33889970788704965
229_pwLinear,13,MVP,w1.0_0.7_0.0,AIC_Train,MSE_Test_Interpolation,0.34620253164556963
229_pwLinear,13,MVP,w1.0_0.7_0.0,BIC_Train,MSE_Test_Interpolation,0.3748539435248296
229_pwLinear,13,MVP,w1.0_0.7_0.0,MDL_Train,MSE_Test_Interpolation,-0.2612950340798442
229_pwLinear,13,MVP,w1.0_0.7_0.0,PSM_Train,MSE_Test_Interpolation,0.3239776046738072
229_pwLinear,13,MVP,w1.0_0.7_0.0,MSE_Train,MSE_Test_Extrapolation,0.9510954235637781
229_pwLinear,13,MVP,w1.0_0.7_0.0,AIC_Train,MSE_Test_Extrapolation,0.9527994157740993
229_pwLinear,13,MVP,w1.0_0.7_0.0,BIC_Train,MSE_Test_Extrapolation,0.9181110029211296
229_pwLinear,13,MVP,w1.0_0.7_0.0,MDL_Train,MSE_Test_Extrapolation,-0.89143135345667
229_pwLinear,13,MVP,w1.0_0.7_0.0,PSM_Train,MSE_Test_Extrapolation,0.6655306718597858
229_pwLinear,14,MVP,w1.0_0.7_0.0,MSE_Train,MSE_Test_Interpolation,0.47379252685060136
229_pwLinear,14,MVP,w1.0_0.7_0.0,AIC_Train,MSE_Test_Interpolation,0.47228117563830474
229_pwLinear,14,MVP,w1.0_0.7_0.0,BIC_Train,MSE_Test_Interpolation,0.5351791111968616
229_pwLinear,14,MVP,w1.0_0.7_0.0,MDL_Train,MSE_Test_Interpolation,-0.2947134863978392
229_pwLinear,14,MVP,w1.0_0.7_0.0,PSM_Train,MSE_Test_Interpolation,0.2790533153257445
229_pwLinear,14,MVP,w1.0_0.7_0.0,MSE_Train,MSE_Test_Extrapolation,0.5714836967007525
229_pwLinear,14,MVP,w1.0_0.7_0.0,AIC_Train,MSE_Test_Extrapolation,0.5746028683516625
229_pwLinear,14,MVP,w1.0_0.7_0.0,BIC_Train,MSE_Test_Extrapolation,0.6685638947842306
229_pwLinear,14,MVP,w1.0_0.7_0.0,MDL_Train,MSE_Test_Extrapolation,-0.32516560550517726
229_pwLinear,14,MVP,w1.0_0.7_0.0,PSM_Train,MSE_Test_Extrapolation,0.3373207280210947
229_pwLinear,15,MVP,w1.0_0.7_0.0,MSE_Train,MSE_Test_Interpolation,0.6560467665327001
229_pwLinear,15,MVP,w1.0_0.7_0.0,AIC_Train,MSE_Test_Interpolation,0.6535622944830107
229_pwLinear,15,MVP,w1.0_0.7_0.0,BIC_Train,MSE_Test_Interpolation,0.8281329923273659
229_pwLinear,15,MVP,w1.0_0.7_0.0,MDL_Train,MSE_Test_Interpolation,-0.32458896602119114
229_pwLinear,15,MVP,w1.0_0.7_0.0,PSM_Train,MSE_Test_Interpolation,0.3609426379247352
229_pwLinear,15,MVP,w1.0_0.7_0.0,MSE_Train,MSE_Test_Extrapolation,0.8334307636097918
229_pwLinear,15,MVP,w1.0_0.7_0.0,AIC_Train,MSE_Test_Extrapolation,0.739020825721593
229_pwLinear,15,MVP,w1.0_0.7_0.0,BIC_Train,MSE_Test_Extrapolation,0.6701863354037269
229_pwLinear,15,MVP,w1.0_0.7_0.0,MDL_Train,MSE_Test_Extrapolation,-0.5883814395323347
229_pwLinear,15,MVP,w1.0_0.7_0.0,PSM_Train,MSE_Test_Extrapolation,0.4734015345268542
229_pwLinear,16,MVP,w1.0_0.7_0.0,MSE_Train,MSE_Test_Interpolation,0.7099357101110463
229_pwLinear,16,MVP,w1.0_0.7_0.0,AIC_Train,MSE_Test_Interpolation,0.7283459964932789
229_pwLinear,16,MVP,w1.0_0.7_0.0,BIC_Train,MSE_Test_Interpolation,0.9318527177089423
229_pwLinear,16,MVP,w1.0_0.7_0.0,MDL_Train,MSE_Test_Interpolation,-0.32518994739918183
229_pwLinear,16,MVP,w1.0_0.7_0.0,PSM_Train,MSE_Test_Interpolation,0.4161309175920515
229_pwLinear,16,MVP,w1.0_0.7_0.0,MSE_Train,MSE_Test_Extrapolation,0.7779661016949154
229_pwLinear,16,MVP,w1.0_0.7_0.0,AIC_Train,MSE_Test_Extrapolation,0.7599649327878435
229_pwLinear,16,MVP,w1.0_0.7_0.0,BIC_Train,MSE_Test_Extrapolation,0.9177089421391
229_pwLinear,16,MVP,w1.0_0.7_0.0,MDL_Train,MSE_Test_Extrapolation,-0.34780829924021045
229_pwLinear,16,MVP,w1.0_0.7_0.0,PSM_Train,MSE_Test_Extrapolation,0.48082992402104036
229_pwLinear,17,MVP,w1.0_0.7_0.0,MSE_Train,MSE_Test_Interpolation,0.8933284457478006
229_pwLinear,17,MVP,w1.0_0.7_0.0,AIC_Train,MSE_Test_Interpolation,0.910557184750733
229_pwLinear,17,MVP,w1.0_0.7_0.0,BIC_Train,MSE_Test_Interpolation,0.9523460410557184
229_pwLinear,17,MVP,w1.0_0.7_0.0,MDL_Train,MSE_Test_Interpolation,-0.2785923753665689
229_pwLinear,17,MVP,w1.0_0.7_0.0,PSM_Train,MSE_Test_Interpolation,0.3702346041055718
229_pwLinear,17,MVP,w1.0_0.7_0.0,MSE_Train,MSE_Test_Extrapolation,0.8262463343108504
229_pwLinear,17,MVP,w1.0_0.7_0.0,AIC_Train,MSE_Test_Extrapolation,0.8504398826979472
229_pwLinear,17,MVP,w1.0_0.7_0.0,BIC_Train,MSE_Test_Extrapolation,0.9035923753665688
229_pwLinear,17,MVP,w1.0_0.7_0.0,MDL_Train,MSE_Test_Extrapolation,-0.126099706744868
229_pwLinear,17,MVP,w1.0_0.7_0.0,PSM_Train,MSE_Test_Extrapolation,0.3867302052785923
229_pwLinear,18,MVP,w1.0_0.7_0.0,MSE_Train,MSE_Test_Interpolation,0.09091213950368879
229_pwLinear,18,MVP,w1.0_0.7_0.0,AIC_Train,MSE_Test_Interpolation,0.11730382293762573
229_pwLinear,18,MVP,w1.0_0.7_0.0,BIC_Train,MSE_Test_Interpolation,0.628806170355466
229_pwLinear,18,MVP,w1.0_0.7_0.0,MDL_Train,MSE_Test_Interpolation,0.1670020120724346
229_pwLinear,18,MVP,w1.0_0.7_0.0,PSM_Train,MSE_Test_Interpolation,0.1440643863179074
229_pwLinear,18,MVP,w1.0_0.7_0.0,MSE_Train,MSE_Test_Extrapolation,0.6418846411804158
229_pwLinear,18,MVP,w1.0_0.7_0.0,AIC_Train,MSE_Test_Extrapolation,0.6191146881287726
229_pwLinear,18,MVP,w1.0_0.7_0.0,BIC_Train,MSE_Test_Extrapolation,0.47997987927565383
229_pwLinear,18,MVP,w1.0_0.7_0.0,MDL_Train,MSE_Test_Extrapolation,-0.5190811535881958
229_pwLinear,18,MVP,w1.0_0.7_0.0,PSM_Train,MSE_Test_Extrapolation,0.33906773977196514
229_pwLinear,19,MVP,w1.0_0.7_0.0,MSE_Train,MSE_Test_Interpolation,0.8910204081632652
229_pwLinear,19,MVP,w1.0_0.7_0.0,AIC_Train,MSE_Test_Interpolation,0.8937755102040815
229_pwLinear,19,MVP,w1.0_0.7_0.0,BIC_Train,MSE_Test_Interpolation,0.7388775510204081
229_pwLinear,19,MVP,w1.0_0.7_0.0,MDL_Train,MSE_Test_Interpolation,-0.37663265306122445
229_pwLinear,19,MVP,w1.0_0.7_0.0,PSM_Train,MSE_Test_Interpolation,0.6939795918367346
229_pwLinear,19,MVP,w1.0_0.7_0.0,MSE_Train,MSE_Test_Extrapolation,0.61
229_pwLinear,19,MVP,w1.0_0.7_0.0,AIC_Train,MSE_Test_Extrapolation,0.6148979591836734
229_pwLinear,19,MVP,w1.0_0.7_0.0,BIC_Train,MSE_Test_Extrapolation,0.7651020408163265
229_pwLinear,19,MVP,w1.0_0.7_0.0,MDL_Train,MSE_Test_Extrapolation,0.08387755102040816
229_pwLinear,19,MVP,w1.0_0.7_0.0,PSM_Train,MSE_Test_Extrapolation,0.4485714285714285
229_pwLinear,20,MVP,w1.0_0.7_0.0,MSE_Train,MSE_Test_Interpolation,-0.002004657284600587
229_pwLinear,20,MVP,w1.0_0.7_0.0,AIC_Train,MSE_Test_Interpolation,-0.09873443353244912
229_pwLinear,20,MVP,w1.0_0.7_0.0,BIC_Train,MSE_Test_Interpolation,-0.06427052748810368
229_pwLinear,20,MVP,w1.0_0.7_0.0,MDL_Train,MSE_Test_Interpolation,0.27953832135263745
229_pwLinear,20,MVP,w1.0_0.7_0.0,PSM_Train,MSE_Test_Interpolation,0.43251999595018725
229_pwLinear,20,MVP,w1.0_0.7_0.0,MSE_Train,MSE_Test_Extrapolation,0.18922749822820695
229_pwLinear,20,MVP,w1.0_0.7_0.0,AIC_Train,MSE_Test_Extrapolation,0.23162903715703148
229_pwLinear,20,MVP,w1.0_0.7_0.0,BIC_Train,MSE_Test_Extrapolation,0.23932368127974082
229_pwLinear,20,MVP,w1.0_0.7_0.0,MDL_Train,MSE_Test_Extrapolation,-0.11823428166447303
229_pwLinear,20,MVP,w1.0_0.7_0.0,PSM_Train,MSE_Test_Extrapolation,0.40018224157132737
229_pwLinear,21,MVP,w1.0_0.7_0.0,MSE_Train,MSE_Test_Interpolation,0.42642857142857143
229_pwLinear,21,MVP,w1.0_0.7_0.0,AIC_Train,MSE_Test_Interpolation,0.48775510204081624
229_pwLinear,21,MVP,w1.0_0.7_0.0,BIC_Train,MSE_Test_Interpolation,0.48
229_pwLinear,21,MVP,w1.0_0.7_0.0,MDL_Train,MSE_Test_Interpolation,-0.12224489795918365
229_pwLinear,21,MVP,w1.0_0.7_0.0,PSM_Train,MSE_Test_Interpolation,0.0007142857142857142
229_pwLinear,21,MVP,w1.0_0.7_0.0,MSE_Train,MSE_Test_Extrapolation,0.6151020408163265
229_pwLinear,21,MVP,w1.0_0.7_0.0,AIC_Train,MSE_Test_Extrapolation,0.6712244897959183
229_pwLinear,21,MVP,w1.0_0.7_0.0,BIC_Train,MSE_Test_Extrapolation,0.6256122448979591
229_pwLinear,21,MVP,w1.0_0.7_0.0,MDL_Train,MSE_Test_Extrapolation,-0.20765306122448976
229_pwLinear,21,MVP,w1.0_0.7_0.0,PSM_Train,MSE_Test_Extrapolation,0.26816326530612244
229_pwLinear,22,MVP,w1.0_0.7_0.0,MSE_Train,MSE_Test_Interpolation,0.3324651004426286
229_pwLinear,22,MVP,w1.0_0.7_0.0,AIC_Train,MSE_Test_Interpolation,0.2658665304732721
229_pwLinear,22,MVP,w1.0_0.7_0.0,BIC_Train,MSE_Test_Interpolation,0.3653217568947907
229_pwLinear,22,MVP,w1.0_0.7_0.0,MDL_Train,MSE_Test_Interpolation,-0.0965611167858359
229_pwLinear,22,MVP,w1.0_0.7_0.0,PSM_Train,MSE_Test_Interpolation,0.4900408580183862
229_pwLinear,22,MVP,w1.0_0.7_0.0,MSE_Train,MSE_Test_Extrapolation,0.091692202928158
229_pwLinear,22,MVP,w1.0_0.7_0.0,AIC_Train,MSE_Test_Extrapolation,0.07030983997276133
229_pwLinear,22,MVP,w1.0_0.7_0.0,BIC_Train,MSE_Test_Extrapolation,0.13830439223697655
229_pwLinear,22,MVP,w1.0_0.7_0.0,MDL_Train,MSE_Test_Extrapolation,0.04399046646237658
229_pwLinear,22,MVP,w1.0_0.7_0.0,PSM_Train,MSE_Test_Extrapolation,0.25286006128702765
229_pwLinear,23,MVP,w1.0_0.7_0.0,MSE_Train,MSE_Test_Interpolation,0.8679509173476756
229_pwLinear,23,MVP,w1.0_0.7_0.0,AIC_Train,MSE_Test_Interpolation,0.6825030868314639
229_pwLinear,23,MVP,w1.0_0.7_0.0,BIC_Train,MSE_Test_Interpolation,0.780930735740846
229_pwLinear,23,MVP,w1.0_0.7_0.0,MDL_Train,MSE_Test_Interpolation,-0.3546765734265734
229_pwLinear,23,MVP,w1.0_0.7_0.0,PSM_Train,MSE_Test_Interpolation,0.4667832167832168
229_pwLinear,23,MVP,w1.0_0.7_0.0,MSE_Train,MSE_Test_Extrapolation,0.8814222338774886
229_pwLinear,23,MVP,w1.0_0.7_0.0,AIC_Train,MSE_Test_Extrapolation,0.6246421469000634
229_pwLinear,23,MVP,w1.0_0.7_0.0,BIC_Train,MSE_Test_Extrapolation,0.7403352345986582
229_pwLinear,23,MVP,w1.0_0.7_0.0,MDL_Train,MSE_Test_Extrapolation,-0.24056206909291267
229_pwLinear,23,MVP,w1.0_0.7_0.0,PSM_Train,MSE_Test_Extrapolation,0.4783269048242798
229_pwLinear,24,MVP,w1.0_0.7_0.0,MSE_Train,MSE_Test_Interpolation,0.5656181126026848
229_pwLinear,24,MVP,w1.0_0.7_0.0,AIC_Train,MSE_Test_Interpolation,0.4819752477536488
229_pwLinear,24,MVP,w1.0_0.7_0.0,BIC_Train,MSE_Test_Interpolation,0.7460505833577362
229_pwLinear,24,MVP,w1.0_0.7_0.0,MDL_Train,MSE_Test_Interpolation,-0.008969992139697609
229_pwLinear,24,MVP,w1.0_0.7_0.0,PSM_Train,MSE_Test_Interpolation,0.441718169628408
229_pwLinear,24,MVP,w1.0_0.7_0.0,MSE_Train,MSE_Test_Extrapolation,0.7142394772128292
229_pwLinear,24,MVP,w1.0_0.7_0.0,AIC_Train,MSE_Test_Extrapolation,0.7580259852349615
229_pwLinear,24,MVP,w1.0_0.7_0.0,BIC_Train,MSE_Test_Extrapolation,0.481713237673967
229_pwLinear,24,MVP,w1.0_0.7_0.0,MDL_Train,MSE_Test_Extrapolation,-0.5186258341938567
229_pwLinear,24,MVP,w1.0_0.7_0.0,PSM_Train,MSE_Test_Extrapolation,0.2992000986390888
229_pwLinear,25,MVP,w1.0_0.7_0.0,MSE_Train,MSE_Test_Interpolation,0.3166666666666667
229_pwLinear,25,MVP,w1.0_0.7_0.0,AIC_Train,MSE_Test_Interpolation,0.28349742147210505
229_pwLinear,25,MVP,w1.0_0.7_0.0,BIC_Train,MSE_Test_Interpolation,0.34158462259728084
229_pwLinear,25,MVP,w1.0_0.7_0.0,MDL_Train,MSE_Test_Interpolation,-0.11556493202062824
229_pwLinear,25,MVP,w1.0_0.7_0.0,PSM_Train,MSE_Test_Interpolation,0.2227613689639006
229_pwLinear,25,MVP,w1.0_0.7_0.0,MSE_Train,MSE_Test_Extrapolation,0.029113924050632917
229_pwLinear,25,MVP,w1.0_0.7_0.0,AIC_Train,MSE_Test_Extrapolation,0.05736052508204407
229_pwLinear,25,MVP,w1.0_0.7_0.0,BIC_Train,MSE_Test_Extrapolation,0.49549929676511956
229_pwLinear,25,MVP,w1.0_0.7_0.0,MDL_Train,MSE_Test_Extrapolation,0.5005157055789968
229_pwLinear,25,MVP,w1.0_0.7_0.0,PSM_Train,MSE_Test_Extrapolation,0.021518987341772152
229_pwLinear,26,MVP,w1.0_0.7_0.0,MSE_Train,MSE_Test_Interpolation,0.7845475758361421
229_pwLinear,26,MVP,w1.0_0.7_0.0,AIC_Train,MSE_Test_Interpolation,0.681228934404978
229_pwLinear,26,MVP,w1.0_0.7_0.0,BIC_Train,MSE_Test_Interpolation,0.45423904589058856
229_pwLinear,26,MVP,w1.0_0.7_0.0,MDL_Train,MSE_Test_Interpolation,-0.7345086855068707
229_pwLinear,26,MVP,w1.0_0.7_0.0,PSM_Train,MSE_Test_Interpolation,0.2172024889810734
229_pwLinear,26,MVP,w1.0_0.7_0.0,MSE_Train,MSE_Test_Extrapolation,0.8489758879958518
229_pwLinear,26,MVP,w1.0_0.7_0.0,AIC_Train,MSE_Test_Extrapolation,0.6807103966813587
229_pwLinear,26,MVP,w1.0_0.7_0.0,BIC_Train,MSE_Test_Extrapolation,0.45022037853253827
229_pwLinear,26,MVP,w1.0_0.7_0.0,MDL_Train,MSE_Test_Extrapolation,-0.7441016333938295
229_pwLinear,26,MVP,w1.0_0.7_0.0,PSM_Train,MSE_Test_Extrapolation,0.2765102411200415
229_pwLinear,27,MVP,w1.0_0.7_0.0,MSE_Train,MSE_Test_Interpolation,0.5616026977961064
229_pwLinear,27,MVP,w1.0_0.7_0.0,AIC_Train,MSE_Test_Interpolation,0.545220540578462
229_pwLinear,27,MVP,w1.0_0.7_0.0,BIC_Train,MSE_Test_Interpolation,0.6202073211191537
229_pwLinear,27,MVP,w1.0_0.7_0.0,MDL_Train,MSE_Test_Interpolation,-0.5285390747636621
229_pwLinear,27,MVP,w1.0_0.7_0.0,PSM_Train,MSE_Test_Interpolation,0.40556314914570485
229_pwLinear,27,MVP,w1.0_0.7_0.0,MSE_Train,MSE_Test_Extrapolation,0.8649020762470149
229_pwLinear,27,MVP,w1.0_0.7_0.0,AIC_Train,MSE_Test_Extrapolation,0.857179914440403
229_pwLinear,27,MVP,w1.0_0.7_0.0,BIC_Train,MSE_Test_Extrapolation,0.3881034809783006
229_pwLinear,27,MVP,w1.0_0.7_0.0,MDL_Train,MSE_Test_Extrapolation,-0.85302950189318
229_pwLinear,27,MVP,w1.0_0.7_0.0,PSM_Train,MSE_Test_Extrapolation,0.4852590516149765
229_pwLinear,28,MVP,w1.0_0.7_0.0,MSE_Train,MSE_Test_Interpolation,0.8143610013175229
229_pwLinear,28,MVP,w1.0_0.7_0.0,AIC_Train,MSE_Test_Interpolation,0.8039525691699604
229_pwLinear,28,MVP,w1.0_0.7_0.0,BIC_Train,MSE_Test_Interpolation,0.8289855072463767
229_pwLinear,28,MVP,w1.0_0.7_0.0,MDL_Train,MSE_Test_Interpolation,-0.42081686429512516
229_pwLinear,28,MVP,w1.0_0.7_0.0,PSM_Train,MSE_Test_Interpolation,0.5140974967061923
229_pwLinear,28,MVP,w1.0_0.7_0.0,MSE_Train,MSE_Test_Extrapolation,0.7151515151515152
229_pwLinear,28,MVP,w1.0_0.7_0.0,AIC_Train,MSE_Test_Extrapolation,0.7250329380764163
229_pwLinear,28,MVP,w1.0_0.7_0.0,BIC_Train,MSE_Test_Extrapolation,0.7654808959156786
229_pwLinear,28,MVP,w1.0_0.7_0.0,MDL_Train,MSE_Test_Extrapolation,-0.20606060606060603
229_pwLinear,28,MVP,w1.0_0.7_0.0,PSM_Train,MSE_Test_Extrapolation,0.5349143610013175
229_pwLinear,29,MVP,w1.0_0.7_0.0,MSE_Train,MSE_Test_Interpolation,0.853886235345202
229_pwLinear,29,MVP,w1.0_0.7_0.0,AIC_Train,MSE_Test_Interpolation,0.9033868866695614
229_pwLinear,29,MVP,w1.0_0.7_0.0,BIC_Train,MSE_Test_Interpolation,0.8089448545375596
229_pwLinear,29,MVP,w1.0_0.7_0.0,MDL_Train,MSE_Test_Interpolation,-0.5606817194963092
229_pwLinear,29,MVP,w1.0_0.7_0.0,PSM_Train,MSE_Test_Interpolation,0.3975249674337821
229_pwLinear,29,MVP,w1.0_0.7_0.0,MSE_Train,MSE_Test_Extrapolation,0.6863873208858012
229_pwLinear,29,MVP,w1.0_0.7_0.0,AIC_Train,MSE_Test_Extrapolation,0.7599869735128094
229_pwLinear,29,MVP,w1.0_0.7_0.0,BIC_Train,MSE_Test_Extrapolation,0.6977854971775944
229_pwLinear,29,MVP,w1.0_0.7_0.0,MDL_Train,MSE_Test_Extrapolation,-0.4953321754233608
229_pwLinear,29,MVP,w1.0_0.7_0.0,PSM_Train,MSE_Test_Extrapolation,0.21786799826313502
229_pwLinear,30,MVP,w1.0_0.7_0.0,MSE_Train,MSE_Test_Interpolation,0.10422312556458896
229_pwLinear,30,MVP,w1.0_0.7_0.0,AIC_Train,MSE_Test_Interpolation,0.09902890695573621
229_pwLinear,30,MVP,w1.0_0.7_0.0,BIC_Train,MSE_Test_Interpolation,0.08746612466124662
229_pwLinear,30,MVP,w1.0_0.7_0.0,MDL_Train,MSE_Test_Interpolation,0.04424119241192412
229_pwLinear,30,MVP,w1.0_0.7_0.0,PSM_Train,MSE_Test_Interpolation,0.1783875338753388
229_pwLinear,30,MVP,w1.0_0.7_0.0,MSE_Train,MSE_Test_Extrapolation,0.21160794941282746
229_pwLinear,30,MVP,w1.0_0.7_0.0,AIC_Train,MSE_Test_Extrapolation,0.19850948509485092
229_pwLinear,30,MVP,w1.0_0.7_0.0,BIC_Train,MSE_Test_Extrapolation,0.1944896115627823
229_pwLinear,30,MVP,w1.0_0.7_0.0,MDL_Train,MSE_Test_Extrapolation,-0.07188346883468835
229_pwLinear,30,MVP,w1.0_0.7_0.0,PSM_Train,MSE_Test_Extrapolation,0.29044715447154473
