Run,Equation_Index,Hybrid_MSE_Train,Hybrid_AIC_Train,Hybrid_BIC_Train,Hybrid_MDL_Train,Hybrid_PSM_Train,Extrapolation_Divergence,Sensitivity_Interpolation,Sensitivity_Extrapolation,Lambda1,Lambda2,Lambda3,Complexity,MSE_Test_Interpolation,MSE_Test_Extrapolation
1,0,0.8958473887440501,1.0072442727183668,1.0003212753629336,0.19386991991530372,0.06850837389070327,0.09757868222658594,8.861105154716001e-05,0.00013727376188964,0.7,0.9,0.9,1,13.089856425920146,29.46462435963484
1,1,0.6555613631278313,0.9211231925740616,0.9073459659071847,0.2059970062240405,0.4937631935945117,0.1557382141956265,0.0008563261527664799,0.00110040812941802,0.7,0.9,0.9,3,6.892321886701513,14.276639369627066
1,2,0.4874079584578571,0.8005305018132406,0.776472281996609,0.1576193411163215,0.34364534648629624,0.11339002594220635,0.0008749652230058899,0.00111711021235485,0.7,0.9,0.9,5,6.719644286110709,16.46563854205786
1,3,0.470332462052025,0.7857441870761958,0.7608666036325,0.1517556234394634,0.11556928614814325,0.10380001368906189,0.00052979649281057,0.0005485372661893,0.7,0.9,0.9,6,5.971136928207853,15.332833167123203
1,4,0.4136055891152588,0.7388211552145707,0.7086266595722153,0.1386859895856487,0.34437155277180176,0.10252984042705596,0.0009591813281754,0.00124935577194047,0.7,0.9,0.9,7,6.454015167677085,15.016053914465123
1,5,0.4123922686982007,0.7377082143882512,0.7074929573148897,0.14427953274383146,0.07427813973761895,0.10122903153660183,0.0009652291703853,0.00122213144499778,0.7,0.9,0.9,8,4.665617321569218,14.681124910992857
1,6,0.36989404700358886,0.6975001887212526,0.6637312409847274,0.12937331039962682,0.2445926571450865,0.08956574450197843,0.00070508042356591,0.0008208965851672099,0.7,0.9,0.9,9,4.58424092106464,11.59332880730974
1,7,0.3377273008033096,0.6649156920323195,0.6278132975827873,0.122376645137121,0.23125839214532254,0.08402897597757193,0.0010494452755548099,0.0013543770045834,0.7,0.9,0.9,10,4.727096961082463,12.65492177522426
1,8,0.33172728624248776,0.653210054495489,0.6063744613496996,0.12414011514506955,0.146923231417662,0.09465487890225435,0.00071400197261502,0.0008602172130327201,0.7,0.9,0.9,11,4.504053104038573,13.380889710899057
1,9,0.28936817537727166,0.6073491767052505,0.5629456019552362,0.11981135918807861,0.21463182906580366,0.09431783734224289,0.00101141953505511,0.0012169457778959,0.7,0.9,0.9,13,3.679845970546298,11.80882354995702
1,10,0.25494074518437565,0.5594270140366728,0.509462972666221,0.11515211021901783,0.21149232069183047,0.09582524475514752,0.0011181843668461098,0.00136482518156153,0.7,0.9,0.9,15,3.6446842274705857,10.4457528141161
1,11,0.2465922565912285,0.5510756819132087,0.5078325824712605,0.1195673645247634,0.10527400834204136,0.09573857766279924,0.0011025576641503,0.0013459311089894601,0.7,0.9,0.9,17,3.826793397795948,10.885958459678807
1,12,0.23536698329524966,0.5315320107556415,0.4789556164971333,0.11572835890325431,0.12360917346038608,0.08887672483292638,0.00121723833563882,0.0013625490977875999,0.7,0.9,0.9,18,3.552239324762595,7.428283940322431
1,13,0.22550013317834472,0.50712740196748,0.44353144482717427,0.11699623075934465,0.142439383816376,0.09651914150283533,0.00115678971730808,0.00145167444091437,0.7,0.9,0.9,20,3.847001797011548,9.54078295323976
1,14,0.20354126287328728,0.4769209188202423,0.4252846031712387,0.1350841363516535,0.18118076943529404,0.09524079340017624,0.0014010556697272802,0.00156713565281562,0.7,0.9,0.9,22,4.063094923041829,7.896751754657279
1,15,0.2040657363923667,0.4763421220089271,0.4244472689859595,0.127581170657762,0.08423267482279159,0.09789753652568009,0.0012821109579064301,0.00151970610190271,0.7,0.9,0.9,23,3.880179439669651,8.01640706266584
1,16,0.20392142884014286,0.4806365433864487,0.4368783023168414,0.13019836092894052,0.07299054057757894,0.09791372798455704,0.0012889681380372799,0.0015303290535106698,0.7,0.9,0.9,24,3.898173275017335,8.042270442988439
1,17,0.20350055949857968,0.4799527284900468,0.43613318491584574,0.14867067608966716,0.07249786998892487,0.09651889108190176,0.00170035009763769,0.00204681256963305,0.7,0.9,0.9,26,3.5082505103591743,9.415724039235696
1,18,0.19371900976673587,0.4567127699695875,0.409880679793097,0.15509580843583284,0.2279357998675823,0.10180414212330591,0.00168074893784627,0.00175518739227459,0.7,0.9,0.9,27,3.712263873771877,7.99624039378768
1,19,0.1854966598155193,0.44815921118050567,0.4084511640649684,0.1416436531664592,0.12400153345652525,0.09612984744996902,0.00167617355954368,0.0018818108254040102,0.7,0.9,0.9,28,3.6926766499075794,8.270085022765517
1,20,0.165057056997062,0.40653495614764207,0.3552201781331628,0.13399414722204422,0.15367414478699953,0.0871812654328808,0.00158560704424363,0.0015474347414658998,0.7,0.9,0.9,30,3.230469356316984,7.5538373189807535
1,21,0.14930538858491013,0.3696098064987585,0.32169552241286636,0.15377534328309983,0.09441101302715657,0.08709601225706129,0.00181014177835969,0.0021863921846881898,0.7,0.9,0.9,38,2.627058946473026,5.193526983530653
1,22,0.14905662977488854,0.37112236567822,0.3308734346744853,0.16456853304125896,0.07889711067544344,0.08927464326625163,0.0017632966758932798,0.00211113134675632,0.7,0.9,0.9,40,2.6344347769799805,4.767959192257015
1,23,0.14084610575040576,0.3539691002198118,0.3121388172797545,0.16457730081895253,0.14341110496869566,0.08484241439699639,0.00173096191074293,0.0020798800928277903,0.7,0.9,0.9,41,2.381405857179218,4.813190745738976
1,24,0.14492543284871068,0.3672567735489101,0.3491501380864852,0.22852889880123306,0.07447301311555146,0.0943272952107032,0.00149688862095264,0.00222167196185028,0.7,0.9,0.9,49,2.367184624885653,5.476973277932091
1,25,0.13159654384917843,0.33021327662585537,0.3006995637108503,0.22059606472590257,0.23028199940198382,0.08829680038329003,0.00166142516659609,0.00248798037906935,0.7,0.9,0.9,50,2.4962125596578826,4.741040343297204
1,26,0.1298900012367175,0.32832277431483553,0.3061941322329672,0.2305817206971303,0.08614412696655725,0.08910355218419734,0.00163448341332555,0.00243431691357614,0.7,0.9,0.9,52,2.481109951483433,4.891780412097967
1,27,0.1282571271603946,0.32418031064694,0.30164037037680974,0.23304702837845448,0.08653334232809173,0.08839441964250637,0.0016382841902235798,0.00242353346416714,0.7,0.9,0.9,53,2.5482266712434254,4.6411422500175865
1,28,0.1351481431170791,0.3253159473019703,0.29441311996730063,0.23240046390613142,0.08257963862731847,0.09720192926802942,0.00180274567925825,0.00363750892251274,0.7,0.9,0.9,54,2.759996141592307,4.744592938397721
1,29,0.12896953905833003,0.32824664179197394,0.31367803040492837,0.2529355881011186,0.06710395425297146,0.09032085247526143,0.00160593912524668,0.00235804068886494,0.7,0.9,0.9,56,2.49706878194218,5.353201094155955
1,30,0.13412473371631026,0.33108473294054086,0.31613923996651094,0.2629514701608192,0.0825721350226395,0.09879419886940516,0.0016527071174790402,0.0025799441142721103,0.7,0.9,0.9,58,2.877951231506179,5.551683530681658
1,31,0.12462179872608253,0.30307949564983305,0.2777313201889599,0.2575745532705003,0.18290872209208614,0.09369595036237945,0.00160372188380822,0.0025010949018293297,0.7,0.9,0.9,59,2.8699314271433005,5.9893273945044125
1,32,0.12321140194747565,0.30160832065412035,0.2762507937496259,0.25631243223889266,0.0683462842662738,0.09224243836888268,0.00149208927770824,0.0022011604053390798,0.7,0.9,0.9,60,2.8139138757139976,6.234806530901827
1,33,0.11070620061224852,0.26934465321237233,0.24090686950011073,0.25562424295194813,0.2199104495908392,0.08433402090866206,0.00166028164899829,0.00262348111019478,0.7,0.9,0.9,61,3.02793648882702,5.806231574565619
1,34,0.11012994587967802,0.2975422030874874,0.3257978801600334,0.4918949822006634,0.06416035226643323,0.08502921979777282,0.00211208364025118,0.0023496091499620097,0.7,0.9,0.9,104,3.1403113033547485,7.078077206323661
1,35,0.10790825024028779,0.28878515771585767,0.3160468548097028,0.5036247047969762,0.08888615247503576,0.08517117227636359,0.00211074470790133,0.00228389995178744,0.7,0.9,0.9,106,3.373579616850154,7.082228823054459
1,36,0.10964632603337966,0.29964433711159744,0.3432425242266978,0.5425018177561542,0.06543101187729736,0.08772569386460696,0.0020562950834961302,0.00231008947357085,0.7,0.9,0.9,112,2.9238390020606446,7.044888372749534
1,37,0.10747802249828511,0.29259833231834115,0.33546005126543754,0.5409589173006394,0.10235720231324334,0.0845809897561125,0.00298470491546903,0.00323928047770446,0.7,0.9,0.9,113,3.366868293296837,7.021486146787641
1,38,0.1038921554077327,0.2781666892719015,0.31940770012672115,0.5636655355851948,0.1060451440059072,0.08477622454000434,0.0029459503074293703,0.00302837860423707,0.7,0.9,0.9,115,3.363858811695135,7.413102752164208
1,39,0.10809011454925138,0.2862101359040786,0.335513317130281,0.5821570218272591,0.07486633411778365,0.09179484729179296,0.00277765910043417,0.0026646960760779203,0.7,0.9,0.9,116,3.379798068395775,7.065540051105257
1,40,0.10809995566333624,0.28566800550946414,0.3348891500517303,0.5866466852263811,0.07353738766495538,0.09184867530597228,0.0028246851314937703,0.0027792837091555602,0.7,0.9,0.9,117,3.266631110898093,7.136071742926869
1,41,0.1077453957254213,0.28411762081114883,0.33316227292497713,0.581706444593667,0.07827590566391764,0.09185771907421764,0.00282871309778913,0.0027821122817914797,0.7,0.9,0.9,118,3.274143603291616,6.93481093613362
1,42,0.1074926751577785,0.2882779124411109,0.3454690745911805,0.613958274246241,0.07054636622568021,0.09179484721699047,0.00277765910093267,0.00266469608237547,0.7,0.9,0.9,119,3.372350626702615,6.901477469880719
1,43,0.11779542848431646,0.2761006580145553,0.2999930599724291,0.5835544764515175,0.0883839979539601,0.09274838725524263,0.0043580864999794595,0.01317821658406577,0.7,0.9,0.9,123,3.2288884355293064,6.137743649650901
1,44,0.11596445129834543,0.28252013031939865,0.32262096579738975,0.6273504088903517,0.08153401040008648,0.09129819330066499,0.006528298310373939,0.01041995941528807,0.7,0.9,0.9,126,3.328413482168646,6.442729618361394
1,45,0.1189436796428448,0.2899887960285137,0.3382475845599428,0.6408096792095824,0.08299667144056727,0.0946775320849758,0.00714637613566655,0.01052059601654007,0.7,0.9,0.9,127,3.3314287535310583,6.46739453028088
1,46,0.1181013334583042,0.28786314979187383,0.33593341082448486,0.6398850412180128,0.09133006572399427,0.09394612454126475,0.00717630073551771,0.010551849130081729,0.7,0.9,0.9,128,3.315168673745676,6.514712592329953
1,47,0.11518652310894635,0.2799871732696906,0.3198302343541124,0.6353155609089386,0.08161739690472955,0.09047248312598394,0.00670334158308762,0.01060802949882212,0.7,0.9,0.9,129,3.1702966374865404,6.3673199233383215
1,48,0.10154909474902375,0.27070560285827694,0.31868702232050444,0.6394141736895854,0.0662676937860239,0.0873573514951799,0.00215853381287457,0.00250466783908912,0.7,0.9,0.9,131,3.213143025135268,7.220308707387182
1,49,0.11001271668396678,0.2687478649374216,0.3002017971270571,0.6674298558998865,0.07599886959083516,0.09188124295640429,0.00610539264597711,0.00484686210076625,0.7,0.9,0.9,136,3.2045506495048244,6.797802320408979
1,50,0.10462652186691584,0.2649176206719008,0.3041004816941052,0.6905678054798469,0.08102845660949348,0.08480908867441025,0.00605883558484749,0.0054048311906584896,0.7,0.9,0.9,138,3.405814145692254,6.768189026444627
1,51,0.10845667847103888,0.26481141915764095,0.3034207442203768,0.7048577826400125,0.1038870892723511,0.09113687660799283,0.00610621803766021,0.005957203632453,0.7,0.9,0.9,139,2.9142494801417413,6.895359264024465
1,52,0.10478568621553898,0.26458317274010246,0.31119859338666617,0.7011003863940638,0.07987903718251897,0.08806308747541972,0.00591626462328604,0.0048263224573158,0.7,0.9,0.9,140,2.9789796723317474,6.766438578934634
1,53,0.10455059849624167,0.2639728187286825,0.3105336418398484,0.7160614332290891,0.07396230652737676,0.08786547798239797,0.00592165952584507,0.00483217642183609,0.7,0.9,0.9,141,2.963925024547488,6.672962371847732
1,54,0.10402324221019102,0.25904673828925034,0.3124818809646239,0.585910342963747,0.1394198159913455,0.0879259878413424,0.0054880910948669,0.00741569965370117,0.7,0.9,0.9,142,3.345523754515208,7.00993879745841
1,55,0.10535632271157523,0.27202340074038195,0.34967118159189386,0.7649640627787877,0.0766559925195974,0.09430996003689184,0.00535845770303542,0.00470995323534008,0.7,0.9,0.9,152,3.394146804450976,6.942523132490615
1,56,0.09257894039157369,0.2498543250070288,0.31112630676742864,0.9055686676744181,0.06263889845686317,0.07940765624908294,0.00432409205418631,0.00319562596567454,0.7,0.9,0.9,170,3.2373113035351864,6.707212881581091
1,57,0.10247918950629105,0.26303096592326786,0.3322874082103597,0.9226590170290644,0.0785418338733699,0.09089989835703728,0.00569041745293594,0.00428583385088257,0.7,0.9,0.9,171,3.047722160958206,6.985758553333455
1,58,0.09904779581534781,0.2556351662221547,0.32432484026734476,0.9423251606666545,0.07988030381436129,0.08874939734255158,0.0057545106931761,0.00324957164264533,0.7,0.9,0.9,174,2.8639486621617527,6.682602735838602
1,59,0.09828999594178696,0.27268396559485825,0.373985602045619,1.0674377627172926,0.06982712179862416,0.08765672066150607,0.00486372949927483,0.00432053214224298,0.7,0.9,0.9,195,2.8104686199952864,6.646772554198771
2,0,0.9283952290193648,1.0214796422844508,1.0158366517944797,0.1999465599644011,0.07141606427790712,0.10173320939439785,8.792394336514e-05,0.00013742905866666002,0.7,0.9,0.9,1,21.73034360222208,28.895647767692
2,1,0.8212645811727617,0.9650257774009717,0.9556473579400996,0.16907671810837163,0.2385161908433369,0.0685751386722694,7.545453570267952e-06,1.0338059721000001e-05,0.7,0.9,0.9,2,20.42263599209333,29.5843128399992
2,2,0.5729845199750544,0.8634949246369147,0.8453250118518434,0.1763653621350029,0.9572446784074017,0.1294491884453261,0.0007345466780239301,0.0008299192732569899,0.7,0.9,0.9,3,12.704018825639118,13.828726050692763
2,3,0.44762717278347786,0.7699761452355488,0.7419293486454455,0.15247511825690913,0.33815194595842335,0.12047926936865458,0.00078062798190151,0.0009671815732485,0.7,0.9,0.9,5,10.086453929360736,16.765719489150523
2,4,0.355950180439853,0.6838736050250221,0.6484084787562675,0.11982978219317385,0.2546808749124066,0.09117945007136016,0.00081743331660762,0.00099056419027307,0.7,0.9,0.9,7,8.272135843632332,15.05576012606247
2,5,0.29657741089907785,0.6211858070608365,0.5810583297132988,0.09355504629500358,0.1621906914563761,0.06033412828190997,0.0008856812999193499,0.00110361515022839,0.7,0.9,0.9,9,6.4774618985351,13.092693501450462
2,6,0.26471412450790177,0.5831759629644309,0.5390640788117412,0.08810236659623327,0.14277754294192893,0.056125465909752835,0.00097695705562925,0.00122888139020008,0.7,0.9,0.9,11,5.39697313534022,12.802735136614098
2,7,0.2827763758598098,0.600405655465239,0.5682633538006692,0.13640385495563812,0.19975391478061758,0.12234524253413767,0.00095353683266882,0.00172505739531775,0.7,0.9,0.9,13,6.542159678292957,6.316236919963333
2,8,0.21310239356521618,0.5015837679925796,0.4606689350894249,0.10154328326070715,0.2905241314893172,0.09185248828435502,0.00104011251207647,0.0018101044176744199,0.7,0.9,0.9,15,5.208062203470777,4.992569848226962
2,9,0.19507699260180908,0.4715504779941226,0.4277123017313721,0.09850154104381453,0.13737527003416103,0.08562044578752401,0.0011283095640931599,0.0019423732827461699,0.7,0.9,0.9,17,4.217654168550851,6.444089449022743
2,10,0.18373401932779124,0.4541866324476127,0.41614991256434264,0.10023739181020858,0.12163689373500568,0.08412722864387326,0.0011658228102678701,0.00199190678873277,0.7,0.9,0.9,19,3.722303966485248,6.319557706432972
2,11,0.16251348995154177,0.39466138316751914,0.34892188469951135,0.09317479328075447,0.46304111473403403,0.0930700712611934,0.00232986637533191,0.00347107431097635,0.7,0.9,0.9,20,4.371212102823602,3.849761882117241
2,12,0.15804502737750922,0.3756373301113355,0.3345929669126317,0.10064393786183745,0.16618535664618844,0.10414781473392942,0.00193326924853129,0.00321039419795553,0.7,0.9,0.9,22,3.61417438766466,3.3710408853864022
2,13,0.13616991804536668,0.32729690853309834,0.2817189617172576,0.09032470193920611,0.18486503987678424,0.09212076314834444,0.00202146630054798,0.0033426630630272796,0.7,0.9,0.9,24,2.961048119714977,4.6847435183030175
2,14,0.13433834660080518,0.3151648648715485,0.26789139680847307,0.09467334226251484,0.1586002220026341,0.09651896416160813,0.0019296144464273999,0.0032048664415784004,0.7,0.9,0.9,25,2.961960658310288,4.514137985623968
2,15,0.127441330803611,0.2967143446138617,0.25502057871468664,0.10504420314718112,0.138218131717107,0.0961367996086102,0.00200628509328153,0.0033244674194244997,0.7,0.9,0.9,27,2.8466009697000687,3.7659394986206975
2,16,0.1237062402366978,0.27849734325383263,0.2270767690248381,0.08806904538078467,0.15135886370531096,0.09624998397098128,0.00202011238475574,0.00335849156865622,0.7,0.9,0.9,28,2.5996623070174785,3.827553831088155
2,17,0.12526489359655027,0.27987938318019934,0.22843134915696522,0.09693352898078249,0.07454295584597567,0.09871727994084274,0.00202489674703537,0.00324096829312873,0.7,0.9,0.9,30,2.6236021067963264,3.7660541152394975
2,18,0.11947959864383446,0.2707408513613952,0.22623500482313316,0.10443445282010733,0.10240489644125371,0.09465249240711857,0.00198229990455072,0.00329368294810908,0.7,0.9,0.9,32,2.662415885816936,3.699841287458448
2,19,0.11919801850950036,0.2701719089267037,0.22562190707519683,0.1102436705307995,0.0730788087067665,0.09289235743382648,0.00237968754816362,0.00406794829969208,0.7,0.9,0.9,33,2.745102634738623,3.5276927885663887
2,20,0.11546429311039073,0.26167088146660394,0.22386259537526454,0.13555246556071676,0.07952609366189345,0.0936250125388226,0.00210519569283932,0.0032983950200061703,0.7,0.9,0.9,41,2.853889052334385,3.7527686310985935
2,21,0.11138581544271008,0.2686067163912114,0.25489846391730175,0.1832486061702588,0.07035561509245274,0.08840085981616339,0.00218202343492892,0.0038122782224220995,0.7,0.9,0.9,48,2.9306129039549647,3.705876814923799
2,22,0.10083222160137519,0.2524363916842642,0.23039750368011602,0.26163730063153323,0.05761133721873185,0.07031516784010361,0.00311991584028589,0.00562244040077112,0.7,0.9,0.9,64,3.004900737828958,6.589603980359204
2,23,0.0929779265109357,0.2254239820664715,0.19303436263645282,0.2571099112473919,0.16447294437366944,0.067092702380707,0.00295405704747225,0.00479444003059868,0.7,0.9,0.9,65,3.500071536702236,5.854366588770028
2,24,0.09273098700291482,0.21965304149258996,0.1864466223436743,0.26475510466302543,0.09702946872522257,0.06961198580564346,0.00282814125760224,0.00457962201094218,0.7,0.9,0.9,66,3.543275391823472,6.855158183966077
2,25,0.09469992854673642,0.2218651628480028,0.19619243842456088,0.2745981339086077,0.09131948031776455,0.07239009096827638,0.00316842916856661,0.0057225765336714396,0.7,0.9,0.9,67,3.44756317502936,6.999419475150799
2,26,0.09301089938929345,0.21491332868464363,0.19597657124456075,0.28465716160783605,0.09650395164304214,0.07407413699884809,0.00318544646739932,0.00570166630796506,0.7,0.9,0.9,69,3.415616708416178,6.981943431098717
2,27,0.09217901196262024,0.20960154387815644,0.19001660988993915,0.26274122064801525,0.06688215356627741,0.0748727893667723,0.0031532933087417897,0.00558398099111259,0.7,0.9,0.9,74,3.201261826031119,5.829840378551811
2,28,0.10069833868897682,0.21825588759780024,0.2062021050725905,0.41073295503700136,0.07157963635437667,0.06499222545069551,0.00729490316977027,0.01995445751117514,0.7,0.9,0.9,95,3.143394057513707,6.030874578320774
2,29,0.0887220729642421,0.2166086408751945,0.22857951813345861,0.4476604675337754,0.06320397523483368,0.06449888110347932,0.00455090515079017,0.0108130791689499,0.7,0.9,0.9,101,3.207325620898847,6.211029638549062
2,30,0.08745649992561909,0.2068341698667741,0.2100722633600295,0.45047186898272734,0.08722366611077799,0.06413548641018424,0.00424981273926995,0.01113995311400953,0.7,0.9,0.9,102,3.1367988514584497,6.479594125643781
2,31,0.0870333476009672,0.2067058160876974,0.21750521603780365,0.4629293563612523,0.06464433797549662,0.06557111881298973,0.00362084463472484,0.01142331851603293,0.7,0.9,0.9,108,3.119688773927304,6.050983727033112
2,32,0.08549723346139329,0.21419898470403134,0.24132250516781958,0.4795738940452133,0.05835662221428119,0.06341770952353556,0.0035897058273667904,0.011470961956558511,0.7,0.9,0.9,111,3.214930263127211,5.775492303182396
2,33,0.0846849899708158,0.2077651007798824,0.23409243762460502,0.5145333787341158,0.06667633027084517,0.0641545745411489,0.0035713536014020998,0.01159633345670822,0.7,0.9,0.9,116,3.216697492643742,5.834623045962762
2,34,0.09158101566988516,0.2125914984991405,0.24615369191987577,0.5568103509944938,0.07906670978169023,0.059779728679808394,0.00766544765537574,0.02039208819893078,0.7,0.9,0.9,120,3.5082113510895674,5.970143419371766
2,35,0.08076167501620003,0.19490918026258258,0.22751064684522904,0.5667041631922092,0.06199813147988904,0.06294348079592517,0.0038841497292014604,0.01151210871501861,0.7,0.9,0.9,132,3.6161913912627006,6.34284075212659
2,36,0.08618578084335557,0.2076691983701507,0.25635896735531294,0.6000589551274192,0.07702410823768638,0.06517809366231188,0.0047732576740597,0.01539645865168501,0.7,0.9,0.9,133,3.2709312609781254,5.728073014491796
2,37,0.08151555331097068,0.19725065846589523,0.2376064154792652,0.5907491687547503,0.06752834070247381,0.06481121772780181,0.0038802325379455405,0.01168243402260068,0.7,0.9,0.9,134,3.4278111954303423,5.751370112807443
2,38,0.079520654282459,0.1915691029966434,0.23894933768893725,0.6115612415887665,0.11786969632678845,0.06459694366205956,0.00396622570815775,0.011643053678633889,0.7,0.9,0.9,135,3.4571311634665185,6.311958750770798
2,39,0.08031933341748339,0.185196405186568,0.2240473236178278,0.5756714046568797,0.06968637353652038,0.0660219801960504,0.00405964254213827,0.01196358323370578,0.7,0.9,0.9,137,3.546666505728388,6.359459666995993
2,40,0.07746631174527863,0.17964061118502092,0.2256608352921898,0.5800149515892298,0.07644630446675774,0.06446271616987108,0.00388997015497149,0.01194100913919344,0.7,0.9,0.9,140,3.3807772673031424,6.02964889031102
3,0,1.0082857467274084,1.0438599430758653,1.0418525478137448,0.1991794834672512,0.06162402691321167,0.08778581206603546,9.031977727618e-05,0.00010296740826477,0.7,0.9,0.9,1,14.961640076473866,28.895647767692
3,1,0.9104375064309109,1.0001207278911033,0.9947135893699246,0.17888441367269572,0.22138297371973198,0.06850582989372875,7.895862779124421e-06,1.034122417076e-05,0.7,0.9,0.9,2,13.68875858866604,29.5843128399992
3,2,0.6543783652623956,0.9380821690457739,0.9212279265821794,0.24255191012720997,1.1549667582956376,0.21855880905259423,0.0008557660831484401,0.00133933609332008,0.7,0.9,0.9,3,10.309447036400792,14.29096871035034
3,3,0.49781988214137046,0.8128665210636101,0.7880365618416413,0.1713563693081546,0.3036086047555106,0.1407969666342121,0.00077528244338001,0.00119475338323952,0.7,0.9,0.9,5,6.591866314079854,14.214902074581236
3,4,0.4052948062626285,0.7316342394488725,0.7001484499835167,0.13969809441660952,0.24763637038449035,0.1086784775408077,0.0008637484078749299,0.00127393948928368,0.7,0.9,0.9,7,5.908334833801098,12.880663183771752
3,5,0.3493451489448436,0.6761667786103452,0.6386378164970837,0.12928415998497975,0.23003191011185206,0.10552964155069103,0.00095744044138936,0.00141909029455139,0.7,0.9,0.9,9,5.439737501367577,14.759330919084857
3,6,0.28874539294982626,0.6065110418127715,0.5620710521826461,0.11067412907572359,0.24365520527028925,0.0931424877273834,0.0010477602186655401,0.00152205770281617,0.7,0.9,0.9,11,4.912291479322701,11.865572166081549
3,7,0.27120100032468736,0.5801021507379011,0.5318185997816798,0.1161748488702079,0.17307325347608368,0.10380783741442734,0.00110206178724233,0.001620330273362,0.7,0.9,0.9,13,4.147836228151353,10.406249093736363
3,8,0.26500015365876406,0.5725097728554485,0.5237055106268611,0.11658953991286515,0.09867926801288252,0.099689753244913,0.00106186700788202,0.0015481493531552802,0.7,0.9,0.9,14,4.191206832961695,10.465996867971883
3,9,0.25700111770368406,0.5574522206429865,0.5062143084356809,0.11828882759542225,0.2027820671711448,0.10758600804778215,0.0013920610040602899,0.00227573879714696,0.7,0.9,0.9,15,3.616239386923449,9.805892078791375
3,10,0.25313721748304674,0.5509083289877937,0.4988236305280651,0.1220690045367457,0.12265348813734298,0.10937334045283595,0.00122626559589129,0.0021057141934696802,0.7,0.9,0.9,16,3.6002799402285777,9.785424340973762
3,11,0.2393515876272164,0.5339859415706195,0.48779083753402264,0.12127296182719009,0.19465218383633867,0.1081004926600762,0.0012365357285134,0.0016343060907655,0.7,0.9,0.9,17,3.678339555289246,7.697232194688054
3,12,0.2325978322801101,0.5255455646434616,0.4788792108085185,0.12105876346667736,0.09801302765760349,0.10226460945331872,0.00116042476662044,0.00150591373550953,0.7,0.9,0.9,18,3.586699250443253,7.978287667538775
3,13,0.1936809281776482,0.4635979081870065,0.4040539830808772,0.09217507457062274,0.2981112494063699,0.07917473543308765,0.0014699614698801,0.0016821737698066,0.7,0.9,0.9,19,3.1106672422611785,6.9817580194912665
3,14,0.19006861117091706,0.4569322290798389,0.3966718747199057,0.0956212702130629,0.09444210036579405,0.07898841361186693,0.00138670006625192,0.0015479901333668,0.7,0.9,0.9,20,3.189703838545508,6.713747080973197
3,15,0.20002122958953486,0.4594524617292159,0.40467023926635776,0.11689242837853796,0.21708621338558187,0.1091830767305855,0.00150329880915333,0.00214669606881451,0.7,0.9,0.9,21,2.933367769292089,4.804842780412551
3,16,0.17473308085221056,0.4248980932646313,0.360942495941038,0.09329470193205049,0.10949628643917057,0.07949181036762192,0.0014910364411629099,0.00179255981031704,0.7,0.9,0.9,22,2.8552210761526315,6.118887747860314
3,17,0.1768061184357383,0.40562532702246057,0.34464509851389646,0.11152562908563955,0.3457773235297291,0.11039702698871656,0.0015850203082479,0.00225326910016517,0.7,0.9,0.9,23,2.189674730212498,6.160350652227969
3,18,0.17187848241299003,0.39465340023761475,0.33253293275949136,0.11370349764035076,0.13798132112322525,0.10935243923660665,0.00151372943903958,0.00215766323764243,0.7,0.9,0.9,24,2.2039079841476243,5.692321563313717
3,19,0.16238244837710428,0.3767717507456168,0.31307148040455524,0.10644755530443381,0.15929512206835836,0.10323908670287704,0.00178362555487088,0.0023077458671702,0.7,0.9,0.9,25,1.710768755383691,5.082954987834793
3,20,0.15566092957171024,0.35565110726360816,0.2893977643198411,0.1076675344855833,0.20631317067636717,0.1056502266268324,0.00163331661268962,0.00221871612364292,0.7,0.9,0.9,26,1.6575911174005886,5.169813764586188
3,21,0.15499407325450099,0.350896234608663,0.2839358121825395,0.11071898087697382,0.114554715441339,0.1081017162655015,0.00145549923394605,0.00216105438018579,0.7,0.9,0.9,27,1.6471718341248225,5.095460233614741
3,22,0.15092584297785955,0.34632937419691084,0.2866770592329948,0.11320773406513467,0.12036049524732724,0.1056502266268324,0.00163331661268962,0.00221871612364292,0.7,0.9,0.9,28,1.74519507316661,4.719754787426999
3,23,0.14862832942069776,0.33239666573605964,0.263363832230674,0.11775022340070856,0.14138670051614802,0.10722203038639996,0.00173407035229973,0.00238673168580445,0.7,0.9,0.9,29,2.0678271908275367,5.082898025420631
3,24,0.1445996255565438,0.32912904813118304,0.2676368702808307,0.11793447331333347,0.09208657688995191,0.1045487088563712,0.0015642004724613998,0.00212418075328751,0.7,0.9,0.9,31,1.7121390603296065,4.275314787285945
3,25,0.12321170250060542,0.3029747633511964,0.24068946287621332,0.1036401230406458,0.0978121413445148,0.07704828323275673,0.0016968153673572101,0.00211957736929519,0.7,0.9,0.9,32,1.5782884295549673,4.447827654430273
3,26,0.1364600099251335,0.3101056829860426,0.2542383898317296,0.1204657647530377,0.16493425189474464,0.1028715037417075,0.00161675855471944,0.00219291913587923,0.7,0.9,0.9,33,1.5184541956990043,4.039082190833533
3,27,0.133662615472717,0.30402717417479025,0.24762936745995978,0.14212883017847747,0.08757667958705322,0.10096870014335817,0.00161691333789256,0.00213554095970835,0.7,0.9,0.9,35,1.456519007036439,4.2060338116796405
3,28,0.13353565557752714,0.30199779609574207,0.24529391449054672,0.14562402948723996,0.0903414549749814,0.10196991856282252,0.0015985262394762,0.00213091823422991,0.7,0.9,0.9,36,1.4557769395559166,4.255316053764492
3,29,0.13007146941547504,0.29162273442747083,0.23381497836856857,0.1601758539385654,0.10225980406072686,0.1007412964946646,0.0017029989414245402,0.00230700535551384,0.7,0.9,0.9,38,1.511203933427563,4.519033460729562
3,30,0.1306653105860337,0.2916954236485638,0.24125183826657995,0.16740976162962193,0.0905437782311943,0.1043588408660984,0.0017499265148998501,0.00237994625723423,0.7,0.9,0.9,41,1.6119465052640105,4.310644115048729
3,31,0.12459353915180384,0.28737627218762823,0.24465987086939509,0.184212391457611,0.07938008963004971,0.09753516289646205,0.00174362026936019,0.00217723887389264,0.7,0.9,0.9,44,1.5828515467426425,3.490591199605558
3,32,0.12704140743141362,0.2817878752031162,0.23035636082134095,0.1607666484030171,0.103724066497725,0.09660544309692123,0.00671394749557442,0.0021520254639336997,0.7,0.9,0.9,45,1.5502027284332234,4.071820530566048
3,33,0.1258080500810239,0.27971753607233457,0.2356201843604368,0.18162378364777515,0.11864693474953802,0.09660562218476063,0.007552958909206579,0.0021605571205625803,0.7,0.9,0.9,46,1.5868240899906794,3.752017443669097
3,34,0.12432527293074717,0.2748450668868565,0.23022496434890283,0.19085866571539817,0.10275823570360956,0.10179153705901704,0.0024567809138502103,0.00294867374896981,0.7,0.9,0.9,47,1.833097264620374,3.337279910939742
3,35,0.1409596393643573,0.2905240417751544,0.245757268193227,0.2078733396467974,0.10058436638742062,0.09788258434766384,0.00606683868942535,0.02124403239087043,0.7,0.9,0.9,48,1.7608258496484748,3.3424449879549383
3,36,0.1409596345867855,0.2951233538487185,0.25853058147145697,0.21930137080547965,0.09309764565036674,0.09788258144666906,0.00606683810553316,0.02124402998967427,0.7,0.9,0.9,50,1.760825826530963,3.34244492410914
3,37,0.11613527347161831,0.25789586697448746,0.21941426568395642,0.20169685184478453,0.16886192706634418,0.09408184844621542,0.00182416979607768,0.00565015937597968,0.7,0.9,0.9,51,1.7284790631179037,3.3263311702657985
3,38,0.11830163297722131,0.25900772314653125,0.2203671589369224,0.21461557862679423,0.07915811982907633,0.09730990856234528,0.00185739703550118,0.00590597450581727,0.7,0.9,0.9,53,1.74600953053558,3.304923683693892
3,39,0.11947095294654496,0.25704458636933997,0.2179324577751726,0.25587409182584175,0.08332157236592248,0.0982772342523966,0.0035037555567141603,0.0059610513707144,0.7,0.9,0.9,57,1.961934853510361,3.2470929271767943
3,40,0.1286918795139637,0.2559922921129132,0.20785093044616415,0.2646825074098236,0.09586144849107697,0.1116778641118018,0.0037198409970174997,0.00767269274453702,0.7,0.9,0.9,63,1.724317581008596,3.256555028821067
3,41,0.12656621940219248,0.24980363951284684,0.20855811026540838,0.2861336897806774,0.1210250141795316,0.11145093833275237,0.00386804511958594,0.00828319643584109,0.7,0.9,0.9,65,1.8211614833946976,3.07700205884505
3,42,0.12626648304867963,0.252594042653583,0.219300025494313,0.3102577627805788,0.09289417978198174,0.11268040697996398,0.00369833211820865,0.00767440747684252,0.7,0.9,0.9,68,1.8161645639280384,3.130920053312973
3,43,0.12379681618972287,0.24273272052473208,0.20835470845504186,0.32808310761373805,0.11647370404146286,0.10885569512593969,0.0038541199546898,0.0101946995925666,0.7,0.9,0.9,70,1.832190343984843,3.0566138526155835
3,44,0.12401652375060909,0.24571504146310164,0.21924294774068545,0.279092221666371,0.09644936720646982,0.10984732122521071,0.0038317792694471603,0.01028554480019413,0.7,0.9,0.9,72,1.8334944292105944,3.0686508294360846
3,45,0.12336321078748637,0.24306581203285765,0.21630344797850598,0.34009244157329466,0.10426861137778941,0.10983699375314178,0.0038351811583967796,0.01020081705299468,0.7,0.9,0.9,73,1.8125371782862705,3.13415517507993
3,46,0.11502182261486424,0.2344997983559055,0.2227221545517933,0.38577453841829756,0.09540162758608547,0.10834330672427002,0.00374974771358672,0.0051150799110552,0.7,0.9,0.9,79,1.6862820324622558,3.517553692060864
3,47,0.11421073444166253,0.23119317184573362,0.21905675892777693,0.3763530551019563,0.10198577415566519,0.10753148661197998,0.00416207335514688,0.00518850888346471,0.7,0.9,0.9,80,1.7155945235255423,3.4961018964783497
3,48,0.11308133000920959,0.2268015522008859,0.21419743436990704,0.3833426727835139,0.10727700945414372,0.1070146157143466,0.00421945887276065,0.00525212486212304,0.7,0.9,0.9,81,1.719042928962507,3.5077418033437744
3,49,0.11290342037520758,0.2303015684815654,0.2257396811972065,0.4005987831917209,0.09020890126139985,0.10698164788709016,0.004226235808820139,0.00534518496334273,0.7,0.9,0.9,82,1.692117636612564,3.5848307435693343
3,50,0.1125375431138361,0.22873384123727875,0.22400016987047164,0.4086245480113807,0.0922096162298843,0.10689147134593042,0.0043076081558293304,0.00528084715185863,0.7,0.9,0.9,83,1.677696545066959,3.579227074784968
3,51,0.1130048576932792,0.22909725899195427,0.22434882184191007,0.4090824303001707,0.08470481247460053,0.107187123947077,0.00465712254091812,0.005251079133475009,0.7,0.9,0.9,84,1.68457541347022,3.5609929550909447
3,52,0.11436616254752124,0.23419012085863888,0.2374918949698921,0.43722426063097086,0.08659075723972456,0.10774308332639078,0.0037161019848587695,0.00752612039970946,0.7,0.9,0.9,90,1.6562039753142257,3.646946946013625
3,53,0.11320143206846796,0.2229069831600536,0.22476542349518722,0.4655619146033778,0.11199603751148554,0.10955847610945069,0.0038366077980216,0.00764843258728494,0.7,0.9,0.9,93,1.715254811096794,4.228812557213271
4,0,0.8950974976466278,1.0061466518822446,0.9992589117244061,0.1925585623557015,0.06709872323109912,0.09559539567105928,9.493716685976e-05,0.00010722534575984,0.7,0.9,0.9,1,13.040061715331635,29.46462435963484
4,1,0.6337028591611066,0.895068034188743,0.8819486947024909,0.17577476577861345,0.446128602190997,0.1114656059090984,0.00050394091603144,0.00046825780627921004,0.7,0.9,0.9,3,8.719929030288716,15.479649207675216
4,2,0.6140286291751612,0.8847444147218567,0.8701798752999009,0.17788115012217226,0.15504116155698502,0.11449810288661677,0.00070128577131766,0.00065162904301968,0.7,0.9,0.9,4,8.864707953398392,13.98618109273724
4,3,0.49897118643344235,0.8156557160583859,0.7901832563829572,0.1782392956158552,0.6642907213457813,0.1531243114400406,0.0007047035836377699,0.00109429977458185,0.7,0.9,0.9,5,7.336547791394227,14.665688848219276
4,4,1.477525612247387,1.7924006066401723,1.7575469017674,1.1744707545818938,1.162580328937522,0.25783185292960364,0.02261255340194602,1.0,0.7,0.9,0.9,6,10.036117374119527,11.68619144704774
4,5,0.3838838527222077,0.7110541154450055,0.6790810189572191,0.12477875176373268,0.33384886549916115,0.08513672134773002,0.00116059197902339,0.00121273921177522,0.7,0.9,0.9,7,7.004100357851257,14.42964170386005
4,6,0.3720723081559658,0.7044821031939658,0.6795276324128822,0.12598491131092265,0.1198450563887772,0.08425604638281194,0.0009796081285229998,0.00102594285314766,0.7,0.9,0.9,8,6.767150701931115,14.701670699708504
4,7,0.33922451257040076,0.6648046119225164,0.6256735727664468,0.12813024026875097,0.3821573628991617,0.10978888856195783,0.0008846883087844,0.00130723778854548,0.7,0.9,0.9,9,6.458990341571592,15.034469411214523
4,8,0.3139169140831746,0.6439950950716641,0.6126846800447036,0.11305019370704111,0.07616993796537988,0.07793333209500455,0.00106872998884367,0.0011439023454713,0.7,0.9,0.9,10,6.154605018130162,12.675364143828183
4,9,0.26918506297801126,0.5816813483060083,0.5348289482409108,0.10120852536671154,0.43795932970786106,0.0883878599004779,0.0009738101691050599,0.00142519728086912,0.7,0.9,0.9,11,6.123197808653483,12.161858920938997
4,10,0.25258206665745464,0.5573540559972769,0.5075692047217606,0.10122353964200644,0.14039438263982237,0.08992662944383326,0.00125862166968437,0.00174687331814864,0.7,0.9,0.9,13,5.845689935841233,12.255700738222172
4,11,0.21823813593250826,0.5133422801632644,0.4602485419845402,0.09099658465229568,0.1383325113205117,0.06944677363448701,0.0012404497940872,0.00132704423515989,0.7,0.9,0.9,15,6.694453673754633,8.637118384480454
4,12,0.20351072292163264,0.48938735882966433,0.44062744271611975,0.09511337599987904,0.15519436680934803,0.07708888665783481,0.00127267106455995,0.00138482815065772,0.7,0.9,0.9,17,5.740217640001071,7.635570500923073
4,13,0.18732259704275817,0.46225662535184,0.41808514149065057,0.09460548476528012,0.14370169086974022,0.07708888665783481,0.00127267106455995,0.00138482815065772,0.7,0.9,0.9,19,6.103711844307528,8.328652912034617
4,14,0.18040272107850958,0.4269880064229143,0.3694806630529491,0.10490734200964466,0.159626942402335,0.09786329137587396,0.0013865167988852101,0.0017890307906406999,0.7,0.9,0.9,22,3.9633155709457566,4.091712492800152
4,15,0.17511709049718055,0.4192178602517504,0.36848692253804033,0.11980495510304316,0.10616169734540501,0.09786329137587399,0.0013865167988852101,0.0017890307906406999,0.7,0.9,0.9,24,4.188416638951533,4.573266150086148
4,16,0.15999002411987803,0.3996347832290291,0.3480288307101129,0.10506278061478241,0.1040956416367008,0.08132092993543145,0.00135421793944621,0.00153218766395089,0.7,0.9,0.9,25,4.216912317771357,5.166547720298439
4,17,0.13921900784815464,0.3354046519036387,0.27588643946943486,0.10142906494694308,0.4686285421320479,0.08896016551659794,0.0014792434978122,0.0018970349214302198,0.7,0.9,0.9,26,3.685021756659819,5.859042303620728
4,18,0.13820686894300693,0.3338079157210077,0.2815795421996662,0.11051683040853613,0.08947570679713181,0.09141958446131238,0.00143148925899017,0.00184141280703198,0.7,0.9,0.9,28,3.6016553572436085,5.230248037897917
4,19,0.12486238954826025,0.29204856531078305,0.23513365909634876,0.09578177291279287,0.18646114332743408,0.09096467080454959,0.0014551774480356199,0.0018520719867266202,0.7,0.9,0.9,30,3.032246886256641,4.183840015900443
4,20,0.11779382077999598,0.28378467403826496,0.23412511498638694,0.10905828450363979,0.07115326286068917,0.08405429340771989,0.0015721818499525898,0.0018517439191524199,0.7,0.9,0.9,35,2.8869109660306376,4.070584654704694
4,21,0.14573605837928486,0.3163459299142015,0.28230864871663813,0.2433995252645428,0.09403184746260722,0.0939433655311446,0.01832397783989276,0.01050397302595751,0.7,0.9,0.9,51,2.5828722469914323,5.035575723904982
4,22,0.12296644792304759,0.28676694201796565,0.24421041933106252,0.21286027271573255,0.07843959999607143,0.09356552207512382,0.00244763717827525,0.00231425810294144,0.7,0.9,0.9,53,2.571427884314656,4.382177724446089
4,23,0.12024728726258346,0.28227430081594396,0.23943953379462882,0.2179744765634963,0.08195604287424418,0.09125687861621212,0.0020286779535598097,0.0022722375398561,0.7,0.9,0.9,54,2.5270418937712047,4.378355108796523
4,24,0.12007582944436172,0.2818467480035743,0.2389718181041604,0.23734320742860693,0.06972017753224116,0.0911574879943829,0.00202456610465486,0.00227262828802533,0.7,0.9,0.9,55,2.538595495124879,4.355803209789902
4,25,0.1197587805714863,0.2851076944357412,0.2502473577555342,0.2409145273296625,0.07585449602335735,0.09125687861621212,0.0020286779535598097,0.0022722375398561,0.7,0.9,0.9,56,2.52272507420944,4.494267520904748
4,26,0.13452926066061005,0.2819872948075658,0.2518456251763004,0.2631720703042679,0.17867482423930053,0.09236239275020476,0.018326241176223203,0.01051184261772261,0.7,0.9,0.9,58,2.473678418913985,4.363888381548771
4,27,0.13330772333165036,0.28388925365227696,0.2616987195693178,0.2738207774318173,0.09556556270679367,0.09128072156318556,0.018344367784595188,0.01053005179374037,0.7,0.9,0.9,60,2.566470741010149,4.488995769615725
4,28,0.1332753768451336,0.29755891043419064,0.2998761286027062,0.29780575240694906,0.09000710030499266,0.09128071992983128,0.018344367558458398,0.01053005259388021,0.7,0.9,0.9,66,2.5670830833116107,4.504147996907336
4,29,0.12957445794512967,0.27327639223554484,0.2575403794262583,0.2938356087750168,0.1768016633580873,0.09046617951625367,0.018597968819482922,0.01091537809294245,0.7,0.9,0.9,67,2.724439013189551,4.763184259678973
4,30,0.13074950474082422,0.2666454915775925,0.24225953264777608,0.36450152870580793,0.09409020217258975,0.09156561667150248,0.01915017019060676,0.011930567037428801,0.7,0.9,0.9,79,2.917302450486188,5.394779869239336
4,31,0.13036312486630844,0.26966622043548494,0.2532777347851897,0.3854407800337046,0.09655048315097495,0.09144912955753304,0.01916980435185893,0.01198299589607084,0.7,0.9,0.9,81,3.0202343272541987,5.530452960669432
4,32,0.1328226556098206,0.27409704638315724,0.2654945973334826,0.388346331962345,0.10521226937187239,0.09602795825221691,0.01965553117600281,0.01156525094540658,0.7,0.9,0.9,83,3.03893486308938,5.404833197245495
4,33,0.13676606621629284,0.27791798672750767,0.2767951583780266,0.41391105424032154,0.1124841639880467,0.09797378272032183,0.02095817671087209,0.01471211075709478,0.7,0.9,0.9,86,2.799966722033354,5.496182914118684
4,34,0.14598670029816818,0.3086412534212991,0.34816979070515514,0.6479299789519578,0.11062146816119384,0.09997023304894789,0.025674324035905936,0.01918117013080249,0.7,0.9,0.9,127,2.845514260094045,5.497571631287926
4,35,0.14803651637865115,0.3151760347965326,0.3703643613880416,0.6825114586729855,0.12254809156217816,0.10016615793790591,0.027766799604388222,0.020744449063384122,0.7,0.9,0.9,131,2.9433020566157566,5.565868144626771
5,0,0.8479125211815572,0.98749557948787,0.9784473768958974,0.18765189727547466,0.06756681155931434,0.09627090878843272,8.861105154716001e-05,0.00010825051224332999,0.7,0.9,0.9,1,16.636630383757815,29.46462435963484
5,1,0.6291683649740877,0.885581412137933,0.8643195690737778,0.17067367780877465,0.3850542004116731,0.10482828985965686,0.00017923898556671,0.00021570816062430002,0.7,0.9,0.9,3,11.089581295997403,21.854475246009628
5,2,0.47623846750740817,0.7923129052539393,0.7671269059753555,0.15657583429409483,0.3914685877935404,0.11606408296314821,0.00084868886271472,0.0010213688330119699,0.7,0.9,0.9,5,7.661682809722552,16.5447371363478
5,3,0.4097724297103882,0.7347130226937711,0.7046457454396775,0.13374308058505527,0.19269537650160157,0.09575256909732235,0.00080532942110332,0.0008585573309665299,0.7,0.9,0.9,7,4.793465169343609,13.116422041986764
5,4,0.3526253209408064,0.680065136824812,0.6438751315642388,0.12465487760672175,0.22410855788615572,0.09481255623445703,0.00089640027329606,0.00098129162255933,0.7,0.9,0.9,9,4.770849052745682,10.64412161109064
5,5,0.2991422483353873,0.6203564271556488,0.5778365667310413,0.11229086640425438,0.22569378552163658,0.08924271669004111,0.0009904543662900699,0.00111541135747954,0.7,0.9,0.9,11,5.346862216118502,10.014513070760165
5,6,0.2649288088180137,0.5745978230162159,0.5266090591484611,0.10879384774363349,0.20639247857898463,0.09273311268022763,0.00108347809124397,0.0012393941026915402,0.7,0.9,0.9,13,3.9980954770622046,10.477765429357987
5,7,0.2622401815130975,0.5718033854735292,0.5237736239095072,0.11094957256015422,0.06665769069857258,0.08951386129004887,0.00100384846384256,0.00112033295958665,0.7,0.9,0.9,14,3.7613298979298606,10.683493037628732
5,8,0.24753772380718267,0.5474286595315113,0.4960143209719394,0.10937920812982327,0.24267380633086857,0.09677573386364936,0.00123068842396321,0.0014411553445052802,0.7,0.9,0.9,15,4.084091896381677,11.216691172581095
5,9,0.23885741216703973,0.5338569106273984,0.4809289716118377,0.11038231273000658,0.14712793679303726,0.09690677211806883,0.0010304138675679701,0.00134308412859556,0.7,0.9,0.9,16,4.18368339462777,10.536977665193705
5,10,0.22135436897922536,0.5011017877265919,0.44397651726288384,0.10536051570366556,0.28831386766574424,0.10209161623437561,0.00143164851913765,0.00178530118963619,0.7,0.9,0.9,17,4.041548658225332,10.28784305644552
5,11,0.21826875230586304,0.49635512688009925,0.43880859739687816,0.1084766464704973,0.09481053725156692,0.10099025356230625,0.00128612052844814,0.0016555272730505901,0.7,0.9,0.9,18,3.89428953056234,10.415490922211344
5,12,0.21160380287351507,0.48652996679228955,0.4281971360775176,0.10675108907272547,0.11055640255343337,0.09749776140159104,0.00108765572024316,0.00138510751354844,0.7,0.9,0.9,19,3.738193624278845,10.250942439227227
5,13,0.19947565224382127,0.4692118323066687,0.40962719685536747,0.10358916752526644,0.12804205228056684,0.08780168373054342,0.0013535734223228501,0.00172660080341525,0.7,0.9,0.9,20,3.291261355593493,9.30657569273372
5,14,0.2041943050512138,0.46808112438902877,0.41427655468068475,0.13416476108117303,0.11019487786281851,0.11048608448284195,0.00090404629494666,0.0017044791085059,0.7,0.9,0.9,24,2.718605295137648,4.379260946718092
5,15,0.17081812048484069,0.40509766136880965,0.3524519196169772,0.12450638544141775,0.2531587306424667,0.10071941534713443,0.00141829557675385,0.00267408693678717,0.7,0.9,0.9,26,2.5875533687001964,5.306459282414554
5,16,0.16585394477151483,0.40395074368877787,0.3739495585455808,0.14480634208975926,0.12377839519067803,0.10288134879644176,0.00150178506307924,0.00276470845375273,0.7,0.9,0.9,28,2.3029773975056744,4.603623556435061
5,17,0.15429065392396285,0.37005282148300817,0.3213255996331961,0.1314541843578228,0.13258510191246095,0.09946922369051889,0.00107395357993676,0.0017846449311745502,0.7,0.9,0.9,30,1.975764382579135,4.547527964947088
5,18,0.15922143866476351,0.3677807351280544,0.31039553111189405,0.1433060467040603,0.0854723085239268,0.10676856003846558,0.0017327197062592802,0.0027934021725069,0.7,0.9,0.9,34,2.043515115770134,4.680392713705544
5,19,0.15100256601139667,0.35368061199027906,0.3026618894823101,0.14611717810129687,0.1211712096801308,0.10470709976621939,0.0011402899136582199,0.00198386954392361,0.7,0.9,0.9,36,2.01696609677738,4.160654813762584
5,20,0.1484349677932954,0.3436798246603231,0.2913908835353049,0.15066500622576764,0.14212602265980953,0.10508701938248932,0.0015947786715584202,0.0026126083481198,0.7,0.9,0.9,37,1.967852962332752,4.473723456585629
5,21,0.7712205617457574,0.9699331967407381,0.9330225983858729,0.8107335989815571,0.7129736308255414,0.3737940603984851,0.01136005398790315,0.47900491417598196,0.7,0.9,0.9,42,1.9202962467848284,4.869415273817394
5,22,0.9060516982295003,1.118103335592945,1.120466917015466,0.9800693954269544,0.8827341727498335,0.3920442707169794,0.01281710466431748,0.6181278670634459,0.7,0.9,0.9,44,1.9992899343011,4.94386707724404
5,23,0.8997490145135566,1.1226996239056681,1.1491115802026228,1.0045521258017178,0.8493090302031757,0.38976782507726726,0.012692310900979609,0.6144573837081705,0.7,0.9,0.9,46,1.9219094197014408,4.98769603659606
5,24,0.89830192848938,1.1208349331472138,1.147178933990265,1.0031192267206501,0.8394773524736687,0.3893161141192017,0.012671305102794789,0.6134273793089297,0.7,0.9,0.9,47,1.8983233866373024,5.044615679283778
5,25,0.8962673201143199,1.1080907582325161,1.1178392238655965,0.9852185825130615,0.8474266494309426,0.3799755633566714,0.012931284047020361,0.6189256079294423,0.7,0.9,0.9,48,1.8873638897646392,4.529073746789321
5,26,1.4069746592082424,1.6283457692237988,1.6768051945723954,1.572259782059059,1.3693377890853897,0.6272205079302097,0.013295354961090031,1.0,0.7,0.9,0.9,54,1.7730264001188254,4.382659475680914
5,27,1.4007938864549572,1.617255168437914,1.6723907206333342,1.5863250524606545,1.3740415416492096,0.6236982136933127,0.01333166026792681,1.0,0.7,0.9,0.9,57,1.9321173099739253,4.11378922703166
5,28,1.4003362538032529,1.6099526102543957,1.6565635710414046,1.5818117162449923,1.3668508971435966,0.6241573507778091,0.01341697347412445,1.0,0.7,0.9,0.9,58,1.8236185109456264,4.263621131396151
5,29,1.405374044382551,1.6125658633309028,1.6587997402295307,1.590868477473499,1.3741526287758439,0.6328885789407425,0.013236731725731902,1.0,0.7,0.9,0.9,59,1.83746630693852,4.077686319280707
5,30,1.406326538128611,1.612687847356093,1.6587929675215587,1.5958541440870686,1.3627637073211534,0.6346987282839577,0.01323108536263016,1.0,0.7,0.9,0.9,60,1.8225290439521564,4.086798884048248
5,31,1.3998534112119594,1.609119985478294,1.6631368247711826,1.597903766182578,1.363736889362508,0.6261812022948289,0.01336092457966224,1.0,0.7,0.9,0.9,61,1.781362961609022,4.040792879693454
5,32,1.401446169447568,1.6104563312276061,1.664433667394285,1.607118310498712,1.3530405692180068,0.6288492304920218,0.01315958519986179,1.0,0.7,0.9,0.9,63,1.794421622207505,3.993525998386212
5,33,1.3832016771193667,1.5787966679318548,1.615775847524481,1.5811717599991297,1.3519058002225117,0.6063881891012844,0.01206290275926597,1.0,0.7,0.9,0.9,65,1.982818110416308,4.235567368634705
5,34,1.396293276334166,1.6104348454342658,1.6876030728351596,1.6433241452487586,1.3586749766050494,0.6250385265802787,0.013857507275180031,1.0,0.7,0.9,0.9,69,1.556597183567566,3.790094646118519
5,35,1.396609520088905,1.6101069141800934,1.687176796646392,1.6436209187084927,1.3530444753174926,0.6257107723588012,0.013936611564834219,1.0,0.7,0.9,0.9,71,1.6323564770401782,3.847903487589373
5,36,1.3762172677247348,1.588787762515096,1.673191977750669,1.6570577279817753,1.374883276960782,0.5991623736543753,0.01404407534813087,1.0,0.7,0.9,0.9,72,1.7116851834279971,4.314509316676707
6,0,0.7850071284696873,0.9646330804965115,0.9521717470249633,0.18652604595801067,0.07490748005666598,0.10672361445063176,9.131643205062e-05,0.00013196128042021,0.7,0.9,0.9,1,21.93838345927109,29.46462435963484
6,1,0.5700073192975226,0.8533534671689318,0.8275054263635235,0.16764985099955665,0.4232853890486702,0.11669834639378658,0.00018091072982398998,0.00026715507130536996,0.7,0.9,0.9,3,16.18542845970604,21.854475246009628
6,2,0.4435596575050132,0.7673409221600835,0.738177741244407,0.15691652512307366,0.3859682080839575,0.1307790119578736,0.00071360859233853,0.00107097233668451,0.7,0.9,0.9,5,11.178500682216082,13.685207032308446
6,3,0.4167072055501566,0.7423745824628991,0.7116464990536663,0.1456200623146395,0.1618291428188344,0.11535045364821847,0.00055737459790252,0.0008744882538721801,0.7,0.9,0.9,6,10.492117555132024,15.1242896315639
6,4,0.36893216874180035,0.6965215102841881,0.6607684133531654,0.13428407187648359,0.3369385608449278,0.11268824750485724,0.00079859663907451,0.0011651799351334899,0.7,0.9,0.9,7,8.513100696502745,15.13793180239509
6,5,0.3584632159616654,0.685659586538314,0.648737840429254,0.1349258642158529,0.1397780763280935,0.11228780992575045,0.00066923735445347,0.00102803137963999,0.7,0.9,0.9,8,8.068311947804734,13.377550140959206
6,6,0.29766632989403247,0.619084487209918,0.5766846802704426,0.10591134775953007,0.34107271723640825,0.08582747339810363,0.0008873667301304599,0.0012818488224021298,0.7,0.9,0.9,9,7.770671992066681,13.10986860160062
6,7,0.2875988059222522,0.6079540133581235,0.5649076070233752,0.10325331488326231,0.08963708083844964,0.07881355105438685,0.0006460198050690701,0.0009689981869924,0.7,0.9,0.9,10,7.396562914477401,11.941417733645544
6,8,0.2513997857476763,0.5575624441866994,0.5082530176116377,0.09558803072966453,0.38114889161795457,0.0850439157080167,0.00098046471159108,0.00137995202853317,0.7,0.9,0.9,11,7.44231898766013,13.557832570252106
6,9,0.23752550784285983,0.538951889735346,0.48801578749971625,0.0919397412720838,0.14051919119195694,0.07936403278141561,0.00085110542697004,0.0012428034730396702,0.7,0.9,0.9,12,6.791540269824382,12.08399834991688
6,10,0.24210094691182352,0.5410765187951152,0.4893658110273335,0.10195577903627645,0.10551021291755952,0.09105855263470139,0.0012386867668133798,0.0017366618871521502,0.7,0.9,0.9,13,5.913324096250499,11.80473375062202
6,11,0.22278140758336695,0.5126290884861854,0.45819776087246183,0.09565280851806185,0.20090633173822012,0.08605673822689999,0.0008306601938055499,0.00117767154916311,0.7,0.9,0.9,14,5.9219735175816455,11.392119560582074
6,12,0.2171213476126808,0.5082928106329949,0.4611299296399827,0.10233023485393339,0.08420690085509198,0.0848706909107326,0.0007827641436127601,0.0011235413022717198,0.7,0.9,0.9,16,5.960835117795016,11.35716078234652
6,13,1.1534517012783674,1.4254101504363685,1.3734201563209745,1.0634319881761385,1.267701300348148,0.17137189191859833,0.00111088973845898,1.0,0.7,0.9,0.9,17,5.069072430812469,8.140461881208294
6,14,1.3098812657289653,1.5610790270591792,1.5117592938058675,1.2383649623620623,1.341009244082023,0.427716628101527,0.00148179197345417,1.0,0.7,0.9,0.9,19,4.292221382587383,6.468702043777867
6,15,1.3056325127967963,1.5558351574345877,1.5135771243068161,1.2446080344276378,1.2285895599172332,0.427716628101527,0.00148179197345417,1.0,0.7,0.9,0.9,21,3.793399801506138,6.66990373359391
6,16,1.1545093238441657,1.4024122585301297,1.359697696801139,1.0997497169817723,1.0746363809455544,0.2145682579533968,0.00128266410447479,1.0,0.7,0.9,0.9,22,3.78426348638678,6.772641047148882
6,17,1.1618494584868007,1.4095624996412461,1.3668107881312266,1.110708150130471,1.060702812911364,0.22534520136066055,0.00121072439856545,1.0,0.7,0.9,0.9,23,3.9530025723431073,6.479299371713674
6,18,1.1538876367447444,1.4053065433747483,1.3705527328761848,1.108737648530114,1.060507483984925,0.21482667738394232,0.0012836099708836602,1.0,0.7,0.9,0.9,24,3.8685139251939846,6.763651942774263
6,19,0.17205903973515035,0.4075968505635884,0.3551884991254485,0.1122700328353422,0.14178966061625192,0.10181753921539649,0.00117326545075708,0.00250795133088088,0.7,0.9,0.9,25,2.992980501355502,5.809631532504607
6,20,0.17035421544260176,0.4002051504551213,0.34671836129391065,0.11763048973375939,0.13154270332023868,0.10510485890171295,0.00109040371367719,0.0024252191673346498,0.7,0.9,0.9,26,2.967516774051903,5.488160315955553
6,21,0.1558852313166128,0.3736921836525983,0.31798565591097083,0.10307064930053648,0.1825789238565443,0.09520055771036565,0.00151704929672257,0.00206846684143706,0.7,0.9,0.9,27,3.3209850687715585,4.638345181310686
6,22,0.1579894774738842,0.3701485609086629,0.31342073211930727,0.11501952678437605,0.12783391739931374,0.10253280491856327,0.0012992888437461099,0.0026884510777840697,0.7,0.9,0.9,28,3.377453526428654,5.149469675534839
6,23,0.13148111656587128,0.32098339715786445,0.26772774427547286,0.09458151759243315,0.30246642606719576,0.08719398044067664,0.00099049548072649,0.0014204488696381,0.7,0.9,0.9,29,2.3823489054438687,5.002943106305414
6,24,0.12919788654182604,0.30951475877006074,0.25473636125633714,0.09897173154652435,0.1428333808221746,0.08975594906654874,0.00110992703839365,0.00153794668624958,0.7,0.9,0.9,30,2.334198466147897,4.572886936210127
6,25,0.1296226605017484,0.30986978180317754,0.2550798487887817,0.1028914250149298,0.06625202738479972,0.09042708795269108,0.00110324666045604,0.00152970354464226,0.7,0.9,0.9,31,2.33351712546498,4.428347123189214
6,26,0.12694032699380142,0.3065149856159981,0.25903767682034073,0.11381220022756429,0.07997552943742775,0.08989952007584913,0.00112080508165287,0.00155493363054382,0.7,0.9,0.9,34,2.296963537933748,4.524994366407137
6,27,0.126024409492821,0.2820121900842413,0.23077796754205734,0.1239668647264842,0.16985765855047766,0.10093212174913405,0.00128063087081442,0.00252931786758482,0.7,0.9,0.9,36,2.371209370053658,5.114600660603999
6,28,0.12739600212181806,0.29047819780315276,0.2552605056685281,0.15722271216491762,0.0936739317297518,0.10383509420311884,0.0013689497020624099,0.00263023324457915,0.7,0.9,0.9,37,2.075652034507661,4.748735659548739
6,29,0.12533437947830986,0.2873755854692582,0.25946155751716443,0.16577265639782574,0.09820208470117187,0.10383509420311887,0.0013689497020624099,0.00263023324457915,0.7,0.9,0.9,39,2.2061959833619125,4.490304393759489
6,30,0.1252594267349899,0.2797077916755891,0.24315718871684996,0.17263537331828555,0.10110634363862882,0.10515788110783877,0.0014206764889015898,0.0026885242827432597,0.7,0.9,0.9,40,2.2838227942360003,4.696415742724025
6,31,0.12135551429303605,0.261950417445445,0.20834007135167232,0.15462336956645245,0.09308491142937093,0.10159716152029337,0.00148882452815188,0.00287657116775004,0.7,0.9,0.9,42,3.162550351689223,5.635558991421904
6,32,0.12239243238695681,0.28423725793727367,0.27123098520886324,0.20434619736074125,0.07862758831199942,0.10428854786289814,0.00133512748038123,0.00276545612393418,0.7,0.9,0.9,49,2.040643906029787,4.586444423909276
6,33,1.111925999775022,1.247154520824473,1.2151777354441755,1.181809199506309,1.2058059536493415,0.24101045945291463,0.00367657312779222,1.0,0.7,0.9,0.9,50,2.895163813386417,5.341062603175591
6,34,0.8248797831980323,0.9467316635905685,0.9052815388917432,0.8980525712144685,0.8538484813076461,0.15199408867188485,0.0031396396196803496,0.7538533862168069,0.7,0.9,0.9,51,3.033391653577481,5.430486125796373
6,35,0.1808749587373245,0.29523681767348564,0.25268829973146156,0.26874056658339307,0.16458101337913292,0.10072619437775562,0.00546058254356069,0.07832510846908261,0.7,0.9,0.9,54,3.5479798988685256,5.794989054476328
6,36,0.34957067493715366,0.46089446665640654,0.4254094621518065,0.46424142868624624,0.3450918014548977,0.17783881288216058,0.00359494393006946,0.21008706277704,0.7,0.9,0.9,56,3.586677289208022,5.51074978444932
6,37,0.18075078154454993,0.2764057954093712,0.2311527024613781,0.29428101202003043,0.23232414819164882,0.10600389600189215,0.005815176611238581,0.07953554029281956,0.7,0.9,0.9,57,3.466041580538468,5.564079341726158
6,38,0.17854831843186736,0.2761894408436384,0.2387367126468977,0.30384876896348234,0.16855512021288216,0.10432167708694204,0.00570268499719764,0.07927963583531544,0.7,0.9,0.9,58,3.7072326927645887,5.794863157110825
6,39,0.2080348963429843,0.35027096282239045,0.39435952958389964,0.5048172740256066,0.17973421053981112,0.09941499364763753,0.00237934180650219,0.11958727639763451,0.7,0.9,0.9,85,3.2676401261644163,5.143308480175422
6,40,0.2574308865997276,0.39527750392676747,0.4387414936184856,0.562574059299878,0.24581588861946288,0.09921684327554718,0.0025571873919956597,0.17571268924548322,0.7,0.9,0.9,87,3.910994666334026,5.734024543100338
6,41,0.20061745313218515,0.3396807299171761,0.3908392706481467,0.5675626041318372,0.1780166503742377,0.1009390711359878,0.00212196837258106,0.11263931281829902,0.7,0.9,0.9,93,3.250865497843712,5.071108390722964
6,42,0.336205286362748,0.4755450715181068,0.5493232936173418,0.8255122444318906,0.3172535051625248,0.099134299953531,0.0030626488338001403,0.26743708043862563,0.7,0.9,0.9,115,3.3129044024539325,6.308833711170363
6,43,0.35360533993312654,0.4674813041018815,0.530193457144334,0.8448960010359332,0.40865956799947123,0.10322834753462065,0.00324883696037421,0.2886533337098114,0.7,0.9,0.9,117,3.842243718874247,6.7136417077542205
6,44,0.34438866108962407,0.4726763270050689,0.5675377621278985,0.8824889387361957,0.3544958514068906,0.10473806920135245,0.00336054115624426,0.2780766890514223,0.7,0.9,0.9,118,3.6396419492124776,6.609727391610498
6,45,0.34288526380516876,0.47109942425999535,0.5659506780879173,0.9286353131116618,0.32517945279283755,0.10470178204933492,0.00334848420663151,0.2764638899870736,0.7,0.9,0.9,127,3.628334363090432,6.600699310667014
6,46,0.35244348089447747,0.4802830738754336,0.5750831338280822,0.9427876263519366,0.33737602454697924,0.10492644849188745,0.00329968919695364,0.2870466091921529,0.7,0.9,0.9,128,3.644404925027763,6.567936903519556
6,47,1.9857990710989712,2.1432711290208117,2.302485114813084,2.837015673094377,1.9706307585653615,0.2423038662430995,1.0,1.0,0.7,0.9,0.9,177,99.25451496006224,103.9204812774428
6,48,1.8902148482873513,2.062821628051598,2.2542876874497733,2.837906625563068,1.8761119916269076,0.10670836816401683,1.0,1.0,0.7,0.9,0.9,193,66.22562836553656,133.71450881366195
6,49,1.8900054297034665,2.070773616094196,2.278446941412755,2.874695857644581,1.8764869461669325,0.10670836806368751,1.0,1.0,0.7,0.9,0.9,197,65.97768919815357,133.228294935485
7,0,0.8680629836287697,0.998820240718371,0.9904579424690063,0.1946065561544149,0.07282155930054006,0.10371668731584549,9.019766567700999e-05,0.0001541114225988,0.7,0.9,0.9,1,15.512390819361212,29.46462435963484
7,1,0.6272535658011604,0.8839284822713688,0.862625902438192,0.16927723900918287,0.40226635615267575,0.1029226711815451,0.00018082559969656,0.00026018678283149,0.7,0.9,0.9,3,11.136550655184791,21.854475246009628
7,2,0.46968160521854435,0.7866071898438222,0.7610561334856485,0.15318909895049213,0.39716289270793353,0.1127387502178154,0.0007640865869628499,0.00094286392871675,0.7,0.9,0.9,5,8.174220283047006,13.385275942392338
7,3,0.451829608302707,0.7713199733667984,0.7446607949706754,0.14866737725532422,0.1317185235376149,0.1055535653837345,0.0005505714521127899,0.0006547603401171099,0.7,0.9,0.9,6,7.367133765951158,15.213414543669346
7,4,0.38976184140563036,0.7166528146206863,0.6844425920577071,0.13185232289535123,0.35207694802077893,0.09670214020388383,0.00085555674480743,0.00107405259734683,0.7,0.9,0.9,7,8.258936396597127,12.051745253017906
7,5,0.37225965938461375,0.699958237793212,0.6663362327563896,0.12822683738551371,0.1381568204663049,0.09132370459335457,0.00066285985996172,0.0007818521137289,0.7,0.9,0.9,8,5.883471346865916,13.46577931434142
7,6,0.3274677954204489,0.6525793805884121,0.6129558322889093,0.12173028664791744,0.3759130768818607,0.09846238817396699,0.00098881320458856,0.00127174689433114,0.7,0.9,0.9,9,8.207851785403237,12.530900071133996
7,7,0.3055447312309749,0.6301214301248594,0.5898958175778987,0.1074768248439981,0.08539963811323731,0.07475322676379151,0.00075433001780629,0.00091304078235897,0.7,0.9,0.9,10,5.4998137449660165,11.431499362592106
7,8,0.26238573704218254,0.5751642937809287,0.5284051281850853,0.09695093787714146,0.38913763982255006,0.07794671740553584,0.00103780296208545,0.00132434256682271,0.7,0.9,0.9,11,6.907910782028367,11.358740750965175
7,9,0.25261051231263265,0.5616032497050736,0.5133004715236786,0.09783156524726962,0.13616617175289844,0.07867181955968068,0.0008460171256391201,0.00106208027958139,0.7,0.9,0.9,12,5.588473883030527,12.171472699633584
7,10,0.23935504622402523,0.5371199928940772,0.4850217854230654,0.10047432617762883,0.258578097712366,0.09091064339953749,0.00109461861998377,0.00140974141524749,0.7,0.9,0.9,13,6.563281818509392,10.16436173111016
7,11,0.2328847091362303,0.52717984200476,0.47400857234233246,0.10219282528863108,0.12081524404086567,0.0907732492486034,0.00093385221598167,0.00118378578672383,0.7,0.9,0.9,14,5.155980010948429,10.855492580343656
7,12,0.23184637671649574,0.5247428436682998,0.4711656761174877,0.10852287044989936,0.07687809908913722,0.0919083715530585,0.00111046918542048,0.00140785663786764,0.7,0.9,0.9,16,5.217301813755755,10.363955397491452
7,13,0.21894224056482822,0.4990711578888628,0.4420425123591546,0.10480850986126959,0.24653446406273558,0.09792870513098352,0.00125787413582594,0.00199068560138166,0.7,0.9,0.9,17,5.964765630919226,9.369599927603591
7,14,0.2146333343831926,0.492343606148269,0.43470059789003646,0.11031083281018644,0.1015261427105582,0.09660193707700007,0.00117954028309147,0.00166592416410638,0.7,0.9,0.9,18,5.940454406577769,9.343837585827233
7,15,0.21544746270231852,0.49161279249397133,0.4335817833071727,0.10992421438015586,0.09277062960702614,0.09919468106067827,0.00146569181052123,0.00236690413805474,0.7,0.9,0.9,19,4.587242342628413,9.470679235375236
7,16,0.19993265189053996,0.46766844097017374,0.40761192734282276,0.1074142940038174,0.17000183803736604,0.09169334318682429,0.00133241495024392,0.0016460094166789198,0.7,0.9,0.9,20,6.032709779476566,9.183249297531244
7,17,0.19871338111455644,0.467795101065224,0.41515479175856823,0.11098145683877372,0.10799354377833262,0.09459598512902376,0.00125357059078127,0.0019483174619575098,0.7,0.9,0.9,21,4.635598940685025,9.68100507294366
7,18,0.1977491357318345,0.4611818295736107,0.4001346744124183,0.11363838183001816,0.08068441098026788,0.09517569954175034,0.0011542472455430299,0.0016486779147467999,0.7,0.9,0.9,22,5.229015393606377,8.537465510144745
7,19,0.18741353670251557,0.43680983790297156,0.3799043754691417,0.11355899428783692,0.28149804237953485,0.10354650565716957,0.0013477399459830498,0.00240260544190967,0.7,0.9,0.9,23,4.858325719564355,7.291105038354605
7,20,0.18252598785451593,0.4271255821983188,0.36923600399449635,0.1165604493544069,0.10010286515688427,0.10141898296860119,0.0015564351761273,0.00276648397115888,0.7,0.9,0.9,25,3.784528603375104,7.223830240653026
7,21,0.17998022532809896,0.42280112113413815,0.3645527061177658,0.1205121839567405,0.09204580034399416,0.10005347332555067,0.00147501470723068,0.0026323654424903202,0.7,0.9,0.9,26,3.649614766315629,7.103752872580704
7,22,0.17192791741411045,0.40754981575169347,0.3551622521684093,0.11869783766360886,0.1921537283014616,0.10105792622750324,0.00144316703096835,0.0025726028443385797,0.7,0.9,0.9,27,3.897975786785299,7.100388729052503
7,23,0.154666698412151,0.3728613533732069,0.3172251162518576,0.1073605527413857,0.23375133588591016,0.09418742320497818,0.0010499723051934401,0.00170933237942353,0.7,0.9,0.9,28,3.580700868619872,5.974019540829975
7,24,0.1551142034573193,0.36739086214363187,0.3106885402836059,0.11261944425529505,0.1267269005018334,0.09803663327837132,0.00143504849286941,0.00273466391261948,0.7,0.9,0.9,29,3.2166389737289807,6.331183053858124
7,25,0.14231729876365048,0.3409226519494419,0.28182082091717786,0.10770082702377491,0.18945063446337337,0.09091404632531924,0.0014438789184732501,0.00245049088291474,0.7,0.9,0.9,30,2.8959630412956288,4.788109944297096
7,26,0.13724601816899012,0.3266734148292352,0.2660044510046262,0.11317388213618103,0.1466457093721985,0.09052884784461668,0.00139896432674487,0.00237077493450066,0.7,0.9,0.9,31,2.700717346685626,4.813421143017534
7,27,0.13146208024821274,0.31421106347455924,0.2598328869267315,0.10461510348322867,0.16237757997930935,0.09028633222997227,0.00131433478207781,0.00220363218580528,0.7,0.9,0.9,32,2.7827743316221536,4.770520267732868
7,28,0.12479406405277327,0.290653205900271,0.23353188678349776,0.10201506553046667,0.20688932598128892,0.09186427724096564,0.0011900128091828599,0.0018973569244261,0.7,0.9,0.9,33,2.6359585840762096,4.795820861828313
7,29,0.12400058255592684,0.2874981700073098,0.2300000188399975,0.10475159741063332,0.08647757428741792,0.09215649227469452,0.00117814958944528,0.00188258752617485,0.7,0.9,0.9,34,2.636447762729273,4.830018080932591
7,30,0.12424815820358315,0.2845747884006251,0.2265728989303764,0.10852823265334369,0.09447661302896615,0.094625782641411,0.00109672912054866,0.00174846899750629,0.7,0.9,0.9,35,2.4892874730273795,4.559832389489756
7,31,0.11932803198018596,0.2834432079729045,0.23348644242775424,0.12023318465836905,0.0675162700659152,0.08825232953416914,0.00106419735403453,0.0016367872462924303,0.7,0.9,0.9,37,1.9283699953087177,4.21223263960567
7,32,0.12093042338496364,0.2836028637145034,0.23341634176558043,0.13957431409127832,0.07833852673245485,0.09092766735092336,0.00112883306887808,0.0019279697750058601,0.7,0.9,0.9,38,2.034554450185892,3.816009520552512
7,33,0.11886899121594968,0.28174986777230443,0.23904891180708474,0.1442153231464369,0.10085940648033498,0.09050725170673508,0.00110973800561884,0.00187451028803305,0.7,0.9,0.9,39,1.974782721563768,3.9262565284425817
7,34,0.11726052241288876,0.2823738762271873,0.2474766746501523,0.15316803354025024,0.07478027358224584,0.08969724206907283,0.00107513991871407,0.00176300041048669,0.7,0.9,0.9,41,1.966598965246518,3.907069498107498
7,35,0.11643862146059311,0.28525060220831644,0.25838695518153504,0.16694916704803894,0.06725215037046711,0.08903523471751533,0.0010814360939432799,0.00173965147900119,0.7,0.9,0.9,44,1.9948224681498803,3.920656480360138
7,36,0.11602115219508705,0.2732249582125517,0.22963815793508038,0.1673549726682934,0.07491403498850012,0.09005256262567196,0.00105515820153947,0.00152115556870032,0.7,0.9,0.9,46,3.288194874428489,4.816280687139181
7,37,0.11602115236536717,0.27322495819161935,0.22963815791414813,0.17508082056313656,0.06535558742517296,0.09005256260260272,0.0010551581995928302,0.0015211555653316402,0.7,0.9,0.9,47,3.2881948849700184,4.816280696734836
7,38,0.11375759742054296,0.26022130897303136,0.2074930022067547,0.1728841952755249,0.09142059694148572,0.08999279410533341,0.0011541373696873501,0.0016427700627651798,0.7,0.9,0.9,49,3.493968766189938,5.087980373878642
7,39,0.11320333526838114,0.2619674254485194,0.22454839126300472,0.17913433076362875,0.11770599449174322,0.09038058277388356,0.00123283722007941,0.0031971276093129804,0.7,0.9,0.9,50,2.776975559146571,4.868476940569208
7,40,0.1093658392926152,0.24742471746723257,0.20090476162479703,0.17901949163257644,0.11275764936916992,0.08999279410533341,0.0011541373696873501,0.0016427700627651798,0.7,0.9,0.9,51,3.315587925619475,5.23277772071466
7,41,0.11019442723153522,0.2427822526840339,0.20292397252448977,0.18657421124317627,0.14674635375763845,0.09459090941933981,0.00143477108439517,0.00238783933200259,0.7,0.9,0.9,52,3.3650124135414274,5.528477274610706
7,42,0.1055886787165458,0.23085582849048372,0.18991004570407582,0.18555914112591018,0.12278305749137963,0.09200432365570496,0.00130896477178507,0.00196633609927233,0.7,0.9,0.9,53,3.142122627615673,5.574634033279136
7,43,0.10706329725231482,0.23679706027217906,0.204005696398916,0.2023105396534178,0.06937170255250583,0.09388394218267676,0.00132287724454781,0.00217490556581526,0.7,0.9,0.9,55,3.2836896277939807,5.280231878056206
7,44,0.1035578880521679,0.23023222022470852,0.20448752316054034,0.22946513500699822,0.08204451843282355,0.09236388345804544,0.00133631974358528,0.0020238364380975,0.7,0.9,0.9,59,3.446105272934836,6.020293673856518
7,45,0.09941639585096333,0.21555969178004078,0.1882804635572942,0.257214722514549,0.07962869772761734,0.08811819147621829,0.00345106127170009,0.00199656018391261,0.7,0.9,0.9,65,3.1503833532709966,4.599699842459237
7,46,0.0968819353742194,0.20443046072883755,0.1759120284692757,0.25397521675784784,0.12956736876532993,0.08666440210634498,0.0044816216404088,0.0019159368824634801,0.7,0.9,0.9,66,3.6576645480598176,5.1718086153321545
7,47,0.09710131212977265,0.1998356790909067,0.16311243088094682,0.24274840468316075,0.06825896333991235,0.08696572636394453,0.00447038115455171,0.0020005721076840803,0.7,0.9,0.9,67,3.608269350070872,5.417519733177397
7,48,0.09654125625557858,0.2014935558785309,0.18011993801159834,0.26494803418993157,0.11889680512083643,0.08858772882104249,0.0048344878936719595,0.00181399174009422,0.7,0.9,0.9,68,3.5816441608754164,5.25835716662202
7,49,0.09502834044143028,0.20231821987402016,0.18879655119666794,0.27524248353676584,0.07254619943370774,0.08761488409973782,0.0045624761616957,0.0018154542080494902,0.7,0.9,0.9,71,3.5313444977564727,5.275454197573104
7,50,0.16685977012992625,0.26304630166202075,0.24795368694597855,0.44913452175501123,0.14641126450435588,0.08312426100181655,0.0053064936200593795,0.08748641260549248,0.7,0.9,0.9,88,4.206342204262076,5.368039955049204
7,51,1.6078515170015426,1.7235736444603198,1.7488651514609133,1.9112367142920084,1.6083034349058618,0.9707533057792777,0.00445290258691864,1.0,0.7,0.9,0.9,89,4.313084243292841,4.33710037314394
7,52,1.6175050558493194,1.723563043564032,1.739971290787434,1.9206756708879782,1.6305460147207256,0.9862072982724716,0.00450430012190866,1.0,0.7,0.9,0.9,90,4.169130766907223,4.292848171774857
7,53,0.9824796801730193,1.0812522518307455,1.0966457320484044,1.2936865030806,0.978313017317907,0.08198910490897515,0.00408355365199123,1.0,0.7,0.9,0.9,93,3.813167134838919,5.157335253141036
7,54,1.6171044946612263,1.719336382677538,1.7427458730685386,1.9503150290645457,1.5999762370534407,0.9859956146303521,0.00639439746864366,1.0,0.7,0.9,0.9,95,4.326318160981233,4.704880948082
7,55,1.611322464952976,1.7070402593145493,1.7295485260999095,1.9437579615956748,1.6145993714472042,0.9795812665321074,0.006581939466844421,1.0,0.7,0.9,0.9,97,4.350075077383461,4.63402818569371
7,56,1.602926700699597,1.692242902153986,1.7063285639568504,1.9218046841009513,1.5899642902708164,0.9682494299963814,0.006507786580819359,1.0,0.7,0.9,0.9,99,4.2902815191352905,4.5941643965283125
7,57,1.6254459106058938,1.7136929099424456,1.7276313590289587,1.961737010860161,1.610139680982924,1.0,0.00709425443068927,1.0,0.7,0.9,0.9,101,4.383073583593331,5.326678351041398
7,58,1.6244071106487308,1.7076435272730714,1.7208934916021765,1.9644562737929423,1.641516759708382,1.0,0.00714178616441353,1.0,0.7,0.9,0.9,102,4.32117494782925,5.212486225820852
7,59,1.6241559780302803,1.7061397597084655,1.7192181207830037,1.9640458714864386,1.6108190481760543,1.0,0.00715912585960137,1.0,0.7,0.9,0.9,104,4.323206327800938,5.222374258400926
7,60,1.6240827671136149,1.7102512741000144,1.731446911740445,1.9774690084804312,1.6079058665811594,1.0,0.00717553913963037,1.0,0.7,0.9,0.9,106,4.323512680216255,5.189035529998108
7,61,1.4628592923352755,1.5618690253337104,1.6074558504668532,1.8883539566683973,1.4461049131977763,0.7706997714415812,0.006607938435565131,1.0,0.7,0.9,0.9,116,4.04778223850537,5.469741794733328
7,62,1.4623684789986053,1.5609930935236287,1.606527089019334,1.8923223148299708,1.4477139519468991,0.7701141804226407,0.00660831873210183,1.0,0.7,0.9,0.9,117,4.048882129451772,5.447082882527397
7,63,0.1779554989240837,0.2714257094320966,0.30870950828293675,0.6404799436539874,0.16204079950348355,0.08153325904927869,0.007987413757635401,0.10718992244216703,0.7,0.9,0.9,120,4.004327077566359,6.08504139990027
7,64,0.17784978306971572,0.2748529684994372,0.32016516271001105,0.6494050114264015,0.16456535980333042,0.08169542925176629,0.00799352698100288,0.10718866587215584,0.7,0.9,0.9,122,4.007841181505901,6.031494203485242
7,65,0.10509179882417788,0.2108345394494604,0.27997896435393815,0.8184662346297649,0.0898762294713581,0.08735293192738466,0.00968758354833712,0.02141595980801096,0.7,0.9,0.9,168,3.2104873958241047,4.58122717925133
8,0,0.9172945644561931,1.0165225303869685,1.0104596334276212,0.1976710460805171,0.07017523740359695,0.0999890745789399,9.42557364322e-05,0.00010895003950006,0.7,0.9,0.9,1,11.596956621550538,29.46462435963484
8,1,0.6468146758380967,0.9182596616155371,0.9035504122761073,0.20906967787330805,0.5448218823093751,0.16361993039592793,0.0008032308924341199,0.00100658714885223,0.7,0.9,0.9,3,7.898478899685332,14.496418029080228
8,2,0.49575735765359646,0.8134803427924684,0.7875716939930407,0.17883930620695399,0.395931713269846,0.15525678029963869,0.0008974866288663201,0.00111553718835229,0.7,0.9,0.9,5,7.681723038730017,13.612594812618312
8,3,0.4036491324456929,0.7307195579160501,0.6981387871457561,0.1457567534891629,0.2568250770960294,0.1211730211259617,0.00098809184282585,0.00118187001541595,0.7,0.9,0.9,7,7.240585014021814,12.435216076839174
8,4,0.3947791137563793,0.7219150560500658,0.6892097893427769,0.141633744122383,0.0854210023369197,0.11152829666567114,0.00049326889185648,0.00061903018816538,0.7,0.9,0.9,8,7.046416955509608,12.449804871305188
8,5,0.35970838693174795,0.686604048401404,0.6491987275890815,0.13738627302232692,0.32493660260998625,0.1191709676494314,0.00099076992766347,0.00115772004680631,0.7,0.9,0.9,9,7.73012042092307,14.427349627740568
8,6,0.30471668068813224,0.6243013553584859,0.5808268058627739,0.12231582087319258,0.23144048399878572,0.1063989486089139,0.00113988653627713,0.0013927488087925601,0.7,0.9,0.9,11,4.680972117346792,11.594417518517549
8,7,0.2990818768143093,0.6185980755197439,0.5750849832292778,0.12132386040663007,0.07336848353899733,0.09999380068700817,0.00068128204416104,0.00087529697094371,0.7,0.9,0.9,12,4.616636040693297,11.5532311090761
8,8,0.26346675635338906,0.5724282678620688,0.5241676855230463,0.10835604958101558,0.309233463089782,0.09325119166436716,0.0009876873028985499,0.0011936859910668901,0.7,0.9,0.9,13,4.355737014012126,11.046853584778146
8,9,0.26340171958774117,0.5715995586047969,0.5230508478882204,0.11405129124097362,0.08364660693211891,0.09592900941308548,0.0009100741780975801,0.00110093918968172,0.7,0.9,0.9,14,4.248670117295621,11.238878002232658
8,10,0.23985751295217653,0.5344093913833768,0.4813479278515486,0.1068491574685689,0.30173819493343007,0.09884703447187207,0.0012704545121951598,0.00152053610956709,0.7,0.9,0.9,15,4.765276499095108,11.132848727080027
8,11,0.23250713060070372,0.5249241290613682,0.4712358672338176,0.10629229245782221,0.09972317273080417,0.09388589469392664,0.0010475019502897902,0.00122683657485357,0.7,0.9,0.9,16,4.511781828460923,10.975062038344088
8,12,0.23176794744334717,0.522663693104399,0.4685384197353389,0.1099051865245902,0.09163997608701188,0.09639886907215942,0.00096988882548882,0.0011340897734684,0.7,0.9,0.9,17,4.422759490118918,11.180213255591712
8,13,0.2290523129463928,0.5236702202634989,0.4774705796359373,0.11621109385244403,0.07431465640739257,0.09432063237004196,0.00100932986254636,0.00116296488314496,0.7,0.9,0.9,19,4.475379995407544,11.127693152841006
8,14,0.19305043553092274,0.45241339627894356,0.39761687788399863,0.10684707619985442,0.29191023027285207,0.0996949264132557,0.0013827772760759,0.00196575860970339,0.7,0.9,0.9,21,3.219453188697353,3.9706619017539753
8,15,0.17199072346044564,0.40488948866814284,0.344692852979601,0.10258883784897277,0.2106915640550328,0.09977371258127692,0.00148122172602083,0.00209760729740406,0.7,0.9,0.9,23,3.2332135724527107,4.949002287134322
8,16,0.15564668572147544,0.36570024150889013,0.30124166150222487,0.10296608272564921,0.14423702959158896,0.09741577388883751,0.00179633295487863,0.0019784441642023603,0.7,0.9,0.9,26,2.268348738521211,5.01421803651068
8,17,0.14848033733377616,0.3523465326098661,0.294155449209702,0.10376065884223454,0.16726410950098716,0.09557301340283894,0.00184970835922127,0.00215835537686952,0.7,0.9,0.9,27,2.06647999750255,4.65191491623794
8,18,0.14366344213569507,0.3356522834775571,0.27541527440462976,0.10286594310403975,0.1761702367103688,0.09882621128841627,0.0014467210771712,0.00159907837654835,0.7,0.9,0.9,28,2.0205046111249687,4.823813868434464
8,19,0.1422607324813648,0.3317103278456806,0.2710424919684839,0.1050729226063846,0.09381671570947038,0.09884497537963516,0.00137931902165024,0.00150859768247334,0.7,0.9,0.9,29,1.9565778341472555,4.556530032697946
8,20,0.13465311128286106,0.30650180966267154,0.2429157962223611,0.1018414342870834,0.22091652296270337,0.09923719503761984,0.00148606785628554,0.0017796574923251598,0.7,0.9,0.9,30,2.3174351641481663,5.287670744940042
8,21,0.1439335922170746,0.3044018566550686,0.24642041154617286,0.11776306863398957,0.15402324521028835,0.11126935596652172,0.0036695373946109998,0.00805837656412718,0.7,0.9,0.9,32,2.20907678871416,4.467383342189422
8,22,0.14306419534803672,0.30453646473542256,0.25416135748964647,0.12672572407270513,0.10345029473247519,0.1100728975752158,0.0039922627750016,0.0092875744512787,0.7,0.9,0.9,34,2.2013233684308617,4.221668505013456
8,23,0.14247837293370402,0.30384994420454897,0.25346047331143395,0.13608237401850473,0.08898553350984471,0.11126935577779033,0.0036695373247661103,0.00805837672499593,0.7,0.9,0.9,35,2.070987841902786,4.287969251500527
8,24,0.1455031751043882,0.29565301409493394,0.24351007027896102,0.13625117353102964,0.18534049965780952,0.1211782703619819,0.00414521123403816,0.00800917120586828,0.7,0.9,0.9,36,2.236024297495527,3.8665541762099336
8,25,0.14242413795597464,0.29095903396430645,0.2385662675786976,0.13961668804128025,0.10604046058609966,0.11797603573746678,0.003941403115948721,0.00794460386461293,0.7,0.9,0.9,37,2.199764224124987,4.022828514014292
8,26,0.14186242035875782,0.29123059879300484,0.24643249685589838,0.14263138326682678,0.12357513585273266,0.11713954313649722,0.00430789034089232,0.00911858708247261,0.7,0.9,0.9,38,2.156726428800686,3.776850648006689
8,27,0.1345998939470134,0.2773691805887687,0.224088546016038,0.13899368615624308,0.10351849990994387,0.10629206485291882,0.00399759092732045,0.01060661494779217,0.7,0.9,0.9,39,2.7809599901328275,3.633042959345374
8,28,0.13614932756261547,0.2649955034672647,0.20960279366252133,0.1473791628099929,0.14774155196438027,0.11745778658588572,0.00409063374340605,0.00884748891882228,0.7,0.9,0.9,41,2.425675665636002,3.696308942778576
8,29,0.13379736893684466,0.25981849196627066,0.2114905416258749,0.15514047976709155,0.12211241901439865,0.11516592393121534,0.0044133018942486,0.010352502833606069,0.7,0.9,0.9,43,2.7739064485526588,3.257207906239828
8,30,0.132548480263928,0.2579901142162848,0.2095758152037128,0.16065704180609944,0.09726029997670442,0.11376811093620501,0.00432107382437072,0.01034928000756264,0.7,0.9,0.9,44,2.7599696423598945,3.296806481894412
8,31,0.13019030926076025,0.25612515923099727,0.2152781631508582,0.1618349133552774,0.12227295597923704,0.11229724941565992,0.004234642764303119,0.01036306263285085,0.7,0.9,0.9,45,2.6595630501409646,3.2106298616608204
8,32,0.11506603571076907,0.24480361980620546,0.21201282156227577,0.2388412253521981,0.07741451990119108,0.10076862425901553,0.00251298320374648,0.00452045360855644,0.7,0.9,0.9,56,2.0449811431429823,3.552251511918743
8,33,0.11477999590286861,0.2473537676153089,0.22247659512197446,0.25442550888966614,0.09039624523339362,0.10073079422148172,0.00259097245132258,0.00475558992550015,0.7,0.9,0.9,57,2.076532064650764,3.6080008535466894
8,34,0.1143058302818622,0.24855213474163587,0.23141784846978933,0.26174278475262663,0.08852717313271012,0.10152280046929878,0.00257374549619965,0.00461713667150927,0.7,0.9,0.9,59,1.974593745809728,3.647282479960622
8,35,0.11704833161595964,0.23388387977554742,0.2067052177133275,0.2880569241867831,0.10785614344738176,0.07433499442035336,0.00837761593388861,0.027162158198905318,0.7,0.9,0.9,63,2.149375100080968,3.7066101230341753
8,36,0.11038966072669179,0.2224010590195281,0.18701579411887626,0.29338162516238936,0.07825264151820897,0.1003058557711691,0.00278761697466999,0.00522444713913603,0.7,0.9,0.9,65,2.016806655835178,3.642755031629736
8,37,0.10893056614523612,0.23706417517126524,0.24155648042174463,0.3859150035825101,0.08103868274130091,0.10065994736733681,0.00289434288334325,0.00534352900530728,0.7,0.9,0.9,81,2.175613515486928,3.642175939058114
8,38,0.10029905204729476,0.2179360423399233,0.20589369210342656,0.3961043033220055,0.07276851456032271,0.08462703966291316,0.0031739874620490298,0.00833617599952345,0.7,0.9,0.9,84,3.004629781057251,3.699751284366564
8,39,0.1000157554590839,0.22124541416316354,0.2172324501807744,0.3965463308734588,0.07695802290133455,0.08523816937574182,0.00294259722963677,0.00808054930382671,0.7,0.9,0.9,85,2.813014927383009,3.757770237889875
8,40,0.10003699979803311,0.22467381132367217,0.22866389597041462,0.42707580287682545,0.07864985493493368,0.08522567914599674,0.00301397631499493,0.00839958322136102,0.7,0.9,0.9,86,2.8454631519229427,3.719664987453376
8,41,0.09830971585630478,0.21946357496449864,0.22295528031678,0.4293367120292354,0.0945407500859952,0.08457119108367014,0.0029459400949873897,0.00808895733551896,0.7,0.9,0.9,87,2.787582299280292,3.758336018850414
8,42,0.09832671665602978,0.20729195851911722,0.20152914823763857,0.4234865158540596,0.0986529758103336,0.0865177338183036,0.00332196326154314,0.008407670001943469,0.7,0.9,0.9,89,2.8548521441739947,3.470062642534567
8,43,0.09573576355995142,0.19963895775261686,0.20068616216216606,0.4734779426155862,0.07963041459743989,0.08591785637259718,0.0033603116378016196,0.00863518470226498,0.7,0.9,0.9,97,2.8943935820492626,3.45874575889672
8,44,0.09573706570773749,0.20423351891886857,0.21345390870498923,0.4874959545113813,0.07096368852278273,0.08592124584744679,0.00336052125540545,0.00863547665670834,0.7,0.9,0.9,99,2.89471782725542,3.4587694381814003
8,45,0.09474744010507426,0.20532430174828847,0.2223651133621219,0.5125538798306578,0.07256592756450775,0.08479390179561443,0.00342806917968752,0.00902406213660213,0.7,0.9,0.9,108,3.0454657796960887,3.650337129948352
8,46,0.09118212217815864,0.19186227752777363,0.21505658077499157,0.6673682574848884,0.07393281517460042,0.07837872977728659,0.0037617757723561102,0.01347847126048054,0.7,0.9,0.9,137,2.370306592847289,4.392476099716747
8,47,0.0910752782878188,0.19547908517764218,0.22672623377647133,0.6897013337464526,0.07150230314392668,0.07850298511435061,0.0037747353806537203,0.01346958645852446,0.7,0.9,0.9,143,2.380016700543544,4.357396646248056
8,48,0.0907379133070299,0.1908490319951615,0.22150294014096827,0.719706431127429,0.08621125210759621,0.07935290785004129,0.00389203342441343,0.01337972802064186,0.7,0.9,0.9,145,2.4758242549956675,4.180733398016354
8,49,0.08914890047482509,0.18897957378756702,0.2195947054630381,0.772890689819689,0.06976174473550709,0.07724920090154556,0.00391235891856077,0.01329883048997967,0.7,0.9,0.9,155,2.8093325804779354,4.150989108679172
8,50,0.0883659032648757,0.1862284125616925,0.21657230212371317,0.8169538005589074,0.07151809309421886,0.07624868755376624,0.00415053601507264,0.013449062163761669,0.7,0.9,0.9,161,2.720772324188054,4.207866323916225
8,51,0.08833683436887393,0.19066574895833605,0.22916537283130467,0.842564476585504,0.06952486008056165,0.07624868755376626,0.00415053601507264,0.013449062163761669,0.7,0.9,0.9,164,2.7299887020215494,4.218891006263163
8,52,0.09275365648923774,0.2396895904675727,0.35973903416928743,1.002466619690484,0.07454162007289324,0.08395533873228334,0.00637532809793728,0.01047382588249661,0.7,0.9,0.9,180,2.601086787702138,4.160168341123301
8,53,0.09271034289064956,0.24338258424792353,0.37148735381534526,1.0285382127827782,0.07558867714697869,0.08419883944070419,0.00637666180161261,0.01044281636774435,0.7,0.9,0.9,184,2.62628611468404,4.13978833488655
8,54,0.0916529900520393,0.24069882217945307,0.3761239308027101,1.0433525158820562,0.11786346843635935,0.08434642916233961,0.00648307935566766,0.01052339361019458,0.7,0.9,0.9,185,2.600814436434126,4.053675161889298
8,55,0.09185186693826712,0.2261379511707036,0.35955502870381395,1.0608596803042423,0.08893297986705499,0.08147342589270283,0.00896116077915205,0.013847105587357088,0.7,0.9,0.9,194,2.6630769797488267,4.557776449710154
9,0,0.8540278922771007,0.9912220784065026,0.9823640919397587,0.19017160756926557,0.06960964078263984,0.09915069501864494,9.086892550117e-05,0.00013596915181927,0.7,0.9,0.9,1,16.329259251134744,29.46462435963484
9,1,0.5868949693105111,0.8732779159344758,0.8559159732957168,0.18099121740048993,0.5197344857922793,0.13338836063572126,0.00062680330824146,0.0007993893540160699,0.7,0.9,0.9,3,12.255292496018258,14.480190806655749
9,2,0.4698463365981653,0.7889718228084014,0.7624555905543137,0.16169977226871127,0.3247253084316111,0.12804545455408528,0.00083482949812342,0.00108477422949257,0.7,0.9,0.9,5,9.045300030524142,12.923246772720546
9,3,0.42537848244683624,0.7448907718648133,0.7073428087114842,0.1431573910284682,0.1500079447410888,0.10861275864998243,0.0005410535960053201,0.00072239985070553,0.7,0.9,0.9,7,8.894552256769988,14.842247244399427
9,4,0.39773268095946607,0.7241223476573176,0.6926632872078057,0.13860259480809856,0.17668876783242077,0.09731867020343812,0.0010077679575413502,0.00135583010239203,0.7,0.9,0.9,8,5.737762871625508,14.607050766754236
9,5,0.3719885539537937,0.6950883039379364,0.6519903089690932,0.13520182701315514,0.25296434320360855,0.10735893353867221,0.0006310046955487799,0.00084255640353946,0.7,0.9,0.9,9,9.411111407021927,15.014314177326398
9,6,0.31815375184101546,0.6394018454763116,0.592301806014116,0.11201526728742556,0.15834898044299742,0.07822369236607647,0.00071736971868422,0.00089375345912331,0.7,0.9,0.9,11,4.6629196968163775,13.380889710899057
9,7,0.3097783815186907,0.629702978368242,0.5813681360296914,0.11492015715708263,0.12006563688061907,0.08017942159988695,0.00064109030637702,0.0008145263164258899,0.7,0.9,0.9,12,5.974677295714473,11.96090206940847
9,8,0.32291666387511403,0.6422944264716601,0.5987053641549864,0.14953913373345123,0.2703046528211346,0.13449597324509477,0.00040798305824952,0.00139068145296539,0.7,0.9,0.9,13,6.088249729130073,9.74379102376242
9,9,0.28427654839327,0.5931912112972345,0.5449126642831412,0.13814192428267433,0.20768356021471665,0.12344666557852395,0.00049404831250002,0.0014489085013364,0.7,0.9,0.9,15,4.254955767782799,10.255442371567373
9,10,0.2847104535109263,0.5931047717833732,0.5446296257279365,0.14436433386224293,0.09982640470864035,0.12604166804173672,0.00041794552184093,0.0013428246127334602,0.7,0.9,0.9,16,4.053705814490913,10.433557248285512
9,11,0.2858443732869485,0.5935882294861725,0.5448704497046386,0.1494845441905415,0.10481044496493269,0.1300006716209679,0.00033779784132951997,0.0012664916533004901,0.7,0.9,0.9,17,4.266099326372327,10.145092735902006
9,12,0.24828006468313818,0.5479527187270781,0.49646174047219266,0.12152319896266314,0.21291014558075033,0.09845830573550887,0.00112924027602229,0.0015704486108066198,0.7,0.9,0.9,18,3.539419725883645,9.514080750220051
9,13,0.40600909229072285,0.703943702501398,0.6586963480633142,0.29189481681439466,0.33805629073731236,0.17306320452197219,0.00091038588161614,0.1309572294008359,0.7,0.9,0.9,19,3.4116485784094066,8.23645882361193
9,14,0.38504043954295086,0.672696536570452,0.6245950072072406,0.28451042093390655,0.306727175033787,0.15382659862372447,0.00171995038294223,0.138455924707997,0.7,0.9,0.9,21,2.6578869721066387,7.62720991908691
9,15,0.3781986712831239,0.6626330841903441,0.6136924190078091,0.28546660429754905,0.2741346461555947,0.1512735582019292,0.00159053560438666,0.1376386333401104,0.7,0.9,0.9,22,2.745358481057212,7.61970094633261
9,16,0.27246677288969473,0.559686543019582,0.5184413735123895,0.18739066532763002,0.15307042761368242,0.11250103769886984,0.00156337627780746,0.053033526434388446,0.7,0.9,0.9,23,3.245917026450506,4.974775056763594
9,17,0.2696573493427172,0.5485275179068412,0.4981680102149197,0.19271288297936304,0.17807559715549462,0.11441407183209788,0.00147124387597082,0.05359450670033039,0.7,0.9,0.9,24,2.6809022418160984,6.072569996447672
9,18,0.3438504109309658,0.6035861746879351,0.5488703685062667,0.2729679063815444,0.4435656340475727,0.14141951024347046,0.00196962323783329,0.1361023742881055,0.7,0.9,0.9,25,2.9545331247661424,6.588047143220164
9,19,0.2581623605762293,0.5172088144299989,0.46952872829868236,0.19869322847788395,0.17152711877381535,0.13046988407103194,0.0017226086320769,0.05497306085352267,0.7,0.9,0.9,27,2.3300584910285926,4.7134634609075885
9,20,0.2281105202390048,0.4575135454233739,0.41126371846803694,0.19964140804395092,0.3094538013614781,0.12343449712191357,0.0018454315553766702,0.05519249277837205,0.7,0.9,0.9,29,1.5157671454156738,5.53919894290749
9,21,0.22580320968469575,0.45825503128262723,0.4198913133134246,0.21391212753432542,0.14135616435589063,0.12339685829906866,0.00166199140961799,0.053949720582029834,0.7,0.9,0.9,32,1.4992814721759586,5.944441957153808
9,22,0.2280711870662761,0.45914555443273714,0.42052967458845575,0.2140821196580556,0.15230124086620564,0.12497068145168008,0.0019260157466264901,0.055930694954701585,0.7,0.9,0.9,33,1.5294742418436158,5.21372047837596
9,23,0.22788417595227997,0.45865834997151067,0.41998739696253207,0.2170233104640791,0.14235326061257317,0.12497068145168008,0.0019260157466264901,0.05593069495470154,0.7,0.9,0.9,34,1.5301884710742324,5.258710591281606
9,24,0.2017015599432085,0.4048549636256027,0.36869598980157925,0.20853227774921565,0.4198765061462818,0.1174259876011384,0.00184164607357091,0.05266458087010092,0.7,0.9,0.9,35,1.9909046660215928,4.7015974388921125
9,25,0.1932576499728587,0.38019312786371445,0.33392107716601255,0.21122228332446386,0.1777737173376654,0.11316382187173626,0.0018987322013637598,0.052696974594143034,0.7,0.9,0.9,37,2.1828017637602293,5.058412414521665
9,26,0.18973239979264203,0.37005642601997346,0.33012951159131687,0.23004342841179123,0.15310571227127573,0.11460372691187111,0.00181045530122912,0.053275288580607684,0.7,0.9,0.9,41,1.6957766342908978,5.187780806138237
9,27,0.19002938062826552,0.3732026450296166,0.3411676866089799,0.24894729115036845,0.13443797878941263,0.11575064025218687,0.0018524843760859499,0.05350041709767507,0.7,0.9,0.9,45,1.712394078081261,5.195594109575805
9,28,0.188284237434363,0.36653236861992206,0.33370800833752484,0.24758104345389226,0.14122407692143846,0.11315588094707921,0.00225035243485141,0.05547111041791847,0.7,0.9,0.9,49,1.814245673210797,4.281322035975712
9,29,0.20148006122744727,0.3715688740459432,0.33745176830097123,0.2723875810822674,0.18057082017757115,0.1447590843308355,0.00144214707038667,0.05000616410302405,0.7,0.9,0.9,51,1.3969354641031064,3.511088517788299
9,30,0.19111383713054225,0.35446675004612405,0.3118380747184267,0.2658451344399473,0.15555287324116446,0.12492294220683689,0.00226334599067493,0.054039357581851036,0.7,0.9,0.9,52,1.706710649792626,4.656166905472246
9,31,0.18453942631678044,0.3429874316480114,0.3070540451604996,0.2667729432848957,0.17275457828606627,0.12045239884215168,0.00217453286925324,0.05428075881615772,0.7,0.9,0.9,54,1.6735919408650255,4.6102609842924105
9,32,0.18521226224658355,0.34158511992049734,0.30533119994491287,0.2712102779020619,0.1529356870720554,0.12335342163659943,0.0020312784781130002,0.053761184263539305,0.7,0.9,0.9,55,1.5774419961694257,4.434387807529825
9,33,0.18580951185307493,0.3464694482340707,0.3183424452747223,0.2833242605253729,0.13952037939386508,0.12396327721482577,0.0021423592647905,0.053955497036954306,0.7,0.9,0.9,56,1.5202006968669552,4.696358880470642
9,34,0.1842752837815436,0.340657464184281,0.3118721207163369,0.28953210728133727,0.1541590229382655,0.12270396330512727,0.00227021425928782,0.0548224036963337,0.7,0.9,0.9,58,1.6323428183851356,4.300092913535449
9,35,0.1823404667473473,0.3349367306393288,0.3055725062431797,0.295389839736987,0.1662895688515587,0.12238136817520662,0.00219354111107779,0.05448429392379335,0.7,0.9,0.9,59,1.5625857199491882,4.115870786601026
9,36,0.17977795249143652,0.33050187089393207,0.3008540687343857,0.2966827028787221,0.14190682956541673,0.11917890634706887,0.00226099326061154,0.054769451883039874,0.7,0.9,0.9,61,1.6227556209003005,3.9912540575273336
9,37,0.180539356551631,0.330111457566008,0.30028882766402504,0.3013320291540763,0.14483189727473306,0.12107621233562715,0.00221661852678812,0.05462365822444848,0.7,0.9,0.9,62,1.536409159659733,3.859151399259068
9,38,0.18153069212669523,0.334542845230444,0.31271832607508937,0.3221566705241085,0.14629317857848717,0.12339234274448241,0.00212401078733381,0.05445737541346039,0.7,0.9,0.9,63,1.6299029636894535,4.442892361725105
9,39,0.175252543785118,0.3246408594847358,0.3022704251741466,0.31571782020720257,0.1598507624364282,0.1163431921402833,0.00224685179093674,0.05418331108630163,0.7,0.9,0.9,64,1.5645383599116292,5.5608887536120335
9,40,0.18785930488904024,0.3459745811504834,0.3398812880327327,0.3443862699351118,0.14861523601676363,0.14142931298596778,0.00133058632031669,0.04977028269582942,0.7,0.9,0.9,65,2.0674729407618075,5.171603884726496
9,41,0.1671840661744711,0.29611962796451724,0.270706765385699,0.31870151637937016,0.282092199518105,0.11397288315387462,0.00227161561534525,0.05422708161280636,0.7,0.9,0.9,66,1.5050837102778187,5.796546927444576
9,42,0.16939766862927877,0.30174910797704263,0.28433671442382247,0.33298549421880036,0.1376265640982294,0.11804779824053799,0.00219404606278619,0.05398844393374439,0.7,0.9,0.9,68,1.44980957816322,5.913855539969897
9,43,0.16446979580699783,0.28634832588762765,0.2599027630021809,0.3276364169455723,0.17378113173506854,0.11358955969976454,0.00222229611581378,0.053871882130080595,0.7,0.9,0.9,69,1.4556773619411214,5.668613877268117
9,44,0.16907883994146986,0.286469169613555,0.25937083827441443,0.34809155894787813,0.14699407320700122,0.1207308082662693,0.00235971391908224,0.054732587993151186,0.7,0.9,0.9,72,1.4839624980119897,4.493371012958343
9,45,0.16807874276844587,0.2885335551347661,0.26938670945994403,0.35950646690916466,0.14100776250682148,0.11993528953966257,0.0023572754974519198,0.05472514031077683,0.7,0.9,0.9,74,1.5500126303755069,4.480167360107588
9,46,0.16781973365753336,0.28621265405360863,0.26676748466658623,0.3631830561088777,0.15085192417398008,0.12042022159251091,0.00233940688138482,0.05471973853643388,0.7,0.9,0.9,75,1.5210909245058062,4.445141293906136
9,47,0.16342181949842233,0.2815401478819579,0.26205472146118797,0.3669717436724025,0.13354806169062822,0.11475072303008912,0.00223931182860179,0.05443593676948122,0.7,0.9,0.9,76,1.4729407581363068,4.590697319884985
9,48,0.16305946831132223,0.28429255759827504,0.2727659361489849,0.3792233998723957,0.14253370922757966,0.11500349071442759,0.0022615318683152402,0.054281070368365006,0.7,0.9,0.9,77,1.5069437632529603,4.558299386409427
9,49,0.16245689726145873,0.28552384022271077,0.28177483868238534,0.39111260185468716,0.13814272456612733,0.11506455409533825,0.0022373108421418703,0.054412362165054295,0.7,0.9,0.9,80,1.4600342985448116,4.653739970238647
9,50,0.1800264526894449,0.29436916288784676,0.28185389818354906,0.4167387230989023,0.18046049852493457,0.14415396393606744,0.0019996509410121098,0.05278697236672728,0.7,0.9,0.9,81,1.9349210422440668,4.670017987322638
9,51,0.17515717220545918,0.2886623834071969,0.2760269041912267,0.407249880239972,0.1517748788415354,0.14083862384417212,0.00196973741166325,0.050237108844621584,0.7,0.9,0.9,82,1.8621726942817,4.604996969880146
9,52,0.17491263127080814,0.2920507876666093,0.2874514863627223,0.42434480334832636,0.14906282390754458,0.14085218909394245,0.00196940198615701,0.05023704230240407,0.7,0.9,0.9,84,1.863200424052256,4.547094001433715
9,53,0.17626392013730002,0.2872061448273741,0.27420488189248626,0.429473527716911,0.15893632768235938,0.14291456719195977,0.0019484275000271798,0.05062212041475037,0.7,0.9,0.9,85,2.079617506697992,5.5339194748318405
9,54,0.17440521504761047,0.2878710770334989,0.2827478606150769,0.4404990474893386,0.1535864118467298,0.14166583411670136,0.00193581695051909,0.05014488298979887,0.7,0.9,0.9,87,2.073321120852209,5.56661030025437
9,55,0.17106098649140034,0.27840405724900197,0.2799354738289209,0.44920107280687455,0.1712262002122775,0.13953534545566793,0.00197327981709993,0.05107479955023444,0.7,0.9,0.9,90,1.988589902038096,5.309087914330589
9,56,0.1702607000546687,0.2759454733969378,0.27724317830681855,0.47831036127468324,0.14800833295692525,0.13606208400403588,0.0047373793629855,0.050578441140328334,0.7,0.9,0.9,94,2.000759195533597,5.231164697138522
9,57,0.16995457159912522,0.27456649077873174,0.27571330350079326,0.4821885559305701,0.15267077041187338,0.1360910332682727,0.00472256167009494,0.05052273626852479,0.7,0.9,0.9,95,2.0056218553440748,5.153574150268776
9,58,0.15746785878589992,0.27866988707317103,0.31225878474152735,0.5190488995465841,0.13479205297857036,0.11784127727238788,0.00334346166497735,0.05271226266992054,0.7,0.9,0.9,102,1.862054184348215,4.70400164430614
9,59,0.15769105814728435,0.27997189204527734,0.3212413792414458,0.5323905424472825,0.14657437383057084,0.1192757338106436,0.00333711116877992,0.05279171654027952,0.7,0.9,0.9,104,1.804297205181308,4.7138497458890125
9,60,0.156933295375713,0.26978185807571337,0.29467052654327647,0.5043166214899242,0.13386204694157613,0.11800033039418545,0.00338995309744744,0.05295081127137733,0.7,0.9,0.9,107,1.8056018518572128,4.673056599007415
9,61,0.18650800020164507,0.2909555033807563,0.30713885200007196,0.5685589699425385,0.17731724724996115,0.15702998560197523,0.00631404185948935,0.05353044977143342,0.7,0.9,0.9,109,1.6135054141596594,5.278829063118643
9,62,0.18595491950206006,0.29018373117797264,0.3063365730483524,0.5723678080665447,0.16483651489125906,0.15677031354144588,0.00621723196883996,0.05327169183685617,0.7,0.9,0.9,110,1.5255453515301307,5.080028249216924
9,63,0.18592222391158564,0.2946108209812225,0.31891830471184457,0.600264643941153,0.16377530082713587,0.15677031354144588,0.00621723196883996,0.053271691836856185,0.7,0.9,0.9,112,1.5122332470998607,5.106565838102721
9,64,0.18396010015595965,0.2973229896135369,0.3298128062073282,0.6213395307621715,0.16132929736128016,0.15514581939981836,0.0061935069327113,0.052380045897942484,0.7,0.9,0.9,115,1.452452479381046,5.016343271640398
9,65,0.16121352226508934,0.2769797114391886,0.3248746782627128,0.5731584729635809,0.18774444456913497,0.12248251584763954,0.0046920153459255,0.055733980059690894,0.7,0.9,0.9,116,1.7996639309918545,5.684742336559124
9,66,0.14712890565617245,0.25624955892037016,0.2956865256664058,0.6015028665062185,0.1301405806412597,0.11128175882085978,0.00278810319073595,0.051217819223806305,0.7,0.9,0.9,120,2.027046849933217,8.521454273030615
9,67,0.18098644165938052,0.2827505305642382,0.31363257171921843,0.6142925862964518,0.17064712009273808,0.1584635818468087,0.00352013282861798,0.05209078120126116,0.7,0.9,0.9,122,1.7703853336220694,5.263273116377972
9,68,0.1604842256229965,0.2710078874524776,0.3257173584884434,0.6175701048096353,0.1770151816052942,0.12228336770444855,0.0049645677999113295,0.05723874794203217,0.7,0.9,0.9,123,1.6644423435964488,5.59908646261526
9,69,0.18268831044198144,0.2866102642271487,0.3328705366787331,0.6448789671348447,0.17822318571498985,0.15959525680172673,0.005084492222489851,0.05325070316621268,0.7,0.9,0.9,124,1.8753661722854296,5.416065904336268
9,70,0.1442896743001362,0.24203574824431306,0.28744932609913565,0.6290860941613364,0.1703505955851479,0.1101734217521145,0.00363761172990194,0.0519340870571298,0.7,0.9,0.9,125,1.9741540774522628,8.432921936596253
9,71,0.15423361043527967,0.23469100459477543,0.27020380596373295,0.610513394934181,0.18365258964808023,0.12259320757444885,0.0042113235021866,0.05562798660795758,0.7,0.9,0.9,127,2.239525284293096,5.5483100526777935
9,72,0.146794679714578,0.21837145199589952,0.2526848067755342,0.6193791288007852,0.15436053618519108,0.11524906419641516,0.00423772864524678,0.054975122445231075,0.7,0.9,0.9,130,2.042356419887456,5.237489753079132
9,73,0.14970225239107982,0.23812206410795567,0.31247894426154404,0.7000529074580945,0.14186662316321058,0.11572521791664421,0.00482798708734005,0.058537318813888836,0.7,0.9,0.9,141,1.8112337318491665,5.276945672804056
9,74,0.15107163106634836,0.24066323257109914,0.3227351923471783,0.7444697203361778,0.14471096078817938,0.11678349020949912,0.00617236967525315,0.05859571610055634,0.7,0.9,0.9,146,1.699564696900928,4.827146567690278
9,75,0.16530007587086612,0.2533588893143215,0.33522588948326326,0.8071245651797214,0.15663871580489871,0.11849029032280856,0.01506869240934099,0.0644936427255535,0.7,0.9,0.9,151,1.707424612628116,7.752004822948409
9,76,0.15373064853452592,0.2481478648705263,0.3459835251656071,0.8101344131935604,0.14834608254410805,0.11544984747340788,0.006616715501362801,0.06303071624695852,0.7,0.9,0.9,155,2.158213317514428,7.317373432385298
9,77,0.16868956871553398,0.25276627346299746,0.3492268477372927,0.8679361665163546,0.17779677934511903,0.11912119308070956,0.01789427719829271,0.067549663193972,0.7,0.9,0.9,159,1.823738085892352,7.848495920657566
9,78,0.16196474529287422,0.2419719734006044,0.3378938378698365,0.8502850589196732,0.18171712776559637,0.11638040303518556,0.015867028895165412,0.06501333251443556,0.7,0.9,0.9,160,1.9273246367619543,8.445096152050771
9,79,0.1665033828946181,0.23880809399517147,0.33371348301436266,0.8735219224920107,0.2119076231970708,0.11792159034613423,0.017854824969488838,0.06830535130285358,0.7,0.9,0.9,161,1.9554804429574584,8.335557450712663
9,80,0.1665033831668054,0.24340755166310374,0.34648698069492206,0.8983530463513629,0.160089379361133,0.11792159042670144,0.01785482603349961,0.06830535074595638,0.7,0.9,0.9,163,1.955480392013461,8.335557536146542
9,81,0.1664822524308811,0.22493739631399542,0.29531382161744313,0.7855261024965148,0.1604189055806104,0.117917337580187,0.017853942184790462,0.06829546247081698,0.7,0.9,0.9,164,1.9544947371972987,8.324837860870842
9,82,0.16304537710109707,0.2139632004376473,0.28334936404182365,0.7761357038426207,0.21629218974692666,0.11914698094970555,0.01634836651654267,0.06638816888781608,0.7,0.9,0.9,165,2.2122711304045666,7.4309530505915005
9,83,0.1420384415170153,0.2125204291131248,0.32990008193385256,0.9489081646039411,0.1413838143550901,0.11316274004497232,0.00670665505231101,0.058750534567055056,0.7,0.9,0.9,179,2.200783219330514,8.459286446811106
9,84,0.13942716576032935,0.20750091969783924,0.32456638644990227,0.9604387338807465,0.14122388430443816,0.11101673107982987,0.00664346669903781,0.05799471449037284,0.7,0.9,0.9,182,2.0163676270980018,8.448074030807105
9,85,0.1337696193475937,0.1844958087458085,0.29930957770113076,0.9614731060563161,0.1901953147769882,0.10686470702570254,0.0066955981900176,0.05775051655571419,0.7,0.9,0.9,184,1.9566948842653464,7.9903139681163715
9,86,0.1342170477366324,0.17542841345954305,0.28143369698467047,0.9837739389474511,0.13934403234534967,0.10754239263468075,0.007112926059524941,0.058080449123699515,0.7,0.9,0.9,190,2.0048385404381674,8.12204717115681
9,87,0.1358956850728652,0.18531172731306852,0.307537068203392,0.99649629909172,0.14230633029796927,0.10988715300201275,0.007148835096631339,0.058241440946689885,0.7,0.9,0.9,191,2.10441040258218,8.262671516994825
9,88,0.134874858222239,0.18403147544833937,0.3062233154827308,1.0065635135471518,0.13649057058262223,0.10908981232534624,0.00665693513798588,0.05825967907930263,0.7,0.9,0.9,192,2.1217951939341493,8.250778876832088
9,89,0.13633648835351656,0.18027261754705773,0.29421033209416836,1.0113291992449212,0.1383756821974563,0.10943209238083378,0.00744887757812962,0.05892225985179585,0.7,0.9,0.9,194,2.1642410471412488,8.34667813788849
10,0,0.8825634001418909,1.001271319850105,0.993815718999659,0.19128839462229416,0.06724913471212902,0.09579158688768777,9.154018532534e-05,0.00012515302661642,0.7,0.9,0.9,1,13.997412680909108,29.46462435963484
10,1,0.6408795687124,0.8886890373741483,0.8686532567859842,0.16597538100664933,0.3866578225986362,0.09376573473936492,0.00018165130122179998,0.00021484510145552,0.7,0.9,0.9,3,9.621339928342708,21.854475246009628
10,2,0.476226300470172,0.7904487285743574,0.7659397487346563,0.15039206034051655,0.3974326900458964,0.10446632991726393,0.00099088507435735,0.00117195309309191,0.7,0.9,0.9,5,7.462704573313102,16.215428523444054
10,3,0.34803323064370184,0.6759881191316046,0.6410673036135596,0.10847648831269859,0.3188922786720287,0.07260085558701741,0.0009508446870065799,0.0011934292649105,0.7,0.9,0.9,7,9.74805670524274,15.878159791686825
10,4,0.2996229284175562,0.6236743178647968,0.5829265374555601,0.10001271951450617,0.20057000196633223,0.07123688892834228,0.00104271415050299,0.0013303419301406798,0.7,0.9,0.9,9,9.138908199926863,13.340699317957776
10,5,0.27081305623822544,0.5855263547629432,0.5395312294307057,0.10246655077205283,0.1939918859888383,0.08346672309938075,0.00091498677971734,0.00115461319298288,0.7,0.9,0.9,11,6.269019080965428,13.845422298380717
10,6,0.2505787244810998,0.5587679001313173,0.5100583859486617,0.10150997306265465,0.1276025860194412,0.07901577779702734,0.00112705659725389,0.0013616401476167401,0.7,0.9,0.9,13,6.501725679170798,12.004675763919831
10,7,0.24750200311814027,0.5493975845181701,0.49855052532650623,0.10962343916350699,0.17482904253888565,0.0929404462498126,0.0010053335646419402,0.0012599089061264,0.7,0.9,0.9,14,5.724809684494967,12.613525155486872
10,8,0.22709748290396908,0.5195098921209909,0.46567964531067396,0.10284734866837261,0.21801144017743807,0.08741778188318405,0.0012174033733145999,0.00146693585027664,0.7,0.9,0.9,15,6.003190555911086,10.479114132086432
10,9,0.21360401979537244,0.5002886865573433,0.4519408704204164,0.1043777129483684,0.12990416934325458,0.08741778188318405,0.0012174033733145999,0.00146693585027664,0.7,0.9,0.9,17,6.397041309924707,10.84466547492972
10,10,0.21338825223568397,0.5045934418470843,0.46439907356336235,0.11492195571416301,0.06402201283253733,0.08735386742669243,0.00118332455429534,0.00142587185912116,0.7,0.9,0.9,19,6.30565864646623,10.920452138175513
10,11,0.21342459985557802,0.5046275841153456,0.46443263781817923,0.12036949551254848,0.06356361834115948,0.08737634131341865,0.00119514817229073,0.00144011897679605,0.7,0.9,0.9,20,6.336722868058226,10.893388687290958
10,12,0.24355954056585377,0.5023342485732889,0.44741028059794147,0.16966022501827152,0.4579743662688606,0.1696839161049956,0.00140740159737882,0.00422444869058818,0.7,0.9,0.9,21,4.762801353695893,4.205607831154588
10,13,0.24407247631899387,0.5070707762597642,0.4602398966134903,0.17950780363285831,0.12676770218777098,0.17099124645570454,0.0013764973390582801,0.00418811022889865,0.7,0.9,0.9,23,4.8414492460317815,4.304254454364219
10,14,0.21248730805708665,0.4605646682538264,0.4104698711900567,0.15057602951779184,0.19547689324948972,0.14666952693958818,0.0013680511345139199,0.0035325760960759995,0.7,0.9,0.9,25,5.329341336071407,6.634333833405565
10,15,0.21406522825287252,0.4507814916419025,0.3986080871722397,0.17270046482653478,0.21122610500520558,0.1577389623614662,0.001500351065826,0.00435911971903738,0.7,0.9,0.9,26,4.470862490471993,5.423774408775888
10,16,0.198358697262935,0.4291720537456888,0.3831841381058818,0.14968063714463148,0.2084440842156013,0.14666952693958812,0.0013680511345139199,0.0035325760960759995,0.7,0.9,0.9,27,4.335794365790152,5.645824995134255
10,17,0.19834170395037662,0.4291286811791319,0.38313586398134264,0.15565132847149227,0.10732829022013773,0.14666952693958818,0.0013680511345139199,0.0035325760960759995,0.7,0.9,0.9,28,4.3412422058342965,5.651232742179044
10,18,0.21053087549059576,0.3923733549896885,0.3378458840526039,0.18023353605707296,0.3633744460788113,0.199768804169845,0.0015193830378694901,0.00516059531649496,0.7,0.9,0.9,30,3.223183475665545,5.440395406857751
10,19,0.1420606754071502,0.31672480178967477,0.2610174450812738,0.11616994550316552,0.14142512923414513,0.10972072646452544,0.001695303776011,0.00256985301221426,0.7,0.9,0.9,31,3.0191673883745085,4.550782293952845
10,20,0.16664215075722694,0.3217407409890856,0.2629119894123572,0.14399002841281555,0.27199192344580997,0.15407565371606696,0.00167086436504938,0.00435954422680871,0.7,0.9,0.9,32,2.150266475511847,3.972405560462696
10,21,0.1715094427202969,0.3139715129425114,0.253177196134657,0.15223174402921671,0.2231238623404147,0.16824581312464346,0.00155439079693224,0.00415039226686144,0.7,0.9,0.9,33,2.643324392948372,4.37588565965045
10,22,0.17286375540321644,0.31766177708601995,0.26469521050244305,0.17726667558999432,0.13375476659020544,0.17155038161131594,0.00146593284204946,0.0040633416593952604,0.7,0.9,0.9,35,2.3524677860952763,4.347913734794833
10,23,0.17282605126863143,0.32671794091023953,0.29008340702850277,0.16743988303635152,0.12588350450454558,0.17155038161131608,0.00146593284204945,0.00406334165939525,0.7,0.9,0.9,36,2.314356090453378,4.311335896023049
10,24,0.12486479065724122,0.2672009787265836,0.21385661399940975,0.12259254574534682,0.09640954237415893,0.10704545337449127,0.00145702997524518,0.00188860588642547,0.7,0.9,0.9,37,2.229761605796405,3.668442136619365
10,25,0.11925899620899538,0.25003734404755723,0.1949386245098062,0.12017136033041359,0.16569531839556223,0.10498151673764652,0.00138398804801429,0.0017465304022506699,0.7,0.9,0.9,38,2.447178367942916,3.882849758603255
10,26,0.11606055170878929,0.2422617064379451,0.1864755962325722,0.12034948834976114,0.10965672915665854,0.10277022176078054,0.00132106359870563,0.0016492300736666,0.7,0.9,0.9,39,2.397693987973209,3.659578613293272
10,27,0.11566456142976049,0.2454234598850424,0.19765551833057177,0.1270537487046635,0.07852615205067158,0.10269822848504243,0.0013162706685592499,0.0016452693094474598,0.7,0.9,0.9,41,2.345800561106907,3.644630795328762
10,28,0.12160947014654507,0.24588144996906391,0.1898063451937833,0.15451697637519027,0.08421624209973638,0.1103152477411737,0.00159968868737277,0.00236547391376627,0.7,0.9,0.9,43,2.8662586987611145,3.648299489144781
10,29,0.11291772626572312,0.22400455844754943,0.16597597554795615,0.14873010065083841,0.17572513297377004,0.10497977052836024,0.00134756178857868,0.0016675209599776599,0.7,0.9,0.9,44,2.7163506615837183,3.7668710403344434
10,30,0.11423078249674332,0.22168495798342064,0.16312349744964433,0.16048244661040229,0.09216836332436128,0.10811371080511803,0.0014285598906323299,0.00181116704418847,0.7,0.9,0.9,46,2.8983468357475304,3.8123657419997694
10,31,0.11409971962578089,0.22110960474614982,0.16248313581246143,0.1641162824320155,0.08190659689342977,0.10811371080511803,0.0014285598906323299,0.00181116704418847,0.7,0.9,0.9,47,2.825904939902313,3.765632400238948
10,32,0.11214276678613559,0.22571541567978837,0.18305198031400988,0.17301017893180448,0.0970464797941782,0.10663686620502669,0.0013830993745472,0.00168933278305635,0.7,0.9,0.9,48,2.829203066148962,3.55110424068148
10,33,0.10941984042335398,0.2225960219565636,0.18737968327313523,0.18497077944028567,0.09465449539835159,0.1046270822217878,0.0014373835236795,0.0017695306620821101,0.7,0.9,0.9,50,2.8799008172720684,3.517598868759165
10,34,0.1254958554357081,0.25817490503724516,0.26332236428859823,0.27054772342737465,0.0949153370309506,0.10510764016075233,0.00281394432417389,0.01897919217543071,0.7,0.9,0.9,65,2.857078251670146,3.442890557481236
10,35,0.12487020453787982,0.25988327884813167,0.2728780045556581,0.2934142793140955,0.10147722301965088,0.10510764016075236,0.00281394432417389,0.01897919217543072,0.7,0.9,0.9,67,2.960362131721882,3.5033687931660737
10,36,0.13088947093339443,0.26874780552700483,0.2896633210438959,0.3100949970867902,0.11273752308254283,0.10457621579515472,0.0031460987532965904,0.02629119004863519,0.7,0.9,0.9,68,3.0777305619068454,3.768314201663667
10,37,0.121404247922496,0.25647329198990226,0.27698857827930745,0.3015099131052489,0.11124864636746579,0.10481105717067644,0.0025216056299288197,0.01703088507259964,0.7,0.9,0.9,69,2.775592209977402,3.691070260952386
10,38,0.11818694977350877,0.24812053494424363,0.26038470059839525,0.29992881192481896,0.08887310970808673,0.10514587960115966,0.00238414760261604,0.013494000021577149,0.7,0.9,0.9,73,2.703604391093374,3.217761603540281
10,39,0.1141254466693003,0.2315775619321366,0.22702337378950913,0.31683142523350194,0.10869241213018765,0.10211866354808781,0.0023668999742407298,0.01232943957416196,0.7,0.9,0.9,74,2.918099052645528,4.054900490687673
10,40,0.12314863006490184,0.2393648034986512,0.24215261177032293,0.33340955822370455,0.1164588271206756,0.1020577655883655,0.00406007972196197,0.0224065064663053,0.7,0.9,0.9,76,3.0069903509125004,4.00010391625098
10,41,0.10900607973079401,0.22355867561554854,0.2261101439050175,0.33199903240483614,0.0855618208242191,0.10205294742006592,0.00440682249775623,0.00682511165235466,0.7,0.9,0.9,79,2.768174802933033,3.835690616468922
10,42,0.10745454496946616,0.21357300086524147,0.20740710844138735,0.3300747542688328,0.10867058099745934,0.10618131021101265,0.00241507266347303,0.00496434920819534,0.7,0.9,0.9,80,2.550486706193139,3.3085703090357588
10,43,0.10836211122319077,0.2283799900143503,0.2542748940111975,0.3549773588939912,0.1154621761607251,0.10283133291861586,0.00228819027238631,0.00995409466177165,0.7,0.9,0.9,81,2.935597415157966,3.789579082254199
10,44,0.12522179087894966,0.23658668545504308,0.25373794315002385,0.3808395151611705,0.1153250500219901,0.10196640836478862,0.00365991790163225,0.02908467986302138,0.7,0.9,0.9,83,3.059869615964528,4.0785938099287
10,45,0.11519035876535799,0.23073173709373362,0.255997613323884,0.3790382706634173,0.09243003687946465,0.10196364207072213,0.00460299096237771,0.01711135577344359,0.7,0.9,0.9,85,3.026403856432806,4.07354752973488
10,46,0.11495429442884898,0.2242798715646091,0.241145169260267,0.3791251432801485,0.1026222941318022,0.10195912205648967,0.00498793387186531,0.01689990207615793,0.7,0.9,0.9,86,3.16070393421694,4.040375653411942
10,47,0.12216645318921418,0.2402054937624821,0.273350988695078,0.3984945779418555,0.101866911016337,0.10176198090397943,0.0033737120431134603,0.02681025568366268,0.7,0.9,0.9,87,2.8517716729839493,4.153539243029101
10,48,1.8018158308756158,1.9057145352109837,1.9142898573407696,2.083443209164038,1.7789473052772025,0.13061857403986496,1.0,0.8741082324469185,0.7,0.9,0.9,90,3.136292045532676,3.2716294110772366
10,49,0.13406237654453868,0.25874706007128845,0.3078835801377411,0.4890787634174056,0.11315258615305676,0.09584673935324092,0.03974005683841444,0.00893713741168099,0.7,0.9,0.9,97,2.8689972557679257,3.591973900952686
10,50,0.13014695549591077,0.26768626967885084,0.34121315068143687,0.5207329915228145,0.10832951064880747,0.09691194095714409,0.03978340731156234,0.003962336357358339,0.7,0.9,0.9,103,2.79980576856485,3.5735849701738696
10,51,1.6174698653068766,1.7217286673298497,1.7378855552943429,1.9917118409295713,1.5973764600442912,0.10346279999929212,1.0,0.6915165058385103,0.7,0.9,0.9,106,3.180549176460332,3.7289281226648
10,52,1.6412938581959273,1.7391198241968588,1.754382012680479,2.023768965256848,1.6656620050581017,0.10299634170237719,1.0,0.7199997565331153,0.7,0.9,0.9,107,3.115159325621638,3.5750522545239405
10,53,1.0641702410837686,1.174821990449983,1.2220091668471895,1.4730200466504588,1.0540570224443246,0.19441413331008278,0.009041209648551731,1.0,0.7,0.9,0.9,111,3.137929916427405,3.4736662151617423
10,54,1.0414131109214793,1.1623980956390785,1.2336297205351974,1.4811211859092932,1.0344101182728385,0.12707875005200675,0.03697601769704742,1.0,0.7,0.9,0.9,113,2.866751936654003,3.608229553194325
10,55,0.12845318198587605,0.24642966797296537,0.3247906288788877,0.5855242869667496,0.13753667416411675,0.09605447655275572,0.03810088982392494,0.01042408390270104,0.7,0.9,0.9,115,2.955712294664723,3.623942598509888
10,56,1.955461854920642,2.0678598672913355,2.145458692073384,2.4781975578257742,1.9412442685454963,0.19869390661983488,1.0,1.0,0.7,0.9,0.9,133,2.818939114990904,3.575307760853534
10,57,1.9564070360491534,2.06877702455984,2.1463719353670245,2.43246497595188,1.9400769225561416,0.20005265723044272,1.0,1.0,0.7,0.9,0.9,138,2.963559269764028,4.089134492184799
10,58,1.6057415162263045,1.700600957168482,1.7531681806441455,2.1598592011697217,1.6030116629691937,0.1029478037360021,1.0,0.6867426774651619,0.7,0.9,0.9,140,2.737004703664493,3.582712587168075
10,59,1.640230705569997,1.7349672444077189,1.787517829334599,2.1989536967191943,1.6254997115195886,0.11026243383865564,1.0,0.7194026665010167,0.7,0.9,0.9,141,2.729935491699255,3.7084344623574697
10,60,1.8872795748825792,1.9861482410766378,2.046809336507471,2.4559998998438877,1.8750257079536143,0.10255675980476582,1.0,1.0,0.7,0.9,0.9,142,2.7230353280672333,3.697025908817741
10,61,1.8872228911750657,2.004209739263983,2.0975291447322717,2.5237112705366456,1.872004929007799,0.1025567346804731,1.0,1.0,0.7,0.9,0.9,151,2.8033717841800185,3.702708614159272
10,62,1.7494551988858222,1.8697316467326983,1.9710472348509283,2.4053857495525923,1.7433547588617189,0.10252492290048591,1.0,0.8472434607252557,0.7,0.9,0.9,152,2.728719982445471,3.6971919690885393
10,63,1.7497055454551356,1.8692252679615946,1.9704380497032927,2.4203961775953386,1.7399360490739664,0.10258369382991347,1.0,0.8476453399326127,0.7,0.9,0.9,153,2.8176914198006173,3.779357679902344
10,64,1.9495589872583978,2.0614273620769072,2.1540524159480143,2.5687625910298864,1.9562255497238694,0.19307317508710828,1.0,1.0,0.7,0.9,0.9,154,2.9661914246611523,3.116453008988864
10,65,1.9504462314414095,2.061018281117504,2.153467845838659,2.574127311993825,1.9452370413244462,0.19470662980715886,1.0,1.0,0.7,0.9,0.9,155,2.921637621861437,3.1734450360602016
10,66,1.9540964761274062,2.063571059360801,2.1558723387327863,2.582281020901582,1.9439430624763698,0.2002295249060261,1.0,1.0,0.7,0.9,0.9,157,3.010650966590472,3.2327642722630703
10,67,1.9501760718242442,2.058505266485323,2.15065170832044,2.5968255441273502,1.9443534880888063,0.19494915566595591,1.0,1.0,0.7,0.9,0.9,158,2.857110480274098,3.2201623990260115
10,68,1.9485036052674207,2.0409635789589733,2.1309781527075704,2.5987415793011355,2.046461429870129,0.19684135100901018,1.0,1.0,0.7,0.9,0.9,159,2.6479375719026392,3.2989873138971784
10,69,1.9484917567531541,2.0454862568458,2.143666363882242,2.6138955852087475,1.9380099099267656,0.19684135100901018,1.0,1.0,0.7,0.9,0.9,161,2.654541769167818,3.3061621398786185
10,70,1.9486083477778586,2.040569776092679,2.1305176742884684,2.625484923539859,1.9384770476062658,0.1971209612441189,1.0,1.0,0.7,0.9,0.9,167,2.6246890807763883,3.31658002171407
10,71,1.9481969431323076,2.049264261745856,2.1555479431249145,2.584274654336956,1.9377168761736736,0.19655745662487206,1.0,1.0,0.7,0.9,0.9,172,2.684894621307207,3.2971097183110047
10,72,1.875783403234247,1.9788773472598238,2.092990975320868,2.6826496951374192,1.866579818479421,0.09378315592645411,1.0,1.0,0.7,0.9,0.9,191,2.942281520106728,3.40735151100767
10,73,1.8754454188666334,1.9812352568368654,2.1032697036145653,2.6984800461356264,1.8720419417448366,0.09378315592645411,1.0,1.0,0.7,0.9,0.9,193,2.7399725004114552,3.204435903893626
10,74,1.9339562298408128,2.0529319258576897,2.2069695030759355,2.843611640964302,1.9427378511322773,0.17868709879388975,1.0,1.0,0.7,0.9,0.9,195,2.932100988987828,3.518059314299521
11,0,0.962266687851952,1.0307433833838473,1.0267222338839006,0.19888381682898165,0.06632741604717969,0.09450031934742899,8.434422091439e-05,0.00011253633906273,0.7,0.9,0.9,1,14.327498833159115,27.239312292100102
11,1,0.922873833413844,1.0047308519153908,0.9998421117849854,0.18018580301209144,0.09223352349685697,0.06853256203134292,8.047776585855061e-06,1.388251098935e-05,0.7,0.9,0.9,2,12.751802092203397,29.5843128399992
11,2,0.6612655714446848,0.9057087351023314,0.8861270381145437,0.1801015248914917,0.8280150162382297,0.11230636145090422,0.00018590198589149,0.00023651790693928,0.7,0.9,0.9,3,9.064022140309977,21.854475246009628
11,3,0.47165735724833024,0.7894049580049093,0.7635150897086469,0.158146685320195,0.45546669052359756,0.12084000247760071,0.0008493356072421301,0.00099642881376964,0.7,0.9,0.9,5,8.535596293274788,12.892990688873532
11,4,0.44316269226525495,0.7650373046970674,0.7371698707847382,0.15008405333307087,0.18061717397462954,0.11140749497325146,0.00070759486506031,0.00084405945771601,0.7,0.9,0.9,6,8.575889320397124,14.428900632701987
11,5,0.4070575611777401,0.7336015885838648,0.7019982930183648,0.14494626669498545,0.2712875264643952,0.11282539232626909,0.0009894852738312802,0.00126412203242743,0.7,0.9,0.9,7,5.674780824289593,14.6875269429243
11,6,0.3849850480901588,0.7124085558752591,0.6793676282243505,0.1369704886298645,0.14596548977942778,0.10190906731426408,0.0006021507224707199,0.0007302054269640601,0.7,0.9,0.9,8,5.591270607918593,13.740901140970454
11,7,0.3350463303338883,0.6619508656767369,0.6243857529218637,0.11800421824396318,0.29263955319463236,0.08589090519080472,0.00097352009172843,0.0012375581355519199,0.7,0.9,0.9,9,4.838269589845224,12.917190352052296
11,8,0.30349631362145957,0.6254588903803976,0.5833445314864248,0.11767098642195088,0.18187866605673958,0.09098517738933508,0.00105764786513768,0.00137571638744502,0.7,0.9,0.9,11,4.278250022422148,12.616470960006207
11,9,0.28527054876424174,0.5994983284658154,0.5533384006263903,0.12504566899964648,0.17890317665397407,0.10516981560068869,0.00101265458500667,0.00132238514142768,0.7,0.9,0.9,13,3.4871087396078844,12.585974342171884
11,10,0.2805243795936751,0.5927030721906685,0.5456629282528482,0.13176254214624453,0.12174681395145692,0.1062022888716407,0.00114487953895291,0.00149061125909143,0.7,0.9,0.9,14,3.5588311373761043,12.096021191338693
11,11,0.2694014835103857,0.5811741658719768,0.5403679565754362,0.12799257876128628,0.17679498782183412,0.10739857632861098,0.0012596050189335102,0.0016030389120965,0.7,0.9,0.9,15,3.324598203749216,10.52297967832857
11,12,0.25295151952690376,0.5573661983956535,0.5140489562791207,0.12711991161000838,0.140300518008892,0.10470328978017267,0.00137496309235833,0.00182001697326857,0.7,0.9,0.9,17,4.344120182099346,6.987577573920282
11,13,0.2497443555092955,0.5527343057508362,0.5089686445723038,0.13301390292402984,0.09831973643251875,0.10403839687320664,0.0012752543185510499,0.00169869185576057,0.7,0.9,0.9,18,4.192664041318031,7.247165734504563
11,14,0.20836321310417866,0.486839639129646,0.43634254430416436,0.10530772509103693,0.4144833631170627,0.09474077444340104,0.00140249486242285,0.00177604541399507,0.7,0.9,0.9,19,3.542238013251493,4.086548647506101
11,15,0.19563047202680967,0.4570499674301092,0.4026130290267679,0.10925822169623976,0.17526853281474056,0.10172928453967008,0.00148972657985209,0.00189094034113037,0.7,0.9,0.9,21,3.0966353097190207,4.856288142664948
11,16,0.19751759437717936,0.44868215885545953,0.399371363353573,0.14022023595342487,0.10976619376706476,0.12129011923251395,0.00149804904970451,0.00223036635278186,0.7,0.9,0.9,28,2.745529142852374,7.07489961746101
11,17,0.18423266797383805,0.41740184460912383,0.3645488700043361,0.1414221851290082,0.2688914350042691,0.12075600599118404,0.0016279638296539001,0.00258949606461874,0.7,0.9,0.9,29,2.632634268357472,5.761520964772702
11,18,0.17067266961861194,0.3887469599628692,0.340433111368262,0.14108645786593357,0.17988561026675307,0.1199202083179279,0.00139883649989527,0.00226053548644994,0.7,0.9,0.9,31,2.46561422923317,5.899201937680972
11,19,0.16643015262137809,0.3766281812969281,0.3269172813262752,0.14429256416181924,0.1230886953306293,0.119377887499784,0.0016060336512639401,0.0027463513872917,0.7,0.9,0.9,33,2.4708156460767468,4.879239358983341
11,20,0.1508566939010259,0.3517988990686572,0.30787037772255404,0.15453639456232296,0.10359686432247364,0.10602108326398751,0.0022410850335584697,0.00331718006520964,0.7,0.9,0.9,38,2.242771217103809,4.435056069366198
11,21,0.14476859638596626,0.33870097701176527,0.3009994244105004,0.15980309581369137,0.12838376390897932,0.10573027859492437,0.00216309296201478,0.00310453612258082,0.7,0.9,0.9,40,2.129088652716866,4.544806810172956
11,22,0.14071913257437377,0.32428544800461656,0.2848836426975321,0.16322791441401707,0.1227136345686924,0.1064225466626946,0.00225612919488781,0.00317382586321146,0.7,0.9,0.9,42,2.053250043121104,4.408720355195891
11,23,0.13976121755221646,0.32107009000047837,0.28130231105719145,0.16599864490861996,0.09806609189590244,0.1064717536588378,0.0022198509987824003,0.00319721665882402,0.7,0.9,0.9,43,2.034164734425288,4.140182747247852
11,24,0.1497652523908763,0.3283411791426045,0.3030118758405579,0.21656349936600428,0.10827976122568428,0.11243789423518664,0.00945456214592027,0.007955507768481319,0.7,0.9,0.9,50,1.8233049767422564,4.359916536148417
11,25,0.1349967954999128,0.31211644840548747,0.2865568726067803,0.22027839423465342,0.09193802809451468,0.1097940461242484,0.00139007486170629,0.00231447841479051,0.7,0.9,0.9,51,1.5739095247900177,5.13661443599746
11,26,0.14557369775616225,0.3216883939075303,0.29597004595139054,0.23535199573963209,0.09520821445934594,0.10849319849371027,0.009127938934093239,0.00778387288106554,0.7,0.9,0.9,53,1.7329168327925055,4.420348732007733
11,27,0.14235841035934305,0.3126825990746823,0.27860227648809427,0.23961180808165652,0.09322502429449271,0.11664682296125342,0.0025626081195809303,0.00495930498122769,0.7,0.9,0.9,55,2.4694752815538843,3.574531974668968
11,28,0.14061875875320926,0.3128597352775223,0.28653205330320863,0.24934199755377112,0.09847349649022002,0.11570111958581845,0.00255369529592518,0.00493448664072489,0.7,0.9,0.9,57,2.491869247740552,3.6119384700143926
11,29,0.13641880862110317,0.3062260312274048,0.2795177353469387,0.24189727630076727,0.1038372958019229,0.11275827359646733,0.0023161247430976,0.00383257910333099,0.7,0.9,0.9,58,1.7092316371422254,4.95908608399433
11,30,0.13641880796152583,0.30622603088420564,0.27951773500373944,0.24974895133151692,0.08446495368084911,0.11275827332289408,0.00231612469070843,0.00383257898716695,0.7,0.9,0.9,59,1.709231646517447,4.959086120893149
11,31,0.1352198348887106,0.3069606879755086,0.2880109870802301,0.2603410114547082,0.09486592858015291,0.11275616173288869,0.00225675797541221,0.0036846685067388704,0.7,0.9,0.9,61,1.5340236791771156,4.839698973956603
11,32,0.12937846201260206,0.3029868370386515,0.2917870221189281,0.2782675432218497,0.08378028092855032,0.10665716244715169,0.0018420384741009497,0.0034868335249924496,0.7,0.9,0.9,66,2.4442377511406126,4.081896105944484
11,33,0.12927212900974763,0.30719222136991015,0.30412193113288655,0.2937833304575208,0.08172189583537144,0.1066571623531031,0.00184203847480867,0.0034868335184378902,0.7,0.9,0.9,67,2.528239008742013,4.000001080472053
11,34,0.1455349503855602,0.31625173668956785,0.3045976044773398,0.3147428510827098,0.10771312416118867,0.11185321892001679,0.00639247313457546,0.014101828386479179,0.7,0.9,0.9,69,2.167039513138485,3.709284661183635
11,35,0.13151783066537565,0.2866859613565984,0.2651897664867096,0.2964562256426952,0.17051277616794108,0.11129038429450336,0.00351173374854786,0.00608037244799413,0.7,0.9,0.9,70,2.25614236943776,3.862323941014968
11,36,0.12963386400197519,0.2792951863452259,0.2494872082694906,0.29858648973945606,0.08847782816584543,0.10960994961475304,0.00365296404477468,0.00549904208571909,0.7,0.9,0.9,72,2.195824704509003,4.091194377069884
11,37,0.12828914027164803,0.29437838431044,0.2969683953214173,0.33413170958837823,0.09948314829888975,0.11005283413112318,0.0027990400150240497,0.0052585673139045495,0.7,0.9,0.9,73,2.070993578585357,3.5540797964028084
11,38,0.1310964941295883,0.28720415525001086,0.27332755871139097,0.3164227163052736,0.0934061558338179,0.11243703007686678,0.00357554374789659,0.00604142710464178,0.7,0.9,0.9,74,2.213645662863254,3.8877464741756462
11,39,0.13014103665865784,0.283438419365273,0.2691381113725213,0.323540904742013,0.09814142338342084,0.11239986766999917,0.00345714320015911,0.00617145076350874,0.7,0.9,0.9,76,2.1448996251632684,3.885702807976654
11,40,0.12935546335785944,0.2914725107913704,0.29346329477441363,0.3437039428079986,0.08814046831499395,0.11169955266974092,0.00349006351302902,0.0059501954779769,0.7,0.9,0.9,78,2.052116192614264,3.6326516622472944
11,41,0.12953206839162176,0.27712468015817715,0.2619687455953873,0.36472898500460527,0.10895827547520594,0.11110399546337121,0.00487589591330538,0.007158690615970501,0.7,0.9,0.9,80,1.89707356531616,4.344459962300963
11,42,0.12888760091796422,0.2845950875427383,0.28562538828049105,0.4154584765281187,0.08995804353305856,0.11087076461780332,0.00483138262689842,0.00705577350371908,0.7,0.9,0.9,85,1.8918306932386963,4.385474266473328
11,43,0.1266608240313399,0.28636862342285313,0.29548268583082765,0.4173197945838104,0.09102762848164885,0.1115166524615285,0.00545054065791692,0.00368207190658574,0.7,0.9,0.9,86,1.752777550553991,3.763875311884787
11,44,0.14569211895209913,0.30197167863558755,0.3105764777552745,0.4018750267147009,0.13220364326190853,0.11109945126482881,0.01403144986673505,0.017769642746154852,0.7,0.9,0.9,87,2.777461834954592,3.984018568456184
11,46,0.16754044696554882,0.3392632392770015,0.3651465986105277,0.488567441670132,0.12930207011580758,0.12388170082401048,0.017403679412590762,0.026521706162229867,0.7,0.9,0.9,100,2.2746782513877104,3.6810196973597593
11,47,0.16715731996287492,0.3461177706347581,0.38805609169704863,0.5320114238751769,0.1279157491668495,0.12401409285472469,0.01770641269290256,0.02639444787527152,0.7,0.9,0.9,106,2.2205499572725325,3.8316731138919335
11,48,0.16793194314835813,0.3551521662825281,0.40581192635425367,0.5606500481716056,0.13124766635622198,0.12390357476737499,0.01738006730555235,0.026351958453226732,0.7,0.9,0.9,109,2.482736143326863,3.852506772365254
11,49,0.1669664934636995,0.3557894903551868,0.41417563599701535,0.5595280132394679,0.13176837538264025,0.12390357476737499,0.01738006730555235,0.026351958453226743,0.7,0.9,0.9,110,2.387017004781312,3.913097066400865
11,50,0.16380611792822358,0.34486786498115823,0.3871206958042757,0.5750658952665002,0.12344518928756268,0.12200368643589869,0.016623609276163482,0.02455918947164654,0.7,0.9,0.9,119,2.3988852591748566,4.000142582877317
11,51,0.16669258996857575,0.34971070738882154,0.3997427517803986,0.5950070952156911,0.1348938604261133,0.12787229175055898,0.017231485919385787,0.02353966845249738,0.7,0.9,0.9,121,2.618050995649984,3.629222206605334
11,52,0.16447136253664824,0.34171770490558745,0.3908918156236826,0.5967749125110449,0.17381045807713996,0.12858654466444477,0.01586309383524995,0.02390777851638476,0.7,0.9,0.9,122,2.6965047685335257,3.5664962128130147
11,53,0.1637255971544221,0.33907587566419545,0.3879694597126578,0.6002165829111784,0.14133800301365815,0.12861910297749327,0.01587704229710628,0.02369168935791725,0.7,0.9,0.9,123,2.7740521448908813,3.8147921624947214
11,54,1.0455517213215146,1.2179559950949574,1.2739130917530304,1.5269938919250001,1.0450389598317007,0.12482735273961214,1.0,0.02486039101174252,0.7,0.9,0.9,126,2.7623500628410853,3.843520723479233
11,55,1.0515112727514921,1.2575491353374855,1.3559446506957817,1.5202943482689637,1.0129296176535358,0.12724676776236413,1.0,0.02599889861407891,0.7,0.9,0.9,137,2.3911682820782394,3.929328148958304
12,0,0.8100408308956717,0.9707328673364666,0.9599614434214757,0.1818750342259579,0.06605299547783713,0.09409823561228804,9.22216157529e-05,0.00011247899450876999,0.7,0.9,0.9,1,19.38070553991819,29.46462435963484
12,1,0.5955397844745869,0.865440054404091,0.8420839017763057,0.163886129811169,0.39307187256335996,0.10249102500576776,0.00018250500435706,0.00024356194985571,0.7,0.9,0.9,3,13.506297578176806,21.854475246009628
12,2,0.4580812435986335,0.7775875325168073,0.7510136260375211,0.15070453657636426,0.3711848286993323,0.1127259796497901,0.00075052739491092,0.00100161590838892,0.7,0.9,0.9,5,9.0214627658166,16.934003069699806
12,3,0.45806595444202175,0.7822091267665837,0.7637922534728687,0.1554564990284304,0.08153533316608223,0.11290038083227291,0.00077497606921288,0.0010342438727855801,0.7,0.9,0.9,6,8.952612996387288,16.840946671235933
12,4,0.38465022200026355,0.712234638835392,0.6793407719636976,0.13181739448422297,0.39290115205787624,0.09841975110928224,0.00103202443594339,0.00137478306241836,0.7,0.9,0.9,7,6.849710107820935,14.584980576762684
12,5,0.34451336932228943,0.6676351998550186,0.6232248449300808,0.11613190133516027,0.1457279051915023,0.0846773041289529,0.0006321095254752001,0.00088373917429876,0.7,0.9,0.9,9,7.866963669669878,15.750983224313613
12,6,0.29490184580279,0.6119710581671436,0.5615040463512395,0.10602971755234936,0.21237805415013988,0.08146856331405264,0.00072043277449219,0.00099550724659461,0.7,0.9,0.9,11,6.596386953207266,13.380889710899057
12,7,0.2762215050812437,0.5860057325203246,0.5317576674462536,0.11157165365926887,0.16240790044698966,0.09189241802356149,0.00081104620211886,0.00112475589998379,0.7,0.9,0.9,13,5.561736505471518,12.139459848954491
12,8,0.2703810945659035,0.5787420365809212,0.5238871890127323,0.11312854711018747,0.09495062997616949,0.08943331905525712,0.00073443724300119,0.00100948638086452,0.7,0.9,0.9,14,5.573625105307007,12.247238589404438
12,9,0.2593528295812563,0.5606551852507486,0.5030679172696325,0.11285011006916429,0.20974003305751107,0.0971019510971417,0.00108771104937759,0.00146219288351013,0.7,0.9,0.9,15,4.721102788125263,12.27411735028474
12,10,0.2535237149676803,0.5527608660053812,0.49446033711592313,0.11475748393276225,0.10487271584704841,0.09508685213972115,0.00101110209025992,0.00134692336439086,0.7,0.9,0.9,16,4.7352948564839545,12.39718994307954
12,11,0.24181652223940361,0.5367622645311153,0.47703223786369064,0.11536132316233018,0.13861135836214572,0.09041141196613112,0.0009498617576020101,0.0013244736125662799,0.7,0.9,0.9,17,3.7998127005430633,7.529586023011943
12,12,0.25967376717833623,0.5435386784697984,0.4874828964214378,0.1498989740952654,0.22160414034618298,0.1484994212714587,0.00064916524979576,0.00310883297509431,0.7,0.9,0.9,19,4.373739694517581,7.768452226672951
12,13,0.21687611094663473,0.4813797895427445,0.4134677479994099,0.12690546689029397,0.17626623849460596,0.11441979202407335,0.00073392280154994,0.0017810952888603598,0.7,0.9,0.9,21,3.2760709265751315,5.429144285245783
12,14,0.19137618313529176,0.4482989696107953,0.3929758062328188,0.11536877346237236,0.16910086331774166,0.10065640720379487,0.00129267685561286,0.00191324653923273,0.7,0.9,0.9,23,2.847093031801609,6.125062894609803
12,15,0.18800892827147508,0.44231417644018156,0.38643438813506314,0.118938918590512,0.10067161551080185,0.09940028991039253,0.00121212950855316,0.00179458740201995,0.7,0.9,0.9,24,2.6669648941648108,5.905345716312434
12,16,0.17234549967864676,0.40008449569144844,0.3316031608792515,0.10968401411074384,0.2996256078006864,0.10147323535599781,0.00121577602857754,0.00190065208402283,0.7,0.9,0.9,25,2.920422202550608,3.855707796426723
12,17,0.15616743827752005,0.36431525985007945,0.2921759887427237,0.10029854027652911,0.2568127937293528,0.09411586165509575,0.00206808111048744,0.00299441176564559,0.7,0.9,0.9,26,2.582916809917166,4.078260908997623
12,18,0.15106321330436576,0.3466325209103961,0.2722526292286653,0.10323193663674335,0.18682119397605007,0.09946042285629852,0.00128697023110092,0.0020022655584093,0.7,0.9,0.9,27,2.612097888007204,4.492129739339568
12,19,0.14091759133551507,0.3308447446197001,0.26286690210744607,0.10373903718885838,0.11305374045705184,0.09267133274315008,0.00131693142564397,0.0020242697181089902,0.7,0.9,0.9,29,2.297311222004494,4.480542624811001
12,20,0.1382938761066517,0.3194622237987503,0.2500016269669709,0.1051070526387088,0.14521480243599838,0.09544686271383546,0.00122106190237701,0.0018925397900000098,0.7,0.9,0.9,30,2.286274479223868,4.112435071500381
12,21,0.13639945630167008,0.3208212557905749,0.25931058892722075,0.1097504998759704,0.07968130351099204,0.09314675419864274,0.00138111017195379,0.00212627141070836,0.7,0.9,0.9,31,2.1321302500608765,4.387876251100816
12,22,0.1370280992256839,0.30906350730368226,0.23808697236609896,0.1142227615298071,0.13850096410101778,0.09972526383764374,0.00126513388302872,0.0018724452133477398,0.7,0.9,0.9,32,2.206445502791483,4.606027420462977
12,23,0.13608696979673843,0.30554937677681787,0.23415068523663626,0.11680099716800733,0.09438095115348881,0.10008727678701823,0.00124117285131677,0.00186269481329531,0.7,0.9,0.9,33,2.1910818385465207,4.615614190570092
12,24,0.12622542903481737,0.27874729725368014,0.21206468986419888,0.12449578593130994,0.24823991153465932,0.09798223469504527,0.00149644247343888,0.00235437059106157,0.7,0.9,0.9,34,2.210561261455909,4.168486153922431
12,25,0.12199022089442095,0.2729478602071346,0.206019056043972,0.1378115561205413,0.07261861370190258,0.09223884151568315,0.00175021312856922,0.00254514863463367,0.7,0.9,0.9,37,2.197726585846861,4.056976693063502
12,26,0.1189965985384593,0.2655855517791903,0.19797231060835999,0.13838156417868544,0.10200569649315054,0.0908126404179037,0.0015884111116572799,0.00236501766399312,0.7,0.9,0.9,38,2.282236206615913,4.151552463377928
12,27,0.1232648713225624,0.27173608611101474,0.21187368462468628,0.16433425791948716,0.07961659813626758,0.09681902968833084,0.0016970603563932,0.0034704985557468004,0.7,0.9,0.9,41,2.007581902050428,4.213030522604418
12,28,0.12319160185699357,0.2760670263735156,0.2243482712800546,0.182777981918427,0.07319690780414696,0.09681902968833084,0.0016970603563932,0.0034704985557468004,0.7,0.9,0.9,43,2.016502384232828,4.247772652736868
12,29,0.12812067008407,0.2638011188447049,0.20196878813567057,0.19119301966419458,0.18079439762018848,0.10807910898341237,0.0018783424185463498,0.0050837715062407,0.7,0.9,0.9,44,2.6827192242151296,3.963913490605897
12,30,0.11916761048091273,0.25032412227449735,0.1878031804669538,0.18583434044894667,0.10970918309913151,0.0986033337906704,0.00178033399884935,0.00434824824127982,0.7,0.9,0.9,45,2.418806395623027,3.8899598014232666
12,31,0.11840393845423086,0.25189943073555854,0.1972107732598164,0.203999554797726,0.08320909177375828,0.0986033337906704,0.00178033399884935,0.00434824824127982,0.7,0.9,0.9,47,2.445054053744904,4.032949723295848
12,32,0.11792176414114613,0.2648807622391621,0.23466379802894385,0.17692766104545052,0.07674896348433435,0.09833643630620667,0.0017304276218192802,0.00419558876997366,0.7,0.9,0.9,48,2.4388615011859485,4.08607789225703
12,33,0.10918460198348591,0.23517245136527798,0.17935439598331976,0.2215450661621667,0.0815535804082157,0.0890659020220303,0.00196054607793612,0.00410566100154331,0.7,0.9,0.9,52,2.508851743707446,3.863027173216257
12,34,0.10759303118441653,0.2254212948721702,0.16089741263848029,0.2197803508912215,0.08091308729768598,0.08850938008819834,0.00192303696120638,0.004080636012699141,0.7,0.9,0.9,54,2.5911304964148325,3.8956458414573936
12,35,0.10755670902925814,0.24366893369912346,0.21182438717239488,0.20812385655936266,0.06822476520336075,0.08850938008819835,0.00192303696120639,0.00408063601269915,0.7,0.9,0.9,55,2.5851817844076423,3.861899201428028
12,36,0.14342736550022667,0.291768653625837,0.2842127483147203,0.369161248828336,0.10429575454317426,0.10155438923609225,0.0021066686381476,0.03416063514724007,0.7,0.9,0.9,76,2.569897687447152,4.747301977068618
12,37,0.14204442596703754,0.28377928162748567,0.2677511248929035,0.37087183094587545,0.1181738536084724,0.10042038365342745,0.00210841938151426,0.0342056689982492,0.7,0.9,0.9,77,2.6448358548086603,4.621561888113918
12,38,0.1409364479788955,0.28575270454675333,0.2776735628796107,0.4002161043458711,0.1080766279805118,0.09964685604232226,0.0020833108807209897,0.03412704744717503,0.7,0.9,0.9,79,2.537962415246719,4.677469226187842
12,39,0.6920649411607732,0.828563998659789,0.8117616079660355,0.9460719108536539,0.6826157648339556,0.0993484661707299,0.5131058424364654,0.13697221691601721,0.7,0.9,0.9,80,2.5073487056900285,4.37414290135719
12,40,0.6915964733783387,0.8310661388155397,0.8221978611642169,0.9588575056411743,0.6607549909365069,0.09975400612792193,0.5129766277592102,0.1368147152904665,0.7,0.9,0.9,82,2.4046724582769605,4.356092360660508
12,41,0.691398002179451,0.8346318302639655,0.8338146226490643,0.9719652741118565,0.660957008148393,0.09984906238230115,0.5129717618349132,0.13680508869176783,0.7,0.9,0.9,83,2.4199574232651697,4.414487153438526
12,42,1.3679105361177701,1.5079444108428748,1.506657624721591,1.6797191219719714,1.3441323976974018,0.12153692028196761,1.0,0.38565096753735456,0.7,0.9,0.9,85,2.9101960356729166,4.3905020477253
12,43,1.35609426956185,1.4992784142391304,1.5059536509712341,1.6767347969737112,1.3315785854153461,0.10873277305322009,1.0,0.38295554520348396,0.7,0.9,0.9,86,2.515770652479928,4.293819982875515
12,44,1.358705842107328,1.492015072027808,1.4897469462633126,1.6787261385774714,1.3641536168421964,0.11344026769044362,1.0,0.38389867591455273,0.7,0.9,0.9,87,2.9680977105153543,4.549001235382503
12,45,1.355183353333996,1.4909929178953871,1.4965941717403943,1.688445713367046,1.329746426895019,0.10956205731271462,1.0,0.38366482485524467,0.7,0.9,0.9,89,2.9306116085434963,4.579090563373224
12,46,1.3551833505931545,1.4955923719169217,1.5093676145824835,1.710724303789586,1.3219918479712416,0.10956205379791599,1.0,0.3836648241072008,0.7,0.9,0.9,91,2.930611247867233,4.579090607743083
12,47,1.3738807536319542,1.5135120706737906,1.5271745378699793,1.7293635721562781,1.3466604437399592,0.12532505696587506,1.0,0.39242436484385096,0.7,0.9,0.9,92,3.0520697529974745,4.674175556164542
12,48,1.3634802766532024,1.507181535391416,1.5289414796930274,1.7369128406359413,1.334565618214884,0.12200522417299686,1.0,0.383616245109147,0.7,0.9,0.9,93,2.959957458282957,4.794272934551783
12,49,1.1223139259048358,1.266902625298909,1.296299909659763,1.5472829326639832,1.0918964619141749,0.09599356657704912,1.0,0.13703690936745486,0.7,0.9,0.9,113,2.827465112844909,4.777073374282016
12,50,1.8207974057257301,1.9639622957060845,1.9931543165855259,2.276353317618123,1.7946450722329255,0.5470831100128262,0.5627192939676132,1.0,0.7,0.9,0.9,115,2.8445421660475407,5.327550719678088
12,51,1.8228918691145486,1.968252138213102,2.0052723040189435,2.2870165137303267,1.8009679481687657,0.5511622162577984,0.5626035103620195,1.0,0.7,0.9,0.9,117,2.762571811071523,5.339579110843681
12,52,1.125218384319824,1.262344379458725,1.2981860285665663,1.6045666488080537,1.1116948873065895,0.09359254232585083,1.0,0.1457364646728962,0.7,0.9,0.9,121,3.071515921288998,4.674907265459591
12,53,1.0972236831006092,1.2373962732801473,1.2811910438144711,1.5808954309986978,1.0803579099618152,0.0927205393444004,0.9699551046091344,0.14580351349876317,0.7,0.9,0.9,122,3.0568280048264707,4.5086229741860375
12,54,1.1245460988687954,1.269222591939178,1.3211776928290766,1.6227813668946918,1.0967815026711012,0.09313988996752245,1.0,0.14581826082902513,0.7,0.9,0.9,124,3.0742687726194595,4.55704629987334
12,55,1.1245451758076837,1.269221330693173,1.3211763663512603,1.627289069801059,1.096435873512932,0.09313874355859268,1.0,0.14581821897694186,0.7,0.9,0.9,125,3.0742207868657605,4.556909197029362
12,56,1.4902096900130273,1.6522004684195475,1.7366978108465934,2.1010595173817554,1.4627916492996462,0.09005972199764634,0.5548182775982591,1.0,0.7,0.9,0.9,144,3.491554944095986,4.377808658091201
12,57,1.4942357691708574,1.697275257900651,1.8552900414509663,2.093292700707488,1.4673298589843693,0.08931325192430702,0.5599714941559433,1.0,0.7,0.9,0.9,147,3.6463684909931975,4.409554498353641
12,58,1.2827164666299735,1.4532459097221122,1.56151967312182,2.087385793032903,1.2574091449242926,0.0903337810163746,1.0,0.32554654238995706,0.7,0.9,0.9,177,3.723046293351818,4.4356579051471945
12,59,1.2828884311277176,1.457767387020742,1.5741798283678963,2.113400501869357,1.256911019953194,0.09023988448305598,1.0,0.32588056430780216,0.7,0.9,0.9,181,3.683788978099467,4.344675732748854
12,60,1.2823817038028138,1.452650870547893,1.5608876724447764,2.1008877668048904,1.2560305234155678,0.0897803948550736,1.0,0.32567778312650597,0.7,0.9,0.9,182,3.680356800746938,4.346950657531626
12,61,1.285030390744949,1.459571550113401,1.5759362243910946,2.124821117141126,1.2610470984505975,0.09009550076108896,1.0,0.3284670849571939,0.7,0.9,0.9,183,3.7348715681670006,4.421076781453111
12,62,1.2833551116550164,1.4527578407304085,1.560872143313504,2.1110164848173802,1.2610310199472643,0.08941648473638644,1.0,0.3272840057227723,0.7,0.9,0.9,184,3.772214545451372,4.37968774311598
12,63,1.2840171599634982,1.4528549933129131,1.5608895935506328,2.120863538934374,1.2599840446095214,0.0892567968863407,1.0,0.3283007910960427,0.7,0.9,0.9,186,3.836433453294286,4.470778175756946
12,64,1.2838818354138408,1.4707247120665479,1.6114001580641752,2.1964465997563276,1.2581488149355875,0.09202746403803827,1.0,0.3261044322735543,0.7,0.9,0.9,198,3.49757658488804,4.357796221121325
12,65,1.3861674421346635,1.5724471637467134,1.7130429924652104,2.322128102761045,1.3623639168495734,0.09688496088912255,1.0,0.4361328426701679,0.7,0.9,0.9,200,3.451134663746036,4.357618501678812
13,0,0.79986501003587,0.9702790937368306,0.9586574121774937,0.1868325963999075,0.07312344980791624,0.10417400364512468,9.22216157529e-05,0.00013183089127929,0.7,0.9,0.9,1,20.682351368241115,29.46462435963484
13,1,0.5710704957885805,0.8515207896771543,0.8262616335782319,0.1620814134745525,0.4227674701367445,0.10666791136538645,0.00018250500435706,0.00024036292955230003,0.7,0.9,0.9,3,15.57354852072016,21.854475246009628
13,2,0.41589180399554204,0.7420533838642379,0.7110229289930641,0.14354738407018575,0.4401379628581547,0.11801893026581756,0.00085113492011357,0.00112096259257913,0.7,0.9,0.9,5,12.320205529195784,16.584006534983455
13,3,0.40212331532582024,0.7286261412800549,0.6972907890189204,0.13576917706361535,0.08959405572798457,0.1039060604154964,0.00045634077995914004,0.00057176807661933,0.7,0.9,0.9,6,11.858529118795165,15.881381477986208
13,4,0.3414300962273912,0.6678761817054214,0.6293806523381477,0.12062324555402437,0.4417210266805037,0.1064431636319344,0.00085076576114942,0.0011070718640977,0.7,0.9,0.9,7,10.14502938689856,14.991669796938142
13,5,0.34154577055842505,0.667990891923835,0.6294927069927327,0.12075521926315817,0.07655671880536029,0.10655185485385446,0.00088073158171192,0.0011465374800802,0.7,0.9,0.9,8,10.122991661404145,14.906559701379098
13,6,0.2829999965140515,0.6034834615726166,0.5604224149679184,0.0918654539018643,0.2841164037203376,0.07189726440681779,0.0009389197783370099,0.00123257177280098,0.7,0.9,0.9,9,8.044273784237653,12.97726351626888
13,7,0.283461436033104,0.6039376175484554,0.560871710677177,0.09235021583508743,0.05303003798435662,0.07250418255927006,0.0009733045837377601,0.00127785728476447,0.7,0.9,0.9,10,8.023785923736469,12.879345260099754
13,8,0.2738868249766116,0.5963584296923765,0.5601464896961607,0.10301196609844984,0.11833740686478207,0.07189726440681779,0.0009389197783370099,0.00123257177280098,0.7,0.9,0.9,11,8.102279203401975,13.360398977802202
13,9,0.24968993702525316,0.5587439620223681,0.5104649823260049,0.09588757861042674,0.15351445808087322,0.07377836448431355,0.00102469689562187,0.00127833836088952,0.7,0.9,0.9,13,6.673607077886115,10.510009464035594
13,10,0.24332172980707487,0.5504168049917223,0.5014262439240244,0.09695751012946238,0.08758887892236655,0.0715262090695481,0.0008312217501194499,0.0009677853676626101,0.7,0.9,0.9,14,6.661626374363238,10.967194194322584
13,11,0.21490950505164017,0.51199018694854,0.45961312905019436,0.08308647102970194,0.21746228701969963,0.058279388715146964,0.0011916951970445898,0.00151230551108406,0.7,0.9,0.9,15,4.640304110466179,10.248692150117384
13,12,0.21016952334681896,0.5044823723329444,0.4512853315026874,0.08585594498220224,0.08442119942608024,0.058122175139904766,0.00111507806669306,0.0014324884223182101,0.7,0.9,0.9,16,4.625448739441004,10.382258706148704
13,13,0.20422970645799463,0.49896216196019166,0.45279487359544873,0.09450085656353606,0.09928023426053018,0.05801166133390031,0.00116433439194543,0.0014770259012202099,0.7,0.9,0.9,17,4.800266899184103,10.599552919767156
13,14,0.20091190103270007,0.4933892418877747,0.44659281016026436,0.10161227589678014,0.07503869622992144,0.058122175139904766,0.00111507806669306,0.0014324884223182101,0.7,0.9,0.9,18,4.76017748439369,10.697220147012631
13,15,0.19857398499867313,0.47862123175160953,0.4215633469734036,0.09137558755222967,0.15807046344690975,0.06938933542137389,0.00125068518328865,0.0017607687541158,0.7,0.9,0.9,19,3.942530764375574,9.616756673443204
13,16,0.19923579587763404,0.4790974931054789,0.4290113158058754,0.12204310559225728,0.0731394774312487,0.07916408702800423,0.00123618646569368,0.00141455054616779,0.7,0.9,0.9,23,5.580189457080867,8.939653037834988
13,17,0.16771736349997932,0.4373862786560153,0.3848862169805372,0.10509368160553162,0.16011967726256368,0.04980304720093839,0.00124742359904496,0.0016288620059004201,0.7,0.9,0.9,24,4.172308173570247,9.006211066453599
13,18,0.16445102019614471,0.42294953439550287,0.36796165788817853,0.10650792336947923,0.1720299341794821,0.06063042426739853,0.00132638844339198,0.00154953016481817,0.7,0.9,0.9,25,4.3703581106465,9.570456762327854
13,19,0.17697315557357624,0.42962282248088085,0.3661917447091174,0.1132474538225445,0.0724172695419312,0.07997034034465972,0.0013411928057325,0.0016627725052629002,0.7,0.9,0.9,26,4.595216851244768,7.858351170046291
13,20,0.16200520055939166,0.4223281416701069,0.37492431728973435,0.11460674039622314,0.06111841592512481,0.06063042426739853,0.00132638844339198,0.00154953016481817,0.7,0.9,0.9,27,4.246658362918469,9.287154927722744
13,21,0.16321268850415796,0.4098552461218227,0.3451583542047248,0.11119748047602877,0.09838573176202263,0.06744415888254907,0.0014313947834308,0.00179775212391328,0.7,0.9,0.9,28,3.1658828310549114,7.626215983137705
13,22,0.1597076146184053,0.4095719959374824,0.35276346065629977,0.12456247729392741,0.055034093727739916,0.06489947095195604,0.0011650290091788499,0.00142693470931069,0.7,0.9,0.9,30,4.351178127647731,8.546786751410245
13,23,0.14189677990952024,0.3738757887745844,0.32079678842956505,0.1260070877462074,0.12229242633452528,0.06316900562645009,0.00129990150973664,0.00156822177799563,0.7,0.9,0.9,33,3.277583762941392,8.929053532994592
13,24,0.14153824457936004,0.3680492848527395,0.3139426525637637,0.13021511947474387,0.10244436360866455,0.06747454833234293,0.00142436284257482,0.0017246895358449198,0.7,0.9,0.9,34,3.0391132137315955,8.4071383949012
13,25,0.13649392764260473,0.36231654275114605,0.3154069624556005,0.1471428744307951,0.06082943002173328,0.06516706704134391,0.00138636227373045,0.0016832407154515699,0.7,0.9,0.9,38,2.989467478508544,8.660764537124896
13,26,0.1344603533286324,0.3553174024528953,0.3075043698920019,0.15304772306780157,0.07240178153556993,0.0666908606258296,0.00135485663664512,0.00163609519838388,0.7,0.9,0.9,40,3.1036993324236635,8.31100162156115
13,27,0.1239678760351062,0.3331588320098974,0.2759070881060068,0.16075642690472425,0.0752662147655105,0.056990142306226045,0.00160441516960996,0.0018569104913573199,0.7,0.9,0.9,42,3.3225942676393614,7.611081652609954
13,28,0.12611174548464854,0.3387981394675101,0.28952471345574105,0.1744399872163834,0.050789263934498,0.06135577128022146,0.00145747267430407,0.00168861534853347,0.7,0.9,0.9,44,3.540277676653458,7.770054208246179
13,29,0.12566414653946345,0.33822151913829557,0.2889252285491005,0.17084555891666098,0.046575011820566524,0.06084697634659188,0.00144730190418617,0.00167840912569456,0.7,0.9,0.9,45,3.5335275085509195,7.597936775002254
13,30,0.12577451036800527,0.3339898967395466,0.283930908536212,0.18973745390610172,0.08679846848308452,0.06419894532440387,0.00154377880215423,0.00177161503585665,0.7,0.9,0.9,46,3.498948714285171,7.899023477326316
13,31,0.12041169068818872,0.31732534914549465,0.2653194118929507,0.18109197736920704,0.0980896999034059,0.0651767326698505,0.0014550173425448899,0.0017279971644426,0.7,0.9,0.9,48,2.568880115710373,7.167821359176145
13,32,0.11461491253164183,0.307749421038685,0.2625046909934354,0.19125657134968765,0.08287173405637757,0.06337084014295871,0.00128587495229672,0.00144268076593995,0.7,0.9,0.9,50,2.827777098280445,5.531919689348627
13,33,0.11283692430911664,0.2938581549763918,0.24661634556662015,0.21199178816093933,0.07600951135395183,0.06796264212376799,0.0014186720905204199,0.00194008277627385,0.7,0.9,0.9,54,2.6502529632300447,5.738945727165657
13,34,0.10856466298599089,0.2911762029801866,0.25161944040109535,0.21261679234916625,0.07258205170782174,0.061975734471883794,0.0018977266858219402,0.00283734162093327,0.7,0.9,0.9,55,2.7832218561802047,4.879511473937447
13,35,0.10692910678288092,0.30505774653160217,0.2977312994714327,0.19661451916541006,0.05516456028109934,0.06146105656495064,0.0018710438689271101,0.0028261658776779002,0.7,0.9,0.9,58,2.702581978466136,5.084027567199769
13,36,0.1076651224805528,0.2859729310834681,0.26060106943892575,0.27727456554353513,0.05959600731285292,0.06853778299868714,0.0020611220237866197,0.0028366350903157,0.7,0.9,0.9,70,2.5098288988519486,5.230187041402168
13,37,0.11007720804087842,0.2909253287124756,0.27340221571005235,0.29277851073997485,0.06389781204902902,0.0739799894406636,0.0016668811528551702,0.0025889510892927,0.7,0.9,0.9,72,2.366416591937485,5.168022215813444
13,38,0.11007720793858818,0.2863258715204839,0.26062876969750637,0.3043672825744297,0.05561640181426395,0.07397998936950015,0.00166688115001378,0.00258895110652929,0.7,0.9,0.9,74,2.3664165866938376,5.168022210748551
13,39,0.10592799305786327,0.2765010837172937,0.24246015773370191,0.3213371119973343,0.060541200604444956,0.06760580114457723,0.0019727451233305703,0.0031030957667145297,0.7,0.9,0.9,75,2.838930232967245,6.147994584820546
13,40,0.10066705564456101,0.2617323672649372,0.22620510161290766,0.31210822578838643,0.08816123839145172,0.06574060384514267,0.00188155555463494,0.0028505854540197403,0.7,0.9,0.9,77,2.916532240970497,6.577532477127168
13,41,0.09795199963540317,0.2635576358314452,0.23619530811936912,0.33196186657041105,0.047740214296748455,0.06216424371230288,0.00177144086310553,0.00275010486543873,0.7,0.9,0.9,80,2.793989666341771,6.164508363033573
13,42,0.09605498595763996,0.2576881856458344,0.22971112032099889,0.3529063734990789,0.05028898773619052,0.061789299465393556,0.00176068647842808,0.0025747237547855,0.7,0.9,0.9,90,2.833582244518193,5.421868966570107
13,43,0.09416858645299321,0.25948901341515557,0.24701292889947335,0.3967450889915846,0.09049109176589314,0.06193355066916523,0.0018426545585249299,0.00249038310927644,0.7,0.9,0.9,91,3.5077908062633067,6.438378060869585
13,44,0.09343640372559173,0.2522939927159348,0.2313594547947928,0.380173180489417,0.05078089497737765,0.06212587871782049,0.00162810224341493,0.0024670542656961,0.7,0.9,0.9,95,2.685140917652253,5.557656166711667
13,45,0.09290994644549838,0.2520836174954766,0.2386713164150592,0.41694616362749926,0.08135318739871197,0.06333022619088421,0.00176441586967203,0.00245864540405917,0.7,0.9,0.9,96,3.01371951961218,6.075016830820616
13,46,0.08910689739744626,0.24525770216203116,0.23138776598995067,0.27353163991830953,0.05002289228048581,0.05946799210698685,0.00172200320683355,0.00242121465605431,0.7,0.9,0.9,101,2.9922382354530934,5.729174183913065
13,47,0.08747292435354838,0.2367581666028233,0.23683379230921037,0.4692356839329608,0.06641467740468496,0.0592646864660854,0.0040575832788674595,0.004202283377252701,0.7,0.9,0.9,108,3.406952914416748,5.330444181834077
13,48,0.08754877099342182,0.2347531692448513,0.23452103557353154,0.47339144388993354,0.06532144577595594,0.05939989099807038,0.00423589247630002,0.00471667057436138,0.7,0.9,0.9,109,3.3540731524521736,5.1644583496868215
13,49,0.08760274934291731,0.22992767638668757,0.22148025066864443,0.3389892018523538,0.05047980800162935,0.05959909480482524,0.00423801012001844,0.00471505442426481,0.7,0.9,0.9,112,3.339590006859716,5.175832124339567
13,50,0.08590802255957664,0.234029858657859,0.2414291486530161,0.5006561039955126,0.07466995042694086,0.05899697555663388,0.00425730358958112,0.00443016641796716,0.7,0.9,0.9,113,3.404141653932637,5.208240342223789
13,51,0.0842510270281969,0.22925357998354268,0.23619502515186433,0.5133172377911587,0.056172993792836516,0.05745701964393866,0.00440524626066556,0.00467540957026648,0.7,0.9,0.9,116,3.552498617674696,5.085313795189748
13,52,0.08567470449382043,0.22089957324547377,0.21140808925330373,0.34501147395374127,0.05214810647114682,0.059987333528380246,0.004324427815680329,0.00456060023693731,0.7,0.9,0.9,118,3.3928531829471344,4.930603308643876
13,53,0.08555171742095162,0.2344507286773115,0.24946319031277958,0.5275968803092739,0.05082950644827352,0.059038996365883334,0.00445876055804744,0.00506806507716047,0.7,0.9,0.9,119,3.538562379974478,4.841074802486711
13,54,0.08676390166986478,0.2309141508656483,0.23773053446764172,0.5743041881454372,0.051449584925004246,0.061307181307625414,0.0042984103580327,0.00486218929484521,0.7,0.9,0.9,123,3.199756740933938,5.460959460044767
13,55,0.0838778511725353,0.23131366861920807,0.24611201243245687,0.5772269117059521,0.058418509150056724,0.06225540250956753,0.00246665898492712,0.003178047615948,0.7,0.9,0.9,124,3.3484959716941383,5.156919714189064
13,56,0.08197383905991003,0.23172351805117855,0.25436241921233654,0.5864465448490137,0.06443159069425933,0.06049242697798825,0.00248810114759327,0.0031536263223240304,0.7,0.9,0.9,125,3.329703315724409,5.143549431711416
13,57,0.08357110512284605,0.23272912057905132,0.25528175233958283,0.5922982340332446,0.053587056692496325,0.06332960481906612,0.00235343241993006,0.00304689360610857,0.7,0.9,0.9,126,3.2801366910714185,5.102714518708621
13,58,0.08280282373246069,0.2267566194673615,0.24104715327097828,0.5914857453530548,0.05308558512962034,0.062447306118849,0.00236780447389222,0.00305919716657036,0.7,0.9,0.9,127,3.327356459313405,5.00668161914895
13,59,0.08049190925003413,0.22385357766216,0.24556438664880792,0.5869308663597047,0.08618491981051682,0.06088804777242286,0.00249145651625271,0.00322405017504818,0.7,0.9,0.9,128,2.783694885605486,4.788948175334042
13,60,0.07723739366713653,0.20645987237198138,0.21862194424919004,0.6436842976934857,0.054158568648147165,0.061394597596871436,0.00213485680383416,0.00248698108965591,0.7,0.9,0.9,138,3.4791113172801578,4.786644694959942
13,61,0.0771527727637408,0.2076006170852693,0.22745394533171423,0.6635772114918425,0.05636808298253352,0.06253037754512146,0.00211404515158129,0.0025280470239018903,0.7,0.9,0.9,141,3.4244746205395824,4.58413434410523
13,62,0.0746085924296721,0.20202573126684845,0.22144674638400988,0.6826857154525012,0.05784799304951404,0.05997947192603951,0.00217218376091988,0.0025114189395154503,0.7,0.9,0.9,143,3.534108472912344,4.837110801696471
13,63,0.07455050929134024,0.20195706959662177,0.22137657362054652,0.6870124870232861,0.04618664397246185,0.059907220600975294,0.0021704851820209,0.0025078384797028097,0.7,0.9,0.9,144,3.5295800660055776,4.836517363062822
13,64,0.07535696940264536,0.20034989068504472,0.2194259305838456,0.6832066009360672,0.05619127253757478,0.06199100610328978,0.00216372445732199,0.00248513173165205,0.7,0.9,0.9,146,3.5958243271871173,4.659040566670559
13,65,0.07490357059369607,0.19713342248092408,0.21581729644972128,0.7131887509085554,0.05402390639356015,0.06226860792612452,0.00219380326363753,0.0025217178081116303,0.7,0.9,0.9,149,3.6110991417597615,4.794744513693296
13,66,0.0708832683857027,0.18398268848954744,0.21643786553496383,0.7280588019422258,0.0744884503652921,0.06301751161949391,0.0018842812614499702,0.00275157150063734,0.7,0.9,0.9,154,3.8318461123238414,4.309380253389241
13,67,0.06939267688483156,0.17468905729338033,0.19852404768217366,0.7350610129078381,0.05890713365951398,0.06212595262461075,0.00183519888033223,0.0026647238793321,0.7,0.9,0.9,156,3.732268658494455,4.483244183226814
13,68,0.06961687943835777,0.1775614101575531,0.20929934212107104,0.761628253994042,0.05166554549716247,0.06238604272654872,0.0020187278912911803,0.00302588360540121,0.7,0.9,0.9,160,3.70951194454784,4.516771242656777
13,69,0.06931702774134942,0.16518027825986997,0.18017048641786848,0.7617719013988475,0.0519611564961043,0.0620044733773991,0.00256367838222584,0.00317211216136602,0.7,0.9,0.9,166,3.698629727025612,4.484852817789171
13,70,0.06809912465916818,0.1681330141811472,0.19123786564253784,0.7818633525782996,0.050472021938744976,0.061302122316123475,0.0024309375835918903,0.00260535120696677,0.7,0.9,0.9,167,3.754663892238349,4.218340475269793
13,71,0.0679106131384802,0.17253849346922234,0.2038165451747367,0.7861051540998988,0.047305670190801216,0.06172641046513285,0.00188666828852909,0.0026118856612394902,0.7,0.9,0.9,168,3.558580250535099,4.4063361366461455
13,72,0.06738584346586853,0.17300598476207904,0.21195958322876987,0.8065366912349657,0.07294898315682083,0.061662353007058156,0.00224906511912197,0.00261163075544606,0.7,0.9,0.9,169,3.679503614620672,4.366472904751395
13,73,0.06849904931364166,0.1681992978983122,0.19879647811063747,0.7860999751314555,0.05823098698958172,0.06111356784832226,0.00329963924169908,0.00354915056277076,0.7,0.9,0.9,170,3.538189936554204,4.074009896216941
13,74,0.0667527659741683,0.16290498060473962,0.19301350290012448,0.7972012419010579,0.0728822785555126,0.06208265467184695,0.00232097917703854,0.00269601545198784,0.7,0.9,0.9,171,3.6843593190089465,4.162721252803195
13,75,0.06647947458440738,0.1718194004963244,0.21827456768402229,0.9250956612478586,0.047707088730756145,0.061271379038809436,0.0023174332508106,0.00302957677918495,0.7,0.9,0.9,187,3.7691248414628618,4.908335086994174
13,76,0.06645245434141592,0.17087261096458928,0.21720138714841758,0.9249543802940782,0.05109769346806958,0.06149447576375061,0.0023332781682340797,0.00303153953411151,0.7,0.9,0.9,189,3.7737501162242566,4.903649272224891
13,77,0.0655689513224317,0.16718834291624574,0.21313261598728092,0.9328128322922561,0.0573918812434774,0.06121230826209154,0.00228724403574582,0.00298388440737523,0.7,0.9,0.9,191,3.864994308026896,4.906769235856668
13,78,0.065453951507194,0.16661399243650651,0.21249526199242613,0.9371866861411745,0.050785264587394977,0.061202649712238065,0.00228921109942044,0.00297050282233438,0.7,0.9,0.9,192,3.864252766933229,4.9133398627791856
14,0,0.9851726770584902,1.0439146985140364,1.0405063345897525,0.20815340151483508,0.0740767392648787,0.10554015622310631,8.801901613939e-05,0.00013268088242094,0.7,0.9,0.9,1,17.645932846271442,28.895647767692
14,1,0.8554435338786334,0.9788951503037634,0.9710866513183144,0.17294507236045634,0.2723079581558413,0.06853481503283496,7.391445276752201e-06,1.594004585626e-05,0.7,0.9,0.9,2,17.841252506096627,29.5843128399992
14,2,0.6008513989083002,0.8649659734152961,0.842527962859254,0.15755063568603128,0.8093407969260159,0.090252710308078,0.00018369308230432,0.00020716681938585,0.7,0.9,0.9,3,12.456444733892438,21.854475246009628
14,3,0.4550909794112008,0.774521446867046,0.747912889283087,0.14784845243618355,0.39264393608031684,0.10896040961509837,0.00077563837873293,0.00083866925534044,0.7,0.9,0.9,5,9.065206090109593,13.336828549370548
14,4,0.39236969370077385,0.7138714100479181,0.6746860325548228,0.12258044321536332,0.17294564526338516,0.0851260636934666,0.00054480863135833,0.00062083682808403,0.7,0.9,0.9,7,8.290304104956485,14.340016285279605
14,5,0.37649605132476754,0.703599203535859,0.671140249198322,0.12445087370286358,0.13200506875006462,0.08073403533141423,0.00106589084804082,0.00122511312715419,0.7,0.9,0.9,8,6.672041546319314,14.54222079344506
14,6,0.3343706658279412,0.6574352985407347,0.6132596131338494,0.10442794941646387,0.22941670490796714,0.06732907389574341,0.0006347597309018001,0.00073396810882184,0.7,0.9,0.9,9,8.5822632499514,13.238438010122303
14,7,0.27889580386089546,0.5964952611979565,0.5463700992019805,0.08837680202623076,0.19153348271090698,0.055200522434109875,0.00072277874704119,0.0008666489912427799,0.7,0.9,0.9,11,7.088324828144232,12.092798541206731
14,8,0.24338593641513834,0.554012953520077,0.5000832287876247,0.07756619298776375,0.1286935411090705,0.04233719217674996,0.00081119856857805,0.00098943313112405,0.7,0.9,0.9,13,5.412694716170219,12.139459848954491
14,9,0.24207169633794462,0.5514978729173048,0.49704981750933114,0.08330848107339309,0.05949932387922365,0.04553714694076459,0.00073251305856731,0.00088120245355137,0.7,0.9,0.9,14,5.602003874269586,11.992469884279274
14,10,0.2228721196443002,0.5255334466894874,0.46841935741467167,0.07472134516484029,0.16651862760578792,0.041125724322290856,0.00108987719530928,0.00132032961584323,0.7,0.9,0.9,15,4.507633847113339,12.27411735028474
14,11,0.21832956111984544,0.5188410486298742,0.460966260019753,0.07813328530549306,0.06959107110491901,0.04142083159405391,0.00101119168529854,0.00121209893827055,0.7,0.9,0.9,16,4.68520251347511,12.257632683932732
14,12,0.22630362244232083,0.5118635707379886,0.449272502354979,0.10131334901875354,0.30815591585961594,0.0904450016498612,0.0010622818486785098,0.00165158874023126,0.7,0.9,0.9,17,5.225204881181133,5.04906175557224
14,13,0.21431328441528896,0.49180834518239613,0.4269687448646667,0.10116577753187332,0.12435658333440971,0.08994910654732997,0.00115070167021537,0.0017743728801125202,0.7,0.9,0.9,19,4.46010833590396,5.858448482054617
14,14,0.2078284655917973,0.47971752369587867,0.4134747450463524,0.10355889677375466,0.13694000287504043,0.0906570671959082,0.00107201616020463,0.0016661422025398402,0.7,0.9,0.9,20,4.433251083213589,5.530893263118732
14,15,0.2004300179510113,0.46979178472237176,0.4101186181809244,0.10215149406275986,0.14215834594017776,0.08994910654732997,0.00115070167021537,0.0017743728801125202,0.7,0.9,0.9,21,4.5353929352530615,6.38437472154539
14,16,0.19505349147441842,0.4590031227826124,0.39807386594024563,0.10503550070267242,0.1299534996192942,0.0906570671959082,0.00107201616020463,0.0016661422025398402,0.7,0.9,0.9,22,4.4731148055751175,6.010575817213626
14,17,0.17999342871239543,0.43302516598235186,0.36968090920080965,0.09767210550668184,0.18441886268932178,0.08269386386841446,0.0016208270463616702,0.0021919649173976702,0.7,0.9,0.9,23,3.786991662323045,6.042938181190992
14,18,0.1757153887677193,0.42344766234340797,0.35897998845241275,0.09819765154098033,0.11894363301766255,0.08389856313340552,0.00137795997441408,0.0019019070644038,0.7,0.9,0.9,24,3.801070049018546,6.00214743475477
14,19,0.17715377190298626,0.4294125666632918,0.37310336933585236,0.11806807375871221,0.06401520833996091,0.08596836527035066,0.00137358873764945,0.00196830835406745,0.7,0.9,0.9,25,4.062557708651947,6.224210277790014
14,20,0.1670629039035045,0.40358545243121713,0.33682890371078894,0.09909607760373992,0.17791799381506337,0.08458422950746192,0.0013202830881179,0.00186302054694706,0.7,0.9,0.9,26,4.186504682517427,5.1905320957676135
14,21,0.15890729456188285,0.39592549048381764,0.3437751107903079,0.11847937086506677,0.15196143905202106,0.08145551755865076,0.00152391286879351,0.00248893546405235,0.7,0.9,0.9,27,3.118635704253081,6.1188141451931575
14,22,0.15798793793495203,0.37966765650285966,0.3246592407570588,0.11743805224719678,0.21351870759780942,0.09449314838178399,0.0015979192189775001,0.00231293664098958,0.7,0.9,0.9,28,2.7915925527618817,4.051035140754497
14,23,0.1268633789469819,0.31648074236440404,0.2558412539473153,0.0998709466861599,0.1996162786393959,0.07514213614495455,0.0016863390405143601,0.00243572078087084,0.7,0.9,0.9,30,2.400297692834376,4.802404594009298
14,24,0.12630411622516394,0.31566211915920916,0.25497475797725966,0.1057944299116734,0.058773839490609436,0.07448490421383593,0.0017256475330108601,0.0024688555632071197,0.7,0.9,0.9,31,2.357006964995428,4.816595340065811
14,25,0.12434540126350598,0.31187063360170725,0.2582847118305298,0.10458782481721356,0.1109931657389556,0.07579529862616222,0.0018131010579985102,0.00258481796205911,0.7,0.9,0.9,32,2.1912815959128698,4.596717930671492
14,26,0.12242088133048672,0.2982525864947786,0.24274062326438592,0.11283664436430045,0.15862059884170765,0.08096199278218277,0.00172325883261488,0.00246353109771891,0.7,0.9,0.9,33,2.0797544162147537,4.227181308376031
14,27,0.13266653475092824,0.29609580448381323,0.23858669582927378,0.16639936032324526,0.09292514812794547,0.08845084351767636,0.0015394842274744501,0.014063340123099349,0.7,0.9,0.9,39,2.1747948189572504,3.50097318370592
14,28,0.12754390076134012,0.2852118588315651,0.22678949645134,0.13620616419382317,0.09642997332986944,0.09222857498966083,0.00170036174701129,0.007850057894626051,0.7,0.9,0.9,41,1.8966288710834245,3.4141172370924924
14,29,0.125828504333824,0.2769736186224429,0.21752678767684122,0.1596282937976961,0.12633335593271203,0.09339869872021368,0.00170510671629602,0.00785540581101231,0.7,0.9,0.9,42,2.211810302598018,3.1984900817397497
14,30,0.12297546896300686,0.27511305831227995,0.22327968801371187,0.18245239479596806,0.08670944904933255,0.09236069063572841,0.0016467213870499501,0.007055439366500239,0.7,0.9,0.9,44,2.311848054288385,3.299136977161901
14,31,0.12069927658717637,0.2708662803802713,0.21872737192992717,0.1877446314785855,0.08651195889570186,0.09039659502666134,0.0015686644837682897,0.006946123952520341,0.7,0.9,0.9,45,2.2379274226377244,3.4315755617327435
14,32,0.15857047876689603,0.3048214892009322,0.2520783241679434,0.21060314484972495,0.12052695176986372,0.08231620741656427,0.01586601595630977,0.04260431842753441,0.7,0.9,0.9,48,1.7324066988585909,4.004897324513148
14,33,0.1361099305395944,0.2886425850670902,0.2517994608319261,0.23719498162792826,0.09263124359802637,0.11478675351088174,0.0016135554827750298,0.00780943306492769,0.7,0.9,0.9,54,1.9842619903049907,3.982868105040315
14,34,0.11514932676914054,0.26523446034439213,0.22801692429130885,0.23169212823607446,0.08782255786320141,0.09287985311447353,0.00135227023585808,0.0027819905972501597,0.7,0.9,0.9,55,2.0289378720648017,4.183905339908444
14,35,0.11400385528721542,0.2620396377051781,0.2245096413621745,0.24666029584174032,0.07229030290428272,0.09302117302815618,0.0013243699804672301,0.00222313670775417,0.7,0.9,0.9,59,2.082060775486841,4.142736521238142
14,36,0.11287172329980326,0.25530218502734375,0.22440280851214187,0.26536983347324505,0.09029721814266257,0.08147703712307695,0.0015883771190968302,0.01351650908266908,0.7,0.9,0.9,63,1.9858293779485283,4.450846409040943
14,37,0.10770099045799596,0.2538690838983128,0.23101442008290746,0.2723069077980613,0.06903507369295993,0.08697845310985947,0.00125765485884558,0.00413744413978113,0.7,0.9,0.9,65,1.9579342838582,4.433934488357005
14,38,0.11187814539447494,0.25326581399376724,0.22221004341799006,0.2723797625741862,0.07136710378169152,0.08046386406541062,0.00160130956186653,0.0135681381010573,0.7,0.9,0.9,66,2.0109111580161043,4.522396347609981
14,39,0.11388745202097224,0.2586236532066647,0.24304143420871935,0.31115858699832055,0.085024503883377,0.08166728341968085,0.00171591852412857,0.01684839168152057,0.7,0.9,0.9,70,1.9794216289644424,5.116836575790831
14,40,0.125615207209576,0.2592116376814859,0.22699270163816682,0.3308083357962722,0.08915100908157225,0.10134324906176777,0.00143390245545814,0.01553797326371773,0.7,0.9,0.9,75,2.3089697235413738,4.236035171886931
14,41,0.11959187300577143,0.25628937942491964,0.23202222712549814,0.33289977876010224,0.09199862558028513,0.08300167073624966,0.00176814730851602,0.023298658598680792,0.7,0.9,0.9,76,2.0886090139420643,5.163472354784604
14,42,0.16489010149709793,0.3023969499093081,0.285743017975376,0.3908066358186949,0.15571340556347027,0.09903882253474976,0.0019654246952355197,0.062261598297039186,0.7,0.9,0.9,77,2.137749815708092,4.585953423571932
14,43,0.16710752581656904,0.2939633507786659,0.2682452250150556,0.3880110947582174,0.1765556267663538,0.0958593075962341,0.00184260120127935,0.06934986953823619,0.7,0.9,0.9,78,2.094356622534638,5.248526861806972
14,44,0.16723353560585041,0.29106700228718063,0.26490673468228554,0.3992721457779811,0.13970370205279453,0.09548370540835435,0.00195388674768235,0.07066072791479419,0.7,0.9,0.9,81,2.5382487233169537,4.966566628424982
14,45,0.16608365901860908,0.2879862953987634,0.2615441964714632,0.41123076834650724,0.13878517149628594,0.09487561590135302,0.00196042839067733,0.07047446038756158,0.7,0.9,0.9,83,2.5814974813641163,5.197492270224414
14,46,0.11992541401949336,0.25030173440609016,0.24010205538480914,0.39152791242297624,0.08700301469914955,0.08265808595743464,0.00146525658710289,0.029418490813741482,0.7,0.9,0.9,87,2.540479206599534,5.2915040580129045
14,47,0.17454401019140622,0.303389822444894,0.29296756511834887,0.4493782884946811,0.15206643744120787,0.08131655546067962,0.07469237319571385,0.01841146821357007,0.7,0.9,0.9,88,2.078554638315081,5.1142854350857885
14,48,0.9849620256512205,1.1087880016763243,1.0976377085687965,1.3075919544401005,0.9599859303252314,0.07300202397381847,0.00161676783268337,1.0,0.7,0.9,0.9,93,2.4813622510276603,3.5977700514079816
14,49,0.994577118723264,1.1119496515798752,1.0998686652373357,1.3303914678642665,1.011495490547921,0.07818287771947417,1.0,0.01025128732316844,0.7,0.9,0.9,94,2.4969248331688774,4.531728880162727
14,50,0.3290097438377635,0.44503437425675657,0.4327604097184933,0.6818841813948299,0.3036025374135042,0.0871509473595127,0.0039682623140130996,0.26018728450956685,0.7,0.9,0.9,96,2.5850045971605384,3.780240404172946
14,51,0.3271241631751069,0.44192439295185637,0.42947474108476547,0.6841921576614516,0.306170704364585,0.085502343351057,0.0038246731414250503,0.2598849250475472,0.7,0.9,0.9,97,2.5061900391977656,4.245817165779639
14,52,0.9831137244556993,1.1005239054742382,1.0959637109388114,1.3365684805729754,0.9682025638496832,0.07298524585396976,0.00291102257467129,1.0,0.7,0.9,0.9,98,3.218976248339648,4.250919211110928
14,53,0.09820350608983962,0.2128088285953922,0.20784799610716517,0.4731145626317524,0.08995786771593825,0.07298512277852329,0.00259478298168613,0.01790456004012703,0.7,0.9,0.9,99,3.0948322897233043,4.072183109696043
14,54,0.09861531378695688,0.21755692326836168,0.22073274814741878,0.4874753099791102,0.07097342330568975,0.07303002288338623,0.00265794565432028,0.01834039605125202,0.7,0.9,0.9,101,3.0914008165427656,4.050928807390445
14,55,0.11583425559234799,0.22301209330644414,0.20947459447462652,0.48509594147549534,0.10651315810413128,0.08102095173461238,0.00268168343112607,0.03197440392951782,0.7,0.9,0.9,102,3.124127479648762,3.9845732894362
14,56,0.23337226014828943,0.34968944039572036,0.3524913233080088,0.6877775631966677,0.2054921978985484,0.08359967068639579,0.00253849393283693,0.16072866944644576,0.7,0.9,0.9,117,2.875493652553591,3.830509657027436
14,57,0.9622143269721602,1.0794810877983465,1.0974630134123764,1.3994137505936979,0.9958919651775756,0.08177210291608102,0.9501440982507869,0.02669004491588458,0.7,0.9,0.9,118,2.6300007472512505,5.504569405881735
14,58,0.9241259103733996,1.0459642969993237,1.0796427281919514,1.3939551903203422,0.9077458792779977,0.08230519567142662,0.898324989440422,0.037039715579019264,0.7,0.9,0.9,122,3.0868680360403378,5.530081848552483
14,59,1.1787231485632736,1.2997799688603608,1.3333486030117925,1.6574839038284295,1.1570183276848418,0.18648955532784167,0.13742869401812946,1.0,0.7,0.9,0.9,124,3.10742288791855,5.498327039540538
14,60,1.3770102741631327,1.5159365214243166,1.5821272695576685,1.9211995609972692,1.3532756751451331,0.08231031514803466,0.4389182558912451,1.0,0.7,0.9,0.9,130,2.5743696748110088,5.500589646458579
14,61,0.10943107310973128,0.21854750355692762,0.23538350998420177,0.6299094971855521,0.09086928570670195,0.07606605821537894,0.004646921889089,0.03129872464825193,0.7,0.9,0.9,133,2.6486127831749617,4.859372948869944
14,62,0.11695811566774275,0.22520749211687355,0.2419220768135128,0.6461988683181558,0.09642552435895665,0.08049854699683631,0.0052969642443305796,0.035794898639721864,0.7,0.9,0.9,135,2.746417398585111,5.259716339686706
14,63,0.1023746961856203,0.20700378545299808,0.2232125270446536,0.6335632140401138,0.08820281286170274,0.0669488704042531,0.00469802649214641,0.0316808774907429,0.7,0.9,0.9,138,2.610147388921117,4.970761404307366
14,64,0.10626896763428362,0.20976826048644703,0.2258194297058561,0.6615532955849586,0.08644002451949627,0.07617432064886191,0.00476165054758638,0.02906269608555983,0.7,0.9,0.9,141,2.795648300032885,4.916591023686261
14,65,0.10237517775295049,0.20715254017638207,0.230915398553536,0.6816290098644554,0.09242757941087261,0.06688916581981574,0.00493157983889225,0.03264393352532114,0.7,0.9,0.9,143,2.8331455863706823,5.00030502118041
14,66,0.10951060882571831,0.2222849786965609,0.26222894209102854,0.8467974961789807,0.08840589021543971,0.07480951915911858,0.008865427327147141,0.03078433226300271,0.7,0.9,0.9,167,2.677788365798094,4.847221938522969
14,67,0.10548773978768705,0.22733099174466875,0.2836051010356918,0.8986461753448218,0.08421185694868044,0.07480991041270117,0.008856473666527311,0.02635620771027571,0.7,0.9,0.9,173,2.675923994905052,4.847146850798894
14,68,0.11306708289761092,0.23376408030463572,0.2898791697063593,0.9033021715429589,0.10000615386029954,0.0748177702222325,0.016058413011929652,0.027860157463137258,0.7,0.9,0.9,174,2.687191051875564,4.851605546878695
14,69,0.1092863240502183,0.22780155529541077,0.2836141947914572,0.9159176185584117,0.10402683018047157,0.07442573589630985,0.01473444249279553,0.02583724342882681,0.7,0.9,0.9,175,2.66256373831445,4.847406614201935
14,70,1.0822179603499713,1.209729911971914,1.2818626027749338,1.8821350349223815,1.0618751301571836,0.07488641708827184,1.0,0.12129913982064715,0.7,0.9,0.9,180,2.766319062809833,4.822749991208469
14,71,1.071933214056958,1.1994183017949576,1.271547382480842,1.876503037519246,1.0515009260028654,0.07479536872150301,0.1099491832723198,1.0,0.7,0.9,0.9,181,2.746825532549733,4.814750962744063
15,0,0.9936174534048721,1.0442180955366143,1.0413167489064636,0.20523802260031968,0.06989311093106809,0.09956888374048181,9.072177324538e-05,0.00012582524089998,0.7,0.9,0.9,1,18.89258611392145,30.857157751522813
15,1,0.8732748195017439,0.9858828099160285,0.9788807187915826,0.17480864725926415,0.25699247434967226,0.06832872591477726,7.251700490566638e-06,1.07907665769e-05,0.7,0.9,0.9,2,16.484206256496275,29.5843128399992
15,2,0.6338408087787819,0.889019788317679,0.8679639956557399,0.17281517837111612,0.7920312525600002,0.107169019389277,0.00017961718054251,0.00018894398067054,0.7,0.9,0.9,3,10.858805835791909,21.854475246009628
15,3,0.47682228625560374,0.7932479035033715,0.767965656641917,0.1581334140456135,0.40093117677441026,0.11874240181851281,0.0008642722487018001,0.0009091504418428899,0.7,0.9,0.9,5,7.766343110659298,16.503890090667145
15,4,0.47648167012413806,0.7929373818674027,0.7676438637437756,0.16159579740050303,0.08508067992990159,0.11852805110966522,0.0008307317244921999,0.00087386829266987,0.7,0.9,0.9,6,7.755235888566465,16.60580657190084
15,5,0.37986297462117163,0.7072602099003703,0.6744861232024513,0.12607144353873287,0.4466171982681512,0.09066020414112877,0.00086374978648263,0.0008731493087355,0.7,0.9,0.9,7,6.373648292407509,14.924054116023346
15,6,0.3186153285086974,0.6443730938284702,0.6052321334769244,0.110471460504826,0.22075071747423794,0.08095143126067403,0.00098030658633844,0.0010365413998999,0.7,0.9,0.9,9,5.808160199364522,12.8320499120706
15,7,0.27110659716926905,0.5858678151225142,0.5399273674250379,0.10245307014293323,0.23342088127179458,0.08305353820457391,0.0010710283595838199,0.00116236664079988,0.7,0.9,0.9,11,5.706065880974052,13.26363624889018
15,8,0.25697340397368007,0.5647024771514765,0.5159025120435768,0.10800441346059875,0.13743491993808585,0.08880603801398286,0.00111935293118923,0.00123873702346874,0.7,0.9,0.9,13,5.67179387739749,11.50835555320836
15,9,0.23422494253600498,0.5322970300305511,0.48024264840247294,0.10430218290751582,0.1437055567883798,0.08339676408982835,0.0012086417026494901,0.00134976875807862,0.7,0.9,0.9,15,4.521930046040725,10.181308206139237
15,10,0.2283257612133802,0.5226395369008737,0.46945975392424755,0.10698822235573384,0.11795245899881773,0.08404507706509193,0.00113304508044896,0.0012558031761253899,0.7,0.9,0.9,16,4.632529801649694,10.31628393130804
15,11,0.22431409592160106,0.5143909344950277,0.45999600937730417,0.10956749277163733,0.1252126848891521,0.08695152575606649,0.0012890207375382099,0.0016222630769612,0.7,0.9,0.9,17,4.555452312371196,8.184183300565481
15,12,0.21686124918400626,0.5045450400887719,0.4494818838133477,0.10931511242385986,0.09373832479637756,0.08158698139081007,0.00120847339047851,0.00150642754524796,0.7,0.9,0.9,18,4.367560231522194,8.1622582539949
15,13,0.20813302240525022,0.48969397190676467,0.4330285808732465,0.10291505627116092,0.1394320600596894,0.08038854846808217,0.0013706585250687201,0.00152950233043427,0.7,0.9,0.9,19,4.969312204813824,9.777535208029269
15,14,0.18499243478534785,0.44735056952303914,0.38605391877908085,0.09883148229702621,0.17557481348928664,0.07818917262081923,0.0014599472965289698,0.00164053406504415,0.7,0.9,0.9,21,3.618906977193221,7.561929585916714
15,15,0.17796877156209687,0.43732403631173455,0.3825184249335192,0.10391579526141259,0.10074136210415556,0.07887854388497283,0.0013399293211920399,0.00152238009594482,0.7,0.9,0.9,23,3.517919919085441,7.40601233916836
15,16,0.1762475452365307,0.4323965088637475,0.3769027512878382,0.10925610962235259,0.07646184881653854,0.07970621667854154,0.00165400429357935,0.0018539963231079498,0.7,0.9,0.9,25,3.615394336130399,6.988383019193839
15,17,0.17309753913056755,0.42728138347827027,0.3713725045670834,0.11607234380297271,0.07856980817767051,0.07869469697374112,0.00126433270974616,0.00142841452624942,0.7,0.9,0.9,26,3.659610294665329,7.759444823477477
15,18,0.1691859224724799,0.419972091112448,0.37057586515062485,0.12771871115778538,0.14527040051087467,0.08154749528365238,0.00168050098313322,0.0018992390821479601,0.7,0.9,0.9,27,3.62545357525264,6.631815569186496
15,19,0.1680264600700488,0.41457523328017704,0.3643321013307925,0.1153583881562348,0.10503886659601876,0.08420691158714963,0.0015146171478534602,0.00232721301806477,0.7,0.9,0.9,28,3.723650924942994,5.97343275112993
15,20,0.16798901459800689,0.4144919128709305,0.364239697838946,0.11864097126128269,0.06286840558682462,0.08409829155797506,0.0015837638509611101,0.00234027135591268,0.7,0.9,0.9,29,3.739509289188778,6.058755876494232
15,21,0.34626064161326564,0.5773248444966579,0.5167747698120025,0.302904290367702,0.35687563138281087,0.0873342682632104,0.00331599848984629,0.2050082135978096,0.7,0.9,0.9,30,2.873167860321939,7.149496011385549
15,22,0.14288066244789602,0.3622763908535033,0.2995287857086759,0.10515831344979432,0.16503887161016484,0.07079608946414137,0.0018048800112427199,0.00204668919409818,0.7,0.9,0.9,31,3.1868055938999804,6.222701609085953
15,23,0.1302959166401006,0.3261105394919416,0.26652869845962623,0.10274931959796901,0.3118797165579118,0.07579571170442673,0.00155329669959964,0.0023609226091949502,0.7,0.9,0.9,32,3.052030813482768,5.946000372405365
15,24,0.12759043759780314,0.32001971393091955,0.2598597128315779,0.1067689035391469,0.08507369377603301,0.07455127196597394,0.0014932556755344099,0.00230556323905099,0.7,0.9,0.9,33,3.156265491896567,6.355855979629354
15,25,0.1275875838842301,0.3246107492284687,0.2726239442341826,0.13052074082963813,0.055629395351000956,0.07455127196597394,0.0014932556755344099,0.00230556323905099,0.7,0.9,0.9,35,3.134239967018236,6.234853639792846
15,26,0.12725602653221996,0.3236589647066799,0.2715666267620732,0.13684288326289215,0.06096525441817581,0.07439081809793345,0.00156555972485261,0.00233749849020441,0.7,0.9,0.9,36,3.126162878654186,6.247205689192158
15,27,0.12690657203267727,0.32718267511522986,0.2831410645248086,0.14027825649049191,0.06187997031992894,0.07451958617790504,0.00150410841961966,0.00231533441160066,0.7,0.9,0.9,37,3.1367629331626468,6.195165146337183
15,28,0.125381762232042,0.3030902730138459,0.23305345409585157,0.12267718841631697,0.13344155556939877,0.0789169680749461,0.00177549041143472,0.00167139376602021,0.7,0.9,0.9,38,2.614947864150723,7.035742479447057
15,29,0.12448928221944272,0.29483908203130466,0.22358606156786637,0.12557712562223125,0.12287047630676196,0.07424507404810707,0.00443174886325918,0.00543753905200171,0.7,0.9,0.9,39,2.688338634837053,6.512436199075914
15,30,0.11882636359043942,0.2872128790570255,0.2156375902373664,0.12341191507764225,0.07260841078653586,0.07616122666758271,0.0015877094683642598,0.0014864805564184,0.7,0.9,0.9,40,2.348072030832063,6.174030073778125
15,31,0.12039531698653876,0.28843460955079775,0.22422943586375305,0.13587224408989415,0.10074472907886577,0.08088366129518955,0.00174824477684867,0.0018053838595494102,0.7,0.9,0.9,41,2.6830066267026824,6.698079758525429
15,32,0.11571749950665043,0.2737569225907844,0.2079476405522852,0.13490004045203705,0.1410672434300389,0.08041753991979488,0.0016710481954147001,0.00170970373428742,0.7,0.9,0.9,42,2.670929589339616,6.013623370847398
15,33,0.11434932192634112,0.276881385741699,0.21922771332867397,0.1444460449038871,0.05858380725440602,0.07873493317534144,0.00161048854844659,0.0016213791674625701,0.7,0.9,0.9,44,3.169955532173101,6.627599932844854
15,34,0.10503223863014308,0.2538699133659801,0.19403541756808607,0.1389436251547907,0.16919334794589636,0.07327939849040287,0.0016518149134995702,0.00169831887784275,0.7,0.9,0.9,45,2.8290952767471627,4.799794728066801
15,35,0.10608307652106072,0.25296019276132226,0.19285012140476987,0.1433036222136726,0.06593991805026854,0.07519479709583829,0.00165747434233799,0.00190066728143339,0.7,0.9,0.9,46,2.8164755680565765,5.680446693696684
15,36,0.09988440774592286,0.23837348486523496,0.18444212553156833,0.1443141006528264,0.156055609786868,0.07327939849040288,0.0016518149134995702,0.00169831887784275,0.7,0.9,0.9,47,2.722237934752971,5.069557271265179
15,37,0.09602333871082837,0.22941157723083178,0.18218710829764806,0.15124112934359285,0.09116835009053871,0.07214355198576053,0.00173662985987132,0.00185617884504693,0.7,0.9,0.9,49,2.5925024046618708,5.0532193034793655
15,38,0.09193311382628883,0.21721999269735828,0.17627717842191007,0.16900781855593527,0.10186735635390891,0.07212645430495648,0.0017126879622764099,0.0018435526004194802,0.7,0.9,0.9,51,2.4210405384220697,4.717450281508211
15,39,0.08889416248826776,0.2123806569625048,0.17866904538763764,0.17694874626184534,0.0766262333564362,0.070882995028863,0.00160871285820994,0.0016983325586894498,0.7,0.9,0.9,53,2.6082547926587347,4.599548031305514
15,40,0.08888731776654393,0.2215498842247877,0.20418299524024167,0.22013237282115175,0.05262864124193509,0.07088299502886303,0.00160871285820994,0.0016983325586894498,0.7,0.9,0.9,58,2.608447146477518,4.591340432501767
15,41,0.09109831456394676,0.212365580789638,0.17832852261241755,0.22624381053619985,0.058743380601714065,0.06912755500434568,0.00467625281181026,0.0031787536631085896,0.7,0.9,0.9,63,2.966028934166781,6.00945446977852
15,42,0.11451848877580394,0.2306555929015618,0.1958695938368055,0.28991598212496805,0.09309924106022403,0.0822794875332086,0.00666016178727961,0.01865177820690574,0.7,0.9,0.9,66,2.832477622642249,4.8927071267847335
15,43,0.11193774885127203,0.23067332313769923,0.20377042325671496,0.2870884961825268,0.09320135452068555,0.07969785841639869,0.006869760059507871,0.01822024221772638,0.7,0.9,0.9,67,3.129128694228956,5.75851486402868
15,44,0.11107093515932832,0.22783392969230298,0.20064476842116225,0.2860724694645835,0.09265357154533614,0.07947885403097872,0.006782022116845909,0.01813789533487414,0.7,0.9,0.9,68,3.1326546047532795,5.79241333295448
15,45,0.11397627665252645,0.2284215796577864,0.2008968524099415,0.2929470906595738,0.09872276130849218,0.08427268338948517,0.006618390075195569,0.018525122565427148,0.7,0.9,0.9,69,3.0198283376395323,5.401384739971132
15,46,0.09275016550426654,0.20134758302986897,0.17297897032530885,0.283712324951864,0.07281328423154693,0.07773778765312958,0.00397303058768885,0.00446898534661598,0.7,0.9,0.9,73,2.844562632802343,5.597397225450974
15,47,0.09329177922026291,0.2013105565342094,0.18037476769250804,0.3508487456296433,0.06863891517632845,0.07895599052416988,0.00465571474838832,0.00497596738129668,0.7,0.9,0.9,81,2.700144819475618,5.549586409999977
15,48,0.08852796087377454,0.2049854563229969,0.2002890982306535,0.38087643578572145,0.06214511353915847,0.07391475679919471,0.0043768473888223195,0.0041063286225236206,0.7,0.9,0.9,83,2.81974096450506,5.794152280565701
15,49,0.09282718036712397,0.1862599829108701,0.1557292530033914,0.34879259840544186,0.08835570765311783,0.08176022348973506,0.00484260825182941,0.00496626621120815,0.7,0.9,0.9,86,2.760413727979663,5.43905351545272
15,50,0.09179491439565376,0.19363257087135663,0.17933766737424986,0.36570864872574754,0.0709574431703377,0.08033851834186764,0.00517863774058566,0.00481189076065406,0.7,0.9,0.9,87,2.6814859304002057,5.985745843705002
15,51,0.09244995407046522,0.18774768130402847,0.16500433147445054,0.3656014310667818,0.08035213048029359,0.08209560345756317,0.004866085828836729,0.00502674055137306,0.7,0.9,0.9,88,2.834172045064319,5.332641061057667
15,52,0.09285820388835996,0.1852688285539909,0.16211829268988914,0.37053385815177653,0.08825266094499565,0.08336223901000048,0.004928500569352999,0.00522900939240203,0.7,0.9,0.9,89,2.765800286254257,5.457146240203783
15,53,0.09207568189976705,0.18900918549665807,0.17402193940968774,0.3867430344729734,0.06728179026664982,0.08210610650603069,0.00488336523454891,0.00540263390453591,0.7,0.9,0.9,90,2.7780617144492536,5.44685050116467
15,54,0.0877896679666079,0.1922220787047335,0.19334369992803768,0.4225901063025963,0.06438799160998641,0.0781686595931795,0.0051056323603051405,0.00394443042303265,0.7,0.9,0.9,98,2.6685222226268985,6.582685914117359
15,55,0.09171038323867597,0.1979675626296068,0.2144034950777869,0.4928871670222001,0.07334725850660795,0.08490443209451078,0.0051151440951028105,0.00502277406899034,0.7,0.9,0.9,109,3.2438051077586136,7.144422221992079
15,56,0.09171038329531336,0.2025670198057106,0.2271771970348086,0.5067453654108964,0.06855730810420675,0.08490443215546914,0.00511514408709396,0.00502277405288803,0.7,0.9,0.9,111,3.2438050958795994,7.144422242636906
15,57,0.0955135990094226,0.2071426521869617,0.23939293568486553,0.5371731567965001,0.0823284995502437,0.08353647529742028,0.0114318950798244,0.00499275219411984,0.7,0.9,0.9,114,3.1742013960234328,7.061584366921188
15,58,0.0934376757152806,0.19168965564146767,0.20701101623159848,0.5741494488819203,0.07584495709463161,0.07969577471665837,0.01128178031854055,0.006892521341642791,0.7,0.9,0.9,122,3.1423301895238085,4.690484324024189
15,59,0.09653928778631352,0.21934441830340723,0.29082682032246904,0.6910191128634346,0.0808100548794729,0.07944779345054566,0.01421960309301629,0.00949870439113344,0.7,0.9,0.9,136,3.157533270143149,4.724755014887727
15,60,0.09443276907084287,0.22148866587116947,0.30109712118100823,0.7224810366243906,0.07615605396105742,0.07775957212551105,0.01431006792103566,0.00846608366820089,0.7,0.9,0.9,138,2.8207864287949747,5.232200792353712
15,61,0.09559925699440622,0.21217158997261898,0.2752546999642472,0.7166081231570193,0.08540319970787462,0.07796050701687578,0.01453965433822286,0.009689753058729909,0.7,0.9,0.9,139,3.175739375896344,4.7344033229686
15,62,0.09592471811080377,0.21657925093348385,0.28776513842970763,0.7320472094460535,0.07863283309129715,0.07781848537666443,0.014936322392984942,0.00989085721955861,0.7,0.9,0.9,141,3.1716188317805702,4.743616309032763
15,63,0.09208820410070921,0.22174655695009737,0.31679580531652907,0.7474607925209648,0.10760451409380115,0.07842584693020324,0.014283373919136099,0.0069602445003152606,0.7,0.9,0.9,142,2.8945296466973214,5.959283582421168
15,64,0.09039270217027538,0.20608953837466892,0.276594364443872,0.7631455019634034,0.07247086804284619,0.07982233559326243,0.01078659107586516,0.00752576605841186,0.7,0.9,0.9,152,3.1255476285357866,4.486098513530337
15,65,0.09055219194945931,0.21923195758143818,0.3141470621267556,0.8114694510912704,0.07332340343284889,0.08021675781446816,0.01160811465843657,0.006767998129548159,0.7,0.9,0.9,161,3.1578799332091645,4.680513697755863
15,66,0.09033950440738941,0.21733424452945996,0.31201866288592095,0.8125139757596798,0.08460161999353297,0.08021279120942211,0.0116173399973667,0.00692290050881036,0.7,0.9,0.9,162,3.1303121175625424,4.65154007358975
15,67,0.09253370222108637,0.21899715574629336,0.31360871793522804,0.8272391045711357,0.07699480608922418,0.08230511969543172,0.01216496545049928,0.0073105876981003,0.7,0.9,0.9,164,2.876599035207566,5.3100375669381785
15,68,0.09150564205896934,0.2186911830194419,0.32094710977336227,0.8367295677658954,0.10193315981967993,0.08184167205459081,0.01220146558002355,0.00739361195505704,0.7,0.9,0.9,165,2.846668160744952,5.277009251409021
16,0,0.9406887517742173,1.0233968091315033,1.018495281678807,0.19717675262823864,0.06677204260995928,0.09514399027739184,8.948948471289001e-05,0.00010078764393712,0.7,0.9,0.9,1,15.989630306442388,27.239312292100102
16,1,0.9010528075731369,0.9966125279279353,0.9908396907375375,0.1777267182909692,0.09193785950497955,0.0681199006868958,7.146368279231185e-06,8.923227797216812e-06,0.7,0.9,0.9,2,14.37652302552648,29.5843128399992
16,2,0.6449322184163644,0.8979223100988009,0.8772387864725857,0.17936446122225422,0.8416620074235641,0.11511700858672799,0.00017802290600944,0.0002402268651797,0.7,0.9,0.9,3,10.44497439427732,21.854475246009628
16,3,0.6527417054455018,0.9099944116126055,0.8887729386948275,0.19487850774711132,0.1270275287007271,0.1381674845648419,0.0003756217309018,0.00081700870675035,0.7,0.9,0.9,4,14.363032713649767,25.943113328555167
16,4,0.4592851947476688,0.7806530050344529,0.7532251085916525,0.15921689733047756,0.8225579038461159,0.12756111506432016,0.00085844548650284,0.0011583996283001199,0.7,0.9,0.9,5,9.574789347878252,16.49849011495382
16,5,0.4454160232034243,0.7674071521414073,0.7397456629358939,0.1511689481405759,0.09275952765850977,0.11282262476856716,0.00046566311753933,0.00059350965687162,0.7,0.9,0.9,6,8.859784832139558,15.75439457644688
16,6,0.37973667960540713,0.7079930455208095,0.6728416850225613,0.1419667800506766,0.469085180650852,0.12115613885959768,0.0009479349712157401,0.00125918727223724,0.7,0.9,0.9,7,8.146815538764342,14.70515337264372
16,7,0.2996748926231222,0.6224253811329555,0.5805957733637164,0.10566641806342625,0.23036584649648734,0.08328093447530319,0.0009666809455876901,0.00128835068365703,0.7,0.9,0.9,9,7.37175758543646,12.855051993434754
16,8,0.27570799397197754,0.593787854960088,0.5493357765840684,0.10090904476589854,0.12137717009884257,0.07527337488438521,0.00105584069209667,0.00139383167398952,0.7,0.9,0.9,11,5.565585231480671,12.55016120055308
16,9,0.2504797848755843,0.5603273961295562,0.512243507692554,0.09518472358026447,0.23965742739673504,0.07335215231270145,0.00106022442453515,0.0014150564920193801,0.7,0.9,0.9,12,6.763561167092777,13.288136763449492
16,10,0.23704366260434237,0.5406504678264289,0.4904641999223523,0.09314417220292534,0.08707002862638234,0.07204238448457823,0.00098694655636094,0.00131617420235711,0.7,0.9,0.9,15,7.096636623442382,14.137792049291669
16,11,0.2290460352434597,0.5248069654543676,0.4652810553143224,0.09463439436598708,0.1134430330240846,0.07067763614994585,0.00100099950666025,0.0013317329349624,0.7,0.9,0.9,16,5.2914225645279735,12.39718994307954
16,12,0.22559562562236085,0.5231147782315552,0.47095362587127626,0.10712375829469203,0.09124102705671022,0.0717073427396258,0.00107610630286992,0.0014216551926896,0.7,0.9,0.9,17,5.292799553537336,12.44948477448093
16,13,0.2184222525923888,0.5121687048711455,0.45886886427031903,0.10887742602806713,0.10961912334942205,0.07067763614994585,0.00100099950666025,0.0013317329349624,0.7,0.9,0.9,18,5.569752582086861,12.66888915706674
16,14,0.1992184378413074,0.47513820535550166,0.4100084668250865,0.08913704051965247,0.2389742195039794,0.06868538755992648,0.00149900468236612,0.00229481069988215,0.7,0.9,0.9,19,6.348066069100193,8.859792392050101
16,15,0.1928237197213137,0.46605233205432856,0.4002428656735024,0.09006427831013593,0.08293393254960359,0.06518828514874184,0.00127842741433413,0.00182346552528778,0.7,0.9,0.9,20,6.188240600986117,9.027075019065062
16,16,0.18826414732911276,0.44827937174753285,0.37931311043650434,0.09237157917675468,0.21925292177935635,0.07850921755589801,0.0015814402889851,0.00245215353910639,0.7,0.9,0.9,21,5.0121369684381465,6.6069781605142905
16,17,0.18046288746403807,0.43428105718168414,0.36392460304002433,0.09318210236470284,0.12761307368834926,0.07635416981828753,0.00150918559303107,0.0023163282847167297,0.7,0.9,0.9,22,5.124692982646119,6.955507605439919
16,18,0.17293592750357054,0.42255172483330183,0.35127924249480313,0.09025378840699444,0.09987336377379884,0.07206805053690817,0.00128860832499909,0.00184498311012236,0.7,0.9,0.9,23,4.970687029692398,7.128930969516851
16,19,0.1660986241638574,0.41132308427657777,0.33910729396361494,0.08800732868741533,0.09878138894618513,0.06874944563264004,0.00112769213262444,0.0013857297300539201,0.7,0.9,0.9,24,4.8301197306581685,7.264456436867486
16,20,0.16231238274735946,0.4057383556269093,0.33314651111135424,0.0877843157938982,0.0671659366762402,0.06615717494308566,0.0009412097649154399,0.00108083193918793,0.7,0.9,0.9,25,4.736822492212539,7.507515807681976
16,21,0.17069318258948518,0.4111543113740341,0.3378293098836708,0.1038656308447862,0.10459874552815925,0.08112400765037761,0.00167991683559632,0.00192715792280603,0.7,0.9,0.9,26,5.135850961343383,5.406976739158461
16,22,0.16346289216420967,0.39826318329594657,0.3237954978351817,0.10478283673690812,0.11507222430797236,0.07787262548402488,0.0014597865372082,0.0015886710744033201,0.7,0.9,0.9,27,5.0165233717309805,5.619421013494602
16,23,0.1523076189302171,0.3664546502907362,0.28800848183481464,0.09771158126361525,0.26264011615529376,0.08206516421860582,0.00169579530681752,0.0018680449903913901,0.7,0.9,0.9,28,4.628647183772896,5.31832547590164
16,24,0.13637476775910062,0.35473470638346344,0.30647015081910595,0.10336621541622919,0.17450677664254877,0.07246730373086768,0.00108370777368242,0.00120689345245514,0.7,0.9,0.9,29,4.439895362644748,6.537146118658866
16,25,0.14189394081043616,0.3423719274368045,0.2688587048620379,0.11297231831838098,0.09750862058866677,0.08206516421860582,0.00169579530681752,0.0018680449903913901,0.7,0.9,0.9,30,4.695800150839275,5.875806707491062
16,26,0.1350009073316778,0.3278403899510263,0.2529851643966887,0.10027334711256104,0.1264006011739177,0.07895544073179325,0.00147716492277951,0.00155406382488265,0.7,0.9,0.9,31,4.600559419195761,6.029046840888331
16,27,0.12368533401401596,0.28358745807881014,0.2106349222939103,0.09809101198892967,0.38467327643645566,0.08852127960964935,0.00147171620246677,0.00150226501336504,0.7,0.9,0.9,32,3.4539691680977933,4.576494989340773
16,28,0.10893609390527934,0.25671321221179666,0.1967427758040837,0.10018889915582074,0.14397316035635693,0.08048700256310821,0.00105876557401941,0.00118047506734415,0.7,0.9,0.9,34,3.2430932402921333,4.696477314995134
16,29,0.10901606883607433,0.2610095864732419,0.20915378922985303,0.11049586065747266,0.060102476073896335,0.08082072041828128,0.00105416078201781,0.00117423781918433,0.7,0.9,0.9,36,3.237745982008924,4.638814330696286
16,30,0.10789632500245078,0.25215106734039555,0.19163495688680537,0.10576006007596372,0.08343022328476919,0.07971244027288779,0.0015308899243755701,0.00160841098170381,0.7,0.9,0.9,37,3.1595601603841423,4.253926237846036
16,31,0.10636096256883397,0.23994534314586766,0.17779326752519123,0.11128752061707896,0.14430606996734816,0.08275648736129435,0.0016005337187253998,0.00169438337965791,0.7,0.9,0.9,38,2.7534716606115057,4.135643046473247
16,32,0.10241784408752969,0.22945557177986445,0.16631228899601333,0.10710262315738533,0.10964084975120897,0.08007697487735702,0.00164696468354399,0.00182283287110384,0.7,0.9,0.9,39,2.631901454006093,4.140258156314308
16,33,0.10181102730637748,0.23323470609518931,0.1782332679486193,0.11705040294045325,0.06028353732588043,0.07903605068278065,0.00174131322633009,0.0019432216742244,0.7,0.9,0.9,40,2.5856083239126773,3.988343516339961
16,34,0.10176852795147373,0.2329049433566559,0.17786021857263526,0.11699631937616732,0.06090184377161361,0.07914184051664833,0.0017312554048696399,0.00193036715993475,0.7,0.9,0.9,41,2.587759737218402,4.001757302324606
16,35,0.10209863348776962,0.23082625019800654,0.17541905949422662,0.12424071572213939,0.07829927475584436,0.08088880531474966,0.00168821322863211,0.00186884927338706,0.7,0.9,0.9,42,2.6156816684191297,3.796224610993282
16,36,0.10481444199812588,0.23148558934864524,0.19074765540878488,0.17067200237221516,0.08040546884727934,0.08561253458463898,0.00180661866414394,0.00509657176743752,0.7,0.9,0.9,48,2.8286806073261435,3.9279124487041135
16,37,0.10638465868897858,0.23646558482816504,0.2037256724461663,0.17960837509322755,0.07256868135871783,0.08769782843474253,0.00186196551136808,0.00557369957917048,0.7,0.9,0.9,50,2.7364144035544835,3.8784243956057054
16,38,0.10557979156714496,0.2353176835152923,0.20252696371509887,0.19037170270201043,0.06996745845842706,0.08686399775900892,0.0017874454041765,0.005520147854703171,0.7,0.9,0.9,51,2.678306176072965,3.936758551147981
16,39,0.10041403338717354,0.21856534639569092,0.1840726266374188,0.18446520557666468,0.1524979682217111,0.0862254491227191,0.00253939197513175,0.00338615313317776,0.7,0.9,0.9,52,2.962182425720333,3.951246831746965
16,40,0.09836170627579478,0.2149427313237335,0.18772719610309616,0.2091530012284941,0.08823928432896044,0.0861998168238511,0.00253905874505047,0.0030892514797650197,0.7,0.9,0.9,54,2.738752884603948,3.780180265100261
16,41,0.09846183423100414,0.20588172497049323,0.17734490856551569,0.2243032466383459,0.13538896127014735,0.08504995258166168,0.0030998313608440803,0.00634668396713441,0.7,0.9,0.9,55,3.327669135720174,4.985089023896007
16,42,0.09407938257338312,0.2255209120015023,0.23800170322708594,0.3736968833971729,0.06338286948250343,0.07758299008871652,0.0050597206087977095,0.005016523405781461,0.7,0.9,0.9,90,3.5627262538921145,3.747774356359306
16,43,0.09325614063578525,0.22459867964144692,0.2445799595214434,0.3857015855352019,0.077121813433038,0.07676669755513688,0.00451029058610926,0.00668833631625042,0.7,0.9,0.9,92,3.6541482344297327,3.642825451224227
16,44,0.0951344932606343,0.22339191953554263,0.2504522581232279,0.3821358709813436,0.1234405507827888,0.07679531530884179,0.00757133300733379,0.00792024824921965,0.7,0.9,0.9,93,3.79725702031619,4.653959391301062
16,45,0.09620192303584661,0.21903960120168103,0.2453326329186748,0.39116993077813145,0.08969266802069277,0.07772262171911987,0.007736829746945411,0.009742730544005759,0.7,0.9,0.9,95,3.950903397978105,4.346838866132203
16,46,0.09156882865314173,0.21624052983050246,0.25031752144209296,0.4297550623666277,0.0683983898542884,0.07501538102908453,0.00747740983873908,0.007722025315241091,0.7,0.9,0.9,104,3.872120483042412,3.998148788216332
16,47,0.09137171268206828,0.21560559074418884,0.24962084799672896,0.43892288708385085,0.06924350043140395,0.07501760340929929,0.0074708520873748106,0.00762774042101681,0.7,0.9,0.9,105,3.8681288839091192,3.9953995694987294
16,48,0.09780768385309083,0.23403798133643514,0.29232179877117126,0.5045163042499665,0.07407645289580363,0.0832064066023579,0.008212454396545681,0.00816118835233827,0.7,0.9,0.9,117,3.495894482537772,5.012609773121386
16,49,0.10608042320416161,0.22709149478119714,0.2757155435781254,0.5245161539617824,0.09891813467382353,0.08415746839424769,0.01630222805429657,0.01133316110546512,0.7,0.9,0.9,122,3.415604845092425,4.508076337981498
16,50,0.10933497874430347,0.22904873666115189,0.2850274114793843,0.5503882142680737,0.09883098829646887,0.08450556473932709,0.015433673127507869,0.0170514662609192,0.7,0.9,0.9,126,3.648630753361535,4.293076521766821
16,51,0.10757035101578205,0.22675379410259067,0.29019700345687166,0.5957731005847898,0.09106009700018965,0.08461515828244451,0.01631413049067221,0.015401742634953289,0.7,0.9,0.9,137,3.7909126640189807,4.330690463497102
16,52,0.11384981967865629,0.2421733036390216,0.3219559690420772,0.6873869039918279,0.09411167401612748,0.08461818217602872,0.0174570779971544,0.02125430578450185,0.7,0.9,0.9,155,3.3596523216636616,6.04441270734635
16,53,0.10912487364115744,0.2251189866407411,0.29566455030677957,0.6788650520434995,0.14498441652291433,0.08473131904911683,0.018232115252441318,0.017005157008278652,0.7,0.9,0.9,156,3.514706575575885,5.815863965602121
16,54,0.11037739850329222,0.22739544711138465,0.3056251699587821,0.7361095269560296,0.09553651271316996,0.08471854467347249,0.018492138682452218,0.01899079643355043,0.7,0.9,0.9,166,3.5587497395431926,5.497875073029984
16,55,0.10978346091280053,0.22958159875104686,0.31573669424051143,0.7439631246290568,0.09916532739532055,0.08477654736144304,0.0185956365060393,0.01860634870162122,0.7,0.9,0.9,168,3.616489956625892,5.480628586919197
16,56,0.10989480211183668,0.22963851457400955,0.3157861082728036,0.7563220228739085,0.09329445391182513,0.08477067920769835,0.018570556936315617,0.01877237758693495,0.7,0.9,0.9,169,3.611313290939511,5.480431654941111
16,57,0.1064216241006177,0.2291569910555863,0.3308065333287655,0.768539843916895,0.13393762238228946,0.08466562163848587,0.01856466737172947,0.01642364013294107,0.7,0.9,0.9,170,3.660633792932648,5.708262273600765
16,58,0.0853008189003616,0.21769515721161076,0.34330480585195017,0.8878524839760754,0.07152738303036078,0.0781740012803074,0.00953452104123633,0.0079628517511734,0.7,0.9,0.9,197,3.687066796316948,5.221864363625544
17,0,0.9580769164622007,0.9907091470777768,0.9973135168137419,0.14042203277314427,0.0,0.0,0.0,0.0,0.7,0.9,0.9,1,18.81097672977773,31.0799746379862
17,1,0.8837749443833565,0.9899880802143556,0.9834346979864454,0.1760464340222927,0.3020824139283111,0.06852221705376538,7.61427871996818e-06,9.85275214407365e-06,0.7,0.9,0.9,2,15.701902955668729,29.5843128399992
17,2,0.615826253442742,0.8879244282637412,0.8731088037220464,0.17941488881159567,0.9245428215167616,0.12265142049768862,0.00045073830842901004,0.0005633754683775801,0.7,0.9,0.9,3,11.41841698840332,15.96524621119534
17,3,0.6101829547807828,0.8874863918285969,0.8717902720824552,0.18458180850065017,0.13899387789959405,0.1312628011989994,0.00110553421259414,0.00138180146479774,0.7,0.9,0.9,4,11.686391262898672,12.265694315859577
17,4,0.47663425911701857,0.7917366832341997,0.7668865645350785,0.15384336500298407,0.5460075233420744,0.11117104757167315,0.00073671266664767,0.00099680051967279,0.7,0.9,0.9,5,7.595317900170911,16.987770474019804
17,5,0.4676204769201014,0.7855287449899288,0.7595405697392185,0.1610929469688747,0.14124742258090306,0.11681910387060006,0.00071732087631721,0.0009153919158499601,0.7,0.9,0.9,6,8.601111192953091,13.647576265176564
17,6,0.3705418081446178,0.6981985955824409,0.6631617322097884,0.13139142269839446,0.5372593752751179,0.10580832930518873,0.00090566124076126,0.0012300464672317202,0.7,0.9,0.9,7,7.9071128058277536,14.854453524434474
17,7,0.2976302191331876,0.620036950849446,0.578287331948864,0.10003757154838142,0.22831472208321932,0.0790751693002708,0.0008944768124688101,0.00119138616020882,0.7,0.9,0.9,9,7.431849901154515,13.130445409594076
17,8,0.2972560950751475,0.6193407631585068,0.5773757135213435,0.10339364215128384,0.06941102062388274,0.08049498952793704,0.00099638029272683,0.0013292654809755901,0.7,0.9,0.9,10,7.418514993977197,12.827452511447788
17,9,0.28257422807731897,0.5983160184926052,0.5528777658028295,0.11254385671137386,0.24543545959491642,0.09404773669702304,0.00111145873567435,0.00146390232002794,0.7,0.9,0.9,11,9.527122411635414,14.628588398424512
17,10,0.23520476911834648,0.5353152791449696,0.4839668671975493,0.09198458511475346,0.2080215185656708,0.07835807308486104,0.00126323035009315,0.0016264459178350701,0.7,0.9,0.9,13,8.129090288369227,11.262558288430178
17,11,0.2298692473545729,0.5277719937223936,0.47572316928166536,0.09971392203082072,0.09187631296974877,0.07659684605897539,0.00120217783920599,0.0015631214034624,0.7,0.9,0.9,14,8.151823635140298,11.94754143177708
17,12,0.21929608160597752,0.5090758697545962,0.4546299555464362,0.09628248248684987,0.18078527401599181,0.08034014170819795,0.0011592084125026801,0.00149082775393416,0.7,0.9,0.9,15,6.152587115689413,10.6017882607499
17,13,0.21432391304375373,0.4890246229260932,0.423533452284229,0.10534773078227896,0.10592547277697581,0.0941626235484905,0.00111533799261885,0.00184747383773153,0.7,0.9,0.9,19,4.693822922529772,5.656949939532808
17,14,0.20788772900314847,0.47708059094353966,0.41023762741806424,0.10769319267728877,0.13690284934626296,0.09442492613084918,0.00103150844264433,0.0017472385310764002,0.7,0.9,0.9,20,4.628703150186212,5.371529848286686
17,15,0.19555586889565635,0.4595047792185384,0.4057141478924931,0.12219366395499286,0.23640115091793037,0.09921618749506818,0.0006186464032085401,0.00109055250055321,0.7,0.9,0.9,21,4.205406574177087,7.78673477775763
17,16,0.1956278541241942,0.44684427944262045,0.3831030509678212,0.11389734091131948,0.16970463958389592,0.10930833821629546,0.00079956239347458,0.00156993667419057,0.7,0.9,0.9,22,3.62276277597976,5.02059357337267
17,17,0.18670074265920616,0.44243350873760084,0.3868515462306017,0.10807032997432017,0.0703701591389564,0.09537359881081317,0.00127275081288016,0.0020701173205244497,0.7,0.9,0.9,23,3.84065348654608,5.1543595011382175
17,18,0.18210323796245187,0.4268732829747309,0.3545356613614586,0.10732180061994777,0.08980045362231412,0.09181027704146652,0.001268074233952,0.0017856990778088299,0.7,0.9,0.9,24,3.92037200310712,4.28164631662202
17,19,0.1818042156761982,0.4200650748712437,0.34640479227183085,0.11188386675269894,0.10476471012340145,0.09714852027369189,0.0015702146429278497,0.00277213567328406,0.7,0.9,0.9,26,3.4022286793770697,4.3415388427084896
17,20,0.17507453553576546,0.4026355724332831,0.3341059693262897,0.11874731624043966,0.23249414578871558,0.10540482519025969,0.00127382243539104,0.00209444329811865,0.7,0.9,0.9,27,2.648213248938504,5.026043687086578
17,21,0.17437879055248268,0.4034544922420549,0.3425237871280676,0.12185442355610174,0.10627362987784997,0.10721120515007121,0.00127818062520982,0.00214073899533976,0.7,0.9,0.9,28,2.4455677884138463,5.300564303565322
17,22,0.16133369474307208,0.3675341344767029,0.2876950928580988,0.11058012474777024,0.20530570120235517,0.1017696136156869,0.00127471492694438,0.0018585253741055098,0.7,0.9,0.9,29,2.551437385820036,4.301008201162708
17,23,0.15842937493190326,0.3516319635430134,0.2694704463217931,0.11242053141134224,0.13757019550029512,0.1068577482954137,0.00156125507161393,0.00278149112896004,0.7,0.9,0.9,31,2.059534946210603,4.361637211206791
17,24,0.15641574023095,0.3524976278933291,0.278208855150321,0.1341402808919301,0.08272783660670845,0.10537573889520344,0.00156438977906891,0.00274499407303896,0.7,0.9,0.9,34,2.12129724215981,4.414761737209644
17,25,0.13700414358993995,0.3174863214432591,0.25532021157230905,0.18419354778897767,0.09236382483772204,0.09720610119636011,0.0011517534784682801,0.0019374681845134,0.7,0.9,0.9,44,2.500076422106609,4.269888608622457
17,26,0.13699278779557955,0.3174515931890433,0.25528161970748886,0.19848402051446298,0.0708732126114914,0.09720537993542779,0.00115176059747616,0.001937489416555,0.7,0.9,0.9,48,2.4896009072521865,4.323875333410385
17,27,0.13833746755201587,0.3167465524554727,0.254237436737705,0.19993973916393612,0.0904110478052792,0.09478444399536629,0.00141129254070772,0.00611258465927976,0.7,0.9,0.9,49,2.386873610513385,4.307990227530899
17,28,0.12549578829167699,0.32143414845156576,0.2988972055996863,0.2580293639903447,0.06784538816676611,0.08289851444667079,0.00198765456454509,0.0032675203092259104,0.7,0.9,0.9,58,3.1313132233079126,5.412230234545066
17,29,0.1274469048042493,0.32134067746640693,0.2984703361882411,0.26410220303681253,0.08260845876643258,0.08704441429350886,0.00212780717337075,0.00307705236481625,0.7,0.9,0.9,59,2.98155215675124,5.341133869147159
17,30,0.12747062248875043,0.331430167551897,0.3324765130563774,0.2834072151580537,0.07756384974495492,0.09019625627565855,0.0019308444508200399,0.00265616835601541,0.7,0.9,0.9,62,3.060017503590557,5.081971338511344
17,32,0.1445205903886474,0.3354474256664509,0.3195279404358475,0.2564499776092864,0.09967827082510242,0.08551932915605404,0.01205061109839514,0.01693111895654814,0.7,0.9,0.9,64,2.974952026326367,4.861174397894029
18,0,0.8854794270681122,0.9994323108412733,0.992329769152371,0.1872077503831802,0.06228519544680539,0.08872408548733204,8.950606464605e-05,0.00010864460832391002,0.7,0.9,0.9,1,13.402679904838816,29.46462435963484
18,1,0.6490929739940255,0.9088925371845793,0.8960225446386639,0.18801940249519264,0.44621374136596126,0.12790048693521297,0.00053510363908761,0.00056405220772264,0.7,0.9,0.9,3,8.084758227894184,15.227727233607752
18,2,0.4940715687242472,0.8075956932031859,0.7834458829576003,0.16527585105442136,0.3767939327532911,0.12483350473680199,0.00088963546178578,0.00095206020103035,0.7,0.9,0.9,5,7.203088117769863,12.64924660639246
18,3,0.41535727150661217,0.7407309559971407,0.71082117101593,0.14132091582796683,0.22077711856309457,0.10197632798663343,0.0009416164890806499,0.0010202552320871601,0.7,0.9,0.9,7,6.214447003787475,11.498128891357904
18,4,0.3508574336229241,0.6789909144257261,0.6436282345168209,0.12104601798386462,0.19856248835326887,0.08240829205946203,0.00103508575307491,0.00116251998094264,0.7,0.9,0.9,9,5.474268176749481,13.302240806059404
18,5,0.32177323685514836,0.6525662734397764,0.6217794366398104,0.12012171246072607,0.1521743125363973,0.08366403640231375,0.0009917861201787699,0.00113750928114024,0.7,0.9,0.9,11,5.273426947661652,13.958049936045413
18,6,0.268343166333428,0.5888779839684238,0.5515759344901475,0.10548908487248254,0.22020299184184391,0.07476846294396625,0.00108550950277301,0.00126115425261194,0.7,0.9,0.9,13,4.084339900472168,11.593215376213111
18,7,0.24272417797821585,0.5501403354102334,0.5077978105505209,0.10674701948744704,0.18841328619472786,0.08307956782460056,0.0010957383154212,0.00130425773789131,0.7,0.9,0.9,15,3.864205818867708,10.749201567568836
18,8,0.2338941866550699,0.5408565007026634,0.5051193133276012,0.11101990016180834,0.09948902450973857,0.08307956782460056,0.0010957383154212,0.00130425773789131,0.7,0.9,0.9,17,3.880154595645182,10.983488675708443
18,9,0.22940737941098185,0.5352354257983893,0.4991486762497426,0.11279070112581947,0.0756075818781808,0.07969315992155686,0.00102889209381212,0.00119654760694688,0.7,0.9,0.9,18,3.779077349333039,11.15033705792235
18,10,0.2253144882717036,0.5148527356381463,0.4670359194195202,0.12183041027853017,0.26312440990975217,0.10057818203807041,0.0013904598560372798,0.00201873763487355,0.7,0.9,0.9,19,2.618285553560257,4.08234671222027
18,11,0.19456080610586798,0.4651325728177301,0.41269393255417053,0.11030297840198612,0.18189157365152164,0.08767553517443806,0.00148392912003154,0.0021610023837290203,0.7,0.9,0.9,21,2.562042598225319,4.630424045526411
18,12,0.19456080613837623,0.46513257285726284,0.41269393259370324,0.11598432019975649,0.0646533728162356,0.08767553519804748,0.0014839291313509,0.00216100239797206,0.7,0.9,0.9,22,2.5620425948658867,4.630424038651779
18,13,0.19017629721407675,0.4491582406349925,0.401470111851895,0.11465529144350617,0.2416163802516122,0.10152355614703908,0.0015642420271207598,0.00211271725032923,0.7,0.9,0.9,23,2.592697709966179,5.360920089227848
18,14,0.18510394987986192,0.4377009619886247,0.3886833128461588,0.11744957858631222,0.1424538832775983,0.10223420533180223,0.00148126469666575,0.00198525232406512,0.7,0.9,0.9,24,2.5763629754037387,5.062481442872445
18,15,0.18017845484078784,0.43068081946803854,0.3812352228600428,0.11646218355057689,0.09326499652981715,0.09802769685549134,0.00138944120957339,0.0017564558552773698,0.7,0.9,0.9,25,2.6221322413514314,5.5120771011976455
18,16,0.17790944510460507,0.4262631738367512,0.3763825722111233,0.11812287218728956,0.09305875601073421,0.09777454657678421,0.0012892106926436799,0.00142260973852258,0.7,0.9,0.9,26,2.571013123015897,5.983233461228682
18,17,0.15515668395626578,0.3720436908684451,0.31617027399638936,0.11145695680790156,0.3751838218736702,0.09492636579511632,0.00151982898349439,0.0020879915097300897,0.7,0.9,0.9,27,1.901695525299944,4.81641075008496
18,18,0.1374941281740675,0.3326320545509199,0.29513048238288747,0.188565311811326,0.09181289573330283,0.09578806976711646,0.00175160450011294,0.00253863486725203,0.7,0.9,0.9,42,1.6346831281401613,3.8907038735283823
18,19,0.12989534792276805,0.3244493737472444,0.3016475766649113,0.19518089109453343,0.08287005849187552,0.09280493115022737,0.0013873559468906,0.00211683612232332,0.7,0.9,0.9,48,1.8126073302768,4.227297402007154
18,20,0.13150894578199637,0.3254776600382382,0.3100474363340562,0.19554576589747152,0.10813809683167679,0.09722762268703024,0.00161330368006239,0.00237433012311738,0.7,0.9,0.9,49,1.5241522305297457,3.850490327388576
18,21,0.12320630942873147,0.3056317155261569,0.2883578586362228,0.19551853904890557,0.16201263832135596,0.09280493115022734,0.0013873559468906,0.00211683612232332,0.7,0.9,0.9,50,1.530835505218899,3.698628461125213
18,22,0.12244046986139265,0.30290068754189226,0.2853163133262772,0.19880781597202501,0.08395687540086334,0.09269801751646424,0.00144311130176467,0.00216190385038159,0.7,0.9,0.9,51,1.6346134082032029,3.8467792744045983
18,23,0.12114342543848874,0.3042830811294807,0.2945706446368406,0.20452276080925763,0.08300064395751515,0.09188963313492804,0.0014324701793528899,0.0021992211517316298,0.7,0.9,0.9,52,1.5227510275829157,3.916221530755241
18,24,0.12127348439113039,0.29289495429442747,0.2664703848032415,0.18955772218284994,0.08717344398358653,0.09263274777806953,0.00169041092878171,0.00250919769683885,0.7,0.9,0.9,53,1.5104853671035898,4.685130511278251
18,25,0.1232116017030411,0.2974205125709756,0.28631381733570327,0.2218366827781105,0.09057781731464365,0.09954477400006152,0.00156088106385917,0.00220072624323131,0.7,0.9,0.9,56,1.8348744500441767,5.533326474866984
18,26,0.12379462206210114,0.29220287654961224,0.2727361009229527,0.22528173687678094,0.0835586961706023,0.10097287230625118,0.00157436059206215,0.00221803905855829,0.7,0.9,0.9,57,1.8169154380465016,5.440847152045491
18,27,0.12097587194173004,0.27966613699855963,0.2512355660867925,0.231951722457931,0.08659066941061158,0.08968613556194961,0.009172150814711861,0.0023444159291162,0.7,0.9,0.9,60,1.762531608144315,4.025947159023854
18,28,0.11820799822715314,0.2775544496397084,0.2566946233171925,0.24051107540895214,0.08710995985675571,0.08762619756382295,0.00920726688179863,0.00238729942950295,0.7,0.9,0.9,62,1.781775433844723,3.854578523423673
18,29,0.11832939922192738,0.2775985464310188,0.25672686174348264,0.24063037615187158,0.07222300766909491,0.0878431095550405,0.009205189056428451,0.00238577682558926,0.7,0.9,0.9,64,1.7760827941930812,3.851157367830772
18,30,0.11820831348869862,0.30842665136812547,0.34458322220011656,0.3029899470139971,0.08193763459490054,0.08771038870163832,0.00956494723946948,0.00248004031827852,0.7,0.9,0.9,65,1.8193701489940024,3.8690907262244063
18,31,0.11910861992465346,0.31348890366784526,0.35775294629413656,0.32033194531957737,0.0749897083925039,0.08900939959897859,0.0097303547578794,0.00247408704691826,0.7,0.9,0.9,67,1.7985803608106727,3.9355972779061226
18,32,0.11789108366607694,0.2787430395733502,0.27306205451176235,0.2802565196059151,0.0894454499585476,0.09111571235279312,0.009184347350982471,0.00229420043110401,0.7,0.9,0.9,70,1.8407972555900287,3.930709275145652
18,33,0.11593078623647339,0.2657965876549396,0.24349813093541184,0.30829476625071855,0.07615726352258871,0.08927194888149813,0.00915952256305509,0.00223648134612344,0.7,0.9,0.9,74,1.7845861665737324,3.731841789298089
18,34,0.11448820170087044,0.2668654620387588,0.2524267849419786,0.3110598264046536,0.08801040712480468,0.08845324677913566,0.00908336859100657,0.00211712166689388,0.7,0.9,0.9,75,1.77888205723296,3.583315024672199
18,35,0.11568226869887477,0.26744806718080094,0.2529172381648018,0.3251208541908246,0.07808805739983629,0.09025581407290591,0.00917091922139764,0.00217901530683309,0.7,0.9,0.9,76,1.812582556470788,3.75361674196887
18,36,1.0116783889266459,1.1803544581431071,1.1982967162529792,1.2290587787620748,0.9736719106814272,0.09134916569778638,1.0,0.006593406036925061,0.7,0.9,0.9,79,2.632977144940241,4.492459653559901
18,37,1.0151885121950492,1.1822476107741686,1.1999477330720245,1.224484697989185,0.9862506984341789,0.09732276253435677,1.0,0.00643198033911239,0.7,0.9,0.9,80,2.8994739208549327,3.9313197156608464
18,38,1.0130934372973865,1.1727912487379668,1.181904655516574,1.2437405143348628,0.9937420221775746,0.09490229523637056,1.0,0.00697484502657004,0.7,0.9,0.9,81,2.676019407209586,3.963284752913253
18,39,1.0129341501846612,1.1756096094681872,1.1926554984608502,1.2473893734212527,0.9792241213080739,0.09555109119151581,1.0,0.00686681760261684,0.7,0.9,0.9,83,2.690539730843367,4.082085835300709
18,40,1.0128135953926396,1.1751080878490683,1.1920974536765403,1.2472473369311128,0.9745095396306257,0.09555109119151581,1.0,0.00686681760261684,0.7,0.9,0.9,85,2.6960894728035565,4.117383841499187
18,41,0.11584269281718666,0.29476974555780927,0.3441921471066027,0.3758880121920695,0.0902371434064302,0.08285971433314562,0.01714649125326575,0.00358412530608148,0.7,0.9,0.9,86,2.585941454900526,3.574550505681464
18,42,0.11556476187827548,0.27376309535506854,0.29014359949895835,0.3394744704375298,0.09471441996441715,0.08384271076930795,0.01689539100357679,0.00356887599751041,0.7,0.9,0.9,87,2.6774405517981337,3.515611424349788
18,43,0.12395838287291235,0.30468782429640007,0.36186974895983787,0.4137644885344356,0.08740917292381926,0.09474210045106388,0.01715187869007566,0.0043220167662415205,0.7,0.9,0.9,89,2.697354612967414,3.5032297759323505
18,44,0.11461731367076339,0.2873768591652804,0.3358879804989992,0.3737051792424419,0.08990771259446242,0.08384492517329681,0.01709981885026211,0.0036090333822645,0.7,0.9,0.9,91,2.6799368801038224,3.3703277888175727
18,45,0.11519905455436809,0.28334048801075823,0.32367475853617617,0.39410168222200737,0.07796393444832606,0.08479277565586706,0.013777887843282469,0.006846535555693969,0.7,0.9,0.9,94,2.4376983351538155,4.411083836404085
18,46,0.11309647479962298,0.27173214576638954,0.30316942619531645,0.4062077849289348,0.11453438213063677,0.08401998780155022,0.01370574112221574,0.006841228920692879,0.7,0.9,0.9,95,2.4722733337382894,3.9095488997352015
18,47,0.11081853248716857,0.2694260239773654,0.3083632967857048,0.40358150225509964,0.1103798950135569,0.0824075213921316,0.01383266511095218,0.00692443967939751,0.7,0.9,0.9,96,2.6269947326716747,3.813695504961936
18,48,0.1107221993566134,0.25768344763971346,0.2874234983771077,0.3857351860053048,0.13040863524996255,0.084259022137941,0.01460867348731898,0.0068307831381707205,0.7,0.9,0.9,97,2.5622979672305064,3.5632785023719373
18,49,0.10918508228515064,0.26603541288657057,0.3197334660168911,0.42298114365200445,0.0922021095541521,0.08368561438533015,0.014581214064338249,0.00680079652754869,0.7,0.9,0.9,99,2.621890610910303,3.752351535218589
18,50,0.10423360130794217,0.24381796985332416,0.2800105196451479,0.43151694471371926,0.0848782013435263,0.07973778046154659,0.014610744343663459,0.00675594910847888,0.7,0.9,0.9,105,2.756323028586795,3.993929314242792
18,51,0.10465976802559654,0.2481182086469492,0.2923813488130659,0.4449751332069822,0.07830492039084701,0.07998534909355311,0.01455552545289191,0.0073048826196771,0.7,0.9,0.9,107,2.578528090826518,3.996893920852005
18,52,0.10465319790985766,0.25268615401828926,0.3051196770268933,0.45809742297221145,0.07575477287239143,0.07998534909355311,0.01455552545289191,0.0073048826196771,0.7,0.9,0.9,109,2.576657340423986,3.9882883617882494
18,53,0.1006910729254541,0.24391075785131003,0.2956586919478784,0.47661089390741174,0.10790320979472108,0.0763697340695072,0.01468441814972125,0.006978923870922089,0.7,0.9,0.9,110,3.0510196831837977,3.631163170783667
18,54,0.10613056298818993,0.2672196337427961,0.3515888511256382,0.523074454610165,0.07917086799082576,0.08290289620765262,0.01547588564294144,0.00730137735998908,0.7,0.9,0.9,116,2.8232812641688896,3.62053838432848
18,55,0.1065335536715794,0.2431310473886743,0.2864178427808499,0.4825843118337702,0.08471934074452564,0.08565182057065548,0.014622602897915348,0.00688924117802831,0.7,0.9,0.9,118,2.66917087441344,3.6062074545809
18,56,0.10422829590008872,0.25969126762919803,0.34326339144232454,0.5344848594213573,0.10788025535021552,0.08229406310443851,0.01545843448480116,0.00726413060079979,0.7,0.9,0.9,119,2.811808783107152,3.729595398858197
18,57,0.10360489029361934,0.2627733739094598,0.35439335151618095,0.5567740381908056,0.07894028381826011,0.08127378300743457,0.01559818004349835,0.0074728891429892905,0.7,0.9,0.9,124,2.8864622727723983,3.855678812452497
18,58,0.10319593808349142,0.2481234017778326,0.31515872319926636,0.5609770161094746,0.07799395379284546,0.08303347622707473,0.014583660186403419,0.006786863478311251,0.7,0.9,0.9,129,2.6153259511215023,3.48965647225567
18,59,0.1046992792254389,0.26724613050826057,0.36686789584963775,0.5994314861105117,0.08185254978900533,0.085356006275771,0.01466634211664026,0.00678292718884463,0.7,0.9,0.9,131,2.6188956861577863,3.473249008751412
18,60,0.10513007813460112,0.24859798432941255,0.31542746673943034,0.5489625595670702,0.08209907334040935,0.08603507017611045,0.014694267295688429,0.00689273842909083,0.7,0.9,0.9,133,2.656863085098516,3.6339436485145673
18,61,0.10495755212683495,0.2663770461603684,0.36583997575158217,0.5903318226604387,0.0827962114617647,0.0857142980786901,0.01477594534729576,0.00699125786228925,0.7,0.9,0.9,134,2.7271167098065767,3.625086710259161
18,62,0.1045872957198135,0.24688871880953017,0.31355348046735104,0.590047140996083,0.08027894544740767,0.084254808679586,0.01496474256273668,0.007727063142677989,0.7,0.9,0.9,140,2.66291364316372,3.584574438645094
18,63,0.10547906533477754,0.2675998237525252,0.3746885042267959,0.632763378389988,0.10374757283836095,0.0847144022568039,0.015979996250338,0.00820302638218981,0.7,0.9,0.9,141,2.7639188531777377,3.6201541785942566
18,64,0.1047738739052316,0.2525189385044287,0.33500454891289155,0.6413779115625515,0.08187415427103623,0.08676489468775168,0.01475560531416592,0.007204219901263929,0.7,0.9,0.9,144,2.68623117596527,4.027622706343731
18,65,0.10315502498119357,0.2498779940320144,0.33222019919232193,0.6302690513559323,0.08643470197434562,0.0848555954814036,0.01473408012150236,0.00718578630331846,0.7,0.9,0.9,145,2.665013276191949,3.874716152212716
18,66,0.10253713552221506,0.24718929910061904,0.32924154770393615,0.6342177741410622,0.08639817533360179,0.084538682441301,0.01471820864255364,0.007312441443776491,0.7,0.9,0.9,147,2.658272015895308,3.935173592198156
18,67,0.10225530084675864,0.24655415538733777,0.32855694251663475,0.6619416131844593,0.08006625719209579,0.08437503776960731,0.01471520971782972,0.007222976695270269,0.7,0.9,0.9,149,2.649874161319877,3.940061478281498
18,68,0.10241947697509232,0.2465247243149022,0.3285004025937852,0.6620844366022117,0.08039688421670774,0.08465911946419405,0.01472141081788938,0.007229346250337771,0.7,0.9,0.9,150,2.63767652068642,3.913184182394847
18,69,0.10525964905396704,0.26757408508398617,0.38221971625202406,0.7176344853384536,0.08324158973888268,0.08766336555766858,0.01530275831331559,0.00751671579734797,0.7,0.9,0.9,151,2.7343045422255283,4.006474470283747
18,70,0.10542743072425251,0.2271265353041817,0.29091737378502447,0.6537665235918533,0.08716899286909634,0.09039553888724,0.015192044434583902,0.00902441942439917,0.7,0.9,0.9,195,2.7895490403030494,4.337854202340336
19,0,0.8433313009706659,0.986113030093274,0.9768158736074597,0.18786273130721395,0.0683869990157774,0.097455199291104,8.543782328745999e-05,0.00010162830116209999,0.7,0.9,0.9,1,17.044296368434217,29.46462435963484
19,1,0.577702588160648,0.8658932678903614,0.8482064417951418,0.17569114581502251,0.5125719620595443,0.12659007267391237,0.00079888020932786,0.00090424061291764,0.7,0.9,0.9,3,12.167025238906126,13.456186330137648
19,2,0.5680291822412737,0.8577394843469837,0.839707274291543,0.1729420311812493,0.10196617337826064,0.12079606231877907,0.00025780890467581,0.0002883529345456,0.7,0.9,0.9,4,12.22014721348268,15.31846695345954
19,3,0.4384016754052253,0.7603307005938054,0.7324514396906409,0.14175366340601547,0.5776057090379454,0.10457824557796949,0.00081859783194232,0.00093148119756886,0.7,0.9,0.9,5,10.140199403169476,13.000339701134632
19,4,0.42897024212895773,0.7520539107256777,0.7233622512640769,0.13862552281315005,0.11421668593652615,0.10433189479696814,0.00034324672796327,0.00038998123570769996,0.7,0.9,0.9,6,10.002559340731995,14.444543728568208
19,5,0.37022254871414684,0.6975819128459473,0.6643653845715372,0.11666842428299613,0.2898952644053493,0.08296204590329888,0.00061465200993126,0.00070624146140027,0.7,0.9,0.9,7,9.857616573992171,14.206130328364964
19,6,0.3577653939269937,0.6854221684364736,0.6507083223606976,0.11793140894790563,0.1366789689884231,0.08498060779648078,0.00043581972998911,0.00052706473564005,0.7,0.9,0.9,8,9.421804669176232,12.650990034878294
19,7,0.3112113611604815,0.6367873558046376,0.5976561597610955,0.10011094551370898,0.2759861816606952,0.07066138733868078,0.0007033669388035199,0.00079202321714834,0.7,0.9,0.9,9,7.415642692811764,11.933210851383146
19,8,0.3055541236383848,0.6303261494962787,0.5904113730168254,0.10284062687494183,0.09122769208831047,0.07179729910788887,0.00052453465886137,0.00061284649138811,0.7,0.9,0.9,10,7.088677763748811,10.635424849631129
19,9,0.2686241493325499,0.5786864343215692,0.5308498309698859,0.10281364398600279,0.4735572308486077,0.09602106631541646,0.00116462221503424,0.00164710291243729,0.7,0.9,0.9,11,7.430855245269636,7.678807364739242
19,10,0.2729117829582391,0.580201894335163,0.5313166837342764,0.11550957421137321,0.1339825690815417,0.1111112989466011,0.00108757868731935,0.00198183638519936,0.7,0.9,0.9,12,8.335522226737858,7.017613116139023
19,11,0.23508545735581926,0.5192690714952927,0.46329924341698625,0.10055063946237411,0.4434248991359765,0.11265804565899458,0.00126516107639895,0.00255839556925728,0.7,0.9,0.9,13,7.358871276733322,5.675411746446224
19,12,0.19580454349644363,0.46245379635632533,0.4021448475425393,0.0790148959257303,0.17449073342212773,0.08710836149879139,0.0010538298806867601,0.00217797056449004,0.7,0.9,0.9,15,5.180388994157807,4.765469107706371
19,13,0.18680911286253116,0.4452350700265631,0.38306567937884356,0.07864671032965403,0.1579336801839848,0.0857208993882341,0.0012551896215304101,0.0022173522313189,0.7,0.9,0.9,16,5.568934833685273,4.798350164643637
19,14,0.1733597654458215,0.4143635063628841,0.3485084520925584,0.0719101613915934,0.2527680823289915,0.08726301253956703,0.00153467991109746,0.00267658022239794,0.7,0.9,0.9,17,4.7050214663184,4.977089733198164
19,15,0.16761338945030613,0.4002145733479952,0.3326819864459147,0.07669010053382358,0.15106638151930948,0.08854182850126611,0.0013922182425434,0.00259820249016064,0.7,0.9,0.9,18,4.712740778661996,4.625118797071535
19,16,0.17657591110305831,0.4090056728125914,0.3414393670578167,0.0916345063489378,0.07551982940873882,0.10318524650914776,0.0008590151453314,0.00184122849575909,0.7,0.9,0.9,20,4.927796417297099,3.6266253931518566
19,17,0.1438898412341369,0.3362760385885867,0.2687172313864734,0.08408504077987519,0.2779374589397774,0.09442894275913656,0.00130223869672639,0.00258747939067117,0.7,0.9,0.9,22,4.446417254654946,3.687034565055532
19,18,0.14382206274395462,0.33577419846415063,0.26814117179934355,0.08405483306031497,0.073501900477321,0.09434992550982765,0.00142812752703218,0.00269503068596009,0.7,0.9,0.9,23,4.429054997146383,3.6909892366971926
19,19,0.13062106770670184,0.3076980134933728,0.23754951404015165,0.08119997599646361,0.19250681546727336,0.08608304960509124,0.00139511390866683,0.00269441999430005,0.7,0.9,0.9,24,3.373143197477369,4.052016897636014
19,20,0.12314167133673719,0.2819466383581725,0.20881539386923878,0.07113677214418,0.21660269464882384,0.08722955820386966,0.0013125362447601202,0.0026020606653840003,0.7,0.9,0.9,25,3.461995613857812,3.821685772948881
19,21,0.12196455373547668,0.2767711235502651,0.2030003884102337,0.07334121955942137,0.09765994575017946,0.08793829462405205,0.0013058205637121701,0.0025949733083584997,0.7,0.9,0.9,26,3.537204545124214,3.7437815290408105
19,22,0.10913295707646962,0.23395192518518265,0.15551539979299062,0.06353675989008553,0.30109155340787075,0.08552181642547531,0.00143040495116241,0.00264902659578517,0.7,0.9,0.9,27,3.589282822887827,3.1361221777731254
19,23,0.10784725449795701,0.2299768350105571,0.15113142257331957,0.07505138776587647,0.08406488734881887,0.08519439028055045,0.00136657119224107,0.00257133748790062,0.7,0.9,0.9,28,3.3440942754130663,3.233631989747984
19,24,0.1078219700345932,0.23345526305597478,0.16262068509492608,0.08120395379076858,0.07140853478828377,0.0854830794031572,0.00143104899644133,0.00264211341160919,0.7,0.9,0.9,29,3.5671463165727246,3.1479100768188464
19,25,0.10577638720649842,0.2256289859666712,0.14643794763204104,0.08264904735247433,0.06680870288273441,0.08317422520134335,0.00143432484544862,0.0026421774738986,0.7,0.9,0.9,31,3.609190319146741,3.263446480584264
19,26,0.10633972769553972,0.23377638801415823,0.17069328391001043,0.10015225089080987,0.07465106853302135,0.08487455508199436,0.00136447064491814,0.00258314707118302,0.7,0.9,0.9,32,3.251693819972876,3.300001319674592
19,27,0.10417041620344013,0.22913822879351425,0.1656831570444761,0.09073521374589745,0.0711051034605168,0.08293310798646716,0.00142332855511359,0.00253837488006586,0.7,0.9,0.9,34,2.8994144551038405,3.552646224037611
19,28,0.10389603361011474,0.2219197460056353,0.157425016315117,0.10383093216189115,0.1165841236090299,0.08565048551302862,0.00141647016484878,0.00263375648891363,0.7,0.9,0.9,35,3.543373967171461,3.264343781512746
19,29,0.10389603364268828,0.2265192032068375,0.170198564721019,0.11408582712069033,0.06360073186508539,0.08565048557838269,0.0014164701651001401,0.0026337564890193703,0.7,0.9,0.9,37,3.543373965197699,3.264343775482744
19,30,0.10172761515070937,0.2220352043663098,0.16536980865889295,0.11552381425975154,0.07973690068535465,0.08399986751467314,0.0013429021740551102,0.00239816941206123,0.7,0.9,0.9,38,3.618345007404544,3.350183679221051
19,31,0.10261015693850274,0.22107653118259096,0.164137834801414,0.13055471676291952,0.0775622999574392,0.08552921058650731,0.00147097265820077,0.00270347163803563,0.7,0.9,0.9,39,3.9017250928223968,3.0617009792861687
19,32,0.0955054683205402,0.19532189482219392,0.13564697635458867,0.13741205426555303,0.08533119586092787,0.08330683442157871,0.0014717173188974401,0.00271836926077777,0.7,0.9,0.9,45,2.986977494397037,4.248756548612911
19,33,0.0944890206464302,0.19312131116578965,0.14078344543528537,0.14298133288461753,0.10536196224285765,0.08412416686858426,0.00149868975370918,0.00273058717423762,0.7,0.9,0.9,46,2.958651868761008,4.312680565996769
19,34,0.0902799015488314,0.20141047238436063,0.18092039419313025,0.22356108056453403,0.06249776218071694,0.08027938084560096,0.00152995610721606,0.00280220258289701,0.7,0.9,0.9,64,2.953137025167919,4.166138263384555
19,35,0.09088479558265403,0.20619294105530553,0.19381633775646676,0.23180839078843377,0.06390154951985264,0.0812892949336732,0.00155462615947503,0.00279037856641805,0.7,0.9,0.9,65,2.898870367384779,4.119169185648291
19,36,0.09046181386664016,0.20505843285529649,0.19257994634250078,0.23547224225754176,0.06577246132749646,0.08097478476109989,0.00152938700702885,0.00280202908810528,0.7,0.9,0.9,66,2.965324858983007,4.184099506217293
19,37,0.08675102379734594,0.17883446522529609,0.15563781211018254,0.2632543217289992,0.0938882720438858,0.08168214074147744,0.0015040427275396701,0.0032640604706263,0.7,0.9,0.9,70,3.0986745031810408,3.668226931404361
19,38,0.08650712890736881,0.17590326380490812,0.1523286061057332,0.2793326359136456,0.06669886159729352,0.08229041943671431,0.00150782111178617,0.00324674254696138,0.7,0.9,0.9,74,3.047851612656327,3.616303934165957
19,39,0.08757297617335272,0.19112589993999615,0.19965281670540022,0.4120958504345915,0.06513706223936634,0.08516109323798163,0.00153021650178716,0.0033115755664678602,0.7,0.9,0.9,100,3.160136640236193,3.856667916069655
19,40,0.08652681887519094,0.19358516355047325,0.2101331770141511,0.4195238296241293,0.06708470815027512,0.08410764203999388,0.00153234168554783,0.00325559168889277,0.7,0.9,0.9,102,3.1403800578220658,3.8229610895862143
19,41,0.08495332894023125,0.19030615248185714,0.20661590861167545,0.4444918051925164,0.06443917698833941,0.08247189067217378,0.00151436301601834,0.0032448439210796,0.7,0.9,0.9,107,3.1060955343393983,3.723321320746985
19,42,0.08449854325833787,0.19257314606377662,0.2167951126291362,0.46119554554691705,0.06533731218893395,0.08234401607107766,0.0015238491843617302,0.00331879638091971,0.7,0.9,0.9,111,3.10298198515122,3.7158870950745433
19,43,0.08427122376170583,0.19183173658038835,0.21598178997523074,0.4999888465297206,0.06229767395170291,0.08217175652130002,0.00152420722421129,0.00333310246687884,0.7,0.9,0.9,120,3.0994199875413786,3.680138411911972
19,44,0.08427321483105507,0.20559772831752435,0.2542654064341393,0.48985252908018434,0.06198235731045355,0.0821858899986447,0.00152446023582994,0.0033329013129875496,0.7,0.9,0.9,123,3.094271998484337,3.6446402487528378
19,45,0.08427910726808488,0.19632517086683332,0.22863351173576002,0.5216941611668736,0.062492632456136954,0.08222261203920597,0.0015234178084051,0.0033325727093391003,0.7,0.9,0.9,124,3.099797167211921,3.716899060368229
19,46,0.08527179429954482,0.22438921050949576,0.30566878250516205,0.6863722764659641,0.0631541179407028,0.0838224668184646,0.00154368490088586,0.0033067156528981297,0.7,0.9,0.9,157,3.201629641331984,3.7102833458016846
19,47,0.08488804275395533,0.2362226720664864,0.3418044537427098,0.8419614646208543,0.06345475129531566,0.0838255485956179,0.00154398338274002,0.0032843466189547603,0.7,0.9,0.9,183,3.190050883817368,3.722513819574205
19,48,0.0844968211419797,0.23848027300194757,0.35196516469666567,0.8548722068413698,0.06768592728287959,0.08396133323853365,0.00155406045324802,0.0032318028089621696,0.7,0.9,0.9,186,3.166807924040337,3.7063921944793328
20,0,0.9056984741092632,1.0115484022455616,1.0050205921787922,0.19565614320512076,0.06931532705619965,0.09870639080231114,8.973998852415999e-05,0.00015565278323346,0.7,0.9,0.9,1,12.407259353859647,29.46462435963484
20,1,0.6379141950118558,0.9168636238894791,0.9008782461627436,0.21580030723969285,0.5754079368668054,0.17769201455011985,0.00073545949341391,0.0011257272544442699,0.7,0.9,0.9,3,9.389303220415176,14.815943616551111
20,2,0.6181737357628431,0.8991650887365928,0.8828128951217106,0.20366391296499725,0.1303050960794096,0.15801782878452222,0.00037826412550919,0.00072676653839181,0.7,0.9,0.9,4,9.940764635367865,13.89120100793445
20,3,0.484171707764892,0.8037463776286619,0.7769959622143049,0.17446536804049784,0.638243597646784,0.15187144589320484,0.0008251994819380799,0.00128138003767774,0.7,0.9,0.9,5,8.221537344451352,13.931455390481768
20,4,0.399567549920477,0.7267254002417443,0.6939733639487843,0.1428530723714282,0.23725893605035756,0.11751143819971606,0.00090993098077279,0.00135387937333801,0.7,0.9,0.9,7,6.990266547612957,12.66736024012091
20,5,0.33730323807127305,0.6637852945432806,0.6257439808956333,0.12016576920389146,0.20297001715128463,0.09447186475276072,0.0009067359719887201,0.00135075778812808,0.7,0.9,0.9,9,5.7504864566535145,14.903607990699612
20,6,0.2836608719673725,0.6019932471224868,0.5578440150098938,0.10430705194224481,0.21609770460248054,0.08313108915299347,0.00099515429377995,0.0014821584751976299,0.7,0.9,0.9,11,4.730173960553671,12.02139475254149
20,7,0.25970140060098307,0.5669949649401425,0.5181109111939592,0.10689505370888631,0.18800033001983518,0.09271622392692071,0.0010837807371569899,0.0016070078476606302,0.7,0.9,0.9,13,4.422909063416339,10.429240311273386
20,8,0.25616426181730995,0.5630212753185411,0.513977256219155,0.10863178928857689,0.07293581412792541,0.08929271469054315,0.0010086902834150501,0.00150278882140605,0.7,0.9,0.9,14,4.239353289831024,10.636273288488642
20,9,0.23441814792822152,0.5283053217219184,0.4750467719631497,0.10200088075039107,0.2821504843879231,0.09180011580971724,0.0013530007027295,0.00207396619736104,0.7,0.9,0.9,15,5.076801614352183,10.516522863552463
20,10,0.23051047930491741,0.5219558659988478,0.467987559736926,0.10510712914340144,0.10345778758709985,0.09252719774960086,0.00114153714877539,0.0016443513045753,0.7,0.9,0.9,16,4.737712143690182,10.356057078071766
20,11,0.22477096528750914,0.51360630775656,0.4589010965052965,0.10763309943376492,0.10301069660428328,0.08978973041251084,0.00118014583442249,0.0017036696341933897,0.7,0.9,0.9,17,4.045361708782044,7.974958901080354
20,12,0.21858495079634388,0.5040355239624031,0.4483922869570414,0.10778238452132086,0.08830881266894773,0.08757084147588463,0.00139466012802718,0.00180393536805703,0.7,0.9,0.9,19,3.95499607778814,7.525687630232179
20,13,0.19904992943534072,0.47757525731614014,0.4271456282755243,0.10732302342836858,0.13512353182793607,0.08076929962688359,0.00122526765880639,0.0018627624569011701,0.7,0.9,0.9,21,4.461201876035282,7.040772769135339
20,14,0.17660417508889467,0.4282306832714055,0.3717895162957784,0.10528152357404427,0.21581318220104326,0.086484501888521,0.00137810265698356,0.00154502541969584,0.7,0.9,0.9,23,3.7940998735121294,7.172903542017904
20,15,0.15765007016425286,0.37636713746890915,0.31349429734710177,0.10387807380462966,0.23214479470334373,0.09340319512703868,0.0014697155083096601,0.00168702099323811,0.7,0.9,0.9,25,3.3543280508699023,6.921188260586591
20,16,0.15257120187729875,0.36491169251214,0.3008739726837973,0.10309556413934888,0.1264593793669785,0.09203474295600732,0.0013883897304707601,0.0015589324011490101,0.7,0.9,0.9,26,3.2714372089278623,6.840617372534581
20,17,0.1465134739584459,0.3577756816486453,0.3008914092622691,0.10389119920388266,0.11650151155357105,0.08747871581530739,0.00148208855481432,0.0020052923259842,0.7,0.9,0.9,27,3.1447818927398723,4.426168958400069
20,18,0.13148778848720383,0.30913366742509996,0.24649833411411473,0.10186795877067133,0.21316290073549707,0.09039346117514171,0.0015737014061404102,0.00214728789952647,0.7,0.9,0.9,29,2.80945821739278,4.593451926736499
20,19,0.11866218009613193,0.27590828883329593,0.21741912950949735,0.09981953435183079,0.1671089984283206,0.08778141622650487,0.00142432807943302,0.0019050655968780202,0.7,0.9,0.9,31,2.36740239835622,4.453237053775986
20,20,0.1141737641056104,0.2650791562371046,0.21305433617049577,0.10552520048389956,0.10771961963602204,0.08730714299698719,0.0014481311429614201,0.00191807174940779,0.7,0.9,0.9,33,2.395993732864157,4.22743668189602
20,21,0.11330638018864078,0.25656937956273207,0.19589971889059937,0.10801919407720623,0.08844980045852305,0.08727403072622475,0.0016456740486812099,0.00203085371182558,0.7,0.9,0.9,34,2.781116787599472,4.092082382426053
20,22,0.1129533738590137,0.26438717928023137,0.2199077636782339,0.1145953464881357,0.07236694240207484,0.08753487243509314,0.00151619753583155,0.00197453084992249,0.7,0.9,0.9,35,2.552747345556748,4.274359288060272
20,23,0.11212449000244805,0.261277704609099,0.21644724216413053,0.13493310563854805,0.0733854506828226,0.08729764864464304,0.00159204042722553,0.00207993742106539,0.7,0.9,0.9,37,2.6692121067801846,3.904888106964461
20,24,0.11031018159355706,0.2536387364688487,0.2079178518292618,0.12223865148154651,0.08736708632129114,0.08772959473154915,0.0015990038498381698,0.00200660179708889,0.7,0.9,0.9,39,2.563363777056261,3.734423512267848
20,25,0.10926485147040306,0.24518472475359335,0.19086219945715344,0.12809341580119213,0.08644510506146291,0.08743028396156956,0.0016970403496482,0.0020610310970296,0.7,0.9,0.9,40,2.5703515339166927,3.67508850586552
20,26,0.10910246177217946,0.25377088182260754,0.21572927627991154,0.13164287674888178,0.06784853926655066,0.08768392400468034,0.00156699930046658,0.0019746168594292498,0.7,0.9,0.9,41,2.3752667369557883,3.816218414885237
20,27,0.10793716443714105,0.25132211807251753,0.21308616360515395,0.1376036910495394,0.06879251142806608,0.08665128535075714,0.0015861433068601102,0.0019491594100429599,0.7,0.9,0.9,43,2.694613730609779,4.248135796792332
20,28,0.11419239351002712,0.25667940401794087,0.22578869027063372,0.22270592933852232,0.07577081560068774,0.09751871073271831,0.00149595825367029,0.00257848534401352,0.7,0.9,0.9,54,2.800478725195452,4.314400992233846
20,29,0.11415432745098392,0.2611250218901515,0.23839089874547537,0.23430245440549313,0.07281516974534984,0.0975187107251798,0.00149595824868155,0.00257848533517238,0.7,0.9,0.9,55,2.7905967196382053,4.32425696946714
20,30,0.11335388950642505,0.2575404834460041,0.23438898305467937,0.24918253266978396,0.08267881036752693,0.09750512209295242,0.00153163449707098,0.00267504339915302,0.7,0.9,0.9,57,2.825142209527062,4.308127870745213
20,31,0.1180298394764719,0.2516702306423303,0.21945790872381307,0.27404923058507685,0.10121638589896863,0.10418151979512535,0.00219939428793057,0.0041214186989098804,0.7,0.9,0.9,59,2.801490333764836,3.8411973511718647
20,32,0.11715793305703041,0.24993273027014182,0.21759192824107348,0.27312992770895,0.08456738815567473,0.1029099272412753,0.0021544156846046497,0.00448860428246586,0.7,0.9,0.9,60,2.82760900176722,3.87768919382092
20,33,0.11715907456875112,0.2590726916038779,0.2430712135043339,0.24444158521666784,0.07826238293917619,0.10292727978212483,0.0021571996701613898,0.00449447027199519,0.7,0.9,0.9,62,2.821908159287372,3.8757061904284287
20,34,0.11700104822856713,0.25382520366343636,0.22957677241351762,0.29333530689039744,0.08173632583133197,0.10302720499495358,0.00214218550706053,0.00442649679156877,0.7,0.9,0.9,63,2.7828750388388936,3.912855254047161
20,35,0.11371601612127133,0.23885409510918865,0.19788921226652156,0.2696085831481264,0.09429241171178948,0.09975031170567232,0.0020864335479966302,0.0042388711124283695,0.7,0.9,0.9,64,3.1505374447204515,3.832636465963753
20,36,0.11305235336510763,0.2403541515079779,0.20720372539162663,0.28919778231244264,0.08476757966583799,0.09977458209976676,0.00211891277728114,0.00427990273490496,0.7,0.9,0.9,66,3.055233536599568,3.8220413541530553
20,37,0.11170628374110758,0.2329611993570908,0.19892231631168864,0.3081178976347197,0.09871221175714279,0.10121720266680304,0.00196429038504598,0.0038334334679427803,0.7,0.9,0.9,68,3.234888506006708,4.267645831855315
20,38,0.11015717332228792,0.22762744591639691,0.1930356496173199,0.31045914385357415,0.1038268476359039,0.10037653724612912,0.00195993192084874,0.00400257291550361,0.7,0.9,0.9,69,3.30225879624061,3.81146991171698
20,39,0.10874971597612819,0.2133927228973527,0.1694327502961691,0.3000126085551777,0.137424642279857,0.101744217596663,0.00194430353719467,0.00399015005050445,0.7,0.9,0.9,70,3.245126487864761,3.836864500015277
20,40,0.1087158925328525,0.2175207326687172,0.1816715661841714,0.31665951587736424,0.07987287785471096,0.1017793877760383,0.00197573829969127,0.004029188135589249,0.7,0.9,0.9,71,3.161422582750599,3.847591062011588
20,41,0.10827259672948479,0.20956489543400317,0.16512150337794881,0.3197517557259997,0.08771738079092427,0.10220678530601637,0.0020906439504379403,0.00398323818860981,0.7,0.9,0.9,73,3.542480702704073,3.546692650503706
20,42,0.10707836832701124,0.20419844225395148,0.15915556058709046,0.3223011045986971,0.10750871572802892,0.10216681320848989,0.00206602077684231,0.00397090148318043,0.7,0.9,0.9,74,3.374165978744398,3.528186161275056
20,43,0.10719033213446713,0.2033283556858128,0.15814479203333076,0.3305238062148544,0.08450155820146801,0.1026702735069714,0.0020718684946635798,0.00399062462917123,0.7,0.9,0.9,75,3.40941361035337,3.538548058672286
20,44,0.10671732623161612,0.20645163591703714,0.16929847582033986,0.3346466984466797,0.08443876224426607,0.10223791268605409,0.0021264257410721,0.00404429420752349,0.7,0.9,0.9,76,3.198693454376406,3.549064218757548
20,45,0.10468838464264646,0.191518181701691,0.14500732634954783,0.3394604033149606,0.1375957754639954,0.10282067249808499,0.00202345128360412,0.00384986349656264,0.7,0.9,0.9,77,3.429234703380861,3.4684782055761856
20,46,0.10468773466965749,0.19049096703613944,0.14383452814039271,0.343459146190973,0.08494738370022542,0.10297731994894754,0.0021004224539676,0.00394181148165263,0.7,0.9,0.9,78,3.365668149044448,3.428394238380106
20,47,0.10458587351552483,0.1897033089467507,0.1429496918717821,0.343289457884232,0.08254968709628843,0.10318006764882359,0.00207600831700523,0.0038892381440477795,0.7,0.9,0.9,79,3.4689875889225217,3.4765328954699166
20,48,0.10455540599703489,0.19216891729943603,0.15329150205486367,0.351249913434208,0.09327842113537312,0.1037288297415097,0.0021259659149960803,0.00396967758489617,0.7,0.9,0.9,80,3.43822078569538,3.511507175024461
20,49,0.10372726177375292,0.18982449983917535,0.15073276942132288,0.3543682397331609,0.08311040478557677,0.10308822173072654,0.00211706714185674,0.00397909870345803,0.7,0.9,0.9,82,3.478160185204515,3.4588368306001414
20,50,0.10575731550362319,0.1914563696327159,0.15230842157957442,0.36971362916124384,0.08264804840943042,0.10384183913630865,0.0022869105812367103,0.00558933236723281,0.7,0.9,0.9,83,3.3179206862306514,3.5603634088252614
20,51,0.10351462322384283,0.19229924521923403,0.16111173213813407,0.36731662593287046,0.08879487256080938,0.10320773753199539,0.00220763357230475,0.00408782577673818,0.7,0.9,0.9,84,3.2259164850908992,3.462437473399717
20,52,0.12723109222438977,0.22360446821698646,0.2160661915779127,0.48797921096150176,0.10759372270065469,0.1361196484796856,0.0024046170634740597,0.00632888088710136,0.7,0.9,0.9,94,3.300126944462053,3.449559672779099
20,53,0.12084943695657971,0.20297592876557427,0.1783832952516057,0.45362938131388064,0.11596285914514722,0.12868066439643694,0.00242963466017085,0.0063338999071667,0.7,0.9,0.9,96,3.5074405835791667,3.658409326192145
20,54,0.12084943774472612,0.2121747734788724,0.20393026457626848,0.498590527137216,0.09796380597036287,0.12868066509418444,0.0024296346909099,0.0063338999839337,0.7,0.9,0.9,98,3.5074405502699664,3.658409310176957
20,55,0.12356059747504504,0.21064960226768212,0.20181484784686557,0.5052098328561058,0.13175025728151216,0.13394578481129168,0.0024357420842738503,0.00634205033621219,0.7,0.9,0.9,99,3.422513693460248,3.57648831226188
20,56,0.1083432142063073,0.20531783924715044,0.2204620715973636,0.5180024113428126,0.09010986913406588,0.11558555635732382,0.00213334838751734,0.0050113376893760695,0.7,0.9,0.9,109,3.400394692088042,3.4449139125879893
20,57,0.10819092271769173,0.1956726810525163,0.20196566568956198,0.5306082724252044,0.09691555679001986,0.11709760979761812,0.00205309641859508,0.00496661404517028,0.7,0.9,0.9,113,3.047672114037293,3.5757848960511467
20,58,0.1447129250911669,0.21570571486460519,0.20464683143139548,0.5626051723478843,0.15197955996976284,0.10170808218366319,0.00213480051371971,0.059203732282693045,0.7,0.9,0.9,115,3.79571382064202,6.019200788157162
20,59,0.14168081136237456,0.20223255104997961,0.19729442879184622,0.5808357968971667,0.23116668723446993,0.10182315552178234,0.00215226705205085,0.05920584026664903,0.7,0.9,0.9,116,3.580243990066181,5.9602754954346935
20,60,0.14523129481656097,0.20102437867234582,0.187890535930526,0.5741639382558359,0.13063048797741644,0.107195867685779,0.0021110502707330303,0.05904879308113938,0.7,0.9,0.9,118,3.595117113348042,5.777411951200503
20,61,0.14143967865005802,0.20180416356774156,0.19684054346968216,0.5849547741079507,0.1264911937950573,0.10157751775709127,0.00213763788597485,0.05918546135792656,0.7,0.9,0.9,119,3.536131547690799,5.96558857704829
20,62,0.1410352971795009,0.19943568163373276,0.19420543197348325,0.5886758931545548,0.1331061174875603,0.10152205269966681,0.00216036330343597,0.059195921910021265,0.7,0.9,0.9,121,3.731205264515988,5.898837993753429
20,63,0.13670687428880599,0.1900762547470293,0.18416525250091548,0.5690213661922473,0.14029428772453156,0.09703672352917973,0.00246355465557234,0.05867546196052238,0.7,0.9,0.9,123,4.136976184577786,4.682382878866509
20,64,0.13726901639468675,0.1896521091192826,0.18360804229083472,0.6075309621827416,0.12707669172314923,0.09687846182616726,0.00252624964470154,0.05957278169871087,0.7,0.9,0.9,125,4.206235173053854,5.752953847311353
20,65,0.13657158084850515,0.1865152917401586,0.18769305717859625,0.6058921387460156,0.1492593227480403,0.09786057599027602,0.00259590453907549,0.05950710162895686,0.7,0.9,0.9,127,3.913894400909135,5.89704860034253
20,66,0.19319772676375363,0.22023427877813767,0.2032322124997315,0.6484280609147821,0.2764255013927084,0.09594975741291968,0.038595271085345724,0.09069062680621336,0.7,0.9,0.9,128,3.848494335943081,5.703716013109839
20,67,0.19181517357448602,0.21123379742624654,0.19322212662732496,0.6738800800332099,0.20882724175261266,0.0959423966766046,0.03855759091834215,0.09066052784140484,0.7,0.9,0.9,130,4.072798951009178,5.69002763301834
20,68,0.1912206900984973,0.21387022838599973,0.20385127876231324,0.6836306856192714,0.19233980504112064,0.09559062251952756,0.03854920347056185,0.090544315636836,0.7,0.9,0.9,131,3.955939711778987,5.841057573382333
20,69,0.18922686264041677,0.2113503449574452,0.20126172236270023,0.6948385874555404,0.18296980967888782,0.09203348118703872,0.03888433656365782,0.0908609552985472,0.7,0.9,0.9,133,4.057186374207447,5.62402448371903
20,70,0.1882743443271544,0.20124258758524605,0.205084723105584,0.7164699596836126,0.22436313944216127,0.09609628844030564,0.0384939364799052,0.09040874816770936,0.7,0.9,0.9,136,4.102944456776129,5.87324468129352
20,71,0.18772694282449054,0.19355436553573324,0.18888979173992604,0.7120979896857285,0.18736824763963045,0.09431506687387849,0.039446444735729516,0.0906807073593346,0.7,0.9,0.9,140,3.876223009927146,6.094228239160543
20,72,0.1879843829409546,0.19813543606312026,0.2016089068701737,0.7292325066451586,0.18527440932626618,0.09623460765350382,0.03848597522517936,0.09048258086237092,0.7,0.9,0.9,141,3.8223679826798618,5.562346136692366
20,73,0.18760755391620793,0.1889640666775842,0.18371521412058894,0.739877311061304,0.1976867544481944,0.09486419924538604,0.03948681465444198,0.09085793495535656,0.7,0.9,0.9,143,3.7445610485499774,5.777699508217701
20,74,0.18694090943187702,0.19045966965883748,0.19306689991867515,0.7496164880770302,0.1996318455806157,0.09458293542402556,0.03948172866261631,0.09075912360413187,0.7,0.9,0.9,144,3.867143629882394,5.91389479100512
20,75,0.18536539852411507,0.20183999598611946,0.22885970033541986,0.7921299766341581,0.18277853593733487,0.09464277577112888,0.03841315240068964,0.09017423186821608,0.7,0.9,0.9,151,4.018448239955797,5.909844841089621
20,76,0.18772519557542047,0.19485034956594244,0.20550226444609943,0.7973179081576243,0.18537015706938686,0.0964969269481698,0.039018758673804735,0.09077432899618322,0.7,0.9,0.9,152,4.19867714359458,5.669010591398851
20,77,0.18835637566831337,0.1877164322745991,0.18978222037743625,0.8020692069969683,0.1959719925087462,0.09781080063265049,0.03915166219090394,0.09085546212659332,0.7,0.9,0.9,154,3.875037855931793,5.772082394421224
20,78,0.18835748234171648,0.18926049798905376,0.19910303649724775,0.8129173626485375,0.20618548785002666,0.09878273482765096,0.03900781568187785,0.0907548187147354,0.7,0.9,0.9,155,3.927113283047485,5.708242488056591
20,79,0.18586440721213704,0.18613080585034475,0.20346820893816342,0.8253063961656927,0.19575512999257638,0.0969310956503438,0.03859196523984195,0.09070079852421886,0.7,0.9,0.9,158,4.049666471480411,5.819502345967802
20,80,0.18443770180216584,0.1874892971904382,0.21276590974629053,0.8255547692918948,0.19502704567897747,0.0961259558484194,0.03842552024258261,0.09020216266213456,0.7,0.9,0.9,159,3.9782408268371983,5.927339992319389
20,81,0.1841682775503833,0.18884379971270984,0.22190969731400811,0.8588424951101066,0.1930208565197573,0.09622464441526232,0.03845039542054024,0.09027877802238035,0.7,0.9,0.9,161,3.997092004143876,5.951229418589773
20,82,0.18596254898779202,0.18768599772318267,0.22037065055718374,0.8554938440943232,0.2048686377082969,0.0974419655006904,0.038807667789323555,0.09143691609667264,0.7,0.9,0.9,162,4.098689307018836,6.002879208197166
20,83,0.18322954925274595,0.1829760465150523,0.2154057126385626,0.8893726221169258,0.18514151348144753,0.09592048715374228,0.03840659766049307,0.09029529734776551,0.7,0.9,0.9,168,4.058723405006695,5.90416037180089
21,0,0.8112345410260938,0.9690599317223719,0.9585223639807802,0.1787002373462236,0.06231052872680142,0.08876494220304769,9.516092013447999e-05,9.936039616335e-05,0.7,0.9,0.9,1,19.00815239584083,29.46462435963484
21,1,0.5906836235531272,0.8606060246492888,0.8372154034003398,0.15925384477013121,0.39520634120517023,0.09607306431772836,0.00018561658144634002,0.00019995519015998997,0.7,0.9,0.9,3,13.530988360637918,21.854475246009628
21,2,0.4537466185312457,0.7722190261808937,0.7460034602557035,0.14303249281857,0.35236043710242915,0.10085376936146899,0.0007120593168284,0.00078540664503587,0.7,0.9,0.9,5,8.842409680429867,13.766610036475091
21,3,0.3851056904763223,0.7123447979082635,0.6797536724324096,0.12998555164291783,0.23131218241259596,0.09573590995402198,0.0007798750583418699,0.00085979272395478,0.7,0.9,0.9,7,9.296537568351953,14.966180266703171
21,4,1.8697062393228125,2.1925268374286984,2.151540797956729,1.6202384641445542,1.5668766424524203,0.9177968473451023,0.01418837264408756,1.0,0.7,0.9,0.9,8,11.068745958294556,12.710549057835404
21,5,0.3224349721887473,0.6481795991302065,0.6090442372574126,0.11155916762418418,0.3844101511392562,0.08658175969488109,0.0008592022472003,0.0009527417813120101,0.7,0.9,0.9,9,7.542635558918366,14.084357101100816
21,6,0.27587132186593005,0.5918159861262056,0.5406857281212015,0.09009207956274791,0.14129625214177507,0.06125745492245068,0.00072504195913541,0.00083651383708283,0.7,0.9,0.9,11,6.954420810060324,13.380889710899057
21,7,0.27616058438571706,0.5920908127385116,0.5409541140028111,0.09515532901638415,0.044925285900171606,0.06198817331857236,0.0006443635214331801,0.00071816238053742,0.7,0.9,0.9,12,7.15485101882206,13.872589195039
21,8,0.24621006890069758,0.5508466124046486,0.4945034896541052,0.08974732014044152,0.31476949468251725,0.06833073495476608,0.0008169800429285101,0.0009784382691828699,0.7,0.9,0.9,13,6.572478071692983,12.139459848954491
21,9,0.23828492317120778,0.5380564565972791,0.4799459580382861,0.09357586464208667,0.0973543716419262,0.07165157442480852,0.00110246280333198,0.00127651945767293,0.7,0.9,0.9,15,4.954982699892685,12.27411735028474
21,10,0.2229782121299619,0.5074404974652068,0.44461683297546006,0.09833659311862952,0.18348870783978796,0.08713371843942234,0.00105095648848573,0.00161145679508354,0.7,0.9,0.9,17,5.258695211983265,5.039035685055912
21,11,0.21744558872876457,0.5011144260530288,0.43807284536227,0.09896260354113148,0.07001353355809485,0.081262596767581,0.00096606361572288,0.00137654831287095,0.7,0.9,0.9,18,5.179897749738847,4.97368987234958
21,12,0.20099944780039578,0.47054504669905006,0.4038178676174962,0.09471959098062332,0.2500049774424466,0.08353018104991104,0.00114138123570421,0.00171098611256131,0.7,0.9,0.9,19,5.130240570986689,5.656949939532808
21,13,0.19527881332777433,0.4614119481666957,0.39386849453198974,0.09646708441854844,0.1004573262128482,0.08121305186778054,0.00105648836294135,0.00147607763034872,0.7,0.9,0.9,20,5.060844958148054,5.831279339074687
21,14,0.1930292146521057,0.453945562471535,0.38515801728176985,0.09691772658743592,0.1272250198863176,0.08462101814582382,0.00157041875452853,0.00224827083510844,0.7,0.9,0.9,21,3.9890726001318457,5.230182676540328
21,15,0.18609078910504998,0.4404752995469596,0.3702232760042444,0.09872745016733729,0.1363909914519457,0.08461029287942612,0.0013459948863004,0.0019138946372648802,0.7,0.9,0.9,22,4.012212652980608,5.171257921844285
21,16,0.17897876946343275,0.4184083354785818,0.34499541806385103,0.09363857003095516,0.2276529767330717,0.09271656083373711,0.00129490825529054,0.0022213428394488597,0.7,0.9,0.9,23,4.291773426868649,5.741113301534822
21,17,0.16614622775785828,0.4074154000805548,0.3488621438331763,0.09505035000771807,0.09889704060236512,0.08358894882722327,0.0011616512458544601,0.0016528462618493,0.7,0.9,0.9,25,4.114287856285401,5.794430646879479
21,18,0.16503805409577457,0.4011462991738964,0.3415727789983544,0.10449830112316749,0.11587813291192087,0.08758962838025042,0.0010685276346547499,0.00170127837356772,0.7,0.9,0.9,26,4.0137400823327285,6.820439937846528
21,19,0.14813960009259217,0.350159505352916,0.27691577763934044,0.0931869251258788,0.3465573704836556,0.09072738884545196,0.00131747278748007,0.00151186818702836,0.7,0.9,0.9,27,3.2475902608056515,5.406904427309523
21,20,0.1439735501974011,0.3267094583938622,0.24272852677008008,0.09373705684914882,0.200160084096452,0.09477783699932027,0.0018221855547811202,0.00211395993285378,0.7,0.9,0.9,28,2.54015641986112,4.624618182542388
21,21,0.12354988901252255,0.27039120503797875,0.1879164737090928,0.07837308016139352,0.40784503125715355,0.0929956970094804,0.00145000327972895,0.0017481958431078098,0.7,0.9,0.9,29,2.9242694858327467,4.416811628469443
21,22,0.12187000990976496,0.2667685822643151,0.18398608907428138,0.08328465430054545,0.08280913853941242,0.092047983643465,0.00135450444258201,0.00158223473998165,0.7,0.9,0.9,30,2.90589775065021,4.53345681982878
21,23,0.11821260004308266,0.2487123328119225,0.16368079573334918,0.07522865606476012,0.18352465687847355,0.09324839536024136,0.0015942077040025499,0.0024603050208343103,0.7,0.9,0.9,31,2.540171483390244,4.07799983131596
21,24,0.11511029589659064,0.24111544175792957,0.1553914572219066,0.07907002145205022,0.10279329089910681,0.09137989312780403,0.0015040309359809,0.00237106329790579,0.7,0.9,0.9,32,2.445124093346058,4.124009939072702
21,25,0.11259483615026977,0.23291573219224398,0.1463226764788973,0.07949941982370524,0.11128438668823945,0.09107065860237697,0.00134551289428732,0.00220538865850454,0.7,0.9,0.9,33,2.5399758188158583,4.205375536835531
21,26,0.11050436827481723,0.22714986680006083,0.13999893847702158,0.09071142094562902,0.08031436918608006,0.08929902870962277,0.00146176098698156,0.00254615035769652,0.7,0.9,0.9,35,2.610736910015369,4.328489001348031
21,27,0.10786668401154349,0.21914660068442274,0.13118495170087338,0.0910800205276943,0.10671290331475801,0.08831830884327023,0.00137218522179182,0.00247657671655567,0.7,0.9,0.9,36,2.5354476807568496,4.403010925151559
21,28,0.10681313453068995,0.21945624431492272,0.13918394342180984,0.11103059519357346,0.07756327250381385,0.08831830884327023,0.00137218522179182,0.00247657671655567,0.7,0.9,0.9,38,2.432257932501795,4.523633956346528
21,29,1.044629510063261,1.1798741315056844,1.1479002485932686,1.180609729086318,1.0063616688498889,0.14698437111821747,0.0020216527505682097,1.0,0.7,0.9,0.9,61,2.5385360074839016,3.623193060641453
21,30,1.0081723703090668,1.1369656673598574,1.0965425495219931,1.156100023501399,0.9723451740796091,0.095808307469407,0.00196708776048404,1.0,0.7,0.9,0.9,65,3.2315194434361976,3.802440362804677
21,31,1.0229800688064512,1.149698222887616,1.1089672664004944,1.1707934935685946,0.999983221558108,0.11728339040062656,0.00243809547949706,1.0,0.7,0.9,0.9,66,3.128622843743189,3.6996949898093767
21,32,0.18201713298739558,0.30390500735490644,0.25496574124068233,0.3372761941053513,0.145145743632559,0.10503527413331304,0.00242757441535831,0.07521335264790507,0.7,0.9,0.9,67,3.072124997673825,3.646032569483087
21,33,0.18876186926673225,0.31053874691650163,0.2615830610780697,0.34401344187253746,0.15101599654227482,0.09671437038597795,0.00242726355014041,0.08921779619112076,0.7,0.9,0.9,68,3.157778357089973,3.6917192522213935
21,34,1.0110616182928354,1.1419395937725854,1.1093175384345566,1.1831924944965173,0.9732500898692988,0.10042128649035001,0.00246207535734067,1.0,0.7,0.9,0.9,69,3.0619772982716382,3.67277077761062
21,35,1.060213075059872,1.1757550995582673,1.1258795549422045,1.2142323651260143,1.0389204791051512,0.1728969124825448,0.00278815952347992,1.0,0.7,0.9,0.9,72,3.1678427175442216,5.158241788676955
21,36,0.14976309984302694,0.26038775340727344,0.20979138332728164,0.3111810997867543,0.1512902711867064,0.10179004478323994,0.0030127331372992302,0.04509332193105841,0.7,0.9,0.9,73,3.4380136642801946,5.124442772860959
21,37,1.010399657008306,1.1431248569642498,1.1332677998161482,1.2012709165618916,0.9764017588286396,0.1039087442538393,0.00301287419347257,1.0,0.7,0.9,0.9,80,2.9806014441861226,4.328843905608549
21,38,1.067214912827721,1.1773220616472395,1.1341538913225488,1.3029713203344229,1.0397522300416175,0.18569322500548308,0.0038871384928337097,1.0,0.7,0.9,0.9,85,3.091623401801301,4.111492074084236
21,39,0.10796198946193016,0.2188634055457749,0.18331721661609188,0.38541963273250907,0.0778727266232375,0.09758980022532204,0.0033235051394371004,0.00445269400300294,0.7,0.9,0.9,96,3.3603914686909016,4.265436176115035
21,40,0.10812908307300251,0.21029281314287557,0.16597505240500424,0.3836947726477763,0.09184216865529682,0.0986527952791852,0.0034261165893533204,0.00498642947213482,0.7,0.9,0.9,98,3.3799316492916938,3.943457134517127
21,41,1.111602554789877,1.266457006397386,1.3198678320279456,1.6503090898841646,1.081214065737727,0.24088096628073288,0.01352255905932731,1.0,0.7,0.9,0.9,141,2.636305479095654,4.679446061934522
21,42,1.078100409559522,1.2398261339320436,1.3092508327672525,1.669727910007961,1.0498075365840975,0.1934083204375492,0.01392101589447459,1.0,0.7,0.9,0.9,150,2.677859233786208,4.6503219408765695
21,43,1.3986231516237453,1.5615514197348457,1.6386638127195208,2.0144931252909584,1.375540901184222,0.6523972051968207,0.01407374841682885,1.0,0.7,0.9,0.9,154,2.677187350192785,4.573984310713792
21,44,1.3711756120362293,1.537359003964046,1.622453575140192,1.9979385469065223,1.3520468355269089,0.6139965824691258,0.013837985211596172,1.0,0.7,0.9,0.9,155,2.624274837366876,4.429543331836862
21,45,1.373774470087309,1.5397704730299968,1.6248382895942628,2.0050675147026293,1.3462625823163858,0.6180895665686374,0.0135969123164845,1.0,0.7,0.9,0.9,156,2.697558397999454,4.493518406662197
21,46,1.4128715115998896,1.5731013313092221,1.649828620866331,2.0486045410636335,1.3927913435860488,0.6737384202377661,0.014095523257209929,1.0,0.7,0.9,0.9,157,2.714933737574786,4.604588537445069
21,47,1.640881043737001,1.799930059496047,1.87648920232296,2.3037872921385634,1.6140490770244158,1.0,0.01402247421649364,1.0,0.7,0.9,0.9,163,2.7411577709806205,4.43838689917414
21,48,1.2059299092837892,1.401368723330478,1.5432626680763226,2.1001718560981866,1.1778875411430887,0.3831565659082026,0.01062768243328481,1.0,0.7,0.9,0.9,189,2.848161435644564,4.696640372694561
22,0,1.0611880836924052,1.0611880836924052,1.0611880836924052,0.20371921542277094,0.0611880836924052,0.08715676318305536,9.406331604806001e-05,0.00010410275535910999,0.7,0.9,0.9,1,13.135755127030176,30.857157751522813
22,1,0.9323247541251991,1.0082135032963133,1.003714902737601,0.18117964768975514,0.27732998120986485,0.06857252751367929,7.508946508632728e-06,1.741743435047e-05,0.7,0.9,0.9,2,12.040818016900207,29.5843128399992
22,2,0.6679671904267338,0.9087876710774069,0.8896801519353368,0.18015318101203334,0.822555546091629,0.11074602040701682,0.00018290103033948,0.00021156752954074,0.7,0.9,0.9,3,8.473889678160754,21.854475246009628
22,3,0.48083003015723425,0.7969226235843463,0.7716881867393819,0.1614759323746885,0.45245560923153655,0.12306181975253341,0.0009391919509218,0.00108639366575609,0.7,0.9,0.9,5,7.8431831687606435,16.34740496630426
22,4,0.44356615270944516,0.7644013775494879,0.7370213530437346,0.14632390627466155,0.18383354374862707,0.10448907975678186,0.00067680602489557,0.00075705926561471,0.7,0.9,0.9,6,8.004330938637068,14.542008195360449
22,5,0.4010993760753766,0.7277294482150761,0.6958713888861825,0.13817047022214837,0.3056595587547827,0.10772390998721582,0.00102863533112037,0.0011733818729621399,0.7,0.9,0.9,7,6.051532002587634,14.596565502268806
22,6,0.35960122403702727,0.6871900075070329,0.6531627354429705,0.11532936203372421,0.16658762682804615,0.07803638591211219,0.0007245668608175,0.00085290200961863,0.7,0.9,0.9,8,7.680325357879513,13.259174152275037
22,7,0.3190863358450535,0.6454149478249599,0.6071622751308808,0.10314520090756808,0.2670521196237788,0.07068177429331392,0.00111515219742666,0.00131257619898759,0.7,0.9,0.9,9,5.628903815835451,12.570822934110842
22,8,0.2973128155609967,0.6215077849224174,0.5810881595270624,0.0972417181066663,0.15743345758574318,0.06503761120479802,0.0007229349489181099,0.00083801554193246,0.7,0.9,0.9,10,5.609205707695364,11.54137727341566
22,9,0.28135506415115813,0.5998563982812765,0.5557938046753959,0.10162118059842536,0.24318222711380344,0.07876599959434552,0.0012082773107715,0.0014378173657977901,0.7,0.9,0.9,11,5.825347668496504,12.242858701097616
22,10,0.2560005982954153,0.5695128781350677,0.523086584971952,0.09079845873076718,0.16864281939947617,0.06653435434810698,0.00077213102869823,0.0009141187273028701,0.7,0.9,0.9,12,5.758759900219122,11.441994343475244
22,11,0.2523157269041143,0.5616272523126922,0.5135005247880619,0.09670177755921953,0.1418324366300409,0.07575129707236693,0.00104867636021355,0.00142598060372312,0.7,0.9,0.9,13,4.077868749223788,10.64687438109678
22,12,0.23539924351907432,0.5405138805424796,0.4908315689381014,0.0902039320985646,0.12762279031261892,0.06601385788145855,0.0008661943447463001,0.00101822148266198,0.7,0.9,0.9,14,3.7463425814719313,11.222512418642626
22,13,0.23503168008208947,0.5347821465597167,0.4833220375538906,0.10505511259925897,0.1481317769997778,0.07893044439696127,0.0012902669128784501,0.0016598228211055,0.7,0.9,0.9,15,3.810888084261844,9.210446536437075
22,14,0.2335159911164286,0.5323054134652295,0.48054064405627905,0.10962890545493524,0.07364371991933231,0.07946887892076891,0.00120653205396165,0.0015688474673710502,0.7,0.9,0.9,16,4.069888838349693,8.944782973386621
22,15,0.23275469375075702,0.5285350420307312,0.4758416288576756,0.1128450335996351,0.10991157202962795,0.08478094254710675,0.00156760301996134,0.00201803500959065,0.7,0.9,0.9,17,2.96940726592573,9.019950291530076
22,16,0.22924927615775173,0.5227227054425483,0.4693424424629815,0.11674150437963683,0.09784285915838921,0.08538516714921576,0.00148386816104454,0.0019270596558562,0.7,0.9,0.9,18,3.2801303523739787,8.884792026802835
22,17,0.22135557274193882,0.49208502969162077,0.4327364179641364,0.11669267044862779,0.3892456287207323,0.11617008146002283,0.00164937479215304,0.00246062016448708,0.7,0.9,0.9,19,3.5789121313299805,7.436884757010219
22,18,0.20697739952656133,0.4675773482668573,0.4058912812958258,0.11572499946965827,0.14076823758109908,0.11045381402303248,0.0017434381082011101,0.00256472291984619,0.7,0.9,0.9,21,2.8513283446037883,6.984396446657211
22,19,0.19703869781903996,0.45331716352313045,0.3906759615867997,0.11334418095888892,0.12407408346829031,0.10316449632759717,0.0015323930272058,0.00199189457222086,0.7,0.9,0.9,22,2.5653446427568465,7.266091219671635
22,20,0.17309659208270198,0.3895048780274009,0.3188818489001238,0.0944107175781289,0.4890715537204396,0.11147291660428119,0.00173054261753759,0.0029111440239485897,0.7,0.9,0.9,23,2.917390727431633,3.863186479782157
22,21,0.17043231869579556,0.386709874158126,0.32338880901412553,0.10163417880609459,0.10476370861273758,0.11144682053215475,0.0018863758437104,0.00313595420442345,0.7,0.9,0.9,25,2.9629170812218315,3.5185945588881795
22,22,0.16073867615233045,0.37000699180458285,0.3054154520831697,0.10227828508706498,0.1418266498258439,0.10548187145396817,0.00150899070433056,0.00208469253093565,0.7,0.9,0.9,26,2.8625849398939485,3.917737988158854
22,23,0.1640132676990526,0.3765696146123838,0.31991734876300215,0.10876656427778628,0.09308582731897568,0.1107589147830031,0.00149496460118289,0.0024852632322318003,0.7,0.9,0.9,27,2.668574405822052,3.978820783256828
22,24,0.14317531831923452,0.3209186134431896,0.2508865177387371,0.11010139791768456,0.14249125151961928,0.10378759088137639,0.00159475631010868,0.0022690736114568,0.7,0.9,0.9,31,1.9060959446025407,4.088705996566102
22,25,0.13640399296631658,0.30784174682430776,0.24418853018200395,0.11387854624199106,0.12008949842381615,0.10114107321040659,0.00162182560472942,0.0023128845379837898,0.7,0.9,0.9,33,1.819147990212325,3.9656225978157424
22,26,0.13340797539326366,0.3041495742538134,0.24038258465834705,0.11766044928460119,0.07749577449537451,0.09772542972789912,0.00148502368533107,0.0021221196224181097,0.7,0.9,0.9,34,1.81798683374852,3.985205220898177
22,27,0.13306158844683585,0.30280732845088215,0.2463097028605536,0.12087645033608396,0.11972777263439695,0.10071916420513308,0.00145308848894298,0.00211967946798749,0.7,0.9,0.9,35,1.8300269285305213,3.7857947884664185
22,28,0.132677938343991,0.30611557447411614,0.25764605937586715,0.14118237817067888,0.07743019563538303,0.10071916420513308,0.00145308848894298,0.00211967946798749,0.7,0.9,0.9,37,1.8309998576153048,3.873458253247482
22,29,0.13164307697447478,0.2943671806966118,0.2293062285023914,0.15448759292056952,0.07580806603867866,0.1005350546267332,0.00129731630339788,0.00197879230478596,0.7,0.9,0.9,42,1.9328509559202816,3.9454113995129214
22,30,0.12545949677969753,0.2889477829938338,0.23144806127962225,0.15194607104254426,0.09996111591981637,0.09406175980409273,0.00129227376325477,0.00191278775581552,0.7,0.9,0.9,43,1.858652898650387,3.8346034483126425
22,31,0.12482109826534105,0.2778295076570025,0.21122331370448272,0.1580159583857579,0.11802079614906746,0.09646451206651478,0.00121724083104079,0.00204330798033608,0.7,0.9,0.9,44,1.767962328207977,3.4323116813715324
22,32,0.1237635213449503,0.2780180125076097,0.21905835315393463,0.16819388121187706,0.08417004667525257,0.0966922838706483,0.00126674790259424,0.0021031392959910598,0.7,0.9,0.9,46,1.793873925487701,3.357750017733011
22,33,0.11983789487377255,0.27047976259857687,0.21095408725491013,0.1719045512841992,0.09713446046725255,0.09342157908783234,0.0012354609029152299,0.00186667109855394,0.7,0.9,0.9,47,1.7426225510699709,3.440851024000424
22,34,0.12239216642268164,0.27500251564490474,0.22324248706037916,0.18197633012209158,0.08205148903462002,0.09716561915893653,0.0016760549573124402,0.00244417363377558,0.7,0.9,0.9,49,1.826164447750218,3.737301361443818
22,35,0.12144256631312092,0.27238320995555887,0.2203642228710974,0.188461415456059,0.08460406412122404,0.09680826571507728,0.0016269535850785802,0.0024083328774193,0.7,0.9,0.9,50,1.7694984973192418,3.795143512174081
22,36,0.11893878950488736,0.28518551175434254,0.26538475968795205,0.1961555925458468,0.08221550341343833,0.09463879338676584,0.00157514669586636,0.00263043144235425,0.7,0.9,0.9,52,1.719561643948125,3.6397298141932968
22,37,0.11272466465283278,0.27152442288438655,0.2505811189668442,0.21308175566034093,0.08589589355741512,0.08933251555942004,0.00161475605428594,0.00277338552369499,0.7,0.9,0.9,55,1.7960114111484389,3.98931590554846
22,38,0.11464835532336956,0.2622664401045003,0.23214839059727913,0.26722428102336615,0.07432810827176006,0.09662177145420056,0.0014555512952566499,0.00192563063002717,0.7,0.9,0.9,69,2.176959798900614,4.427951900822746
22,39,0.11211265866378972,0.2583410297937561,0.22801194327663804,0.27262064850362494,0.07407963282536245,0.09335652289930768,0.00158381622684163,0.00205056656405186,0.7,0.9,0.9,71,1.9907792484776363,5.409737922072066
22,40,0.11760397724916612,0.26749934866065245,0.24520298848158237,0.2860548433062202,0.08175213132226544,0.10138296611003653,0.0016074366663936398,0.002240023145687,0.7,0.9,0.9,72,2.2088873405886456,4.467322954900829
22,41,0.11322281315939395,0.2641084188548966,0.24944552191253933,0.2859016872135103,0.09841043995461574,0.09683787367521378,0.00163351437152464,0.00218546961637963,0.7,0.9,0.9,73,2.2009809729613705,4.978415704901877
22,42,0.11399569678841122,0.26484856531993645,0.2501808625977798,0.29071646670007,0.07225652292551325,0.09811432292811591,0.0015779501985372702,0.0021188946079357,0.7,0.9,0.9,74,2.172657387452572,4.760147396328813
22,43,0.11187349082884841,0.2558026739388343,0.23261270836867803,0.2965748565816873,0.08839650726211791,0.09599023023182071,0.00169595522887262,0.00213690007121334,0.7,0.9,0.9,75,2.047364463563794,4.808191675524186
22,44,0.10701951487579035,0.23816636582292136,0.20558404811449746,0.30342854144627285,0.13049834376290495,0.09258281808498672,0.00168739463658082,0.00228826710326783,0.7,0.9,0.9,76,2.066104821408387,4.339212810087899
22,45,0.10785836560098576,0.23983931239723544,0.2148746872247213,0.316792922396299,0.08455382393315687,0.09554610846814188,0.0016522115986218298,0.00223729873034333,0.7,0.9,0.9,78,1.908576035561152,3.634083913989989
22,46,0.10329734084439382,0.22916704066190005,0.19580571377742292,0.3074741837525551,0.07195840115164065,0.08899207379580529,0.00175963667915905,0.00266987930940937,0.7,0.9,0.9,80,1.9986715743515973,4.775625363880403
22,47,0.10705709986501498,0.22764030566141144,0.19350312721785934,0.3149321626799669,0.11116729302221955,0.09643281718120897,0.0018237496739914102,0.00275001280259239,0.7,0.9,0.9,81,2.1110133341945625,3.749360481064293
22,48,0.10324023244557887,0.22204082811521783,0.18764307108838515,0.31503696885430416,0.08162048326513295,0.09130674638266084,0.00195263899750605,0.00294877588540107,0.7,0.9,0.9,82,2.011727893984028,4.501397418247318
22,49,0.10372329636310318,0.2168149780684729,0.1815863920960507,0.31914248628088393,0.1127880645562737,0.09483822177430637,0.00179141932153981,0.00272607226354622,0.7,0.9,0.9,83,2.167884482274641,4.106931120205546
22,50,0.1015810222975109,0.2106905807252417,0.17488541678898997,0.33791221499528407,0.08412683385670772,0.0935160185687794,0.00178970420951893,0.00262051752631565,0.7,0.9,0.9,85,2.1119315146428503,4.440170744095337
22,51,0.10118266916160576,0.21399731661874524,0.18623702392538982,0.3547371825489495,0.07257376095048175,0.09338816244138329,0.00176015957455788,0.00258321177029614,0.7,0.9,0.9,87,2.0960540337927607,4.448185614212908
22,52,0.10198526231928043,0.2133258627561984,0.185353033516007,0.3512688151102728,0.08132636980164384,0.09480680809138582,0.00187370836714953,0.00271062629385954,0.7,0.9,0.9,88,2.145785015898418,4.343256224520168
22,53,0.10036321407246725,0.2112242627888072,0.1831815979119358,0.35792187087756056,0.07268704356333781,0.09292344897492796,0.00175922599922789,0.00264082394752891,0.7,0.9,0.9,89,2.050534131324194,4.5884364144234455
22,54,0.09670069629182641,0.20941138773640658,0.18914797440814238,0.3672714330412078,0.07608809519261672,0.08875159462169817,0.00175883485154863,0.0026437314656725603,0.7,0.9,0.9,91,2.030109481891172,4.797644828812784
22,55,0.1042852765233204,0.21735021697280912,0.2046522916094667,0.38815279050639584,0.09033899171888601,0.1001856352799811,0.00183628873539942,0.0033679799060335803,0.7,0.9,0.9,93,2.494920758786352,5.756236302558232
22,56,0.10544662238377973,0.2019196320393919,0.1868674518737242,0.3877113003823307,0.1402053299781061,0.10750832355001116,0.00194203496314755,0.00356942460753081,0.7,0.9,0.9,95,3.0388296638162835,6.425233072483671
22,57,0.09379972443998141,0.1831419075184023,0.15955970590934138,0.3839056718736153,0.08733205267421118,0.09055905249289896,0.00211648524014461,0.004324405869991469,0.7,0.9,0.9,96,2.378537564426631,6.5667474469047225
22,58,0.10275039623778576,0.19244085009247244,0.17643668017782552,0.4009012106904164,0.09435364699415318,0.1065833098624013,0.00180066711826603,0.00325939624670466,0.7,0.9,0.9,98,2.4667755800514826,6.664462748795559
22,59,0.10200896563152154,0.19110704837847592,0.17501942894827954,0.4221722273691638,0.0800185122718431,0.10543857882957881,0.0018673960977307902,0.00342081717331994,0.7,0.9,0.9,101,2.910524081979416,6.563958596551992
22,60,0.10167324720392,0.17469917009872127,0.14130492622315158,0.4191487753645449,0.1286870134774815,0.10705485544727704,0.00186023056900076,0.0035855231974447803,0.7,0.9,0.9,102,2.734025654814761,6.486358673322407
22,61,0.1050302812879486,0.19004645715487184,0.18092356857835246,0.4557445245050689,0.08996202877810333,0.11240746612241473,0.00187955608278375,0.00359081986078156,0.7,0.9,0.9,104,2.722397730428216,6.902835524382331
22,62,0.08836307630604809,0.1477728683179789,0.10495582830357653,0.3934116388929898,0.11941564601950438,0.09050868438053485,0.0020858657541666,0.0036999715517026404,0.7,0.9,0.9,105,2.3465381042677973,7.807240052337461
22,63,0.08837460397853344,0.15230512927324794,0.11765123618824315,0.4075053176981511,0.06886897623496335,0.0905009239045766,0.0021008641004134103,0.00372317950996237,0.7,0.9,0.9,107,2.3609556311066555,7.916743398707054
22,64,0.08834169469620663,0.15632962497751965,0.1297750247932625,0.42147349032109394,0.07058597432228905,0.0905283424706576,0.00212803996203834,0.00377134093608585,0.7,0.9,0.9,109,2.37339141780768,7.937881176969231
22,65,0.08927093324372556,0.1516825402529569,0.11681912785725433,0.4248210677785742,0.07669348807146036,0.09265352479737118,0.0020445674595821898,0.00347370133538581,0.7,0.9,0.9,110,2.362896356339815,7.702599125240257
22,66,0.08886227424477906,0.15497179706368222,0.12815827967089138,0.4469738261210133,0.0711965938098952,0.09232480069334335,0.00204698196476787,0.00349282020351674,0.7,0.9,0.9,114,2.352822878981324,7.6977845470930815
22,67,0.08627701043171357,0.14285445908323852,0.10718860896035078,0.44377339057803256,0.10266453277044406,0.0897707068714614,0.0020997389196540698,0.00374177539147449,0.7,0.9,0.9,115,2.244333392248302,8.269881397632613
22,68,0.08717809648428615,0.13882037815977616,0.10247853167783179,0.44212909447599125,0.1045136474580481,0.09303734995255328,0.00204543627616006,0.00342007257960899,0.7,0.9,0.9,116,2.419670859543679,7.763186056868502
22,69,0.08631434718141913,0.13882357357030004,0.11014625195830728,0.5057148643233563,0.07255592496779927,0.09280407920273316,0.0020483688889416903,0.00350215265965365,0.7,0.9,0.9,126,2.379231779986249,7.380487805961469
22,70,0.10553182440438874,0.16082508570833254,0.1476233238536759,0.5430853688569497,0.1349742203819697,0.10951346220896441,0.00242165624995571,0.01293763260725563,0.7,0.9,0.9,127,2.66571077103497,7.57833020351817
22,71,0.09848110258201068,0.1454487957127497,0.12356809290967764,0.538005638839697,0.09703252609647732,0.10936781827718838,0.00213159399277687,0.006331243851787979,0.7,0.9,0.9,129,2.700639060402723,6.830413735893013
22,72,0.10407494968113772,0.1581125927240591,0.15229196130382552,0.5878552045523432,0.09385891052995832,0.10183182536760169,0.0031424365541983398,0.017863058488519178,0.7,0.9,0.9,133,2.630251613598351,7.86758313713829
22,73,0.10453545087534807,0.15729608977425763,0.15130295670510538,0.5864776320543384,0.09529733447324817,0.10433492995519014,0.00296332625261853,0.01688446462848545,0.7,0.9,0.9,135,2.708472452046281,7.8126141394477235
22,74,0.09952408844951255,0.1676373487373716,0.19392978352409243,0.6270125777932014,0.09694082923592495,0.1123134714566157,0.00217371306308307,0.00655539410744934,0.7,0.9,0.9,137,2.6447045571378114,6.903590292749595
22,75,0.09253343008393818,0.15454196651752478,0.1724576625461875,0.5992193511591799,0.09009755564620438,0.10279835387377809,0.0021741608214777197,0.00650869362054593,0.7,0.9,0.9,138,2.4586043274032057,6.89606973354203
22,76,0.09398560430177215,0.15351708134519723,0.17109965391455736,0.6196748490840732,0.0901875802164013,0.10554672697303677,0.0021745945711510303,0.006507665726111759,0.7,0.9,0.9,140,2.489237750565324,6.8396524881015806
22,77,0.0931964134816248,0.15720896133599777,0.18294966036944793,0.6233772450125439,0.08133525830044958,0.10449612434211035,0.00217983259022838,0.0064675722217671,0.7,0.9,0.9,142,2.5541683042345413,6.836971718037658
22,78,0.1006458470591227,0.17314459906594712,0.21513763920089296,0.6716269261339207,0.09340000459909506,0.11623539250868131,0.0020424716145172597,0.00590125000021147,0.7,0.9,0.9,143,2.655471580873278,7.295963006268769
22,79,0.09356559054261442,0.15355132215456505,0.17875167148172028,0.632179184393591,0.10471695001731562,0.10627803288865476,0.00215574631660748,0.0063551764048798,0.7,0.9,0.9,144,2.5786576223213,6.736653962702435
22,80,0.09479065949930289,0.14909424722495573,0.16597533797944442,0.6603018267751334,0.0871945894554728,0.107589506589825,0.00226920470034973,0.006807078332844769,0.7,0.9,0.9,146,2.8737842760244217,7.604241055237881
22,81,0.09387922741751818,0.144797121056157,0.16122526359145734,0.6679069566372987,0.09473894841027375,0.10711029505506449,0.0022642291658248,0.00686387035673198,0.7,0.9,0.9,148,2.851864424515197,7.637729464963995
22,82,0.09396569345281504,0.14627667663846752,0.17045100832686189,0.6782518900467951,0.09474895034662517,0.1080197368312881,0.00228586665018049,0.006875907610440569,0.7,0.9,0.9,150,2.835682909524866,7.586251953609892
22,83,0.09664313505370979,0.15514236949896976,0.19526372460074046,0.7062757337773178,0.09729901590023876,0.11239581731624708,0.0022422519926845502,0.0070898167126211,0.7,0.9,0.9,152,2.89993741080003,7.730265536858887
22,84,0.09683612328968283,0.1598067664018472,0.2080850729507447,0.7215910864925931,0.08772633719528339,0.11271295079173249,0.00223379176562042,0.007091352215021151,0.7,0.9,0.9,154,2.881096222542772,7.723419618276703
22,85,0.0966855314635491,0.15834890901181714,0.2064533142921078,0.7338241684200862,0.090328247944023,0.11300413007062633,0.00224303290393238,0.00694597971042199,0.7,0.9,0.9,157,2.9322447523338155,7.828173422894652
22,86,0.09610857060002657,0.15715245491246035,0.20517445357491512,0.7717897325452513,0.08743176308351697,0.11128833887663847,0.0022759344388314897,0.007728402885416171,0.7,0.9,0.9,165,2.741291908480603,6.388697232093149
22,87,0.09461725041048367,0.15284329868471344,0.20049104985049773,0.7791737070051565,0.09544307105792096,0.11001335465496147,0.00228495890719581,0.00760304331085992,0.7,0.9,0.9,167,2.836623688878294,6.417320163307831
22,88,0.09382624776967692,0.1490252563015555,0.19627162469640533,0.7934827450596367,0.09587218731216143,0.1099071079063425,0.0022920619591160303,0.00738280536418687,0.7,0.9,0.9,169,2.8856431185839955,6.5336206289706205
23,0,0.8467213166117372,0.9910270824187594,0.9816363900728572,0.19339021671719134,0.07412835848458395,0.10561094170090886,9.289287557707e-05,0.00013010633992044,0.7,0.9,0.9,1,17.22176175447424,29.46462435963484
23,1,0.6008363338230364,0.8823802800594467,0.8660536850295552,0.1835374505792625,0.48042237692786105,0.13340701330516394,0.0006977100152875799,0.0006475586368343701,0.7,0.9,0.9,3,10.869575795077242,14.00824980326703
23,2,0.6006587332996731,0.8824049433104544,0.8660409474729595,0.18702688409317356,0.09685039818940182,0.1338397498863077,0.0007284181683843199,0.0006760594886543599,0.7,0.9,0.9,4,10.834856662450196,13.82375249156052
23,3,0.46560346426014065,0.7822630515058392,0.7569735794763253,0.1472063091186464,0.5282398308117233,0.10325601405796128,0.0007762298974135901,0.0009069520895007401,0.7,0.9,0.9,5,7.863936726879836,16.838739860911666
23,4,1.5646589710030567,1.8785535483550464,1.844185834279088,1.2575371873486794,1.2273995580833432,0.3725269397034937,0.024352286066337138,1.0,0.7,0.9,0.9,6,9.637536126398569,11.68619144704774
23,5,0.37880967276636285,0.7060853831845652,0.6736890318818726,0.12249637187696279,0.37779019188052504,0.08398533405565378,0.0008699532800078199,0.0010392651855276902,0.7,0.9,0.9,7,8.111075256238479,15.387919859457904
23,6,0.3559454976785035,0.6842791050486196,0.6495914355712789,0.11936126024380193,0.17800714420780184,0.08253185017699263,0.00062280317550396,0.00071726558149346,0.7,0.9,0.9,8,8.50386943819053,15.521510921051464
23,7,0.27892477989137654,0.6008586633788837,0.5585910028095025,0.08688035584612372,0.4273486719145318,0.05837106910186325,0.00096356094763453,0.00100994700260437,0.7,0.9,0.9,9,9.891014640997804,13.472331276950552
23,8,0.2762804889243005,0.5972862751112185,0.5543320008943485,0.0920450770644377,0.08156543477251106,0.062471588664238895,0.00071652655809819,0.00084957867752041,0.7,0.9,0.9,10,8.944443403896997,13.376994094132218
23,9,0.2597864982794993,0.5754617430598312,0.5298000549618413,0.08847188797405388,0.1850883383283004,0.06497370737717097,0.00099071315989032,0.00100115554861196,0.7,0.9,0.9,11,9.46848095269425,10.362956965419938
23,10,0.25517945703498124,0.5697912773717602,0.5236667793127681,0.09323606664615326,0.06908149755811553,0.06268825163482458,0.00100039482258041,0.00101898756404448,0.7,0.9,0.9,12,9.45186389851381,10.835005081405042
23,11,0.23903781402491495,0.5447172282705096,0.49509080234766856,0.09046885836766501,0.23074605743099524,0.07079066019480477,0.00112582063894254,0.0011651783995550301,0.7,0.9,0.9,13,6.967066180646564,11.517193896970715
23,12,0.21574975436719387,0.5140796247800478,0.46199349367081843,0.08631370239122368,0.10607661213048358,0.05836490230620524,0.00108849530395073,0.00101012409159284,0.7,0.9,0.9,15,9.29469708481732,6.818664309892174
23,13,0.21590322131616563,0.5126005269581378,0.4669940574292656,0.10663094150027468,0.09226554257098799,0.07055204731177402,0.00123795973665947,0.0012879689889655301,0.7,0.9,0.9,17,5.389946977459303,10.25799344572521
23,14,0.8386578481039451,1.1288012747986524,1.0744517485376561,0.7267657511449321,0.7068804809071819,0.09035207702012968,0.00080993174628648,0.6816893680260816,0.7,0.9,0.9,18,5.171082335356301,9.758222499956702
23,15,0.19272015607581103,0.4758274536225569,0.41952452933661144,0.08676550874753623,0.14286905316619058,0.05632449520878761,0.00136443093336696,0.0012808119309122398,0.7,0.9,0.9,19,8.777218268218572,6.78589676903376
23,16,0.21244897530725199,0.4977986742356112,0.44910474337661377,0.11336699515672495,0.09111425687746928,0.058762827342145066,0.01446371741293398,0.011142778980681691,0.7,0.9,0.9,20,5.906379644333796,9.185113836014786
23,17,0.18680124823694744,0.45598379366570485,0.3962468680625232,0.09174915728217847,0.19960046941010212,0.07101010803769961,0.00143825930234522,0.0015015837253237198,0.7,0.9,0.9,21,6.472824684027861,5.929487134283431
23,18,0.20386455046342497,0.47626276893816727,0.4243963789713779,0.117708529773211,0.08518735283584056,0.06863404143144251,0.01669516860895183,0.00849918173246722,0.7,0.9,0.9,22,4.2690619296097605,7.637590376509568
23,19,0.16484929590065975,0.40885769318404075,0.343596742264383,0.08869352852672173,0.32148508895465694,0.07294661261774227,0.00153156509501878,0.0018548287587465799,0.7,0.9,0.9,23,4.744551097965146,6.812262595656223
23,20,0.15982908588193503,0.4022468995545465,0.34390739367892853,0.09776314577808741,0.08580545410033608,0.07227906615095336,0.00170680864072057,0.00205976457147795,0.7,0.9,0.9,25,4.880873086335151,6.202269920100991
23,21,0.15592996597552342,0.3956706643879777,0.3367795020306389,0.09419402146403734,0.08164776250902722,0.07116568575150793,0.00135516096105506,0.00139474694650071,0.7,0.9,0.9,26,4.6707947530953975,6.334971403808372
23,22,0.15246985738092092,0.39263290254774796,0.3411088967127342,0.10437924396312309,0.09198225981251848,0.07005900071904994,0.00149459434359052,0.0015655310733792,0.7,0.9,0.9,27,4.774768401556536,6.172299969192494
23,23,0.14970186123662724,0.38504817541745295,0.3326110595323009,0.10865012427214686,0.09750853153390769,0.07116568575150796,0.00135516096105506,0.00139474694650071,0.7,0.9,0.9,28,4.973896276380181,6.938372289780205
23,24,0.16508838204031243,0.39071686984463194,0.3291325878826327,0.12244562107858761,0.12076757795354928,0.06346444500342137,0.01802895311689621,0.01168849987771554,0.7,0.9,0.9,29,2.890085868955054,7.02389369672245
23,25,0.1763270588880843,0.40364825409028576,0.3570136209756947,0.14473882197067692,0.1585797726993319,0.07664469341483424,0.027141159690243312,0.0102222639500631,0.7,0.9,0.9,30,4.220612026637393,6.452886291759649
23,26,0.1559453144022907,0.37417454781186127,0.3185447225139176,0.12508994608214177,0.11150465875448691,0.06170912477016257,0.01788667333488697,0.011529939013300499,0.7,0.9,0.9,31,3.075342247722985,6.774126529061622
23,27,0.1427567614444966,0.31869840360406093,0.2632037725319671,0.12320019651540515,0.4905740193619078,0.06718982486623962,0.02717835423909224,0.01026754369869637,0.7,0.9,0.9,32,3.36416993282146,5.801943876594576
23,28,0.1300885765299113,0.2926685901514071,0.22757794043038299,0.11433673920989376,0.14511717740040256,0.06547585392379607,0.014101305492490552,0.014847393310006372,0.7,0.9,0.9,33,3.933234021151533,5.451039239406812
23,29,0.11387931332819949,0.27116708115477334,0.21268480762805245,0.1111360220660444,0.09913773963605634,0.07403366493944154,0.00233231437446162,0.0063540794343292005,0.7,0.9,0.9,35,3.431242885798047,4.897787854573975
23,30,0.10607923332565213,0.2604495021582357,0.20150826411885672,0.12160831631309514,0.06078244123433156,0.06989637811385795,0.00188490466592848,0.00262296798938388,0.7,0.9,0.9,38,3.387824010581137,4.816820079707621
23,31,0.12642123311213138,0.26905663099130384,0.20829052952430732,0.15239144276167949,0.12427326360013888,0.06212669813238889,0.02565824911422333,0.01240012173716685,0.7,0.9,0.9,40,3.6250551953691232,5.292067718951865
23,32,0.12462017427129686,0.2677400734382092,0.21451605120288988,0.17578603722219613,0.09350239341631673,0.06145742789911139,0.02589298485586945,0.01232650708844297,0.7,0.9,0.9,42,3.2733452731346406,5.248798289906318
23,33,0.12535133138649823,0.266274616417888,0.2127145674441172,0.155233526571496,0.09605771198171799,0.06780014413107989,0.02191307250999438,0.01304892961861714,0.7,0.9,0.9,43,2.8722218183919983,4.206006510327685
23,34,0.12310625132794151,0.26816897713205917,0.22271273617648635,0.16009355117985152,0.07863335450689499,0.06661528222421853,0.0221269343731578,0.01144163460620564,0.7,0.9,0.9,45,3.2486024428466966,4.589324971308006
23,35,0.11925076320091851,0.26487262129658107,0.24942230176467678,0.19236175898848212,0.2161495842309989,0.0663942511468796,0.02172517947053623,0.014365501388067201,0.7,0.9,0.9,46,3.2519322248636544,4.259793634616003
23,36,0.11785721377748706,0.2446743863983582,0.19646730042085375,0.18368158179525085,0.07870358289288823,0.0652460514903204,0.02186435453698121,0.01371258205878905,0.7,0.9,0.9,49,3.235444350999632,4.290115416005203
23,37,0.1159106582537756,0.23844073509020539,0.1895966026346321,0.1853671206489298,0.1095653511245951,0.06531041162708205,0.02189559954270531,0.01296899045612172,0.7,0.9,0.9,50,3.295332336578531,4.3765650697101
23,38,0.11667196431793007,0.2412846852815414,0.20024177633579784,0.212558230889854,0.08499808493642325,0.06673243781123256,0.02184958586863505,0.01362481378663773,0.7,0.9,0.9,53,2.944846782535945,4.129036847569146
23,39,0.1186088414883869,0.25671464738846794,0.2401491796572436,0.2064952332630561,0.08176855595027432,0.06665958163367747,0.02408166373984156,0.013701464598859351,0.7,0.9,0.9,55,2.99647271708922,4.218017627015879
23,40,0.11984046179971626,0.24377422694773143,0.20263146031852833,0.21998838364423895,0.08482553645577641,0.06843621616849806,0.02412990056786784,0.01376726579956534,0.7,0.9,0.9,56,3.000176535609074,4.259615736393501
23,41,0.11914493802189599,0.2427552567309833,0.2090614925794893,0.25039971364610675,0.09514404651624246,0.06852221242591974,0.02244275419855116,0.016273775595432742,0.7,0.9,0.9,59,2.969158788119832,4.488413844358864
23,42,0.11504643147486032,0.2418030446841613,0.21607050737584746,0.27046435619639364,0.08454716762047876,0.0678671806924391,0.021701405586953982,0.0134494494682942,0.7,0.9,0.9,61,2.857519040376714,4.318739302673387
23,43,0.12137016150595577,0.23734798610904953,0.19503551419217066,0.24849886017662404,0.0978114267823815,0.07195468097177898,0.0237473750782047,0.01577353234671068,0.7,0.9,0.9,62,3.135923494983051,3.7152946738234967
23,44,0.12137017646191832,0.2511463730010319,0.23335614910221636,0.244606304572902,0.08593724202353195,0.07195467939890418,0.02374737408502573,0.0157735517038849,0.7,0.9,0.9,63,3.135923545945768,3.715294656716099
23,45,0.12291654137420825,0.2537914280019442,0.24366453908856456,0.24968102506487172,0.114478087873526,0.07563650603184965,0.023695632329089868,0.01581256092028259,0.7,0.9,0.9,64,3.443297953914068,4.153187830980654
23,46,0.12455916438410097,0.25028636520780734,0.23190487353876674,0.2475130633706401,0.09240509484600626,0.07164194502003282,0.02433437178348878,0.020287258877896112,0.7,0.9,0.9,66,3.1806357332165804,3.773304925477722
23,47,0.12032439105916007,0.2401189998423616,0.21336918364002375,0.3571395389350672,0.0869143333314243,0.0613922491355489,0.02923317975806079,0.019085087723527662,0.7,0.9,0.9,88,3.863503152780511,6.311164514707487
23,48,0.14859863078397767,0.2641468290723089,0.23678163366758326,0.4137593947941268,0.14713443347444782,0.10001107190616418,0.027536177902730618,0.023492126587469568,0.7,0.9,0.9,89,4.071299574958927,6.680831775685816
23,49,0.1471634333404706,0.2523333207388084,0.21595931927186057,0.394311105028479,0.1588101877313604,0.1002726285303415,0.02928556316246922,0.02173219983581074,0.7,0.9,0.9,90,4.03610042069445,6.317666530917293
23,50,0.14548719448687703,0.2535089981420473,0.22505869307486742,0.427696532769164,0.127515715032683,0.0982575266664735,0.029319997463037012,0.02192324686175428,0.7,0.9,0.9,91,3.9787947979604,6.319102373467921
23,51,0.14780219686105003,0.254073546902502,0.22537026578777655,0.408128198389204,0.13093497340035645,0.10253956914145901,0.02930987686121172,0.02171757761696671,0.7,0.9,0.9,92,3.72512796791718,6.214586689644424
23,52,0.14631327771428654,0.25523243361159137,0.23442543865538612,0.4375608308126101,0.13054286923850966,0.10063114189923421,0.029424694469312,0.02199549145975904,0.7,0.9,0.9,93,3.680550092729829,6.4283888071436985
23,53,0.14661750295090137,0.2529749155806687,0.23180178183919878,0.419974606817189,0.13636731554890502,0.10253956914145901,0.02930987686121172,0.0217175776169461,0.7,0.9,0.9,94,3.8613195009537833,6.605924795025843
23,54,0.14088335467604415,0.23657758818849306,0.21389025781532922,0.44227314605428886,0.12328039450359385,0.10664775785085204,0.024530329942536032,0.01997113253806502,0.7,0.9,0.9,103,3.4098650600115152,6.193817649107512
23,55,0.12337072077670577,0.20800638333468627,0.19129636099107888,0.44110798340775925,0.21295390191983457,0.10038786128249208,0.022771645889322,0.01134268305131575,0.7,0.9,0.9,104,3.866944176075773,6.944731001348235
23,56,0.12337072077670577,0.20800638333468627,0.19129636099107888,0.4579129286063607,0.10097443904844645,0.10038786128249208,0.022771645889322,0.01134268305131575,0.7,0.9,0.9,108,3.866944176075774,6.944731001348235
23,57,0.1347514201971284,0.2220305761942144,0.21322228077259342,0.5487142999490433,0.11373438646701017,0.10508070606901591,0.02760722775670927,0.01600664420537744,0.7,0.9,0.9,123,3.758137534678359,7.096224540927958
23,58,0.1264621538975181,0.22195667754736814,0.22935978745153238,0.5852738793348561,0.10574241118471103,0.10098964057325802,0.025444531679753142,0.01239292251218437,0.7,0.9,0.9,130,3.653907325596364,6.35671030038889
23,59,0.13637681200192706,0.2171049731168444,0.1998503774396552,0.5965309490078654,0.11631775915984521,0.10342137688567124,0.027838100225741708,0.019380957752353357,0.7,0.9,0.9,135,3.497840842048567,5.842881861224539
23,60,0.13523844044836336,0.2154737589917293,0.20568842930917383,0.6060327217469788,0.15060141398417984,0.10351756664488301,0.027901659174857218,0.019249245645170478,0.7,0.9,0.9,136,3.634883397395516,6.111382053031395
23,61,0.13026812770727872,0.21453510748285684,0.2128453970077298,0.6647425947091178,0.11034044931923512,0.10153135206519848,0.02768599429240256,0.015628215650176032,0.7,0.9,0.9,150,4.079231987492642,6.238562672894782
23,62,0.13075488846083647,0.21859230205559554,0.22493441457382884,0.6769054545420236,0.11802013772401687,0.10234369280099265,0.02720348126456438,0.01627450046437561,0.7,0.9,0.9,151,3.973103988853981,6.491789876429976
23,63,0.13078642162606025,0.21689237225932925,0.22299550987723224,0.7325863396477972,0.11229329342882992,0.10285082971399959,0.026646678720778923,0.01689798450857897,0.7,0.9,0.9,162,3.7546111816083343,5.953251092026399
23,64,0.13231904900144315,0.22291252823116844,0.23717433564116647,0.7598863510423307,0.11290054170942845,0.10264488841412285,0.02656849141698025,0.01886672999673087,0.7,0.9,0.9,167,3.789726915795343,6.034243406804116
24,0,0.9094002582827421,1.0109046148452407,1.004683659983677,0.1930602430071362,0.06595563094937647,0.09396468137118605,9.199786247818e-05,0.00010839545923987,0.7,0.9,0.9,1,11.874301005031226,29.46462435963484
24,1,0.6431135006534522,0.9101987201862943,0.8961853500604623,0.1965774405782417,0.5088314716079557,0.14391290826568284,0.00059964746273975,0.0007384935826908799,0.7,0.9,0.9,3,7.882721849194119,15.596066159332915
24,2,0.6224533278364528,0.8943221642681083,0.8795437266597763,0.18880042309054287,0.13184187035753933,0.13153299859692744,0.00035351036929042,0.00049635772877093,0.7,0.9,0.9,4,8.067373394824378,14.104580996678315
24,3,0.5005828857559081,0.8130549542775583,0.7891502879907237,0.16565198424780922,0.5575250123211083,0.12992318486703539,0.00069164532521794,0.0008468890419307601,0.7,0.9,0.9,5,6.001397739301588,14.71018862275533
24,4,0.4716781045582095,0.7870581413680428,0.7621807156396331,0.15306646066507942,0.12545690627356665,0.10561193504731241,0.00054410273414545,0.00058334846723328,0.7,0.9,0.9,6,5.885579053993379,15.23776510175114
24,5,0.40564499706483725,0.7312630755133579,0.7008126080608332,0.13276763834134453,0.3528948190921569,0.09486078668572212,0.00109653966686411,0.00119568244980803,0.7,0.9,0.9,7,5.504899801243582,14.482204117338636
24,6,0.38331947364309016,0.7105106954039268,0.6782823116426293,0.12991173370805467,0.15454168114319825,0.08899468009782865,0.0006276723992192,0.0006507817621912899,0.7,0.9,0.9,8,4.937556305925666,13.5888011972302
24,7,0.34470896969142745,0.6714709330435862,0.6338456861951196,0.12520174546242088,0.3455245590304867,0.10081888809493378,0.00081043978991384,0.00095955117275019,0.7,0.9,0.9,9,5.771814019386902,11.11076611957936
24,8,0.3176021951520702,0.6425178866039265,0.6025905094247597,0.11514005488790374,0.1819790151860004,0.08893867588437537,0.00071489280405492,0.00076004559055131,0.7,0.9,0.9,10,5.338516313118137,11.554289787393904
24,9,0.28632008528521546,0.6031721718049663,0.5582781770182003,0.11022640073051351,0.32031309408582104,0.09488228496734696,0.00089920385990558,0.00107132334603762,0.7,0.9,0.9,11,6.618622621005724,10.521931956578747
24,10,0.25747189200179454,0.5677655329883081,0.519981243197721,0.1006864861927778,0.20650086840084075,0.08121955636274962,0.0008036568740466601,0.00087181776383875,0.7,0.9,0.9,12,6.338014329015894,11.203563400515272
24,11,0.2535567732102424,0.5559647936507333,0.5053739184878521,0.10673115257956424,0.21364507006695121,0.0993119845082738,0.0009499791647576101,0.00113698241399466,0.7,0.9,0.9,13,5.49122591363388,11.133792419934291
24,12,0.25229571475127377,0.5543498519353758,0.5036411940497393,0.11055617587992854,0.07682851579109704,0.09872362172338264,0.0008707992971408399,0.00103771543567311,0.7,0.9,0.9,14,5.56001901819191,10.921312475273751
24,13,0.2237656372315368,0.5189257923604915,0.46602857560718786,0.09627968290027178,0.16687401836295407,0.07507536603803806,0.00117447278655032,0.0012872490388666099,0.7,0.9,0.9,15,6.251273432727338,10.544178703582384
24,14,0.23588054155824748,0.5276808630798362,0.47381456966768026,0.11018061731657855,0.12095340466831195,0.09977132445265192,0.0011467928845754001,0.00136290181339274,0.7,0.9,0.9,16,5.026773631456135,11.13765098966996
24,15,0.2180702445040238,0.49679281891402927,0.4394070020690394,0.10271006737133076,0.2517628292757253,0.09977916774254848,0.00108695118194245,0.00170309864068786,0.7,0.9,0.9,17,5.0479589096715,8.254963823000272
24,16,0.21606166436943344,0.4944952602854607,0.4370362503688577,0.10606012329575447,0.07443435244432108,0.09799098439375228,0.00088423199619072,0.0014627612782345798,0.7,0.9,0.9,18,4.851577946526968,7.475125080402178
24,17,0.17668328922760645,0.4321615202593797,0.3693451635937424,0.08157489476645893,0.32890371170944366,0.07594759056951031,0.00125473718716339,0.00165394255296735,0.7,0.9,0.9,19,5.548202124954503,7.520057959789218
24,18,0.17370132315305706,0.4254317772060988,0.3618072001953881,0.08863782251976152,0.09746023562571983,0.07718384662596228,0.00110517022191983,0.00131159910108901,0.7,0.9,0.9,20,5.27099184209424,7.738624484977451
24,19,0.1636884477881175,0.37941325856690555,0.3086631406871759,0.08529010600759078,0.43639630072444535,0.09966979432575096,0.00172335303682874,0.00213627516083402,0.7,0.9,0.9,21,3.140712324158496,3.588390861515859
24,20,0.15994114234144946,0.367665652226647,0.2954363802273104,0.09136659187907736,0.15116639889780115,0.10214035408068908,0.0015396422417064798,0.00188868795067123,0.7,0.9,0.9,22,3.699962636472119,5.367813317432116
24,21,0.15179324179722156,0.35511839595686323,0.2821116539541874,0.08425477419682624,0.10737280057079711,0.09323025925426057,0.00181244116692614,0.00224911824496148,0.7,0.9,0.9,23,2.3547693530818665,4.695272442640634
24,22,0.14451322925389792,0.3343948610974079,0.2590264037765924,0.08446850689687975,0.18947588852354613,0.09371173041224132,0.0017332612993093699,0.00214985126663992,0.7,0.9,0.9,24,2.336804903593032,4.2944514201211295
24,23,0.12698759929307687,0.30142162359906777,0.22343086577086915,0.06539243210835471,0.1930266278206794,0.08048749740626922,0.00139755878556091,0.00191874650214956,0.7,0.9,0.9,25,2.5517372551689066,4.2467193612207845
24,24,0.1195307760106253,0.285689632541281,0.20632815847857214,0.06457912705692259,0.1257216051307698,0.07626222227015247,0.00117954876807508,0.00142040310035958,0.7,0.9,0.9,26,2.5298943736088733,4.43856053081408
24,25,0.11849427315729737,0.2870104133904447,0.21545746398246687,0.07305453172926245,0.06489920716431577,0.07621923601599141,0.00117227619843061,0.00141224145401696,0.7,0.9,0.9,28,2.50872448679838,4.537080027434271
24,26,0.11895562209189035,0.2874729103194115,0.21591834246716973,0.07994861822412624,0.056458638438648755,0.07667859171872218,0.00125402576707332,0.0015037884591667199,0.7,0.9,0.9,29,2.511473227863365,4.346387315907043
24,27,0.11624534805483808,0.2829497062001567,0.21852832227295674,0.09684776373919818,0.10922210106570626,0.07651033294096418,0.00135510490624713,0.00163249524330145,0.7,0.9,0.9,30,2.485292734710599,4.194565519179175
24,28,0.11280792186380326,0.2698799648379036,0.20391663796148862,0.08070632754760006,0.13536565617675628,0.07758417926308435,0.00129753215351498,0.00149397855752512,0.7,0.9,0.9,31,2.0795607721275866,4.045832298639677
24,29,0.11251441166403102,0.26949440668693414,0.20351591520263806,0.08372793443636989,0.057411676699180625,0.077537105637281,0.00118665323577502,0.00136217042111224,0.7,0.9,0.9,32,2.1333369714766834,4.32140252228707
24,30,0.11171139083704199,0.26295740744050683,0.19607379488234003,0.08625577903012736,0.10405883402152788,0.07914093894688726,0.00135610423866748,0.0015816810363008301,0.7,0.9,0.9,33,2.173567179613219,3.946955768959744
24,31,0.10801082710158644,0.2544452798357344,0.1868076943684264,0.09522419085128231,0.09464035637522669,0.07643009739765201,0.00138129911091461,0.0016201051169732299,0.7,0.9,0.9,34,2.178706610439907,4.249377320455212
24,32,0.1072142238897078,0.2532249190220852,0.18552087434310457,0.0980046936041351,0.058995772799197196,0.07583686727519542,0.00127177146723847,0.00148816137095767,0.7,0.9,0.9,35,2.185538075331476,4.4968193066321565
24,33,0.1065143656590106,0.2505316148497441,0.18251718577559978,0.10086376121279345,0.07145026015108037,0.0759314814898402,0.00126531264440602,0.00148116060234878,0.7,0.9,0.9,36,2.23111310362778,4.390474116140798
24,34,0.10642402215678812,0.25493104700428254,0.19507423656292996,0.10730629966315049,0.05633308210778838,0.07583686727519542,0.00127177146723847,0.00148816137095767,0.7,0.9,0.9,37,2.1862660258717583,4.589501753658452
24,35,0.16879118875640986,0.33031393336151516,0.2948576940584948,0.22012074354434846,0.11926381658521792,0.08706993678200152,0.0039581448165331,0.059688020748485594,0.7,0.9,0.9,43,3.285509714375616,4.901387352520216
24,36,0.16683965985448884,0.33205523664045633,0.3046315494535645,0.2680396268412568,0.11735595680441513,0.08459439538569688,0.0040544932834384,0.05973237698276081,0.7,0.9,0.9,53,3.104441576839115,4.60614462583099
24,37,0.16736469702462986,0.3429325694100507,0.3394988826403704,0.30744364244070543,0.14543891686055682,0.0872632109421521,0.004023732022299839,0.05967535490727436,0.7,0.9,0.9,54,3.196026134760442,4.566297309812186
24,38,0.16608607847684093,0.3319282745695946,0.31953238948555573,0.30663276622122393,0.13907858841927173,0.08805324862179818,0.00402007750637261,0.059697016114283866,0.7,0.9,0.9,56,3.3891527668175185,4.533856963085132
24,39,0.16689000429524065,0.3218571264943652,0.30033041000798816,0.2913924310322955,0.14636144221997524,0.09217156738857755,0.00421625268049746,0.059625886306143905,0.7,0.9,0.9,58,2.301022933724904,3.967943972239619
24,40,0.17107614030204918,0.3221922636045972,0.30756395336291503,0.2952494686198877,0.1615055840727348,0.0868192828976157,0.00460511502973647,0.07120371799721115,0.7,0.9,0.9,60,2.5228752829404004,3.7480317360761872
24,41,0.173264639216953,0.32296724289799,0.30812686264936795,0.30950780367035036,0.13707085734251406,0.08968107054515621,0.00424617723285885,0.07228372245581895,0.7,0.9,0.9,62,2.8322781402769808,4.108832812024947
24,42,0.16901256425717992,0.30892218310183595,0.2851322060663828,0.31282626084546183,0.16857736396107162,0.0851946261603137,0.00463121512794653,0.07251831747964019,0.7,0.9,0.9,63,2.314790921075057,3.951880928697809
24,43,0.16826026269770594,0.3015274701548691,0.27675273575979437,0.3198993214570212,0.15549184614128891,0.08716069925779582,0.004594187362924921,0.07249340617928614,0.7,0.9,0.9,65,2.285144298927214,3.834185435468095
24,44,0.1635417971081522,0.3057111725666556,0.2972394496216858,0.32338181464170435,0.12703550139411035,0.08693865966794108,0.00434337956262502,0.06778823887995657,0.7,0.9,0.9,67,2.324301722418056,3.6182910405774393
24,45,0.165738060462706,0.2963616511397056,0.27869571839304713,0.317070389592509,0.1559612033328222,0.08612055872434601,0.004977143990538,0.07254382625839907,0.7,0.9,0.9,69,2.3706687097265564,3.971678428412869
24,46,0.16418341442989193,0.29015893362317335,0.2718141994999338,0.33143466428323726,0.14715091361809335,0.085834346067541,0.00497929839618851,0.07254677346060108,0.7,0.9,0.9,71,2.357792380528532,3.9741071571109385
24,47,0.16407875016197176,0.28943737573371886,0.2710028512814843,0.33522841706141565,0.13448464582946246,0.08594189956373446,0.0049776782959908795,0.07254527741532671,0.7,0.9,0.9,72,2.341704788424441,4.059210420325539
24,48,0.1631318921048007,0.2813558991974523,0.2543786336947858,0.33834663666058773,0.14852424641606815,0.0856109735994041,0.0049837032898444895,0.07255279268784988,0.7,0.9,0.9,73,2.385220743452774,4.060512836321537
24,49,0.16189735138740735,0.2831681838536057,0.2716489857512496,0.35297674278823715,0.17556196027490925,0.08519142616463037,0.0057822186487326305,0.07262571919229628,0.7,0.9,0.9,74,2.436226633240885,4.035710963843849
24,50,0.15618008678400375,0.2740229039769972,0.2620100819957203,0.35537674561076904,0.1505796818461444,0.08458618607381875,0.00558135017725031,0.06798876936372324,0.7,0.9,0.9,75,2.4147085992435025,4.0102928831398685
24,51,0.15910073502748168,0.27365706247669797,0.2611727429817548,0.3664146366664652,0.1412458937470888,0.08915753000497526,0.00589765138538414,0.06834687643571001,0.7,0.9,0.9,77,2.4212328934484924,3.801304863955126
24,52,0.1605343976182283,0.27218040336275323,0.26679834322919854,0.37970425499824795,0.15085036864725077,0.08974740387380374,0.00461178439616913,0.07296102952186709,0.7,0.9,0.9,80,2.393104286720828,3.8410581518151385
24,53,0.17074324614003983,0.28657755934228457,0.2893111911879844,0.42812166636536847,0.14332542519669778,0.09344623031326685,0.00489733598986982,0.08125950278641456,0.7,0.9,0.9,88,2.230275650676494,3.887293591171054
24,54,0.17043372943321228,0.28450405605319184,0.28698714364026323,0.4318931861936791,0.15586709905392668,0.09366351895551772,0.00490005605197692,0.08124712528651881,0.7,0.9,0.9,89,2.380154782881258,3.732572118302686
24,55,0.160929603168929,0.2764703174405812,0.2866840257978864,0.46123179787095436,0.1456868665587611,0.0957316771566892,0.00441417626227239,0.07044687844180629,0.7,0.9,0.9,91,2.061891486099777,3.811284275781968
24,56,0.15913877420002567,0.27127675304819177,0.28100982466682267,0.46778320501922155,0.1456973684778346,0.09436482647518815,0.00442633039437694,0.07045334702029873,0.7,0.9,0.9,93,2.068018968743532,3.757707833748432
24,57,0.15852674173795278,0.2691678870915351,0.27869012812418714,0.47136175206410674,0.143964049346598,0.0937520479636664,0.00433363301170662,0.07075397178697368,0.7,0.9,0.9,94,2.1616200251038804,3.944121844159139
24,58,0.157345860041619,0.27617206139831774,0.301899543665216,0.5141374379764782,0.13372825165366442,0.09437913750593405,0.00436203481561578,0.06920256467853388,0.7,0.9,0.9,99,2.091224390480779,3.822809374503805
24,59,0.1594719371193622,0.2658813032702092,0.27480857807109454,0.49357293928971924,0.14670641371489837,0.09562105092120332,0.006790186053250789,0.06904112602930074,0.7,0.9,0.9,101,2.5772815647949874,4.229101636886704
24,60,0.15656916108147514,0.27190538041898166,0.29714259953660066,0.522240821682852,0.1328318671476776,0.09238742311097126,0.00612113623307795,0.06907286339923108,0.7,0.9,0.9,105,2.4194087781104283,4.234319416417787
24,61,0.15531307451527365,0.2627455942477399,0.2793460005440637,0.5117725637573451,0.15547543567445252,0.09242448108250312,0.00594251856837269,0.06870654825886634,0.7,0.9,0.9,106,2.6000092361751186,4.13142801628272
24,62,0.15407647744267705,0.2495432511274174,0.2644782292332463,0.5361534117120892,0.1617340292020566,0.0947591351895623,0.00591432316581194,0.06862484179400687,0.7,0.9,0.9,109,2.568806230553868,4.059478151921511
24,63,0.15475114065955017,0.2548071830648646,0.2779147842291859,0.5730679735745625,0.13410967328896561,0.09569699445435877,0.00591459876501833,0.06864652608099392,0.7,0.9,0.9,112,2.560533509689127,4.103295160970223
24,64,0.15436455741993402,0.25728914824873494,0.2883315312967798,0.5909216735063338,0.14624694430028168,0.0956284108812276,0.00596627163819686,0.06864840056269447,0.7,0.9,0.9,113,2.526497686866759,3.989445398270691
24,65,0.14870099765422784,0.2476527009868501,0.27814665947482,0.5747728175849751,0.14328970249847164,0.08848998180513643,0.00518393402460298,0.06966848219513093,0.7,0.9,0.9,115,2.355638206923776,3.446257563163824
24,66,0.14895747659421604,0.24601876034857542,0.28379466950165844,0.5652846139021782,0.15371499136836503,0.0905752270573236,0.00521429665599925,0.06986334483431009,0.7,0.9,0.9,117,2.404273510379228,3.67877413371392
24,67,0.40781652222106135,0.5360377271747256,0.6308898727910377,0.8890054647838044,0.3907808172466548,0.09857156065642808,0.00630155326414686,0.3504243308701425,0.7,0.9,0.9,127,2.6979050564578024,4.10578166460024
24,68,0.1520915619883059,0.24544336473964387,0.28271118976047077,0.6270461138700161,0.14109676945688995,0.09599903846249834,0.00616993867254396,0.06904440582963849,0.7,0.9,0.9,130,2.855947327016912,3.60834477842226
24,69,0.15071045412795747,0.24865327449858401,0.2940941428595158,0.6734943347404604,0.13357517146348244,0.09379303542900565,0.006342914211815311,0.06905473196013628,0.7,0.9,0.9,131,2.6712919154454267,3.714527188416095
24,70,0.15191420628267388,0.24436740943632135,0.2815123610869392,0.6357698272186578,0.14110220852683242,0.09601532872055027,0.0061687296203317,0.06904527353038194,0.7,0.9,0.9,132,2.8359998083803184,3.626007476502099
24,71,0.17149682672318955,0.26330683582936687,0.30036390129072155,0.6552682969487148,0.1590992879349611,0.11187141375855802,0.00617442842522901,0.07861489144772535,0.7,0.9,0.9,133,2.5175250974813945,3.966838418928328
24,72,0.1708997610964423,0.2624050353179762,0.2994204705662922,0.6636490071813582,0.15620875259823097,0.11108193972330871,0.00618395106731111,0.07862664349262635,0.7,0.9,0.9,134,2.5532464549471667,3.9461763497319193
24,73,0.1492141922682917,0.24633324426040143,0.2992080041666744,0.7082534088060437,0.14560331901879248,0.0897213958210627,0.00818720378577328,0.06996606266020886,0.7,0.9,0.9,136,2.7473745865562265,3.3746920128643705
24,74,0.1491576428706025,0.24625940159090615,0.30668055518399084,0.7129835647435098,0.1500246811325418,0.09145045838948286,0.008116921415053099,0.06967132705530617,0.7,0.9,0.9,138,2.7568273553636304,3.2880550680487426
24,75,0.15053575928140123,0.23759552815814944,0.2815540046996793,0.6839239321558555,0.13848853377735504,0.09631376535678726,0.00615175744007608,0.06957335063724929,0.7,0.9,0.9,140,2.7366657792218105,3.5464333495571765
24,76,0.17005923665902895,0.25136500143903523,0.2869929473013663,0.712383691487892,0.16330659679366022,0.11212332050894609,0.006557568765569589,0.07882054773864397,0.7,0.9,0.9,141,2.6779992842905163,3.593795663075944
24,77,0.1687573367678465,0.2419385854742052,0.27646828012980407,0.6995914112475055,0.18360782871898906,0.11261806485117812,0.00642884249878691,0.07888859047866958,0.7,0.9,0.9,143,2.7318619223449763,3.617072608090005
24,78,0.16850175327625352,0.2460137970350557,0.28868137940604255,0.7142048494349444,0.15633765831549834,0.11231929792348952,0.006431418367948501,0.0788919512052472,0.7,0.9,0.9,145,2.717308777410659,3.630087577441031
24,79,0.1680441694336869,0.2425027496433339,0.2847591998029351,0.783214378674387,0.1581605725432929,0.11168953800764606,0.00667539631921296,0.0792785685323953,0.7,0.9,0.9,153,2.864027706401693,3.5416365855401115
24,80,0.1646052484121503,0.23777875662581732,0.28741954518453217,0.8095112988408192,0.16125941450050058,0.10827606421251106,0.00667388673004064,0.07934189145881695,0.7,0.9,0.9,158,2.595771313230652,4.110211535860159
24,81,0.1660152017758677,0.2427896777229509,0.30047080341703813,0.8307263930951743,0.15707440806313983,0.10870762713026412,0.006782887307142429,0.08066923651755131,0.7,0.9,0.9,161,2.58893609098806,4.08446018971114
24,82,0.16526155081569938,0.2381369465675871,0.29529670618775433,0.8387753118428467,0.1680507670469809,0.11065326134815316,0.00668187751218717,0.079213533913447,0.7,0.9,0.9,163,2.582461601272116,4.125286894422698
24,83,1.0587535085252615,1.1335795977287748,1.1985600293754157,1.783465591148596,1.0507358179216517,0.11063355484777844,1.0,0.0792116957773272,0.7,0.9,0.9,172,2.630392307304852,4.107656605931741
24,84,1.0574969652202468,1.127566548929722,1.1843518917816347,1.7897235000501817,1.0485731732870922,0.10885499161584682,1.0,0.07923023298319068,0.7,0.9,0.9,173,2.637760448223994,4.097366265388194
24,85,1.0579812523742949,1.1333641823239544,1.2059803620094236,1.8072389407838865,1.0618687781590608,0.11056271425717197,1.0,0.07920976118532304,0.7,0.9,0.9,175,2.659791410033032,4.179306505556975
24,86,1.048510093922151,1.1279811226491727,1.2087032680025869,1.810005907207303,1.0410341454783862,0.19055953856007962,0.00656684751895671,1.0,0.7,0.9,0.9,177,2.741472518189516,4.234064501805214
24,87,1.9417327267779658,2.027808124838208,2.1245338497834556,2.771420285753522,1.934736936271225,0.1899713907771832,1.0,1.0,0.7,0.9,0.9,187,2.768840910039524,4.339455492928042
24,88,1.940703541654837,2.026626442997164,2.1233319820414094,2.7848260136755045,1.932493333561037,0.18853913791562044,1.0,1.0,0.7,0.9,0.9,189,2.815047658330258,4.329013420771197
24,89,1.9424606688620378,2.0267439083574352,2.1232317723265726,2.779895902383755,1.9451057461665093,0.19145668207428143,1.0,1.0,0.7,0.9,0.9,190,2.9658588586218286,4.251872522131749
24,90,1.941375464591348,2.023439549655964,2.1196334679442193,2.784897000292943,1.9483072154379326,0.1904535174249996,1.0,1.0,0.7,0.9,0.9,191,2.8798277313915914,4.180872876172567
24,91,1.940833521459926,2.0193032400649606,2.115021789795169,2.793427362603982,1.9455060141653706,0.1905550030127912,1.0,1.0,0.7,0.9,0.9,193,2.8246157580599927,4.239126927063996
25,0,0.9964810007213297,1.0411727913586726,1.0386239630289549,0.1999407868281684,0.06372835070406402,0.09080667014205296,8.651043417612e-05,9.535801540937e-05,0.7,0.9,0.9,1,17.491147031353158,29.989688128597244
25,1,0.8765441171082204,0.9867300066818013,0.9798937527006667,0.17459039223701692,0.2657854781047355,0.0674346408947422,7.602109699423106e-06,1.70722336888e-05,0.7,0.9,0.9,2,16.190673546267874,29.5843128399992
25,2,0.6560006270331615,0.9444634346233568,0.9266833996549194,0.254829272893764,1.1439840790890996,0.2399600858509689,0.00065959890858188,0.0010836090907693102,0.7,0.9,0.9,3,11.601867864528828,15.22675929275664
25,3,0.6290164735994879,0.9194105124651581,0.901236342195174,0.23551280630434543,0.1680656667206979,0.20998071713008631,0.00035325657771688,0.00074580423962248,0.7,0.9,0.9,4,11.728364271351367,14.118754074058243
25,4,0.5212045016042984,0.840099302797018,0.8136689345129505,0.2087801427910926,0.5625776214233426,0.20014512614947438,0.0006930005390442,0.00111271081146919,0.7,0.9,0.9,5,8.184736820051063,14.726808637926435
25,5,0.5034256239711529,0.8225692009796036,0.796023428913998,0.1954714828308329,0.13110142208100575,0.17754235698076948,0.00035762416482469,0.00068489518237236,0.7,0.9,0.9,6,8.227303776499507,14.364547581722908
25,6,0.4284530500113412,0.7560701411390494,0.721850395399307,0.18154480381755655,0.5177982818066308,0.17832870667131434,0.00077802710677057,0.00121973991893107,0.7,0.9,0.9,7,7.787915934993984,13.278033113637486
25,7,0.3584999106330283,0.6830901720103942,0.6430153269657796,0.15242042592023422,0.2546902221951799,0.14782583623491918,0.0008707538056975699,0.0013334960977971501,0.7,0.9,0.9,9,7.037112359922021,15.073118922121608
25,8,0.29895721872807607,0.6167070990259745,0.5722590172076227,0.12092109292010624,0.18924073935302618,0.10800819019522805,0.00096297503845869,0.0014521863157076801,0.7,0.9,0.9,11,4.930541310973925,12.203213880231626
25,9,0.25715450691105884,0.5692394653121331,0.5284907849096162,0.10952238770661293,0.18061165219463626,0.0899331094984677,0.00108891787529505,0.00153231133548765,0.7,0.9,0.9,13,8.916017981320776,7.007090440575482
25,10,0.24717485644886553,0.558755776817007,0.5178731375603255,0.09987950737132635,0.061709491542896955,0.07804037100970221,0.000728565463925,0.0008112695982259201,0.7,0.9,0.9,14,9.353242114839787,7.012168585209482
25,11,0.21809055396936644,0.5092460464961894,0.46203052988899973,0.0968925031022736,0.3860882731725169,0.08575024910621286,0.00116698958495207,0.0016341817666455799,0.7,0.9,0.9,15,6.669999161179997,5.071431871557321
25,12,0.2079481333897297,0.49726074131018677,0.4496052570346391,0.09266900749188535,0.0748108267876232,0.07560016164491133,0.0005552970525491299,0.00114800487603745,0.7,0.9,0.9,16,6.806227352820187,5.603366054509056
25,13,0.22009407437142198,0.47788295673992714,0.4227467453469877,0.1221116326547225,0.48257252664908473,0.14012059016345876,0.00122587377398068,0.00232003715191837,0.7,0.9,0.9,17,5.428697190001434,4.689546920842605
25,14,0.19409232349181718,0.43688352561832056,0.37863490417803014,0.10935968747655406,0.167136684927127,0.1206284071152374,0.00131860047290767,0.00243379333078444,0.7,0.9,0.9,19,4.099561418132256,5.871546381101801
25,15,0.152465146071619,0.3880252580989147,0.328345193449524,0.07830151051573268,0.08812265850406757,0.07126906189805093,0.00064308430660349,0.00128836681007009,0.7,0.9,0.9,21,4.246027293711912,5.258220133704292
25,16,0.13241394258450095,0.32718270342298866,0.26003843129766513,0.06829741683500044,0.4372961087768288,0.0778456091809608,0.00080412756009121,0.0018024504128144301,0.7,0.9,0.9,22,3.896424174486112,5.996810925465169
25,17,0.13267774943061822,0.331878585010034,0.2728795446754824,0.08678968469766253,0.05792807154431956,0.07846106811986606,0.00078517580559933,0.00173432177311524,0.7,0.9,0.9,24,3.934633230457449,6.143206038290339
25,18,0.1287181171787093,0.3237115649320118,0.2639891533876243,0.08672250432746392,0.09230327478529898,0.07616368696613317,0.00071872523169291,0.0016266640142988801,0.7,0.9,0.9,25,4.081203255763904,6.674725835610611
25,19,0.12650300952648066,0.31217034090060025,0.2582754483936856,0.09142956838807223,0.1796551729576407,0.08272086454425828,0.00072378579580536,0.00165900912836973,0.7,0.9,0.9,26,4.43993136268495,5.346766202124327
25,20,0.11855638529959588,0.27680984165921213,0.21103495557628943,0.09629211868660788,0.09356853178416433,0.083721325733852,0.00171183075483456,0.00215339827861293,0.7,0.9,0.9,32,2.9247722447942315,5.342537382698092
25,21,0.11189121257481363,0.2514958371279884,0.19026392415921733,0.09951087596221969,0.15684485401639503,0.0870533570100239,0.00165492745626698,0.00208358988594041,0.7,0.9,0.9,34,3.165505898537941,4.671138917244251
25,22,0.11168840774306074,0.2549928715695997,0.20179713485728476,0.12015893597061533,0.06617821949843047,0.08729712013993902,0.00161537884945681,0.00206501777310437,0.7,0.9,0.9,38,3.1335360878012817,4.807632114804237
25,23,0.1091802300421925,0.2507709507473267,0.19731294021935822,0.11760661010084761,0.0758892578544814,0.08482114685594352,0.00152460072999789,0.00196956768009962,0.7,0.9,0.9,39,3.0159534483015946,4.741614360676852
25,24,0.10956750221904923,0.24976978988478205,0.19609978201546108,0.12510644468213583,0.07420391551068851,0.08590225753739814,0.0016148050888987998,0.00201105411260766,0.7,0.9,0.9,40,3.0833304579521346,4.508661391342543
25,25,0.11137821782880211,0.2599266768454012,0.2224747899995457,0.17789423409165736,0.06660803596401135,0.0899232918436094,0.00117529438332807,0.00166599251640097,0.7,0.9,0.9,46,3.084958963580468,4.292669405418834
25,26,0.11174984451057919,0.2507538998049831,0.20437699414435545,0.16320797020041394,0.10585841796181908,0.09275772023867472,0.00123223463814327,0.0017074398017864,0.7,0.9,0.9,47,3.3895843806929795,4.757419529283439
25,27,0.11090426580962155,0.25348635984987405,0.21512884080414144,0.17336122231006432,0.07102170155424228,0.0920873498295846,0.00121942556335755,0.00168704022327582,0.7,0.9,0.9,49,3.283058072005934,4.884453196253801
25,28,0.11062603262428035,0.25760365261337737,0.2273894876425353,0.18419588766540396,0.06764600495537998,0.09177711410558648,0.0012263292938294,0.00168809980327143,0.7,0.9,0.9,51,3.304767572387345,4.835673020457591
25,29,0.11057852073698878,0.262014600522925,0.23995314850437083,0.2106927361018434,0.06740956691289848,0.09177711410558645,0.0012263292938294,0.00168809980327143,0.7,0.9,0.9,53,3.304649613153428,4.733307489406402
25,30,0.11188871829165654,0.25743632141764206,0.2270058182264631,0.20791996463366808,0.07194805153364618,0.09294094923629212,0.0018357898968942299,0.00211434150830606,0.7,0.9,0.9,56,3.520916043604836,4.813817659006723
25,31,0.10996518645648806,0.26888437742812,0.2629121121666954,0.22554855436369073,0.07004559959036932,0.09047602635103252,0.0017921902129619,0.00209325365430663,0.7,0.9,0.9,57,3.359002018452004,4.9192838283656455
25,32,0.12105741218893681,0.2619806468836793,0.238341585148641,0.2368827982660756,0.10320224244846397,0.10820250150576524,0.0019760468203712097,0.00363794848814735,0.7,0.9,0.9,60,3.445949368750438,4.162044841166531
25,33,0.1189238659727534,0.25511073838302867,0.23076762680243018,0.2388576159900236,0.09810183549404407,0.10722798946311285,0.00203693223345473,0.00362377235093223,0.7,0.9,0.9,62,3.5727820997601105,4.358278254239455
25,34,0.11731773410077564,0.24281951188381637,0.21690310257497394,0.2445518351149122,0.12186731159082378,0.11008289348832687,0.00193417007223677,0.0033186840098157,0.7,0.9,0.9,64,4.106327679454603,3.3544469348860138
25,35,0.10621372324779606,0.21426530603618527,0.18581923203006842,0.23201821489832916,0.14009994406133228,0.10132795327173978,0.0017964998720211602,0.0034130470844328602,0.7,0.9,0.9,66,3.637493669008317,3.074261733637943
25,36,0.10548513892319647,0.21605624347347074,0.19548573548627046,0.23895848701479033,0.08304914692062708,0.10108757731790766,0.00179590141865169,0.0034138748142636803,0.7,0.9,0.9,68,3.633884822995252,3.0489975578527364
25,37,0.10525834825545594,0.21990473005385058,0.20743328293089708,0.27517663864274644,0.07727838309976845,0.10096367145285567,0.00179575117481512,0.00341453465875528,0.7,0.9,0.9,70,3.634355444848216,3.0380089720452528
25,38,0.09994299944897043,0.19335256662505526,0.1628185123124558,0.24840938967981094,0.16057870776595853,0.09798129264177292,0.00180752586027563,0.00329820576388333,0.7,0.9,0.9,71,3.9135538297214265,2.837234100273542
25,39,0.09760765425067879,0.19307945898155013,0.17036068300150956,0.27450028863158993,0.08062648329756107,0.09515786524743526,0.00182098608111165,0.00359476226616639,0.7,0.9,0.9,73,3.743421982331328,3.056321204780607
25,40,0.09903435204165625,0.1869318865947597,0.16314686816075624,0.2792409213427677,0.10194851081883899,0.10002388144193171,0.0018368858348600601,0.0034476682343375503,0.7,0.9,0.9,75,4.035325457938949,3.2810047176381394
25,41,0.0968610641513798,0.18422380334215016,0.16036348703448616,0.29694354650667465,0.07351160939909385,0.0971317705126129,0.0018109637499758898,0.00345452816520311,0.7,0.9,0.9,80,3.855490681616271,3.0764053198506867
25,42,0.09634414846423534,0.18613921448530646,0.17014969639690708,0.3213383131959123,0.0804297950053462,0.09713177051261293,0.0018109637499758898,0.00345452816520311,0.7,0.9,0.9,82,3.8410848280871934,3.061971914342916
25,43,0.09633783407747117,0.1953054249285344,0.19566029418199635,0.343497907445873,0.07277841117391655,0.09713177164377071,0.00181096380989734,0.0034545283513210496,0.7,0.9,0.9,86,3.840666525771594,3.061551821922377
25,44,0.0953830224779563,0.1962272475422971,0.20437563207445425,0.34224422670696253,0.08212274423017946,0.096682055672457,0.0018105032282921998,0.0034610873542759804,0.7,0.9,0.9,88,3.849723167655156,3.074063786541857
25,45,0.11114453519600694,0.20271334129380575,0.19450268914129473,0.38350358898002673,0.08839918998813343,0.11738447999221399,0.00217717228826877,0.0045269963103002405,0.7,0.9,0.9,91,3.5701444634085595,3.195351851831743
25,46,0.11048118325611014,0.19628062228490614,0.17973283771250537,0.3688285894101089,0.09195334265839099,0.11622037067441611,0.00220979285545121,0.004966576514531839,0.7,0.9,0.9,93,3.924856071418081,3.2186810333526763
25,47,0.10944404059919816,0.19925500345117392,0.19079925935979808,0.37602815480609036,0.089005603437917,0.11565535617872472,0.00215238185883804,0.00446411812588001,0.7,0.9,0.9,95,3.726496175302706,3.257995925569348
25,48,0.10859875553071721,0.19764108561026167,0.189077993601054,0.38010918718063624,0.09176875257759574,0.1141741461141245,0.0022780450439092,0.00475264869133617,0.7,0.9,0.9,96,3.725706371632649,2.9729601248776585
25,49,0.10864480884688439,0.19571495814893497,0.18687753660799233,0.3832196486923845,0.10068444858480481,0.11545538635775403,0.00214859478107193,0.00444261501238197,0.7,0.9,0.9,97,3.7352363080168174,3.172305031875376
25,50,0.10847681205600743,0.19353461818034226,0.18441729422494887,0.40053928045603304,0.09182420718600287,0.11551470711307421,0.00223036780211614,0.0046444914876522195,0.7,0.9,0.9,100,3.5567953647573662,3.0293889520320008
25,51,0.08149603755431348,0.18383092625624886,0.2147917185145522,0.4497774215193871,0.07479569728829913,0.08162565913926467,0.00206628461496867,0.00262096209429133,0.7,0.9,0.9,103,3.576246954371637,16.679601992662658
25,52,0.08096500643297198,0.18177129801281172,0.21252112756588654,0.4627044209001205,0.0647538752120194,0.08134297915625285,0.00208089067383763,0.00261380829297505,0.7,0.9,0.9,106,3.615635011756668,16.554088672387454
25,53,0.08088059832841954,0.18480278571648237,0.2235220821155792,0.4759437052653199,0.07183415075103872,0.08159286654417579,0.0021336748658805998,0.00263660110533354,0.7,0.9,0.9,107,4.267729594955338,34.90430116171913
25,54,0.07968844588272107,0.17491158756839917,0.2048923795217027,0.4742460711274625,0.08987684831290904,0.08130129768524043,0.0020769813390359,0.00258895870179545,0.7,0.9,0.9,108,3.575979018147061,16.52224029735688
25,55,0.07671618253982979,0.17181366079323662,0.2093202509792213,0.4749194536200266,0.07016784812282154,0.07691038029816952,0.00203800775261762,0.00386422803222308,0.7,0.9,0.9,111,3.80028004226656,15.334378500692658
25,56,0.07521764649597622,0.16389398201725602,0.20807196924710633,0.5042400589254625,0.07907499577028099,0.0779635229270315,0.00208341994673071,0.00386585896119098,0.7,0.9,0.9,115,4.0321174346823145,15.272581799950512
25,57,0.0752594262468622,0.16825901705314883,0.22057359064032314,0.5182274687651269,0.060985383971621135,0.07801866771298038,0.00211063215935965,0.0039042894685463203,0.7,0.9,0.9,117,3.814901495939783,15.650762716389435
25,58,0.07624424054161034,0.14579497941092237,0.15717785887400107,0.41926687735877854,0.0626614615582214,0.07870125274961719,0.00207147536996886,0.00460767540926324,0.7,0.9,0.9,119,4.02210242389574,16.69172370996507
25,59,1.6143535821340904,1.7059408056579333,1.7807230181768117,2.1389101936148887,1.652893884320663,1.0,0.0023236676491266003,1.0,0.7,0.9,0.9,121,3.8059458693596944,21.673013973698296
25,60,1.6143773901087188,1.7057092566369987,1.7804572094420719,2.1772055668346058,1.6024131179629926,1.0,0.00240373314353047,1.0,0.7,0.9,0.9,128,3.838041878206473,21.63018771194346
25,61,1.6143380962543366,1.705463228780551,1.7801833378342928,2.1866622805870257,1.6026349980545167,1.0,0.00240345538876151,1.0,0.7,0.9,0.9,131,3.836782067099396,21.63187978110385
25,62,1.6144372820496433,1.7100116204207696,1.7928857066159831,2.215522762385027,1.6028051518206858,1.0,0.00254517544210606,1.0,0.7,0.9,0.9,133,3.876540803562485,21.76664055906116
25,63,1.6141492175066654,1.7047012753209212,1.779344347510333,2.2104125548664117,1.6049767454397061,1.0,0.00231363791372267,1.0,0.7,0.9,0.9,134,3.852067636574252,21.775582657420987
25,64,1.6140852707140478,1.708819987221633,1.7915812987752875,2.200536349219235,1.6049489479520769,1.0,0.00232970454873365,1.0,0.7,0.9,0.9,135,3.877021849674382,21.707687031743266
25,65,1.6139550563039122,1.7080259459810356,1.790698021278731,2.210033274921036,1.606632060073117,1.0,0.00232346565267289,1.0,0.7,0.9,0.9,136,3.779810541796716,21.633010882555112
25,66,0.07505578572471869,0.14128941150492727,0.19756390153157954,0.6490668714109316,0.09762094884725803,0.07746062766422014,0.00889959555108778,0.00390769232041584,0.7,0.9,0.9,139,3.966068292184333,14.466521592665918
25,67,0.07575653308728697,0.14475905008719248,0.20896428828756622,0.6735746191403937,0.07297457690143533,0.07750896272937806,0.00889115137071461,0.00501561998648786,0.7,0.9,0.9,141,4.128430518803299,19.12780414828792
25,68,0.07380519930081651,0.13749297446318948,0.20855933864706028,0.6842407025838628,0.08883113283383041,0.07807760107436254,0.00890700485658048,0.0042842745982096305,0.7,0.9,0.9,144,4.052286579560328,14.59215373236405
25,69,0.07297208452694093,0.13400050972962327,0.20471583698774035,0.6869374292991512,0.07508198619779954,0.0772820405548226,0.00891507760469574,0.00446484303645134,0.7,0.9,0.9,146,4.205744201380884,18.43927548582831
25,70,0.07342652437813214,0.1343020990117762,0.20499738982258753,0.6881363225489739,0.06764666106187084,0.07725744884824157,0.0089148898653423,0.00501740445480235,0.7,0.9,0.9,147,4.206401725433446,18.433150298716384
25,71,0.07334967566228241,0.1247292334466979,0.18660573945289535,0.721129502569999,0.10021139871981635,0.07823329847710393,0.00894985285302081,0.00503628944174489,0.7,0.9,0.9,148,4.2675083792482,18.32464705093185
25,72,0.07333136275875497,0.12919836235572052,0.1992342094787466,0.7360507619900218,0.06772611638767968,0.07823329847710393,0.00894985285302081,0.00503628944174489,0.7,0.9,0.9,150,4.260393630761456,18.25726935729509
25,73,0.07996900615977078,0.14926749190482766,0.24377722462856485,0.7713632303373067,0.07435715537138653,0.07586721368514883,0.01854678988552681,0.0047216588533778,0.7,0.9,0.9,158,3.4432539660191006,19.56061055872065
25,74,0.08537862131597561,0.14437874797634695,0.229966564171149,0.7702000166999815,0.11849526225006377,0.08198879038970294,0.02169321045170885,0.00384611156658363,0.7,0.9,0.9,159,3.288455949858944,15.628730670764728
25,75,0.07900916741367905,0.1371151985016982,0.23015835055387884,0.7877025433850096,0.11150556310654232,0.07792265064091754,0.01857434820297883,0.0040132827505363,0.7,0.9,0.9,160,3.2213788602460296,15.93245896057216
25,76,0.07663106709226175,0.13104921321307503,0.2311861212131158,0.7791312490926119,0.12885080005596178,0.07611671032420027,0.01858033176954577,0.00418380762442829,0.7,0.9,0.9,161,3.487886924911575,15.992442797373569
25,77,0.07630499316381133,0.12442895463704706,0.21617168766441125,0.768022562345712,0.08491708010030684,0.07603934400064563,0.01857731065348863,0.00416787857838611,0.7,0.9,0.9,162,3.519875860293326,16.16666463578356
25,78,0.0769215754963182,0.1261181605904102,0.22557693439953444,0.7985693235491937,0.08651183756457109,0.07765317307010776,0.01858859253328568,0.00417051442599791,0.7,0.9,0.9,164,3.445121157224576,16.218382739068314
25,79,0.0797109191339923,0.13767707325569642,0.2534280917727972,0.9603381814857845,0.07779064921796526,0.07745799955777255,0.0207489861070523,0.00533296725328503,0.7,0.9,0.9,194,4.040382405573699,19.22855202071396
26,0,0.9214955246543238,1.0147497851496392,1.0090970559477008,0.19328494908030833,0.06477281191191642,0.09227657657350892,9.177410920346e-05,0.00010734623575228,0.7,0.9,0.9,1,10.872150436835756,29.46462435963484
26,1,0.6775300543867411,0.906784483744904,0.8891262131160919,0.1689279665517637,0.36905008919326204,0.0895830748449294,0.00018154067968452999,0.00019698203505631,0.7,0.9,0.9,3,6.632981786255085,21.854475246009628
26,2,0.49322611574861863,0.8021763536507227,0.7794226451782114,0.15094314908210782,0.40952661772301596,0.09939613784050813,0.0009011328817857499,0.00097778078840938,0.7,0.9,0.9,5,5.561446412444058,16.427233980448577
26,3,0.4933410825571037,0.8022931544801819,0.7795388564379279,0.15476514468705935,0.07141673512190155,0.0995077172306389,0.00092422165763786,0.00100283343260026,0.7,0.9,0.9,6,5.622632535520009,16.36728346462787
26,4,0.3945984903218868,0.7204580304686363,0.689582794624528,0.12715962019915936,0.4754736348364505,0.08516578322497857,0.0009540172172167801,0.00105008698239811,0.7,0.9,0.9,7,5.078122430915718,14.729304638628092
26,5,0.3385153368823946,0.6658713140715272,0.6292754109225699,0.11574635674533666,0.20329325864784625,0.07925494889203794,0.00105045674148009,0.00114801890383284,0.7,0.9,0.9,9,5.376937114250396,15.558668383136672
26,6,0.2893409669083964,0.6098761574736506,0.5668860331781889,0.10766533832390165,0.22119691144860174,0.0797785247825707,0.00114467450250041,0.00130233277656004,0.7,0.9,0.9,11,4.25780911457448,13.125355094973818
26,7,0.2804951697204426,0.597282321808854,0.5523363800836371,0.11508663031897313,0.11240169973540379,0.08726420284467973,0.0008451261503777599,0.00101738025348413,0.7,0.9,0.9,13,4.879409394530133,13.557872218968026
26,8,0.24395188289518868,0.5453173317500221,0.4943688393776644,0.11025542198427396,0.21690717301374204,0.08793384048809649,0.00122534861516299,0.00139704881341381,0.7,0.9,0.9,15,4.03533042950593,10.174896399705242
26,9,0.24202480718569594,0.5425145097663632,0.49128376163437343,0.11133768445721978,0.07792406366123258,0.08804510704044458,0.00102605566468486,0.0011714922993919601,0.7,0.9,0.9,16,4.004220942804748,10.588428045520743
26,10,0.23989529522903275,0.5436112037678248,0.50012426172519,0.12745090527778563,0.08558540717102128,0.08793384048809649,0.00122534861516299,0.00139704881341381,0.7,0.9,0.9,17,3.700540202554908,10.277873679260647
26,11,0.21026359295006128,0.4912109812940565,0.4343575978446817,0.10564929548048048,0.1951203912502324,0.0847862620046829,0.00142333387435879,0.0015897670432528902,0.7,0.9,0.9,19,4.143891634264852,6.940966999634868
26,12,0.20937451305108018,0.4898233986890694,0.43284850019777144,0.10761322257218135,0.06768301977277406,0.08483892645482374,0.0012188231719868201,0.00140668203192105,0.7,0.9,0.9,20,4.074469980310872,7.243720476852378
26,13,0.20405430197144325,0.48431404139004597,0.4343355852534283,0.12272870883592542,0.12093311732040454,0.0847862620046829,0.00142333387435879,0.0015897670432528902,0.7,0.9,0.9,21,3.913404045938908,7.073424981531895
26,14,0.20318160719381656,0.4826983080125821,0.43253746370046253,0.11969079909448356,0.07134571158696264,0.0847862620046829,0.00142333387435879,0.0015897670432528902,0.7,0.9,0.9,22,3.8223316604339743,7.222618398200798
26,15,0.16472017095228184,0.40546599598187527,0.346808454466727,0.10576332492466839,0.4931182966865207,0.08110927541897907,0.00145416934622025,0.00214792974049508,0.7,0.9,0.9,23,3.5686410954984966,4.950947176117125
26,16,0.16190388700596825,0.4042149704825815,0.3531310809583548,0.11312338926721167,0.07478941836565603,0.08058690623773167,0.00138296195947659,0.00203016975505582,0.7,0.9,0.9,25,3.3953247161639224,5.081384491701182
26,17,0.17259298179231375,0.38786251464766475,0.3170283750170897,0.13809505634134306,0.2558515324937243,0.097688786169208,0.00514958557968484,0.010464543015557989,0.7,0.9,0.9,26,2.9891173853427526,5.525586464780052
26,18,1.692250529170184,1.8959293378383577,1.8303416984686445,1.670173254700675,1.6864636460794054,1.0,0.01312234649596861,1.0,0.7,0.9,0.9,28,2.726031104514856,4.824234202121208
26,19,1.1989879393109457,1.409872829774333,1.3602827099446864,1.2078252175659001,1.1218802796129728,0.4244497150752826,0.00821182589273305,0.9057238187299321,0.7,0.9,0.9,36,2.682276198335152,4.960926024525296
26,20,1.1929898130252434,1.3973855854269008,1.3392898784503724,1.2093582296438656,1.1231595759648805,0.4174054329642371,0.00820670556574072,0.905704123719409,0.7,0.9,0.9,38,2.659178398749382,4.989587376652176
26,21,0.13140966955324979,0.32603327307766855,0.28103799732378254,0.1713008698433787,0.22853879241062283,0.08530098997968122,0.00152299411823837,0.0020113815069477798,0.7,0.9,0.9,39,3.0471013710782007,4.586130336949186
26,22,0.13096034076272248,0.31677413264640797,0.26290343167102004,0.17487118505103869,0.082272956098809,0.0873798968174824,0.0015631834120095,0.00207371633018088,0.7,0.9,0.9,41,3.355912017552609,4.874015229325657
26,23,0.12715658704207794,0.3122955408542909,0.2657277419088534,0.18993079457157708,0.07786547816270435,0.08672880183657564,0.00112338345801628,0.00149854352248454,0.7,0.9,0.9,44,2.719804006459896,4.565418569052337
26,24,0.12511400132826928,0.3032439719933031,0.24810664435574106,0.1954574435452737,0.08232455205857143,0.08309747427846843,0.00165087520812173,0.00273702970515799,0.7,0.9,0.9,45,3.3338123875479013,5.037797877662553
26,25,0.1230218736490619,0.3044244047233882,0.26467181681183216,0.1935690039691934,0.11169206933279174,0.08620775980737573,0.00107942802635786,0.0014539078825569801,0.7,0.9,0.9,46,2.3365910892387127,4.235219099312127
26,26,0.12256615321101055,0.3080729060532735,0.276414328822099,0.19703224096536287,0.06442327137522047,0.08578169682378695,0.001098441459751,0.0014969469098897801,0.7,0.9,0.9,48,2.404075338512341,4.328955966408134
26,27,0.12014739709019438,0.2979687424315057,0.2650763490958285,0.20621365371801484,0.09463628528967412,0.08648213782605921,0.0011970963509811401,0.00175623648897377,0.7,0.9,0.9,50,2.4737756220530884,3.821857316710063
26,28,0.11851303786714534,0.2933642227282587,0.25999961265681737,0.21596885827484782,0.08685006197354674,0.0863923837184493,0.0010982576275902702,0.0014533274364571301,0.7,0.9,0.9,51,2.3038119654300373,3.743636202847003
26,29,0.11840427020705116,0.2910193397034729,0.2573002006686535,0.22781538855893482,0.08169404158823285,0.0859071609515229,0.00154736456759152,0.00226205963683834,0.7,0.9,0.9,52,2.424657165280915,3.6690433247826384
26,30,0.11651911188537074,0.28331187465305496,0.24867735149446607,0.23378159727020859,0.08725688266432022,0.08767549861654791,0.00115449473777783,0.0017163320234319002,0.7,0.9,0.9,54,2.2663775345564967,3.678977148205359
26,31,0.11938555985912903,0.29253201772354165,0.27380109509910716,0.2685191286360308,0.07244361993962507,0.09327044269423083,0.00117140485226334,0.00174201841414455,0.7,0.9,0.9,59,2.2214425885393427,3.715111204042955
26,32,0.12130624516773927,0.29810412688172516,0.28739975822566327,0.26613336271822446,0.0777224372058816,0.0937467002834866,0.00177942460891016,0.0032964471278241502,0.7,0.9,0.9,60,2.502588355710539,3.459628427984768
26,33,0.1209213324838806,0.3013802652845007,0.298703942716521,0.2818226328906657,0.07387658724262246,0.09377707907689438,0.00175170398996763,0.00326502062282129,0.7,0.9,0.9,62,2.492441068172392,3.486216754266088
26,34,0.12530765387747786,0.2999223216275006,0.29634167977400583,0.306017175325394,0.09975028800582939,0.08771681199484,0.00977125181297411,0.00723084251194419,0.7,0.9,0.9,64,2.63493830495156,4.986787696870309
26,35,0.12409972016104882,0.3001453678374084,0.3042517108284987,0.3168532299502576,0.08905090268833442,0.08760735065126718,0.00974627510267139,0.007267194753480399,0.7,0.9,0.9,66,2.6602655601773377,4.900971991452776
26,36,0.12459776920674574,0.30239734782624966,0.31424217587836717,0.32944736175999495,0.08924313119041692,0.08779133539168152,0.01062320107737513,0.00792106423442814,0.7,0.9,0.9,68,2.682154039878537,4.812562584305852
26,37,0.15372291446034167,0.3398216397952003,0.36787730754376957,0.45833056587561327,0.10803049678274451,0.09152609851461524,0.023863372396425837,0.02448814632473511,0.7,0.9,0.9,84,2.7312152284097952,4.207944249318759
26,38,0.15205564306731728,0.33412801337761944,0.3615712010638813,0.460965685299634,0.13853323110629637,0.09160041565212747,0.02376924369140857,0.024220863151175102,0.7,0.9,0.9,85,2.66724886284104,4.490444813490626
26,39,0.15185841333339706,0.3406693889848423,0.38408804497839855,0.5090899371958784,0.11111860036922859,0.09196110928813722,0.023103264206574457,0.025317458290132662,0.7,0.9,0.9,91,2.6257924892556206,4.40631111122801
26,40,0.15190544352094004,0.3403594915392964,0.3837241651632335,0.5182182308044262,0.11074971156492451,0.09228707128634424,0.02297980263065088,0.02537364040018304,0.7,0.9,0.9,92,2.609284234797767,4.395244087050901
26,41,0.1467676508624118,0.33931800848582233,0.39077979919849987,0.5312668089744861,0.10420609152460536,0.087332903923363,0.02222464422840079,0.02447159410293736,0.7,0.9,0.9,96,2.679067150621823,4.529926923943801
26,42,0.1526635994031267,0.341872153965399,0.40031564684555593,0.5501643848040791,0.12681741744521158,0.08882612487025233,0.02370912413414809,0.03127770301849467,0.7,0.9,0.9,100,2.1320901805297194,3.9489170900320856
26,43,0.15241041094302527,0.34555322112706516,0.41207155362138453,0.5636528891663127,0.11414112084293376,0.08872761687532879,0.02369680508606792,0.03132142598603162,0.7,0.9,0.9,102,2.1314052667200247,3.823025038396396
26,44,0.15233160840326238,0.3498280156723403,0.4244837115441166,0.5773516058418882,0.11255681338363038,0.08872761687532879,0.02369680508606792,0.03132142598603162,0.7,0.9,0.9,104,2.1740456964607686,3.658138059841392
26,45,0.14538011016090355,0.351544008285641,0.44246807605914706,0.6632171161311807,0.10514019894443777,0.08997681798218901,0.02151200513589436,0.025004670091982612,0.7,0.9,0.9,118,2.06370079552344,3.762793402559979
26,46,0.13714264005520646,0.3298152355853848,0.4112462215501151,0.635049149943171,0.1329770525199731,0.08345605233833443,0.021179213939942022,0.02434664565186822,0.7,0.9,0.9,120,2.4201899211894293,3.896686221619591
26,47,0.14382016941958947,0.34985100197270425,0.4557391012310314,0.6988890100066847,0.10786094345868981,0.09171434569127192,0.02170280327667255,0.02496903559842971,0.7,0.9,0.9,122,2.1102459817176378,3.5502781102716767
26,48,0.14158995956391976,0.3326338422169767,0.4213228796332704,0.7010146537108578,0.1274171941305996,0.08844467290599645,0.02161145637333734,0.02706219503988331,0.7,0.9,0.9,124,2.0973744711019475,3.442086859818572
26,49,0.14158995943940947,0.337233299316222,0.43409632555306993,0.7153598057675016,0.10571762349019494,0.08844467290259926,0.02161145630137502,0.0270621950523904,0.7,0.9,0.9,126,2.09737446910287,3.442086856466656
26,50,0.14066170774731485,0.33468866660253993,0.43131515302268325,0.7190792576114805,0.11731192166487009,0.08834867270480168,0.02165304731344632,0.026594829237315286,0.7,0.9,0.9,127,2.067192647600808,3.418667278153828
26,51,0.14025875352673928,0.33272163439172664,0.42911949566676433,0.7608797518793049,0.10661936987344098,0.08794770392400564,0.02170819156328136,0.02691365846235518,0.7,0.9,0.9,136,2.321012407771057,3.621261428770548
26,52,0.13969341089238776,0.33530068318422235,0.4396602865675145,0.7696580282282143,0.11059232738320507,0.08781289968668259,0.02169419528551703,0.02687489931758143,0.7,0.9,0.9,138,2.336374063448719,3.71376526762593
26,53,0.14218779197560671,0.35592393793654553,0.49294067468470304,0.8879934041788582,0.10783653676705679,0.08494572791903107,0.02268671878515462,0.030970549950672548,0.7,0.9,0.9,161,2.371355847520639,3.557361464114153
26,54,0.14106052497962654,0.3540910999613367,0.49100514427340536,0.8856808697880898,0.10945537703524374,0.08466744275497551,0.02293401564431882,0.02991391135910133,0.7,0.9,0.9,163,2.544899570751755,3.62893752918842
26,55,0.14080260994156243,0.35130495045452576,0.48785131185828035,0.9042631852895497,0.1260602797118321,0.084360086958479,0.02266708588544139,0.030939334300165933,0.7,0.9,0.9,164,2.362710340706561,3.554090364434452
26,56,0.14122078930444015,0.35158442053193273,0.4956184452876617,0.9317337394950853,0.12074271394260819,0.08684370660913529,0.023492063868196487,0.03013138171329489,0.7,0.9,0.9,167,2.9813630644526863,3.922369793088013
27,0,0.856323888869701,0.9909962917572548,0.9823350645305812,0.18869293876952795,0.06764263507792867,0.09632788575863692,9.177410920346e-05,0.00014502038733301,0.7,0.9,0.9,1,16.007513303367293,29.46462435963484
27,1,0.6424124280868679,0.8981190241078172,0.8769696675063127,0.1825019648470123,0.4036498487941819,0.12126917650653102,0.00018222977051532,0.00024997043196454,0.7,0.9,0.9,3,10.96113094036163,21.854475246009628
27,2,0.5039276483583439,0.8159818491718018,0.7922775274574039,0.17081461937152934,0.3671733713656731,0.1317520581424905,0.00058987594839522,0.00080915179341375,0.7,0.9,0.9,5,7.829339072668532,17.69341769061309
27,3,0.49289294988885507,0.8080164783511402,0.7832340896753847,0.16971687839786503,0.1501595206255636,0.13347897324415675,0.0007610434220116701,0.0010439477172476401,0.7,0.9,0.9,6,7.4511112092340595,16.888924112857065
27,4,0.3963249499917905,0.7229412322217793,0.6914406455990011,0.13364443949560845,0.4123930072682761,0.09643185478343343,0.00091019048165956,0.00123941847415564,0.7,0.9,0.9,7,5.475464159748465,14.827783952389192
27,5,0.394418670982998,0.7211112732095484,0.6895009341316843,0.1300034431709388,0.07412230227871015,0.09540021438686624,0.0008461160942523799,0.0011515255779908401,0.7,0.9,0.9,8,5.570931021054411,15.00326118080733
27,6,0.33643359947602686,0.6632463130638068,0.6253410473770057,0.11879673793076075,0.3874143330521396,0.09205743557313775,0.00093608406656072,0.00126275903205526,0.7,0.9,0.9,9,5.077641467742267,12.975674729127885
27,7,0.2929150676115316,0.6127137554903033,0.5691475329828332,0.1113625485946678,0.2109057193671545,0.09097445956394712,0.00109214262353076,0.00146428109307053,0.7,0.9,0.9,11,4.510129510879798,13.230400561620444
27,8,0.2790622063062254,0.5909185095769277,0.5436960848146328,0.12027770232112145,0.16938033483994197,0.10577875587596557,0.00118024436543928,0.0015952014205816499,0.7,0.9,0.9,13,3.701563461151836,11.96424589052508
27,9,0.27159383659765074,0.5819543107314735,0.5341485378208882,0.11971447684022783,0.10220876743567944,0.1005912845199776,0.00110614173491292,0.00147813230791652,0.7,0.9,0.9,14,3.6570661827111497,12.092976570671093
27,10,0.25215022775806223,0.5551750683276266,0.5047910147923991,0.11056648828175267,0.19842679902304727,0.09447656627387142,0.00127938499466058,0.00165866584859552,0.7,0.9,0.9,15,3.619190126586221,10.926319644526895
27,11,0.2522329250987007,0.5447555589441928,0.48428622275017236,0.12622792686952994,0.10430979441521428,0.11022547719758487,0.00124355127424606,0.00177090540633997,0.7,0.9,0.9,19,3.301960795190904,11.095832886260595
27,12,0.2470677640180097,0.5378521301187568,0.47685678970352,0.12822247358745803,0.104357695414534,0.10725848534251421,0.00116944864371969,0.0016538362936748398,0.7,0.9,0.9,20,3.3199597368423444,11.407631324919745
27,13,0.24250917337593045,0.5320278914138423,0.47065054490654107,0.1307729461403102,0.09479626404344711,0.10416502550581863,0.00109562838818506,0.0014181410895965601,0.7,0.9,0.9,21,3.2089059796487573,11.378329835427255
27,14,0.22597362611205693,0.5031534289926699,0.4383769428357915,0.12650077841685256,0.24926933458626407,0.10534954535608614,0.0012475243108844001,0.0016851375496809502,0.7,0.9,0.9,22,3.235801371145861,10.539035084476266
27,15,0.2154518537451161,0.4925266372486636,0.4347262382738794,0.12751049695204508,0.10227507881751616,0.09926732320927732,0.0010558559329902101,0.00146811645315252,0.7,0.9,0.9,24,3.368739853973409,9.277089695443763
27,16,0.34320551927635745,0.6240059489821739,0.5812141182791062,0.2767044277299352,0.2741818250147614,0.09387350727583407,0.0032354425168629,0.15252323739024704,0.7,0.9,0.9,25,2.5409388063092564,8.008300634496884
27,17,1.1093411828032402,1.387845507725067,1.3445072111049838,1.0569917712068224,0.9838554685798173,0.1017836007041987,0.00369030694264825,1.0,0.7,0.9,0.9,28,2.5924935758310426,7.745642831709058
27,18,1.0234852460716315,1.2919529171730568,1.2463180176745183,0.976374160815349,1.0160964006498845,0.09599622137042221,0.00312419520064606,0.9211023592929882,0.7,0.9,0.9,29,2.8593364151118266,8.050279375866115
27,19,0.24197589866425961,0.49591064384376005,0.447167232577368,0.20646970706106724,0.28896003342026644,0.08764421692766836,0.00209588091625785,0.07469943107696121,0.7,0.9,0.9,30,2.7241692930880794,5.794584154236167
27,20,0.30136942854981846,0.5552800502578445,0.506531199883614,0.269366768939023,0.19018427709806507,0.08709242047440811,0.00249562022286433,0.14074790042703084,0.7,0.9,0.9,31,2.847789045973464,4.841465376785532
27,21,0.1613424109847881,0.3774910906028546,0.3288289308284682,0.1594426637886812,0.16156572633566738,0.10713872839668337,0.00185155569461275,0.0026663988192785998,0.7,0.9,0.9,36,2.137525775386849,6.137268591622817
27,22,0.1592535811315488,0.3747624609603026,0.33334835299826704,0.16848635243384502,0.10345419384599168,0.1075564946166743,0.00210233633205699,0.00305302212498177,0.7,0.9,0.9,38,2.078804620059236,5.524267163933982
27,23,0.15898890388372613,0.37734005677588445,0.3437921699785602,0.16074846659043182,0.09630797641085968,0.10810093663856953,0.0022516628600991,0.0032624776151975697,0.7,0.9,0.9,39,2.09308227977872,5.2824623104043145
27,24,0.15761160690048265,0.3747284382604035,0.34096677466746866,0.17775185385993658,0.09062512963483021,0.10755873225377235,0.00209198026323199,0.00304410965184078,0.7,0.9,0.9,40,2.116809760924789,5.600159014735347
27,25,0.1371473681002754,0.34609069635468104,0.318307198738613,0.22545039516883245,0.07471787625138845,0.09006394641848947,0.0017201779258273799,0.00168327009869042,0.7,0.9,0.9,53,1.842440720262487,4.943343886071589
27,26,0.1344531552309924,0.34327225430684327,0.32286680960758396,0.23056592256695882,0.1063097038877515,0.08898143649237727,0.0018651221753105602,0.00196534865068375,0.7,0.9,0.9,54,1.8245189080294697,4.652453797511891
27,27,0.13443964927707638,0.34299352747151446,0.32254365249202654,0.2385420250253314,0.06811592435519977,0.08938770111397472,0.0017693508676207398,0.00187259667283178,0.7,0.9,0.9,55,1.7856250384927703,4.823231880288585
27,28,0.13442259868424505,0.34754062874821046,0.3352588418918777,0.2420236846476535,0.06615055613119715,0.08938770111701654,0.00176935086780628,0.0018725966734759898,0.7,0.9,0.9,56,1.8034221743437524,4.848915345626648
27,29,0.13621003990286754,0.34377676488549436,0.3231615911403649,0.25233571187828935,0.07215685186153714,0.09057280635849208,0.0025898524469325002,0.002625560996026,0.7,0.9,0.9,58,1.7852459162590877,4.989006512996792
27,30,0.13276544584468195,0.34775587387282897,0.3431924654480713,0.26028104927573076,0.08060016059628368,0.0892212371895615,0.00164225771947965,0.00173808733909587,0.7,0.9,0.9,59,1.7050632470806104,5.046391558268079
27,31,0.48812140689560835,0.7060477610843068,0.7167957531549539,0.6555984741426011,0.4325743436026439,0.23831700920834967,0.00169483634735,0.2837981820016525,0.7,0.9,0.9,65,1.9800879488498344,4.92407091846753
27,32,0.48767388181559923,0.7067059014275594,0.7250550424522482,0.6715722947373485,0.4346272041983633,0.2399644612184833,0.00167130054093115,0.283793788462892,0.7,0.9,0.9,68,1.948884278429894,4.9569819351814015
27,33,0.12810581847051244,0.3493382627493953,0.37547029103586316,0.37193731671516517,0.0688803882652906,0.09094188659169632,0.00143972724414781,0.0015921282845876201,0.7,0.9,0.9,76,1.7617133543261294,4.930397525680637
27,34,0.1234834276404398,0.33420345824269393,0.358641620878525,0.36705231203762556,0.10941665806494338,0.08995058122112622,0.00197568607898324,0.00166573845979759,0.7,0.9,0.9,78,1.672941499956214,5.526252393387584
27,35,0.12058452752232122,0.3262658011300322,0.3499031287875762,0.39003210782124353,0.07899768211333637,0.08867133682025707,0.0019955957079675303,0.00169561452499798,0.7,0.9,0.9,81,1.6403036062843566,5.3680245165456455
27,36,0.11876201120772421,0.32861010936354745,0.3678025413919703,0.42269865584022803,0.07566545826639287,0.08876446034136079,0.0019520295923577998,0.0018497082449329498,0.7,0.9,0.9,85,1.6285978304131934,5.1680564715259285
27,37,0.12202814826342859,0.32536460365349745,0.36353997561247225,0.4349470038336889,0.08427079205689011,0.09687281004720408,0.00198922687316447,0.0018995295109272702,0.7,0.9,0.9,89,1.981870394981816,5.342646506865661
27,38,0.12096112498207208,0.30872039003448276,0.33702973487388915,0.43864730911318134,0.11736200566498217,0.10114610964668909,0.00203813312866496,0.00178063886713065,0.7,0.9,0.9,91,2.065011929986253,5.36617322786282
27,39,0.12079099095067428,0.3126755248848343,0.3490864631224695,0.4515275833278464,0.07608226347153813,0.10113726888864567,0.0020401320337106498,0.0017821851630404901,0.7,0.9,0.9,93,2.042832077224491,5.307440629605699
27,40,0.11985499779070038,0.31497583883176267,0.35935265280490525,0.4727476639093485,0.07908497669106049,0.10052916780905423,0.0020240433965148597,0.0017629931744660699,0.7,0.9,0.9,95,2.0371847822464493,5.316047906993935
27,41,0.1184326152573342,0.3036101348602084,0.33152535265965755,0.4581268184275664,0.07839528432703621,0.09887581510024965,0.0020052921111959497,0.00177564761647146,0.7,0.9,0.9,96,1.99252643319848,5.238621712056698
27,42,0.11843261525733421,0.3082095920153414,0.3442989522115631,0.47130156587310584,0.07261597502047118,0.09887581510024965,0.0020052921111959497,0.00177564761647146,0.7,0.9,0.9,98,1.99252643319848,5.238621712056698
27,43,0.11824945479738867,0.3124134243704249,0.3566444392866425,0.37493540611275133,0.07415627445781103,0.09872986669651553,0.00200167211499014,0.0017714369710797502,0.7,0.9,0.9,99,1.9879805074714203,5.228072149775542
27,45,0.11821053568050721,0.29983568368644953,0.3272110125413507,0.5479639348541172,0.07677557729451578,0.08585327277425472,0.00277090016503367,0.012253504500310281,0.7,0.9,0.9,113,2.276766196727125,4.955938771841904
27,47,0.11631221069761125,0.2983917257159537,0.3333145629931535,0.6059022101218338,0.07859096043918232,0.08569501440795664,0.00295995567844742,0.01163485953822132,0.7,0.9,0.9,118,2.28534863602023,5.231984206991541
27,48,0.11614288528921936,0.2920621757742169,0.3185757601927316,0.6141904448867559,0.07746695423294599,0.08623973709746563,0.00295830977287155,0.01160207288867866,0.7,0.9,0.9,121,2.194605906010912,5.3295510736339216
27,49,0.12724222118429174,0.32778671886680566,0.4103849791746546,0.6450177571223693,0.14482091268219432,0.09023660290130248,0.00331086364827268,0.02320817908234541,0.7,0.9,0.9,122,1.8327365587078368,4.234713398768157
27,50,0.12027972678158068,0.3247770313503968,0.4154531303297398,0.6616071769827008,0.08273028902679995,0.0910473406466884,0.00320407971630937,0.01517685309911026,0.7,0.9,0.9,124,1.8158364630354928,4.249252746940557
27,51,0.127296467647392,0.33166562711046654,0.4223227028216594,0.6780755630410266,0.0876583032208178,0.09063110588172872,0.0033275111053657604,0.02321885340143662,0.7,0.9,0.9,127,1.854830851259896,4.217090395863995
27,52,0.1236887530395022,0.32346984556831876,0.41344576077959994,0.6789753512920778,0.1198908468592791,0.08785016755448002,0.00324360426942397,0.02305700451801761,0.7,0.9,0.9,128,1.7808298557861346,3.780281890316469
27,53,0.1168843248884967,0.3190724835862466,0.41689826631420257,0.7681063074104822,0.08053880278689005,0.08534968700140139,0.00330247579058428,0.01813353475099076,0.7,0.9,0.9,139,2.134774044261773,4.114574176844996
27,54,0.1133661348060635,0.311705246817765,0.40896373365463345,0.764232269790568,0.10566101512781186,0.09067821520345258,0.00327068970797425,0.0114137922258172,0.7,0.9,0.9,140,2.227921481032418,4.607482807739327
27,55,0.11730935285757522,0.3151969249234549,0.4123893777971442,0.7731142681708224,0.08408467610577536,0.09224179706424038,0.0031916368251784103,0.014805942979448011,0.7,0.9,0.9,141,2.111358586624108,4.175283396578036
27,56,0.11420916173471862,0.3073929956233754,0.40389614213341346,0.7794018830559646,0.11420416783063433,0.08957173468440846,0.0032399318366993597,0.01494058654672123,0.7,0.9,0.9,142,2.154509080747658,3.910000289025157
27,57,0.1056628993370168,0.3203425648125768,0.45749669546575494,0.8296236070770526,0.07197642921134448,0.07815433162077444,0.00300640015312167,0.0150476682371723,0.7,0.9,0.9,153,2.29439745969536,4.893393758527633
27,58,0.1214032606410331,0.31736330528639856,0.4292794456712623,0.8582043460916063,0.10025949915715272,0.0913654593500164,0.00956434091411733,0.01727389695207261,0.7,0.9,0.9,156,2.1292475835219675,4.2423108872114765
27,59,0.11667480501045348,0.30467006347044023,0.4154353211734626,0.8486629748648835,0.10515686107554072,0.08875255993533157,0.0092728431433713,0.0168102171122465,0.7,0.9,0.9,159,1.9543630612049867,3.8889580171707774
27,60,0.1132916912786998,0.2917099069667054,0.4011035583024547,0.874170396231941,0.10808017588848663,0.09106495621295571,0.009079858150137201,0.014289295408982999,0.7,0.9,0.9,162,1.8198641835996563,4.056234615436114
27,61,0.11296458719315293,0.28768096349309513,0.39654797809085596,0.8734973948332265,0.09883438178046483,0.09246451408178942,0.00882341947987029,0.01415909186271123,0.7,0.9,0.9,164,1.986365574118972,4.480742921105707
27,62,0.11209698349672957,0.2905679301612639,0.4074892144985471,0.8920654605425653,0.09086602303684264,0.09157276686069545,0.00906247905647763,0.0138899063120685,0.7,0.9,0.9,165,1.8410398617929544,4.1347818302161325
27,63,0.11409470872346655,0.2845242227897502,0.39278367870107367,0.9083685728356435,0.09591974823374708,0.09482748573048164,0.00910682409219933,0.01450454697559771,0.7,0.9,0.9,168,2.072149320756296,4.221087710940971
27,64,0.11296189515981739,0.29140727281301737,0.41584773216877646,0.992174025895504,0.0876440754114359,0.08892529557885151,0.009681694805116759,0.0175909078938365,0.7,0.9,0.9,178,1.9771118981370428,3.8104057031189376
27,65,0.11169114894297306,0.2938488331241237,0.4263380339393456,0.9957504046123788,0.0921304901897131,0.08958459851824314,0.00919325379180386,0.01640082518416542,0.7,0.9,0.9,179,1.9181681655377056,3.874352628495006
27,66,0.11038056885348456,0.28820092224245647,0.4200789666547639,0.9989310715592008,0.11665164182804368,0.08929048327127169,0.00916792242124634,0.016387983827845808,0.7,0.9,0.9,180,1.908930988358137,3.9219691555277567
27,67,0.10966749728418766,0.2689835767042506,0.3832105111053156,0.9998706270632121,0.10362287920338469,0.09618683807422675,0.00949956395956611,0.012373685114416059,0.7,0.9,0.9,184,2.3015929655269773,4.109406533653756
27,68,0.10871984357989757,0.2755268153375287,0.4058639035393803,1.042647156572713,0.08798420796924676,0.0952673532001708,0.009615554098460249,0.012362673712205039,0.7,0.9,0.9,192,2.384266397374524,4.087644774908831
28,0,0.8790140772532952,0.9628531512976889,0.9663098058747971,0.13261249576279985,0.0,0.0,0.0,0.0,0.7,0.9,0.9,1,24.74554070167961,31.29129517649718
28,1,0.7956499015220664,0.9541402172721685,0.943551819811054,0.16590065793406203,0.3472831077114852,0.06831820581949208,7.567697124572992e-06,1.2519110117359999e-05,0.7,0.9,0.9,2,22.342454431784024,29.5843128399992
28,2,0.6322568226381083,0.9288464438874862,0.9093225037809474,0.2503177574603187,1.041321019440142,0.2396799997302217,0.00061648739595967,0.00113894355531856,0.7,0.9,0.9,3,13.681371817773202,15.507648337983357
28,3,0.4618973827138528,0.7871271129235523,0.7568052948531627,0.18059022715670267,0.39839745690138834,0.1734432750207994,0.00070870901171258,0.00127011439261333,0.7,0.9,0.9,5,11.192661607230104,14.621915604119682
28,4,0.37829919533119855,0.704914117721544,0.6670625206294167,0.15351926893454454,0.2995244825219363,0.15109953102706897,0.0007538815018636399,0.00129281086749626,0.7,0.9,0.9,7,10.184191333304176,13.41026356977574
28,5,0.3287885577719394,0.6507922700273923,0.6087744179879083,0.13249969537349005,0.19654966825944456,0.12603389305849086,0.00088888263396028,0.00148370641815815,0.7,0.9,0.9,9,8.103264266786383,15.006968816097798
28,6,0.3278583073394678,0.6494583678346774,0.6071796548111531,0.13702725989620734,0.10462967658505543,0.12781584578868185,0.00076436347539842,0.00130522827025444,0.7,0.9,0.9,10,8.482063682094553,14.651217029410086
28,7,0.29834697801098814,0.6123053192880665,0.5660770867230855,0.1261895208796542,0.29045865738802856,0.12356537757484828,0.0011253522302377,0.00180295930631032,0.7,0.9,0.9,11,8.687093213967405,15.338262055706812
28,8,0.29398839875767535,0.6069015187586415,0.5602231454754381,0.12815688310240309,0.11066046651737654,0.12223727375110649,0.00090726074400988,0.00147517186242201,0.7,0.9,0.9,12,8.356926070821231,15.187593696786678
28,9,0.2570177184692958,0.5587596365022602,0.5079476875213892,0.10916916165884086,0.28683812645895573,0.10476220196234749,0.00121107048524031,0.0019173926813387699,0.7,0.9,0.9,13,6.254478408943996,12.410848263439204
28,10,0.25381765471816536,0.5543258693479178,0.5031105219828317,0.1120396650950413,0.09584429420211862,0.10422892642920838,0.00099297899901249,0.0015896052374504601,0.7,0.9,0.9,14,5.915641945286486,12.256139030806814
28,11,0.22397940049045814,0.5094498033552556,0.45382405539566517,0.09821959271346456,0.2942564757744053,0.09490845526699966,0.00130168391286699,0.00203434422876634,0.7,0.9,0.9,15,5.814679982784786,10.844607325856948
28,12,0.22016334298012694,0.5037163475818148,0.44757945861805537,0.1006766543501703,0.09427878413972078,0.09388061691055756,0.0010835924266391701,0.00170655678487804,0.7,0.9,0.9,16,5.44823098112339,10.685637762218786
28,13,0.202277791460934,0.46724285473860466,0.40654582738032996,0.09193785534593833,0.3045567970560982,0.09823730017865152,0.00119916406062727,0.0025140084168563297,0.7,0.9,0.9,17,4.688709304327804,4.420164090094003
28,14,0.1802608808610987,0.44034897513998444,0.37854855554671824,0.08265368194497315,0.11122346349115952,0.07416531885523517,0.00127438695363576,0.00212888523394405,0.7,0.9,0.9,18,4.624185557018863,4.413136047833676
28,15,0.18402864439215663,0.42696230920530776,0.3615006941435729,0.0956797439092954,0.16732072559759767,0.09987525458082394,0.00151928545700004,0.00301268299691244,0.7,0.9,0.9,20,3.996631742167208,3.641358842438151
28,16,0.17075621649856748,0.4054572937997448,0.3383387134974546,0.09337564313060168,0.15158035597391412,0.09099077149216625,0.00135061107761266,0.00248897686361844,0.7,0.9,0.9,21,3.967296070840969,3.654078140540792
28,17,0.18316412561444803,0.41461484876798665,0.34684620098975516,0.10422852522743911,0.11592606672864839,0.10935037800826956,0.0016744754835505099,0.00445188968105853,0.7,0.9,0.9,22,2.3540227083719008,3.977592462636656
28,18,0.17863320959660567,0.41477623523310075,0.3624924210233576,0.13390647515008594,0.09148170852553839,0.08095945407692683,0.00289620895328112,0.02376030057614202,0.7,0.9,0.9,26,3.374935520120637,4.137887788864105
28,19,0.16687018298834272,0.40348805263656967,0.36589842741788536,0.1309409525657988,0.1591485088563971,0.10077602160696839,0.00136508377984631,0.00337708203845992,0.7,0.9,0.9,27,2.4790842686419765,3.634768128723648
28,20,0.1751331027628413,0.4068848791329875,0.3610718820634646,0.1418259011869223,0.08572678227543748,0.08410297643463649,0.00308594566075043,0.0239942523266663,0.7,0.9,0.9,28,3.022539449960506,3.70795914903368
28,21,0.1719164860195771,0.3936081033663699,0.33861038583617864,0.14315967510108035,0.13502631454641245,0.08416423427428359,0.0031324458259976103,0.02419565419848383,0.7,0.9,0.9,29,2.948711343652644,3.7636246773554793
28,22,0.16265443888360973,0.3726330716571569,0.3228837750507383,0.14237303203977283,0.23295953993206617,0.08456605892463794,0.00321356830414866,0.024152784760474468,0.7,0.9,0.9,30,2.359457696938537,4.252013793203591
28,23,0.13666885445840526,0.3464398607592163,0.311407287423158,0.12102288142222523,0.1460304996904839,0.08413193651375543,0.00139540054843312,0.0030253190079077602,0.7,0.9,0.9,31,2.6507658030109,5.709564908052085
28,24,0.1521534143435328,0.30598568481056726,0.24696014013614245,0.12864427043123908,0.4889512687889202,0.0943117593400902,0.00335554418715805,0.03358766504853068,0.7,0.9,0.9,32,1.9740430940050624,4.171587860386745
28,25,0.15099714974190448,0.31812140883310597,0.2835388821494136,0.1830500291061383,0.09898085178168764,0.09307451226801776,0.0033458945255916404,0.03349250144986532,0.7,0.9,0.9,38,1.992678403180317,4.372582133078595
28,26,0.14915233223896834,0.3134020211435372,0.2783700845200181,0.19278035494387002,0.10901423424892606,0.09187578842675112,0.0033971000411195896,0.03354752680379563,0.7,0.9,0.9,40,1.831513972270986,3.934646850440565
28,27,0.14388213784710896,0.28272048150137685,0.23631739182508396,0.20081720429412933,0.12695523314567309,0.09458833402044427,0.0036323058553258403,0.033657289025605344,0.7,0.9,0.9,46,2.216379785213026,4.289198607207237
28,28,0.1538056254073167,0.30825141634715036,0.301604062210425,0.26626083885627555,0.1162519083627595,0.10784055113535469,0.00513792147071423,0.03562076267112892,0.7,0.9,0.9,60,2.133060847940644,4.478669001512452
28,29,0.1534215043316732,0.2939113779248975,0.2627181440897666,0.24195396888232387,0.11243317618454082,0.1074324334749757,0.0051356825505840505,0.03557009736733186,0.7,0.9,0.9,62,2.116931106686593,4.48790367515794
28,30,0.13059674389245127,0.2604933003640138,0.2277260107705799,0.28630179005072587,0.11230426070375465,0.0774506641981191,0.00730520346723397,0.03506642565885509,0.7,0.9,0.9,66,2.282075722994777,3.985913924278597
28,31,0.12480984077554294,0.25074634217027236,0.21739476720968787,0.27191132054977907,0.10266612097899039,0.07838192074752287,0.0036882641922331696,0.0328742112508422,0.7,0.9,0.9,68,2.2818518671624606,4.319623288386317
28,32,0.12015749674255033,0.23343992527898752,0.1907340843356641,0.24709183969969764,0.10556519651759344,0.07536802172361656,0.0034696497370343797,0.03292266518895504,0.7,0.9,0.9,71,2.1630542557622743,3.5291964529157256
28,33,0.12630956650671205,0.24169629239625406,0.20680104044612038,0.26511335286060994,0.10164461848734155,0.07667908364484374,0.007211420781924891,0.03579777558847028,0.7,0.9,0.9,73,2.178877378860225,3.4846514622202065
28,34,0.12620596703583198,0.2356966642446613,0.192438956256631,0.2646403693762318,0.10225834720605496,0.07684855671266565,0.0072116123086372495,0.03596314671315309,0.7,0.9,0.9,74,2.165620968658762,3.4894955540727146
28,35,0.13298106553586958,0.2444730925550921,0.20901258262847966,0.2794606364483544,0.11936481644363028,0.08201166103760822,0.008266523946961719,0.039238715783904185,0.7,0.9,0.9,75,2.1760589559335943,3.4125354813663424
28,36,0.1236458687521213,0.22969189613146054,0.185934368782239,0.2618230137291767,0.0931776893968132,0.07477623182608682,0.00731664829218164,0.03571156244354609,0.7,0.9,0.9,78,2.501357877647687,3.042532120637822
28,37,0.12654231425845217,0.23400726133196909,0.1979639573135554,0.3051453410782689,0.09955822097306809,0.08387572127436585,0.0054705868710148795,0.03468665509691443,0.7,0.9,0.9,83,2.1395804277911177,3.93077590853497
28,38,0.125416321896442,0.21841506122412613,0.18030117346152638,0.3189046116234748,0.12394168018844415,0.08736694249293345,0.00536265401711271,0.03511382173106224,0.7,0.9,0.9,87,2.2207267193325264,4.458372626573963
28,39,0.12100983910130568,0.2255598035279649,0.21917190834539688,0.3634681200564267,0.10199235011878045,0.08348586347553036,0.0055137347053686005,0.03501919163662184,0.7,0.9,0.9,94,2.230522900323771,3.1320091108205017
28,40,0.12098232304685554,0.21624783151953572,0.19349963875782397,0.3600788259557808,0.09522221937665681,0.08347086955760709,0.00551395622387274,0.035023854157782267,0.7,0.9,0.9,96,2.2305558004056354,3.1310182612454955
28,41,0.12053119755076189,0.21362776380362383,0.1905731972441545,0.3594132468457991,0.10284746543817896,0.08266894725326382,0.005867473878461,0.03539516320932739,0.7,0.9,0.9,98,2.2488693117955685,3.126129574611734
28,42,0.11879632744653545,0.23388024250476058,0.2515534096016663,0.45595801018546345,0.0941351733241289,0.08188703808238959,0.00585240497524469,0.034371461180540894,0.7,0.9,0.9,110,2.094930224133455,4.336617707576127
28,43,0.12438297476701102,0.23419011147008165,0.251117570428911,0.5165895737201838,0.11990263035407844,0.08701659236208437,0.00358942516601201,0.04032124930018433,0.7,0.9,0.9,112,2.5381764238512505,4.800406719816542
28,44,0.11575740525354111,0.22712667926019955,0.2518083601232332,0.5252797211416648,0.11273450675571675,0.08560737489215547,0.00350167945977184,0.0326735431546955,0.7,0.9,0.9,113,2.3827843981916788,5.345028816539071
29,0,0.8431218349843752,0.9878905597431473,0.9784299029360234,0.19067550877794734,0.07161168452714417,0.10202843179119203,9.244536902763e-05,0.00012064604576098999,0.7,0.9,0.9,1,17.303485609098654,29.46462435963484
29,1,0.6152690559186641,0.8779416683671835,0.8557316430222457,0.16907448063832214,0.39947346715758236,0.10588085770824221,0.00018290103033948,0.00022730650825482,0.7,0.9,0.9,3,12.195263774475269,21.854475246009628
29,2,0.4822740750549903,0.7987482593121403,0.7734039750451744,0.1640200316667688,0.37915442249353676,0.1274985883684841,0.00076753510267635,0.0009166756382876799,0.7,0.9,0.9,5,8.000381860619092,13.36926308019295
29,3,0.45871755155961147,0.7780158697820597,0.7514493090337848,0.15477376007690127,0.14317610411168266,0.11389327950212728,0.00055197571993231,0.00069598836217589,0.7,0.9,0.9,6,7.273661511970021,15.189757772833277
29,4,0.38508382303452576,0.7121277943067477,0.679763428644229,0.1283175719260568,0.36180124211397074,0.09253487313609596,0.00073847062592289,0.0009201685312449,0.7,0.9,0.9,7,6.559654252583568,15.388288429621593
29,5,0.37096946212695453,0.6987238292280835,0.6646808277546205,0.12967039075671621,0.15370903555664928,0.09488834457585707,0.00063666111425269,0.00080364294602365,0.7,0.9,0.9,8,6.179405029261195,13.551013497629414
29,6,0.3253951752170238,0.6519692252414037,0.6140183996713345,0.11046718591901755,0.2539841257884124,0.07631480603022131,0.00104309161992783,0.00131799533603532,0.7,0.9,0.9,9,5.172886292645127,12.703253807849324
29,7,0.2788961102011768,0.5990397256219573,0.5558717794770629,0.09794563801789975,0.1817261706868459,0.06638784711842478,0.00113330937103726,0.00143619291899443,0.7,0.9,0.9,11,5.021690064896146,12.387062058312036
29,8,0.25217017260209823,0.5588576126199384,0.5033268355801314,0.09258057141504028,0.15704518912250715,0.06944852374853483,0.0008079386692092501,0.00103184759251699,0.7,0.9,0.9,13,6.184713627455161,12.139459848954491
29,9,0.25125433804076713,0.5577952538150517,0.502205317052846,0.09685445461562535,0.05274751231839028,0.06893720630264054,0.00072729663109183,0.00091120239928268,0.7,0.9,0.9,14,6.146904081040662,11.992469884279274
29,10,0.23585212309036577,0.5392070314314398,0.48892927465474084,0.09689946757205742,0.19774663796483855,0.07148492308870581,0.0008917980947182101,0.00114128853254309,0.7,0.9,0.9,15,5.41904807412229,11.999079229952851
29,11,0.23410306860209998,0.5358274765291456,0.4850046749286336,0.10514047375332836,0.08107796605207178,0.07332179529424096,0.00096767552277907,0.0012403125480708,0.7,0.9,0.9,16,5.046729889596439,12.04270095304937
29,12,0.2269971418038298,0.5293903908472442,0.4854842598851575,0.10211247706622789,0.11750382142521948,0.07297823201033207,0.00113398495387702,0.00144370804731695,0.7,0.9,0.9,17,4.684501526363017,10.669965043368354
29,13,0.19768640979504995,0.47998853307795886,0.4235227657556983,0.09141470177629808,0.15912302473355705,0.06479067947565047,0.00104599140426434,0.00123926371532913,0.7,0.9,0.9,19,4.246029459088973,10.66629947401546
29,14,0.200631714434852,0.4826162193001222,0.4260675482737584,0.10322211537320831,0.054991691167366824,0.0693794598850349,0.00101000434400515,0.00144011956412531,0.7,0.9,0.9,20,4.27048734763985,10.645894528588938
29,15,0.19392510974719637,0.474736160357419,0.42488793900084143,0.09767332576493153,0.12674653461550456,0.06953606768427353,0.00131695785511884,0.0016365965656316502,0.7,0.9,0.9,21,4.270338827786275,7.30119361123116
29,16,0.18991033304493507,0.46874811705188946,0.41841611456813127,0.10043526412302696,0.07418385008790467,0.06727635779366391,0.0012577806274002902,0.0015559546098999901,0.7,0.9,0.9,22,4.0544185603672185,7.470230654432678
29,17,0.16611272776092825,0.41721347526938996,0.3606627118983359,0.09209749374790473,0.3699288284252606,0.071337177447759,0.0015206428818425699,0.00202039308392428,0.7,0.9,0.9,23,3.0904080623627035,6.896141019084841
29,18,0.1626172003884289,0.4092644268972915,0.35179605817653686,0.09600154287385355,0.07668210207704097,0.07033017945977219,0.00183621555890378,0.002678381853365,0.7,0.9,0.9,25,3.140643266337956,6.767726605216406
29,19,0.1605530313166309,0.4056445107855373,0.3478593408958779,0.09708507490271821,0.06865187119318777,0.06975687444932753,0.00160762724977689,0.0024455846698681,0.7,0.9,0.9,26,3.1220115488469,6.867588237349591
29,20,1.1193736001835646,1.35766531520688,1.2912628611119326,1.072618490922591,1.035573029027612,0.15788211549975423,0.00278122678092665,1.0,0.7,0.9,0.9,27,3.1555063051588736,7.001745309602185
29,21,1.1599899796295121,1.385086166834218,1.3160998253908334,1.1105320141696124,1.195017105344317,0.2299751315446516,0.00258258689246836,1.0,0.7,0.9,0.9,28,2.689307664712594,6.427057673506861
29,22,1.0858443346869293,1.2923175628194574,1.2198765106477165,1.049132521376668,1.177217619231626,0.14062450405004281,0.0029699195077600702,1.0,0.7,0.9,0.9,29,2.409802168910294,4.396315758557991
29,23,0.3539911476529886,0.5611214914675944,0.4961474551572654,0.3415500358219744,0.2787812908777071,0.07397564797604865,0.00207113241786844,0.2421390663053387,0.7,0.9,0.9,34,2.5800595330867115,4.804412684568014
29,24,1.0817089088358056,1.2782855929678978,1.2114545218115609,1.0771927048551748,1.0998173115684842,0.14662442527642933,0.00281333902538606,1.0,0.7,0.9,0.9,35,2.3107025456905674,4.547901757321747
29,25,1.066843184694923,1.2486742805596345,1.1867286871223843,1.0639435137744693,1.168082035098772,0.13895054868556883,0.00310691340145684,1.0,0.7,0.9,0.9,36,1.837891861496481,4.336499122535287
29,26,1.063933642291873,1.2352990905194097,1.1716310651633854,1.0681618968613988,1.0897650527304383,0.14172052714380837,0.0030262713633394103,1.0,0.7,0.9,0.9,37,1.6725995739152597,4.078728996603886
29,27,0.1200935027643781,0.29334788201412854,0.25228611570386517,0.1647486480355675,0.07286727492995991,0.08372568001791977,0.00183735040880102,0.00319189790489805,0.7,0.9,0.9,47,2.098226256998166,4.245350001611962
29,28,0.12005439602680318,0.29781188762645444,0.26490885221757593,0.17572005624140566,0.06352118329562105,0.08372568001791977,0.00183735040880102,0.00319189790489804,0.7,0.9,0.9,49,2.0995004307708003,4.24202592095384
29,29,0.11455337718919242,0.27657715748911665,0.22628985881668082,0.1518175189362644,0.07346658578641278,0.08061678314834077,0.00142893857002846,0.00283160465349198,0.7,0.9,0.9,53,1.9009958110045568,4.09868498427317
29,30,0.12658415767362893,0.29589101122246547,0.2616508999880345,0.23976004703688247,0.07495467316540666,0.0656375268842789,0.00783531415847185,0.02227486623680499,0.7,0.9,0.9,61,1.785291742652984,5.86581996395925
29,31,0.12330628403846626,0.29304283468151565,0.2663234491945724,0.25233977831187265,0.08803001485520427,0.07213920909648006,0.008108193309189719,0.01509366848398866,0.7,0.9,0.9,63,1.837474463272924,5.809286529378074
29,32,0.11982419167720873,0.291601598462121,0.2726575043071843,0.26088889511782337,0.0790303441584913,0.07079092733739417,0.00742201699357114,0.014037469449018899,0.7,0.9,0.9,65,1.871806439741945,5.858684680988472
29,33,0.12243541562349752,0.2939778379497046,0.27499726285503173,0.2715532857601517,0.07342946379631039,0.07062520835988614,0.0073272803573729796,0.017260697310838673,0.7,0.9,0.9,66,1.8364080702057204,5.988032632765395
29,34,0.11369422725366496,0.2868113069598483,0.27553514217934766,0.2627846870924323,0.08794284580291808,0.06559200134267433,0.00621495010371852,0.013831785372851449,0.7,0.9,0.9,67,1.920975895479028,5.545677838288375
29,35,0.11261892627067421,0.2885434083859047,0.28516465276100134,0.2697605742185047,0.07056626995253411,0.06523044524170507,0.00637927246435709,0.01348313846279465,0.7,0.9,0.9,69,1.9334247626000456,5.5318043131726
29,36,0.11255826033793702,0.2903761848776479,0.2947546370023555,0.2818518735864176,0.07508711417975551,0.06531260855267551,0.006688005512601861,0.01413567218992155,0.7,0.9,0.9,71,1.8580464987313183,5.387607489474693
29,37,0.13801324021160002,0.32306301764841316,0.35095877371929346,0.4515189139746764,0.09452232719793278,0.0904882866717447,0.01585226388533522,0.016257986593163527,0.7,0.9,0.9,94,1.8927822418624067,4.714052417033436
29,38,0.132547754773768,0.32626102024686626,0.3704234067453663,0.4812396883208086,0.08742249192771523,0.08373598167081155,0.01666038590219991,0.014835613748733458,0.7,0.9,0.9,99,1.896351667602192,4.720203037070349
29,39,0.16750945813028384,0.3837840054667002,0.4687503392405811,0.6068608965853324,0.12235886037100811,0.11949550630409016,0.005068413326542421,0.0376289710142894,0.7,0.9,0.9,113,1.867544780944293,4.976735031585944
29,40,0.16406580083277725,0.38397525577720387,0.4769692334867219,0.6310825028930672,0.12145504155460873,0.1216877167486817,0.00967759859972951,0.027858422818039554,0.7,0.9,0.9,116,2.1301568944741853,5.400615849979088
29,41,0.15745974922945016,0.3645211196214203,0.46306864024739636,0.6328794557910666,0.18488705697773394,0.1345143007430213,0.00484951331097601,0.021749798837159502,0.7,0.9,0.9,118,2.125538493337592,5.008494492674394
29,42,0.16057527911970274,0.36666567284794577,0.4650690896493697,0.6500602998863554,0.1288629709157342,0.13348767326755342,0.00514075068407674,0.02605694193754295,0.7,0.9,0.9,119,2.122048857071141,5.026360957363858
29,43,0.14420824297798904,0.35862979118455973,0.47325256101318053,0.6522573378058898,0.10760931643236579,0.11966426474013421,0.00505458430183901,0.01901002514298005,0.7,0.9,0.9,122,2.1473961527768908,5.008334000149777
29,44,0.15830998856077583,0.3562117195521701,0.44590970503179805,0.6945461848074719,0.12720965441082624,0.11283867591926593,0.010226097241856861,0.03575128992668347,0.7,0.9,0.9,125,2.3012263659906376,5.393802482472308
29,45,0.1265460986760196,0.3331118678988345,0.43907898165462456,0.6532709029833547,0.09248371963146558,0.08118725787538844,0.009900540984243809,0.025583780458266668,0.7,0.9,0.9,126,2.295361121869916,5.092765014974162
29,46,0.16081748493669962,0.3592595799495095,0.4565335327850927,0.7062527350755308,0.15063047168911498,0.11285553517281861,0.01119508753131931,0.03892676628695731,0.7,0.9,0.9,127,2.335853235962095,4.927904235093575
29,47,0.16965697248668637,0.36333149431664186,0.45990652510645275,0.7095891582778804,0.14632649888448113,0.11287851626370729,0.01177151514115187,0.04972975140203259,0.7,0.9,0.9,130,2.1430464173142645,5.53340738333703
30,0,0.8941405501234148,0.9683632919862235,0.9724426161821368,0.13415729486586142,0.0,0.0,0.0,0.0,0.7,0.9,0.9,1,23.779070935152745,31.787767645164948
30,1,0.818996407273672,0.9641574686223593,0.9546816761146452,0.16884159686283615,0.32283911913785257,0.06856530952957061,7.2517004905666365e-06,1.046172782243e-05,0.7,0.9,0.9,2,20.59329336396532,29.5843128399992
30,2,0.6188834185693497,0.910605146822863,0.8921531112252233,0.22525042182804797,1.0153097291290485,0.19977268730591718,0.00079170692178841,0.0011954619897929,0.7,0.9,0.9,3,11.931823484360583,14.585460375552138
30,3,0.4696299768934322,0.7931144891092098,0.7641532579983088,0.17791286653389649,0.38498450597893796,0.16501446619292265,0.00072277358959993,0.00108584156753038,0.7,0.9,0.9,5,10.103891964858567,14.537544591742984
30,4,0.390854177703975,0.7185080147619611,0.6835144768347204,0.14891126520435924,0.24966164110780625,0.1344261632971781,0.00080377062277444,0.00121371541940622,0.7,0.9,0.9,7,8.288371709175744,13.12955468562719
30,5,0.33804779409107777,0.6627346305873234,0.6227439526247285,0.13153170492287117,0.21172720988134272,0.11767793245712783,0.00089493793506018,0.00131304379807525,0.7,0.9,0.9,9,6.93048094700741,14.954403378266925
30,6,0.34066371338808665,0.6653457857871731,0.6253515323928828,0.1383652550113704,0.08718464169892161,0.121669206892392,0.0008138224416541299,0.00122667724035183,0.7,0.9,0.9,10,7.070206885481834,14.4127793861737
30,7,0.29561665270724913,0.6110409388151505,0.5654702656161107,0.12240807743229014,0.3663096629033919,0.11412261274564961,0.00098380309889037,0.00141836667093969,0.7,0.9,0.9,11,5.465382211554537,12.076004212497743
30,8,0.2664518034967384,0.5751184273023234,0.533263535624098,0.11930760987288144,0.19460298556704836,0.11208786933400301,0.00114478330372989,0.0016521035697201502,0.7,0.9,0.9,13,5.430258733094619,11.908439708657395
30,9,0.26565612524021265,0.5694668503786622,0.5193497699156743,0.12018882340536098,0.08520275954407121,0.11208299392587621,0.00104019627766992,0.00145797618403134,0.7,0.9,0.9,14,5.479315191206942,12.014145993823991
30,10,0.24558610790114402,0.5452550726164628,0.5005221951439668,0.11563980238871019,0.21879532378189234,0.10563566936122011,0.0012059087844370699,0.00172731960511857,0.7,0.9,0.9,15,4.15160734888007,10.412034376289604
30,11,0.24204314650462466,0.5384918268802629,0.4928137744459052,0.11975055241877058,0.12636206031433186,0.108147888240929,0.00113081015946127,0.00162742853199335,0.7,0.9,0.9,16,4.273074645357592,10.625385390638854
30,12,0.23006721746129477,0.5179347462924042,0.46989662506364777,0.11696110082746447,0.19881412184471353,0.10812281358419873,0.0012731179361918,0.00186797966130004,0.7,0.9,0.9,17,5.148048033995535,8.995198300433756
30,13,0.20370593926273173,0.46357124756313933,0.408883720298513,0.11112645602161375,0.2524663790858417,0.11446907679454901,0.00145721459297909,0.0017261686209692699,0.7,0.9,0.9,19,4.892352913627544,9.656424655120652
30,14,0.16985921273486806,0.40887396361508865,0.3498606429705707,0.09906532268739947,0.14035310885811794,0.0906153134195408,0.0014808311743754999,0.00201312744947991,0.7,0.9,0.9,22,3.4181589399289423,7.037419185208172
30,15,0.17052344572579287,0.4027323007969071,0.3424019704927004,0.10168756325922083,0.13841457523236617,0.09722189873431432,0.0017401060805613499,0.00274071333730621,0.7,0.9,0.9,23,2.893065638703235,5.9352468101824005
30,16,0.16133507582187492,0.3830663893393143,0.32075035828378484,0.10068238513005802,0.17131326270704483,0.09486371482192853,0.00159928743234934,0.00238964738373027,0.7,0.9,0.9,24,2.7485922039816213,5.94235585663196
30,17,0.15833286475682937,0.37596107594934136,0.31288697963227363,0.10160710345691046,0.10819020065161447,0.09452373145003362,0.00152418880737354,0.00228975631060505,0.7,0.9,0.9,25,2.9492305985848573,6.186837758873384
30,18,0.15475892881312067,0.3694740194172889,0.3058649051672842,0.10173719837935158,0.09526211120767386,0.09291894429420856,0.00135128695894804,0.00176290329782367,0.7,0.9,0.9,26,2.801105938117522,6.366608837689692
30,19,0.1528349972175749,0.3702917096974003,0.31452000262864954,0.10629417320875052,0.08412831187667137,0.0911117880670002,0.00144874502959844,0.00217961781928588,0.7,0.9,0.9,27,2.788907020106427,6.151725833517471
30,20,0.14347102869300726,0.3329487912516362,0.27227478136568356,0.11011792121143917,0.1986585155598291,0.09745241471809953,0.0018754649386205201,0.0035315137183555096,0.7,0.9,0.9,29,2.477839073130535,4.40143372031091
30,21,0.13939661402656944,0.32476485114451853,0.27082033779267045,0.11636244244178708,0.10919906056185354,0.09745241471809953,0.0018754649386205201,0.0035315137183555096,0.7,0.9,0.9,31,2.4026654774484504,4.007372544474666
30,22,0.13446075461857226,0.3099464798832777,0.25437818176589866,0.11840097961079388,0.15540228205662493,0.09700848675778272,0.0017995825190576398,0.00345363097822136,0.7,0.9,0.9,32,2.1513557088829165,3.719111619818594
30,23,0.13328876823084318,0.3122219353271823,0.2646402743763164,0.12076610118413147,0.08153443159364328,0.09701862061236369,0.0015628746797521,0.0029429040543273,0.7,0.9,0.9,33,2.170716058016798,4.21063203590074
30,24,0.12643221170830599,0.2904115937506308,0.2404337884962364,0.12078326662313274,0.19349125706129416,0.09566593552240744,0.00170786819609656,0.00317690055027715,0.7,0.9,0.9,34,2.0780104451950825,3.806937700682777
30,25,0.1255900717338461,0.2933012807724927,0.2513604915430577,0.13745282011560414,0.07319671067565334,0.09490772977874508,0.0017226815129462903,0.0032006471550052604,0.7,0.9,0.9,37,2.1036791475297303,3.7183892137666814
30,26,0.12296423259480868,0.2908956996376575,0.2564396300174596,0.14831135617313174,0.10509844463451112,0.0945665125612572,0.00148487574814087,0.00269819204232664,0.7,0.9,0.9,38,2.040213774214964,4.115548495188151
30,27,0.11519588828643011,0.26739392563013553,0.22303231091315373,0.18963537941619915,0.07440407098817238,0.0890709702630905,0.0016030586663921698,0.00287582880430607,0.7,0.9,0.9,49,2.8806914712481686,6.420733236474486
30,28,0.12869128454123407,0.27590760926364455,0.2307805819150323,0.21077517009423824,0.12068091209435144,0.10057880310276639,0.00258691562095978,0.00992687121130523,0.7,0.9,0.9,50,2.823874696817438,6.4234116838231134
30,29,0.11042135937573415,0.2575932215501182,0.2199317179597549,0.19621065413431915,0.10114741069323742,0.08698676753023743,0.0016329959802910202,0.00296030793108625,0.7,0.9,0.9,51,2.62474017222411,5.5638624532419065
30,30,0.1300600687685478,0.27140404459986667,0.2253817504854215,0.22739797730272976,0.09460184240467641,0.10363780932075486,0.00278677249218039,0.01114716308446364,0.7,0.9,0.9,52,3.025237941927978,6.268088998725086
30,31,0.12315937920460797,0.26518569077121334,0.2267443052064807,0.23989919394106163,0.09463841647575388,0.0997542341904702,0.00259674894047472,0.0081708712673027,0.7,0.9,0.9,54,2.942313249960485,6.273771684167105
30,32,0.13533134343758704,0.29089297483654386,0.2769340418622346,0.2837433654535749,0.09211680845097799,0.11832809472657069,0.00183947805052453,0.0081045339312984,0.7,0.9,0.9,60,2.3833919116028173,4.925845003149199
30,33,0.13296812267051764,0.2828422048144785,0.26802760894561045,0.2889764929949081,0.13491196065461375,0.11782284755951491,0.00175291560657296,0.00805134431404104,0.7,0.9,0.9,61,2.573154821301654,5.231368120858072
30,34,0.10822705027415915,0.2452287406580386,0.21351673520352651,0.2443866094790895,0.09574905278134818,0.09100875262843004,0.00183630489695332,0.0026527021777688698,0.7,0.9,0.9,62,2.3385883054651613,5.228492451333668
30,35,0.16065342421644369,0.3078740528918986,0.3001514904868546,0.33305280913095764,0.12809657322418647,0.12737095508827395,0.00251615194541235,0.033204150094260546,0.7,0.9,0.9,66,2.572802497894675,4.943638164759491
30,36,0.10760369505848583,0.2559169071139226,0.25584875598262763,0.312599916928679,0.07818306241931204,0.09191292083108275,0.00214319260032675,0.00342549653290644,0.7,0.9,0.9,69,2.420837312659464,4.6185462950314
30,37,0.10495549648249687,0.24877538388075068,0.24804445722277352,0.31817800184751865,0.08496503132102601,0.0900601752710328,0.00215585672656445,0.00343547716251799,0.7,0.9,0.9,71,2.4974137878324725,4.666089160644503
30,38,0.10519476622469694,0.24346694124210577,0.2344224188942121,0.32686064155539,0.07097584700673483,0.09168759115727676,0.0020151223674348203,0.0028945089859938,0.7,0.9,0.9,74,2.631658744927181,5.17141633232468
30,39,0.10589110514778764,0.23941004572769461,0.22216863696855457,0.3318140459024139,0.07050346049328868,0.0925311021561615,0.00207431118333932,0.00300465771198417,0.7,0.9,0.9,75,2.6535746735942967,5.017677458732647
30,40,0.1061130048626016,0.24272224440334156,0.23343360200433638,0.33617104710074147,0.0813043938481713,0.09354257581256524,0.0020591264002840703,0.00298099547055966,0.7,0.9,0.9,76,2.619558304193327,4.960107715067391
30,41,0.11128525451347954,0.25400828969323924,0.2606161134881769,0.33688055787644283,0.09909989771249866,0.08927669186191438,0.00204707125969436,0.01307034120328566,0.7,0.9,0.9,77,2.4183162861999548,4.785932187459862
30,42,0.35088134036222446,0.4833945843790136,0.4810108847335828,0.580289796768763,0.33815374197036274,0.09003160720751538,0.00207474801588656,0.28047740408114313,0.7,0.9,0.9,79,2.4523959040946006,4.8789791743226685
30,43,0.10918194441954475,0.24268312676302425,0.24794986744625766,0.3510947586157449,0.08998529533020692,0.08998493904917061,0.00207180524071451,0.01309705562240448,0.7,0.9,0.9,81,2.449068641521188,4.882266890495719
30,44,0.1155428439743195,0.24690693652708032,0.25186462968646767,0.3657910951526787,0.0993773702116781,0.08874996527580259,0.0020604408922551597,0.0218004961518567,0.7,0.9,0.9,82,2.265792561670878,4.7738611833984805
30,45,0.11637179802778772,0.24542993346372283,0.2500551984289501,0.3791812375324247,0.09353960637233308,0.09076105795278108,0.0020901217893084,0.02183491385287667,0.7,0.9,0.9,84,2.355772371936273,4.808494836778957
30,46,1.1919704847860388,1.3151023317975348,1.3113626321478389,1.4589181590499427,1.1707526015424974,0.5990551886151537,0.0023110563807178497,0.821786789284689,0.7,0.9,0.9,85,2.360710290230361,5.054859328386227
30,47,1.0022253036340825,1.122083243355629,1.1178736926994612,1.28102115365994,0.9841358042116287,0.10040590074076308,0.00209170928297496,1.0,0.7,0.9,0.9,87,2.3717056206330045,4.951590951837024
30,48,0.12631184717405586,0.24950112128532673,0.25328380297971653,0.4183635219007845,0.1012233918372862,0.0888996222221382,0.00232444062442391,0.03585668884545658,0.7,0.9,0.9,89,2.552651408394136,4.945545850733573
30,49,0.2806856098293912,0.4077608893930189,0.419615672554938,0.5860507074487405,0.2537583796340795,0.0888539567104164,0.00234848307098517,0.2076057594713617,0.7,0.9,0.9,91,2.5420393216829527,4.903478531050176
30,50,1.0656226211381974,1.1794221233395763,1.1818666780491105,1.3706629828249,1.101358505096619,0.19496396432304383,0.0020891680374563503,1.0,0.7,0.9,0.9,92,2.8126279680669555,5.162348615921143
30,51,0.09910663475990258,0.21620980632171521,0.2341685915635216,0.4431534617391506,0.1158446836622564,0.09768163946424406,0.00284660662480834,0.00265037400258466,0.7,0.9,0.9,93,2.231238054401397,6.071898279275399
30,52,0.09840797806123583,0.21575182012537694,0.2412709506647647,0.4645452389623286,0.08412298112938818,0.09831569361710334,0.00273134483522767,0.0026873620193657,0.7,0.9,0.9,96,2.1575609190092013,5.989266339820266
30,53,0.09499137286679624,0.2005649270235905,0.21690552432299065,0.46927897708790556,0.12320500889358076,0.09497419515975009,0.00328529036586973,0.0028455094367901097,0.7,0.9,0.9,97,2.532399926009639,6.014331783998882
30,54,0.09426589338212359,0.20217804175298285,0.2263771809097971,0.45042489949908165,0.0878810183197593,0.09470699798196168,0.003289614880756,0.00283211777334408,0.7,0.9,0.9,98,2.527928094903481,5.868453854146704
30,55,0.09416615908850419,0.20163631134702814,0.22577385899252575,0.45474425547841646,0.07494724798311718,0.09480997369696773,0.00326203464547717,0.00278327705696717,0.7,0.9,0.9,99,2.5488224489053866,5.905558673724016
30,56,0.09314598206856578,0.19687465951792418,0.220491824533553,0.47564244279572404,0.08491690617742603,0.09457333647898472,0.0032272814133717798,0.0028287274085305103,0.7,0.9,0.9,101,2.4893485212727144,5.934421648326068
30,57,0.09283310427924515,0.18934883878379713,0.2119672139184037,0.5152292593846655,0.08569310260362921,0.09650134143426532,0.0032508665431489002,0.00276438153590806,0.7,0.9,0.9,105,2.7400561144557187,6.103861572417404
30,58,0.08780260648762434,0.18546318766059108,0.21577920539180367,0.6368916580117788,0.06956282050212295,0.09171425475113933,0.0021574244422875198,0.00283717165171531,0.7,0.9,0.9,133,3.1279101071822426,5.91662748568587
30,59,0.08714260985474649,0.17876565187345309,0.2082523847821253,0.6508376136028138,0.09046482978534008,0.09224348741079617,0.00233048289345231,0.00296485507320188,0.7,0.9,0.9,135,3.304722868509825,5.638579279911829
30,60,0.08842815007048498,0.1787354453469949,0.2080419617696508,0.65195855434142,0.08010426418028913,0.09425224713946628,0.0023620757690561702,0.00310997577364483,0.7,0.9,0.9,136,3.253196246174737,5.498281868153917
30,61,0.08668451352475706,0.17425453175335356,0.20318665205345637,0.6587961129697931,0.08880020297621,0.09272086855693552,0.0023376130422334803,0.0030272255739744298,0.7,0.9,0.9,137,3.337185185666548,5.626467999449263
30,62,0.08616684103675516,0.17253833233735386,0.2013067219352733,0.6670653995420703,0.07365255997044136,0.09270434146045532,0.00220098325646956,0.00288018987037448,0.7,0.9,0.9,139,3.010866667010199,5.402405436120503
30,63,0.08620004855761802,0.17605198528947297,0.2128416854599069,0.6824371352379286,0.07362364947581145,0.09304741006256262,0.002188225256361,0.00292101969569979,0.7,0.9,0.9,141,3.084151082946808,5.437390921528154
30,64,0.08578917566343912,0.1676233459437628,0.1957735455270739,0.6905858599475596,0.08187489705520112,0.09296645135456284,0.0021418938566498498,0.0033531856383089303,0.7,0.9,0.9,143,3.084966113777859,5.483551795528072
30,65,0.08309772672855847,0.15825097797756574,0.17794139637350276,0.6854993583721797,0.08302038880575294,0.09057480690044192,0.0022374991377337302,0.00262343747617632,0.7,0.9,0.9,144,2.63040155741876,4.799388542307356
30,66,0.08297658941373971,0.15311358306880776,0.1796788767576155,0.704205705206622,0.09138673853742531,0.09265550861839597,0.00236484345030823,0.0028331315205693897,0.7,0.9,0.9,147,2.9695639297151164,5.480149932403408
30,67,0.07946675652956586,0.14868146688427275,0.18267724513049688,0.7403889649130353,0.08603506111383703,0.08944725143099111,0.00233097335290847,0.00263911922158243,0.7,0.9,0.9,149,3.258897452851908,5.8269955295954645
30,68,0.07984872490976545,0.15322307467419644,0.19533382321068274,0.7702417441413595,0.06905812449400937,0.08992332429643143,0.00224638662016238,0.00287041412014337,0.7,0.9,0.9,151,3.2597296591190488,5.690953993789264
30,69,0.07965935772908328,0.14795473056563013,0.18182697072287424,0.7542023374178499,0.07073619881067383,0.08990125301087737,0.00233756124166124,0.00268670917073545,0.7,0.9,0.9,152,3.160856957922713,5.989680883414451
30,70,0.07850498429429685,0.14495143740340985,0.1785754321438797,0.7460521199441487,0.07086462893007463,0.08905499191371018,0.00224571943468821,0.00254069670720537,0.7,0.9,0.9,155,3.000842309953988,5.303700635756115
30,71,0.07776961209370789,0.132286357830422,0.15675497622630705,0.7480409167865756,0.09227425819804617,0.08937795584057937,0.00253467127759424,0.0026870775970442,0.7,0.9,0.9,157,3.406739355562045,6.779537011615568
30,72,0.07749068813598217,0.12777544405244226,0.15924201341280378,0.7492128670086452,0.1285148172956638,0.09104680456773684,0.00264369325179728,0.00272219786415849,0.7,0.9,0.9,158,3.467207347764942,6.232707468883943
30,73,0.07637075450768951,0.12049921079675235,0.14358498292083088,0.7629356267266135,0.07122603531795385,0.09002253067994476,0.00252504988659003,0.00269546607328373,0.7,0.9,0.9,161,3.323647119719622,6.611738950568361
30,74,0.07593400076425434,0.15447507477735614,0.2426374491783029,0.730844654804624,0.08379566812120176,0.09004013607632654,0.00248671738847411,0.00269388750940813,0.7,0.9,0.9,162,3.29715055451024,6.561546904893202
30,75,0.07624209010658595,0.1317156103733785,0.17899839116489885,0.8437474900015977,0.06807024715507351,0.0908063904387795,0.0024103509091329,0.0025300730531927903,0.7,0.9,0.9,170,3.390916792438215,6.407374616415735
30,76,0.07680217324422299,0.12529260832349215,0.1640857180001085,0.8364215177497478,0.0850676698121047,0.09210797076105588,0.00246025841698054,0.00254480689951701,0.7,0.9,0.9,171,3.4982190110884788,6.5725927232353705
30,77,0.07562796100426367,0.13003777529971178,0.18474555529907224,0.8680262910529415,0.0904592419274504,0.0910536594707025,0.00246151171460314,0.0026772830646761498,0.7,0.9,0.9,172,3.301610449625672,6.114029836699038
30,78,0.07508646210286182,0.1179387794330446,0.1559871660712629,0.8429041655275455,0.08408171592944937,0.09081183326966984,0.0024978041699216602,0.00266709630377651,0.7,0.9,0.9,173,3.156325636715493,6.438613911436457
30,79,0.07502040765746315,0.11775357232621446,0.15578618496892177,0.8473662009799698,0.06897126314762407,0.09074147867182988,0.0024964832921188203,0.00267183045262181,0.7,0.9,0.9,174,3.179632066295875,6.441580052714361
30,80,0.07535292362612522,0.11142474130552858,0.14858070088087832,0.846620715408958,0.09194503408588486,0.09273250183572315,0.00250107722143438,0.00270710154250814,0.7,0.9,0.9,176,3.3476049263480925,6.427222911820428
